100
 0 0 31 0 20 0 59 5 0 36 26 77 73 0 75 75 0 20 19 0 23 19 0 74 0 0 0 49 40 0 28 0 38 6 0 0 2 0 0 29 51 30 0 0 0 0 0 0 0 0 0 21 0 3 0 0 0 0 0 0 0 0 26 0 0 0 0 0 11 0 21 0 0 22 20 5 78 0 95 36 0 0 27 74 0 9 0 23 5 66 0 0 0 0 76 37 13 0 0 0
 23 0 23 42 56 52 9 0 21 0 1 0 66 24 64 10 0 71 12 67 56 7 0 0 0 66 0 0 51 14 0 79 44 8 55 61 21 49 20 0 87 33 15 0 0 0 36 11 0 0 70 0 4 58 34 0 0 0 0 53 37 38 29 0 87 6 27 18 0 29 96 69 70 0 87 0 79 4 0 72 49 58 42 17 22 0 0 29 0 57 0 0 0 0 0 64 60 60 33 0
 0 0 0 5 48 0 0 0 0 24 0 35 0 0 20 0 0 13 0 0 0 0 0 38 0 0 0 21 0 0 0 0 0 0 0 0 39 39 0 0 0 7 32 0 0 0 0 0 0 0 36 39 37 20 23 0 0 0 6 0 3 0 29 0 9 0 16 0 0 0 0 0 25 0 39 0 0 0 0 6 0 0 0 0 8 28 0 0 12 0 0 70 0 0 0 0 0 0 9 2
 26 0 0 0 0 0 0 0 24 0 0 0 0 4 0 66 0 1 0 40 0 0 37 69 48 6 88 31 14 20 0 0 53 0 11 0 0 26 7 0 0 35 27 17 55 0 23 73 0 0 34 0 0 0 10 0 0 31 3 0 0 74 13 0 0 58 37 12 61 0 19 0 44 16 90 0 0 41 0 13 27 95 29 41 81 0 0 55 31 41 4 26 27 0 77 5 0 56 68 0
 0 0 0 19 0 0 0 0 31 3 0 79 0 0 9 0 0 61 10 0 0 0 0 58 13 35 0 0 0 6 13 0 0 0 6 0 34 21 0 0 0 0 0 29 0 0 0 0 0 0 0 29 23 0 0 8 0 0 0 0 0 17 61 0 0 0 9 0 0 11 0 0 0 0 0 1 19 0 0 0 0 23 0 0 0 14 0 38 0 0 0 74 23 0 0 24 0 0 0 13
 37 0 10 28 67 0 18 29 0 0 12 21 78 0 70 2 0 12 0 0 0 0 0 26 52 0 0 0 36 7 0 90 10 0 0 17 0 0 0 7 48 0 0 0 0 27 0 0 0 0 0 23 9 82 25 5 0 0 0 45 15 0 1 0 37 0 0 48 80 55 0 0 0 0 0 0 33 35 0 67 2 0 0 0 15 0 0 0 0 31 0 57 0 0 1 0 68 64 3 0
 0 0 64 34 0 0 0 20 0 17 15 0 17 65 3 50 0 7 15 39 0 12 7 53 0 0 0 0 18 0 31 54 0 2 0 0 0 0 0 0 0 0 0 0 0 0 0 41 0 2 0 0 22 0 7 0 0 17 12 0 0 0 3 0 0 31 0 0 10 0 0 0 0 0 0 0 44 0 0 65 0 15 0 7 0 45 0 38 0 79 1 0 26 0 4 0 0 0 0 0
 0 15 16 6 48 0 0 0 0 0 4 0 26 0 42 0 0 0 24 45 0 0 27 5 0 0 0 85 0 0 0 16 0 0 3 27 17 38 0 0 0 0 58 5 0 0 24 33 0 0 0 0 0 22 0 28 0 0 0 85 0 0 97 0 0 0 0 15 0 11 85 21 0 0 27 32 41 0 83 0 21 0 0 26 38 2 0 32 0 80 17 4 16 0 55 0 0 74 0 0
 55 0 34 0 0 69 70 39 0 0 0 0 61 9 62 49 0 0 26 0 26 0 0 89 22 0 0 12 16 10 0 72 0 0 0 0 0 0 39 0 11 0 92 36 4 0 0 19 0 0 55 40 0 39 0 0 0 0 0 2 53 28 33 0 8 42 62 54 55 0 0 0 0 28 0 0 0 10 0 41 50 95 74 59 0 32 0 0 0 0 19 6 8 0 0 0 74 39 68 25
 0 75 0 11 0 35 0 46 46 0 52 17 22 53 47 23 62 0 0 84 0 0 33 87 0 0 84 0 53 62 0 0 66 0 0 32 68 54 36 54 0 0 3 14 43 9 85 76 0 0 40 74 0 22 0 0 0 35 12 62 47 62 33 57 31 9 31 52 0 0 67 70 0 0 75 74 20 38 63 8 0 49 35 0 6 21 0 37 0 17 69 43 80 7 19 54 51 6 54 0
 0 0 1 7 21 0 0 0 36 0 0 0 19 83 46 0 0 29 3 25 0 0 0 14 0 0 0 16 12 19 0 34 27 11 17 0 71 0 0 0 58 13 0 0 0 0 0 31 0 33 0 0 0 0 2 0 9 0 0 84 14 0 36 29 0 25 0 0 51 0 20 38 0 16 36 0 0 0 67 79 20 0 0 91 0 0 0 32 31 0 0 14 0 0 34 0 0 0 0 2
 0 35 0 26 0 0 4 0 8 0 23 0 0 0 0 0 0 30 0 0 11 0 0 0 5 0 0 24 0 0 0 9 0 0 0 0 0 0 0 0 90 7 0 0 30 0 18 0 0 0 0 7 15 0 0 0 7 0 0 0 0 0 0 0 1 0 0 33 0 0 24 0 0 6 33 0 0 3 0 13 0 0 0 0 0 0 0 34 0 0 0 0 0 0 8 0 20 37 0 17
 0 0 41 7 80 0 0 0 0 0 0 61 0 43 55 95 0 0 17 0 19 0 17 0 24 0 0 0 0 0 39 33 0 20 0 0 36 0 0 0 0 0 0 16 0 0 0 17 14 0 3 0 0 17 0 0 27 20 0 0 0 0 0 27 0 0 0 0 10 39 0 18 0 0 0 0 0 24 9 80 0 0 26 0 0 2 0 24 0 0 27 0 4 0 0 0 0 13 7 0
 21 0 43 0 60 0 0 15 0 0 0 57 0 0 14 0 0 85 0 0 0 1 0 24 20 0 0 0 28 0 0 2 24 0 0 0 0 36 0 0 84 33 15 0 13 28 0 0 0 0 0 5 5 67 0 21 4 17 0 16 4 0 0 0 0 0 0 0 67 12 0 17 0 0 0 0 28 0 55 62 0 0 4 0 0 0 0 38 0 19 0 8 0 9 0 0 32 0 3 0
 0 0 0 16 0 0 0 0 0 0 0 77 0 0 0 0 0 46 16 0 0 32 0 0 0 0 20 3 0 20 0 0 0 0 0 0 47 8 0 0 0 0 0 1 0 26 0 84 0 16 0 1 0 75 0 0 0 3 0 4 0 0 14 25 0 0 21 0 13 0 39 0 0 5 35 0 17 17 21 68 0 0 0 0 0 82 0 0 35 0 1 1 0 0 0 0 18 22 1 0
 0 0 60 0 42 0 0 0 0 0 38 0 0 9 18 0 0 52 0 32 30 3 0 0 0 0 0 0 0 7 0 0 0 0 0 0 41 0 0 35 0 0 0 8 0 0 0 0 2 0 0 0 0 0 39 35 0 0 15 0 0 0 0 0 10 0 35 3 26 0 4 0 0 29 0 0 0 17 0 0 6 0 0 24 0 1 0 0 0 12 0 0 33 0 0 0 0 0 0 0
 48 65 63 76 39 59 5 51 21 0 21 35 24 68 60 12 0 0 3 51 8 0 0 0 10 0 70 0 25 0 35 14 0 0 0 15 0 0 91 0 0 37 48 0 63 0 11 0 3 0 26 31 0 35 0 0 0 30 77 0 81 65 0 0 5 17 43 66 97 63 0 59 94 0 31 8 0 66 0 0 32 0 47 55 99 54 25 25 4 65 68 63 0 34 36 58 0 14 40 0
 0 0 0 0 0 0 0 20 35 36 0 0 19 0 0 0 12 0 0 3 23 0 0 0 0 0 0 0 0 0 2 0 4 0 0 28 0 0 18 0 0 0 0 10 8 0 0 0 5 0 36 13 0 3 0 0 0 0 0 9 0 0 33 0 15 0 0 0 30 0 0 36 0 19 0 14 0 0 0 0 0 0 15 0 0 0 0 0 0 0 1 0 0 0 7 0 0 0 0 0
 0 0 10 39 0 27 0 0 0 11 0 52 0 0 0 39 0 95 0 6 33 0 0 16 0 0 0 0 0 0 0 0 0 0 0 0 0 0 0 0 4 0 0 0 0 0 0 41 30 36 0 0 38 41 0 26 0 0 11 11 0 0 16 0 0 0 0 0 5 0 0 0 0 11 4 36 0 0 12 22 0 0 0 0 0 0 0 49 0 0 0 31 25 22 0 23 0 0 29 0
 31 0 4 0 30 36 0 0 22 0 0 65 59 35 69 0 0 0 0 0 0 0 0 0 0 0 4 0 0 7 2 19 0 0 0 0 3 26 0 0 63 27 0 0 0 0 4 37 0 4 37 0 0 89 0 11 29 0 37 0 3 11 0 0 0 0 0 0 33 38 20 27 0 2 0 0 0 0 22 61 0 0 0 5 7 0 13 65 30 7 0 4 0 19 49 0 0 0 0 0
 0 0 53 33 46 30 65 83 0 27 49 0 0 0 0 0 0 0 0 6 0 0 0 74 0 95 0 0 0 57 0 35 0 21 5 45 39 0 0 0 87 0 22 0 4 0 0 25 0 5 0 50 7 0 0 0 0 21 0 0 0 0 0 0 0 0 0 0 82 0 50 0 15 0 0 0 55 0 28 26 0 6 0 0 13 0 20 44 0 0 0 1 23 0 0 0 0 0 0 0
 0 0 20 82 57 26 0 12 47 27 14 5 73 0 0 0 16 50 37 81 31 0 0 0 0 0 0 80 0 81 0 7 0 0 52 59 82 61 0 32 7 0 0 0 22 0 23 66 12 2 29 32 0 19 15 0 0 0 52 77 74 39 0 43 0 0 49 0 16 42 14 0 0 29 54 42 62 0 66 0 0 59 0 9 55 0 23 0 0 5 72 76 31 67 1 40 87 0 0 0
 0 33 69 0 60 19 0 0 19 0 24 0 0 43 1 47 67 54 58 25 17 83 0 0 59 0 66 1 51 0 20 28 0 0 20 74 0 58 59 36 0 0 61 36 61 0 77 61 0 61 64 0 31 4 14 0 4 0 7 61 0 48 14 0 19 24 23 0 38 35 23 49 0 0 31 86 37 83 25 0 48 58 29 0 5 37 5 0 0 49 0 7 23 41 67 98 58 39 3 0
 0 30 0 0 0 0 0 0 0 0 0 13 34 0 5 34 0 40 0 2 0 16 14 0 9 21 0 0 0 0 0 0 0 0 0 0 26 12 0 0 45 0 0 5 31 36 20 33 0 0 0 0 0 0 11 5 0 0 0 0 20 0 5 32 5 0 22 0 0 0 0 0 23 0 0 0 20 37 0 14 0 36 0 0 34 0 27 22 0 13 0 0 0 0 0 3 25 20 0 22
 46 3 40 0 0 0 5 32 0 26 10 0 0 0 0 44 0 37 24 27 16 12 0 0 0 0 0 54 0 0 14 73 16 0 0 0 78 0 0 0 7 0 24 24 0 0 0 0 0 5 3 0 0 88 12 0 32 0 0 37 0 0 0 0 0 31 0 56 4 1 3 0 32 0 30 21 21 0 39 23 21 0 0 0 0 0 38 98 0 0 0 47 0 0 0 0 0 0 0 0
 27 0 69 0 0 61 71 41 7 17 3 60 32 88 14 0 9 59 54 35 0 31 29 0 93 0 0 0 46 16 25 0 0 9 0 82 0 53 0 12 21 0 0 12 18 0 0 22 13 11 74 29 15 46 0 0 0 28 9 25 18 0 0 0 29 0 0 86 0 0 54 18 0 27 2 0 0 13 0 77 0 0 30 58 20 0 0 0 0 0 33 51 8 0 1 0 0 0 14 0
 52 5 63 0 55 61 48 17 3 0 8 88 45 27 0 19 0 51 10 0 90 25 0 80 69 82 0 11 29 9 0 59 0 0 0 30 28 0 48 0 48 0 0 0 18 20 0 60 11 0 82 50 15 21 38 0 0 0 0 0 0 0 0 7 0 0 0 70 27 0 25 0 0 0 0 0 76 61 38 32 45 47 51 58 0 0 0 96 0 10 0 0 0 0 57 0 52 50 8 0
 0 25 0 0 24 31 6 0 0 29 0 0 20 82 0 22 14 32 48 5 36 0 0 38 0 0 0 0 0 18 0 0 8 0 0 0 0 0 0 0 0 0 11 0 0 0 24 54 0 0 37 0 0 0 0 0 6 0 0 63 0 0 12 0 23 0 0 0 0 30 0 19 29 0 0 0 75 23 71 68 0 0 0 4 20 0 0 28 0 53 0 28 11 0 44 36 2 21 0 0
 0 0 0 0 16 0 0 9 0 0 0 79 67 0 67 0 0 22 11 0 38 5 0 6 23 0 0 9 0 0 1 72 5 0 0 0 27 0 0 21 0 0 0 0 0 0 0 57 0 0 15 0 0 0 0 0 0 0 0 5 0 0 21 0 0 23 30 0 61 0 24 0 12 0 0 0 78 0 31 0 0 0 0 57 31 77 0 0 0 23 23 63 34 0 0 0 18 34 28 1
 29 0 91 0 0 0 10 0 0 0 0 79 3 10 0 0 26 55 63 0 0 0 16 56 19 0 0 0 66 0 0 24 0 39 0 0 40 0 0 0 0 0 67 0 0 0 11 0 11 0 0 0 25 74 1 0 0 14 0 11 28 25 76 0 0 9 0 29 0 74 0 0 0 0 22 0 0 15 6 0 0 0 0 57 0 0 0 0 0 29 0 60 0 0 0 10 36 38 0 0
 0 16 41 38 0 9 0 0 33 7 21 62 0 37 27 27 0 0 0 0 99 73 0 53 0 0 70 60 0 76 0 17 0 27 66 0 6 63 53 16 64 30 0 5 56 14 56 47 0 14 0 0 0 16 0 0 78 7 25 41 55 16 73 65 0 0 33 11 0 39 10 37 0 0 0 53 0 96 0 50 6 5 0 0 9 79 0 0 11 47 69 44 39 68 17 43 35 41 88 2
 16 0 22 17 83 0 0 0 0 5 0 0 0 0 6 36 0 52 35 0 0 0 0 16 0 21 0 28 0 0 0 0 0 5 0 0 33 0 0 0 85 0 0 0 0 0 0 98 0 0 0 0 0 34 0 0 0 0 0 0 0 22 0 0 5 0 0 4 0 0 0 0 0 0 0 0 0 0 0 35 0 16 16 56 0 0 12 0 0 0 0 0 0 0 0 0 0 17 0 0
 0 0 12 0 56 0 9 64 72 0 0 42 63 0 75 38 20 0 27 32 28 28 0 12 0 92 77 0 0 86 19 21 0 0 0 21 20 79 30 33 72 0 61 1 0 0 0 7 33 0 64 0 15 23 0 0 26 0 0 84 10 10 42 73 0 39 62 2 0 8 0 9 6 0 0 0 52 0 22 0 0 65 48 10 66 96 0 0 31 70 93 22 80 0 0 14 74 6 0 0
 0 0 69 64 56 1 0 0 7 51 0 25 0 87 26 0 83 92 37 34 0 41 72 33 42 0 0 55 18 0 0 0 33 0 57 54 41 0 0 87 0 0 0 0 0 9 2 86 82 29 92 0 67 36 0 19 33 0 22 0 11 48 0 38 31 0 16 16 0 9 22 0 28 0 16 34 61 0 0 0 35 47 0 0 39 68 0 0 63 92 90 30 0 54 62 0 56 42 30 15
 67 0 15 0 0 0 41 0 0 35 0 8 24 57 40 0 0 90 61 97 0 0 0 0 67 3 50 47 21 51 0 73 0 0 0 47 0 58 0 0 0 0 90 4 72 0 40 58 71 0 42 21 0 0 0 0 0 0 7 69 16 40 0 65 0 0 0 23 60 0 0 0 15 0 0 19 32 0 0 68 32 0 96 0 48 0 0 0 0 9 0 46 0 17 0 19 5 0 19 0
 43 0 57 23 0 0 0 0 10 0 42 24 2 58 60 57 0 0 30 57 0 0 0 54 26 0 0 44 2 50 28 24 0 0 0 0 41 55 72 0 1 0 4 0 1 0 0 21 0 0 66 22 0 0 0 0 0 0 0 19 0 0 12 0 0 87 38 46 0 84 0 10 26 0 30 0 36 37 1 73 61 0 0 55 3 23 0 41 0 24 0 72 0 0 46 32 63 25 84 0
 0 0 0 6 0 7 0 0 3 0 0 23 0 20 0 0 39 0 24 0 0 0 26 0 0 0 0 12 0 0 0 0 0 0 0 0 0 10 0 8 69 0 0 0 0 0 0 0 0 0 17 0 0 0 12 0 0 0 0 0 0 0 6 12 13 0 0 2 0 0 6 12 0 0 0 35 4 0 11 0 0 0 0 0 4 21 0 0 0 0 0 0 0 0 0 16 0 0 29 0
 16 0 0 0 0 10 53 0 1 0 35 19 54 0 0 91 28 40 1 0 6 0 0 0 0 0 12 71 15 57 0 0 0 0 0 0 0 0 0 0 5 0 23 5 29 0 0 74 0 28 0 22 0 64 0 0 28 34 0 3 47 0 68 0 0 0 0 30 60 0 38 0 5 0 0 0 25 0 15 0 46 0 0 41 15 45 0 60 0 45 8 7 0 0 4 0 1 54 15 0
 67 0 11 0 22 70 48 37 0 0 39 76 34 65 9 36 0 0 36 15 10 0 0 11 30 29 0 93 76 27 0 86 0 14 16 0 53 18 0 0 0 0 91 0 0 0 0 0 0 0 40 0 0 9 0 11 34 0 0 6 21 0 95 0 0 84 0 47 29 83 5 0 0 0 0 0 41 0 78 0 0 0 0 0 0 5 0 70 36 64 34 65 6 12 57 0 0 96 24 0
 0 11 94 0 43 0 3 29 73 0 40 72 15 37 42 0 25 59 26 65 23 0 0 14 99 0 47 53 0 54 0 32 0 0 25 94 0 87 46 0 0 43 22 0 0 0 18 0 0 0 9 0 0 45 11 0 0 0 19 9 60 25 51 29 9 83 46 22 9 0 97 81 0 0 0 14 0 0 51 0 24 0 23 68 0 0 0 0 0 65 0 13 44 0 0 0 41 0 20 19
 0 0 3 24 5 0 37 28 0 9 0 0 6 0 32 1 24 21 0 0 0 0 8 0 0 0 0 12 0 27 0 0 0 23 8 0 0 0 17 30 0 25 20 0 37 9 8 0 4 0 0 24 0 0 10 6 0 0 0 0 0 13 3 0 0 35 35 29 31 0 0 37 10 0 0 0 20 3 0 25 0 0 0 2 0 0 6 11 6 0 0 0 23 0 0 0 10 0 0 0
 0 0 0 0 0 53 70 30 93 20 0 0 37 0 75 99 0 0 11 0 45 21 4 70 38 30 83 0 55 42 0 5 26 0 13 82 48 36 89 0 0 0 55 5 0 0 0 94 22 7 61 0 4 56 0 0 0 0 1 30 27 36 55 58 17 0 16 0 0 40 25 0 29 0 0 0 43 89 29 1 81 0 16 0 1 51 21 41 0 41 96 47 0 0 10 0 66 64 33 0
 20 0 0 0 28 3 0 0 0 0 85 99 26 0 62 12 0 48 39 6 0 0 0 0 0 30 0 0 93 0 7 51 0 15 0 0 87 0 0 0 0 0 0 0 0 19 0 58 0 29 0 19 0 24 24 0 0 32 0 29 0 26 78 1 28 11 0 35 85 0 0 0 0 0 0 20 32 4 2 43 0 0 0 80 0 85 6 0 0 17 6 0 0 0 88 0 0 0 0 0
 62 30 59 0 0 35 9 0 0 0 67 49 0 15 0 0 89 0 43 84 62 95 0 0 0 0 0 0 8 40 0 60 0 13 0 24 28 0 43 20 73 0 6 0 33 7 75 52 0 13 57 0 62 0 16 1 51 0 13 86 2 0 11 0 81 0 0 86 48 56 53 78 51 25 0 42 95 0 0 0 0 57 89 25 52 11 5 21 3 20 0 22 71 17 0 0 76 0 79 0
 0 14 0 0 15 57 64 90 0 0 36 0 7 0 51 58 0 0 33 82 0 0 0 0 89 0 0 40 77 18 0 19 60 0 0 0 77 0 82 14 0 26 98 0 0 0 92 0 0 0 0 0 23 0 0 0 0 15 0 0 29 0 91 66 10 0 36 21 83 38 26 0 0 13 0 0 49 62 55 0 22 27 61 39 0 42 9 70 0 15 0 0 51 0 0 0 0 42 0 0
 34 0 0 22 17 0 12 7 80 0 16 20 62 0 0 55 54 42 64 50 54 84 36 0 93 84 0 42 64 12 0 67 43 0 65 19 97 0 9 62 0 48 0 0 37 0 30 0 55 25 33 26 1 72 0 30 39 0 74 0 0 0 0 54 0 0 38 58 4 75 29 7 0 22 0 0 2 0 20 36 72 68 58 11 83 22 0 9 0 99 33 56 9 0 69 0 95 0 0 0
 60 0 72 0 20 17 13 0 0 0 45 0 50 74 0 51 0 71 99 0 18 0 0 0 0 71 42 0 17 0 0 15 11 0 0 32 6 90 63 0 0 17 9 0 0 0 0 11 0 20 69 0 4 13 8 16 26 0 79 14 63 11 4 0 0 85 62 0 41 6 16 0 48 0 11 0 92 60 0 0 0 81 50 71 0 0 21 0 20 0 69 41 45 13 0 0 42 27 78 0
 0 0 1 0 28 17 0 0 0 0 0 0 0 88 0 71 29 16 0 0 0 0 0 0 2 0 0 0 0 7 0 0 0 0 0 0 83 0 32 8 73 0 0 0 11 6 0 0 0 23 0 0 25 32 0 0 0 0 0 0 21 5 50 0 1 0 0 0 78 18 34 0 2 0 0 0 17 5 59 0 0 25 0 11 0 0 0 0 0 0 0 40 0 0 26 0 0 37 0 1
 21 25 32 34 88 3 34 9 2 2 27 6 0 56 14 0 0 0 0 43 16 0 11 18 54 0 0 50 20 0 9 73 0 0 0 80 1 42 13 34 0 0 53 36 97 0 80 44 0 0 0 23 0 42 0 37 0 9 65 0 0 50 0 58 0 0 0 3 0 0 0 39 0 0 21 29 0 95 0 83 0 55 44 75 65 0 0 0 0 17 80 42 37 0 39 4 64 86 74 0
 38 33 93 31 37 87 0 25 9 44 0 28 28 19 0 33 71 80 0 0 0 0 0 6 0 0 49 18 31 8 0 58 48 0 48 32 38 0 29 47 62 0 0 0 0 0 0 0 87 0 30 85 0 11 0 21 13 0 64 22 0 0 0 63 31 0 0 84 0 46 76 95 43 0 25 36 0 48 18 0 0 21 0 47 95 24 64 38 0 0 0 0 48 6 0 50 42 23 0 0
 90 0 0 0 70 35 93 39 0 0 9 41 0 0 25 5 0 0 0 0 3 0 0 46 0 0 0 0 0 3 23 38 0 0 0 0 0 40 0 0 0 0 56 0 0 0 0 20 2 0 0 0 0 81 29 13 0 0 7 0 23 4 41 0 4 0 16 51 62 4 74 0 0 0 0 14 11 0 70 26 60 0 28 19 16 20 0 0 0 58 35 7 0 7 30 26 0 0 6 0
 0 6 0 0 0 0 34 8 0 0 1 0 45 0 0 39 0 0 33 9 0 0 10 95 23 0 0 0 46 31 2 91 37 32 0 0 26 0 60 22 0 28 0 0 13 0 4 59 0 0 84 0 0 12 0 0 0 0 13 5 0 14 23 0 0 28 0 0 38 0 55 0 0 19 0 1 0 25 11 0 39 18 0 51 0 0 9 74 28 19 0 0 0 16 0 1 44 41 53 0
 0 0 0 32 0 0 0 73 0 6 60 0 48 0 17 80 43 38 0 17 0 59 0 13 36 0 0 45 35 0 42 83 0 0 61 65 26 25 0 63 65 0 23 0 0 0 0 0 5 10 68 4 0 27 0 0 82 0 0 0 0 83 0 46 57 0 8 12 62 79 0 57 17 0 18 20 0 0 47 24 19 50 19 35 83 68 0 29 0 37 82 0 0 0 42 26 0 0 0 0
 0 0 0 24 71 0 11 0 0 0 0 0 0 0 0 33 0 0 0 0 16 0 0 23 0 0 0 6 23 0 0 0 0 0 2 0 7 0 0 0 22 0 0 3 30 0 0 0 0 0 0 0 0 0 24 4 11 0 10 0 0 0 22 0 0 0 0 12 67 0 20 0 34 35 0 2 38 13 0 23 4 0 0 84 0 89 0 15 0 0 3 0 0 0 0 23 4 0 35 5
 13 0 0 0 47 0 0 39 0 0 0 36 35 41 3 0 20 34 39 25 32 0 0 0 0 18 0 30 75 0 18 3 90 2 80 54 0 12 30 0 0 54 0 0 9 25 0 49 58 58 0 30 0 0 0 38 55 0 86 16 87 12 83 4 3 0 0 0 0 9 73 0 49 37 61 19 73 22 9 0 0 0 0 0 27 21 31 31 0 49 0 99 70 0 7 0 80 68 87 4
 51 92 6 36 0 0 88 0 74 56 84 16 26 0 19 0 71 83 0 0 86 0 16 0 1 2 36 31 56 57 11 51 3 0 34 26 77 59 0 21 0 55 81 0 27 0 0 56 0 0 0 0 40 0 0 0 0 0 67 0 2 54 76 0 0 0 12 36 34 53 58 56 46 0 33 24 3 8 0 78 28 0 79 0 10 6 18 19 0 49 7 81 62 32 14 51 6 83 20 20
 10 3 1 70 61 23 16 54 67 24 0 0 0 0 71 23 85 13 16 0 44 0 0 18 0 51 60 0 52 76 0 32 0 0 85 59 6 0 0 83 38 43 10 0 97 0 0 0 95 0 64 28 0 0 0 26 0 0 0 0 49 57 68 73 39 0 0 43 25 27 0 0 36 0 0 31 37 24 12 64 93 0 77 34 33 54 61 0 0 66 0 63 59 0 0 0 87 0 0 0
 49 36 17 0 20 38 0 58 37 0 41 0 0 0 0 11 0 75 24 14 0 91 66 24 80 0 58 67 80 0 0 1 12 57 70 0 73 0 39 45 33 16 0 25 0 4 52 7 0 76 0 85 32 90 69 3 57 0 0 65 0 11 63 66 83 0 0 10 0 0 0 0 1 30 21 0 30 0 42 81 50 68 49 11 47 54 48 5 0 0 99 23 13 0 8 78 50 41 0 80
 39 0 0 0 3 65 0 69 17 0 14 0 22 65 42 0 0 92 0 0 56 0 0 5 47 0 59 50 0 51 0 0 65 0 0 66 6 58 32 0 58 0 86 0 3 0 0 30 0 0 0 0 32 0 0 0 0 9 0 3 85 0 9 13 32 23 0 0 48 0 68 4 42 0 0 0 0 0 0 32 58 0 3 0 72 13 0 35 6 71 38 25 89 0 49 0 44 33 75 0
 4 0 52 0 8 0 18 0 0 0 0 32 58 0 0 80 20 0 0 12 32 0 0 21 0 0 18 0 0 0 0 14 0 35 0 0 9 0 0 0 7 0 0 0 0 38 0 32 1 0 0 0 0 0 0 0 28 0 0 0 0 0 0 0 0 0 0 0 43 8 0 14 27 0 0 0 0 0 60 0 0 0 0 25 0 40 0 0 15 0 21 13 37 0 0 0 12 0 21 0
 0 0 0 12 14 0 83 9 0 0 0 96 5 0 66 83 0 80 27 0 8 0 4 0 62 0 23 0 14 0 0 20 0 0 0 11 75 0 0 0 71 0 10 0 0 14 0 0 2 0 0 14 0 51 0 0 0 15 0 39 0 0 36 0 0 0 0 0 0 3 0 0 0 0 0 0 49 0 96 46 0 0 2 43 35 0 0 48 0 19 10 0 7 0 24 0 56 0 0 0
 10 0 0 0 0 40 9 64 0 0 78 35 0 69 55 18 0 71 34 0 50 0 0 53 30 48 68 64 15 0 0 0 0 0 0 85 31 37 47 0 0 0 0 9 26 30 0 0 0 4 0 0 0 0 0 0 0 0 46 50 3 0 0 0 0 9 43 56 5 0 9 0 0 0 0 1 29 40 6 0 27 0 0 23 59 5 1 51 0 90 56 13 0 0 0 0 40 0 22 0
 0 0 0 0 0 0 0 0 0 0 0 0 22 16 0 3 0 0 0 17 16 26 0 0 21 23 0 0 0 0 0 12 0 27 36 0 0 0 0 0 0 0 0 0 0 20 0 0 9 19 0 0 5 0 0 0 0 0 0 35 0 7 0 0 0 0 35 0 46 0 0 27 30 24 0 0 0 17 0 40 0 0 0 0 0 25 0 0 0 0 0 29 0 0 0 0 21 30 0 0
 61 28 58 33 93 0 72 21 0 0 0 16 0 0 0 91 38 55 47 5 2 0 4 0 77 43 0 14 92 19 0 87 0 0 0 10 0 43 74 0 46 0 0 26 0 0 8 89 0 0 66 75 0 64 0 21 0 0 0 19 1 4 37 0 0 0 13 79 45 0 0 0 14 0 0 0 0 51 22 24 0 0 0 68 0 48 0 51 0 0 0 0 0 0 6 26 0 53 0 0
 51 0 0 5 59 0 85 35 0 0 39 0 13 28 89 0 0 0 48 75 65 11 0 0 87 0 78 0 60 54 4 0 27 0 34 59 0 55 90 0 0 0 0 0 0 15 64 0 0 0 0 30 0 17 0 1 0 0 0 0 36 44 37 6 0 0 80 84 45 29 24 69 42 29 0 0 0 0 0 48 0 61 63 52 13 6 0 7 0 18 37 53 78 0 0 0 43 2 60 0
 53 0 32 0 42 16 0 80 0 0 0 62 85 39 49 68 0 56 36 62 11 2 0 0 0 23 4 57 0 0 7 57 0 2 0 0 0 2 0 0 0 34 0 0 13 18 0 11 13 15 0 0 30 28 35 24 7 5 0 79 95 0 14 26 30 0 10 0 0 9 9 0 0 27 0 0 29 44 0 42 47 39 0 62 27 0 6 55 32 6 0 0 14 0 0 32 98 53 44 0
 74 0 0 0 0 30 61 41 0 0 42 35 55 80 0 0 0 74 32 35 15 0 0 0 72 64 17 36 0 40 0 21 0 0 6 0 47 82 23 0 0 0 17 6 0 0 0 56 0 10 0 0 0 64 29 0 5 32 37 23 28 0 0 0 0 0 0 20 31 61 0 0 0 0 0 0 77 14 81 0 85 0 28 22 0 4 0 0 0 8 0 16 48 0 68 0 38 0 63 0
 10 0 5 0 39 0 46 0 0 0 27 0 62 69 27 0 0 60 45 2 0 12 22 98 0 0 0 28 1 0 0 0 0 0 0 0 0 0 0 0 0 39 0 0 0 0 13 43 0 0 0 23 0 0 30 0 0 0 15 7 30 0 99 0 0 14 0 0 0 0 0 18 32 1 35 0 0 27 33 0 0 0 0 97 0 58 2 0 0 38 0 38 0 0 67 16 36 0 0 25
 0 33 16 0 34 0 0 0 0 8 0 7 0 0 0 0 0 0 0 0 0 0 0 32 0 0 0 0 0 39 12 26 2 32 0 9 3 0 0 0 0 35 0 0 0 0 0 0 0 0 0 0 0 0 2 0 0 5 0 0 14 0 0 0 0 11 0 4 0 3 0 8 0 0 0 0 0 0 0 0 0 0 0 0 36 0 0 0 7 38 0 32 0 33 0 0 0 13 0 0
 0 0 27 4 0 0 56 0 35 10 37 32 0 0 11 41 0 28 48 0 7 0 0 79 0 16 10 0 68 0 0 9 0 0 35 0 8 28 0 14 22 0 70 0 0 0 0 0 27 0 0 18 0 93 0 0 0 33 0 0 0 10 13 29 0 0 0 60 0 0 1 0 14 0 12 0 58 19 37 0 0 6 36 0 0 0 27 20 0 96 0 0 31 0 15 0 0 0 0 37
 0 0 4 0 48 14 56 0 0 0 0 0 59 67 0 0 15 19 19 0 0 0 0 51 0 0 0 50 0 7 0 49 15 0 4 7 0 0 0 0 20 0 55 0 0 0 0 0 8 0 0 0 4 0 0 0 21 31 0 33 0 0 45 23 0 0 0 4 74 0 0 23 0 0 0 0 11 0 0 56 57 0 0 0 0 55 0 4 23 0 8 11 0 11 62 0 21 44 42 0
 27 0 21 19 63 83 9 0 95 0 0 61 0 0 15 0 0 0 7 0 18 28 0 7 18 0 23 0 36 0 0 0 0 24 10 0 0 19 4 0 0 38 64 0 88 0 89 73 0 0 39 93 0 1 4 0 39 12 0 0 67 22 0 35 0 65 37 0 0 21 0 0 89 0 0 2 0 0 0 37 0 57 0 0 36 53 0 23 0 0 51 0 25 0 0 16 45 14 0 9
 23 0 0 0 88 28 59 55 35 1 29 12 35 10 10 29 0 68 14 70 0 34 0 0 0 6 46 0 0 52 27 11 0 0 0 0 28 0 20 35 0 0 55 0 13 1 0 0 0 0 80 0 0 0 0 0 0 0 0 0 31 8 0 0 0 1 63 0 67 0 49 0 0 0 0 1 79 0 81 56 8 32 73 37 0 47 0 73 0 64 45 51 38 0 2 0 36 67 25 0
 0 52 9 0 27 45 92 8 0 12 0 0 56 5 0 0 11 0 0 0 45 0 81 68 18 0 8 57 77 0 2 76 70 10 59 43 13 33 20 17 76 30 22 0 0 0 1 38 4 71 0 0 68 0 0 13 63 0 6 9 54 0 0 24 0 0 58 0 70 59 51 58 49 0 37 24 96 2 0 0 18 50 19 85 41 12 5 46 0 0 99 97 52 28 0 0 0 26 34 0
 0 0 0 0 19 49 42 0 18 0 0 0 28 33 0 46 0 0 0 63 70 0 0 86 0 0 49 5 25 0 0 50 18 0 8 0 37 76 72 57 23 88 54 12 45 2 0 0 0 0 83 57 0 79 0 0 38 0 32 49 43 10 0 33 29 74 6 0 73 0 33 21 12 0 0 0 51 56 0 55 17 0 91 0 92 9 0 16 3 0 72 91 50 0 0 2 2 78 24 5
 0 56 82 47 0 69 46 0 23 0 73 65 20 6 16 0 0 0 0 91 56 0 0 49 0 69 8 53 69 12 0 31 0 0 0 0 0 76 2 0 3 40 0 0 47 7 50 15 0 0 0 0 0 0 0 0 0 19 12 92 3 0 0 41 31 10 18 13 63 53 8 0 0 0 23 0 0 90 0 33 0 37 43 65 0 45 0 3 31 0 4 0 54 0 21 0 0 6 0 0
 0 0 0 34 0 0 0 0 7 0 77 8 19 0 0 54 5 47 52 38 0 0 0 0 0 23 0 0 0 37 35 7 0 0 0 0 0 0 0 15 0 0 0 0 0 0 0 0 30 12 0 15 28 0 0 0 0 0 18 0 0 0 51 14 21 0 0 0 21 0 0 13 0 0 0 3 0 0 53 51 0 0 0 30 25 0 37 16 0 86 0 0 0 0 48 0 0 0 0 0
 17 0 64 0 47 0 18 31 0 0 47 0 0 24 0 0 0 0 37 11 17 9 0 0 21 0 0 0 2 0 0 20 0 22 39 0 62 15 37 30 0 0 0 12 0 16 0 0 0 0 14 0 16 0 0 0 0 1 11 2 24 0 0 0 15 0 0 0 0 0 28 11 14 0 0 0 55 0 0 0 0 37 0 0 0 0 23 0 0 0 14 61 0 19 24 0 0 0 0 33
 0 22 85 20 1 5 6 0 14 0 0 27 0 0 0 8 11 32 0 0 0 0 0 17 0 9 0 0 0 0 0 32 0 4 0 0 0 0 0 0 7 0 0 27 0 0 19 0 16 0 0 0 0 22 0 6 0 0 15 0 0 0 59 0 27 4 0 0 94 0 17 21 0 0 18 7 0 19 0 6 0 0 2 0 0 89 0 0 9 10 0 30 0 33 1 0 0 5 0 0
 0 0 0 0 12 0 0 0 0 0 0 0 0 0 0 16 3 48 0 0 0 12 29 0 0 0 0 0 26 30 0 0 22 26 0 0 87 19 27 16 0 0 0 19 30 0 2 26 0 27 0 28 0 0 7 0 0 0 0 2 0 36 0 0 0 0 32 3 7 32 0 0 0 25 0 0 0 34 0 0 0 10 0 0 26 0 4 0 4 0 0 0 0 0 0 0 0 3 0 0
 21 0 66 0 15 0 72 0 0 0 0 16 30 22 69 0 0 70 24 48 8 12 0 25 0 26 0 40 71 3 0 58 1 0 0 0 48 0 9 0 1 0 84 2 0 0 29 24 18 0 0 0 0 0 2 0 0 0 0 46 12 0 57 27 23 0 0 22 37 6 0 37 0 0 0 23 0 7 5 69 0 0 0 6 0 26 0 4 0 34 25 0 0 24 84 0 26 0 0 0
 5 0 49 0 0 62 0 8 0 0 65 81 16 50 6 10 14 14 74 22 0 0 0 0 7 12 0 32 21 17 0 0 0 0 12 0 19 64 97 0 59 19 24 0 0 0 0 0 0 0 53 0 0 9 36 22 22 0 12 90 16 3 74 2 0 0 37 50 55 0 46 0 0 0 16 0 93 0 21 0 86 0 31 0 16 0 0 72 0 53 0 0 0 17 27 15 0 13 34 13
 0 0 42 0 3 2 56 28 0 0 0 12 0 0 0 52 0 0 69 0 41 10 0 39 30 0 0 25 41 56 19 0 0 30 0 90 26 3 14 0 62 0 85 0 0 0 0 47 0 13 0 1 0 26 14 0 0 0 0 16 0 2 0 69 0 92 0 22 21 0 31 15 0 0 0 0 63 96 0 33 47 0 0 47 0 9 4 20 0 47 38 10 29 13 47 0 82 18 0 0
 0 0 5 0 1 0 0 0 0 15 0 64 0 5 18 0 0 43 9 0 15 0 1 61 0 0 0 0 0 0 17 0 0 0 13 0 43 0 0 0 0 35 0 0 0 0 0 0 0 0 0 0 0 0 19 11 0 0 7 0 0 0 31 0 0 0 0 0 53 21 29 33 0 0 3 0 0 2 22 15 0 0 0 0 0 0 3 0 16 13 0 10 0 0 0 0 0 0 19 0
 83 0 0 0 0 0 63 0 43 0 1 93 0 43 3 87 0 92 0 0 0 0 0 0 71 0 59 0 0 25 0 0 0 0 0 0 0 0 74 5 52 0 9 0 0 0 10 0 0 0 0 48 0 83 0 0 0 0 0 55 0 0 7 76 0 0 31 47 0 17 64 0 10 0 0 11 0 63 0 0 30 0 39 52 0 47 0 0 0 2 9 61 0 11 0 6 0 0 93 0
 0 16 0 0 0 11 0 0 0 0 1 44 0 8 0 0 0 34 14 16 7 0 0 3 12 33 0 0 0 11 0 7 0 0 4 0 0 0 0 18 0 0 0 0 0 0 28 0 16 0 0 8 0 0 0 0 0 0 0 0 19 0 0 0 0 10 0 0 54 0 0 0 0 0 0 0 9 8 0 31 0 4 0 37 0 0 18 0 0 17 0 50 0 0 0 5 0 28 28 0
 51 26 0 16 71 67 82 40 79 32 90 32 16 42 59 34 0 63 24 0 0 0 0 0 0 0 65 13 0 25 29 0 15 15 0 52 27 29 55 30 0 0 0 0 0 33 0 72 66 0 34 0 14 46 0 0 0 0 0 12 8 0 79 71 22 0 99 0 0 0 10 0 0 0 48 18 0 0 14 0 35 38 0 0 59 0 0 64 0 13 0 32 37 0 0 7 40 33 5 0
 0 0 24 0 0 13 0 0 17 0 0 0 0 0 82 7 0 81 0 0 0 38 12 0 0 1 0 0 34 7 24 4 14 15 0 0 53 0 0 26 0 0 30 0 0 0 0 40 12 0 0 0 0 0 0 0 20 0 0 3 0 0 58 0 0 0 4 38 38 0 0 0 0 0 0 0 0 14 4 30 0 0 0 79 15 47 0 0 0 17 32 5 0 0 0 0 0 16 20 0
 0 28 0 0 62 0 67 0 76 9 0 18 42 25 0 64 0 61 6 0 36 3 8 0 18 75 85 60 76 28 0 53 0 0 17 1 40 13 0 0 0 78 39 0 1 43 0 15 44 0 52 0 29 22 12 64 0 1 0 0 31 61 59 24 77 0 48 6 0 41 0 0 14 2 0 0 47 44 0 0 63 64 65 0 56 6 78 79 0 0 40 69 49 0 56 0 0 74 0 0
 0 0 8 0 85 0 0 0 11 0 7 5 0 0 8 0 0 57 57 0 0 0 0 0 6 0 0 0 0 0 0 95 0 0 0 0 24 0 0 0 68 0 0 0 0 0 35 2 0 14 0 0 0 39 0 0 0 2 0 8 0 0 0 33 0 0 0 0 0 0 6 1 0 29 17 14 0 0 0 8 0 0 0 0 0 0 0 0 34 0 0 0 0 0 59 0 22 15 0 0
 25 14 47 0 14 0 0 0 0 0 61 1 0 21 0 21 0 0 34 66 30 0 24 53 96 0 54 16 0 40 0 58 0 0 6 69 54 0 0 1 47 0 0 0 19 0 0 33 0 29 0 53 0 0 19 0 0 0 0 0 0 0 7 70 0 41 1 81 58 59 0 0 0 0 0 0 25 0 83 59 0 13 0 80 0 61 0 0 0 11 0 70 57 0 12 33 79 0 2 0
 0 20 0 0 0 0 0 0 0 0 0 41 0 0 0 0 0 80 0 0 0 0 0 61 0 0 0 0 0 0 0 0 0 0 0 0 89 0 0 0 6 0 33 0 32 0 0 0 0 20 0 34 3 3 0 0 0 0 0 0 11 0 0 0 0 0 0 0 0 11 0 0 0 0 0 32 5 0 0 0 9 8 0 0 0 0 0 0 0 23 0 0 0 0 7 0 0 12 16 0
 64 0 18 0 0 5 0 0 0 0 80 60 0 26 0 0 0 82 0 53 0 0 0 8 23 0 4 0 0 18 0 29 0 1 10 23 77 41 0 0 0 39 56 0 0 0 0 97 0 0 90 3 9 0 0 0 0 0 0 0 0 16 31 0 0 0 0 36 21 0 31 0 0 0 0 0 61 29 26 35 93 18 0 78 16 78 0 43 0 18 0 18 0 0 39 33 0 1 0 0
 0 85 1 52 39 39 41 37 46 0 4 13 14 0 0 46 0 27 0 0 70 0 0 31 24 53 10 11 0 33 0 77 59 0 0 34 81 2 0 6 17 5 57 0 82 4 0 50 0 0 0 0 29 34 0 0 11 0 56 89 39 60 25 9 4 7 55 68 0 58 0 7 61 0 8 27 64 0 0 55 0 0 0 74 0 19 40 75 6 73 16 0 55 0 85 17 0 10 5 0
 0 0 78 0 60 0 0 0 23 0 0 0 1 51 39 21 0 0 17 0 26 0 0 87 27 0 0 0 0 22 0 3 3 0 36 0 55 0 0 18 55 0 0 23 32 0 28 0 0 11 0 12 0 7 0 0 16 0 0 32 0 34 53 0 19 4 0 0 36 0 0 12 0 25 20 0 0 0 0 0 0 0 0 21 10 84 3 52 0 0 0 0 0 0 0 0 0 0 0 0
 0 0 78 0 0 55 54 6 42 0 57 17 85 41 69 15 0 57 0 19 73 0 0 0 35 42 78 0 70 0 0 57 0 6 0 0 0 7 3 32 27 5 61 26 49 33 36 17 0 0 0 0 0 0 6 0 11 0 26 63 24 24 18 0 53 0 35 0 50 8 70 0 0 19 0 9 21 0 40 39 75 0 21 73 0 0 0 26 0 34 0 9 0 0 62 0 0 83 59 0
 0 0 0 26 15 0 76 13 0 0 45 0 61 0 0 17 2 17 39 37 37 0 0 0 9 26 0 0 0 0 0 0 0 0 0 0 0 0 18 0 0 0 72 0 29 0 0 90 0 0 13 0 3 0 0 0 0 0 0 0 0 0 0 39 0 0 0 0 0 8 0 0 0 26 0 6 82 27 14 62 0 16 0 14 0 30 0 63 0 0 0 4 5 0 71 3 0 0 0 0
 42 0 88 0 36 0 2 0 0 0 52 0 0 42 0 0 0 22 20 1 10 4 0 0 28 0 0 0 0 0 0 0 0 0 0 0 28 0 0 27 49 0 11 7 0 0 0 0 0 0 2 0 24 55 0 0 2 0 0 50 7 3 0 0 0 0 8 52 0 81 0 0 0 0 0 0 94 54 0 0 67 0 0 77 28 0 0 0 0 0 9 0 0 0 83 0 0 0 85 0
 88 0 0 0 90 0 26 35 0 0 61 26 0 0 0 26 0 61 0 41 16 39 0 56 7 0 0 25 0 28 0 65 21 0 0 0 0 0 0 0 48 0 9 0 13 35 0 7 0 5 0 0 14 0 0 0 22 25 0 0 19 0 30 27 0 0 0 89 24 0 0 26 0 0 0 22 68 33 57 45 35 0 8 0 0 0 0 0 31 79 0 0 16 0 27 0 1 0 0 0
 68 72 0 82 0 0 83 0 0 5 0 0 62 97 52 76 48 39 78 7 49 36 33 0 54 88 45 31 0 41 0 24 14 0 13 0 29 23 68 0 10 13 3 33 33 44 22 0 2 45 84 94 7 0 0 0 27 0 18 49 27 0 45 55 56 0 53 0 96 0 3 0 11 50 0 33 40 0 61 48 92 0 1 25 50 4 31 52 66 37 18 77 65 30 48 13 17 67 18 0
