150
 0 0 44 0 0 15 0 24 0 83 49 8 34 21 39 55 44 0 0 82 2 1 0 35 0 0 0 0 0 0 17 0 0 0 0 0 18 0 0 52 19 48 39 0 0 25 30 0 69 6 0 34 57 77 0 0 0 3 0 21 0 21 0 68 18 18 0 24 38 0 73 0 0 24 0 52 0 0 0 61 15 26 0 26 0 26 0 0 63 7 0 0 0 0 83 28 48 0 0 0 0 0 94 55 17 39 12 0 35 13 0 0 55 0 0 9 14 8 0 0 0 9 0 0 0 0 78 0 34 43 16 0 60 0 47 21 34 0 0 39 16 0 70 14 0 14 0 0 0 0
 11 0 27 5 0 85 13 65 6 52 0 23 18 0 16 38 15 0 19 16 66 20 0 0 0 17 55 0 0 0 5 0 0 0 0 0 0 72 0 84 29 1 47 7 20 11 17 0 42 46 17 0 45 32 0 0 20 38 0 6 0 19 0 50 34 0 0 0 15 0 2 14 0 62 0 3 0 0 0 48 45 55 0 0 0 78 0 77 38 51 34 29 9 0 51 26 71 27 54 20 0 0 23 27 43 53 19 0 9 0 0 0 16 0 0 0 40 0 0 26 0 0 35 0 0 0 58 93 30 8 68 44 41 33 13 4 0 48 68 31 0 17 0 50 0 32 41 0 10 70
 0 0 0 5 0 0 0 21 0 24 0 0 0 0 70 0 0 0 0 0 0 0 0 0 0 0 0 0 0 0 52 0 0 8 0 0 23 0 0 0 76 0 0 0 0 26 0 0 0 37 0 27 43 83 0 0 16 0 0 0 15 0 0 0 15 0 0 15 16 0 0 0 0 35 0 71 0 20 0 0 14 0 0 80 0 0 0 0 0 11 0 55 0 0 29 7 0 0 0 0 6 0 0 43 26 30 0 0 60 2 0 0 12 0 0 0 0 0 0 0 26 0 0 26 0 0 79 0 0 0 0 0 2 0 0 0 10 0 0 75 0 0 10 0 0 0 0 1 0 0
 75 0 0 0 70 65 49 9 0 34 55 43 0 25 25 54 85 0 56 53 72 93 0 23 0 0 14 0 77 45 1 9 0 62 0 4 57 25 91 56 55 0 0 0 47 0 76 0 57 43 0 0 12 4 68 0 41 80 0 39 7 9 69 46 25 0 1 57 13 24 0 37 0 0 10 17 26 13 0 25 10 0 65 74 37 2 38 68 24 50 52 61 28 86 0 90 43 9 39 0 0 12 0 44 0 15 26 20 25 0 69 79 45 42 81 12 31 0 57 17 0 0 0 0 66 60 0 6 39 0 69 52 30 0 23 96 59 67 11 0 0 0 91 60 0 4 10 0 71 73
 39 83 12 0 0 50 29 18 0 65 42 23 31 13 33 3 65 0 80 35 0 31 0 0 54 0 21 16 47 19 54 0 0 26 0 0 24 62 20 59 31 0 0 50 0 7 23 0 0 90 84 58 50 0 74 0 32 46 0 80 0 0 8 95 65 11 0 9 0 0 0 30 4 5 0 55 2 11 0 0 67 0 5 0 34 0 24 68 42 67 65 3 76 0 92 8 43 26 60 12 0 0 25 0 7 70 43 0 8 0 27 51 48 33 7 0 47 94 91 29 0 67 17 18 37 14 14 33 17 0 12 25 0 0 0 13 32 67 33 56 0 44 9 24 0 44 0 17 16 47
 0 0 5 0 0 0 0 0 0 0 76 0 12 71 48 28 52 3 8 55 79 19 0 55 0 39 0 19 0 0 50 25 0 0 28 0 0 0 0 85 49 74 62 0 0 4 32 0 0 0 0 74 29 69 0 0 2 57 18 60 21 0 11 0 25 12 17 0 51 0 37 12 0 64 0 16 0 0 2 69 0 0 0 23 9 0 11 13 48 49 0 94 0 0 25 61 58 0 13 96 0 0 70 15 6 59 57 0 25 0 0 0 67 46 0 0 0 0 0 0 0 0 0 0 5 19 52 0 0 26 0 0 62 33 25 23 0 45 0 0 0 0 63 55 0 0 0 6 6 0
 16 0 8 0 0 4 0 25 0 1 1 0 46 46 61 29 21 0 0 83 11 0 0 8 26 0 20 0 0 0 56 54 0 0 0 0 77 80 15 26 58 79 87 0 0 25 40 0 12 50 44 74 51 70 0 0 0 14 0 70 0 0 44 26 32 0 17 0 84 16 57 33 0 50 0 58 0 53 0 0 45 30 0 0 9 12 0 67 0 72 4 74 57 0 6 40 34 0 37 61 0 0 41 8 43 60 0 0 15 1 31 63 55 65 2 0 89 0 53 23 6 0 4 0 33 0 33 11 83 23 0 51 39 58 0 0 0 0 67 37 0 52 39 54 0 6 9 0 56 62
 0 0 0 0 0 25 0 0 1 19 0 3 0 0 40 0 0 0 0 0 8 1 0 0 0 0 0 0 0 0 57 0 0 10 0 0 0 3 22 0 1 0 0 0 19 0 0 0 1 47 11 55 15 45 0 22 12 0 0 0 0 3 0 0 23 0 3 0 0 0 0 28 3 0 0 0 0 5 0 0 0 5 0 0 0 0 0 0 22 0 0 43 0 0 0 0 0 0 36 7 0 0 0 22 0 67 13 0 12 0 0 0 0 0 0 0 0 0 0 0 0 0 11 0 14 0 43 0 0 1 0 0 0 0 18 0 0 7 2 21 0 0 0 24 0 0 0 0 0 0
 11 0 0 59 46 79 58 0 0 13 88 52 0 2 24 43 39 0 38 48 75 0 45 35 0 29 27 93 41 2 10 18 0 84 44 38 10 41 24 14 49 30 48 58 84 20 4 0 41 7 53 35 47 27 31 0 44 45 1 3 31 0 81 46 26 11 0 0 4 9 24 0 39 46 32 10 7 76 22 66 7 77 0 61 0 0 52 0 0 33 31 8 45 57 0 10 0 29 72 84 21 4 0 60 44 0 6 3 61 0 64 9 3 74 0 72 81 68 46 67 0 59 70 42 68 19 9 22 26 83 91 54 0 0 25 17 6 84 24 52 0 0 0 35 75 5 60 13 68 28
 0 0 0 0 0 15 0 0 0 0 0 0 23 0 0 0 0 11 11 0 0 0 0 0 0 0 0 0 0 4 0 0 0 0 0 0 0 0 0 0 15 0 0 10 0 0 3 0 0 72 0 0 81 0 4 0 0 0 8 0 0 0 0 0 0 0 0 0 0 0 0 0 6 0 0 0 0 9 0 0 0 0 0 60 0 0 0 0 25 27 0 0 0 0 0 0 0 0 0 14 0 0 0 0 0 0 0 0 0 0 20 11 0 0 0 0 0 0 0 0 0 0 0 0 0 0 0 0 1 0 0 3 0 0 0 0 16 0 0 0 0 0 0 0 0 0 0 0 0 0
 0 1 91 0 0 0 0 53 0 85 0 17 0 0 6 0 0 0 0 0 0 0 0 0 0 29 0 35 0 0 5 0 0 3 5 0 0 0 0 0 50 0 0 1 35 0 0 0 0 40 0 7 89 56 25 0 0 0 0 0 0 0 0 0 4 0 0 0 61 19 0 0 0 0 0 51 0 0 0 0 24 0 1 62 0 16 0 26 20 0 0 42 28 0 0 0 0 0 0 0 0 0 3 41 0 69 0 6 60 10 0 0 0 0 0 0 0 10 0 0 5 26 0 0 0 11 12 0 0 0 21 0 0 0 0 26 0 21 0 43 0 43 48 0 0 0 0 0 0 0
 0 0 75 0 0 8 4 0 0 89 0 0 0 0 0 83 11 0 0 0 0 0 0 0 2 0 2 5 0 18 42 0 0 0 0 0 0 0 0 0 0 27 0 0 0 0 0 4 0 0 24 47 88 65 7 0 0 13 0 36 0 0 0 0 60 0 0 0 7 16 0 0 0 25 0 31 0 0 0 27 0 0 0 0 0 11 0 0 0 0 0 28 0 0 60 0 0 11 58 0 27 0 55 56 0 46 0 9 0 8 24 0 0 0 0 0 0 0 7 0 0 27 0 0 0 0 45 21 0 0 0 0 0 0 0 5 0 0 0 78 0 18 48 0 0 0 0 19 0 6
 0 0 20 33 0 0 0 60 26 0 25 77 0 36 14 33 69 12 0 18 0 0 0 31 0 0 0 0 6 0 44 39 0 0 16 0 0 0 0 51 47 0 0 0 0 41 0 0 3 0 0 27 26 9 0 0 0 0 0 0 0 0 29 34 49 0 0 0 0 6 36 0 14 35 0 54 0 4 0 15 0 0 0 45 0 0 3 1 15 2 0 27 0 5 44 0 1 29 49 50 10 0 41 4 80 0 37 0 26 0 0 0 92 48 0 0 0 85 0 0 0 12 0 17 7 0 71 0 3 59 71 0 53 0 39 18 74 0 14 20 0 20 0 29 23 3 0 0 17 0
 0 18 31 0 0 0 0 53 0 37 59 7 0 0 18 75 64 0 0 14 11 29 0 7 0 0 0 0 0 0 65 0 0 0 0 0 0 0 0 22 0 57 46 0 0 46 3 0 17 0 0 0 0 17 0 0 0 56 0 0 0 0 0 44 41 0 5 11 12 0 52 0 0 89 5 58 0 0 17 0 0 0 0 62 0 0 14 0 12 45 0 59 0 32 0 0 0 0 78 0 0 14 0 54 20 41 0 0 40 0 0 0 27 0 0 0 0 0 0 0 0 0 0 0 0 0 40 0 0 61 0 0 65 0 0 83 26 72 0 0 0 0 14 5 0 40 0 0 0 0
 0 0 0 0 0 0 0 0 0 59 0 16 0 0 0 0 0 2 2 8 0 0 0 0 0 0 0 0 0 0 55 0 12 0 0 15 0 0 0 0 16 0 0 0 0 3 15 0 3 33 0 67 4 78 0 4 0 0 35 24 9 7 0 0 0 0 0 0 0 0 0 0 17 21 0 0 5 3 0 2 0 0 0 68 0 0 0 0 2 0 7 19 25 0 0 0 0 0 37 19 0 0 0 0 0 0 0 0 0 0 0 17 0 0 0 0 0 0 0 0 0 0 0 0 4 0 0 0 0 14 0 0 0 0 0 12 0 8 0 0 2 0 0 0 0 0 16 24 0 24
 0 0 15 0 0 0 0 37 0 69 35 0 0 0 41 0 0 0 9 0 0 0 0 0 10 0 0 0 0 11 54 9 0 0 0 19 0 2 0 0 0 0 0 0 0 0 8 0 0 92 0 76 0 58 20 12 28 0 19 0 0 0 0 0 15 0 2 0 16 0 0 0 0 8 11 0 0 15 0 0 0 0 0 19 0 0 0 0 0 8 0 12 11 0 0 0 0 0 2 0 0 0 3 37 0 27 0 19 34 0 0 0 0 22 16 0 0 0 0 0 0 0 0 0 0 0 28 0 0 0 31 0 0 0 0 0 0 0 0 0 0 0 42 0 0 0 0 0 15 0
 0 0 15 0 0 0 0 73 0 10 55 0 0 0 53 98 0 0 0 62 0 0 20 39 0 0 0 0 0 0 35 0 0 0 0 0 24 13 0 0 37 0 53 0 0 9 32 0 0 29 0 48 38 35 0 22 0 0 0 0 0 0 0 0 41 7 0 0 47 10 0 0 0 28 0 68 0 0 0 55 0 0 0 44 0 0 0 20 20 65 0 15 0 0 50 0 2 0 0 0 0 0 49 0 42 74 9 0 0 0 0 0 0 0 0 3 0 0 0 7 0 6 0 0 0 0 0 0 0 0 0 0 82 0 0 24 38 0 0 0 0 24 9 0 0 53 32 0 0 0
 22 76 42 74 9 0 56 37 21 0 65 36 0 49 0 46 28 0 48 71 66 27 35 44 35 0 46 5 63 0 91 27 69 84 85 26 0 30 63 0 65 18 0 43 13 16 64 38 24 70 25 31 17 22 18 23 21 7 0 45 78 0 33 43 0 10 45 61 0 0 47 2 50 52 16 56 86 20 20 71 0 0 51 2 0 30 0 7 9 77 39 86 9 0 39 0 18 56 78 44 0 91 86 2 32 36 33 4 45 0 52 54 48 78 69 76 0 29 0 0 32 0 66 0 6 63 0 15 71 0 76 82 16 67 6 52 0 56 44 4 12 43 4 74 8 15 0 0 39 32
 36 0 27 0 0 0 4 8 0 0 2 37 74 27 0 0 39 0 0 0 2 0 0 0 0 0 59 0 0 0 70 12 24 0 0 0 0 81 1 46 27 76 14 0 0 55 27 0 0 0 83 86 0 0 0 0 0 0 9 10 0 0 0 39 4 0 0 0 32 0 7 78 0 10 0 24 0 0 0 65 66 0 0 0 23 0 77 30 0 70 0 64 50 0 77 51 16 0 49 13 0 0 74 91 94 2 5 0 50 11 0 34 35 39 28 0 62 13 38 0 9 0 0 0 28 0 0 3 24 66 18 23 28 0 1 3 59 4 5 29 27 0 74 15 0 41 0 0 0 0
 0 0 63 0 0 0 0 55 0 39 31 36 0 0 0 80 0 0 19 0 0 0 9 0 0 0 0 0 0 1 28 0 0 0 0 0 0 0 0 0 26 0 6 0 0 0 13 0 0 55 0 16 28 8 0 0 0 0 13 0 11 0 0 3 49 8 0 0 11 11 4 22 0 51 0 0 0 13 24 0 0 0 0 50 12 0 0 0 4 6 0 54 0 0 79 4 0 0 18 4 0 0 5 47 15 38 0 0 84 0 0 0 26 48 0 0 0 0 20 0 18 0 0 12 0 0 9 0 66 0 0 0 0 0 0 0 15 0 0 7 19 18 0 15 0 48 0 3 4 4
 0 0 47 0 0 0 0 0 0 57 82 48 1 0 44 79 3 0 0 75 0 3 0 45 0 0 31 0 0 0 48 0 0 0 27 0 0 0 37 0 66 0 48 0 0 2 0 0 0 52 0 29 21 64 35 0 0 0 0 0 0 0 0 0 0 0 0 0 42 0 0 0 0 28 0 0 0 0 0 0 0 0 26 36 0 0 0 0 27 0 9 16 1 0 51 0 20 0 39 0 0 0 19 49 65 60 12 0 0 0 0 0 0 62 0 0 0 0 33 8 0 7 7 0 0 15 26 0 87 0 0 0 15 0 0 68 0 0 0 64 0 12 0 0 0 50 0 0 0 0
 0 0 15 0 0 0 12 0 4 80 73 62 73 0 69 2 53 0 48 30 0 0 3 61 14 0 30 0 33 0 41 0 0 0 54 0 99 66 89 53 62 0 0 0 0 7 0 0 62 87 93 58 2 0 0 0 0 1 0 77 0 0 0 53 8 34 0 0 50 9 82 71 3 0 0 33 28 5 0 40 38 3 0 60 0 5 47 0 11 18 6 0 89 0 48 39 11 0 15 0 0 0 20 0 0 11 78 0 0 0 75 46 67 18 70 5 0 54 55 0 0 13 19 0 81 0 0 31 0 31 20 78 7 81 0 30 30 0 19 50 0 52 62 50 0 22 36 0 35 7
 5 44 10 79 5 68 67 65 0 36 34 76 31 71 28 31 0 0 18 0 52 0 0 70 0 0 33 78 40 0 19 0 4 0 55 0 18 34 9 38 62 39 0 34 0 0 25 0 30 46 39 69 0 0 64 34 48 30 0 0 0 0 71 68 10 49 56 0 58 44 64 85 0 0 0 66 22 57 0 37 25 83 1 62 20 16 27 5 18 0 66 66 59 72 71 33 56 52 81 0 0 0 14 0 30 27 29 0 0 18 66 5 33 21 17 9 35 0 0 65 0 41 0 0 8 7 20 20 0 61 60 55 0 25 66 51 29 6 15 36 0 29 62 12 0 0 24 0 17 61
 0 25 1 0 30 0 0 24 0 61 12 52 0 0 59 14 0 0 20 43 0 0 0 0 0 0 0 0 0 0 0 0 0 0 0 0 0 0 0 0 4 0 87 0 1 0 0 0 8 44 21 66 64 49 0 31 27 0 0 1 0 0 0 9 0 0 0 18 15 0 0 0 13 79 0 1 3 0 0 0 34 15 0 6 0 0 0 0 41 25 12 0 0 0 49 22 0 0 7 0 0 0 62 15 43 35 0 0 13 0 0 0 0 22 0 0 1 0 0 14 0 0 27 0 0 0 45 0 0 0 2 0 0 0 13 17 0 10 2 25 0 61 3 0 0 31 0 0 11 0
 84 64 64 27 0 16 0 63 7 74 72 0 69 42 37 0 34 0 57 36 2 0 17 53 0 0 14 28 0 8 33 0 0 0 0 0 44 4 0 83 50 0 73 0 0 69 0 0 58 89 31 0 5 0 0 0 0 37 0 30 0 0 0 0 5 0 0 6 14 0 63 0 18 65 0 36 59 0 0 81 56 0 0 76 0 59 11 72 3 51 85 47 45 0 35 54 46 0 0 0 0 0 67 0 50 48 86 0 49 0 0 24 84 0 0 0 0 13 19 0 0 0 0 0 0 0 0 64 43 46 45 66 0 24 59 52 54 31 30 6 6 7 0 72 12 56 42 0 0 12
 22 0 4 15 11 0 11 71 0 34 0 42 56 43 12 59 61 52 39 33 37 83 3 28 1 0 73 0 21 76 33 44 0 3 12 73 0 14 28 2 0 9 39 0 71 29 10 21 69 31 26 70 39 38 58 52 32 0 0 36 16 24 24 80 20 52 6 66 19 55 27 56 46 0 49 46 84 47 0 56 46 8 0 41 22 0 0 12 63 0 0 60 84 3 0 64 65 66 62 0 0 57 13 81 11 65 0 0 3 1 0 18 0 66 44 43 0 0 33 40 20 28 83 0 13 66 0 71 0 78 93 24 0 35 2 15 45 38 23 0 0 61 16 78 41 72 41 0 0 10
 43 0 63 0 0 1 0 64 0 46 9 0 6 39 75 34 22 0 0 64 0 0 0 39 0 0 0 4 8 0 0 4 34 4 0 0 0 2 1 3 57 0 67 0 0 10 13 0 53 62 0 65 0 46 0 0 0 85 18 58 2 0 4 34 0 0 10 0 78 0 32 57 0 29 0 40 0 8 28 54 53 70 0 4 0 0 61 19 0 58 1 15 77 0 25 0 29 0 6 89 0 0 56 0 55 29 0 0 16 3 12 45 48 77 0 0 23 13 0 0 0 0 22 15 23 0 22 0 19 83 38 3 52 0 54 0 79 6 82 0 0 14 50 0 0 40 37 0 0 0
 5 22 21 16 0 0 48 84 0 28 0 0 44 22 20 82 87 0 3 24 52 3 0 14 0 26 0 0 0 0 57 13 0 40 13 0 56 34 13 71 52 28 59 94 12 61 50 0 94 61 0 18 82 60 0 0 0 79 0 72 0 0 0 0 24 88 0 30 53 18 0 19 30 56 0 44 10 0 35 42 88 31 0 0 65 88 61 45 69 3 42 0 0 0 0 1 42 0 0 13 0 0 71 0 65 5 0 0 89 0 0 68 42 41 45 36 53 25 15 45 0 82 0 12 71 24 49 86 67 7 20 0 0 5 0 67 36 34 83 17 0 67 32 11 0 27 0 13 59 45
 49 1 12 0 0 16 69 43 0 37 56 31 0 0 32 2 34 0 4 7 1 0 0 46 11 0 0 18 0 0 77 69 0 0 0 0 40 54 0 5 0 29 7 0 0 14 27 0 0 0 7 0 78 97 0 3 0 48 0 41 11 0 60 27 0 52 5 0 46 0 35 5 0 41 32 29 32 10 0 60 55 63 0 0 0 41 65 36 13 19 89 0 4 0 65 5 41 0 57 45 0 4 17 0 0 94 74 0 0 0 0 33 0 31 0 24 58 54 72 9 0 0 0 0 0 0 50 61 72 13 40 0 41 18 84 34 77 89 60 58 0 0 0 21 9 0 1 5 30 36
 68 49 42 0 0 66 46 39 0 0 81 0 94 48 30 0 51 11 50 0 61 45 22 61 0 0 14 1 53 0 6 41 0 49 6 0 65 34 87 11 31 37 16 16 0 8 6 0 0 6 0 67 15 89 73 0 0 30 0 0 0 0 53 41 52 0 0 0 0 14 72 33 13 0 0 31 71 58 0 54 49 9 0 0 0 0 14 67 0 1 0 23 0 0 0 4 7 0 12 67 0 5 46 63 0 75 0 2 0 0 45 74 38 3 1 0 53 79 27 0 7 13 0 0 14 0 33 41 34 55 44 0 58 46 40 52 61 9 8 2 15 45 36 69 0 51 58 0 26 7
 0 0 0 0 0 0 0 0 0 31 0 0 0 0 0 0 0 0 0 0 0 0 0 15 0 0 23 0 0 0 0 0 0 0 0 0 18 0 0 0 10 0 0 0 0 0 0 0 0 53 0 61 22 1 0 0 0 0 0 0 1 3 1 0 0 0 0 0 0 10 3 0 0 0 0 0 0 0 0 0 9 0 1 0 0 0 0 0 0 0 0 89 0 0 0 14 0 0 39 0 0 0 0 0 0 22 0 0 0 0 0 0 0 0 0 0 6 0 0 0 0 0 18 18 0 9 0 16 0 6 0 0 0 0 0 0 0 0 0 50 0 0 8 0 6 0 0 0 0 0
 17 16 18 0 1 0 0 61 0 54 71 56 0 27 42 0 32 0 0 2 40 1 0 50 4 0 0 0 0 0 47 0 0 17 0 0 0 9 0 71 16 94 79 0 0 0 33 8 0 26 1 0 56 47 0 0 0 25 0 36 0 0 0 34 54 18 0 0 46 0 35 56 0 18 0 25 28 0 0 86 0 0 0 11 0 0 0 0 3 58 0 69 0 0 47 4 0 0 33 7 12 6 9 73 35 77 48 0 32 0 0 0 0 53 0 0 0 44 0 0 0 0 0 0 0 0 55 0 50 77 19 4 88 0 4 0 43 26 11 0 12 37 0 20 0 2 0 0 35 0
 23 8 75 64 42 56 0 73 80 56 39 35 25 81 0 4 8 0 0 67 57 53 0 43 60 12 0 76 47 15 84 58 0 19 12 14 0 0 67 1 0 0 20 57 46 24 15 9 21 24 54 68 0 25 37 12 0 77 0 21 38 0 8 71 0 60 0 0 49 78 0 54 0 23 7 67 96 0 27 36 92 21 3 39 41 69 0 64 30 57 84 32 64 49 56 0 39 67 0 0 19 0 0 17 0 51 0 0 11 0 58 51 0 56 0 0 45 0 0 0 0 47 52 48 0 23 61 0 71 44 46 23 71 0 21 0 0 43 42 47 0 0 0 0 4 54 48 6 0 0
 9 67 0 0 0 50 57 0 0 57 0 58 51 40 67 73 59 0 33 60 11 8 3 81 8 0 0 0 63 0 70 0 0 0 78 0 53 31 58 6 53 22 39 49 0 84 0 0 0 20 75 86 79 35 31 0 0 52 3 19 0 0 64 0 8 37 0 6 0 0 77 50 11 10 0 0 57 48 0 54 3 18 0 82 0 4 55 2 69 52 0 53 47 0 88 10 47 0 52 81 11 0 0 10 0 27 52 9 0 0 64 0 0 53 51 0 65 63 13 59 0 0 0 0 50 0 75 70 0 50 66 0 3 9 52 88 32 62 77 59 0 3 44 17 0 15 0 0 0 92
 78 35 65 5 13 0 0 41 0 38 0 50 0 31 30 38 4 0 45 11 0 0 0 14 50 0 76 0 37 0 7 17 0 0 0 0 49 0 0 0 0 0 0 0 0 33 79 0 6 0 87 44 73 23 0 7 0 62 5 64 18 0 0 47 38 19 0 0 62 0 16 39 42 74 0 55 15 0 0 0 75 41 0 53 0 69 54 71 2 0 55 69 0 0 63 30 60 0 17 23 0 0 50 53 48 64 17 7 25 0 15 0 50 0 1 8 37 49 44 23 0 23 17 0 0 0 47 74 33 35 6 49 8 37 43 64 69 8 50 29 0 0 34 82 7 25 49 0 73 31
 59 32 54 0 57 37 1 71 0 72 74 12 57 21 0 0 44 0 47 89 5 6 40 64 31 0 3 59 27 46 68 63 0 35 29 0 71 1 70 47 92 3 0 79 12 47 0 0 34 77 32 20 39 0 20 0 58 49 0 65 58 0 29 41 30 27 42 0 0 42 34 59 77 26 16 10 8 48 48 67 51 0 35 55 0 57 35 36 0 6 4 15 11 59 60 0 34 52 0 59 0 0 0 0 0 69 81 12 0 30 0 42 32 35 0 10 10 2 6 25 0 19 79 0 5 95 0 0 55 61 0 25 44 55 65 35 25 0 51 6 16 0 8 14 25 32 49 7 0 23
 0 14 0 0 0 57 0 19 0 2 38 57 69 7 24 30 0 9 81 70 53 0 0 70 0 27 83 0 0 0 0 30 15 0 0 0 0 0 23 11 0 54 47 10 0 24 67 0 0 13 71 44 0 0 0 0 0 59 0 76 0 0 0 12 37 0 16 0 18 11 30 39 0 25 0 39 55 0 0 0 52 29 0 0 0 36 55 39 65 75 19 0 3 0 61 54 69 0 0 7 0 0 50 83 41 42 91 17 43 0 0 11 43 32 12 0 47 51 0 0 0 0 0 0 9 6 74 62 4 73 34 33 76 43 48 26 29 0 78 80 0 35 58 72 15 23 29 0 0 0
 23 0 63 0 0 26 0 0 0 20 81 19 12 38 21 0 0 0 0 34 53 0 0 86 0 0 0 0 0 0 13 0 15 0 16 0 5 0 0 48 24 11 37 0 0 39 64 4 47 92 5 11 73 11 0 0 0 16 0 47 5 0 0 79 48 0 0 0 34 0 23 49 0 0 31 11 0 0 0 34 0 0 0 12 0 0 18 49 27 5 0 63 39 0 58 38 48 14 81 86 0 0 44 39 23 46 18 0 0 15 0 7 12 26 0 0 0 41 0 12 0 0 0 13 0 0 9 3 13 35 46 0 63 0 66 0 65 90 19 0 0 0 0 70 0 9 0 0 6 11
 65 20 22 0 0 32 0 0 0 64 42 17 5 80 29 30 61 0 0 6 0 0 0 18 85 0 0 0 4 0 69 23 0 0 71 0 0 13 0 41 10 73 0 9 0 84 38 0 21 71 25 14 40 28 16 0 0 50 0 11 0 0 0 36 70 11 11 0 43 0 28 27 74 0 0 8 79 0 0 85 41 23 0 23 0 70 80 47 0 0 88 89 29 4 73 33 0 0 55 0 0 0 57 20 0 61 0 0 12 0 0 14 76 43 42 6 4 59 31 56 0 51 0 0 85 0 10 0 27 51 15 0 59 16 34 41 60 10 13 9 0 0 23 0 11 33 81 0 15 33
 0 0 26 0 0 0 0 91 0 66 18 16 0 0 6 36 33 15 0 83 65 0 0 6 0 0 0 0 0 0 33 0 0 0 10 0 0 0 0 0 44 10 19 0 0 30 0 21 0 0 13 54 44 63 0 0 0 0 0 0 0 0 0 0 69 32 0 22 88 0 5 0 0 0 0 37 0 0 25 43 0 0 10 16 0 0 0 3 5 4 0 0 0 0 0 4 37 0 6 0 0 0 89 64 64 13 0 0 28 6 0 0 61 46 2 0 0 0 0 16 0 0 25 0 0 0 56 0 63 8 0 0 62 0 36 68 0 60 0 83 0 51 37 52 0 19 0 1 0 0
 0 0 0 0 0 0 0 0 0 0 0 28 0 10 0 5 0 0 0 0 0 0 0 0 0 1 0 0 28 0 0 0 3 0 0 0 3 0 0 0 0 0 0 11 6 0 0 0 1 0 17 0 0 0 0 0 0 0 0 0 0 0 0 0 0 0 0 0 0 0 0 0 0 16 10 0 0 0 0 0 0 0 0 0 0 0 0 0 0 0 0 45 0 0 0 0 0 2 44 0 0 0 0 0 0 0 12 9 11 3 0 0 0 25 0 0 0 6 0 8 0 0 0 0 0 21 0 0 0 0 0 0 0 0 0 0 0 0 4 0 29 0 9 0 18 0 0 0 14 0
 0 0 10 5 6 0 0 37 0 56 20 0 12 0 7 70 17 0 0 39 26 22 0 35 16 0 31 0 0 0 9 0 12 0 14 0 0 0 0 0 16 0 15 0 0 67 0 0 20 38 0 0 84 0 0 0 0 0 0 0 0 0 0 0 43 0 0 0 69 0 13 0 0 30 0 45 0 0 28 73 16 0 0 11 0 0 1 0 0 64 0 26 0 0 0 0 42 27 68 0 0 0 0 36 0 32 0 0 6 0 0 10 28 0 0 0 13 0 0 0 0 0 0 0 0 0 23 0 0 67 0 0 64 0 0 77 56 0 0 0 0 69 27 24 0 12 0 0 0 3
 0 0 18 1 13 0 0 33 0 79 30 87 13 0 31 40 0 1 0 0 0 3 1 0 0 0 0 0 0 0 57 0 0 0 8 7 0 0 21 0 4 0 0 0 9 0 0 0 3 72 0 42 18 0 0 4 0 4 0 5 0 0 0 0 65 0 9 0 0 0 0 17 0 44 0 72 0 0 0 0 0 0 6 0 0 0 0 0 26 0 0 2 0 0 46 0 0 0 45 3 0 0 54 8 0 31 0 0 40 0 0 0 0 62 0 28 0 0 12 0 0 0 0 0 26 7 80 0 14 0 0 8 0 0 0 0 0 0 1 78 14 34 55 0 0 73 0 0 0 0
 36 0 25 6 0 22 9 20 0 0 0 30 27 72 0 37 1 0 31 10 54 33 0 23 22 28 19 0 15 0 29 38 0 0 23 0 0 29 0 59 0 90 49 0 0 6 0 0 1 0 29 0 68 62 0 0 0 39 18 27 0 0 8 32 11 0 0 0 0 0 0 34 32 13 0 69 50 3 0 69 88 9 0 25 0 34 32 16 0 62 2 42 0 0 6 0 19 0 68 0 0 0 6 47 0 10 56 0 0 0 54 65 32 0 83 0 12 91 0 67 0 17 0 0 50 3 56 45 26 53 0 0 73 10 43 26 0 30 40 0 0 85 71 0 0 60 0 0 70 7
 70 0 19 0 70 51 48 0 0 18 0 0 1 9 53 66 45 0 12 1 44 70 10 0 42 0 60 0 63 4 57 21 0 71 21 0 77 58 53 82 0 2 0 14 0 26 0 1 0 49 8 38 30 29 36 45 0 22 24 0 66 0 10 41 27 13 26 2 34 41 22 0 0 44 0 36 0 87 0 42 55 27 69 98 22 29 55 9 37 41 12 8 86 62 53 56 0 0 47 15 7 0 17 19 9 0 71 0 1 0 7 20 37 36 6 0 16 73 40 45 0 64 0 0 0 51 41 11 18 0 54 30 56 70 90 46 0 26 38 40 0 36 0 67 8 46 1 0 87 89
 0 0 0 13 0 0 0 6 0 2 26 63 0 0 0 34 0 0 0 9 0 0 30 68 0 0 0 0 0 0 53 23 0 0 0 0 0 0 0 0 35 0 41 0 0 0 0 0 10 0 20 0 84 0 0 0 0 0 0 0 0 0 0 0 1 0 0 0 82 0 4 0 0 33 0 54 12 0 0 17 0 18 0 22 0 0 1 3 25 0 11 20 0 0 63 6 0 0 90 0 0 0 77 60 32 66 0 13 0 0 0 17 39 50 2 0 0 0 1 0 0 0 0 0 0 3 24 0 45 37 6 0 85 0 8 78 82 0 0 20 0 7 84 0 0 22 0 0 16 0
 0 0 0 0 0 0 0 11 0 0 12 30 32 0 0 0 0 0 0 0 53 7 0 10 17 0 0 0 0 0 24 0 0 7 0 0 0 0 0 2 49 31 9 4 15 86 0 25 0 0 2 0 70 63 0 0 5 0 0 27 7 0 0 45 0 0 0 23 0 0 29 9 21 0 0 10 0 0 0 39 0 0 0 15 0 0 0 3 38 19 0 4 0 5 9 0 7 0 3 57 0 0 85 0 0 19 75 0 0 0 0 9 4 14 4 0 0 2 0 0 8 0 0 0 0 20 43 12 43 40 0 0 3 0 0 57 0 0 0 76 0 51 13 16 0 66 0 0 0 0
 20 44 78 56 96 36 64 42 88 9 37 0 72 57 33 16 24 0 10 74 63 77 2 13 78 0 23 5 20 22 13 0 0 65 2 11 29 0 86 0 58 6 40 8 0 82 0 0 0 35 59 26 0 26 14 10 43 0 0 52 1 0 33 59 0 23 40 25 78 50 28 27 89 17 52 0 46 0 32 48 23 35 42 69 5 0 13 31 60 20 54 0 2 43 19 31 33 70 7 0 0 81 24 57 11 61 42 0 48 0 77 94 71 34 18 19 43 18 20 45 86 38 57 49 12 20 60 34 41 35 0 0 0 53 54 0 18 16 0 85 0 43 35 3 20 0 40 0 73 29
 0 0 53 0 20 13 0 0 0 14 20 17 0 0 0 44 39 0 12 4 92 0 0 0 0 0 0 0 24 6 7 20 0 13 0 0 9 0 0 0 0 0 0 0 6 0 23 20 0 58 0 0 0 0 0 15 0 15 0 0 0 0 0 41 57 0 0 0 62 0 44 44 0 44 0 17 0 0 32 31 0 6 0 54 0 0 0 71 0 31 0 58 0 0 66 55 22 0 20 12 0 0 50 70 40 68 58 0 61 23 0 0 7 55 22 0 0 24 6 0 0 0 0 0 0 0 74 2 41 31 52 0 38 0 9 46 55 63 0 47 0 63 25 0 0 3 23 0 0 0
 0 0 0 0 0 0 0 0 0 0 0 12 34 21 0 0 0 0 5 0 0 0 0 0 0 0 0 0 1 0 0 0 0 0 8 0 0 0 0 22 22 0 0 38 0 4 5 0 0 0 0 0 0 6 0 0 0 0 0 11 0 5 0 0 21 0 25 0 14 0 0 0 0 0 0 0 0 13 0 0 0 0 0 0 0 0 0 0 0 0 0 0 0 5 12 3 0 0 0 0 0 24 0 0 8 21 0 35 0 0 0 0 0 0 8 0 0 0 4 0 0 24 0 0 3 0 0 0 0 0 0 0 0 0 0 0 0 0 0 0 0 0 0 0 0 0 0 0 0 0
 46 0 70 19 0 55 0 0 0 50 25 0 47 64 42 11 37 0 0 91 0 0 0 0 0 0 21 7 0 5 18 0 0 0 0 0 0 0 0 0 0 59 2 0 0 0 0 0 16 62 0 59 0 25 0 0 0 9 0 36 0 0 0 61 78 15 0 16 68 0 65 22 0 0 0 80 0 0 1 0 42 53 0 30 0 0 14 0 59 24 0 30 10 18 63 27 22 21 16 40 0 0 30 16 32 29 5 0 55 0 0 86 50 36 0 15 0 28 56 0 0 0 0 0 4 0 0 0 18 69 50 8 10 18 0 0 59 6 52 77 6 69 21 0 0 0 0 0 0 0
 0 21 0 10 0 0 0 0 0 92 0 0 0 10 0 0 0 0 0 0 0 0 0 0 0 0 0 0 13 0 0 18 0 0 0 0 0 0 0 0 34 19 0 14 0 11 30 0 21 52 0 0 0 0 0 15 0 0 0 16 22 0 19 0 0 5 0 15 0 0 0 0 0 0 14 0 0 0 0 0 0 0 4 15 0 0 14 0 0 0 0 12 0 0 0 3 0 0 43 2 20 0 21 0 0 0 0 0 0 0 0 18 0 0 0 0 0 14 0 0 0 0 0 0 12 0 0 0 0 0 0 0 0 0 0 0 0 15 15 58 8 0 32 0 0 11 0 0 0 0
 0 0 0 0 0 0 0 0 0 0 0 0 0 4 0 15 0 0 11 0 0 0 3 0 0 0 7 0 0 0 0 0 11 0 0 0 7 0 0 0 79 0 0 0 0 0 0 28 19 49 12 9 0 0 0 24 0 0 0 0 13 0 0 0 6 0 0 0 0 0 0 0 0 0 28 0 0 0 0 0 0 0 0 0 0 0 0 0 0 0 22 58 0 0 0 11 0 0 18 0 0 0 14 15 28 0 0 37 0 0 0 4 0 0 5 15 0 0 0 0 0 0 0 0 33 11 0 0 0 7 0 0 10 0 0 0 0 0 0 4 0 0 14 0 0 28 3 16 0 0
 0 0 0 0 8 0 0 0 0 26 0 0 0 0 0 0 0 0 0 0 0 13 19 0 4 0 0 0 0 0 0 0 0 0 0 7 18 0 0 0 62 17 5 0 0 16 0 0 10 0 0 32 4 0 0 0 8 0 0 0 0 0 0 0 0 0 29 0 0 0 0 0 0 0 0 0 0 0 0 0 9 0 0 18 0 0 0 0 0 0 22 77 0 7 0 11 15 0 0 0 0 8 0 0 0 0 21 0 0 0 0 12 0 0 1 0 0 0 0 0 0 22 27 0 0 0 0 0 0 0 0 0 14 13 39 19 0 0 0 74 0 0 0 0 0 0 0 0 12 0
 50 25 58 0 0 74 52 42 0 0 0 0 64 26 71 0 47 0 10 0 0 32 0 85 2 0 42 24 75 0 44 30 0 0 37 0 41 15 0 34 72 49 37 23 0 0 76 0 23 82 86 63 85 79 0 0 0 0 0 7 15 0 70 9 73 24 0 0 28 0 19 0 56 16 0 57 67 0 26 16 0 34 14 38 47 3 8 11 53 56 0 15 5 2 34 53 7 0 15 0 0 0 0 48 27 0 39 12 0 4 42 70 45 63 59 0 0 38 50 0 0 60 0 0 36 0 68 52 79 67 23 14 13 0 0 53 53 9 20 0 0 0 72 56 9 4 53 0 77 33
 79 19 1 12 1 37 25 0 7 9 19 3 46 3 0 0 0 0 61 50 55 77 0 0 52 0 8 70 0 41 53 25 0 69 0 26 8 9 51 26 23 22 0 89 0 77 92 0 0 53 81 0 0 49 15 0 0 70 0 61 0 0 55 11 94 4 43 0 75 26 0 0 21 73 37 3 4 0 0 44 0 12 0 44 31 16 70 61 0 57 17 50 0 0 59 28 50 12 1 0 0 0 35 55 0 9 71 0 33 9 38 63 0 36 4 0 7 62 7 31 0 30 0 0 36 0 24 70 43 27 0 0 40 68 84 41 11 11 0 23 0 44 0 79 0 89 40 0 12 57
 72 0 0 0 0 0 31 0 0 51 35 37 58 60 3 0 20 0 7 21 8 43 0 0 34 0 12 8 56 84 88 89 4 11 50 0 85 70 36 64 45 45 42 12 20 24 0 0 63 74 76 34 28 0 25 82 0 43 0 0 0 0 0 29 0 39 60 57 0 72 68 66 51 60 0 53 0 47 27 62 26 30 26 43 28 35 53 39 1 27 0 21 74 37 73 24 50 50 61 53 0 0 2 65 35 26 4 0 0 16 0 0 0 18 18 0 0 21 30 51 0 66 0 0 0 0 0 24 50 62 52 26 3 0 43 24 0 86 20 63 0 35 98 5 0 64 37 0 70 0
 0 0 65 0 0 0 0 25 0 26 39 0 1 0 30 33 25 0 13 28 58 0 0 14 0 18 0 0 0 0 93 0 0 0 0 0 0 0 0 13 67 65 0 0 0 1 25 4 0 82 0 29 20 21 23 0 0 0 0 0 0 0 9 0 25 0 0 0 31 0 0 0 0 30 0 12 0 0 0 3 0 0 0 58 0 0 12 0 4 26 25 47 0 0 62 0 91 0 2 1 7 0 50 94 51 27 0 6 95 26 0 0 68 0 16 0 0 0 0 0 0 0 0 0 0 0 83 0 19 37 0 0 0 0 29 0 0 81 0 38 0 74 76 11 0 0 0 6 0 0
 55 74 36 38 45 0 73 0 0 0 76 32 26 30 0 0 57 72 0 0 52 1 51 73 14 29 0 8 54 54 48 69 26 0 0 7 68 95 8 50 63 41 34 0 0 31 16 30 21 5 8 45 4 45 2 51 18 71 0 35 0 39 48 0 47 26 18 0 49 10 0 0 7 63 75 86 84 0 14 0 83 55 26 69 23 65 27 32 45 92 0 31 81 0 80 39 69 63 0 5 0 31 43 0 57 77 0 80 74 0 4 49 78 0 53 61 32 0 0 37 11 6 45 49 72 3 45 69 59 53 88 24 42 67 1 4 1 69 72 16 76 66 62 32 78 79 32 0 41 0
 0 0 52 0 0 0 0 76 0 2 82 0 8 18 0 40 57 0 0 31 50 0 3 0 0 0 0 0 0 4 49 0 0 0 0 0 0 0 0 43 45 66 0 0 7 49 0 0 23 0 0 0 84 77 0 0 7 26 0 0 26 0 0 0 78 28 0 0 53 0 4 0 0 17 0 6 0 0 0 0 0 21 0 44 0 0 13 0 60 0 0 23 0 0 0 5 81 0 0 0 0 5 38 75 72 0 22 0 44 0 0 0 17 43 0 0 20 6 0 0 23 0 0 0 4 0 30 0 12 33 0 0 26 0 28 0 0 0 0 41 0 66 4 62 0 1 0 0 0 0
 11 75 0 0 56 0 2 19 0 54 52 60 74 54 0 69 53 0 60 0 5 1 8 45 73 0 0 0 0 21 0 67 0 87 0 0 0 0 10 54 50 88 22 53 0 68 0 0 37 44 45 0 0 24 0 2 11 39 6 0 0 0 45 17 58 45 2 0 0 43 52 48 21 24 0 85 48 21 0 76 2 17 0 80 0 57 48 0 14 20 69 64 57 0 47 34 0 0 54 9 0 0 91 93 0 12 69 0 7 0 27 0 69 79 35 1 23 55 37 0 0 64 0 0 0 0 25 26 3 0 77 32 91 84 54 64 31 0 28 95 0 41 40 15 0 20 73 0 38 45
 0 0 6 0 53 23 47 0 12 78 80 26 25 57 0 27 20 78 15 73 31 35 64 49 42 0 59 50 15 23 0 45 58 39 18 1 49 51 2 52 46 23 50 6 53 79 37 15 53 0 54 69 38 23 4 59 9 45 0 7 35 0 45 55 83 64 3 50 69 51 6 0 70 68 0 23 57 44 0 0 0 41 84 0 0 68 0 45 42 73 66 54 30 51 3 0 65 69 0 9 0 34 21 72 0 27 0 43 41 0 36 47 30 53 15 6 0 31 70 12 9 0 15 27 4 28 33 50 8 0 0 32 28 15 0 0 68 0 66 38 33 48 40 55 88 83 22 47 96 0
 48 63 19 0 0 0 0 42 0 23 59 48 0 46 66 61 66 0 52 67 74 13 0 5 21 0 0 5 0 0 0 69 0 0 24 0 70 13 16 2 76 30 85 0 0 43 2 0 25 60 86 0 34 67 0 0 4 0 0 53 0 0 0 1 14 0 7 0 0 0 0 38 0 52 36 0 27 20 0 18 1 63 1 1 20 40 43 3 56 71 0 56 71 0 30 0 49 0 56 17 0 8 0 17 0 0 61 0 61 0 0 35 9 33 0 0 7 42 0 25 0 0 0 0 0 0 15 84 5 38 47 45 84 50 24 16 27 0 59 0 0 0 59 65 0 69 62 0 0 69
 0 0 8 0 0 11 0 36 0 66 36 20 0 0 26 60 66 0 0 0 38 0 0 0 22 0 0 1 0 0 67 0 0 25 0 0 0 0 0 10 42 1 46 0 0 62 0 0 0 29 0 12 66 86 0 0 0 41 2 92 0 0 0 0 20 0 0 24 19 0 63 0 0 58 0 3 0 0 39 68 0 0 0 50 0 20 3 13 70 23 0 2 0 2 32 22 0 0 19 0 0 0 59 45 68 72 12 1 0 3 0 0 28 41 0 0 0 0 0 36 25 14 0 17 0 3 75 0 33 0 0 0 66 0 57 0 22 79 11 26 0 38 40 41 6 46 0 0 24 0
 0 0 0 0 0 0 0 0 0 59 0 0 0 0 52 0 0 16 0 0 20 0 0 30 0 0 16 0 6 0 4 0 7 0 0 0 0 0 0 0 10 0 0 0 0 0 9 26 0 0 0 56 0 28 0 0 1 0 0 0 0 0 0 0 0 0 0 3 3 13 0 1 0 0 0 0 20 0 0 0 0 0 0 69 0 29 0 23 0 0 0 17 0 15 0 0 0 0 5 0 0 0 0 0 0 0 0 0 0 0 6 0 0 0 0 0 0 0 19 3 0 0 0 0 9 0 0 0 0 0 23 0 0 0 0 25 22 0 20 65 24 0 8 0 0 16 18 0 0 0
 0 93 31 1 0 0 16 75 0 22 24 46 48 22 88 61 0 0 30 0 47 0 0 52 48 0 16 0 0 17 5 0 0 0 0 0 36 35 0 0 61 27 64 5 0 17 55 0 68 58 0 0 24 79 0 0 0 0 0 0 0 0 73 5 15 0 0 0 39 0 24 48 0 32 0 81 14 49 0 0 43 66 0 27 12 27 42 55 0 66 2 67 0 2 0 1 35 0 0 0 0 0 9 0 89 0 12 0 56 0 40 0 78 69 0 0 83 38 21 0 0 0 0 0 17 0 35 0 57 26 57 10 98 42 80 8 43 0 30 0 0 14 0 0 0 61 1 5 89 18
 57 16 59 0 10 0 0 0 2 71 1 26 63 0 47 0 12 0 8 60 19 33 0 56 78 0 0 48 0 7 43 24 11 19 4 0 0 80 0 38 12 54 0 20 0 18 3 0 33 0 41 68 52 0 45 0 0 0 0 35 0 0 0 54 21 43 0 0 0 20 11 65 20 10 36 8 0 56 0 53 67 44 0 36 0 33 14 27 38 81 67 67 0 5 47 17 23 0 56 39 0 0 49 0 6 15 47 0 36 17 5 63 49 66 70 0 49 21 67 50 0 85 19 1 72 0 73 16 76 74 20 50 15 5 0 53 11 57 68 44 19 0 0 2 0 56 62 0 19 0
 0 34 0 0 0 76 1 86 10 34 65 11 34 0 93 72 83 0 15 81 17 24 16 0 0 0 24 0 24 73 54 65 22 0 50 11 57 45 8 0 44 44 15 36 0 25 0 0 3 61 0 0 44 75 63 48 0 57 15 36 47 0 23 0 0 87 75 0 58 28 0 2 21 59 0 0 57 41 0 0 13 33 0 39 32 8 17 14 0 40 3 52 35 37 25 61 17 17 37 44 0 0 48 63 0 60 0 0 76 0 9 18 46 0 32 0 62 72 41 45 18 12 5 0 9 0 23 89 12 3 75 24 0 5 1 4 8 0 43 81 0 58 49 77 3 0 4 0 0 0
 0 0 0 0 18 0 0 11 0 34 0 0 32 0 24 0 0 3 0 0 0 0 0 0 0 0 0 0 0 24 66 0 0 31 0 25 0 0 0 0 14 0 7 18 0 0 10 0 0 0 0 78 28 33 0 0 19 0 0 0 35 0 0 0 0 0 15 0 0 10 0 0 0 6 0 32 0 9 0 0 37 0 0 0 0 0 0 0 47 4 0 20 0 0 0 0 1 0 78 0 0 0 19 63 0 36 0 32 47 0 0 0 0 6 0 0 0 0 0 0 0 0 0 14 0 0 18 0 13 0 17 8 0 0 0 19 29 0 0 51 0 17 31 5 0 0 0 0 0 0
 67 72 36 0 6 79 0 34 0 27 0 0 0 71 79 12 0 3 63 0 82 0 0 42 3 0 60 0 21 0 0 42 0 13 10 0 0 80 58 49 44 10 43 68 0 31 53 0 62 10 12 19 72 45 3 0 0 30 0 53 0 0 19 13 0 3 0 0 0 0 0 32 0 0 0 0 0 49 22 60 32 49 0 55 7 53 4 61 15 42 0 30 62 15 57 57 38 0 65 43 0 4 31 13 57 37 52 0 59 0 0 35 66 52 0 0 46 55 47 30 0 72 0 0 64 0 73 11 50 32 17 34 0 14 89 65 0 0 0 30 0 72 0 19 0 0 27 12 0 27
 0 0 29 3 13 0 0 38 0 39 10 34 0 0 58 73 81 0 0 0 62 0 0 15 0 0 0 5 0 0 0 0 20 0 0 0 0 0 0 0 72 0 54 12 0 0 0 0 0 66 0 21 7 88 0 11 0 33 0 0 0 0 17 0 88 0 0 5 33 17 0 12 0 0 0 0 0 4 0 9 28 0 0 38 0 5 0 21 26 32 0 35 0 0 0 11 1 0 74 0 0 0 26 35 8 4 0 24 43 0 0 12 20 31 0 0 0 0 0 0 0 0 0 0 5 0 24 28 65 23 0 0 50 0 59 61 55 34 0 40 0 0 35 41 0 47 0 0 0 0
 23 0 48 0 0 0 0 0 31 66 37 91 29 66 16 47 62 0 0 0 39 0 0 21 1 0 0 0 0 0 35 0 0 0 0 0 0 0 0 41 15 47 0 0 21 3 0 0 0 67 0 16 52 42 18 20 0 51 5 7 0 5 0 38 0 0 0 0 29 0 0 0 0 40 0 23 0 0 0 50 0 4 0 39 0 0 0 4 0 50 0 1 6 0 6 12 14 0 37 58 0 7 32 0 34 0 0 0 5 0 0 3 0 14 21 0 0 33 0 0 0 0 0 20 0 0 45 25 91 50 17 0 78 5 26 61 0 14 1 58 0 40 0 36 0 6 0 0 0 16
 85 53 1 17 0 86 20 0 0 0 57 77 0 8 0 54 27 0 92 69 94 0 18 0 0 0 8 0 21 0 31 50 1 0 0 0 58 71 0 45 55 37 49 0 1 81 0 0 53 18 12 20 64 20 0 0 0 58 0 5 0 0 81 64 96 14 0 0 77 6 34 36 0 0 0 55 0 63 0 7 8 0 0 0 34 4 15 2 46 47 8 14 52 0 74 0 84 6 34 75 0 0 33 68 56 0 36 0 6 0 51 56 0 53 0 0 76 13 6 66 23 0 0 0 19 0 64 26 14 82 0 10 79 30 54 58 60 25 0 60 0 28 38 11 0 30 26 0 53 13
 0 0 0 11 0 0 0 28 0 0 2 0 0 0 0 0 0 0 0 0 0 23 30 0 0 21 0 0 0 3 29 0 0 0 0 0 0 2 0 9 0 0 0 0 0 0 6 0 0 11 17 26 26 36 0 0 0 0 0 0 0 0 0 0 44 0 0 0 0 8 4 0 2 0 0 0 0 0 0 0 7 0 0 30 0 0 0 0 0 0 19 23 0 0 10 0 11 0 46 6 0 0 17 3 0 0 0 0 45 0 21 0 10 0 9 0 0 22 0 7 0 0 0 0 7 0 63 0 0 0 0 0 0 0 0 0 0 1 0 16 0 32 10 0 0 0 0 0 0 0
 9 23 39 0 11 10 1 60 0 42 38 26 72 0 2 0 33 0 39 64 82 32 16 52 46 0 94 50 0 44 12 22 0 65 66 0 28 0 6 74 0 93 51 57 18 66 69 0 47 35 19 0 0 39 35 0 29 16 0 43 15 4 0 47 86 70 0 38 21 2 59 9 87 14 0 0 0 64 0 0 48 40 77 81 0 52 10 41 23 51 65 69 72 0 62 0 11 2 58 69 0 0 68 25 25 56 0 5 34 7 68 0 42 54 0 30 63 38 46 70 10 0 0 0 36 51 71 72 0 39 41 64 0 11 72 22 94 0 59 80 0 0 50 52 0 72 76 5 15 31
 0 0 0 0 0 0 0 23 0 52 0 0 0 0 42 7 0 0 0 7 6 0 0 0 0 0 0 0 0 0 20 0 0 1 0 0 0 0 0 0 56 0 0 0 0 0 0 7 0 36 0 65 81 15 0 0 0 0 0 0 0 0 19 0 35 0 0 7 0 12 24 0 0 11 35 0 0 1 0 0 0 13 0 77 0 0 0 10 5 0 0 11 0 0 65 0 0 0 8 17 0 0 34 0 0 1 0 0 39 0 0 0 0 0 0 0 0 0 0 0 0 0 0 0 0 0 0 0 0 0 0 9 0 0 0 0 0 0 0 18 0 0 8 0 0 0 0 0 0 0
 27 8 20 0 0 43 5 38 0 6 40 28 65 23 0 0 58 0 37 9 65 0 0 0 0 0 53 0 0 0 27 0 0 0 0 0 0 63 0 13 21 36 64 0 14 0 65 0 36 16 3 43 8 20 0 0 17 3 0 23 0 0 0 25 0 0 35 0 12 28 27 83 18 52 26 50 0 0 0 59 2 46 0 19 0 0 19 28 13 0 0 39 12 1 16 16 13 0 20 90 0 0 0 57 76 83 0 0 9 4 11 54 44 47 0 0 54 42 0 0 0 0 5 0 0 0 54 70 22 0 15 0 87 71 62 0 43 51 34 0 0 2 56 57 0 43 62 0 0 0
 26 24 0 0 0 5 0 0 0 0 52 28 0 9 0 0 46 0 12 0 2 0 0 63 32 0 0 32 0 0 26 56 7 0 24 0 45 5 25 18 34 52 90 0 0 15 4 26 23 0 67 1 86 51 0 8 0 31 17 52 0 0 0 32 75 0 0 0 0 0 0 24 0 69 0 0 77 0 0 12 48 56 26 63 0 2 0 67 0 70 64 0 44 0 41 11 0 0 2 37 0 0 0 0 0 20 58 0 23 0 30 0 60 50 0 0 0 44 29 21 0 0 0 0 79 0 0 0 20 9 1 0 25 12 72 0 31 23 49 15 0 73 17 21 0 23 21 5 0 0
 25 4 54 10 43 0 80 20 0 74 68 51 61 0 9 38 21 0 51 0 22 42 17 36 59 1 0 0 69 78 49 40 0 15 22 0 42 19 31 0 45 0 29 67 19 46 59 0 0 65 0 0 91 20 0 78 0 58 0 70 61 24 19 0 70 44 61 5 44 0 16 75 30 24 57 47 44 60 0 34 49 0 33 15 67 26 32 0 17 0 0 38 0 98 71 19 79 53 23 6 0 0 45 61 0 72 84 0 47 6 50 3 23 0 38 59 0 69 0 22 0 35 46 0 32 1 68 36 55 0 0 62 41 0 31 72 10 78 89 0 0 32 63 14 4 24 4 29 13 0
 0 0 18 0 0 0 14 73 0 67 45 0 0 5 0 37 0 0 0 85 42 0 0 52 0 0 0 0 0 0 50 0 0 0 16 0 28 0 0 0 4 0 59 0 0 0 0 0 0 50 9 61 77 25 0 0 0 0 8 2 0 9 0 0 52 21 0 10 19 0 0 0 0 17 9 11 0 0 0 0 1 0 0 47 0 17 28 0 56 20 0 40 23 0 9 0 0 16 39 6 0 0 94 31 46 25 0 18 38 0 0 0 0 31 3 0 0 0 0 9 19 0 21 0 0 0 49 0 49 0 0 0 70 0 0 59 0 13 0 18 0 0 20 0 1 45 0 0 0 17
 0 0 0 0 0 2 0 17 0 39 0 25 71 87 50 4 53 13 0 27 50 0 0 0 0 0 0 0 0 0 0 11 0 0 0 0 0 1 0 62 28 0 22 0 0 32 9 0 41 54 0 69 18 0 22 7 0 26 0 66 0 4 0 54 9 0 0 0 0 0 0 72 0 0 0 60 0 0 0 0 0 12 0 60 0 16 77 90 8 42 0 1 28 0 8 45 0 13 74 45 33 0 35 4 67 48 12 0 32 16 2 26 19 4 0 0 0 75 0 18 0 0 4 0 0 0 0 0 71 50 1 62 33 27 15 42 0 15 25 51 0 32 42 55 0 53 3 0 0 0
 0 0 47 0 5 27 0 0 0 27 24 2 51 59 71 63 22 15 27 15 7 0 0 0 24 0 0 0 0 0 57 77 0 0 0 14 0 87 0 49 49 89 30 0 0 0 33 0 0 9 0 55 81 14 0 0 0 88 0 0 0 0 0 15 51 0 0 0 33 0 8 0 26 19 0 0 0 0 30 9 0 0 0 0 0 0 0 0 50 42 0 19 52 0 23 57 40 6 16 18 0 0 42 97 0 0 86 0 29 0 4 20 30 43 0 0 0 74 0 0 0 9 8 5 0 27 1 0 59 88 33 7 72 0 66 3 16 10 0 72 0 46 0 6 0 20 32 0 0 0
 82 27 26 0 0 64 80 20 9 32 0 74 8 27 2 42 47 0 22 50 0 35 0 21 14 26 43 57 26 42 0 30 0 39 5 0 67 57 47 0 55 25 0 71 0 49 58 0 17 46 21 0 91 42 0 8 0 50 0 74 90 0 0 22 40 25 63 11 19 5 53 52 75 63 0 89 75 0 0 62 52 59 0 46 4 16 45 15 85 0 29 0 0 77 44 0 10 0 15 64 19 0 44 41 59 70 57 26 17 0 67 29 42 61 59 0 0 0 0 45 0 0 0 0 77 7 23 54 29 31 72 0 14 12 27 1 31 31 0 1 0 0 12 35 0 53 19 0 98 0
 0 0 0 0 0 0 17 13 0 0 0 17 0 0 0 0 0 0 13 0 0 0 0 0 0 0 0 2 0 13 4 0 0 0 0 0 0 0 0 0 7 0 10 0 0 0 0 0 0 86 0 0 21 0 0 0 0 0 0 0 0 23 0 0 0 0 0 0 25 0 0 0 3 0 0 0 0 0 0 0 0 2 0 0 0 0 11 0 0 0 0 25 0 25 0 0 0 0 48 0 0 0 0 0 0 0 0 0 0 0 0 0 0 0 0 0 8 0 13 30 0 26 0 0 0 0 0 0 0 0 0 0 0 0 0 0 0 0 0 0 0 17 0 27 0 0 0 0 0 0
 4 25 40 0 0 0 0 54 10 81 65 58 8 50 8 37 54 2 0 0 33 3 0 22 64 0 25 0 25 1 28 2 0 24 58 36 32 17 39 93 60 12 67 44 0 19 32 0 13 3 52 19 72 41 0 0 0 66 0 15 29 29 0 35 48 0 16 0 11 0 60 29 0 77 11 53 52 6 0 45 15 10 0 24 0 65 26 12 48 38 44 24 0 0 45 29 66 0 26 25 0 0 53 20 41 81 4 0 2 0 58 28 24 0 61 7 74 0 0 37 0 47 0 0 3 24 0 0 49 41 0 0 0 49 21 0 25 66 78 46 0 0 0 54 0 0 9 0 0 11
 0 0 74 0 24 90 0 60 11 9 0 0 6 48 9 61 67 0 22 42 6 0 0 87 0 2 57 0 0 10 40 45 0 0 0 0 0 2 0 90 24 6 31 0 0 15 54 18 70 2 58 71 64 54 0 0 0 6 0 33 0 0 0 0 0 0 0 0 18 0 0 27 0 30 0 27 0 0 0 0 0 7 0 25 0 0 10 11 0 12 19 79 58 0 20 7 0 0 10 52 0 0 0 19 1 1 0 0 12 25 0 0 84 59 0 0 31 0 0 0 0 0 0 0 0 0 51 18 9 83 12 30 25 0 0 60 18 0 0 37 0 46 37 20 27 25 14 0 0 0
 73 14 49 0 0 0 8 26 0 23 30 19 0 0 33 51 87 3 0 15 3 0 0 5 0 6 0 0 0 0 59 58 21 0 0 0 0 0 0 65 20 0 29 0 0 0 41 0 53 29 0 0 28 40 0 0 0 0 0 0 0 35 0 0 41 0 0 0 83 0 2 51 0 75 0 71 0 0 0 0 0 15 0 0 0 0 0 7 81 2 0 48 65 0 0 75 31 0 17 0 0 14 0 26 36 0 39 0 59 0 0 0 39 58 0 0 0 64 0 0 23 19 0 0 0 0 61 0 48 28 71 0 39 0 30 43 26 0 0 8 0 0 50 27 0 8 0 19 0 0
 11 0 15 0 0 0 0 18 11 18 0 73 0 38 23 13 0 0 0 38 1 0 0 51 0 0 0 0 0 0 83 67 0 0 0 0 0 0 0 0 29 11 61 0 0 0 0 0 0 13 19 0 10 87 0 0 0 24 0 24 1 0 0 0 0 0 0 0 3 0 0 0 0 13 0 0 0 0 0 69 0 12 0 26 0 0 0 0 8 59 8 0 19 0 10 29 77 2 79 0 21 0 0 74 29 24 14 0 51 0 37 0 72 52 19 0 0 6 0 27 0 0 0 0 0 1 52 0 59 89 57 0 62 21 0 29 52 77 0 0 0 2 20 38 0 51 0 0 0 0
 0 0 16 0 0 0 17 0 23 0 0 45 0 0 0 67 0 0 22 0 0 0 0 0 0 0 7 0 0 27 9 0 0 0 0 25 0 0 6 0 82 0 0 18 0 0 0 0 9 84 0 64 3 36 0 19 0 0 0 0 0 0 0 0 22 11 0 7 0 0 0 21 0 2 0 0 0 1 0 0 0 0 0 8 0 0 0 0 0 0 0 64 0 0 5 0 0 14 20 0 0 0 70 77 0 0 0 0 10 0 0 0 0 0 0 0 0 0 0 0 0 0 0 11 0 0 25 0 0 12 0 25 0 0 0 0 0 2 0 43 0 8 17 27 33 0 23 0 0 0
 0 0 0 0 0 0 0 74 0 0 15 4 0 0 57 0 0 0 0 0 81 0 0 0 0 19 0 0 0 0 10 0 0 0 9 0 0 0 13 0 30 0 15 0 0 13 0 0 0 57 0 84 32 31 0 0 0 0 0 16 0 0 0 0 14 0 0 0 0 0 0 0 0 38 0 36 19 0 11 0 0 0 11 12 0 0 0 0 11 0 0 81 0 7 45 0 0 16 0 0 0 0 16 15 69 10 0 0 44 0 0 0 0 66 0 0 5 0 0 0 0 0 0 11 3 0 48 0 0 24 0 0 14 0 0 0 0 0 0 68 0 6 78 0 0 0 0 0 0 19
 7 0 22 0 0 44 0 21 0 32 18 76 3 44 0 22 48 0 15 35 0 0 0 0 0 16 0 0 0 26 3 14 0 27 0 0 0 73 0 49 32 81 26 0 0 0 33 0 13 32 34 63 0 0 13 0 12 0 16 50 0 0 2 39 16 0 0 0 37 5 40 44 0 0 0 55 9 0 8 15 33 29 0 12 0 0 36 0 51 43 0 13 76 0 23 0 0 0 0 6 0 0 0 10 0 0 22 0 0 0 0 25 18 16 0 0 20 58 13 0 25 0 0 0 0 0 0 73 13 6 16 12 46 52 28 38 12 87 26 0 5 44 51 63 0 31 0 3 0 0
 3 0 0 0 0 0 0 0 0 8 0 0 0 0 0 0 0 0 0 0 0 17 0 3 0 0 0 16 18 0 0 0 0 0 0 0 0 0 0 23 0 0 0 0 0 0 0 12 0 9 0 0 0 0 0 0 0 0 0 0 0 0 0 0 0 0 0 0 0 0 0 0 0 0 0 0 0 9 0 0 0 0 8 0 0 0 0 11 0 0 0 0 0 0 0 0 0 0 0 0 0 0 0 0 0 24 0 0 0 0 0 0 0 0 12 0 0 0 24 0 0 0 22 18 26 3 0 0 0 0 0 0 0 0 0 5 0 0 0 0 0 0 0 0 0 0 0 0 28 0
 7 0 45 0 0 49 0 34 0 72 0 36 3 53 0 0 8 0 0 57 0 0 0 53 0 0 0 0 0 3 13 23 0 0 23 0 0 0 0 27 3 66 43 5 0 29 36 0 47 0 0 82 26 34 0 23 0 66 0 12 0 0 0 51 79 4 23 0 39 0 58 0 0 64 0 13 0 0 19 0 0 0 11 48 1 0 0 0 58 28 0 37 0 0 47 69 51 0 4 54 16 0 73 0 30 5 91 0 33 17 14 37 29 0 0 0 0 0 0 0 0 0 0 0 0 15 0 0 13 14 10 17 43 0 62 41 41 98 0 0 16 17 48 43 0 50 0 16 0 0
 37 25 19 0 57 19 56 50 0 19 55 28 0 0 9 73 48 3 29 43 90 71 0 52 86 0 1 34 31 40 68 73 0 42 65 0 59 23 0 42 39 21 76 81 0 42 0 0 62 0 0 14 73 0 0 84 0 52 29 42 30 0 24 0 0 0 0 0 0 0 44 25 81 50 18 44 0 51 0 23 88 11 0 0 5 89 55 45 99 0 89 29 5 0 18 34 18 0 2 51 0 0 0 41 53 75 47 0 57 0 0 65 65 41 60 0 38 21 42 24 0 91 0 0 41 0 3 33 3 17 13 50 0 8 68 48 66 84 58 0 0 73 60 3 0 14 48 0 35 0
 0 0 0 27 0 0 0 49 8 65 0 0 0 21 8 7 0 0 0 0 0 0 0 0 0 2 0 27 0 3 57 0 0 0 0 0 0 0 0 16 44 18 0 0 0 0 0 0 0 0 0 40 50 56 0 0 0 0 0 7 0 0 0 0 6 12 0 0 33 0 9 0 0 0 0 0 0 0 0 0 0 0 0 14 0 0 7 0 0 0 0 93 0 0 0 0 0 0 20 27 13 0 65 11 0 42 0 0 0 0 0 0 17 0 0 0 0 0 0 0 2 0 0 0 9 0 90 6 0 0 0 0 11 1 0 0 0 0 0 62 0 0 55 0 0 0 0 0 0 0
 0 0 0 0 0 0 0 53 0 6 18 14 3 30 52 21 46 12 0 0 11 0 0 0 0 0 2 0 0 0 0 0 13 0 0 4 0 0 0 0 46 24 9 11 0 0 63 0 0 0 0 0 0 0 0 0 0 65 0 0 0 15 8 0 37 0 0 0 0 0 0 0 7 75 29 38 0 0 0 8 0 0 4 17 0 0 0 0 3 62 8 8 0 0 29 0 63 0 14 0 0 0 85 58 0 6 16 0 18 0 0 0 0 56 0 0 0 28 0 22 16 30 0 0 0 29 23 0 37 63 36 0 14 0 16 0 57 21 1 31 0 56 0 47 0 0 0 18 0 0
 0 0 18 0 0 0 0 25 19 72 45 8 0 23 98 32 0 0 0 45 0 0 0 15 0 0 0 0 0 0 33 17 0 0 0 0 0 0 7 0 60 0 46 0 20 27 0 0 0 1 0 35 12 0 0 0 0 0 0 0 17 0 0 15 55 0 0 0 0 0 0 0 0 0 0 7 0 3 0 53 1 0 0 30 0 3 0 0 60 54 20 91 0 0 80 0 0 5 47 0 0 0 0 17 78 25 2 0 32 0 0 0 50 0 0 0 0 0 0 0 0 0 0 0 0 0 49 0 62 47 0 0 65 0 0 14 59 0 0 0 0 18 26 0 0 70 5 27 0 0
 37 0 12 0 0 11 1 7 0 37 3 0 0 24 30 7 80 0 50 5 43 28 0 13 0 0 23 80 28 13 40 56 0 64 3 0 19 0 13 23 0 0 50 15 16 50 66 0 61 55 0 23 49 25 72 0 0 48 0 44 7 0 59 20 85 14 26 0 57 58 56 32 0 53 0 45 5 3 0 0 0 0 13 55 8 12 34 0 0 0 25 44 76 53 2 63 0 0 19 0 0 0 85 19 36 22 36 6 83 0 59 51 61 75 80 12 4 0 45 32 0 51 16 0 0 0 0 0 33 18 62 23 0 15 8 63 0 9 23 42 0 9 0 35 0 53 0 0 44 2
 2 0 9 0 0 0 0 0 0 1 7 0 0 0 0 0 12 0 0 0 0 0 0 0 23 0 0 5 0 0 0 0 2 0 0 18 27 0 0 0 0 0 0 0 0 0 0 0 0 88 0 0 0 7 0 0 0 0 5 25 0 5 0 0 0 0 0 0 0 0 0 0 0 0 0 0 0 0 0 0 0 0 0 0 0 0 0 0 0 0 16 26 0 0 0 0 0 0 0 0 0 0 0 0 0 0 0 0 0 17 0 0 0 0 0 0 13 0 0 0 0 2 0 16 0 0 0 17 0 0 0 17 0 0 0 0 0 8 0 4 0 0 0 0 0 0 6 0 0 0
 16 0 37 32 0 0 0 0 0 0 3 76 0 92 0 44 90 0 0 0 46 31 14 3 2 12 0 0 0 0 19 0 32 0 0 0 0 0 11 1 74 73 0 23 0 86 0 3 0 70 0 0 66 88 11 3 0 0 0 53 0 0 0 40 2 1 0 0 5 0 40 0 0 0 0 0 0 0 0 0 0 0 0 73 0 0 0 18 15 82 0 70 0 0 0 21 60 15 43 0 0 0 18 84 88 43 8 0 0 0 0 28 14 6 0 0 0 0 0 7 13 0 0 0 0 7 51 0 3 80 18 0 12 0 21 4 43 34 0 52 0 40 28 79 0 51 0 3 0 0
 51 32 0 7 55 41 37 53 0 25 72 0 0 19 11 37 87 66 86 16 72 50 37 24 62 41 25 12 35 72 19 0 0 0 43 11 20 71 25 66 52 22 13 52 0 63 20 73 1 84 70 0 36 66 10 70 22 0 1 12 9 13 56 18 82 33 26 6 81 3 45 14 15 69 55 55 2 41 36 42 0 10 0 37 0 89 2 0 72 56 38 69 0 67 0 15 48 41 22 14 0 0 88 73 42 92 79 12 0 0 54 62 60 14 24 59 0 10 31 26 0 59 61 49 50 0 69 0 44 63 0 0 0 39 27 44 68 61 2 49 0 30 16 0 64 33 7 0 37 88
 12 39 47 0 16 43 32 36 0 26 50 63 2 0 82 79 52 0 37 29 34 50 21 35 2 0 32 53 0 0 85 0 82 97 58 52 0 56 55 9 42 31 33 66 21 64 20 0 89 0 73 91 64 0 5 40 45 80 0 0 46 0 0 62 0 40 44 19 0 0 36 0 65 71 30 37 3 81 26 37 41 73 8 63 35 44 0 60 59 36 20 64 33 25 46 62 35 47 29 17 0 0 45 6 25 45 54 0 62 0 47 57 63 66 27 5 78 7 40 0 20 25 58 11 3 44 0 75 70 59 26 67 34 3 0 55 0 45 40 32 0 44 39 0 0 41 0 0 35 48
 0 0 16 19 0 0 0 82 2 62 0 0 0 7 17 0 0 0 0 0 0 0 0 0 0 0 0 0 0 0 47 0 2 11 0 5 0 0 0 0 36 24 0 0 0 0 0 0 0 11 0 0 0 23 12 0 0 0 0 0 0 0 1 0 60 0 0 0 0 0 0 0 0 0 0 0 10 27 0 0 0 0 0 16 0 1 6 2 0 0 8 3 0 36 0 0 30 0 55 0 0 0 0 58 2 0 0 22 24 0 0 0 0 22 0 0 0 16 0 0 0 0 0 0 0 0 78 0 0 0 2 0 0 0 0 17 22 0 7 15 6 0 26 0 0 0 0 10 2 0
 0 0 0 0 37 0 0 0 0 21 0 0 0 0 80 0 11 0 0 0 0 0 14 0 2 0 2 8 18 0 34 0 0 0 0 16 0 0 0 0 20 0 0 0 0 0 20 0 0 0 0 57 0 26 0 0 0 0 20 0 0 0 0 0 60 23 30 0 0 0 0 25 0 0 0 31 0 4 0 0 0 0 0 10 0 0 0 0 0 0 0 86 22 0 0 0 0 0 85 0 0 0 0 0 0 25 0 0 8 0 0 0 0 0 14 0 0 0 0 0 0 0 0 0 0 19 59 0 0 0 1 18 0 0 0 2 1 0 0 0 0 0 0 0 0 0 0 20 3 0
 0 0 0 3 0 0 0 49 0 52 10 50 0 0 38 5 0 0 0 0 0 2 0 0 0 0 0 0 1 12 45 0 10 24 0 15 0 0 27 0 36 15 28 20 0 0 0 0 0 0 0 23 0 24 0 15 0 0 0 0 4 2 10 0 57 0 0 1 8 0 0 0 0 18 0 19 0 15 31 0 0 20 0 68 0 0 0 0 38 0 25 45 0 0 72 38 0 0 79 0 0 0 0 29 0 37 0 0 0 12 8 0 0 0 11 0 0 0 0 4 11 0 0 0 0 0 32 0 23 0 0 0 0 0 0 5 0 0 0 34 0 14 83 0 0 0 0 0 0 0
 0 0 0 0 0 0 0 0 36 32 0 0 9 0 25 0 0 0 0 0 0 0 0 0 0 0 0 0 0 0 0 0 0 0 0 0 0 0 0 0 5 0 0 0 8 0 0 0 0 0 0 45 84 50 2 0 0 0 0 1 0 0 8 0 53 8 0 0 0 0 0 0 25 7 0 0 0 0 0 0 0 16 0 17 0 0 0 0 21 0 7 0 0 0 0 0 0 0 53 0 0 0 32 0 0 0 0 0 40 0 0 0 0 0 0 0 0 0 0 0 0 0 0 0 0 0 3 0 39 0 0 14 0 0 0 0 0 0 0 11 0 0 34 0 0 0 0 0 27 22
 0 0 25 0 0 0 37 0 0 17 33 41 0 1 59 42 0 0 0 8 0 0 0 20 0 18 16 12 0 0 8 0 7 0 0 0 0 0 6 54 0 32 48 0 0 75 0 0 0 55 0 2 33 0 0 0 0 55 11 0 0 9 0 0 50 0 0 13 56 0 24 13 0 18 13 15 13 0 0 28 0 0 0 64 0 21 0 0 37 28 0 53 0 0 70 0 0 0 27 0 0 0 66 92 11 1 0 0 27 9 0 0 87 6 0 0 0 71 6 0 0 0 0 0 7 0 1 0 5 50 0 0 47 0 8 17 7 44 0 22 0 26 0 12 0 0 0 33 0 0
 13 2 84 0 4 24 4 16 0 75 0 0 41 67 43 0 49 0 39 3 16 39 36 59 59 0 47 37 41 0 76 76 71 0 0 0 0 22 49 36 0 67 57 7 39 0 73 24 59 0 36 43 0 32 0 62 43 0 0 27 14 0 34 0 9 25 14 30 0 70 0 39 44 39 0 7 88 78 59 0 41 65 0 54 53 6 53 47 18 4 51 35 47 42 57 53 46 0 91 3 0 39 0 48 11 47 67 0 5 0 10 28 59 49 0 45 0 40 90 46 62 24 0 0 58 61 5 58 26 0 31 37 4 0 40 51 43 40 0 59 0 60 4 0 0 0 27 0 10 67
 0 0 0 0 0 0 0 0 0 29 0 5 0 0 71 0 6 0 0 0 1 14 29 0 0 0 0 0 13 14 54 0 0 14 0 13 0 2 0 0 0 0 0 3 0 5 3 0 0 21 0 65 18 0 11 0 14 0 0 0 0 0 0 3 31 0 0 0 0 0 0 0 0 0 0 0 0 0 0 0 0 0 0 94 0 0 0 0 0 0 25 49 0 0 24 0 0 0 54 6 21 0 0 0 5 0 0 0 0 0 0 0 9 0 0 0 0 0 0 0 0 0 0 0 0 0 42 0 0 0 0 18 0 0 6 7 0 0 0 0 0 0 23 21 0 0 4 0 0 0
 0 16 0 17 90 22 0 2 19 7 0 0 56 27 87 81 56 0 0 26 53 20 0 82 44 0 0 35 81 43 32 69 3 24 3 0 31 0 85 0 0 18 19 72 37 44 65 18 0 36 5 64 29 44 0 0 0 0 37 29 58 52 24 0 22 59 0 18 72 60 53 10 27 7 0 8 0 83 0 76 0 65 30 11 44 0 66 26 47 17 28 2 0 49 4 13 70 11 0 78 6 56 85 1 0 25 0 43 16 0 80 19 32 26 40 4 61 36 0 66 11 0 0 0 5 66 0 28 32 0 0 43 0 19 16 71 33 45 13 89 0 33 32 73 35 11 80 73 0 0
 48 37 15 0 0 39 0 81 0 0 50 0 70 34 77 61 20 0 76 45 67 0 0 81 32 19 0 6 12 0 76 82 0 0 0 14 27 71 10 6 68 61 8 0 0 15 33 0 6 16 33 46 10 26 0 0 3 24 0 20 0 0 42 45 0 0 0 0 26 14 9 69 0 0 0 27 0 0 0 65 0 0 0 63 0 50 73 0 22 44 21 12 0 5 61 13 17 0 41 37 0 0 3 74 0 80 15 0 7 0 0 9 72 61 9 0 0 62 58 71 0 17 0 0 0 0 35 33 59 12 55 53 88 32 0 75 0 9 40 59 0 63 96 3 0 0 0 0 0 61
 20 11 45 0 0 78 0 6 0 0 12 64 70 40 0 4 34 0 0 33 60 0 0 64 0 0 0 0 0 0 29 64 0 19 0 0 0 0 0 34 10 0 15 0 0 0 0 0 28 67 0 0 0 0 0 0 16 39 0 47 5 0 0 60 2 25 0 0 34 0 0 0 0 75 18 30 0 6 0 41 0 0 0 30 0 8 66 82 71 28 0 26 0 0 26 31 34 0 45 0 0 0 12 56 0 6 36 0 9 0 0 0 38 0 0 25 17 13 0 0 0 0 0 0 0 0 22 16 4 1 0 0 66 9 15 0 37 44 89 0 22 61 0 24 13 0 75 0 0 0
 0 0 0 0 0 0 0 8 0 31 53 14 0 0 12 38 36 0 0 0 16 0 0 8 0 24 0 0 19 0 58 7 29 0 0 0 0 0 0 0 14 0 8 0 0 0 0 0 0 28 0 27 20 45 0 14 23 0 0 0 0 0 0 0 64 0 0 0 7 0 0 6 20 0 0 27 0 0 0 67 0 0 0 64 0 0 0 0 21 36 0 8 0 0 0 8 0 0 48 0 0 0 62 82 91 24 0 0 0 0 0 0 0 82 0 0 0 0 0 0 18 0 0 1 0 0 72 35 12 0 37 0 18 0 0 30 25 0 0 23 0 0 0 18 0 25 0 0 0 0
 26 9 31 0 0 0 0 0 0 36 54 60 0 19 20 0 2 0 0 0 0 0 0 0 25 0 0 0 0 0 64 0 0 0 26 0 0 0 0 0 0 20 0 15 0 0 0 0 0 7 0 35 83 13 0 0 0 32 10 0 0 0 0 0 78 0 0 8 0 0 0 0 0 11 0 38 0 0 15 0 0 0 0 41 26 0 0 0 45 0 0 19 7 0 53 0 10 0 18 0 0 0 0 33 7 64 0 0 48 0 0 7 0 0 0 0 0 0 0 3 0 0 8 0 4 0 64 11 0 5 0 0 13 0 0 0 0 0 7 66 0 0 21 0 0 0 0 0 0 0
 63 73 63 0 0 64 0 13 10 14 51 62 42 54 75 0 65 0 0 61 12 0 0 48 48 0 12 0 24 0 77 17 8 0 0 18 0 56 0 0 7 67 58 0 0 0 0 0 0 0 72 23 0 0 0 0 0 0 0 84 0 0 53 40 23 57 0 0 4 34 53 0 11 0 32 14 6 39 0 0 40 91 0 32 0 22 2 0 58 52 26 0 39 0 89 54 43 0 54 14 0 0 22 0 0 22 43 13 7 0 0 49 81 95 0 0 39 18 9 33 0 0 10 0 0 0 0 19 40 48 0 34 2 0 0 0 61 83 0 0 0 34 88 0 0 10 25 6 84 51
 0 98 13 0 78 40 83 34 0 92 74 58 43 10 51 37 0 0 56 33 23 0 0 24 7 0 63 0 0 26 41 27 2 66 0 0 61 52 0 22 14 41 0 17 60 0 79 0 32 19 0 51 0 20 35 38 49 32 0 25 0 0 21 54 4 72 28 19 25 44 43 19 12 49 0 6 4 3 0 17 22 13 72 79 0 11 0 43 77 35 29 25 54 32 71 3 19 0 3 44 0 0 32 19 68 4 43 0 58 0 21 0 57 5 26 0 5 14 85 52 3 26 37 7 28 1 23 54 41 65 5 0 2 38 37 0 56 61 50 29 0 74 4 0 15 82 74 21 54 89
 0 0 43 0 0 45 0 2 0 20 23 14 28 41 28 65 18 4 0 14 29 2 0 0 11 7 0 0 0 0 0 38 0 0 0 0 0 17 0 84 35 0 57 0 0 66 7 0 17 44 66 11 74 61 0 0 29 63 0 0 0 10 0 78 1 0 0 0 32 0 29 47 0 53 0 25 0 2 35 67 9 24 5 0 0 0 62 21 25 0 0 51 65 0 13 21 69 0 0 59 33 0 37 0 8 26 31 30 51 0 25 0 82 82 0 0 0 40 53 4 17 0 0 0 10 0 26 29 0 0 63 51 47 0 92 41 86 54 91 0 0 7 74 66 0 6 33 0 0 0
 0 4 77 21 0 6 3 26 0 76 0 58 0 1 12 24 35 0 0 71 55 0 20 54 0 20 0 0 0 0 20 0 21 0 0 0 0 0 0 61 0 66 18 0 0 83 0 0 0 22 0 0 73 35 0 0 0 66 6 0 0 0 0 7 61 0 0 0 59 0 32 0 0 0 0 84 0 0 0 26 0 0 28 8 14 21 0 0 58 70 0 39 7 0 15 0 65 7 34 11 0 0 0 56 21 36 0 0 76 0 0 0 62 67 0 0 0 0 27 0 0 0 0 0 0 0 54 27 58 53 0 0 0 0 57 0 18 37 25 78 2 32 0 26 3 6 25 0 6 8
 49 3 18 0 0 34 0 18 0 42 37 0 88 28 71 15 22 6 0 0 0 0 7 6 0 0 1 0 0 0 59 14 6 0 0 0 14 11 0 5 37 47 0 17 0 0 13 0 0 0 0 41 21 87 0 0 0 61 26 65 0 0 2 41 0 0 0 0 41 0 61 42 0 64 0 18 2 0 10 45 6 7 4 0 28 9 40 36 36 88 0 0 51 0 28 39 78 0 1 89 0 0 43 38 23 58 0 0 29 18 0 45 45 17 0 0 0 0 0 4 0 0 0 0 0 0 31 0 19 72 0 0 22 1 41 0 39 0 54 71 0 65 49 40 0 86 57 0 0 0
 26 0 37 0 0 40 0 3 0 73 64 38 71 0 27 54 0 27 7 28 0 10 0 0 36 0 58 0 0 4 11 26 18 0 0 0 32 0 0 0 0 54 20 0 0 36 18 0 69 53 15 26 78 9 26 0 0 28 0 38 27 0 0 0 0 9 0 0 30 0 30 66 0 0 0 40 8 0 0 0 0 28 0 0 0 65 60 0 56 43 30 60 46 0 60 0 26 0 1 0 0 4 11 29 0 87 78 0 50 0 0 28 0 0 0 0 0 2 0 0 0 0 0 0 0 0 15 80 0 63 30 0 43 42 49 0 71 66 0 33 0 30 71 32 0 0 5 12 0 65
 45 70 0 48 41 24 0 16 72 24 0 19 22 60 76 20 22 0 0 0 10 18 80 47 18 0 32 55 16 0 40 76 67 15 47 80 58 61 41 60 66 3 2 35 32 20 0 0 1 48 28 6 14 36 62 31 17 23 0 0 27 0 89 0 0 25 63 0 47 40 53 69 0 64 0 0 41 16 2 0 60 31 61 28 42 3 0 73 31 2 0 64 11 24 0 0 57 72 10 0 15 0 67 55 0 4 71 0 38 0 81 30 0 75 59 0 0 33 78 70 0 78 71 0 64 4 77 26 0 0 0 8 37 0 34 8 65 43 52 28 0 83 38 48 10 21 0 0 16 55
 0 84 74 0 0 26 71 20 0 66 0 0 0 58 25 36 0 14 34 54 0 0 0 71 58 0 40 0 32 0 66 94 0 2 0 0 74 32 0 22 35 62 74 0 0 32 32 0 66 0 58 70 74 0 0 0 0 4 0 23 0 4 54 0 7 7 0 0 32 0 68 11 61 36 18 18 27 13 0 25 80 0 4 0 0 87 0 16 30 52 8 52 6 0 65 0 31 0 0 3 0 0 68 43 0 78 64 0 36 1 0 19 43 77 12 0 62 74 44 44 0 0 0 0 0 0 49 0 64 16 0 0 79 0 42 0 0 80 49 34 0 45 1 60 0 43 0 0 0 43
 33 0 16 55 0 61 0 0 0 38 7 61 34 29 88 34 55 0 6 58 0 0 32 0 48 0 0 58 61 54 0 81 0 0 0 0 40 19 51 0 11 31 32 26 30 71 49 0 44 3 66 14 85 0 11 15 87 72 0 39 19 0 86 12 65 8 0 0 0 19 1 58 66 30 74 1 0 13 0 0 0 0 13 60 46 51 8 3 33 19 8 0 11 85 61 54 3 0 56 36 0 0 57 20 60 60 30 24 24 9 57 3 39 0 0 0 75 44 57 16 0 34 0 1 49 68 95 22 24 2 4 63 25 62 63 25 19 24 60 47 0 96 88 0 16 68 0 0 0 36
 36 57 0 8 0 94 23 43 0 1 30 90 0 51 42 48 46 19 34 0 55 57 95 16 71 7 0 0 56 14 0 77 0 56 46 0 29 0 69 87 56 1 3 16 2 71 15 0 48 60 26 19 6 21 1 41 27 49 0 81 26 0 23 0 17 46 0 36 0 93 32 0 32 1 25 52 68 47 62 4 13 0 52 38 57 4 71 31 0 0 66 0 63 25 64 6 71 48 0 2 0 0 42 0 66 5 37 29 3 19 55 12 0 9 63 0 19 29 53 26 0 1 0 0 0 45 0 17 0 58 87 0 67 0 7 0 0 74 75 0 0 33 72 0 10 0 2 0 43 87
 54 59 21 0 0 0 0 0 0 32 57 29 0 23 0 69 54 0 0 1 72 0 0 90 6 0 0 0 2 0 30 32 10 0 16 0 0 24 0 19 24 87 0 0 7 79 51 0 40 0 0 0 0 72 0 0 2 16 0 0 33 0 4 23 0 0 0 0 22 0 0 52 0 0 0 25 45 0 0 74 64 23 0 43 0 38 39 19 0 0 60 0 43 0 0 55 44 3 38 7 0 0 63 36 59 58 0 0 58 0 20 13 70 0 6 0 0 53 38 68 0 5 0 18 0 0 0 66 0 51 11 4 0 45 66 46 0 66 14 0 0 21 71 18 0 14 0 1 0 0
 22 37 27 0 0 0 43 23 0 50 0 53 63 45 58 69 31 0 53 8 0 58 0 73 20 0 90 0 42 90 0 41 0 40 49 0 0 43 19 25 0 9 0 0 0 0 0 0 26 67 70 34 0 30 56 27 8 23 0 21 16 0 17 0 55 8 59 33 23 46 47 24 42 13 0 85 23 20 0 78 48 0 0 37 0 82 9 0 62 44 33 0 0 55 63 0 71 7 39 0 26 0 38 0 41 25 35 0 50 0 15 23 12 70 27 0 23 79 74 35 0 44 0 0 5 0 67 29 11 24 63 28 53 0 65 90 57 74 93 37 0 0 38 8 0 0 47 2 35 0
 0 0 0 24 0 0 0 0 0 55 0 0 0 0 29 0 0 18 10 0 0 3 0 0 18 26 0 0 0 0 83 0 0 0 0 2 0 0 0 0 74 0 0 0 0 0 0 0 0 72 11 29 16 48 0 0 5 0 0 0 0 0 0 0 26 0 0 0 0 0 0 0 0 0 0 6 0 20 0 0 23 0 0 14 6 0 0 0 0 0 9 1 7 0 0 0 0 0 83 0 0 3 0 0 0 0 0 0 0 27 0 0 0 0 16 0 0 0 0 0 0 0 0 33 0 0 0 0 0 0 0 0 0 0 0 0 0 0 0 89 3 0 49 0 0 0 0 0 0 14
 57 0 69 0 0 83 0 59 0 71 48 0 80 23 21 58 18 0 0 27 47 0 0 23 0 0 39 0 0 0 0 17 16 0 0 16 0 0 18 76 1 62 37 0 0 60 0 0 0 84 7 76 62 89 0 0 0 7 0 4 0 0 0 94 6 17 0 0 14 0 0 0 0 3 0 24 0 7 0 11 50 50 0 10 3 0 30 86 5 70 0 41 78 0 0 29 6 3 0 63 6 0 31 33 3 42 16 0 51 0 0 0 0 0 0 0 0 0 48 0 0 24 0 0 0 0 2 0 19 40 74 38 0 0 28 50 53 41 0 27 0 57 0 27 6 35 83 0 0 4
 0 0 2 0 0 13 0 51 0 0 44 62 0 21 66 37 26 0 0 0 0 1 3 5 0 36 0 0 0 0 4 0 0 9 0 0 0 0 0 0 60 17 0 0 0 0 0 0 0 90 0 2 8 60 0 0 0 0 0 0 0 0 0 0 36 0 0 0 0 0 0 0 0 49 25 56 0 0 0 0 0 0 0 15 0 0 0 0 16 5 0 8 0 0 67 0 0 0 37 0 0 0 86 54 0 0 0 0 8 0 0 0 0 34 0 0 4 0 0 1 23 0 0 6 8 0 63 0 0 0 0 0 0 0 0 0 0 0 0 52 0 16 28 0 33 0 0 0 0 0
 0 0 39 35 4 0 0 0 0 48 46 2 0 0 0 69 56 1 0 11 74 0 0 12 0 0 0 0 0 0 0 0 0 0 0 0 0 0 0 0 55 0 88 0 12 0 0 0 0 5 0 72 0 12 0 0 0 0 0 0 15 31 0 10 82 0 0 0 31 0 0 0 0 69 0 19 1 0 29 60 0 0 0 45 0 0 0 0 0 0 0 24 0 0 38 0 0 0 13 0 0 0 22 61 88 5 0 6 59 12 0 0 60 0 0 0 15 0 0 0 25 0 0 0 0 0 67 0 2 0 0 0 30 0 13 60 18 0 0 38 0 0 38 16 0 43 0 0 0 30
 0 0 1 0 0 2 9 73 0 32 0 23 0 36 35 0 9 0 0 61 74 0 0 0 0 0 0 0 0 0 15 0 0 0 0 18 0 0 0 92 6 24 17 19 0 0 12 11 0 17 0 17 16 63 0 2 0 63 0 95 0 13 0 71 0 0 0 0 0 0 18 0 4 47 0 54 0 0 7 24 0 0 0 2 5 0 0 0 27 67 0 29 0 0 75 0 59 0 25 0 16 0 0 0 22 25 14 0 22 3 0 6 0 63 1 0 0 55 8 0 14 0 0 0 0 0 43 0 30 65 0 0 0 0 0 0 58 63 0 67 0 68 38 37 0 0 0 0 14 0
 58 0 2 0 0 49 0 4 0 0 90 30 20 66 39 50 76 0 0 12 61 0 0 34 0 0 0 2 21 27 73 0 0 18 0 0 0 0 3 95 60 83 0 9 0 53 18 21 22 38 0 32 23 40 0 3 0 54 0 13 0 0 0 20 10 0 0 0 0 0 75 81 0 59 0 0 2 35 0 6 0 0 5 95 12 0 1 38 0 37 0 73 0 0 50 40 11 0 0 24 10 0 57 0 36 0 54 0 0 0 0 79 47 3 0 14 0 65 12 28 0 2 0 12 0 0 21 0 69 32 90 0 61 2 32 13 23 35 0 19 0 67 96 77 23 13 52 0 0 0
 0 0 0 0 0 0 0 20 4 76 33 50 0 0 29 33 0 0 0 45 0 0 14 69 0 18 0 11 0 0 38 0 0 0 0 0 0 0 0 0 37 0 69 0 0 0 0 1 0 47 0 35 0 0 0 0 0 13 0 0 0 0 0 0 76 0 0 15 21 1 0 0 0 19 4 30 0 0 0 0 0 0 0 34 25 0 0 0 26 0 0 65 0 1 0 0 0 3 60 0 5 0 36 70 21 79 0 0 23 29 0 0 0 0 0 0 0 7 0 0 0 0 0 0 21 0 0 24 34 0 19 0 0 0 30 25 0 0 0 0 11 40 0 0 0 0 0 0 4 0
 49 0 53 27 17 0 0 58 2 9 19 44 2 25 28 23 4 0 62 53 29 0 0 30 0 0 77 0 0 0 34 49 5 0 0 0 0 40 0 22 54 6 59 0 0 50 33 0 52 50 0 76 42 0 10 0 5 80 0 40 0 0 0 35 68 0 0 0 39 0 53 0 0 37 0 42 0 0 33 17 0 57 0 11 0 21 50 0 76 64 0 13 35 0 0 14 29 0 7 31 0 0 66 48 24 49 77 13 3 0 0 0 87 37 24 0 25 53 0 0 2 22 0 14 0 24 56 15 63 30 81 0 42 0 58 44 0 60 38 0 0 27 0 34 0 44 30 8 0 0
 0 0 90 0 14 0 9 0 0 25 51 42 0 13 45 3 25 0 0 54 44 14 0 0 0 0 0 18 0 0 24 0 0 0 0 0 0 0 0 0 77 1 76 0 0 0 31 0 0 8 26 54 42 0 4 0 0 0 0 0 0 15 0 0 44 0 4 0 31 0 0 0 0 59 0 38 0 0 0 36 0 0 0 13 0 13 0 1 1 28 0 3 0 0 0 0 11 0 22 0 0 32 11 12 23 13 0 0 0 0 30 0 4 16 6 0 0 0 0 0 0 0 0 0 0 0 41 0 59 0 13 0 0 0 0 8 9 0 1 17 13 68 59 0 28 0 0 0 0 0
 0 0 26 0 0 0 1 18 0 62 0 0 0 0 0 11 0 0 0 0 0 0 0 0 0 0 32 0 0 0 38 23 37 0 0 0 0 1 0 0 83 0 32 0 0 0 0 8 0 60 3 50 27 0 0 0 0 8 0 7 0 27 0 5 0 0 0 0 0 0 0 0 0 11 0 4 1 15 0 0 0 0 0 85 22 0 0 0 9 20 0 0 0 0 66 31 0 0 62 0 0 0 0 0 0 24 0 0 0 0 0 29 0 39 8 18 0 13 16 14 0 2 0 18 0 0 32 0 5 0 10 0 0 0 0 0 0 0 0 24 0 0 55 0 0 6 0 0 5 31
 0 27 0 0 0 2 18 19 0 0 26 62 0 0 26 32 0 6 0 0 36 0 0 0 0 0 0 0 0 0 1 0 11 0 0 0 0 0 0 18 60 0 70 8 10 0 5 0 0 5 0 23 8 8 0 0 8 4 0 8 0 0 0 0 0 0 0 0 0 10 0 28 0 86 0 14 0 0 0 4 11 0 0 32 0 0 0 0 37 31 0 47 0 0 64 0 0 34 60 0 0 30 0 0 59 54 0 0 41 0 9 0 0 29 0 0 0 0 0 0 0 26 0 3 3 0 33 0 34 0 0 0 1 25 0 70 0 0 0 33 0 23 0 1 0 0 0 0 0 0
 11 0 53 0 0 0 9 0 0 50 0 19 26 0 0 60 69 0 0 72 29 11 0 0 0 0 0 0 0 0 49 0 0 0 0 19 25 0 0 0 69 12 33 0 0 41 0 0 0 23 0 0 20 37 0 0 0 0 0 13 8 32 4 0 66 15 0 13 50 2 0 0 0 0 16 59 0 0 0 0 0 0 0 65 0 7 12 0 0 28 0 30 0 0 54 0 11 0 0 0 0 0 52 42 37 15 0 0 21 0 0 0 91 65 0 0 0 0 7 0 0 0 0 0 0 0 68 0 2 43 0 0 6 0 37 1 60 0 0 16 0 4 23 38 0 35 0 0 0 0
 80 0 84 0 0 41 0 0 0 35 47 72 0 67 45 18 77 0 0 29 22 0 0 0 0 0 0 0 0 0 36 0 0 0 0 0 0 0 0 1 0 44 0 0 0 49 58 12 1 78 0 0 64 47 0 13 0 93 0 59 0 0 0 0 0 0 0 0 18 18 51 0 25 28 0 66 0 0 0 13 0 14 1 23 0 9 23 71 17 76 0 53 82 0 39 0 72 0 49 91 0 0 0 34 3 3 64 17 41 0 0 0 15 0 29 0 0 0 0 8 0 0 0 0 0 0 82 4 85 69 38 25 55 0 0 69 25 37 0 62 0 66 16 25 0 5 29 0 0 0
 0 0 0 12 0 6 0 0 0 9 0 0 0 1 4 32 6 0 0 0 0 0 0 0 0 7 1 0 0 0 0 15 0 0 0 0 0 29 0 0 26 20 0 15 0 0 0 0 0 19 0 0 0 0 28 0 0 0 0 0 0 0 4 0 0 5 0 0 0 0 0 0 0 0 0 0 12 0 33 0 0 0 0 67 0 0 0 7 0 0 10 64 23 26 0 0 25 0 0 0 0 0 0 10 0 0 0 0 27 0 0 18 0 0 31 0 7 0 0 0 0 0 0 1 4 0 0 0 0 0 0 0 32 21 0 0 0 0 0 0 9 0 0 0 0 0 0 6 0 0
 0 61 43 60 80 34 63 37 14 23 36 27 22 67 0 53 8 0 0 0 81 2 30 77 0 63 19 77 27 0 55 0 4 23 48 0 19 44 17 15 0 31 0 25 29 91 13 11 13 63 0 0 70 68 76 13 2 66 0 50 9 0 81 3 0 70 0 23 30 80 6 23 47 5 95 33 93 11 15 77 73 54 16 76 5 58 12 56 47 57 0 20 0 58 47 37 4 72 17 29 54 10 0 94 19 75 20 28 42 26 63 0 75 22 64 10 4 0 22 12 57 86 43 76 64 13 0 43 69 57 52 79 0 21 0 15 27 49 33 0 0 2 53 47 53 18 69 48 16 14
 13 0 72 8 0 22 0 69 7 37 0 0 0 31 26 43 0 0 10 0 0 0 0 0 0 0 0 0 13 0 27 0 16 0 24 4 0 29 5 0 97 0 0 0 0 0 0 0 0 65 0 61 9 55 13 0 0 0 0 0 0 0 0 0 6 0 11 0 0 0 10 0 0 0 0 19 0 0 0 30 0 0 1 0 26 0 7 0 0 0 0 66 0 0 88 0 0 0 41 0 0 0 48 21 0 53 0 0 41 0 0 0 19 20 0 0 0 0 0 0 0 0 0 0 0 35 23 0 0 20 0 0 0 0 0 16 0 0 0 21 0 0 0 0 33 0 0 0 0 0
 0 22 0 0 0 0 0 21 31 42 0 0 11 0 0 0 0 0 0 2 10 0 0 0 21 0 0 0 2 0 0 26 0 0 0 0 0 3 0 0 0 0 0 0 14 0 0 0 0 25 0 0 0 94 0 6 0 0 0 0 0 0 0 0 0 11 29 0 0 9 0 0 0 0 0 0 0 0 0 0 0 4 0 89 1 0 0 0 0 0 0 33 0 0 0 11 0 27 56 0 0 0 0 25 0 0 16 0 0 0 0 24 21 0 0 0 0 24 0 0 0 0 0 0 0 0 0 23 0 0 0 0 17 6 0 0 28 0 0 0 0 3 0 6 0 17 21 0 35 0
 0 0 28 0 0 0 0 0 0 45 10 11 0 0 16 50 59 0 0 0 60 0 0 55 0 0 24 0 0 0 9 0 6 0 0 0 0 0 8 0 48 0 35 2 0 46 0 0 10 40 22 50 55 75 0 0 0 0 0 0 0 0 0 0 46 4 0 0 0 0 0 0 0 25 0 62 0 0 0 55 0 0 0 0 0 0 0 0 0 31 0 51 0 0 76 0 22 0 64 0 6 7 38 24 2 5 0 4 0 0 0 0 0 26 2 8 0 0 0 0 0 0 17 22 0 0 8 0 70 0 0 0 1 0 43 29 0 0 0 39 0 9 0 0 0 28 0 0 0 0
 31 46 29 84 64 54 34 71 0 6 26 28 0 84 39 51 10 0 73 36 61 81 37 43 0 0 19 65 0 13 0 18 0 6 0 0 0 73 0 14 0 62 30 64 0 64 42 0 47 77 66 65 42 55 0 30 12 88 0 10 16 0 39 0 64 41 18 0 14 50 69 79 92 77 30 33 20 66 0 0 93 21 9 35 3 0 16 26 0 70 34 35 87 44 69 54 60 68 16 12 0 5 37 66 35 62 68 22 20 0 61 0 38 20 20 0 66 0 47 21 0 33 0 0 1 5 73 0 0 56 2 0 65 0 0 28 46 48 37 59 0 0 24 5 0 8 28 0 48 70
 0 0 45 0 0 6 0 90 0 35 14 54 0 0 23 74 0 0 0 0 0 0 33 0 0 0 0 0 23 0 74 0 0 0 0 0 0 0 0 0 23 0 0 0 0 0 0 6 0 2 35 0 0 24 0 0 0 2 0 0 0 0 0 0 0 0 0 18 82 15 0 0 0 54 0 76 0 0 0 0 0 0 0 11 9 0 0 0 86 29 0 21 0 0 82 19 0 0 77 0 0 0 47 64 28 59 8 1 12 0 11 0 0 63 0 0 0 0 0 6 0 0 0 0 0 15 41 0 17 0 6 0 19 0 3 0 3 0 0 50 0 52 0 0 0 0 0 6 0 0
 61 0 14 0 19 42 0 44 0 39 65 54 34 10 0 78 0 7 3 51 6 0 0 35 0 0 0 5 0 0 11 32 0 7 0 0 0 42 0 18 44 70 38 5 0 30 47 0 0 27 3 54 0 24 0 0 0 0 0 93 0 0 0 73 0 0 0 0 37 0 49 37 0 0 0 23 0 0 0 36 0 0 0 49 0 0 31 21 0 80 2 52 20 0 66 55 0 14 0 7 0 27 75 13 19 24 31 0 0 0 20 0 37 25 0 0 0 0 0 0 31 8 6 0 9 0 79 0 20 23 86 0 81 0 46 66 63 39 0 57 0 36 0 6 0 6 0 0 0 2
 2 15 0 91 0 0 43 66 0 78 79 0 59 46 0 34 51 20 45 0 30 30 85 0 9 17 64 0 0 4 47 22 0 45 63 0 6 15 51 0 59 34 63 17 88 17 9 51 54 11 32 7 0 12 38 82 14 0 25 22 37 0 59 42 57 0 3 55 52 0 37 47 97 77 0 15 41 0 0 15 5 16 5 27 38 41 0 34 41 4 0 74 0 37 9 0 0 43 60 0 97 75 0 0 54 76 0 2 30 0 37 57 26 32 0 0 61 43 22 0 57 65 33 0 0 0 29 91 65 4 70 30 10 0 74 53 15 82 53 0 0 52 59 81 47 0 15 0 0 31
 65 0 27 0 0 0 0 73 0 0 24 15 0 30 7 0 45 0 66 0 65 0 0 0 38 18 71 0 0 0 51 0 7 18 0 20 44 0 0 38 0 0 10 0 0 0 54 0 17 34 63 16 67 0 0 0 0 15 0 26 0 0 47 0 78 0 0 23 53 15 80 60 0 48 0 0 60 87 0 67 68 11 0 48 13 65 30 46 63 43 32 0 35 0 27 56 19 0 15 51 0 0 0 0 74 0 1 0 8 3 57 15 2 72 0 0 62 0 6 91 0 15 12 0 37 0 35 14 60 7 0 57 0 12 42 0 25 88 2 77 0 92 0 46 0 89 59 2 0 7
 27 0 86 0 0 67 0 1 0 28 9 0 79 58 0 41 20 0 40 0 35 0 0 39 0 0 8 0 0 0 11 64 14 0 0 0 3 0 0 38 26 0 52 0 0 13 86 0 61 9 13 20 29 54 0 0 0 85 17 41 0 3 0 14 44 0 2 15 16 0 45 0 0 47 0 65 32 20 21 0 18 51 2 81 0 3 23 21 3 0 2 16 6 10 54 70 58 0 21 66 0 0 64 47 24 0 35 0 51 27 0 68 27 49 0 0 12 0 8 0 0 0 0 0 16 14 0 0 33 0 77 15 5 66 13 0 52 53 4 52 0 43 29 76 0 83 0 0 0 0
