150
 0 27 3 12 95 8 19 0 26 0 52 0 34 22 0 0 54 0 32 17 2 74 19 10 55 0 0 43 0 3 0 0 59 27 46 69 0 37 65 22 29 1 52 0 0 8 0 38 94 0 46 9 0 32 87 19 3 0 52 0 0 0 23 52 15 0 28 38 25 0 17 84 0 32 0 48 33 28 0 7 60 0 16 0 13 92 74 0 7 65 0 0 27 76 44 0 77 1 78 91 65 28 0 0 41 21 0 0 27 0 0 0 0 35 25 60 0 15 49 0 23 4 0 0 76 85 79 81 9 0 7 0 44 0 0 0 18 55 39 69 17 0 0 72 0 0 16 0 35 0
 0 0 37 72 29 0 0 0 14 0 67 0 45 18 0 0 0 0 0 0 40 18 26 46 0 0 0 36 0 20 0 0 0 18 0 56 60 23 8 0 0 25 0 0 0 28 17 41 23 0 0 19 0 31 5 60 0 0 91 0 0 0 78 0 15 0 0 60 66 22 19 52 0 0 0 0 15 0 29 26 49 0 0 0 0 14 69 59 0 7 0 0 59 0 0 0 0 0 0 0 66 35 19 0 0 0 0 0 0 0 2 0 76 74 0 0 0 47 0 0 0 0 62 0 0 0 42 72 0 0 34 0 0 16 18 0 30 0 81 0 25 0 1 0 0 0 0 0 0 45
 0 0 0 0 0 0 0 0 0 0 0 0 0 0 0 1 0 14 0 0 0 0 0 0 9 0 0 0 0 0 3 0 0 0 94 0 0 0 0 12 0 0 0 0 25 0 0 2 0 0 0 0 0 0 0 0 0 0 0 0 0 0 0 12 0 0 0 0 0 0 0 0 0 18 0 21 60 0 0 14 0 24 0 0 23 0 0 9 0 0 0 0 0 0 0 0 0 0 0 0 34 0 0 0 0 0 0 0 0 0 0 0 0 0 0 0 0 11 0 0 0 0 0 0 0 10 0 0 34 0 0 0 15 0 0 0 0 0 0 0 0 0 4 31 0 0 0 0 0 11
 0 0 77 0 70 0 0 0 14 0 3 0 51 0 0 0 0 0 26 0 0 0 18 28 0 0 0 0 0 0 0 0 0 0 58 0 32 27 35 0 16 0 0 0 0 0 46 52 30 0 0 70 0 0 19 0 0 9 44 68 0 0 0 0 13 0 0 13 33 0 0 0 11 0 35 0 55 0 0 0 6 13 3 0 0 0 0 24 0 26 0 2 52 0 0 0 6 0 0 0 85 0 0 0 0 0 0 50 0 0 0 0 0 62 6 0 0 0 0 0 0 0 70 23 0 0 50 0 4 0 30 16 0 0 0 0 0 19 0 0 0 14 0 0 0 0 0 28 0 94
 0 0 5 0 0 0 0 0 0 18 30 19 62 31 30 2 0 0 20 0 0 0 76 54 22 0 0 0 0 29 0 0 61 0 69 2 37 9 25 0 0 0 0 0 0 0 23 26 71 5 0 91 0 0 0 0 0 0 26 0 0 0 0 30 12 0 0 81 27 0 9 0 3 0 22 0 22 0 0 0 0 26 0 0 0 3 0 41 0 0 0 1 65 0 10 0 0 47 0 0 86 0 0 0 0 0 14 73 0 0 0 0 44 10 0 0 0 14 8 0 0 0 24 0 9 0 68 0 0 0 0 0 0 0 0 0 0 42 0 1 0 0 0 11 0 0 0 0 0 42
 0 32 34 49 19 0 0 0 41 0 20 17 67 0 0 0 0 20 0 0 69 0 21 67 0 0 16 62 0 17 0 0 30 11 34 22 0 6 64 0 0 19 0 0 0 18 0 10 27 0 21 0 0 23 12 56 0 0 0 85 0 0 20 3 0 0 0 65 77 0 39 18 0 0 46 0 64 24 0 47 31 58 0 0 0 17 94 3 0 14 0 0 42 0 0 0 0 20 0 0 29 68 0 0 0 18 0 31 0 0 1 0 77 22 13 0 0 20 0 0 0 0 38 0 0 13 4 97 0 10 17 6 0 0 0 0 63 3 0 16 74 0 0 34 0 0 7 0 0 72
 0 30 15 37 5 0 0 51 0 83 38 35 8 19 67 63 38 0 52 73 82 43 64 29 70 57 39 22 48 0 0 51 60 0 27 10 41 21 73 0 50 2 60 28 1 40 33 0 7 0 15 0 0 56 0 0 83 0 22 79 0 52 37 3 11 0 0 9 0 0 14 62 0 27 48 35 60 19 14 0 31 52 58 70 0 72 70 44 33 54 59 47 1 14 38 25 77 9 0 26 0 0 40 0 30 81 0 61 0 37 0 0 30 5 0 30 0 21 55 35 3 0 11 0 16 69 68 47 11 47 0 13 0 93 24 4 32 59 43 0 0 50 0 85 29 0 0 65 53 52
 93 36 4 70 46 32 0 0 48 39 53 97 0 24 0 0 54 22 42 38 2 29 0 25 63 18 42 70 23 21 0 31 72 60 0 10 40 10 3 22 0 70 38 0 0 0 17 31 0 22 17 0 0 32 38 57 21 0 19 37 0 0 0 76 24 0 70 69 22 35 77 31 0 0 26 72 0 80 78 0 35 89 7 0 0 0 8 7 6 26 71 12 74 0 52 63 2 11 34 21 32 6 44 22 25 34 58 15 8 0 0 0 29 79 0 64 10 0 15 0 33 0 77 79 6 53 0 30 40 46 15 0 63 63 71 0 13 20 0 0 20 24 55 0 35 12 0 57 29 21
 0 0 19 0 16 0 10 0 0 0 59 0 14 53 27 0 0 0 27 0 13 0 12 18 0 0 9 16 0 4 0 0 38 14 0 0 35 7 0 0 0 25 35 0 0 10 65 0 17 0 13 0 0 0 15 5 0 0 0 20 0 0 18 0 0 0 0 31 0 0 0 33 12 0 0 0 7 0 0 0 59 69 0 0 0 0 0 52 7 0 0 0 80 0 0 0 0 0 7 6 0 0 0 26 0 0 0 0 5 0 0 0 31 98 3 0 0 0 13 0 0 10 16 0 0 1 32 0 0 0 0 0 0 0 0 0 10 0 5 0 0 0 0 0 0 0 0 4 0 22
 60 63 9 38 0 78 0 0 19 0 0 0 1 51 0 0 31 6 53 14 13 43 0 12 35 18 35 32 0 70 0 0 48 31 8 44 0 0 46 3 0 3 56 0 0 0 11 65 77 12 11 43 0 44 0 86 0 0 55 2 0 0 42 0 0 0 49 0 0 7 9 0 0 0 0 35 17 29 1 17 50 0 3 0 19 58 0 3 0 0 0 0 0 0 0 0 0 25 71 65 54 59 0 0 0 0 59 9 28 30 0 0 42 31 0 62 13 0 94 0 16 26 50 0 47 41 44 0 0 0 49 0 0 2 74 0 28 0 0 47 83 3 0 53 18 0 22 0 25 35
 0 0 44 0 0 0 0 0 0 7 0 0 0 2 0 17 3 0 0 0 0 0 0 9 7 0 0 0 0 0 0 0 0 19 0 11 0 0 0 0 0 0 0 0 9 0 0 1 25 3 0 0 0 0 0 0 0 3 0 0 0 0 21 0 0 0 0 30 0 10 0 23 0 0 0 12 20 0 0 0 8 0 4 0 4 0 0 0 0 0 0 0 3 0 0 0 11 0 0 0 0 0 14 0 0 0 0 0 5 0 0 9 0 0 0 30 0 0 0 0 0 0 12 0 0 0 0 0 0 0 11 0 0 0 0 8 0 3 0 1 9 10 0 0 0 0 20 0 0 43
 0 18 53 37 0 0 0 0 17 19 28 0 57 0 15 0 3 30 42 0 2 0 91 55 1 0 24 47 0 11 38 0 79 35 42 9 4 3 15 13 0 73 0 0 0 0 20 56 0 0 27 53 0 60 28 1 0 0 0 30 0 0 83 0 0 0 0 48 37 0 78 0 11 0 52 68 1 0 39 14 37 16 33 0 0 57 0 80 0 78 5 0 7 1 41 18 59 15 0 0 20 5 0 0 41 4 70 56 79 0 0 8 0 27 0 0 7 0 0 0 0 0 49 0 74 0 49 36 20 67 52 0 0 0 0 32 58 0 29 48 50 0 0 32 2 0 66 0 0 12
 0 0 79 0 0 0 0 4 0 0 35 0 0 0 0 0 0 10 0 0 0 0 73 0 5 0 0 0 0 0 0 0 0 0 3 5 10 4 0 0 0 0 0 20 0 21 21 0 0 0 0 4 8 0 7 0 0 0 17 19 3 19 0 0 0 0 0 4 41 0 0 60 0 0 0 0 0 0 0 9 54 53 0 13 24 0 0 14 0 0 3 7 0 0 0 0 0 17 0 31 64 0 0 18 10 3 0 27 0 0 0 0 0 51 0 0 2 1 0 0 0 0 0 8 0 0 0 0 5 17 0 0 0 0 38 0 0 0 0 0 0 0 11 0 0 0 0 0 0 0
 0 0 51 1 0 29 0 0 0 0 0 33 61 0 0 0 0 0 0 0 32 0 35 38 0 0 0 0 20 23 0 0 0 0 1 0 84 0 15 0 0 0 0 0 0 0 18 43 34 0 0 13 0 0 34 9 0 9 10 10 16 0 37 0 0 0 0 0 16 0 0 5 1 0 0 3 19 28 0 0 92 74 0 14 0 0 0 44 0 0 0 0 33 0 13 0 17 57 0 0 72 0 0 6 0 0 0 31 0 0 0 0 30 49 0 0 0 0 0 11 0 0 0 0 0 0 6 0 0 0 0 0 0 0 0 0 0 3 0 0 0 0 0 0 0 0 0 0 0 29
 8 68 54 36 0 11 0 18 0 37 60 0 31 87 0 38 59 14 56 0 13 21 58 0 39 44 39 3 0 31 11 26 43 3 0 69 81 27 84 53 0 0 30 45 1 0 80 6 17 28 43 0 0 31 0 52 0 0 51 16 0 11 97 30 0 22 0 5 64 75 11 13 0 0 0 0 0 0 0 0 64 41 0 0 7 84 48 0 0 61 0 0 18 54 43 0 96 36 60 74 0 43 0 0 18 0 26 0 25 0 0 0 48 13 15 38 0 13 71 0 71 0 93 0 43 32 50 54 0 50 93 0 0 0 0 0 39 70 35 34 14 0 0 43 26 1 0 0 31 31
 10 94 0 10 0 84 0 5 37 43 0 4 30 19 0 0 0 0 56 0 50 26 18 0 70 20 60 0 0 35 0 0 31 0 72 88 66 0 15 73 0 61 41 0 0 0 71 72 17 0 26 18 0 0 23 91 0 0 57 17 27 15 76 9 0 0 0 0 62 70 75 55 0 0 25 21 0 13 52 22 64 26 33 0 66 59 68 86 13 62 0 0 67 6 36 0 29 36 0 47 0 0 0 0 35 3 35 0 29 0 10 0 79 0 0 0 0 0 8 16 0 0 0 1 60 77 17 29 0 47 0 0 62 0 23 0 87 5 32 0 51 0 1 53 0 0 86 0 58 0
 0 95 54 5 73 89 0 0 36 0 0 0 12 46 0 3 0 13 60 2 77 75 21 8 3 0 19 56 4 59 0 0 74 60 0 60 10 80 29 0 0 53 0 24 0 3 51 77 5 0 51 11 0 57 29 29 0 19 0 36 0 0 9 0 0 0 0 29 13 0 0 27 0 0 6 11 51 23 0 0 15 14 45 29 75 0 25 66 4 0 8 0 0 0 0 0 32 75 0 0 0 14 0 0 49 0 17 1 0 0 7 0 71 51 0 67 0 24 0 0 0 25 0 0 60 10 18 16 2 3 39 0 0 0 37 0 66 13 5 18 5 0 13 9 0 0 3 0 0 49
 16 72 0 66 42 0 88 0 42 0 93 0 0 35 0 45 0 0 71 52 33 28 74 0 0 21 48 14 85 55 0 0 86 15 49 0 0 61 1 11 68 0 75 45 23 51 6 0 70 23 39 59 0 11 22 35 69 14 0 11 0 4 0 14 0 22 65 60 64 39 0 67 21 16 7 30 88 80 91 59 63 0 51 58 83 54 39 0 74 18 56 48 0 0 0 47 0 0 54 46 76 0 15 0 0 0 8 40 0 70 16 67 62 31 0 0 4 0 52 0 53 0 13 38 10 44 43 80 41 76 10 0 62 18 34 73 0 0 60 6 7 0 71 7 56 0 0 11 0 47
 0 5 1 0 0 0 0 0 0 0 60 0 51 21 0 0 0 0 0 0 0 0 4 7 24 0 0 0 0 0 0 0 0 0 0 0 0 0 0 0 0 0 22 0 6 0 23 53 0 0 20 35 0 0 21 0 0 0 0 11 0 32 0 0 0 0 0 13 0 0 0 3 0 12 1 11 73 0 0 0 7 32 21 0 0 0 0 0 16 0 0 0 0 0 0 0 26 0 0 0 59 0 0 0 0 0 0 29 0 18 11 0 0 56 0 0 9 13 0 9 0 0 0 9 0 0 7 0 0 0 0 0 0 0 0 0 0 22 0 0 0 13 0 0 0 0 17 21 0 17
 0 26 10 37 35 30 0 0 82 0 86 16 66 67 62 71 0 0 55 0 21 0 54 12 60 12 35 66 39 60 0 0 6 19 82 64 36 69 11 73 0 23 29 42 14 0 53 50 0 86 64 48 0 44 77 72 14 0 0 31 0 61 13 23 15 0 0 0 36 24 25 63 0 62 13 11 60 51 0 0 27 79 42 25 69 31 68 70 15 30 1 0 0 2 74 83 56 35 62 13 23 79 60 0 73 31 6 31 11 17 0 0 22 0 23 0 37 10 10 28 70 0 10 60 64 83 0 39 0 0 25 0 36 59 0 0 55 58 4 24 16 64 0 27 20 5 60 9 51 38
 0 0 25 83 31 0 0 0 0 0 82 0 24 0 0 0 0 0 24 0 0 0 0 34 0 0 0 27 0 0 0 0 44 0 0 6 78 0 14 0 0 0 0 0 0 0 0 55 71 0 8 76 0 25 75 89 5 0 60 12 0 0 34 0 0 0 0 39 52 13 0 82 0 6 0 0 87 49 8 6 54 33 0 0 9 0 21 20 0 0 0 0 18 0 13 0 27 0 0 0 0 0 0 0 0 0 0 5 11 0 0 1 7 42 0 0 0 11 0 0 0 0 30 0 9 0 28 17 18 0 39 0 0 33 0 0 0 27 36 0 0 0 6 26 0 4 0 0 0 38
 0 0 46 10 35 36 0 0 34 0 48 19 46 43 0 0 0 0 84 23 51 0 56 59 0 0 0 37 6 43 0 0 8 45 58 89 34 12 18 0 0 47 0 0 0 0 42 16 35 0 26 37 0 4 5 0 0 0 1 0 0 0 16 0 0 18 8 55 0 23 73 13 0 0 6 76 54 71 40 75 0 0 0 6 16 12 77 33 7 66 0 0 88 0 0 0 35 70 0 0 45 65 0 0 12 0 38 82 64 0 10 0 37 0 11 16 0 40 0 0 30 0 0 0 28 0 0 66 0 36 35 15 0 0 34 0 0 16 0 52 13 0 23 39 0 0 6 15 12 48
 0 0 63 0 0 0 0 16 0 36 54 0 0 0 0 0 0 0 0 0 26 0 0 12 0 0 4 0 0 0 0 0 4 0 45 0 0 8 0 0 0 1 1 0 0 0 0 0 0 0 0 57 15 0 0 0 0 0 22 0 0 9 0 0 0 0 2 0 0 0 0 0 0 0 0 0 8 12 27 0 0 31 0 0 0 0 0 0 0 0 0 0 0 31 0 0 0 0 0 0 0 0 0 0 28 0 0 0 0 0 1 0 0 0 0 0 0 0 39 0 0 0 0 0 5 0 8 0 0 0 0 0 0 0 0 0 0 41 0 0 33 0 0 0 0 0 0 10 0 40
 0 0 44 0 0 0 0 0 0 0 0 0 11 0 9 15 0 8 0 0 0 0 0 0 0 0 0 0 0 0 30 0 5 0 20 0 0 0 0 37 0 0 0 0 0 0 33 68 39 0 0 6 0 0 46 0 0 0 86 37 0 0 0 0 0 0 0 32 41 0 24 0 0 5 0 0 0 0 0 0 18 63 0 29 0 33 0 0 0 0 7 0 0 12 8 16 0 26 2 0 45 0 0 0 0 0 27 37 0 24 0 0 31 80 0 3 0 0 0 0 0 0 0 0 24 0 0 0 0 0 0 0 0 0 0 0 0 50 0 0 0 0 18 0 0 0 4 0 0 36
 0 35 0 0 0 77 0 0 3 0 0 0 0 30 0 0 0 8 0 0 64 35 60 14 0 17 60 25 0 57 30 0 1 56 63 10 18 0 36 2 0 55 0 9 6 1 76 49 14 0 17 73 0 0 0 46 0 0 84 0 0 0 80 0 0 0 0 8 0 0 0 34 0 0 39 19 27 0 72 52 49 69 69 0 12 0 56 20 0 84 0 0 75 0 79 0 49 24 0 0 43 0 0 0 35 0 0 62 0 0 25 0 34 2 0 48 0 30 0 0 0 0 43 0 36 0 61 65 0 6 26 0 0 0 83 0 8 0 2 77 40 0 0 0 0 0 4 0 0 0
 0 70 16 28 16 30 0 0 6 0 45 22 93 20 0 0 83 0 27 0 64 56 58 79 0 0 33 18 0 0 0 27 75 80 76 47 2 5 30 43 0 47 42 0 0 8 7 82 46 0 23 91 0 0 0 5 0 0 0 31 0 0 27 91 0 0 42 63 36 9 93 19 0 0 4 21 0 0 79 0 57 11 14 0 56 11 79 25 0 66 0 0 36 34 87 14 21 65 14 75 79 81 16 0 11 29 58 0 18 0 0 0 81 43 0 42 0 3 18 0 0 0 33 2 41 67 2 0 0 41 41 0 29 0 48 0 25 63 0 0 0 0 0 0 0 3 0 0 75 74
 9 19 19 52 33 0 0 0 0 0 52 0 78 9 0 0 0 0 9 0 27 28 0 12 0 0 0 33 0 10 0 0 0 0 46 11 64 18 35 0 0 36 0 0 0 0 76 63 55 11 0 49 0 3 30 0 0 0 0 46 22 0 55 0 0 0 0 6 2 0 2 0 0 0 0 0 10 34 53 73 75 56 0 19 0 62 1 75 13 0 0 0 69 0 0 0 54 63 0 0 31 69 0 0 0 4 7 15 0 0 19 0 19 17 9 19 0 59 0 0 0 0 69 0 0 0 80 75 22 0 39 0 0 0 0 0 9 27 13 25 45 10 9 38 0 6 0 0 0 49
 0 0 14 74 78 0 0 0 0 0 51 0 41 76 0 2 0 0 21 0 0 0 35 5 0 0 0 0 0 0 0 26 20 0 73 31 0 0 7 0 29 0 0 0 0 0 46 60 0 23 0 50 15 0 20 87 0 0 0 69 0 0 13 0 0 0 0 21 78 0 0 45 0 0 0 0 35 86 2 0 40 16 0 0 0 2 14 19 0 0 0 0 65 0 0 0 34 45 4 2 48 0 0 0 0 0 0 0 0 0 0 0 0 33 0 36 0 0 0 0 0 20 30 1 17 0 0 0 0 0 11 23 0 0 27 9 0 36 0 0 53 0 27 0 0 35 0 0 20 33
 58 20 69 52 42 63 0 0 26 42 38 27 64 0 18 99 0 0 64 0 55 0 68 4 25 37 91 1 0 68 0 0 0 41 56 19 43 61 5 0 0 0 59 2 0 0 14 41 49 86 0 20 0 6 57 42 45 0 34 0 14 53 51 66 15 65 0 0 0 52 29 17 0 26 19 0 20 57 38 0 12 65 68 70 0 30 41 37 26 64 0 82 0 87 91 51 60 0 33 18 17 21 17 0 0 41 0 16 45 0 0 0 14 16 0 73 20 0 30 0 66 0 1 28 26 0 9 71 0 6 0 0 11 65 3 0 3 62 65 8 55 60 0 25 29 0 25 0 83 65
 0 0 18 4 0 0 9 0 0 0 29 0 18 0 0 0 0 0 9 0 37 0 22 55 0 10 0 39 0 0 25 7 49 1 51 24 76 48 72 0 0 31 0 0 0 0 62 0 58 0 0 72 13 0 7 6 16 0 16 48 0 4 12 0 0 9 0 11 51 0 0 22 0 6 1 0 25 38 33 21 0 70 0 0 0 0 0 24 0 0 0 0 0 0 0 0 14 0 26 0 0 57 19 8 0 0 0 0 0 17 0 0 14 68 0 45 2 11 0 0 0 0 55 21 0 1 0 31 0 0 16 0 18 0 0 37 5 0 7 0 0 0 0 0 0 0 0 0 2 22
 53 16 0 15 70 83 88 53 69 2 20 0 37 10 0 80 27 23 24 18 5 29 95 0 0 17 44 9 19 0 0 0 0 17 9 73 34 44 31 79 15 21 55 16 5 93 16 0 90 56 47 46 0 0 8 48 0 0 36 68 63 62 0 70 68 0 20 70 75 53 19 11 15 43 40 81 0 0 23 23 33 6 65 0 25 49 18 48 23 55 0 0 7 0 31 0 37 52 54 0 1 19 15 0 0 44 43 22 10 34 0 80 11 16 4 44 25 0 66 49 46 0 52 55 10 0 22 91 29 0 32 0 0 0 25 13 16 11 40 86 54 9 36 41 49 0 74 17 83 17
 35 56 49 27 43 8 0 0 5 74 87 12 28 23 0 13 7 34 38 49 3 25 67 45 44 0 13 0 9 0 13 0 0 5 73 8 63 0 20 0 0 61 69 0 0 0 58 0 35 74 33 47 12 0 0 93 6 0 64 48 13 17 62 71 65 49 64 51 0 78 55 0 0 4 61 45 36 3 37 0 57 31 25 46 47 9 58 0 0 73 37 49 65 17 54 53 44 91 0 87 32 19 0 0 33 1 0 26 41 41 3 0 0 80 0 53 11 61 69 0 0 0 83 10 0 64 37 65 62 27 0 0 22 0 16 0 39 0 0 55 25 20 31 0 21 34 20 45 0 0
 0 16 22 11 0 0 0 0 0 0 19 0 43 0 0 0 0 0 3 0 0 0 0 0 0 0 23 0 1 0 12 0 0 0 37 6 0 0 0 0 0 3 0 0 0 0 15 0 0 0 0 9 0 0 32 0 0 12 0 64 0 0 0 0 0 21 0 40 5 2 0 0 0 0 14 0 13 0 0 0 69 12 0 37 0 0 0 45 0 0 0 0 0 0 0 0 0 0 0 0 0 12 0 0 0 0 0 7 0 0 0 10 0 75 0 0 0 0 0 0 0 0 0 0 0 0 0 0 0 0 0 0 0 0 17 0 0 9 0 16 0 0 0 0 0 0 0 0 0 80
 0 0 6 93 50 0 1 0 0 0 0 0 9 38 0 32 0 0 32 0 12 0 63 15 0 0 8 13 0 0 0 0 76 0 12 59 0 17 57 0 0 0 0 0 0 9 45 0 0 0 0 1 0 35 32 30 0 0 2 1 4 0 31 0 16 0 0 65 35 0 0 28 0 0 7 8 3 80 0 0 67 32 0 0 0 42 60 26 12 0 0 0 0 0 0 0 46 35 0 0 80 55 0 0 0 0 13 0 0 0 0 0 11 45 32 30 0 33 0 0 0 0 2 0 0 0 11 1 0 0 35 0 0 6 10 0 49 17 55 43 0 0 0 0 0 5 1 0 0 60
 0 6 0 0 0 0 0 36 22 0 19 0 0 0 14 0 0 0 6 0 9 0 0 0 0 0 0 0 0 0 0 0 0 0 0 0 0 3 0 0 4 0 7 0 0 0 0 0 0 0 0 0 0 0 0 0 0 0 0 15 0 0 0 0 0 0 0 0 0 1 1 0 0 19 0 0 0 0 0 0 0 0 0 0 0 0 0 0 0 13 0 1 0 0 0 0 0 0 0 11 0 0 0 0 0 0 0 0 0 0 0 0 21 0 0 2 1 0 0 0 0 13 0 0 0 0 0 0 0 0 0 32 0 0 0 0 0 0 0 0 0 0 0 0 15 25 0 0 0 0
 0 0 63 59 0 0 0 0 36 0 0 0 0 37 0 0 0 11 10 0 0 0 52 89 0 0 0 0 0 0 0 0 0 0 84 0 10 80 33 12 0 0 0 0 0 0 40 38 0 12 0 52 0 10 15 60 10 14 42 0 0 0 87 0 0 0 5 0 65 0 0 16 0 0 22 0 6 38 75 0 0 41 0 0 0 0 3 48 0 0 3 0 0 0 0 1 0 88 0 0 17 0 0 0 0 0 0 90 13 0 0 0 76 0 38 0 1 0 0 0 0 0 42 2 0 0 47 0 0 0 58 3 0 0 0 0 0 66 0 0 0 0 0 0 0 0 0 5 0 0
 15 0 91 0 0 30 0 0 0 5 48 0 0 0 0 0 0 16 41 0 0 0 37 22 0 0 0 20 0 0 0 0 53 25 65 0 0 0 0 3 31 0 0 0 0 12 62 17 44 0 6 0 0 0 56 0 0 0 0 72 0 0 0 0 0 0 0 64 38 0 0 0 0 8 0 0 0 0 0 0 9 5 13 0 11 0 0 32 3 14 0 0 94 0 0 0 0 7 15 2 0 0 18 32 8 0 0 69 0 0 0 0 39 62 0 0 28 0 0 0 0 0 0 0 0 0 65 0 0 0 6 0 0 0 0 0 0 55 0 0 20 28 0 0 0 12 0 6 0 33
 0 0 19 0 0 0 0 0 0 6 77 0 0 56 0 9 0 0 16 0 16 0 0 24 7 0 0 26 0 0 0 16 28 0 0 0 20 0 53 0 0 0 0 0 0 0 0 0 66 10 0 24 0 0 61 0 0 0 38 29 11 0 0 0 0 0 0 0 0 0 0 0 0 0 0 0 0 0 0 26 28 60 4 0 0 0 0 72 0 2 0 0 0 4 0 0 0 26 0 0 0 6 4 0 13 0 24 0 0 0 22 0 64 35 0 0 0 0 0 0 0 0 45 0 12 0 33 0 0 0 0 0 2 3 28 0 0 81 0 0 0 11 0 11 0 0 0 7 0 30
 0 0 48 0 0 0 0 0 10 0 37 0 30 0 0 0 0 0 49 0 0 0 36 65 0 0 0 0 0 0 0 0 78 0 76 0 47 0 0 0 0 0 0 0 0 0 67 1 0 0 0 0 0 0 54 0 0 0 49 42 0 0 0 0 25 0 0 59 0 0 0 59 0 0 0 7 46 19 11 0 21 2 0 0 0 0 0 0 0 0 0 9 43 0 0 0 0 7 0 0 0 0 22 14 0 0 0 19 0 0 0 6 19 15 16 0 0 0 0 0 0 0 0 0 0 0 31 0 0 0 0 12 0 0 0 0 6 25 0 0 0 0 0 0 0 3 0 29 0 26
 0 44 0 74 7 17 23 0 58 0 59 0 58 51 0 0 23 0 69 0 67 11 70 0 0 0 6 2 24 25 0 26 89 4 0 0 0 31 72 0 9 55 0 7 0 6 14 46 0 15 0 36 0 19 56 66 0 9 16 54 0 0 43 7 0 0 0 65 67 0 0 56 0 0 0 48 0 29 57 20 43 0 31 6 18 26 38 66 0 2 5 0 28 0 0 6 0 29 0 0 63 0 30 0 33 4 9 0 19 0 0 14 0 35 0 71 0 20 0 0 0 0 82 0 8 0 0 35 2 33 0 0 0 0 12 0 30 69 8 22 1 0 0 61 2 0 3 0 0 24
 0 37 85 0 63 54 0 13 17 67 80 17 74 21 17 77 60 0 20 55 34 77 18 43 54 33 43 0 78 83 0 64 17 49 0 10 0 73 58 0 0 65 83 0 0 28 42 44 62 17 63 12 0 0 0 47 0 0 36 30 0 48 26 19 35 17 44 57 25 15 66 8 28 13 28 90 62 34 63 40 52 28 0 0 22 49 13 25 76 58 64 6 29 59 31 66 0 32 0 64 74 59 41 0 64 0 10 82 7 5 0 0 0 66 0 0 0 52 0 24 77 0 0 49 22 12 35 66 67 16 24 0 0 73 38 0 32 74 0 0 53 0 0 23 49 0 0 35 41 0
 0 0 9 13 74 0 0 0 0 0 78 0 25 18 9 0 0 3 92 0 40 0 0 75 0 0 0 14 5 0 0 0 0 14 21 64 44 75 51 0 0 0 0 0 0 0 9 33 1 0 0 0 24 0 74 0 0 0 16 69 0 0 73 0 9 0 0 35 61 0 0 0 0 0 0 0 0 97 0 0 40 26 0 0 0 0 0 46 3 0 12 0 0 12 0 0 44 54 0 0 10 0 32 0 0 0 0 33 0 19 0 0 10 72 0 70 0 0 0 0 0 0 24 0 0 26 70 0 0 0 0 0 28 0 0 0 0 29 0 16 0 13 0 9 0 0 0 0 0 5
 0 34 69 41 10 8 0 0 0 0 30 70 31 66 0 0 41 0 0 0 43 46 0 76 37 0 29 79 0 85 0 0 43 64 0 67 78 38 24 42 0 80 0 21 0 0 55 0 17 0 69 76 0 0 20 69 0 0 0 25 0 7 51 0 0 0 49 38 23 0 58 45 0 0 70 53 6 62 48 49 0 53 43 0 16 0 28 43 32 27 0 0 8 0 54 25 48 20 8 6 49 0 0 0 0 0 0 35 12 0 0 0 23 58 0 20 0 0 63 0 10 2 0 0 50 7 0 19 24 19 26 0 13 10 76 0 43 47 4 0 51 0 0 1 21 0 3 0 2 68
 44 6 55 87 22 70 0 11 22 46 75 40 0 63 0 16 0 0 53 0 5 83 41 69 0 68 71 29 0 49 0 8 55 48 4 6 3 4 87 0 5 21 0 0 0 0 0 35 28 0 0 59 21 33 0 56 0 0 52 32 0 0 0 0 0 55 70 47 0 0 75 0 0 23 49 22 4 78 5 54 0 59 43 0 53 0 28 56 0 3 0 0 11 75 10 0 76 52 0 58 40 25 0 0 8 69 74 10 28 37 0 0 20 0 0 69 0 43 9 0 0 0 51 0 41 75 3 0 0 5 39 0 36 4 30 0 44 72 42 0 24 0 0 55 56 0 2 2 28 65
 40 29 0 83 60 20 0 62 15 22 0 57 64 1 0 69 29 0 0 0 22 70 62 51 0 42 7 66 72 13 0 9 81 15 84 67 6 71 51 61 3 13 15 91 0 81 55 18 0 10 0 11 0 6 13 66 46 44 57 46 34 35 51 46 45 12 33 37 53 73 67 95 23 62 0 60 0 72 12 11 10 49 64 60 41 0 43 73 77 49 47 22 66 0 0 57 43 53 46 26 70 18 39 0 19 44 29 57 43 40 0 7 57 67 0 21 0 81 42 69 1 17 57 30 66 21 0 56 36 0 26 0 49 80 28 37 14 32 12 71 43 0 25 36 53 0 0 88 15 50
 0 0 52 17 0 0 0 41 0 83 33 7 0 4 7 61 0 0 0 82 23 94 45 44 0 0 42 16 34 83 0 31 43 0 54 84 0 74 12 0 0 27 34 63 0 0 66 0 19 2 7 0 0 74 91 68 63 0 0 86 19 64 77 64 0 0 75 35 22 57 16 74 26 52 26 42 8 40 0 20 47 0 60 3 10 36 50 0 68 10 0 10 20 85 0 0 37 0 91 50 61 84 78 0 87 12 18 25 68 67 0 68 27 56 0 0 9 0 14 0 79 0 0 25 83 67 35 19 45 30 79 0 36 0 72 0 2 50 0 51 37 71 8 41 1 0 66 44 47 0
 1 0 16 0 0 15 0 0 0 0 52 0 0 0 0 0 0 0 0 0 17 0 28 0 0 0 0 0 0 0 0 0 0 0 23 0 0 7 0 0 0 0 0 23 0 0 0 0 0 0 0 52 27 0 0 0 0 0 33 0 0 0 2 0 0 13 0 13 52 0 0 82 0 0 0 0 0 0 0 0 60 0 0 17 0 0 0 72 0 6 0 22 0 0 0 0 0 0 0 0 74 0 0 31 0 0 0 17 1 2 0 0 0 0 0 0 0 0 0 0 1 5 0 0 0 0 16 0 0 0 0 0 0 0 0 24 0 34 0 8 0 0 0 0 0 0 0 2 0 43
 0 0 0 0 0 0 11 0 1 0 0 0 11 0 0 0 0 20 0 0 0 0 29 0 0 0 0 0 0 25 18 8 43 32 22 0 0 13 0 0 0 0 23 0 0 17 65 0 0 0 0 41 0 0 9 23 0 0 0 48 0 0 0 0 0 0 0 0 35 0 0 14 5 0 0 0 33 0 0 0 22 33 0 0 0 12 2 21 0 0 0 16 0 0 27 0 0 76 14 0 0 0 1 0 0 0 0 54 35 0 12 0 5 50 0 2 0 0 0 0 0 0 0 20 0 0 0 0 0 0 0 0 0 0 0 33 0 0 0 0 0 0 0 0 0 0 0 3 0 65
 0 0 50 0 0 0 0 9 0 0 0 2 56 0 0 0 0 0 52 7 0 0 61 0 0 0 0 10 0 0 0 0 41 14 68 13 0 0 15 17 0 0 0 0 12 0 71 0 0 3 0 28 0 0 21 0 0 2 0 23 0 0 0 1 0 0 0 62 0 0 0 7 0 0 0 0 55 0 0 0 37 0 0 0 0 0 35 47 0 0 0 11 0 0 0 11 0 34 0 32 11 0 15 0 0 0 26 44 14 0 0 0 0 38 0 0 23 0 19 0 0 13 0 0 0 0 0 0 0 24 0 0 0 0 6 0 0 73 0 0 0 0 0 14 18 0 0 0 0 18
 55 53 19 63 0 19 29 0 84 0 0 14 10 25 0 11 89 0 43 0 25 6 37 13 9 44 0 0 0 54 0 0 29 92 83 0 38 0 39 0 0 49 53 16 0 0 39 18 0 0 0 0 0 58 0 66 10 0 42 0 0 6 27 79 38 37 70 75 66 51 29 55 0 0 77 87 71 17 27 81 35 56 43 5 2 0 2 78 0 14 0 29 43 0 27 11 1 0 57 32 12 0 0 6 43 0 0 51 47 0 0 0 2 0 0 54 0 0 83 0 50 0 54 0 75 0 23 0 0 56 45 0 0 10 0 0 73 58 47 0 0 0 0 51 28 0 38 0 0 57
 0 17 26 5 31 0 0 0 0 0 78 0 16 12 0 0 0 0 0 0 0 0 37 13 0 0 11 83 0 31 0 0 47 36 75 31 0 6 30 48 0 21 0 22 0 0 22 69 17 26 0 40 0 17 21 68 0 0 46 5 2 0 0 0 0 0 0 32 44 0 0 71 0 0 58 26 39 34 34 56 19 69 0 0 26 49 4 0 0 25 0 12 0 0 40 35 0 49 0 0 47 23 0 0 0 0 37 43 44 0 3 4 7 74 0 59 0 54 0 0 0 0 79 0 65 0 54 20 0 45 7 0 0 33 10 0 10 73 0 62 57 11 0 4 0 0 1 0 0 13
 0 0 62 0 0 19 20 21 19 0 37 0 0 0 10 0 0 0 0 0 0 0 0 0 0 0 0 0 0 0 0 0 0 0 83 0 29 0 8 0 0 32 0 0 0 0 0 0 0 21 0 0 0 0 0 18 0 0 3 5 0 31 0 3 0 0 0 1 0 0 0 18 3 0 0 0 0 8 0 0 0 0 0 0 0 0 0 27 16 0 0 0 0 0 13 0 1 0 1 0 0 3 0 0 0 0 2 0 0 9 22 0 0 0 0 0 0 18 0 0 0 0 0 0 0 0 0 0 0 0 0 0 0 3 0 0 0 25 0 0 0 0 0 0 0 0 12 0 0 94
 22 12 32 50 30 27 17 60 43 28 71 19 0 32 69 72 34 33 12 69 59 51 0 41 59 71 5 0 18 0 12 0 57 61 32 25 6 40 90 41 41 0 17 0 33 69 0 36 7 3 20 14 0 0 5 46 0 0 18 50 60 72 61 44 74 23 0 52 60 5 19 79 66 91 61 10 36 0 10 60 29 49 68 18 27 28 72 56 62 58 29 22 68 21 76 38 83 35 54 0 38 0 0 0 55 0 20 82 31 9 0 0 0 0 32 2 0 16 67 22 0 0 28 63 6 24 58 11 26 19 42 65 70 50 0 42 26 88 19 59 63 5 60 62 50 31 59 56 0 8
 0 0 24 33 35 0 0 0 5 0 2 0 60 24 0 0 0 0 93 0 0 0 15 35 4 22 0 38 0 92 16 11 49 0 22 0 42 3 5 0 17 58 20 0 0 0 19 43 66 0 0 0 25 0 2 13 0 0 0 42 0 11 23 0 0 0 0 7 0 11 0 26 0 0 0 0 72 42 12 0 45 35 0 0 7 26 0 26 0 0 0 0 16 6 0 0 0 37 0 0 56 0 0 0 0 0 0 33 0 17 27 0 73 66 0 58 0 0 0 0 0 0 61 0 0 0 29 50 0 0 7 0 0 0 0 2 0 14 38 63 19 0 0 0 0 0 0 27 0 0
 0 0 43 0 35 0 0 0 0 11 68 0 0 0 32 0 0 0 0 0 0 0 63 0 28 19 0 0 0 0 0 20 0 0 38 0 0 0 0 0 13 0 0 13 0 0 25 0 0 18 0 39 0 0 0 0 0 18 0 0 0 0 0 0 0 0 0 9 0 0 0 0 0 0 12 0 30 0 0 22 30 0 0 4 0 0 0 48 0 0 0 0 13 0 0 0 10 0 0 0 17 0 23 22 14 0 0 3 0 0 0 0 0 0 0 0 0 0 14 0 0 0 0 0 0 0 0 0 17 0 8 0 0 11 0 0 0 26 0 0 34 0 0 0 0 6 0 0 0 10
 0 0 34 52 62 0 3 0 0 0 1 0 85 0 0 0 0 0 20 0 0 3 63 28 0 0 22 0 0 0 0 0 17 0 25 0 35 51 50 0 0 0 0 0 0 0 41 0 31 0 0 0 0 0 19 0 17 0 23 28 0 0 0 0 0 0 0 26 56 0 0 0 0 0 0 10 33 1 0 0 12 4 0 0 0 0 0 23 0 0 0 9 66 0 0 0 48 90 8 0 70 28 0 0 22 0 10 90 0 0 0 17 23 76 0 0 0 0 0 6 0 10 37 0 0 0 29 0 0 0 20 0 4 0 23 0 0 30 2 0 8 0 0 0 0 0 0 0 0 36
 0 51 70 57 61 40 0 0 52 18 69 55 4 77 92 52 47 0 23 0 0 81 27 22 69 86 63 34 0 0 36 0 31 56 52 0 2 10 24 24 0 67 4 24 0 0 60 16 38 0 14 65 9 38 58 0 0 0 0 10 0 2 62 35 0 7 50 47 69 42 56 0 0 0 43 0 21 67 8 0 37 0 39 0 55 0 17 6 0 31 0 0 54 78 0 14 0 13 79 17 0 49 0 0 0 67 74 71 0 0 1 0 27 15 0 0 0 83 94 0 73 5 5 0 24 7 39 27 0 0 80 0 0 0 0 0 54 3 26 0 84 0 33 0 29 15 0 14 13 20
 32 57 48 0 52 29 11 41 79 41 0 64 1 0 57 3 0 0 20 59 21 61 21 60 5 75 23 57 56 61 3 98 0 92 58 0 39 8 7 0 79 70 65 1 0 3 7 80 0 2 68 53 9 59 0 35 43 0 67 0 25 0 60 0 87 24 22 31 0 86 44 87 74 82 35 10 0 71 27 3 46 64 83 32 83 21 64 0 0 0 37 70 74 26 76 95 55 38 69 3 8 72 36 0 17 54 13 56 9 0 0 70 28 0 0 7 0 0 0 45 0 0 26 40 22 1 24 46 15 28 48 16 26 2 7 10 47 41 36 24 43 0 27 0 79 0 1 54 42 0
 0 0 52 0 0 7 0 0 4 0 15 22 0 0 0 0 9 37 18 3 0 0 0 0 0 0 26 19 0 0 0 0 43 0 52 0 7 0 0 0 0 0 23 0 0 7 0 43 8 0 0 0 0 5 13 0 18 0 0 53 0 0 21 0 0 0 18 18 0 0 5 57 0 0 5 0 37 0 0 0 84 46 0 0 0 0 3 32 0 0 4 2 0 0 2 0 0 25 0 0 63 0 4 0 0 4 0 0 0 0 10 23 0 19 0 0 0 0 13 0 0 11 0 18 0 0 2 0 12 0 0 9 0 0 0 0 4 81 10 5 14 0 0 0 7 0 0 7 0 0
 20 7 48 0 5 0 0 0 0 0 45 0 0 0 0 0 0 0 0 0 0 12 43 0 9 0 0 0 38 0 0 0 0 0 0 28 0 0 0 0 0 0 0 0 0 0 6 0 0 10 0 0 0 0 16 0 0 10 0 0 0 0 0 0 0 11 0 0 63 0 0 0 0 0 3 0 40 0 0 0 17 7 0 0 17 5 7 70 0 0 0 0 0 0 0 0 0 0 26 0 80 23 5 0 0 0 6 33 0 0 0 0 0 0 0 0 1 16 0 0 0 0 29 0 16 0 0 0 22 0 0 0 33 0 0 0 0 59 0 22 0 0 0 0 0 0 11 0 0 64
 20 5 2 39 10 1 6 5 5 96 15 59 0 0 34 0 80 15 40 24 33 15 78 96 68 45 0 58 0 39 0 0 57 0 73 85 68 0 28 28 68 32 32 8 0 0 55 56 44 44 0 15 0 45 32 23 66 0 57 54 0 0 36 50 0 0 42 10 0 88 75 69 8 5 14 68 26 1 22 73 78 40 33 78 87 79 22 56 11 7 35 5 76 36 0 2 66 0 46 0 0 46 3 5 22 0 5 26 66 42 0 0 60 0 0 0 0 3 74 74 8 0 0 4 48 65 28 19 78 50 15 0 48 7 0 84 72 23 25 45 78 15 0 28 5 0 10 16 3 20
 61 25 59 11 62 0 0 4 32 55 2 16 0 72 0 0 14 0 0 0 39 41 0 16 13 1 32 59 0 0 0 0 35 38 35 34 46 64 65 43 0 34 0 40 0 0 58 34 32 0 63 0 0 0 30 32 0 6 79 73 6 0 0 26 44 4 4 43 0 4 0 17 22 0 0 66 0 39 46 18 0 2 25 19 11 21 0 36 3 1 6 0 50 47 59 31 64 27 41 20 86 0 0 0 43 35 53 4 21 0 24 0 11 41 0 0 0 63 0 16 45 0 34 0 60 61 0 38 20 14 38 0 7 0 37 0 67 13 72 0 35 0 9 56 46 33 23 0 65 41
 0 0 25 15 23 0 0 28 0 0 0 0 68 0 0 0 0 7 52 0 0 0 20 33 0 0 0 0 0 0 6 0 11 0 52 0 53 74 82 0 0 0 0 22 0 0 0 13 10 0 1 35 0 0 79 17 0 0 0 12 0 3 0 0 17 0 0 0 49 0 0 95 0 0 0 0 0 17 47 36 0 66 0 0 0 0 0 18 0 0 10 0 83 0 10 0 24 43 37 0 13 0 0 0 0 0 0 0 8 0 0 0 35 0 0 0 2 0 0 0 0 0 0 0 15 0 18 0 0 0 56 9 0 0 5 0 0 73 11 1 29 0 0 0 5 0 12 0 0 69
 0 56 0 72 0 0 0 0 13 23 85 39 28 18 0 0 37 0 70 0 67 35 65 42 13 0 62 38 0 39 0 0 5 65 21 8 71 5 10 0 0 69 14 8 0 0 16 62 0 0 32 0 0 0 66 44 0 18 78 40 0 0 69 0 0 0 0 29 2 0 55 77 6 0 0 71 76 17 68 14 3 12 27 0 16 0 89 30 0 44 0 17 47 0 0 0 78 63 0 0 17 46 0 0 35 19 58 0 38 0 0 0 17 9 0 3 0 33 0 0 0 0 55 0 0 0 72 0 6 21 80 0 2 0 12 0 0 71 39 36 81 22 0 4 0 0 38 0 11 89
 0 0 41 0 0 44 0 0 58 49 15 67 59 4 4 85 70 7 60 0 1 67 2 66 34 54 37 37 0 79 0 0 42 0 45 51 47 53 0 90 0 0 27 11 0 16 83 63 71 0 42 57 0 52 59 22 29 0 69 38 10 0 0 31 0 0 2 13 94 76 60 60 0 0 53 0 0 0 73 62 38 66 38 0 50 58 0 10 0 7 0 0 47 16 6 0 15 16 77 80 0 36 0 0 50 33 38 61 1 0 0 0 31 0 0 0 2 0 43 0 11 0 23 0 88 0 10 29 0 15 0 0 0 0 41 0 55 3 27 0 86 10 5 65 87 28 29 0 26 20
 66 1 12 19 25 14 14 3 10 19 17 46 23 70 0 29 2 0 0 14 22 0 44 84 5 17 24 54 0 0 23 0 0 10 10 57 33 41 11 54 0 39 66 0 0 23 0 13 50 0 33 75 0 44 50 21 0 0 75 0 23 0 57 2 13 0 74 12 44 0 0 24 0 0 79 89 55 68 0 45 60 25 54 32 0 0 0 0 0 66 0 10 31 30 86 0 38 0 21 54 40 0 0 0 0 36 25 60 43 0 0 0 62 18 0 0 0 15 15 25 28 15 0 0 7 19 17 49 0 39 81 0 36 0 51 0 73 26 4 34 5 0 0 77 0 0 55 0 5 9
 0 40 35 44 84 70 22 0 8 0 11 13 27 71 15 34 3 0 65 19 69 0 0 33 0 0 67 35 0 57 0 0 50 77 1 0 71 54 59 52 0 33 0 0 0 0 44 39 31 0 8 10 0 64 21 38 0 0 0 5 0 0 27 35 0 0 0 17 0 22 64 16 0 22 26 25 0 79 2 29 34 86 47 0 0 5 11 26 0 8 0 0 9 23 60 2 59 96 29 38 77 82 0 29 84 0 0 23 0 0 0 0 1 37 0 14 0 2 37 0 0 34 19 0 28 49 17 1 0 93 53 0 85 0 43 0 65 56 48 0 3 0 0 59 45 0 75 0 0 0
 0 0 36 0 0 0 0 0 0 10 0 0 0 6 0 2 0 0 0 9 0 0 63 0 0 0 0 0 3 0 0 0 0 0 29 12 0 34 0 0 0 0 0 0 0 0 0 28 0 0 0 0 0 0 0 0 0 0 0 19 0 0 17 0 0 0 0 0 48 0 0 0 0 0 0 0 51 0 0 0 81 19 0 0 0 0 0 0 0 0 0 5 0 0 10 29 0 0 0 0 62 0 0 0 0 0 0 96 0 0 0 0 0 36 0 0 0 0 0 0 0 0 0 0 0 0 0 0 1 0 0 0 0 0 0 0 21 35 0 0 0 0 0 0 0 0 0 0 29 11
 0 0 50 0 0 0 8 0 5 13 66 0 0 0 0 0 0 0 0 0 0 22 54 0 21 0 0 0 7 0 0 17 0 0 22 0 0 9 2 0 0 0 0 3 0 0 0 0 18 0 0 82 0 27 4 0 0 25 25 0 26 1 0 0 0 0 0 0 0 0 0 0 0 18 0 9 85 0 0 2 0 25 0 7 0 0 0 0 0 0 13 0 0 0 0 0 0 0 0 0 13 0 0 0 0 0 0 0 0 2 0 0 0 7 0 0 0 0 0 11 0 0 0 0 0 0 0 0 0 0 0 0 0 0 0 0 0 17 0 0 0 16 0 0 0 36 0 0 0 34
 35 0 45 49 32 23 0 0 40 0 0 11 49 23 0 0 64 0 4 0 0 0 82 86 15 0 61 23 0 85 0 0 0 64 0 84 88 58 58 65 0 2 6 1 0 0 45 14 16 0 69 51 0 0 49 0 0 0 4 74 0 0 69 44 0 24 0 43 26 0 64 26 0 0 10 20 0 34 0 69 19 31 67 0 39 8 0 16 0 68 0 0 0 0 0 0 0 73 34 44 23 15 0 0 12 77 17 16 40 0 0 20 0 37 0 13 0 10 0 0 0 3 46 0 12 10 0 80 0 13 6 0 1 0 37 0 78 0 32 0 26 16 0 45 8 0 7 0 51 30
 0 0 66 59 0 0 0 0 69 0 48 0 0 24 0 0 27 8 41 0 59 0 31 0 15 0 0 14 0 5 0 0 94 5 0 59 41 34 10 2 0 55 0 0 0 0 69 27 23 0 4 26 0 26 54 13 0 0 0 67 0 4 92 0 0 2 0 11 87 0 0 0 0 0 0 0 59 53 35 87 32 0 0 1 0 85 14 0 0 0 0 26 44 0 0 0 70 32 17 15 18 0 0 0 0 0 23 57 0 0 6 20 27 33 0 9 0 0 0 6 0 0 27 0 0 0 0 52 0 0 0 0 0 0 0 0 5 36 7 0 58 0 0 44 0 0 0 26 0 39
 0 0 57 3 17 0 0 0 0 0 0 17 0 0 0 0 0 0 0 0 0 0 63 37 0 0 4 0 0 0 0 11 26 0 3 0 12 3 0 0 0 0 0 1 0 0 0 0 0 0 0 0 0 0 32 22 4 0 0 18 0 0 0 0 0 0 0 5 70 0 8 0 28 4 0 0 0 0 0 0 42 14 14 0 0 23 0 28 0 0 0 14 0 31 6 0 0 5 1 19 0 16 0 2 0 0 14 39 0 0 0 0 0 77 0 0 0 0 0 0 25 0 0 32 23 17 0 0 0 0 0 0 0 13 0 16 0 6 0 0 0 0 0 0 0 0 0 0 0 34
 27 21 9 0 0 11 4 10 0 11 32 0 56 0 18 70 25 0 28 67 42 55 31 37 51 17 24 31 78 12 0 73 84 77 52 6 16 35 4 16 0 4 21 56 0 0 85 0 32 40 43 0 0 25 31 45 51 0 34 63 0 0 18 0 59 63 20 74 35 32 26 0 0 15 11 59 0 54 13 0 0 5 53 45 29 20 60 15 65 22 66 1 36 0 37 24 18 31 0 0 3 10 0 4 11 39 58 0 46 24 0 0 75 0 0 62 69 50 90 0 32 28 57 58 57 35 82 58 92 71 31 0 50 52 27 0 73 0 1 78 83 0 71 10 8 0 67 35 26 0
 0 14 0 26 18 87 0 31 26 40 34 69 29 36 4 35 77 0 0 0 0 37 28 0 69 74 58 56 0 0 0 0 60 19 0 33 0 49 65 84 0 22 67 0 0 0 26 89 31 43 2 32 0 93 85 21 45 0 33 18 0 41 28 13 51 23 0 9 0 54 80 0 0 0 76 30 54 50 89 56 26 25 0 66 75 0 20 80 22 49 64 0 14 80 0 34 87 7 0 85 0 2 0 7 47 57 28 8 61 0 0 0 1 21 0 58 0 64 56 0 38 0 65 54 0 81 37 0 0 5 1 0 74 25 45 0 0 52 53 6 56 28 29 78 56 0 6 0 9 0
 20 4 10 0 0 0 0 0 23 26 54 0 43 59 4 0 0 0 0 0 78 0 58 36 0 0 61 26 0 0 0 0 0 0 33 0 1 53 0 6 0 37 0 0 10 0 22 76 54 0 0 10 0 21 0 59 0 0 0 0 0 28 39 9 0 0 0 33 32 0 25 6 0 0 0 13 5 25 35 0 9 21 0 0 0 13 71 19 0 59 0 0 8 0 2 0 68 55 0 0 3 10 0 0 0 0 0 43 0 0 0 11 41 47 0 6 34 56 0 0 35 0 91 0 10 0 67 53 0 42 0 0 0 0 0 0 26 78 48 73 6 0 3 64 0 0 38 0 0 8
 0 1 0 6 7 62 0 0 19 0 0 0 36 0 11 0 0 0 0 0 11 0 54 61 0 0 86 84 1 28 0 0 19 0 37 7 77 28 0 0 0 28 0 0 0 0 60 56 4 0 0 79 0 34 64 0 8 0 77 64 0 0 24 0 30 0 0 20 0 0 46 35 0 0 0 0 35 64 52 0 0 36 60 0 82 0 39 55 0 43 0 0 14 9 1 2 3 18 0 0 49 1 26 0 58 31 76 6 32 0 0 0 10 35 0 67 0 0 0 0 7 0 20 12 9 0 0 39 0 46 30 0 0 1 0 0 5 50 0 59 57 0 36 50 0 0 69 0 0 45
 0 0 0 0 0 0 0 15 0 0 0 0 14 0 8 14 0 0 0 0 0 0 0 5 0 38 0 0 0 0 19 0 0 0 56 0 8 29 0 5 0 6 0 0 36 0 3 0 0 0 0 0 0 0 0 0 0 16 0 0 0 0 16 0 0 0 16 0 0 4 0 2 12 0 0 0 0 0 0 0 13 0 24 0 0 24 0 7 2 0 17 1 0 34 0 0 0 0 0 12 5 0 0 0 0 0 0 0 0 0 0 34 0 26 0 20 12 0 0 0 0 0 2 0 0 0 0 0 0 3 20 0 0 0 0 0 0 0 1 0 0 0 0 0 0 0 0 0 8 24
 0 2 48 69 50 0 0 0 48 0 16 13 4 0 6 0 0 0 16 0 0 0 0 23 7 4 0 0 0 0 19 0 55 0 84 0 21 64 0 0 0 0 0 0 0 0 96 68 91 0 0 0 0 0 59 0 0 0 41 55 0 0 0 0 21 0 0 14 38 0 0 68 0 0 0 0 34 0 54 0 0 26 0 9 0 0 0 14 0 0 37 0 0 0 0 0 6 23 0 0 0 0 0 0 0 0 0 0 0 0 0 0 0 14 0 0 30 30 7 0 0 0 94 28 0 0 68 0 27 6 0 6 0 0 0 11 0 57 0 6 8 4 0 0 0 0 19 3 0 12
 18 0 34 50 14 5 0 0 45 0 61 0 87 10 0 0 4 0 46 4 0 0 0 80 0 0 0 0 0 0 0 0 60 3 44 0 9 58 0 0 0 19 0 0 0 8 47 86 57 0 0 53 0 0 9 10 0 0 45 74 0 0 0 0 0 18 0 94 50 17 0 14 0 0 0 0 79 0 0 0 72 37 0 0 0 0 0 0 0 0 0 0 13 0 0 0 61 0 0 0 19 0 0 0 0 0 8 41 0 23 0 14 24 0 0 0 36 0 23 0 0 0 46 0 0 0 8 0 0 0 52 0 16 0 0 0 0 26 0 0 0 16 13 0 0 0 8 0 0 81
 0 0 0 34 32 0 12 2 42 0 34 0 0 4 17 0 23 0 74 10 0 0 75 15 0 18 0 29 3 0 0 17 34 2 75 19 21 0 2 0 0 43 0 0 0 0 59 36 29 0 0 57 0 28 0 84 32 0 68 51 0 0 0 0 0 0 0 11 0 0 0 22 8 0 7 12 25 39 17 0 54 79 0 0 0 46 0 26 0 0 0 0 0 0 0 0 52 0 12 0 12 45 0 0 0 0 6 32 0 0 0 0 29 71 0 20 0 25 0 1 0 0 92 0 0 0 0 0 0 28 0 9 0 0 0 3 36 8 75 0 49 0 24 0 0 0 0 0 0 11
 0 0 9 0 25 0 0 0 0 0 0 0 0 0 0 0 0 0 0 0 0 11 22 0 0 0 0 0 0 1 0 0 0 0 58 7 0 0 0 0 0 0 2 4 0 0 0 0 0 0 0 23 0 0 0 0 0 0 0 0 0 16 6 0 0 0 0 0 9 0 0 0 17 0 0 23 0 32 0 0 0 0 0 24 0 0 13 75 0 0 0 0 0 0 0 0 15 0 0 3 51 0 1 0 0 0 0 0 0 0 0 0 0 23 0 0 0 0 0 0 0 0 0 21 14 2 0 0 0 14 0 0 0 0 0 0 0 29 0 1 5 0 0 20 0 0 0 0 0 89
 12 2 0 0 0 0 0 0 0 1 12 0 0 0 0 0 0 13 0 0 0 5 0 0 0 0 0 0 0 0 0 0 0 0 4 0 0 0 0 9 0 0 0 0 0 6 32 0 7 0 0 15 0 0 54 0 8 0 0 0 0 0 0 0 0 0 0 0 0 0 10 0 0 0 0 0 35 0 0 0 22 0 0 0 0 0 0 13 6 0 0 0 0 0 16 0 0 0 0 0 7 0 0 0 0 0 0 0 0 2 0 0 0 83 0 0 0 0 0 6 0 0 13 0 0 0 13 0 0 0 0 0 4 2 0 0 21 33 17 0 18 0 0 0 0 0 0 0 0 58
 0 20 19 0 95 58 0 0 57 0 0 0 34 42 25 0 0 0 0 0 44 11 20 68 0 0 23 55 0 74 0 0 65 19 6 83 0 0 63 0 1 30 0 0 0 0 33 32 30 0 16 13 0 3 51 61 0 0 46 29 0 0 80 0 0 0 0 33 62 0 47 0 0 0 68 0 0 16 58 14 10 57 0 0 85 51 15 63 0 69 0 0 0 0 0 24 72 81 12 0 28 0 17 0 36 0 26 35 6 0 0 12 35 33 0 30 0 68 20 17 0 0 28 11 0 0 6 40 15 23 5 4 1 0 0 0 44 0 39 74 0 17 9 77 0 0 0 0 4 34
 13 10 3 24 12 60 0 14 5 48 45 43 0 0 73 71 0 0 39 0 13 0 61 0 52 47 0 22 0 9 7 0 0 95 82 37 20 73 13 0 2 51 4 66 0 0 0 8 82 0 54 67 0 3 0 60 2 0 29 23 0 0 49 36 50 0 3 69 0 6 0 30 0 0 50 36 22 0 55 22 0 79 46 0 60 27 15 41 0 64 0 0 0 0 9 0 49 5 0 48 68 15 0 0 44 68 44 80 40 0 0 0 89 0 0 26 0 16 55 0 57 0 0 0 85 62 74 17 0 0 67 0 65 0 38 0 7 22 59 63 8 21 0 2 48 0 42 0 0 55
 0 29 0 40 12 42 32 7 10 0 0 17 0 41 0 0 0 0 39 0 0 0 25 62 0 0 22 71 17 30 0 0 11 44 70 39 0 9 71 0 0 71 0 0 0 0 4 1 45 0 0 36 0 0 57 45 0 0 57 0 0 0 35 0 0 12 4 10 34 0 26 40 0 0 32 0 12 46 54 54 32 13 0 0 0 0 38 55 0 2 0 11 5 0 0 0 58 48 23 0 0 83 0 0 0 0 0 56 50 0 0 13 53 0 12 0 8 2 0 0 15 0 52 0 48 0 48 37 0 85 53 0 0 8 29 0 23 51 0 0 0 0 0 0 0 0 53 0 3 81
 0 0 87 6 0 0 0 16 68 0 69 0 56 74 0 0 7 0 85 0 81 0 45 0 4 0 0 0 0 4 0 0 0 0 28 41 77 79 31 0 0 17 9 10 12 0 43 0 62 8 0 5 0 0 28 32 20 0 41 0 0 0 34 6 0 13 0 59 24 0 0 0 0 9 0 9 0 87 35 0 37 36 0 0 29 0 0 68 0 0 0 2 14 10 11 0 14 20 0 0 4 0 0 0 0 0 0 30 0 0 0 0 50 82 28 0 0 0 0 0 0 0 11 0 0 0 86 9 0 0 50 0 0 3 0 0 0 62 7 0 68 0 6 0 0 0 0 0 0 13
 0 0 14 82 80 0 0 0 38 34 73 1 63 27 0 0 0 0 72 0 0 0 11 21 0 0 0 0 0 84 0 0 69 0 28 0 8 30 65 0 0 19 0 0 0 0 5 0 0 0 0 86 0 71 71 12 0 0 0 0 0 20 56 0 18 0 0 45 86 17 0 38 0 0 0 0 17 82 1 29 0 20 0 0 0 38 0 0 0 0 0 0 57 0 0 0 47 46 0 0 1 0 0 0 0 0 0 51 0 0 0 0 14 6 0 24 0 0 0 0 0 0 0 0 0 0 54 80 0 0 35 0 0 0 0 0 33 25 21 59 0 0 0 0 0 12 0 0 0 26
 9 0 0 0 0 0 0 0 0 0 49 0 0 0 0 0 0 26 26 0 0 0 4 15 0 0 0 0 0 0 0 9 0 0 42 0 0 0 4 0 0 0 0 0 0 7 0 0 0 0 1 0 0 0 0 0 0 9 0 0 0 0 0 0 0 24 0 11 27 0 10 0 0 0 0 0 0 0 15 0 0 0 0 0 0 0 6 0 0 1 0 0 0 0 12 0 0 12 0 27 0 0 0 0 5 0 0 0 0 0 0 0 14 0 0 0 3 0 0 0 11 1 0 0 1 0 0 0 0 0 0 0 0 0 6 0 0 49 0 0 0 0 0 0 31 9 0 15 0 26
 0 11 38 30 26 68 0 0 0 26 86 63 8 26 45 0 0 0 0 0 45 0 51 10 14 13 0 60 0 35 0 24 18 0 86 46 0 73 50 89 0 0 0 80 0 0 87 74 6 47 23 0 0 49 60 9 43 4 72 36 0 0 33 32 4 14 19 75 68 17 33 28 0 0 53 59 0 44 65 49 29 0 49 63 45 96 3 55 0 37 0 0 0 71 71 10 45 16 58 53 38 43 15 0 36 38 24 47 0 0 0 0 43 48 0 23 0 0 52 0 68 0 79 65 0 3 39 80 2 67 86 0 90 7 0 0 0 34 0 0 27 80 0 48 0 0 62 0 0 60
 0 0 14 0 1 0 0 0 82 1 68 0 66 11 0 0 28 0 61 0 8 0 38 10 0 0 91 17 0 13 0 0 22 59 0 73 0 0 54 0 0 1 0 0 0 0 0 64 62 0 0 30 0 36 76 0 0 4 59 32 0 0 52 0 0 0 0 25 34 0 26 12 0 0 0 0 69 31 70 60 37 30 0 0 0 52 80 0 0 0 0 0 31 5 0 0 0 58 0 0 50 42 0 0 0 0 0 48 4 0 0 10 0 52 0 1 0 64 0 0 0 0 0 0 0 28 0 60 0 0 0 13 0 0 0 0 0 38 0 49 6 0 0 28 0 23 16 0 0 0
 4 49 31 47 54 29 0 0 2 19 65 0 0 63 74 82 0 0 17 0 61 12 3 0 4 21 57 26 22 28 5 0 32 32 5 0 12 41 13 0 0 0 26 4 0 24 40 47 52 18 68 46 0 9 19 59 51 0 0 70 0 0 0 37 47 6 9 6 0 7 28 29 0 0 61 50 0 0 48 20 44 34 71 37 37 78 64 11 4 31 0 0 0 0 52 0 76 34 6 31 46 14 0 0 0 60 43 24 21 3 0 0 0 37 11 18 0 57 30 24 36 0 6 2 18 75 29 27 0 74 18 0 43 26 62 0 53 52 0 11 12 0 0 47 2 2 22 25 0 0
 38 32 13 0 0 22 0 0 4 65 41 51 0 4 1 66 12 0 70 1 64 42 66 76 13 4 52 62 0 4 13 0 29 44 0 18 13 21 0 49 0 19 27 24 0 0 0 0 0 0 0 14 0 52 46 0 45 0 0 28 0 14 46 0 81 0 4 0 17 2 0 0 0 2 30 9 0 27 32 28 18 40 37 13 0 0 71 40 55 62 24 0 0 55 31 5 10 36 30 11 7 28 63 0 15 8 24 0 83 0 0 0 36 8 36 38 0 0 46 0 90 0 19 41 53 32 28 78 9 0 12 12 0 0 8 16 23 81 0 35 82 57 20 44 19 0 0 0 36 50
 0 0 43 0 0 0 0 0 0 4 0 0 1 0 0 0 5 28 80 9 0 0 4 4 0 0 0 0 4 26 0 0 32 7 3 22 0 20 0 0 0 29 0 0 0 0 42 10 21 0 16 66 0 0 0 0 0 0 20 33 0 0 0 0 0 0 0 77 58 11 0 84 0 0 0 0 14 8 0 30 25 77 18 18 0 0 0 2 11 0 1 9 0 0 0 0 19 37 0 0 18 0 0 0 0 0 0 54 0 4 18 0 0 10 0 0 0 0 0 6 0 0 0 18 0 0 0 0 0 0 0 26 0 0 0 0 0 0 0 0 0 0 1 21 0 0 0 0 0 51
 0 66 35 74 31 21 0 21 17 17 24 0 31 5 0 0 2 19 58 0 52 12 0 0 2 0 93 39 0 98 27 0 69 8 31 22 55 0 86 83 0 0 15 0 12 0 27 76 13 1 38 44 0 0 44 15 0 0 77 4 0 0 32 5 0 0 0 36 67 9 38 0 9 0 52 0 0 55 53 14 55 13 53 2 83 0 72 38 0 0 5 0 71 0 57 0 33 1 37 21 13 0 0 0 67 0 47 67 0 0 0 0 4 0 0 69 0 39 70 0 6 0 0 0 31 46 0 9 0 31 41 0 38 7 0 0 18 0 75 74 41 0 6 73 60 0 6 0 41 78
 0 45 14 5 0 77 0 0 23 21 81 0 42 0 0 0 32 7 10 0 0 0 29 0 0 0 91 3 0 21 0 0 68 72 63 8 3 39 63 6 0 20 0 0 27 13 30 0 21 0 0 0 0 82 32 45 18 0 0 11 1 0 0 4 0 0 0 0 46 2 79 0 0 32 0 0 3 50 40 35 63 0 58 0 63 0 34 0 0 10 0 0 45 0 0 0 32 0 24 0 0 24 0 10 8 0 0 0 66 9 5 0 66 64 1 46 0 44 4 0 0 0 8 0 0 2 3 28 0 49 45 0 12 0 0 5 0 5 86 0 45 4 0 0 0 0 0 0 8 6
 25 63 8 51 55 16 0 0 5 16 30 0 18 57 11 28 47 0 53 0 45 91 86 0 67 0 37 76 0 54 5 0 63 45 50 0 67 38 61 0 0 37 0 4 0 8 62 34 0 0 0 60 0 65 34 7 0 0 32 70 0 0 66 32 59 8 0 0 67 80 39 0 0 0 18 0 44 13 47 60 8 21 0 69 25 73 85 6 0 32 1 0 36 19 0 0 70 36 57 0 42 7 0 0 64 77 17 0 0 0 0 0 47 28 0 0 0 19 25 0 15 19 73 30 18 36 59 75 9 2 40 0 75 0 2 0 38 75 67 74 0 0 0 6 56 0 37 17 39 11
 0 9 29 0 65 10 0 0 8 3 0 0 43 0 0 0 0 22 0 0 0 0 61 42 0 0 0 0 0 0 0 0 53 0 31 2 55 29 69 3 18 0 0 0 0 0 42 32 58 0 4 0 0 3 0 0 4 0 70 73 0 0 0 0 0 0 0 16 48 15 0 48 0 0 0 0 20 0 0 0 0 31 0 0 0 0 0 90 0 22 0 0 0 0 0 0 0 60 0 0 0 0 0 19 0 0 0 33 0 16 0 7 38 45 0 0 0 0 0 0 0 0 15 19 13 0 0 0 0 0 0 0 0 0 0 0 0 89 1 0 0 0 2 0 0 0 4 7 0 0
 0 17 55 6 0 0 0 0 11 0 3 0 0 0 0 0 0 11 27 0 7 0 41 0 0 0 0 0 29 15 0 0 73 0 54 0 0 0 0 0 0 0 0 0 0 0 63 0 0 16 0 13 0 0 61 0 0 0 0 63 10 0 0 0 0 3 0 40 62 0 0 0 0 0 0 0 65 0 1 17 64 70 0 0 0 0 0 0 0 0 0 0 0 0 8 0 0 0 10 0 67 0 0 21 0 0 0 40 0 0 0 0 0 4 0 0 0 0 0 0 0 1 0 0 0 0 0 0 4 6 0 0 0 0 9 0 0 25 8 0 0 25 0 0 0 0 0 0 0 60
 0 46 46 34 7 4 5 0 0 0 82 1 37 63 0 0 56 0 12 0 33 23 40 0 50 0 60 0 0 0 0 31 30 0 65 46 0 1 59 5 24 12 0 4 0 0 50 0 10 0 91 0 0 22 29 0 0 0 76 0 0 0 0 67 0 0 0 15 26 0 0 0 7 25 60 84 7 91 23 0 8 51 0 25 0 16 38 60 0 16 0 0 20 0 0 0 37 0 0 66 47 0 2 0 6 0 26 34 0 0 0 0 95 30 0 8 0 72 42 0 0 0 7 6 0 56 33 4 0 15 0 9 4 0 5 0 0 50 86 14 0 22 22 75 23 0 0 0 63 0
 0 44 52 56 64 42 0 0 0 0 71 78 0 76 0 0 34 0 33 0 37 47 51 49 14 0 54 0 0 63 21 0 4 63 0 54 0 6 19 46 0 22 0 0 0 0 32 81 0 0 48 33 29 51 73 65 0 0 97 61 0 0 53 29 0 0 0 25 42 0 0 0 1 0 24 6 0 75 28 19 0 8 16 0 17 51 7 0 0 60 0 0 81 0 27 19 88 4 0 0 82 54 0 0 0 0 60 0 59 0 19 0 32 45 15 20 17 8 12 0 0 0 0 0 20 87 45 15 0 0 12 4 54 0 0 0 74 0 45 80 32 0 0 38 0 0 0 0 0 12
 0 0 0 0 0 0 8 0 6 0 32 0 0 0 4 33 29 0 0 0 34 0 28 0 0 0 0 0 0 7 0 0 4 0 2 0 16 1 38 0 0 0 0 0 0 0 0 17 0 0 0 40 0 0 0 0 18 0 0 0 24 0 0 0 3 0 0 0 0 0 0 10 0 21 0 0 0 2 0 0 0 0 0 0 22 0 0 36 0 0 0 0 0 0 37 0 17 0 0 0 0 0 0 0 0 0 0 0 8 4 0 0 0 0 0 0 0 0 14 0 0 0 14 13 0 0 0 11 0 0 0 0 0 0 0 0 0 52 0 0 0 0 0 0 0 0 0 0 10 7
 0 0 62 62 28 0 13 0 59 0 48 0 95 52 0 19 0 7 40 0 47 0 62 29 0 0 0 19 0 0 0 0 0 0 27 1 10 0 78 11 0 9 13 0 0 0 57 88 2 0 0 0 7 33 62 0 0 0 35 0 0 23 89 0 0 0 0 15 7 0 15 0 0 0 0 0 28 26 52 0 35 86 4 0 0 19 2 64 0 0 0 0 77 22 0 0 48 17 17 0 74 0 0 0 0 28 0 34 0 0 10 0 61 13 21 63 0 0 0 3 0 0 90 0 33 0 69 0 0 0 14 4 0 0 0 0 11 47 57 0 88 0 0 0 0 0 0 2 11 6
 84 0 51 92 3 2 0 0 70 8 0 66 78 82 26 43 45 0 19 0 14 32 35 39 37 0 64 6 0 0 0 18 29 19 45 67 0 0 0 0 0 0 61 26 0 0 41 0 0 34 0 2 18 16 0 27 13 0 0 0 0 9 66 26 27 44 56 8 43 43 3 44 22 22 85 0 70 51 23 40 0 63 0 27 8 6 16 55 0 39 18 0 21 15 13 47 22 87 0 38 42 28 0 1 66 10 4 95 12 0 0 30 62 46 0 71 0 35 19 0 0 0 50 65 66 19 0 0 0 31 0 0 62 0 73 0 31 51 88 5 83 0 0 52 11 0 7 0 81 0
 9 25 26 42 50 37 56 0 0 99 9 35 0 0 61 29 54 1 31 1 56 9 59 23 62 31 9 33 10 0 4 41 91 40 57 33 0 58 0 55 28 50 63 35 41 50 0 50 2 0 42 0 30 32 0 33 58 45 72 50 0 19 86 57 7 16 0 56 41 59 37 0 0 0 49 21 29 82 40 37 19 39 51 8 11 16 10 43 2 58 76 60 26 32 0 51 0 0 26 57 15 5 0 0 80 67 50 60 37 81 13 0 13 0 22 75 6 0 21 36 17 75 58 42 21 66 30 32 25 57 3 0 10 41 0 11 57 11 27 0 33 28 57 0 32 15 0 82 67 0
 0 23 25 57 46 4 0 0 65 3 73 0 0 79 0 0 0 29 56 0 32 0 0 19 0 0 78 22 1 35 5 0 43 69 45 21 0 0 6 0 0 62 21 0 0 0 5 71 54 0 26 39 0 36 0 0 39 0 62 55 0 0 35 0 0 11 0 48 53 0 6 33 0 0 65 0 10 25 10 53 53 51 0 0 83 65 23 0 0 55 14 0 12 0 0 0 38 4 0 6 46 90 0 0 0 0 70 64 58 0 0 0 1 0 0 64 0 5 0 0 0 0 72 0 25 0 29 0 0 0 56 0 0 0 0 0 86 54 25 51 0 0 0 2 0 0 14 0 0 92
 0 47 20 62 6 0 0 0 9 17 39 0 0 65 11 0 76 4 33 0 67 29 34 31 55 0 0 33 0 80 0 0 90 6 30 17 44 79 68 0 23 13 9 0 0 0 38 42 74 11 37 53 3 41 34 34 0 0 0 34 7 0 39 0 0 0 3 3 51 0 73 25 0 0 70 0 88 10 46 39 13 13 33 0 68 87 2 33 0 8 0 0 63 30 37 0 2 82 15 28 30 0 0 0 58 0 63 0 51 0 0 0 3 69 0 46 0 61 83 0 0 0 41 0 61 8 29 0 0 13 27 2 56 24 4 23 0 52 0 47 28 0 0 61 21 1 34 0 63 0
 23 82 51 55 0 51 14 0 85 0 51 0 49 45 0 0 0 0 49 0 38 0 28 0 8 0 0 49 11 8 0 7 34 0 1 72 76 0 80 0 0 2 21 0 0 0 53 20 0 12 0 0 0 43 50 0 0 0 4 0 0 0 32 0 0 0 25 33 67 0 0 0 0 0 3 0 76 30 0 0 29 72 0 0 79 23 8 23 0 14 0 0 49 0 8 0 57 36 0 0 58 29 0 0 0 0 0 0 2 25 0 0 50 16 0 60 0 72 4 0 0 0 0 0 50 4 0 67 36 55 62 0 0 0 0 0 51 60 59 19 4 0 0 0 0 4 8 0 0 0
 10 4 1 0 0 0 0 0 20 0 33 0 0 0 5 12 0 0 0 0 0 0 66 0 0 9 0 3 0 3 0 0 0 30 63 0 0 17 0 32 0 0 0 0 0 0 0 0 0 0 0 51 0 0 0 0 0 0 16 0 0 0 21 12 0 0 0 0 3 0 0 0 22 0 0 0 26 12 0 0 43 29 0 0 0 0 0 11 0 0 0 8 0 0 3 0 0 0 0 6 47 0 0 0 0 21 6 0 0 0 0 14 0 39 0 0 20 0 0 0 0 0 0 0 0 0 0 0 0 0 0 0 0 0 0 0 0 25 0 0 0 0 13 0 7 0 0 0 23 31
 0 70 6 79 20 38 12 0 0 0 0 0 25 22 0 0 18 2 86 0 0 0 43 49 11 0 47 41 0 42 0 0 60 60 12 0 52 54 73 0 0 20 0 0 0 0 0 0 0 0 0 1 0 52 71 51 4 0 36 22 0 0 0 0 0 0 3 90 84 0 39 2 0 0 39 0 19 13 7 63 26 47 0 0 0 59 43 43 15 0 0 0 31 3 0 11 80 62 13 0 0 75 0 0 0 0 0 43 0 0 0 0 52 3 0 38 15 36 6 0 0 0 25 0 52 0 0 26 0 19 74 13 0 10 0 0 42 47 58 17 37 0 0 32 4 0 68 0 0 23
 21 74 66 50 67 12 0 19 78 0 61 23 52 10 21 73 40 0 0 0 0 32 78 0 56 35 6 11 40 0 0 0 10 0 39 3 54 19 9 54 0 0 31 0 0 0 0 22 21 36 46 0 0 0 75 75 33 6 19 22 0 6 49 92 35 72 59 66 0 66 46 65 0 17 30 68 48 54 0 49 14 0 44 61 53 49 16 59 71 34 0 37 0 57 0 62 0 86 57 24 0 23 12 0 47 52 0 96 37 0 0 0 1 43 0 48 0 0 0 0 57 0 0 53 57 32 0 20 0 9 63 0 3 42 60 29 6 0 35 44 10 25 11 0 18 0 77 0 30 72
 92 0 54 63 75 0 44 48 2 33 26 59 22 58 45 0 0 0 0 33 23 0 0 40 0 27 0 91 41 13 73 0 39 24 98 18 11 0 58 49 26 68 32 28 43 27 95 0 43 91 0 0 12 0 5 20 0 7 0 5 18 0 6 24 68 19 75 9 44 30 0 60 58 45 57 7 22 17 23 65 65 50 42 89 69 19 30 73 24 50 46 62 0 61 0 60 11 26 28 0 5 0 19 0 20 7 44 24 5 34 0 32 69 38 0 61 35 32 41 43 0 0 0 29 9 18 26 44 68 41 41 0 7 70 0 4 0 6 48 0 29 28 0 69 58 0 64 27 43 55
 43 30 28 26 57 64 1 57 11 62 0 0 34 48 82 11 76 0 67 41 0 49 7 49 17 22 46 26 14 42 0 71 0 0 54 85 55 57 0 0 38 67 67 42 0 0 29 16 37 46 0 69 19 81 66 0 20 0 0 62 15 33 41 34 74 79 37 35 11 0 0 1 43 37 0 16 0 44 0 22 17 44 0 22 0 15 6 62 48 0 40 8 33 14 60 22 0 14 24 1 59 64 0 13 26 43 72 0 49 93 0 0 49 32 0 55 42 29 90 72 40 0 0 25 37 53 36 36 67 0 0 1 0 0 86 0 59 68 81 17 36 0 42 85 37 0 9 0 92 40
 25 0 21 7 0 0 0 0 0 0 28 17 81 0 0 0 0 0 74 0 0 0 15 0 0 0 0 0 0 0 0 31 39 0 0 0 0 0 0 7 2 0 0 0 0 0 5 0 10 0 0 59 23 0 48 0 0 0 50 26 0 0 0 0 0 0 0 65 42 24 0 83 0 0 0 0 28 26 0 0 0 4 0 0 0 0 0 0 0 3 22 0 55 0 0 0 0 50 0 0 65 0 0 0 0 0 0 3 0 0 0 0 0 0 0 0 5 0 0 0 5 0 0 0 0 0 0 0 19 0 0 0 0 0 0 0 0 37 0 0 14 0 0 0 0 0 0 0 0 0
 0 0 30 0 0 0 0 0 0 0 51 0 0 0 0 4 0 0 0 13 0 8 36 0 0 0 0 0 0 0 0 0 0 0 38 7 0 0 0 0 0 0 0 16 0 0 1 0 0 7 0 13 6 0 28 0 0 2 0 3 6 0 13 0 23 0 0 0 0 0 0 0 19 0 0 0 0 0 23 0 0 0 0 32 31 0 0 15 0 0 0 0 0 1 0 0 0 0 0 0 24 0 0 14 1 0 0 0 0 0 0 0 35 0 0 14 0 0 0 0 0 0 6 36 0 0 1 0 0 0 0 26 0 0 0 0 36 0 0 28 0 0 0 0 0 0 8 0 19 23
 0 12 62 0 47 0 37 80 0 41 42 57 56 35 0 76 36 17 22 0 10 0 22 45 83 7 0 31 69 82 0 13 24 0 13 0 14 78 0 9 15 66 24 67 41 63 9 24 42 76 76 57 0 58 62 18 1 57 36 33 57 14 26 55 72 42 7 50 64 4 31 17 38 5 2 46 18 70 57 25 25 41 71 19 0 0 47 10 62 41 0 0 76 56 0 26 18 63 64 0 23 0 6 0 69 60 39 73 88 4 39 50 22 32 0 27 56 76 65 5 58 4 66 61 81 71 8 9 14 54 9 0 74 76 0 0 0 76 0 0 33 0 54 77 20 77 38 0 78 71
 0 28 83 68 18 16 0 0 36 0 0 3 2 39 0 12 0 4 43 23 79 0 56 0 0 0 0 0 0 0 0 0 42 0 0 39 66 69 19 0 6 0 0 0 0 4 16 0 6 0 0 3 0 0 33 84 6 0 68 78 13 16 11 0 20 11 0 78 49 0 0 59 0 0 0 0 0 48 75 0 84 60 0 0 35 25 0 18 0 0 0 0 5 0 0 7 35 20 0 0 15 0 0 0 0 0 0 50 0 0 0 0 67 0 0 0 0 0 0 1 0 0 36 16 24 0 39 0 34 0 28 0 0 0 18 10 0 83 16 0 40 1 0 0 0 0 0 0 16 63
 48 91 74 72 3 8 25 0 50 0 54 0 0 49 27 62 30 0 0 0 32 52 1 1 3 35 5 46 0 0 0 0 60 52 0 0 0 4 44 12 11 77 18 14 16 0 77 13 0 50 59 39 34 12 35 61 69 15 9 0 13 86 0 16 0 28 15 2 23 73 51 75 0 50 0 14 0 0 0 11 52 8 16 61 0 56 15 0 78 24 29 14 47 48 6 27 87 63 30 0 29 48 16 0 7 60 28 0 0 0 0 0 0 17 0 1 0 59 37 0 0 0 37 58 1 34 66 68 0 30 17 0 0 46 0 0 79 18 29 36 0 62 77 54 21 0 46 0 0 85
 0 0 0 27 0 0 0 0 2 4 72 11 0 52 0 14 0 31 0 0 0 0 25 34 0 0 0 21 9 0 7 0 10 0 15 31 26 72 82 0 0 9 25 0 0 19 73 20 17 27 0 0 0 23 46 37 0 15 19 0 0 0 20 0 14 0 0 8 36 0 13 53 0 0 0 11 33 0 14 0 67 83 0 0 0 92 14 15 2 0 0 13 52 0 0 0 29 16 0 0 23 20 0 3 0 0 0 23 0 12 0 0 45 34 0 43 0 0 19 0 0 11 4 0 0 0 15 28 0 28 60 0 0 0 0 0 0 14 56 0 0 0 0 0 0 0 26 0 0 0
 0 26 29 20 0 50 0 0 0 0 16 47 20 67 0 0 93 0 72 0 75 33 0 58 62 0 60 58 0 0 0 0 80 3 0 7 77 45 28 26 7 41 0 0 0 0 79 20 0 0 29 82 0 19 0 70 0 4 0 21 0 6 44 29 0 0 0 20 29 2 61 51 0 0 64 56 90 0 0 75 47 78 0 0 63 49 92 0 0 43 0 0 33 0 0 0 70 42 0 0 0 32 0 0 60 0 0 16 0 23 0 0 55 60 0 40 0 0 0 0 0 26 0 0 72 28 12 75 0 32 39 0 57 26 81 0 60 0 97 0 13 9 0 0 37 0 44 0 0 0
 3 23 9 7 40 38 0 60 41 43 85 36 61 0 39 0 43 1 0 0 7 30 47 32 6 79 10 21 14 88 0 1 43 54 12 11 55 11 13 20 0 1 57 51 0 12 45 17 9 12 16 77 0 81 46 0 46 0 64 54 0 0 25 88 12 0 0 65 0 61 0 42 80 80 36 42 42 10 40 0 43 0 0 61 63 13 81 6 11 43 0 13 0 23 39 39 43 10 59 19 22 0 24 0 36 55 22 79 24 31 0 0 86 50 0 0 43 23 29 0 0 0 0 55 27 62 0 0 43 17 18 0 77 48 0 0 41 45 24 50 0 8 66 10 29 0 7 77 0 0
 0 95 3 11 43 23 0 0 30 0 74 31 15 59 0 61 19 0 41 0 61 0 9 20 32 26 15 32 0 63 0 18 14 24 11 30 15 32 79 61 0 73 0 31 0 0 0 63 73 0 17 71 30 23 30 35 0 34 69 59 0 0 2 23 0 0 68 50 33 17 21 0 0 0 0 0 58 39 18 33 95 28 58 0 0 10 0 0 0 13 0 0 32 0 47 0 83 18 70 90 47 2 3 0 48 27 57 20 8 0 22 0 0 58 0 51 8 69 4 31 0 0 50 0 53 0 38 62 0 33 36 0 23 0 77 0 34 92 27 16 20 0 0 17 38 0 88 15 47 0
 0 69 48 64 24 27 49 47 0 0 22 1 28 45 81 49 0 50 87 14 49 68 68 27 58 95 31 0 71 26 80 70 5 4 0 38 6 77 37 18 34 62 0 3 0 49 0 67 0 1 58 11 14 33 45 0 0 3 0 24 35 6 89 55 32 0 0 63 85 0 40 48 0 20 42 52 48 56 14 51 20 1 32 23 14 86 4 0 20 31 36 1 4 42 25 0 0 0 50 38 1 53 34 0 43 30 61 2 69 10 49 61 70 71 0 26 23 0 0 19 31 0 29 64 9 26 0 0 18 32 77 0 15 0 22 13 0 47 29 0 9 15 26 0 21 8 59 11 60 31
 2 0 13 0 0 0 0 0 0 0 0 0 12 0 0 8 12 0 39 0 0 1 59 38 0 0 0 0 0 0 0 0 9 0 23 0 62 0 45 0 8 0 15 0 0 15 72 49 23 0 0 5 0 0 57 0 0 0 65 0 6 0 16 0 0 4 0 77 55 0 0 86 0 0 0 0 0 0 0 0 4 0 0 8 0 0 6 38 0 9 0 0 60 2 0 0 0 62 0 20 0 0 0 0 0 0 12 49 0 3 12 9 58 0 0 0 0 0 32 11 0 0 0 0 0 31 46 0 0 2 0 12 12 0 12 7 8 44 0 0 6 0 19 0 0 9 0 0 0 15
 20 91 2 0 31 16 2 0 39 83 89 62 0 62 38 0 39 0 0 0 15 65 72 4 37 0 62 0 0 0 0 0 34 91 58 0 12 16 17 20 0 16 43 96 0 0 24 0 4 58 55 37 0 3 25 7 20 0 0 41 0 59 40 1 60 18 60 26 69 47 17 0 0 0 4 0 67 0 23 41 0 74 0 59 26 31 32 24 0 22 0 0 0 64 72 0 0 21 0 90 0 32 0 0 4 95 8 64 75 0 0 0 25 0 0 0 0 67 33 0 87 0 42 0 27 69 0 77 18 74 0 0 80 0 20 29 27 69 0 9 49 0 0 5 0 0 27 0 17 0
 0 17 31 53 0 52 0 0 25 0 36 0 0 44 0 0 0 0 28 0 0 0 0 0 0 0 45 0 0 18 0 4 50 64 61 63 66 0 73 0 0 62 0 0 0 0 64 69 58 0 0 1 0 19 73 23 0 0 66 0 0 0 0 6 0 0 0 63 25 0 4 0 0 6 0 0 12 71 25 66 0 84 30 0 0 65 58 0 9 38 0 0 2 0 1 0 0 51 0 0 85 0 0 0 0 0 0 62 0 0 0 0 54 22 0 0 0 23 0 0 0 0 54 0 0 0 57 75 0 20 8 0 0 0 0 0 43 31 0 58 57 0 0 66 0 0 0 0 0 36
 0 54 0 85 7 0 0 0 0 0 69 10 13 58 0 0 0 0 66 0 55 24 60 38 97 0 59 67 0 0 24 0 34 25 58 61 55 8 60 73 0 0 0 0 0 0 37 45 38 18 61 61 0 21 23 27 0 0 8 5 0 0 44 5 12 0 0 58 19 0 25 0 0 0 24 81 38 84 57 72 0 25 25 0 31 7 69 97 0 0 0 0 42 0 0 0 8 92 0 0 63 40 0 0 3 0 0 7 63 0 0 0 70 33 0 54 0 83 0 0 5 0 0 0 38 0 78 4 0 8 27 0 7 0 7 0 35 64 19 58 3 0 0 31 0 0 0 0 0 0
 0 0 35 0 0 0 0 19 0 0 13 0 66 0 0 0 0 0 0 28 0 15 0 26 0 0 0 11 0 6 0 0 54 0 35 0 0 0 0 10 0 0 4 0 12 0 0 2 82 0 0 21 0 0 90 0 0 0 0 60 0 19 0 0 0 0 0 45 39 10 12 2 0 0 0 29 37 0 0 9 25 0 0 0 0 0 0 66 0 10 0 0 49 2 0 0 19 72 0 0 27 0 25 0 0 0 6 54 24 5 0 0 88 0 0 0 0 0 0 22 0 13 0 1 0 0 0 0 0 0 0 0 0 0 0 0 0 18 0 0 0 0 14 0 0 12 0 0 0 4
 0 0 31 41 29 0 0 0 31 1 8 0 34 32 0 0 0 0 35 0 0 0 68 29 0 2 0 33 0 0 0 0 73 0 53 86 8 96 67 0 0 36 0 7 0 0 21 70 87 4 0 32 0 0 63 61 0 0 36 21 0 0 94 7 0 0 0 39 49 0 0 46 0 27 0 0 31 11 52 60 44 2 0 0 0 0 0 21 0 0 0 0 15 0 0 0 79 71 0 0 0 53 27 0 10 22 0 47 0 0 0 0 17 55 0 16 0 0 0 19 0 13 59 0 0 0 3 0 0 0 44 0 26 0 0 23 17 0 61 67 50 0 0 0 0 0 26 0 0 0
 0 71 0 0 41 41 0 0 36 73 13 0 0 32 2 60 0 0 33 3 0 10 68 43 4 17 0 3 24 38 0 0 48 25 82 36 67 47 52 0 0 57 0 51 0 0 42 18 29 11 33 26 0 83 0 30 40 0 0 0 0 0 32 0 33 24 42 0 42 47 24 39 0 4 53 30 14 0 80 19 63 57 0 34 4 49 28 74 0 8 15 0 79 61 11 0 52 0 14 18 68 14 6 0 20 8 0 56 42 57 0 0 0 16 0 0 90 66 29 0 60 0 63 0 53 45 60 50 0 23 34 0 0 53 22 0 64 44 43 0 90 0 4 65 63 4 0 41 43 11
 9 63 65 46 34 0 0 0 43 14 64 0 0 55 0 0 0 0 46 28 7 0 44 27 0 0 84 28 0 51 5 0 16 42 52 79 60 44 76 0 0 64 0 0 22 0 67 11 0 0 0 13 0 28 6 50 4 0 40 45 0 0 31 0 0 0 0 4 29 0 38 55 0 0 0 0 0 0 58 0 0 67 0 6 0 43 42 16 0 11 0 26 96 0 0 0 4 0 0 2 47 72 0 0 14 0 0 27 0 0 0 5 21 20 0 85 0 0 0 0 0 0 0 0 0 0 18 3 0 0 13 0 0 0 0 0 42 25 0 0 0 0 0 52 13 12 76 0 4 36
 0 0 16 0 36 0 8 0 74 0 0 0 15 35 0 16 0 0 72 0 0 0 58 43 0 0 0 0 28 0 0 8 38 0 15 0 0 82 45 6 0 11 0 0 0 0 22 2 79 0 0 13 0 0 0 0 0 0 22 34 0 0 0 0 22 0 0 13 16 0 2 59 0 0 24 0 0 26 0 21 3 26 0 0 0 0 0 19 0 18 0 0 8 0 0 0 29 2 17 0 15 0 9 0 0 0 0 61 0 0 0 4 24 17 0 0 0 0 0 0 0 0 18 3 0 0 36 0 0 0 0 0 1 25 0 0 0 54 0 0 0 0 0 0 0 0 0 14 0 15
 22 54 66 0 17 0 0 36 78 22 18 33 41 97 21 12 21 71 39 53 70 0 93 50 86 15 70 0 62 60 33 40 20 64 0 0 41 27 0 22 90 25 29 22 19 56 18 61 50 42 28 59 0 40 68 21 43 0 0 20 45 57 0 2 46 19 50 62 60 2 42 70 27 45 29 62 52 0 65 0 38 56 0 56 35 34 1 21 33 0 50 0 0 59 23 42 60 40 0 0 5 0 28 18 9 0 8 46 0 11 13 0 68 0 6 38 68 66 1 25 62 27 0 3 64 58 65 9 13 55 64 0 0 35 47 0 52 62 33 27 28 57 50 0 64 71 0 0 0 54
 0 57 0 26 14 59 8 0 6 18 0 27 49 31 9 0 32 0 49 0 33 16 42 44 61 0 42 84 0 0 0 0 74 56 3 17 30 0 53 12 11 0 0 0 0 0 46 86 74 5 2 71 0 26 6 0 21 0 5 0 0 0 68 0 0 0 0 84 50 0 16 65 0 0 26 33 27 12 0 21 43 0 0 0 39 52 83 2 0 69 0 24 23 0 0 0 58 57 0 0 16 30 0 0 2 0 0 53 64 0 0 16 15 78 0 57 16 2 0 0 0 0 0 0 33 0 66 0 30 46 0 14 0 0 38 0 0 32 18 0 46 0 0 18 0 34 23 0 0 18
 86 0 65 8 23 2 0 0 79 0 47 5 58 58 36 29 37 0 48 0 0 68 30 25 18 28 28 78 0 37 34 2 7 0 41 75 76 0 28 37 0 63 0 0 0 28 74 1 36 0 0 0 0 51 0 31 3 0 53 16 0 3 46 50 56 11 4 20 26 47 70 0 0 0 81 0 66 7 69 17 40 0 51 53 0 0 15 27 0 59 0 8 30 0 31 78 46 3 63 71 77 74 26 0 31 0 18 21 0 0 0 33 70 0 0 13 0 7 0 0 82 6 59 89 21 15 49 75 0 84 0 0 37 0 0 0 42 36 12 51 54 0 0 46 86 0 69 10 7 0
 1 0 72 54 43 64 0 0 16 0 1 30 0 53 29 0 0 0 25 4 93 0 67 7 0 0 36 0 0 35 0 0 0 0 50 49 82 0 57 0 0 94 0 0 0 0 45 70 0 10 0 15 23 77 39 0 13 0 34 51 7 0 0 0 0 0 0 24 61 0 68 82 0 0 12 74 38 0 79 54 37 45 58 0 0 80 3 0 29 29 0 0 43 6 51 0 45 0 0 12 51 30 0 5 67 0 2 22 44 0 5 0 30 33 14 0 2 85 0 17 0 0 0 0 7 0 69 66 0 1 31 0 0 12 0 0 15 83 45 0 0 0 11 27 9 0 45 3 0 32
 36 15 27 29 28 16 0 18 1 43 0 0 81 85 11 29 51 0 28 59 31 76 92 84 71 13 4 0 30 0 0 80 55 61 46 9 27 51 70 67 37 32 81 34 0 61 0 0 27 27 42 50 0 0 66 8 32 0 34 88 0 8 75 57 79 64 4 6 0 80 17 0 39 31 45 78 19 0 60 0 45 21 89 76 19 41 87 91 33 17 34 0 54 68 0 9 82 5 66 12 0 42 0 0 12 0 28 31 68 0 0 49 41 8 7 0 22 9 28 77 27 0 0 0 19 8 73 0 47 85 5 12 45 32 48 0 0 91 27 0 63 26 43 10 61 0 0 23 70 54
 0 0 48 39 39 0 0 0 0 0 60 0 25 36 0 0 0 15 42 0 34 28 50 32 0 0 0 8 0 0 0 0 64 0 15 17 58 58 0 0 0 13 0 0 0 0 13 47 87 0 0 56 0 10 93 10 0 0 0 88 0 0 5 35 0 0 0 0 45 0 0 79 0 11 0 0 30 42 46 0 46 0 0 0 0 61 0 94 25 17 0 0 44 0 11 0 24 82 1 0 18 0 0 0 0 9 0 68 0 0 8 0 23 0 18 39 0 34 0 0 0 5 0 0 0 0 74 0 0 0 23 0 7 0 0 1 0 0 65 11 70 0 0 0 4 0 7 0 0 56
 0 19 0 0 0 0 0 0 11 31 0 9 4 0 0 0 0 7 0 0 0 0 0 0 27 0 0 0 0 23 0 20 0 0 14 0 0 0 0 0 0 0 0 0 0 0 0 25 0 0 0 0 0 0 0 0 0 0 0 0 0 0 0 0 0 0 0 0 0 14 0 0 10 0 0 0 33 0 0 0 0 0 9 0 0 0 0 0 0 0 0 0 4 7 0 0 0 0 0 27 0 0 0 0 0 0 0 0 0 12 0 0 0 12 0 0 0 0 7 0 0 0 0 0 0 0 0 7 0 0 0 0 0 0 0 0 16 0 0 0 19 1 0 0 0 0 0 0 0 88
 0 0 40 22 18 9 0 0 0 37 59 0 4 34 0 0 0 0 57 0 0 15 67 17 0 8 0 9 0 0 0 3 1 0 63 11 33 77 12 0 18 1 0 0 0 2 3 8 34 0 4 12 0 0 80 0 0 0 0 78 0 0 0 0 0 0 0 67 14 0 0 7 0 0 0 8 0 72 37 0 38 0 0 0 5 0 0 23 9 23 30 37 52 0 0 0 0 0 0 0 38 0 0 0 0 0 0 20 0 0 0 0 15 63 13 0 0 0 0 0 0 0 37 10 2 0 72 0 0 11 7 0 0 0 0 0 0 12 0 0 0 0 2 0 0 0 0 3 15 24
 0 20 3 60 0 0 5 5 86 0 0 0 38 64 0 12 0 0 4 0 61 0 37 93 0 1 0 59 0 29 0 0 0 0 14 40 80 62 56 0 0 0 23 24 0 0 0 65 70 31 0 1 0 0 52 1 31 0 0 0 0 8 0 0 19 0 3 13 42 4 3 6 0 0 0 0 80 0 0 18 0 30 0 0 1 14 0 91 4 0 0 0 67 0 18 0 37 46 0 0 65 42 0 1 0 0 0 13 0 0 7 0 59 0 7 44 0 10 15 0 0 13 41 0 0 0 58 0 33 20 50 0 31 0 19 1 0 48 62 0 76 0 0 22 0 0 31 0 0 31
 0 0 41 4 37 0 17 0 73 0 0 0 68 7 0 0 0 0 26 0 54 0 0 54 0 34 0 0 0 15 0 0 25 17 36 23 0 46 44 0 0 28 0 0 0 0 25 59 76 22 0 61 0 0 0 0 0 0 0 73 0 0 0 0 0 0 0 22 17 0 0 34 0 0 0 0 72 0 47 0 0 0 4 0 23 0 34 31 0 0 0 0 42 0 0 26 46 16 20 0 86 0 0 0 9 0 0 36 0 0 0 0 0 35 0 0 4 29 0 20 0 0 0 0 0 0 11 0 0 0 46 0 0 0 0 0 0 0 77 0 0 0 0 32 0 0 0 0 0 45
 5 94 25 0 79 16 0 0 32 0 0 91 22 2 38 37 70 1 0 0 25 29 99 19 42 50 0 63 0 87 0 0 56 76 31 5 0 0 73 9 12 0 10 18 16 0 1 2 71 53 0 26 0 27 81 62 30 1 41 88 0 49 29 0 0 39 67 0 0 0 58 15 1 0 45 1 82 0 0 60 22 28 0 0 51 11 21 44 0 64 49 0 17 9 0 9 13 0 0 19 29 27 86 0 59 19 38 46 27 0 0 22 10 54 14 0 0 29 0 0 48 0 10 19 57 51 57 62 1 32 33 0 42 10 51 0 9 0 64 54 20 0 0 52 0 0 60 0 46 83
 14 0 0 27 5 56 35 0 60 69 12 21 0 51 39 0 0 0 22 1 0 0 31 0 71 55 0 0 0 63 0 0 13 44 82 85 54 41 55 40 30 65 24 15 0 0 9 61 58 32 64 87 0 4 20 44 0 0 34 28 39 0 10 62 0 34 76 32 45 25 45 68 0 0 0 0 16 54 0 0 39 8 0 35 22 0 53 68 21 14 63 0 0 0 27 28 0 53 0 9 12 9 15 0 33 62 22 0 37 0 17 0 21 68 0 15 0 47 4 0 82 0 0 1 68 66 0 4 0 88 83 0 8 18 0 0 77 77 0 51 0 64 0 70 4 0 2 0 39 0
 0 19 0 82 0 0 0 14 69 0 73 0 16 2 0 0 0 0 4 0 0 0 18 15 13 4 0 85 0 17 0 3 60 4 84 57 60 0 86 0 0 0 0 0 0 0 36 7 0 0 0 37 0 48 45 71 16 7 53 23 0 0 42 0 0 0 0 44 2 0 0 27 0 0 0 0 29 63 58 26 0 4 0 0 16 62 39 84 0 0 0 0 0 0 1 0 80 28 0 0 25 30 0 3 0 0 29 64 0 2 0 0 4 29 0 91 0 85 26 0 0 3 74 0 0 0 57 52 0 0 85 17 0 0 0 0 64 54 29 0 0 0 0 0 6 29 0 14 13 61
 3 19 7 48 4 30 0 0 22 0 72 0 54 17 0 13 5 0 26 0 37 84 17 67 26 5 28 65 0 40 0 0 44 11 0 92 70 38 3 0 0 69 0 0 0 0 29 77 0 0 16 19 0 14 64 80 0 0 0 62 0 0 0 32 0 5 0 27 38 0 54 6 0 0 49 8 29 3 87 57 73 4 31 0 42 64 45 0 33 32 0 0 70 0 40 0 60 39 0 2 42 24 0 0 81 0 55 0 0 0 0 0 23 81 0 79 0 14 0 0 0 0 79 2 1 9 52 24 0 0 38 0 1 0 0 0 0 30 87 58 33 21 0 0 0 0 31 5 0 0
 20 67 89 79 17 0 3 0 32 53 71 80 72 80 0 89 79 55 51 0 0 18 61 58 17 0 0 0 40 12 72 0 0 0 0 25 0 10 0 2 76 31 14 51 32 35 32 2 81 49 38 3 0 4 0 59 0 31 69 48 20 0 5 63 0 88 11 37 0 77 18 51 42 19 56 7 75 14 16 8 6 9 53 18 15 71 0 0 62 0 0 70 31 74 57 62 43 55 16 27 17 68 45 0 51 0 0 55 11 66 36 76 35 66 0 12 53 50 38 13 41 0 0 88 15 41 0 99 0 0 42 0 0 62 1 49 72 47 44 67 66 24 52 0 87 0 47 0 0 47
 0 25 17 3 38 0 0 20 79 0 0 0 56 9 12 0 0 18 0 0 8 0 15 0 0 15 22 45 0 3 0 0 12 0 97 46 16 10 75 0 6 36 0 0 4 0 65 38 11 0 0 0 0 78 13 38 31 0 42 0 0 0 0 0 0 0 0 25 14 0 71 70 0 0 0 0 62 0 0 57 78 36 20 0 0 36 12 32 0 0 0 4 0 0 24 0 0 65 7 10 57 17 0 8 0 0 0 2 0 0 0 0 48 0 0 70 0 0 0 0 0 0 59 0 11 4 36 0 26 0 7 3 0 0 0 10 0 40 42 0 64 0 0 75 0 0 0 0 0 42
 41 13 3 0 83 57 0 0 0 23 61 57 15 64 56 32 90 0 0 0 6 0 0 59 19 28 60 52 0 13 0 0 29 38 44 0 0 0 0 1 0 25 59 0 0 0 0 0 1 10 4 35 0 0 18 35 0 0 0 16 0 25 39 17 89 32 11 38 43 42 0 68 0 59 78 52 44 0 8 23 63 58 57 17 55 4 74 0 4 24 0 26 49 38 31 0 0 35 34 41 33 0 69 0 32 33 30 4 52 63 0 7 86 46 14 68 30 86 14 0 0 0 45 22 54 7 14 51 0 76 0 5 46 0 0 0 10 20 0 31 57 6 59 0 0 18 18 0 0 0
 0 31 28 60 45 40 0 0 76 0 0 40 72 21 0 0 45 16 7 0 57 0 48 54 22 0 21 0 0 0 0 7 33 15 14 69 6 35 57 14 0 56 0 0 0 0 38 53 73 1 36 34 34 53 16 62 0 0 98 46 0 0 53 0 0 0 63 0 60 0 12 68 0 0 13 48 0 56 68 53 13 61 0 2 0 14 28 7 0 63 3 0 72 0 0 0 17 63 0 2 0 0 0 0 73 0 61 0 37 0 0 0 67 0 0 0 6 47 15 5 0 0 82 0 27 15 34 46 0 0 18 13 53 0 42 0 55 60 0 89 54 0 0 0 12 3 23 6 0 9
 38 0 0 0 0 0 0 0 0 0 0 0 29 0 0 26 0 0 0 0 0 0 0 0 31 0 0 0 0 0 0 9 0 0 64 20 0 0 0 0 23 0 0 0 0 10 0 0 0 0 0 0 0 5 0 0 0 7 19 0 0 0 0 0 0 0 12 0 0 0 0 0 7 19 0 0 0 0 0 0 0 0 0 0 0 0 0 0 0 11 14 0 0 0 0 0 34 0 23 0 0 0 21 11 0 38 26 0 0 0 0 0 20 0 0 0 0 13 7 16 30 0 0 9 0 27 0 1 0 0 0 0 0 31 0 0 0 0 0 0 0 0 1 0 18 0 0 3 0 0
