150
 0 0 0 10 24 62 0 17 0 3 0 0 0 0 0 0 0 71 20 0 0 0 0 0 0 0 0 0 2 0 0 0 0 0 3 1 0 14 0 0 0 0 0 0 0 0 0 31 0 0 0 0 0 0 0 0 0 0 0 38 0 32 0 0 0 0 0 0 0 0 0 0 0 49 0 0 0 0 0 0 0 0 5 0 0 0 0 0 4 0 13 0 0 11 0 5 0 0 0 53 0 0 0 0 0 36 0 50 0 0 0 0 0 0 0 0 0 0 4 0 13 0 67 0 7 16 0 0 26 30 19 0 0 0 0 0 0 11 0 0 7 0 0 0 0 0 0 7 0 0
 43 0 0 57 63 10 0 0 0 52 41 66 13 61 0 44 59 15 8 61 0 37 0 21 0 0 0 44 69 45 0 7 0 8 0 51 0 0 0 13 58 0 0 11 0 10 0 63 45 60 14 56 50 61 33 0 52 14 0 67 23 19 97 39 39 24 4 10 60 26 39 0 45 69 43 37 25 11 0 44 0 78 0 0 47 58 70 82 7 33 46 27 14 0 0 60 59 0 81 64 12 0 42 23 16 76 13 5 35 35 0 0 56 30 48 0 69 52 34 0 0 53 42 0 28 41 21 21 60 0 0 0 0 8 0 50 0 74 0 13 0 31 54 0 0 63 17 57 55 12
 25 15 0 0 60 34 83 34 44 40 47 76 0 36 0 70 0 0 63 53 0 26 13 86 17 36 0 29 31 30 34 32 0 0 0 70 88 2 0 36 13 47 7 0 0 51 6 8 71 64 13 79 0 84 62 2 57 0 79 2 60 73 78 39 9 68 0 0 24 0 37 0 57 0 46 38 0 54 26 53 0 10 0 0 0 30 60 45 42 71 0 65 69 61 0 57 73 58 4 44 4 84 14 30 64 14 0 16 15 67 81 17 77 0 26 0 51 40 24 55 54 0 11 29 73 85 62 0 62 0 0 0 37 5 4 0 67 0 0 1 77 34 51 67 52 37 82 60 21 45
 0 0 2 0 38 2 0 0 0 0 0 0 0 0 0 0 0 0 0 22 0 0 15 19 0 0 0 0 0 0 0 0 0 0 0 0 0 0 16 0 0 0 0 0 0 0 17 0 0 0 0 0 0 0 30 5 34 0 0 0 0 0 0 0 0 0 0 0 12 0 0 0 4 22 0 14 0 0 0 5 0 0 0 0 22 0 0 0 0 0 0 0 0 0 0 4 0 0 0 0 29 0 0 0 14 0 0 0 0 4 0 22 0 0 0 0 0 0 0 5 0 0 76 0 10 0 3 0 0 55 0 3 12 0 0 18 0 0 0 3 0 0 3 0 15 0 0 0 0 0
 0 0 0 0 0 0 0 0 0 0 0 10 0 0 0 0 7 0 0 0 0 0 0 0 0 0 0 0 0 21 6 13 16 0 0 0 0 0 0 0 0 8 0 0 26 0 0 0 0 0 0 0 0 12 0 0 0 0 0 0 0 13 0 9 7 0 0 0 0 21 0 0 0 0 0 0 0 0 0 0 13 0 30 11 9 8 0 23 0 0 28 0 0 0 0 0 0 0 0 0 6 0 0 0 15 32 4 0 0 6 9 0 0 36 0 0 0 0 0 0 9 0 0 0 0 1 0 0 0 0 0 0 23 0 32 2 0 0 4 1 0 0 0 0 0 0 0 0 0 4
 0 0 0 0 9 0 16 6 0 0 0 0 0 0 0 16 0 41 0 1 0 19 0 0 0 0 0 0 6 0 15 0 0 0 0 29 0 0 15 0 0 0 0 0 0 1 0 7 0 26 0 0 0 0 0 0 16 0 0 0 15 0 0 0 0 0 0 0 0 0 3 0 0 0 2 0 0 23 0 0 31 0 0 0 0 0 0 0 0 0 18 0 0 0 0 29 0 0 12 12 14 0 0 0 0 0 18 15 0 8 0 30 4 0 0 0 0 0 0 0 0 0 0 0 0 0 0 0 0 62 0 0 0 0 0 0 0 0 0 0 0 0 0 0 0 0 0 0 0 0
 70 16 0 72 39 0 0 22 0 0 43 0 46 0 0 38 26 0 44 0 0 0 5 92 0 0 0 47 38 63 0 0 0 0 0 8 0 0 68 0 77 0 11 19 0 19 23 15 54 0 0 0 0 33 94 60 0 90 0 2 0 61 24 26 15 0 13 35 0 45 63 0 0 86 30 38 0 12 0 7 45 50 0 0 0 25 37 14 20 50 0 70 60 84 8 13 45 6 21 28 0 21 41 22 0 0 61 23 2 0 0 83 58 25 61 0 27 12 88 0 32 5 6 0 0 47 71 0 14 29 0 71 0 67 0 17 0 77 0 0 0 53 83 0 9 28 47 0 52 61
 0 6 0 27 44 0 0 0 0 0 0 0 8 0 0 15 56 76 4 45 0 42 0 0 13 0 0 0 46 37 0 74 0 0 0 78 0 0 29 19 0 54 0 0 0 0 0 0 0 56 44 0 22 11 71 0 0 57 27 0 3 0 0 0 23 18 0 12 80 0 4 19 26 50 0 33 69 41 1 43 83 0 0 0 32 0 8 96 3 0 0 42 0 39 43 0 42 46 0 53 19 85 0 34 0 5 0 0 0 0 0 7 45 58 0 0 70 64 48 50 0 0 23 17 0 16 11 0 14 0 22 5 0 32 0 0 37 14 0 0 0 82 0 2 0 50 0 0 31 0
 31 24 0 55 77 49 11 55 0 70 5 29 33 34 0 7 10 47 34 74 45 48 0 69 0 0 73 49 50 61 56 0 0 0 0 37 0 0 85 2 0 59 68 0 0 59 70 24 32 86 81 0 53 7 39 29 23 69 45 0 33 36 58 16 22 0 0 36 0 0 0 9 16 53 45 55 31 49 5 0 0 6 11 0 68 0 32 19 32 18 77 54 45 43 26 75 0 9 54 0 43 51 4 44 38 7 0 60 32 8 13 0 0 58 68 0 0 66 29 8 7 40 6 35 35 50 24 83 81 18 18 42 23 29 30 24 12 25 91 64 7 83 0 0 9 81 29 19 12 16
 0 0 0 53 38 13 93 36 0 0 0 62 19 0 0 73 46 0 61 45 18 28 0 11 0 0 41 14 57 31 0 0 0 0 20 72 0 0 40 11 92 27 6 70 0 66 33 34 11 20 32 0 42 11 0 36 0 10 8 62 0 57 38 58 35 77 56 58 27 0 8 11 0 0 24 0 8 15 0 49 19 48 0 19 27 0 70 18 50 21 0 0 22 7 34 6 59 0 58 8 54 0 60 44 0 14 45 46 6 54 0 52 59 10 49 0 21 90 92 49 32 0 70 25 25 49 60 12 0 77 0 42 0 0 0 0 36 74 12 74 0 78 47 10 0 58 56 13 39 73
 70 0 0 55 80 42 0 27 0 27 0 64 21 26 14 3 0 48 79 46 0 64 0 81 28 0 35 0 0 33 0 0 0 0 4 11 0 0 0 83 0 0 0 24 0 0 0 0 0 7 0 0 0 0 58 0 42 0 41 0 0 0 1 30 46 28 0 63 0 0 18 0 0 42 0 0 0 74 0 0 0 4 0 0 0 29 0 0 0 0 0 0 50 0 39 0 0 0 6 0 1 25 0 0 0 51 0 55 0 0 0 0 0 20 11 0 47 22 67 0 28 0 23 0 0 13 0 0 16 73 0 0 0 66 0 11 56 32 7 0 0 17 0 0 4 47 0 0 0 0
 49 0 0 43 0 41 26 19 0 0 0 0 0 0 14 54 0 0 0 24 0 0 0 0 0 0 0 0 0 0 0 14 0 0 0 64 0 0 0 67 14 0 0 0 22 0 0 5 0 0 18 0 18 0 16 0 22 0 58 0 0 1 0 0 47 24 0 13 37 12 0 4 0 41 0 0 0 15 0 0 11 26 0 0 29 0 0 0 0 0 0 0 0 0 0 0 5 0 0 0 0 0 0 2 0 26 0 0 0 0 0 2 0 0 0 25 0 0 18 0 23 0 11 0 0 0 0 0 23 23 0 0 0 0 0 0 7 0 0 0 0 0 0 0 0 0 0 0 30 0
 89 0 8 24 56 39 0 0 0 0 0 61 0 17 0 37 7 43 51 75 0 65 0 26 0 28 0 0 0 6 30 8 0 0 0 56 0 0 16 82 0 0 30 21 0 0 0 0 2 0 0 0 0 3 86 0 6 22 39 3 12 0 0 0 61 88 0 0 14 15 86 20 0 55 0 0 0 4 0 0 0 0 3 0 0 0 0 31 0 0 0 0 8 0 17 0 0 0 0 0 0 0 0 0 0 19 0 0 0 0 0 0 0 46 0 10 0 25 27 78 0 14 0 0 0 0 0 13 0 0 0 0 0 38 2 0 0 1 0 0 0 0 8 0 0 54 0 0 5 0
 51 0 0 16 53 54 81 72 0 42 0 64 0 0 24 28 0 63 16 52 13 0 0 57 0 3 21 23 58 12 0 18 8 25 0 59 0 0 31 56 82 48 9 78 0 29 10 35 0 47 16 33 50 35 42 31 27 0 66 0 0 3 25 97 9 11 31 43 49 56 11 43 31 76 54 26 37 25 23 69 52 0 26 0 0 48 0 11 12 0 25 0 46 26 83 0 0 33 79 39 85 20 53 3 70 6 29 20 33 21 0 34 43 44 5 0 26 0 0 85 22 0 5 50 30 60 5 54 59 0 0 0 0 0 0 68 8 7 0 27 0 43 0 0 0 49 39 65 14 25
 39 53 55 3 41 9 16 9 57 46 0 0 60 0 0 3 27 82 72 3 0 85 2 67 0 51 16 4 15 4 66 0 2 41 46 32 25 45 69 0 0 26 73 54 32 0 20 0 0 60 0 17 0 0 92 0 18 0 0 59 34 20 8 0 0 20 0 10 35 57 19 0 64 33 0 77 0 36 0 43 55 18 15 46 73 46 0 0 43 78 41 8 48 0 18 0 0 0 40 37 85 0 39 81 82 32 63 36 60 25 61 60 20 59 29 0 21 9 22 0 36 1 50 16 18 12 79 0 62 71 42 43 0 49 76 0 49 21 64 41 27 40 0 6 40 33 37 85 0 69
 39 0 0 34 67 0 0 0 0 0 0 0 0 0 0 0 21 50 0 0 0 0 0 0 0 10 0 0 8 0 0 16 0 0 0 15 0 0 0 5 3 0 3 15 0 0 0 0 0 0 21 0 0 0 0 0 74 2 12 0 0 1 0 0 6 61 0 0 0 17 33 1 0 48 0 16 0 0 0 0 0 0 0 0 0 0 0 0 0 0 0 0 31 0 0 0 50 0 0 35 39 16 0 0 0 36 0 75 0 0 0 0 0 0 0 0 0 0 0 0 0 0 22 28 25 0 0 27 0 2 0 0 0 0 0 17 0 31 0 0 0 0 18 0 0 0 18 0 0 0
 26 0 9 0 0 19 0 0 0 0 44 11 0 3 0 0 0 12 0 49 10 50 0 0 0 0 0 1 0 34 0 0 0 0 2 13 0 0 0 25 0 0 60 61 0 72 0 0 15 0 0 0 65 8 34 0 4 0 0 0 0 12 0 0 2 17 7 75 69 0 13 4 0 23 4 0 17 38 0 41 0 15 0 0 17 0 0 26 0 11 0 0 61 0 47 0 21 0 0 5 68 0 0 0 0 46 0 31 0 0 25 18 0 56 15 0 0 0 22 29 37 14 51 0 0 0 5 0 0 56 0 0 0 88 0 6 77 27 0 0 0 0 0 0 23 63 0 2 0 0
 0 0 24 26 11 0 17 0 0 11 0 18 0 0 0 0 0 0 0 0 0 0 0 0 0 0 0 0 0 0 5 0 36 0 0 0 0 0 0 0 16 21 0 0 0 0 29 0 0 0 0 13 0 36 0 26 0 0 0 18 0 15 0 0 16 0 0 0 0 0 0 0 0 0 0 14 0 0 0 0 0 0 0 0 0 0 0 14 0 24 0 0 0 0 0 0 3 0 0 0 0 0 0 0 0 0 20 0 0 0 0 0 0 27 0 5 0 0 0 0 0 0 2 0 0 0 0 0 0 2 0 13 0 0 0 0 0 0 0 0 6 0 15 0 16 0 0 0 6 0
 0 0 0 78 50 32 0 0 0 0 0 9 0 0 0 34 21 29 0 63 17 38 0 0 0 0 0 6 0 66 20 0 0 0 0 12 0 20 0 20 0 0 66 7 0 26 0 0 14 0 0 18 0 7 5 0 20 0 18 0 0 0 0 0 16 64 0 1 0 0 42 34 0 0 0 0 0 0 0 0 0 0 0 0 0 0 3 31 0 0 0 0 0 24 22 0 17 0 0 37 1 0 0 0 0 63 24 0 0 29 0 0 0 36 0 0 0 0 0 50 0 0 68 0 2 0 0 0 0 0 0 3 0 25 23 6 0 0 0 12 0 21 0 0 0 37 0 0 1 0
 11 0 0 0 45 0 6 0 0 0 0 0 0 0 0 5 0 62 0 0 0 0 0 0 6 0 0 0 27 0 0 2 0 0 0 45 0 0 0 56 0 0 0 0 0 0 0 0 0 0 0 0 0 0 0 12 55 0 0 0 19 0 6 0 94 0 0 0 59 0 0 0 0 68 0 0 0 0 5 17 0 0 0 0 0 0 0 0 0 7 0 0 18 0 0 0 37 0 6 2 71 0 0 0 0 13 0 44 0 0 13 0 0 17 0 10 0 0 60 50 0 0 37 0 0 0 0 0 0 0 0 0 0 0 0 2 0 2 0 0 0 0 8 6 0 0 0 0 0 0
 83 38 21 12 54 59 39 69 0 0 24 64 89 0 23 50 0 67 0 1 0 43 0 0 0 20 14 66 44 65 0 24 0 0 0 19 0 32 0 73 57 45 59 61 0 14 9 30 0 71 56 0 77 66 23 63 6 0 59 69 0 2 21 0 55 27 0 21 0 30 39 30 37 53 24 67 16 50 0 51 0 31 0 0 0 30 21 0 53 25 30 0 7 48 0 58 18 82 24 27 58 28 52 0 29 30 58 82 71 30 0 25 6 10 13 0 6 0 0 46 51 0 9 63 69 24 81 28 53 77 2 40 31 72 0 61 61 30 67 21 0 42 57 0 0 11 22 54 69 0
 57 0 0 66 39 0 6 0 0 0 0 82 0 21 0 63 0 75 0 31 0 0 0 0 0 0 0 0 0 0 1 0 0 0 0 0 0 0 0 44 0 0 10 20 0 0 0 0 0 0 0 0 0 0 36 0 12 0 76 0 0 12 0 0 0 47 19 74 57 3 0 0 0 58 9 0 0 0 7 20 0 0 0 0 0 3 0 1 20 0 0 0 0 0 0 0 37 0 0 0 13 0 20 0 0 3 0 83 1 4 17 0 23 0 0 0 0 0 36 39 0 0 0 0 3 0 13 0 59 10 0 25 0 0 2 0 28 0 0 0 0 0 0 0 0 0 0 0 0 0
 59 53 0 0 74 64 0 67 2 16 37 61 13 48 0 30 66 14 45 53 35 54 0 31 0 0 59 28 31 63 12 48 0 0 14 0 0 0 37 0 23 0 71 0 0 89 0 85 53 65 6 58 50 14 66 51 58 83 7 35 0 3 55 84 81 59 50 69 86 66 55 57 42 0 63 0 41 0 57 60 68 28 66 36 86 21 27 40 56 15 42 37 16 0 55 33 76 30 56 80 17 5 20 44 75 0 60 0 31 0 1 34 2 0 22 0 28 66 23 24 0 85 0 42 32 85 55 63 0 0 70 74 91 86 48 45 28 0 0 53 32 0 70 0 57 71 0 14 33 40
 23 0 0 0 21 69 0 0 0 0 0 14 0 0 0 1 16 10 0 9 6 43 0 0 32 0 0 0 0 8 0 0 0 0 0 0 0 0 0 12 0 0 24 0 0 0 0 0 0 20 0 0 0 0 10 1 0 0 36 0 0 5 0 4 34 64 25 2 9 0 0 44 0 98 5 0 0 0 18 0 0 0 0 16 0 6 16 52 10 0 0 0 0 8 0 0 4 0 0 32 1 0 0 0 17 0 0 11 0 0 0 0 0 52 0 0 0 18 29 41 0 32 21 0 0 0 2 4 17 53 9 0 0 65 0 0 0 0 0 0 0 0 0 0 0 0 0 0 0 3
 4 18 0 35 5 34 78 0 17 44 0 41 60 24 12 40 0 38 52 0 31 62 12 0 0 0 40 8 6 3 24 18 17 0 0 4 32 1 46 68 33 16 2 85 0 87 34 20 31 0 0 29 0 58 0 0 49 82 12 0 0 0 70 52 3 45 60 30 69 85 35 3 53 67 0 67 0 57 71 13 22 5 0 0 14 13 90 29 47 48 47 0 0 56 11 23 45 49 37 0 37 45 18 10 0 0 0 0 36 12 22 0 6 17 31 24 0 0 0 43 93 52 0 20 19 0 31 56 13 68 22 41 91 81 10 51 66 20 86 7 7 39 62 0 48 36 25 10 72 0
 55 42 0 49 18 45 83 52 17 53 22 27 0 0 0 0 1 51 63 8 0 73 5 20 19 0 57 5 40 17 0 61 0 10 0 51 33 77 26 86 27 25 87 4 0 26 0 0 20 82 70 32 61 47 8 45 26 0 66 34 2 96 68 15 50 0 34 85 76 0 43 70 74 29 23 13 56 0 46 83 0 91 45 29 5 4 0 6 27 2 17 54 64 53 27 23 32 0 0 56 0 7 52 0 3 0 0 23 38 23 52 13 22 76 80 2 1 18 37 68 16 61 43 44 8 0 33 40 34 0 25 39 51 16 60 69 85 59 16 0 63 5 92 0 65 0 9 48 0 19
 3 23 10 60 37 33 12 2 0 0 0 42 7 0 0 60 7 10 24 6 0 81 0 71 0 0 0 2 0 29 0 0 0 12 0 73 0 0 24 64 5 0 9 55 0 0 0 0 0 7 0 0 2 0 85 0 1 0 45 0 11 0 0 0 20 24 0 66 76 0 0 46 0 4 0 0 0 50 0 2 0 0 0 0 10 0 0 79 0 0 15 0 73 11 82 0 0 0 0 57 42 13 0 0 0 30 0 0 3 0 0 0 0 18 0 0 0 13 1 66 45 0 0 0 0 0 1 0 12 54 0 0 0 70 0 0 32 59 4 20 0 0 0 0 0 26 0 0 0 0
 59 0 0 45 36 20 0 57 0 0 3 69 12 0 0 5 0 28 0 54 0 55 0 28 0 0 0 0 0 24 0 78 0 0 0 35 0 0 0 12 0 91 50 81 0 23 0 0 0 70 93 0 0 0 0 0 42 0 56 12 0 0 0 1 58 2 13 36 2 54 13 62 39 15 0 37 46 6 0 0 0 0 0 12 27 0 0 14 45 2 0 3 19 18 27 0 10 54 0 0 32 53 0 20 8 12 0 0 10 0 0 20 31 49 0 0 43 10 61 66 32 0 8 51 0 0 0 0 0 51 0 0 0 82 5 63 10 66 0 0 0 64 80 0 0 0 0 0 0 0
 0 0 0 61 5 0 0 0 0 0 46 36 41 0 0 0 27 61 21 0 0 82 0 5 0 0 7 17 0 0 0 16 0 24 0 62 0 0 12 24 0 0 64 26 0 53 13 0 14 2 66 0 67 0 56 0 42 0 3 0 19 60 0 76 23 0 0 40 63 92 58 73 0 12 0 0 54 36 0 0 25 0 0 35 5 20 0 69 52 7 35 0 74 16 40 7 55 21 17 38 63 39 2 39 0 37 3 34 0 0 17 0 0 14 0 11 80 38 0 68 36 0 27 20 0 0 73 3 72 1 26 0 0 46 34 15 0 71 0 0 0 0 0 0 0 0 0 0 64 2
 41 0 0 46 0 32 0 0 0 0 0 52 0 0 0 34 0 23 0 14 0 15 0 0 0 0 0 0 6 0 0 0 5 0 19 48 0 0 0 35 8 0 0 0 0 5 0 0 0 0 0 0 5 0 0 20 38 0 49 0 0 0 0 0 39 20 0 17 78 0 0 0 0 22 0 0 0 0 0 22 0 0 0 0 0 0 0 0 0 0 25 0 12 0 0 0 0 0 0 16 85 0 6 0 0 64 0 24 18 0 0 0 0 0 0 0 0 0 56 35 0 0 36 0 0 21 0 26 18 25 0 0 0 0 0 37 0 0 0 0 19 0 0 0 0 0 0 9 0 0
 22 29 0 21 0 0 45 38 0 13 14 29 0 32 0 9 61 0 0 14 45 0 0 28 0 31 49 66 64 10 0 49 0 0 0 38 0 30 18 31 43 16 0 44 0 14 51 0 77 24 71 51 14 51 13 55 70 59 23 57 27 9 57 0 36 3 76 0 41 0 37 17 26 51 21 48 0 56 15 0 30 57 42 0 0 39 6 23 80 77 51 9 1 70 0 0 0 46 6 0 56 26 46 29 54 47 31 47 6 19 0 49 30 47 21 10 2 79 84 4 21 77 53 71 46 38 0 26 47 8 3 0 0 0 38 3 30 47 0 43 77 15 40 26 45 4 31 30 0 23
 25 0 0 28 0 45 15 0 23 22 15 0 0 0 8 0 29 89 26 0 0 72 0 20 0 0 44 0 0 68 0 0 0 0 0 27 0 0 0 39 32 0 32 8 21 29 0 0 0 0 0 15 0 0 0 0 20 0 31 11 0 21 0 0 9 12 0 52 0 5 1 21 0 4 5 0 0 71 0 76 0 0 0 0 0 0 0 62 6 0 0 0 16 0 17 0 4 0 0 0 29 0 0 0 0 0 0 0 32 0 8 0 0 3 23 0 82 0 17 80 10 0 24 0 0 0 0 0 59 39 32 16 0 78 0 23 74 11 0 5 0 0 0 0 0 0 0 0 0 0
 2 76 59 44 0 27 0 24 44 14 88 55 3 0 0 69 9 0 23 2 49 35 7 27 0 79 80 17 67 0 1 48 0 9 37 55 37 77 38 48 13 0 40 81 28 0 0 18 25 14 26 21 0 28 33 21 62 0 91 17 79 69 0 59 4 9 52 0 0 0 66 0 0 0 95 13 76 59 42 94 59 53 0 33 78 55 0 42 43 43 59 63 33 85 0 52 14 0 39 11 60 54 24 42 0 9 0 0 0 34 34 62 7 57 0 60 4 56 0 44 47 73 73 0 82 28 51 35 40 0 40 65 62 46 0 44 58 2 26 61 54 34 9 59 13 24 29 52 39 0
 10 0 59 55 34 95 76 68 40 2 47 88 41 0 0 5 46 8 57 70 84 42 52 34 69 0 0 9 0 62 15 18 0 0 12 68 0 28 6 7 21 8 31 28 3 1 57 39 17 14 0 26 18 96 0 43 27 0 24 50 0 50 0 0 57 1 0 38 0 87 24 0 33 15 0 55 0 29 61 70 14 0 2 0 86 56 48 56 0 44 14 0 11 82 0 57 0 0 34 77 79 39 7 3 70 79 71 21 0 0 14 17 28 69 26 0 0 57 52 4 22 26 32 49 5 62 54 0 65 25 17 60 71 0 0 59 43 86 0 60 7 76 22 0 5 0 39 83 56 0
 0 80 13 59 22 24 50 74 1 0 0 13 42 8 0 67 0 71 21 31 38 36 0 18 50 22 16 60 17 0 70 72 0 0 0 69 17 0 29 66 66 17 40 74 0 23 4 29 0 0 47 65 0 90 60 20 36 0 49 29 0 35 54 52 86 82 12 81 34 0 0 77 0 65 0 70 20 15 67 9 0 18 0 12 0 45 1 9 7 47 14 53 57 0 10 73 48 6 60 18 0 49 26 0 76 24 47 58 16 10 0 0 9 38 17 12 55 0 46 0 9 8 48 0 9 25 37 64 50 7 11 70 44 53 25 0 70 28 30 45 46 23 42 0 71 6 41 48 0 74
 0 0 0 62 0 0 0 0 0 0 0 0 0 0 0 0 0 37 0 0 0 1 13 31 0 0 0 0 0 0 0 0 0 0 0 0 0 0 0 0 11 0 0 0 0 0 0 0 0 0 0 0 0 0 0 0 0 26 0 0 20 0 0 0 0 24 0 32 0 0 0 0 0 0 0 0 17 0 2 0 0 0 18 0 0 0 0 0 0 0 0 0 26 0 0 0 0 0 0 27 49 7 0 0 16 0 0 0 0 13 15 31 0 13 0 0 5 0 0 0 11 0 61 0 0 0 0 23 0 31 0 0 0 7 31 7 22 0 0 0 0 0 0 0 33 0 0 0 0 0
 14 18 0 12 12 68 45 31 67 82 44 13 87 35 0 52 17 70 49 16 85 43 18 28 0 0 52 30 40 32 62 20 0 3 0 16 0 93 0 17 15 44 53 74 0 70 0 0 5 65 40 79 24 28 13 67 15 34 33 0 0 32 13 53 32 58 0 1 29 11 64 84 43 40 6 21 8 0 16 0 88 45 12 25 0 52 7 72 77 34 49 58 0 57 0 15 30 38 32 29 5 0 47 0 49 73 12 1 62 44 0 0 46 46 64 0 0 0 45 80 31 6 37 54 69 77 33 64 26 48 15 13 14 11 53 41 46 0 49 67 38 0 57 0 35 67 6 63 2 47
 0 7 0 5 47 4 15 0 10 31 75 37 15 66 0 49 62 11 0 29 0 57 25 84 0 0 52 6 85 46 0 15 0 0 15 24 0 0 0 0 18 41 19 40 0 43 50 84 53 33 33 61 0 2 13 0 0 56 41 5 14 0 0 34 22 40 2 48 88 21 61 66 0 70 68 4 58 52 0 10 14 54 21 0 12 25 0 0 45 59 15 79 33 87 0 52 51 27 9 25 19 39 34 0 28 32 9 0 61 64 0 47 27 91 14 0 3 0 0 25 68 18 0 0 3 26 42 9 7 14 0 27 73 19 21 12 49 0 13 83 0 0 24 6 0 75 5 22 38 1
 24 21 14 0 13 0 0 0 0 0 27 47 0 0 0 11 21 39 25 17 5 57 0 21 0 0 0 11 0 66 0 56 0 0 0 76 25 30 0 7 0 0 0 88 0 66 0 29 0 0 0 0 4 0 44 0 57 0 19 0 0 19 0 0 10 63 0 58 67 12 43 37 0 0 19 0 0 76 19 17 0 0 0 14 0 0 4 32 0 3 0 0 42 0 63 0 20 22 0 33 0 0 0 0 16 44 0 69 18 0 18 6 0 43 0 0 14 0 71 88 53 12 9 0 15 0 42 5 67 82 0 20 14 83 0 0 6 32 0 0 0 7 0 0 0 30 6 31 0 0
 64 0 0 57 50 61 8 0 0 0 0 0 0 0 24 0 0 54 0 0 0 0 12 0 0 0 0 0 0 0 0 0 0 0 0 74 0 0 0 0 0 0 0 0 0 0 0 0 0 0 1 0 0 0 0 0 10 8 7 0 0 25 0 0 66 0 0 33 0 0 0 0 0 14 0 0 0 0 0 31 0 0 0 0 0 0 0 0 0 0 0 22 0 0 0 0 0 0 0 13 0 0 0 30 0 5 3 7 0 0 0 0 0 15 0 0 0 0 51 0 36 0 34 0 0 0 0 9 0 0 0 0 0 19 0 0 6 0 0 0 22 0 0 0 0 0 0 20 0 8
 4 0 0 7 69 49 0 88 9 0 89 0 81 0 31 0 29 0 12 52 0 90 0 96 0 0 0 10 26 0 0 0 0 0 0 0 0 0 6 15 0 40 86 53 0 0 0 0 95 0 49 0 0 0 5 6 58 39 0 52 0 34 16 60 79 39 77 0 0 31 33 14 58 57 5 53 82 61 0 15 0 0 0 0 49 0 46 5 43 38 11 45 0 0 24 46 7 49 0 0 50 14 14 96 17 7 0 50 0 0 3 56 0 0 1 0 65 18 25 14 54 0 51 5 0 0 0 0 0 76 0 19 36 64 0 78 66 55 0 62 0 0 0 2 0 0 0 42 23 0
 61 8 0 50 0 31 18 0 0 0 74 32 44 0 0 49 49 0 64 10 0 15 15 18 0 0 50 0 88 41 0 74 20 0 0 47 0 0 22 51 0 0 73 70 0 68 0 0 0 16 45 0 0 0 35 0 58 78 1 7 0 1 0 17 50 0 0 44 68 30 62 0 0 33 0 0 68 0 0 36 46 0 0 0 56 0 0 24 56 66 0 6 77 3 0 0 81 73 0 27 38 34 0 58 0 43 0 0 0 0 0 0 0 32 31 0 43 0 45 42 40 0 2 45 0 0 73 3 0 51 0 37 16 40 0 25 61 93 0 0 0 0 0 0 0 0 0 0 24 0
 58 16 0 51 16 22 0 8 0 0 13 19 0 0 0 0 0 20 0 3 0 0 0 0 0 0 0 0 0 9 27 0 0 0 0 64 0 0 0 19 0 0 0 0 0 0 0 0 0 0 0 3 0 0 41 2 33 0 0 1 0 0 0 11 22 0 0 67 0 0 48 71 0 0 17 0 0 6 0 56 3 0 0 0 0 0 0 26 0 0 4 0 0 0 0 0 4 0 0 0 60 0 0 17 1 76 0 0 0 0 19 0 0 64 0 15 0 0 40 41 0 0 39 0 0 7 0 0 31 19 0 0 6 83 0 11 21 0 0 8 0 22 0 0 0 9 0 0 0 0
 57 0 21 33 53 50 0 6 2 0 0 27 0 0 0 0 0 34 0 28 0 0 13 12 0 0 0 0 0 33 0 0 0 0 0 8 0 0 0 6 0 0 13 0 0 0 0 0 0 0 0 0 0 0 46 0 48 0 79 4 0 0 0 27 66 80 10 0 0 0 0 0 0 67 0 0 0 0 21 0 0 15 0 0 0 0 14 0 10 0 0 12 0 0 0 0 42 5 0 25 37 0 0 0 0 85 0 22 25 0 9 0 0 0 0 15 0 13 0 0 0 2 81 0 0 0 0 0 45 43 0 0 0 0 0 0 10 0 0 6 0 0 10 21 0 0 0 0 1 0
 71 35 68 14 0 61 16 59 36 2 39 0 14 52 0 19 40 36 84 8 40 77 28 84 61 28 36 47 41 42 64 0 0 0 57 88 43 36 54 16 38 75 38 0 0 0 0 63 0 68 3 15 73 33 54 1 0 25 61 45 9 45 47 82 55 0 38 8 4 28 22 52 0 95 24 54 67 0 54 2 0 0 74 7 48 0 0 6 67 12 22 34 88 33 6 55 54 59 0 73 54 52 29 59 72 34 40 63 51 0 82 0 53 16 33 3 24 53 30 81 73 0 15 0 25 0 54 68 53 12 91 82 18 40 38 64 68 0 8 59 39 18 12 17 0 0 59 89 0 0
 54 0 0 31 92 0 0 22 0 0 16 62 18 0 7 1 0 44 0 6 0 35 0 25 0 0 79 0 0 0 0 0 27 0 0 46 0 0 0 45 26 0 41 23 12 0 0 34 0 0 0 0 0 0 21 0 38 0 0 0 0 0 0 0 7 63 0 80 26 0 89 27 0 31 15 0 0 37 0 14 0 14 0 0 0 0 0 0 0 0 0 0 22 0 51 0 48 0 0 32 33 21 23 0 15 20 0 21 20 0 0 0 24 0 0 0 0 2 53 80 64 0 38 5 0 5 0 0 0 4 8 0 0 43 0 0 32 42 0 0 0 0 0 0 0 49 21 0 32 0
 31 10 0 0 59 12 0 6 0 0 60 41 64 0 0 17 72 0 95 98 0 25 9 20 0 33 38 24 0 88 0 15 4 0 0 53 18 0 4 51 20 6 63 32 26 4 0 0 0 47 0 0 10 0 58 0 22 0 75 0 0 74 0 0 48 37 0 9 65 36 0 38 0 26 0 0 8 0 0 19 9 0 0 1 0 0 0 0 6 84 0 0 5 70 0 0 42 21 0 0 48 22 0 26 0 47 0 10 0 0 0 0 60 35 17 0 68 27 0 35 63 14 62 11 0 0 0 0 6 91 0 0 0 58 0 47 33 0 0 0 0 13 0 0 8 68 0 0 13 0
 0 0 0 49 2 0 0 38 0 0 79 0 89 0 2 15 66 93 50 61 0 47 0 66 0 36 21 67 21 28 28 20 0 0 0 16 11 0 0 13 7 8 49 40 0 0 30 0 0 40 44 0 0 0 78 10 11 54 31 0 0 13 40 20 23 0 0 0 0 59 40 21 37 30 0 0 62 11 20 44 20 56 0 0 55 0 19 19 54 15 4 6 30 23 9 27 0 0 0 57 11 0 57 0 0 95 0 75 0 33 0 40 20 65 0 0 0 23 11 9 0 28 56 4 10 0 25 0 24 68 0 61 0 0 0 54 34 11 0 90 0 0 72 0 32 40 0 0 34 0
 56 0 0 12 86 0 0 47 0 0 13 2 0 7 7 49 0 30 0 59 7 38 0 15 0 0 76 32 0 55 0 62 0 0 4 23 0 0 58 39 0 54 37 18 13 19 23 22 0 21 12 5 0 3 48 16 8 11 0 0 0 0 17 65 5 21 41 68 84 86 2 47 0 23 0 23 65 54 0 25 0 0 0 20 0 0 0 35 56 50 0 20 37 24 6 0 0 0 27 8 0 63 0 82 0 0 0 89 0 17 0 0 14 0 0 0 0 8 0 55 10 0 0 1 0 0 72 11 0 8 0 0 0 0 0 32 22 57 0 0 22 32 31 0 0 60 0 13 57 3
 23 0 0 48 34 0 23 0 0 0 0 66 63 0 0 44 71 14 7 17 0 9 0 0 26 0 0 0 0 66 0 3 0 0 4 90 0 0 83 3 17 0 14 49 0 60 0 0 0 0 62 0 42 27 15 0 1 0 56 5 20 0 0 12 0 33 9 5 95 57 7 28 0 28 0 0 2 0 0 38 39 0 0 0 0 0 0 72 38 63 0 0 49 4 54 12 0 0 0 71 12 13 0 0 0 19 0 0 0 0 2 0 39 22 0 0 0 24 8 0 4 0 57 7 0 0 75 3 15 16 0 0 23 0 0 55 75 39 0 1 0 4 0 36 0 43 0 20 0 0
 12 0 0 25 33 52 1 0 0 0 31 0 18 0 35 0 19 39 11 12 0 29 0 80 19 0 13 0 0 0 0 0 0 14 0 44 0 0 27 0 0 0 66 50 0 79 26 0 0 0 0 0 8 0 0 0 83 0 16 0 5 18 0 0 87 30 0 30 2 4 41 53 0 33 0 0 22 23 19 55 0 0 0 0 0 21 18 85 28 0 0 0 68 0 5 0 24 0 13 31 68 0 0 0 0 14 0 4 0 0 21 0 37 11 6 0 24 15 70 81 1 0 25 0 0 0 0 0 21 53 4 0 0 85 0 0 0 0 1 0 0 0 0 3 9 49 0 0 0 0
 64 0 0 23 35 28 10 60 8 2 66 3 56 0 0 64 30 0 0 41 19 80 0 53 0 0 19 7 19 30 0 0 0 0 0 65 0 0 73 73 9 43 0 61 0 17 42 0 0 25 54 0 13 0 44 0 0 73 52 0 0 6 0 38 84 63 15 48 65 40 0 7 40 17 0 0 77 58 0 65 21 0 38 0 0 0 0 42 7 79 0 70 11 17 20 20 0 16 0 0 38 28 0 0 0 3 0 65 0 0 0 0 4 0 0 0 41 39 5 0 40 0 5 48 0 0 80 0 0 13 0 0 0 11 0 0 64 21 0 0 0 80 18 0 0 47 0 0 0 0
 51 0 4 73 34 82 37 0 0 0 20 0 26 0 13 80 0 42 42 16 0 23 0 31 29 0 0 3 0 0 0 15 21 0 20 36 0 17 0 34 2 22 24 4 0 75 0 14 11 0 0 0 0 0 74 0 42 0 0 0 0 0 0 0 0 0 0 8 0 0 24 62 0 17 0 23 0 76 0 51 0 0 0 0 0 0 0 1 16 0 0 0 7 23 67 0 0 0 6 0 53 4 18 0 15 24 20 0 12 0 0 16 0 0 0 0 0 0 12 2 32 0 0 0 0 0 0 16 51 51 0 0 0 76 0 0 3 0 0 0 21 0 0 0 0 2 0 17 0 0
 54 0 0 40 0 64 0 0 0 0 72 40 0 0 12 64 0 0 0 6 0 5 0 35 0 0 65 81 28 42 0 6 0 0 0 82 0 0 0 54 17 7 51 34 0 19 25 62 0 0 72 14 1 0 75 38 0 0 68 26 0 28 47 0 0 63 70 27 48 25 24 65 0 55 0 18 28 72 0 5 21 0 0 0 73 0 6 39 3 12 0 70 0 0 32 0 29 25 62 0 0 38 46 83 47 8 39 67 0 0 0 48 13 26 0 0 45 46 0 22 3 0 1 44 0 0 31 28 48 6 0 51 4 68 0 6 0 0 8 60 0 10 45 0 0 35 0 0 0 14
 16 0 0 0 25 18 0 0 0 25 0 0 0 0 0 22 0 62 0 6 0 0 0 0 18 0 0 7 0 7 0 12 0 4 0 35 0 0 0 22 0 0 0 0 0 0 0 0 0 0 25 0 0 0 0 0 35 0 0 0 0 0 0 0 59 0 0 38 0 0 0 12 20 68 0 0 0 0 0 18 0 0 0 0 0 0 0 0 17 0 22 0 30 0 0 6 0 0 0 41 31 0 0 0 4 0 0 15 2 2 0 0 0 0 0 0 0 0 30 60 30 0 0 0 23 4 18 0 0 35 0 0 13 0 0 0 0 0 0 0 0 0 3 0 0 0 0 0 0 10
 35 2 0 0 14 48 0 2 0 0 55 45 50 0 5 59 39 0 64 0 0 66 0 0 16 0 10 14 88 0 0 32 0 0 0 35 0 5 32 18 0 9 0 30 0 37 38 0 0 45 2 13 48 0 17 0 68 0 47 0 0 2 0 42 7 60 7 69 0 61 61 8 29 48 0 0 26 57 5 58 44 3 0 0 14 20 0 64 0 0 0 0 88 48 52 0 0 38 0 61 45 24 0 0 0 0 4 9 0 0 0 0 35 24 0 0 0 15 43 3 54 0 17 21 12 28 9 0 0 60 0 0 0 33 0 0 0 0 17 7 0 96 0 25 0 12 0 36 50 0
 24 0 0 0 33 0 17 2 0 2 0 0 0 0 0 0 0 6 0 0 0 0 0 19 0 0 0 0 0 0 0 0 0 0 0 35 0 23 0 0 0 0 0 0 11 0 0 0 0 0 0 9 0 21 0 0 0 0 0 3 0 0 0 0 0 0 0 0 0 17 0 0 0 27 0 16 0 0 0 0 0 4 5 0 0 0 0 0 0 15 0 0 0 28 0 0 0 0 0 23 0 0 0 3 0 20 0 31 0 16 0 1 0 0 0 7 0 34 0 0 0 0 38 0 13 0 0 0 0 71 0 0 0 23 0 0 0 0 0 0 13 34 18 0 6 0 0 0 0 0
 0 0 7 82 56 12 0 0 0 0 85 65 0 5 15 0 12 9 6 73 12 43 0 75 0 17 59 20 32 32 0 3 25 6 3 0 0 0 50 0 0 0 78 85 0 67 71 0 0 21 9 0 63 34 60 81 8 0 39 0 0 33 0 0 0 22 34 67 0 39 97 26 0 0 9 0 10 27 33 83 10 0 0 0 19 0 12 59 67 12 0 6 50 44 44 0 84 6 6 52 37 8 0 3 30 72 0 31 0 0 0 10 0 13 0 11 0 0 38 46 0 0 55 29 0 3 0 0 13 23 0 0 0 38 0 0 59 0 0 0 5 45 0 0 0 10 0 0 83 0
 52 19 0 46 4 21 10 0 0 0 0 0 0 0 27 0 12 8 0 41 0 0 0 0 0 0 0 0 0 0 0 0 0 0 0 43 0 0 0 0 15 0 19 0 0 14 0 0 17 0 0 0 5 0 65 0 67 0 0 26 33 0 0 0 0 23 0 75 4 0 8 0 0 18 0 0 0 0 0 0 0 0 0 0 0 0 0 9 0 0 0 9 0 0 0 38 47 0 10 27 21 10 0 0 0 36 0 56 0 0 0 0 0 34 23 28 0 0 12 56 0 0 0 0 0 0 0 0 58 55 0 0 0 0 0 0 0 0 0 0 6 3 0 0 0 0 16 0 5 0
 0 0 0 55 50 6 0 28 9 0 24 44 0 29 0 1 11 0 0 44 0 86 0 43 6 0 3 0 73 71 0 0 0 0 0 49 0 0 41 32 0 0 0 0 0 84 59 28 54 0 39 51 29 0 3 24 0 15 0 0 8 35 59 19 80 69 5 42 5 8 3 0 54 11 0 0 18 52 0 13 8 1 0 0 52 0 0 19 57 2 0 25 75 0 31 49 92 37 0 17 0 0 44 0 0 0 0 67 0 0 0 0 39 3 4 0 72 43 13 0 0 0 31 27 0 0 37 0 0 0 0 39 11 29 0 76 57 25 26 29 0 0 18 12 17 8 0 0 54 0
 52 0 0 43 39 0 40 0 0 38 83 1 0 58 0 14 9 22 44 0 55 71 37 57 25 0 0 9 0 53 0 54 0 18 42 0 27 0 2 32 55 35 39 13 0 25 13 9 24 0 0 59 21 68 52 44 30 51 0 0 0 0 11 0 13 0 2 57 21 4 1 20 39 46 0 71 42 0 0 0 31 28 36 0 64 45 94 78 27 38 34 7 0 0 49 93 29 0 0 42 0 44 63 9 21 32 64 0 0 43 58 0 0 13 48 0 53 11 40 71 0 22 0 11 0 0 78 74 23 54 39 73 49 24 55 5 59 47 16 2 28 41 6 43 10 36 83 9 84 47
 0 0 0 40 0 45 0 6 0 0 56 0 70 0 0 0 0 0 66 78 0 0 0 0 21 0 62 19 0 31 0 0 0 0 0 1 0 1 0 0 0 0 6 61 0 47 0 0 23 32 0 0 66 0 0 0 3 0 61 0 11 0 0 0 32 45 0 31 13 0 40 17 0 73 13 27 0 41 0 47 0 0 9 0 0 0 0 4 11 0 0 0 11 0 72 15 0 0 0 40 0 6 10 0 0 15 0 65 0 0 0 0 0 52 0 0 14 20 28 0 31 11 24 0 0 0 0 0 0 49 0 0 0 21 0 0 0 58 0 0 0 22 0 0 0 48 0 33 0 0
 40 0 0 66 58 9 0 76 0 0 0 23 28 0 0 32 47 64 15 0 0 15 0 9 0 0 76 4 42 77 0 64 5 15 0 34 0 18 17 53 0 40 57 16 0 32 73 0 0 19 68 4 48 0 41 19 46 38 53 0 0 17 0 3 0 65 0 0 82 55 66 93 21 4 2 36 12 74 10 15 58 3 3 0 80 0 0 79 0 49 0 19 18 65 43 0 68 86 0 0 0 32 15 18 0 74 0 38 0 6 0 0 6 49 7 0 54 35 48 0 0 0 11 24 0 0 31 0 28 0 0 0 0 0 2 40 0 58 0 0 0 0 0 0 0 20 0 0 78 0
 51 0 0 21 0 54 0 9 0 0 0 19 78 0 3 22 57 11 15 63 1 31 0 0 0 0 26 0 0 50 10 19 0 5 0 15 0 0 59 45 0 0 0 0 0 69 17 0 0 0 50 0 45 10 53 0 20 12 0 0 3 20 0 0 77 70 0 16 0 40 56 77 0 0 0 0 63 42 0 5 12 8 0 0 0 0 0 53 5 0 0 0 39 19 50 0 27 60 0 0 29 12 0 61 0 0 0 0 0 0 0 0 39 0 0 12 19 30 40 13 79 12 9 23 0 1 8 0 57 44 8 0 0 83 0 0 30 0 0 0 0 18 0 0 0 47 6 0 0 0
 69 0 0 27 0 38 0 0 0 0 0 0 0 0 6 0 0 0 0 0 0 24 0 0 0 0 0 0 0 0 0 0 0 0 0 81 0 0 0 0 0 0 0 0 0 0 0 0 0 19 0 0 39 7 0 0 22 4 1 0 0 0 19 0 0 0 0 0 0 0 21 0 0 34 5 0 0 0 0 31 0 21 0 22 0 13 0 0 0 0 0 3 0 24 0 0 1 2 28 59 59 0 8 0 0 45 0 52 1 0 3 0 13 0 0 0 0 0 0 0 8 0 9 0 0 9 6 0 0 37 0 3 0 0 0 7 9 0 0 0 0 0 0 0 17 0 0 0 0 3
 66 0 0 17 32 65 29 0 3 0 0 0 0 0 0 0 0 41 0 8 0 0 0 0 0 4 0 0 5 0 0 0 0 0 0 0 0 0 0 22 0 3 7 0 12 0 0 15 0 0 0 0 18 0 56 0 25 0 0 0 0 0 0 0 22 0 0 83 25 0 0 0 25 60 0 0 21 0 0 0 0 0 15 0 0 0 0 0 3 18 0 0 0 0 13 0 57 0 0 0 64 12 16 0 0 61 12 0 0 0 0 0 0 0 0 0 0 0 29 1 0 25 41 25 0 0 0 0 0 90 17 0 17 0 0 13 0 0 0 0 18 0 0 0 0 0 0 0 0 0
 36 0 7 12 88 43 0 2 2 0 62 50 33 0 9 24 0 58 38 23 7 0 0 0 0 0 57 0 36 62 0 5 0 6 0 66 6 0 42 29 0 22 54 0 0 94 43 35 0 0 20 0 18 0 50 0 50 0 43 0 0 53 8 71 50 39 0 9 13 4 0 48 0 0 0 0 21 39 0 43 28 0 0 0 81 0 9 84 41 70 0 14 43 0 32 0 0 40 0 41 7 13 0 56 0 39 0 18 0 0 11 0 0 0 0 0 53 4 18 65 98 3 51 0 0 0 43 0 35 49 0 12 0 52 0 57 9 18 0 0 0 39 0 0 0 26 0 0 9 0
 11 0 6 47 76 33 0 0 0 0 0 0 5 0 0 17 0 70 0 22 0 0 0 0 0 0 0 0 0 0 32 0 22 0 0 0 0 0 0 0 33 0 0 4 0 0 0 8 0 0 0 0 0 0 0 0 52 0 0 0 0 0 5 0 29 0 0 0 0 0 0 0 13 15 0 0 16 0 0 0 0 7 0 0 3 0 0 0 18 0 0 0 0 0 0 0 0 0 0 85 66 0 0 0 19 11 16 16 0 0 0 0 0 0 0 0 0 0 4 0 0 0 7 0 17 0 0 14 0 55 0 0 0 0 0 0 11 9 0 33 0 26 0 1 0 0 0 0 0 1
 73 0 0 0 18 47 10 0 17 0 36 0 0 0 0 55 0 30 24 0 3 0 0 0 0 0 0 0 0 0 0 7 28 6 0 6 0 0 0 29 4 0 15 4 0 0 0 30 0 0 0 0 20 0 9 14 71 37 0 0 0 0 0 4 58 0 0 31 0 0 0 0 0 17 0 0 14 0 1 0 0 0 0 24 0 0 0 0 10 27 0 20 0 0 0 0 0 0 30 49 43 0 0 0 0 33 0 0 0 0 15 0 0 0 0 0 9 0 52 12 0 12 75 0 0 0 8 25 0 30 26 24 0 0 0 0 0 0 0 0 0 0 0 0 0 0 0 0 0 0
 12 0 11 90 0 89 0 6 8 8 16 0 0 0 0 0 14 50 57 17 0 0 0 48 0 17 25 0 0 43 17 0 0 0 27 28 0 0 0 43 0 0 4 31 0 34 0 0 0 0 0 0 38 0 14 0 0 0 4 0 0 68 0 0 63 2 0 25 39 0 10 52 0 28 0 0 33 58 33 10 0 0 0 0 0 0 0 0 88 0 0 0 3 0 38 0 61 15 0 4 69 1 0 0 0 44 0 13 0 0 0 0 88 23 0 0 0 32 0 88 56 0 0 0 0 0 52 0 5 82 7 0 0 0 0 0 0 6 0 0 0 0 0 0 0 0 0 4 0 0
 36 0 0 1 43 0 0 0 10 0 0 76 0 0 0 0 0 77 0 64 0 2 0 3 0 0 37 0 0 41 0 0 0 0 23 8 0 0 0 82 0 0 0 50 0 0 4 0 0 0 0 25 0 0 43 0 44 0 0 0 0 0 0 0 0 9 18 68 23 0 0 0 19 31 0 0 0 0 0 0 0 0 24 0 0 0 0 18 0 0 0 0 0 14 0 0 68 0 0 12 0 20 0 0 0 82 15 3 0 7 4 0 29 0 0 0 0 0 42 5 0 17 19 0 0 12 0 0 0 14 0 0 0 63 0 0 0 15 0 0 0 0 0 0 0 0 0 0 0 0
 20 21 8 76 63 7 6 0 0 0 5 0 0 0 21 0 0 22 0 55 0 47 0 0 0 0 0 0 0 24 0 0 14 22 0 3 0 0 0 51 0 8 0 58 0 0 0 0 0 0 0 0 0 0 0 0 12 0 26 24 0 0 0 0 26 65 0 33 25 0 31 0 0 38 21 0 0 0 0 0 0 0 0 0 0 28 0 15 7 0 24 0 33 0 0 8 2 0 0 4 0 0 0 0 0 30 7 23 0 0 0 0 0 0 0 0 0 0 2 41 0 0 33 0 0 0 6 0 5 37 0 0 0 41 0 0 0 0 0 0 0 0 0 0 0 6 22 0 0 0
 45 0 0 0 84 67 18 0 0 23 23 96 80 0 0 56 0 29 65 69 0 10 0 53 0 0 10 0 21 60 0 37 23 0 8 33 0 8 83 0 0 8 53 28 1 15 2 0 0 69 70 0 17 3 0 0 34 34 3 0 0 40 0 92 32 0 43 0 41 72 0 77 0 43 1 27 2 32 0 57 29 0 0 0 48 0 0 21 63 69 0 17 0 65 9 10 3 13 0 0 66 63 0 21 1 0 0 21 0 0 0 0 0 80 0 22 0 0 0 40 0 0 68 5 14 0 0 0 51 60 0 0 0 8 0 48 0 83 14 0 0 9 0 0 0 0 0 14 33 0
 0 0 15 0 24 28 0 0 0 14 0 0 0 0 0 0 0 36 9 0 0 0 0 0 0 0 0 0 0 0 0 0 7 0 0 70 0 0 21 0 0 0 15 0 0 0 0 0 0 0 0 0 0 0 0 0 0 10 0 0 0 0 0 32 0 0 29 0 0 0 0 0 0 0 29 0 0 0 34 0 0 17 22 0 8 0 0 0 0 0 0 0 0 0 0 0 1 0 0 0 0 0 0 6 0 13 0 13 0 7 0 0 0 0 0 0 0 10 0 0 0 0 27 0 15 4 0 30 27 69 10 0 0 0 0 0 0 0 0 1 1 0 0 0 0 0 0 0 0 0
 50 0 0 6 29 0 0 54 0 0 51 69 7 0 7 36 0 10 33 5 0 0 0 0 5 0 52 5 27 42 0 0 0 0 24 39 0 0 0 25 0 64 0 23 0 0 65 8 74 46 6 9 64 57 86 68 73 0 31 20 5 0 0 41 0 31 6 35 34 47 60 0 0 0 0 0 0 0 0 60 36 14 0 0 22 69 15 39 0 87 0 37 4 29 19 5 0 0 47 54 74 10 11 75 44 51 27 72 0 0 22 47 79 0 16 0 20 7 66 13 0 0 30 60 0 24 1 89 43 73 0 15 0 8 0 38 1 1 0 40 0 10 48 0 29 0 0 66 30 49
 43 0 0 0 69 56 0 0 0 35 37 3 21 0 0 0 41 0 33 30 0 32 0 42 0 0 43 0 44 51 0 51 0 0 0 88 0 0 53 15 0 36 13 34 0 12 0 17 0 8 53 24 0 0 81 5 0 45 79 33 0 0 0 74 49 90 79 51 90 52 38 0 0 34 22 0 65 10 3 0 1 0 0 0 0 0 0 0 26 68 2 31 5 22 0 0 67 56 0 60 54 5 0 0 0 50 0 43 4 0 0 14 9 37 0 0 43 0 81 17 8 0 82 70 0 0 60 0 92 37 23 0 0 0 0 32 4 38 0 0 7 17 0 15 0 38 0 0 51 0
 27 0 16 6 71 63 10 0 0 0 78 39 84 0 3 22 0 20 60 59 0 26 0 60 1 0 43 0 0 4 5 72 0 1 0 0 0 0 47 93 0 0 32 23 0 38 0 0 0 0 0 0 61 0 20 0 45 0 73 0 0 76 0 0 65 0 0 0 0 0 10 72 0 88 20 0 0 30 14 81 0 0 0 23 2 0 0 21 14 0 0 12 20 0 20 0 52 0 0 85 74 0 0 0 0 65 0 23 0 5 3 0 55 29 18 0 45 0 32 14 84 19 50 19 0 0 13 0 0 50 0 0 0 40 0 0 32 0 0 0 2 21 0 0 0 28 0 21 0 17
 70 0 0 41 9 0 0 0 0 0 0 0 0 0 0 37 0 43 53 76 0 86 9 13 0 8 0 0 0 56 0 0 0 0 0 2 16 0 0 41 0 14 0 40 6 0 0 0 0 1 0 0 0 0 18 0 49 0 78 0 8 0 0 0 66 18 0 88 30 0 23 18 0 34 19 0 0 0 0 89 4 0 0 4 0 31 0 61 0 0 0 0 37 17 0 0 22 1 22 72 0 0 0 0 0 4 0 0 24 0 0 11 0 7 0 0 0 9 0 27 0 0 25 23 0 0 0 0 58 41 0 9 0 0 0 0 0 0 0 5 22 0 0 0 19 55 0 0 0 0
 86 51 0 39 33 21 42 0 0 66 69 25 2 0 1 55 20 10 46 0 21 0 0 0 0 0 45 17 65 13 0 26 0 0 0 0 0 49 0 38 30 46 19 0 0 19 19 0 65 72 0 20 34 58 51 0 64 0 51 59 3 39 0 71 56 30 1 46 0 0 45 48 49 0 9 0 0 82 0 0 15 0 15 0 41 57 71 0 0 0 64 46 80 0 54 58 64 62 13 32 62 0 79 95 73 0 21 15 0 70 0 23 20 0 46 0 46 51 17 92 37 2 14 20 15 0 0 42 80 15 0 8 42 83 79 55 72 67 59 37 86 40 59 0 0 76 67 3 0 11
 86 0 0 0 71 63 0 0 4 0 10 10 4 0 0 2 0 74 25 0 0 0 0 3 0 0 0 5 1 0 18 0 0 0 0 29 10 0 0 0 0 0 0 6 0 0 0 0 0 0 0 0 0 0 0 0 25 0 54 0 14 0 0 0 0 8 0 9 15 0 18 16 0 1 0 0 0 0 2 0 0 0 18 0 0 7 0 0 0 5 0 0 0 0 0 0 0 0 25 51 54 0 4 0 0 2 0 79 9 0 0 0 0 45 0 0 0 0 5 48 0 0 29 0 0 0 1 17 37 69 0 0 10 0 0 0 0 0 0 0 5 0 0 0 0 0 0 0 0 0
 21 16 12 16 0 0 0 0 25 0 71 0 0 0 0 73 2 23 64 49 25 0 0 23 0 30 6 26 0 70 0 24 0 0 15 80 0 0 50 83 0 0 0 72 9 42 0 0 2 0 59 0 45 0 80 0 77 0 38 0 0 12 0 0 94 7 0 74 1 23 74 51 0 76 0 0 2 0 0 57 0 0 0 0 5 4 0 91 63 11 0 0 70 62 70 0 0 0 0 0 15 0 4 0 0 34 0 85 0 0 0 0 69 22 5 14 0 0 36 36 86 0 64 29 0 15 50 0 25 0 27 0 0 96 0 0 3 49 0 0 0 0 6 0 0 12 0 12 0 17
 44 0 0 51 55 72 0 39 0 0 0 0 92 4 0 57 0 54 59 57 0 65 0 54 0 0 63 11 60 78 0 30 0 5 0 12 0 0 9 85 16 5 68 0 1 0 17 0 59 44 28 47 57 2 19 0 0 3 36 0 0 14 0 0 0 22 56 0 38 17 48 0 15 0 0 72 17 11 10 0 77 0 0 4 25 0 20 63 6 0 0 36 0 8 32 15 46 0 0 16 26 62 0 0 0 70 0 55 0 0 0 0 20 92 0 9 0 14 34 2 25 20 0 10 28 0 73 0 0 46 0 0 4 62 0 12 73 50 0 0 2 37 56 0 0 0 17 0 47 0
 0 59 11 23 0 24 73 39 0 68 21 12 0 0 0 57 8 64 21 29 37 20 0 56 7 0 57 44 80 56 0 31 21 0 18 0 0 0 64 64 53 31 3 19 0 35 5 27 60 20 7 0 77 28 32 59 0 17 88 44 0 0 0 33 16 0 6 39 68 82 0 40 20 0 56 45 31 61 0 0 60 3 0 0 58 33 0 40 0 0 53 5 16 57 2 5 0 24 53 27 45 54 0 81 30 6 51 12 27 0 28 0 56 0 9 22 36 68 0 56 48 0 45 52 2 46 42 37 0 36 5 46 19 0 31 22 38 0 71 40 0 0 74 0 0 47 0 70 5 10
 14 43 36 38 0 59 83 91 73 0 7 58 0 18 0 5 90 64 37 58 33 5 0 0 92 0 68 0 0 99 64 3 0 34 0 25 0 70 0 59 40 29 24 91 0 36 0 68 0 14 11 70 76 85 38 56 91 64 10 31 18 5 35 4 0 18 24 76 0 56 47 49 2 36 27 39 0 0 43 62 2 0 48 0 0 71 1 49 65 14 8 50 66 57 51 34 53 17 54 41 0 48 66 0 17 38 75 48 44 45 34 0 33 10 0 0 11 18 7 39 0 22 68 16 18 33 0 45 30 78 9 71 44 21 90 0 4 0 63 91 54 17 74 0 19 0 0 23 66 84
 46 0 7 0 0 33 1 0 0 0 66 0 19 17 0 42 0 67 44 66 21 36 0 87 0 0 0 0 0 58 33 36 0 0 16 61 6 0 83 5 0 0 29 17 0 24 8 0 3 46 35 8 19 0 25 0 93 0 55 0 0 4 0 3 10 45 0 0 75 24 52 31 0 0 0 1 0 69 0 77 0 0 0 7 0 0 0 40 5 19 0 0 71 87 0 0 92 59 1 0 62 61 0 25 0 87 0 0 0 20 0 0 38 45 0 0 35 37 31 4 47 0 41 50 0 0 40 0 28 18 0 0 14 68 0 20 62 73 17 0 0 0 0 0 0 76 0 0 70 0
 48 0 0 60 0 73 0 29 2 16 0 55 70 0 0 17 55 10 79 13 0 0 0 0 0 0 52 51 0 23 0 14 0 0 0 16 0 0 28 33 34 47 42 11 37 12 87 24 52 52 0 82 33 4 4 0 23 72 94 21 0 19 8 30 0 34 60 14 60 12 20 0 70 56 0 40 5 0 0 0 0 27 0 0 44 0 80 21 63 33 0 5 9 36 36 78 24 90 11 68 0 0 74 33 20 15 0 67 14 0 0 33 0 4 3 0 55 64 67 0 10 0 57 56 0 0 39 0 0 0 3 90 0 79 0 14 42 66 0 0 0 0 1 0 0 0 16 56 83 60
 19 0 0 21 51 21 0 0 0 0 12 46 23 19 12 87 1 62 0 34 0 64 0 0 0 5 39 10 15 40 0 62 29 0 0 25 0 36 0 84 0 47 49 0 20 5 49 0 39 9 0 54 46 0 39 19 64 0 62 38 0 29 17 25 29 60 0 66 32 37 0 50 36 10 0 70 8 29 0 62 11 0 29 0 29 0 0 0 0 64 9 64 0 22 94 31 52 67 0 1 0 62 2 0 66 28 0 0 0 0 0 72 0 21 13 0 0 70 28 0 0 0 0 0 20 4 20 12 0 0 0 49 6 88 0 13 55 38 0 93 0 0 55 0 0 14 36 16 44 0
 75 0 0 49 0 56 0 0 0 0 13 66 0 0 4 65 0 0 0 73 18 0 0 0 0 0 0 0 0 55 0 0 0 0 0 14 0 22 0 56 0 0 0 63 0 4 20 0 0 0 0 0 0 0 38 0 13 0 0 0 0 0 0 0 51 79 0 16 39 23 0 0 0 46 0 29 0 0 6 24 0 0 0 0 0 0 14 0 0 0 0 0 0 0 15 0 1 0 18 0 69 0 0 0 0 47 20 28 18 0 5 0 1 0 0 19 0 2 46 46 0 0 80 11 0 5 0 0 54 0 0 0 0 0 10 0 0 0 0 7 0 0 3 7 0 0 37 0 0 0
 0 0 0 72 25 50 0 0 0 0 11 66 0 0 0 71 6 65 49 6 0 0 0 0 0 0 23 0 0 3 0 0 0 6 0 27 0 0 8 8 0 0 15 0 0 31 0 0 0 0 0 0 0 0 0 13 77 0 3 0 0 0 0 0 26 0 0 0 0 0 4 0 0 65 1 0 0 36 12 76 0 0 31 0 0 0 15 54 0 3 0 0 16 0 19 0 52 5 0 24 0 0 1 27 4 65 0 33 0 0 0 0 12 26 0 0 0 0 44 85 0 0 33 0 0 0 0 9 19 0 28 0 0 71 0 0 71 82 0 0 0 0 0 0 0 0 0 0 0 0
 53 0 0 36 78 75 0 1 0 0 49 80 55 21 0 18 0 0 35 0 0 38 0 80 0 0 35 0 0 13 0 86 0 0 0 62 0 0 0 51 0 0 5 25 0 36 0 0 0 0 61 0 9 0 52 26 0 0 85 0 0 5 0 15 66 0 0 7 0 5 41 16 0 50 0 0 76 55 5 0 0 5 14 0 0 0 0 0 0 0 0 0 31 7 0 0 0 0 0 11 1 0 0 0 7 48 15 58 0 0 33 0 7 0 0 0 5 1 5 12 25 0 0 0 0 19 46 0 36 48 0 0 14 23 0 4 20 32 0 0 0 5 0 0 0 21 0 0 0 0
 0 0 11 35 0 0 35 56 0 65 70 25 57 0 0 25 2 64 38 4 0 47 0 1 0 0 0 33 0 0 0 77 0 0 0 3 0 0 24 29 0 84 0 57 0 73 51 0 23 30 49 21 90 48 0 39 10 25 82 75 0 7 37 39 11 67 90 15 13 43 20 0 63 5 39 0 51 17 0 43 3 74 0 0 13 48 0 37 31 56 0 17 0 2 0 73 34 24 60 46 0 39 13 6 13 0 6 70 35 30 0 44 19 53 59 0 50 53 64 4 45 31 0 37 2 1 46 26 71 39 0 8 0 16 3 46 0 0 0 0 0 60 81 0 0 28 13 20 81 42
 55 0 0 30 27 72 0 0 0 5 42 39 57 16 0 61 33 12 19 75 26 35 0 59 4 0 8 0 31 35 0 62 0 2 0 37 0 0 37 0 0 0 7 0 0 52 73 0 0 53 89 0 50 0 82 23 45 0 0 0 0 66 0 38 0 13 0 39 0 18 14 68 0 65 0 0 0 7 0 64 19 0 0 0 50 0 0 29 34 7 0 0 70 32 0 0 20 88 0 40 50 38 0 0 0 0 0 32 0 0 0 0 57 4 0 0 53 0 11 0 78 0 64 10 0 0 42 0 58 27 0 0 0 20 0 27 0 78 0 12 0 33 0 0 26 2 11 6 34 0
 49 0 0 58 12 42 0 1 0 0 0 1 0 0 0 0 0 41 14 0 0 27 0 50 26 0 0 0 0 0 0 0 0 0 0 0 29 0 0 47 8 0 2 42 0 0 0 0 0 0 0 0 0 0 0 0 33 0 28 0 5 0 0 0 25 18 0 28 14 0 26 0 9 35 0 0 0 0 0 61 0 5 0 0 0 0 2 45 0 0 30 0 0 0 6 0 69 0 0 17 93 0 24 0 4 23 0 57 7 0 4 0 21 43 32 12 0 0 20 65 13 0 0 0 0 0 14 0 21 0 0 0 0 53 0 0 0 0 0 0 0 0 0 0 0 5 0 0 0 18
 0 10 0 67 37 18 0 0 0 0 90 49 56 0 21 60 21 3 0 11 0 50 19 0 0 0 0 0 0 2 0 79 0 0 19 35 0 0 55 73 4 0 18 35 0 15 0 0 0 0 4 0 0 20 25 0 0 0 43 15 20 15 0 0 0 0 18 85 26 17 0 47 0 35 0 0 17 0 17 25 0 0 0 0 0 0 0 42 39 0 0 0 69 0 14 0 45 0 16 0 5 0 4 21 9 27 0 71 0 0 2 0 28 0 4 0 15 0 75 0 23 0 79 7 0 0 38 0 26 86 0 3 0 62 0 30 51 0 0 0 14 0 0 0 0 47 0 5 0 16
 40 8 10 8 17 46 0 0 0 0 0 32 0 0 0 14 0 64 0 73 9 47 0 51 0 0 0 0 0 3 11 0 22 8 0 65 3 11 0 65 0 8 58 73 0 0 6 0 0 0 0 0 0 0 55 0 7 0 47 0 0 0 0 0 54 0 0 37 59 0 12 50 0 20 0 6 0 4 0 61 0 0 0 0 5 0 0 0 0 21 1 23 0 0 0 0 0 0 26 73 66 0 6 0 0 23 7 0 0 0 0 0 0 0 1 0 0 0 0 21 37 11 86 0 7 0 0 0 49 33 0 0 0 0 0 0 0 27 6 0 0 0 0 0 0 73 0 0 0 9
 0 0 0 0 5 0 0 23 0 0 37 52 45 21 37 55 36 3 2 20 0 1 0 37 0 0 2 30 0 8 5 32 0 0 0 4 0 0 78 10 0 69 69 0 0 18 63 0 44 0 45 0 67 10 0 78 53 12 0 0 0 0 20 11 60 31 69 56 53 19 43 0 0 4 0 46 10 4 0 6 48 0 0 0 6 0 0 19 48 27 0 8 12 39 59 0 42 0 0 14 49 21 1 54 0 28 0 0 0 0 10 6 12 0 0 0 0 67 43 28 73 16 15 71 0 0 7 11 89 49 4 0 0 0 0 0 50 2 0 12 0 36 50 0 0 78 0 0 7 0
 24 0 0 47 52 63 0 0 8 0 17 0 13 12 3 0 0 0 0 0 0 0 0 0 0 0 23 0 0 32 10 0 0 6 0 5 0 0 0 78 0 0 0 0 0 0 0 6 8 35 0 7 6 0 95 39 47 0 0 0 0 23 0 0 0 0 11 47 6 0 0 0 0 0 12 0 0 0 0 25 12 0 19 0 0 0 0 0 0 7 0 0 0 0 3 0 0 0 0 82 0 0 0 0 0 60 0 0 0 0 0 0 0 0 0 0 0 4 18 24 0 0 59 0 0 6 0 0 0 76 0 10 10 0 0 0 0 0 22 0 0 0 0 0 0 12 16 0 9 0
 48 8 0 11 31 10 0 0 0 3 48 43 83 0 0 20 64 65 25 42 0 2 0 68 0 10 82 0 0 22 0 6 15 9 0 46 0 0 0 18 0 0 8 0 0 82 0 1 6 17 40 0 9 0 71 0 59 0 5 0 11 20 0 0 0 45 0 46 62 0 8 42 0 59 12 0 49 0 0 16 79 19 0 0 0 0 0 32 0 41 0 0 33 53 49 0 2 0 0 0 0 21 0 0 14 82 0 46 0 0 0 0 94 81 0 0 0 6 8 16 18 0 10 0 0 0 10 4 80 51 0 0 0 9 0 0 85 34 0 21 0 0 21 0 0 58 0 18 0 0
 72 0 0 7 57 0 0 26 0 0 0 9 52 0 0 15 62 45 58 0 0 36 0 15 0 20 3 41 0 85 0 80 0 0 0 72 0 0 13 48 74 25 57 6 25 71 24 63 0 64 0 43 0 0 14 39 59 0 0 51 4 76 56 69 0 26 25 52 0 83 2 76 15 24 0 2 90 0 0 0 1 8 0 0 0 0 19 0 14 63 0 55 30 0 0 45 28 32 0 19 59 11 3 18 0 3 59 12 0 0 0 41 0 20 0 0 58 25 30 50 32 0 79 27 0 0 31 13 37 27 0 43 0 36 0 78 25 75 0 28 0 6 0 20 0 10 17 34 76 0
 0 0 0 58 5 0 0 0 2 0 9 2 30 0 0 0 0 44 0 0 0 1 0 0 18 0 0 28 0 0 4 25 0 0 0 0 0 0 0 0 13 0 16 0 0 0 0 0 0 0 0 2 21 14 0 0 0 0 0 0 0 0 7 19 0 19 0 0 0 0 0 0 18 19 0 0 0 0 0 0 22 0 0 0 18 0 0 16 0 0 0 0 0 7 0 0 0 3 0 0 58 0 1 0 32 0 0 0 0 0 0 0 0 0 2 0 0 0 0 0 0 0 47 0 0 26 0 0 0 0 0 0 0 17 0 0 0 2 0 0 1 17 0 0 0 0 0 0 0 0
 17 0 0 0 0 0 24 0 0 0 0 7 8 0 0 0 0 10 0 0 0 0 0 0 0 8 0 0 0 0 0 0 0 0 4 0 0 0 5 7 0 0 0 0 0 0 0 0 1 0 0 0 0 5 0 0 22 0 0 11 11 5 18 0 0 0 0 0 0 0 1 24 0 7 0 0 0 28 0 0 0 0 0 15 0 26 3 0 23 0 8 0 0 0 0 0 25 1 0 0 0 12 0 0 0 0 0 25 0 0 0 0 15 0 0 0 9 0 0 0 0 17 0 0 0 0 0 0 0 0 0 0 2 0 0 0 0 0 16 0 22 0 3 0 0 0 0 0 0 0
 51 26 0 7 38 0 0 0 0 10 0 69 19 0 0 0 58 49 53 39 0 37 0 12 0 0 0 0 0 51 0 66 0 0 0 0 16 0 75 68 0 0 68 23 0 0 0 6 0 0 16 0 0 0 90 0 77 0 0 14 0 0 0 0 49 0 0 44 25 0 0 37 0 52 0 0 86 14 19 40 41 0 0 0 0 31 0 53 3 58 0 0 51 50 5 0 91 0 0 80 0 0 10 0 0 51 2 62 0 9 0 0 0 16 0 0 25 69 0 17 0 0 42 0 15 0 7 0 0 20 0 2 0 39 0 11 32 7 0 0 0 0 0 0 20 54 12 0 0 0
 64 0 0 49 23 5 0 40 0 0 19 23 74 0 0 41 20 54 36 34 0 0 0 49 0 0 60 35 0 0 0 73 0 0 0 2 0 0 69 86 0 93 55 14 0 0 55 0 19 74 51 80 0 0 75 7 5 59 63 0 0 0 0 76 0 0 83 8 79 77 71 51 80 71 0 51 4 52 0 0 0 87 4 0 53 0 0 54 0 17 0 75 0 0 0 0 6 82 0 0 54 0 0 29 0 25 4 41 0 0 0 1 30 29 0 0 43 0 78 4 4 0 0 0 0 0 38 0 29 73 0 21 0 32 2 33 12 67 0 3 4 57 0 0 31 0 0 23 55 0
 58 0 0 10 7 82 0 0 0 0 49 0 20 0 0 60 14 58 79 2 0 26 0 19 0 21 7 0 0 28 0 43 0 0 28 35 18 22 1 0 0 0 0 7 0 57 0 15 0 9 41 13 40 0 61 7 0 0 63 3 0 40 0 0 68 6 0 74 38 44 64 54 0 0 0 9 20 20 0 57 61 7 0 5 0 0 33 5 0 58 0 31 27 0 64 0 16 53 0 8 59 53 0 0 0 67 0 43 0 0 0 0 32 0 0 0 29 55 3 73 74 0 57 0 0 0 0 0 0 63 7 23 0 43 7 0 56 0 17 0 0 0 0 0 0 65 0 0 0 0
 21 0 0 0 0 41 14 68 0 10 60 85 13 0 0 33 31 3 2 12 0 28 0 0 12 0 2 0 58 8 0 33 21 0 0 0 0 0 0 47 0 15 0 7 0 0 56 17 14 69 17 25 0 0 0 37 44 0 50 51 0 71 18 22 27 52 73 0 63 45 33 1 0 33 0 30 96 5 0 18 10 34 0 0 65 0 0 85 0 0 0 55 0 0 68 50 31 0 25 0 85 40 55 70 0 52 0 20 0 9 0 0 61 10 23 0 50 34 0 0 57 16 41 0 0 7 66 0 73 0 0 36 0 0 0 40 47 21 0 62 19 7 3 0 0 23 0 0 21 17
 0 0 0 88 0 12 24 0 0 0 0 0 0 0 0 0 0 48 0 0 0 0 18 4 16 25 0 0 0 0 0 34 0 0 0 17 0 0 0 0 0 0 0 0 0 0 0 0 25 0 0 0 0 0 18 2 0 0 0 8 0 0 0 8 0 0 0 0 0 0 0 0 23 0 0 0 0 0 9 0 0 0 0 0 0 0 0 0 0 0 20 5 0 0 0 0 0 0 0 66 55 0 0 0 0 0 0 59 0 0 0 0 0 0 0 0 0 17 0 21 0 0 15 0 15 0 13 0 0 27 0 0 13 0 0 0 0 0 10 8 0 25 0 0 0 0 0 9 0 0
 65 0 25 46 0 0 0 43 5 0 47 79 47 0 0 2 76 0 0 23 0 75 0 63 24 28 80 15 0 52 0 14 0 0 0 54 0 0 70 0 1 35 95 32 0 46 31 2 57 19 0 19 0 0 12 0 22 11 30 20 0 52 31 7 15 0 68 0 24 52 0 0 8 62 0 4 21 39 0 26 55 41 0 0 10 10 64 0 25 0 0 35 51 9 0 40 64 76 0 60 44 0 0 33 21 9 0 59 0 0 0 9 0 49 0 0 0 75 47 12 1 7 0 34 0 0 68 8 27 21 0 35 0 8 0 60 27 0 8 47 0 68 32 20 0 42 0 52 60 0
 0 0 0 76 33 0 0 22 0 0 0 30 10 0 0 0 0 58 17 0 0 0 4 0 6 0 4 34 0 0 0 14 12 0 0 12 0 5 0 0 0 10 25 0 0 0 0 0 0 22 0 0 8 0 0 0 0 0 0 0 21 0 0 4 0 16 0 0 20 0 0 0 0 0 0 0 0 8 0 0 0 0 0 0 6 0 19 0 0 0 0 0 0 0 11 8 5 0 0 25 0 0 0 0 0 0 0 0 3 0 0 4 0 0 0 0 30 0 0 0 0 30 68 0 10 0 0 0 0 8 0 0 21 0 0 0 0 0 0 0 0 12 0 0 0 0 0 19 0 0
 58 0 0 10 91 15 0 94 0 0 60 7 43 0 0 0 21 70 29 1 0 0 0 65 0 0 0 0 68 0 0 0 20 13 0 36 0 0 0 35 5 33 58 0 0 0 10 53 49 51 75 21 0 71 0 9 58 65 10 25 2 52 6 52 0 29 45 8 37 85 63 41 63 1 31 0 54 0 22 0 39 35 0 0 54 0 50 0 4 61 0 40 0 73 39 4 13 59 56 14 6 60 37 54 34 45 65 0 0 74 0 23 82 45 65 0 39 0 0 74 12 0 80 57 0 0 0 0 74 40 0 30 0 0 0 14 25 49 30 0 0 13 77 0 0 42 5 67 0 58
 14 0 0 0 0 0 0 29 0 0 55 68 29 0 0 41 45 28 0 85 0 0 16 4 0 0 39 92 74 74 0 14 0 4 0 0 0 0 11 33 5 24 22 56 14 33 58 0 0 22 66 68 17 10 0 83 0 19 62 8 0 47 0 87 26 65 89 76 18 8 0 2 29 0 71 71 0 71 0 17 30 8 17 0 0 88 13 59 40 66 0 25 31 67 26 59 30 81 14 1 43 0 41 56 0 51 73 61 0 0 0 23 27 90 0 0 22 58 27 11 5 0 43 0 0 62 28 15 6 69 0 63 31 68 26 46 9 46 0 51 30 83 63 0 25 38 0 0 62 67
 15 37 0 46 0 11 14 15 0 49 30 13 18 45 0 11 0 3 47 0 46 0 0 9 0 0 43 6 0 65 70 0 0 0 1 0 57 41 0 20 0 60 0 0 0 59 38 1 62 0 0 37 65 70 61 75 56 21 42 54 0 44 20 28 0 50 0 36 0 74 0 63 10 26 0 44 0 25 32 11 17 54 0 0 7 0 23 0 49 0 75 8 0 0 42 0 61 74 1 34 93 56 67 1 11 17 44 46 67 62 0 61 67 38 79 0 68 0 2 44 55 0 0 54 45 0 72 49 24 67 34 48 34 0 66 0 46 0 0 63 38 0 62 0 30 0 10 0 0 22
 1 15 0 0 54 0 0 0 3 0 22 0 62 0 0 52 0 43 33 44 0 96 0 54 10 0 18 0 47 26 0 4 0 0 21 0 21 0 0 20 0 26 72 53 9 37 15 0 50 27 2 51 0 0 35 30 0 0 71 40 14 37 19 23 63 2 75 13 20 28 41 38 40 25 0 0 23 0 0 1 44 26 26 34 65 0 0 36 17 39 0 37 74 3 57 0 50 14 0 72 79 36 0 72 2 40 0 0 0 0 0 0 51 97 0 26 27 2 29 0 93 0 73 0 0 24 33 0 0 0 0 66 0 38 0 30 0 21 0 30 0 0 0 0 0 79 0 0 75 9
 51 0 0 11 48 0 0 0 1 0 11 62 58 0 0 79 6 47 68 69 0 0 0 70 0 0 62 0 30 43 0 58 0 0 0 86 0 0 23 38 4 28 67 29 0 0 0 0 0 0 0 0 48 0 25 0 28 3 35 0 30 68 0 0 0 85 9 23 38 0 0 56 1 39 0 0 0 33 0 3 0 0 0 0 0 2 19 0 0 0 0 0 0 0 77 0 68 0 6 77 0 11 0 0 0 3 14 27 0 0 0 0 0 9 0 0 41 0 0 49 74 0 12 0 21 0 0 0 66 57 0 3 0 0 0 0 0 60 19 0 0 0 0 15 0 32 0 0 0 20
 97 0 20 36 0 35 0 0 0 0 0 20 0 0 0 15 0 0 0 0 0 7 16 0 0 0 0 0 0 12 0 0 0 0 0 0 0 0 0 0 18 0 0 1 0 33 0 0 3 0 0 10 33 0 2 0 32 0 0 0 0 0 0 19 19 7 13 24 81 0 17 36 0 10 19 0 0 0 18 0 0 0 11 0 0 0 0 20 0 23 0 0 0 4 1 20 48 0 0 30 2 0 0 1 0 16 0 16 0 0 0 0 0 0 0 0 20 5 81 50 0 0 0 0 24 0 0 0 0 44 0 0 0 0 0 0 0 0 7 0 0 0 0 0 0 0 0 22 0 0
 49 0 0 36 77 60 0 20 0 0 0 30 18 0 0 39 0 12 37 81 0 13 0 61 0 0 39 39 27 10 0 0 2 0 0 82 0 0 2 74 0 0 37 61 0 9 0 46 25 67 0 13 35 10 59 47 12 44 0 0 0 21 0 14 21 46 7 26 8 15 58 18 35 27 0 16 0 69 0 41 0 21 0 3 40 0 0 80 3 61 0 67 0 0 0 72 50 46 30 0 20 29 16 0 0 46 23 55 0 18 0 76 85 95 0 0 42 0 40 31 67 0 75 0 0 40 32 3 60 86 0 52 0 6 0 36 67 0 0 0 0 0 66 0 0 0 0 21 63 43
 72 35 25 29 8 34 43 20 54 64 35 0 0 87 4 11 14 0 3 0 48 31 21 37 0 0 24 23 0 54 0 55 0 7 0 32 21 31 35 56 1 36 0 0 0 28 93 11 18 65 21 6 7 25 15 20 0 0 0 57 22 55 88 0 31 72 51 50 13 2 9 15 0 74 68 8 36 38 40 15 0 0 0 17 5 20 12 0 27 52 43 60 0 70 57 14 26 55 8 38 83 57 64 90 38 44 31 18 56 6 69 0 60 41 22 0 7 64 0 0 55 0 0 24 13 15 66 34 50 25 9 46 0 4 61 24 43 0 7 50 0 44 0 32 0 16 62 0 66 0
 8 0 0 66 34 62 0 0 6 0 0 38 23 0 0 83 29 28 49 19 0 53 0 35 9 0 54 0 0 1 0 0 0 22 0 0 27 0 0 55 0 0 68 18 0 78 0 6 11 25 0 0 36 0 30 4 71 5 34 0 0 0 0 0 58 62 0 17 0 8 44 29 29 52 0 0 0 13 0 76 10 31 0 0 0 0 22 63 71 0 0 0 0 0 34 7 35 33 0 37 0 0 0 0 0 47 4 0 0 0 0 0 0 0 0 0 0 0 79 28 55 0 32 2 1 0 4 13 92 0 7 31 0 64 0 0 87 26 33 0 0 17 0 0 0 0 0 5 14 0
 7 0 0 51 56 49 0 0 0 0 0 39 0 20 0 77 37 54 57 47 5 22 0 0 3 0 0 0 0 70 0 28 0 0 14 32 33 21 75 38 0 26 79 0 0 0 0 0 0 0 0 0 54 0 1 0 0 23 22 0 0 0 0 0 8 32 0 30 60 0 27 3 10 0 0 5 5 0 0 25 16 0 0 0 0 0 0 0 30 0 0 21 79 23 58 0 0 0 0 77 11 0 34 0 0 0 0 37 15 0 12 0 15 0 9 0 2 0 30 5 36 0 3 0 0 7 7 0 11 57 0 0 0 15 9 0 54 40 0 0 0 0 0 0 0 0 22 0 0 0
 0 0 0 28 44 57 0 0 0 0 0 0 0 7 0 3 0 78 27 0 32 0 0 0 32 0 0 0 10 0 0 0 16 0 0 74 0 1 0 0 0 0 0 22 0 0 12 0 15 0 0 0 0 4 0 0 88 0 0 0 0 0 0 0 8 0 0 0 0 17 0 0 2 29 0 0 0 26 0 0 0 0 34 0 0 0 0 0 0 0 0 0 0 0 5 0 0 0 0 0 61 3 0 0 7 4 0 44 23 0 0 0 4 0 0 10 0 0 0 9 15 0 98 0 0 15 13 0 0 44 0 0 0 0 0 0 0 0 0 13 0 0 0 0 0 0 0 0 0 9
 6 33 0 0 5 34 8 0 0 0 22 14 0 0 30 31 0 56 0 0 0 0 0 0 0 0 0 0 0 0 0 0 0 0 8 36 0 0 0 81 0 0 0 22 0 0 0 0 0 18 0 12 0 0 0 0 83 0 0 27 0 5 17 0 25 0 0 2 0 0 0 0 0 70 0 0 0 0 0 0 0 0 0 0 0 14 8 0 0 0 0 31 0 25 0 0 0 0 0 38 53 0 0 0 0 0 0 36 0 0 0 21 0 0 0 4 0 0 0 0 0 27 20 0 1 4 0 0 0 82 0 0 0 0 0 0 0 0 0 0 5 37 0 0 0 0 0 0 0 0
 0 3 0 10 0 8 0 18 0 0 0 0 54 0 0 44 0 8 19 64 0 42 16 11 0 0 0 0 0 0 0 0 0 0 0 0 0 0 0 0 0 0 8 93 0 0 0 25 0 0 0 0 0 0 0 0 9 22 26 3 2 0 6 0 0 8 0 58 23 0 20 76 18 30 28 0 0 10 0 28 0 0 0 17 0 0 29 7 8 0 0 0 0 0 0 0 55 0 0 59 37 8 0 0 0 18 0 51 0 0 0 0 0 71 0 0 0 0 0 83 0 0 7 22 14 0 0 0 0 0 0 9 0 89 6 0 0 0 39 15 0 0 0 0 9 0 0 0 0 0
 13 0 25 8 71 98 0 11 0 53 70 19 0 15 0 44 0 24 36 33 8 63 0 0 0 0 38 84 7 46 0 13 0 0 0 68 0 0 0 9 58 64 45 0 1 19 0 0 39 63 21 13 26 60 23 49 36 1 92 71 0 0 48 0 52 0 0 57 0 33 0 0 19 9 74 51 0 28 0 53 0 0 31 0 44 28 1 72 0 89 0 69 35 36 0 0 80 47 62 44 0 6 70 26 0 28 0 0 52 52 3 40 1 46 18 12 55 36 65 0 4 0 72 30 38 38 33 30 0 48 0 39 0 14 0 57 0 7 0 66 25 0 35 9 0 43 0 66 0 44
 0 0 0 0 61 23 0 0 0 0 0 0 2 0 0 0 0 0 0 0 0 18 2 0 17 0 10 0 0 0 0 0 0 0 0 0 0 9 0 0 0 0 0 0 0 0 0 0 14 0 0 0 21 0 7 0 0 0 19 0 12 0 0 0 0 0 0 0 0 10 0 0 0 0 0 0 0 0 0 0 0 30 0 0 0 0 14 0 0 15 0 0 13 0 0 0 0 0 0 0 57 0 21 0 0 0 33 0 0 0 2 0 0 13 0 11 0 0 0 0 0 0 0 17 0 0 4 0 0 5 0 0 0 0 0 4 0 0 0 0 0 0 0 0 0 0 0 0 0 0
 5 7 0 63 27 0 16 0 0 0 24 37 11 0 0 0 4 61 15 85 0 20 0 29 0 0 9 0 0 58 0 32 20 0 14 67 0 12 7 46 0 0 88 35 16 0 0 0 0 0 58 0 32 0 18 0 49 0 55 0 0 11 0 0 1 0 28 23 5 0 1 43 0 16 0 0 0 0 0 35 0 0 0 0 0 0 19 0 22 61 0 0 96 0 36 0 18 12 0 35 68 89 5 30 12 64 0 27 0 18 0 20 59 16 20 0 0 11 62 51 0 0 0 0 0 17 85 0 7 4 0 5 7 83 0 0 93 50 10 0 0 0 0 0 0 24 0 0 0 0
 0 0 0 0 60 92 9 12 0 0 9 2 52 0 0 0 5 52 0 8 0 0 0 7 0 0 54 89 17 58 0 63 0 0 0 62 0 0 0 50 71 44 51 15 0 56 8 0 58 47 43 70 84 1 0 0 0 80 25 2 16 57 84 22 16 5 47 0 28 3 33 48 0 0 54 80 24 71 0 51 76 0 0 0 55 54 0 74 18 39 0 7 69 21 0 3 39 13 55 76 35 0 18 62 46 0 16 0 45 29 0 21 0 0 6 0 0 63 34 0 0 0 5 52 0 45 92 0 41 14 0 36 23 2 0 30 22 52 0 55 0 47 16 0 0 38 20 7 55 52
 0 0 0 21 0 44 0 0 0 0 0 27 48 0 0 25 41 46 15 60 0 24 0 27 9 28 56 67 49 0 0 55 0 0 0 37 0 0 25 40 5 17 0 45 1 0 33 73 51 35 27 18 17 29 0 0 79 0 39 62 4 17 84 0 0 24 18 35 19 7 0 37 47 0 0 57 31 46 4 9 0 22 0 0 6 25 0 0 8 0 0 66 8 67 58 93 0 57 51 0 15 34 31 34 0 47 2 72 8 0 11 0 60 24 0 0 54 0 0 0 36 0 27 0 0 0 1 38 72 2 13 58 0 21 0 0 0 62 2 64 0 54 0 0 0 0 0 18 12 17
 5 0 0 0 63 97 0 0 0 0 84 9 6 0 0 75 0 55 61 59 0 0 0 0 0 0 0 30 0 36 11 25 0 0 0 33 0 0 0 47 11 0 0 27 0 28 4 0 0 0 24 0 83 0 0 0 0 23 50 0 0 13 0 0 0 30 0 20 0 0 33 0 3 37 0 0 0 54 7 0 0 0 0 9 0 0 0 41 18 0 0 0 0 0 54 0 26 0 0 29 49 0 0 16 0 0 0 76 5 0 0 0 26 26 0 0 0 0 0 22 57 0 0 0 0 0 0 17 49 0 0 0 0 54 0 28 51 38 0 0 0 0 0 0 0 16 25 0 12 0
 41 0 28 26 87 4 11 74 0 0 47 42 0 0 0 0 64 60 11 45 0 12 0 0 0 0 53 91 0 0 0 30 0 10 0 0 0 0 0 0 29 0 35 40 0 22 2 0 0 0 54 34 0 0 25 51 50 5 13 24 0 44 58 17 49 58 38 0 0 60 18 13 34 0 0 34 77 24 0 0 21 49 0 0 3 0 0 17 0 20 0 52 30 8 67 0 16 0 0 54 61 95 30 26 15 51 0 8 12 0 0 12 41 3 0 0 0 27 63 33 14 0 60 25 25 0 0 0 0 12 12 59 0 44 0 51 58 35 0 10 0 5 45 34 8 43 0 44 0 15
 0 0 0 63 33 63 0 0 0 1 0 0 19 0 0 77 4 19 8 10 0 0 6 0 0 0 0 16 0 0 0 0 0 0 0 63 0 0 0 62 9 21 0 0 0 2 0 0 22 0 0 12 0 0 58 6 49 0 0 11 0 12 0 0 88 75 0 44 42 0 0 0 0 0 0 0 22 0 0 0 0 35 11 0 0 8 8 0 0 0 0 0 0 0 0 0 74 0 0 54 57 26 0 25 0 58 0 34 0 0 0 30 0 37 0 0 0 0 1 3 3 0 69 0 0 0 0 19 0 42 0 0 0 0 0 3 0 0 7 0 0 5 0 0 20 0 0 0 26 0
 0 15 21 0 3 0 0 11 0 0 0 0 9 33 0 0 0 0 1 7 0 0 6 0 0 1 0 0 0 0 0 0 20 0 0 0 0 0 0 15 0 0 0 0 0 0 0 0 0 0 0 0 0 0 0 0 0 0 0 4 0 0 17 0 0 0 0 0 0 0 0 0 0 0 0 0 0 0 0 0 23 0 0 0 0 17 8 0 2 0 0 0 11 0 0 0 0 0 0 17 19 0 0 0 10 0 0 0 0 0 0 12 0 0 0 0 34 0 0 0 21 0 0 0 0 0 15 0 0 0 14 0 0 39 0 0 0 0 0 0 0 31 0 4 0 0 0 0 13 26
 0 7 9 53 29 75 56 0 0 60 46 38 45 14 0 3 24 12 28 11 0 66 0 0 0 0 60 51 0 36 0 0 0 0 0 29 0 56 58 78 71 85 53 8 0 0 13 57 86 14 0 37 5 19 42 70 38 14 32 8 0 15 84 0 46 0 2 61 0 0 31 38 86 0 21 0 60 73 68 54 0 56 0 0 54 0 53 38 0 77 62 1 30 39 1 0 62 49 55 18 23 11 69 0 53 45 36 87 47 35 0 4 25 47 57 0 0 41 46 56 41 56 65 77 22 0 52 0 61 0 0 0 13 53 0 66 21 59 37 47 79 50 45 0 0 3 0 74 16 68
 16 6 0 0 43 39 0 0 0 0 31 29 29 26 0 6 53 0 0 39 0 0 0 21 0 0 85 59 67 79 18 0 0 0 0 91 0 0 0 35 0 0 55 42 0 57 34 0 51 19 15 38 55 0 13 60 4 2 18 0 0 57 77 72 0 28 0 94 0 31 51 80 47 13 0 35 21 0 0 66 59 35 0 0 9 0 0 60 49 24 0 43 59 0 59 52 0 51 0 10 64 0 0 0 0 17 0 23 0 0 0 0 0 40 0 0 0 79 48 18 0 0 38 0 0 0 15 0 35 14 18 0 0 2 9 76 67 2 0 36 0 34 19 0 0 28 0 0 13 0
 61 34 0 0 0 60 13 25 0 23 72 48 30 33 2 43 38 61 23 26 0 20 0 13 0 0 27 63 28 84 2 5 0 0 0 49 0 0 0 4 0 0 0 61 0 47 55 82 7 0 61 0 17 0 0 63 40 16 39 0 0 64 8 3 16 0 60 82 44 15 75 18 9 34 20 25 54 5 0 0 17 0 0 0 0 53 0 59 52 0 23 94 6 5 1 44 0 78 4 32 0 32 47 46 8 0 29 0 46 0 0 59 47 27 61 10 19 30 29 46 86 45 23 0 0 45 7 22 72 31 0 24 0 0 81 55 23 12 54 40 0 0 80 38 0 2 27 0 21 37
 26 0 0 60 44 50 0 0 0 11 0 57 0 22 0 78 0 23 0 19 0 31 0 0 0 0 0 0 0 49 3 0 0 25 0 0 0 0 0 0 0 0 0 44 0 0 0 26 26 17 0 0 0 0 69 0 0 0 5 0 0 0 28 0 66 19 0 55 26 4 0 0 0 22 0 3 0 4 0 10 0 0 1 0 0 0 0 65 0 0 0 0 0 0 5 7 22 0 0 0 48 0 0 0 0 10 0 59 25 0 20 0 17 64 0 0 0 0 76 19 0 0 11 0 0 0 0 0 67 0 0 0 18 0 3 0 15 3 8 12 0 0 0 0 0 0 10 0 0 22
 1 73 0 66 0 27 83 73 0 26 17 48 0 67 0 65 64 53 0 60 46 0 0 45 0 0 23 0 0 55 0 63 1 26 0 0 0 0 28 11 86 35 17 83 0 64 72 70 57 59 66 18 56 71 25 9 32 54 60 57 0 83 0 45 42 65 54 68 20 67 34 46 81 51 28 68 17 54 0 12 59 82 0 0 78 9 8 0 44 98 0 44 30 29 62 50 38 54 33 56 7 70 0 0 56 63 17 24 15 0 0 60 68 3 65 0 60 0 56 51 0 33 9 83 35 73 10 77 71 63 7 0 0 0 0 84 4 19 47 23 0 28 63 0 0 38 0 63 21 67
 27 0 1 0 0 13 0 14 0 11 0 47 13 0 4 0 0 35 0 0 0 1 0 9 0 0 35 0 0 0 0 0 0 0 10 0 0 0 20 67 0 0 0 38 0 33 0 0 0 0 39 3 54 0 77 17 17 2 33 0 0 85 0 13 0 0 0 35 55 38 83 70 0 3 0 0 28 51 0 71 68 0 0 2 0 0 0 53 16 0 0 0 8 0 56 6 22 51 0 56 38 0 0 52 0 50 0 0 0 0 3 0 53 78 0 0 42 7 61 39 83 0 0 61 0 10 0 0 0 39 0 0 0 17 0 0 15 49 0 0 0 9 0 17 0 61 25 5 0 0
 23 5 0 55 93 13 9 0 0 0 0 0 32 0 0 13 0 24 37 82 0 0 0 48 0 0 0 0 15 24 0 0 0 0 0 0 0 0 0 0 0 0 0 0 0 0 0 0 0 0 2 0 0 26 2 1 2 0 35 0 0 15 6 0 0 47 0 0 66 2 79 40 8 49 0 0 0 61 0 19 0 0 0 0 0 0 0 0 0 0 14 10 19 0 66 0 7 0 0 3 70 0 0 0 0 7 0 23 0 0 0 5 6 52 0 0 0 0 69 58 32 12 49 0 0 3 0 0 65 69 0 0 0 0 0 0 0 61 0 0 0 15 0 6 0 0 1 3 0 5
 0 0 0 4 20 44 0 0 0 0 0 54 0 0 0 0 0 41 29 0 0 69 9 82 0 0 0 0 0 17 0 0 0 0 0 8 21 4 0 21 0 0 93 60 4 0 0 0 0 0 28 0 13 2 75 5 24 4 84 0 0 0 0 17 41 83 0 0 53 0 0 3 0 87 0 0 21 76 0 8 0 0 13 3 0 0 0 25 0 0 7 0 18 18 0 0 54 0 0 0 30 0 0 27 0 78 1 72 0 0 2 0 0 25 0 2 0 0 27 47 82 0 45 0 0 0 0 0 14 52 0 0 0 0 0 0 0 0 0 0 0 0 0 0 0 43 7 0 0 0
 53 5 25 15 0 7 76 30 0 0 0 8 61 72 0 64 4 54 61 4 0 70 33 28 0 0 0 32 57 47 7 28 0 0 0 54 0 0 48 35 77 24 20 56 0 24 31 46 34 58 0 59 44 0 79 0 70 49 81 0 0 34 59 93 5 75 63 29 31 34 24 92 0 48 8 88 9 79 0 67 40 69 0 0 0 4 49 8 53 54 61 15 59 14 0 17 0 81 47 74 0 62 19 0 63 0 0 80 0 33 6 45 0 0 1 0 0 8 15 8 0 22 58 0 35 0 61 24 0 56 0 9 0 0 0 20 22 53 0 0 0 69 53 0 0 0 3 48 47 54
 26 0 0 0 0 58 1 25 0 0 4 22 44 0 0 89 46 6 0 79 0 13 0 76 0 8 0 46 19 27 0 0 0 0 0 29 0 0 25 34 0 17 0 0 0 44 56 0 72 0 91 85 41 0 37 0 32 22 46 0 0 32 52 38 1 17 74 0 35 65 19 27 17 0 0 21 70 0 0 45 17 19 0 0 17 19 0 0 59 52 9 0 3 46 80 0 44 0 0 6 54 43 0 79 0 0 0 88 14 0 0 0 62 3 7 0 3 13 0 54 0 0 46 32 0 0 72 0 43 39 0 0 0 0 0 45 78 0 1 0 8 59 8 0 0 13 15 13 59 0
 0 47 0 93 82 10 44 44 0 19 48 6 86 98 0 74 51 0 98 51 50 75 0 27 0 0 12 58 24 0 0 25 0 0 0 14 0 54 25 0 28 91 44 56 0 62 67 73 0 4 50 23 0 55 5 6 0 0 0 7 0 49 64 23 17 0 0 16 38 9 64 60 50 0 53 0 0 0 0 0 33 0 96 0 66 1 59 45 56 58 22 73 52 0 17 4 48 62 38 0 0 45 0 70 0 60 42 28 52 0 0 35 42 31 37 10 30 77 5 0 31 0 26 2 66 4 28 43 2 47 0 11 23 70 71 80 15 41 41 0 0 77 64 0 14 80 71 85 0 39
 7 0 0 6 45 64 0 0 0 0 0 15 23 0 0 62 51 87 0 8 0 50 7 75 0 0 29 0 12 52 0 52 0 0 0 52 22 30 0 35 19 13 0 38 0 77 0 4 0 0 84 0 32 0 7 0 0 0 0 9 0 0 30 0 76 0 0 0 64 71 0 32 0 14 0 0 0 25 0 43 16 0 8 0 44 11 10 2 69 0 0 0 38 31 15 0 71 47 0 0 5 54 0 32 0 0 0 0 0 0 19 0 52 7 4 0 0 28 45 0 66 12 74 87 0 0 1 0 0 0 0 0 14 20 0 0 0 60 0 0 0 0 0 0 0 34 0 0 43 0
 14 0 0 0 3 31 0 54 19 0 56 52 0 27 9 0 5 0 16 0 0 61 0 61 0 0 37 0 10 42 0 7 0 0 0 32 0 0 77 13 10 85 49 0 0 72 0 0 0 53 52 0 7 0 0 68 0 97 63 0 0 5 15 45 50 22 24 21 19 50 58 40 33 70 0 19 51 43 0 24 0 0 0 0 54 0 0 0 21 59 0 13 7 45 15 0 59 0 4 52 0 55 10 18 0 12 0 20 0 0 0 12 59 20 0 5 45 8 26 26 40 0 27 49 0 3 49 0 43 50 0 0 0 46 0 71 51 1 0 0 0 73 0 0 0 25 0 0 32 0
 16 95 0 14 15 33 79 0 19 0 52 33 28 20 0 86 88 62 30 0 35 27 30 26 77 10 43 13 42 6 0 7 0 6 5 27 5 0 38 34 0 42 62 0 0 86 47 37 10 0 0 24 53 42 68 0 12 0 47 0 0 55 85 63 31 60 39 0 61 53 36 58 48 69 47 0 5 10 67 10 81 26 48 2 53 6 57 0 39 0 9 48 24 69 40 1 58 9 0 80 42 70 63 48 8 68 0 65 27 7 21 6 0 64 55 0 52 35 70 8 25 0 8 12 14 47 79 0 38 0 78 66 0 33 89 0 0 31 48 63 4 56 30 0 36 27 58 92 9 7
 50 40 0 0 72 12 0 18 0 79 0 54 44 14 0 21 0 0 0 73 73 55 0 15 0 0 18 40 84 76 0 57 0 0 0 0 0 37 47 74 24 2 50 11 19 83 0 0 89 28 0 62 37 5 62 4 0 50 72 0 0 23 19 48 0 11 62 31 29 13 39 72 24 44 0 27 17 0 39 45 42 75 23 0 43 81 83 18 7 41 55 0 50 75 49 71 64 10 29 40 47 0 0 51 10 16 30 43 47 0 0 17 67 62 80 8 55 46 37 29 0 28 41 72 54 21 2 0 0 44 33 71 62 39 25 56 42 16 21 0 0 56 45 0 0 10 92 0 42 72
 9 0 0 38 66 5 0 0 0 0 0 54 0 0 0 91 0 56 0 68 0 60 0 25 0 3 0 12 2 28 0 17 0 13 0 37 0 0 0 41 23 17 0 1 17 0 0 0 0 0 0 0 0 0 24 0 44 0 58 0 0 0 0 0 19 7 0 12 40 33 18 0 7 43 13 0 0 0 0 47 0 27 0 4 0 10 0 72 5 0 0 0 0 0 0 0 0 0 0 36 43 0 3 0 0 13 0 53 0 0 9 0 0 37 18 0 7 27 5 42 3 0 73 0 0 19 0 0 12 79 0 0 0 7 0 0 32 0 9 0 0 0 0 0 0 0 0 0 0 0
 56 0 0 46 36 54 0 37 0 0 74 82 71 0 0 0 44 2 44 25 0 62 26 20 0 0 80 92 66 5 0 12 0 0 0 13 0 0 0 35 23 60 65 18 0 0 33 77 42 59 33 39 0 6 44 61 58 20 0 25 0 60 51 0 29 55 65 67 50 2 2 0 26 34 21 12 9 41 0 48 15 0 5 15 36 0 0 0 26 43 0 0 65 23 40 60 0 0 0 21 79 0 47 45 73 42 9 48 0 8 0 84 38 29 38 0 22 0 53 34 83 34 43 44 0 54 0 21 7 44 14 79 0 0 1 0 0 0 0 0 0 62 9 0 0 78 0 64 68 81
 0 0 0 73 46 74 3 5 0 0 47 44 2 0 0 24 0 42 20 25 0 42 0 70 0 0 42 56 56 0 0 35 0 0 0 6 0 0 0 0 0 25 45 62 0 43 19 7 0 0 6 95 0 6 24 0 52 76 84 51 0 0 16 60 48 4 81 84 40 0 44 8 0 10 0 66 0 35 0 53 0 19 0 0 48 0 0 31 8 29 0 0 69 0 15 21 69 0 0 80 23 7 0 10 12 0 0 0 0 2 5 5 44 0 0 1 0 63 2 9 15 0 56 11 0 0 58 0 11 13 0 48 19 30 0 0 0 14 0 0 0 19 52 0 3 3 0 0 72 0
 58 0 0 19 9 40 0 0 0 0 50 0 0 0 2 35 41 0 0 64 0 62 0 10 0 6 2 11 0 79 8 83 0 0 20 43 0 0 51 51 0 0 9 0 7 0 0 0 0 4 25 10 62 10 43 0 72 0 0 0 0 73 0 26 27 62 0 63 30 77 53 9 0 5 0 0 40 36 1 43 28 0 0 0 0 0 0 20 84 23 0 0 24 48 26 0 0 5 0 19 1 14 0 32 0 64 0 53 10 0 1 0 47 17 0 0 0 6 69 51 71 12 59 77 0 0 0 2 0 0 0 0 0 76 0 58 28 61 0 0 6 0 0 0 0 42 0 0 0 0
 86 0 0 56 0 59 0 50 0 0 64 46 27 0 0 60 18 63 31 63 1 41 0 0 3 0 1 86 0 94 0 36 10 5 0 4 0 0 18 0 39 54 40 43 32 35 66 52 0 9 21 22 64 0 0 55 80 36 9 65 0 94 61 56 0 87 76 0 23 32 32 76 25 9 0 35 0 68 0 50 0 56 0 0 15 0 67 3 20 20 0 19 0 0 0 76 21 56 2 61 60 7 63 2 0 17 68 20 0 0 0 0 0 4 0 22 60 9 0 20 64 0 53 41 0 0 36 0 35 0 0 26 0 0 0 56 0 54 0 84 0 47 10 0 0 57 0 53 79 0
