100
 0 0 0 0 0 0 0 40 0 4 0 0 39 0 0 32 0 0 0 70 0 0 0 0 0 0 27 0 17 17 84 45 0 17 0 0 0 0 0 78 26 71 45 0 17 29 0 0 0 0 0 0 0 55 13 0 0 64 3 3 0 0 25 0 0 18 0 37 25 35 0 0 0 5 29 28 0 0 0 0 0 33 0 13 5 37 5 30 0 0 35 0 94 0 11 0 0 0 52 6
 54 0 14 36 25 0 0 9 0 57 51 71 70 41 47 0 1 0 3 0 4 0 0 86 0 10 11 0 13 0 12 19 0 0 36 0 68 20 0 0 51 0 11 0 33 72 42 0 37 61 87 0 40 14 0 29 19 0 0 0 0 14 0 62 0 0 31 0 0 0 69 45 0 11 37 0 27 26 0 21 0 59 0 0 0 64 0 0 77 0 4 13 79 0 66 42 0 0 0 43
 12 0 0 4 0 14 0 44 1 58 23 0 0 0 13 90 0 30 1 0 0 0 0 9 3 34 0 0 0 0 72 0 14 0 4 0 0 10 0 0 30 0 0 24 0 18 0 29 0 31 6 75 0 30 0 14 0 0 0 0 0 0 0 0 0 0 11 25 0 0 0 20 20 0 0 0 0 35 0 19 21 0 0 3 0 12 0 5 0 0 0 9 0 0 0 0 0 36 0 0
 77 0 0 0 0 0 37 56 0 21 62 78 25 56 39 72 0 0 88 31 0 90 1 0 0 0 11 64 0 46 0 69 0 18 0 0 0 31 22 23 68 85 38 83 0 34 57 1 45 49 0 0 2 0 46 16 0 56 0 32 0 25 0 7 11 36 43 74 0 45 20 93 18 21 1 0 0 89 0 0 61 50 33 0 56 56 0 67 98 0 28 0 44 0 46 29 2 7 79 63
 29 0 95 4 0 33 51 71 0 4 11 0 0 0 4 9 63 0 56 0 51 35 0 33 0 0 37 22 0 0 0 25 12 2 90 0 66 0 22 0 0 0 0 20 0 14 31 0 0 25 68 46 24 47 62 0 0 31 17 43 0 15 9 33 64 0 0 18 6 0 31 0 20 91 0 41 0 50 0 13 58 51 7 0 84 63 0 0 0 85 0 60 0 35 0 85 61 0 37 27
 2 39 0 33 0 0 0 0 11 0 60 35 0 56 1 0 84 13 0 29 13 12 0 0 0 4 0 0 0 5 71 0 0 0 0 0 0 0 0 0 0 27 28 20 21 72 53 0 0 8 0 71 57 65 0 0 0 16 28 86 0 0 0 44 39 0 0 0 45 34 38 0 2 71 0 73 22 18 0 51 0 0 0 28 0 0 29 3 33 43 15 41 0 0 86 0 81 0 56 40
 67 94 51 0 0 43 0 31 0 11 98 45 10 56 38 0 0 11 0 0 38 0 0 0 6 0 83 0 0 0 9 73 0 0 14 23 0 0 0 43 14 96 0 0 0 2 0 0 0 21 11 0 81 51 0 0 8 0 0 0 0 0 68 50 7 0 0 0 16 0 20 24 20 30 0 28 7 0 0 7 0 0 0 0 0 0 54 0 3 68 38 16 30 3 61 0 38 6 40 0
 0 0 0 0 0 20 0 0 0 0 0 0 0 0 0 0 0 0 0 0 12 0 0 0 0 0 0 0 0 31 42 0 19 0 0 0 0 0 1 0 0 3 0 8 0 36 0 28 0 0 0 0 27 16 0 12 14 6 23 0 25 30 0 0 13 0 0 18 0 0 0 0 7 0 0 0 24 0 0 8 0 0 0 71 9 0 0 0 0 23 22 0 3 0 0 0 0 0 0 2
 66 52 0 65 46 0 72 80 0 10 23 48 0 39 0 0 30 24 0 0 38 28 11 0 0 0 66 44 30 33 64 0 0 0 92 11 70 66 0 0 83 0 42 7 36 13 34 17 33 90 0 45 0 76 41 13 69 36 33 0 0 0 43 0 27 69 0 29 0 46 91 12 0 28 50 21 0 26 63 15 40 86 0 15 16 5 12 73 7 21 45 0 76 38 30 83 21 0 0 54
 0 0 0 0 0 6 0 0 0 0 0 0 0 20 8 0 0 0 0 34 0 0 39 0 17 0 0 0 0 0 0 0 2 0 0 0 0 0 0 24 80 0 16 0 0 0 0 24 20 0 37 0 0 28 7 0 0 0 0 0 0 0 25 0 0 0 0 0 0 0 6 18 0 0 0 0 0 0 23 0 0 0 13 0 0 0 0 18 0 10 12 87 0 35 31 0 25 0 22 0
 4 0 0 0 0 0 0 54 0 39 0 58 0 0 0 44 14 33 38 18 0 0 0 0 0 8 10 0 0 0 0 39 0 0 0 0 0 24 0 0 66 0 3 0 0 37 0 6 0 0 3 0 54 9 11 0 0 0 0 0 0 0 0 11 37 5 13 0 85 12 0 0 0 15 6 54 0 0 0 0 0 0 0 0 0 4 0 0 0 0 0 0 0 0 53 0 0 0 42 0
 19 0 78 0 13 0 0 71 0 37 0 0 0 0 23 0 12 0 17 0 11 0 10 0 0 0 0 0 0 0 61 0 0 0 16 0 0 0 0 0 82 0 13 0 4 0 0 0 0 2 0 0 0 8 0 0 0 0 0 0 0 3 0 0 0 12 0 0 0 0 0 0 0 27 0 0 13 0 0 39 0 0 31 0 0 27 0 0 0 0 0 45 4 0 25 0 0 0 93 0
 0 0 62 0 30 98 0 82 22 11 18 87 0 44 0 79 29 0 13 44 0 30 0 71 3 0 0 21 0 0 76 32 0 0 18 0 4 0 0 15 34 9 0 9 0 39 92 0 0 19 31 0 0 29 0 0 0 89 0 72 0 0 0 23 0 0 0 0 70 0 53 0 0 0 5 0 0 0 0 34 0 0 0 0 0 11 0 15 23 0 24 93 0 12 26 15 0 0 31 16
 2 0 76 0 5 0 0 21 0 0 32 30 0 0 64 29 0 10 0 10 0 33 0 0 0 0 0 0 0 37 74 0 17 22 0 0 4 16 0 0 0 0 7 0 5 60 12 0 0 0 39 70 0 73 8 0 8 0 0 70 33 2 15 55 13 0 19 0 78 0 85 0 0 0 14 51 0 0 0 7 3 0 0 18 0 0 2 0 41 45 1 41 7 0 81 0 70 0 0 15
 22 0 0 0 0 0 0 6 0 0 29 0 3 0 0 0 0 16 0 0 34 0 0 0 17 13 0 21 3 0 36 22 31 0 0 0 21 0 0 0 42 0 0 0 4 0 8 0 7 25 10 77 0 0 0 28 7 0 13 0 38 0 4 0 29 0 5 29 24 0 0 4 0 0 0 0 0 0 0 0 0 0 0 0 0 0 0 10 0 0 14 43 0 8 0 0 0 27 29 0
 0 2 0 0 0 1 14 61 9 36 0 13 0 0 98 0 29 0 37 30 2 28 0 36 0 0 0 27 0 0 31 35 0 0 5 0 0 0 0 32 79 2 0 0 0 17 6 19 0 0 0 45 39 81 0 0 0 0 0 0 0 0 0 12 69 0 0 0 15 9 0 0 0 0 0 35 8 0 9 0 0 0 32 47 0 0 9 4 0 0 0 0 20 0 0 0 0 28 0 0
 33 0 13 0 0 0 11 30 0 40 0 0 0 7 12 0 0 0 0 69 26 14 3 71 0 0 27 0 0 0 50 25 24 0 30 0 0 0 0 0 0 13 11 0 37 0 0 0 0 0 0 66 0 21 0 0 0 24 4 0 24 0 32 39 50 0 20 18 0 0 0 0 0 68 7 57 0 0 0 42 0 0 2 7 0 0 21 0 0 0 15 7 0 0 37 0 0 0 87 12
 9 43 0 49 0 0 0 47 0 95 0 22 4 0 0 21 9 0 30 74 29 0 30 83 0 0 38 85 0 22 0 0 47 0 11 51 63 27 0 6 27 80 0 1 99 54 0 34 51 81 61 48 62 14 58 0 87 5 0 16 0 0 17 26 0 0 0 13 3 30 0 79 6 57 0 73 49 0 0 16 63 0 20 0 0 0 42 0 0 22 46 0 0 0 30 66 40 65 28 8
 78 0 0 0 0 0 13 29 15 76 0 0 0 42 46 0 45 0 0 73 72 27 0 82 0 0 0 12 0 0 54 67 0 0 0 0 0 0 0 72 56 44 62 11 0 0 67 0 0 60 13 8 52 33 0 0 13 78 0 26 0 2 9 0 0 16 0 0 0 6 87 34 0 62 12 0 35 0 0 23 55 90 31 0 0 25 28 85 90 32 0 33 63 0 0 21 64 0 46 20
 0 17 2 0 15 0 0 55 0 0 0 0 0 0 52 0 0 0 0 0 25 15 0 8 0 35 3 0 0 9 7 37 0 0 16 0 0 22 0 7 78 0 45 0 0 0 0 0 0 0 15 0 0 27 0 23 0 0 0 0 0 14 0 0 0 0 0 0 47 0 39 0 0 0 0 0 5 0 20 0 39 0 0 57 0 0 0 29 42 21 0 0 0 0 0 0 0 0 0 0
 27 0 22 20 0 0 0 0 0 84 12 0 28 6 0 0 0 0 0 0 0 0 0 0 0 0 0 0 22 0 32 8 0 0 38 0 0 17 0 0 56 0 21 0 1 21 0 0 0 0 0 0 0 40 0 0 0 0 0 24 0 0 0 0 42 10 0 13 0 25 0 0 0 18 37 80 0 29 0 0 0 0 0 18 18 0 0 24 0 0 30 0 0 13 0 0 0 0 0 0
 78 17 29 0 0 0 59 54 0 60 38 14 0 0 47 0 0 0 0 0 0 0 0 4 0 0 0 0 16 0 33 11 0 0 0 0 0 57 13 53 5 0 0 11 0 81 36 27 8 25 34 32 47 60 0 0 0 0 0 90 22 3 42 30 27 0 0 0 0 0 5 0 85 37 0 0 49 48 0 0 39 56 0 89 9 47 2 0 38 0 60 41 0 0 0 60 29 0 0 0
 23 70 45 0 43 28 55 37 0 0 66 0 62 18 78 86 0 0 90 86 57 66 0 19 0 31 84 31 0 12 0 70 5 40 0 0 10 67 0 0 61 22 70 91 0 77 0 0 0 35 76 70 0 28 0 61 73 10 0 76 44 0 12 47 74 72 57 1 28 0 27 53 21 40 0 81 0 48 0 0 0 57 36 39 30 28 0 58 60 42 0 0 0 91 38 70 18 48 0 68
 16 0 0 0 0 1 15 47 27 77 0 49 0 7 51 0 0 0 0 0 0 0 0 0 0 0 0 0 0 0 37 0 0 0 0 0 0 4 22 0 37 0 60 0 0 0 10 2 0 10 0 95 6 0 0 0 25 0 0 23 0 0 0 0 0 0 0 11 25 0 0 7 6 49 0 0 0 0 0 0 0 0 0 90 0 13 0 0 0 0 0 0 17 0 40 0 0 0 0 0
 63 2 0 0 15 26 0 17 24 0 31 64 0 0 0 7 99 14 77 32 27 29 10 11 0 0 96 0 11 38 20 51 3 25 0 8 12 87 0 0 38 33 2 0 9 80 0 9 68 71 73 0 57 74 0 0 0 14 8 0 0 0 0 80 60 28 0 0 33 24 49 25 15 39 0 76 24 30 2 9 75 0 0 0 0 0 26 17 8 23 0 5 25 0 27 0 18 0 0 38
 45 0 0 22 50 0 50 76 1 58 0 63 44 44 0 14 61 13 9 0 75 5 0 86 60 0 25 33 0 96 5 17 79 0 0 0 39 57 5 0 4 57 0 0 44 0 14 0 29 12 0 9 0 66 30 76 44 0 0 69 0 0 53 52 30 0 0 99 0 15 0 38 76 58 43 0 82 0 0 21 14 51 33 5 0 73 25 8 18 5 78 0 0 0 20 5 72 0 0 0
 0 0 33 0 0 83 0 55 0 69 0 63 52 11 26 34 0 0 1 0 73 11 0 14 0 0 0 0 0 13 0 0 0 1 0 0 0 45 16 91 28 1 0 0 0 16 1 0 91 24 95 0 12 96 16 0 0 51 0 40 0 0 0 6 0 0 16 10 15 0 8 88 4 0 0 85 0 0 0 71 0 11 0 24 0 0 0 33 26 0 0 0 33 3 51 85 0 3 0 0
 19 8 54 0 0 27 9 74 0 11 59 8 0 91 0 0 31 0 0 81 0 10 0 24 3 0 33 0 58 0 0 44 0 33 0 0 0 25 17 68 0 15 88 79 0 0 0 0 61 0 0 76 69 0 0 0 0 95 0 0 12 0 63 0 68 54 0 0 0 28 56 57 14 0 0 41 24 5 0 0 25 31 23 41 0 71 11 71 69 0 17 14 53 11 0 65 69 0 0 0
 0 0 18 28 4 3 78 30 0 53 58 10 83 3 0 0 0 9 51 49 0 0 36 45 0 19 33 0 0 0 9 1 18 0 0 0 0 50 0 48 84 18 33 26 0 20 0 0 0 0 30 80 30 8 0 0 2 29 19 0 0 0 0 0 0 79 0 0 0 0 82 12 0 0 0 23 34 29 0 46 0 0 0 80 0 0 0 0 25 3 0 7 74 11 0 47 65 0 8 66
 0 93 22 0 78 0 13 0 0 26 25 30 59 0 48 13 92 0 28 0 40 70 0 27 0 0 0 13 0 0 8 31 5 0 28 0 66 0 35 85 0 0 70 0 0 82 4 0 17 58 71 19 0 0 67 0 0 80 0 8 0 15 70 71 0 87 0 0 0 84 0 5 26 57 0 0 0 40 0 36 47 8 0 90 76 15 93 1 0 77 32 65 0 0 22 34 43 10 51 0
 0 0 0 0 9 0 0 0 0 11 8 0 0 0 0 0 0 3 0 0 0 0 4 0 0 0 0 24 0 0 0 25 0 0 0 15 33 0 18 0 0 1 0 0 2 0 0 0 0 0 0 0 59 80 0 0 0 0 0 0 0 0 3 0 0 0 23 1 0 0 10 8 0 0 0 0 0 0 0 27 0 0 8 59 0 0 5 33 0 0 0 77 0 30 0 1 0 0 0 0
 0 0 5 0 0 0 0 28 0 21 0 24 0 22 0 0 0 31 0 0 0 0 0 26 0 0 13 0 0 0 0 0 0 0 0 0 0 0 31 80 0 9 0 0 0 60 0 0 33 3 0 15 38 63 0 0 0 13 0 96 10 0 38 66 19 0 16 0 34 0 13 46 0 0 0 97 0 0 7 69 0 0 0 0 0 0 31 0 0 59 0 26 0 0 26 0 60 20 45 71
 2 33 0 0 0 33 62 0 53 0 3 67 0 0 0 7 0 0 68 42 16 7 0 28 0 0 37 0 0 0 34 86 0 0 0 44 0 64 15 0 0 0 23 54 0 20 0 0 43 92 0 18 0 0 66 46 0 63 0 0 0 0 0 16 0 0 0 30 13 12 45 68 72 8 36 0 11 44 0 47 49 0 4 0 0 0 0 58 94 52 1 63 43 0 0 4 66 85 0 20
 0 36 40 0 0 48 77 53 19 36 91 28 35 0 75 45 1 37 15 0 27 81 0 17 0 35 0 0 37 27 21 10 7 0 46 12 54 66 0 45 62 0 36 71 0 0 24 4 56 0 1 0 57 46 0 0 0 57 0 36 15 0 38 44 10 45 13 22 6 0 47 38 0 0 0 86 0 20 12 40 36 0 0 87 0 33 28 9 45 53 7 0 5 0 0 0 57 13 16 0
 53 0 0 0 0 23 0 82 0 49 0 0 0 35 65 0 0 0 10 0 0 35 24 44 27 14 44 18 37 0 65 57 11 0 0 10 0 62 0 10 0 0 0 0 0 60 0 3 75 38 74 74 51 29 0 0 0 0 5 75 0 0 47 0 0 0 38 0 58 19 2 4 68 0 2 68 75 80 0 24 51 0 0 63 0 0 21 0 25 97 0 24 0 0 60 0 72 0 0 52
 96 49 14 53 62 31 0 67 0 76 68 0 2 26 61 36 11 0 20 0 34 81 0 57 0 27 47 13 60 41 0 24 0 0 0 0 0 0 7 0 0 47 0 23 24 75 62 0 65 53 27 0 0 0 55 57 52 85 0 3 78 0 88 17 84 0 50 75 19 16 23 6 21 0 5 67 0 45 34 0 26 45 88 0 0 19 38 16 0 23 0 58 3 59 37 27 54 45 95 49
 10 0 93 0 0 4 0 8 0 49 61 87 0 0 0 24 21 0 0 64 35 28 0 66 0 0 43 36 0 0 0 62 21 0 14 2 0 0 0 0 32 0 42 0 0 0 23 0 0 0 58 27 10 60 31 29 10 91 13 17 9 0 0 28 0 32 0 10 88 0 0 99 0 5 0 0 0 23 34 28 39 33 0 57 5 48 89 60 0 30 0 0 64 39 40 1 51 0 62 57
 94 0 0 0 7 14 4 39 0 5 0 17 0 0 39 8 60 0 34 0 0 0 0 0 0 0 0 0 0 0 94 2 0 0 0 0 7 0 0 0 51 31 72 5 0 43 12 17 28 0 0 80 89 0 0 0 0 49 0 0 0 12 12 53 26 0 0 13 28 24 8 7 35 0 0 81 0 0 0 1 0 0 20 0 0 7 0 0 83 0 0 0 0 0 28 21 0 8 86 27
 21 7 56 0 0 60 69 0 27 29 61 40 0 8 12 40 41 18 48 66 77 0 16 0 45 0 0 0 39 0 0 0 0 18 2 0 14 1 0 73 65 11 0 0 0 0 39 0 32 37 0 0 43 11 20 0 0 41 0 3 5 12 98 0 0 23 0 0 59 0 14 7 35 0 14 56 0 29 0 0 0 75 0 3 0 0 47 37 65 0 0 36 0 0 0 61 48 0 0 20
 0 1 18 0 17 6 0 37 0 0 36 94 0 26 50 0 47 0 0 0 88 0 4 83 0 0 0 0 0 0 48 0 16 0 0 19 3 11 0 0 0 2 59 0 0 12 0 24 24 50 0 77 0 17 0 0 0 37 4 0 5 29 0 10 0 30 0 3 95 0 0 0 0 57 0 16 0 0 0 33 0 0 10 38 0 12 0 26 54 0 0 43 0 0 62 0 4 0 0 0
 0 0 0 0 0 8 0 19 0 0 0 0 0 17 0 0 1 0 0 0 0 0 0 0 0 0 0 2 0 36 28 15 30 0 0 38 0 0 0 7 0 0 19 30 0 18 0 22 0 77 30 3 0 18 0 0 21 25 0 0 0 0 0 0 31 0 0 0 0 0 0 2 0 0 0 0 0 0 18 7 0 0 0 24 0 0 30 26 0 0 0 0 0 0 0 0 16 0 5 0
 0 0 24 0 29 0 0 0 21 73 0 71 0 9 53 0 0 0 0 86 0 22 0 0 0 0 0 0 0 0 0 0 3 4 16 0 0 0 0 0 36 0 61 0 0 77 0 0 0 22 0 40 0 13 0 19 18 17 0 2 0 31 0 0 32 35 0 23 53 5 12 0 32 0 0 20 0 0 0 21 4 0 28 60 39 0 25 33 79 57 0 39 0 0 43 0 44 0 13 0
 0 0 26 0 33 0 19 21 0 0 0 0 21 0 0 29 0 22 0 0 0 13 0 0 0 8 18 0 0 0 35 37 0 0 13 33 0 0 14 0 0 0 0 0 22 0 0 0 0 0 0 21 64 17 0 0 0 39 0 0 0 1 0 0 83 0 0 11 0 17 10 0 0 4 0 37 0 0 0 0 0 13 15 67 15 0 0 5 42 0 0 0 8 0 13 0 21 0 13 0
 20 0 0 0 0 0 17 0 0 36 39 8 0 60 0 28 63 0 0 45 20 0 0 39 45 25 58 0 0 38 13 46 0 0 64 0 12 0 5 90 0 54 76 0 0 8 72 0 35 0 38 60 42 0 0 0 21 29 0 0 0 25 0 0 28 11 33 0 55 22 80 87 54 19 0 0 0 6 0 46 71 6 0 53 0 0 9 15 65 2 88 36 19 14 69 46 0 0 76 48
 0 0 0 35 10 0 60 20 0 39 19 0 31 0 0 60 0 0 42 35 0 96 18 37 0 0 37 0 80 12 0 37 2 56 4 0 3 79 84 73 30 10 0 7 0 0 31 0 0 74 61 51 31 0 60 72 45 93 0 73 25 0 66 0 0 7 61 0 34 32 0 81 60 0 0 75 84 0 0 43 9 0 58 4 29 60 43 74 64 58 0 74 26 43 0 0 56 0 0 16
 0 0 0 0 0 0 0 0 0 75 0 46 0 0 47 0 31 0 22 92 0 0 0 9 0 23 0 18 0 0 27 0 0 15 0 0 3 0 25 0 0 0 25 0 31 0 0 0 0 0 0 55 39 0 0 0 0 0 0 0 0 20 9 24 0 0 0 0 62 0 0 0 27 42 0 27 0 3 6 76 0 31 0 35 30 19 33 0 0 17 2 0 0 0 18 11 0 10 2 18
 0 0 59 0 0 0 35 46 0 42 41 54 0 0 0 0 50 0 0 18 56 0 2 0 10 0 0 4 7 0 93 20 14 0 0 0 0 0 0 84 60 27 34 0 0 52 0 27 0 30 0 71 34 11 0 17 0 66 0 0 0 0 14 0 0 0 0 32 43 0 65 0 0 31 0 0 0 0 19 63 0 0 10 18 0 0 1 0 7 0 0 12 37 0 79 14 7 5 36 51
 33 65 0 0 22 18 3 0 0 0 0 34 58 80 12 0 0 0 55 61 26 0 2 0 0 19 65 26 41 21 42 6 52 0 0 24 53 0 98 0 0 24 3 42 49 0 0 0 55 68 28 0 24 94 51 28 22 77 0 47 0 38 36 31 0 7 3 0 58 49 50 67 57 18 30 0 26 9 34 34 59 0 30 54 62 53 88 7 0 0 86 65 14 78 57 21 92 59 21 64
 9 0 89 0 27 52 10 6 0 0 25 95 5 48 0 85 4 0 11 57 9 0 20 42 0 0 0 0 0 0 4 0 0 0 0 0 12 0 0 0 25 56 31 0 1 68 76 0 0 0 35 16 0 0 0 0 0 17 0 0 18 0 0 34 19 0 0 0 0 0 38 0 0 5 0 36 0 0 15 51 0 0 0 68 0 0 19 19 7 5 0 84 0 0 0 21 30 0 22 75
 0 0 0 0 0 0 0 5 0 14 0 0 0 18 0 35 21 0 0 1 9 0 0 0 0 0 0 8 27 0 18 0 0 0 0 0 2 26 0 0 0 0 5 3 0 7 0 0 9 0 0 0 0 0 15 0 0 0 1 0 0 0 8 0 0 0 0 0 24 20 0 0 0 0 21 0 22 0 38 16 11 0 0 2 0 0 32 5 35 0 0 8 0 34 36 0 0 0 0 0
 26 0 0 26 0 48 0 23 9 0 0 67 0 0 0 6 0 0 0 0 30 0 0 42 0 29 0 32 0 0 31 12 17 0 0 0 0 45 2 16 0 35 39 0 0 9 41 0 0 77 0 19 25 28 0 0 0 0 0 56 2 25 0 0 14 0 0 16 0 21 41 22 0 84 0 6 1 32 25 0 10 0 0 82 0 0 52 41 44 0 22 47 0 0 37 0 0 23 6 0
 13 22 0 17 0 0 7 11 0 35 0 12 3 0 0 0 0 0 0 3 29 0 0 0 1 0 0 0 0 0 30 0 0 4 0 4 0 0 29 0 0 0 0 0 0 0 0 3 0 42 0 0 0 0 0 0 28 0 23 14 25 0 18 1 11 10 25 0 0 36 0 0 0 0 0 32 18 0 0 0 0 0 0 0 0 0 0 0 0 0 0 0 0 16 0 0 0 0 65 0
 2 0 39 0 0 0 0 0 0 23 0 4 2 19 3 0 19 0 0 38 9 0 18 0 0 19 0 0 0 0 0 0 2 0 0 0 0 0 0 9 44 19 0 0 0 0 0 0 37 60 0 5 0 30 0 0 0 0 0 14 3 0 10 5 13 0 0 15 2 0 0 0 0 0 0 0 0 0 0 0 0 0 0 10 0 0 0 0 0 0 0 0 0 20 21 0 4 14 20 28
 0 0 0 21 0 0 0 0 0 0 0 0 0 0 0 0 0 0 0 0 0 0 0 3 0 0 0 19 0 25 0 0 9 0 0 0 0 11 0 0 0 0 0 17 32 16 0 0 7 40 0 41 0 0 0 0 0 0 22 14 0 5 0 0 0 0 0 0 3 0 0 0 30 0 0 11 0 0 0 8 0 26 0 11 0 0 0 0 9 15 0 0 0 0 19 0 0 0 51 0
 0 48 41 0 0 46 66 27 0 0 0 0 25 0 84 42 14 0 21 62 5 45 27 70 54 0 0 27 75 0 53 50 0 61 39 0 0 36 0 3 11 64 92 0 0 25 57 0 34 0 9 82 83 29 0 0 0 33 0 6 0 4 12 0 98 38 0 0 50 0 82 63 40 55 38 0 0 0 0 0 0 88 22 61 30 36 45 0 0 0 56 8 63 0 29 50 0 0 8 16
 30 0 0 0 70 6 66 0 0 16 0 3 36 40 0 84 45 5 56 0 77 60 0 47 0 0 37 38 1 54 13 30 0 77 47 0 0 84 30 88 71 0 93 7 0 72 0 0 23 0 6 43 61 52 76 0 0 88 0 74 80 15 26 0 0 0 16 0 9 83 0 32 91 0 10 0 32 77 0 30 94 9 0 0 23 34 0 30 12 31 48 83 0 0 0 47 57 0 80 0
 0 0 7 17 47 14 0 0 0 57 6 0 91 0 0 66 54 0 0 96 22 8 0 0 20 0 17 26 0 73 43 50 2 79 65 0 0 19 80 5 0 0 35 0 0 2 0 0 36 35 0 0 21 0 82 36 0 45 0 49 0 6 50 0 25 29 21 90 0 2 48 96 55 46 0 99 26 12 0 38 77 33 67 58 46 0 63 0 2 46 0 0 7 35 0 0 28 32 0 0
 0 33 27 0 0 0 19 0 0 7 21 20 0 18 8 63 0 0 0 39 2 23 0 12 0 25 0 0 0 0 26 0 0 0 9 0 0 0 0 0 0 0 0 0 0 36 0 0 0 9 2 7 45 5 0 0 0 0 0 0 0 0 0 0 0 4 0 0 9 0 0 0 9 0 0 5 0 0 38 0 0 27 0 76 0 17 0 0 0 76 21 0 0 19 43 22 47 0 58 10
 0 55 48 70 0 0 62 0 0 63 46 75 13 84 0 2 0 90 32 51 24 35 66 6 0 83 26 4 0 35 42 57 31 43 0 54 0 27 22 0 60 86 59 0 69 85 38 49 99 0 39 0 13 0 10 5 20 4 0 5 29 59 0 9 54 49 0 38 58 74 13 43 48 0 41 33 34 8 0 0 0 38 68 14 35 8 0 0 0 17 0 32 0 0 0 12 1 56 32 0
 0 26 35 0 0 0 11 1 30 15 13 6 0 0 32 55 68 0 0 92 0 0 0 0 5 0 0 39 26 0 89 0 6 0 0 0 0 19 0 23 10 0 35 9 0 30 1 0 19 0 0 0 0 0 0 0 0 15 0 0 21 0 0 0 31 0 5 0 0 0 5 0 0 85 0 0 0 35 0 0 0 0 0 66 14 0 38 0 0 49 34 0 2 26 28 0 7 0 4 21
 50 67 0 36 24 6 44 0 17 13 24 4 0 0 0 82 0 0 49 69 0 0 0 39 31 32 64 0 37 73 15 0 35 0 48 0 0 54 0 0 13 46 64 37 0 69 74 38 0 14 0 0 0 68 59 0 0 88 0 0 0 0 0 0 39 0 35 0 46 1 54 38 0 1 0 28 52 19 0 63 33 16 0 62 0 32 0 68 64 43 0 13 0 0 8 13 31 28 0 79
 15 0 0 0 0 10 71 0 82 12 38 0 45 0 74 55 63 0 0 0 64 0 48 58 28 26 80 11 74 0 0 63 79 42 1 63 9 0 0 0 48 0 0 0 94 0 47 0 12 59 0 24 5 0 0 0 0 16 0 41 4 0 64 23 0 18 3 46 14 0 6 88 19 55 24 84 0 4 0 26 88 0 0 62 5 47 0 0 0 40 78 0 25 3 0 0 58 0 0 63
 0 21 39 16 0 65 0 22 0 0 0 0 0 0 0 80 0 0 0 52 94 0 0 68 33 0 13 0 0 0 0 0 10 0 0 0 19 0 0 75 70 0 55 36 0 0 0 0 62 0 35 0 0 73 0 0 0 23 25 6 29 0 0 5 50 0 7 0 0 0 0 38 0 40 0 24 26 21 20 10 7 27 0 0 0 0 10 0 24 68 42 34 35 15 0 0 62 0 0 0
 18 0 31 0 0 0 0 9 5 23 0 63 0 0 62 0 0 0 6 61 11 0 0 81 0 0 0 21 0 0 4 0 0 0 25 0 0 0 26 0 27 27 61 0 13 0 26 0 0 87 7 0 0 12 6 12 0 58 0 12 1 0 0 0 76 0 0 15 6 0 25 0 0 36 0 86 0 0 4 34 0 4 26 10 0 0 6 0 59 0 0 0 0 9 64 0 42 0 0 0
 33 24 38 0 0 0 0 0 0 0 0 15 8 0 0 0 0 3 24 15 0 0 0 14 0 0 7 0 0 0 49 0 9 0 25 0 33 0 11 25 0 0 0 0 5 6 6 8 0 62 0 0 0 41 0 3 0 30 0 0 0 0 0 0 0 11 22 0 0 0 0 8 0 0 0 0 0 0 11 0 0 0 0 40 0 7 0 0 0 0 0 79 0 0 0 0 0 28 59 3
 0 70 59 0 21 43 87 38 0 64 0 0 43 68 65 26 48 2 0 47 0 0 0 12 0 0 39 0 0 0 75 65 18 0 0 0 0 25 0 0 57 0 58 0 0 74 63 0 59 17 69 0 29 48 0 13 0 0 0 63 2 0 73 97 0 0 0 0 0 0 15 0 0 0 9 0 27 68 16 73 47 0 37 21 0 65 90 25 0 0 49 0 0 0 0 38 82 0 51 0
 0 0 0 0 1 16 79 0 5 83 0 86 90 0 0 61 0 0 41 61 69 26 0 3 42 0 0 39 43 0 0 0 37 0 0 0 32 60 0 48 50 79 9 0 0 71 0 0 26 55 78 0 71 49 36 0 0 46 26 0 0 0 0 74 0 69 0 0 0 25 22 55 0 0 0 0 47 5 0 21 21 0 0 21 31 0 0 0 32 41 0 74 66 0 0 17 21 0 43 0
 0 43 0 0 0 47 57 0 0 36 29 27 12 46 0 11 0 0 24 57 0 6 0 0 10 0 0 29 89 18 0 41 0 0 13 0 0 0 12 0 0 0 0 60 2 45 0 5 0 28 0 28 0 66 60 2 0 61 0 78 59 0 47 0 4 0 91 0 43 0 32 73 0 7 0 63 61 0 9 26 32 0 0 10 25 0 34 0 9 0 0 0 48 4 54 0 70 0 0 0
 0 14 31 1 0 0 0 43 6 31 0 66 0 0 0 0 0 0 2 0 11 22 0 0 0 5 0 33 36 3 64 0 0 0 0 0 0 0 0 0 19 0 1 0 0 0 0 0 15 0 0 35 0 0 0 0 0 0 0 17 0 0 20 0 80 7 19 0 0 10 0 16 0 0 0 13 12 0 5 0 14 0 12 5 10 0 0 35 50 36 0 0 0 5 51 16 0 0 9 0
 0 16 39 0 31 0 18 5 0 1 0 31 23 69 78 0 69 0 0 93 0 47 1 57 0 0 58 0 38 0 21 7 0 45 0 0 18 0 57 82 19 0 0 0 0 58 63 0 15 0 0 0 47 0 62 0 0 29 0 63 0 3 5 54 0 8 0 31 0 0 72 56 0 0 0 8 0 58 0 0 0 97 0 19 0 0 78 23 0 38 55 84 51 0 0 26 55 0 0 35
 6 0 40 0 0 0 0 25 0 0 61 42 0 0 27 78 16 28 0 0 34 0 0 23 0 22 0 0 0 5 0 0 0 0 0 0 0 0 0 0 77 0 0 0 32 35 0 0 0 0 0 24 8 5 0 29 0 18 0 0 0 0 8 0 37 0 0 0 13 0 0 4 0 49 5 26 12 32 0 65 0 0 9 6 28 3 0 0 0 54 0 0 0 0 0 0 0 0 54 0
 22 0 0 0 24 0 0 85 0 0 51 83 14 3 0 45 25 0 0 89 20 8 0 0 0 0 0 0 0 0 0 0 0 0 0 0 0 0 0 46 0 63 71 0 0 4 72 0 35 7 0 80 48 7 0 0 0 13 0 20 0 0 0 65 0 31 0 0 0 0 0 0 0 0 0 0 0 0 0 0 0 37 21 59 23 0 0 0 81 4 0 74 15 7 42 2 44 0 26 0
 0 13 0 0 0 0 0 0 24 19 31 15 44 0 58 51 20 0 0 59 44 0 0 0 0 0 0 0 13 0 42 20 0 10 0 0 3 0 0 43 43 0 0 0 0 0 37 0 53 51 26 53 99 0 0 0 0 0 0 41 30 0 66 50 22 0 9 34 96 28 62 79 0 0 5 47 61 82 31 26 0 1 0 65 0 94 0 0 0 0 0 83 63 0 53 16 78 19 46 86
 0 0 3 0 0 0 0 37 0 51 0 0 0 29 0 1 0 0 0 21 0 0 0 0 0 0 30 12 23 0 56 10 0 2 4 14 0 37 39 0 32 29 0 0 36 0 0 0 0 44 0 2 0 44 0 0 0 26 3 0 0 0 0 0 20 20 15 0 14 0 0 26 16 0 32 70 33 0 15 0 0 0 0 32 3 36 0 8 62 0 0 49 9 0 5 17 0 9 0 0
 0 0 20 0 89 30 45 65 0 0 0 54 0 0 52 18 0 17 0 47 0 45 68 51 0 0 59 61 42 65 28 33 0 11 0 0 34 64 0 68 74 56 0 59 36 44 22 0 0 0 28 67 0 53 0 0 52 0 0 70 40 0 0 15 58 0 73 44 78 91 0 14 0 0 0 26 0 0 0 27 0 0 0 35 0 12 70 61 0 0 9 53 3 0 26 23 0 18 68 1
 0 11 0 20 0 0 0 29 0 5 0 27 28 0 43 0 0 0 11 31 0 0 0 25 0 0 0 0 0 29 13 0 26 0 0 0 18 0 0 0 24 0 0 15 0 0 0 13 0 32 0 0 93 0 6 11 0 0 0 16 0 0 0 0 27 23 1 0 0 0 0 0 0 0 0 0 0 0 0 1 0 0 0 39 0 0 0 0 0 0 0 0 27 0 0 0 0 0 0 0
 55 0 8 24 19 0 0 0 34 27 29 0 45 65 77 0 24 0 0 0 85 0 2 62 0 0 53 0 0 9 49 80 0 16 0 10 16 71 11 74 61 2 60 20 0 35 31 0 11 0 0 0 52 15 8 0 0 6 0 90 0 0 0 9 49 0 0 0 0 1 0 38 0 0 10 0 0 0 0 83 16 0 0 0 0 0 0 0 0 0 0 74 0 0 40 90 88 0 29 0
 0 0 0 0 0 0 35 4 0 27 10 55 35 82 28 5 47 6 30 12 0 0 0 0 0 19 35 0 0 0 0 38 0 0 0 0 0 4 0 38 21 0 34 0 0 0 98 0 45 55 0 20 21 49 11 0 0 19 0 0 0 0 0 89 66 0 0 0 81 0 0 71 0 27 26 28 79 0 0 42 0 97 0 0 0 0 39 59 53 50 40 0 43 0 44 0 0 0 10 6
 54 76 33 53 23 19 18 58 0 0 0 59 19 50 57 0 93 22 82 0 21 29 66 40 0 16 44 38 22 22 22 0 31 0 17 0 0 53 56 6 0 48 79 94 32 0 0 0 0 0 0 32 74 32 0 39 23 0 0 83 7 15 0 0 0 0 79 0 0 21 24 60 0 0 80 62 51 41 0 40 30 20 0 44 58 52 66 0 64 0 61 28 13 21 7 22 54 92 30 48
 1 0 0 33 0 0 0 0 0 57 13 0 0 0 56 37 0 0 0 35 79 26 0 22 0 0 0 39 0 0 0 0 0 0 0 8 0 0 11 0 0 0 29 0 0 0 0 0 0 0 19 1 44 0 12 0 0 22 31 2 0 0 0 0 51 0 0 0 53 6 0 27 0 30 0 0 0 0 0 0 0 0 0 3 0 0 0 11 0 19 0 18 0 0 84 0 0 26 10 0
 9 34 0 0 0 48 31 75 0 45 63 48 73 0 64 14 14 0 0 0 49 0 0 20 0 0 7 0 12 0 61 49 0 0 0 0 0 3 0 82 65 0 8 0 0 58 51 0 77 0 0 54 32 39 34 0 0 9 0 0 0 0 0 17 85 0 0 0 0 25 18 6 23 0 19 79 0 6 0 55 0 0 0 0 19 0 77 12 60 0 17 31 84 0 20 37 5 21 31 9
 0 0 44 0 0 54 0 16 0 16 52 63 1 32 24 51 55 0 0 95 93 0 0 61 2 0 0 0 25 0 5 69 23 8 3 0 0 38 0 83 87 73 0 0 21 0 7 37 73 55 37 24 36 0 0 0 0 0 0 0 0 2 0 0 82 3 23 35 12 0 14 0 0 39 19 83 3 0 0 65 13 0 26 42 0 0 60 0 56 85 0 46 41 0 0 37 38 0 0 0
 65 78 21 0 0 92 2 90 4 0 54 0 0 33 73 0 0 0 0 82 3 22 0 8 34 0 24 0 19 72 0 5 0 82 78 0 45 0 76 0 10 0 0 62 0 54 0 0 17 10 77 57 26 47 0 17 0 47 0 0 24 0 37 0 86 0 20 12 0 49 0 0 0 79 36 26 11 0 25 54 4 0 0 0 42 99 1 0 32 5 63 50 7 31 41 43 42 21 73 17
 0 20 0 0 10 0 0 0 0 27 16 25 26 0 17 0 0 18 29 0 0 0 0 0 25 0 0 0 0 0 0 10 34 0 0 11 0 16 0 0 0 0 0 0 0 0 0 0 0 0 0 0 0 0 0 23 0 0 0 0 0 0 11 0 0 0 0 0 0 0 0 0 0 0 0 0 5 4 0 0 5 0 13 0 0 0 0 0 0 0 10 0 0 24 0 6 0 9 0 0
 0 35 30 0 0 57 0 0 0 93 25 4 13 40 28 83 38 24 47 29 0 0 0 47 68 29 12 25 78 0 28 34 14 32 69 8 0 51 0 5 62 0 0 7 0 0 46 0 25 59 14 39 22 81 0 0 0 17 0 0 15 0 16 24 34 63 0 0 0 4 0 0 56 0 27 0 99 37 0 43 0 97 0 14 0 0 40 0 0 0 42 0 45 0 6 0 4 0 0 0
 0 0 0 0 0 22 2 56 0 8 0 0 0 97 83 69 72 3 0 25 43 0 0 0 0 0 8 0 35 0 92 2 21 0 0 0 0 0 39 0 20 0 72 27 0 0 11 0 53 25 90 6 84 56 0 0 32 0 0 80 0 0 21 16 0 0 27 12 19 9 0 29 0 0 0 73 5 28 0 0 1 11 0 30 17 0 15 0 95 5 0 0 27 0 31 0 0 0 14 0
 0 29 56 37 26 0 0 49 0 58 4 33 15 0 37 0 0 0 0 37 2 0 27 70 0 0 7 0 12 0 0 0 6 0 0 0 0 39 0 10 0 0 57 0 0 0 0 0 0 0 0 24 79 32 0 13 0 72 10 0 39 28 0 0 29 0 0 0 21 0 46 68 35 36 0 6 0 0 0 61 0 0 0 31 0 0 0 17 70 0 0 0 82 0 0 76 63 0 0 24
 0 25 0 0 3 0 12 57 0 0 0 0 0 0 0 0 18 6 0 0 0 0 0 76 0 0 0 0 19 0 0 63 0 0 1 0 0 0 0 0 0 0 0 0 0 22 60 0 0 0 0 50 91 80 25 0 15 0 29 29 0 21 20 92 77 0 12 14 0 0 75 21 34 0 0 86 6 0 20 0 0 3 39 26 26 2 0 0 0 5 0 24 0 0 0 2 18 0 0 5
 36 0 51 0 38 0 0 7 0 23 24 70 0 0 64 87 6 9 0 0 27 0 0 36 0 0 0 0 0 0 40 1 0 0 0 0 0 0 0 0 37 0 0 0 0 13 0 27 0 0 0 82 63 0 33 0 0 35 21 16 0 22 0 0 35 22 0 0 0 6 39 0 0 0 25 8 18 0 0 32 0 0 0 89 27 0 0 11 0 29 35 0 0 29 19 0 0 22 54 34
 0 17 68 17 0 0 0 0 0 0 44 38 10 0 48 11 34 0 0 0 46 6 0 9 0 0 0 20 0 0 68 0 0 0 0 0 0 0 4 6 65 0 60 0 0 0 18 16 0 74 11 92 30 0 19 0 0 0 0 0 0 0 0 6 60 18 0 24 0 0 0 0 0 21 0 5 17 0 0 0 3 0 0 29 0 0 27 0 0 0 0 35 20 0 0 0 0 13 42 12
 0 0 61 0 0 0 0 0 0 0 0 34 0 0 0 0 0 0 31 17 0 0 7 18 1 0 63 0 35 0 41 18 0 0 0 3 36 6 0 0 55 65 78 0 34 0 57 0 91 26 0 92 60 36 0 0 16 0 19 0 23 0 0 37 28 0 22 29 56 0 88 21 0 33 0 82 29 0 0 80 0 34 0 0 0 15 79 51 0 18 0 76 68 27 40 50 16 0 38 87
 0 0 0 3 0 0 0 3 38 0 24 0 0 0 0 16 0 32 0 19 8 0 1 32 0 0 19 0 0 0 0 0 0 5 0 0 10 0 0 0 8 0 20 0 0 33 0 0 0 0 0 3 2 18 0 0 0 34 0 36 0 13 0 5 0 21 0 9 33 0 39 0 0 0 0 7 0 2 0 0 0 0 0 8 14 32 22 0 16 0 0 0 7 13 0 0 0 0 0 0
 0 0 37 0 0 63 0 0 0 64 83 0 25 0 63 0 21 28 0 7 39 28 17 0 0 35 0 0 0 7 32 36 0 0 12 0 0 20 2 91 95 0 0 0 0 10 0 0 18 46 6 85 12 12 0 6 0 28 35 0 11 0 0 66 42 0 0 0 50 0 14 0 0 0 0 0 6 0 0 50 0 0 0 78 0 0 0 11 85 0 0 0 0 10 0 66 20 0 0 82
 35 47 8 8 0 78 0 13 0 0 39 38 0 27 0 30 70 3 23 27 0 32 0 0 69 37 0 0 0 23 0 80 23 30 41 0 0 10 44 74 80 71 55 0 0 1 8 0 26 0 62 0 0 37 55 10 0 0 0 0 82 0 0 0 52 48 22 0 0 29 0 0 5 47 3 49 0 0 0 18 1 31 0 0 93 27 46 47 0 39 0 0 0 0 52 81 81 0 58 14
 0 0 31 0 7 0 0 12 0 0 0 0 0 0 24 0 0 0 26 26 39 0 0 0 0 0 0 9 6 0 78 0 20 20 0 0 0 0 3 0 71 0 0 0 1 0 0 0 3 0 0 58 0 0 0 39 5 0 3 0 0 1 0 0 92 0 19 0 0 0 19 0 0 0 0 26 0 0 0 0 0 29 0 23 0 0 0 2 0 20 0 51 20 0 0 0 0 17 52 0
 2 0 21 0 0 0 27 6 0 23 26 69 0 45 76 53 60 0 0 38 53 0 0 6 6 0 0 0 0 0 0 0 0 21 38 0 0 0 0 92 6 1 25 0 16 0 0 0 0 19 30 21 62 29 0 0 30 0 0 95 0 0 17 34 26 0 0 0 0 0 32 0 0 0 0 41 0 10 0 48 0 0 0 0 28 27 0 0 48 3 0 79 0 0 23 0 0 0 5 63
 1 0 42 0 0 0 0 45 0 0 45 5 13 0 22 80 67 0 0 57 23 0 0 40 0 0 33 0 0 0 5 0 0 0 0 0 0 0 0 0 0 0 0 4 0 22 0 0 0 17 34 42 0 51 8 0 0 0 0 0 0 0 0 0 24 0 0 0 55 0 13 0 0 19 13 72 0 16 0 43 0 0 0 95 0 29 0 0 0 12 0 52 0 0 28 37 0 12 74 0
 49 89 0 0 86 58 0 47 22 58 75 21 23 77 0 0 64 0 45 85 44 66 0 92 35 6 0 2 83 0 31 0 0 0 55 0 25 0 0 57 20 40 51 19 12 0 0 0 65 0 0 50 0 24 69 60 0 59 0 78 0 2 82 54 0 18 6 25 53 21 57 16 0 0 0 38 11 21 0 0 0 62 0 0 19 0 92 41 0 0 25 52 0 23 0 65 0 0 26 54
 0 0 14 0 0 0 0 10 9 0 0 0 0 25 0 3 0 0 0 0 5 0 15 15 37 12 0 5 0 0 11 0 3 0 26 0 0 0 16 32 0 0 0 0 13 0 0 0 0 56 0 0 0 0 0 0 32 0 0 0 23 4 8 10 0 0 0 25 0 25 0 0 0 9 0 12 0 0 0 0 0 16 0 4 6 0 1 16 0 0 0 51 11 0 0 0 0 0 0 0
 0 0 24 0 0 0 25 0 0 66 43 40 0 0 45 2 0 0 0 29 19 20 0 3 0 0 26 26 0 23 3 0 0 13 0 0 0 0 0 0 1 46 45 0 0 0 0 0 0 50 29 10 0 35 0 37 18 0 22 0 0 0 0 0 0 9 12 1 0 0 4 24 0 24 0 14 6 0 0 27 0 0 0 84 25 24 0 0 0 0 0 0 0 0 50 0 51 0 40 0
