200
 0 0 0 52 81 10 0 0 18 0 0 30 0 0 9 0 0 0 0 0 0 0 0 0 0 0 17 0 0 18 0 0 0 25 5 0 0 0 35 0 18 0 0 0 0 27 0 0 9 0 34 0 0 0 21 0 29 16 0 0 33 0 0 0 20 0 0 0 0 0 0 0 36 9 0 10 0 0 0 0 14 0 0 28 27 0 0 0 0 0 0 0 0 0 0 0 0 0 9 0 3 0 16 0 0 11 11 0 1 0 0 0 0 2 0 0 0 8 0 0 1 0 67 9 0 0 28 5 25 49 0 0 2 0 0 0 11 0 0 0 0 3 0 0 5 7 6 0 0 0 20 0 30 15 0 21 26 7 0 0 0 0 0 22 0 0 0 0 0 0 0 0 0 12 0 0 0 0 0 21 0 24 30 0 0 20 0 21 14 0 23 0 4 17 0 16 0 0 0 9
 40 0 0 18 47 15 56 15 0 12 0 50 23 0 0 28 30 0 36 54 8 4 0 54 0 0 57 31 34 0 1 41 0 0 15 60 0 0 50 64 65 49 27 92 33 10 37 10 37 0 0 23 44 63 62 24 0 37 51 5 5 69 86 30 0 43 0 19 6 29 0 43 30 6 67 51 29 25 0 37 0 35 0 0 27 43 43 4 0 0 1 46 55 47 28 7 0 15 49 0 83 26 73 0 0 59 0 45 57 9 0 0 0 62 80 15 13 83 0 61 15 62 5 47 53 1 0 52 2 20 0 0 0 0 0 68 0 45 24 27 35 0 0 0 29 15 44 78 43 0 26 0 30 0 0 69 80 39 8 0 1 0 88 36 73 20 50 0 7 34 68 29 0 40 3 81 0 17 49 51 0 44 34 0 19 0 11 47 32 39 0 5 15 0 0 55 24 0 77 0
 51 37 0 69 15 0 0 0 78 89 0 62 17 62 0 55 0 79 77 42 53 11 0 4 81 3 0 0 0 57 14 18 0 3 94 2 0 3 23 0 0 0 71 0 11 33 20 2 27 54 0 52 20 11 0 5 67 26 0 3 79 88 52 6 55 14 56 52 91 2 42 0 0 85 30 69 26 35 0 34 0 3 54 0 15 48 25 0 19 56 0 0 62 14 61 0 62 0 0 0 27 64 42 34 82 52 16 39 36 48 13 25 36 37 51 0 21 45 0 0 48 30 22 0 0 0 59 0 13 6 23 25 50 55 50 0 23 56 32 5 0 18 0 64 62 41 97 0 24 38 18 0 0 9 35 3 0 29 56 0 23 62 0 64 63 23 74 0 63 0 0 86 68 67 34 50 0 83 9 67 51 59 0 9 48 39 0 51 28 0 56 30 6 0 1 14 90 0 76 70
 0 0 0 0 0 0 0 0 0 0 0 0 0 0 0 0 23 95 0 15 0 0 0 0 0 0 0 0 0 0 0 0 0 7 0 5 14 0 0 0 0 0 4 0 0 15 28 0 0 0 0 11 0 25 0 0 0 0 0 0 3 4 0 0 0 0 0 2 0 0 0 0 1 2 0 15 0 0 0 7 0 0 3 0 0 34 0 19 0 0 5 0 0 0 0 0 0 0 0 0 89 1 0 0 0 0 0 0 6 0 0 0 0 0 20 28 0 18 0 0 17 0 42 0 0 0 0 0 0 13 28 0 13 0 0 0 0 0 0 0 0 0 0 0 0 0 0 0 0 0 0 0 38 9 0 0 0 0 0 30 0 0 0 17 0 0 0 0 0 0 0 7 6 7 0 0 2 0 87 0 35 0 0 0 39 0 0 0 0 0 0 26 9 0 0 3 0 0 15 0
 0 0 0 17 0 0 0 0 29 0 0 0 0 0 0 0 0 15 0 0 0 0 0 0 24 0 0 10 20 14 0 0 0 11 23 0 15 0 0 37 0 0 0 0 0 0 0 0 16 15 0 3 35 0 0 21 28 11 2 0 0 11 0 0 0 0 0 0 5 27 0 0 0 21 36 0 0 0 0 16 17 0 0 0 36 0 18 8 0 18 0 0 7 0 0 0 12 0 0 0 0 0 0 0 0 36 0 0 0 0 0 13 5 0 0 0 0 0 0 3 0 0 0 0 0 0 24 0 0 33 12 0 0 0 0 0 0 0 0 0 0 34 14 0 0 0 3 0 0 23 0 0 0 0 0 0 0 0 37 3 14 15 0 0 0 0 9 4 24 0 0 0 0 0 0 4 0 0 0 0 0 0 0 0 11 35 0 0 0 0 0 30 0 12 0 5 0 20 0 0
 0 0 36 27 15 0 0 0 0 0 0 0 0 14 0 0 16 64 30 8 0 0 0 0 0 16 0 0 0 0 0 0 0 0 0 0 0 6 0 12 0 0 0 0 0 0 0 0 0 0 0 0 0 0 12 10 0 28 0 13 10 0 33 5 0 0 0 7 4 0 0 0 0 8 0 8 0 0 0 0 0 0 0 0 0 8 0 10 12 0 25 0 19 29 0 0 0 0 0 3 33 0 0 0 0 0 27 48 0 6 0 0 0 0 16 0 0 0 38 1 0 0 9 0 0 0 0 0 0 0 0 0 0 0 15 0 0 5 28 0 0 0 0 0 0 0 8 0 0 0 0 0 0 69 0 0 0 0 0 3 0 0 0 0 0 0 0 0 0 1 0 0 11 0 2 0 23 0 57 25 0 0 0 28 0 0 0 0 0 0 0 20 34 23 0 0 9 0 0 4
 58 0 7 15 47 9 0 20 0 16 42 8 0 0 0 39 86 51 87 0 0 66 0 72 0 6 73 0 50 26 0 21 21 0 33 0 17 0 0 71 60 14 10 11 0 2 0 0 16 0 0 9 35 17 75 42 30 41 0 72 0 0 0 0 43 31 64 0 52 53 92 0 9 29 0 59 0 73 0 64 60 49 0 0 0 67 0 0 0 0 39 54 12 0 3 45 22 0 0 66 0 8 43 0 5 31 57 53 0 10 0 45 0 54 0 0 0 45 41 30 18 0 35 26 0 40 11 95 96 59 0 58 0 12 0 15 6 47 0 3 0 0 20 25 0 0 47 10 54 24 0 43 0 19 67 33 24 0 81 3 0 88 50 83 0 0 0 42 45 60 51 59 4 0 76 15 0 0 77 0 17 81 4 36 0 62 0 65 2 0 51 0 0 31 20 0 23 54 62 0
 14 0 16 77 72 25 0 0 0 0 0 66 0 0 21 73 55 57 80 35 0 36 0 33 12 0 51 0 74 2 0 65 0 0 0 24 27 0 84 4 0 83 2 24 0 38 65 0 0 46 26 4 13 0 0 0 59 54 42 6 0 86 0 14 57 10 12 69 0 0 53 2 9 5 9 0 63 88 0 46 16 0 0 0 2 0 0 13 0 36 0 16 4 18 7 0 57 69 0 9 64 25 9 0 8 54 0 21 0 11 2 0 44 10 0 39 0 43 23 0 43 0 90 0 0 0 79 0 0 60 26 0 0 19 0 27 9 69 0 29 0 3 18 0 0 0 0 20 42 0 0 0 0 20 40 0 58 11 29 0 0 15 70 0 48 55 3 0 0 8 52 34 0 23 0 93 0 0 0 0 0 0 50 16 63 59 0 10 0 0 0 0 0 0 0 13 0 81 13 0
 0 72 0 79 0 53 59 61 0 62 0 51 0 21 0 24 0 32 74 50 0 5 0 30 33 0 0 1 24 65 39 30 0 0 0 41 0 53 7 20 0 42 54 0 0 0 61 7 7 0 39 0 35 62 0 0 3 65 0 0 0 0 44 11 7 81 0 19 57 0 3 0 17 50 17 23 62 36 1 80 0 52 32 13 0 0 44 0 39 61 0 0 0 56 20 44 11 49 0 53 18 0 74 0 25 0 49 16 0 92 0 0 0 24 7 0 0 0 0 23 0 53 0 15 63 22 0 65 19 47 0 69 60 78 81 0 0 68 6 33 7 0 9 0 61 0 89 93 43 0 5 0 0 59 50 58 5 51 2 0 66 94 0 88 66 11 0 61 0 59 54 16 31 24 45 56 0 0 71 0 10 0 0 65 31 62 9 0 38 36 0 0 47 0 30 10 62 44 91 26
 51 0 0 31 56 41 0 35 0 0 48 55 38 0 0 0 17 0 14 48 0 74 0 65 0 0 5 68 34 1 0 20 0 0 0 0 2 0 59 8 0 67 4 67 0 23 0 25 26 18 13 50 0 76 27 5 0 38 73 0 0 0 17 31 4 77 55 22 32 38 5 25 47 0 62 75 91 0 0 0 88 64 0 0 31 0 0 40 62 0 6 81 0 4 38 0 4 0 21 40 73 0 17 59 55 11 67 60 85 7 0 45 7 25 21 0 78 55 9 29 32 0 48 10 0 0 0 0 0 71 0 68 0 0 0 0 45 24 0 81 0 0 28 0 0 57 31 6 74 58 39 46 0 37 47 43 71 66 82 1 69 69 31 37 36 0 0 0 0 2 71 13 0 36 47 41 3 0 16 3 10 66 7 35 4 38 28 0 0 63 0 38 0 6 0 0 19 0 3 0
 25 6 10 61 6 24 0 1 26 0 0 0 54 0 23 49 0 0 9 0 8 54 12 82 0 0 76 0 0 9 0 0 24 0 0 0 0 0 18 1 39 0 0 52 0 36 5 0 0 29 0 0 72 0 31 0 49 18 26 0 4 0 0 0 88 4 5 0 0 2 0 63 16 22 0 0 0 59 0 75 0 0 7 0 0 0 0 26 58 0 7 0 38 11 30 0 0 0 0 58 62 0 0 0 0 17 0 50 0 1 0 0 12 0 21 0 14 0 21 16 0 11 35 11 0 0 0 5 12 26 0 0 0 9 0 9 33 85 0 0 0 11 18 0 31 48 0 1 0 0 0 6 2 26 51 74 54 0 29 10 0 0 17 0 81 31 50 46 8 21 0 43 0 0 24 65 0 0 42 1 0 0 0 0 0 0 0 33 0 15 0 82 0 0 0 0 0 2 0 0
 0 0 0 55 36 32 0 0 0 0 22 0 16 8 25 30 9 53 0 23 0 19 0 36 8 0 39 0 38 0 0 0 0 0 0 1 0 0 0 19 0 5 10 66 0 0 6 24 0 0 25 0 0 0 80 0 76 18 19 0 12 4 0 0 62 0 12 24 0 0 0 0 0 0 0 0 0 3 0 52 0 0 0 0 39 0 0 0 0 12 0 0 0 33 0 15 46 18 0 0 69 0 19 0 0 38 0 26 0 0 0 0 0 7 0 0 0 25 37 43 0 0 36 19 0 0 0 0 7 77 0 19 13 18 6 0 0 9 0 11 0 14 2 0 31 0 0 25 25 0 0 23 0 0 40 0 0 20 95 12 0 0 66 38 20 94 79 0 0 0 0 0 16 0 0 78 0 2 42 0 0 10 0 0 0 0 0 0 9 0 1 18 1 0 0 0 0 8 12 4
 49 0 0 0 69 56 2 27 13 0 0 0 0 23 8 87 0 32 10 16 0 41 0 36 0 0 0 0 0 0 0 0 0 0 16 0 0 25 12 10 0 0 0 0 5 0 5 33 32 0 0 0 0 39 65 32 89 0 0 0 0 0 0 0 5 44 6 4 71 0 29 0 0 0 0 0 0 0 0 0 0 19 3 0 0 0 0 5 0 11 0 3 0 0 7 0 22 0 0 91 84 0 0 0 13 2 0 68 0 0 0 1 29 61 26 0 0 17 88 31 0 0 68 0 0 0 0 0 1 73 0 0 0 67 0 22 0 0 3 0 0 0 0 25 0 50 16 3 0 0 0 0 0 74 28 0 90 2 65 0 0 0 28 27 0 71 36 19 0 0 0 0 0 12 0 0 0 0 39 0 0 15 0 16 22 0 0 0 0 0 0 26 0 0 0 2 0 26 0 0
 34 22 0 67 56 0 18 19 0 77 93 0 0 0 0 0 76 28 12 80 0 83 0 38 12 14 86 71 0 99 0 67 0 0 4 89 0 0 26 26 59 41 41 22 0 70 37 20 0 22 6 19 0 55 44 0 25 55 0 24 0 19 69 86 65 35 64 56 0 8 0 53 44 19 20 70 37 6 0 0 60 0 0 0 26 24 4 2 84 57 49 70 35 74 58 27 95 0 2 66 0 67 4 34 6 0 32 19 26 55 25 93 20 0 84 19 31 44 22 0 2 93 48 47 0 25 18 52 0 51 0 0 0 69 0 0 0 0 0 0 21 36 4 0 0 40 0 0 30 23 75 18 0 9 29 0 14 72 25 0 70 0 0 81 27 13 92 49 44 31 0 4 0 59 51 72 0 14 52 79 0 12 19 76 43 85 3 64 7 30 0 53 0 0 0 3 54 25 7 0
 0 33 72 62 0 26 69 0 8 69 0 0 0 42 0 30 0 0 54 0 75 50 0 16 0 0 49 29 58 0 56 22 41 55 52 73 54 14 46 27 11 77 32 0 0 55 0 12 46 15 94 40 45 27 0 53 0 12 0 50 48 20 61 78 63 19 43 52 5 62 50 0 5 58 0 38 75 65 7 0 29 16 24 70 0 67 61 26 7 38 33 0 38 2 0 32 59 38 61 14 1 43 43 74 39 0 0 22 81 0 23 0 0 0 0 32 3 15 25 2 8 72 22 12 0 22 57 93 36 45 0 0 44 0 68 0 13 32 0 89 5 48 25 65 18 0 5 15 0 26 80 68 1 42 34 59 56 74 83 62 39 56 31 14 43 0 22 32 0 25 49 15 0 56 15 39 0 56 19 0 56 64 39 37 75 42 57 76 59 0 50 20 0 52 58 10 79 84 0 27
 0 0 0 36 33 44 0 0 0 2 0 0 0 27 0 0 34 0 0 0 0 10 0 0 10 0 0 0 16 0 0 0 0 0 0 0 0 9 0 27 0 16 0 0 0 0 0 0 0 0 0 29 0 0 0 35 0 0 0 0 0 7 13 0 53 0 24 0 0 0 0 0 0 58 11 0 0 0 0 0 0 0 31 0 0 0 0 0 0 25 14 0 0 0 0 0 17 0 0 34 72 0 5 0 0 55 0 71 0 0 0 18 0 0 14 0 0 0 0 0 0 25 80 2 0 0 0 9 0 97 27 0 0 0 0 0 0 0 4 0 0 0 0 0 0 0 4 0 0 0 3 0 10 73 73 16 0 0 66 0 0 0 52 14 0 15 0 4 0 0 8 0 0 9 0 27 0 17 45 0 0 20 0 0 10 0 0 0 0 16 0 49 0 0 0 4 0 0 0 0
 79 0 20 0 46 0 0 0 5 0 27 0 70 0 0 0 0 88 7 0 0 12 0 82 0 0 47 30 0 83 0 11 13 9 0 40 0 0 0 28 0 37 75 0 0 56 0 0 0 0 33 0 0 0 6 0 83 0 28 15 0 0 0 0 0 0 0 75 0 24 59 43 0 56 0 39 0 27 0 84 0 0 0 0 0 5 0 22 46 0 0 0 27 0 10 0 34 14 0 39 0 0 0 0 0 79 0 77 0 0 0 0 11 61 0 0 37 0 0 11 40 0 3 0 0 10 0 0 46 54 0 0 0 31 0 0 0 37 0 0 0 0 0 6 0 11 0 0 0 28 0 17 0 0 48 4 1 9 17 0 0 0 68 0 76 36 77 13 0 43 0 50 6 0 16 30 0 0 0 0 0 0 0 0 0 60 0 0 0 0 0 15 0 0 3 0 0 23 0 0
 23 27 0 0 0 0 0 0 0 21 16 0 0 0 6 0 0 0 0 0 0 0 0 0 0 0 0 4 0 0 9 0 0 0 5 0 0 0 0 25 0 0 0 6 0 0 0 0 10 0 0 0 0 0 9 32 0 0 0 25 0 0 0 0 0 0 0 0 0 0 0 0 0 0 0 0 13 0 0 0 0 0 0 0 16 0 0 0 0 0 0 0 9 0 0 0 26 5 0 0 83 0 12 0 0 0 4 0 3 0 18 0 0 0 0 0 0 0 0 0 0 0 49 0 0 18 0 0 0 10 0 0 24 0 14 0 26 0 0 19 0 0 0 18 0 0 5 0 0 22 0 0 0 5 0 5 0 0 0 0 10 0 0 0 17 0 0 0 0 2 0 0 0 0 0 0 0 0 0 0 0 4 0 0 0 0 34 24 23 0 0 49 0 4 0 0 0 0 27 10
 17 0 0 10 38 0 0 0 0 0 0 63 0 0 0 44 0 86 0 91 0 0 0 0 0 0 0 0 0 87 0 0 0 5 0 0 0 32 0 85 0 0 0 0 0 0 0 0 0 38 0 0 0 0 45 0 21 0 86 16 0 0 0 14 53 73 14 83 51 0 62 30 0 0 0 0 0 0 22 38 4 0 0 0 0 0 0 0 0 0 0 0 0 0 8 0 0 0 0 0 0 0 0 0 0 64 0 79 0 23 0 13 2 1 0 0 0 0 66 36 0 0 0 0 0 0 35 12 18 25 0 0 0 0 0 2 0 0 0 0 0 0 0 0 2 8 0 0 0 0 0 0 13 0 22 0 29 0 25 0 0 0 0 0 0 0 47 26 0 0 0 4 0 0 0 7 0 4 51 17 0 15 0 0 0 5 0 0 22 21 35 22 0 0 0 5 0 0 0 0
 22 0 0 0 92 0 28 0 0 0 13 0 0 0 0 32 30 65 0 0 0 0 0 0 0 0 25 0 0 0 0 19 13 0 0 0 0 3 16 0 0 0 0 0 0 0 32 0 0 0 0 0 0 0 74 0 28 0 3 0 0 0 1 0 68 0 0 4 53 0 0 11 31 0 0 0 0 0 0 0 0 0 0 0 0 2 34 0 0 0 8 0 0 14 0 0 0 0 0 32 91 0 0 0 3 34 0 0 0 0 0 22 13 0 0 0 0 13 0 11 0 0 0 0 0 0 0 5 7 58 14 0 0 0 0 0 4 35 0 0 0 12 0 0 0 0 0 25 5 0 0 0 31 77 60 28 0 0 24 0 0 0 0 0 0 0 0 0 0 0 0 0 33 0 0 0 6 39 43 0 0 0 0 0 0 27 0 0 0 0 0 0 0 0 1 0 0 36 0 0
 56 0 0 52 64 19 17 57 35 23 0 44 59 67 0 31 85 63 31 26 0 72 0 0 10 0 0 3 0 54 8 7 0 11 8 0 0 0 68 0 0 89 0 38 0 85 66 0 38 44 18 65 0 78 0 38 58 48 0 69 0 20 53 38 0 38 62 0 33 29 1 79 22 0 5 0 75 41 0 23 2 15 0 9 42 41 9 66 1 4 2 28 33 0 0 84 0 56 0 0 86 0 0 0 44 86 81 81 75 85 0 76 2 21 24 0 0 0 52 14 0 0 70 54 75 0 37 30 21 52 24 88 0 0 0 0 20 39 58 24 14 0 0 0 0 28 64 0 35 5 15 77 29 38 0 0 33 0 72 4 34 50 46 83 1 24 69 20 53 59 0 34 0 49 60 46 0 0 0 0 0 42 0 0 0 23 31 62 76 0 23 0 53 21 11 52 78 0 0 0
 85 0 0 0 52 88 0 0 0 0 0 0 0 0 0 0 0 16 18 35 0 0 12 5 17 0 0 0 0 32 0 0 0 0 0 0 0 0 20 43 0 0 0 33 26 0 15 0 0 29 19 0 0 0 44 0 0 0 0 18 0 1 0 0 0 8 28 0 31 0 0 12 0 25 18 14 0 0 0 56 0 0 0 0 0 0 0 0 0 0 0 0 0 26 18 0 32 0 28 55 23 0 0 32 0 0 0 71 0 0 0 0 0 0 8 13 0 0 7 90 0 0 76 0 0 0 17 0 20 0 0 0 0 0 0 0 0 27 9 0 0 0 0 0 16 0 0 0 0 0 11 0 33 62 0 0 0 0 70 0 12 0 0 5 0 97 68 0 0 0 0 0 14 0 24 35 0 0 57 23 20 0 0 0 0 12 0 18 0 0 0 4 0 0 0 0 0 0 0 0
 2 17 3 46 24 62 16 26 29 5 0 65 16 60 8 71 13 59 85 7 9 0 0 0 39 0 41 62 0 64 68 28 6 6 0 0 0 69 66 20 29 15 36 28 0 29 85 0 45 0 32 2 43 36 33 52 88 0 12 0 0 76 0 0 51 15 27 13 0 53 69 0 0 61 52 69 38 62 61 0 6 30 0 0 52 39 20 52 0 0 6 0 1 23 10 50 0 0 9 29 4 0 11 34 70 46 8 0 0 0 0 7 17 4 71 0 0 44 0 36 0 0 20 0 40 35 47 40 56 29 0 12 67 38 34 0 0 67 10 72 15 94 0 32 0 31 7 0 70 16 18 0 6 70 59 34 51 69 44 15 0 20 19 39 40 0 84 82 21 11 52 0 70 41 83 0 0 15 67 0 0 27 23 43 53 46 0 60 39 60 77 7 28 0 48 0 1 49 9 5
 1 0 0 22 50 55 0 0 0 0 0 0 0 0 0 26 0 75 8 71 4 0 17 0 1 0 0 21 38 5 0 0 0 0 0 0 0 0 0 0 0 0 22 0 4 0 0 0 0 0 0 0 0 0 81 0 0 4 75 16 6 0 0 0 74 4 0 0 21 0 0 70 1 31 25 0 0 0 0 9 0 13 0 0 0 11 0 65 0 0 0 0 0 0 0 0 23 0 0 17 20 0 0 0 0 0 0 47 0 0 0 0 0 40 16 16 0 0 0 59 0 0 20 0 10 0 2 0 15 89 11 28 0 0 0 32 0 0 0 0 0 0 25 0 1 18 6 14 1 0 0 0 28 50 39 1 0 0 8 1 6 0 81 73 0 0 0 37 0 0 0 9 0 0 0 29 0 5 46 0 0 0 0 0 0 0 11 0 0 0 0 6 0 0 36 0 0 49 19 0
 23 31 0 43 0 45 18 0 0 77 3 0 75 0 20 0 76 0 48 87 0 0 0 0 0 0 81 86 68 45 0 71 0 0 18 53 65 27 97 1 46 0 0 0 0 7 0 0 68 86 58 12 26 50 26 10 0 60 0 24 0 0 32 79 22 17 76 82 69 57 10 74 4 33 51 10 38 31 0 47 58 53 47 23 30 28 51 26 22 23 62 0 0 46 5 14 59 0 37 14 0 70 26 48 62 16 11 42 58 0 0 59 0 39 56 0 0 9 31 20 69 0 37 31 6 42 29 29 29 76 8 49 0 56 59 54 58 43 38 4 31 35 86 22 58 4 29 73 21 56 11 0 54 79 0 64 0 53 49 0 45 11 46 60 25 67 15 16 83 75 0 81 0 67 42 4 0 22 44 16 7 18 0 6 0 64 85 0 11 0 79 0 0 0 4 31 0 0 0 27
 95 46 0 24 40 0 0 41 37 65 2 19 35 0 32 55 81 40 47 22 34 48 70 38 79 0 91 0 83 76 30 31 0 0 50 5 34 0 49 55 39 0 0 19 22 46 6 0 0 84 49 82 71 47 54 70 0 61 56 83 2 18 32 59 33 30 42 26 40 58 57 55 0 18 82 0 0 52 4 68 32 75 64 0 75 0 56 53 0 57 11 58 34 63 30 24 74 40 1 81 51 61 36 20 27 1 26 40 0 22 81 23 0 25 28 0 23 24 72 73 75 64 56 70 3 32 41 0 7 0 0 63 1 0 67 37 0 41 21 3 53 73 14 0 9 5 9 71 57 0 20 9 34 0 32 0 0 12 22 0 15 81 39 0 49 84 55 18 13 16 35 0 53 19 54 0 3 28 0 0 0 90 9 43 69 0 50 38 70 40 82 76 0 55 3 12 95 90 64 87
 0 0 26 6 25 4 0 0 12 0 0 0 53 0 0 32 0 40 5 0 0 41 0 78 0 0 0 0 0 0 14 0 0 0 36 0 0 3 0 32 0 0 18 41 22 0 0 0 12 0 9 0 18 2 0 0 57 0 54 0 0 0 0 0 0 9 0 70 9 0 66 5 0 48 0 20 0 66 0 0 0 0 0 0 12 0 0 9 20 1 5 3 3 0 83 0 50 19 4 66 80 6 0 0 0 59 0 43 35 0 0 0 0 10 0 0 1 0 38 53 0 34 0 38 0 0 12 0 70 0 0 32 7 37 23 0 0 59 0 0 0 5 0 0 0 35 0 0 0 9 0 0 0 0 75 0 62 0 59 8 14 0 41 43 55 0 91 53 13 2 0 4 0 0 0 83 0 0 16 0 15 0 0 0 0 41 25 0 0 2 0 2 0 11 0 0 8 91 0 0
 26 0 20 60 0 90 0 23 0 0 38 62 18 0 0 74 0 0 31 8 0 90 0 0 0 8 33 0 17 50 0 0 19 39 0 9 0 0 35 0 0 31 1 0 0 66 0 0 0 47 4 16 64 0 0 70 0 8 22 0 0 54 64 21 0 0 62 69 0 60 52 76 0 69 0 0 0 67 0 14 60 0 0 0 66 0 0 71 0 52 0 42 49 14 1 0 23 39 0 75 0 0 24 0 0 53 0 0 0 0 0 0 32 0 0 16 0 15 37 55 54 0 0 10 0 0 7 38 63 0 0 0 0 8 2 38 82 11 21 0 0 0 56 23 0 0 9 0 0 0 0 0 0 0 25 0 41 0 18 13 2 87 0 5 55 50 47 28 22 46 43 0 23 0 53 0 0 0 63 0 0 0 88 0 9 0 54 0 0 61 0 0 0 0 0 36 0 25 66 22
 46 0 7 41 0 43 0 0 0 0 14 0 51 3 0 0 27 51 31 37 1 0 10 0 0 0 3 0 0 43 0 45 25 0 0 4 0 0 9 54 0 10 0 0 0 0 0 0 0 43 0 6 69 0 53 0 43 0 71 31 0 34 0 13 9 19 0 50 44 4 6 5 0 0 0 0 34 0 0 7 50 0 0 0 40 29 0 26 0 52 0 0 68 0 0 10 99 0 0 28 35 88 0 61 0 54 24 0 0 0 26 18 21 0 0 0 0 2 34 93 87 0 51 0 0 0 73 0 66 88 3 0 0 0 0 29 11 18 0 0 7 0 0 0 0 63 0 0 82 0 76 7 30 27 0 27 52 35 6 0 0 0 62 8 9 28 0 36 4 0 0 18 0 55 83 60 0 24 47 0 0 0 0 0 0 31 28 0 11 0 0 0 0 0 0 17 0 35 10 0
 0 5 0 57 0 44 0 0 0 0 0 66 31 0 2 7 0 34 0 32 0 0 0 0 0 0 20 0 0 0 0 0 0 0 12 1 0 0 0 47 20 0 1 0 0 0 0 0 10 0 0 9 0 10 23 20 21 0 0 0 0 0 4 0 75 67 19 16 30 0 0 0 0 70 5 0 0 0 0 55 0 0 0 0 0 0 0 0 0 0 0 32 0 0 0 10 32 0 0 74 20 0 0 8 0 0 0 45 6 0 0 0 21 0 0 0 0 10 91 47 18 0 38 0 0 0 0 0 75 72 0 0 0 0 0 0 0 4 0 5 10 0 0 0 0 0 0 8 5 0 0 0 0 30 55 0 0 0 28 2 5 0 0 18 0 8 0 11 0 0 0 0 30 0 0 0 0 0 5 0 21 0 0 25 0 0 0 0 5 0 0 16 0 28 0 19 0 0 0 4
 0 0 0 13 35 50 0 53 0 89 5 28 84 32 0 28 59 0 44 5 0 24 0 38 20 0 0 88 48 79 0 14 23 0 0 49 24 33 77 98 40 0 0 62 0 29 5 8 33 0 72 12 48 17 59 73 41 60 71 0 0 0 0 0 22 0 58 39 0 84 3 11 0 9 58 4 0 64 0 0 0 16 39 0 6 0 0 75 39 8 0 59 0 48 0 59 0 21 48 41 95 21 92 21 67 0 50 0 72 7 1 0 34 0 20 22 0 21 61 70 0 37 42 0 62 0 0 52 0 9 14 31 28 14 0 84 21 0 0 0 0 0 64 0 61 0 59 80 48 0 0 33 55 68 67 42 20 28 87 0 0 54 0 7 35 0 16 22 0 2 65 54 8 14 74 63 0 0 0 74 43 2 30 81 0 0 17 0 54 9 23 57 0 0 5 0 48 0 9 65
 38 0 0 57 21 3 0 0 0 0 34 32 2 0 0 52 0 33 5 0 0 29 0 61 0 0 78 27 0 63 0 0 0 0 19 0 11 0 0 0 8 7 56 55 0 4 0 0 0 0 0 2 41 0 0 0 21 15 0 0 0 0 0 31 44 37 28 42 16 0 66 56 8 55 0 0 0 77 0 0 14 0 11 7 0 0 0 0 75 0 26 0 0 0 0 0 82 0 0 4 15 0 0 0 0 40 0 0 0 0 0 0 0 15 18 0 29 0 41 0 12 0 52 0 0 0 0 23 38 26 0 8 0 36 4 0 28 66 0 0 0 24 19 0 0 0 0 0 0 0 20 0 0 0 12 79 41 0 4 0 0 0 73 67 0 13 16 0 0 6 0 29 0 0 32 0 0 2 0 0 0 8 15 0 4 52 0 10 0 0 0 53 0 0 0 0 0 71 0 14
 30 22 30 20 68 17 0 76 56 19 0 67 14 50 0 39 0 44 44 0 63 18 0 63 4 34 39 0 0 2 0 22 0 8 76 64 0 2 12 3 38 0 0 17 0 24 13 86 17 5 0 0 68 0 36 24 56 63 65 0 84 72 23 62 33 0 3 76 0 6 6 83 63 11 19 55 0 49 28 47 0 40 35 19 30 23 63 57 30 27 83 0 89 54 0 57 0 23 0 37 0 71 98 4 53 82 58 62 16 61 0 47 84 51 65 0 12 0 67 65 0 11 18 48 0 51 24 5 0 42 10 32 0 0 7 3 76 3 18 1 0 71 92 22 50 0 31 0 53 64 0 0 11 0 58 46 42 5 34 46 0 18 41 0 96 0 61 55 36 45 90 23 83 56 32 45 0 0 71 6 16 20 27 75 85 35 19 0 46 0 0 6 20 57 0 1 16 6 7 6
 0 12 0 0 0 18 74 46 68 75 62 30 79 35 0 65 0 50 0 13 0 9 0 52 71 48 11 0 0 86 17 47 0 0 0 87 0 31 81 0 69 22 44 64 0 61 59 19 0 63 45 0 47 21 9 0 73 22 0 0 69 18 15 29 0 85 66 20 78 57 70 96 45 0 0 56 29 0 86 7 67 62 0 0 51 40 0 0 52 0 6 30 27 41 0 73 0 31 12 56 3 63 7 45 56 0 0 25 9 70 13 55 0 48 54 0 66 7 29 6 33 39 22 0 90 0 70 0 24 0 14 58 0 52 83 73 30 22 43 21 14 74 0 40 0 0 0 0 0 29 0 45 29 46 0 60 84 0 73 66 0 0 38 70 13 47 78 69 47 89 47 11 5 77 21 0 8 51 44 48 0 72 89 28 84 53 0 40 0 60 53 58 40 21 60 0 33 51 51 21
 0 0 0 41 0 29 0 9 88 0 60 20 0 0 0 44 89 0 22 18 0 0 49 15 0 0 0 34 4 0 8 0 0 14 0 0 94 0 0 0 45 23 27 42 0 0 59 18 96 45 0 28 0 0 0 57 9 42 4 19 7 0 52 30 66 43 33 0 7 8 73 77 17 41 29 67 0 36 74 56 54 56 58 15 9 23 0 87 82 45 39 74 46 60 1 0 47 82 96 14 0 16 18 42 33 87 18 23 25 56 66 86 37 0 61 0 50 36 9 52 10 7 48 0 48 0 0 46 1 84 0 84 3 81 0 79 11 0 10 72 49 51 23 0 34 26 32 0 0 64 69 46 0 51 68 0 61 20 9 5 49 0 0 63 0 0 0 0 58 0 0 73 43 35 30 20 0 44 75 31 92 27 27 45 66 51 4 0 13 6 0 31 45 56 82 26 0 63 64 0
 14 0 0 0 44 57 24 0 0 11 5 0 3 0 0 22 0 13 18 34 10 19 17 18 0 0 25 0 0 0 0 12 0 0 16 0 0 0 0 39 0 0 18 0 12 0 22 0 0 0 0 0 0 39 0 0 15 0 0 0 31 0 0 0 0 0 0 0 0 0 22 0 14 0 0 0 0 0 6 0 0 0 0 0 0 23 0 0 0 0 0 0 0 16 0 17 29 0 0 0 0 30 0 0 0 0 0 0 0 0 0 26 27 35 0 0 0 0 0 0 7 0 23 0 0 0 10 0 0 60 26 0 0 0 0 0 0 0 16 9 0 0 20 28 0 0 0 1 0 14 0 0 36 0 0 0 33 2 0 0 28 0 0 0 0 0 0 0 0 0 0 15 0 3 0 0 0 30 0 0 0 0 0 0 0 0 0 0 0 0 0 36 0 0 0 13 5 0 0 21
 9 50 9 0 0 21 0 0 34 0 26 33 60 31 0 55 64 84 29 32 28 30 7 32 0 0 42 61 21 8 0 0 38 7 0 13 0 61 4 84 55 73 0 54 0 12 49 31 0 55 57 21 0 28 16 62 0 1 58 0 0 36 0 86 42 86 55 12 9 1 10 19 15 59 6 0 0 13 0 0 0 0 0 1 5 0 19 0 29 50 60 0 19 83 40 85 0 0 66 61 66 0 0 0 34 11 18 69 6 20 31 0 14 26 13 0 10 39 54 4 67 7 0 23 89 0 8 21 41 0 0 83 0 32 0 55 46 47 17 0 12 36 77 0 33 51 26 59 26 0 19 24 0 0 0 34 4 0 0 0 2 26 13 0 26 35 12 50 4 40 19 9 18 0 12 76 0 0 0 0 78 54 3 0 5 0 53 59 0 41 75 62 48 0 64 43 14 25 77 49
 34 72 0 6 18 0 48 58 0 31 32 20 0 53 0 0 61 52 0 0 31 49 0 86 0 0 0 77 43 59 0 41 0 0 27 62 0 0 0 24 0 20 49 32 0 0 9 34 0 71 0 0 58 22 72 28 0 34 31 0 24 62 33 0 14 48 0 39 23 0 0 69 72 94 0 77 43 14 0 82 60 0 0 0 59 17 51 52 33 0 0 6 0 56 29 62 23 0 38 0 82 0 21 79 51 13 17 0 0 0 5 15 17 23 40 0 50 33 0 9 0 0 33 35 62 33 0 39 30 34 9 27 28 0 26 0 40 63 24 46 0 0 16 3 35 96 54 0 30 1 0 36 58 65 0 7 20 11 36 7 4 51 63 66 51 35 46 11 3 74 0 25 1 67 14 0 23 17 2 5 30 0 52 10 0 3 39 66 20 56 75 13 29 19 9 38 63 31 20 0
 0 0 0 86 69 0 24 0 0 0 0 14 0 0 0 32 51 37 18 0 0 0 0 14 0 0 89 0 0 38 0 16 0 0 2 14 0 19 0 18 6 0 54 0 0 25 0 28 0 0 0 0 91 0 21 33 8 0 34 37 18 84 0 10 25 4 0 13 51 0 25 49 0 30 0 0 0 63 0 78 13 0 0 0 0 0 21 2 12 30 0 0 0 0 53 0 0 0 0 10 0 0 0 0 0 16 0 71 0 0 0 0 97 21 22 0 0 0 72 53 62 25 35 0 0 0 25 0 62 78 0 0 0 31 0 0 0 16 0 0 0 0 0 2 0 0 0 0 0 10 35 0 3 27 22 0 61 0 81 0 0 0 0 92 0 37 17 50 10 52 0 24 0 88 0 0 0 0 46 0 0 0 0 0 20 0 13 0 0 12 0 34 0 3 0 0 0 2 0 18
 34 0 7 19 0 0 0 0 0 0 0 0 0 0 0 0 0 0 0 0 15 0 0 14 0 0 0 2 0 0 0 36 0 38 2 0 0 0 0 0 0 0 1 0 0 0 14 0 0 0 5 0 0 1 0 0 52 0 0 0 0 0 10 0 73 10 0 35 0 11 0 14 0 9 0 10 0 0 0 0 0 0 0 1 0 0 0 17 0 0 31 0 0 0 10 0 0 0 0 0 31 2 0 0 0 8 0 71 10 0 0 0 0 0 20 0 0 16 9 0 18 0 0 0 0 0 0 0 0 12 0 0 0 0 0 0 0 0 0 0 0 0 0 0 0 0 0 0 0 0 0 0 0 33 0 0 0 0 54 0 0 0 0 10 8 28 13 13 0 15 2 15 0 36 0 0 0 0 0 0 0 7 4 0 8 0 0 0 1 0 0 75 36 14 0 0 0 16 0 8
 0 0 3 43 26 63 0 57 22 9 0 75 37 0 0 52 54 31 30 4 15 13 0 26 0 0 47 8 49 0 0 0 0 0 0 38 0 7 0 43 0 68 0 64 0 0 48 0 75 28 99 84 0 0 87 9 54 39 24 0 16 15 77 34 18 30 36 13 28 0 62 0 72 54 0 2 30 0 0 18 16 20 0 22 85 9 87 68 72 29 30 37 0 51 7 60 0 50 0 22 42 0 0 0 10 4 0 26 3 0 0 35 61 16 0 0 33 34 16 57 0 0 82 31 25 18 7 9 0 20 9 0 38 60 0 9 31 0 0 0 2 20 75 3 21 68 12 64 28 0 0 0 0 22 43 0 39 0 0 0 33 35 53 0 57 0 32 52 0 22 54 3 0 10 51 8 17 0 24 0 0 52 69 41 0 75 50 0 0 26 0 17 28 0 0 26 48 0 46 39
 26 0 0 89 79 76 0 0 0 0 35 0 14 0 0 0 0 74 26 23 0 34 0 39 13 4 59 0 0 56 13 0 0 0 0 88 0 0 60 0 0 0 0 39 0 68 56 0 0 0 33 0 0 0 19 0 33 13 24 0 0 71 0 0 0 0 11 47 32 43 0 26 17 21 0 9 16 75 0 0 35 0 0 0 44 13 0 62 43 0 0 26 46 55 79 17 0 9 0 73 32 69 0 66 0 4 0 0 0 0 0 8 91 0 0 24 17 47 39 40 0 9 21 0 0 0 0 0 43 76 0 0 0 96 0 66 0 65 18 0 5 31 0 0 0 0 12 0 74 0 0 0 0 59 32 60 5 0 45 0 0 72 21 0 78 55 83 2 0 19 50 42 0 0 0 46 0 0 28 0 0 0 92 72 63 76 41 7 0 0 5 24 16 1 0 58 0 49 15 0
 90 0 0 0 71 97 0 0 0 0 37 0 15 0 0 42 0 42 16 11 35 28 0 0 19 0 0 0 7 0 6 0 2 0 0 0 15 0 0 0 35 13 0 39 0 0 19 0 0 0 33 0 0 0 5 14 27 0 24 1 12 0 1 0 50 33 31 38 0 0 30 0 0 37 0 0 32 0 0 46 0 0 0 1 0 7 0 32 25 0 0 0 0 0 0 0 0 2 0 34 50 30 0 0 0 90 0 64 0 17 0 1 21 64 0 23 0 0 52 88 0 0 12 6 0 0 31 0 0 40 26 0 0 3 14 0 0 0 0 0 20 26 0 27 2 6 22 0 0 0 0 0 0 0 0 0 0 0 49 0 0 0 74 70 0 0 37 0 0 0 3 0 0 0 0 21 13 0 22 0 0 0 0 0 0 53 0 0 0 0 0 31 0 0 0 0 0 3 0 0
 50 0 2 79 30 54 0 0 8 0 0 0 11 0 3 85 5 0 12 44 0 0 0 8 1 0 0 20 6 2 0 0 0 0 0 52 0 0 12 92 0 0 0 0 0 0 35 0 0 0 31 0 0 0 0 0 91 0 66 0 0 0 0 21 67 49 0 29 0 0 0 3 0 80 0 0 0 0 0 0 0 0 0 0 0 13 0 14 0 0 0 0 0 0 3 1 33 18 0 0 32 0 0 0 0 16 0 0 0 0 0 2 0 76 0 0 0 3 36 42 0 0 0 15 0 0 0 0 54 23 0 0 0 23 0 0 0 18 14 0 17 0 0 0 39 23 0 0 0 0 0 19 0 37 62 0 0 0 9 0 1 0 0 52 0 30 28 17 0 4 0 6 24 0 0 71 1 26 0 23 0 0 0 0 0 0 0 0 0 5 0 6 0 0 0 0 0 0 9 0
 28 0 0 50 44 4 4 28 73 22 67 72 0 79 48 14 87 77 24 57 83 0 27 0 48 0 0 33 4 1 24 86 32 37 13 0 52 60 51 20 44 48 17 24 0 39 66 0 0 0 62 81 94 25 98 0 38 36 63 50 53 11 0 8 32 49 69 30 26 53 0 30 34 48 71 0 0 7 19 71 56 27 0 0 0 51 63 0 31 53 0 41 37 45 0 52 58 21 20 70 42 15 93 0 0 16 63 7 6 73 66 56 51 11 59 9 37 49 0 21 11 28 0 73 22 9 0 0 0 92 51 52 0 61 0 0 62 72 6 0 37 2 0 84 19 44 0 5 15 71 54 57 4 0 60 0 58 5 76 78 7 2 94 58 51 0 38 36 0 61 0 14 46 67 47 0 47 0 34 54 29 0 0 7 32 91 64 40 66 64 18 0 26 30 64 2 60 0 43 50
 0 0 0 0 13 91 0 0 26 0 0 5 70 0 0 26 0 38 6 34 0 92 0 27 0 0 2 0 5 10 0 0 0 0 7 49 0 17 0 58 16 0 45 23 0 0 7 0 0 0 0 0 16 0 39 0 22 0 0 0 0 0 0 5 0 27 0 96 74 0 0 0 30 0 0 36 0 0 0 50 0 0 0 0 0 0 0 41 0 0 0 0 29 0 0 0 37 0 0 0 60 0 0 0 0 0 0 69 0 0 0 2 0 7 2 0 0 0 0 0 80 0 18 0 0 0 0 10 6 0 0 0 0 30 0 0 57 0 15 17 0 0 0 0 0 0 0 0 0 0 0 0 19 70 84 0 63 0 45 23 14 0 69 18 0 81 38 0 0 0 27 0 3 24 0 26 0 0 0 0 0 0 0 0 38 0 0 34 0 0 0 0 0 0 12 29 0 71 0 0
 0 0 0 0 7 43 7 0 0 9 0 0 0 0 0 47 35 81 35 0 0 0 0 46 17 0 30 19 13 44 0 44 0 0 0 0 0 0 78 0 0 0 0 0 0 0 0 38 0 42 11 0 17 14 41 0 0 0 0 0 0 0 25 0 29 72 0 13 44 0 29 37 0 56 7 0 14 5 0 61 62 0 16 0 41 0 3 0 24 0 1 0 27 0 0 0 51 43 0 8 0 76 0 0 0 45 0 60 0 0 0 0 0 41 0 5 67 0 89 24 57 14 56 22 0 8 24 0 41 13 0 0 10 69 0 78 21 95 0 35 0 10 0 0 0 34 0 0 46 0 41 0 0 37 6 0 11 0 69 0 0 6 13 33 0 0 81 5 0 39 72 15 8 35 0 0 8 0 0 35 0 0 34 0 0 5 0 0 0 10 0 0 0 0 0 58 0 0 0 0
 59 0 0 39 67 67 3 20 0 0 30 0 0 0 0 27 2 75 37 60 12 24 5 76 25 17 1 19 21 46 0 9 0 0 0 45 0 0 0 2 72 92 45 19 19 6 0 0 0 67 0 32 0 0 25 20 20 85 0 0 8 0 38 0 41 55 53 12 22 87 0 89 0 0 0 78 39 9 0 51 0 0 0 0 15 0 20 0 12 1 30 61 0 0 29 52 39 5 28 87 94 45 71 0 63 81 24 3 0 22 24 73 0 57 6 0 53 19 43 14 47 0 35 0 4 0 0 26 55 69 0 60 0 61 0 21 41 47 0 0 0 55 0 0 0 0 0 65 66 10 3 0 0 19 31 54 7 0 31 0 29 0 15 5 48 0 0 26 0 64 23 12 0 81 8 0 0 37 69 0 0 64 47 0 6 0 0 0 0 86 0 63 0 0 0 31 60 86 31 0
 0 0 0 23 0 21 0 30 0 0 3 47 0 36 0 21 89 0 33 78 0 96 0 34 0 33 0 37 10 0 0 2 0 30 0 15 5 4 27 1 0 0 77 19 26 35 77 21 0 4 0 67 79 0 13 60 0 59 81 3 0 86 0 24 70 34 59 0 70 45 68 22 58 47 0 0 59 14 0 4 8 0 0 0 10 7 0 0 45 0 0 0 0 0 53 0 52 0 11 15 6 0 0 17 0 47 0 63 11 34 0 0 50 92 19 0 17 31 91 0 38 0 6 45 0 0 49 0 35 1 0 0 0 25 0 13 48 36 0 0 10 8 0 0 0 0 0 6 38 0 7 10 0 88 65 24 57 0 12 0 0 15 69 0 61 90 0 65 18 0 25 1 0 33 76 0 0 36 62 0 0 24 54 11 28 89 71 0 0 40 0 62 0 0 0 56 0 90 0 18
 5 0 0 64 0 48 30 0 24 0 0 24 40 0 0 32 71 6 0 13 0 0 16 43 0 0 17 0 0 52 9 17 0 0 0 20 0 0 59 32 0 7 58 59 29 93 0 0 0 0 64 0 0 0 8 0 56 0 0 0 0 60 0 58 64 0 0 43 89 25 19 36 25 69 0 0 66 47 12 33 60 0 0 35 0 0 0 12 67 0 0 0 76 0 21 0 25 75 0 0 36 35 24 59 18 95 0 0 0 33 0 7 0 84 17 0 10 0 7 37 78 0 89 42 0 0 14 6 10 9 0 0 0 0 0 66 62 8 0 0 0 0 6 0 10 10 0 0 0 0 25 0 0 80 25 2 37 0 49 0 0 0 0 27 86 77 26 45 14 81 26 34 0 66 29 14 6 11 7 0 0 0 19 24 0 30 0 24 0 0 0 35 0 35 23 0 0 37 0 0
 0 0 24 46 4 47 15 0 0 0 14 0 18 0 0 13 0 3 64 25 0 0 0 23 0 0 0 0 0 3 0 19 15 0 29 79 0 24 48 0 0 0 0 0 0 30 0 27 4 0 0 0 16 0 17 0 15 0 61 0 0 8 0 0 35 37 0 0 67 0 64 14 28 78 0 0 0 5 13 15 24 3 0 0 0 39 0 67 40 0 0 0 0 52 0 8 0 38 0 67 45 0 34 1 0 0 0 12 19 0 28 0 0 79 0 0 35 6 47 38 0 0 72 5 0 0 59 0 52 90 0 0 8 47 0 13 10 0 0 0 0 0 27 0 0 24 0 0 0 0 0 0 0 0 0 29 96 0 50 0 24 0 97 51 0 94 20 0 0 53 24 82 0 0 56 0 0 20 65 3 17 0 0 0 0 29 0 7 0 16 0 0 30 0 0 0 32 42 0 0
 0 0 0 0 0 63 0 0 29 0 0 28 0 0 0 0 65 48 10 63 0 36 0 34 0 0 43 0 0 0 0 0 0 4 0 10 0 7 30 2 0 55 32 36 0 59 28 0 0 46 23 0 8 0 0 0 16 59 0 0 38 69 0 76 38 19 72 83 82 0 65 26 31 0 0 41 0 77 9 3 49 0 0 0 53 0 0 0 0 5 12 2 43 15 21 0 18 0 0 6 12 0 0 53 0 22 0 66 0 0 0 0 46 21 0 0 63 0 0 57 44 0 23 64 0 39 3 0 0 34 0 0 0 30 0 0 0 4 0 0 0 51 0 30 0 55 0 0 15 0 0 0 27 0 95 0 23 14 28 0 0 0 39 53 54 8 44 48 0 0 35 0 0 6 39 0 0 0 53 0 0 5 0 42 62 36 65 0 0 0 0 16 0 0 0 7 0 94 76 0
 57 0 0 79 0 16 0 0 0 24 0 53 9 1 0 26 22 39 92 71 21 9 0 7 0 0 0 0 0 51 0 0 0 0 33 48 10 0 0 85 8 16 32 93 0 0 0 3 0 5 0 0 0 0 8 8 0 0 0 13 0 0 0 17 35 60 0 0 27 13 39 10 0 0 20 6 38 35 1 0 0 0 0 0 0 0 0 34 64 0 0 0 31 0 66 0 62 0 0 40 0 0 30 2 0 25 0 28 0 0 0 0 0 87 0 0 31 0 0 79 61 7 21 0 0 0 6 0 5 24 0 0 0 78 0 7 31 80 34 0 28 9 0 18 0 17 0 0 0 0 0 0 0 0 0 0 27 35 38 9 0 9 0 47 10 15 0 0 0 74 0 0 12 0 21 87 0 0 88 0 9 0 0 0 0 78 0 0 8 0 0 1 0 8 0 0 0 36 2 15
 0 0 0 0 33 87 0 35 0 0 60 4 0 0 0 12 40 44 60 55 0 60 0 7 0 0 0 80 57 0 0 21 0 0 10 0 0 0 58 0 60 86 5 50 0 41 0 7 50 21 41 36 74 0 66 45 0 8 45 43 0 35 7 19 86 56 0 31 8 0 71 0 30 64 0 57 14 0 0 94 40 0 0 0 23 0 52 55 0 0 0 0 0 72 0 37 22 13 50 0 44 24 17 0 43 61 40 33 0 0 0 72 65 30 23 0 34 1 0 55 29 10 56 86 0 0 0 29 35 47 0 4 0 50 0 45 53 27 0 76 0 15 7 0 0 0 11 82 0 72 16 58 0 0 73 0 0 0 30 15 73 81 56 17 51 0 2 0 0 37 0 68 0 0 88 16 0 0 29 0 16 45 0 37 15 0 5 93 25 0 0 0 18 0 6 12 45 26 6 0
 0 0 2 95 14 0 0 33 20 0 0 0 0 0 2 3 0 0 0 0 13 0 0 0 0 0 10 18 0 0 0 35 0 0 26 4 0 0 0 8 0 0 0 25 0 0 0 0 0 0 0 10 0 0 0 0 1 38 0 7 22 0 11 13 8 12 0 0 0 0 33 0 0 25 0 12 2 0 0 0 0 0 0 0 0 0 0 0 0 0 0 0 0 0 0 19 0 0 0 25 47 37 0 0 0 0 0 25 0 27 0 0 0 0 0 0 0 0 0 43 0 1 6 27 0 0 0 0 0 42 0 0 0 0 0 0 24 0 0 0 0 0 0 0 0 0 0 0 0 0 22 0 0 35 0 0 0 0 13 0 10 0 2 0 0 0 8 0 0 0 16 0 0 0 0 85 0 3 0 0 0 0 0 0 0 0 0 0 0 0 0 71 0 1 23 0 0 0 9 0
 34 0 0 31 0 0 0 36 29 0 51 0 0 2 0 0 49 0 5 82 0 62 0 12 0 0 71 0 43 0 0 55 0 10 0 3 0 0 0 35 0 4 0 30 0 29 23 0 0 14 88 12 0 0 55 0 9 0 0 0 0 16 0 5 24 51 16 21 8 56 14 0 0 95 24 10 51 70 37 0 0 0 0 0 6 39 0 6 0 0 0 0 0 0 26 0 25 46 0 4 44 57 32 0 17 9 28 13 0 0 0 11 28 79 19 0 15 0 61 0 22 0 6 0 8 0 32 0 46 0 0 0 0 65 0 0 46 0 0 0 0 26 0 0 0 0 0 0 26 0 28 0 1 20 60 0 26 0 0 20 0 0 7 81 77 81 46 2 5 3 0 64 0 65 5 5 0 0 36 15 15 0 31 31 1 0 0 0 0 24 35 74 0 0 0 0 28 72 0 0
 0 18 0 59 0 37 0 0 0 36 0 0 0 0 10 6 0 54 0 0 0 10 0 3 7 5 0 4 0 0 0 0 0 0 0 0 26 4 0 0 0 0 0 0 0 0 36 0 13 0 0 0 13 36 0 0 0 20 0 0 0 9 1 0 14 0 0 0 0 8 0 5 0 0 0 0 0 22 0 0 8 0 14 0 0 0 0 0 0 0 7 0 28 34 0 0 0 0 0 39 50 0 0 0 0 11 0 44 0 0 0 0 0 0 0 0 0 0 0 21 22 1 55 0 9 0 14 15 0 25 0 0 0 21 0 32 0 0 0 0 22 0 0 9 0 7 0 0 0 0 0 0 0 0 0 0 0 0 0 0 0 29 0 0 28 21 0 0 0 0 0 5 0 11 19 0 0 0 90 0 12 0 0 33 0 0 0 0 18 0 0 3 28 0 0 0 0 0 0 3
 0 0 0 7 0 0 0 0 0 0 0 0 90 0 0 50 49 59 61 44 0 33 14 0 0 0 9 0 51 60 0 0 0 0 0 40 0 0 65 4 0 0 11 55 0 8 80 0 0 77 26 0 80 0 0 65 0 0 33 0 0 46 0 1 17 25 63 23 50 0 44 0 9 52 0 26 0 0 0 59 16 0 0 0 43 25 0 38 14 4 0 33 0 27 61 0 46 17 2 68 46 0 0 0 0 0 0 67 0 0 0 0 67 32 0 0 44 19 0 12 0 0 14 39 0 0 38 0 44 0 0 0 0 0 0 53 0 40 0 0 0 44 0 25 0 16 12 0 0 0 0 0 20 26 66 38 54 0 0 7 0 52 0 0 67 0 53 10 0 8 89 25 0 61 21 20 20 31 0 38 13 0 0 28 0 0 28 0 0 30 0 34 0 0 0 86 6 0 33 27
 61 0 1 60 0 70 7 0 25 0 0 0 14 9 8 12 0 5 0 0 5 8 0 0 38 0 0 0 0 26 0 13 0 16 0 37 0 0 0 71 0 0 0 0 0 6 19 0 0 33 0 8 4 0 35 31 11 0 0 14 0 0 3 8 0 22 0 46 39 3 30 0 0 0 0 0 37 0 0 0 0 0 36 0 0 0 0 0 30 0 0 0 0 0 0 0 82 6 0 0 77 24 0 0 0 1 0 0 0 0 0 9 0 38 0 0 0 0 17 0 0 0 21 0 0 0 0 0 0 84 0 0 0 0 0 0 0 19 5 0 0 0 32 0 17 0 30 0 0 33 0 0 4 0 0 9 0 14 35 0 27 0 0 64 0 0 24 0 9 31 0 0 0 0 0 9 5 0 0 12 0 3 0 0 6 0 0 0 0 0 0 0 0 0 0 0 13 64 14 0
 37 0 0 89 4 0 0 0 37 2 44 84 70 0 0 34 0 0 0 22 0 0 34 0 0 0 50 54 0 51 9 12 0 5 0 28 0 10 0 23 25 65 0 34 0 3 24 26 0 28 81 24 0 0 0 56 11 54 0 0 0 83 42 50 30 1 0 22 31 42 35 34 40 0 0 27 10 13 0 52 0 47 0 31 0 0 0 57 0 0 0 0 0 0 12 13 63 26 0 0 25 0 0 37 0 62 14 7 0 0 0 0 67 0 0 12 7 0 12 0 34 15 26 70 0 0 0 0 0 47 0 52 0 61 0 49 49 42 0 27 0 0 73 0 0 45 0 27 55 0 0 0 0 0 54 24 63 0 40 20 15 23 12 48 30 82 0 70 31 0 38 6 0 9 0 24 30 0 0 0 0 6 0 7 58 0 85 65 37 28 0 0 0 0 14 5 48 86 14 0
 0 0 0 0 97 0 93 61 58 69 0 0 16 36 0 42 34 74 62 71 62 28 29 0 0 0 11 31 62 28 40 4 0 0 0 0 57 0 0 22 0 59 0 78 0 41 94 0 43 5 96 0 12 31 0 4 29 57 57 89 0 3 68 86 33 54 16 10 10 50 15 12 0 0 64 0 74 39 33 84 10 15 84 18 59 0 0 0 0 0 0 12 15 71 19 10 11 0 26 55 20 43 69 0 5 0 37 13 33 10 0 55 28 63 40 0 22 63 56 54 62 73 76 38 9 54 0 14 54 0 99 17 0 21 0 38 0 0 33 0 31 53 0 14 0 86 38 47 64 0 0 0 50 60 89 23 36 35 0 74 10 23 0 63 58 13 0 0 68 62 14 27 15 15 0 0 0 15 68 50 69 0 65 2 53 85 35 67 0 0 27 26 0 33 64 92 0 48 54 74
 21 0 0 0 0 19 2 0 8 14 39 0 59 0 0 0 28 36 26 1 0 0 0 16 14 0 59 0 0 55 12 66 0 0 35 94 0 0 0 47 0 0 73 86 0 37 9 25 0 0 0 0 28 0 62 0 0 0 19 0 0 0 0 3 76 0 18 0 0 0 21 44 5 6 0 0 0 18 9 0 0 0 17 13 10 18 8 0 0 0 0 0 0 4 14 29 0 25 0 0 7 0 0 0 0 0 0 17 16 0 31 0 0 6 0 0 0 0 65 5 74 0 45 0 0 0 0 0 8 0 0 0 0 0 37 0 75 30 0 6 23 0 0 0 0 0 0 0 0 0 0 0 5 0 10 6 67 0 10 0 0 21 27 51 22 52 47 83 13 33 0 87 0 0 54 0 0 0 43 8 29 13 0 0 0 34 8 0 35 58 0 6 0 0 0 0 0 0 26 0
 56 0 0 23 35 0 0 8 0 0 11 78 1 0 0 0 24 69 51 0 0 14 24 14 0 0 83 0 71 0 7 36 0 0 0 26 0 0 21 0 0 3 0 11 28 49 0 0 40 50 20 89 57 0 0 6 0 29 0 0 0 20 0 25 0 14 35 0 17 29 71 11 39 48 0 6 66 9 0 0 0 0 5 0 73 9 0 0 58 55 0 54 43 3 20 20 0 61 13 49 0 51 0 0 0 0 0 0 0 0 0 0 73 34 0 0 0 0 31 3 20 0 58 88 0 0 40 11 22 17 18 0 15 25 16 0 18 10 0 0 0 0 11 0 0 44 27 0 0 0 0 0 25 7 10 70 0 0 0 6 42 41 79 0 29 6 50 74 0 0 33 0 0 1 0 13 0 0 14 0 36 0 34 44 65 0 77 2 0 78 0 11 4 0 0 38 0 44 15 0
 32 0 0 24 0 0 19 0 0 0 40 62 6 0 0 47 46 46 0 56 0 80 8 3 0 0 24 0 0 31 1 0 0 0 0 6 0 21 0 82 0 25 5 0 0 0 10 30 0 0 87 0 0 0 0 0 42 0 0 0 0 0 0 0 79 0 13 56 0 43 0 26 0 0 0 0 9 48 0 48 41 0 0 23 0 0 0 39 12 0 0 0 42 65 48 0 0 83 0 29 48 0 12 12 0 43 0 54 0 0 0 0 11 42 0 18 63 40 29 78 26 0 2 0 0 0 38 5 0 0 1 0 0 66 0 0 48 1 0 0 0 0 0 0 0 76 0 0 0 0 0 26 9 17 0 0 35 21 12 0 0 26 59 69 60 0 5 44 0 85 23 0 12 96 0 0 0 0 19 0 0 0 12 3 30 52 0 0 0 68 0 0 0 0 0 18 0 0 0 0
 0 33 0 5 13 39 0 0 0 0 0 0 0 0 0 0 6 62 0 0 24 29 0 0 0 0 18 34 0 0 0 0 0 9 0 41 0 0 0 0 0 17 0 0 0 17 0 0 0 0 0 0 0 0 0 0 0 0 37 0 0 0 20 0 0 0 0 0 0 0 34 22 0 0 0 22 8 0 0 1 0 0 0 31 0 33 0 0 0 0 0 15 6 0 0 0 26 0 0 77 35 0 4 0 0 29 6 29 0 0 9 0 0 0 0 0 0 0 0 0 0 0 5 12 38 0 0 0 0 0 0 0 0 0 5 0 0 23 0 0 9 0 0 39 24 32 21 0 7 0 0 0 0 0 0 0 0 0 39 0 0 31 0 0 0 0 0 25 17 15 0 0 0 0 26 0 0 30 0 0 0 8 0 0 0 23 0 0 0 0 0 35 0 0 0 0 0 0 0 11
 38 0 0 12 88 23 0 0 0 0 0 5 0 0 0 15 23 51 0 3 0 0 0 0 0 0 0 0 0 0 15 0 30 0 0 34 0 0 0 0 0 7 0 0 0 0 0 0 0 23 0 0 0 0 0 0 2 0 0 0 0 18 0 4 67 0 0 91 0 0 0 0 0 71 0 0 0 0 0 0 0 0 0 22 29 0 0 0 0 2 0 4 0 0 0 0 14 0 0 0 42 7 0 10 0 45 0 29 13 0 0 0 22 0 0 0 19 0 0 0 0 0 96 0 0 15 0 36 0 37 0 8 0 0 0 0 0 21 0 0 0 0 0 0 17 0 20 0 0 16 0 0 0 0 17 0 0 0 12 15 0 0 30 0 0 16 26 0 12 37 0 0 0 26 25 25 0 0 9 0 10 0 0 0 0 1 38 0 0 0 10 34 0 0 0 0 0 8 10 0
 7 24 0 17 68 12 0 0 33 0 0 0 0 0 0 0 40 69 0 76 0 0 0 25 0 0 55 0 72 0 0 0 0 0 0 13 0 11 12 59 0 0 0 9 0 70 1 0 0 47 15 0 62 13 0 0 85 0 65 27 0 0 0 0 20 34 0 59 41 56 0 0 0 3 0 0 0 51 0 88 52 0 23 27 71 0 0 4 80 46 0 23 52 36 0 0 0 3 0 13 43 73 0 56 0 0 0 0 0 0 24 0 65 0 2 0 8 0 0 65 66 0 40 0 0 0 8 4 0 45 0 1 0 5 0 56 47 74 7 0 0 78 0 0 0 78 0 12 76 0 20 0 2 30 5 0 29 24 41 0 0 0 64 6 0 47 33 47 0 53 0 9 0 60 10 73 0 11 45 0 14 0 69 5 0 0 0 0 0 58 0 0 0 26 0 7 0 84 41 0
 35 0 0 0 29 0 33 0 0 0 31 0 0 0 0 9 0 27 0 0 9 28 0 0 0 0 0 0 0 0 0 0 0 0 7 26 0 0 0 0 0 0 0 0 0 0 0 0 3 0 2 0 31 0 13 0 29 0 0 0 0 4 23 0 35 0 0 0 0 0 0 0 0 72 0 0 0 0 11 14 12 0 0 0 5 0 0 0 19 0 0 0 0 4 20 11 0 0 0 13 57 0 0 0 0 11 0 64 0 0 0 0 0 9 0 0 0 15 0 0 0 0 11 0 0 0 0 0 0 26 0 0 0 0 0 2 29 0 0 0 0 7 0 0 26 0 0 0 0 0 27 0 5 24 0 23 6 0 4 0 25 0 0 0 1 32 0 0 4 1 0 0 0 0 0 0 0 0 0 0 0 0 0 0 0 0 10 3 0 1 0 0 0 0 0 0 0 0 0 0
 58 0 0 10 0 0 0 0 0 0 2 15 0 25 0 73 12 12 0 0 0 0 0 0 0 0 0 8 0 0 29 0 27 0 0 0 0 0 0 30 0 0 3 7 0 0 0 0 0 0 0 0 0 0 15 0 98 0 0 0 0 38 0 25 3 41 0 76 0 0 16 0 0 0 0 27 0 4 5 8 30 2 23 0 0 34 2 0 0 0 0 6 0 0 3 0 0 10 0 0 24 0 0 0 12 43 7 39 0 0 0 0 0 0 0 0 1 19 0 82 6 30 76 0 0 0 0 0 25 30 0 0 0 0 0 3 0 0 0 0 0 0 0 0 0 0 17 0 0 0 0 0 0 0 38 0 0 0 40 8 2 0 0 74 12 0 69 0 0 36 0 0 11 0 0 41 30 0 5 6 0 0 0 0 0 0 0 0 0 17 0 4 0 0 2 0 35 31 0 0
 24 0 0 72 0 22 0 0 20 0 0 75 74 0 0 16 0 54 26 40 0 36 0 27 0 0 47 0 0 12 0 25 0 0 0 55 0 0 28 0 2 0 40 99 0 69 7 0 0 0 59 13 0 10 52 0 0 19 0 0 0 53 0 0 21 10 0 58 76 0 82 12 0 53 0 0 48 46 0 7 51 4 3 0 23 0 31 0 30 71 0 0 50 14 95 0 37 27 0 68 87 0 13 2 17 4 12 9 15 0 6 0 64 51 0 25 36 11 80 83 31 5 36 0 6 1 30 14 0 11 0 0 0 55 8 11 93 8 24 0 9 6 0 0 19 60 20 0 0 0 0 0 0 0 0 35 21 5 58 0 4 21 44 72 39 61 57 49 0 48 0 44 39 42 59 25 0 0 9 0 0 0 60 0 0 46 0 9 0 52 0 32 0 0 0 0 0 0 0 0
 37 8 0 66 72 58 0 0 0 0 20 41 0 4 0 62 0 36 0 41 0 62 0 19 0 0 0 0 0 16 0 0 0 0 0 0 0 8 0 17 0 4 0 85 3 9 0 19 0 0 0 0 0 0 0 0 41 0 0 0 0 0 0 11 0 24 19 21 0 0 0 0 0 56 0 0 0 0 0 25 0 0 0 0 0 0 0 27 0 28 0 0 0 0 0 0 21 0 0 87 0 25 0 0 31 0 0 40 4 0 0 14 0 29 0 0 32 22 43 26 29 0 0 0 0 28 33 0 90 10 15 13 33 32 0 0 0 0 0 0 0 0 0 0 3 30 0 0 0 0 0 14 9 24 19 0 0 0 23 0 30 0 48 21 0 0 53 0 0 34 0 0 0 0 0 70 0 0 25 8 0 0 0 0 0 0 0 8 0 0 9 57 0 12 0 14 0 23 36 0
 68 0 3 28 16 19 28 0 34 0 0 37 7 0 18 46 0 71 0 0 0 0 18 0 0 0 0 0 0 69 0 0 0 0 0 17 0 0 0 0 33 0 0 0 0 25 0 0 0 0 0 0 0 12 34 25 0 14 53 0 0 0 0 0 0 0 1 16 59 0 81 0 0 20 0 0 0 0 0 24 0 0 0 0 0 0 0 19 0 0 5 0 0 0 0 0 42 26 0 39 51 0 0 0 3 0 0 10 0 0 0 0 0 0 0 0 0 0 22 66 4 0 18 0 0 0 0 0 44 0 0 0 0 76 0 0 0 0 0 0 8 7 0 0 0 58 0 0 0 0 0 0 0 61 3 7 7 0 19 0 0 0 92 78 0 37 54 0 0 0 0 0 0 20 0 0 4 0 0 1 0 25 0 0 0 0 13 1 0 0 0 0 7 0 0 0 0 15 0 0
 0 0 1 0 7 47 0 0 0 0 0 2 6 0 0 6 13 53 34 0 0 29 4 0 0 19 68 0 36 58 27 0 0 0 0 0 0 0 13 78 0 0 21 14 0 0 4 0 0 0 0 0 58 0 28 37 86 0 74 0 9 0 0 40 4 79 26 28 60 46 30 39 0 0 0 37 8 2 1 51 45 2 0 14 0 0 26 14 0 84 0 2 0 0 0 21 51 26 0 10 0 67 0 83 0 79 0 0 0 0 0 0 80 0 0 0 5 4 55 90 2 28 0 82 0 0 60 0 61 55 20 5 0 0 0 73 0 0 0 0 0 15 0 0 9 73 0 31 0 0 15 0 0 36 37 76 31 0 7 0 3 77 80 41 0 0 21 0 0 26 0 0 0 60 65 0 0 0 78 0 22 0 85 0 73 64 52 0 0 17 0 67 0 0 0 30 0 62 0 0
 0 0 0 0 0 0 0 0 0 9 0 3 4 0 0 0 0 3 26 5 4 0 0 0 0 0 0 0 6 0 0 0 0 16 0 37 0 0 0 0 0 0 0 0 0 11 0 28 0 0 0 0 3 0 0 0 4 0 17 23 15 0 0 33 8 0 0 0 11 0 0 0 36 0 0 0 0 0 0 0 24 0 10 0 0 0 0 24 0 0 15 23 0 3 0 0 28 0 0 92 0 0 14 0 0 0 22 31 17 1 0 0 0 1 0 0 0 0 0 0 0 0 0 0 0 26 29 0 11 0 11 28 0 4 11 0 22 0 0 0 0 0 0 0 0 0 0 0 6 0 2 0 0 6 0 0 0 0 0 0 30 0 0 0 0 0 0 0 0 0 0 19 5 9 0 0 0 0 8 0 0 36 0 0 0 0 0 0 6 0 0 2 5 0 0 0 22 0 0 0
 54 0 0 58 0 9 14 0 0 0 11 3 60 0 16 0 54 5 66 69 0 0 0 0 0 0 66 92 40 0 0 19 0 15 0 39 0 14 91 0 54 61 73 23 0 49 0 25 26 86 85 26 0 22 68 0 39 77 37 42 0 5 26 94 19 14 26 46 15 31 3 24 64 9 0 13 0 62 0 12 0 56 0 0 0 0 0 53 70 24 0 10 79 0 18 57 3 0 43 35 91 0 68 46 9 94 0 36 0 0 0 75 51 0 0 0 63 0 29 0 0 25 25 44 0 26 0 89 0 62 0 4 0 1 0 25 22 0 21 91 0 26 21 6 7 64 0 0 26 35 89 0 3 54 86 69 81 59 60 17 43 46 28 57 0 0 44 32 82 22 0 75 0 5 8 43 0 0 10 8 0 14 30 34 17 53 12 35 0 30 0 65 0 0 0 18 3 12 50 0
 0 0 0 0 60 0 0 10 0 0 16 35 91 0 0 49 0 67 25 43 9 0 0 39 0 12 0 31 92 46 0 49 0 0 0 58 11 0 65 0 0 0 41 37 25 0 54 0 30 24 27 0 0 0 0 0 49 0 73 0 22 1 0 47 0 12 9 31 0 15 52 89 0 27 0 0 96 14 0 41 49 0 7 16 35 0 18 58 77 22 0 11 7 30 59 36 56 34 0 37 0 27 12 0 0 0 0 0 0 7 19 0 40 0 0 0 49 24 6 0 36 38 17 17 0 0 0 0 11 3 6 0 38 33 0 14 39 76 0 0 0 62 0 0 0 82 0 0 8 0 5 0 0 0 34 17 59 0 0 0 0 62 9 78 0 0 0 48 0 0 30 19 2 0 38 40 0 0 21 0 15 0 0 4 18 87 2 0 24 0 0 0 31 3 0 0 0 0 11 28
 3 0 0 28 24 12 0 0 0 0 38 62 20 0 0 41 62 0 48 11 0 23 0 54 0 12 4 1 0 20 22 7 8 0 36 49 12 0 54 29 0 0 0 44 8 15 0 0 0 0 88 2 0 0 0 0 63 2 0 0 0 56 0 0 0 92 16 55 55 0 65 11 0 46 20 0 0 4 0 23 0 12 0 0 0 0 22 0 0 0 27 0 71 40 97 4 61 0 26 0 0 0 12 0 0 20 0 0 0 0 0 0 57 15 0 0 55 10 1 0 14 12 73 0 0 0 58 0 11 12 0 0 0 4 0 0 40 18 0 16 0 1 0 0 9 39 27 0 0 6 0 0 0 65 88 19 92 0 28 0 0 0 0 45 0 41 72 26 0 38 0 0 0 0 0 42 0 24 47 0 18 0 0 19 0 77 39 0 18 0 0 40 0 0 0 0 27 28 0 0
 21 0 0 40 73 10 0 0 0 10 0 0 36 0 0 30 0 83 66 25 0 30 0 70 0 0 0 0 39 42 0 0 0 16 0 41 0 0 0 59 7 0 79 39 0 35 0 0 0 0 0 0 0 10 34 0 0 0 41 0 0 0 0 0 10 5 0 38 0 0 56 79 0 79 0 0 0 0 0 54 6 0 7 0 0 19 0 26 0 0 17 5 79 0 0 0 0 12 0 0 23 0 0 0 0 43 0 14 29 0 0 0 0 0 4 0 27 0 29 77 43 0 0 0 0 0 7 0 3 12 11 0 0 51 4 0 0 0 12 7 0 0 0 0 0 83 0 0 0 0 0 0 0 85 0 0 52 18 0 0 0 5 0 37 0 75 47 68 2 0 5 0 0 10 69 37 0 0 0 11 0 0 0 0 0 22 0 0 0 8 0 23 0 0 0 0 0 22 0 0
 72 55 11 72 29 13 36 30 0 46 0 68 51 48 0 15 2 60 0 46 29 15 0 61 25 0 28 85 60 11 6 44 0 0 0 0 3 59 0 57 40 88 1 54 0 36 36 17 77 0 0 0 0 41 78 0 9 13 18 20 0 0 41 2 80 13 29 0 0 42 20 76 0 8 69 55 12 3 0 0 34 32 0 0 80 59 0 0 0 39 0 64 27 54 50 0 68 41 68 67 55 72 0 41 0 46 19 48 25 0 0 13 68 86 84 0 44 0 5 47 0 0 0 9 5 91 0 0 42 61 0 58 8 0 0 12 0 80 0 14 60 63 4 0 0 59 91 20 18 20 82 57 31 56 29 69 34 18 0 11 15 23 0 0 0 0 96 0 43 22 12 47 0 0 0 61 0 23 0 31 49 0 16 0 50 0 89 40 76 40 65 89 51 0 32 38 4 2 0 10
 10 0 0 0 0 51 0 0 0 22 0 0 4 0 6 69 0 4 0 17 0 0 20 0 0 0 30 0 0 0 8 4 0 0 0 6 22 0 0 87 0 10 0 17 0 0 0 0 0 0 0 0 14 0 30 13 43 0 35 0 0 7 21 0 0 37 0 0 0 0 0 0 0 31 0 0 0 0 19 0 0 0 0 37 23 14 0 0 17 16 17 0 1 0 0 0 79 0 0 37 70 24 0 0 0 31 0 75 0 0 5 0 28 83 0 19 0 0 57 16 15 0 79 0 15 0 0 0 13 56 0 0 37 0 0 0 0 11 0 0 25 0 0 0 15 0 0 0 0 0 0 0 0 0 20 0 24 6 34 0 0 15 42 63 0 0 0 0 0 22 0 0 23 27 0 0 0 20 60 0 0 0 0 0 0 0 0 26 8 0 0 0 0 0 0 0 0 0 0 0
 0 10 38 2 0 9 0 0 0 0 81 48 67 0 0 86 69 41 0 86 0 50 0 46 0 0 0 0 0 18 14 0 35 0 0 79 29 0 0 22 0 0 52 54 0 33 0 16 0 0 0 0 56 0 25 10 0 0 56 20 0 69 12 0 49 4 0 0 0 0 40 42 0 0 29 0 2 0 0 70 0 0 0 36 0 0 0 0 37 0 0 2 94 17 0 0 40 0 0 56 9 0 12 38 0 50 0 56 0 0 0 0 9 20 0 8 34 0 10 87 16 0 56 3 0 0 58 0 16 32 0 15 0 69 16 0 39 48 0 0 0 10 0 0 0 73 2 29 0 0 18 0 0 0 57 40 29 0 0 0 0 0 66 21 37 27 9 39 21 0 0 47 0 0 0 24 30 0 7 0 0 16 0 5 0 58 0 0 0 0 0 20 7 24 0 18 7 0 0 0
 21 0 0 32 26 10 0 0 0 0 12 13 0 35 0 57 59 38 57 0 0 26 0 0 0 0 73 17 11 0 0 32 0 0 0 58 12 27 39 20 0 26 65 72 0 63 17 9 50 7 0 32 33 25 43 63 91 51 46 0 0 50 14 45 2 4 0 13 0 0 15 6 0 72 0 1 0 1 0 44 57 0 0 0 0 1 0 0 61 85 0 25 0 6 45 0 3 0 19 74 83 17 0 26 0 12 11 64 0 0 0 0 70 14 32 0 49 18 25 0 74 27 26 23 0 0 73 0 59 70 11 20 13 55 0 0 62 0 25 28 0 59 40 0 13 42 18 0 0 0 0 0 0 63 85 43 0 0 0 0 9 0 17 0 84 16 61 33 15 83 13 48 0 0 27 46 0 0 59 0 0 0 0 74 19 31 70 0 0 0 20 6 0 0 0 70 10 80 79 0
 42 37 0 0 83 6 19 28 0 2 0 87 0 17 0 0 30 26 48 87 22 81 5 56 0 0 20 36 41 19 0 0 0 1 0 51 3 18 75 66 24 24 6 57 12 68 0 54 53 1 77 32 77 61 81 39 0 12 0 70 0 0 0 71 26 64 0 54 0 0 58 46 56 0 33 0 45 0 7 37 22 31 0 0 24 63 69 0 0 0 0 0 57 17 44 0 0 74 23 28 68 74 0 0 64 0 5 50 21 18 0 16 0 0 24 0 38 46 25 58 43 0 33 81 35 9 11 0 74 0 0 79 29 44 7 57 0 0 10 22 0 59 0 0 0 0 0 68 22 91 77 40 95 15 81 37 45 62 32 0 35 4 27 9 19 16 72 10 67 0 0 75 0 61 48 50 0 0 19 64 21 0 0 48 0 0 49 0 49 75 40 46 0 74 7 0 30 58 0 6
 0 42 39 37 63 61 82 20 0 5 8 78 77 80 0 59 39 11 41 38 0 13 44 55 0 28 25 10 14 65 45 0 0 33 0 10 0 28 15 0 0 40 0 0 33 33 79 76 63 0 45 60 37 53 12 28 69 24 63 0 0 0 66 0 0 0 0 72 4 59 20 19 0 11 66 0 50 42 48 0 0 93 38 0 8 0 0 5 0 28 0 53 41 65 48 54 75 40 28 55 87 0 49 0 20 65 13 26 13 73 81 32 0 25 55 45 52 58 73 21 0 0 0 0 69 31 30 60 0 66 62 32 26 17 39 83 39 78 0 62 79 0 22 0 39 61 40 0 67 4 17 44 31 23 0 65 51 15 0 0 0 0 0 0 65 0 83 46 0 0 25 0 0 71 76 38 0 92 20 0 0 61 32 0 54 36 60 52 13 29 86 0 20 0 0 16 38 0 70 0
 0 0 0 2 0 11 0 0 6 0 53 0 26 0 23 18 63 0 15 63 0 40 0 23 0 0 0 0 0 12 0 74 0 0 0 31 0 0 23 20 0 0 65 50 5 33 0 0 0 76 70 0 71 0 40 0 70 0 8 24 0 0 0 40 19 0 0 0 34 0 24 75 17 20 35 0 66 23 0 0 52 18 0 0 0 0 0 0 23 57 0 0 8 55 5 5 75 31 0 15 27 0 0 18 4 21 0 63 13 0 0 0 31 56 0 0 0 74 0 82 35 0 0 0 0 0 0 25 56 66 0 0 4 0 0 0 36 69 0 0 0 0 22 23 2 3 0 0 55 10 17 0 32 54 26 0 83 0 0 0 0 0 36 58 39 81 31 0 0 47 0 0 0 0 33 44 0 0 18 0 0 0 11 0 6 0 0 0 0 52 9 0 0 4 26 36 0 54 33 0
 15 0 0 0 43 0 0 0 26 12 41 90 58 0 0 62 0 47 38 0 0 73 0 0 0 21 25 54 0 21 6 50 0 0 0 0 19 0 25 91 0 0 0 0 0 64 0 52 0 41 0 73 7 17 30 0 30 0 66 80 21 0 0 30 0 53 77 41 0 1 40 71 10 12 28 29 36 0 0 0 78 0 0 13 30 0 12 40 0 45 32 53 37 68 0 63 20 49 0 3 37 15 20 0 3 48 0 52 4 0 0 22 12 12 0 0 52 34 29 92 4 10 0 86 0 0 0 50 0 5 3 0 0 80 0 48 0 0 18 0 8 34 9 0 0 9 17 0 0 0 17 0 0 46 13 44 61 0 60 30 86 0 41 46 45 10 0 7 0 75 50 33 0 0 20 86 0 0 0 0 0 66 0 63 0 14 13 1 0 0 0 48 0 0 0 26 0 0 17 0
 5 0 0 9 0 44 8 10 0 19 63 19 4 0 0 77 25 43 57 0 0 13 0 10 0 0 57 55 32 27 10 53 0 20 16 1 0 0 0 18 0 22 19 76 0 86 0 0 40 1 58 53 66 0 10 5 46 21 33 32 35 0 24 69 8 17 10 64 0 0 82 23 0 97 28 0 0 90 10 67 21 47 0 30 63 0 0 5 36 0 16 0 7 53 0 57 90 63 6 43 75 90 23 10 18 0 0 54 0 0 0 47 19 40 28 27 91 27 54 49 13 0 69 18 33 0 0 0 42 15 2 7 0 54 0 41 0 29 0 82 0 0 44 0 0 0 0 0 79 0 36 0 0 33 90 49 34 0 0 0 56 14 56 0 0 45 27 43 9 53 43 0 29 4 20 2 0 36 3 0 12 32 0 16 0 38 39 64 4 12 0 50 20 0 3 28 0 18 85 0
 7 0 30 0 0 0 24 0 18 0 0 65 0 0 0 2 0 80 36 18 0 76 0 0 0 0 0 0 0 6 0 33 0 0 0 80 7 0 0 0 0 0 0 0 15 0 3 16 0 0 0 22 0 0 16 0 17 0 34 0 1 16 28 0 57 1 0 42 40 2 0 0 0 0 0 0 1 0 22 45 5 4 2 0 1 0 0 0 25 0 0 0 0 0 0 5 0 10 10 22 10 0 0 0 0 46 0 46 13 0 0 21 0 2 0 0 29 0 0 23 0 6 0 0 0 0 5 0 11 0 0 24 1 0 5 25 0 0 0 0 0 1 0 0 0 0 25 0 0 5 0 21 8 72 0 0 0 0 0 0 0 0 14 0 0 60 63 0 0 0 0 0 0 0 0 12 0 15 19 0 0 0 0 0 0 11 0 0 7 0 0 0 8 0 33 0 0 49 0 11
 23 18 0 7 3 0 4 3 0 0 0 69 49 0 0 66 0 0 37 47 0 31 30 98 0 27 0 6 4 26 0 0 0 0 0 33 0 0 0 42 0 0 0 48 0 0 0 0 0 0 0 39 0 17 46 10 68 0 0 5 26 21 0 0 44 43 0 0 79 0 49 49 17 42 0 0 26 43 8 0 0 0 15 15 0 22 0 0 0 0 0 0 0 0 61 15 51 0 0 71 59 11 0 0 38 28 11 19 0 0 0 0 0 91 0 0 0 0 64 91 52 0 0 0 0 0 0 6 6 0 0 0 0 34 0 0 11 65 0 10 0 9 0 35 0 0 0 0 19 0 0 0 25 30 3 0 4 0 0 6 0 0 20 37 88 4 19 0 9 0 0 23 0 11 91 45 0 34 36 0 5 0 17 0 0 40 0 33 0 18 0 19 0 0 0 0 0 0 0 0
 42 32 0 78 0 2 22 0 0 0 28 0 0 0 0 0 30 29 70 3 0 94 15 25 0 0 0 0 0 12 0 33 0 33 0 53 0 24 0 56 0 17 25 37 0 64 39 0 16 1 14 0 40 16 8 14 23 0 45 26 3 0 0 12 80 0 0 56 4 0 0 70 0 32 0 0 54 63 0 0 50 0 18 0 0 0 22 2 0 0 0 0 74 5 50 0 4 0 0 67 9 0 0 9 0 0 2 88 0 0 0 13 94 66 0 0 39 76 0 77 0 0 15 0 0 0 0 23 15 0 0 0 22 61 7 0 64 10 21 0 0 0 0 0 0 26 0 0 25 0 0 0 0 40 0 90 63 17 38 0 0 15 66 23 0 60 16 69 0 0 0 61 0 0 62 47 12 0 0 7 0 0 62 0 11 16 0 0 0 42 0 22 0 0 0 47 0 21 28 0
 47 0 34 0 13 0 0 32 20 0 0 71 8 0 0 0 61 14 50 0 0 65 0 75 0 0 0 76 33 12 7 0 0 0 0 0 0 26 90 0 0 67 97 19 11 61 0 0 74 34 24 0 19 40 49 52 0 23 18 13 3 46 59 68 0 27 94 58 59 7 48 0 3 0 38 54 0 0 15 0 58 68 0 5 99 0 0 4 55 20 0 16 64 0 0 23 51 0 53 0 27 70 24 24 0 0 0 92 31 0 0 86 0 67 65 0 0 93 13 0 2 0 26 66 0 5 17 17 61 40 2 21 0 0 20 14 7 0 0 51 0 45 10 32 0 37 16 53 22 0 0 58 0 29 0 80 56 0 38 0 28 66 0 7 47 11 0 0 0 72 27 4 0 36 80 71 7 1 34 59 0 0 0 0 0 47 55 0 0 0 0 0 0 0 0 86 30 0 18 0
 84 0 2 20 18 58 0 0 30 0 14 25 0 0 2 23 95 53 21 33 0 32 5 48 15 0 0 0 59 0 0 29 13 0 0 26 1 0 14 75 0 0 54 8 0 12 13 0 23 42 43 0 48 4 70 41 18 0 12 10 0 14 0 1 0 0 0 42 0 36 34 18 0 0 0 0 7 0 0 53 0 0 5 0 18 0 30 68 36 25 0 0 45 0 18 0 89 53 24 8 0 0 0 19 14 0 0 0 0 0 0 0 0 0 36 0 30 19 37 0 74 0 18 63 1 0 45 0 54 23 0 0 0 0 0 0 14 33 0 19 0 9 29 0 0 4 0 18 19 25 6 0 0 60 2 12 41 0 61 0 0 19 10 36 84 7 3 0 0 5 34 47 16 73 0 47 0 0 0 19 6 0 0 0 0 74 14 7 0 0 0 24 21 0 0 38 0 61 65 0
 13 0 0 12 0 0 0 0 12 25 0 14 54 0 0 99 0 0 9 73 0 33 0 11 17 0 0 0 0 37 19 29 0 0 0 36 0 29 0 22 5 0 28 59 0 0 0 22 19 0 0 0 0 8 42 37 0 22 67 13 0 0 0 0 0 1 0 74 21 0 37 9 7 53 0 0 0 0 0 0 0 8 0 0 0 0 0 53 27 0 0 0 0 0 39 0 0 0 0 93 5 6 13 0 0 45 9 40 0 0 0 2 0 41 0 4 0 0 47 9 0 0 7 0 0 0 0 0 52 91 0 0 1 26 10 0 31 0 17 3 0 0 30 11 17 0 6 0 0 3 16 0 0 0 8 0 0 4 79 0 0 21 2 22 0 77 23 73 0 0 0 0 0 0 52 0 7 0 0 0 0 0 0 1 4 0 0 0 0 5 3 0 0 0 15 0 0 19 5 0
 54 0 0 8 38 0 0 0 0 0 0 0 31 0 0 27 69 78 0 0 19 0 0 59 0 0 85 0 3 82 0 15 0 0 0 0 0 0 35 1 0 0 22 64 0 39 5 29 35 7 0 0 59 0 45 35 0 0 7 6 0 0 0 0 87 61 0 0 80 0 21 33 25 0 9 0 0 67 0 27 0 0 0 0 0 0 0 43 29 0 2 36 64 0 0 0 0 0 0 0 62 23 0 0 3 0 0 0 0 31 0 0 80 0 11 0 5 0 0 0 0 0 36 0 0 0 43 2 7 33 0 0 0 39 0 0 58 44 0 0 0 0 0 0 13 65 0 0 0 0 0 2 0 30 0 70 65 0 93 0 30 0 0 0 0 0 81 0 0 0 25 61 16 0 82 0 0 30 0 0 0 0 0 0 5 42 0 0 0 42 0 28 5 4 0 11 0 32 9 3
 22 0 0 60 17 78 0 0 0 0 0 58 0 0 7 3 0 2 0 58 20 0 0 47 0 0 0 0 22 1 9 7 10 11 0 26 0 0 0 0 0 0 24 0 3 16 28 0 0 0 27 0 0 20 66 0 90 0 39 0 0 0 0 0 0 12 15 0 0 0 3 69 18 22 0 0 0 41 0 11 0 0 0 0 0 6 33 57 0 0 31 0 0 25 0 1 0 0 0 1 57 19 0 0 39 0 4 4 13 0 23 0 0 76 0 0 4 0 75 8 49 0 48 11 0 0 0 9 46 39 2 0 0 41 36 16 0 60 0 0 0 0 0 0 0 78 0 0 0 0 0 0 36 0 0 0 0 0 71 29 0 0 0 45 45 1 51 65 0 0 22 0 0 0 27 3 8 0 1 0 16 0 0 0 14 4 0 6 0 0 0 40 0 0 27 0 0 0 0 0
 53 0 13 29 60 2 0 50 0 13 37 0 79 0 0 32 63 33 56 15 0 51 0 7 0 0 61 13 0 0 0 72 0 0 11 0 0 0 50 62 0 0 18 0 0 9 66 0 0 29 0 77 46 0 0 20 63 43 69 0 0 0 0 21 58 38 41 0 33 5 13 42 0 20 0 0 0 41 28 56 6 17 0 0 0 0 0 0 0 58 0 79 0 55 0 0 0 53 0 0 0 10 89 0 5 61 0 58 0 4 0 0 0 0 0 0 0 27 61 8 12 0 46 46 24 0 21 0 29 54 0 0 0 1 0 2 41 30 0 52 0 28 3 0 0 0 22 0 1 0 51 0 0 33 14 0 78 0 0 27 0 1 8 0 31 37 34 80 0 0 58 85 24 56 20 68 0 3 38 0 0 0 66 81 59 0 21 83 0 0 4 28 0 0 30 37 81 12 0 0
 75 37 0 70 0 3 0 0 0 0 33 0 0 0 0 0 0 0 33 2 13 0 12 0 0 0 0 0 0 0 21 0 24 1 0 0 0 0 12 14 23 1 29 0 0 0 0 0 0 0 38 0 0 0 45 0 5 0 0 0 0 31 12 37 0 0 32 20 21 0 0 0 0 0 0 0 0 26 0 0 0 0 2 0 0 0 0 8 0 0 0 0 8 6 23 1 0 0 5 4 54 0 13 0 0 24 0 70 0 23 0 0 0 36 0 0 17 0 0 15 0 2 34 0 16 10 5 20 16 37 0 30 0 0 0 0 23 0 0 0 0 0 0 0 0 36 0 0 0 0 0 0 0 34 0 20 0 0 3 0 0 0 14 0 23 0 60 0 0 14 0 0 5 0 21 43 0 0 4 13 0 0 0 0 0 0 0 0 0 14 0 60 0 0 0 0 0 0 5 0
 61 0 3 6 23 10 14 0 0 3 60 0 98 17 0 60 0 0 29 36 0 22 10 11 10 0 0 0 17 38 0 54 0 0 0 23 5 24 24 16 0 0 0 0 0 2 0 0 4 0 0 25 57 0 54 0 37 0 0 0 7 0 0 0 22 37 0 74 0 0 24 0 0 30 21 0 66 0 0 25 48 18 0 0 0 0 0 0 32 17 39 0 77 55 17 0 36 0 0 67 32 0 14 0 0 0 6 24 0 0 0 0 71 42 12 0 0 13 82 0 35 0 0 20 16 0 0 0 46 11 12 0 0 54 0 0 21 98 0 0 0 0 0 0 0 83 0 0 0 0 0 0 0 0 42 0 57 0 40 0 0 0 42 22 54 0 51 4 37 47 4 43 0 51 81 23 0 0 4 0 24 0 17 0 24 31 0 0 4 0 0 0 0 0 0 0 0 62 0 0
 0 0 8 40 30 38 32 37 12 0 17 22 80 0 0 38 51 34 36 52 14 0 0 42 0 0 0 16 4 67 0 73 6 0 0 69 0 0 16 9 48 79 87 71 0 15 50 0 0 30 42 29 66 0 14 32 51 0 4 9 0 45 0 97 21 6 78 7 85 1 19 48 26 37 0 48 0 1 0 61 24 0 0 0 0 54 0 0 10 84 0 0 22 22 10 92 0 54 0 76 28 0 92 0 28 69 0 88 0 0 0 0 45 0 0 0 8 88 0 61 17 0 8 16 0 0 25 0 15 20 0 58 0 36 0 45 84 58 0 0 0 76 10 0 0 0 0 15 0 0 95 0 0 53 0 62 70 0 43 0 51 5 60 11 29 18 26 0 0 0 0 0 0 34 41 49 5 0 5 0 0 0 13 96 28 50 52 6 11 48 0 33 5 7 0 61 0 34 54 0
 28 22 18 73 13 0 0 0 0 0 0 14 0 0 0 0 0 22 22 0 11 0 0 0 0 0 0 0 0 0 0 0 0 0 0 0 0 9 0 16 0 0 0 1 0 15 0 0 0 38 0 0 0 14 0 0 0 0 8 8 0 35 0 0 0 4 0 0 21 0 0 0 0 0 0 0 29 34 0 0 0 0 0 0 0 0 0 0 0 0 22 0 0 6 0 37 0 0 0 0 35 0 0 0 0 0 0 0 0 0 0 0 31 0 0 0 12 0 0 0 0 0 35 0 0 10 0 0 0 23 0 0 24 0 0 0 0 0 0 0 0 0 0 10 0 0 0 5 0 0 0 0 0 39 12 0 12 0 2 0 0 26 0 12 0 0 0 0 1 0 0 0 0 0 0 0 0 33 78 0 0 0 9 0 0 10 0 28 0 0 0 0 0 0 0 0 0 0 0 10
 0 0 0 0 39 0 1 0 0 0 0 0 0 3 0 0 3 0 22 0 0 0 0 0 7 0 0 8 0 0 0 0 26 0 0 4 0 0 20 0 0 0 0 0 0 0 2 0 0 0 0 0 37 0 0 0 0 0 0 0 0 0 19 0 0 0 0 0 0 0 33 0 13 15 0 0 33 0 0 0 0 0 0 0 0 0 0 0 0 0 0 22 0 0 0 0 0 0 0 0 0 0 14 30 0 23 0 0 0 0 29 0 0 0 4 16 14 4 0 0 0 0 0 0 0 0 0 0 0 0 0 0 10 13 8 0 0 0 0 0 25 21 0 0 0 13 8 0 0 0 9 0 0 59 0 0 0 0 17 0 0 0 0 0 0 0 0 0 0 0 0 0 0 0 0 0 1 0 0 0 0 0 0 0 27 9 32 0 0 0 0 0 0 0 0 0 0 0 0 27
 50 0 0 0 54 2 0 0 30 8 23 3 72 0 0 37 89 52 53 74 13 0 25 26 0 0 0 14 0 19 0 49 0 0 0 0 17 16 2 0 0 0 0 48 0 22 0 0 1 0 39 21 89 0 0 0 75 1 0 25 0 37 0 5 73 0 0 68 82 51 0 34 0 41 0 0 55 61 0 0 55 0 0 8 2 0 0 80 0 55 0 9 0 0 0 0 19 4 31 72 13 0 1 0 0 69 0 60 14 0 0 0 35 0 0 27 19 0 60 63 74 0 63 0 0 0 0 0 1 45 9 0 0 0 15 0 14 0 1 0 0 21 16 0 18 26 0 6 0 14 0 0 11 17 25 37 10 0 47 0 0 3 12 30 74 20 0 17 0 14 8 9 0 50 74 53 0 0 0 0 0 0 0 0 3 0 15 26 29 30 0 58 17 0 0 79 0 63 0 0
 0 0 0 0 5 35 0 0 0 0 57 0 74 0 0 0 15 0 52 18 17 52 0 78 0 0 47 0 29 78 0 25 0 0 0 50 34 0 79 10 20 73 15 18 0 61 9 0 7 0 0 2 0 0 72 0 26 19 14 5 0 6 68 0 0 3 50 14 53 0 39 5 64 0 0 0 0 61 0 32 0 66 22 0 28 0 0 79 85 40 0 14 0 76 18 0 0 0 0 64 0 0 0 29 0 52 34 3 33 18 0 22 53 74 9 3 1 11 0 12 40 0 48 16 0 0 58 0 0 75 0 0 0 67 0 76 44 0 0 48 16 0 0 0 0 0 0 31 0 0 46 0 0 82 83 39 0 10 19 0 69 0 64 0 34 41 6 79 0 0 58 0 0 11 0 0 0 0 43 0 0 0 23 0 84 0 0 0 0 43 0 0 0 25 0 14 28 55 66 0
 76 8 0 24 63 31 29 13 10 0 0 37 61 0 0 40 85 21 70 76 10 0 0 49 0 0 38 15 0 0 0 12 0 0 0 46 16 0 18 12 30 0 52 47 22 33 12 2 0 0 0 0 0 8 63 0 34 7 50 0 1 45 17 0 47 0 0 55 32 0 92 54 0 43 0 13 10 64 0 90 0 0 5 7 0 28 0 83 48 0 0 0 82 84 8 38 35 39 9 24 0 87 0 0 0 45 0 0 0 0 0 0 63 0 9 0 3 84 0 10 67 7 14 58 0 0 56 0 0 0 0 0 23 68 0 0 2 0 0 0 0 24 0 0 31 0 17 0 6 0 0 0 0 45 0 0 36 0 28 23 0 0 45 33 79 10 0 60 0 7 25 67 0 25 0 0 0 0 62 6 0 0 58 0 0 95 0 8 0 51 0 49 0 20 0 46 0 0 16 0
 63 21 0 34 29 30 0 0 0 0 38 28 0 0 0 55 28 25 17 0 0 18 0 65 0 0 49 47 9 27 0 6 0 0 0 45 0 0 1 36 0 47 39 40 26 16 42 0 99 0 63 38 48 0 67 0 21 37 15 74 0 0 29 64 65 0 28 0 0 0 0 0 31 26 0 1 9 50 11 36 46 96 0 0 0 0 0 80 0 29 10 0 79 0 0 0 26 12 0 17 52 44 18 2 0 0 26 0 6 29 28 44 35 0 0 0 23 0 52 80 0 17 46 34 0 0 83 0 24 43 0 0 8 0 26 0 72 72 18 42 0 88 41 0 0 54 0 0 75 13 17 23 1 37 20 8 43 37 0 0 45 92 46 34 1 11 56 0 0 0 6 55 0 42 0 95 24 16 0 0 0 17 0 24 32 9 10 0 0 66 0 3 0 0 3 0 9 85 7 14
 0 0 0 47 0 40 0 0 1 0 0 0 0 9 5 0 0 76 0 0 0 13 0 19 0 0 0 0 0 16 34 0 0 7 0 57 0 0 0 0 0 0 0 0 0 25 0 0 0 0 19 0 0 0 2 0 0 10 0 0 22 9 3 0 0 0 10 0 0 0 17 1 0 87 0 31 0 0 0 0 0 0 26 0 0 0 7 0 0 2 14 29 0 10 7 0 0 0 0 3 0 0 0 0 12 0 0 16 18 0 25 0 22 0 0 0 0 6 0 0 0 0 0 0 0 36 0 0 0 24 0 0 0 0 0 0 0 0 0 0 20 0 0 13 0 14 3 0 0 19 0 0 10 8 0 0 0 0 0 3 0 12 0 0 38 39 0 0 8 0 13 0 18 0 0 0 0 0 0 0 26 0 0 0 0 0 0 0 0 18 0 82 0 0 0 0 0 31 25 0
 0 13 0 63 77 0 0 62 0 0 16 61 1 0 38 29 23 0 12 47 0 44 0 27 0 0 50 10 0 15 0 36 0 14 0 79 0 0 51 6 23 8 61 35 0 23 6 0 76 7 20 91 43 0 67 0 72 91 20 0 0 35 3 31 0 19 55 11 0 0 31 33 72 0 9 52 92 65 0 38 19 0 0 0 31 13 60 43 0 0 33 62 0 73 0 55 51 0 3 12 24 38 0 42 0 20 0 0 0 0 0 31 0 44 0 0 44 89 96 63 0 24 21 50 0 0 4 16 0 86 0 0 20 89 0 0 22 58 0 32 0 0 0 0 0 90 0 28 66 0 6 2 21 5 0 8 53 0 53 10 80 38 12 0 88 0 85 67 0 50 0 0 0 71 0 0 0 0 0 30 0 16 30 35 0 0 0 38 1 61 0 0 0 0 15 69 56 38 6 19
 23 0 0 11 59 0 0 0 0 0 0 0 0 0 0 0 0 2 0 14 0 0 0 0 0 0 0 19 13 0 2 5 0 0 0 2 0 1 0 0 0 24 0 15 0 0 0 0 0 15 0 0 0 0 0 0 0 0 13 0 0 0 36 0 0 0 6 0 0 0 0 0 19 0 0 11 29 0 0 0 0 0 0 0 0 0 0 0 0 0 0 9 0 5 0 0 0 0 0 43 23 0 0 16 39 0 20 0 0 0 0 0 1 0 29 0 0 0 0 0 0 0 0 0 0 21 0 29 1 8 0 20 0 0 0 0 0 0 0 0 2 0 37 0 0 9 35 0 0 23 0 0 2 19 0 0 16 0 0 10 0 0 0 0 0 0 0 13 0 0 12 8 0 0 12 0 0 0 92 21 0 0 0 0 0 0 0 0 0 18 0 59 0 0 0 13 0 7 0 0
 0 0 0 0 26 16 6 62 13 0 22 31 15 0 0 76 15 0 0 8 0 37 5 62 0 9 0 72 40 0 0 18 0 0 0 20 0 11 5 0 0 6 74 8 0 17 14 60 0 6 0 3 77 46 33 75 20 63 52 50 0 0 96 36 34 0 5 71 31 0 0 67 73 0 46 21 9 0 0 83 52 48 0 0 0 0 2 0 85 32 0 0 77 56 0 66 61 48 46 24 0 0 0 83 0 0 4 8 0 0 0 22 0 6 72 0 0 6 61 0 0 0 97 28 0 48 51 0 41 63 0 40 0 18 0 37 8 0 0 0 0 41 57 0 0 20 88 0 20 44 94 0 0 58 40 79 77 31 27 0 13 77 0 48 0 40 0 49 40 63 25 53 0 5 79 39 0 0 68 89 0 29 54 12 0 0 28 20 0 0 0 33 4 6 0 69 62 0 45 0
 18 0 0 78 5 0 0 0 0 0 0 51 21 0 17 25 63 13 0 36 0 14 4 78 2 0 16 33 37 45 0 58 0 0 0 8 0 5 15 60 37 14 0 31 0 0 27 0 0 0 57 30 34 58 0 75 22 30 5 33 0 0 8 7 9 69 28 41 50 41 20 66 0 0 56 0 43 14 26 57 69 81 0 0 64 57 48 37 97 25 0 60 13 0 24 0 0 32 19 71 12 53 0 23 0 60 48 1 25 0 2 0 75 74 0 0 40 97 27 62 28 15 6 0 0 96 65 18 14 26 0 77 0 72 0 0 67 28 0 45 35 28 52 0 0 34 0 52 0 49 55 89 0 57 38 0 90 45 70 0 7 62 74 22 35 0 88 8 68 5 11 15 0 0 0 80 19 0 3 33 0 43 35 42 58 30 18 0 0 84 0 35 0 0 0 31 4 49 0 8
 63 62 0 72 81 55 16 0 62 35 93 9 4 0 0 16 42 0 8 32 16 14 2 7 25 0 26 61 0 73 0 54 14 0 0 77 0 0 75 27 18 37 5 65 0 15 48 0 67 12 0 14 74 12 34 9 7 22 4 36 5 0 32 32 0 58 0 33 65 0 71 61 54 33 99 0 41 72 19 0 86 59 27 0 21 23 66 62 5 42 68 65 79 63 0 29 63 45 73 54 0 9 89 7 0 0 16 33 34 0 0 78 0 23 76 0 15 27 82 75 0 10 91 68 2 0 50 0 0 61 46 31 29 41 49 0 71 0 53 11 0 0 17 0 32 0 71 31 0 0 0 8 55 4 65 71 0 0 0 9 0 35 74 30 48 46 0 13 64 0 88 54 50 0 46 0 27 48 33 47 45 48 0 38 0 0 0 30 44 51 21 89 60 0 68 0 67 22 10 0
 1 15 0 55 0 31 0 76 30 0 65 1 0 0 23 0 44 74 0 0 0 52 0 43 0 0 82 9 0 22 19 12 0 0 0 0 12 0 89 90 0 0 0 0 0 0 46 0 19 0 40 86 12 0 32 0 53 22 0 30 0 4 89 42 46 77 46 64 89 56 0 86 83 64 0 63 77 37 0 28 14 88 0 0 23 0 0 0 57 0 0 13 0 80 55 29 54 49 0 20 70 46 0 79 0 13 0 31 0 7 0 0 50 68 0 0 0 0 29 0 0 0 51 84 0 0 0 0 0 5 20 87 0 41 0 0 0 58 0 0 0 59 0 0 0 62 0 0 41 0 0 0 0 0 0 18 71 0 3 0 0 16 58 9 53 36 9 85 14 8 34 68 0 36 0 50 0 1 0 0 8 23 44 38 44 39 0 0 33 82 0 45 0 0 0 0 22 29 3 0
 70 28 0 67 0 53 2 0 10 0 0 31 0 0 39 18 0 59 0 0 0 71 0 29 19 1 43 0 0 0 0 18 0 0 0 0 0 0 0 63 0 0 0 42 0 28 25 2 0 14 31 0 51 0 25 0 31 0 48 0 0 23 0 0 45 0 0 38 19 0 47 0 0 2 0 0 0 34 0 0 0 0 27 23 0 0 0 38 24 0 19 0 18 0 84 28 20 0 0 0 29 0 0 0 0 0 22 0 17 0 5 0 0 0 0 0 50 0 0 0 3 0 2 0 9 0 0 0 30 59 0 16 0 87 0 0 0 71 33 0 0 31 0 0 0 0 37 4 0 0 0 7 0 77 0 0 0 0 0 0 8 0 0 62 6 1 14 25 0 12 0 77 0 0 76 64 10 0 0 0 0 22 0 0 0 8 0 0 0 0 0 0 0 0 0 0 0 0 0 0
 0 0 0 6 17 42 0 0 0 0 5 0 0 18 24 8 0 23 0 0 0 13 0 0 0 0 0 2 4 4 6 0 0 0 0 0 0 0 0 58 0 7 0 0 0 0 0 0 0 0 0 0 0 0 30 0 90 0 0 21 0 0 0 0 36 7 16 0 10 0 0 13 16 0 21 12 0 11 0 0 0 0 6 0 0 0 0 0 0 0 0 18 0 1 0 7 0 0 12 9 54 13 0 0 35 36 0 81 0 0 0 0 28 0 0 0 30 0 48 89 0 0 0 0 0 0 16 23 5 66 0 0 0 0 0 1 0 5 0 0 0 0 0 1 0 18 0 0 0 0 0 4 0 91 0 0 0 0 92 0 0 21 26 42 0 1 6 0 13 0 0 0 0 0 0 0 0 20 0 0 0 0 0 0 0 0 0 0 0 0 0 70 0 12 0 0 0 0 0 0
 40 0 0 0 28 0 0 29 0 0 0 77 0 0 6 0 31 34 16 26 0 0 0 0 0 0 0 32 71 62 0 0 0 0 0 78 0 0 0 0 55 60 6 20 0 0 21 0 0 0 18 23 79 0 32 0 3 60 60 30 0 41 66 36 57 85 0 69 71 41 88 54 10 56 59 13 35 0 0 5 79 0 0 0 21 22 0 16 13 0 0 0 26 0 38 82 17 0 11 35 0 28 0 0 34 16 87 0 0 33 0 12 7 52 0 0 28 24 70 95 0 0 70 73 0 13 0 43 67 0 0 0 0 30 28 74 8 63 20 35 0 0 0 0 0 41 0 37 42 60 87 0 0 62 0 58 23 0 43 0 0 17 28 0 18 27 10 0 22 22 18 36 0 39 92 44 0 0 0 0 31 0 8 53 74 0 3 22 5 0 62 52 0 0 23 49 76 0 8 26
 51 0 46 0 0 12 27 0 17 70 29 31 1 0 0 17 55 6 0 48 62 0 38 0 22 79 69 0 70 71 0 41 5 43 19 16 54 39 6 28 41 0 0 57 0 22 0 23 36 55 18 58 32 55 16 20 31 47 7 0 76 40 9 0 30 60 75 24 83 0 12 7 28 34 22 0 45 0 37 0 0 33 4 0 65 56 0 45 19 17 42 43 0 30 58 46 19 75 61 73 0 0 0 17 51 37 34 27 19 68 24 51 70 1 68 0 49 0 60 0 0 29 44 64 18 70 83 22 16 0 0 43 0 17 14 0 0 27 88 14 92 53 57 25 32 37 0 77 69 0 63 43 0 9 0 35 45 12 13 78 23 83 74 6 0 78 0 15 11 12 48 0 76 0 73 0 0 0 28 78 60 23 0 50 69 0 0 0 51 33 0 56 0 10 50 30 0 9 34 82
 52 0 0 82 92 62 12 1 28 0 0 7 54 0 0 31 0 14 52 46 5 29 39 51 20 0 0 31 6 50 10 0 0 0 0 28 0 0 21 53 0 0 49 9 0 63 0 0 0 0 0 0 0 0 72 0 50 0 8 0 0 35 4 0 46 0 0 53 0 0 0 44 0 15 0 0 0 0 0 33 0 0 0 0 22 0 0 0 57 0 14 0 34 0 0 30 0 10 0 0 0 0 0 0 0 66 0 13 2 0 0 23 0 0 0 0 0 0 58 37 84 4 55 0 0 0 0 0 93 69 0 0 0 37 0 0 86 0 0 0 20 0 6 0 22 86 24 12 0 0 0 0 6 71 0 66 0 0 11 0 0 10 39 65 39 18 72 0 0 0 9 44 0 0 7 15 0 0 24 0 17 0 0 20 27 41 9 0 0 60 0 81 0 0 14 10 0 0 0 0
 0 0 0 0 68 18 0 0 9 0 39 0 0 0 0 25 65 0 56 0 20 21 0 62 0 0 49 0 0 0 0 41 15 0 0 71 0 0 25 0 0 0 32 0 0 72 9 0 0 19 0 2 44 0 34 39 16 0 3 14 0 93 15 0 47 84 21 0 0 0 0 65 0 25 18 0 0 41 3 40 35 0 0 0 0 0 0 12 44 0 0 0 99 30 59 0 2 0 0 72 0 8 0 0 31 0 0 15 0 0 0 15 75 43 0 7 42 0 0 40 0 0 0 0 0 0 45 0 22 0 19 0 0 57 10 7 9 35 0 0 0 29 0 37 0 0 0 0 0 13 1 0 30 13 14 56 0 0 38 0 0 0 56 0 64 11 35 13 0 0 0 0 0 14 51 0 0 31 54 0 0 0 20 0 0 0 37 0 0 7 0 12 0 0 0 12 0 0 0 35
 23 23 28 71 22 0 0 0 8 0 0 0 0 0 0 2 11 44 0 15 0 0 1 18 0 0 0 0 0 0 0 0 0 0 0 30 0 27 0 0 0 0 0 0 37 22 0 0 0 0 0 5 8 0 4 0 75 20 0 0 0 0 0 0 3 23 37 4 36 0 0 0 0 12 0 0 0 0 0 0 0 0 0 0 7 0 0 6 0 10 0 0 0 16 0 0 27 0 6 57 7 0 4 0 0 39 0 5 0 0 0 0 5 0 0 0 0 10 0 0 0 0 9 0 0 0 0 0 0 21 0 0 0 0 0 19 8 0 0 0 0 0 35 13 0 0 0 0 0 0 0 0 25 1 0 0 0 0 20 0 7 13 34 0 0 0 0 0 0 5 0 0 0 0 0 0 0 0 0 0 15 21 0 0 0 0 0 0 14 0 0 2 0 0 0 4 0 0 0 0
 45 0 20 92 0 0 0 11 0 0 0 0 0 18 0 17 0 43 0 0 0 0 0 0 0 0 0 0 0 0 0 20 0 0 0 75 0 0 0 82 0 0 0 0 0 26 0 0 14 0 0 0 0 0 0 20 0 0 18 2 0 0 0 0 43 12 0 62 0 0 0 0 0 35 23 9 6 0 0 0 0 2 0 0 0 0 0 0 0 0 38 16 0 3 0 0 0 22 0 70 0 0 0 0 0 64 0 34 29 0 0 29 34 0 0 4 0 0 99 0 0 0 0 0 0 0 0 0 0 59 32 0 0 17 13 0 0 0 0 0 2 0 8 0 3 10 0 0 0 0 35 0 0 60 0 0 0 0 0 0 0 0 18 0 0 0 69 23 0 33 0 0 0 0 0 0 0 0 50 0 0 0 0 17 0 0 0 0 9 18 0 36 0 11 0 0 0 0 18 0
 0 0 0 0 4 68 0 0 12 0 27 27 42 0 0 13 0 8 18 23 18 28 30 60 0 0 9 0 0 0 34 0 20 0 0 0 0 15 0 0 25 25 14 6 0 0 0 0 0 0 32 0 0 0 34 0 0 24 77 0 0 0 0 0 44 89 0 20 0 0 0 0 0 0 24 0 0 0 16 0 0 0 0 11 0 0 0 62 0 34 0 0 0 31 0 0 32 0 0 15 74 0 0 0 27 0 0 7 1 0 0 17 0 7 30 1 0 13 29 55 0 0 46 0 0 0 0 0 51 0 0 31 2 83 0 7 8 0 0 12 0 0 0 0 0 62 16 6 37 0 0 0 12 46 77 34 0 0 36 0 0 0 0 13 15 34 41 0 0 0 0 0 0 0 0 53 0 0 0 0 0 0 0 0 0 0 0 0 0 0 0 0 0 0 0 0 0 46 0 18
 24 0 0 35 1 5 38 41 0 90 0 9 72 0 0 0 63 26 2 66 34 98 1 86 8 0 0 72 3 3 0 51 0 0 0 7 0 20 0 0 50 0 40 66 0 85 0 89 38 8 58 74 0 0 0 3 0 33 57 0 0 0 32 63 8 69 82 11 0 0 45 13 0 31 0 0 0 22 31 73 6 0 13 7 41 0 1 0 63 55 2 20 54 1 72 82 0 98 0 41 39 90 87 0 0 26 0 91 24 0 0 17 62 13 60 0 0 40 6 11 55 0 47 31 62 43 30 38 12 36 14 16 0 58 24 58 72 0 0 27 0 0 27 14 0 47 0 0 77 85 27 0 0 84 64 20 58 52 70 0 29 17 55 68 0 5 23 70 18 87 0 1 0 0 11 10 0 0 39 52 0 70 7 65 1 0 38 3 17 26 11 15 7 8 9 0 11 48 13 11
 0 0 0 0 22 0 0 0 7 0 0 0 0 0 0 0 0 0 5 34 0 0 0 0 0 0 5 12 0 0 0 0 0 0 0 0 9 0 0 23 0 0 0 11 1 0 0 0 0 0 0 0 0 0 0 0 0 0 0 0 0 0 0 0 0 0 0 0 0 0 19 0 28 18 0 0 0 11 22 0 0 0 0 0 12 0 0 29 5 0 0 0 0 0 0 0 0 37 0 0 0 0 0 0 0 23 0 5 0 0 0 0 0 12 0 0 0 18 0 16 0 0 0 0 0 0 17 0 38 46 4 0 0 15 0 0 0 0 0 0 0 0 0 4 16 0 0 0 0 22 0 0 1 30 0 0 0 0 0 33 0 0 0 0 0 0 0 0 7 0 0 22 0 0 0 24 0 0 75 0 0 0 0 17 0 26 25 0 27 26 0 67 0 0 0 0 0 0 0 9
 0 0 2 62 96 19 0 38 0 0 0 0 0 0 0 0 13 43 39 33 0 39 34 34 0 0 0 0 7 68 18 53 0 19 12 14 0 0 7 58 0 25 0 0 0 2 0 0 0 0 0 0 26 0 0 5 23 0 48 0 0 8 0 19 0 54 28 53 23 82 0 26 0 73 0 0 76 34 0 44 0 0 0 34 14 0 0 3 26 86 0 0 88 55 0 0 64 0 0 51 21 72 0 0 0 45 0 13 0 35 0 0 46 98 0 0 70 49 39 25 4 0 86 0 0 0 53 0 76 0 0 0 0 46 0 22 17 0 0 0 0 0 0 0 0 0 0 0 0 29 0 0 21 0 10 54 28 0 58 25 0 14 0 64 26 47 56 0 5 25 10 77 35 0 0 0 0 22 0 0 0 37 11 13 0 0 0 0 36 52 0 0 2 0 16 0 8 0 0 0
 48 0 18 77 55 46 13 75 0 63 67 55 25 5 8 80 57 58 18 17 0 64 0 0 0 0 14 12 30 10 0 56 26 0 0 1 0 0 4 76 0 48 27 47 0 63 53 0 17 6 31 61 14 84 45 0 0 37 76 21 0 58 21 78 0 7 3 28 41 0 8 76 63 25 28 68 88 37 0 0 43 35 0 0 37 23 0 6 61 65 37 0 25 54 86 0 0 0 59 60 5 11 62 77 30 61 15 47 3 26 0 21 0 42 59 0 57 58 1 5 89 0 33 71 0 73 60 0 53 5 0 0 22 65 0 40 16 0 0 38 0 3 0 0 0 56 5 39 49 56 68 58 0 54 51 14 2 36 89 0 41 0 0 3 0 0 4 0 63 0 0 23 18 53 55 7 14 0 47 10 0 0 63 26 49 55 29 80 0 93 63 85 0 0 0 36 87 26 0 0
 35 0 20 36 37 63 0 68 0 4 97 19 37 0 0 50 0 0 6 27 2 70 0 41 0 0 23 34 22 0 13 63 0 39 36 44 0 0 43 0 0 77 64 53 0 50 0 9 31 73 72 0 20 25 55 62 21 40 57 33 0 21 18 13 14 0 22 63 35 0 0 27 35 0 0 1 43 59 0 74 84 59 0 0 45 17 55 34 5 53 0 13 44 0 43 83 0 47 89 0 6 91 28 8 49 0 35 0 0 0 23 45 18 41 0 0 16 46 5 83 17 0 18 5 0 0 20 95 0 73 0 0 5 7 9 0 50 0 0 52 0 0 46 0 0 0 20 99 13 43 0 0 0 43 86 34 0 0 15 0 69 18 12 47 26 39 40 0 0 77 6 21 0 56 19 5 0 0 17 14 0 0 0 0 54 46 0 48 0 0 4 53 15 0 0 57 13 0 11 0
 0 0 0 37 0 61 0 0 23 2 58 43 5 0 0 25 12 85 0 38 0 0 0 0 0 0 0 0 0 8 11 69 0 0 0 0 0 2 0 79 0 4 0 71 13 88 0 1 0 0 0 0 0 1 10 0 0 0 59 10 11 48 0 0 11 25 0 25 84 0 0 44 0 0 4 20 0 0 14 86 0 0 0 0 15 29 7 0 40 36 0 0 7 0 27 0 0 23 0 46 67 4 0 0 0 11 0 17 0 0 0 20 83 0 4 0 0 0 84 26 55 0 0 0 0 0 0 0 51 0 0 0 37 47 0 0 28 53 0 9 0 0 0 0 0 35 0 0 2 0 22 0 22 57 0 0 6 0 42 31 0 0 25 47 18 0 0 0 0 0 0 78 0 65 0 88 0 3 48 0 0 0 0 0 0 58 0 0 0 52 6 0 0 29 0 0 0 65 0 0
 0 0 13 26 29 29 0 3 0 12 0 19 36 0 0 0 16 19 0 0 0 72 0 18 0 25 15 0 18 8 0 0 0 20 0 45 0 0 28 60 0 6 0 11 24 0 39 0 79 0 85 94 32 0 65 26 0 70 62 56 0 32 0 0 49 0 0 34 0 0 61 51 7 7 0 38 65 74 11 55 42 57 34 0 0 0 63 66 0 0 0 22 5 0 0 51 0 33 21 60 87 0 18 48 0 59 0 0 25 0 21 3 72 0 0 0 75 6 47 59 55 0 32 25 6 0 70 0 3 0 0 72 0 0 26 5 88 35 0 0 0 8 87 0 6 0 0 38 69 0 32 15 0 24 27 57 69 0 18 0 71 0 31 1 97 7 11 44 0 16 35 82 0 65 4 67 0 0 0 0 0 65 10 0 65 39 63 0 0 3 0 68 0 0 0 44 0 31 12 0
 0 0 0 64 20 51 0 5 0 12 0 0 0 17 0 42 0 62 0 0 0 0 0 0 0 0 0 0 0 0 17 0 21 0 0 65 0 0 0 10 2 0 3 0 2 0 0 0 0 0 0 10 0 0 14 0 61 0 8 8 0 0 0 3 55 15 0 53 0 3 0 0 0 0 16 0 0 0 0 0 0 0 0 15 0 34 0 0 0 0 0 0 0 0 0 0 0 0 0 62 5 0 4 37 0 0 4 0 0 0 2 3 0 0 0 0 0 0 1 52 0 0 0 0 0 3 0 0 0 67 0 0 0 32 0 35 14 6 0 0 35 11 0 0 0 0 0 0 0 0 0 0 0 53 37 0 0 0 0 0 19 15 11 65 4 49 22 0 3 0 0 0 0 0 0 79 10 0 14 0 0 0 0 7 0 14 0 0 0 16 0 51 0 34 0 0 38 37 3 0
 0 0 0 0 0 15 0 0 0 0 0 0 0 0 0 0 0 0 0 0 0 22 0 0 0 0 15 14 0 0 0 0 0 7 0 0 35 0 0 0 0 0 0 0 0 5 0 0 0 0 0 0 0 0 0 11 0 11 0 0 8 7 0 0 22 0 0 0 0 0 0 30 0 16 0 0 0 0 0 0 0 0 12 0 0 0 0 39 12 15 0 0 0 0 0 0 0 0 0 0 15 0 0 7 0 0 0 0 0 0 0 0 0 0 9 15 0 1 0 0 27 0 0 3 0 0 7 9 0 0 16 0 8 2 0 0 0 0 0 0 0 0 0 6 0 0 0 0 0 0 0 0 0 74 4 0 0 0 0 0 0 0 0 0 14 0 0 0 0 1 0 0 0 22 0 0 0 26 0 0 0 0 0 0 0 0 0 0 5 5 0 32 0 0 0 31 0 4 0 22
 5 20 0 0 0 40 6 0 11 29 58 56 0 30 29 0 69 65 16 0 0 61 16 0 0 16 42 67 0 78 0 64 0 0 11 0 15 0 61 9 0 25 0 61 0 21 6 39 68 30 89 74 84 55 2 25 8 88 4 68 0 12 0 0 47 5 12 43 38 7 0 42 0 0 67 0 10 0 12 66 66 0 63 0 81 0 0 24 25 2 0 12 4 68 0 52 93 0 52 78 17 0 28 70 13 47 55 28 62 39 0 0 60 75 68 13 38 0 11 0 88 0 0 18 50 29 55 25 18 0 0 84 23 11 13 0 0 25 89 58 8 62 14 0 0 0 0 0 0 0 1 0 71 72 85 35 0 69 0 0 55 25 22 3 55 8 68 4 0 87 10 77 84 0 4 0 0 0 4 21 72 0 26 27 54 37 91 8 64 0 24 36 0 0 39 39 0 77 24 0
 26 11 0 14 49 24 0 62 0 0 72 0 2 38 34 41 35 54 22 98 0 18 0 0 0 0 0 19 58 5 0 0 0 0 0 53 0 0 76 39 0 19 82 42 0 47 61 0 30 12 53 73 46 0 41 26 67 36 4 0 0 1 27 46 37 0 0 73 27 59 0 9 0 0 0 9 55 3 0 32 0 0 0 0 42 12 0 0 72 78 0 53 22 62 65 28 0 38 0 75 43 77 30 60 18 39 20 0 0 0 0 0 0 7 29 0 53 26 66 20 0 0 89 61 5 10 44 0 83 56 0 0 0 0 17 0 0 63 0 43 0 53 13 9 0 4 0 0 0 0 76 0 11 31 47 0 77 2 57 0 0 18 49 10 53 5 0 50 3 30 8 0 0 11 66 0 9 0 0 0 0 25 44 20 22 5 26 0 4 17 0 47 10 0 0 0 82 40 0 22
 0 70 0 0 56 82 70 76 0 61 20 0 42 2 0 90 67 0 70 37 51 27 0 74 0 0 0 76 64 25 0 58 1 21 0 25 14 0 55 60 0 30 17 14 0 64 0 5 59 48 0 59 56 2 76 58 28 40 51 62 7 20 0 50 23 61 94 22 0 40 0 54 22 72 78 0 9 36 0 0 80 0 0 0 0 38 60 0 80 0 35 37 0 16 8 13 81 78 78 0 0 24 21 0 0 12 0 11 2 41 0 66 49 16 10 2 73 50 0 82 0 78 4 70 0 0 0 23 73 0 0 51 0 29 22 86 64 41 0 0 0 27 63 0 32 85 36 31 86 42 71 72 0 34 79 51 79 42 38 0 73 91 0 84 23 7 47 22 51 0 34 0 37 0 20 0 0 0 39 56 14 23 0 12 32 0 30 38 0 52 12 0 53 0 0 18 67 32 62 0
 41 33 0 23 87 48 0 0 0 16 0 0 0 0 0 24 0 69 20 7 32 14 0 9 0 7 0 0 1 71 0 0 21 0 0 51 0 21 0 2 0 0 0 0 0 0 0 0 0 25 0 0 0 0 77 0 0 9 22 0 0 1 0 0 22 16 0 26 48 0 0 0 21 0 0 0 0 0 11 2 0 0 0 0 15 0 0 45 0 0 16 29 0 0 0 0 47 0 0 19 0 21 0 0 11 83 0 35 0 0 0 0 0 12 0 0 0 0 56 0 0 0 0 0 0 0 0 1 0 0 0 9 0 0 0 13 0 0 0 22 0 5 0 0 0 0 0 0 0 0 0 0 0 14 10 0 0 0 48 0 0 13 0 9 0 0 26 9 5 9 0 0 0 0 0 80 0 33 33 0 28 0 7 0 0 32 0 0 0 0 0 0 0 12 6 0 0 43 18 0
 70 63 0 93 24 0 77 25 0 2 65 0 82 6 0 24 13 0 46 45 44 37 0 35 0 0 0 0 13 5 11 0 0 0 7 17 18 0 78 6 72 83 0 35 6 83 66 64 17 62 81 29 8 51 47 0 60 56 46 80 12 0 0 26 0 49 80 3 45 0 1 59 84 0 27 83 21 0 11 68 0 49 0 0 12 0 49 0 43 0 0 19 0 76 0 62 13 33 11 67 0 0 11 49 0 36 57 76 14 22 0 31 52 31 0 0 7 0 0 0 24 0 20 12 15 0 46 0 11 60 0 0 0 49 0 13 0 79 17 0 0 12 0 34 0 35 0 28 47 2 58 9 15 0 72 0 0 12 0 0 54 18 89 35 0 12 0 59 0 55 13 82 31 94 18 0 0 4 0 18 63 0 0 57 49 51 93 34 28 65 39 38 27 40 0 12 0 67 0 0
 28 0 16 84 12 89 0 0 26 3 0 47 0 19 15 65 28 13 0 8 35 4 15 0 0 0 58 0 0 52 0 33 0 0 0 29 0 17 31 30 0 0 7 65 33 54 0 0 0 0 0 22 0 0 91 11 0 0 47 0 0 31 18 45 74 35 0 0 0 0 99 12 0 21 0 0 69 72 0 4 51 11 0 0 1 0 0 0 15 74 0 15 13 72 0 0 3 7 0 82 32 0 0 47 15 45 7 23 0 2 30 0 62 0 0 16 15 0 0 82 0 0 83 0 0 16 34 0 0 8 36 5 0 0 0 0 56 0 0 0 0 0 0 0 0 42 14 0 0 0 74 0 19 19 48 6 40 0 81 0 0 31 11 30 99 75 35 86 0 81 0 49 0 0 23 43 0 0 75 0 3 0 0 0 14 13 0 0 0 59 0 22 0 0 17 46 0 76 0 2
 0 13 0 48 47 97 0 0 15 0 0 27 0 3 0 91 11 0 58 0 0 12 19 45 0 18 20 0 0 64 0 0 0 0 0 32 0 0 14 48 0 23 54 50 0 0 0 0 0 0 0 37 0 0 0 0 35 20 65 0 0 0 0 0 16 52 0 0 31 0 48 48 2 0 0 0 0 82 35 27 0 0 18 0 0 11 3 30 0 0 0 0 0 0 61 0 0 0 0 73 23 0 0 0 0 32 0 4 0 0 0 26 16 29 0 0 0 0 0 7 0 0 30 0 0 0 0 0 0 43 11 0 0 40 37 0 0 13 0 0 0 0 0 0 0 0 13 0 0 0 0 0 0 0 0 0 7 8 0 0 0 14 60 75 20 29 13 38 9 0 0 17 0 0 0 27 10 0 0 0 0 0 16 0 0 18 0 0 0 7 0 0 22 0 0 0 0 54 10 0
 89 0 0 30 2 0 0 0 0 0 0 0 57 5 0 16 0 80 1 0 0 0 0 27 0 0 0 0 0 0 24 0 0 0 13 32 0 0 0 18 6 0 42 0 0 5 0 0 0 0 8 0 0 0 93 17 86 0 0 0 15 0 0 0 0 0 0 57 28 0 30 16 21 97 22 0 0 16 0 0 0 26 12 0 0 10 0 41 0 0 1 0 19 0 0 0 0 0 0 25 19 14 12 12 0 10 0 37 21 0 7 0 0 0 0 0 13 0 19 39 56 33 90 3 0 34 0 0 0 7 0 0 0 34 0 4 0 0 0 0 0 0 0 0 3 0 15 31 28 0 2 0 0 46 75 0 0 0 56 0 0 20 37 19 21 0 33 0 0 0 0 0 33 0 58 2 20 0 2 0 0 0 0 0 0 61 17 0 0 0 30 0 0 37 0 0 0 71 0 0
 21 0 0 6 49 0 3 70 0 45 44 65 0 24 6 0 59 88 15 67 0 0 0 47 0 0 45 0 59 83 0 12 0 0 0 0 0 0 7 41 60 0 11 0 0 0 66 42 41 75 26 8 0 37 33 41 56 55 0 34 0 43 45 62 60 8 0 94 5 0 47 0 15 0 0 10 10 0 5 3 0 0 0 3 0 0 28 58 38 0 33 34 0 74 97 18 88 67 43 21 38 0 56 31 0 2 8 34 62 44 0 51 0 1 0 0 49 61 78 17 79 19 45 8 33 0 15 9 37 41 0 17 11 59 0 44 0 59 0 79 0 56 26 27 0 0 56 48 18 0 15 47 0 0 48 27 68 45 0 0 0 0 62 15 31 37 57 38 60 0 4 22 31 58 0 0 0 0 0 42 0 25 77 20 0 22 18 1 11 31 49 14 0 43 0 23 54 0 80 0
 5 0 0 2 24 4 0 0 0 0 40 0 36 0 0 8 16 0 54 70 0 10 0 16 0 0 0 7 5 0 20 45 0 0 0 0 26 0 65 81 0 56 35 45 10 0 0 20 25 11 64 90 36 0 15 53 28 84 68 0 24 0 66 1 0 40 2 38 17 74 1 44 43 38 0 40 0 0 0 44 54 0 0 0 84 23 0 45 0 42 0 0 0 15 18 0 76 94 27 94 63 75 0 5 0 21 0 31 32 0 0 0 3 24 0 0 77 27 32 44 0 0 50 53 0 0 0 2 3 4 0 0 2 0 28 31 70 13 0 0 0 52 0 0 0 0 5 0 18 0 0 0 5 5 68 48 6 0 29 29 0 42 6 55 33 84 0 23 39 0 19 0 0 65 68 30 0 0 21 0 26 0 84 29 17 17 0 0 6 73 0 35 0 0 0 60 0 28 0 28
 0 0 17 56 9 29 79 96 0 27 70 74 65 0 0 20 73 14 16 30 0 43 0 49 0 0 22 3 0 0 7 4 10 0 0 32 0 42 8 29 0 0 0 0 0 69 37 73 0 39 23 25 0 20 38 68 0 71 9 24 0 0 91 11 0 1 26 1 89 0 27 0 62 24 3 29 24 44 0 0 56 47 7 0 12 0 42 45 54 11 47 49 16 34 81 19 21 33 32 36 0 7 0 77 31 0 19 0 25 0 19 61 14 30 83 0 0 16 19 0 64 24 45 30 33 41 73 36 0 71 0 33 51 36 48 77 3 61 36 18 0 0 13 5 0 45 26 74 45 0 67 0 41 0 47 17 19 38 14 0 0 15 2 29 84 73 28 38 22 0 66 26 58 19 0 9 0 0 91 0 25 0 49 36 48 49 60 32 70 56 31 47 0 32 0 51 18 58 17 20
 0 18 0 15 0 56 19 0 12 20 0 0 41 0 0 64 37 17 65 0 5 0 0 44 0 0 0 18 4 46 4 0 0 0 0 0 0 5 65 84 0 0 0 72 0 6 0 0 0 16 7 0 0 0 37 0 43 0 27 0 0 73 22 26 78 56 0 0 0 0 91 0 0 24 0 0 0 19 0 48 0 0 0 14 2 0 6 0 0 41 0 0 53 74 86 0 35 97 0 12 0 0 16 0 0 15 1 62 0 0 23 0 0 46 0 0 82 0 10 23 29 33 41 25 0 19 44 0 0 60 0 0 0 0 0 51 62 39 0 0 11 0 0 0 25 50 0 0 42 0 8 0 14 68 0 76 19 0 74 3 0 0 22 28 43 0 13 31 6 51 0 52 21 71 74 13 0 26 0 0 0 0 55 67 0 23 0 1 0 27 0 66 0 0 0 47 0 13 0 0
 83 4 19 54 0 90 0 0 0 0 0 0 52 0 0 30 43 93 10 49 4 74 25 0 0 0 78 0 47 37 0 0 0 4 0 0 0 0 42 17 0 52 29 44 26 44 80 17 46 0 0 40 74 0 58 87 65 57 0 0 0 61 0 52 40 41 40 44 64 73 19 19 33 18 0 62 19 42 0 56 19 0 0 0 0 0 0 47 21 85 0 0 0 0 34 0 76 96 0 79 22 0 21 67 0 2 33 0 0 0 0 25 30 36 32 0 0 61 0 0 54 0 87 60 14 0 36 0 7 57 0 0 0 42 4 56 46 20 0 27 0 65 0 0 5 0 0 0 0 0 21 0 0 0 15 42 73 0 25 0 0 76 26 74 5 67 28 16 0 40 32 71 0 49 94 38 11 26 0 0 0 0 74 24 35 68 0 0 0 90 22 13 0 0 0 0 0 0 54 0
 64 19 0 16 6 22 0 63 64 98 51 39 0 36 0 13 0 0 1 48 34 4 0 72 0 16 70 0 77 4 76 64 0 0 34 0 8 0 0 17 0 32 0 78 0 24 82 35 20 6 13 0 0 64 43 55 0 0 63 46 0 61 89 51 0 45 32 76 80 51 68 88 2 91 0 8 79 17 20 18 37 68 73 14 0 31 87 28 0 51 0 47 0 18 21 66 72 63 18 0 36 5 23 36 54 0 43 6 61 62 86 37 5 0 27 0 10 0 0 58 82 0 0 5 71 47 40 51 65 0 72 0 64 18 0 6 69 77 0 23 0 46 73 0 68 48 0 0 64 85 34 0 49 0 0 45 37 58 18 0 23 0 80 18 34 44 39 62 36 28 52 1 83 13 54 0 0 28 33 85 0 7 57 8 15 92 53 0 0 0 0 33 0 62 26 58 4 0 2 41
 0 0 0 83 35 44 10 55 0 71 0 0 90 39 0 71 89 28 0 74 47 0 37 0 0 0 73 60 27 63 0 6 0 19 0 4 0 0 69 48 0 18 0 0 0 12 53 46 5 0 62 79 19 38 51 14 67 28 0 31 19 57 68 69 0 0 65 0 10 0 0 36 0 50 0 0 0 14 33 0 9 0 48 0 0 86 55 19 22 22 43 85 0 0 59 49 34 31 89 80 78 0 59 0 30 44 42 9 97 50 0 35 80 25 51 0 0 24 49 0 31 21 0 60 66 16 61 0 30 56 41 69 0 38 72 34 54 0 0 62 5 0 0 0 0 10 40 55 37 77 0 69 73 58 0 23 75 0 37 0 88 36 5 20 47 0 38 34 0 26 9 24 0 31 0 45 0 0 46 0 0 0 0 61 40 20 47 45 46 0 0 25 78 30 12 0 89 0 89 69
 0 0 0 66 88 52 31 9 12 0 0 81 0 0 31 16 0 45 0 3 0 2 0 0 0 0 0 3 0 71 18 3 24 1 0 47 0 0 30 65 0 0 0 0 0 21 0 14 9 0 0 0 0 4 44 5 0 0 33 0 0 2 0 0 0 87 0 50 82 0 0 0 0 88 0 0 0 0 0 84 0 0 25 0 0 0 2 77 26 0 0 0 31 0 0 2 0 0 1 65 0 0 3 15 0 0 0 0 0 0 25 0 20 0 0 0 0 8 54 0 0 0 0 28 0 21 0 12 45 77 21 0 0 50 0 0 5 0 14 19 0 0 12 0 0 0 0 3 0 0 0 0 0 0 65 0 0 13 44 0 0 0 73 40 0 95 7 0 0 0 31 0 0 0 0 65 0 0 92 0 38 0 1 0 34 0 0 0 0 0 0 38 0 18 5 6 0 0 8 0
 0 0 0 11 0 0 0 0 0 0 12 0 0 37 0 0 15 0 11 69 0 0 0 0 0 0 5 0 51 73 0 58 0 5 0 25 0 0 34 45 0 0 0 29 21 58 0 35 4 30 39 28 5 0 5 73 56 0 0 42 0 58 0 10 0 0 14 64 0 0 52 9 3 58 24 35 0 70 0 22 0 0 7 0 67 0 54 0 1 35 0 58 0 50 40 0 25 24 29 40 0 60 35 0 0 0 33 0 0 31 0 0 0 7 21 20 0 32 41 62 0 12 76 23 0 0 67 61 92 57 7 89 0 58 11 0 0 0 0 0 0 76 11 21 0 54 0 89 0 20 31 33 0 23 33 17 27 25 71 6 42 2 53 35 14 10 23 0 0 0 0 0 0 9 0 0 26 0 0 0 38 0 45 35 64 83 0 10 0 66 79 62 0 8 16 33 47 93 74 26
 55 0 16 9 2 50 0 0 0 0 0 0 0 22 0 44 91 2 30 0 18 36 5 0 0 0 53 10 67 0 0 82 36 19 8 0 0 12 43 7 0 23 84 54 0 48 56 0 0 58 27 5 65 0 18 62 53 15 71 0 0 59 74 53 15 14 0 48 45 28 69 53 0 29 11 1 61 59 0 78 0 20 0 23 14 32 18 6 42 20 0 0 23 32 1 20 66 44 0 0 65 0 0 27 39 1 0 13 3 0 0 53 0 80 0 0 0 72 49 12 0 11 26 64 0 0 55 0 14 40 16 12 0 32 0 28 12 0 0 1 0 5 37 37 0 0 0 0 0 17 38 0 0 0 85 52 57 0 58 10 0 75 57 6 0 80 56 81 0 28 3 80 10 9 57 64 2 0 0 0 30 28 7 0 88 0 74 73 0 54 0 14 5 21 0 12 80 0 43 0
 65 0 0 24 71 57 0 0 0 0 52 0 91 0 19 24 60 35 51 0 0 25 0 0 0 0 37 13 0 0 0 58 0 13 7 11 0 0 3 0 0 0 71 16 0 69 0 0 0 59 17 0 21 11 14 0 39 2 48 0 0 40 9 31 0 6 0 32 24 66 63 0 0 0 0 0 23 71 0 56 32 18 0 0 0 0 0 30 0 0 0 0 26 51 50 0 53 24 35 18 60 18 2 0 0 59 0 41 0 25 6 0 69 2 0 0 31 28 95 61 0 0 39 42 0 0 0 0 81 49 23 24 0 28 0 21 84 0 0 0 0 0 21 0 0 82 39 0 0 0 9 0 0 17 77 66 8 0 30 20 0 0 0 14 11 0 0 69 0 0 0 21 0 21 52 61 0 9 45 0 0 4 58 25 0 61 0 0 0 57 0 34 0 0 0 36 0 6 0 0
 85 11 0 54 0 58 0 47 29 0 47 47 49 0 0 18 0 0 2 30 0 56 0 46 0 3 0 9 78 8 14 33 0 0 0 0 3 0 0 10 19 54 80 1 0 56 65 0 0 60 4 47 48 0 62 41 45 45 0 43 0 56 6 55 6 0 56 24 52 49 15 53 66 50 0 26 0 16 0 65 53 8 0 0 0 14 16 0 68 62 28 0 0 5 47 51 61 19 2 52 46 0 9 29 0 0 27 0 0 0 28 51 55 11 0 38 29 0 13 27 71 0 0 0 0 0 16 38 91 60 7 69 0 15 0 64 64 26 30 52 4 37 24 0 0 35 0 0 32 0 0 0 0 0 0 0 27 0 42 14 27 29 50 2 0 39 0 65 0 0 42 70 0 39 44 51 7 0 5 0 0 55 63 1 39 0 62 9 0 0 12 0 0 11 21 61 0 57 3 0
 0 0 0 48 21 35 14 13 0 0 8 70 33 0 0 0 26 59 23 19 0 0 0 45 0 0 7 8 0 13 31 0 29 3 0 25 0 21 0 57 3 14 85 55 0 57 0 0 0 0 97 23 0 0 0 0 80 8 0 9 23 59 2 31 66 59 0 0 6 51 8 69 0 0 0 0 98 58 0 26 0 16 0 0 0 0 0 29 11 49 0 0 0 32 89 0 72 58 0 23 0 78 0 49 0 19 0 87 0 0 13 24 43 65 0 0 52 0 63 0 0 0 38 38 0 28 0 0 38 66 0 0 0 72 0 0 3 0 0 9 0 0 0 0 3 28 0 0 0 2 0 19 0 22 41 86 47 0 53 0 0 39 46 45 85 0 46 24 0 0 0 18 15 54 0 97 0 0 0 0 0 0 7 0 0 16 0 0 0 0 0 33 0 18 0 0 20 0 0 7
 72 12 21 46 0 56 0 33 3 0 0 0 6 0 0 72 0 41 49 4 0 13 4 35 16 0 74 35 0 56 0 19 32 0 0 56 0 0 88 92 30 12 26 0 0 71 42 15 0 83 34 81 91 0 27 16 0 43 13 76 18 4 47 0 24 47 9 11 10 64 0 30 16 13 17 45 68 29 0 62 47 22 0 0 2 31 30 0 34 36 0 53 62 0 1 0 42 12 6 53 30 59 32 86 0 95 0 57 27 0 0 79 0 0 10 0 58 68 33 37 56 17 10 4 0 7 70 0 50 21 18 77 0 39 0 79 39 13 0 34 7 89 38 37 0 82 0 73 71 44 0 0 10 60 1 2 0 0 0 0 0 0 4 0 0 0 0 10 0 47 41 0 0 53 33 89 0 0 0 0 0 70 20 65 59 92 49 8 0 36 3 34 0 7 25 54 56 87 17 24
 0 0 21 0 25 1 8 20 12 79 0 35 44 10 0 0 25 4 0 0 0 0 0 0 0 0 59 36 0 9 0 40 0 0 2 0 15 0 0 78 29 9 6 41 0 0 39 12 0 76 71 0 49 97 69 0 0 0 0 29 0 0 0 0 7 46 0 0 73 18 0 27 21 60 0 61 13 20 0 35 28 26 0 0 0 31 66 0 0 88 62 13 55 12 0 3 25 60 49 0 52 0 43 29 0 0 0 0 76 6 0 38 8 59 53 0 0 0 0 37 0 40 0 0 39 38 0 8 34 67 0 0 9 57 0 0 55 47 28 0 0 0 33 0 0 75 35 20 49 23 80 0 0 71 2 0 49 59 64 0 65 66 0 0 18 0 42 0 0 82 33 41 0 25 40 0 29 0 0 44 0 0 68 89 0 2 70 0 52 0 0 36 0 7 0 0 49 59 40 35
 0 8 0 0 9 0 0 0 0 0 0 31 0 0 0 0 5 0 19 0 0 0 0 0 0 18 18 5 0 0 0 0 14 0 0 16 17 0 0 0 0 0 10 0 1 0 0 0 0 0 32 0 13 30 0 0 0 0 30 2 0 21 0 0 4 22 0 0 0 15 0 0 0 0 0 10 0 0 0 1 17 0 0 0 0 0 0 0 0 0 0 0 12 0 13 0 0 4 0 0 0 0 0 0 0 0 0 0 0 0 0 0 0 0 0 0 0 0 0 0 0 0 0 1 0 0 0 0 0 0 0 0 0 0 6 0 9 0 0 0 9 0 13 7 0 26 0 17 0 6 0 0 0 0 0 0 0 0 0 0 0 0 0 0 0 0 0 0 31 0 0 0 20 0 0 0 0 0 13 0 1 0 0 0 8 0 0 0 0 0 0 0 0 0 0 0 13 0 0 0
 2 0 0 23 62 51 0 0 0 0 0 0 0 0 0 0 0 38 0 0 32 11 0 0 13 0 0 0 24 0 0 0 0 0 0 5 17 7 0 32 0 0 5 0 0 0 0 0 0 0 3 0 26 0 11 0 57 0 33 0 0 0 0 8 12 0 0 52 0 9 0 0 0 69 0 0 0 6 0 0 0 0 0 9 0 0 0 25 0 31 21 0 0 0 24 0 27 0 9 0 14 0 0 23 0 7 27 84 0 0 0 18 15 24 15 28 0 0 21 16 0 0 20 0 0 0 24 0 0 0 0 0 0 0 0 0 32 0 0 0 0 23 0 36 9 0 0 0 0 9 0 0 0 48 0 0 11 0 2 0 0 0 56 0 0 0 7 0 0 14 0 0 0 38 0 81 19 0 16 0 20 24 20 3 0 0 0 0 0 0 0 84 0 0 3 0 0 0 0 0
 0 0 0 59 45 55 0 13 0 0 0 72 33 19 0 0 0 0 60 0 10 31 0 0 0 9 78 15 0 19 0 0 0 0 10 44 0 0 1 11 2 0 67 57 30 39 5 0 0 0 0 2 10 2 19 33 40 0 0 0 0 0 0 19 17 73 22 0 58 0 51 0 0 70 0 0 0 31 0 16 0 0 0 0 9 0 0 25 20 0 0 0 70 0 29 15 0 11 0 52 52 0 0 2 0 29 0 44 0 5 0 0 6 52 0 0 0 0 56 0 0 0 22 0 0 0 5 0 76 10 0 18 0 62 8 0 48 49 0 0 0 0 0 0 0 54 0 0 0 4 0 0 33 70 58 0 53 0 76 0 0 17 0 31 0 0 41 62 0 68 0 25 0 0 46 13 0 0 3 0 0 0 0 7 36 16 0 0 6 54 0 0 18 0 0 0 0 0 0 0
 0 0 36 91 11 25 0 0 0 0 0 15 0 0 0 45 0 22 0 0 0 4 0 70 21 34 0 0 0 9 0 0 0 0 0 0 0 0 0 87 0 0 5 59 0 0 0 0 0 0 0 0 0 12 97 0 17 0 85 0 0 0 18 0 41 38 0 0 58 0 24 0 0 21 0 0 0 0 0 0 0 8 0 0 0 0 0 10 0 0 0 0 14 0 4 0 9 0 0 0 47 0 8 0 0 2 0 0 0 0 21 0 4 89 0 0 0 15 65 6 9 0 33 0 0 31 0 0 26 78 0 0 0 56 6 0 0 4 0 0 0 0 0 0 0 24 0 0 0 0 0 16 0 25 0 0 0 0 21 5 34 0 42 38 0 18 76 0 28 0 29 16 0 0 0 0 9 0 72 0 0 0 0 0 12 49 26 17 0 0 14 41 0 0 0 0 0 7 3 0
 0 0 0 80 65 72 8 0 0 0 32 0 0 0 0 81 0 79 28 41 28 94 0 60 0 0 28 2 0 34 0 38 0 3 0 0 22 0 53 96 39 14 0 27 0 94 59 53 39 41 67 0 0 48 81 47 35 10 0 28 0 58 14 0 45 83 0 41 20 0 73 0 42 46 0 77 57 0 0 0 58 0 0 0 7 30 71 71 0 0 7 17 0 31 43 8 35 46 60 78 30 45 0 26 0 29 17 16 0 0 17 3 44 0 37 0 18 22 60 76 48 0 34 52 0 20 16 79 0 26 0 0 0 17 0 43 0 11 0 68 0 31 1 0 22 0 0 63 21 40 23 29 0 63 31 69 10 0 60 0 0 70 0 6 0 29 32 0 37 0 56 0 0 19 70 28 0 0 73 0 0 60 39 6 32 73 86 43 0 0 0 77 0 0 0 19 38 0 19 0
 6 0 0 54 0 36 0 0 0 0 0 0 0 0 0 0 0 46 0 0 0 0 0 0 0 0 0 0 0 0 0 0 0 0 0 47 0 0 0 0 19 0 0 0 0 0 0 0 0 0 0 0 0 0 0 35 80 28 0 0 2 0 24 0 0 0 0 0 0 0 0 0 0 4 0 1 0 9 13 0 9 29 0 31 1 0 20 2 20 0 0 0 0 0 0 9 0 0 0 0 0 0 0 0 10 29 0 38 0 0 6 0 7 0 0 0 0 0 0 35 0 0 2 0 0 0 0 0 17 16 32 0 0 0 20 0 36 0 6 0 0 0 0 0 0 0 0 0 0 0 0 28 0 12 0 0 0 0 0 0 7 0 0 0 0 13 0 0 0 0 0 15 8 0 0 0 0 0 70 0 27 0 7 0 0 7 0 0 0 17 0 0 16 3 0 0 15 18 0 3
 31 5 19 0 0 0 0 73 54 0 0 0 62 15 0 13 34 21 27 64 0 9 0 0 69 35 0 0 62 0 31 34 0 0 0 53 47 0 40 14 52 47 10 4 0 0 40 18 44 46 67 51 0 0 22 0 76 0 13 0 0 83 0 38 42 0 19 82 0 27 90 63 2 33 0 7 14 12 0 39 34 86 28 9 13 0 80 12 0 38 14 50 60 72 0 0 21 0 33 81 35 27 55 0 85 0 0 0 47 0 0 25 0 62 27 0 0 73 9 72 80 3 0 0 5 81 0 57 0 43 5 44 27 47 64 49 11 56 51 0 86 0 37 25 32 0 0 0 0 0 46 67 12 44 27 18 0 29 73 0 0 0 0 33 82 0 52 74 26 0 39 0 46 37 75 43 0 47 0 64 53 20 61 16 34 55 54 5 0 0 0 61 18 0 17 75 0 0 0 48
 47 0 0 0 0 36 32 20 0 0 20 75 1 0 0 67 64 0 37 49 0 0 4 0 0 0 0 0 4 0 12 90 35 8 0 0 0 0 52 60 0 21 9 0 0 0 2 0 40 38 0 55 79 0 0 38 7 47 0 0 0 5 0 91 24 4 11 0 0 0 0 65 0 0 0 15 57 8 0 59 60 0 0 1 34 0 0 0 23 41 0 43 70 0 41 15 44 28 0 15 91 64 0 14 0 74 0 87 0 0 0 3 0 16 11 0 1 3 0 63 74 0 43 42 0 0 11 0 0 3 0 3 0 44 0 3 47 7 22 23 32 66 30 0 0 69 0 25 29 0 9 18 0 4 26 83 0 10 0 12 0 98 71 44 0 0 69 32 24 37 10 96 19 0 24 34 4 3 0 0 3 0 58 55 61 54 21 2 0 93 0 60 10 17 11 0 0 0 0 30
 90 2 0 5 0 57 0 0 0 0 40 64 9 23 0 69 14 2 41 50 0 29 0 40 0 0 0 0 28 8 0 69 0 9 3 21 0 0 36 56 0 0 63 65 0 44 0 9 0 44 36 6 0 0 65 36 0 0 4 0 0 0 0 0 0 12 19 72 82 0 43 77 0 20 0 0 44 0 0 0 21 29 0 25 1 39 0 61 49 0 0 0 0 19 98 0 4 46 0 0 89 0 32 51 0 0 0 18 0 0 0 0 9 0 0 0 0 24 0 3 70 0 39 0 5 0 10 16 0 14 0 0 0 0 0 0 0 0 25 0 0 93 0 14 0 50 0 0 54 0 0 19 0 20 66 0 82 0 97 9 0 0 7 31 1 54 0 92 27 5 18 6 0 55 23 12 0 0 3 0 1 0 37 0 0 57 0 3 16 0 0 0 4 24 0 64 0 0 0 2
 37 0 7 35 78 79 0 0 7 0 0 0 0 32 0 0 0 38 14 26 0 30 0 0 0 0 0 20 0 34 8 0 0 0 32 62 0 0 8 24 0 0 0 2 0 0 0 0 0 34 0 0 10 0 0 0 17 4 2 0 3 0 0 0 38 0 0 18 21 0 0 0 0 62 0 0 1 19 15 0 0 0 0 25 0 0 0 0 0 0 8 0 0 33 6 0 0 0 0 55 90 0 0 0 0 6 0 71 0 0 0 0 13 0 0 0 0 0 0 0 9 0 22 14 5 0 0 0 0 18 0 0 31 11 0 0 0 0 0 0 0 0 0 0 0 0 0 0 17 0 0 0 33 48 0 8 0 5 62 17 0 0 0 0 0 0 0 0 0 0 0 0 0 0 0 0 0 21 89 0 0 0 0 29 0 3 0 0 0 0 0 41 0 1 0 0 0 0 30 0
 0 0 0 0 57 63 0 0 0 0 10 0 0 0 0 0 8 59 7 22 0 0 0 0 0 32 0 0 0 0 0 0 20 0 0 31 1 0 0 0 6 38 0 0 0 0 0 0 38 0 0 0 0 0 34 0 11 3 0 0 0 0 15 0 96 10 0 34 0 0 0 0 0 40 0 0 0 0 8 0 0 0 0 20 0 0 24 0 0 0 0 0 0 27 0 33 20 0 0 0 81 0 0 0 0 23 20 22 0 0 0 0 0 0 4 0 0 21 42 47 0 0 52 0 0 0 0 0 0 79 0 0 0 0 0 0 0 0 0 0 0 0 0 0 0 0 0 0 0 0 0 25 4 45 8 0 0 0 86 0 0 0 65 0 0 0 35 0 6 33 0 0 0 0 0 40 32 0 0 19 3 0 13 0 0 0 0 0 0 20 0 47 23 0 0 0 0 34 0 34
 37 0 0 13 61 5 18 0 0 0 0 0 40 0 0 8 0 0 71 26 0 97 0 21 0 0 0 0 0 50 0 0 0 0 19 9 0 0 23 0 0 0 36 60 0 6 15 0 0 0 14 0 0 0 22 0 0 0 49 0 0 0 0 0 13 4 26 0 0 0 41 54 17 40 7 22 8 52 3 13 0 0 0 0 0 0 3 58 0 0 0 0 53 4 0 0 0 0 0 79 12 0 0 0 0 0 0 20 28 0 0 0 0 33 0 39 0 0 87 33 0 1 5 0 7 0 0 0 0 0 0 0 0 0 4 0 0 0 0 0 0 0 0 0 0 3 0 8 0 6 0 16 0 75 56 2 36 31 83 0 22 0 44 28 0 69 22 74 0 33 0 6 0 19 7 0 0 0 68 0 0 0 0 0 0 41 0 0 0 0 0 78 0 0 0 0 0 0 23 0
 19 0 0 65 28 51 3 0 0 0 0 0 0 0 4 0 0 0 1 16 0 0 3 2 0 0 5 0 0 0 33 0 26 0 15 2 0 0 0 0 28 0 9 0 8 0 15 17 0 0 0 0 0 13 32 0 0 8 22 0 0 0 0 0 89 0 0 0 24 0 14 0 14 28 1 0 0 0 12 9 0 0 0 0 0 0 0 0 0 0 0 0 0 0 0 0 61 0 0 2 40 0 0 0 0 0 3 45 0 0 0 0 0 0 0 0 0 0 5 81 0 0 72 0 22 0 25 0 0 20 0 0 0 17 0 0 0 8 0 0 0 5 0 0 18 0 0 0 10 0 12 32 33 83 6 30 0 0 0 8 21 0 64 37 0 0 23 0 28 0 0 15 0 0 0 0 0 0 0 0 0 0 37 0 0 0 30 0 0 0 0 70 0 31 0 0 0 22 0 0
 89 0 0 40 0 60 5 0 11 8 0 0 0 0 0 4 0 67 0 34 0 0 0 22 0 0 0 0 1 20 0 0 0 0 36 51 0 0 0 0 0 0 0 0 0 0 0 26 0 0 0 0 7 0 0 0 86 0 0 22 29 0 0 0 92 0 0 80 0 0 0 0 0 0 0 29 0 0 0 4 0 0 0 0 0 1 0 0 0 0 20 0 0 0 0 0 0 0 0 18 34 0 0 6 0 83 0 90 6 0 38 0 0 0 0 2 0 0 69 0 0 0 26 0 0 0 12 0 0 21 0 10 0 0 10 0 0 0 0 32 0 0 0 0 0 0 0 0 16 0 0 8 0 59 0 0 0 0 19 0 0 2 35 0 0 0 0 0 10 34 0 0 0 0 0 14 0 9 0 0 0 10 0 0 0 0 0 0 0 0 0 80 0 39 0 0 0 22 0 16
 9 20 37 86 0 31 0 22 0 4 0 28 0 0 0 0 0 48 0 13 0 60 0 0 0 0 0 0 0 0 0 1 0 0 2 15 0 0 0 0 0 0 24 0 0 25 0 0 0 0 32 0 16 6 55 0 3 0 89 0 2 0 0 0 0 17 0 23 24 0 99 68 7 5 0 0 0 0 0 28 0 0 0 0 1 0 0 44 7 0 17 0 0 4 0 0 35 0 0 64 2 0 0 0 8 60 0 0 0 0 0 0 0 18 9 0 21 0 46 0 2 0 4 3 5 12 5 0 0 59 0 0 0 0 0 0 0 12 0 0 0 0 0 0 0 32 15 0 0 0 0 0 3 44 76 0 22 7 49 0 0 0 65 84 0 42 62 0 0 0 7 0 0 0 0 29 0 0 44 0 0 22 0 0 20 55 14 3 21 35 11 17 0 0 0 2 0 62 9 0
 56 0 0 78 0 59 0 16 8 9 0 51 59 0 9 32 50 56 2 0 0 72 0 24 0 0 0 0 0 12 9 45 0 0 0 41 0 0 0 46 21 14 80 33 15 71 37 81 0 0 43 37 46 4 26 0 15 38 0 0 0 0 50 37 0 0 59 0 8 68 58 20 56 56 0 22 67 0 0 45 0 0 0 8 36 44 0 46 0 58 8 4 46 59 38 45 24 0 15 0 43 9 21 46 42 0 31 32 0 0 0 0 39 0 0 0 58 33 65 21 45 0 0 0 0 8 80 33 0 73 27 0 0 0 4 67 0 18 0 0 0 0 60 0 15 38 22 58 38 11 38 3 14 0 65 40 0 0 29 0 0 0 30 0 66 0 0 5 0 0 0 0 0 55 0 48 0 0 0 0 12 58 0 0 37 39 50 0 0 18 0 15 0 0 0 19 0 0 59 0
 46 0 4 35 12 0 0 0 0 0 0 4 34 0 0 14 0 0 0 51 0 63 0 43 0 0 0 0 38 78 0 0 0 0 31 68 0 0 0 0 0 0 0 0 0 42 0 0 5 0 0 37 0 0 54 0 47 0 0 4 0 0 28 0 0 0 0 0 0 0 0 23 0 76 0 6 0 67 0 0 11 0 24 14 0 0 0 38 13 7 0 0 65 13 80 5 0 0 18 16 0 0 28 0 14 64 0 44 0 0 23 0 0 49 0 0 0 15 0 0 3 0 18 0 6 0 6 0 60 0 0 0 35 0 0 0 65 1 26 24 13 0 0 0 0 8 19 0 7 17 15 0 0 14 0 0 7 0 19 6 0 0 68 0 0 35 0 26 20 0 0 0 0 0 51 0 0 0 20 11 0 0 0 0 0 40 0 0 0 0 6 53 0 0 0 0 0 15 0 0
 17 0 10 27 33 50 0 0 0 0 29 19 11 12 0 0 59 74 20 15 3 33 0 27 33 0 27 0 11 5 0 41 0 0 15 72 0 22 31 0 0 0 0 62 12 0 0 0 0 0 0 0 82 2 0 28 1 0 51 0 0 55 0 0 64 27 2 6 50 49 51 41 21 62 0 0 65 0 0 17 88 0 12 0 61 0 0 46 13 52 0 0 32 0 0 0 53 0 4 21 52 0 0 0 0 0 1 0 0 0 0 0 8 68 0 0 0 18 25 21 73 25 56 0 14 0 65 0 96 57 0 0 0 34 0 3 0 28 0 0 0 54 0 0 0 0 12 0 47 0 36 0 0 49 60 6 0 0 55 0 0 0 1 42 14 75 30 0 4 18 0 0 0 46 4 59 7 0 31 0 18 0 65 32 0 0 8 0 0 83 0 36 0 0 0 59 38 74 0 0
 47 0 0 0 50 30 0 0 0 0 0 63 3 0 0 87 0 58 0 68 0 25 0 0 0 2 0 7 0 6 0 0 0 0 0 0 0 0 0 0 0 0 49 0 0 56 0 0 0 0 0 35 1 0 12 0 0 0 65 0 0 0 17 18 27 46 0 3 67 0 18 41 28 0 0 0 0 28 0 32 0 0 0 2 11 0 11 78 0 0 0 0 15 0 74 0 9 0 6 0 65 0 6 0 0 53 0 0 0 0 0 0 0 15 0 35 0 5 87 2 9 0 0 0 0 0 0 0 82 20 0 33 8 72 0 0 0 18 0 7 0 0 0 0 0 25 23 0 0 0 0 25 0 88 51 0 0 27 0 12 0 0 71 41 0 0 58 80 8 41 11 0 0 26 57 42 0 18 61 0 26 24 6 15 0 0 0 5 11 0 19 62 13 0 0 3 16 19 10 35
 23 12 0 0 40 0 0 12 0 66 69 0 55 68 3 35 0 74 52 0 0 0 0 18 12 0 21 0 15 0 0 45 0 0 0 59 0 0 20 61 55 79 2 0 0 0 0 42 41 84 44 23 0 59 29 79 23 48 14 57 0 76 10 0 57 92 66 74 0 0 34 5 67 0 2 0 60 18 17 0 27 86 0 16 60 17 0 6 5 20 82 0 57 0 82 0 0 52 0 92 27 29 82 57 29 0 27 27 0 1 0 70 71 86 46 0 46 9 44 2 24 24 18 0 0 49 59 28 60 0 0 35 0 5 0 83 8 0 0 57 0 0 96 0 7 58 20 0 16 49 0 17 73 0 14 89 23 31 0 0 0 21 0 3 8 12 74 55 83 74 52 59 0 73 40 0 0 4 40 63 15 5 0 0 24 67 25 0 0 55 77 55 36 0 0 26 35 66 12 6
 0 0 0 0 5 40 25 0 0 0 75 21 0 0 0 0 60 51 7 92 0 15 0 32 0 0 19 36 0 71 0 42 0 0 0 0 0 0 0 0 0 24 17 97 0 0 0 0 0 0 7 0 0 21 69 0 0 0 75 0 0 29 0 0 55 0 0 41 32 0 15 0 0 0 0 4 27 0 2 0 39 5 0 0 13 1 0 62 0 13 0 0 53 1 17 0 5 0 0 26 55 0 0 0 0 18 0 33 0 26 29 0 15 56 0 20 15 0 50 39 16 14 71 0 0 0 0 0 40 0 22 0 0 0 0 30 6 61 0 0 0 0 0 0 0 14 0 0 0 0 0 0 0 87 0 43 55 0 29 0 0 0 62 26 0 35 9 23 0 88 0 0 0 0 37 21 0 0 0 0 0 0 0 14 0 34 0 0 0 0 0 48 0 0 0 0 33 0 0 0
 0 0 0 16 56 0 0 21 0 0 0 44 43 0 0 16 0 90 3 25 0 0 0 64 0 0 0 0 0 30 0 0 0 0 0 37 0 0 3 4 0 3 73 36 0 1 1 0 0 0 0 0 0 0 54 0 0 0 70 17 0 0 5 4 0 0 0 64 49 0 51 33 0 42 0 0 0 0 0 20 12 0 0 0 0 0 0 41 0 0 0 34 0 0 0 0 0 0 0 44 13 0 10 39 7 37 10 0 0 15 0 17 0 73 0 0 0 0 37 33 32 0 4 25 0 0 13 0 65 40 0 0 0 47 0 0 22 0 25 0 0 0 0 0 22 73 0 0 0 0 19 0 0 47 0 0 70 0 57 0 0 0 67 16 0 34 95 29 27 0 0 0 0 0 0 70 0 1 0 15 26 0 0 0 0 39 0 34 0 0 0 82 11 0 38 0 0 75 9 18
 78 0 0 32 0 88 0 0 0 0 0 0 19 0 0 0 0 10 0 4 0 0 37 0 0 8 0 10 0 12 0 31 0 8 0 57 0 7 5 53 0 0 0 0 0 0 30 32 29 0 6 10 0 0 0 0 37 0 0 0 2 0 0 6 46 0 0 25 0 0 0 7 4 30 0 0 0 0 0 21 0 0 0 0 0 0 0 0 0 0 0 0 13 25 0 0 0 0 0 40 88 0 2 16 0 88 15 88 0 0 3 0 0 9 0 9 0 9 11 22 0 0 0 14 0 0 0 0 0 27 11 10 19 0 5 0 0 0 8 0 0 0 0 33 0 0 28 0 0 0 0 0 37 3 0 0 1 0 31 0 0 0 15 0 25 3 0 0 0 3 0 0 36 0 0 0 0 0 68 0 15 0 0 11 0 1 9 0 0 0 0 36 0 18 7 0 9 24 24 0
 13 2 58 0 10 0 64 0 78 0 0 31 74 65 3 38 33 5 70 0 29 21 50 7 8 0 39 65 0 27 32 91 27 0 43 52 37 0 73 6 0 93 0 0 0 26 0 20 44 0 48 17 65 67 35 45 26 0 0 0 4 74 26 1 35 43 90 40 0 33 5 0 30 79 75 12 29 22 13 19 0 81 48 45 72 24 36 8 43 0 0 50 0 18 0 57 70 29 0 33 0 10 35 48 0 65 25 12 63 0 0 0 0 2 7 32 94 59 39 66 9 43 8 55 0 39 38 6 0 63 76 0 3 18 39 14 0 0 17 88 26 13 0 13 26 81 0 0 70 0 59 84 0 8 0 4 0 11 40 0 0 82 31 0 54 57 94 38 81 64 0 34 63 0 64 10 0 54 80 49 49 19 0 0 22 68 0 56 0 63 55 0 0 17 55 60 52 61 37 15
 11 0 0 12 5 48 31 74 2 1 62 0 16 0 0 0 31 3 0 0 32 90 0 0 0 0 38 69 0 45 27 0 2 0 0 0 29 0 35 0 13 10 47 0 23 52 56 0 0 0 0 60 3 35 0 42 2 0 34 5 0 57 17 59 0 93 0 26 84 6 49 52 31 17 70 52 0 84 0 0 0 51 49 0 55 15 0 0 0 78 0 57 59 0 70 0 69 51 10 0 25 88 37 53 0 47 17 82 67 32 0 0 4 0 51 28 18 0 9 30 51 12 0 0 54 36 0 30 76 0 9 72 23 0 0 24 19 48 30 53 70 0 0 0 81 56 34 69 0 49 83 68 75 29 56 84 70 10 47 0 0 4 0 50 13 20 0 32 30 37 55 0 0 29 0 56 0 0 5 67 62 60 50 0 50 37 80 11 0 62 18 14 40 32 23 64 0 69 0 76
 9 0 0 0 43 0 0 20 0 0 0 0 0 0 0 0 7 0 0 0 1 0 0 0 0 14 0 0 0 0 18 17 0 0 0 1 15 0 0 25 0 0 0 25 0 27 5 0 0 0 0 0 0 0 0 0 0 10 25 7 0 0 0 0 22 0 0 25 0 0 0 10 0 0 0 0 0 25 10 0 0 0 0 0 0 18 0 0 0 21 0 17 17 0 0 0 0 0 0 0 17 7 0 0 17 2 23 0 0 0 0 22 9 37 18 0 0 0 10 0 4 0 0 1 0 0 0 1 0 26 0 4 0 0 37 0 13 0 2 0 0 24 1 0 0 0 1 11 0 0 30 12 36 0 0 0 0 0 0 14 13 0 0 0 0 20 29 0 7 0 0 0 0 9 12 0 0 0 0 0 1 0 0 0 18 15 6 0 0 0 0 2 12 17 0 0 0 32 0 0
 0 0 0 16 78 0 10 19 24 0 0 57 54 0 31 54 75 32 0 42 31 0 9 72 0 0 10 63 16 14 0 60 0 0 0 16 18 0 12 71 14 43 9 0 0 52 0 68 0 18 0 31 61 32 58 0 41 0 0 37 0 0 21 42 77 64 57 22 0 93 0 0 60 46 0 43 1 0 0 46 52 43 0 3 63 37 30 93 96 0 0 0 74 61 29 74 0 42 80 63 38 2 35 0 9 76 0 0 0 0 0 37 0 50 49 0 0 8 46 44 73 0 9 85 0 0 28 29 16 0 0 38 0 11 0 79 40 25 0 34 10 50 13 0 19 0 31 81 11 40 0 32 0 66 62 14 46 0 53 0 39 31 51 0 59 60 28 79 18 0 53 16 0 47 0 73 0 0 74 0 0 67 53 59 61 57 35 6 0 20 3 44 19 0 0 32 33 38 38 0
 64 12 0 0 80 77 0 56 0 0 22 21 20 72 0 71 21 38 58 20 62 0 6 16 0 2 0 39 34 0 0 70 0 2 0 60 0 0 0 49 57 12 45 88 0 67 74 21 62 76 0 45 0 0 25 0 0 0 0 67 0 0 0 28 94 0 0 54 58 44 60 27 0 42 63 0 0 81 0 57 83 81 0 38 41 44 0 38 0 34 50 0 53 55 0 68 58 0 51 30 7 69 33 54 17 0 57 16 73 70 0 0 31 63 0 0 0 6 0 0 50 8 78 23 35 29 29 4 14 51 0 60 0 0 0 0 13 7 26 0 0 42 78 24 16 0 0 0 37 1 15 70 33 0 0 84 86 88 0 0 0 0 41 0 75 34 63 25 0 18 0 0 0 15 0 0 0 0 0 72 0 44 34 9 29 41 30 31 51 0 23 0 51 1 0 30 45 9 39 0
 0 0 0 74 38 13 0 59 34 0 17 0 0 0 0 0 50 0 0 3 0 82 0 9 0 0 5 2 51 82 0 0 0 0 0 4 0 32 31 0 0 60 69 65 18 25 31 0 0 13 11 0 67 0 59 0 66 53 0 0 23 0 0 9 0 80 59 65 22 57 22 0 82 0 0 14 16 3 0 19 0 51 15 0 9 0 0 56 56 83 11 69 36 11 70 22 23 10 28 43 3 18 20 1 0 33 0 53 0 0 0 0 0 37 24 0 34 44 0 71 55 0 8 0 25 24 81 0 67 18 21 0 0 35 29 66 4 40 0 34 1 70 59 0 15 52 7 0 0 0 66 0 5 7 0 87 58 0 0 0 45 4 58 46 11 59 0 0 0 44 56 0 0 54 5 49 0 0 22 0 0 0 36 0 7 13 34 66 0 39 0 53 0 15 0 0 28 0 45 15
 0 0 17 19 55 0 0 0 20 0 1 20 0 0 0 28 25 67 58 2 30 68 0 73 22 0 41 0 3 91 0 0 0 0 0 19 0 0 2 0 0 0 70 16 0 63 0 0 0 0 39 8 48 18 23 0 26 18 69 13 0 28 0 0 8 72 0 76 21 0 34 32 0 30 0 31 58 75 0 52 39 1 0 0 0 25 13 5 0 0 1 4 43 54 68 0 0 0 0 0 94 11 0 0 9 84 0 0 0 0 7 0 15 46 0 6 0 0 6 54 14 0 3 0 0 5 5 0 45 32 0 0 2 0 1 14 0 28 0 0 0 0 0 0 10 0 0 0 0 0 0 0 0 43 0 47 81 0 0 0 0 0 80 0 6 0 44 0 7 51 0 0 26 43 34 78 20 0 64 0 0 0 0 15 0 70 0 0 7 26 21 0 0 0 0 21 0 12 3 0
 71 2 0 12 5 0 0 0 0 0 60 29 0 0 0 56 74 65 86 58 1 15 0 58 0 0 0 9 30 0 0 45 0 0 0 70 15 0 54 74 0 0 21 31 0 33 20 8 0 0 65 0 45 0 30 0 0 0 35 0 0 70 0 0 59 74 0 13 12 5 35 40 28 17 0 0 0 27 38 56 0 0 0 3 86 0 0 68 58 15 0 0 0 23 0 0 61 76 0 81 54 13 19 13 0 40 0 57 0 0 0 0 40 95 0 0 0 24 46 0 66 0 0 0 0 20 65 0 0 43 0 0 0 33 0 72 43 42 0 0 0 0 0 0 0 52 0 0 0 0 84 0 0 77 0 0 58 0 88 0 0 24 0 10 62 71 21 54 16 14 0 0 10 0 15 0 38 36 52 0 0 14 0 0 0 9 0 0 0 0 0 33 0 0 3 75 2 64 18 0
 78 0 0 0 0 13 9 0 0 0 68 22 0 0 0 0 0 54 56 25 0 67 0 69 0 0 49 0 76 4 26 0 0 0 0 0 0 38 0 0 36 0 43 5 0 0 79 0 0 34 42 0 39 0 26 0 76 6 0 0 0 80 0 0 72 39 24 75 0 11 31 42 0 74 0 0 31 46 0 62 11 0 4 0 0 2 5 0 95 0 19 29 0 0 0 0 49 0 0 75 0 0 0 47 0 21 4 22 24 0 36 0 88 79 0 0 0 4 13 50 12 0 29 1 0 0 2 0 71 78 0 0 0 44 0 0 47 21 26 0 0 32 0 0 0 0 0 0 9 0 32 0 7 0 70 0 0 0 2 0 0 81 19 72 73 57 82 0 0 5 43 56 0 78 18 7 0 0 0 0 0 0 44 76 0 4 11 23 0 68 0 93 17 13 0 38 0 0 78 0
 0 36 0 45 0 35 0 0 0 0 0 67 8 0 0 20 0 14 0 0 0 0 0 62 0 31 0 5 0 81 30 0 0 0 0 70 13 0 0 42 0 0 0 55 0 35 0 18 0 0 0 0 0 30 64 21 8 15 37 1 0 0 6 0 0 0 0 66 33 0 0 31 0 8 0 0 0 0 22 4 0 0 32 0 29 0 0 0 0 0 0 0 13 0 0 11 7 0 0 0 0 5 11 0 0 89 23 71 34 0 16 0 0 31 14 13 0 24 61 64 19 6 0 5 0 0 0 0 0 1 0 0 11 0 0 0 0 0 0 0 0 0 0 0 0 78 0 24 0 19 0 0 0 11 0 0 0 0 0 0 0 0 0 77 0 1 65 0 0 0 16 8 0 0 0 0 0 0 0 0 0 0 0 0 0 0 0 9 4 13 0 51 0 0 14 0 0 77 0 0
 79 0 8 37 2 0 21 4 0 0 80 79 45 0 0 48 49 0 15 85 0 45 9 0 0 0 0 0 0 22 0 55 0 7 0 29 0 0 0 14 0 0 17 46 0 24 59 39 0 42 76 0 32 0 95 27 76 0 15 0 0 0 0 5 27 0 58 0 0 69 51 0 0 84 0 0 0 17 0 59 95 0 0 0 52 0 0 0 76 43 0 0 28 76 34 0 35 36 0 7 0 0 15 58 0 26 4 6 0 0 0 36 82 36 0 17 0 0 58 20 61 0 0 34 0 10 4 0 19 2 0 0 0 40 0 76 14 0 0 16 0 64 15 0 0 21 20 0 53 0 80 0 0 68 89 44 0 0 21 0 0 43 55 48 77 0 9 0 0 26 0 61 0 67 59 0 24 0 0 0 0 0 14 16 0 76 0 9 0 0 0 78 0 0 0 37 0 0 85 0
 0 0 0 36 75 85 0 0 11 6 0 5 19 0 0 56 18 0 27 69 0 0 0 2 22 0 3 35 43 83 17 0 27 0 3 12 0 0 50 14 22 0 19 62 0 0 3 11 66 0 0 87 0 0 18 12 2 0 61 0 0 43 0 37 11 3 26 0 25 0 0 0 40 8 0 5 79 88 0 0 7 83 21 0 58 0 0 5 0 8 35 0 91 5 0 0 70 86 0 0 25 0 6 0 35 23 0 64 0 16 0 29 97 59 0 26 34 19 9 3 24 0 46 74 0 0 97 3 63 5 0 36 0 99 0 25 73 12 0 5 0 0 0 8 0 50 0 0 23 0 71 0 10 33 20 80 0 0 65 0 0 0 25 55 3 44 41 0 12 78 58 0 17 20 0 44 0 0 9 0 0 0 74 44 0 0 0 0 0 0 0 49 16 0 0 98 0 26 30 0
 0 0 0 50 17 43 0 8 0 23 82 0 22 0 0 62 15 0 0 67 0 48 0 0 0 0 50 90 0 0 0 52 0 16 0 28 1 0 36 0 4 26 27 74 0 71 42 15 52 20 23 46 0 0 41 34 0 77 29 0 27 0 41 37 27 76 75 62 53 81 55 16 8 0 0 0 0 73 0 0 56 10 0 0 39 8 0 0 45 30 31 86 45 40 4 36 32 0 0 55 75 0 7 28 72 88 0 44 9 44 0 0 25 64 0 0 83 69 0 0 2 0 0 0 28 20 43 69 37 0 0 0 21 67 0 20 83 0 0 0 0 86 30 32 0 32 71 59 63 29 35 52 0 53 14 0 11 14 46 20 64 0 49 33 72 25 40 0 18 54 0 0 17 6 3 62 4 0 7 53 0 37 0 5 31 0 48 38 0 27 10 85 0 0 0 50 11 10 0 26
 35 0 5 27 11 74 13 36 0 0 0 29 44 0 13 0 3 31 0 10 4 36 0 80 22 0 0 0 0 13 0 16 16 0 0 50 0 0 0 46 0 5 85 0 0 42 0 0 0 14 0 6 23 19 3 0 43 0 41 0 2 0 0 0 2 10 0 0 0 0 46 62 0 3 0 3 0 0 0 82 5 12 0 0 0 6 0 8 0 0 33 27 0 0 10 19 0 31 0 9 19 0 0 0 0 0 0 0 15 0 0 0 3 43 21 0 0 0 26 0 73 0 0 0 0 3 0 0 0 0 25 0 0 13 0 0 0 16 0 0 0 0 0 31 24 9 0 0 0 16 32 0 16 13 38 0 45 0 0 11 0 36 70 0 61 77 75 0 0 15 0 2 0 8 7 17 0 0 54 0 21 0 0 5 0 0 24 31 0 0 0 42 0 0 0 0 6 0 0 6
 0 25 0 56 12 47 0 42 15 21 7 0 84 0 0 56 45 79 0 37 0 22 0 10 0 0 30 48 52 11 0 79 20 0 18 66 0 0 28 72 37 0 21 47 0 32 62 80 2 59 74 33 82 41 18 0 24 25 60 15 0 58 45 33 63 0 39 11 47 10 0 50 22 45 24 35 1 27 0 83 87 0 0 0 0 85 0 58 9 22 36 39 0 44 53 0 20 50 47 90 11 10 39 57 76 61 87 75 11 29 0 41 19 81 0 2 21 68 36 36 62 0 42 8 0 0 0 32 92 87 0 78 0 6 0 33 40 0 0 28 0 23 0 13 7 98 0 3 39 0 83 0 7 48 75 44 0 63 42 14 82 44 15 2 57 62 6 0 9 0 21 0 0 39 32 48 0 0 48 0 0 24 0 0 70 48 13 46 0 21 0 2 0 0 0 46 0 3 0 0
 21 0 0 0 0 0 24 16 13 0 0 0 0 0 0 0 0 0 0 16 9 0 0 0 23 0 0 3 19 0 0 0 0 0 0 0 0 0 0 0 0 0 0 0 4 23 7 0 0 0 35 0 0 0 0 0 0 0 6 24 0 0 0 20 0 0 18 38 0 0 0 0 0 0 0 5 0 0 0 13 0 0 0 21 25 0 0 5 0 0 0 0 12 0 0 0 0 10 0 4 87 0 2 0 0 0 33 0 0 0 0 0 9 0 0 0 0 0 0 0 5 0 0 27 0 0 6 0 0 0 0 0 32 16 0 0 7 18 0 0 0 0 0 0 0 0 0 0 0 3 0 0 0 35 0 13 0 0 4 0 0 5 0 0 0 0 0 0 0 0 0 0 0 0 0 0 25 0 0 0 11 0 12 0 0 0 0 0 0 0 0 0 0 0 0 0 0 18 0 0
 0 0 0 0 21 0 57 73 0 66 77 0 0 12 14 70 2 85 25 55 0 9 0 40 16 13 63 41 85 42 26 30 0 0 0 0 0 0 41 0 0 0 4 20 0 28 16 58 26 45 0 1 65 0 67 41 0 14 38 44 23 1 0 78 73 20 33 55 59 53 36 0 85 0 20 0 12 32 0 5 0 75 2 0 22 5 0 0 15 21 91 0 23 0 82 52 41 22 0 3 54 0 63 6 14 18 20 77 0 75 0 87 88 10 30 0 20 34 16 8 27 0 1 0 6 0 46 55 59 14 16 0 0 39 0 59 0 73 46 68 9 52 10 23 0 34 61 0 7 31 28 57 39 28 25 0 78 32 0 0 0 0 42 0 5 38 13 71 9 13 13 0 0 78 0 86 10 0 0 0 0 10 41 19 0 58 34 0 49 79 64 70 0 0 20 30 54 0 4 0
 0 9 4 43 0 0 0 18 3 0 37 66 50 62 0 55 76 0 31 55 0 37 10 81 0 0 0 90 16 0 12 43 0 0 0 55 13 0 0 0 0 0 68 12 0 45 50 65 40 0 21 56 0 31 0 49 54 17 22 89 0 36 67 12 98 42 0 58 52 45 0 60 62 32 29 0 61 81 26 26 0 60 0 7 0 14 28 12 57 87 16 72 88 0 19 69 3 16 0 7 14 50 0 0 54 32 46 9 0 63 1 35 75 0 9 0 66 38 14 0 6 0 50 82 72 18 0 49 0 21 16 59 0 0 0 58 60 0 0 16 0 29 0 0 0 0 0 0 43 0 0 0 0 48 10 79 69 16 0 10 0 0 0 73 83 0 0 62 22 7 16 7 19 71 17 0 0 0 0 12 0 0 76 34 0 44 60 5 9 55 55 64 4 0 0 32 0 30 79 0
 15 16 0 8 77 56 0 43 0 40 15 56 65 0 0 15 0 18 83 0 0 80 0 0 0 0 24 8 48 21 0 45 28 0 0 42 0 0 0 29 46 87 41 7 0 0 82 24 0 0 53 38 8 0 0 79 9 33 45 0 0 22 53 20 11 50 15 36 0 1 18 54 23 55 58 40 45 5 0 59 57 54 0 32 0 41 0 0 50 11 9 78 0 66 0 0 73 32 67 54 15 54 18 13 0 80 0 25 23 52 0 69 37 58 0 0 0 45 45 13 11 0 90 0 43 12 19 15 5 38 0 56 71 0 59 0 47 79 24 30 34 45 28 0 0 0 0 95 97 0 67 0 49 80 0 62 42 84 59 0 0 69 13 28 7 54 71 0 81 58 71 9 17 14 0 0 0 0 61 9 64 46 46 0 73 0 52 0 39 31 38 51 0 44 0 51 42 0 34 0
 0 0 0 0 0 9 13 0 0 0 91 16 0 0 0 0 23 37 0 38 0 64 0 62 0 0 49 0 0 0 35 73 0 3 0 0 0 0 19 32 0 0 54 63 0 0 0 0 0 28 98 0 14 0 35 25 69 0 42 0 0 50 0 0 84 31 0 30 75 11 0 23 0 48 0 16 36 26 0 43 0 0 1 0 0 0 0 56 52 0 0 0 54 0 56 0 55 22 0 38 24 0 0 0 0 62 0 0 0 0 31 26 11 5 0 0 0 0 0 56 69 29 38 11 0 0 79 0 92 0 0 33 0 46 0 0 17 75 0 0 0 0 8 0 26 0 0 0 0 0 5 0 4 53 34 28 46 0 68 0 32 0 40 42 22 55 16 0 0 48 0 0 0 58 23 76 0 0 59 0 0 0 0 0 0 4 0 0 0 50 0 60 0 0 0 0 0 72 0 0
 60 0 0 45 3 0 0 0 0 0 55 83 0 0 0 43 40 48 76 47 0 29 0 65 4 0 0 21 36 51 0 38 0 0 5 0 0 0 26 18 0 31 35 9 0 69 27 0 75 15 0 48 47 0 26 0 92 0 0 0 28 22 83 55 29 11 28 49 0 12 28 73 28 0 0 54 0 61 0 24 0 0 0 0 81 37 18 57 65 51 0 3 5 47 38 0 30 22 8 43 11 23 0 11 0 59 0 1 0 0 0 0 19 9 0 12 90 53 60 38 19 0 51 0 0 0 18 13 0 56 8 0 0 53 6 5 17 38 0 29 0 47 2 0 0 1 0 0 28 7 0 0 0 0 7 22 30 0 0 1 25 57 62 35 49 40 76 18 32 47 0 0 0 0 68 0 0 0 42 0 0 0 47 0 10 70 34 22 0 0 1 28 0 16 0 41 0 40 6 0
 16 25 27 37 0 71 0 0 0 16 0 0 0 0 0 13 0 45 22 0 3 8 0 0 29 0 0 0 0 9 3 0 0 0 0 43 0 0 0 0 5 0 0 37 9 0 16 0 0 0 0 0 0 0 50 0 21 34 0 0 0 0 0 24 10 0 0 48 0 26 0 0 0 28 0 18 0 0 0 1 6 0 0 21 0 20 0 0 0 0 15 0 0 0 14 0 2 0 0 65 63 0 0 6 0 0 0 0 4 0 0 0 36 40 33 0 11 16 41 47 0 0 39 25 0 2 0 0 0 0 0 0 0 0 0 0 0 0 1 0 0 0 8 32 5 0 0 15 0 0 11 0 0 20 14 5 0 4 0 20 1 0 31 0 24 0 0 0 26 0 0 0 0 13 0 0 0 0 0 0 0 8 0 0 30 0 0 0 0 12 0 0 5 0 23 0 0 0 0 0
 32 0 0 0 67 9 0 0 0 0 20 0 19 0 17 29 17 0 38 45 7 41 0 0 14 0 54 0 0 49 0 27 0 0 0 70 0 0 60 53 0 0 56 0 0 88 75 0 8 49 25 0 0 0 0 0 43 0 0 0 0 0 0 30 88 0 0 36 26 56 0 25 11 31 0 0 79 83 32 44 56 0 9 0 0 0 0 45 47 0 0 0 0 0 50 33 0 78 0 54 16 13 0 0 0 0 0 6 0 19 0 0 36 40 0 0 39 49 36 0 32 0 68 17 26 0 75 0 0 98 0 4 0 0 3 30 0 74 0 7 0 14 0 0 0 0 0 0 2 0 23 0 0 36 52 93 0 0 81 13 0 24 0 25 0 48 4 0 0 65 46 0 0 4 0 0 0 1 6 0 0 0 0 0 0 68 0 0 26 86 8 87 0 0 0 21 0 76 0 0
 0 56 0 16 66 0 74 73 0 48 40 0 92 34 0 27 18 0 40 59 52 48 0 30 0 0 88 0 93 0 0 0 0 0 3 0 0 92 0 0 0 72 80 41 0 56 21 6 0 93 29 59 0 38 28 9 0 0 35 61 0 67 77 79 0 61 38 85 88 55 8 31 74 66 33 0 66 38 0 49 21 69 0 0 37 5 88 0 35 54 7 70 0 0 36 20 63 64 19 0 0 94 65 57 0 77 0 43 29 0 36 70 0 61 0 0 41 0 34 57 0 0 0 12 20 84 64 81 40 0 18 0 14 17 59 0 23 27 7 0 0 15 79 0 0 52 0 45 11 65 0 0 0 9 28 8 55 29 0 0 0 0 46 0 62 35 0 20 65 68 51 0 0 92 0 43 0 0 53 0 77 0 87 71 40 38 39 27 0 0 76 42 55 44 49 89 17 53 47 0
