200
 0 68 0 33 0 17 36 0 54 0 41 58 64 0 0 0 23 0 82 0 50 64 0 58 48 44 42 0 12 0 5 36 0 11 62 9 12 0 58 25 0 13 20 0 0 0 7 18 11 0 9 62 0 31 55 0 0 0 42 86 0 9 71 0 0 0 0 78 25 0 16 0 34 0 29 0 33 4 0 50 33 14 54 21 0 19 63 0 0 60 0 0 0 19 66 0 11 0 0 64 0 0 0 0 17 0 34 85 50 0 0 0 84 0 0 63 0 56 70 35 0 0 0 0 42 26 59 30 0 0 58 10 93 0 0 0 0 15 35 54 5 0 0 0 64 0 19 0 0 9 0 66 56 56 0 29 0 0 24 0 0 0 82 65 0 0 0 29 0 0 1 0 72 0 0 5 0 24 1 0 0 0 0 0 85 72 0 22 0 67 8 0 31 47 0 0 0 40 65 3
 0 0 75 18 4 27 0 0 42 0 66 0 11 24 0 14 0 0 32 22 21 0 44 4 0 0 67 0 0 80 0 0 0 24 34 35 60 99 10 0 0 66 0 0 33 0 1 0 2 6 0 43 15 38 0 0 36 0 0 42 0 0 17 0 19 0 0 31 0 0 39 33 0 0 3 0 52 20 77 3 0 0 2 37 0 59 9 0 0 14 0 0 0 0 0 0 0 0 19 0 60 17 0 0 4 0 0 5 0 0 0 4 40 57 0 98 0 39 3 0 0 0 39 12 0 0 0 68 0 0 25 0 21 0 35 0 46 46 63 78 0 18 0 17 0 0 0 12 0 33 0 0 18 50 0 10 0 0 11 0 0 0 0 22 20 23 0 0 7 8 0 0 41 34 0 0 25 62 69 0 3 14 0 0 74 0 11 3 76 78 4 12 0 73 93 0 0 0 0 82
 35 0 0 0 22 0 0 0 35 0 0 0 0 0 0 6 0 0 0 0 15 0 0 0 0 0 12 0 0 2 27 0 0 0 0 11 0 0 0 0 0 0 23 0 0 0 39 0 0 0 0 0 0 0 0 0 0 0 12 0 3 0 20 0 0 0 0 0 0 19 32 5 9 0 8 0 0 0 0 0 18 0 0 0 0 0 0 12 0 0 0 0 0 0 17 0 0 0 10 35 0 0 0 0 0 0 0 0 2 0 4 0 0 0 0 7 0 17 0 0 0 0 0 0 34 3 11 0 12 0 0 0 0 6 9 0 0 0 5 0 0 0 0 0 1 0 0 0 0 59 0 0 0 32 0 0 14 0 0 12 0 0 0 0 0 3 60 0 1 0 0 19 0 0 18 0 39 29 0 0 0 0 0 0 0 0 0 34 21 0 26 13 8 0 0 2 17 0 0 0
 0 0 23 0 84 0 0 0 40 0 21 13 0 0 0 0 35 0 0 0 0 0 53 56 0 1 0 0 5 22 27 0 17 0 71 0 59 28 0 0 5 0 7 6 11 12 67 35 67 0 0 28 0 0 50 0 0 0 29 0 0 0 0 0 0 0 0 38 11 0 0 5 0 0 27 0 0 0 16 0 66 22 28 0 3 0 0 47 29 33 0 0 45 0 0 22 0 71 0 0 45 0 4 0 0 0 0 0 0 12 0 24 0 15 0 0 0 0 32 5 9 0 70 9 3 22 69 0 0 0 0 0 0 36 0 16 8 0 0 5 0 0 0 15 0 0 26 28 0 0 0 40 21 17 0 0 35 0 0 0 0 0 0 0 32 69 17 0 0 0 0 24 0 0 0 17 0 76 0 0 0 0 0 0 82 0 15 0 91 10 97 0 0 17 93 0 0 24 0 0
 14 0 0 0 0 0 19 37 15 0 89 0 62 4 0 0 0 0 0 0 0 0 83 0 0 16 0 0 0 0 0 0 6 0 22 0 74 58 53 0 16 0 27 0 0 14 0 0 8 2 0 0 0 0 0 22 12 0 55 63 0 0 0 0 12 0 0 10 10 0 25 42 6 0 7 0 10 0 27 36 10 2 0 0 11 0 0 46 0 0 0 0 76 0 0 0 0 6 16 0 0 0 0 0 0 0 0 73 0 0 0 0 14 31 1 0 24 26 21 13 0 0 25 0 0 34 81 4 0 11 0 0 0 0 0 23 0 0 36 0 0 0 0 0 0 0 24 0 0 34 0 0 0 47 0 0 0 0 0 0 0 0 0 0 0 11 27 0 0 0 0 14 72 13 0 0 0 41 0 27 26 9 0 14 32 0 0 0 26 0 0 24 0 27 71 0 7 0 0 0
 0 0 7 2 0 0 0 0 0 0 91 0 53 36 10 0 17 0 0 0 0 26 7 0 0 0 0 0 0 49 0 0 24 22 18 72 88 54 0 31 0 42 34 0 0 0 0 0 0 0 1 74 0 62 0 0 0 0 35 7 10 0 34 0 0 0 1 0 19 0 69 37 0 0 66 0 27 41 0 0 42 25 38 0 0 28 0 22 0 0 0 0 0 0 34 6 71 11 0 0 25 33 0 0 25 0 0 77 0 0 0 28 0 83 10 44 0 0 0 0 0 0 78 0 0 0 38 33 33 0 0 4 25 0 0 1 45 0 8 81 22 26 0 0 0 0 38 0 0 36 13 0 59 33 37 22 0 0 24 0 0 63 14 0 0 0 70 0 0 59 0 29 43 27 0 0 0 22 40 0 81 0 0 0 50 0 0 70 0 2 88 37 0 70 39 7 0 0 0 68
 0 66 68 49 0 25 0 9 36 57 69 65 0 0 78 58 1 0 0 85 0 0 69 55 58 69 0 21 0 34 2 48 51 95 26 0 68 67 0 58 60 45 67 0 39 50 30 0 12 1 5 68 0 0 11 80 61 0 67 0 90 24 53 8 62 10 51 0 15 86 21 52 24 28 31 55 0 46 11 36 49 53 0 29 51 0 0 0 69 5 44 16 82 18 35 0 0 0 0 87 0 84 17 18 57 54 0 5 0 40 25 34 68 14 0 0 39 15 20 0 1 0 0 4 38 52 7 35 53 0 0 1 67 14 0 10 94 9 35 0 31 66 36 0 77 0 54 64 0 0 79 5 0 0 20 65 45 27 0 11 0 0 14 33 0 54 0 48 0 58 31 36 94 30 29 28 23 39 43 30 34 42 14 10 0 0 3 32 0 0 76 0 27 31 14 0 0 65 7 29
 47 45 33 8 0 35 0 0 0 0 49 70 23 0 6 91 20 19 58 18 85 0 9 30 74 10 0 77 1 2 0 63 0 63 33 0 40 62 22 49 0 0 0 70 0 0 0 11 84 42 61 0 0 0 0 30 41 38 49 41 0 0 7 36 0 66 43 13 6 9 72 0 0 87 0 0 7 31 0 44 60 78 6 15 0 14 48 4 16 76 0 86 83 55 0 0 22 7 5 30 9 0 0 0 28 90 74 84 47 35 0 0 46 25 0 44 62 59 21 27 0 0 0 43 0 74 29 0 0 9 19 17 91 0 55 0 0 43 18 0 0 37 13 0 58 0 43 49 0 0 87 0 79 0 33 47 58 78 9 21 24 25 0 30 0 20 24 18 0 50 44 0 59 24 0 65 0 1 0 87 79 0 0 0 21 0 0 35 0 0 70 0 23 0 13 0 70 0 30 53
 0 0 0 0 0 16 0 0 0 0 22 0 48 42 35 0 0 0 0 0 0 0 0 20 0 24 26 0 13 0 0 0 67 0 69 0 0 0 0 0 0 0 20 0 0 0 15 54 43 0 0 85 0 14 0 0 0 12 0 0 0 0 1 0 0 38 0 11 43 0 11 0 0 0 20 0 10 0 0 36 29 68 0 3 0 4 0 17 0 0 18 0 60 14 16 37 1 12 10 18 63 0 0 0 36 0 0 91 0 0 0 0 0 38 22 0 0 8 0 34 22 0 64 17 0 0 0 0 0 0 26 0 1 0 17 13 0 59 0 0 28 0 0 0 0 0 0 0 0 0 0 0 79 11 0 0 0 0 21 0 1 0 0 19 0 0 12 0 8 0 0 21 0 0 0 18 28 23 0 15 0 0 0 0 0 0 0 4 29 0 51 9 0 62 0 36 2 21 0 0
 82 40 2 84 65 70 0 14 36 0 37 0 30 40 0 3 43 0 0 11 0 13 0 77 85 70 4 0 0 58 39 0 38 69 71 0 24 40 22 0 0 43 49 2 0 0 0 48 7 23 42 13 0 0 14 28 0 0 58 81 23 0 29 72 0 0 7 28 24 0 38 35 0 0 0 19 33 0 63 51 30 13 50 8 0 48 74 70 0 97 1 1 29 94 74 0 0 84 0 62 47 48 0 29 16 42 2 0 45 0 8 0 40 1 22 0 2 26 0 0 0 0 76 0 41 0 12 33 0 89 25 0 0 0 26 11 70 64 0 0 64 0 0 14 65 0 12 0 34 79 0 0 47 0 0 90 17 0 42 7 0 0 0 0 0 2 66 63 0 28 50 0 0 0 75 59 0 68 0 0 0 30 5 0 12 0 0 0 55 28 0 0 65 0 89 26 0 79 6 15
 0 0 39 0 0 0 0 0 0 0 0 0 0 29 0 0 0 2 0 0 0 0 0 14 0 0 0 2 0 0 0 0 0 0 52 0 0 0 0 0 0 37 0 2 0 0 0 0 18 0 15 0 0 0 4 0 13 0 0 0 0 0 0 0 0 0 0 0 0 0 0 0 0 12 0 2 25 36 0 0 0 0 23 0 0 0 0 0 2 0 11 0 0 5 0 38 0 0 15 0 19 0 0 29 0 9 0 0 0 8 0 0 0 16 0 0 0 0 20 16 0 0 3 0 0 0 11 19 0 21 0 0 32 8 26 0 0 31 0 0 3 0 11 0 0 0 0 0 11 66 0 4 33 29 3 0 0 0 0 16 0 0 21 0 19 12 15 39 0 13 0 1 64 13 11 0 0 0 1 0 0 0 0 38 0 0 2 0 66 0 0 26 0 0 27 0 18 0 24 0
 0 68 21 0 17 15 0 0 25 36 57 0 0 63 0 0 0 7 49 25 52 0 43 27 0 30 11 28 1 87 0 0 0 0 33 0 42 19 23 51 0 75 0 0 0 0 0 48 17 0 6 57 0 32 0 35 0 3 47 53 0 0 14 8 0 0 0 2 0 0 48 44 0 0 54 66 0 23 0 84 0 0 0 0 44 0 0 66 0 61 0 0 0 0 0 0 53 87 0 0 12 0 0 0 0 21 49 55 45 17 0 15 46 0 0 0 0 50 0 0 7 0 36 12 0 0 0 0 0 35 84 0 0 0 1 0 16 0 48 0 67 20 0 73 1 7 0 0 12 11 0 18 9 84 0 57 0 0 7 0 0 0 0 0 0 29 36 58 0 0 16 43 47 0 20 0 8 0 25 0 34 0 30 0 66 57 0 46 0 4 17 0 0 26 84 0 0 95 18 49
 0 0 22 25 0 0 27 0 0 0 72 1 0 4 0 0 0 0 0 0 0 0 0 0 0 0 0 0 2 0 0 0 0 0 39 0 0 11 19 0 0 0 0 30 0 21 83 0 0 0 0 72 29 0 8 0 0 0 6 0 33 28 0 0 0 0 0 12 95 2 33 31 0 0 0 15 60 0 0 0 28 52 0 0 0 0 0 77 0 2 35 0 0 6 32 0 0 0 24 0 55 12 0 0 0 0 0 18 0 14 0 0 34 26 0 0 0 0 0 0 0 23 13 10 0 0 0 0 15 10 0 0 0 0 6 24 7 0 5 0 0 0 0 23 0 32 0 0 0 4 15 0 0 0 3 0 12 17 0 0 0 5 0 0 8 21 0 0 0 1 0 0 0 0 0 1 0 0 5 18 0 0 9 0 57 0 0 8 0 0 86 0 18 15 0 0 0 0 0 0
 7 0 38 39 0 0 28 20 0 0 0 0 0 0 0 0 0 1 0 0 0 0 24 1 4 4 33 0 0 0 0 0 69 0 77 0 0 0 0 0 0 10 0 1 0 0 0 62 0 0 0 32 0 0 65 16 9 0 22 49 0 6 0 0 0 8 0 0 0 0 5 66 0 0 0 0 10 0 0 0 46 65 7 0 35 0 0 76 14 0 0 0 33 0 10 13 0 0 0 0 55 0 0 0 0 0 23 16 29 0 0 0 48 76 0 18 5 0 0 0 25 6 0 0 0 27 36 0 7 39 0 0 0 0 0 0 11 57 0 0 0 16 0 0 22 0 0 21 0 50 0 0 2 0 28 0 0 33 0 16 5 0 0 0 0 0 29 0 0 0 0 0 28 19 0 0 0 30 29 0 0 0 0 0 0 0 0 0 8 0 57 0 0 0 33 0 0 17 11 0
 12 34 12 57 49 0 0 0 0 52 82 8 40 30 0 77 34 0 71 0 80 0 49 36 84 1 60 70 0 5 0 3 71 83 22 75 53 0 0 62 32 0 2 61 0 26 70 5 4 0 39 0 0 15 54 0 23 19 36 5 0 0 22 70 0 35 68 34 18 0 24 10 8 0 77 64 0 18 79 1 48 45 21 0 80 71 3 49 13 0 0 0 71 58 0 0 31 11 78 50 62 0 0 21 36 51 26 25 0 0 1 0 0 22 25 78 6 0 0 0 10 0 64 0 22 0 2 82 7 38 2 0 58 0 9 0 22 39 21 0 0 0 0 15 0 0 28 0 21 39 22 0 0 0 0 64 0 18 76 0 0 68 0 96 0 14 0 47 0 4 13 0 45 79 74 51 0 37 52 0 6 0 0 14 0 26 20 0 15 0 0 32 0 4 60 0 0 0 61 33
 55 0 0 27 65 38 0 0 13 0 7 22 95 58 0 0 0 0 52 0 46 0 0 43 60 0 91 21 0 0 0 14 46 13 62 53 55 50 43 33 0 0 33 20 0 23 25 40 26 0 64 81 0 86 0 59 8 0 54 17 0 0 72 0 1 2 82 81 17 28 92 6 0 0 61 0 0 53 29 16 0 0 0 0 16 61 0 0 0 54 0 0 48 0 7 0 44 88 72 60 24 52 0 0 0 0 40 28 73 0 0 5 0 48 0 56 0 0 25 0 0 0 45 0 53 71 62 15 0 7 38 0 14 0 40 17 0 83 34 49 59 0 0 31 60 0 0 0 21 18 40 1 2 3 0 0 11 0 38 0 0 0 23 67 0 0 13 59 0 0 54 6 33 0 55 7 6 30 0 0 57 36 0 0 0 0 0 18 14 26 16 0 20 0 4 18 57 80 17 48
 0 0 51 0 56 0 0 0 6 0 33 73 52 21 0 0 0 0 22 0 0 0 31 0 76 0 0 54 0 0 0 36 32 71 5 0 26 20 58 22 13 53 8 0 0 0 69 0 1 7 68 0 0 58 32 25 13 13 34 0 0 0 74 0 0 14 0 44 59 0 20 51 0 0 38 0 62 38 23 0 69 21 5 0 0 38 0 4 0 23 25 0 68 0 0 0 0 12 0 0 4 63 0 0 19 0 90 42 52 0 0 0 58 31 0 0 11 48 0 0 0 0 25 0 0 19 15 1 0 0 25 0 0 2 79 0 42 0 70 29 0 0 16 71 0 0 7 0 0 0 0 72 0 0 0 0 0 0 0 0 0 68 0 0 0 74 49 0 0 47 0 59 0 0 1 0 0 12 0 0 20 0 0 0 40 54 0 2 0 62 50 0 0 13 26 0 0 55 40 33
 65 19 30 38 90 58 59 0 30 67 0 0 22 0 22 81 86 0 14 10 60 5 21 44 10 19 40 41 33 42 66 0 32 16 0 8 28 74 61 0 89 41 33 59 8 8 0 7 0 24 0 19 0 91 0 0 34 45 33 18 52 74 21 35 42 71 0 25 81 53 99 71 4 0 0 73 35 31 39 88 15 0 2 3 46 6 18 59 27 73 24 5 0 27 0 47 0 72 16 50 6 0 0 0 23 39 41 51 54 0 22 2 28 36 12 29 54 70 81 0 89 10 69 9 27 2 2 13 75 73 76 0 75 0 96 0 93 41 49 0 0 1 0 30 45 0 26 61 0 0 0 0 0 26 0 59 68 7 0 1 47 80 29 25 0 89 49 0 20 92 6 0 9 0 21 2 0 11 52 56 0 51 0 0 77 65 72 0 56 0 0 0 35 53 0 0 0 51 0 49
 0 0 16 39 11 15 24 0 16 26 60 0 52 32 0 0 0 0 0 32 9 0 57 0 4 10 0 0 0 29 0 0 23 0 14 0 0 0 0 0 0 8 0 21 0 18 14 39 0 0 0 61 25 0 5 0 0 0 0 19 0 0 0 0 0 0 0 48 0 0 2 63 0 0 0 0 68 4 0 0 26 5 0 0 0 0 20 8 0 0 0 1 0 0 0 5 0 88 12 0 0 0 0 0 0 0 0 63 0 0 0 0 0 0 0 0 0 0 0 0 0 0 0 0 0 0 24 15 0 0 12 0 0 0 0 0 7 19 10 36 0 0 23 0 0 15 15 0 3 96 8 0 32 96 0 23 0 0 0 38 0 0 0 14 0 0 4 0 0 0 7 0 55 0 0 0 0 0 23 8 0 0 0 0 67 0 19 0 26 0 27 6 0 2 41 0 0 0 0 0
 20 0 23 44 34 50 0 0 63 0 31 0 42 1 36 1 57 0 0 0 38 64 67 6 10 73 87 11 0 20 0 1 5 57 67 63 54 37 0 57 0 48 76 6 0 0 15 0 21 86 31 93 0 24 60 33 32 0 6 59 0 39 27 38 0 0 7 63 0 53 36 80 0 25 82 0 25 73 0 37 2 71 27 0 36 0 8 53 70 4 23 0 0 32 0 52 0 0 0 29 43 0 0 0 4 22 1 18 5 66 0 0 0 60 2 30 0 6 43 0 0 2 5 17 22 74 72 58 0 0 33 0 17 0 38 0 79 35 33 55 0 0 52 21 64 0 16 53 42 14 16 70 9 0 25 62 0 12 35 0 0 54 44 0 0 7 65 80 0 0 23 73 38 64 12 33 0 84 26 11 0 0 0 22 0 0 0 6 75 0 0 5 25 33 55 0 75 34 83 62
 0 0 0 23 47 0 6 0 5 3 10 0 49 46 0 0 19 0 0 0 0 0 58 17 0 0 0 17 0 0 29 0 49 0 41 0 9 36 56 0 0 0 0 0 0 0 6 0 8 0 27 10 30 6 92 72 0 0 33 73 0 0 50 0 0 0 23 77 85 0 0 0 0 0 25 0 52 13 25 0 4 36 0 2 29 0 0 69 0 0 0 27 0 0 0 0 77 82 0 7 5 10 23 13 0 0 0 68 0 0 0 11 44 83 9 0 9 0 24 13 6 0 0 0 0 0 82 0 1 0 0 0 0 4 0 0 0 9 67 0 0 0 21 0 0 0 0 0 0 14 9 52 7 0 3 0 0 0 0 0 1 0 0 1 0 24 30 0 0 33 10 2 0 0 0 0 0 9 26 0 3 0 0 0 63 0 0 75 63 9 20 0 0 46 7 0 0 49 0 0
 0 5 53 50 82 0 4 7 78 0 9 5 6 65 1 29 20 0 79 0 14 0 69 0 8 5 38 65 28 41 0 0 0 0 52 23 56 0 47 41 0 11 35 0 0 0 46 0 55 19 0 23 0 41 44 0 0 0 83 13 0 0 26 2 0 21 3 0 0 0 14 4 0 20 60 64 12 46 12 20 0 62 0 0 10 0 23 62 0 49 0 0 22 8 57 0 22 0 0 0 0 0 0 0 0 11 51 27 38 0 0 18 54 0 0 0 5 60 0 0 0 0 38 0 20 0 9 43 29 0 26 0 0 12 9 14 75 55 15 63 44 0 0 39 0 0 9 24 0 11 90 0 60 15 17 61 3 19 36 0 0 21 12 0 0 51 60 60 0 0 0 31 6 0 27 24 0 22 27 0 44 23 0 0 33 50 0 44 35 57 19 0 0 0 57 0 18 95 0 39
 10 0 27 0 0 0 0 0 19 26 39 0 8 0 0 2 0 0 0 0 0 0 0 0 0 14 8 0 0 0 25 0 0 0 50 0 14 0 0 0 0 9 0 33 0 0 0 0 0 0 28 3 17 0 23 0 0 0 18 10 0 9 0 0 0 0 0 0 0 19 0 2 0 0 0 0 74 0 12 3 0 0 0 0 0 0 0 79 0 0 0 34 0 6 0 10 33 0 11 0 23 0 0 6 0 0 0 18 0 0 0 0 0 0 0 0 0 12 39 26 2 23 0 0 0 0 0 1 0 0 0 0 10 0 0 0 28 29 0 0 18 1 0 0 0 0 0 0 0 82 0 0 0 0 0 3 0 0 0 0 0 0 0 26 0 0 55 0 0 0 22 0 62 0 0 0 0 0 0 0 0 0 4 0 14 0 0 0 0 0 0 0 21 0 0 1 0 0 0 0
 0 0 76 0 33 16 0 0 0 0 0 0 13 0 0 0 25 0 5 0 0 12 68 0 0 0 0 0 0 14 0 11 75 0 0 0 1 5 28 17 2 25 0 18 0 0 0 57 63 14 6 0 22 0 0 0 0 0 44 0 16 0 0 0 0 0 0 65 0 0 7 35 6 29 0 0 14 0 0 30 26 0 0 0 0 0 0 45 0 0 0 0 88 0 0 0 21 27 15 0 47 18 21 0 0 0 0 42 0 0 0 0 30 47 0 0 0 0 0 0 0 13 0 0 0 0 3 23 0 28 0 0 0 0 0 0 0 94 0 0 12 0 0 0 0 0 0 28 0 26 21 0 0 39 0 23 0 0 26 6 0 0 0 14 0 0 42 0 0 0 6 21 0 1 0 27 6 0 54 6 0 0 0 0 31 0 38 5 76 0 86 0 0 2 0 0 0 0 3 29
 0 59 8 31 56 21 0 0 59 0 64 61 69 0 0 0 0 0 0 0 47 0 24 23 0 19 0 0 0 0 0 6 0 35 0 24 87 0 97 0 9 74 0 6 0 0 48 24 0 0 83 0 0 0 0 63 0 27 36 99 0 0 76 38 0 0 5 32 71 0 10 0 0 13 0 0 9 0 64 63 0 45 87 0 71 73 0 64 0 53 17 0 45 0 44 0 0 66 0 0 45 88 10 6 27 0 43 62 64 0 25 0 6 70 0 26 0 46 0 0 0 0 0 0 30 0 49 28 0 18 26 0 17 4 24 0 0 51 18 0 0 0 6 14 0 0 94 0 0 0 0 8 66 37 0 58 10 0 0 0 0 0 0 0 0 43 0 22 0 7 0 54 71 32 63 0 3 18 3 0 40 0 14 0 0 0 0 53 25 0 29 0 0 0 33 3 45 0 0 77
 0 46 39 0 0 28 0 0 0 0 61 0 89 0 0 17 24 0 0 0 80 0 0 53 0 0 78 40 0 24 0 0 2 83 0 35 10 35 0 22 0 24 62 0 0 0 39 62 47 0 0 67 0 31 28 0 0 22 0 57 0 37 37 13 0 14 0 15 28 10 18 53 14 15 0 67 14 0 10 52 37 43 31 0 43 32 0 30 0 69 0 0 8 18 2 12 0 44 0 62 0 0 0 0 0 23 0 0 70 10 0 0 46 22 0 9 20 0 23 0 0 0 39 0 0 0 77 58 0 0 30 0 0 21 33 20 0 40 55 0 72 0 0 32 0 0 0 27 60 71 69 55 21 36 10 0 72 16 42 0 0 35 67 0 0 29 16 55 29 0 20 0 0 5 35 92 0 46 0 0 6 20 0 13 71 19 0 19 0 44 69 4 0 15 0 0 45 55 3 0
 0 0 0 9 31 21 25 0 0 0 87 0 17 0 0 0 27 0 23 0 80 0 0 4 36 0 0 67 0 42 0 0 77 25 16 1 47 0 26 0 22 38 0 0 12 0 61 0 23 0 16 0 0 0 0 0 0 0 19 58 36 0 0 0 22 0 0 0 21 11 0 0 0 0 0 0 32 75 0 0 72 47 0 0 0 25 0 0 20 20 0 31 0 0 0 26 0 31 0 0 0 17 0 9 0 5 0 77 0 0 26 0 38 16 0 45 0 14 28 0 3 0 13 0 7 0 68 0 18 0 28 0 0 0 0 0 0 2 0 99 61 0 23 60 0 0 0 0 0 73 0 17 17 0 0 0 0 0 0 0 0 0 0 0 0 61 65 0 0 0 0 0 0 0 0 2 0 74 0 11 0 0 11 0 84 0 0 75 94 22 73 9 0 32 37 0 0 90 0 37
 39 7 84 82 64 0 0 0 12 10 0 0 41 22 0 0 0 0 16 0 0 0 77 62 11 0 0 0 0 0 38 0 18 0 12 23 0 68 0 0 4 0 0 0 0 0 74 43 37 0 0 0 39 0 7 3 0 0 35 30 5 0 33 7 0 0 0 18 0 14 25 69 0 0 0 0 90 0 60 0 7 62 32 0 26 0 0 58 2 0 0 0 63 0 0 0 18 79 0 0 40 0 0 0 0 0 0 0 9 0 0 0 0 47 0 58 2 0 0 0 20 2 54 0 0 0 45 0 0 0 0 0 0 0 0 0 0 0 19 0 5 0 0 0 22 0 11 0 32 0 0 68 54 95 0 0 0 0 0 0 0 0 0 0 0 40 61 0 16 61 0 25 12 0 22 9 0 24 0 0 58 0 0 0 0 0 0 7 52 63 22 28 0 29 39 5 0 60 0 0
 0 45 32 0 25 28 30 0 0 65 61 0 0 25 45 35 47 0 92 35 47 0 8 1 16 24 1 53 0 52 0 1 0 52 44 12 18 0 1 0 0 0 42 0 14 0 0 0 88 0 42 32 0 73 72 6 46 0 53 0 0 37 0 12 31 67 43 73 5 13 79 9 21 65 23 13 0 68 0 5 0 3 0 0 67 64 38 0 16 44 74 63 0 59 65 9 45 61 0 90 69 67 68 0 42 88 4 48 52 0 0 0 6 60 0 7 32 41 39 3 27 0 6 27 16 80 57 46 0 49 56 0 0 56 32 0 0 0 71 72 22 3 44 0 0 15 51 0 4 56 0 0 50 37 3 2 7 0 13 77 0 15 21 35 21 23 12 64 0 56 11 54 4 69 6 0 31 30 23 5 0 0 0 0 42 0 0 0 87 0 56 0 39 35 12 36 39 51 0 0
 37 0 0 0 66 0 0 0 4 0 62 0 9 31 0 10 18 0 0 0 29 0 76 0 12 0 0 39 0 0 1 0 0 9 0 41 21 5 83 0 0 46 0 0 10 0 14 73 29 0 0 0 0 0 74 0 0 0 8 0 0 0 0 0 0 0 6 2 3 0 0 11 0 14 9 3 33 0 0 2 15 39 0 30 26 0 13 0 0 0 4 0 0 0 21 0 44 72 21 0 62 33 0 0 0 0 23 45 7 0 0 0 16 15 0 0 0 0 0 0 0 0 47 22 0 0 52 0 0 0 6 6 0 0 0 0 30 49 27 0 39 0 0 0 0 0 0 3 0 12 0 48 0 0 12 0 26 32 0 0 0 0 0 0 0 1 0 0 0 23 0 67 31 25 0 0 0 53 74 0 0 0 0 0 79 8 0 37 65 54 80 0 0 93 41 0 0 31 0 0
 0 43 0 0 4 46 0 20 79 0 67 50 32 68 69 26 40 0 80 62 0 29 0 12 90 18 43 0 49 0 0 73 0 42 0 60 44 0 0 48 0 65 5 18 0 0 68 0 0 0 0 80 0 25 10 77 16 44 44 11 31 0 90 45 14 54 4 51 59 11 84 0 48 22 10 0 17 66 36 22 60 32 15 0 0 0 0 36 0 47 24 6 0 73 42 35 9 60 3 59 0 37 3 0 84 85 12 0 34 68 21 78 39 79 0 60 0 0 28 52 72 0 35 61 55 0 0 0 2 36 49 0 0 63 0 0 35 0 53 56 70 36 10 33 42 0 77 0 0 26 0 0 0 87 0 0 96 6 6 71 25 12 66 87 0 73 88 55 0 76 56 0 47 20 39 23 64 0 27 5 0 53 0 22 0 8 3 0 24 84 23 0 17 43 86 10 63 46 0 48
 0 4 51 18 42 68 0 0 27 7 11 93 47 4 0 0 0 11 88 0 55 23 73 0 0 75 37 39 0 55 0 0 13 29 48 26 48 31 0 0 0 32 33 45 7 0 0 39 14 72 0 71 0 17 0 9 85 29 14 75 7 0 47 32 59 80 11 0 5 5 69 47 0 29 43 0 26 74 0 48 94 74 0 0 0 32 0 0 43 70 26 0 0 74 12 0 25 13 12 36 61 0 0 0 43 42 0 0 0 0 0 0 39 60 0 50 0 49 49 0 7 0 0 30 0 51 43 20 60 74 67 36 0 35 2 0 0 28 32 69 0 51 13 85 77 0 45 0 49 9 0 0 36 55 38 15 56 0 5 29 0 26 0 54 0 0 47 2 0 39 0 0 0 9 70 35 0 11 28 6 70 0 6 0 65 42 0 45 19 0 81 0 51 60 0 8 69 54 80 76
 16 13 38 0 0 0 0 3 0 0 70 31 71 0 0 0 0 0 0 0 0 12 30 0 3 0 0 0 25 6 13 0 0 0 63 0 0 0 2 26 0 0 0 26 0 0 7 15 0 0 0 0 0 0 10 0 4 0 0 2 7 0 0 0 0 0 24 0 11 0 29 65 0 23 0 0 18 0 5 0 0 0 0 0 0 0 0 35 0 0 0 0 0 0 0 0 0 0 6 32 0 19 7 0 0 29 0 54 3 0 33 0 0 5 0 0 0 0 15 0 0 30 21 0 27 26 0 0 0 0 0 0 0 0 0 0 0 77 0 13 0 3 23 0 0 26 0 0 0 42 7 0 24 8 0 0 0 0 3 0 0 0 18 0 0 0 0 0 7 0 0 0 0 0 0 0 0 0 18 3 5 0 0 0 0 0 0 0 5 0 65 8 0 14 0 0 29 0 0 4
 0 0 75 21 27 0 0 0 67 0 21 21 10 0 0 0 0 0 47 0 0 20 16 55 0 0 0 33 0 0 0 0 24 0 1 54 96 76 0 4 0 97 16 0 3 0 66 58 0 0 0 26 0 92 0 27 0 0 88 12 0 0 0 15 0 0 0 35 19 0 0 0 0 0 6 30 88 0 0 0 71 0 0 0 0 10 29 88 0 6 24 9 75 0 9 0 0 0 4 0 83 64 2 1 3 32 5 78 0 0 0 18 45 58 7 10 0 4 0 0 0 29 44 0 4 0 0 0 0 0 30 0 0 0 0 0 57 34 55 32 19 0 0 53 0 0 0 0 0 17 62 69 5 70 0 0 0 0 14 23 2 19 13 2 0 0 33 2 0 0 0 78 48 0 11 0 0 0 92 33 0 0 16 0 57 0 0 0 0 74 37 0 15 22 31 0 0 56 0 36
 0 0 8 0 0 0 0 0 0 0 0 0 0 0 0 0 0 0 0 0 0 0 0 14 2 3 0 0 0 26 23 0 0 0 0 0 39 0 0 0 0 0 6 16 0 13 11 0 0 22 1 0 0 0 0 0 0 0 0 0 0 0 0 0 0 0 0 0 0 0 0 0 0 0 0 0 10 0 0 0 8 10 0 0 0 0 19 0 12 0 0 0 0 0 0 0 4 11 0 31 18 19 0 0 0 0 4 0 0 0 18 0 5 0 0 0 0 0 0 0 0 0 0 0 0 2 0 0 0 0 16 7 0 0 0 0 0 0 0 0 0 0 0 0 39 0 0 0 5 0 25 0 5 0 0 0 0 8 11 0 0 0 0 0 0 0 0 0 0 18 0 0 0 0 0 0 15 0 0 0 0 23 13 28 0 11 0 3 0 0 0 0 0 0 0 0 0 1 0 0
 0 0 0 13 57 0 0 6 1 6 71 26 14 74 0 0 11 0 17 0 16 0 9 7 0 0 0 0 0 0 0 0 12 0 15 0 17 52 61 0 13 0 0 18 9 0 14 26 61 0 2 49 0 0 53 52 0 0 26 0 0 3 30 0 0 0 0 81 8 0 0 78 0 0 22 0 34 0 17 0 43 73 0 0 12 0 14 72 15 0 7 0 63 9 0 0 41 4 0 0 0 0 0 0 0 0 0 66 0 0 0 0 47 30 0 0 34 0 0 0 5 0 0 2 0 0 55 0 27 0 0 10 0 0 0 0 0 27 0 0 37 7 0 0 0 8 0 0 0 0 0 68 40 35 0 0 9 7 0 21 0 0 19 13 0 55 35 0 0 44 19 34 67 0 0 0 12 40 58 0 0 0 0 0 58 0 0 0 94 42 6 0 0 0 64 0 34 64 0 48
 0 0 10 0 0 0 0 0 0 0 51 0 64 14 0 0 0 0 74 0 0 0 0 0 0 0 0 4 0 0 0 0 41 0 0 0 0 0 0 0 0 0 0 0 0 13 0 0 31 0 0 82 0 0 2 0 0 0 77 45 0 15 0 0 0 0 0 0 0 0 0 0 0 0 0 0 0 0 0 0 49 22 0 0 0 0 0 24 0 0 0 0 11 0 0 0 0 25 0 0 0 0 39 0 0 12 0 0 0 0 0 0 68 62 0 0 16 0 0 0 0 0 0 0 0 0 78 0 0 0 0 0 0 25 0 0 0 53 16 0 0 38 0 5 0 0 0 0 0 0 0 17 0 39 28 11 0 0 14 0 0 0 0 0 14 26 23 0 0 0 0 0 0 4 0 17 0 0 37 0 0 14 0 0 64 37 35 0 44 0 2 0 0 86 42 0 13 41 0 0
 5 0 36 0 0 0 0 0 19 0 60 0 0 96 18 0 0 0 26 0 0 27 23 0 14 0 16 0 18 0 19 0 82 0 65 0 91 0 19 0 0 6 0 18 0 8 69 85 0 0 0 80 0 0 15 15 0 1 0 86 0 0 0 0 0 0 0 74 0 0 0 60 0 0 0 0 8 0 0 0 0 0 22 0 0 0 0 35 0 0 26 0 73 0 0 18 0 80 31 15 0 0 0 29 0 0 0 57 0 0 0 0 11 4 23 0 15 0 39 0 0 0 9 0 0 0 0 0 0 17 0 0 13 0 0 0 2 16 0 2 0 0 0 0 0 0 10 0 0 76 0 0 5 4 0 16 0 0 0 0 0 12 0 0 0 0 0 3 0 0 0 6 20 0 0 0 0 95 0 0 0 0 22 9 70 0 0 0 30 0 2 0 0 0 83 0 0 0 0 0
 0 0 96 0 0 0 6 0 35 0 38 0 0 18 28 0 0 0 74 5 0 0 33 0 0 16 0 28 0 0 6 0 0 2 44 0 25 0 0 0 3 0 0 22 0 6 71 0 10 0 0 46 0 0 0 0 0 6 5 53 0 0 22 0 0 6 0 68 12 0 0 61 0 0 21 20 21 0 0 0 0 24 30 0 0 0 9 57 0 0 0 0 36 0 0 0 0 0 12 0 58 0 16 0 0 0 0 0 13 0 5 0 70 0 0 0 14 0 0 0 0 29 0 37 25 10 22 0 3 0 0 34 0 8 23 0 0 90 0 0 0 0 0 0 0 32 22 0 0 16 0 5 0 0 0 0 0 10 0 0 5 0 0 0 0 0 6 14 0 0 0 0 0 0 0 0 0 0 0 0 0 0 0 30 19 0 28 0 43 0 24 0 0 62 34 0 0 51 0 0
 0 19 34 42 9 0 0 0 75 9 41 0 46 61 0 0 0 16 32 0 56 0 65 0 7 0 6 72 18 62 0 29 0 0 18 75 51 2 11 0 0 28 0 0 0 0 0 0 0 0 0 0 0 0 23 0 0 0 15 13 0 0 55 36 3 0 0 63 0 1 85 21 4 5 0 0 61 26 74 7 38 0 6 0 0 35 0 22 0 91 0 0 79 0 15 0 0 59 0 0 7 32 39 11 88 0 66 9 30 0 0 0 60 23 0 75 13 62 0 22 0 9 62 4 0 0 0 74 0 0 6 0 0 0 0 0 17 65 0 13 57 4 30 0 0 0 27 2 0 0 0 33 4 46 0 0 0 0 11 0 0 50 0 0 0 41 4 0 4 0 0 6 36 0 8 0 0 56 79 0 26 0 0 11 24 81 0 6 0 13 9 15 0 56 18 0 45 35 31 13
 6 65 58 0 0 56 0 29 29 62 86 70 79 58 0 7 0 0 38 37 22 50 78 0 0 41 0 0 24 10 12 79 8 77 33 0 51 81 0 0 0 82 6 62 0 13 0 0 21 40 45 86 0 1 0 54 22 9 17 0 35 78 1 86 66 43 78 0 35 0 29 15 0 58 80 19 53 25 24 0 0 28 0 35 50 0 47 0 62 67 16 32 0 25 45 13 23 52 35 18 73 26 0 23 36 71 2 38 0 0 0 14 60 20 0 50 39 46 49 0 18 0 88 0 1 39 24 6 84 0 72 0 9 77 0 0 18 44 84 26 64 54 22 54 40 1 0 14 3 5 28 42 64 0 0 74 12 74 0 43 0 77 66 0 0 0 0 21 0 0 54 82 0 30 1 9 19 17 11 53 71 29 0 31 3 50 0 28 27 23 55 13 31 22 35 0 65 16 37 0
 0 0 7 63 56 0 0 13 23 0 0 0 54 0 15 20 0 0 0 0 18 0 0 0 0 0 0 3 32 0 0 0 34 0 45 39 23 0 9 0 0 0 0 2 0 0 0 0 10 0 0 48 0 0 0 13 0 24 95 74 27 0 0 0 12 0 0 15 57 5 14 39 0 30 0 0 38 0 0 0 13 85 0 0 0 29 0 0 0 0 0 14 19 0 8 15 0 0 0 0 40 0 0 0 0 0 0 0 0 35 20 0 0 29 0 1 36 0 0 0 0 0 9 0 2 0 0 0 28 0 0 4 29 0 0 0 46 14 16 0 89 0 0 0 0 0 4 0 0 0 0 24 46 69 6 30 0 0 0 0 8 0 0 35 12 53 0 0 0 59 38 0 71 0 0 17 0 41 16 0 86 0 0 0 47 0 21 0 0 0 8 0 0 44 0 7 30 29 0 46
 0 12 0 0 0 0 0 18 0 0 56 70 10 86 0 0 0 0 42 0 67 0 63 54 14 0 6 22 0 60 0 0 53 0 0 21 67 31 44 34 0 25 0 0 0 0 78 7 0 0 33 0 0 62 19 0 0 0 0 65 0 0 0 45 0 0 0 99 0 0 4 0 31 0 3 9 17 17 0 0 21 1 48 5 86 71 0 17 0 50 20 2 79 19 25 0 0 29 12 0 0 30 0 0 0 0 55 60 55 0 0 0 0 12 0 57 0 49 46 4 21 0 27 0 61 2 0 89 0 28 10 0 76 0 64 0 4 47 51 1 0 4 13 10 1 10 50 0 23 50 24 16 0 12 0 0 28 0 59 0 3 0 19 0 0 0 69 92 0 27 40 0 46 0 0 58 0 52 15 1 47 6 0 14 51 4 0 17 25 69 83 0 7 71 0 0 10 0 19 0
 57 71 51 0 30 58 0 0 52 0 0 19 0 0 0 0 40 0 0 0 58 50 0 0 0 76 23 58 0 28 0 0 0 9 0 0 2 0 0 54 0 0 65 0 0 18 22 2 0 0 68 0 0 15 63 31 0 0 31 2 0 0 33 15 0 0 66 73 61 8 0 69 0 0 65 64 26 42 0 90 57 31 1 0 0 16 34 58 0 43 0 21 23 46 4 0 58 17 0 3 64 0 0 0 78 0 67 0 31 13 0 21 9 67 0 17 0 34 14 0 0 0 40 21 30 0 43 6 1 0 53 3 0 0 5 33 77 0 58 14 0 5 0 11 19 30 0 0 61 0 20 64 0 0 0 71 0 0 58 0 0 0 56 51 5 63 28 58 12 34 1 88 14 0 82 32 0 27 26 0 82 0 28 0 67 38 0 71 26 85 0 17 47 18 58 0 45 67 42 22
 66 0 39 0 17 16 0 53 60 26 3 76 24 51 43 55 21 0 91 39 18 16 7 3 83 69 0 47 0 0 13 0 15 0 49 0 68 71 68 33 3 77 43 19 0 5 18 61 0 0 44 0 0 52 35 37 53 23 0 10 0 41 0 61 38 0 34 62 0 29 21 64 0 0 11 14 0 68 0 19 6 0 25 0 28 0 56 38 60 0 82 5 43 73 17 39 10 3 51 0 0 65 67 0 0 88 26 18 11 7 0 60 0 0 0 43 48 0 0 43 16 0 44 1 27 37 49 41 66 0 0 0 48 48 0 0 34 37 33 87 0 0 42 48 36 0 27 50 46 40 52 52 0 0 0 70 15 38 28 42 0 25 32 3 0 38 64 18 0 1 0 0 2 13 49 91 0 9 41 41 56 83 0 0 10 44 10 57 21 23 0 0 85 33 53 0 1 55 55 55
 58 10 48 0 0 19 0 57 21 77 1 33 0 14 0 0 50 0 0 3 5 46 41 36 69 0 35 4 77 74 37 62 34 48 0 46 0 0 0 72 0 92 44 0 0 0 11 70 19 70 68 13 0 7 18 0 55 0 49 34 0 40 12 0 10 49 0 0 0 71 0 70 0 0 33 16 33 0 70 32 27 55 18 73 15 39 85 89 41 71 4 0 88 76 31 0 27 73 38 0 76 27 0 20 86 0 45 0 25 79 0 12 80 37 0 58 38 0 33 35 45 0 57 0 55 0 79 1 89 51 0 1 25 0 40 0 0 3 65 0 43 0 17 30 65 0 13 0 0 17 30 85 61 7 36 63 27 17 28 0 24 5 0 38 0 32 41 70 0 0 48 8 8 2 34 0 63 16 50 72 34 33 0 0 0 68 0 0 44 43 37 14 54 0 47 0 52 3 84 0
 0 0 0 0 19 37 0 30 0 11 3 23 0 5 0 0 0 27 0 0 0 0 17 1 0 0 0 0 10 0 0 18 0 0 0 0 31 0 0 7 15 23 0 0 0 0 0 0 0 4 10 0 0 5 40 0 0 0 0 65 0 0 0 0 0 0 0 12 0 0 0 7 0 4 0 0 41 25 0 0 0 0 0 8 0 31 0 0 0 0 22 0 0 8 12 12 18 0 0 0 0 0 0 0 0 0 1 88 0 20 6 0 0 47 0 0 16 10 0 12 27 0 0 0 0 0 0 0 0 0 34 0 0 0 14 0 0 0 6 0 10 0 0 0 0 0 0 0 0 59 0 6 0 21 0 0 14 0 0 0 9 0 0 0 5 2 0 0 0 0 0 33 14 0 0 0 0 0 2 0 0 0 0 0 36 0 0 0 27 0 1 0 0 0 63 0 3 0 0 0
 0 17 31 0 14 0 6 0 0 0 36 0 78 0 0 0 28 0 0 26 20 8 8 0 0 0 30 0 38 0 36 0 0 0 5 0 36 0 16 10 25 0 0 0 0 0 8 0 0 32 0 4 0 3 30 0 0 0 0 20 0 0 20 0 0 0 0 29 48 25 0 50 0 2 23 0 69 0 0 0 35 21 0 0 0 8 0 4 0 0 0 0 12 38 14 0 0 27 0 0 19 0 0 27 0 0 0 80 10 0 0 0 0 55 0 0 0 0 0 8 0 16 0 0 0 0 14 12 0 0 0 0 0 0 0 0 13 29 0 0 3 0 22 0 23 0 0 30 0 0 0 0 0 0 26 0 9 0 24 0 0 0 0 0 0 37 4 28 0 0 0 0 91 0 0 0 16 0 0 3 0 0 0 0 35 0 2 0 17 19 56 18 0 7 63 15 0 0 0 0
 0 0 41 0 0 10 0 0 0 0 0 0 42 28 0 0 0 33 7 0 0 0 70 0 23 0 0 0 0 0 11 0 12 19 33 0 0 11 0 16 0 0 13 2 18 0 13 47 0 0 0 31 0 0 60 0 0 12 0 69 0 0 0 0 30 22 0 17 0 0 0 0 0 1 12 10 97 0 0 0 63 69 0 0 0 0 0 93 22 21 0 0 0 0 0 0 0 15 12 0 0 0 0 0 14 0 0 0 0 0 0 0 0 68 0 0 0 6 0 0 0 0 0 0 0 0 0 0 29 0 0 0 0 1 0 1 0 48 0 13 0 0 0 0 0 2 14 0 0 0 19 0 0 0 0 0 0 0 0 0 0 0 14 0 0 26 4 0 0 0 27 2 18 0 0 0 0 0 63 0 0 30 0 0 34 0 0 0 15 0 36 0 0 0 0 0 0 9 0 0
 43 0 76 46 0 98 0 0 62 0 26 68 64 20 20 18 0 0 70 0 36 0 60 0 57 9 74 45 30 0 17 0 16 73 0 47 84 46 64 39 0 51 46 84 16 0 0 0 26 0 23 42 0 0 50 29 0 0 44 20 0 9 21 66 16 53 86 22 0 26 0 10 0 1 23 0 37 0 14 0 0 0 62 0 59 72 0 0 0 82 5 0 26 38 50 0 0 7 37 0 22 14 0 0 0 0 0 72 0 0 0 0 49 75 0 11 0 56 0 0 0 0 9 0 49 65 0 0 19 28 0 34 52 0 5 0 0 0 9 0 14 0 1 0 0 0 15 18 63 11 21 45 68 0 0 72 0 12 0 51 0 8 57 55 0 74 55 5 0 46 15 23 0 27 0 50 0 0 67 84 32 6 12 0 55 18 0 83 0 9 0 0 19 35 41 0 33 0 0 0
 0 41 4 19 38 0 0 0 19 0 0 0 57 39 0 0 0 0 28 0 0 1 0 0 0 17 0 51 0 1 0 5 40 39 0 0 10 84 15 37 0 14 0 0 0 0 0 76 68 0 0 38 0 0 54 1 23 0 96 0 0 0 22 0 0 0 0 57 26 0 26 55 1 0 0 84 9 0 30 48 32 56 0 0 47 58 61 17 24 0 0 0 0 0 0 0 0 44 4 15 0 30 0 0 32 0 0 10 0 25 0 0 28 69 0 0 12 66 0 0 31 0 23 0 25 0 0 64 0 28 0 19 0 0 0 0 17 0 42 50 0 0 0 56 0 31 10 14 6 0 97 34 66 59 2 36 0 0 26 0 0 27 6 0 9 0 73 27 0 0 0 22 20 0 0 0 0 0 0 0 80 0 0 0 0 46 0 63 0 46 40 0 0 60 68 0 8 5 46 52
 0 0 98 0 0 0 0 0 0 0 62 0 0 0 19 0 3 0 0 0 0 0 0 8 25 0 33 26 0 25 0 0 13 0 59 0 0 0 0 2 0 0 18 39 20 0 1 0 0 0 0 0 0 18 0 0 22 0 37 0 5 0 21 0 16 0 8 27 0 0 0 0 0 0 0 0 43 0 0 0 0 9 2 0 0 7 32 38 0 0 0 0 14 0 4 0 0 0 0 26 0 0 0 7 0 0 15 0 28 0 28 16 8 0 0 31 0 0 3 0 0 0 1 0 0 0 0 0 0 0 0 0 0 0 0 0 0 34 0 0 4 0 4 0 0 7 32 0 10 56 0 29 20 24 23 10 0 0 0 0 7 0 0 17 0 0 59 26 0 0 26 0 0 0 0 0 0 0 36 0 28 0 0 0 0 0 0 0 0 0 0 0 6 0 72 0 0 32 0 0
 50 0 5 37 42 82 87 50 6 27 20 57 0 40 3 53 63 62 0 27 0 87 0 0 59 79 31 0 55 90 39 58 61 5 24 72 84 38 5 83 40 28 7 52 10 33 54 46 59 57 8 67 0 0 0 72 2 93 30 90 4 0 8 0 0 0 15 37 49 63 70 87 16 28 63 24 55 0 16 28 43 0 5 42 58 22 7 50 7 93 44 46 16 0 44 0 35 31 7 19 59 5 0 0 47 10 0 10 0 71 45 66 5 46 19 40 77 62 89 0 32 56 77 0 50 0 0 3 37 0 0 3 0 0 78 22 39 61 68 0 2 0 68 64 21 28 78 74 0 0 24 15 20 0 24 82 19 34 55 19 0 0 25 78 32 1 25 13 47 16 0 0 55 0 0 0 50 63 0 7 61 8 5 70 36 8 10 19 22 35 1 8 39 25 8 15 55 50 45 49
 0 0 99 91 38 0 11 27 0 6 4 0 88 48 0 0 0 0 60 0 0 0 75 20 8 0 15 54 0 22 0 0 12 0 32 25 71 31 6 2 0 25 0 0 0 0 0 0 29 7 21 0 15 0 70 0 0 0 9 2 0 0 72 7 0 0 6 76 22 14 0 3 0 0 0 0 0 91 0 54 0 78 0 0 0 0 12 3 0 10 0 0 71 18 0 0 82 91 0 0 24 0 0 0 0 0 0 0 0 0 0 0 0 94 0 38 19 0 38 0 0 0 16 0 22 8 37 0 0 0 43 0 0 19 0 12 71 0 13 0 14 0 9 0 0 22 0 0 4 23 0 64 0 40 0 0 0 4 0 0 0 0 0 0 0 0 60 0 22 73 0 19 28 0 0 0 0 68 58 16 34 0 0 0 27 0 4 29 0 56 0 26 0 39 54 24 0 10 0 23
 0 19 67 0 11 7 0 0 12 0 0 28 0 0 0 2 0 11 0 0 0 0 0 1 28 0 21 0 0 0 0 13 0 3 89 0 0 0 5 0 9 4 0 0 0 0 0 0 0 0 0 32 7 0 0 0 0 0 13 0 30 0 0 22 0 14 4 0 9 0 0 0 0 0 0 26 14 0 0 0 73 0 0 0 0 24 0 72 0 0 0 16 0 0 35 0 23 0 31 0 4 0 0 0 0 0 0 27 0 0 38 0 0 34 0 1 0 0 0 0 5 0 0 17 0 0 0 15 23 0 0 0 0 0 5 0 0 0 0 6 0 0 24 8 6 0 0 0 5 1 0 0 0 46 1 13 0 0 38 4 0 0 0 0 0 28 0 0 0 0 0 0 26 0 0 0 0 0 0 0 0 0 33 0 0 0 18 0 34 0 0 0 14 28 28 0 0 0 0 16
 27 8 78 30 0 3 0 0 15 0 88 0 12 0 9 0 0 3 49 0 0 12 23 28 0 23 14 0 0 7 0 0 10 0 30 0 82 0 82 11 0 0 25 0 0 4 55 57 7 0 0 83 0 12 58 0 0 0 92 74 36 8 0 0 26 0 0 30 12 0 0 0 0 23 0 0 78 3 18 0 77 61 0 0 0 0 0 0 0 0 0 0 41 6 0 16 56 43 11 0 20 5 0 0 34 6 0 0 0 31 6 0 0 97 0 0 0 0 0 0 0 5 0 0 0 0 53 0 11 0 46 0 0 0 0 0 0 51 5 0 0 0 0 0 22 0 0 0 11 0 11 70 78 72 23 0 0 7 0 0 0 6 14 0 0 83 91 8 0 35 0 57 0 16 0 0 0 31 36 0 12 0 22 0 47 0 0 0 0 0 77 0 0 1 23 0 16 25 0 49
 2 0 17 32 0 63 0 0 63 37 0 0 28 0 0 0 0 0 64 0 99 9 56 76 83 56 42 74 0 15 0 0 0 49 65 67 61 21 0 3 0 40 39 74 0 0 77 21 19 48 0 0 0 12 81 61 0 0 0 9 0 0 42 66 69 0 0 83 0 0 35 84 0 0 0 0 6 0 0 0 11 0 8 0 38 7 0 0 0 33 0 0 29 54 27 64 64 52 53 2 14 0 0 0 16 56 83 32 0 22 0 0 21 69 0 0 0 71 12 0 34 0 73 47 31 80 51 72 0 0 18 0 55 58 63 0 13 49 57 93 0 0 0 21 43 22 0 0 33 0 21 31 79 0 4 28 69 7 27 43 0 0 0 0 0 0 56 0 0 0 54 51 0 41 9 0 0 79 0 0 34 21 0 20 0 14 0 31 38 23 9 0 14 43 0 6 0 0 19 0
 44 82 56 75 11 74 2 0 0 80 34 0 9 47 0 62 0 0 1 11 91 54 49 61 0 0 54 1 8 60 0 0 0 50 23 74 70 0 0 7 0 0 31 12 0 60 59 9 0 55 59 59 0 92 48 45 53 0 0 55 20 0 7 0 3 31 74 0 0 40 20 34 23 28 35 0 29 7 46 54 0 0 58 25 93 76 43 0 0 0 35 0 51 10 64 60 10 75 0 33 0 31 34 0 0 0 0 42 22 0 0 70 27 40 0 16 72 0 0 81 0 26 76 39 62 77 42 5 0 63 0 0 26 13 33 4 0 12 6 60 10 0 48 38 37 17 0 15 0 0 50 81 32 21 0 39 64 38 63 28 60 42 48 8 20 0 0 0 0 4 0 0 0 5 90 0 9 4 22 3 63 0 4 0 0 33 5 3 1 11 0 0 0 0 0 0 27 0 37 0
 0 1 0 0 0 0 0 0 0 0 30 0 0 0 0 0 0 0 4 0 0 0 0 0 0 28 0 0 0 0 0 0 34 0 60 0 0 31 0 0 0 0 28 0 31 0 81 26 11 0 0 0 0 0 0 0 17 33 0 0 0 0 0 0 0 0 0 44 1 0 0 81 0 0 0 0 85 0 5 0 47 79 0 0 0 28 11 48 2 0 0 8 0 11 17 10 0 46 0 0 0 17 0 39 0 0 0 41 0 8 11 4 0 58 17 0 0 0 0 0 0 0 0 0 0 0 0 14 0 0 0 0 0 9 15 0 0 0 0 0 0 25 22 0 0 0 0 0 21 69 0 8 0 61 0 33 14 0 0 0 11 28 0 12 0 0 43 0 11 0 0 0 25 34 0 10 30 0 0 0 0 6 15 0 15 15 0 0 0 0 0 19 0 15 52 8 0 0 0 0
 0 0 24 26 0 0 31 0 16 0 30 0 21 0 0 0 34 0 0 0 0 0 0 11 0 0 0 0 4 5 0 0 0 0 64 0 0 0 0 0 1 0 0 0 0 0 0 0 0 0 3 6 0 0 14 0 0 0 6 0 39 10 0 0 16 0 0 0 0 0 13 18 0 0 0 0 41 0 0 0 55 0 3 0 8 3 0 37 0 0 0 0 0 0 0 0 0 0 0 0 8 0 0 0 0 0 0 21 0 0 0 0 0 72 0 2 0 9 0 1 0 0 0 14 0 0 0 0 0 0 0 0 0 0 0 35 0 45 0 0 0 0 0 0 0 0 0 2 2 0 28 0 0 64 0 3 0 0 0 0 0 23 0 0 0 0 0 0 0 0 0 3 0 0 0 2 8 0 3 33 0 0 0 0 34 0 0 0 55 1 0 0 20 0 63 0 11 0 0 0
 4 20 0 56 36 0 0 60 86 0 15 2 0 97 32 64 60 0 11 9 51 76 55 0 12 60 0 0 57 4 0 0 0 8 21 2 20 72 77 39 0 0 67 0 34 13 49 46 75 8 41 0 0 15 0 0 18 0 22 0 0 0 51 0 0 0 2 80 16 55 22 85 18 26 32 0 5 0 16 54 53 0 4 28 21 33 76 0 71 66 0 20 0 0 67 63 0 9 23 74 0 3 83 0 0 0 0 0 58 59 0 31 11 0 0 75 36 2 63 14 0 27 44 68 14 36 49 17 15 46 0 0 61 0 71 18 90 36 7 34 0 16 0 69 64 0 24 55 65 22 60 9 0 47 72 0 0 47 0 67 7 0 46 35 0 83 0 41 24 2 0 59 0 64 30 0 40 0 0 0 57 4 16 0 25 25 91 0 0 49 64 0 58 80 10 0 49 69 0 31
 0 19 80 8 45 11 0 9 37 62 63 66 0 0 1 47 16 0 0 0 22 6 0 56 84 0 13 63 0 52 12 32 2 0 56 0 0 11 47 11 0 38 11 64 0 0 38 5 50 0 48 14 10 17 0 0 0 37 17 0 33 0 74 0 87 48 63 25 0 0 38 0 0 0 0 42 0 49 61 88 0 22 27 55 0 0 37 38 0 26 0 0 80 66 47 0 0 25 97 82 64 22 0 0 1 54 0 28 0 0 0 0 15 0 23 50 0 0 8 23 17 0 0 0 52 3 51 0 0 0 43 0 74 24 0 0 0 0 72 54 24 0 0 70 75 0 31 0 21 17 47 32 0 29 0 69 56 0 55 41 0 42 81 0 0 0 0 35 0 0 34 71 0 79 0 0 5 0 12 48 82 0 0 15 14 0 0 97 40 0 8 0 62 16 0 0 32 24 46 72
 0 0 0 36 45 0 0 0 0 0 38 0 66 37 0 0 0 0 6 0 0 0 7 74 0 0 30 0 20 27 0 0 28 24 77 0 42 4 0 0 0 1 13 0 18 0 27 0 6 0 0 0 0 0 46 57 0 0 26 36 0 0 0 0 0 0 0 7 34 0 0 66 0 0 0 0 71 26 65 0 15 50 0 0 1 0 0 0 9 9 15 14 65 1 0 0 64 0 0 16 13 4 0 0 0 2 0 0 0 0 0 11 0 67 0 2 0 0 0 0 0 11 32 0 0 0 22 0 0 0 0 18 0 0 0 0 0 33 37 6 0 23 12 0 29 13 0 0 0 56 0 61 54 0 0 5 0 0 0 0 0 0 6 3 0 4 21 0 0 0 0 64 85 3 0 0 22 30 9 0 11 0 0 19 54 0 0 0 1 44 0 12 35 0 0 28 0 0 27 31
 2 36 67 72 49 62 0 0 7 0 20 0 88 19 0 19 10 0 0 0 58 0 51 69 0 0 22 0 0 25 0 0 7 0 28 13 28 62 13 0 0 81 0 0 0 7 60 11 26 0 22 88 31 0 0 21 0 33 51 88 2 20 7 0 0 0 33 0 0 0 1 92 0 0 50 0 19 37 2 64 41 15 53 0 0 65 0 53 0 33 3 0 17 0 9 0 32 34 0 16 77 27 0 0 6 0 56 0 44 32 0 0 0 47 16 0 4 0 19 0 15 0 0 9 21 0 0 0 0 30 55 13 0 9 11 0 69 0 6 19 10 0 0 4 0 0 4 0 0 4 0 64 94 10 1 51 0 0 0 16 25 42 0 0 10 0 27 18 0 30 0 75 1 0 0 0 0 0 0 0 77 0 0 0 89 17 0 0 60 41 0 0 0 0 37 0 10 0 20 36
 20 0 5 78 0 14 0 23 48 12 34 16 24 25 75 0 48 0 26 24 34 11 44 58 45 44 0 31 0 90 0 0 4 28 27 80 5 96 65 0 0 0 91 5 0 0 34 41 0 0 46 0 17 64 29 0 0 0 90 0 27 0 30 28 0 0 53 43 61 0 35 0 0 0 25 65 34 19 0 0 60 56 0 0 58 0 35 2 0 40 0 0 67 48 0 0 36 70 18 58 77 0 0 0 0 1 46 32 20 0 0 0 7 11 0 0 0 12 0 0 2 0 44 0 22 47 0 0 0 75 4 0 37 0 0 0 61 7 79 44 39 0 4 12 47 0 0 0 16 43 72 0 0 29 0 0 0 0 78 3 18 77 13 0 0 27 24 50 0 6 70 0 0 6 70 44 3 30 49 0 0 0 22 8 27 16 0 0 0 16 0 1 25 0 74 20 0 0 45 58
 63 25 18 87 86 5 0 0 0 0 54 8 41 0 0 0 0 0 11 11 35 0 25 33 26 0 63 26 0 33 0 0 2 43 20 0 78 22 0 47 0 38 5 6 18 0 18 64 0 0 65 59 3 0 0 33 12 0 27 54 25 0 29 28 23 0 0 88 32 8 0 22 0 0 14 88 30 80 0 12 41 28 72 0 70 31 61 22 2 23 0 11 0 25 35 0 0 0 63 36 84 11 0 0 0 0 0 45 0 0 1 0 2 70 0 4 0 0 17 0 0 0 14 9 59 60 0 24 0 5 0 0 98 0 83 0 19 82 19 0 0 0 3 59 32 0 21 0 39 75 55 98 9 47 0 4 20 13 8 0 0 0 27 46 0 95 8 37 0 0 53 0 0 0 44 0 0 60 23 0 66 0 0 14 27 86 0 0 49 0 52 0 62 12 0 0 74 25 67 39
 8 21 8 38 22 0 0 0 4 0 85 41 2 90 0 0 15 4 52 0 0 0 52 19 0 15 73 16 0 0 0 0 0 11 1 84 34 28 28 65 0 74 19 0 0 7 51 45 58 0 13 0 0 0 0 69 30 0 4 58 0 0 11 0 0 6 0 53 24 0 0 81 0 11 0 56 42 70 67 15 0 0 88 7 60 0 10 0 0 8 0 0 22 13 12 8 56 34 0 67 56 16 14 0 32 0 42 76 82 0 22 0 75 28 0 44 0 21 51 0 0 36 21 0 49 90 60 22 0 11 67 0 29 0 72 0 59 58 66 5 16 0 0 20 82 0 75 0 0 45 69 40 78 3 0 79 85 0 0 0 0 83 0 0 0 37 38 0 0 4 34 59 43 0 67 2 0 17 17 31 10 0 0 0 0 0 20 12 81 29 36 0 0 25 95 2 74 91 23 73
 0 0 51 0 0 18 22 0 0 0 59 0 0 3 0 0 0 0 0 0 0 30 20 0 0 0 7 0 0 0 0 9 7 0 1 0 29 0 0 0 28 0 0 0 0 7 0 0 0 0 0 0 0 0 32 0 0 37 0 67 0 0 0 12 0 0 0 0 92 0 0 0 0 0 0 0 0 2 0 25 0 0 0 0 0 0 0 70 0 0 0 0 19 0 10 0 11 0 0 0 18 7 0 12 0 0 0 0 30 0 0 24 0 72 16 14 29 0 0 0 0 0 0 0 0 0 0 0 0 0 0 0 0 0 0 0 0 0 19 0 0 0 21 0 0 0 0 0 0 0 0 0 0 0 0 0 0 3 0 0 0 23 16 0 0 0 85 0 0 0 0 0 40 0 25 0 13 0 0 0 0 0 0 9 22 0 35 0 51 0 25 0 0 18 57 0 0 0 0 0
 0 17 69 0 0 0 0 0 0 0 70 8 0 0 0 0 0 0 15 25 0 11 53 17 0 0 0 29 0 0 0 0 0 0 9 0 3 29 0 26 0 0 31 0 24 11 19 0 7 6 0 72 0 0 0 0 0 20 0 3 0 12 0 16 0 0 0 0 0 0 0 0 0 0 0 4 0 0 0 0 28 0 18 0 0 0 0 25 0 0 0 0 0 0 0 0 12 27 0 5 64 0 0 0 7 13 0 0 0 14 0 27 0 23 0 0 0 0 19 0 0 27 0 0 0 0 0 23 0 0 0 0 0 0 0 0 9 8 27 0 0 0 0 0 0 0 0 18 0 56 0 13 0 44 0 0 0 0 0 0 0 0 0 0 0 0 32 7 0 0 9 7 54 0 0 3 0 0 0 0 0 0 0 4 0 0 0 0 0 0 0 0 0 0 13 1 20 0 14 0
 35 2 0 47 83 50 0 0 30 51 88 8 0 43 12 0 70 0 24 0 57 71 0 38 41 0 0 0 0 24 0 0 16 79 47 57 79 73 9 0 3 0 63 0 0 0 15 0 56 0 55 78 0 0 88 26 9 0 25 18 0 7 61 45 3 0 26 93 82 0 77 94 0 0 84 68 82 45 38 77 0 0 14 0 81 45 17 0 36 17 0 0 29 0 44 0 0 0 40 56 59 61 3 20 0 44 24 0 41 0 38 0 59 37 14 0 0 51 96 0 0 0 54 0 5 27 9 0 0 52 65 0 31 4 0 12 29 29 0 47 79 0 0 71 44 36 17 18 59 0 48 38 31 0 20 0 43 0 52 0 0 39 0 8 0 0 69 95 0 0 0 68 20 0 33 67 0 32 0 25 18 8 7 0 47 0 0 75 38 42 0 0 18 4 4 0 0 12 40 49
 0 0 0 30 0 0 0 0 0 0 5 0 0 0 0 0 0 0 0 0 48 0 60 0 0 0 38 0 0 79 0 0 0 24 16 48 32 41 33 0 0 0 0 14 0 26 89 51 25 12 0 45 0 31 63 0 0 0 5 0 0 0 62 0 0 14 2 84 49 0 0 84 9 0 0 0 0 36 52 86 59 43 0 0 18 4 31 47 0 0 0 0 14 0 0 0 56 0 17 2 55 0 0 0 0 27 32 61 0 0 11 37 16 0 22 0 0 59 10 0 0 0 0 0 34 0 0 0 0 6 59 0 0 0 0 0 68 51 65 47 3 10 0 0 0 0 0 0 0 54 78 0 22 4 25 0 0 0 39 0 0 60 0 0 2 63 14 0 0 0 33 7 80 0 0 2 0 6 80 8 19 0 2 0 0 1 0 55 19 0 39 0 20 18 5 0 0 77 0 0
 23 0 0 0 0 0 0 0 0 0 56 0 0 0 0 0 0 0 0 0 8 0 0 0 18 0 33 0 0 0 3 0 0 21 33 0 0 0 0 0 0 0 5 0 0 0 0 0 3 0 0 5 0 0 5 16 0 0 0 0 0 10 0 0 10 0 0 7 18 0 0 0 0 9 0 17 14 0 0 0 41 0 0 0 0 0 0 64 29 6 0 7 1 0 0 0 0 0 0 0 16 0 0 0 0 0 10 75 0 0 0 0 0 71 19 15 12 37 0 0 38 0 0 0 19 0 7 0 5 35 0 0 0 0 0 3 0 25 0 0 0 0 0 0 18 0 0 0 0 0 0 0 19 26 0 0 2 0 0 0 6 0 19 0 0 0 28 0 6 0 26 0 30 0 12 0 0 0 9 0 0 8 0 0 14 11 0 0 1 0 0 20 0 0 0 0 5 0 34 7
 0 42 0 33 0 70 0 44 47 15 4 77 69 75 0 40 65 0 15 22 26 93 72 0 34 0 72 53 0 19 0 44 46 59 72 69 24 3 51 0 12 21 0 33 19 27 50 48 50 31 0 54 0 40 72 48 74 0 56 51 0 42 8 61 23 23 36 22 24 27 0 59 0 0 25 48 74 19 66 0 0 85 11 0 0 59 20 0 0 7 41 0 0 22 2 0 0 4 64 0 11 83 3 0 3 65 0 29 6 0 0 4 74 49 0 1 89 47 96 9 0 0 85 0 0 0 47 0 63 59 65 15 43 0 76 0 70 28 0 0 67 43 58 86 0 0 42 0 61 19 5 0 50 8 18 0 58 11 0 28 0 42 1 0 31 7 0 4 0 26 53 60 47 0 41 53 0 0 61 32 16 21 0 6 43 0 0 17 39 30 26 0 33 43 39 0 0 16 0 39
 67 74 47 20 38 64 0 0 27 57 0 56 86 7 10 83 55 28 65 0 36 0 61 0 0 0 65 11 0 0 0 0 0 52 75 0 31 53 67 0 0 0 19 56 16 25 0 0 0 0 48 13 0 21 59 0 51 0 99 26 0 14 26 9 38 19 0 11 89 2 22 0 27 0 69 17 38 0 49 0 24 46 44 58 52 0 0 6 0 0 0 0 11 48 71 76 0 14 26 39 0 15 31 0 6 46 0 0 0 0 0 0 0 56 0 0 16 33 42 0 20 0 6 18 67 0 64 42 0 0 80 0 47 11 55 0 3 0 64 0 16 0 35 0 44 0 17 0 0 32 0 40 62 0 0 31 0 13 0 47 0 36 42 33 0 39 0 41 0 0 21 0 53 2 0 33 1 61 0 51 0 0 0 0 67 11 0 19 55 0 0 0 66 15 62 2 10 67 31 63
 0 0 0 0 0 0 0 9 0 20 44 0 43 58 0 0 0 15 38 0 0 0 73 66 8 5 10 67 0 0 0 0 58 0 72 0 6 67 0 6 0 30 0 0 0 0 19 0 0 0 34 85 0 37 0 44 10 0 8 21 0 12 16 0 0 0 0 4 68 0 14 26 0 0 0 0 43 27 54 57 0 6 19 0 0 40 66 29 0 0 0 0 56 0 0 0 57 31 4 0 24 32 0 0 0 0 0 0 0 0 0 0 0 91 0 73 0 0 0 0 0 0 78 0 29 0 41 27 0 36 0 0 0 0 0 0 60 0 0 14 87 0 6 0 0 11 0 4 0 3 46 0 0 31 2 0 0 0 0 30 21 0 0 0 0 76 61 0 12 0 2 90 49 0 0 0 0 0 68 0 86 0 0 0 0 28 22 0 39 60 60 0 0 19 77 10 0 69 0 56
 22 71 94 42 18 26 0 32 0 0 0 0 0 16 0 3 3 0 34 4 87 0 52 57 13 0 36 48 0 0 10 4 1 0 76 55 48 54 0 0 0 31 0 0 0 0 41 35 0 7 0 63 0 2 0 3 23 9 44 64 35 0 36 9 0 0 0 57 0 0 52 0 0 0 72 0 90 0 96 0 20 84 45 0 0 73 66 34 0 25 0 7 14 16 0 13 62 62 0 0 88 32 0 0 12 0 25 40 16 0 0 0 0 63 0 30 0 48 0 0 26 0 32 0 0 0 52 50 23 0 19 6 0 0 0 0 29 29 0 8 80 0 0 86 0 0 72 0 0 27 63 54 70 73 0 50 0 0 1 0 31 50 0 0 0 28 75 0 12 19 0 80 0 0 95 4 0 57 8 0 69 0 0 0 78 0 0 26 36 0 82 20 0 29 42 0 60 30 82 27
 0 0 24 8 0 0 1 0 0 0 0 0 0 0 7 12 0 0 0 0 0 0 0 0 0 0 0 0 1 0 0 0 0 0 0 0 14 0 0 0 0 0 0 0 29 0 0 0 0 0 0 0 0 0 0 0 0 0 0 0 0 14 0 0 0 0 0 16 17 0 17 0 0 0 0 0 0 7 0 4 14 0 0 0 0 0 0 0 11 27 0 0 0 32 30 0 19 0 0 0 0 0 0 0 0 31 0 0 0 0 0 0 0 0 0 2 7 0 0 0 0 0 0 5 0 0 0 0 3 0 0 0 0 0 0 0 14 0 0 0 0 0 0 0 23 0 0 0 0 66 0 0 0 0 1 0 0 14 0 0 0 29 0 0 0 0 45 0 0 0 0 0 0 0 0 0 0 0 33 0 0 0 0 0 0 15 0 0 59 20 0 0 0 28 0 4 0 0 10 2
 0 0 45 14 25 0 0 0 41 7 0 0 0 68 0 0 0 0 0 0 0 0 58 60 26 39 0 2 0 21 0 0 45 26 0 33 45 46 63 0 0 17 0 0 0 1 0 13 82 24 8 94 4 0 47 0 17 0 26 77 34 0 0 0 0 0 0 0 33 0 0 23 0 5 0 0 0 0 0 0 0 45 0 0 6 2 0 55 0 0 0 0 57 0 0 0 0 26 0 0 47 0 0 0 0 0 0 58 0 0 0 8 61 18 14 0 0 1 0 0 0 0 61 30 4 0 32 0 0 6 29 0 0 0 0 10 0 79 0 0 0 0 13 0 0 0 0 0 0 97 0 0 49 25 0 15 0 13 0 17 0 16 0 24 0 54 73 0 28 19 0 30 25 33 0 0 9 0 22 0 5 16 2 0 72 0 0 0 0 8 16 27 0 0 97 10 2 24 0 29
 7 0 42 0 0 34 0 1 14 0 82 8 72 61 0 0 0 0 11 1 0 0 0 64 0 0 31 0 9 37 0 3 0 2 43 0 38 51 88 0 0 29 36 23 31 0 16 22 54 0 0 7 0 20 1 0 25 0 0 59 0 0 0 0 3 25 0 32 54 0 0 50 0 0 0 0 0 8 0 0 13 6 0 0 0 8 0 0 32 0 0 0 58 27 0 0 0 89 0 0 59 0 0 0 0 0 0 28 0 0 0 0 24 9 0 18 0 27 2 0 0 0 0 0 0 0 16 0 0 0 47 0 0 0 0 0 0 31 13 0 15 0 0 0 0 0 0 5 0 64 0 53 44 67 0 0 0 15 0 0 33 0 0 0 0 42 0 0 0 16 0 53 61 0 0 0 0 9 53 0 0 0 0 0 0 0 0 0 64 0 3 6 0 53 65 0 0 76 0 70
 0 0 73 28 0 30 0 0 0 0 48 0 23 46 0 0 3 0 62 0 53 0 0 0 0 0 20 42 0 0 0 0 60 20 47 69 61 0 65 0 20 64 0 0 0 0 56 43 35 9 0 66 0 0 36 45 4 0 79 81 0 0 9 0 22 0 0 0 13 0 0 20 29 21 0 10 0 60 84 0 0 14 0 31 0 38 0 82 0 0 3 0 0 0 0 0 15 15 35 0 17 89 0 17 30 0 0 73 0 2 0 0 0 0 0 0 0 0 0 0 35 0 13 0 0 0 13 0 0 0 80 0 0 0 27 2 9 32 0 0 0 0 0 0 0 0 0 0 0 0 0 49 98 82 0 0 0 0 0 0 0 0 0 19 0 0 52 0 0 0 0 54 3 27 0 0 2 67 26 20 0 0 0 6 14 8 9 0 17 75 0 6 0 61 57 0 2 0 0 49
 0 16 0 0 0 0 0 0 0 0 54 16 0 0 0 36 0 0 0 0 0 5 63 0 37 0 0 0 5 0 0 0 10 0 0 0 0 1 25 0 15 0 0 0 0 0 3 0 0 3 0 11 0 11 0 0 0 7 0 0 0 19 0 0 0 0 19 21 0 1 0 0 0 0 16 0 0 3 0 28 0 38 0 0 0 0 0 10 0 0 0 32 0 0 0 0 0 0 0 0 0 0 37 0 0 0 0 0 0 0 0 18 0 0 21 0 0 12 0 17 0 0 0 2 0 14 0 0 0 20 0 0 0 0 0 29 0 63 10 18 0 3 0 0 0 0 0 33 0 1 0 15 0 39 9 0 0 0 0 0 0 0 37 0 0 0 40 23 20 4 0 15 18 0 34 0 0 0 28 0 0 2 0 0 0 0 0 0 0 0 14 0 5 0 61 34 0 0 0 0
 0 15 7 0 0 0 0 0 0 0 85 31 0 0 0 3 0 34 0 0 0 0 23 13 0 0 0 0 0 0 0 0 8 39 0 0 0 11 0 4 0 0 0 0 1 0 0 0 0 27 0 0 0 0 0 0 22 16 0 65 1 0 0 0 0 0 17 11 53 1 0 51 0 0 0 0 69 0 0 0 0 0 5 0 0 0 10 70 0 5 0 0 0 8 0 10 0 0 0 0 47 0 0 25 0 18 0 63 0 0 0 21 26 62 0 0 0 2 0 0 0 20 0 0 0 0 0 17 0 0 0 39 0 0 0 29 10 86 0 0 1 0 0 0 0 0 0 11 0 0 0 0 0 0 0 0 0 0 22 0 0 31 0 4 0 4 76 0 0 0 0 0 0 0 0 24 0 0 56 0 12 10 0 0 22 11 0 0 7 0 14 0 0 32 0 0 0 0 0 0
 0 0 19 0 4 0 1 0 13 0 0 12 95 0 0 0 0 0 68 0 21 2 62 90 0 0 15 0 25 59 0 0 64 5 11 6 62 0 0 0 34 97 0 0 0 0 41 20 59 0 7 0 0 22 65 14 0 0 69 0 0 0 34 0 4 0 0 1 0 0 50 15 0 0 0 0 16 47 31 63 57 0 0 0 59 90 43 58 0 38 0 0 32 0 0 0 42 2 0 24 11 8 0 23 3 3 34 71 0 0 0 0 1 0 0 77 0 0 0 0 7 0 31 0 30 0 18 0 0 21 0 0 4 0 0 2 2 8 45 0 0 0 15 33 0 0 0 11 18 0 0 29 55 2 11 64 1 0 7 0 0 0 0 30 37 51 1 13 0 71 0 0 22 0 6 0 0 94 58 5 72 9 5 9 84 9 0 0 0 0 1 0 0 2 73 30 0 47 62 46
 0 0 20 23 68 46 0 0 0 0 2 72 10 78 76 57 46 0 27 21 0 3 94 6 7 1 85 11 23 0 5 13 26 58 38 9 29 23 78 75 0 60 0 52 2 0 0 5 8 65 9 55 0 26 49 29 38 0 0 4 0 0 10 61 66 55 0 47 81 44 46 9 1 0 55 4 36 14 18 0 74 92 49 0 18 20 5 0 0 22 0 0 15 0 0 0 18 40 23 58 46 21 0 0 0 0 34 0 47 1 0 0 29 10 0 62 0 70 78 5 5 32 16 4 48 0 0 4 0 22 0 0 17 0 87 0 17 0 0 54 0 9 0 2 0 0 60 27 7 7 59 28 0 0 0 39 48 0 84 84 0 0 24 0 0 46 0 45 0 0 0 0 50 5 0 35 0 0 69 65 0 0 5 0 36 0 0 27 10 0 47 0 61 47 28 0 39 30 80 0
 6 28 16 0 0 9 0 17 1 6 9 0 52 0 0 0 5 0 45 0 0 0 67 22 0 0 37 0 0 0 1 2 59 2 19 0 44 62 94 0 0 43 0 2 0 0 46 22 64 0 0 80 0 75 1 36 0 0 25 0 0 23 0 7 0 0 0 28 61 0 0 44 17 0 12 14 51 0 39 41 46 61 0 0 0 50 0 0 0 0 0 16 0 0 0 0 28 82 2 12 95 0 22 0 19 0 23 0 0 0 0 0 28 23 0 25 0 47 0 0 0 0 16 0 40 12 0 45 0 0 53 0 0 19 0 0 0 0 0 23 12 0 0 18 0 8 0 3 0 0 0 0 7 14 0 0 10 0 0 0 26 26 13 0 0 3 0 0 0 0 0 0 0 0 0 0 7 54 31 0 17 0 0 15 0 0 0 21 0 0 0 0 0 34 54 19 0 29 0 84
 0 0 22 29 56 0 25 0 0 0 50 4 89 60 0 0 0 0 0 11 53 22 97 19 0 0 0 19 0 3 27 0 0 0 10 30 10 60 17 0 0 0 0 0 8 0 0 0 49 0 0 0 0 38 0 38 0 0 0 0 0 5 59 0 15 0 10 35 13 0 0 51 0 11 0 0 9 0 0 0 75 54 0 0 0 0 0 0 0 0 0 20 66 0 11 7 81 23 0 0 44 70 0 0 0 0 0 3 0 0 0 17 0 40 0 75 0 0 0 16 0 0 1 9 0 35 0 0 11 0 32 0 0 27 5 33 0 7 43 10 49 0 0 0 23 17 30 0 0 47 0 26 45 20 0 0 8 0 0 0 0 0 0 0 0 0 0 0 0 0 0 0 92 34 0 0 0 63 14 0 0 20 0 16 7 15 5 47 0 45 83 0 29 0 75 0 0 0 0 0
 0 0 78 21 26 16 0 0 15 0 10 9 72 16 0 8 8 0 0 0 23 0 48 19 13 5 5 31 0 0 6 6 50 0 0 0 49 77 0 9 0 84 2 0 0 0 0 0 35 0 0 0 0 0 32 0 23 0 0 0 0 0 18 13 0 0 0 4 11 0 0 49 0 18 0 0 54 48 18 26 36 0 0 0 12 34 0 86 0 0 0 9 30 0 0 0 0 23 0 1 1 0 0 0 0 0 15 35 0 36 0 0 23 35 0 34 0 13 0 13 0 0 0 0 34 1 37 15 0 0 33 0 0 0 0 0 32 7 41 69 10 0 0 0 0 0 0 1 27 83 23 51 26 56 6 0 0 29 0 0 0 0 0 0 0 88 0 12 7 0 0 11 0 0 10 0 37 11 82 23 9 0 14 0 0 0 0 36 0 21 0 0 0 0 0 13 34 26 16 72
 11 7 0 0 0 0 25 0 0 0 37 0 0 0 0 4 0 0 0 0 0 0 0 0 0 0 19 0 19 0 0 10 0 0 41 0 0 0 0 0 18 3 0 0 0 0 18 0 0 9 0 0 0 0 0 10 15 5 0 0 24 0 4 0 0 0 6 0 0 13 0 0 0 0 0 0 26 0 11 0 0 0 0 8 25 25 0 0 4 0 12 9 0 0 0 0 25 0 6 4 0 0 0 0 0 0 2 0 0 0 0 28 0 14 0 0 32 0 4 15 3 6 14 0 0 0 8 0 5 4 0 0 0 0 15 0 0 0 26 0 0 0 9 17 0 0 0 0 0 17 1 0 2 40 0 0 19 0 0 0 0 28 0 18 0 13 3 38 20 0 29 0 71 0 0 0 0 0 36 0 0 0 0 0 0 14 39 0 32 0 0 0 0 0 11 0 0 0 18 19
 82 89 44 0 61 24 0 0 60 41 0 48 85 0 0 67 8 0 6 0 82 25 47 71 8 7 0 0 0 57 39 0 31 37 0 0 76 23 46 30 0 23 71 10 0 0 26 30 0 29 0 91 0 39 7 10 20 21 0 79 0 35 0 91 15 0 14 67 0 0 30 0 9 33 51 43 0 12 0 27 25 6 35 31 34 29 79 0 0 54 40 18 9 42 74 0 65 4 45 0 0 30 0 0 0 60 49 31 80 0 0 0 25 0 0 34 0 32 12 0 0 0 0 64 0 38 99 47 0 0 49 0 70 43 56 4 32 52 0 64 39 92 25 5 54 0 0 0 32 62 86 19 0 0 0 9 0 0 6 66 14 22 37 0 0 23 27 39 0 73 8 0 0 0 45 50 0 27 29 0 44 0 0 0 36 36 0 44 36 33 22 3 72 54 19 0 57 2 33 57
 0 0 65 0 12 21 0 0 31 0 43 0 0 92 6 0 0 0 55 0 56 0 57 42 0 0 0 27 0 59 0 0 1 0 33 20 76 69 23 0 0 45 0 0 19 0 23 27 0 0 29 0 0 0 17 74 0 27 26 53 0 0 0 0 0 0 0 59 90 0 17 0 0 7 8 0 0 38 80 84 29 0 0 0 22 38 26 56 0 0 34 0 52 0 6 0 54 57 6 0 45 19 0 0 0 0 0 27 0 0 16 0 0 0 32 59 0 81 0 9 0 0 8 28 0 0 28 21 0 0 78 0 0 0 0 0 0 85 0 0 13 0 0 6 0 0 29 0 11 0 2 46 0 36 0 0 0 0 15 4 0 29 0 0 0 75 0 0 0 0 3 46 41 0 0 29 0 0 0 0 7 0 0 0 0 0 0 14 0 84 44 0 0 0 65 36 0 2 24 13
 9 24 29 29 56 7 0 26 0 0 0 15 0 48 26 10 0 0 19 0 45 38 48 15 0 10 33 59 0 0 0 0 30 0 47 0 61 0 16 1 0 79 0 5 0 0 0 13 69 0 90 41 0 28 30 72 28 0 59 34 22 6 0 0 22 52 71 66 69 70 34 6 0 0 54 0 26 37 51 0 30 0 39 44 71 43 7 0 0 0 0 0 0 10 17 29 30 43 2 51 30 35 0 0 69 55 0 0 0 0 0 19 77 95 0 71 0 0 0 1 3 0 0 0 58 60 0 50 35 0 6 0 58 15 34 0 0 0 5 22 86 0 0 0 71 0 36 22 0 56 0 70 43 0 0 77 69 7 0 9 0 59 4 64 20 78 74 44 0 0 0 24 64 85 62 18 0 58 36 0 26 0 0 0 41 0 0 15 0 44 90 11 19 9 28 0 56 54 76 53
 11 49 88 20 83 54 0 0 35 0 41 73 40 21 21 8 12 0 0 13 0 55 0 19 50 42 0 38 0 80 0 15 29 0 31 42 71 70 14 9 0 0 0 0 0 35 41 30 53 64 38 29 0 12 0 11 56 2 0 14 0 59 0 63 63 0 11 66 3 3 76 0 0 24 5 0 62 22 6 33 0 31 59 2 0 0 0 0 0 1 81 0 78 87 88 32 0 25 52 0 12 42 9 0 0 70 36 29 47 0 0 0 0 67 0 31 24 25 0 19 80 17 2 43 0 25 16 26 0 12 9 3 55 36 56 0 40 26 80 0 41 0 19 24 52 0 0 30 51 0 49 77 46 54 16 0 51 0 23 21 0 38 48 74 0 4 37 70 0 46 63 0 42 44 28 81 0 0 31 0 0 5 15 0 10 0 0 0 0 8 11 0 27 31 26 0 0 0 47 62
 13 2 38 0 0 11 0 0 0 0 45 19 79 0 0 0 0 26 83 12 4 0 28 0 0 0 5 0 21 0 20 0 87 0 10 0 0 0 0 0 33 0 0 0 0 0 50 0 55 0 16 0 0 0 78 0 0 0 90 47 28 0 0 0 0 37 0 0 72 0 0 0 15 0 0 0 72 0 0 6 94 12 0 0 22 0 0 39 0 0 17 0 0 0 0 8 0 67 0 0 7 9 0 0 0 0 0 29 0 3 0 0 18 62 0 0 0 0 9 0 0 0 26 0 0 0 0 0 3 29 9 12 28 22 0 0 13 0 0 0 0 0 0 0 0 0 17 25 0 23 0 0 0 8 0 0 0 0 0 0 37 0 0 0 0 26 48 0 0 0 0 0 0 0 7 0 0 35 73 0 0 0 0 0 93 0 0 25 39 0 0 0 0 17 0 0 3 0 0 14
 0 75 65 48 30 15 0 0 0 0 0 67 0 12 0 10 66 0 50 0 33 0 0 25 29 0 56 12 0 16 0 0 84 83 33 0 38 29 47 0 0 4 0 0 0 0 0 0 64 0 71 38 1 0 35 0 0 0 0 34 14 0 0 19 0 0 0 6 82 1 32 30 0 0 62 0 0 91 0 0 71 0 33 18 63 10 76 55 0 28 0 0 85 0 14 0 29 0 0 15 26 72 0 4 0 0 10 76 55 0 0 16 0 0 0 0 4 0 44 0 0 0 27 26 43 15 0 67 0 94 0 0 10 0 54 9 61 33 7 44 18 0 20 85 83 0 0 0 11 29 15 0 44 56 0 33 20 3 14 0 13 33 19 0 0 35 0 13 0 89 24 28 39 0 4 51 0 42 84 0 31 0 0 0 24 19 0 0 34 13 8 0 54 0 29 4 38 66 73 9
 0 48 0 47 47 0 0 6 0 0 46 12 0 0 0 0 11 15 49 17 1 0 15 79 0 0 8 80 0 0 0 0 53 0 13 7 44 82 31 0 0 0 0 0 0 0 0 0 32 0 2 0 0 7 0 0 0 0 0 27 0 0 31 0 11 0 0 0 48 0 55 42 0 0 36 47 0 58 82 0 22 60 36 19 82 0 26 77 0 0 0 0 57 0 0 0 9 0 11 0 0 0 0 0 0 0 6 0 54 0 0 0 34 99 0 38 0 73 0 0 0 0 74 0 61 0 0 0 0 14 49 2 0 0 1 1 59 45 0 16 0 0 0 79 0 6 35 0 0 12 0 0 6 11 0 45 0 3 0 0 17 52 16 0 0 42 75 54 21 65 0 58 0 3 87 0 0 0 0 9 63 0 0 28 0 3 0 64 95 60 84 14 0 53 61 31 63 47 24 66
 6 30 27 0 63 0 20 23 0 25 0 45 17 0 14 54 50 0 0 0 21 26 0 34 95 0 0 58 0 79 0 13 9 10 63 52 52 0 8 53 0 0 69 29 0 22 0 80 17 17 37 33 2 55 34 0 0 0 0 24 0 52 38 24 65 30 0 63 73 31 64 38 31 0 45 0 33 60 58 50 73 0 26 56 5 0 18 42 35 37 0 0 0 9 37 0 86 70 3 47 63 46 0 0 84 6 74 60 69 0 0 0 28 4 1 47 0 77 0 0 58 0 99 1 0 71 51 77 0 0 75 0 61 0 39 0 0 0 35 3 56 0 0 66 62 0 5 0 5 11 0 16 74 1 0 7 2 0 63 93 0 0 42 0 0 47 0 4 0 33 0 83 0 0 10 4 0 26 0 70 73 0 0 0 64 87 0 27 20 8 0 0 71 0 28 5 0 0 0 46
 0 13 20 29 29 0 0 0 0 10 24 0 48 51 0 0 23 2 7 18 0 0 0 0 4 3 0 0 0 0 0 0 21 5 0 0 69 28 76 35 0 39 2 0 0 0 0 27 0 8 25 35 0 0 0 0 0 0 24 49 0 13 0 0 0 21 0 0 0 29 0 54 14 16 0 0 0 0 17 0 38 10 0 0 0 0 0 0 0 0 0 15 50 0 0 0 0 0 0 0 9 0 0 0 0 16 0 65 0 0 0 0 91 15 0 0 0 35 0 0 0 0 22 9 0 5 10 1 0 6 0 0 0 0 0 2 11 0 0 16 0 0 0 0 0 0 0 0 0 32 0 0 0 89 0 0 0 0 33 0 0 0 0 10 0 79 43 0 26 0 18 3 0 0 37 0 0 0 0 8 77 0 0 6 0 0 22 22 32 0 0 0 35 11 59 0 0 34 0 18
 20 20 9 0 0 0 6 0 0 0 13 0 35 29 0 0 0 0 0 0 0 0 61 0 0 0 0 0 0 0 0 0 44 0 0 0 0 0 16 0 0 10 0 0 0 0 53 0 0 0 0 79 0 0 52 0 0 0 0 2 0 0 15 0 0 10 0 72 0 6 2 40 0 0 0 0 53 0 0 0 56 55 0 0 0 0 0 27 0 0 0 0 0 38 9 0 13 0 0 8 0 0 0 0 24 0 0 0 0 11 0 0 0 58 0 38 0 31 0 0 0 32 0 27 0 0 0 0 0 26 39 0 0 0 0 0 0 59 0 0 0 0 0 0 0 0 0 0 0 21 0 34 6 42 0 26 0 0 0 0 0 0 0 0 0 0 0 0 21 19 0 0 0 0 9 0 24 5 0 21 0 0 0 0 26 0 0 0 59 0 0 0 0 0 0 0 18 1 0 0
 7 0 0 7 0 0 0 0 0 4 0 46 0 24 0 0 59 0 0 11 5 9 0 0 29 2 16 28 17 0 0 0 0 0 85 37 29 0 0 74 0 0 0 19 0 0 72 82 0 0 0 66 0 6 0 0 0 22 55 67 0 0 19 29 0 0 45 41 69 0 0 82 0 0 0 15 48 9 23 0 32 8 58 0 0 58 9 0 0 0 0 0 41 7 0 0 20 1 0 79 63 0 0 0 0 0 65 44 0 16 17 1 0 3 0 0 0 0 0 0 0 0 48 15 80 0 0 69 0 0 0 0 50 0 46 0 2 89 0 34 0 0 0 21 42 0 29 0 6 26 0 0 32 87 0 40 92 0 0 0 1 70 3 0 3 44 0 15 0 10 56 0 0 0 0 81 0 3 28 0 25 21 0 0 35 84 6 70 0 22 20 0 0 69 64 0 14 26 34 0
 0 41 0 74 26 73 0 0 0 0 18 33 17 14 0 0 53 0 22 0 0 0 27 62 16 0 18 44 0 70 0 0 0 25 0 49 62 0 42 9 0 17 1 0 7 3 19 33 35 17 0 0 0 74 30 82 0 0 26 51 0 0 0 0 0 0 0 38 0 0 0 26 7 0 12 59 32 37 61 14 10 11 0 0 0 70 0 0 21 81 0 8 46 0 30 0 10 0 0 0 0 12 6 0 12 0 32 54 29 9 0 8 5 90 0 0 4 50 31 8 0 2 74 0 86 53 81 65 0 0 0 5 0 0 17 0 73 26 72 82 0 37 0 39 33 0 70 0 0 9 0 24 12 76 0 16 97 36 0 0 3 0 0 0 6 61 28 37 16 6 0 22 0 20 63 57 0 0 29 2 24 7 0 25 19 21 21 54 0 83 39 0 0 0 0 0 10 27 0 45
 0 0 19 0 27 0 1 0 0 0 0 0 0 0 0 0 0 0 0 0 0 5 0 0 0 30 6 0 0 0 35 0 19 0 0 4 4 13 0 0 0 0 37 0 19 0 1 0 24 0 35 50 0 0 0 0 0 1 11 0 8 0 0 0 0 0 0 0 0 0 0 0 0 2 0 0 83 0 0 0 12 0 0 0 0 0 0 19 22 0 0 0 0 0 6 0 0 13 0 2 0 34 1 26 0 0 13 0 0 0 0 2 31 0 0 0 33 0 13 0 0 23 0 0 38 30 0 0 0 0 0 7 0 0 0 24 0 82 0 8 0 0 20 20 0 32 0 0 0 0 0 0 0 24 0 0 13 0 0 0 0 0 0 0 0 0 0 30 0 0 0 35 0 0 0 0 16 25 15 0 0 0 0 0 0 8 37 0 0 0 15 6 0 0 17 0 1 2 30 0
 0 0 51 39 90 0 0 23 77 0 56 22 0 26 27 0 0 14 53 29 0 7 37 0 0 31 0 63 0 0 0 11 0 0 0 87 99 34 42 0 0 35 0 24 0 0 6 64 2 0 0 9 0 23 42 0 1 0 0 64 0 0 0 0 5 0 0 0 67 0 2 38 0 0 0 0 34 99 37 0 98 64 0 0 2 0 18 0 0 0 0 0 0 0 28 0 54 82 15 0 0 0 17 0 9 0 0 73 26 0 0 3 26 17 0 23 0 0 0 0 16 0 0 0 0 1 23 17 28 0 85 0 0 0 0 35 0 10 16 39 0 0 0 6 0 0 0 24 0 0 0 34 77 69 0 0 0 0 0 0 10 23 7 0 0 75 25 1 0 92 0 0 15 0 0 3 0 26 23 0 4 0 0 0 32 26 0 95 0 33 81 0 0 13 0 0 0 70 0 30
 4 32 54 0 37 32 0 35 0 30 33 67 49 31 22 22 20 35 60 8 0 89 63 0 0 26 57 22 0 82 0 7 0 0 8 21 0 13 0 0 9 21 50 36 0 0 53 52 12 8 75 61 17 71 30 54 38 0 25 43 0 49 15 53 94 75 0 0 73 0 53 50 0 0 21 37 21 46 68 71 0 50 15 90 0 34 58 53 10 38 2 0 32 33 59 63 48 38 74 0 0 0 0 0 25 3 0 71 67 0 0 5 0 21 0 0 5 17 70 31 7 0 18 67 49 79 14 0 0 8 16 12 0 40 12 0 55 84 12 55 0 0 0 35 68 17 0 18 22 26 93 68 50 0 0 4 79 0 0 7 0 42 67 23 0 11 71 47 4 18 53 21 5 45 0 43 0 3 52 0 41 0 0 8 0 3 0 0 0 0 0 32 59 85 16 0 0 0 19 74
 81 39 22 52 38 39 0 29 75 0 0 86 52 72 0 64 50 24 46 64 0 84 0 68 0 18 0 83 20 5 46 43 41 0 10 29 30 0 90 0 0 4 42 46 52 0 24 0 1 24 27 0 31 2 73 32 14 66 0 8 67 69 25 76 20 23 83 0 88 0 7 50 48 34 1 48 34 7 24 0 33 0 0 16 2 69 3 56 17 12 55 4 68 0 71 22 56 21 44 0 0 55 52 0 0 64 38 44 12 54 10 33 0 75 86 47 0 1 0 0 62 64 37 8 54 0 32 73 0 0 0 0 70 42 61 84 38 39 60 90 62 31 52 39 30 12 39 0 0 6 67 0 67 60 28 0 0 21 11 29 0 7 0 9 56 57 63 0 0 81 28 0 72 0 0 11 33 0 31 0 0 0 1 13 45 0 12 7 4 34 18 0 44 6 0 46 6 9 0 7
 0 0 70 79 45 0 0 0 0 0 30 6 50 39 0 24 0 0 60 0 91 12 13 38 0 28 45 8 0 74 0 0 8 0 1 5 93 23 0 0 0 2 7 0 10 0 54 54 0 29 0 86 0 70 53 0 0 11 44 29 31 0 79 0 0 16 0 63 0 21 1 55 0 0 23 0 13 2 47 0 35 93 0 17 0 2 22 21 15 66 0 17 78 27 32 0 82 0 28 0 1 0 0 4 0 0 79 0 79 0 0 0 0 49 0 25 0 59 8 8 21 18 11 0 70 0 18 0 27 25 15 0 0 0 4 0 17 27 93 55 69 10 0 0 0 0 0 0 0 23 63 0 0 52 0 72 0 0 0 0 0 43 7 0 0 0 0 55 0 14 15 24 0 0 1 0 0 27 15 37 0 0 0 0 0 0 0 27 17 31 31 0 0 0 16 0 13 34 4 1
 23 16 88 36 70 35 0 0 38 0 0 0 4 8 0 5 27 0 9 0 41 0 40 19 37 0 0 84 0 68 0 0 0 0 87 65 0 22 52 3 0 32 61 10 0 8 77 19 30 15 24 44 0 12 83 0 0 2 22 18 5 0 0 21 0 0 48 9 0 0 0 3 0 0 37 77 0 44 67 2 72 0 0 8 30 0 26 50 0 85 0 0 51 67 24 0 0 71 25 50 45 53 0 0 86 0 0 0 0 0 0 0 37 72 0 97 0 68 41 5 0 0 0 0 0 6 25 74 19 19 0 0 5 9 3 0 0 0 64 0 41 0 0 10 60 0 47 0 19 37 23 51 0 34 12 2 16 5 29 14 0 21 18 0 0 33 20 52 3 13 79 67 24 0 3 37 19 0 0 0 5 11 0 0 73 59 0 3 66 79 25 0 2 40 0 0 78 75 37 8
 0 36 85 37 69 52 38 0 34 0 55 0 13 0 0 0 0 0 10 0 55 0 58 9 0 19 30 54 0 0 0 27 36 0 0 58 45 4 7 0 0 23 0 0 0 0 0 33 93 1 2 0 15 83 22 30 0 14 60 0 22 35 6 0 0 9 0 45 91 0 0 0 0 12 77 0 90 77 53 14 14 61 0 0 0 52 0 0 0 55 0 0 93 0 0 0 45 2 0 0 0 4 29 0 0 18 0 0 48 11 7 0 0 25 0 56 0 38 0 0 0 0 41 0 0 0 32 0 0 75 87 38 0 0 0 18 0 9 73 62 47 0 0 3 0 0 47 0 0 0 13 35 80 0 15 0 6 0 0 0 30 0 0 0 17 0 0 62 0 52 0 14 0 0 69 0 0 69 0 0 80 6 0 9 70 0 0 76 23 10 0 31 0 0 9 19 88 32 0 33
 0 0 42 0 0 0 0 0 0 19 40 0 0 0 0 0 0 0 0 0 0 0 0 0 0 21 0 11 0 0 11 2 0 0 57 0 13 0 20 0 0 24 0 36 0 4 0 0 6 0 0 61 0 24 0 8 0 0 0 0 19 0 6 15 0 0 0 7 99 17 0 0 0 16 5 0 59 0 0 0 54 0 0 16 0 0 0 42 0 0 6 0 0 0 24 0 0 30 0 0 3 0 0 0 10 23 17 0 23 7 0 26 0 0 0 5 0 0 0 28 0 0 6 0 0 0 16 0 0 0 26 3 0 0 0 0 0 36 0 0 0 26 9 0 0 21 0 0 0 0 22 0 0 19 0 0 0 0 0 2 0 7 0 9 28 9 0 0 0 0 29 0 15 8 0 0 0 0 37 0 0 0 0 0 23 0 15 0 74 0 18 13 0 0 0 0 0 22 0 38
 0 74 0 59 90 0 19 0 4 0 26 0 55 0 8 0 0 0 0 0 46 0 47 50 0 0 28 0 0 0 0 1 0 47 20 38 78 4 0 0 7 71 0 0 0 0 1 0 24 6 10 0 6 16 73 34 5 0 50 34 0 0 67 0 0 25 0 0 70 0 67 33 0 0 32 0 76 46 45 48 53 31 9 0 26 37 28 47 0 21 21 0 76 0 0 0 3 2 19 0 4 0 0 0 0 5 0 0 0 0 0 0 0 30 0 24 0 25 0 0 0 0 62 0 0 0 38 40 0 42 0 0 0 0 0 0 77 3 43 61 63 0 6 50 0 0 26 29 0 83 3 0 71 57 0 0 0 0 0 0 0 66 0 0 0 46 44 11 25 0 0 8 0 0 0 11 0 66 70 0 9 0 17 0 4 0 0 65 88 10 24 0 0 21 0 0 35 61 0 24
 70 50 81 0 27 37 0 0 21 23 0 0 0 35 25 7 11 17 4 0 5 44 37 15 45 0 53 4 13 23 0 22 13 88 68 0 38 51 37 8 16 0 0 0 0 0 0 27 45 35 0 70 0 15 0 0 0 30 0 5 0 19 42 0 1 51 0 21 0 52 50 11 0 71 35 50 0 54 63 0 61 90 34 0 83 51 0 46 41 70 77 57 0 74 41 84 47 0 0 0 28 4 61 0 89 56 0 0 0 0 10 0 0 81 0 55 0 36 0 0 46 0 58 0 0 76 79 54 0 54 29 0 9 0 48 8 15 0 0 61 12 64 18 49 99 0 42 7 0 0 83 35 36 13 0 0 26 14 27 0 0 32 29 25 0 46 0 0 0 0 75 43 57 0 50 0 0 23 17 29 57 32 0 0 84 9 37 61 16 0 15 0 34 55 33 19 1 0 12 47
 28 63 0 22 9 79 0 81 23 0 21 2 73 41 0 12 73 0 11 2 12 45 19 70 0 40 0 3 89 17 0 7 0 7 0 95 5 36 0 24 66 0 45 15 85 9 0 77 8 31 67 0 0 8 0 0 3 23 0 84 73 14 33 57 57 0 0 61 30 0 0 26 24 70 68 36 3 44 76 2 10 89 70 41 61 13 15 20 48 0 25 48 44 33 57 2 20 6 0 24 1 23 18 0 29 94 0 53 24 0 0 0 46 96 11 17 17 0 27 46 15 14 63 0 51 0 0 52 9 8 74 0 0 40 26 0 0 68 36 0 8 11 0 46 11 0 51 5 37 0 26 92 0 15 22 27 0 69 15 6 0 44 0 0 0 0 48 0 0 82 0 91 0 58 0 0 32 0 4 24 37 0 0 63 84 21 0 29 0 20 25 0 42 48 52 0 47 60 0 15
 36 0 22 0 21 0 0 32 8 1 55 0 83 93 55 0 37 0 17 47 0 0 6 21 18 29 34 9 32 56 0 46 40 0 30 59 37 31 6 89 0 72 9 0 0 0 63 36 35 17 88 0 0 7 92 64 6 0 0 50 0 39 0 63 60 48 36 0 0 6 0 60 0 15 65 32 24 0 36 8 0 0 1 72 3 0 42 0 19 4 0 68 66 0 72 35 28 13 0 0 0 0 0 0 32 7 1 0 20 10 23 0 67 0 0 6 49 13 0 24 0 0 48 0 83 0 74 0 0 68 0 26 0 81 95 16 49 73 0 0 54 0 4 0 71 0 21 91 75 0 85 89 56 0 13 25 0 15 21 88 0 82 26 79 0 91 0 13 27 40 34 40 23 0 0 5 47 46 49 3 20 0 0 18 87 40 0 96 61 28 0 19 0 51 30 0 0 91 71 0
 0 0 74 16 0 36 0 0 11 0 0 0 0 0 22 3 0 0 66 20 0 0 16 0 0 0 0 18 0 0 0 0 63 0 0 0 0 0 0 0 0 1 23 0 26 0 76 40 30 0 0 0 0 35 31 22 0 0 31 82 0 0 11 24 0 0 0 20 79 0 0 58 0 15 30 23 16 0 0 15 67 0 0 0 0 22 0 8 0 16 0 7 0 0 0 0 0 71 14 0 0 0 9 14 30 0 35 79 7 22 0 0 0 55 16 0 0 0 0 0 14 0 0 0 1 0 0 13 0 12 7 0 0 0 0 0 0 54 0 0 0 0 0 0 10 29 0 22 0 30 0 27 10 27 0 0 0 6 0 0 0 0 0 0 0 0 72 0 0 3 0 0 38 0 0 0 0 0 57 0 0 0 0 0 4 0 20 0 0 0 27 0 18 51 0 0 0 7 0 35
 9 0 16 0 0 0 0 0 0 0 0 5 0 0 0 0 0 0 12 0 0 8 21 0 0 0 0 0 0 0 0 0 0 0 40 0 0 0 2 0 0 0 0 0 3 0 0 0 0 0 0 42 0 0 0 0 0 0 0 0 25 8 0 0 0 0 0 0 0 0 15 0 0 0 0 0 86 0 0 22 90 0 2 0 0 0 0 0 8 11 0 0 0 19 0 0 0 0 0 0 0 0 0 0 0 0 0 5 0 0 0 0 0 0 0 0 0 0 37 38 11 9 9 0 0 0 0 0 0 0 0 0 0 0 0 0 0 53 0 0 0 0 0 0 0 9 0 20 0 21 0 0 0 44 0 5 0 0 0 0 0 0 0 0 0 0 0 0 0 0 0 0 56 13 0 0 0 0 61 0 0 0 34 0 57 0 0 6 46 13 0 11 23 0 2 0 0 0 0 0
 70 0 0 25 0 0 53 45 0 0 30 31 70 89 0 38 23 0 25 0 0 39 31 26 47 52 53 80 57 57 53 67 12 0 28 25 34 0 15 8 45 61 6 97 1 77 80 0 13 35 38 30 0 2 0 73 98 3 0 37 13 0 8 0 10 20 74 0 12 0 0 0 77 13 8 50 29 0 84 55 0 70 25 52 43 45 43 62 64 0 23 25 31 73 52 0 17 23 11 89 21 82 0 0 26 38 1 61 51 35 0 41 0 79 0 22 9 78 0 47 0 67 22 50 65 34 91 71 0 60 23 19 8 34 63 37 7 79 57 41 80 11 44 0 37 41 24 93 0 17 71 0 21 18 0 60 43 83 26 0 44 74 29 25 55 57 58 0 0 0 8 13 20 43 0 48 22 12 60 28 16 0 0 43 32 0 28 17 0 40 32 34 0 0 9 49 25 4 4 93
 0 0 0 78 48 0 22 0 73 38 81 4 67 0 0 0 21 0 36 0 48 36 34 12 0 0 0 0 0 28 0 0 61 0 4 45 35 37 84 0 0 0 0 0 0 0 9 89 63 0 0 0 0 0 0 58 8 0 98 0 0 0 0 33 33 0 0 0 0 2 2 0 0 17 0 0 0 49 0 31 71 52 0 0 0 0 0 11 0 0 0 0 6 8 0 0 78 0 33 38 46 0 13 0 0 0 0 0 0 0 0 0 60 24 0 0 0 0 0 0 0 0 67 0 0 0 0 10 0 0 0 0 0 27 11 0 1 39 22 0 39 0 0 18 0 0 0 0 0 67 0 84 70 59 0 0 1 9 18 0 0 0 0 11 0 0 34 0 0 10 0 55 2 0 0 0 9 77 2 0 54 0 0 0 32 0 0 57 46 71 0 0 6 55 35 0 0 79 0 0
 66 91 59 28 0 43 0 0 4 0 55 81 47 0 0 63 0 0 0 32 0 0 28 15 69 0 49 0 0 55 2 19 69 99 11 0 0 0 0 0 0 0 52 37 0 0 0 68 30 68 0 9 0 0 31 25 24 0 15 14 0 5 46 0 63 33 37 0 67 40 41 0 0 0 31 49 0 58 45 28 25 6 71 15 41 41 72 0 36 58 19 0 36 0 76 2 59 89 55 0 0 17 0 33 96 15 28 19 19 2 0 0 11 22 0 47 0 46 81 0 69 8 76 53 57 18 41 19 22 0 68 0 63 57 50 0 42 49 7 3 7 46 0 0 70 20 18 0 97 52 50 24 0 28 7 69 0 0 44 0 5 0 89 21 32 60 32 55 0 0 0 19 49 24 0 0 17 0 74 30 57 0 0 21 12 48 0 7 4 70 7 17 0 0 70 0 0 46 38 12
 0 0 0 31 0 15 0 0 0 0 69 0 11 62 12 14 0 0 84 0 66 0 0 42 0 9 0 76 0 16 4 0 54 0 76 61 10 36 42 0 0 5 0 0 26 35 0 28 0 0 0 83 0 9 12 29 0 4 80 0 0 16 40 25 0 27 0 33 94 0 0 0 0 0 4 0 17 0 0 41 0 0 23 0 0 30 0 61 0 0 13 0 60 17 0 0 0 0 26 0 49 16 0 0 0 0 0 76 0 0 10 0 36 8 0 55 0 0 0 24 0 0 0 0 0 0 82 0 0 0 43 0 0 0 0 10 33 0 0 6 1 0 0 3 0 0 0 0 0 0 0 0 49 0 0 0 0 11 0 0 0 0 2 0 0 19 36 0 0 0 0 17 36 4 0 4 0 0 77 0 0 0 0 0 37 0 0 26 2 20 39 0 0 0 27 0 0 60 0 50
 0 0 27 0 0 86 0 0 22 8 0 0 25 58 24 0 35 0 4 0 0 15 0 64 25 0 0 66 0 11 0 0 0 49 0 18 90 0 86 4 0 44 0 0 8 0 75 49 47 1 12 0 0 0 30 87 0 12 44 76 0 0 67 0 28 0 0 14 0 0 0 32 0 0 26 38 60 0 0 24 70 70 52 0 36 36 79 0 0 33 9 11 0 0 34 29 15 29 2 0 0 18 0 24 0 0 15 40 1 22 0 20 42 0 5 68 0 33 0 0 13 0 25 0 2 7 0 5 0 96 0 0 37 8 15 0 35 72 22 22 0 0 0 0 18 15 0 0 0 50 0 29 9 1 0 0 83 28 2 0 0 86 0 0 0 78 27 0 0 0 15 71 0 0 34 63 0 52 46 0 59 0 0 0 87 0 4 71 60 8 62 0 23 14 5 22 0 62 3 17
 0 14 66 0 0 2 16 0 0 71 0 33 31 33 46 4 0 6 47 13 0 12 0 11 41 41 49 5 0 27 0 17 81 41 31 62 71 16 32 0 19 8 0 14 0 0 0 0 15 33 44 56 39 36 58 10 38 0 25 0 0 0 57 43 61 45 14 22 8 83 46 38 0 0 41 84 58 13 68 73 0 71 54 0 44 0 0 0 26 0 0 0 8 55 10 29 23 75 11 0 2 43 0 9 0 0 48 0 33 54 0 0 49 0 0 28 34 0 75 0 0 4 63 35 8 0 55 51 50 12 0 0 0 0 0 0 17 0 21 56 0 0 91 0 44 0 39 83 0 7 61 51 57 59 51 89 94 9 13 24 26 73 43 32 0 0 22 66 23 21 0 0 0 0 53 85 28 0 56 1 81 5 0 0 77 3 36 78 82 37 5 0 85 11 49 0 90 35 46 82
 53 58 48 0 31 46 0 14 0 62 40 0 42 0 0 54 79 0 59 4 0 66 0 75 35 48 0 0 0 12 0 0 61 62 22 0 19 41 46 72 0 54 0 47 0 0 0 16 30 23 0 80 0 49 0 61 0 34 2 82 24 0 53 0 0 82 1 34 38 1 8 0 6 0 13 0 8 91 4 0 82 43 0 0 19 65 17 0 7 62 0 0 51 16 31 0 1 7 62 96 9 0 0 0 0 12 37 55 2 0 0 16 0 0 7 15 0 29 0 20 0 32 43 0 41 90 45 33 0 0 5 0 43 0 63 0 8 13 62 0 41 0 32 8 81 0 54 0 5 0 0 51 33 41 0 0 67 0 92 0 0 26 69 56 0 48 14 0 0 74 0 34 8 44 59 0 0 29 73 0 7 0 0 0 0 0 33 0 10 16 1 0 27 46 89 0 36 0 0 0
 18 37 25 31 14 24 29 51 51 0 57 48 0 0 10 33 28 0 23 0 36 63 0 0 36 57 16 0 29 60 41 52 0 0 60 35 11 65 0 0 11 40 52 57 88 47 41 0 18 5 66 7 0 73 29 0 21 0 14 31 0 62 0 57 37 76 0 84 0 16 0 70 26 92 63 10 26 18 16 88 12 0 13 0 34 54 84 0 55 66 83 0 28 82 81 66 33 0 18 0 0 49 24 0 0 14 50 68 60 29 0 44 14 0 0 73 0 45 34 0 0 0 0 0 11 12 0 60 77 18 59 0 78 45 0 41 13 19 0 41 42 0 43 0 9 0 0 47 19 27 55 46 47 26 30 19 79 10 29 35 8 26 19 76 0 26 0 81 8 73 0 86 67 7 37 31 28 0 18 57 7 25 26 0 8 0 60 0 75 15 0 0 7 19 65 0 24 24 82 20
 14 0 54 0 0 0 0 0 0 0 0 0 0 17 0 0 0 0 8 0 18 0 24 34 7 0 0 0 0 0 0 8 0 0 27 2 84 0 87 0 0 0 0 0 0 0 28 9 42 0 0 0 0 0 34 39 0 0 33 34 0 2 0 7 0 0 0 44 79 0 10 16 0 0 0 0 75 0 7 0 59 80 0 0 0 0 22 0 12 0 38 0 0 0 0 0 0 49 0 0 7 1 0 0 0 4 0 0 0 0 0 0 32 0 0 0 0 21 0 0 0 9 0 0 0 0 0 16 0 0 0 0 0 2 8 0 0 0 0 8 6 0 0 0 0 0 0 32 0 50 11 0 39 0 0 0 1 0 5 0 0 0 0 0 0 0 73 0 0 22 27 8 10 32 9 0 0 8 33 0 24 0 19 0 85 0 0 0 0 0 36 0 0 13 12 9 0 52 28 10
 23 0 4 0 46 80 0 0 0 40 62 0 0 0 56 52 48 0 59 0 22 64 31 2 32 16 59 65 0 0 0 0 64 71 21 0 23 50 0 0 34 73 39 0 0 0 83 2 13 36 32 0 3 8 0 62 0 0 10 0 0 36 78 0 44 0 16 23 60 73 50 61 18 0 92 36 0 0 9 28 0 87 13 0 82 0 7 73 0 0 4 0 3 0 81 0 0 0 0 19 38 59 0 0 46 21 71 65 57 15 26 10 14 73 0 82 0 46 81 0 21 25 1 0 4 61 91 13 12 59 0 0 17 0 0 16 51 57 60 0 0 20 0 14 50 0 78 0 57 49 34 0 41 68 0 7 0 0 59 80 0 17 32 71 0 0 12 47 12 74 0 13 31 0 31 70 0 65 0 0 60 0 0 0 47 0 0 29 86 86 0 0 16 62 40 0 0 0 19 57
 0 12 0 0 96 60 0 39 23 0 1 0 23 9 0 0 14 0 34 0 64 0 75 43 0 4 0 4 0 16 0 23 0 0 38 67 20 60 0 10 0 0 0 0 0 0 55 53 62 0 0 10 0 0 30 80 0 0 83 6 0 0 2 0 0 0 0 21 50 0 0 0 30 0 0 12 38 0 5 63 61 91 0 0 0 25 0 63 6 88 0 3 41 0 0 18 35 38 0 0 0 9 0 0 0 4 11 48 0 7 0 0 0 39 0 71 0 21 0 0 0 0 43 0 0 8 21 0 0 69 0 0 0 29 0 0 66 47 48 9 9 11 0 63 0 0 0 0 0 34 0 0 0 0 0 0 0 14 0 27 0 14 0 0 0 0 55 0 0 0 0 51 0 0 0 0 12 27 51 12 43 0 0 0 14 24 0 10 86 16 0 0 0 64 29 0 0 68 7 49
 0 19 0 0 0 33 0 0 49 9 7 54 24 0 7 0 0 0 32 0 90 29 76 14 36 38 43 89 0 66 4 0 0 45 0 17 2 68 0 21 0 25 0 18 0 8 17 80 21 0 31 49 4 0 15 11 0 0 6 53 0 0 0 42 0 0 0 0 0 0 69 15 13 16 34 48 40 48 18 42 0 4 36 15 0 0 0 4 0 67 0 0 57 0 10 0 0 45 2 0 0 0 0 23 3 0 40 42 13 0 0 12 5 2 0 52 0 25 0 20 0 0 47 0 0 0 44 40 29 47 75 0 24 0 31 0 25 0 9 0 0 0 0 57 0 0 0 0 0 1 2 74 0 90 0 47 0 5 0 0 0 69 0 0 0 28 65 15 0 48 0 0 0 0 0 61 0 65 77 0 44 0 0 0 39 14 0 25 16 29 27 0 0 37 50 30 69 42 10 59
 0 32 0 0 0 0 0 0 3 0 0 0 50 0 0 0 0 0 0 0 0 0 86 0 0 0 0 0 0 0 0 0 7 18 56 0 0 32 0 21 0 0 34 0 0 0 38 0 86 19 11 15 4 0 62 0 0 0 40 45 0 0 0 0 5 3 0 20 45 0 16 0 0 0 0 0 82 0 0 0 67 87 0 19 26 37 0 0 0 0 10 0 41 6 11 0 0 89 0 0 52 0 0 0 0 0 0 0 0 0 31 0 5 75 0 6 0 0 30 0 0 17 21 0 0 0 0 0 0 19 0 4 0 0 0 0 0 62 0 0 0 0 3 0 0 0 0 36 0 97 0 25 0 21 0 0 0 5 0 0 0 0 0 0 0 0 0 0 0 27 14 0 0 0 0 0 17 17 23 24 19 0 0 4 39 0 1 0 14 0 8 0 0 14 0 0 0 0 13 0
 0 0 17 30 0 0 0 8 65 0 0 25 56 34 0 0 0 0 0 0 30 0 0 0 0 0 0 54 0 25 13 0 26 18 44 55 46 74 45 0 0 16 0 0 0 0 10 0 86 32 0 86 0 16 0 11 0 0 0 28 0 0 36 1 4 0 0 53 0 25 13 28 35 0 0 0 70 70 17 23 9 0 30 0 0 17 0 64 0 0 0 0 61 0 11 0 0 22 0 0 27 0 0 0 19 0 30 56 0 0 0 26 0 79 0 0 0 13 0 0 0 0 0 0 5 0 84 0 0 22 40 0 0 0 0 0 11 59 28 65 71 0 0 0 0 10 0 0 0 13 14 70 7 24 0 9 21 0 0 0 29 0 0 0 0 2 62 0 0 31 0 49 32 0 36 11 6 10 0 0 0 0 0 15 0 0 0 0 83 55 57 0 0 3 0 0 0 0 0 19
 57 64 0 24 79 0 0 25 93 72 31 45 0 0 0 41 21 0 33 36 0 0 54 36 68 73 0 29 15 26 0 0 26 82 52 0 45 52 0 53 0 0 65 0 0 0 59 20 0 0 9 75 0 57 0 0 13 0 45 38 0 47 64 55 65 81 0 64 56 0 48 0 0 17 83 0 0 52 4 18 10 87 49 15 1 0 33 0 61 98 0 83 0 59 29 95 30 58 15 13 90 0 83 4 0 0 53 53 43 54 0 0 12 51 16 44 0 80 20 0 76 0 45 0 4 0 79 10 0 1 43 32 61 22 17 10 70 76 30 0 86 42 0 58 98 28 0 76 70 0 0 0 0 7 2 0 65 64 0 91 8 63 17 38 0 36 0 70 0 0 73 0 65 28 0 66 0 64 14 61 29 4 0 0 53 0 0 6 63 8 14 5 0 46 78 3 0 54 22 61
 14 25 40 9 0 16 27 0 48 0 0 0 0 0 0 0 0 0 91 18 31 21 1 0 0 23 47 72 0 21 0 0 23 44 1 4 51 0 29 0 29 18 0 17 37 0 17 3 5 0 0 68 20 28 69 3 21 0 68 27 0 23 99 0 0 0 0 38 44 0 0 0 0 12 0 15 16 0 35 7 0 20 0 0 38 21 22 0 30 91 25 0 0 0 0 4 0 0 24 8 7 31 0 14 0 0 0 33 0 0 0 0 0 79 0 14 13 50 0 0 8 0 2 0 0 0 0 0 0 0 12 27 30 0 25 0 36 61 74 0 0 0 0 83 0 0 20 0 0 0 33 34 0 22 0 29 0 0 7 0 0 94 16 39 0 0 30 0 8 0 21 87 45 0 0 0 0 48 50 0 55 0 11 29 0 8 0 72 0 25 83 0 0 3 0 13 0 71 0 83
 0 0 85 46 77 19 28 0 0 0 6 0 21 96 0 0 0 0 0 0 0 0 48 42 0 0 0 28 0 0 0 0 24 0 0 9 5 9 89 0 0 22 0 0 9 10 0 69 38 22 21 59 3 0 33 0 0 17 4 28 29 0 27 0 0 13 0 61 9 0 0 14 0 0 1 0 61 0 0 0 52 27 34 11 0 0 0 0 0 0 0 0 0 16 0 0 57 0 6 10 69 0 0 20 0 29 0 0 18 0 0 3 0 54 0 6 0 0 8 2 0 0 25 30 2 0 27 0 0 0 0 0 0 0 2 0 0 0 0 0 0 0 0 0 0 0 7 0 0 0 0 26 68 10 0 0 10 15 15 27 22 0 8 3 25 57 20 0 37 0 0 77 61 0 0 9 0 42 66 0 34 6 9 12 62 2 0 0 53 0 31 0 0 0 25 0 23 30 0 48
 0 0 8 80 20 0 0 0 24 26 9 69 62 67 62 13 32 86 60 81 7 87 97 82 64 37 43 23 75 0 14 0 68 14 0 0 84 85 0 56 68 0 25 0 74 0 16 36 17 0 0 73 0 57 36 58 20 4 6 6 33 47 0 0 13 46 54 24 15 13 98 31 0 40 39 0 51 34 55 10 77 0 9 55 3 15 32 1 45 29 45 0 0 78 0 65 89 23 47 0 0 76 0 14 10 53 0 0 70 69 32 0 28 49 0 15 56 72 28 44 25 72 43 83 23 49 0 34 0 0 41 0 59 70 0 84 16 19 40 7 7 1 12 0 0 41 90 17 0 28 0 84 14 62 6 32 64 39 0 71 32 7 3 36 0 7 3 72 25 45 0 32 0 3 3 17 0 63 7 0 28 41 27 32 0 0 0 20 0 0 0 0 0 63 30 0 90 67 0 26
 0 0 87 43 37 0 0 0 0 6 0 80 13 36 0 0 80 0 4 0 21 61 0 59 0 7 12 40 5 13 33 18 77 52 21 40 80 0 72 53 0 0 0 2 0 0 57 86 27 0 1 36 15 30 25 27 0 0 12 59 0 0 76 84 0 0 0 7 30 0 82 13 0 0 85 74 12 10 55 89 44 8 0 0 7 21 54 28 0 72 0 0 0 0 22 0 27 4 0 9 53 29 22 0 4 0 43 36 58 0 19 11 49 15 0 83 0 42 0 17 0 0 95 0 56 0 42 48 0 0 31 0 0 0 17 1 16 45 41 0 60 0 39 27 0 23 5 0 0 93 62 17 0 63 0 0 0 0 31 0 8 51 0 0 0 10 35 14 0 20 16 41 36 9 50 18 30 12 18 0 0 0 0 0 65 48 18 54 58 68 49 0 0 3 7 0 0 70 84 6
 46 3 0 0 36 66 0 12 36 21 0 18 28 51 64 44 0 4 14 10 0 0 22 48 0 0 58 39 0 61 0 0 7 0 21 83 0 2 0 86 0 20 66 8 0 21 72 2 0 12 95 37 8 0 23 23 0 0 0 28 2 0 91 0 4 37 50 72 57 0 36 2 34 0 27 3 72 20 46 0 24 27 2 16 0 0 10 28 0 58 0 0 0 12 78 50 63 53 47 23 9 29 0 0 64 0 21 50 73 4 0 0 65 90 0 0 0 70 0 3 28 0 0 84 0 30 76 70 0 18 84 0 21 0 0 0 57 0 59 14 26 0 9 60 73 0 70 0 0 73 0 71 40 15 0 49 54 0 26 45 0 4 94 73 0 10 0 50 3 38 32 0 17 0 69 0 0 16 1 63 43 0 0 6 0 45 28 79 0 70 42 0 14 26 0 12 0 20 53 24
 39 0 0 50 60 37 33 0 0 0 0 0 0 58 0 0 0 0 55 0 4 0 45 47 0 0 0 5 0 51 17 0 16 50 8 21 1 13 0 34 3 86 0 0 6 0 0 34 0 0 68 43 0 15 0 19 0 0 0 64 0 0 13 0 9 0 0 55 24 18 33 46 0 0 48 20 8 3 77 0 19 90 64 0 11 0 83 0 0 47 0 0 16 0 0 0 27 22 0 0 36 50 0 0 0 0 77 69 73 0 0 0 0 18 0 0 0 87 0 4 0 14 0 34 65 0 42 49 0 0 0 14 0 36 0 0 67 0 0 47 64 1 0 0 32 0 27 0 29 60 24 0 35 2 0 0 0 0 0 0 0 0 0 5 0 1 0 0 6 59 25 62 41 0 50 16 0 27 47 4 0 0 0 0 0 31 0 60 54 17 52 1 0 0 41 0 51 95 0 0
 15 3 42 0 0 0 0 61 0 0 60 19 0 39 45 0 32 0 69 91 13 0 15 37 0 0 33 27 3 45 9 26 56 29 18 59 18 31 4 39 97 42 12 0 11 14 3 15 0 71 34 36 0 0 38 42 20 0 34 0 0 30 22 13 6 39 16 6 25 0 4 0 18 52 33 6 17 0 61 0 0 0 0 51 28 0 19 22 0 89 22 32 4 0 0 4 0 36 63 74 0 0 45 0 32 49 0 13 27 0 12 0 53 51 0 2 4 0 23 14 10 0 41 0 5 26 37 49 0 75 10 0 0 27 30 0 0 2 8 12 18 29 0 43 0 37 0 0 0 54 18 93 0 0 0 51 9 65 55 45 20 47 31 60 0 42 42 63 0 74 19 15 69 23 0 0 57 13 42 33 56 38 1 0 10 0 80 0 0 46 54 0 25 83 18 0 50 5 22 0
 6 0 59 0 48 0 0 26 0 0 16 0 0 0 0 27 0 0 0 0 97 0 0 60 4 2 9 64 19 0 0 6 4 0 61 26 93 0 23 0 0 0 0 0 0 0 65 0 72 3 0 46 0 0 47 52 0 9 33 56 0 34 2 0 0 0 0 69 0 0 0 36 0 0 0 0 0 38 41 0 19 0 0 0 11 26 0 6 0 0 7 0 0 0 0 16 0 51 0 0 17 66 0 0 0 1 10 22 0 0 2 0 63 95 0 0 0 0 0 0 0 0 16 0 0 0 31 0 0 0 13 0 0 0 0 0 0 0 37 0 0 0 24 0 8 0 0 0 17 26 23 19 72 60 0 0 0 0 0 0 0 0 0 0 0 7 11 0 0 8 0 11 0 0 0 0 0 38 48 0 52 0 9 0 23 0 0 32 38 23 82 0 0 0 14 0 0 90 0 42
 0 0 62 25 24 16 0 0 0 0 0 36 21 0 0 0 13 0 0 0 0 0 0 0 0 0 0 34 2 0 24 0 0 0 40 0 0 0 0 0 0 0 0 17 0 0 0 0 0 14 8 0 0 2 2 0 0 0 21 0 0 22 0 11 0 0 0 17 0 0 0 0 0 14 12 0 5 0 0 0 0 0 0 2 29 0 0 0 0 0 15 0 13 0 0 16 34 0 0 0 0 0 0 0 0 4 0 0 0 6 0 0 0 0 0 0 0 38 0 24 0 0 25 0 0 28 0 0 0 0 21 0 0 29 24 0 6 0 0 0 0 0 0 0 8 22 0 0 31 0 11 1 0 22 0 0 4 3 0 0 0 0 0 0 0 0 80 0 0 14 9 0 0 7 0 7 0 0 0 0 0 4 0 19 0 0 0 0 43 0 35 18 0 17 37 16 0 0 0 0
 0 0 0 28 0 0 0 0 15 7 61 0 0 0 0 0 0 0 0 0 0 0 41 45 0 0 11 0 0 0 0 0 14 0 30 10 0 29 91 1 0 0 0 0 0 0 0 81 52 0 0 8 0 0 59 0 0 0 17 53 0 0 0 0 0 0 0 0 0 12 0 20 11 0 11 1 94 8 0 9 0 79 0 4 1 0 0 0 7 25 0 0 60 0 10 0 60 5 37 0 12 0 0 0 0 0 0 12 0 10 0 18 18 12 0 0 0 22 0 0 0 0 17 0 0 0 82 0 0 0 30 0 0 0 32 0 0 57 0 0 19 22 3 0 0 0 0 0 0 57 0 19 39 20 0 0 0 0 32 8 0 4 0 24 26 0 84 0 0 3 11 85 32 0 0 21 0 59 29 0 69 25 0 0 81 17 7 0 0 63 20 0 0 0 7 0 0 28 0 45
 0 0 41 0 24 0 1 36 7 3 0 22 76 80 11 0 0 25 0 0 72 0 34 14 26 29 0 61 0 14 0 0 0 0 62 6 11 0 54 0 0 24 0 0 0 12 64 5 0 33 0 40 12 3 0 75 0 0 56 66 0 0 0 0 0 26 0 56 31 0 0 70 3 8 0 0 12 26 77 1 0 48 1 0 0 0 0 59 0 27 0 6 73 0 0 0 0 62 0 0 0 0 0 0 0 37 0 10 0 0 30 3 85 90 0 67 0 0 0 0 1 0 0 24 0 0 62 0 30 9 87 0 20 0 0 0 16 81 82 0 70 0 0 0 0 5 0 0 0 43 0 34 0 20 0 0 0 0 21 0 0 0 0 0 0 7 50 0 0 48 0 28 57 0 0 0 36 10 13 0 80 0 0 0 0 0 0 90 0 62 0 14 0 57 53 0 38 48 0 13
 0 15 54 8 89 0 0 0 0 0 0 0 25 68 19 0 14 6 51 0 74 0 0 0 1 0 0 0 0 0 0 17 0 0 77 0 75 3 28 0 0 0 19 20 0 0 0 0 48 0 12 0 0 0 11 45 8 0 24 60 39 0 18 0 0 6 0 77 9 0 0 65 0 0 0 0 50 79 0 29 77 0 2 6 0 0 0 35 0 0 0 0 90 0 12 0 46 71 0 7 62 30 18 0 0 0 0 15 0 0 0 0 13 21 0 0 0 0 25 12 0 0 0 25 0 0 75 0 0 4 25 0 0 0 0 0 0 27 0 0 0 0 35 0 0 0 0 0 0 0 20 67 14 43 0 29 0 19 0 5 0 0 0 0 0 5 4 0 0 11 0 44 46 30 0 6 22 3 65 0 6 30 0 16 19 22 0 59 83 53 0 0 0 50 16 0 0 0 29 0
 55 0 4 45 38 0 0 0 5 24 25 0 38 0 70 76 59 0 21 22 73 1 0 57 48 0 33 78 0 36 0 0 0 31 69 0 0 54 27 0 0 31 0 0 1 8 47 10 4 53 68 44 9 60 58 32 28 18 0 46 0 1 0 54 8 58 90 63 21 30 0 2 0 33 55 1 9 42 52 97 0 17 5 0 72 41 33 9 0 20 3 4 23 12 61 0 17 53 22 0 33 11 52 0 0 71 66 0 30 0 0 35 19 84 0 92 0 82 87 7 24 4 41 0 0 26 93 61 0 27 39 0 58 50 0 0 11 81 0 0 35 0 0 38 32 0 23 0 66 20 6 0 4 0 22 0 0 0 76 89 0 4 97 0 0 16 0 61 0 40 0 54 0 0 6 18 0 74 0 43 57 0 32 0 48 3 0 31 14 45 18 0 55 71 43 0 57 40 43 42
 79 72 22 51 3 6 0 0 2 70 0 61 66 23 11 69 0 3 0 0 0 13 10 70 0 48 0 45 0 51 0 0 0 63 61 12 53 39 6 0 0 48 0 82 0 0 65 0 4 0 46 0 0 0 0 81 43 0 0 55 22 64 0 27 0 0 28 0 57 27 44 71 0 0 0 11 93 0 62 61 72 18 0 5 65 62 75 0 0 53 58 0 39 0 65 81 26 10 65 18 0 15 14 0 13 73 30 0 0 0 0 0 2 87 0 67 32 66 55 0 0 0 18 0 31 46 0 73 7 21 43 0 0 0 0 12 0 41 0 4 0 19 0 40 57 0 72 0 33 68 0 0 8 38 5 55 58 0 10 23 0 89 8 43 0 21 0 43 39 70 0 0 38 35 75 38 24 45 61 0 0 9 0 0 0 26 2 62 0 25 54 0 0 40 85 0 37 54 31 52
 33 0 74 0 80 4 11 8 0 0 63 0 0 14 0 0 0 0 57 0 27 0 19 4 0 0 0 7 7 39 0 0 60 0 29 21 0 1 30 31 0 24 0 0 0 0 7 23 94 16 0 8 0 82 0 55 0 0 32 60 0 0 43 0 0 0 0 56 19 0 5 0 0 4 39 0 9 29 63 39 66 11 0 0 0 47 64 0 0 0 37 0 82 0 0 0 94 62 0 0 0 0 0 0 21 0 0 37 0 0 0 11 5 15 22 0 7 0 11 14 0 17 69 0 0 0 87 36 0 0 53 16 0 0 7 0 1 59 80 45 20 0 0 0 0 0 33 0 0 84 68 0 0 45 0 0 25 0 0 0 0 0 0 0 0 0 40 0 0 21 0 0 0 9 8 0 36 73 0 0 67 0 0 0 17 27 0 50 22 54 32 16 0 26 29 0 0 10 2 0
 0 19 0 43 5 65 0 0 2 0 4 0 57 0 10 0 62 0 32 0 16 30 7 53 65 4 67 0 11 90 0 0 11 38 0 95 54 39 2 19 0 63 0 0 0 0 24 0 30 1 86 69 0 31 0 0 0 0 22 41 0 0 0 41 0 0 0 48 71 0 64 0 11 0 11 49 0 62 19 45 54 66 62 21 14 0 76 43 0 25 0 0 30 0 57 0 95 35 0 0 69 6 0 0 7 0 61 67 89 0 0 0 0 8 0 11 0 66 0 0 0 0 83 0 13 10 96 0 0 94 5 29 36 0 0 14 0 0 24 39 25 0 0 61 0 4 14 0 0 0 0 30 54 59 0 66 23 0 0 0 5 0 0 0 0 58 33 0 0 65 60 12 0 0 25 70 0 26 40 12 18 0 0 0 0 0 0 49 64 0 70 7 0 26 0 24 54 49 18 12
 28 36 18 70 78 43 23 58 47 49 15 0 0 28 79 74 66 54 0 48 32 13 31 26 47 45 41 84 0 22 24 18 0 55 9 0 66 78 0 79 0 14 0 0 75 26 30 12 0 30 0 0 0 0 33 61 0 0 49 64 61 17 0 3 18 0 75 33 29 0 47 4 52 53 0 13 47 75 16 32 90 46 18 50 0 0 34 32 51 75 65 83 14 78 0 11 39 16 38 41 0 59 0 0 30 39 32 0 89 59 55 35 0 0 0 70 0 73 0 44 44 0 25 77 72 10 62 0 0 46 53 0 0 24 56 0 46 0 8 0 27 82 95 38 0 0 26 0 0 0 84 88 6 19 47 76 0 19 24 4 0 90 0 56 0 0 11 83 0 3 0 0 0 58 0 11 22 67 41 70 4 0 0 10 0 80 0 10 90 45 30 4 91 28 22 24 0 19 24 17
 0 39 92 0 0 0 0 0 43 0 52 1 39 98 0 14 0 0 0 0 34 0 66 6 0 9 60 0 0 80 0 0 68 2 60 63 37 0 0 0 39 0 0 0 0 0 28 39 0 0 0 0 0 19 7 43 7 16 7 48 0 0 18 0 13 0 0 83 38 0 28 66 0 0 6 0 86 62 57 2 72 92 0 0 5 0 75 9 10 0 0 0 0 32 0 0 53 1 0 0 35 36 4 0 11 0 0 50 0 0 0 0 28 6 0 53 0 62 25 0 0 27 66 0 15 1 81 3 8 0 0 0 0 0 0 1 11 16 21 14 32 0 0 0 0 0 0 0 0 58 0 0 11 28 0 24 0 21 0 0 0 0 0 0 1 59 59 0 0 70 0 0 70 18 6 0 0 7 62 16 71 0 0 0 77 0 0 36 59 0 5 0 17 13 7 0 2 34 26 17
 35 0 26 0 30 2 0 0 37 26 55 0 30 0 48 16 33 0 4 0 33 0 12 0 3 0 60 96 63 0 8 3 51 82 23 51 31 28 40 0 0 37 97 34 0 34 3 0 61 0 0 6 0 98 79 44 2 0 25 0 0 36 60 23 69 10 29 74 0 0 89 27 28 84 0 3 16 68 0 15 0 0 0 0 0 29 0 39 58 37 0 0 0 12 26 14 20 78 42 20 55 0 0 11 13 58 61 38 0 0 0 0 0 0 0 3 57 67 49 0 66 0 0 24 3 56 0 54 0 65 68 0 83 46 60 21 24 57 7 12 41 26 65 57 49 7 46 0 59 22 0 0 0 18 0 16 0 81 89 30 0 48 76 67 0 61 0 0 0 0 0 0 75 19 36 60 0 0 64 66 0 0 0 0 32 0 0 52 11 65 57 0 4 43 0 11 6 61 12 0
 34 2 87 11 48 55 5 10 56 0 0 0 15 53 0 0 79 8 0 0 33 42 63 71 57 0 48 0 0 4 4 0 38 2 0 12 76 16 88 73 0 44 0 0 0 36 38 15 39 0 0 0 15 0 0 0 0 8 0 0 0 0 14 24 0 0 22 57 52 0 18 67 0 22 46 6 15 29 22 12 6 13 0 0 65 27 0 17 0 0 32 0 28 0 9 0 18 81 0 17 17 23 0 3 17 0 74 73 32 35 0 0 51 2 24 49 0 48 56 13 0 0 54 0 86 13 70 31 0 50 24 19 59 28 0 2 0 0 0 15 26 0 0 21 3 34 21 0 0 35 0 0 44 54 0 14 67 0 39 2 0 0 73 0 0 35 54 16 0 0 0 50 1 0 50 45 0 64 39 0 2 5 0 0 0 62 0 72 0 0 0 10 0 12 9 0 48 1 0 47
 0 0 0 28 0 0 6 20 3 0 0 0 0 0 0 0 8 34 0 0 0 0 0 0 18 0 0 17 0 0 0 0 0 0 20 19 26 0 0 9 0 31 0 10 0 0 0 39 4 0 13 0 22 0 0 18 11 14 0 16 0 0 0 0 0 0 0 35 0 14 0 17 0 0 0 0 0 0 0 21 0 37 30 0 25 0 0 0 0 3 0 18 0 0 0 0 0 0 0 0 21 20 0 0 0 0 0 35 0 4 39 27 0 0 0 0 0 16 0 0 29 0 0 0 0 0 0 0 11 32 9 0 0 0 0 0 0 0 0 0 27 0 0 0 31 15 0 0 0 0 0 0 0 0 2 4 0 0 0 0 0 0 35 0 0 22 0 0 0 0 0 0 0 0 8 0 0 0 0 11 0 0 0 0 9 0 0 0 0 0 11 22 0 0 0 0 0 21 16 0
 11 20 55 33 44 0 0 0 74 5 62 36 0 17 0 0 0 13 0 0 0 0 5 0 34 0 13 76 13 48 16 33 0 0 0 16 77 2 60 2 0 16 0 0 0 0 35 32 0 0 0 59 0 9 32 0 0 0 46 0 0 0 27 35 0 0 0 28 45 0 0 14 0 5 0 0 0 61 4 22 25 79 13 0 7 13 0 0 0 0 0 0 53 0 7 34 3 58 2 3 90 27 0 0 0 0 0 0 0 0 0 0 36 3 0 8 0 44 27 0 5 0 0 0 25 0 24 0 0 0 21 1 0 28 0 0 0 0 17 41 0 0 1 0 5 0 31 16 2 25 0 33 22 50 0 0 0 22 0 0 0 0 0 0 0 19 61 20 0 0 0 1 0 0 0 13 0 0 23 0 33 0 22 31 34 23 0 65 26 40 62 0 22 80 76 0 25 96 0 33
 0 2 1 0 91 11 0 28 57 15 0 0 1 41 25 0 0 11 74 0 0 35 10 19 0 0 0 0 16 0 6 13 49 0 73 0 0 75 0 0 0 0 0 0 0 0 0 22 99 0 0 0 0 0 15 0 0 0 0 28 0 0 0 0 29 0 0 79 0 0 27 17 14 0 22 0 42 26 0 0 0 53 0 0 23 0 0 83 0 0 0 0 63 19 7 0 16 0 3 0 92 0 0 0 14 0 0 37 17 0 0 0 0 45 17 0 0 9 0 0 0 0 23 0 25 0 0 0 7 0 0 0 0 0 0 0 0 0 0 0 0 6 9 0 0 0 7 35 18 46 0 0 91 11 16 28 0 0 3 0 0 0 0 9 0 0 22 0 0 0 15 73 0 0 0 12 0 81 2 0 30 0 0 0 63 24 9 0 0 12 70 5 0 52 68 7 36 0 0 37
 0 0 63 0 15 0 7 0 0 0 0 0 70 0 27 0 0 13 0 0 0 0 26 23 0 0 0 0 0 3 24 0 0 0 0 0 48 0 23 0 0 0 19 7 1 0 55 19 14 0 0 0 0 24 48 0 0 0 54 21 0 13 0 0 15 0 0 20 9 0 0 0 0 0 3 0 25 0 0 0 40 47 0 32 0 0 0 0 26 10 0 0 31 0 0 0 29 0 0 0 50 0 0 0 3 18 0 66 0 0 4 0 0 25 0 0 32 0 0 0 0 0 0 0 19 6 13 0 34 33 0 0 30 0 0 35 0 53 0 4 0 0 0 18 0 0 0 8 0 22 0 0 0 62 8 0 0 0 0 0 17 37 0 0 0 0 37 8 0 0 0 0 60 0 0 0 9 0 26 0 0 0 0 0 35 0 0 0 0 0 0 0 0 0 91 0 7 60 0 0
 0 0 0 0 0 0 1 23 0 13 0 0 22 3 14 0 11 0 0 2 9 0 21 0 0 0 10 0 0 6 0 0 0 0 31 0 0 0 17 0 9 0 0 16 8 0 0 10 28 31 0 0 36 0 0 0 0 0 0 0 0 0 19 0 0 0 0 16 0 14 0 0 0 16 0 0 9 0 0 0 0 24 0 3 0 0 0 0 2 0 24 0 0 0 0 0 0 0 0 0 0 0 15 0 0 0 24 0 0 0 0 1 0 0 0 0 0 0 0 0 0 0 2 0 7 0 0 0 0 0 0 0 0 0 0 28 0 0 0 0 0 19 0 0 0 0 0 0 0 74 0 0 0 0 3 0 0 5 0 0 0 24 0 4 0 0 38 16 0 0 7 0 0 0 0 0 0 0 46 7 0 0 9 11 0 0 0 0 45 0 0 11 20 0 29 0 26 0 1 6
 83 44 42 21 57 0 0 0 14 42 0 23 0 0 11 10 10 0 39 0 0 0 54 65 52 0 80 98 0 0 9 0 59 5 87 87 0 60 48 17 10 0 30 5 17 0 11 0 75 52 0 0 0 51 0 0 0 0 51 35 0 10 76 0 38 42 14 49 62 0 0 36 0 56 0 0 0 52 65 51 0 28 0 48 50 42 0 75 30 45 58 0 8 4 49 48 57 6 0 16 38 20 44 0 58 0 0 69 13 32 0 0 73 74 11 36 0 16 28 0 78 0 8 19 63 38 93 44 0 87 56 0 48 28 57 0 52 25 90 59 4 0 0 32 18 0 5 43 25 0 24 0 0 0 0 80 0 0 68 2 1 78 54 16 0 14 3 61 0 86 0 0 0 0 30 75 0 72 35 0 50 0 0 7 94 65 0 6 41 12 0 14 39 43 0 0 75 0 7 39
 0 0 45 56 55 0 0 0 50 0 60 0 25 58 0 0 16 0 0 0 3 0 0 0 0 11 17 81 0 25 22 0 53 30 49 75 0 0 3 16 0 0 17 0 0 0 8 19 12 0 0 0 0 89 0 75 0 0 0 0 12 0 0 0 15 0 0 62 11 24 0 37 0 0 68 0 27 0 60 65 1 3 0 0 46 44 71 38 0 10 0 24 72 0 0 0 45 0 0 0 45 22 0 29 0 0 13 93 35 37 0 0 66 0 0 54 0 74 11 0 31 0 58 0 23 0 65 0 7 0 5 0 14 0 21 0 57 63 65 89 0 19 0 50 0 0 0 0 0 0 49 0 18 37 0 0 23 0 0 0 17 76 0 0 0 35 0 7 0 9 0 65 0 0 42 0 0 0 0 0 9 0 0 15 26 0 0 33 18 60 3 18 14 9 0 0 41 61 82 45
 21 33 0 0 9 65 0 0 1 0 17 45 0 46 16 0 53 0 64 15 11 0 41 87 0 0 60 51 0 0 0 0 70 79 16 0 3 41 47 59 0 39 0 11 0 0 0 0 60 6 38 7 0 62 21 36 0 0 0 62 2 0 7 21 6 0 0 41 94 0 48 0 0 11 37 4 43 62 86 41 54 10 0 0 0 0 86 0 20 27 0 0 60 0 31 0 78 75 0 0 0 29 0 10 55 0 0 34 43 0 8 20 4 51 0 0 1 91 0 0 0 0 0 15 47 36 41 0 0 24 0 0 52 0 57 0 0 0 15 2 42 5 0 0 0 37 15 27 0 57 14 0 10 92 2 0 0 0 10 0 8 63 0 0 12 12 0 72 10 70 34 35 1 0 40 20 0 8 39 0 80 0 0 0 69 9 0 0 14 0 21 0 0 82 14 0 0 2 47 46
 52 29 73 27 90 12 0 0 10 50 6 26 0 0 0 51 76 0 80 0 5 0 13 77 89 0 16 19 20 0 0 9 3 15 0 0 4 42 0 0 0 58 26 0 0 0 74 48 14 0 42 3 0 0 48 0 0 0 39 6 0 26 66 81 89 0 12 0 9 2 7 57 0 0 17 56 0 0 0 89 48 59 32 14 39 14 0 37 26 13 0 92 42 0 0 11 9 29 61 0 29 46 74 0 41 0 46 47 78 0 0 0 0 12 0 0 13 0 0 0 68 0 12 20 0 0 0 7 0 2 0 0 10 51 43 0 4 0 21 46 0 23 13 26 43 0 0 0 42 62 0 49 70 0 24 19 17 0 42 95 0 58 90 0 0 68 0 38 0 3 83 63 58 80 85 66 0 5 0 30 57 0 18 0 12 49 0 29 57 39 40 0 0 0 75 15 0 43 24 23
 0 0 33 14 75 0 3 0 0 0 20 0 23 30 0 0 9 13 73 0 26 0 51 0 31 0 54 73 0 71 0 0 0 0 0 52 0 38 21 0 29 71 0 0 0 0 9 0 51 6 0 22 0 17 0 42 0 0 51 26 0 0 53 27 0 0 49 66 33 0 0 89 13 18 40 0 76 15 57 41 69 0 0 0 72 43 96 87 0 0 20 0 2 0 11 0 0 17 19 23 25 12 5 0 5 0 63 0 25 0 0 0 78 5 0 0 0 46 0 0 0 0 0 0 25 4 0 76 0 0 0 17 0 0 93 0 26 68 0 0 30 0 0 35 6 0 28 0 0 3 58 0 48 75 0 51 0 0 0 0 0 62 25 28 0 43 31 46 9 78 24 38 17 0 20 0 0 0 24 0 17 0 0 16 40 44 0 0 0 52 27 7 0 57 61 0 7 83 0 0
 66 64 0 3 18 35 0 0 46 0 0 8 81 0 16 38 66 0 0 19 7 22 45 0 25 0 12 7 0 73 0 0 61 0 21 0 33 95 24 9 0 19 36 8 0 1 10 9 44 0 58 41 0 24 0 31 0 0 21 44 0 0 32 0 0 31 6 31 3 56 63 20 0 0 0 42 26 0 54 66 72 16 72 0 16 11 35 23 0 0 0 0 46 36 44 0 67 42 64 41 70 15 0 0 45 0 43 0 65 4 0 0 59 3 39 26 9 61 40 0 5 0 9 0 0 37 30 58 0 30 0 0 76 0 40 0 20 20 0 61 0 0 0 36 5 0 0 0 0 62 74 12 17 2 0 78 30 0 7 0 0 91 55 35 0 57 32 0 0 0 0 42 0 47 77 36 0 43 23 12 79 0 0 0 17 19 0 0 0 43 47 0 0 52 93 28 39 39 9 0
 41 39 33 59 34 35 17 0 0 19 42 68 9 0 79 56 57 0 35 60 0 32 31 36 55 20 2 55 30 29 0 26 33 0 81 83 7 54 0 14 9 0 0 38 10 0 0 25 9 50 6 0 19 11 19 58 84 0 0 66 0 83 18 0 0 25 67 9 36 26 46 0 2 0 0 0 55 56 0 17 44 15 53 22 0 35 64 20 0 30 23 34 0 0 0 72 24 78 0 0 56 0 39 16 69 27 0 26 76 43 15 70 1 11 0 48 0 7 25 0 17 0 77 9 19 24 35 0 0 32 0 0 0 45 24 0 16 25 27 43 4 8 54 83 0 10 33 83 77 53 36 62 0 29 0 0 0 24 38 64 0 66 68 54 8 59 0 0 0 78 68 0 43 0 0 68 1 0 85 64 0 16 0 0 53 0 0 27 43 45 0 0 39 60 40 3 12 13 12 41
 19 10 28 76 77 0 13 0 79 8 19 37 0 49 0 1 0 0 57 0 14 0 23 31 27 0 47 76 0 13 0 0 48 0 10 54 17 0 73 0 0 38 10 0 0 0 88 15 17 0 0 63 10 16 5 0 7 0 0 0 20 0 28 0 0 8 0 0 6 0 0 16 0 0 15 0 0 0 21 83 76 0 12 14 0 59 63 0 0 0 0 0 0 0 0 13 5 68 0 22 71 0 0 0 0 0 16 0 0 0 0 0 9 11 0 91 27 66 0 0 0 0 74 0 0 0 85 42 0 0 62 0 0 0 24 0 61 72 0 60 15 0 0 78 23 0 6 0 16 60 59 5 0 0 0 0 0 0 0 0 0 0 0 0 0 46 23 0 0 44 0 51 0 0 0 0 3 0 95 0 0 0 0 2 82 0 0 36 0 5 60 0 0 0 1 4 0 51 0 0
 0 85 61 9 11 0 0 17 41 28 0 36 27 72 1 0 35 0 1 0 41 0 59 52 63 0 48 59 0 49 0 18 0 0 80 0 30 0 15 87 0 66 0 0 0 0 56 64 0 0 0 33 0 27 50 0 7 0 69 85 0 0 0 62 0 0 37 0 39 14 14 0 0 0 80 44 49 61 31 51 0 35 66 0 0 6 54 48 0 60 0 0 55 0 0 0 52 43 0 66 65 0 0 14 0 0 8 57 68 0 14 0 22 94 0 20 0 0 74 0 0 0 17 0 63 23 3 16 0 0 0 0 30 0 1 0 4 12 29 12 9 0 0 0 43 26 39 0 0 0 62 54 53 48 0 91 91 0 0 0 0 7 0 0 0 7 17 0 0 0 63 31 57 0 0 71 0 0 21 0 42 0 0 0 23 21 0 14 85 67 86 0 0 0 55 27 93 62 0 0
 0 0 96 30 31 72 0 0 0 23 66 68 76 19 0 0 69 0 0 18 0 15 0 0 56 31 38 56 0 7 0 0 61 0 73 0 77 61 51 7 9 0 1 0 0 0 53 18 67 0 9 0 0 24 54 90 7 0 0 66 0 17 0 2 16 0 95 7 4 0 79 44 11 0 74 71 1 0 67 0 58 0 0 34 31 8 16 0 25 0 0 0 46 38 43 0 0 11 22 77 65 38 0 0 88 61 5 0 23 0 19 0 90 32 0 0 0 14 64 0 0 0 1 0 9 23 74 61 0 0 0 0 10 0 0 0 57 9 0 17 48 2 0 37 27 0 84 0 77 65 55 0 3 0 0 32 6 20 0 0 0 66 73 0 16 73 34 7 13 62 33 17 0 0 74 29 4 32 0 0 0 0 0 0 0 0 0 46 0 55 27 0 10 27 34 15 70 68 0 2
 52 0 68 0 0 23 35 65 38 87 0 1 0 70 59 82 65 17 77 28 50 22 15 50 15 63 57 62 0 47 69 58 44 97 29 2 0 30 56 49 12 0 0 0 18 20 0 37 44 91 0 10 0 5 53 11 6 0 90 64 89 62 82 0 75 22 94 63 67 31 0 30 0 56 59 21 69 67 70 37 52 22 0 51 33 57 23 52 15 65 0 55 60 22 3 44 9 3 0 0 60 75 27 0 35 25 0 0 54 55 15 60 81 0 0 9 0 59 41 50 42 61 75 40 5 10 70 19 4 64 0 23 2 0 18 34 36 41 0 18 85 33 50 32 15 93 0 57 6 1 72 30 25 89 12 1 0 45 33 3 0 3 58 0 0 28 0 0 0 86 73 0 3 0 42 77 30 25 40 0 14 68 0 32 0 15 0 0 12 6 0 0 0 51 0 0 72 45 33 0
 32 0 0 0 0 2 0 0 75 0 0 0 0 25 0 14 0 0 57 0 0 0 72 12 0 0 0 0 0 0 0 27 67 0 72 0 0 64 77 0 1 0 20 0 0 0 0 0 0 0 1 32 0 8 0 0 2 18 3 33 0 16 0 2 0 0 0 94 73 30 0 27 0 0 0 0 42 0 0 21 42 0 0 0 0 4 0 0 0 0 0 0 0 0 0 0 0 28 0 0 15 0 0 0 4 0 0 0 0 0 24 0 78 25 0 17 0 0 0 8 0 0 77 0 4 0 22 0 0 18 0 0 0 0 0 0 0 36 33 0 0 0 0 8 0 37 0 0 0 0 0 15 68 65 0 0 0 0 0 0 0 0 0 0 0 0 0 0 0 14 0 57 48 0 28 0 0 57 0 0 27 5 0 0 0 30 34 0 11 0 0 0 0 36 0 0 32 75 0 0
 22 15 0 0 0 0 31 0 0 0 0 0 24 0 1 0 0 0 0 0 0 0 0 0 1 0 0 0 0 5 0 0 18 0 40 0 0 3 0 0 21 11 0 0 0 0 23 0 0 0 0 0 0 0 37 0 0 38 0 20 3 9 0 0 0 0 0 0 0 0 0 0 12 17 0 0 0 0 22 0 0 0 0 19 27 2 25 0 0 3 0 0 0 4 0 24 0 5 5 0 14 0 0 0 13 0 22 2 0 0 0 5 0 25 0 0 0 0 0 0 0 4 0 0 0 0 23 0 30 0 0 0 0 12 11 0 0 0 0 0 0 3 25 0 0 0 0 21 0 86 0 0 0 0 0 5 15 7 0 0 11 0 0 0 5 0 0 0 0 0 18 0 0 0 0 0 0 22 0 27 0 28 0 0 22 12 3 0 32 0 0 31 0 0 0 0 0 0 0 19
 0 0 52 25 71 41 0 0 68 0 0 0 42 1 0 0 1 34 57 0 69 0 64 55 0 0 53 78 0 51 0 0 52 0 44 32 54 0 0 0 0 27 0 0 0 0 26 0 65 0 0 0 0 21 4 0 32 6 38 5 0 0 60 0 0 0 21 1 0 0 35 43 0 0 59 4 84 55 11 22 0 61 0 0 49 0 0 0 0 33 0 0 51 0 0 0 91 60 0 0 0 0 0 10 0 0 0 9 0 21 6 0 19 14 1 0 0 0 37 0 6 0 84 0 37 0 2 92 0 87 29 0 0 0 23 0 37 43 12 12 30 0 0 49 16 0 83 1 0 53 0 6 0 0 0 0 0 0 0 18 36 42 17 0 0 41 16 0 8 53 0 3 17 0 0 0 1 0 0 27 0 37 0 0 0 0 0 7 12 28 0 2 0 42 64 0 22 80 0 41
 82 0 0 41 6 34 52 66 0 82 32 37 73 15 89 51 58 0 53 4 99 26 6 37 35 0 70 0 41 0 78 8 0 47 48 4 0 55 86 0 28 45 70 0 18 57 0 49 67 11 72 40 0 0 39 44 6 32 0 30 0 44 90 79 41 81 13 25 35 56 10 0 66 71 0 0 86 0 9 41 0 50 53 35 52 62 0 0 34 71 67 69 75 56 0 95 0 0 77 0 47 65 0 25 64 0 49 12 0 40 41 0 14 37 5 24 24 16 41 0 71 0 79 0 50 42 18 86 66 0 0 0 57 0 0 24 62 3 60 65 63 10 0 0 48 15 27 87 76 27 56 0 64 73 63 59 0 21 0 11 36 25 35 0 16 51 58 0 0 66 16 18 39 63 8 0 57 0 36 49 33 71 23 20 0 81 1 72 0 0 22 0 3 58 0 0 89 86 61 89
 23 0 64 33 1 0 0 0 56 0 0 1 0 59 0 9 0 0 44 9 0 16 33 55 0 11 3 0 0 0 0 0 68 8 0 0 67 41 2 32 31 0 0 0 0 14 15 42 0 0 5 27 0 0 23 0 8 0 37 7 0 1 27 0 0 38 0 12 8 20 12 11 0 19 35 0 24 0 0 12 0 43 0 5 29 39 33 68 0 3 30 0 0 0 0 0 58 0 0 0 44 0 0 0 0 0 0 62 17 24 0 0 0 66 29 0 31 23 0 0 0 0 0 0 14 0 0 0 7 3 31 0 0 0 0 0 0 0 0 0 0 0 0 0 0 0 0 23 31 41 4 46 2 60 0 0 0 0 0 35 0 0 4 0 0 0 10 0 0 0 0 65 6 0 0 0 7 23 30 0 69 0 0 0 0 0 0 16 57 0 45 11 0 91 32 0 0 0 4 65
 0 50 95 48 11 58 0 0 47 0 30 0 33 65 0 0 3 0 0 0 0 68 0 0 37 0 77 4 0 10 0 23 14 22 17 0 74 59 52 37 0 0 0 0 32 0 0 75 0 0 58 0 30 56 9 54 0 0 46 63 13 0 2 61 0 0 0 77 0 18 0 0 0 0 0 14 93 53 49 12 2 63 85 0 40 37 47 0 0 0 32 0 61 0 27 19 0 60 0 12 0 61 0 0 0 0 26 0 19 0 22 0 76 51 0 72 19 57 0 0 26 9 0 16 61 17 0 61 0 0 45 35 0 0 0 0 37 0 0 50 25 11 26 25 0 26 68 0 5 43 48 0 46 0 24 61 0 0 0 2 0 24 0 0 0 34 0 43 0 67 0 22 66 0 38 50 7 78 12 16 68 0 0 0 56 84 23 0 0 56 40 0 0 8 37 0 24 72 42 8
 9 8 0 0 0 0 0 7 0 0 0 0 57 9 33 0 0 34 26 0 0 0 88 0 0 14 20 0 0 0 19 8 73 0 66 0 25 0 65 0 0 4 9 0 1 0 0 54 0 0 0 7 1 0 41 0 0 16 67 0 0 0 0 0 33 26 0 0 0 0 0 39 0 1 0 0 0 0 0 0 0 28 21 31 8 6 0 94 34 0 0 5 36 0 0 0 0 23 6 0 0 35 0 6 0 0 0 50 0 0 0 0 91 36 0 0 0 0 0 37 0 0 0 0 0 21 31 0 7 0 0 0 0 16 0 0 0 33 0 0 0 0 3 18 0 5 10 4 0 92 0 0 1 57 17 0 0 0 0 0 39 0 0 0 11 0 67 0 0 0 0 0 67 0 0 0 0 0 4 31 0 0 0 7 0 0 0 10 66 38 62 14 20 25 74 0 0 0 0 36
 0 0 6 23 0 0 0 0 9 0 0 0 27 0 0 0 5 0 0 0 20 0 0 14 0 20 18 0 0 0 0 11 18 0 54 0 17 0 15 0 39 0 0 0 0 0 0 0 0 21 0 26 0 0 0 2 37 6 0 9 15 26 0 0 17 33 0 0 0 0 0 0 0 0 0 17 3 0 0 0 0 5 0 0 11 0 18 0 4 0 0 0 16 0 26 18 5 23 31 36 7 0 0 0 2 0 4 0 16 0 20 0 0 0 0 0 0 0 4 11 0 0 0 0 16 30 0 0 0 0 0 27 0 0 0 0 23 26 0 0 0 23 0 35 20 4 0 0 0 51 2 3 0 2 22 7 0 0 0 15 0 11 0 0 0 0 56 0 0 0 0 0 0 0 0 0 0 0 0 22 0 0 0 0 0 0 0 0 61 14 0 0 0 0 0 0 0 0 8 0
 24 0 61 8 0 0 0 0 46 24 0 89 15 0 0 44 79 24 32 0 3 68 38 0 0 0 2 45 0 0 0 0 7 87 24 87 0 55 61 31 0 51 53 10 0 0 40 0 36 0 5 14 10 44 31 0 0 0 0 49 0 0 0 59 0 28 50 1 46 10 42 60 1 0 49 54 52 0 45 0 23 65 24 0 43 0 35 28 13 12 0 0 15 53 0 35 71 15 20 0 56 27 0 14 36 14 51 0 62 7 0 8 43 0 0 36 0 0 31 1 0 0 0 18 9 23 66 60 0 92 10 0 0 6 41 0 19 0 39 17 0 0 0 0 75 0 0 0 73 81 50 91 80 68 2 41 81 0 32 0 34 55 65 45 36 67 80 75 0 2 22 56 78 0 62 0 0 10 45 0 3 0 0 19 23 31 0 18 0 97 17 25 9 0 73 0 93 31 0 64
 3 75 0 3 63 42 0 4 31 0 0 0 68 76 0 0 0 0 32 0 70 0 4 17 0 0 59 0 0 41 0 0 54 0 23 64 40 52 13 0 0 77 21 0 0 0 47 46 73 19 10 34 21 34 99 57 0 0 23 86 0 0 53 0 0 0 0 0 23 0 49 0 0 36 11 0 49 61 35 70 0 44 0 8 64 73 0 71 0 6 0 0 0 0 0 0 0 0 31 0 35 76 32 12 0 0 0 67 12 0 16 1 69 4 14 71 31 3 0 0 0 0 0 0 13 14 78 0 26 37 73 0 0 0 0 10 34 59 6 30 4 0 0 0 0 17 0 0 0 0 83 7 35 72 0 0 0 0 0 0 31 43 15 0 0 0 64 3 0 21 0 35 17 0 0 0 0 0 33 0 64 0 0 0 13 0 0 0 65 36 0 0 0 60 45 0 16 0 4 66
 0 63 5 0 5 39 0 0 0 0 40 86 0 26 0 0 1 0 32 0 65 0 52 0 32 0 0 0 11 28 0 0 38 46 11 64 0 39 64 54 0 0 0 0 0 14 87 61 95 0 28 23 34 63 47 87 3 21 0 0 1 4 60 54 0 19 0 46 0 0 0 82 0 0 10 0 76 85 39 15 63 0 66 0 13 85 15 43 0 0 0 0 61 0 41 0 6 0 0 0 17 0 0 0 10 0 55 19 0 37 7 0 4 65 0 33 9 0 0 0 9 0 67 0 20 0 86 0 0 60 0 0 0 3 0 9 20 0 0 0 0 0 0 23 0 0 16 0 0 46 0 0 15 18 0 63 0 0 22 0 0 72 0 0 0 52 74 62 27 12 0 52 32 37 34 0 0 0 64 27 50 0 0 0 60 68 0 21 14 0 57 0 0 0 0 9 2 16 1 22
 6 0 0 55 37 23 0 60 0 50 55 0 97 66 6 0 72 3 27 61 34 33 43 0 0 74 72 85 0 19 0 6 43 76 0 0 42 41 54 25 0 83 46 47 14 0 51 0 26 80 9 24 0 13 14 60 85 0 0 0 0 0 0 52 0 19 72 0 52 13 22 47 70 0 84 37 32 0 41 0 64 68 28 8 0 38 0 52 13 61 53 64 53 13 68 44 28 0 34 42 0 90 34 0 49 0 36 51 64 46 0 0 42 51 0 0 0 25 19 0 98 0 29 5 0 81 0 0 1 57 26 8 0 78 30 0 86 75 34 0 0 99 0 0 21 0 50 51 73 22 20 18 0 12 43 47 27 85 24 14 0 0 58 0 0 39 44 0 0 0 0 78 43 17 52 45 0 45 0 28 34 0 0 0 29 40 13 0 14 7 31 0 2 84 34 16 0 46 18 50
 0 0 0 0 0 0 0 0 0 0 19 13 44 0 0 0 0 0 40 0 0 0 23 59 0 0 0 0 0 0 12 0 15 11 23 0 12 0 19 0 0 0 0 0 0 0 69 37 21 13 2 70 0 0 45 0 0 0 45 35 13 20 0 0 0 0 0 15 44 0 0 2 3 0 15 0 20 4 0 0 71 9 0 39 0 0 0 54 0 25 0 2 0 0 7 0 1 0 0 17 0 0 0 5 0 23 0 61 0 0 33 0 46 14 0 0 1 6 0 15 0 28 0 0 0 0 0 0 0 0 0 0 0 0 0 0 0 46 0 0 0 0 0 0 0 0 0 13 0 7 32 0 46 68 0 25 0 0 27 0 31 30 13 0 0 0 0 13 4 0 0 36 18 0 0 8 0 0 18 39 22 0 0 0 0 0 0 0 0 0 6 0 0 0 46 0 26 13 0 34
 0 0 31 12 20 0 0 5 32 4 0 0 0 0 0 1 13 0 0 0 0 0 0 0 0 2 6 34 0 0 0 0 0 0 83 0 0 16 15 0 0 0 0 0 0 0 0 19 0 0 8 0 20 0 33 0 10 0 34 0 15 0 0 1 0 0 0 4 9 13 0 0 0 2 0 0 0 0 0 0 0 0 0 0 0 0 0 0 0 0 0 0 0 0 36 19 15 33 0 0 0 0 0 0 0 34 10 0 0 0 0 0 0 0 0 0 0 0 0 0 0 0 0 29 0 0 0 13 0 0 0 0 0 0 0 0 0 15 0 0 0 34 0 3 0 0 0 0 0 37 0 0 0 0 0 0 0 28 0 0 0 0 0 24 0 4 5 0 0 0 0 0 70 0 0 0 16 0 0 24 19 23 9 0 0 0 0 0 0 3 0 0 0 0 0 0 18 0 0 0
 57 68 0 48 0 54 0 0 0 44 77 21 0 33 17 75 70 0 0 0 22 60 47 0 6 9 0 55 0 43 0 0 0 0 26 53 28 19 0 19 0 60 0 18 0 0 84 0 80 0 35 34 0 0 45 31 23 0 52 0 20 0 54 53 20 63 0 66 90 0 0 83 0 0 48 16 37 81 45 0 14 69 0 0 11 16 0 62 31 84 2 20 72 40 0 0 0 0 74 0 30 16 17 39 0 29 38 95 17 0 0 0 57 6 0 40 0 50 84 0 44 0 15 29 0 44 0 36 0 76 43 21 14 0 0 0 62 49 4 24 43 0 3 18 0 0 0 0 59 0 39 68 4 0 23 62 43 0 0 0 0 67 84 53 1 35 0 0 0 57 0 0 0 80 44 0 0 0 0 0 29 0 18 18 9 0 1 0 64 0 75 18 26 13 0 0 0 0 0 32
 2 0 40 1 0 0 0 0 20 0 15 0 48 10 0 0 0 2 25 4 0 0 35 66 0 0 28 0 7 3 25 0 0 31 74 34 16 90 7 0 0 0 0 0 0 0 63 60 7 0 0 0 0 0 36 0 0 0 13 52 0 0 0 0 15 0 0 67 42 0 0 3 0 5 0 0 63 0 35 14 36 0 0 3 0 20 0 2 0 0 0 16 35 0 0 0 0 62 0 0 54 0 0 10 29 0 0 24 0 0 0 0 33 5 0 0 0 37 0 0 0 0 0 0 0 0 0 11 0 0 0 0 27 0 2 0 0 44 0 0 0 0 25 0 0 0 0 16 0 74 0 0 48 12 0 0 0 0 0 0 1 23 0 6 0 0 32 9 0 0 0 21 37 0 0 0 0 0 0 0 0 1 0 1 27 0 0 0 9 14 64 0 30 37 7 0 0 0 0 0
 12 0 93 72 0 2 0 36 26 0 87 0 1 12 13 0 57 0 46 39 21 0 12 96 17 0 79 19 26 81 0 39 34 13 0 5 0 59 32 20 0 62 0 34 0 0 48 53 0 0 11 72 0 12 1 9 0 26 0 46 0 18 31 70 67 79 29 74 18 0 51 0 0 54 15 5 54 0 65 81 0 0 0 67 89 0 81 79 6 61 13 0 33 22 54 88 50 81 0 0 5 91 66 16 60 0 0 1 12 0 18 38 0 44 16 59 9 44 27 0 71 0 46 1 49 57 59 51 0 27 0 0 54 56 82 0 30 0 0 45 0 17 0 93 59 5 67 41 0 13 11 43 9 19 30 19 66 53 72 68 0 52 24 39 0 0 0 0 0 75 37 57 0 20 51 83 43 11 0 54 0 0 0 0 19 61 0 86 0 0 91 8 36 96 3 3 22 24 0 21
 48 33 11 30 51 39 0 32 98 0 55 0 0 35 30 37 20 17 9 95 17 40 0 85 0 47 0 39 61 29 49 0 0 0 0 55 65 0 12 75 45 46 0 0 17 0 60 22 66 0 37 57 0 9 0 0 65 0 0 31 0 75 19 14 0 0 76 0 74 0 0 53 64 42 16 23 61 0 67 35 24 68 0 0 20 59 0 26 65 80 77 0 38 63 69 6 9 1 11 68 88 16 60 0 63 91 22 13 0 10 18 20 16 0 14 74 17 27 54 75 7 0 0 6 77 5 69 6 82 0 0 0 58 7 56 0 0 77 21 41 96 0 38 53 57 21 25 48 41 24 0 62 8 0 74 20 32 0 8 65 62 16 26 38 9 32 45 40 0 59 32 85 41 0 3 42 48 17 0 0 19 11 0 0 0 0 0 26 0 75 47 5 31 0 0 22 31 36 53 32
 46 0 5 85 0 45 0 5 71 63 0 87 18 52 0 29 40 3 38 0 69 26 54 89 20 0 38 49 0 47 0 7 28 3 0 16 48 0 0 0 0 66 0 0 5 0 1 72 79 89 43 77 0 33 77 26 0 17 80 25 89 0 0 14 0 0 1 0 0 42 35 44 0 14 11 27 6 0 22 0 40 39 0 5 0 0 42 37 10 1 70 1 4 23 0 20 0 6 59 0 51 41 0 0 41 48 0 7 20 24 0 0 3 0 0 69 0 77 20 61 63 27 74 0 66 51 0 0 65 0 0 0 57 0 36 13 13 0 78 1 0 42 23 42 45 0 44 56 20 0 0 3 47 0 0 0 70 41 0 86 48 0 73 38 0 21 62 39 0 40 79 0 93 0 64 62 28 33 43 0 0 45 5 0 81 85 0 0 0 24 43 12 59 42 64 0 33 0 59 15
 0 0 51 0 0 0 5 0 3 0 67 0 0 9 36 19 0 0 0 15 0 0 0 0 20 0 0 22 0 0 15 0 10 0 0 0 0 0 0 0 0 0 0 0 0 5 0 0 0 0 6 95 0 0 13 0 5 7 0 0 0 0 0 0 0 0 0 0 0 0 9 0 0 0 14 0 17 0 29 0 17 0 0 0 3 0 5 31 0 9 0 0 0 0 22 0 13 0 0 0 16 0 24 0 1 0 0 0 0 0 0 0 0 0 0 0 0 0 0 0 7 0 0 0 0 0 0 20 0 22 0 29 0 5 18 0 0 79 0 13 0 0 9 0 10 2 0 0 37 0 0 0 0 51 0 0 0 0 0 0 0 0 0 12 29 2 0 6 3 6 0 28 32 0 0 0 0 30 56 0 0 0 34 0 0 10 0 0 56 0 16 4 23 21 12 0 27 0 0 0
 0 3 98 89 20 63 36 12 31 14 16 0 69 66 0 23 0 0 78 0 79 0 68 91 32 0 10 39 9 0 0 0 9 40 0 1 0 16 30 0 0 0 0 0 0 0 9 71 75 0 0 79 0 62 36 72 0 0 0 6 0 13 45 0 0 0 5 13 68 27 0 0 6 0 0 31 0 66 51 0 60 0 0 10 71 0 53 0 0 25 10 8 78 0 0 0 62 3 0 0 0 0 0 27 44 0 10 88 78 0 0 0 26 7 36 28 0 83 11 0 37 3 26 25 0 0 74 63 6 0 0 24 0 0 0 8 0 15 0 21 0 0 0 0 36 0 64 36 0 0 0 0 10 87 0 11 0 0 0 0 15 6 0 12 0 0 0 8 0 18 0 11 4 0 52 0 0 36 12 16 10 0 14 0 0 0 37 53 48 0 68 0 3 41 0 8 68 0 0 86
 38 0 11 0 81 31 0 74 35 18 0 60 40 42 0 14 88 0 0 64 6 63 83 0 35 7 54 9 71 3 0 84 34 63 49 55 0 24 0 34 0 0 24 48 0 3 39 0 70 46 39 6 0 0 0 31 82 0 21 46 0 49 80 35 83 90 0 0 65 17 56 18 25 58 0 50 27 28 25 0 9 4 6 3 69 0 15 0 69 9 46 45 49 28 18 0 0 10 0 0 0 1 6 0 53 27 18 0 75 0 29 12 0 49 0 16 48 25 0 0 0 0 29 18 31 18 0 36 36 73 73 17 0 0 44 0 71 10 0 21 90 89 0 50 23 3 27 67 79 11 14 0 51 75 13 14 58 46 60 35 18 12 41 81 28 0 0 34 0 49 0 16 81 25 18 11 0 54 63 0 46 61 16 25 28 0 0 93 0 0 87 34 71 11 22 0 8 63 11 11
 0 0 0 62 7 0 0 0 0 19 4 0 0 33 25 0 0 14 29 0 0 0 12 0 0 0 0 0 5 0 30 0 43 23 0 0 69 73 61 0 0 13 0 0 0 0 78 32 28 0 0 75 0 0 74 4 0 0 78 61 14 0 73 17 0 10 0 76 60 0 0 34 0 0 10 0 75 29 56 15 4 49 11 0 0 0 0 11 0 0 0 9 0 2 0 0 0 58 0 0 43 0 23 0 0 0 0 70 0 0 0 0 14 0 0 0 0 0 0 0 36 10 57 0 0 0 19 10 0 0 55 0 0 0 0 2 0 39 62 0 0 0 0 0 0 0 0 0 0 51 0 16 41 60 0 0 27 0 5 14 0 0 0 0 16 47 59 0 0 0 24 0 10 0 30 0 26 87 32 2 29 0 0 19 39 0 0 0 65 73 0 21 0 87 56 0 22 40 0 21
 34 0 0 0 0 0 2 37 0 0 0 33 27 0 0 0 32 0 0 0 0 0 14 0 0 22 0 0 0 0 0 0 0 3 13 0 0 0 0 30 0 9 0 0 0 0 0 0 0 29 31 35 0 8 0 13 0 0 11 0 10 0 0 0 23 0 0 0 9 0 0 0 0 0 0 0 0 24 0 0 13 0 22 0 13 2 7 0 0 25 13 15 0 0 0 0 0 0 32 10 30 18 5 0 0 0 0 0 0 0 3 0 2 0 4 0 0 0 0 0 0 0 11 0 0 0 0 0 0 12 0 5 0 10 0 4 0 0 20 15 0 0 23 0 0 0 0 0 17 22 0 21 6 0 0 0 0 0 32 27 0 16 0 23 0 0 0 0 8 0 23 0 0 8 0 0 0 23 25 0 0 0 4 2 0 0 22 0 0 0 0 0 0 0 0 0 6 0 0 6
 0 0 69 0 66 0 4 27 74 0 6 0 51 48 23 0 0 39 68 19 0 0 15 70 8 0 0 0 6 0 0 0 26 0 9 0 2 56 21 0 0 10 0 0 0 0 98 0 42 0 0 3 0 0 39 2 0 0 43 0 0 6 0 0 0 0 0 30 66 0 29 16 0 5 0 34 0 0 36 0 30 20 21 34 17 0 0 17 0 0 0 0 32 0 0 0 25 36 0 0 77 0 5 0 0 0 0 43 0 9 0 0 57 0 0 0 0 0 0 0 0 0 6 0 0 0 0 0 0 0 23 28 0 0 0 0 0 7 0 0 0 0 0 0 0 0 34 0 22 8 0 0 54 2 0 0 3 0 0 0 0 0 0 0 0 59 27 0 25 12 0 0 0 0 0 0 0 74 0 5 0 30 0 0 39 10 2 0 55 0 0 0 0 93 10 0 0 24 0 0
 0 0 0 0 0 0 0 0 0 6 49 0 0 0 4 0 0 32 0 29 0 0 70 0 0 0 0 0 0 0 0 0 0 0 92 0 0 0 0 0 0 0 0 2 12 0 0 0 0 1 0 28 0 16 35 0 0 0 14 30 0 0 12 34 12 0 0 0 61 9 0 1 0 6 0 0 98 0 0 4 0 0 0 0 16 0 0 91 0 0 0 0 26 0 0 19 28 24 0 0 0 0 29 0 0 0 14 0 0 0 0 0 0 78 0 11 0 0 0 0 0 17 0 1 19 0 0 0 0 0 0 4 0 0 0 0 0 0 0 13 0 0 0 0 0 0 0 0 13 0 0 0 2 55 2 0 0 0 0 0 18 0 0 0 9 1 25 20 0 0 0 0 18 0 12 0 0 0 24 0 0 0 0 0 0 0 0 20 36 32 0 0 0 0 96 18 0 0 0 0
 38 0 0 64 0 0 28 73 0 7 0 74 92 45 0 61 42 42 0 0 57 23 60 70 20 0 0 0 16 22 27 64 0 4 46 31 73 37 28 0 0 24 75 0 1 0 10 0 29 2 68 8 0 0 66 0 15 57 0 80 63 45 0 80 0 27 12 6 23 56 32 0 47 32 55 0 34 0 0 0 41 64 34 25 36 70 82 41 0 15 0 85 3 51 0 38 59 71 42 52 0 3 0 4 44 13 0 0 12 23 21 0 44 0 0 43 0 16 51 57 42 18 90 82 11 49 4 22 0 19 17 70 17 64 0 9 69 0 50 0 48 57 55 0 0 0 87 36 0 0 1 0 61 0 0 0 41 42 0 47 61 11 48 49 38 9 0 0 4 0 3 0 71 0 41 81 0 34 8 0 78 0 0 0 0 17 0 0 47 80 14 0 25 26 0 0 0 56 0 0
 0 12 0 45 49 33 0 0 56 0 51 62 0 53 11 0 5 0 33 0 51 51 0 52 5 26 0 56 0 8 0 0 68 0 25 24 13 48 16 53 0 58 0 0 0 0 60 47 95 0 2 0 0 57 0 4 0 21 12 0 0 0 0 33 0 0 0 6 45 0 0 22 0 0 33 23 23 41 7 57 0 41 28 0 8 0 0 60 0 50 0 0 71 0 58 0 0 33 28 8 28 65 0 0 35 0 73 25 99 0 0 22 0 0 14 0 5 61 0 0 0 0 67 0 55 76 53 52 35 56 37 4 1 0 21 0 69 49 18 32 60 0 0 4 5 0 0 0 70 95 0 43 48 0 0 0 53 29 35 1 0 43 46 0 0 84 51 6 0 49 62 0 15 0 57 37 0 8 22 0 0 0 0 0 0 0 0 77 38 38 26 0 0 0 0 22 24 15 12 62
 0 0 45 0 0 0 0 27 0 14 28 0 0 28 0 4 0 0 0 0 0 0 77 0 2 0 0 0 0 0 0 0 0 0 53 13 0 2 0 0 0 0 0 0 0 13 41 0 24 0 0 17 0 0 0 0 0 1 0 64 0 0 26 18 0 0 0 0 65 0 0 57 0 0 0 0 0 14 0 0 51 0 0 0 0 30 24 54 0 22 0 0 0 4 0 16 0 52 0 39 47 0 0 0 5 0 37 35 0 0 0 0 0 48 7 0 2 19 0 0 0 0 0 0 0 0 0 0 0 0 8 0 0 0 14 0 2 0 12 0 0 0 0 0 0 0 0 0 0 4 0 0 3 5 0 0 0 15 0 0 0 14 27 0 0 0 15 0 0 0 0 0 33 11 0 4 0 19 3 0 0 0 24 0 0 0 0 0 88 0 37 0 1 0 0 0 12 3 17 0
 16 0 10 0 0 0 0 0 5 0 0 0 6 0 0 0 0 4 0 0 0 0 9 6 0 9 0 0 0 0 0 33 2 0 26 0 0 0 0 0 0 24 2 0 0 0 0 0 6 0 0 0 0 0 0 0 9 4 0 0 0 13 21 0 0 6 0 0 0 0 0 0 0 0 0 0 75 0 0 0 0 16 0 0 0 0 6 0 0 0 0 0 27 0 0 0 0 0 0 0 0 8 0 9 0 29 0 0 2 0 0 0 29 0 0 0 0 0 0 0 0 0 0 0 0 0 9 33 0 15 0 0 0 27 0 0 0 0 0 0 0 0 0 0 33 0 0 8 0 0 0 0 0 0 12 34 0 0 0 0 0 0 0 0 20 14 26 0 4 0 0 0 43 0 0 9 0 0 16 12 0 0 18 0 0 10 0 0 99 0 0 0 1 30 0 0 0 0 0 0
 63 8 0 62 76 0 71 57 0 0 7 36 68 23 95 0 64 52 4 47 14 8 0 16 0 63 16 0 0 53 0 0 29 43 6 61 48 16 35 47 13 0 60 42 76 52 58 0 52 71 39 57 0 0 75 26 0 47 0 59 24 40 0 84 0 4 0 6 0 29 45 81 31 0 0 7 0 0 61 44 0 56 0 5 0 14 0 42 39 0 75 49 60 0 0 0 98 18 33 55 10 12 76 0 22 74 0 96 58 0 52 7 63 56 0 26 6 78 0 79 49 49 0 6 2 0 0 6 0 0 13 37 18 0 67 9 47 0 27 41 65 18 7 48 0 0 14 0 66 61 0 0 57 72 20 23 27 0 1 0 0 0 0 0 15 33 32 45 3 4 27 94 39 30 15 0 0 48 3 16 65 0 0 38 40 0 92 75 60 56 0 1 0 44 15 0 93 86 3 90
 3 77 0 7 0 9 8 0 0 7 0 7 74 17 13 0 27 0 18 0 48 0 26 1 0 0 20 9 0 29 0 0 0 79 79 0 0 20 39 0 0 0 0 0 0 0 0 27 54 0 0 46 0 51 52 0 0 0 74 0 0 0 65 0 22 0 0 32 0 15 36 0 11 0 4 0 77 0 35 0 42 11 8 0 16 21 0 18 0 46 0 18 0 0 0 10 13 0 0 0 0 54 12 0 0 0 0 30 0 0 0 11 39 64 0 39 25 0 5 0 0 0 66 25 44 0 6 73 5 53 0 0 31 14 0 0 37 66 53 0 35 0 0 19 0 2 0 0 0 52 0 0 0 0 0 0 30 31 0 0 0 56 0 0 0 0 89 0 0 43 0 2 7 0 0 0 29 0 0 2 14 0 0 0 0 0 0 0 0 7 26 9 0 0 28 0 0 66 0 0
 0 15 51 0 5 7 0 21 0 0 36 0 4 0 38 0 0 0 6 0 0 0 57 55 13 0 0 0 0 0 0 0 11 0 0 0 0 35 0 0 0 0 33 0 0 0 12 66 0 20 0 0 0 0 14 0 4 13 30 53 0 0 28 22 14 0 0 62 74 0 0 44 0 0 0 0 34 0 0 11 12 5 0 0 0 30 0 38 0 0 0 18 44 0 0 4 0 0 0 0 0 0 13 0 0 0 0 0 0 2 0 0 0 6 0 0 0 0 0 0 33 0 0 17 0 0 16 1 0 0 0 0 0 0 0 0 0 11 0 0 13 0 0 0 0 0 0 0 0 0 0 27 0 60 34 0 0 0 0 0 0 0 0 0 0 0 42 0 0 11 0 0 20 0 24 0 0 0 65 27 7 0 0 12 45 15 0 0 29 0 34 0 0 0 34 0 0 0 0 0
 0 71 69 75 26 7 0 0 47 0 0 0 68 0 0 0 0 7 73 0 53 30 9 0 0 0 21 18 25 94 22 0 63 2 27 76 51 54 21 0 0 48 0 0 0 0 26 16 14 23 0 25 0 41 49 41 0 0 85 13 38 0 0 0 0 0 0 74 0 0 24 0 6 0 91 0 0 30 52 86 42 68 0 0 4 46 0 0 0 0 0 0 68 0 0 5 7 42 0 3 0 82 0 17 0 0 48 14 65 0 35 0 75 58 0 3 0 42 0 0 18 0 0 0 0 0 0 58 0 65 89 26 0 0 19 0 12 74 80 10 0 0 0 0 0 0 0 0 5 0 29 10 81 0 0 0 0 0 8 0 0 48 0 25 0 75 50 87 0 0 0 54 0 34 0 0 0 5 58 9 85 0 0 0 41 16 0 29 72 34 44 16 0 0 81 0 80 25 0 7
 0 0 52 36 40 0 0 0 67 0 3 0 22 6 0 0 0 0 63 0 29 0 59 0 0 10 0 17 4 36 0 0 0 0 31 0 41 60 49 0 21 0 2 0 0 10 36 6 4 36 0 21 0 0 0 0 16 20 48 39 0 0 0 0 0 0 0 92 84 0 11 0 0 0 0 0 0 0 0 0 88 80 0 14 0 25 0 0 0 0 0 0 0 0 0 0 0 11 25 0 78 0 0 0 0 0 0 0 0 0 0 29 0 35 0 36 0 0 0 0 24 0 0 0 0 0 38 0 0 0 0 0 0 0 13 34 0 20 0 0 23 0 0 21 0 0 0 15 0 53 0 0 19 0 0 0 0 0 17 9 0 8 26 0 33 55 0 0 0 0 0 0 48 0 0 0 0 0 77 0 5 0 0 0 25 0 0 0 0 18 61 19 0 7 28 0 9 64 0 0
