200
 0 0 7 43 92 26 29 33 37 0 18 49 5 48 20 0 21 0 6 0 48 40 55 31 0 0 0 53 14 5 30 5 25 11 0 0 49 58 52 0 0 52 20 0 12 0 63 0 0 0 24 25 0 34 0 0 24 18 34 33 0 0 0 40 1 0 28 0 54 0 0 42 12 0 16 31 3 59 37 48 14 35 59 0 22 6 1 43 0 23 0 0 0 39 35 0 22 6 63 75 8 12 0 32 20 0 23 40 15 0 0 0 25 91 0 74 0 19 40 0 3 0 22 0 48 77 40 33 0 0 36 0 0 0 38 24 0 0 16 23 40 0 0 69 13 0 90 0 63 51 28 1 34 42 0 52 48 0 80 0 0 22 42 33 0 68 45 24 0 59 78 27 19 0 34 23 0 18 48 0 18 0 0 0 95 29 0 33 0 11 71 0 0 0 35 0 9 6 26 30
 5 0 24 0 59 0 0 0 86 0 0 0 25 19 23 0 1 13 49 0 30 14 57 22 0 0 38 19 0 7 17 0 22 37 0 5 30 0 31 2 1 88 0 2 0 5 38 30 0 0 0 0 0 68 16 40 0 0 0 33 0 27 63 0 0 0 11 38 84 0 13 0 25 0 0 0 56 83 72 0 60 0 0 23 0 0 18 38 0 0 0 0 63 1 0 0 51 59 0 0 58 83 0 0 0 0 0 0 31 0 0 0 9 0 4 67 32 29 0 13 0 0 29 20 0 0 37 41 0 28 43 0 0 0 0 0 77 20 4 37 60 0 0 33 0 0 2 2 0 41 0 68 61 0 0 12 0 0 0 0 0 27 0 0 0 76 10 0 18 20 0 34 85 0 24 15 0 6 30 0 53 11 0 3 86 32 0 58 63 11 6 0 11 15 0 0 0 58 0 70
 0 0 0 0 10 0 0 0 9 0 0 0 0 0 0 0 0 0 9 0 0 6 0 0 0 0 0 30 0 0 0 0 0 0 0 0 27 0 0 0 3 0 38 0 0 0 0 0 0 0 0 0 0 0 0 0 0 0 0 0 0 0 0 13 0 15 0 0 0 0 0 0 0 0 0 0 0 0 0 0 0 0 0 0 0 0 0 0 0 0 0 0 18 0 0 0 0 0 30 22 0 0 0 5 0 0 0 6 0 0 0 0 0 2 0 0 0 0 0 15 0 0 0 0 0 0 0 0 0 0 0 0 0 0 0 0 0 12 0 0 23 0 0 0 0 0 0 0 0 63 0 13 0 0 0 17 0 0 26 4 0 0 0 0 0 20 70 0 0 0 0 0 72 0 1 0 0 18 0 0 0 0 0 0 0 0 0 19 0 0 0 0 11 0 0 5 0 0 0 0
 0 20 1 0 0 0 0 5 20 11 8 0 77 33 0 0 0 27 24 0 0 0 10 62 0 0 10 0 0 0 0 0 53 0 62 0 54 24 63 0 0 0 0 0 0 0 91 61 7 0 0 0 0 0 45 0 0 0 42 38 0 15 1 0 0 0 0 0 64 0 0 30 0 9 0 0 0 0 0 0 22 64 0 0 0 9 29 0 0 0 0 35 15 0 0 0 0 37 0 0 0 0 0 0 9 0 0 0 0 0 0 29 69 16 0 0 0 0 32 0 0 0 0 0 0 0 9 0 0 0 0 0 0 0 0 0 0 0 0 33 11 6 0 0 0 0 15 11 0 2 0 69 0 0 0 0 0 0 0 0 11 0 0 0 0 59 85 15 0 2 0 0 25 0 0 0 0 34 18 0 46 33 0 0 34 0 0 0 72 8 88 0 0 5 7 3 0 52 0 0
 0 0 0 38 0 23 8 0 0 0 0 0 65 88 16 23 18 0 50 0 0 7 20 33 0 0 37 0 0 0 0 0 0 0 36 0 37 1 0 0 0 0 0 0 0 0 67 29 5 24 0 64 0 0 0 0 0 7 10 0 30 0 0 0 0 0 0 56 78 0 0 17 0 0 0 0 26 0 29 0 68 90 0 0 0 11 0 0 0 0 0 38 7 0 0 0 0 2 0 0 75 0 0 10 8 0 0 69 0 0 2 0 10 34 0 0 19 0 0 0 0 0 44 0 23 0 26 0 0 0 0 0 0 0 0 0 0 66 0 0 0 0 0 0 18 0 0 0 13 12 16 12 7 44 0 0 0 0 15 11 5 31 0 0 0 0 0 0 0 0 0 21 48 0 13 0 0 36 31 0 44 0 0 12 4 19 2 1 71 0 34 0 0 47 25 0 0 0 0 0
 0 76 43 67 0 0 7 0 1 32 48 0 49 0 0 11 0 0 0 0 37 0 92 22 0 0 0 62 0 34 0 0 59 0 54 78 84 0 69 0 0 0 0 0 0 0 15 0 0 0 0 0 0 28 55 41 0 0 18 38 0 0 0 0 11 10 5 0 0 0 22 43 0 0 0 14 52 95 55 79 92 62 0 0 20 0 0 0 0 30 0 0 33 0 0 2 24 26 0 0 8 10 0 0 0 0 0 41 0 0 0 14 5 9 0 50 0 19 0 0 0 0 43 0 0 0 0 0 0 30 30 0 0 0 0 0 73 69 30 40 2 0 0 0 0 0 0 0 0 0 54 62 0 17 0 10 0 10 0 0 0 33 0 0 0 21 95 0 0 12 0 55 84 12 0 7 22 21 64 0 17 0 26 24 6 0 3 1 3 45 49 11 0 40 0 0 0 25 23 55
 0 59 23 6 0 0 0 77 40 0 77 28 2 0 10 4 55 0 55 15 0 53 7 71 72 70 63 41 3 32 0 0 9 11 50 73 13 0 40 34 72 57 73 63 0 41 0 0 39 56 0 0 0 30 0 52 4 51 0 41 23 73 73 15 0 63 65 8 47 46 0 69 2 86 0 0 27 70 6 55 29 0 63 26 0 72 0 89 57 32 41 54 76 0 85 63 67 65 75 0 2 36 0 0 19 73 56 71 45 0 0 0 43 13 0 89 49 77 0 73 0 0 0 7 35 70 15 0 65 39 0 0 83 62 30 0 57 0 64 0 68 14 45 64 0 0 13 1 62 66 0 15 6 84 22 0 56 18 85 0 31 0 9 17 0 0 23 0 0 0 0 34 32 0 49 44 10 48 0 6 23 15 13 0 44 43 62 52 1 33 24 0 34 0 54 0 0 4 4 69
 0 18 46 0 37 16 0 0 58 73 0 17 33 53 15 28 0 0 62 0 13 15 55 76 9 59 63 27 0 77 0 29 0 36 0 59 54 78 69 59 0 7 51 51 0 0 0 56 34 50 0 55 0 65 25 33 94 0 15 81 0 27 22 0 40 0 31 15 3 19 53 22 0 48 37 7 11 0 51 86 48 0 71 0 50 0 63 76 54 2 21 30 0 26 23 0 9 0 0 55 59 0 38 0 48 44 35 53 28 91 0 0 45 90 0 2 0 16 16 20 53 0 7 21 27 9 69 9 46 69 25 0 19 0 86 1 9 73 8 9 18 37 59 0 74 0 7 28 25 14 0 19 79 66 44 46 23 53 0 7 0 81 63 2 15 20 73 55 0 37 0 56 15 33 42 26 0 0 37 0 39 0 0 20 35 0 11 0 0 0 38 19 12 36 3 0 63 45 0 0
 0 0 0 0 3 0 0 0 0 0 91 0 64 20 0 0 0 12 6 7 21 0 48 30 0 19 0 0 0 0 1 0 11 0 22 0 16 0 75 1 0 0 0 0 0 0 0 0 52 0 0 30 0 0 40 0 0 2 15 0 0 0 0 0 0 0 35 45 57 0 0 4 11 0 10 0 0 0 0 0 4 45 0 0 2 0 0 0 16 0 0 21 34 0 0 0 0 44 0 0 45 0 0 0 0 20 0 21 0 0 0 19 0 70 0 0 0 0 0 0 15 0 0 0 0 0 45 0 0 0 0 0 0 0 0 0 30 6 0 8 0 0 0 0 0 0 0 0 0 60 0 0 46 30 0 0 0 0 0 0 0 0 0 0 0 0 88 0 0 0 0 36 0 0 18 0 0 0 62 4 0 0 0 0 38 0 0 0 64 0 86 0 0 43 68 11 0 63 0 0
 19 50 31 0 67 0 7 0 10 0 0 0 26 28 0 1 16 0 67 0 0 83 37 36 40 53 53 84 0 22 0 0 30 0 0 0 50 24 62 45 0 0 27 0 2 0 56 0 0 0 43 4 0 5 75 44 0 0 0 56 0 8 28 34 0 0 0 19 48 0 75 0 0 5 0 29 32 69 57 37 0 33 0 0 0 78 0 81 0 91 16 0 47 79 16 0 33 0 55 43 31 0 0 0 12 29 0 0 30 0 3 15 4 0 0 0 0 78 10 0 0 0 41 0 0 43 0 16 11 47 76 3 24 0 17 25 0 45 44 0 60 11 0 15 78 0 12 0 65 38 49 21 50 57 0 42 53 0 9 0 0 58 24 43 0 64 20 0 0 76 45 19 32 15 8 49 0 39 0 0 63 0 0 0 88 0 5 0 38 68 25 0 48 18 43 0 93 0 13 23
 0 8 47 0 16 0 0 20 0 5 0 0 0 0 20 0 0 0 0 31 0 0 17 23 0 0 0 0 0 0 0 0 0 2 36 0 0 0 0 0 10 0 0 0 0 20 0 0 0 0 0 6 0 0 0 0 0 0 0 5 0 20 0 0 28 27 0 0 0 0 1 0 0 3 0 0 0 23 0 1 0 0 0 0 0 4 0 0 3 14 0 0 0 28 0 0 0 9 0 0 0 0 15 12 0 0 0 0 0 0 0 0 0 0 0 38 0 0 0 0 0 0 0 23 0 0 5 9 0 6 0 27 38 18 0 0 0 19 0 0 0 13 0 0 0 0 0 13 0 55 0 0 19 0 0 0 0 0 0 0 0 0 0 0 0 0 55 0 0 0 8 2 98 0 0 0 1 0 43 0 0 0 0 0 0 1 0 0 23 0 0 0 0 0 6 0 8 0 6 16
 0 19 70 25 9 13 0 0 44 2 41 0 53 49 0 0 0 14 54 0 43 0 13 63 0 22 30 63 30 43 0 0 49 7 76 7 0 0 41 0 11 0 0 0 0 0 41 5 12 0 0 52 0 42 0 0 0 0 25 17 0 0 0 28 0 0 12 40 4 11 38 64 0 0 0 71 49 48 71 50 23 0 31 18 41 44 62 74 0 25 0 0 52 0 10 0 0 0 0 0 47 44 0 0 30 0 14 0 5 0 0 0 25 51 8 48 0 0 0 0 0 0 19 0 61 0 27 89 0 50 23 0 0 0 42 0 54 4 0 0 6 0 19 48 34 0 24 12 0 4 13 33 59 0 0 39 10 0 0 27 0 49 0 15 0 0 0 0 0 10 3 43 50 9 0 24 2 88 85 0 75 0 28 0 45 6 0 0 0 39 18 0 0 10 21 0 47 4 50 24
 0 0 16 0 0 0 0 0 0 0 75 0 0 0 0 24 0 0 0 16 0 0 47 5 0 0 0 0 0 0 0 29 22 0 27 0 0 0 0 7 0 21 0 0 21 0 0 12 0 0 0 0 0 0 7 0 0 0 0 25 0 17 0 0 0 0 0 60 13 0 0 57 0 0 0 0 0 0 0 12 16 32 0 0 0 0 0 0 4 16 0 0 0 0 0 0 23 2 0 27 52 35 0 0 10 0 18 45 0 18 0 0 0 51 0 26 7 0 0 0 0 0 0 0 0 0 2 0 0 0 0 0 0 0 0 0 24 17 0 0 0 0 0 0 21 0 0 0 0 34 0 0 0 4 0 0 0 0 31 6 0 0 0 0 33 0 36 0 0 0 2 0 43 0 0 8 0 0 4 0 0 0 0 0 88 0 0 0 63 0 66 0 0 0 0 0 0 0 0 0
 0 0 7 0 0 0 11 0 0 0 80 0 74 0 36 15 0 0 8 4 0 0 58 44 0 0 0 2 0 0 0 0 6 0 12 0 83 0 0 0 0 0 0 0 0 0 58 80 70 15 23 51 0 0 43 0 0 20 43 44 0 0 0 0 0 8 3 80 37 0 0 14 0 0 0 0 14 0 0 0 75 64 18 0 0 0 0 60 0 0 0 0 38 2 0 0 0 0 16 0 57 37 0 12 0 30 0 0 0 0 0 0 7 14 0 0 3 0 13 0 0 0 0 0 0 0 67 0 0 16 14 18 3 0 0 0 0 73 0 0 0 0 0 0 0 0 0 0 3 78 29 0 0 48 0 15 0 3 0 16 0 1 2 0 23 0 35 0 0 20 0 0 20 0 0 0 0 8 0 0 0 0 0 17 28 15 13 0 11 0 34 0 0 0 36 0 13 67 0 0
 0 0 62 66 0 48 0 0 43 57 0 16 6 0 0 0 43 0 31 0 41 36 0 26 2 48 58 21 4 54 14 0 71 31 47 79 23 54 11 41 0 8 40 20 0 29 60 34 54 0 0 0 1 0 62 75 0 0 42 14 0 25 50 36 3 14 0 45 25 61 75 49 0 0 5 48 92 0 55 63 0 5 0 0 71 44 24 0 0 26 0 0 32 0 0 0 59 65 0 36 19 70 0 0 26 63 65 35 22 0 0 0 54 37 36 38 6 37 5 0 52 0 76 0 0 0 21 9 0 7 67 0 0 0 0 0 45 65 53 9 0 0 0 57 5 0 41 0 0 0 22 0 7 39 0 15 16 0 50 0 0 0 63 21 0 0 8 33 0 60 26 0 65 70 70 71 3 17 33 0 39 0 4 0 0 15 0 0 41 37 0 0 28 76 34 0 85 22 32 50
 43 16 23 20 0 0 0 0 26 0 31 68 0 0 0 0 83 0 86 0 43 53 42 37 12 71 64 2 0 0 0 7 46 28 0 91 46 18 9 51 0 31 34 62 0 0 34 2 0 0 19 71 2 0 67 11 0 0 0 66 0 0 9 61 0 0 7 24 0 0 0 32 0 0 51 51 46 18 13 45 1 32 2 0 70 5 39 0 0 56 0 0 57 21 44 1 95 41 17 38 33 22 31 0 48 44 93 41 50 21 0 0 63 49 0 4 24 24 48 18 0 20 40 0 0 0 38 74 0 34 61 0 2 0 46 0 0 31 37 42 0 5 0 0 7 15 7 1 41 37 14 84 55 47 0 56 33 0 0 0 0 67 40 0 0 20 59 21 0 8 50 36 10 0 53 5 0 23 0 20 27 0 0 17 76 49 0 52 64 74 50 0 69 7 41 4 69 19 0 0
 0 0 58 28 0 11 0 8 30 0 4 63 5 73 0 0 0 0 56 0 0 22 16 26 63 0 0 7 0 31 0 0 42 0 38 0 68 0 26 51 0 69 0 0 0 0 27 36 12 0 2 27 0 0 1 17 0 0 86 0 0 0 21 0 1 3 0 33 42 0 74 87 0 0 20 0 0 57 28 31 44 70 56 0 25 73 62 58 0 54 0 1 35 0 48 0 67 0 0 0 13 5 0 0 0 5 40 27 14 0 0 0 67 85 0 14 30 38 0 0 0 34 0 0 33 0 29 45 9 4 43 0 0 0 99 0 25 65 36 0 72 0 0 31 0 0 21 0 0 75 57 62 1 42 0 37 0 0 0 0 0 1 27 0 0 63 24 0 0 17 0 61 0 0 50 0 0 23 76 18 1 2 0 0 19 56 0 62 42 10 0 12 2 70 16 0 23 55 4 9
 11 0 49 0 52 60 24 57 0 69 69 0 22 80 36 69 54 0 50 39 23 1 0 0 39 76 66 47 0 52 43 21 59 16 57 0 41 24 65 65 30 57 84 94 29 42 9 10 48 35 53 0 0 0 0 66 29 41 50 22 45 0 46 12 57 33 18 57 32 10 13 0 79 11 0 47 93 45 65 56 0 22 87 17 83 0 6 70 3 47 20 2 48 86 28 44 6 40 27 31 1 0 73 0 20 0 0 38 0 29 15 19 0 51 0 25 0 7 43 0 0 0 37 39 49 0 34 0 24 75 0 0 6 77 8 74 38 50 0 0 66 50 54 32 26 0 62 24 71 0 32 41 23 61 16 55 38 20 10 26 0 7 0 50 0 21 10 64 0 2 0 3 22 68 0 2 12 17 0 18 0 53 21 73 83 52 17 0 44 0 66 0 61 0 4 0 88 60 56 0
 0 0 0 0 0 20 0 0 0 0 48 0 20 0 0 0 0 0 0 0 0 0 2 0 0 0 0 0 0 0 5 0 28 0 20 0 0 0 0 0 0 0 21 14 16 14 72 21 26 0 0 39 0 0 65 3 0 0 0 41 0 8 0 0 0 0 0 0 40 9 0 0 16 0 3 2 8 0 4 0 55 0 0 0 0 22 0 0 0 0 0 0 0 0 10 0 0 44 15 0 26 9 0 4 0 0 2 37 3 0 0 0 0 49 0 0 0 0 15 0 1 0 0 0 13 0 9 0 0 0 0 24 0 0 0 0 0 46 6 0 0 0 19 0 0 0 0 0 0 32 0 18 28 0 17 16 0 0 3 0 0 0 36 0 0 0 14 0 14 24 0 0 2 0 0 0 0 0 37 0 0 0 0 0 55 0 0 7 90 0 83 0 3 25 58 24 0 10 0 14
 26 55 20 50 11 66 0 1 0 20 0 30 0 0 69 68 85 0 67 0 0 1 28 3 7 27 37 62 48 14 0 0 63 0 0 73 0 51 0 0 0 0 24 72 0 7 0 3 60 0 38 18 24 15 38 54 55 10 72 60 0 14 34 30 0 35 33 0 72 31 76 4 0 35 33 51 30 55 0 61 56 60 45 25 38 0 41 0 0 93 33 53 38 0 22 52 0 81 14 51 22 40 1 0 0 0 57 31 2 63 0 0 80 15 16 24 0 20 71 0 33 0 4 41 19 48 10 0 0 44 31 0 5 5 0 0 49 6 0 0 30 16 68 13 13 2 58 66 4 53 20 8 0 97 19 78 10 0 19 50 11 2 18 0 0 63 30 4 0 34 0 54 39 40 44 35 0 53 90 46 42 0 0 15 68 3 0 35 41 11 0 0 47 0 77 0 58 50 44 38
 0 0 58 72 15 0 12 0 0 4 47 0 9 71 0 0 25 0 73 19 0 0 0 0 0 0 0 0 11 17 0 0 41 0 37 69 88 27 0 0 10 0 0 0 0 0 2 18 25 0 0 57 0 0 59 2 0 0 0 46 0 0 59 0 0 0 28 63 41 0 0 31 0 0 0 0 93 18 50 0 2 14 0 18 0 0 0 62 0 7 16 0 31 0 0 0 7 0 0 1 0 0 0 0 22 0 4 17 0 13 0 0 0 21 0 9 0 0 0 0 0 0 19 1 8 0 61 0 9 0 30 0 0 0 11 0 0 17 9 0 0 0 0 0 0 0 0 25 11 35 19 0 59 26 0 0 0 2 0 0 0 0 0 0 0 0 39 0 6 43 0 31 0 0 0 1 7 79 90 23 4 0 0 0 14 8 0 78 0 27 0 0 0 67 0 0 0 0 0 60
 0 0 0 24 0 1 0 0 80 0 63 13 70 68 0 0 0 0 53 0 92 0 17 47 0 0 69 40 0 53 0 9 65 43 94 6 49 0 0 0 10 49 0 2 0 0 43 56 0 0 60 0 0 55 17 33 0 0 1 45 0 0 22 0 2 33 0 65 79 0 72 24 0 0 41 43 69 0 52 49 15 0 0 0 51 8 24 43 0 0 0 0 0 0 32 16 9 53 0 0 63 47 0 20 31 1 9 4 41 0 0 0 0 3 12 2 0 43 0 0 0 15 63 1 39 4 65 65 0 0 10 29 0 0 9 0 17 7 0 0 89 0 0 55 0 25 40 0 16 0 53 24 44 78 0 33 0 0 0 0 0 68 0 0 0 13 8 75 0 0 0 42 85 0 86 0 0 74 34 0 61 4 16 0 14 1 0 0 0 89 0 0 22 15 18 0 18 0 10 0
 0 0 11 0 0 0 0 0 0 0 0 0 0 0 26 0 0 13 0 0 4 0 0 16 0 0 0 0 0 0 0 0 0 0 7 0 0 0 0 0 0 1 0 0 0 0 8 1 1 0 0 0 0 0 9 0 0 0 0 0 0 0 28 0 0 11 0 0 0 0 0 14 0 17 0 0 19 0 0 0 0 0 0 0 9 22 0 33 0 0 0 27 10 0 0 0 1 0 0 0 0 0 0 0 25 0 0 0 5 0 0 0 0 0 0 0 0 0 0 0 0 0 0 0 5 0 14 0 5 4 0 0 0 0 0 0 0 6 0 0 0 7 0 3 0 11 4 0 0 61 0 20 0 47 0 10 17 0 0 0 0 0 0 1 0 5 14 2 0 0 0 0 22 0 0 0 12 14 40 22 0 0 0 9 19 0 0 4 91 0 0 0 0 0 0 0 0 0 0 0
 0 0 50 0 0 0 0 0 0 0 0 0 0 0 0 0 0 5 13 0 34 0 0 0 0 0 14 1 0 0 0 0 83 0 82 38 9 0 0 0 0 0 18 0 0 0 18 60 81 0 16 74 0 0 46 0 0 0 68 66 0 38 0 33 0 0 0 13 0 0 0 15 0 0 0 0 58 0 0 0 11 22 1 0 0 0 0 40 0 0 19 0 0 0 0 0 0 37 0 0 37 0 0 5 0 0 0 9 16 0 0 0 0 34 0 0 14 0 0 14 12 0 0 0 0 32 0 0 0 0 0 0 0 0 0 0 0 15 11 0 0 0 0 0 0 0 6 9 0 0 0 20 0 0 0 0 0 16 0 0 0 0 0 0 14 0 21 0 0 0 0 0 0 0 0 18 15 5 50 24 20 25 0 0 0 0 0 23 61 0 0 0 0 9 53 0 0 0 0 0
 23 50 53 1 16 3 0 0 56 0 39 21 35 56 0 0 0 0 34 0 27 57 8 45 0 0 36 73 0 76 0 0 47 67 2 0 49 86 0 66 0 2 0 0 0 0 48 68 48 0 15 62 0 43 0 12 0 0 0 0 0 0 21 0 28 0 14 61 61 0 43 31 0 0 37 24 63 2 0 0 0 42 74 0 64 24 47 50 0 0 0 0 0 0 46 0 64 59 3 7 46 0 0 3 18 0 70 48 50 0 0 0 8 76 0 72 0 0 0 0 9 4 3 0 61 0 67 60 0 68 83 0 0 0 20 0 0 39 66 0 15 0 0 5 0 0 0 7 26 0 29 34 53 18 0 72 0 0 0 0 0 42 0 0 0 24 9 5 0 75 0 18 43 0 69 0 22 33 12 10 22 0 18 21 0 0 0 55 51 0 0 0 0 11 2 0 66 54 0 76
 23 2 35 34 50 50 0 0 0 0 50 0 71 62 0 0 6 0 97 0 50 15 43 87 58 0 47 42 6 9 0 0 64 0 29 0 47 0 60 65 20 16 10 0 0 0 67 0 0 0 51 16 0 0 10 42 0 0 45 0 16 0 93 30 0 29 15 91 0 6 41 55 0 23 0 0 39 0 72 78 68 8 0 0 73 50 7 0 0 78 0 0 39 55 9 21 23 10 77 42 42 0 0 0 0 93 53 46 65 5 0 0 0 56 0 0 12 0 2 0 0 0 7 0 32 97 30 0 0 31 87 0 0 0 33 0 96 61 75 24 0 0 18 0 3 0 41 0 89 38 30 60 21 0 0 45 19 0 65 0 0 44 10 11 0 44 95 9 0 62 0 47 1 0 53 0 0 70 0 0 0 6 0 7 71 10 0 0 65 6 3 4 24 2 64 7 20 0 14 74
 5 0 30 0 0 8 0 0 49 0 48 0 68 45 0 0 2 0 44 0 49 0 70 0 0 0 0 21 0 10 0 0 46 0 76 76 58 69 50 0 0 0 0 0 0 0 94 87 38 0 0 78 0 1 56 28 13 0 3 57 0 0 51 0 0 22 0 60 78 0 0 38 0 0 22 0 4 5 41 0 42 67 0 13 0 60 22 68 0 0 0 0 96 3 0 0 71 35 0 17 54 30 0 0 0 0 0 67 0 0 0 0 45 0 26 13 19 68 0 0 0 0 30 0 18 0 0 0 0 0 0 0 0 0 8 0 31 83 6 36 1 0 0 49 29 0 0 0 0 55 0 0 36 8 0 16 0 0 0 0 5 0 0 0 0 36 78 12 0 60 0 38 16 0 0 0 9 5 0 0 69 0 27 0 58 5 0 18 21 32 40 0 0 79 30 0 0 17 0 44
 0 0 0 61 21 0 0 0 10 0 80 0 25 0 0 0 0 0 62 0 5 0 10 0 0 0 0 0 0 15 11 0 21 13 38 84 11 43 43 0 0 0 0 0 0 10 0 7 1 0 0 59 6 0 67 45 0 0 94 0 0 0 0 0 0 0 0 21 91 0 0 75 0 0 0 0 0 12 75 0 40 39 0 0 0 0 0 76 0 0 25 0 28 26 0 0 78 94 0 0 27 0 0 0 0 0 12 29 0 24 0 23 36 0 0 0 7 0 0 0 0 0 0 0 11 14 52 11 23 23 56 0 14 0 9 0 0 82 63 20 20 0 14 16 0 0 0 0 0 13 0 0 62 30 6 0 0 0 0 0 0 0 0 6 0 19 20 0 24 19 0 19 34 0 0 0 0 25 53 0 44 12 19 3 1 0 9 3 18 0 80 0 0 16 0 0 0 33 0 62
 0 75 95 18 78 73 0 0 38 7 17 0 91 80 0 65 18 21 36 0 0 39 23 39 80 0 66 56 0 3 0 0 24 12 5 0 48 1 4 53 17 34 47 0 0 18 50 77 32 69 14 88 0 53 35 20 83 0 85 22 14 26 60 53 18 33 24 48 59 39 65 94 0 19 0 0 2 35 16 90 45 49 61 17 0 54 37 3 21 6 59 5 32 0 79 1 38 0 85 47 21 21 70 0 72 3 21 0 32 0 0 0 15 5 0 19 42 52 16 0 21 0 59 67 60 52 55 88 0 16 39 27 0 53 64 0 0 64 40 76 78 0 19 46 0 0 36 0 51 2 71 49 69 0 0 0 74 0 75 13 0 34 50 16 0 33 25 36 2 36 0 0 88 38 0 9 0 11 60 0 59 0 0 20 32 16 0 22 42 13 0 18 60 0 28 0 1 90 27 0
 0 0 55 54 58 0 0 0 30 0 25 0 48 17 0 35 0 0 72 0 0 0 30 59 0 0 0 0 0 0 0 0 0 0 63 21 24 71 0 0 0 67 0 0 25 0 51 49 9 0 0 41 0 0 55 26 0 0 44 87 0 7 13 0 0 21 0 92 61 0 0 0 10 0 0 0 73 56 55 15 86 46 0 0 0 17 0 0 0 2 0 0 72 1 0 0 21 50 0 0 0 46 8 0 0 0 0 77 0 0 0 0 18 0 0 25 0 0 0 1 3 0 35 0 0 0 28 0 0 0 53 0 0 2 0 0 61 43 0 50 0 0 0 0 0 0 0 0 0 45 11 46 8 17 6 0 0 0 0 0 0 0 0 0 0 2 55 0 0 14 0 19 22 0 0 0 0 0 39 0 40 0 0 8 0 0 0 33 46 0 53 0 10 0 61 0 0 18 0 70
 0 0 33 20 17 26 39 57 0 60 56 78 65 5 0 51 54 0 0 54 76 48 51 35 27 35 50 0 81 17 0 12 64 79 0 72 0 0 0 25 18 13 3 0 0 55 82 27 0 60 46 78 2 0 68 2 0 56 71 50 0 11 39 24 4 8 22 35 9 65 0 0 0 0 0 35 0 51 0 87 23 15 23 0 4 0 16 52 0 22 82 4 42 45 17 25 60 14 40 0 19 51 0 0 93 51 57 65 28 71 0 55 41 8 0 0 0 23 24 23 25 0 15 37 6 6 0 0 25 54 9 0 22 62 0 5 11 50 43 47 9 52 0 0 22 0 39 37 28 0 0 0 62 15 0 17 56 75 46 1 2 65 84 12 0 58 0 52 21 0 7 6 0 43 0 4 48 8 59 0 28 90 0 0 31 50 0 0 38 0 30 9 22 9 27 23 45 38 25 29
 0 25 65 19 23 50 10 0 49 16 75 83 0 19 17 0 20 0 29 65 50 0 49 36 27 69 3 56 27 40 0 0 28 3 4 84 0 81 0 39 0 80 37 88 0 14 94 65 0 35 34 59 0 67 27 34 90 0 66 12 0 0 97 38 79 51 17 27 81 24 0 61 0 47 15 0 68 0 0 0 0 0 41 2 63 0 8 1 50 36 46 0 4 57 64 29 34 9 53 5 11 6 0 3 25 0 0 0 12 43 0 0 8 63 0 0 29 31 0 1 0 0 0 73 54 18 94 59 28 0 32 0 14 49 0 6 28 47 1 0 53 80 0 51 59 0 14 7 44 64 8 60 64 71 18 0 56 1 0 0 0 0 2 79 0 63 25 48 0 7 35 0 73 0 13 20 0 70 0 1 66 4 0 0 0 59 0 48 9 77 59 0 50 49 13 0 56 75 62 64
 0 0 11 0 11 0 0 23 0 0 25 0 0 0 0 0 0 0 0 0 0 0 24 0 0 0 0 0 0 31 0 0 0 0 0 0 0 0 0 0 0 0 0 0 15 0 36 9 18 28 0 81 9 26 52 0 0 23 0 69 0 18 0 0 0 6 0 67 64 0 19 59 0 0 0 0 30 9 0 0 0 0 0 0 0 0 16 5 0 0 0 0 0 0 0 0 0 0 0 0 0 13 0 0 0 0 5 0 0 0 0 0 0 0 0 0 0 0 0 0 34 0 0 0 0 1 0 0 0 0 0 0 0 18 0 2 0 41 0 0 6 0 0 0 0 0 0 0 0 37 0 0 0 46 0 0 0 0 0 0 13 0 0 0 18 0 0 0 0 0 1 0 12 0 0 0 0 0 77 0 13 1 0 0 2 0 0 0 60 0 83 18 0 0 0 0 31 0 0 0
 0 0 78 5 1 1 0 0 40 25 0 0 44 9 0 0 27 0 58 20 35 0 31 81 0 1 61 0 0 40 0 0 96 0 0 10 4 0 56 0 0 0 0 25 0 0 0 61 61 0 0 54 0 0 61 48 7 22 52 22 0 0 72 0 0 21 0 39 77 0 0 5 0 0 0 0 0 57 73 27 0 49 0 0 0 63 40 0 0 18 0 0 39 0 25 0 58 0 2 0 0 70 5 0 0 0 0 13 0 0 0 0 8 29 3 15 0 37 0 10 0 0 16 13 6 13 45 16 0 0 78 0 8 0 0 9 82 18 9 18 67 3 7 22 0 0 3 0 0 27 50 23 0 35 0 0 0 0 0 3 0 0 14 0 0 87 4 28 0 59 0 17 0 0 21 0 0 67 0 0 0 0 1 0 61 0 3 28 38 31 0 10 0 91 61 0 0 31 0 37
 23 15 9 0 0 0 0 8 0 8 0 0 0 0 0 9 0 0 0 24 0 0 0 0 0 0 0 0 0 0 0 0 5 28 0 0 0 0 0 0 0 0 0 0 0 26 3 0 0 0 0 0 0 0 0 0 0 0 19 0 0 0 0 0 0 0 0 2 0 0 0 0 0 0 7 0 32 26 0 0 0 0 0 0 0 0 0 0 0 0 0 0 0 0 27 0 0 2 16 0 0 0 0 0 0 0 2 0 0 0 0 0 0 13 0 0 0 11 25 0 8 0 0 0 0 0 5 0 0 0 0 0 0 0 0 0 0 0 0 0 0 0 0 7 0 0 0 17 0 0 7 0 0 0 0 0 0 0 0 0 0 2 0 0 11 0 21 10 0 18 11 0 0 0 1 0 0 0 0 0 0 7 0 0 0 0 30 2 0 0 0 0 0 3 0 0 0 5 0 0
 37 0 70 24 45 0 0 0 73 9 10 0 6 0 0 0 33 14 36 0 0 0 78 0 7 25 0 0 20 0 0 0 18 0 91 0 4 92 20 0 0 0 0 0 0 0 63 84 40 0 0 6 0 0 17 61 13 0 13 65 13 0 0 0 0 0 0 70 5 0 20 95 0 0 0 16 49 0 40 0 68 0 13 0 0 0 0 85 0 0 0 0 37 6 0 0 78 11 0 0 40 0 2 0 0 2 0 66 0 0 23 0 52 0 0 0 0 0 0 0 0 0 34 0 0 18 46 7 0 0 0 0 0 0 0 0 0 0 34 26 18 0 0 0 0 0 0 0 21 0 0 0 18 36 26 17 0 0 0 1 0 0 12 0 0 26 17 4 0 0 0 59 0 0 0 0 0 68 53 20 0 0 23 0 38 0 0 0 36 0 52 0 0 36 3 0 25 0 0 2
 0 0 0 0 0 0 0 0 0 0 55 28 24 0 0 0 0 0 11 6 0 0 76 0 0 0 0 0 0 0 24 24 60 0 20 0 0 16 0 0 13 11 0 0 0 0 82 0 58 0 12 54 0 0 66 0 0 0 26 43 0 0 0 0 0 0 0 25 0 0 0 11 24 0 0 0 0 0 0 23 54 18 0 0 0 28 11 48 0 1 0 0 14 0 0 0 0 7 0 0 48 0 28 0 30 0 0 15 0 0 0 0 40 0 15 0 0 0 0 0 0 1 0 23 0 0 72 0 0 0 14 5 0 5 27 0 16 72 0 0 0 0 0 0 0 0 22 0 8 0 0 0 0 56 0 0 0 3 0 0 0 0 0 0 0 0 13 0 35 0 0 0 0 0 7 0 0 0 61 0 29 0 0 0 68 19 0 0 57 24 71 1 0 70 0 21 0 38 0 27
 0 37 44 0 0 18 11 0 41 0 69 9 33 52 0 0 12 0 67 0 0 27 1 50 0 27 0 0 0 0 2 0 68 8 69 0 0 0 91 0 0 0 0 0 0 0 12 74 56 0 0 2 0 0 23 0 2 0 41 60 0 0 0 0 0 0 0 36 21 0 0 54 0 26 0 14 79 0 0 0 72 81 0 0 0 12 0 1 0 0 0 0 71 0 0 0 0 18 0 0 18 0 0 0 0 0 0 50 5 0 0 0 80 23 0 0 0 0 0 0 0 0 0 0 0 0 71 0 0 3 0 29 0 0 0 0 11 55 0 0 0 0 4 18 0 0 0 0 0 0 5 7 23 0 0 0 0 0 0 0 19 0 7 0 24 0 67 0 0 13 0 0 0 0 9 0 0 0 22 6 0 0 0 0 68 0 0 0 2 0 26 0 0 6 56 12 0 46 10 0
 0 0 1 0 28 0 0 0 0 0 0 0 32 70 0 0 0 0 42 5 3 34 73 75 21 0 0 0 0 19 15 4 70 0 82 0 19 0 0 0 1 0 0 0 0 0 0 33 9 14 0 44 0 35 22 0 0 0 94 12 0 0 0 0 9 0 10 4 82 0 0 0 22 0 0 0 34 1 0 1 0 7 0 0 0 17 0 54 0 0 0 0 25 0 18 0 0 2 0 0 8 0 0 0 0 29 0 63 0 0 0 0 41 63 0 0 0 25 0 16 13 0 0 0 0 0 71 0 0 0 0 0 0 0 0 0 1 23 20 0 0 0 0 0 0 0 0 0 0 88 1 0 57 77 3 0 8 0 2 0 0 0 0 0 0 0 22 0 0 0 0 0 61 34 5 0 0 22 77 17 0 0 8 0 0 0 0 0 46 0 0 0 16 50 45 0 0 30 0 0
 24 0 61 37 9 49 0 0 0 0 33 18 0 55 0 0 0 0 71 7 30 21 65 43 0 0 45 48 0 41 0 0 39 46 15 40 27 71 56 0 28 5 0 0 0 0 9 0 38 9 6 0 0 12 66 0 11 13 5 36 31 0 7 17 0 0 0 64 0 0 71 0 0 0 69 47 27 59 85 75 2 9 32 0 43 69 34 56 0 56 0 0 6 0 0 13 51 95 32 8 7 45 4 22 30 0 55 32 88 29 0 0 64 0 20 32 0 28 0 13 0 0 0 0 38 0 3 0 0 68 64 0 0 0 11 0 0 0 33 24 97 7 0 44 0 0 49 0 0 26 37 33 8 48 0 51 0 0 15 0 0 63 0 0 0 8 33 27 18 6 0 0 2 22 21 0 0 25 73 10 3 0 26 0 0 43 5 73 0 50 31 0 0 33 78 0 19 0 28 64
 4 0 0 22 4 53 0 21 31 3 0 0 31 53 30 84 72 0 50 33 0 0 48 65 23 0 64 84 0 65 0 37 66 42 23 33 0 68 0 0 0 23 0 49 9 33 81 92 16 8 16 0 0 86 22 55 0 0 34 7 0 62 73 53 20 13 61 61 24 25 0 2 5 0 10 18 38 51 77 19 0 71 36 56 49 1 0 19 55 24 67 38 0 61 0 33 24 29 7 32 2 53 60 0 66 0 39 30 35 45 2 13 39 16 0 0 29 3 23 35 50 0 66 23 10 25 58 49 51 0 9 0 36 0 80 0 37 34 85 0 0 42 0 10 0 0 66 11 74 45 53 57 68 11 37 10 51 71 0 0 0 62 0 48 0 85 74 60 0 19 53 0 61 0 0 84 18 26 70 58 67 66 0 22 60 77 11 0 60 46 79 0 42 3 11 0 73 9 66 25
 0 0 25 3 52 3 0 0 26 3 32 6 0 29 0 0 0 0 60 9 5 0 0 39 0 0 21 43 0 0 0 0 96 14 15 26 0 7 75 0 0 0 0 0 0 0 53 77 0 0 9 48 0 0 39 71 25 0 22 51 0 0 0 0 0 0 0 0 34 0 7 22 19 0 0 0 90 6 37 0 0 36 0 8 0 0 9 45 0 0 0 23 1 0 0 0 24 24 0 0 24 44 30 0 0 0 0 41 10 2 0 0 42 29 19 29 0 0 0 35 0 0 0 0 0 7 8 0 0 0 75 0 1 0 0 0 0 3 69 10 75 0 12 0 0 0 0 0 0 0 0 0 16 45 0 0 0 0 0 0 9 0 18 0 0 48 0 0 0 29 0 30 59 11 27 0 0 0 5 0 40 0 0 0 85 0 0 0 62 42 55 0 0 17 34 0 31 0 0 77
 0 18 0 5 37 57 0 0 38 0 12 60 58 91 0 0 49 0 0 0 48 71 58 0 88 0 71 1 0 20 0 0 44 67 28 27 2 54 21 64 39 81 0 0 0 0 16 52 0 0 65 58 0 26 16 5 0 0 35 8 0 0 52 0 0 0 47 3 0 0 46 42 0 0 67 58 45 5 0 6 67 59 40 0 1 88 26 1 0 23 10 0 23 69 81 0 52 59 55 0 0 92 0 2 0 4 32 19 12 0 8 3 9 0 0 92 28 15 61 0 0 0 7 0 30 0 43 0 0 9 56 0 54 0 35 0 0 51 78 0 58 7 0 0 93 0 67 26 50 0 34 49 0 66 0 17 0 13 46 0 0 0 65 23 11 80 69 0 0 79 59 40 35 0 0 48 0 57 17 0 0 0 0 27 12 40 0 87 30 45 24 0 59 10 42 0 24 67 27 40
 11 0 12 55 41 0 0 0 63 10 24 22 3 20 0 0 35 0 0 0 38 0 12 12 54 27 72 12 14 27 10 0 58 0 18 8 9 54 43 5 0 58 18 0 0 24 39 59 90 0 0 36 0 31 30 36 0 0 32 65 8 0 31 12 0 70 18 16 3 0 0 35 5 0 26 30 15 0 0 0 85 52 63 0 52 71 51 35 0 34 0 0 19 40 59 0 0 48 0 0 57 16 15 0 33 75 5 0 71 9 0 0 0 0 18 5 7 0 15 14 0 0 69 0 0 47 74 76 0 0 0 2 71 0 26 0 15 58 0 59 47 0 0 21 37 0 40 0 61 37 89 6 21 84 0 66 27 0 63 0 0 50 65 27 0 7 84 36 0 36 10 41 86 0 22 11 0 9 8 0 40 7 0 0 15 40 0 56 46 35 0 0 68 38 27 0 51 71 29 64
 0 85 53 45 11 40 37 13 81 0 58 8 0 31 37 32 28 0 0 59 66 60 24 26 2 63 43 22 3 0 83 55 0 63 44 24 18 65 60 16 0 46 61 87 0 27 42 27 28 0 37 0 0 42 18 15 0 5 49 72 32 53 6 8 32 86 14 0 1 20 24 58 33 0 0 74 83 31 36 46 45 53 74 32 25 33 26 0 0 20 26 54 48 17 79 64 33 65 47 7 68 16 77 0 37 38 6 5 73 18 0 43 61 23 0 38 0 0 43 0 23 0 68 53 0 55 68 23 33 84 77 0 0 31 13 5 24 1 0 43 75 63 28 0 0 0 28 24 0 13 65 59 81 29 46 48 51 0 61 64 7 32 36 15 0 69 9 47 0 49 10 37 57 50 17 0 0 0 35 17 63 24 0 33 12 75 6 16 25 0 66 0 48 71 93 0 68 56 86 0
 14 0 50 60 8 16 0 80 4 38 0 30 61 39 0 58 26 0 0 0 50 67 72 95 59 75 69 0 0 77 0 0 48 14 0 9 55 86 23 23 0 6 67 0 0 0 35 0 17 0 77 57 23 81 74 0 35 0 48 61 4 3 24 5 39 20 9 54 54 16 0 61 40 0 63 5 0 42 2 69 37 48 0 37 36 15 80 70 0 61 14 30 82 73 91 0 0 3 3 0 57 76 79 0 69 28 23 37 3 11 3 0 66 0 0 11 43 45 22 43 21 0 59 38 24 0 63 0 40 35 80 38 3 7 61 0 55 38 22 15 63 23 8 5 31 0 0 56 5 60 28 61 12 0 77 0 44 25 71 53 0 71 81 97 0 1 0 0 34 50 25 22 31 4 82 0 0 72 0 80 0 3 0 0 69 48 30 72 0 53 42 0 74 28 12 0 76 0 0 0
 0 0 21 0 0 0 0 27 19 0 45 0 15 0 0 0 0 0 0 1 0 0 0 0 0 0 0 4 0 0 0 0 0 3 0 0 0 0 2 0 0 0 0 0 0 0 0 0 0 0 0 39 0 0 20 25 5 7 0 4 0 0 15 0 0 0 2 0 0 3 0 35 0 0 0 0 44 0 14 0 43 0 0 0 0 4 0 23 0 0 0 24 0 0 0 16 0 0 0 13 0 26 0 0 0 0 0 0 0 0 0 0 0 0 0 0 0 0 0 0 2 0 0 0 24 0 0 0 20 1 0 0 0 0 0 0 0 57 0 0 0 0 0 8 0 0 0 0 4 28 0 0 0 86 19 10 0 0 0 15 0 0 0 0 0 0 64 0 0 0 6 14 0 0 0 0 0 0 27 0 0 0 0 8 65 0 0 0 40 0 5 0 9 0 46 0 0 0 0 0
 11 0 41 0 0 6 28 0 26 23 30 0 0 0 0 0 0 0 0 0 0 0 0 0 0 16 0 0 0 0 0 0 0 0 87 0 2 0 0 28 0 0 0 0 0 8 94 0 0 0 4 28 0 0 22 0 0 0 0 73 0 0 0 13 16 0 0 11 54 1 0 43 0 0 0 0 15 0 35 0 73 0 0 0 0 0 0 65 0 0 0 34 0 0 0 0 11 44 0 0 0 0 0 11 0 0 32 81 0 0 0 0 0 11 0 3 0 0 0 0 18 0 0 0 0 0 0 0 0 0 0 0 0 0 0 0 0 1 0 0 0 0 0 9 0 0 0 0 0 0 0 0 0 7 0 0 0 0 0 0 0 10 0 0 0 0 58 0 0 0 0 0 66 18 0 0 0 0 54 0 0 0 0 0 0 0 0 0 38 0 18 15 0 0 8 0 0 5 0 0
 0 7 16 0 0 25 0 0 0 9 4 0 85 0 0 6 0 0 0 0 0 26 0 0 0 33 0 0 0 0 10 27 0 0 0 0 0 0 0 0 0 11 2 0 0 0 26 5 0 5 0 23 18 0 4 0 0 0 0 28 0 0 0 0 0 0 0 0 60 8 0 28 5 0 0 0 18 0 0 0 93 57 0 0 0 0 0 16 0 0 0 0 14 15 0 0 0 46 0 0 92 11 0 0 12 0 0 25 0 0 0 0 3 1 0 23 0 0 0 0 6 5 0 0 15 0 13 0 0 19 0 28 0 0 0 0 0 46 0 0 0 21 0 0 2 7 0 0 0 61 0 0 3 30 0 0 0 0 14 0 0 0 0 0 0 0 21 0 20 0 0 0 37 0 0 0 0 0 26 0 0 0 0 0 40 8 0 0 28 0 25 0 0 29 0 0 9 9 0 2
 82 48 39 52 0 33 0 0 61 91 23 5 22 0 56 12 35 0 9 14 25 71 9 68 58 32 37 37 0 11 0 0 0 11 15 52 53 63 0 0 0 81 64 59 12 8 29 1 0 0 25 67 0 82 0 45 0 0 89 0 0 0 75 57 16 0 29 22 0 75 0 48 7 0 18 45 0 53 42 44 0 0 0 22 41 49 13 0 0 16 0 0 47 63 0 4 48 34 65 33 90 65 0 0 7 9 0 29 0 0 0 0 30 21 0 0 0 66 28 20 89 0 84 0 48 53 0 72 0 54 21 0 0 0 0 0 57 0 64 42 60 0 6 41 78 0 74 0 71 0 2 17 14 26 0 22 6 0 43 38 0 68 2 6 0 0 86 0 0 64 32 33 2 67 0 42 0 53 36 0 0 0 0 0 58 59 11 85 56 45 6 0 64 61 9 0 87 0 0 0
 0 0 85 51 8 27 0 12 43 0 56 13 4 0 2 0 0 0 17 0 94 0 21 0 0 0 41 39 0 69 0 0 60 1 81 28 0 50 74 0 0 0 0 4 0 0 64 0 22 0 0 0 0 46 0 78 0 0 25 0 0 0 54 0 0 0 0 90 4 0 21 89 7 22 0 22 57 20 27 0 61 28 4 0 41 60 73 60 0 0 24 0 79 16 0 0 18 27 0 6 51 8 0 0 0 0 0 0 52 0 0 0 18 6 0 0 0 0 0 0 0 25 94 0 65 0 6 10 0 0 49 26 0 0 0 0 22 0 79 12 13 9 9 2 0 0 13 0 0 61 32 43 0 33 0 0 0 0 0 0 0 17 24 0 0 69 39 20 0 0 0 61 0 0 63 0 0 44 19 0 0 0 0 0 69 42 0 19 35 23 0 0 0 24 57 0 0 38 20 0
 0 13 70 3 0 6 8 0 0 0 0 0 1 0 26 0 0 3 0 0 0 35 0 0 0 0 0 0 0 0 0 0 0 0 67 0 0 0 0 6 26 0 0 0 9 0 0 0 0 0 3 0 0 0 0 0 0 9 16 0 0 0 0 3 0 0 0 0 0 0 21 0 0 0 0 15 37 25 0 0 0 14 8 0 0 0 0 45 0 0 0 10 18 0 3 0 4 7 0 9 0 0 0 0 1 0 0 7 33 0 0 0 0 0 0 0 0 0 20 0 0 12 31 0 0 0 0 0 0 0 0 0 0 0 0 3 0 4 11 0 7 0 0 0 0 0 0 0 0 44 0 0 0 57 0 0 0 0 0 0 0 12 0 22 0 2 75 0 0 0 15 0 0 0 0 0 0 0 32 0 0 28 0 9 0 0 0 0 0 0 0 0 0 0 33 0 0 0 0 0
 26 25 73 15 83 72 81 83 24 11 21 0 37 1 0 0 1 34 48 0 33 75 60 56 48 12 1 0 19 64 0 57 0 70 58 33 44 48 58 84 21 46 2 54 75 0 17 17 0 41 19 38 0 46 60 34 84 0 50 62 0 32 34 78 8 0 56 0 58 12 34 0 8 36 87 57 44 38 0 19 35 0 39 29 0 17 43 14 91 15 36 29 26 40 15 0 59 20 50 63 73 53 56 0 0 44 65 59 35 62 0 29 0 0 36 0 56 26 0 0 98 31 0 64 45 41 0 11 21 2 19 86 9 62 17 25 10 2 66 12 11 75 69 38 17 21 31 0 49 43 0 0 89 20 0 21 59 0 68 0 0 29 65 0 52 39 41 36 11 0 3 47 50 0 33 30 65 25 5 1 38 46 0 0 67 17 19 38 51 74 2 0 76 0 8 60 34 0 53 23
 0 0 78 43 55 0 0 0 24 0 13 0 66 65 5 1 3 18 77 0 0 0 20 21 0 10 0 3 0 10 17 0 0 15 48 42 87 15 0 0 0 16 0 0 0 0 27 56 54 0 0 63 0 0 5 0 0 0 60 92 0 0 50 0 0 0 0 54 0 0 0 0 0 0 0 16 0 0 14 4 1 67 0 0 6 0 0 0 0 0 0 0 23 0 0 0 36 19 0 0 34 0 0 0 17 0 33 80 0 0 0 0 57 79 7 28 0 0 0 0 0 0 86 0 0 0 9 25 8 1 0 0 0 0 0 33 0 57 9 38 52 0 22 3 0 0 0 0 0 21 28 36 67 0 14 0 0 0 0 0 0 0 12 0 0 42 25 0 0 58 0 24 0 0 0 0 0 18 0 0 31 0 0 0 0 0 3 37 28 33 0 0 0 33 32 0 9 3 0 60
 22 0 54 0 19 0 38 0 0 0 50 6 0 0 0 0 0 6 0 0 0 0 0 0 6 0 0 0 0 0 0 0 0 0 15 0 0 0 0 0 0 0 0 0 0 0 0 0 0 2 1 39 0 0 0 0 0 3 0 0 0 0 0 0 0 6 7 0 71 0 0 0 0 0 0 0 22 0 0 0 93 3 0 0 0 0 0 28 0 0 0 0 0 0 0 6 0 0 10 2 0 0 0 0 0 0 0 0 0 12 0 0 0 17 0 0 0 0 3 0 0 0 0 3 0 0 0 0 0 0 14 0 0 0 0 0 1 97 0 0 3 16 0 0 0 0 0 0 0 35 0 7 0 79 0 28 0 0 0 0 0 0 0 3 0 0 25 1 0 0 18 3 2 0 0 18 0 0 0 0 0 15 13 24 0 0 0 0 0 0 0 0 1 0 31 0 5 0 0 0
 6 0 9 56 10 0 0 0 55 0 25 7 62 55 0 0 0 0 0 0 0 0 53 15 0 0 0 0 0 0 0 0 62 0 34 0 47 29 0 3 0 0 0 0 0 12 0 37 59 0 0 38 0 18 27 0 0 0 26 35 0 0 1 0 0 0 0 20 43 0 0 0 0 38 4 17 35 1 1 0 18 44 0 0 5 0 16 0 0 0 0 0 0 0 0 0 71 0 0 12 59 0 11 0 0 0 0 70 0 12 0 4 25 46 0 23 0 0 0 0 0 0 8 0 0 32 38 7 33 0 32 27 0 0 0 0 0 86 20 23 0 0 12 0 0 0 0 0 0 30 0 40 77 11 0 0 0 0 26 0 0 2 10 1 0 0 23 0 0 0 0 68 92 0 0 0 0 16 44 8 15 32 0 0 44 0 0 0 0 0 12 0 0 0 43 0 0 25 0 35
 0 81 36 47 41 27 0 0 12 35 39 24 2 64 13 28 24 0 51 0 45 28 70 25 47 66 0 15 0 55 16 0 8 0 58 0 13 0 7 0 12 0 73 43 10 0 0 11 64 69 75 53 0 64 36 80 0 0 0 15 18 71 44 80 45 43 36 37 24 84 50 20 0 0 0 3 14 11 1 56 35 25 15 36 59 57 0 48 0 69 0 0 12 11 59 90 52 26 58 5 2 43 0 0 0 34 0 69 9 37 0 2 68 65 0 9 0 33 68 0 0 18 24 0 85 53 33 85 21 0 60 0 85 54 37 0 19 36 14 41 0 0 0 69 63 0 0 0 47 35 0 42 54 0 0 37 0 0 10 63 0 17 2 75 0 3 0 8 0 42 0 18 0 67 9 75 0 69 7 33 17 0 30 0 86 62 0 28 80 27 0 0 0 44 92 0 63 51 0 65
 0 78 23 57 0 52 0 38 0 15 78 63 48 0 17 46 69 0 26 0 47 22 79 72 36 17 40 41 29 13 0 34 0 0 62 44 13 72 45 0 49 29 23 85 0 4 0 36 58 13 45 0 9 22 0 2 61 0 25 0 0 34 0 56 28 50 3 88 6 16 34 87 41 60 0 0 23 26 52 70 0 81 34 34 35 0 26 12 0 2 79 54 0 4 0 0 26 31 35 68 9 8 23 0 2 0 15 0 23 6 17 16 35 69 0 60 82 33 14 43 70 0 21 1 70 55 0 11 0 79 88 0 81 88 9 10 0 31 28 15 11 32 0 0 2 0 0 73 4 19 33 94 66 57 84 0 50 89 31 53 37 65 68 49 0 25 40 16 0 77 78 83 0 0 0 51 90 24 76 39 37 0 0 25 34 23 71 25 3 51 0 0 54 0 52 0 27 25 32 77
 0 10 91 0 0 0 9 0 0 11 90 0 50 0 0 17 0 0 1 0 17 0 58 0 15 0 0 0 0 0 0 0 59 0 0 0 0 0 0 0 0 0 0 0 0 0 14 11 2 0 0 0 0 0 35 0 28 0 0 48 0 0 0 0 0 0 3 0 21 0 0 15 0 0 0 6 34 0 0 0 33 0 0 0 0 0 0 5 0 0 4 0 0 0 0 0 7 62 0 0 23 28 0 33 0 0 0 3 0 0 0 0 0 33 0 0 20 0 1 0 0 18 0 0 0 0 0 0 9 0 0 22 0 0 17 0 0 39 0 0 0 0 0 27 0 0 0 0 0 7 0 0 0 5 0 0 0 10 0 0 0 0 20 0 0 1 15 11 13 0 7 10 0 8 0 0 0 0 23 0 0 0 0 0 49 0 0 0 32 0 2 4 0 0 78 0 0 0 0 0
 0 0 9 0 2 0 0 0 29 0 0 0 0 0 0 0 7 0 0 0 0 0 26 0 3 13 0 11 0 0 0 0 0 0 18 0 0 0 0 0 0 0 0 0 0 0 0 0 0 23 4 74 0 0 6 0 0 25 0 0 0 0 0 0 0 0 0 0 14 0 19 36 0 0 0 0 4 0 0 0 24 0 0 0 18 15 20 85 7 0 0 0 8 0 0 0 0 0 0 0 52 0 0 0 0 0 0 41 0 0 0 0 0 0 0 0 0 0 0 0 5 0 13 0 0 0 0 0 18 0 0 0 13 1 0 0 0 55 17 0 0 0 0 0 0 0 0 0 11 0 0 0 0 0 0 16 0 0 0 0 0 0 0 0 0 0 54 0 0 0 0 0 71 0 14 0 0 0 20 0 0 0 0 2 9 0 0 0 0 8 30 0 0 0 0 0 11 0 0 0
 0 52 7 15 0 57 0 63 45 66 36 35 6 95 89 56 25 0 60 34 48 63 91 60 95 0 60 19 0 32 29 64 32 39 66 0 51 44 83 0 53 38 9 0 0 0 18 64 0 16 27 38 31 8 80 74 0 22 19 55 0 33 46 25 10 78 59 20 90 92 3 77 0 85 58 43 73 0 12 76 0 63 56 33 0 68 6 0 54 82 31 61 71 26 58 4 38 0 79 54 78 0 0 21 0 21 56 20 88 51 9 1 59 0 0 0 14 0 59 63 27 0 70 75 0 63 52 30 65 16 7 0 0 67 80 57 0 16 0 37 5 0 55 61 66 0 0 78 5 3 36 18 53 58 4 65 19 17 0 0 23 32 73 1 0 45 0 0 0 53 45 65 10 0 0 58 29 32 0 38 4 25 0 0 45 0 55 68 11 63 14 0 44 56 13 10 30 59 75 70
 64 0 47 0 7 67 0 0 17 0 0 45 0 26 0 60 9 0 0 0 34 49 37 0 33 93 65 28 0 0 0 0 0 54 57 27 27 8 67 80 0 12 8 54 0 0 33 78 7 41 57 61 0 29 42 69 0 0 41 64 0 0 38 0 82 29 30 0 67 30 38 8 0 6 0 24 65 60 0 0 61 9 51 0 23 0 64 46 0 17 6 3 31 76 34 0 0 6 6 73 1 37 22 0 0 37 36 44 39 0 0 17 67 65 0 43 0 0 70 0 71 0 0 0 9 36 23 65 0 27 2 0 43 0 39 0 0 41 23 33 19 0 0 45 27 0 28 0 0 25 44 33 0 68 0 82 74 0 55 7 0 22 0 19 16 27 0 80 0 0 30 68 0 73 40 35 0 61 70 60 57 0 11 0 0 0 0 53 34 27 44 0 43 10 24 0 72 12 83 46
 21 0 10 0 11 0 0 0 38 0 61 14 89 42 0 0 0 0 18 0 0 0 0 33 0 0 0 1 0 0 0 0 29 0 19 3 80 41 13 0 0 2 0 0 0 0 0 82 39 0 0 71 0 0 35 0 0 4 32 21 0 0 0 0 4 0 0 40 1 0 0 23 0 0 0 0 21 62 22 0 0 7 0 0 4 0 22 3 0 0 13 0 2 0 0 0 78 30 0 6 10 0 0 0 0 2 5 17 0 0 0 0 0 0 16 0 0 0 0 0 8 20 79 34 31 0 8 0 0 8 55 0 0 0 0 0 0 56 34 0 0 0 4 0 0 0 0 13 0 0 17 75 41 0 0 0 0 0 0 13 0 0 0 0 0 54 58 12 0 30 0 14 66 6 0 0 0 84 0 0 83 0 0 0 27 0 0 0 47 0 42 0 0 6 76 0 0 42 17 28
 0 72 0 11 14 6 0 1 38 0 63 0 25 44 0 0 10 0 12 0 0 35 82 0 12 0 80 35 0 89 0 0 15 9 19 38 95 64 44 0 0 27 26 0 0 0 34 0 65 0 39 0 0 78 80 14 0 0 51 11 0 15 36 0 0 0 0 46 10 0 53 65 1 0 0 33 3 0 0 9 4 16 26 0 0 0 21 33 1 12 0 0 10 0 72 0 65 32 17 0 17 0 0 0 62 0 0 0 0 0 0 0 17 25 0 72 2 0 20 14 0 0 29 0 65 0 49 44 0 28 89 0 16 0 50 0 72 23 25 0 69 0 0 50 11 0 0 0 0 0 0 25 51 0 0 0 8 0 0 0 0 16 0 0 5 94 52 22 0 54 0 63 47 0 0 0 0 0 16 11 19 0 0 19 24 0 11 33 20 0 15 0 7 62 48 0 27 0 47 13
 0 47 14 26 74 0 2 0 71 62 0 27 17 9 0 12 0 0 51 7 2 0 89 53 0 17 56 56 0 43 0 0 77 50 96 16 42 58 0 37 0 46 24 18 0 0 46 0 40 0 27 12 0 7 26 49 0 0 41 53 0 0 0 57 0 74 50 12 12 19 15 30 0 0 18 51 46 0 33 13 58 0 0 17 26 66 20 0 0 20 0 0 9 34 5 0 28 3 66 17 16 10 0 10 27 36 62 76 17 7 0 24 36 57 0 0 2 9 75 0 13 0 28 0 49 56 85 64 0 0 0 0 74 0 5 0 0 9 80 0 46 9 0 2 5 0 9 0 81 51 39 64 54 53 0 21 21 0 11 27 0 25 13 71 0 36 71 83 0 25 10 53 0 0 0 7 22 46 77 46 0 3 0 0 15 44 0 0 75 23 60 0 0 46 0 0 53 70 12 29
 45 15 0 51 84 0 0 4 9 45 0 59 28 0 0 3 0 0 47 0 58 0 0 48 63 0 0 96 0 0 0 0 0 0 5 63 29 8 63 17 0 32 40 0 0 0 24 77 15 38 5 22 15 55 0 71 0 0 59 68 0 0 46 33 0 0 12 83 24 0 36 37 0 0 42 64 9 0 0 21 10 34 53 0 27 12 86 71 3 11 0 17 18 59 39 0 22 38 10 34 19 1 0 0 69 45 54 29 0 0 0 23 6 35 0 51 0 55 10 0 0 0 0 0 35 16 0 27 0 2 8 0 1 0 0 0 52 70 51 35 2 0 0 68 35 0 0 0 48 18 79 34 0 78 0 0 35 0 33 0 13 33 0 28 39 70 67 0 0 8 0 81 92 0 74 24 0 39 31 0 0 12 1 16 60 0 0 0 25 48 60 0 45 36 36 0 55 10 19 3
 0 0 24 61 11 0 0 0 0 10 65 0 42 0 33 0 44 0 21 0 0 82 64 41 0 0 54 71 0 31 0 0 33 26 25 46 42 48 0 78 0 32 0 0 0 0 0 67 42 0 34 9 0 19 0 38 0 0 0 46 0 0 67 27 0 0 0 0 72 0 28 0 0 0 60 26 80 17 0 0 40 17 24 0 89 0 24 65 0 33 0 0 40 0 29 12 45 56 0 3 26 8 0 0 52 0 88 7 65 0 0 0 8 63 13 79 0 39 95 0 16 0 92 0 83 38 26 66 0 93 0 0 49 6 68 25 0 0 61 58 61 0 0 41 16 0 58 0 0 39 60 42 25 0 0 0 0 0 0 8 0 12 0 17 0 63 35 74 13 55 50 21 60 0 39 0 0 39 67 0 67 0 0 0 15 19 0 61 0 53 38 0 0 11 0 0 14 39 23 37
 36 0 2 1 0 1 0 0 0 0 59 0 0 0 0 0 0 0 4 2 0 0 3 0 0 0 0 0 0 0 0 0 0 0 0 0 0 0 0 0 0 18 0 0 5 0 10 0 11 0 0 64 25 0 3 0 0 0 0 42 0 2 0 0 0 0 18 0 2 4 0 0 11 0 0 0 0 0 0 0 7 0 0 0 0 0 8 32 0 6 0 0 0 10 0 0 0 0 0 0 34 0 4 0 0 0 0 55 0 10 37 0 2 37 0 20 0 0 0 0 0 13 16 0 0 0 0 0 0 0 0 5 10 0 0 0 0 77 0 9 23 0 0 0 5 0 0 0 13 82 0 6 0 32 0 0 0 0 0 10 0 0 0 0 0 0 14 0 0 0 0 7 0 0 0 0 13 3 47 0 0 0 0 0 21 1 0 0 22 0 48 0 15 0 0 0 0 0 0 5
 0 0 27 0 0 16 0 0 0 0 2 0 0 0 0 12 0 0 0 0 0 0 47 0 0 32 0 0 0 0 0 0 0 0 4 0 19 0 0 15 0 0 29 0 0 0 29 0 0 27 0 17 0 23 0 0 0 0 0 0 0 0 0 0 0 0 0 0 0 0 0 0 9 0 19 0 67 0 0 0 22 0 0 0 18 0 0 43 0 0 0 0 0 0 0 0 0 0 0 0 70 25 29 0 32 0 3 7 22 11 0 0 0 0 0 0 0 0 0 0 0 0 4 0 0 0 0 0 0 0 0 0 0 0 8 0 0 47 0 0 0 9 0 0 13 25 0 0 25 65 0 13 13 41 0 0 3 0 10 11 0 0 0 0 0 0 62 0 0 0 8 20 47 0 0 0 0 0 52 0 0 0 0 13 0 0 0 0 30 0 0 0 0 0 70 25 15 15 0 0
 75 65 63 95 54 13 0 0 46 50 40 0 75 21 0 6 45 0 0 0 39 72 14 37 29 0 33 44 0 42 0 0 7 17 12 59 85 70 50 15 0 58 22 10 0 0 0 0 0 0 30 25 0 18 56 42 0 0 22 47 0 0 18 61 0 72 51 0 35 0 54 0 0 0 58 13 45 0 67 0 49 26 0 0 0 39 59 75 0 0 0 0 92 60 33 0 27 75 0 26 12 35 0 0 46 55 93 0 38 0 0 0 0 0 0 40 0 23 26 0 0 0 75 0 79 63 37 35 0 31 22 0 43 0 74 0 56 0 90 45 39 0 0 0 42 0 4 0 26 72 18 0 0 3 17 47 37 0 0 0 0 71 0 0 0 14 75 34 0 37 0 72 3 0 34 24 0 24 2 0 9 0 0 0 41 70 5 95 44 10 0 0 42 0 11 0 33 22 27 24
 16 0 10 41 5 0 23 0 54 0 0 0 26 37 0 4 0 0 42 0 11 0 49 54 0 0 21 31 0 23 16 9 0 23 3 0 2 13 43 0 32 0 0 17 0 17 30 91 39 4 0 0 0 68 42 11 0 0 49 0 0 0 34 0 0 0 0 38 8 0 0 73 0 0 0 34 0 26 0 35 32 14 0 21 0 45 89 57 0 0 7 13 40 0 0 3 0 39 0 0 44 79 0 0 0 0 0 10 0 0 3 0 10 63 0 29 4 76 0 0 0 0 0 0 5 8 0 0 13 0 0 0 0 0 0 0 57 24 30 14 16 0 3 0 0 9 9 0 14 12 31 1 15 53 19 0 17 28 0 0 0 54 0 0 0 0 42 0 0 3 0 0 0 10 0 9 0 31 44 0 41 0 0 0 59 0 6 89 47 48 28 0 0 79 94 9 0 0 0 0
 0 19 21 0 0 0 0 0 0 2 41 0 0 0 0 0 0 20 13 0 0 0 0 0 0 0 0 0 0 0 31 0 0 0 17 0 0 0 16 7 0 0 0 0 0 0 0 0 0 0 0 43 5 14 5 7 0 0 0 0 0 0 0 0 0 0 1 10 80 7 0 0 0 25 12 0 61 0 0 0 68 0 0 0 0 0 0 76 5 0 0 0 14 10 0 0 0 0 0 0 34 0 0 0 0 0 0 26 0 0 0 0 0 59 0 0 0 0 0 0 17 0 0 0 28 17 0 0 0 25 0 0 0 0 0 5 0 0 0 0 0 11 0 0 0 0 0 0 18 28 0 0 22 28 0 0 0 0 0 0 0 17 17 0 0 0 0 0 0 0 14 0 12 0 0 0 0 0 65 23 0 31 0 0 24 0 0 0 18 0 0 0 3 0 17 0 0 0 0 8
 0 0 56 18 45 30 0 22 0 27 76 63 88 71 70 28 58 0 0 52 27 62 23 69 44 39 74 51 14 0 1 30 14 55 40 25 0 81 0 74 0 0 97 0 0 0 14 40 0 0 0 50 0 52 9 44 17 0 52 60 6 52 79 0 71 5 80 0 0 68 20 78 0 41 37 0 0 65 22 75 9 70 65 32 40 13 52 0 1 15 49 98 77 27 40 59 83 52 35 37 0 29 0 0 39 87 49 33 59 45 0 0 22 15 0 55 57 0 17 0 0 0 6 49 34 3 47 56 54 79 63 17 32 34 49 0 84 0 14 53 35 2 3 65 30 0 9 78 11 33 17 56 70 46 89 42 0 35 0 33 0 25 0 20 35 27 25 53 0 0 0 10 42 49 0 39 0 71 20 33 0 0 0 0 66 50 0 54 29 70 25 0 73 7 31 21 31 52 19 27
 53 48 56 0 3 37 0 0 65 0 0 71 62 63 67 51 10 0 38 0 80 65 0 37 58 0 14 64 0 30 32 0 56 50 58 4 90 0 50 70 12 49 10 34 5 31 21 64 33 18 0 44 0 20 2 0 44 0 57 41 0 0 32 27 53 14 56 94 33 13 7 0 0 0 4 9 57 29 56 0 48 25 0 0 0 51 0 5 58 3 3 0 17 53 0 56 0 0 54 12 0 28 36 0 47 56 32 29 47 0 0 0 39 11 0 77 0 13 0 0 0 0 15 24 53 67 26 14 31 41 53 0 10 10 53 0 0 7 47 0 34 72 23 36 69 0 22 0 75 24 57 6 47 0 0 0 0 0 1 0 8 0 2 51 0 67 21 1 0 0 20 71 87 43 25 1 0 0 54 26 26 0 0 0 61 67 0 42 8 0 2 38 90 10 36 0 0 42 9 6
 0 77 4 69 39 27 34 0 0 33 52 17 23 29 0 0 0 3 0 0 13 0 46 21 0 20 0 42 7 3 0 0 30 51 0 21 21 17 53 0 0 40 0 0 1 0 17 26 11 0 7 55 0 73 8 0 4 9 32 43 0 30 74 4 0 0 0 58 0 0 26 0 0 0 0 0 0 36 0 4 55 31 0 0 0 72 58 0 0 19 0 0 74 0 0 0 51 0 0 0 16 6 5 3 0 0 0 54 0 0 17 16 87 66 7 53 0 23 0 0 5 0 60 0 16 0 27 94 0 0 76 0 10 0 11 0 35 79 18 34 7 0 0 47 0 0 0 0 16 62 52 66 60 3 0 0 3 9 0 0 0 73 0 29 0 2 8 0 0 56 0 33 0 0 0 0 0 73 59 0 0 0 0 0 0 0 11 91 24 80 61 7 0 0 84 0 0 1 0 31
 0 69 33 33 40 0 0 0 86 0 74 0 54 13 0 0 7 0 0 0 26 0 19 20 0 6 36 43 14 66 0 5 54 12 9 0 40 0 63 0 0 57 0 0 0 0 21 50 49 0 0 0 0 0 13 0 0 20 0 53 0 0 70 0 0 0 0 40 59 0 0 32 2 0 65 0 60 0 60 57 59 0 74 0 0 21 0 30 0 59 0 0 38 0 0 0 0 84 0 0 0 84 15 0 83 0 45 12 25 0 0 0 52 7 0 21 0 43 0 23 0 0 72 28 59 0 78 66 0 21 66 0 0 28 0 25 84 0 63 0 0 0 0 83 5 0 96 0 0 5 12 59 28 60 0 95 0 0 0 0 0 67 0 0 0 19 0 25 0 24 0 0 0 0 55 13 0 0 8 0 34 33 0 0 62 0 0 0 48 8 20 5 7 64 18 0 68 61 27 80
 0 0 8 3 0 0 0 0 11 0 5 0 33 0 0 0 15 0 0 0 0 0 0 0 0 0 0 8 0 0 13 0 0 2 0 0 34 0 0 0 0 0 0 0 0 30 0 0 0 15 0 0 0 26 0 0 0 0 0 0 0 0 0 0 0 0 0 14 0 0 26 0 7 0 28 0 0 7 0 17 0 0 0 0 0 8 0 0 0 0 0 0 0 0 0 0 0 8 26 0 0 0 0 0 0 0 0 0 0 0 0 0 20 0 0 0 5 0 1 0 0 30 16 0 0 0 0 0 7 0 6 0 14 0 0 2 0 0 0 0 0 0 0 0 0 0 0 5 0 57 0 0 0 19 0 0 0 0 0 0 0 0 0 0 0 0 78 0 0 24 24 0 12 0 0 0 0 0 55 0 0 0 0 0 0 0 0 8 0 0 12 0 25 0 0 0 0 0 2 0
 0 0 36 49 42 0 0 4 63 0 0 0 70 24 32 0 0 0 45 0 0 1 39 38 0 24 0 0 0 0 0 8 0 0 0 14 42 53 0 0 0 0 0 19 0 0 44 45 19 0 0 0 0 15 13 0 0 0 44 73 28 0 0 14 6 8 0 12 17 10 0 38 0 0 0 11 0 0 17 0 18 34 24 0 0 13 0 0 0 0 0 28 2 33 0 0 73 69 0 0 60 0 0 0 3 9 0 54 14 0 0 0 17 0 0 21 0 0 0 0 0 0 55 0 0 0 0 0 0 0 0 0 0 0 0 0 0 82 13 0 0 0 0 0 0 0 0 8 0 0 0 12 0 24 0 0 0 0 0 0 0 0 13 0 0 46 1 0 0 15 0 0 88 0 10 0 6 70 25 0 8 0 5 22 35 13 16 0 30 15 26 0 0 61 15 0 0 47 0 5
 0 0 15 72 0 0 0 0 11 0 70 0 55 88 0 0 0 0 0 7 0 0 27 56 12 0 0 0 0 0 1 22 28 0 28 0 76 99 24 0 0 0 27 14 0 0 0 0 69 0 0 81 5 0 32 0 0 0 26 60 0 31 0 16 0 4 1 42 4 0 1 82 0 0 5 0 85 0 0 0 60 0 0 0 0 0 0 39 0 3 0 0 18 0 28 14 84 75 0 0 14 0 37 0 0 0 0 2 0 0 0 0 22 54 0 1 0 0 0 0 0 0 48 0 0 0 29 0 2 35 0 0 0 0 0 0 0 69 3 0 0 0 0 0 0 0 26 6 0 82 0 9 2 29 0 33 7 0 0 0 9 0 0 14 0 0 7 0 0 50 0 79 21 20 0 0 0 0 17 0 0 0 10 0 28 0 0 0 61 0 18 0 0 33 59 21 0 9 0 22
 0 18 69 12 38 0 0 0 45 0 0 0 0 19 0 0 0 0 72 0 29 0 49 14 4 0 11 47 0 0 0 5 73 0 17 66 0 19 0 0 0 5 0 2 0 0 23 56 25 0 23 23 0 0 9 64 0 0 13 91 0 9 68 0 0 0 0 82 49 8 0 64 0 8 0 0 0 9 47 0 0 43 0 0 0 40 0 58 0 0 0 0 29 0 0 0 0 0 7 0 34 0 0 0 0 0 0 38 0 0 18 0 0 61 0 27 0 0 34 4 7 0 0 0 0 1 54 30 0 0 13 17 0 0 22 0 7 78 1 0 0 0 0 7 0 0 0 0 0 63 0 44 0 46 0 0 0 0 13 0 0 0 0 6 0 78 39 0 0 17 0 64 0 0 0 0 0 69 23 0 70 11 8 0 0 0 0 65 0 12 0 5 0 91 30 0 0 38 0 72
 0 0 40 0 0 0 0 0 0 7 40 0 0 0 12 0 0 1 0 0 0 0 0 0 27 0 0 0 0 0 0 3 7 8 83 0 0 0 8 0 14 30 0 0 0 0 0 0 0 7 0 49 0 0 0 0 0 2 0 0 5 0 33 0 0 0 0 0 0 0 0 0 0 0 0 0 71 0 0 6 0 28 0 0 0 0 0 78 0 0 0 4 0 0 0 0 0 0 0 0 68 0 0 0 0 0 0 0 0 0 1 0 0 0 0 0 0 0 0 0 0 0 1 0 0 0 0 0 0 0 0 0 0 0 8 0 0 41 0 0 0 19 0 0 0 23 0 0 0 0 0 0 7 57 0 10 36 0 7 0 0 0 0 0 0 0 27 9 0 0 0 0 0 0 0 0 0 0 89 3 0 4 18 0 53 0 0 0 65 0 13 4 0 0 64 0 0 0 0 12
 0 5 12 0 0 0 18 11 0 0 62 18 0 0 0 0 0 0 0 0 0 20 65 0 0 0 0 0 0 0 0 12 8 0 42 7 0 0 0 0 0 0 0 0 0 0 12 26 0 15 0 0 9 0 0 0 0 0 2 12 0 0 0 0 15 0 0 42 78 0 0 78 0 0 0 19 33 0 15 0 0 0 0 0 0 0 0 26 0 0 0 0 0 0 3 0 13 4 4 0 52 0 0 0 0 0 0 0 0 0 0 4 0 24 6 0 0 0 0 0 0 0 0 6 0 0 0 0 0 17 0 28 0 7 0 0 0 10 0 10 0 0 0 0 0 0 0 18 3 88 0 0 0 48 0 0 0 0 0 0 0 0 0 0 0 0 62 21 0 0 0 0 2 1 0 0 4 0 89 4 0 18 0 0 22 0 6 0 70 0 39 0 0 0 9 0 0 0 0 0
 0 23 96 16 32 95 0 0 47 28 55 0 2 0 1 0 0 0 75 0 34 30 85 0 0 0 2 50 0 11 0 0 58 44 62 0 58 15 37 0 0 61 0 0 0 17 50 7 61 25 0 0 0 5 4 24 0 0 49 1 0 0 61 0 24 0 0 72 55 12 49 44 0 17 78 0 7 0 51 40 59 78 0 0 73 58 74 19 0 0 0 0 0 0 0 0 74 27 0 0 0 8 0 0 16 0 0 91 49 0 0 0 6 53 0 0 0 42 21 0 0 0 55 0 44 0 63 19 0 28 0 0 0 15 0 0 54 64 39 10 8 0 0 0 24 0 46 0 0 6 46 35 15 0 0 0 0 0 0 0 0 11 1 0 0 22 11 31 0 77 0 83 9 7 5 21 0 26 25 0 70 0 0 0 21 0 0 17 5 90 0 0 11 49 83 0 0 0 67 0
 61 0 1 30 25 92 0 8 2 46 12 0 58 60 5 68 27 0 69 0 0 23 21 4 20 18 0 35 0 22 1 0 12 61 33 93 37 18 25 33 0 0 9 51 0 0 65 78 78 0 31 72 0 31 15 5 0 0 16 69 0 2 40 55 0 14 64 43 85 25 0 78 0 12 35 33 4 19 55 12 31 29 60 0 3 0 74 0 0 31 0 0 23 0 4 0 0 43 60 84 37 0 15 0 61 27 75 32 18 2 0 0 0 57 0 3 0 0 8 0 0 0 34 0 72 37 80 0 0 73 49 4 38 0 0 0 13 23 57 30 40 0 0 26 0 1 0 0 49 59 55 2 41 0 0 6 27 0 0 55 0 64 41 81 13 6 68 7 0 8 15 41 38 90 39 64 0 0 56 0 46 0 0 0 44 38 12 48 5 55 3 0 94 74 12 0 72 16 82 0
 0 2 13 52 89 0 21 0 0 5 48 0 53 66 0 0 0 0 38 0 37 0 0 46 0 0 65 80 7 67 0 0 5 33 79 48 48 6 42 0 0 44 0 0 0 0 15 44 61 0 0 21 3 0 14 0 0 0 58 0 1 0 0 4 0 0 0 29 0 28 90 63 0 31 1 2 43 79 41 1 67 21 0 0 0 38 6 47 0 62 0 0 10 0 0 0 71 2 0 0 44 72 0 0 0 0 0 0 45 0 0 0 82 0 4 41 28 40 13 0 0 0 2 6 0 2 10 0 0 71 46 0 0 0 2 0 42 66 87 27 8 0 0 0 0 0 9 0 3 24 23 0 11 0 0 0 0 0 0 0 6 61 0 0 5 22 83 2 0 52 0 24 68 0 0 0 21 0 48 0 67 0 9 0 50 0 11 68 45 67 53 0 0 59 9 0 0 12 0 62
 0 7 56 0 0 7 0 33 53 0 0 0 26 57 0 0 0 10 0 20 0 0 0 12 0 0 0 67 0 0 21 2 62 0 48 93 0 0 0 0 0 1 0 0 0 0 0 22 3 0 0 29 0 5 31 44 0 26 70 0 0 20 16 15 0 0 27 65 69 0 0 75 0 0 0 0 0 0 35 0 43 62 0 4 0 0 0 0 0 0 9 21 13 0 0 0 63 54 0 4 28 48 32 0 0 0 0 19 2 0 0 0 0 11 0 89 14 0 0 0 0 0 80 0 0 0 45 0 0 0 0 0 0 0 0 0 0 54 50 4 1 14 0 9 0 11 0 0 0 6 0 21 39 60 0 37 0 0 0 0 0 13 34 14 0 62 77 0 0 37 0 3 68 0 0 0 0 0 0 0 0 0 0 33 11 3 21 0 57 36 63 0 0 0 0 26 0 74 0 23
 0 0 18 0 68 3 9 0 29 14 54 0 1 68 0 0 0 0 58 0 12 0 31 28 0 0 0 17 0 43 0 0 0 0 71 40 0 43 6 0 7 0 0 0 0 0 75 66 86 0 0 74 0 31 66 0 34 0 54 0 0 0 0 0 0 0 0 0 90 0 0 13 0 10 0 8 34 61 31 70 64 79 0 0 0 14 0 80 0 0 0 0 27 0 16 0 0 4 0 0 0 34 0 5 0 3 0 94 10 0 0 0 65 85 0 0 0 48 0 0 0 0 69 21 0 11 56 52 4 12 51 0 0 0 0 0 68 31 18 49 32 0 0 0 0 0 0 0 0 7 56 13 0 0 0 0 0 0 0 0 0 0 14 0 0 0 70 0 0 40 0 48 0 0 0 0 0 16 0 4 0 22 0 0 0 0 0 38 0 48 0 0 0 16 12 0 0 51 0 19
 0 0 65 9 5 29 0 0 2 0 21 0 11 0 0 22 0 0 7 7 0 0 0 0 0 10 0 0 0 12 0 0 0 9 76 0 0 0 0 0 0 0 0 0 15 0 0 0 0 2 0 0 0 15 0 11 0 0 0 0 25 0 0 0 14 0 0 0 0 0 0 0 18 0 6 0 54 0 0 0 0 0 0 24 0 19 0 0 0 0 0 0 0 1 0 0 0 0 0 3 0 0 0 0 0 9 0 8 16 0 0 27 0 25 7 18 12 0 0 0 0 0 19 0 4 0 0 0 0 0 0 0 0 0 0 0 4 9 0 32 0 0 0 0 33 0 23 0 0 67 0 0 0 66 0 0 11 5 0 0 0 0 0 0 0 0 47 0 0 0 0 0 0 1 0 0 0 1 0 0 0 0 0 0 0 7 0 0 21 17 0 0 0 0 69 0 0 0 0 16
 23 6 2 6 5 6 0 0 0 65 0 33 0 73 32 91 23 0 54 0 58 83 13 79 20 9 68 35 0 25 15 0 2 12 12 12 67 42 37 59 0 71 71 38 24 8 37 52 8 31 63 30 0 53 9 40 89 9 55 0 0 37 4 0 92 0 15 46 65 42 53 0 0 0 51 3 30 59 89 36 54 65 82 58 63 10 64 9 0 55 60 0 78 29 46 0 55 3 4 30 5 26 2 22 56 63 0 0 57 22 0 21 44 61 0 0 6 61 55 0 49 0 72 40 0 36 15 0 16 52 37 21 24 27 54 0 33 72 42 27 67 65 0 52 48 0 45 0 57 45 0 9 28 80 0 16 25 0 43 42 0 33 91 48 8 0 60 81 18 82 74 40 6 0 93 22 0 16 0 23 0 24 0 0 0 0 0 97 8 76 6 0 34 34 84 0 0 31 59 10
 0 28 39 24 80 0 0 0 29 0 0 0 0 13 0 0 0 0 14 0 0 9 70 76 16 0 3 38 0 0 0 0 47 0 45 45 0 11 16 0 0 62 0 0 0 0 25 64 52 0 15 4 0 13 25 31 0 0 16 26 0 0 67 0 0 0 0 0 51 8 34 48 0 0 0 0 43 37 0 40 70 57 8 0 0 36 52 41 0 0 13 28 0 5 0 0 34 42 0 0 31 76 0 0 1 24 0 11 0 16 3 0 70 39 6 61 0 83 0 0 0 0 44 0 0 19 2 0 0 0 1 12 0 0 4 0 54 0 39 59 50 0 0 59 0 12 34 17 0 72 6 0 23 0 0 0 0 0 8 17 2 24 0 0 0 33 28 0 0 55 11 51 0 0 0 0 13 8 5 0 44 0 0 0 16 0 0 76 64 2 23 0 0 66 59 0 0 0 12 0
 5 31 68 57 0 23 0 0 46 0 25 24 13 49 72 76 58 0 18 0 0 60 6 0 55 58 24 0 0 36 0 0 39 40 61 45 60 23 49 36 0 10 0 4 0 0 37 71 39 46 0 1 0 27 42 49 16 0 0 94 0 0 0 4 47 83 19 5 43 9 0 97 0 0 11 52 84 14 16 29 26 65 15 4 34 0 30 50 0 0 0 0 69 23 52 67 45 44 21 66 54 13 0 0 19 68 6 40 41 0 0 0 17 30 0 42 0 47 9 15 49 0 3 85 17 26 62 44 0 26 44 0 22 0 14 1 0 71 9 65 2 0 0 10 2 0 17 0 25 13 80 55 57 50 0 42 0 0 73 6 0 79 63 41 0 12 13 35 7 4 0 1 0 33 24 36 0 0 19 64 24 0 0 10 30 0 0 37 12 0 0 0 57 57 8 0 46 43 0 51
 61 97 12 0 0 84 0 0 0 60 43 21 48 70 6 40 0 0 51 0 49 59 0 63 26 28 58 20 0 42 0 6 61 25 64 61 20 28 57 37 0 0 78 74 0 0 0 0 1 47 2 0 0 6 35 11 70 0 41 5 0 0 42 82 58 0 72 72 6 5 0 0 0 23 11 41 23 0 31 46 0 46 26 83 0 0 32 27 30 0 42 0 21 23 73 27 81 0 70 28 49 55 77 0 56 30 30 66 1 0 7 0 47 17 0 43 0 0 71 0 6 0 72 11 52 13 51 33 0 0 21 0 8 31 82 0 24 12 83 11 28 53 16 4 47 32 2 15 24 0 56 86 57 11 0 23 56 0 69 17 0 16 65 6 0 31 29 61 0 29 0 81 2 68 0 35 0 0 76 0 10 0 0 0 56 0 0 65 70 51 61 0 0 0 83 0 26 50 3 39
 19 0 0 0 0 0 0 21 0 0 21 0 23 0 0 0 0 0 55 0 0 6 0 19 18 0 0 0 0 0 0 0 24 0 55 0 0 0 0 0 4 0 0 0 0 0 47 44 0 0 0 0 0 0 39 10 0 7 65 0 0 0 0 0 0 0 0 68 2 0 0 0 0 0 0 0 76 0 0 0 8 31 8 0 0 0 0 41 0 16 0 0 0 0 0 0 0 0 20 0 60 0 0 0 3 0 0 94 0 0 0 16 0 76 0 0 0 0 0 0 0 0 0 0 0 0 0 0 0 0 0 0 0 5 0 0 0 0 10 0 6 0 0 0 0 0 0 20 0 66 0 0 13 76 8 0 0 0 0 0 0 3 0 2 0 0 37 0 0 0 0 0 9 0 0 0 10 0 0 0 0 0 0 0 73 0 2 0 28 0 45 10 9 29 60 0 0 2 0 0
 0 0 55 37 43 56 29 0 44 0 0 70 1 0 2 0 44 0 43 17 18 57 75 18 36 0 0 0 3 0 0 0 48 80 16 0 2 35 56 67 0 17 0 0 0 0 44 35 0 0 0 20 0 27 5 60 0 0 10 6 0 0 87 48 0 0 53 0 32 0 25 0 0 0 45 44 65 0 15 4 32 87 65 20 63 21 15 0 0 0 0 0 43 0 4 0 0 0 36 60 49 0 0 0 26 0 61 13 61 0 1 0 72 35 0 0 0 0 98 0 0 4 25 0 13 81 41 27 0 10 0 0 12 0 72 0 65 33 59 84 1 9 0 6 0 0 93 0 17 24 24 57 53 0 18 63 0 0 20 0 16 6 32 30 12 44 82 17 0 76 0 17 60 0 57 33 0 20 44 11 69 0 0 0 0 0 0 55 37 13 35 0 0 22 24 22 29 28 35 14
 0 44 3 12 11 2 0 0 52 0 63 0 39 24 5 0 0 0 0 0 53 0 65 47 0 0 9 28 0 40 0 0 35 0 0 72 46 85 0 48 3 16 0 0 0 0 20 76 46 2 6 0 0 59 22 17 0 2 2 25 0 0 64 0 0 0 0 51 86 0 6 13 0 6 15 48 72 5 0 6 87 0 21 0 17 48 0 35 0 90 0 0 11 0 0 0 0 42 0 8 12 0 22 0 18 0 58 34 15 0 0 0 82 17 0 0 0 95 0 0 1 4 44 0 10 0 1 25 34 16 0 15 0 5 0 0 27 0 0 61 28 0 0 32 0 0 81 0 0 57 58 71 0 11 0 31 0 0 0 0 0 65 0 0 0 43 43 0 15 57 0 75 0 0 60 0 20 40 20 5 48 0 0 0 0 49 0 3 63 34 5 0 26 30 27 0 85 55 53 27
 33 16 39 41 43 0 0 19 61 22 72 47 39 10 72 0 66 0 74 0 11 0 23 5 21 0 64 3 0 9 0 0 6 19 32 16 42 10 3 0 0 40 63 70 0 20 0 41 39 0 9 5 9 29 0 75 0 3 66 9 0 59 36 80 32 22 0 71 48 38 0 24 0 0 33 9 58 0 0 11 46 39 12 82 31 45 34 10 21 64 0 0 38 73 55 0 0 27 27 16 29 0 0 0 32 83 17 89 0 6 0 0 25 39 0 0 0 53 66 0 14 16 14 31 0 29 44 0 0 56 0 1 14 0 33 0 87 53 19 24 15 0 0 0 22 0 64 2 71 55 15 36 0 34 0 0 3 0 52 47 0 36 74 50 0 64 58 6 0 0 52 41 24 58 44 72 0 59 0 18 59 17 0 0 0 0 0 0 0 38 1 0 37 65 12 30 31 17 11 21
 0 0 1 24 83 0 0 0 21 0 24 0 0 43 0 0 0 0 78 7 0 0 0 23 0 0 0 0 0 0 0 0 21 0 31 0 27 41 1 0 0 0 0 2 0 16 26 0 78 0 0 0 0 0 23 0 0 0 0 37 0 38 0 0 0 0 0 33 36 0 1 61 0 11 0 22 25 0 0 3 6 0 0 12 0 0 1 3 0 0 0 0 38 6 14 4 0 17 0 0 63 0 0 0 0 0 0 45 0 0 0 0 50 78 0 0 0 5 0 0 0 8 60 3 0 0 29 0 0 0 0 0 0 0 0 23 0 20 0 0 0 0 15 7 0 0 34 0 0 0 0 37 57 32 24 0 12 0 23 31 0 0 24 0 0 26 0 25 0 0 0 0 0 0 0 4 9 51 55 0 47 0 0 1 28 2 0 37 79 0 9 0 0 6 70 22 0 71 0 0
 0 0 31 0 0 0 0 24 0 15 0 0 0 20 0 0 3 0 0 0 3 0 20 0 0 0 0 0 14 0 0 0 64 22 0 0 0 0 0 0 0 0 0 0 0 0 73 0 0 0 0 0 0 0 39 14 0 0 0 15 11 0 0 0 0 0 0 23 47 0 0 54 0 25 5 0 0 0 0 20 72 0 0 0 0 0 0 48 0 0 0 10 6 2 0 0 0 0 0 0 37 0 12 0 0 0 0 4 24 0 0 0 0 19 23 0 0 0 0 0 0 0 21 0 0 0 0 0 0 0 0 0 0 0 0 0 0 60 0 0 0 20 4 0 0 0 0 18 0 34 0 0 0 55 0 0 0 0 0 0 0 0 0 0 0 18 0 3 0 0 0 2 13 0 0 0 2 0 14 0 0 0 0 9 46 0 0 0 54 1 0 0 0 0 78 0 23 0 0 0
 0 40 0 26 47 54 0 9 14 0 60 30 52 0 14 0 34 0 0 0 56 35 68 1 0 0 80 58 0 58 0 0 35 0 0 9 50 13 22 0 0 56 0 10 0 0 31 83 72 0 56 53 0 71 0 37 0 0 39 52 0 0 32 0 0 0 67 12 23 9 30 19 0 0 42 56 0 18 16 0 89 0 7 0 19 59 45 10 0 18 0 0 0 0 50 0 42 33 0 0 0 40 0 0 19 0 0 52 0 0 0 0 72 80 0 84 15 3 0 0 0 0 0 0 0 36 0 13 0 22 25 0 16 0 7 0 12 16 54 0 0 15 0 6 4 0 58 0 62 74 46 29 29 0 0 0 0 0 27 0 23 4 46 0 0 0 0 19 0 0 32 0 74 0 26 11 0 62 0 0 12 0 0 0 41 17 0 70 5 60 32 0 0 65 34 0 51 33 83 35
 0 57 0 51 24 18 1 0 28 0 5 10 0 48 0 0 50 0 61 0 0 66 24 69 0 0 0 43 0 74 1 0 45 66 5 23 33 68 43 0 0 80 19 0 0 2 0 38 7 0 0 0 0 52 0 0 0 0 60 4 0 0 0 64 0 0 0 31 23 0 96 50 0 0 73 34 52 21 47 30 35 53 8 0 43 0 33 0 0 9 0 0 7 0 0 0 38 69 31 0 0 60 0 0 30 0 33 20 86 7 0 0 56 4 26 11 13 26 12 0 7 0 0 0 69 25 5 74 11 0 71 2 0 21 84 0 61 19 0 91 23 9 11 20 38 0 43 8 0 65 0 30 1 8 0 59 0 0 0 0 0 3 0 0 0 85 56 43 0 33 66 2 0 0 0 85 0 36 20 0 70 0 6 0 7 6 7 63 35 47 41 0 0 0 39 0 19 0 39 50
 0 0 19 6 0 0 0 0 0 0 24 0 0 0 0 0 0 0 0 0 37 0 16 0 0 0 0 0 0 9 0 0 27 3 22 0 0 0 0 0 0 0 5 0 0 0 4 2 0 0 0 56 0 0 0 0 0 0 0 0 0 0 0 0 0 0 0 0 0 0 0 0 14 1 0 9 5 0 0 0 0 0 18 0 0 0 7 3 0 0 0 0 0 0 0 0 0 0 25 1 0 0 0 1 0 0 0 3 0 0 0 0 0 0 0 10 21 0 0 0 5 0 0 35 5 0 0 2 0 0 0 0 0 0 0 0 0 18 0 0 0 0 0 0 0 0 0 20 0 0 7 0 0 36 0 13 15 25 0 0 0 0 8 2 0 0 43 0 0 0 0 4 36 0 0 0 0 1 0 0 0 0 0 0 22 0 16 0 44 0 0 0 0 0 0 0 0 0 23 0
 0 0 11 74 10 0 0 35 0 2 8 0 0 0 0 0 0 23 0 0 12 0 30 61 17 10 0 25 0 0 0 0 0 0 11 19 38 0 45 0 0 0 0 0 0 0 0 8 0 0 0 1 0 5 53 83 0 0 0 4 2 0 10 22 0 0 0 67 0 0 0 52 0 0 0 0 3 21 68 2 13 21 0 24 0 0 0 40 0 0 0 0 71 8 19 8 15 41 0 0 64 0 0 0 0 0 0 0 0 38 0 0 0 47 0 19 0 0 0 0 0 13 3 7 0 0 0 15 32 0 34 0 0 0 0 0 0 0 0 0 65 35 0 0 36 0 21 3 0 57 25 11 0 33 5 0 19 21 0 0 0 0 0 0 0 27 9 10 0 0 10 12 52 0 0 0 0 28 52 0 62 4 0 0 0 13 0 0 72 1 50 0 0 44 62 0 0 55 0 60
 25 6 38 31 52 31 0 0 41 47 0 64 25 49 72 0 71 0 11 0 48 41 93 43 18 54 1 45 0 0 20 30 35 0 22 0 0 68 33 0 0 0 79 0 0 0 55 63 79 38 77 16 0 53 63 0 67 0 26 51 18 0 70 57 80 12 95 0 0 58 17 65 20 0 0 0 83 9 0 59 22 86 19 0 1 0 41 16 0 38 25 0 48 47 0 80 63 0 93 74 46 11 0 0 0 63 0 0 60 0 2 4 37 0 0 44 0 0 65 0 14 0 8 48 0 19 35 0 0 38 50 0 13 0 61 0 44 10 0 11 0 0 0 57 31 0 38 0 0 49 0 30 43 40 0 35 35 0 66 0 0 13 27 0 0 87 10 29 32 12 47 66 4 0 25 0 0 89 13 38 71 0 1 0 83 84 0 0 47 89 81 0 58 60 0 9 40 41 1 0
 0 6 0 14 0 22 54 44 52 85 0 30 23 0 6 53 41 91 0 50 80 0 52 0 0 67 42 25 10 69 58 0 8 30 45 50 12 41 60 0 66 40 0 44 41 70 11 0 81 4 10 14 50 32 49 55 12 1 0 40 0 25 10 78 0 59 73 16 67 7 49 40 49 75 0 75 33 38 19 9 7 13 30 74 94 74 0 48 0 7 59 7 33 62 9 8 52 73 16 63 0 49 37 0 88 69 56 59 33 12 0 0 75 65 70 43 0 36 0 23 0 74 61 0 0 0 42 0 1 0 21 30 0 50 42 14 3 44 6 60 41 88 15 48 11 25 52 22 37 40 35 0 48 50 0 78 11 0 84 0 4 60 0 34 69 66 2 72 17 37 28 23 57 0 54 0 0 21 16 15 50 31 7 15 31 43 0 61 27 65 44 0 23 0 17 0 68 21 61 48
 0 16 57 0 0 27 0 0 82 0 4 0 0 14 0 0 33 0 62 0 0 0 0 12 0 5 83 9 0 77 0 0 83 36 66 39 0 64 69 0 0 6 12 0 0 0 86 3 0 0 13 0 19 0 37 27 16 0 12 48 3 26 42 0 0 0 0 30 0 0 46 9 0 0 3 0 32 0 46 12 62 10 0 0 17 7 47 24 0 0 0 0 0 0 0 0 11 35 0 0 25 41 1 0 0 0 35 0 0 0 9 0 4 27 0 0 23 36 6 0 0 0 0 10 0 0 2 64 0 81 43 0 13 0 0 0 33 80 56 70 8 0 0 19 0 0 9 0 0 0 60 62 37 59 30 27 0 0 0 0 0 0 16 0 0 79 24 22 0 0 5 4 18 10 83 0 0 52 45 0 19 12 23 0 56 0 0 53 0 27 40 0 0 0 6 0 38 14 20 0
 8 32 82 25 66 66 0 0 0 0 66 65 12 0 0 0 0 6 54 33 30 0 22 73 34 0 29 32 0 33 0 18 9 6 24 0 38 38 0 43 3 35 0 0 0 0 28 43 68 0 65 40 0 68 23 56 0 0 9 12 0 0 0 14 0 0 50 58 71 0 1 54 0 0 39 70 34 0 73 14 12 59 9 0 48 22 0 0 0 0 0 0 32 3 44 0 78 79 71 33 57 13 0 0 7 0 7 0 68 0 14 0 30 0 28 63 0 52 54 0 0 15 49 0 53 84 83 51 0 32 64 0 30 0 0 0 61 53 6 49 72 0 0 10 16 19 40 24 21 0 49 0 47 37 0 43 56 12 0 0 0 29 14 0 0 48 40 42 0 2 14 65 8 0 0 47 18 26 0 0 36 15 10 0 75 0 0 29 18 60 15 0 0 31 0 0 19 18 7 51
 0 84 45 69 16 27 0 0 52 29 19 0 0 78 0 0 0 34 0 0 0 0 41 17 0 0 46 0 0 1 0 12 0 39 0 63 11 19 38 0 0 27 0 0 0 0 68 0 37 18 15 12 0 0 13 31 6 0 16 32 0 0 0 5 0 0 0 62 0 0 21 36 0 0 32 0 50 10 24 26 29 32 2 0 43 32 7 6 5 2 0 0 10 0 0 0 71 59 4 0 81 33 4 0 0 0 0 63 62 13 0 0 30 52 0 28 0 8 0 0 5 12 0 0 84 0 32 30 0 69 42 0 0 0 0 0 30 66 0 23 0 20 13 57 0 0 55 0 0 52 21 81 0 30 0 0 0 0 0 7 22 27 0 0 4 41 66 35 0 81 0 0 86 0 0 0 0 52 36 0 74 20 0 0 69 0 0 0 2 64 5 7 6 4 58 0 0 0 0 68
 0 1 0 11 0 0 0 0 0 1 43 9 0 9 0 0 0 0 0 0 0 0 27 0 0 0 0 0 21 0 0 15 14 0 75 0 0 0 0 0 0 0 0 30 0 0 2 0 0 0 12 0 0 0 68 0 0 13 0 0 0 0 0 17 0 0 0 0 0 0 0 0 0 0 0 0 78 0 0 0 15 10 0 0 11 0 0 0 21 0 0 0 0 0 0 0 0 0 0 0 0 25 4 0 21 26 0 0 0 0 0 0 0 64 0 0 0 0 0 20 0 0 32 4 0 3 0 0 0 0 0 14 0 6 0 22 2 39 0 0 0 0 0 0 0 0 0 0 0 15 0 0 0 3 0 1 0 0 0 0 0 0 4 0 0 0 6 0 0 0 0 0 25 0 0 25 0 0 13 0 0 0 0 20 41 29 0 0 0 12 0 0 0 0 34 0 0 0 0 0
 0 0 36 38 23 43 0 0 46 0 70 0 69 41 0 0 0 11 0 0 71 0 0 0 0 0 45 48 0 33 0 0 35 36 20 37 25 0 24 0 0 0 0 0 0 0 4 41 22 14 0 0 0 55 80 52 0 0 21 69 0 0 61 7 0 0 0 34 0 0 49 41 0 0 34 0 61 0 51 21 60 80 0 0 0 0 0 0 0 4 0 0 72 0 0 12 13 0 32 0 7 39 0 0 15 0 0 7 0 0 16 0 59 0 0 0 0 5 0 0 0 0 65 0 68 0 46 5 0 57 0 0 25 0 0 3 0 0 37 0 52 0 6 24 0 0 27 0 1 83 50 0 0 0 0 0 11 0 0 0 0 21 0 0 1 14 55 0 0 3 0 11 45 0 0 0 27 59 0 0 62 0 16 0 16 0 0 41 60 62 14 0 0 0 13 0 0 59 1 20
 63 24 33 51 51 52 9 0 14 26 65 70 0 91 28 0 18 0 80 0 0 54 80 60 30 0 12 0 5 45 0 0 38 55 65 57 50 50 44 0 0 0 60 0 0 0 0 23 17 42 33 39 0 45 0 0 0 0 64 10 0 25 33 33 0 90 22 0 0 24 52 56 0 49 64 30 61 89 23 10 71 42 13 0 51 3 85 13 0 0 53 3 66 95 22 0 45 49 24 0 47 0 31 0 84 29 0 4 14 0 0 17 54 24 0 63 51 62 58 0 62 0 13 20 51 0 53 51 0 29 18 0 13 13 5 0 7 0 40 32 57 21 92 0 60 0 43 0 0 10 36 6 78 22 7 68 8 0 42 0 10 75 0 6 0 59 36 31 0 19 0 63 0 0 0 16 0 30 1 0 56 0 0 0 0 5 0 79 0 0 86 0 6 26 64 0 47 0 51 44
 63 81 66 48 0 47 30 32 54 0 63 10 44 66 33 11 2 0 49 18 16 41 4 72 11 51 27 34 21 7 7 28 53 70 62 0 69 63 39 26 0 82 0 10 12 0 25 9 14 57 77 32 34 54 32 14 20 0 1 41 0 50 0 85 94 37 13 0 14 42 0 27 53 19 0 81 16 76 47 0 0 57 67 53 52 61 46 95 11 0 55 0 17 0 51 35 34 50 39 25 33 76 0 21 0 0 5 86 0 35 0 97 2 74 0 35 16 49 91 0 12 0 57 0 17 14 0 0 52 36 72 0 73 40 48 2 29 31 9 43 5 75 0 5 21 0 16 3 0 32 70 49 5 12 79 39 66 0 13 78 44 32 49 42 0 39 17 73 0 0 0 46 18 3 0 15 0 45 36 0 49 0 0 7 32 21 0 59 0 46 72 0 2 10 13 0 35 16 22 52
 53 30 4 0 5 0 12 53 0 0 27 6 13 87 33 17 20 0 49 50 65 88 81 1 92 7 83 0 50 34 0 49 31 57 79 17 2 33 10 11 0 79 0 13 0 26 66 50 41 57 5 4 0 79 46 0 0 0 69 36 0 0 66 16 0 0 80 35 61 48 32 53 47 84 0 68 14 36 90 19 21 0 38 21 64 52 58 0 0 43 0 25 0 16 35 38 11 56 42 55 54 51 0 1 15 28 30 12 28 0 0 0 13 20 0 35 6 97 62 3 67 4 51 42 55 46 47 51 7 31 66 0 19 43 0 0 77 42 1 2 27 27 3 59 26 36 20 6 63 4 57 44 55 41 0 81 19 78 40 31 0 16 1 61 0 1 89 0 0 36 49 9 0 89 0 53 27 70 0 39 64 0 0 0 70 61 21 0 3 2 39 0 41 0 21 0 62 66 12 45
 0 0 83 0 0 0 0 0 13 0 31 0 50 0 0 0 0 2 66 0 6 10 34 12 0 3 0 0 0 0 0 0 45 0 72 0 0 0 0 0 0 0 0 16 0 0 12 53 0 0 0 28 30 0 34 0 0 0 0 29 0 0 29 0 0 0 0 0 41 4 0 11 0 0 0 0 0 0 0 6 68 72 0 0 0 6 0 83 0 0 0 0 30 0 0 0 0 4 0 0 69 19 0 0 0 0 0 82 0 0 0 0 0 15 0 0 0 20 14 0 0 0 6 0 0 0 0 0 34 0 0 19 12 2 0 0 2 0 0 23 0 0 0 0 0 0 0 0 0 69 0 28 5 0 0 0 0 10 0 0 13 0 0 0 0 0 0 25 0 0 0 0 71 0 10 11 0 0 0 0 0 11 17 0 10 13 19 0 52 21 74 0 0 68 57 0 0 0 0 0
 0 27 0 0 0 0 0 0 0 35 52 0 0 0 0 0 0 0 0 0 0 0 12 0 0 0 22 2 0 7 0 0 7 0 0 0 6 0 0 12 0 0 2 4 0 6 7 0 0 0 0 36 27 0 0 0 0 0 0 8 26 0 18 0 0 0 0 0 20 9 0 0 0 0 0 0 5 15 0 0 4 0 0 0 6 0 0 0 0 0 0 0 0 0 0 0 0 0 0 0 60 0 24 0 0 11 0 0 16 0 0 0 0 0 0 0 0 0 0 0 0 17 0 0 0 0 0 0 0 0 0 0 0 0 0 0 0 6 25 0 7 6 0 0 0 0 5 0 0 21 0 0 0 0 0 0 0 0 0 11 0 0 0 0 0 0 28 0 0 0 0 0 0 0 0 0 0 0 26 0 8 0 0 0 0 0 0 7 14 0 0 18 0 0 58 0 0 22 0 9
 75 0 25 6 54 80 56 4 62 67 36 0 12 78 0 11 73 35 37 0 46 0 56 79 44 66 0 53 47 62 6 37 88 0 27 80 0 90 88 0 33 0 22 0 72 19 45 35 10 5 46 25 0 0 18 45 14 35 88 24 16 44 0 70 89 63 0 22 5 12 11 20 60 20 0 85 3 68 46 40 47 0 39 21 0 91 36 0 18 0 11 66 47 1 38 8 59 0 47 0 31 18 25 0 29 0 60 11 7 15 72 28 46 34 0 13 85 16 52 0 11 25 41 83 0 49 22 11 12 44 89 0 60 37 82 9 49 40 45 72 13 56 46 54 48 49 66 58 45 87 38 0 95 85 0 16 38 50 0 0 0 60 55 2 45 23 0 32 35 0 60 69 64 57 40 62 22 3 0 60 0 30 50 63 9 83 19 63 90 62 0 0 30 30 36 80 48 0 0 58
 0 0 77 64 4 0 0 0 5 11 0 0 0 4 0 0 0 0 25 0 0 0 54 70 0 18 0 10 0 0 20 7 15 0 63 66 26 61 60 0 23 0 0 0 0 0 24 0 0 23 7 68 2 0 9 0 0 0 9 35 25 0 21 0 11 0 0 0 67 0 0 53 0 0 0 0 4 0 0 0 9 9 16 0 0 0 23 0 27 0 0 0 55 24 13 11 47 56 0 0 0 0 0 0 24 0 0 92 11 0 0 0 11 13 0 0 0 0 0 0 0 0 86 0 0 0 30 2 0 11 11 0 0 2 0 0 5 0 34 0 67 0 0 0 0 0 0 0 0 35 16 76 0 52 0 25 19 0 30 0 0 0 0 0 0 16 31 0 0 48 0 34 34 0 0 0 6 0 8 0 48 0 0 5 25 0 0 28 56 19 28 7 5 0 19 0 11 0 0 11
 79 0 33 51 0 11 0 17 26 22 60 60 0 0 0 0 0 38 1 15 55 6 78 0 25 0 0 0 0 68 11 0 48 31 58 7 6 79 59 0 0 22 0 0 17 0 48 6 78 69 9 59 0 38 54 23 46 0 0 3 0 61 1 0 0 0 75 18 4 1 0 36 0 53 33 49 0 16 65 26 58 2 43 10 0 0 34 0 0 70 71 42 28 46 9 5 34 0 0 0 0 27 4 5 0 47 7 95 17 0 0 0 18 56 0 5 0 84 40 0 0 0 72 5 53 40 7 0 0 21 7 0 18 57 21 0 0 2 0 28 13 8 0 62 23 0 30 0 11 0 50 66 29 0 0 33 34 0 42 0 11 35 22 57 0 0 15 59 0 0 65 0 43 0 0 42 11 0 0 0 0 0 0 0 0 4 0 0 80 62 11 0 0 0 40 0 24 9 13 73
 0 0 77 64 18 0 0 0 89 0 51 25 26 83 0 0 0 0 8 0 77 0 0 78 7 1 0 35 0 43 0 0 87 0 0 26 36 27 0 0 0 22 0 30 36 0 80 27 17 0 19 21 0 22 5 21 0 0 25 43 14 15 42 4 0 0 0 59 19 0 0 27 6 0 0 0 11 89 30 35 0 87 0 28 0 44 0 88 0 0 0 15 28 9 0 0 0 25 0 0 72 62 14 0 0 0 0 6 0 0 0 0 0 15 0 53 0 0 0 0 0 0 46 0 0 0 0 17 0 0 27 0 0 0 1 0 42 26 0 57 0 0 0 0 0 0 0 0 0 13 0 3 0 9 0 10 26 0 0 7 11 0 0 0 0 80 29 0 6 0 0 63 0 0 0 0 0 11 11 0 27 0 0 0 33 0 0 0 62 55 4 0 0 10 15 9 0 60 0 35
 0 88 31 0 25 24 18 0 6 0 55 47 47 0 0 0 49 0 0 0 41 40 32 17 66 0 17 52 0 19 0 10 3 35 0 43 1 51 10 47 0 33 0 0 0 0 24 73 57 0 30 0 7 67 0 67 0 0 0 11 0 0 19 0 0 0 0 58 20 0 5 17 0 14 50 28 0 4 74 0 11 92 0 0 0 6 17 29 0 4 0 0 16 0 29 0 29 3 3 0 92 15 0 1 0 0 49 33 7 0 0 0 0 55 0 36 0 55 0 0 0 0 47 0 20 21 57 4 25 56 51 0 72 11 56 0 32 68 36 1 10 0 0 68 30 27 28 0 0 43 49 25 10 11 0 42 56 0 2 0 0 0 0 15 0 89 0 50 25 36 26 0 88 0 56 0 14 0 48 0 43 0 0 0 42 0 0 33 29 3 42 0 0 20 17 0 25 0 23 76
 4 0 0 22 16 26 0 0 54 60 9 29 1 10 91 0 78 15 36 61 55 33 50 0 46 80 20 14 36 0 0 0 31 0 62 39 73 2 0 0 0 0 54 0 6 0 60 82 6 0 25 59 9 19 82 21 11 0 65 17 0 6 14 0 7 76 35 56 20 72 18 37 49 43 3 0 64 26 26 0 27 25 4 47 49 8 21 37 57 32 0 41 53 52 78 2 85 43 36 75 74 82 49 0 60 9 67 0 1 35 9 0 67 67 12 67 32 26 56 0 29 0 22 44 49 1 0 0 26 6 50 0 56 0 0 0 0 29 55 4 0 0 19 45 12 0 50 59 20 65 69 46 1 29 59 35 81 59 0 18 0 7 26 0 0 47 61 58 12 0 16 0 19 64 0 25 56 4 92 0 49 13 0 0 60 0 0 62 16 31 3 0 57 35 0 0 59 51 0 80
 0 80 46 12 28 40 21 0 0 56 58 0 75 32 0 39 63 22 0 0 37 38 39 0 0 98 65 13 0 0 0 13 0 13 0 22 11 73 0 84 0 47 14 18 0 0 0 0 0 0 49 39 0 31 11 23 7 0 54 0 0 0 0 82 0 8 0 3 62 40 12 0 11 3 0 19 35 74 37 0 59 42 50 0 57 37 55 23 0 31 0 0 48 14 0 0 17 7 46 0 0 10 0 10 42 5 0 54 68 0 0 0 43 66 0 35 36 68 2 0 0 0 0 0 4 61 6 0 25 0 0 0 47 0 57 0 28 18 52 61 35 0 0 61 14 0 12 5 0 20 45 0 26 39 0 68 47 0 66 0 0 31 41 84 0 47 36 73 0 22 1 40 0 50 0 0 0 21 56 0 76 0 0 0 76 32 32 50 30 38 64 0 0 65 51 9 62 81 64 0
 24 65 60 79 62 65 18 1 6 5 32 4 23 21 56 0 0 28 67 22 2 0 30 93 0 89 67 58 61 35 49 61 61 45 10 35 0 42 83 37 47 48 13 80 78 23 11 62 0 7 0 0 0 79 58 52 0 11 0 66 52 40 0 55 76 34 6 0 75 9 7 64 50 38 8 13 0 18 43 60 47 48 32 9 51 64 47 41 14 2 19 44 42 0 0 0 0 12 1 36 47 0 8 0 59 0 0 20 46 31 51 0 88 0 0 60 62 16 34 73 19 0 60 88 2 0 40 14 92 70 15 0 0 59 0 31 22 80 31 10 0 0 13 23 0 0 65 0 16 55 13 55 2 0 41 3 7 0 1 47 0 3 80 71 7 7 70 0 0 0 1 70 0 0 11 57 87 17 4 0 44 0 80 27 62 71 0 57 0 15 11 0 38 16 15 0 0 10 20 0
 0 0 39 6 0 0 2 0 2 0 43 0 59 41 0 0 9 0 70 0 0 0 47 45 0 0 0 8 0 0 0 12 69 0 15 0 61 8 1 2 0 1 0 0 0 0 60 37 65 0 0 0 6 0 44 0 0 0 50 0 0 14 0 0 0 8 0 0 0 0 3 70 0 0 0 0 0 0 0 21 0 76 0 0 0 0 0 0 0 0 0 0 31 0 0 0 0 0 1 4 42 0 0 0 17 0 16 0 0 0 0 0 0 49 0 0 0 0 0 0 8 0 0 0 0 0 22 0 1 0 0 0 24 0 0 19 0 28 0 21 0 0 0 0 5 0 0 0 0 0 0 0 29 0 0 0 0 0 22 0 0 23 0 0 0 0 19 0 0 0 0 0 24 0 0 0 0 0 38 0 0 0 0 0 5 0 0 0 24 20 27 0 0 57 39 0 0 77 0 0
 54 0 3 39 6 72 0 0 53 11 0 51 2 4 89 11 61 0 20 0 0 0 6 69 81 40 55 52 0 70 0 0 37 0 63 42 0 23 2 2 0 11 0 33 0 0 8 65 48 6 57 80 0 14 0 19 21 0 11 45 0 79 0 12 29 19 55 56 9 75 29 10 0 0 72 0 90 81 47 25 51 0 69 34 0 47 0 5 0 63 0 0 2 65 45 0 0 6 8 57 0 0 0 8 0 41 28 0 21 0 5 0 44 40 0 56 0 65 58 0 7 0 70 0 53 55 0 59 0 44 59 0 0 0 12 0 0 68 0 67 39 0 0 1 0 4 89 0 10 74 61 18 39 61 0 8 46 0 18 19 0 33 28 21 0 61 38 31 0 69 0 54 0 10 38 2 31 0 38 3 8 0 0 0 7 41 0 0 34 38 17 27 33 90 29 22 6 0 0 73
 0 13 6 62 0 72 0 0 42 19 1 0 40 26 17 30 0 0 0 0 0 0 0 26 0 0 0 0 0 11 0 0 76 0 71 51 57 31 57 0 0 37 0 2 1 0 0 13 0 0 0 76 0 16 52 37 0 0 35 39 0 0 0 0 0 0 0 11 13 0 0 0 0 0 0 0 37 73 33 42 54 78 0 0 4 75 3 0 22 39 0 0 55 0 0 33 18 35 14 0 0 49 4 2 4 0 0 6 0 0 0 0 60 15 19 43 0 13 0 0 0 0 68 0 0 0 27 64 0 10 47 15 0 4 0 0 0 7 60 6 59 4 4 52 0 0 51 0 0 34 12 70 23 0 0 0 0 1 0 0 0 0 0 0 0 4 35 0 0 71 0 80 13 0 0 0 0 0 5 0 2 0 0 9 21 0 0 0 4 17 16 5 0 0 46 0 0 46 13 0
 0 17 45 55 32 33 0 0 14 0 1 8 7 51 8 8 28 10 18 0 59 0 33 0 41 0 65 0 0 47 0 0 0 0 8 0 69 71 25 34 0 0 19 0 0 9 25 50 31 0 51 59 0 46 66 0 0 0 48 51 0 0 46 3 0 0 0 48 65 0 0 0 0 0 7 67 44 58 38 0 26 74 69 0 0 21 0 40 0 0 0 0 62 0 64 0 61 49 0 0 53 7 0 23 11 0 48 0 8 16 0 0 57 65 0 18 0 48 0 0 0 25 41 0 48 0 26 18 0 33 80 6 30 0 11 0 76 6 0 0 70 0 0 0 0 0 12 0 0 0 0 55 0 31 1 0 0 15 0 0 0 33 0 0 0 54 15 43 0 0 0 0 68 10 51 26 0 0 45 31 47 0 15 8 20 52 0 16 22 70 4 8 0 30 5 0 0 0 0 62
 0 0 77 0 0 5 0 0 0 0 0 0 0 0 0 0 0 0 0 0 0 0 0 87 0 0 18 0 0 0 3 0 79 0 0 0 0 0 0 0 0 0 0 0 0 0 45 50 0 4 0 36 12 0 6 0 0 7 62 90 0 0 0 0 0 4 0 40 66 0 22 2 0 0 0 0 52 20 0 0 17 43 0 0 0 0 0 12 0 0 0 0 58 0 0 0 0 49 16 0 34 5 0 0 0 0 0 86 0 0 1 0 74 46 0 0 0 10 0 39 0 0 0 17 0 0 0 0 6 1 0 0 0 0 0 13 0 16 0 0 2 0 3 29 0 0 0 0 0 65 0 0 0 81 0 0 1 24 0 3 0 0 0 0 0 0 69 0 0 0 0 13 0 21 19 0 0 0 62 0 0 0 0 0 2 23 7 0 0 0 24 0 0 4 94 0 0 15 0 11
 0 0 67 14 75 2 20 0 10 0 0 0 39 36 0 0 0 24 63 0 60 0 62 57 0 29 15 0 0 9 7 0 33 0 73 0 46 8 17 20 0 65 26 0 0 24 32 41 29 0 0 42 0 0 18 0 0 0 59 5 0 0 63 0 0 0 0 37 14 0 9 28 0 0 0 0 63 30 16 0 32 21 0 9 11 8 0 91 17 27 0 0 30 0 0 22 34 14 0 0 0 0 21 8 0 0 0 76 0 0 30 0 44 52 0 0 16 0 0 0 4 0 4 0 0 0 6 0 0 3 36 0 0 0 0 27 51 25 0 61 58 0 0 0 11 2 0 21 0 23 65 61 44 17 0 0 0 26 0 0 0 0 0 0 9 0 68 0 0 7 10 29 17 14 0 0 0 56 0 0 38 0 0 0 37 0 28 57 10 28 36 0 0 0 45 20 0 59 0 19
 3 34 15 14 23 7 0 0 94 0 21 56 62 20 3 18 0 0 44 20 0 37 0 1 65 42 5 0 24 18 0 0 3 97 16 64 35 49 38 37 0 13 25 82 0 0 0 1 84 25 67 63 0 0 1 0 0 22 0 0 0 71 63 11 31 59 93 32 69 4 0 14 0 0 17 10 0 14 0 75 22 2 44 6 59 36 0 12 0 69 38 89 11 40 0 58 12 0 38 0 21 0 33 0 70 38 59 29 47 90 0 0 0 8 0 48 81 61 0 0 0 0 0 48 77 77 0 53 0 18 21 0 67 22 0 0 58 21 70 63 0 64 51 33 76 0 39 58 61 76 90 0 0 7 69 0 53 0 77 35 0 68 70 2 0 65 31 16 0 60 64 45 26 21 68 0 0 0 90 66 35 0 18 22 40 0 2 0 65 16 36 0 6 73 19 0 58 34 11 31
 12 0 3 4 75 0 0 0 56 0 0 0 52 0 0 0 0 0 1 0 62 6 0 61 0 0 29 0 0 92 0 4 22 73 16 54 49 0 28 0 29 18 0 3 0 0 0 66 0 0 27 17 0 0 8 49 11 0 37 9 0 0 0 0 10 0 0 17 86 0 68 0 0 0 11 0 88 94 0 74 28 0 0 0 0 22 0 20 0 56 0 26 63 0 0 0 77 16 0 5 29 3 0 34 0 0 0 19 0 0 0 0 20 22 0 0 0 3 0 0 29 0 46 0 0 0 0 0 0 0 0 0 0 0 13 0 69 32 16 0 17 0 0 21 0 1 75 0 0 51 62 0 0 0 7 16 3 0 0 0 0 46 0 0 0 0 16 33 0 26 0 41 36 0 0 0 0 0 42 0 0 9 0 0 28 0 0 1 0 7 40 0 0 31 0 11 0 23 0 30
 0 0 63 3 6 0 26 0 64 0 13 0 30 0 0 0 0 10 38 0 0 0 51 30 0 0 3 0 0 0 0 0 58 0 80 1 0 79 53 0 0 0 0 1 0 0 13 64 54 0 0 4 0 2 0 0 0 0 16 57 0 0 0 0 24 0 28 38 39 0 10 30 0 0 0 0 0 19 1 0 79 65 12 0 0 21 0 27 0 0 0 0 37 26 21 22 43 24 0 0 7 0 0 0 0 0 0 40 7 0 0 0 20 19 0 0 0 0 0 0 10 0 42 0 0 0 0 0 0 2 0 0 16 0 0 0 0 0 0 0 16 0 0 0 0 0 0 18 0 10 26 14 0 58 0 14 0 0 0 0 0 15 0 0 0 49 9 0 14 0 14 66 63 2 23 0 0 15 30 0 0 16 10 0 33 9 0 0 6 0 67 0 4 76 24 0 0 0 11 0
 95 8 91 45 55 81 14 37 0 0 0 3 0 0 71 27 20 73 0 2 3 0 45 31 80 14 10 16 0 34 14 26 22 34 19 45 0 0 38 75 52 26 56 0 28 0 9 3 0 12 0 91 0 81 76 0 22 1 0 75 84 67 24 27 19 37 30 0 0 75 22 73 0 60 10 33 15 90 45 0 73 0 30 0 51 35 30 13 0 0 14 11 20 93 0 0 44 50 22 0 93 20 60 0 3 22 68 0 57 15 47 34 0 34 17 27 13 77 83 42 90 60 36 54 0 0 13 78 72 86 40 0 0 0 0 0 49 0 19 17 16 60 37 18 0 14 17 0 44 44 0 27 76 0 0 64 0 86 0 0 40 7 0 56 0 36 18 54 14 28 39 10 0 86 43 8 62 24 47 27 49 54 15 2 0 40 25 0 82 53 45 0 27 32 57 57 0 0 30 34
 18 35 54 13 17 61 0 0 9 0 0 7 87 0 19 0 52 0 73 0 49 28 70 10 77 3 56 0 3 58 0 0 13 0 48 42 32 30 12 46 0 0 0 0 15 0 37 32 86 2 47 12 0 34 50 82 0 0 12 0 19 0 69 0 0 0 0 0 70 0 33 40 0 0 0 15 0 51 56 57 17 89 71 0 52 55 42 44 0 56 0 0 29 0 0 0 11 67 0 0 73 28 0 25 0 0 63 72 0 0 0 0 0 14 0 2 0 71 0 0 0 9 0 3 64 0 63 21 0 30 0 28 0 0 1 0 71 0 18 84 42 0 0 30 0 24 49 3 9 21 53 33 16 0 0 0 0 0 0 0 0 0 0 0 0 56 54 10 0 94 2 59 15 0 64 22 0 21 0 10 0 0 0 1 82 41 0 0 55 49 13 0 0 0 49 0 64 37 77 11
 57 56 28 70 29 12 0 8 23 26 0 48 19 35 9 40 27 0 14 0 45 51 72 35 52 4 42 17 0 0 0 0 0 34 54 13 0 6 13 60 35 54 40 41 0 0 78 71 2 4 11 21 0 34 47 31 0 0 46 0 0 60 76 87 35 10 0 53 46 23 31 10 0 0 25 0 61 3 42 14 47 0 0 17 56 74 46 24 0 63 23 0 0 26 0 36 38 16 57 0 33 43 1 0 54 75 36 0 47 0 0 0 0 39 0 0 0 25 0 2 5 0 3 6 0 74 8 54 0 53 41 12 70 0 23 0 63 0 50 25 64 0 0 61 0 0 65 0 39 0 40 60 56 26 9 43 11 0 22 60 0 18 38 0 0 37 0 16 0 38 42 65 0 46 0 0 0 43 0 18 45 0 5 15 29 33 0 21 0 6 0 0 86 21 49 29 73 35 40 0
 0 92 75 52 4 63 0 0 32 0 36 0 15 47 16 0 0 0 31 27 0 0 68 57 0 0 0 0 0 29 15 13 8 37 40 45 0 95 22 0 0 77 0 0 0 0 9 13 51 34 2 88 0 27 2 5 0 0 0 48 0 0 76 0 0 23 0 47 0 0 71 43 0 0 0 39 37 15 42 0 0 14 10 10 0 12 84 20 0 0 0 0 72 0 13 0 17 65 0 0 43 87 0 0 60 7 63 44 23 0 0 15 22 86 0 5 0 0 0 23 0 23 44 0 15 0 41 12 29 0 4 21 0 0 0 0 16 59 61 61 0 0 0 47 0 0 15 0 0 39 55 0 60 18 0 0 0 0 0 0 0 17 24 0 12 0 31 46 0 1 0 0 51 0 0 0 0 0 53 0 61 0 7 0 75 20 0 26 41 31 45 0 0 49 53 0 72 2 16 25
 0 67 44 32 1 45 7 0 1 0 0 5 23 49 42 22 38 0 6 38 34 55 15 50 54 56 88 1 14 37 0 0 0 0 40 47 29 0 52 24 36 43 8 36 0 11 70 72 68 49 31 0 0 0 82 22 4 0 2 29 0 7 9 57 14 58 0 27 50 1 67 0 21 64 47 0 0 3 42 52 46 29 93 66 59 46 69 46 40 71 0 33 45 37 79 76 0 50 74 57 51 16 36 0 1 55 23 0 0 4 0 4 81 56 0 18 43 64 12 55 30 0 0 50 52 41 0 0 18 0 56 1 68 33 68 0 57 38 74 43 24 24 16 78 72 0 73 73 24 80 0 0 0 61 22 68 24 54 82 88 0 57 0 41 0 0 62 63 0 1 52 28 26 0 18 67 19 73 3 23 5 0 0 17 30 43 16 0 16 24 81 0 57 36 20 0 32 0 7 89
 0 0 40 58 61 0 0 0 0 34 42 0 0 19 0 19 0 0 55 0 84 0 64 17 21 0 0 28 1 0 0 0 13 0 53 63 0 0 0 8 0 0 8 0 0 0 19 74 53 0 0 82 0 32 0 89 0 27 36 76 10 26 85 0 22 0 29 57 41 0 0 34 0 2 0 0 3 17 17 0 31 3 0 0 0 63 0 0 0 0 18 0 64 0 0 0 38 17 0 0 67 24 0 0 0 0 0 0 28 0 0 0 0 18 0 0 3 0 0 22 0 0 73 28 6 0 8 0 0 0 16 0 0 0 0 0 0 49 46 0 0 0 0 8 0 11 0 0 8 29 0 46 0 65 0 0 0 0 0 0 0 0 0 0 16 73 0 0 25 43 25 48 66 0 0 0 22 0 0 0 13 5 0 0 0 0 0 30 12 68 57 7 11 26 62 0 0 10 2 55
 17 0 0 6 0 0 17 0 0 0 0 0 0 0 0 0 0 0 0 0 0 0 0 0 0 0 0 0 0 0 0 0 0 0 5 24 0 0 0 16 0 0 0 0 0 0 0 0 0 21 15 0 0 0 0 0 0 0 0 0 0 0 0 0 0 0 17 0 0 5 0 3 7 0 0 8 76 0 0 0 0 0 0 0 0 0 0 0 0 5 0 0 12 0 15 0 0 0 0 0 0 22 0 0 0 0 0 0 19 31 0 0 8 0 0 2 0 0 0 0 0 0 0 0 0 0 0 0 0 0 29 9 7 16 0 0 0 0 8 0 0 0 0 0 0 25 0 0 0 0 18 0 0 35 0 0 0 0 0 0 0 0 0 0 16 0 32 0 0 0 0 0 0 12 0 0 0 0 45 0 0 17 25 0 0 0 0 0 0 29 0 0 0 0 13 0 0 0 0 0
 0 0 42 82 76 0 0 0 61 0 16 17 73 68 0 0 0 4 0 21 0 35 36 0 0 0 0 0 0 15 0 0 47 0 46 0 63 6 0 0 0 0 0 0 4 0 55 57 50 0 0 0 0 0 42 0 0 0 59 0 10 0 0 0 0 0 0 81 33 0 0 75 0 0 0 0 64 0 0 0 24 55 0 0 0 0 0 38 0 0 0 0 0 0 20 0 51 6 0 0 14 2 13 0 0 0 0 55 0 0 0 0 26 0 0 0 1 14 0 0 0 0 37 6 0 24 82 13 0 0 82 0 0 0 0 0 0 0 0 0 0 12 0 0 0 0 0 0 0 51 1 1 59 0 0 14 0 0 0 0 0 0 26 0 0 13 18 0 0 36 0 0 9 0 0 0 12 40 0 0 41 0 0 0 0 0 0 0 21 8 17 0 0 43 16 0 4 0 8 21
 0 0 24 0 58 0 36 0 0 9 24 1 34 62 0 0 10 0 2 4 34 22 61 14 3 0 0 0 0 0 0 7 55 0 73 0 10 36 42 0 3 0 23 0 0 0 33 51 17 0 0 69 0 0 93 0 0 0 21 39 0 0 18 2 17 0 0 0 77 0 0 56 0 10 0 36 38 48 20 5 5 0 0 0 0 0 0 0 0 0 0 0 5 0 0 0 50 17 7 0 81 79 0 0 0 0 0 15 12 0 0 0 0 27 0 54 0 0 0 0 0 0 0 0 0 12 82 0 0 25 29 0 0 0 0 0 66 2 69 0 18 0 0 0 0 0 0 0 0 69 0 62 49 0 0 26 0 0 0 0 0 0 0 11 11 39 35 0 0 0 0 17 58 0 31 0 0 0 0 0 58 0 0 0 6 12 0 0 41 0 0 0 0 94 55 0 0 55 0 43
 0 0 0 0 70 0 0 0 71 0 35 0 10 27 1 29 0 0 61 0 5 0 1 25 0 17 0 0 0 28 0 0 0 0 81 0 45 29 43 0 17 0 0 0 0 0 7 13 39 0 0 0 0 0 0 36 5 0 29 38 0 0 82 0 0 0 0 0 34 0 0 10 0 0 0 20 24 5 40 8 4 61 0 0 0 0 0 65 0 0 0 0 0 0 0 0 65 45 6 0 35 0 17 0 0 0 2 62 0 0 0 0 3 0 0 0 0 11 0 20 0 26 18 0 0 0 0 0 6 0 0 0 0 0 1 0 7 10 45 0 0 28 0 0 0 0 0 0 24 39 0 0 6 0 0 0 35 22 0 0 0 0 0 0 4 85 73 0 0 0 28 96 7 0 9 0 0 17 0 0 87 0 0 0 0 0 0 46 6 70 62 0 0 0 1 0 22 0 0 0
 11 59 47 0 32 26 0 0 24 0 0 88 40 2 18 0 20 0 15 0 43 83 0 0 65 31 84 1 3 76 0 0 4 0 37 83 7 19 78 0 0 64 0 33 0 0 62 26 0 73 0 66 0 50 0 29 8 0 58 99 20 44 2 62 0 21 49 46 0 55 28 0 0 0 71 18 68 45 73 30 0 23 13 43 15 0 16 21 0 46 31 0 15 0 45 69 56 0 0 0 29 0 75 0 8 18 0 3 34 0 0 0 0 0 0 59 0 85 15 10 22 10 73 65 0 29 69 71 0 47 16 0 36 61 1 0 48 39 0 46 0 0 0 0 19 0 7 0 62 26 75 56 0 0 0 18 14 0 25 1 22 24 16 74 0 49 24 0 0 54 17 28 55 23 50 58 0 11 51 9 41 0 0 0 5 21 0 17 31 46 22 0 59 16 13 0 68 41 43 24
 38 32 53 25 83 1 0 0 1 52 29 0 49 65 18 20 37 0 0 0 32 82 41 11 20 0 56 0 0 85 10 13 35 0 74 85 44 0 89 18 1 0 34 79 0 0 8 22 80 0 0 47 0 0 8 0 45 2 20 38 0 54 0 63 46 44 13 45 27 7 0 40 0 0 47 3 47 52 20 47 32 21 59 24 2 1 30 8 79 43 76 0 6 64 56 72 0 0 34 0 67 20 60 0 27 31 0 46 0 0 9 0 71 49 0 26 17 18 19 0 60 0 16 6 0 67 0 91 0 75 40 0 72 88 22 0 44 44 69 55 12 50 0 0 25 0 0 0 61 54 15 15 0 58 0 79 0 0 52 78 0 0 0 0 0 33 20 56 0 16 0 11 5 0 74 41 2 16 77 60 0 0 0 0 79 0 0 0 0 42 69 0 26 63 7 0 59 10 0 49
 0 0 48 43 38 38 0 9 45 0 47 0 12 60 0 22 0 0 29 0 44 0 0 24 0 23 0 0 0 47 15 0 70 0 0 25 35 0 15 0 0 72 11 0 33 0 0 0 40 0 0 72 0 0 24 67 0 30 0 20 0 0 16 0 0 0 0 15 6 11 3 83 0 0 0 0 12 15 12 0 64 27 9 0 10 0 22 47 0 0 0 0 54 0 0 7 0 85 0 0 3 54 0 0 0 0 0 45 0 33 0 0 76 43 0 0 0 72 0 0 0 0 71 0 0 9 0 77 0 0 40 0 0 0 0 0 0 20 76 11 60 2 5 0 0 0 19 0 0 0 47 47 0 23 0 0 0 17 0 0 16 0 0 20 0 20 0 0 7 0 14 21 94 3 0 0 0 30 0 13 20 0 0 0 23 0 0 14 72 0 0 0 0 33 12 0 0 96 0 78
 0 76 62 32 0 90 13 0 21 0 43 0 0 61 0 0 66 0 33 0 26 5 40 70 0 0 0 47 6 67 0 0 67 12 55 6 21 7 22 28 21 66 0 0 12 0 60 17 0 0 24 31 0 66 89 10 0 0 12 13 0 0 11 0 0 0 0 0 0 0 80 45 0 0 76 0 50 16 59 4 76 69 0 7 6 32 20 0 0 76 0 0 24 13 20 0 47 46 0 0 50 0 0 0 26 0 53 24 81 0 0 0 18 67 0 16 0 30 0 0 0 35 0 26 77 32 58 0 0 66 24 9 35 1 9 0 30 28 21 82 36 0 0 61 0 3 51 8 5 86 1 44 13 0 0 0 3 2 0 0 9 39 0 0 0 66 65 3 8 9 69 7 48 0 54 63 0 86 16 0 0 0 1 0 34 0 0 34 32 0 59 0 2 35 74 0 73 0 1 0
 58 24 48 77 0 42 47 54 34 19 0 49 58 27 6 0 8 51 10 0 22 0 0 39 62 76 68 28 53 64 52 92 26 23 71 23 9 90 39 7 20 78 46 10 48 9 42 65 0 46 4 77 0 68 53 59 7 66 6 77 33 19 50 20 63 39 85 56 0 50 0 18 7 79 4 60 73 7 52 38 0 28 20 0 39 0 25 10 15 0 59 0 51 19 23 15 84 54 27 35 20 65 76 0 5 0 31 56 55 4 21 0 46 56 0 55 78 79 0 60 91 31 23 0 52 3 41 0 34 0 48 0 0 56 53 70 0 0 5 53 56 49 85 57 0 0 16 0 54 94 65 6 0 69 51 3 0 64 50 0 35 54 9 40 2 52 85 73 0 3 0 6 6 29 37 4 56 54 21 0 35 50 10 30 0 0 73 0 38 59 0 0 33 3 91 0 27 66 0 58
 0 0 65 0 28 12 0 0 3 0 8 0 37 37 0 0 0 0 16 0 42 0 0 0 18 0 25 73 0 39 0 0 80 0 59 61 0 37 55 0 0 6 0 0 0 12 70 12 34 0 0 9 0 0 53 28 5 31 76 33 1 0 57 9 0 13 0 90 83 0 0 61 0 0 26 0 58 23 0 58 8 23 0 7 0 36 77 0 0 0 0 0 33 0 0 0 0 50 0 0 42 0 0 0 0 0 0 59 0 0 0 0 14 0 0 12 0 4 0 0 0 0 23 0 0 0 74 15 0 0 52 0 0 0 0 0 37 89 37 20 7 0 24 0 0 0 0 0 24 36 38 19 0 0 1 0 8 0 3 0 0 0 0 0 0 0 1 0 0 31 0 61 26 15 0 0 0 16 0 2 0 35 6 0 69 0 0 3 26 11 36 0 0 11 41 0 0 0 0 14
 55 0 35 0 45 5 0 0 20 9 0 0 0 42 56 0 71 0 7 0 0 56 83 0 0 55 24 45 59 16 0 0 71 68 0 58 50 4 30 11 0 54 0 86 0 0 17 67 62 21 59 56 23 83 54 20 19 0 67 13 0 22 0 90 32 87 49 50 64 55 38 83 0 95 50 49 0 0 0 49 46 0 51 23 6 91 40 38 72 0 30 0 0 85 37 0 0 0 8 0 0 0 60 0 21 0 8 9 56 81 0 0 19 0 0 41 32 78 77 0 0 10 71 22 81 30 43 0 0 32 0 28 0 16 68 0 71 21 63 92 64 27 88 13 0 3 44 0 56 19 79 58 0 13 0 20 34 70 0 0 0 0 72 54 0 0 66 40 0 39 22 50 61 0 46 4 0 23 33 0 34 0 0 0 0 0 0 23 19 0 51 8 13 12 0 22 48 29 31 0
 0 46 22 56 0 55 0 0 53 0 40 66 6 0 2 0 24 0 24 0 0 0 90 66 0 0 1 15 0 10 0 0 27 39 57 0 0 4 5 80 0 73 0 0 26 0 0 19 20 0 28 7 0 57 9 48 0 0 31 0 0 5 61 24 0 0 35 0 0 0 0 0 0 0 0 35 53 26 67 10 44 0 37 0 0 41 40 62 0 35 0 0 78 0 49 0 30 52 0 78 48 27 11 0 55 0 51 85 0 25 27 0 86 50 0 59 0 32 32 0 6 0 70 0 29 69 63 44 0 6 50 0 0 0 79 0 0 48 48 73 0 0 0 72 0 0 0 0 0 30 42 32 71 31 0 0 31 0 83 1 0 0 18 0 0 61 50 90 0 8 58 11 11 0 55 52 0 14 56 0 7 0 0 0 58 19 0 9 43 0 65 0 0 0 27 0 6 57 56 62
 0 0 0 0 0 2 0 0 0 0 0 0 0 0 13 0 0 11 0 0 0 13 0 5 9 0 0 0 0 0 24 0 0 0 61 10 8 0 0 0 0 2 18 0 0 0 0 22 0 6 0 0 0 0 0 0 0 0 0 7 0 0 0 2 0 0 0 0 0 0 0 0 0 0 0 0 0 10 0 0 7 0 0 0 0 0 0 0 0 0 0 8 0 0 0 0 12 0 0 0 20 0 0 0 16 37 0 0 0 0 0 0 0 0 0 0 27 0 0 0 0 0 17 0 0 38 0 0 0 0 0 0 0 7 0 0 0 0 0 0 0 0 0 4 0 0 0 0 0 0 0 16 0 15 0 10 13 2 0 0 20 0 0 0 0 0 0 0 0 8 0 0 0 8 5 15 0 0 0 0 0 6 18 0 0 0 20 0 0 0 0 0 0 0 0 3 0 0 0 3
 0 10 40 45 0 0 5 8 39 0 35 0 36 0 0 0 0 0 60 0 0 0 47 11 0 0 17 45 0 0 0 0 53 0 0 24 17 0 0 0 0 40 0 0 0 0 38 62 42 0 0 56 39 0 42 21 6 0 36 20 0 0 0 20 0 0 0 46 76 0 0 62 0 0 0 0 10 50 29 64 30 48 0 0 0 8 0 10 13 0 0 0 17 0 0 0 73 66 0 29 0 0 9 0 0 0 0 21 0 0 0 0 58 36 0 0 0 62 0 0 0 0 41 0 0 18 78 0 0 0 0 31 0 0 0 24 49 0 0 72 23 0 0 0 0 0 0 0 0 4 0 55 61 3 0 0 17 0 0 0 0 0 0 0 0 12 0 0 0 0 0 24 0 0 0 0 2 41 0 0 4 0 3 0 46 0 0 82 47 58 11 32 0 2 28 0 0 26 37 38
 0 0 0 0 0 0 0 0 61 0 61 0 44 19 7 0 0 0 0 0 0 0 0 0 0 0 7 8 0 0 4 0 65 0 21 7 44 0 12 0 0 8 0 0 0 0 20 30 79 0 0 7 0 0 0 0 0 0 35 29 0 0 0 0 0 0 0 0 0 3 0 41 0 0 0 0 75 0 0 0 11 19 0 0 13 0 0 38 0 21 0 0 54 0 0 0 0 43 0 0 19 0 0 4 0 8 0 18 23 0 0 0 0 35 19 0 0 0 0 0 1 0 15 0 0 0 64 0 20 7 0 0 0 0 27 9 0 8 0 0 22 0 0 0 0 0 0 0 0 0 0 0 64 38 0 0 0 0 0 0 0 0 21 0 0 0 10 0 15 0 10 78 0 0 0 0 0 57 0 0 0 7 0 0 12 0 0 0 44 0 50 0 0 61 1 0 0 68 0 0
 0 0 39 9 0 6 0 0 0 0 0 0 39 88 0 0 0 0 0 13 0 0 21 0 0 0 0 0 0 0 0 0 25 7 9 0 21 0 0 0 0 0 1 0 0 0 6 40 0 0 7 36 0 0 53 0 0 0 52 76 0 12 0 0 0 2 0 28 0 26 0 0 0 0 0 0 54 3 0 11 0 86 0 0 0 0 0 15 0 0 0 0 0 0 7 14 0 22 0 0 39 3 0 0 0 0 1 40 27 0 0 0 0 66 0 32 0 12 0 0 0 0 0 0 0 5 73 0 9 8 27 0 0 0 0 23 2 20 0 0 0 16 17 6 0 4 14 7 0 45 0 0 0 82 7 0 9 0 25 0 0 14 0 0 0 0 0 0 0 12 0 7 0 0 0 17 0 28 51 0 0 0 0 0 0 0 0 0 70 0 40 0 0 86 44 0 0 4 0 0
 0 18 31 16 0 0 0 0 0 0 24 14 0 0 0 0 0 0 19 0 0 0 0 18 0 0 0 0 4 0 0 0 0 0 32 0 0 2 0 0 0 0 0 0 0 15 0 0 0 0 0 0 0 14 0 0 20 0 0 18 0 0 10 4 0 0 6 0 0 0 0 0 0 1 0 0 0 0 0 0 0 0 13 0 2 0 38 0 0 12 0 0 0 4 0 0 0 0 5 0 0 0 0 0 0 0 0 0 8 0 0 0 3 17 0 0 5 0 0 0 0 2 6 0 10 0 0 0 0 5 0 28 7 0 0 0 0 0 13 4 2 12 0 0 1 0 10 0 0 0 0 0 0 0 0 0 0 6 0 16 0 0 0 0 0 0 49 0 0 0 0 10 12 8 0 0 0 0 0 32 12 8 0 15 0 0 0 13 34 0 0 21 0 0 34 31 0 0 0 0
 5 31 49 57 37 69 0 0 44 22 80 72 67 68 24 33 29 0 0 0 9 49 60 26 17 8 13 0 27 0 5 0 53 54 19 0 29 2 0 73 0 13 43 22 0 0 0 3 78 75 20 76 7 0 11 75 48 0 19 40 0 79 72 39 54 68 8 44 7 0 0 17 0 37 19 24 15 23 65 65 45 46 8 49 26 1 45 3 93 32 53 66 0 0 70 3 0 40 25 8 45 0 36 7 0 69 9 54 14 0 0 16 17 36 33 63 59 24 59 0 75 0 72 36 66 0 70 55 0 0 71 11 43 0 55 0 29 6 37 65 25 42 57 75 57 0 0 48 15 25 59 35 0 17 0 65 15 29 0 7 0 0 6 54 17 0 0 23 0 37 0 65 19 0 1 0 0 75 4 20 17 0 0 0 43 17 0 15 79 17 0 0 10 6 68 0 76 0 75 14
 0 0 0 87 26 0 8 0 7 0 79 0 87 0 0 0 0 0 0 0 33 0 0 52 0 0 0 51 3 24 0 25 18 78 54 0 61 14 80 0 0 16 0 0 0 16 0 69 32 0 3 82 0 54 0 62 0 7 4 0 0 0 44 3 0 18 3 48 23 0 40 81 0 8 35 0 69 28 0 2 0 16 6 0 0 0 8 15 0 6 0 0 9 0 0 24 81 70 0 0 0 56 0 0 0 0 83 0 53 0 0 0 16 50 0 0 0 0 0 0 0 0 72 0 58 25 38 63 24 0 0 0 8 0 29 0 49 84 0 0 80 0 0 2 17 0 46 0 30 0 21 71 33 84 0 0 0 0 6 0 0 26 0 0 0 28 6 34 0 84 0 60 0 0 14 0 0 69 46 0 19 0 0 0 53 27 14 15 89 66 70 3 0 0 0 0 17 48 16 0
 0 24 44 47 70 94 0 0 74 0 89 0 67 21 0 0 47 0 72 0 36 60 0 54 45 0 51 48 0 81 0 0 9 79 73 73 73 59 0 63 0 42 11 0 0 0 65 40 24 0 36 93 0 24 36 50 2 0 62 12 0 0 40 0 0 0 18 72 0 0 0 48 7 11 0 3 50 69 0 70 0 55 15 0 42 31 48 0 0 62 18 0 38 8 71 0 0 51 14 6 0 0 0 0 7 0 74 14 0 0 0 0 87 54 0 0 0 0 0 0 0 0 9 0 7 29 0 57 0 0 53 11 55 0 59 0 96 9 16 58 0 0 1 20 0 1 0 0 0 0 0 41 0 76 0 58 0 0 0 24 0 0 0 0 0 0 71 40 0 0 6 38 38 10 82 0 0 35 7 0 68 0 0 0 6 53 24 16 88 0 17 0 0 0 59 0 75 23 14 32
 43 28 13 73 5 0 0 0 51 7 98 89 9 0 61 37 35 0 14 35 0 36 45 0 23 5 8 7 53 10 0 0 77 58 34 2 0 54 50 26 0 86 0 38 2 0 19 61 51 0 13 41 1 2 10 19 29 0 0 94 0 36 46 1 30 51 68 13 53 33 0 53 0 40 0 55 90 38 10 34 9 15 59 21 11 42 77 0 55 47 73 59 58 78 9 91 74 44 57 21 0 0 59 12 13 0 6 85 54 48 12 0 0 49 0 71 66 29 10 0 38 14 90 57 0 0 0 0 21 19 63 0 47 62 40 0 14 17 18 39 0 32 27 0 0 0 57 0 21 0 54 52 56 0 0 75 52 0 37 0 0 0 13 28 0 13 14 10 2 3 8 51 36 59 12 13 0 41 0 59 33 0 0 0 43 71 31 85 20 3 34 0 62 0 95 0 12 16 64 50
 0 44 0 65 0 68 0 2 37 0 70 37 0 9 0 3 93 0 0 0 35 85 9 63 39 0 21 55 0 72 0 14 13 41 53 3 3 59 0 0 2 73 0 0 0 0 63 81 0 0 29 28 0 58 5 0 0 0 15 4 8 0 1 79 0 0 13 25 0 13 52 56 2 0 17 72 13 66 87 0 0 72 67 15 3 44 15 48 0 0 0 0 24 0 58 0 0 77 0 22 47 51 0 0 2 16 13 50 15 0 0 0 33 59 18 0 0 72 0 14 0 0 0 0 12 79 68 70 0 3 7 1 87 0 4 0 40 43 20 45 11 0 0 28 37 0 0 3 0 20 83 68 0 8 22 0 47 0 0 8 0 24 0 0 0 13 18 2 0 57 31 0 86 3 0 59 23 26 0 0 18 0 0 0 65 55 0 55 0 37 47 21 7 24 8 23 31 12 20 30
 65 21 0 7 0 29 28 0 21 56 50 0 0 0 73 8 10 0 56 0 0 75 73 54 77 40 42 71 0 34 0 28 51 0 16 0 40 48 40 89 3 46 40 47 0 0 0 65 11 0 89 90 6 73 53 4 0 0 51 49 8 0 0 62 0 0 0 0 0 19 52 40 0 17 19 27 79 31 68 21 55 34 29 0 18 11 12 48 0 0 0 0 63 93 3 0 0 70 7 55 26 33 4 12 66 15 0 32 61 11 0 0 14 0 7 13 0 0 19 0 42 0 99 0 21 47 0 4 0 64 52 16 55 0 17 0 55 84 60 61 49 0 0 48 38 20 43 10 0 70 41 10 43 0 0 61 0 12 0 0 23 13 74 0 9 71 11 0 2 65 27 0 0 26 30 27 28 9 50 32 0 0 1 0 5 34 0 17 56 28 71 0 13 47 27 0 89 44 2 0
 28 20 54 0 0 67 0 78 53 14 5 45 63 53 57 85 7 25 19 0 48 14 18 57 67 18 0 87 35 39 0 79 0 54 55 18 21 0 56 62 11 0 19 24 0 56 57 2 67 65 37 4 13 47 65 18 7 0 51 32 0 14 46 45 51 0 56 32 88 25 70 58 6 0 8 82 32 84 0 41 59 40 7 7 0 28 1 23 28 0 3 66 2 0 53 26 36 64 0 16 8 55 17 0 29 14 0 42 36 0 0 7 0 44 22 83 0 0 68 0 1 13 76 46 65 4 23 16 1 54 27 0 46 31 38 67 67 21 26 38 74 0 75 0 0 0 66 9 18 0 4 49 62 19 2 54 46 36 19 0 0 57 4 23 10 0 51 31 0 62 13 86 33 0 70 60 63 32 63 43 0 46 0 0 29 80 84 0 69 39 5 5 0 21 13 0 37 62 65 0
 0 0 83 63 0 0 5 0 72 0 14 0 59 0 17 0 0 0 26 0 37 0 66 28 0 0 1 35 0 46 0 18 78 21 0 4 56 76 80 0 0 87 26 0 0 0 32 0 68 0 0 0 0 51 6 0 0 0 67 73 0 0 65 0 0 0 0 42 30 0 0 0 0 2 0 0 14 71 57 48 63 8 0 0 0 0 78 81 0 0 0 0 0 0 0 0 28 66 0 0 91 45 0 0 11 0 0 9 0 0 0 0 64 94 0 28 0 48 12 0 0 0 0 0 0 0 83 55 0 0 0 0 2 0 0 0 87 10 33 19 2 0 16 64 0 0 9 4 7 23 73 51 0 35 5 0 11 38 0 0 0 0 0 0 16 45 0 0 0 78 0 44 34 0 0 0 0 0 78 0 26 0 0 0 7 0 0 0 42 0 17 29 0 54 10 0 0 37 1 17
 0 74 19 0 34 1 0 0 3 0 33 67 44 0 0 0 0 6 0 0 4 39 43 76 10 0 46 17 0 43 0 0 29 0 20 0 18 0 78 67 9 0 0 0 0 0 14 33 12 0 0 40 0 0 11 0 0 0 0 2 0 38 65 56 0 28 74 29 50 9 68 0 12 0 51 90 51 0 66 24 51 51 0 0 36 0 0 88 0 19 0 0 6 0 55 0 0 26 0 61 0 47 0 16 0 0 66 0 32 7 0 0 96 86 0 54 0 79 76 0 0 0 58 0 17 51 24 27 0 3 69 3 26 0 0 34 50 52 0 1 32 0 35 67 88 0 77 0 0 65 18 0 35 4 0 32 33 0 6 0 0 90 0 1 0 34 0 0 0 65 0 29 37 0 66 45 0 44 0 11 77 0 0 0 70 62 0 58 51 22 3 0 18 52 19 0 83 66 16 0
 0 63 69 1 37 60 0 0 51 0 57 0 51 23 0 10 14 0 31 10 71 7 0 0 50 0 51 0 0 37 0 0 61 48 61 55 38 66 35 70 0 7 0 0 0 0 43 8 60 0 33 0 13 6 0 0 0 0 28 55 0 0 38 79 0 0 0 23 26 3 16 56 0 0 0 22 1 15 0 0 52 56 15 0 35 0 59 74 0 79 0 0 0 0 11 0 32 67 60 61 0 42 20 0 63 68 39 43 45 0 0 0 49 48 0 88 0 12 0 12 0 0 0 0 21 20 52 14 0 22 38 0 28 17 50 0 15 59 62 0 32 0 1 0 52 0 61 0 27 86 9 59 30 65 0 56 72 0 57 15 0 59 0 0 0 15 32 60 0 16 57 0 81 0 33 4 0 30 42 0 0 0 0 0 54 66 0 47 2 40 18 0 19 72 26 0 57 35 66 0
 19 0 24 95 85 60 92 0 36 43 22 65 0 0 22 8 35 65 54 52 32 56 33 0 76 83 27 66 94 56 82 57 0 4 0 10 30 0 43 67 2 49 0 37 7 61 48 25 38 7 2 1 0 28 20 44 30 29 80 31 16 0 76 0 13 0 37 26 26 34 9 51 0 0 44 3 73 3 67 40 17 65 24 0 0 59 45 60 0 82 28 56 8 0 26 0 36 0 21 6 6 57 32 0 27 5 0 10 0 19 17 51 31 33 0 49 10 14 31 5 64 0 85 57 69 63 0 0 39 40 70 3 19 30 0 58 0 0 3 0 0 22 46 65 7 0 57 71 34 37 45 60 53 32 0 11 78 28 37 0 0 0 21 47 0 59 70 63 61 40 23 9 25 0 35 32 43 93 8 36 71 34 0 36 0 20 22 11 0 20 45 0 55 56 93 0 25 21 10 0
 0 0 0 0 68 0 3 0 48 0 16 8 30 5 5 0 0 0 53 0 6 0 0 41 0 0 0 0 0 0 0 0 60 0 15 0 33 19 94 0 0 0 0 0 0 0 52 27 29 5 0 0 0 0 74 9 0 0 0 29 0 0 0 0 0 0 0 5 53 0 28 22 0 0 0 0 44 0 8 0 3 22 0 0 0 0 24 66 17 0 0 0 53 0 0 0 0 0 21 0 1 0 0 0 0 0 0 24 0 0 0 0 25 12 0 0 6 0 0 0 0 0 32 0 0 0 21 0 0 27 0 0 0 0 5 8 0 30 0 0 0 0 0 0 0 0 0 3 0 41 0 54 8 16 13 0 11 0 0 0 27 0 0 0 0 0 0 0 0 0 0 72 33 9 0 0 0 52 45 0 19 0 13 0 37 0 0 0 0 0 7 0 19 49 27 0 0 37 0 0
 0 0 0 0 0 0 0 0 0 0 0 27 0 0 0 0 0 0 0 0 0 0 0 0 0 0 0 0 0 0 12 0 9 0 0 0 0 0 0 0 0 1 0 0 0 12 0 0 0 0 0 0 0 0 0 0 8 0 0 0 23 11 0 0 0 0 0 0 0 0 0 13 0 0 0 8 0 0 0 0 0 0 0 0 0 0 0 0 0 0 0 0 0 0 0 0 13 6 28 0 0 0 0 0 0 0 0 0 0 0 0 0 5 0 9 0 0 0 16 0 0 0 0 0 0 0 0 0 0 0 0 0 0 0 0 0 22 0 0 0 0 0 0 5 0 0 0 0 0 7 4 0 6 0 33 0 0 0 0 0 0 34 8 0 0 24 0 30 0 0 0 0 0 0 0 0 0 29 0 0 0 0 0 0 0 0 0 0 0 0 0 0 0 0 15 0 7 0 0 0
 0 4 93 0 42 48 12 0 58 21 27 16 45 1 0 0 8 0 66 0 40 0 0 70 0 0 0 58 0 64 0 0 43 0 0 0 10 81 4 0 0 14 22 0 0 17 22 1 25 1 0 69 0 55 0 49 0 0 0 35 34 0 0 0 0 2 0 54 37 0 63 32 0 0 7 0 31 11 79 76 0 0 0 0 0 74 74 91 0 56 0 0 23 0 0 0 0 0 0 0 56 0 0 0 0 0 0 8 64 0 0 9 0 74 0 5 0 4 0 0 0 14 46 0 35 0 44 1 0 0 48 0 0 0 0 0 75 5 40 66 27 11 0 37 0 0 34 0 0 15 20 77 79 79 0 0 0 0 0 5 0 52 9 0 0 69 0 0 0 7 0 73 14 0 5 0 0 63 47 14 28 0 0 0 5 0 0 17 42 71 56 0 0 0 2 0 86 77 0 4
 45 0 62 52 31 20 94 31 1 93 33 58 75 59 22 34 88 17 0 43 0 5 5 21 23 47 56 0 0 41 0 75 54 17 54 74 0 43 24 0 76 66 49 46 25 0 73 82 0 19 66 54 0 5 11 76 75 7 0 11 60 53 73 13 17 26 0 47 34 34 12 0 11 44 24 45 42 14 51 93 51 3 54 9 67 48 29 73 0 36 0 72 39 74 0 38 27 93 70 20 83 10 0 0 64 34 9 48 52 9 23 67 1 9 0 91 7 0 0 0 23 30 25 4 31 0 79 71 56 53 0 0 18 29 51 6 0 32 49 73 5 44 20 0 0 77 34 90 41 18 73 0 35 79 78 87 37 0 30 0 80 21 7 42 0 53 44 9 0 16 91 63 84 17 53 77 5 5 0 29 26 0 40 24 40 11 7 44 38 0 33 0 40 0 42 0 83 0 0 39
 0 0 19 0 2 0 0 0 66 0 76 0 33 0 0 0 0 0 0 0 0 0 62 25 0 0 0 0 0 0 33 0 83 0 0 21 28 0 20 0 0 0 0 0 0 0 13 36 14 0 33 38 4 0 86 30 0 0 13 54 0 2 0 0 0 0 0 14 41 0 0 25 23 7 0 0 0 0 0 0 32 3 0 0 0 0 0 75 0 0 0 0 32 0 0 2 29 1 14 0 53 5 0 0 23 0 0 5 0 0 7 0 86 26 12 0 0 6 0 18 0 4 57 0 0 23 46 0 0 0 60 0 0 0 0 0 0 52 0 27 3 0 0 12 0 0 0 0 0 0 1 55 0 53 0 0 30 0 0 0 0 0 0 0 0 50 11 0 0 0 0 37 32 0 0 0 0 38 58 0 0 0 0 0 56 0 0 0 0 0 0 0 0 9 0 15 0 0 0 35
 0 36 39 27 60 51 15 14 28 0 0 0 0 64 0 0 24 12 32 26 11 8 65 55 48 1 58 57 9 22 0 0 0 43 0 51 82 8 45 7 0 33 0 0 0 0 0 57 74 0 73 0 0 32 0 9 0 0 0 9 0 0 64 28 0 7 0 48 0 2 74 0 20 0 54 32 0 40 32 64 26 90 36 0 89 29 0 28 0 0 4 2 24 16 20 0 35 83 0 0 72 0 0 0 0 0 45 51 21 7 5 0 89 24 0 29 0 39 0 0 0 0 6 32 21 80 49 0 0 22 0 0 0 0 3 0 0 69 40 33 0 0 24 0 0 9 5 0 0 35 83 0 37 52 14 66 0 0 0 0 0 64 0 0 0 75 38 7 0 12 0 19 58 0 73 20 0 0 0 0 83 0 14 0 45 31 0 28 7 33 11 2 0 80 64 10 8 80 0 49
 0 0 24 24 0 0 0 0 0 0 0 0 2 9 24 0 0 0 30 0 0 0 11 81 0 0 0 0 32 0 0 11 89 0 94 0 16 5 24 18 5 0 0 0 0 0 0 27 41 0 0 50 0 0 0 0 0 0 0 94 0 0 0 0 0 0 0 0 0 0 8 36 0 0 0 5 13 4 0 0 36 86 0 0 0 0 0 9 0 0 0 0 30 0 0 0 8 0 2 0 0 0 0 0 0 0 7 50 0 0 0 0 2 26 0 0 13 0 7 20 0 0 69 0 0 3 0 0 0 0 0 0 0 0 2 0 0 44 18 0 0 0 0 0 0 0 0 0 0 26 0 0 0 0 0 0 0 0 16 9 0 0 0 38 0 0 1 0 0 0 0 0 13 0 0 0 0 0 22 0 0 0 0 0 54 0 14 0 81 11 61 15 0 86 16 0 0 10 11 0
 0 0 0 0 0 0 0 0 10 0 0 0 0 0 0 0 1 0 0 0 9 0 0 5 0 0 0 0 0 0 17 0 0 38 40 5 2 5 0 0 0 0 0 0 0 0 2 0 0 0 0 20 0 3 0 0 11 12 2 0 0 1 0 0 14 0 0 21 0 0 1 0 0 0 8 0 0 0 0 29 8 0 0 0 0 0 15 15 0 12 35 0 0 0 21 0 22 0 0 29 0 0 0 0 0 0 0 0 0 13 0 12 0 33 0 0 0 17 0 0 0 8 0 10 0 0 29 0 0 0 0 20 0 3 0 0 0 24 0 0 0 0 0 0 0 0 0 0 0 30 25 30 10 0 0 6 0 0 0 32 0 0 0 0 0 0 10 0 0 0 0 0 0 0 23 0 0 0 0 11 0 0 0 20 0 0 0 0 0 0 0 0 0 0 0 0 0 3 0 0
 51 29 38 77 75 0 2 0 56 0 23 0 87 2 0 11 86 0 28 0 34 64 79 78 14 65 0 32 0 31 0 4 24 57 45 51 10 32 0 0 9 0 68 2 0 0 85 0 90 0 38 52 2 10 68 48 0 34 0 41 10 0 0 20 13 80 66 77 17 83 0 23 0 0 55 80 28 50 0 3 3 0 0 0 62 47 20 0 3 77 0 0 44 35 63 0 8 69 52 21 44 80 20 21 0 30 14 27 6 9 0 0 36 14 0 38 7 13 38 0 0 20 2 0 11 0 0 0 0 22 0 0 24 0 14 1 27 0 24 37 63 0 25 0 25 0 0 2 64 0 60 91 24 0 0 86 0 0 0 0 6 39 84 19 8 0 68 4 0 6 8 10 62 0 19 19 28 0 17 11 89 0 0 0 42 29 0 45 34 34 39 0 71 0 80 0 44 0 35 40
 0 0 0 19 0 51 0 0 0 0 72 31 50 34 0 0 0 27 65 0 35 0 29 54 0 0 25 64 6 10 10 0 28 0 0 46 0 0 0 0 13 0 0 0 0 0 26 88 70 18 0 24 0 63 46 78 0 21 77 0 1 0 79 10 23 0 0 12 32 0 21 17 3 0 92 0 90 0 9 75 80 64 0 0 70 24 39 10 0 43 0 1 55 0 0 0 60 3 0 15 49 47 0 0 0 23 13 78 58 8 35 22 0 49 0 21 5 2 0 14 13 0 41 0 54 0 0 56 0 13 0 0 0 5 2 0 77 7 60 0 0 0 0 21 0 0 56 0 0 0 61 37 20 89 0 0 0 0 10 0 0 49 0 0 0 14 14 0 0 23 0 57 0 0 0 0 0 27 8 28 26 0 0 0 0 0 0 2 19 0 62 0 0 0 2 0 56 81 0 62
 0 0 66 48 19 0 0 0 73 0 62 0 0 22 0 0 83 0 22 0 0 62 34 0 50 15 38 74 0 41 0 0 45 31 63 53 44 70 60 6 0 13 0 0 5 10 5 60 33 0 10 38 0 23 0 45 0 0 69 8 0 0 35 18 0 0 9 42 15 0 0 68 0 0 69 0 94 15 50 49 4 4 0 0 33 67 14 0 0 64 0 0 4 0 74 0 0 55 0 0 8 1 2 25 27 0 73 0 44 0 0 0 0 34 0 27 0 66 4 0 6 0 76 0 36 0 27 65 17 38 11 0 0 2 55 0 68 83 25 4 55 0 0 2 0 0 42 0 0 0 1 6 0 35 28 66 5 0 0 0 0 98 0 0 0 69 76 2 0 5 0 20 90 0 13 0 0 14 2 0 43 20 20 1 43 30 0 51 50 6 66 0 0 52 53 26 5 62 46 67
 96 61 9 76 16 0 0 38 3 26 0 0 9 46 0 16 44 0 44 33 0 8 0 0 0 17 0 33 23 27 0 10 37 49 88 47 4 91 7 61 0 34 17 13 9 17 26 46 12 71 10 64 0 45 56 34 32 0 78 46 0 39 2 80 0 56 69 0 46 10 39 42 19 78 33 2 59 0 54 49 61 0 20 9 0 70 27 26 17 0 24 8 0 56 0 67 0 0 24 53 92 55 39 5 28 0 34 12 0 8 6 0 6 16 0 0 0 48 0 0 38 0 6 0 11 40 45 52 76 58 76 0 12 55 31 0 0 26 0 17 32 33 0 45 19 0 49 28 57 42 0 1 11 30 62 8 5 89 0 0 0 88 40 11 0 31 44 77 0 36 62 7 28 0 18 31 0 74 28 15 10 0 0 0 21 45 0 7 39 52 23 23 9 75 55 0 26 0 70 60
 0 0 0 0 0 0 0 15 0 0 60 0 8 0 0 0 0 0 5 0 0 0 0 0 0 0 0 0 0 10 0 0 88 0 84 0 21 1 0 0 0 0 0 0 18 0 24 22 74 0 0 46 0 0 21 0 0 0 25 78 0 0 0 17 0 0 0 0 1 0 0 62 0 6 0 7 47 0 5 0 56 36 0 19 11 2 0 0 0 0 23 1 56 0 0 0 0 31 0 0 0 0 0 0 0 0 0 50 0 0 0 0 73 0 0 15 32 0 2 0 0 0 30 3 24 5 11 0 1 16 0 0 0 0 10 0 11 36 0 6 0 0 0 0 0 0 0 0 0 62 0 0 0 9 0 0 0 0 0 0 0 4 0 0 0 0 0 0 0 0 23 1 9 7 0 0 0 0 77 30 0 0 11 0 41 0 0 0 78 0 52 0 0 30 1 3 13 63 0 0
 0 0 1 0 0 0 14 0 0 7 0 0 0 0 0 20 0 19 0 0 0 0 0 0 0 15 3 0 0 0 0 12 0 22 8 0 0 0 0 0 0 0 0 0 0 23 0 0 0 0 0 0 0 2 5 0 0 0 0 0 26 0 34 0 0 0 0 0 0 0 0 0 0 0 0 0 0 0 0 0 0 0 0 0 0 3 3 28 11 0 0 0 6 0 0 15 0 0 28 0 3 0 0 0 0 24 0 0 1 0 0 4 15 0 7 0 13 0 0 0 0 0 0 0 0 0 0 21 0 0 0 0 3 3 0 0 1 0 0 4 7 0 0 15 0 0 3 0 0 9 11 8 0 12 0 0 0 3 14 0 0 0 1 0 0 0 51 0 16 0 31 0 80 0 0 0 0 0 0 0 13 0 0 0 0 0 0 0 6 0 0 8 0 0 8 0 11 0 10 0
 18 2 7 59 95 73 0 25 0 5 6 30 36 28 7 0 0 0 26 0 0 28 0 0 0 12 14 66 10 53 1 0 20 36 9 0 11 0 0 0 0 33 25 5 0 0 36 42 65 0 8 78 0 67 44 0 0 0 17 80 0 0 27 0 0 26 34 44 6 58 46 0 0 0 73 80 11 48 0 69 0 0 70 28 60 77 0 16 0 63 0 3 3 0 0 0 52 51 26 62 86 0 0 0 9 86 52 83 34 25 29 0 91 56 0 0 16 62 28 27 43 33 24 0 4 0 61 7 0 64 43 0 0 0 11 0 53 55 25 2 16 0 0 0 17 23 0 22 8 82 47 77 31 0 0 17 57 0 47 0 0 17 0 59 0 65 51 0 0 5 7 6 0 0 0 57 0 0 43 0 0 0 0 0 17 0 0 20 65 0 56 0 19 51 37 0 38 48 0 37
 0 0 81 0 0 0 0 0 19 0 26 0 56 79 0 0 0 25 35 0 0 0 2 0 0 4 0 0 0 0 0 0 0 6 9 18 0 53 40 0 0 0 3 0 0 19 31 62 59 1 19 81 0 0 23 0 0 0 23 6 0 0 0 0 8 1 0 39 12 0 0 12 26 0 7 0 71 0 34 0 70 33 0 0 0 24 5 41 2 0 0 0 4 0 0 0 0 27 0 0 57 0 0 0 0 0 0 48 0 0 0 0 44 0 2 0 2 0 0 0 0 0 75 0 0 0 78 0 0 23 15 0 15 0 0 0 0 52 0 0 0 0 5 0 15 0 7 0 0 74 0 9 65 0 0 0 0 0 0 23 12 0 0 10 0 0 51 0 0 16 0 28 24 0 0 0 0 27 0 0 0 0 0 5 75 0 0 0 0 0 0 20 0 0 80 13 0 7 0 17
 64 0 85 0 6 32 0 76 60 37 97 58 94 47 70 8 0 0 48 26 60 0 80 0 30 0 44 0 88 47 0 0 0 66 0 59 21 75 75 0 0 51 77 0 0 0 4 34 26 0 19 0 0 72 0 0 51 5 33 43 0 6 86 55 0 0 41 59 46 55 19 0 1 36 63 0 6 22 44 0 0 0 38 21 73 68 0 29 0 77 18 80 25 79 53 0 35 45 29 6 58 0 36 0 0 0 0 45 14 4 10 15 0 8 0 8 85 75 31 0 58 18 50 59 41 60 95 7 27 0 0 0 68 73 94 10 0 0 40 8 72 58 67 19 57 0 0 37 30 0 81 0 25 0 34 60 81 38 34 6 0 20 56 5 0 70 7 28 1 19 10 21 22 34 71 0 14 44 1 18 25 0 0 0 11 51 0 54 0 44 15 13 4 0 57 2 0 0 0 98
 27 22 12 13 64 0 0 57 51 57 56 0 46 64 0 57 44 0 41 55 9 0 12 14 0 1 0 0 12 65 3 29 42 0 13 0 10 8 0 0 84 14 73 65 50 6 58 69 54 49 23 24 11 10 0 73 0 21 87 96 69 0 25 34 54 0 71 32 20 56 35 80 52 60 22 22 1 0 0 0 0 62 25 19 0 10 88 85 25 16 47 37 63 40 2 61 43 46 47 0 3 17 0 0 0 0 58 63 0 44 59 67 0 3 0 59 28 31 74 55 87 0 71 55 82 0 6 36 0 1 0 0 17 0 0 47 20 0 8 29 64 2 45 69 0 0 0 2 71 0 0 47 92 46 64 68 68 55 34 0 20 69 41 33 14 0 52 4 0 15 0 23 10 15 32 0 52 0 24 49 17 64 0 0 7 20 13 0 46 82 26 0 39 32 64 0 11 80 36 0
 71 0 74 34 0 0 11 0 64 12 62 0 26 0 68 0 5 0 7 0 36 19 0 61 0 0 46 0 0 0 3 3 91 38 11 54 24 20 68 61 0 34 0 69 0 37 0 50 76 56 48 0 11 63 0 48 7 0 31 0 57 27 43 0 16 0 41 60 0 41 39 60 16 25 65 7 1 0 61 4 7 21 25 51 12 0 25 63 12 71 0 38 90 20 28 25 0 0 55 51 33 59 45 0 47 50 24 0 66 52 0 48 46 35 0 0 17 35 0 59 11 0 32 61 0 0 75 77 0 7 53 0 0 0 10 0 78 63 49 16 43 8 37 72 6 0 74 13 64 7 35 45 23 0 1 9 33 88 8 41 95 81 14 86 0 1 4 40 0 49 55 7 0 18 34 0 98 17 71 13 0 38 2 0 29 31 83 38 38 11 0 0 30 6 60 0 5 65 8 62
 0 0 11 0 0 0 0 0 0 0 48 0 0 0 1 0 0 0 0 0 0 0 0 20 7 0 0 0 0 7 0 22 0 0 5 0 0 0 9 2 0 0 0 0 0 0 0 2 0 0 0 49 0 3 3 0 0 0 0 0 0 1 0 0 0 0 0 0 21 0 0 0 0 0 11 0 54 0 0 1 0 0 0 0 0 0 5 27 7 0 0 0 0 6 7 8 0 0 0 0 0 20 0 0 0 0 0 0 0 7 0 0 0 13 0 0 21 0 0 0 0 0 0 0 0 0 0 0 0 0 0 20 0 0 0 0 9 28 23 0 6 0 0 0 0 12 0 8 0 20 0 0 37 70 0 0 0 0 0 0 0 0 0 0 7 0 31 0 0 0 0 0 62 0 12 0 0 0 10 0 0 0 0 0 0 0 0 21 20 8 0 0 0 12 48 0 0 0 0 3
 0 0 65 16 0 29 0 5 68 16 0 0 31 0 0 0 0 0 30 0 0 0 19 46 6 0 0 13 0 53 0 0 50 42 9 47 0 42 7 0 0 8 0 0 0 0 5 51 0 0 0 78 0 43 1 64 0 0 98 26 21 6 15 10 0 12 0 0 80 0 11 32 0 0 44 21 96 0 52 60 37 7 82 0 60 0 72 0 20 11 5 19 77 9 0 13 0 21 0 0 48 0 0 0 44 18 22 0 65 0 0 0 0 23 0 26 0 13 4 25 0 0 11 0 55 0 0 44 13 9 0 0 0 0 0 0 7 22 20 0 57 0 9 35 31 1 66 3 0 41 19 2 45 28 0 0 0 0 0 0 0 33 0 0 0 25 51 38 0 10 0 5 91 0 31 0 0 7 3 16 15 0 0 0 9 0 0 0 0 27 30 0 0 0 57 0 47 44 78 66
 35 35 54 22 0 0 0 0 42 0 64 39 29 0 17 51 12 0 26 74 73 64 51 73 12 69 8 0 14 25 5 90 32 0 0 14 46 40 30 0 0 3 8 29 0 0 54 55 86 0 1 27 0 0 24 28 72 0 16 41 0 19 0 0 17 7 23 11 79 0 0 47 84 8 0 59 50 0 42 18 68 0 70 0 0 0 27 68 31 81 66 0 0 13 31 67 55 48 12 0 0 18 37 11 45 43 65 61 52 36 8 0 0 51 0 71 70 11 48 18 0 8 65 4 24 24 0 0 0 10 40 0 28 30 66 0 2 35 49 40 65 72 55 40 17 0 38 11 10 0 48 35 20 32 30 0 0 0 14 71 0 12 52 53 0 16 2 66 0 28 36 0 41 71 37 50 23 31 46 18 37 54 0 0 8 9 0 57 17 0 12 0 44 20 0 0 9 57 27 0
 0 0 0 2 0 0 0 2 0 4 12 2 25 77 19 0 0 9 0 0 0 15 0 0 0 15 0 0 0 0 3 0 4 0 0 8 34 1 45 0 0 4 0 0 0 0 61 9 9 0 0 34 0 0 56 39 0 0 16 24 0 0 82 0 13 7 0 71 14 0 0 49 0 0 0 8 0 43 28 0 46 36 0 0 0 3 0 53 0 0 0 0 39 0 0 17 0 80 0 0 14 1 21 0 0 0 2 72 0 0 0 6 31 0 0 0 25 6 0 0 0 0 20 8 10 0 18 0 30 0 78 20 19 0 0 4 0 31 57 14 0 0 2 0 0 10 0 0 0 38 0 13 82 0 0 0 0 0 0 0 15 13 0 0 0 74 4 0 0 19 0 27 46 0 0 0 0 67 17 0 73 0 5 0 0 2 0 0 65 64 27 0 0 16 72 0 0 71 0 33
 32 0 19 0 0 0 0 21 0 0 0 24 0 0 0 0 0 0 0 0 3 11 0 0 0 0 0 0 0 0 0 0 0 0 21 0 0 0 0 5 0 0 0 0 0 17 0 0 0 0 0 1 0 0 1 9 0 0 0 9 0 0 0 0 0 0 7 0 0 0 0 0 0 0 0 0 30 0 0 3 0 0 0 0 0 0 17 0 0 0 0 0 0 0 0 17 0 0 0 0 0 0 0 0 16 0 0 10 0 4 23 0 0 0 0 0 0 0 0 0 0 31 0 0 0 0 4 0 0 12 0 0 0 26 0 0 0 0 0 0 0 0 24 0 0 0 0 0 0 52 0 0 0 0 0 0 0 0 8 0 0 0 0 0 17 26 21 0 0 14 0 0 21 0 0 0 0 0 0 0 18 10 0 0 0 28 0 0 0 0 0 0 2 0 5 0 0 0 0 24
 0 0 97 0 16 0 0 18 32 0 66 0 48 10 0 0 0 1 10 0 0 0 87 40 4 0 0 7 0 3 17 0 4 0 42 8 0 3 32 0 0 0 0 0 3 0 43 32 2 0 0 85 0 0 41 53 0 0 67 0 0 0 14 4 0 0 0 13 56 0 0 65 0 23 0 0 31 0 48 0 10 38 0 0 0 0 0 0 0 0 28 0 23 0 0 0 50 0 0 0 35 0 0 0 0 0 0 0 0 12 0 0 0 66 0 0 0 0 0 0 0 0 0 0 0 0 7 0 0 0 54 0 0 0 0 0 0 0 0 1 0 0 0 18 28 0 0 8 1 2 0 40 62 42 0 0 1 0 0 0 0 11 0 0 0 86 4 0 27 59 0 0 28 0 18 0 0 47 29 23 43 0 0 0 0 0 11 0 23 0 47 5 0 0 22 0 0 4 0 0
 0 0 12 0 0 0 0 0 0 0 27 0 0 0 5 0 23 0 0 20 4 26 46 6 28 0 0 0 17 0 0 0 0 27 52 0 0 0 14 0 0 0 0 27 0 0 0 0 0 0 11 55 0 13 23 0 4 30 0 0 0 0 0 0 0 0 0 0 71 0 0 16 0 0 0 0 0 0 0 8 0 0 16 0 0 0 35 81 0 0 9 0 0 0 0 0 0 27 0 0 21 0 0 0 0 0 0 80 0 0 0 0 0 82 10 0 0 0 0 0 0 0 0 0 0 0 0 0 0 0 0 0 0 8 0 0 0 59 0 30 0 0 0 4 0 17 0 0 0 47 0 0 0 53 7 0 0 0 0 0 0 0 0 0 0 0 75 0 0 26 0 0 31 0 0 0 0 0 73 0 15 0 0 14 41 0 0 0 74 0 0 13 0 10 9 5 0 0 0 0
 36 5 23 86 16 0 19 0 51 82 30 3 8 12 29 17 0 73 38 30 7 10 66 36 69 0 61 17 0 60 0 10 0 0 71 14 0 44 65 9 34 52 91 50 28 21 83 0 49 61 41 53 26 65 51 36 28 31 0 68 45 4 79 4 24 4 35 41 35 52 24 34 40 0 0 0 79 58 65 0 0 47 30 36 13 16 56 36 20 75 32 35 0 19 23 61 5 12 64 2 26 31 64 6 38 4 0 15 65 52 40 34 72 0 40 0 34 11 54 5 69 10 53 0 0 0 19 53 81 69 1 10 76 37 57 33 0 59 14 0 5 10 27 8 70 20 5 0 52 10 0 53 18 0 23 0 3 1 0 8 0 0 32 38 25 63 22 12 19 63 0 0 35 24 66 43 0 26 0 45 0 0 39 58 35 5 4 46 54 0 0 0 83 28 0 0 87 3 21 67
 11 0 0 32 88 21 0 0 63 0 34 53 31 1 0 0 0 0 0 0 76 0 2 51 41 0 5 85 0 0 0 0 7 97 41 47 30 37 0 75 0 46 0 0 0 0 0 8 24 0 45 37 0 59 0 65 22 0 17 32 0 0 40 0 16 0 67 0 31 0 60 0 0 0 56 0 0 12 77 15 46 69 0 0 40 86 45 74 0 44 0 26 0 6 0 0 6 16 44 19 85 70 0 0 27 13 0 12 7 0 0 0 26 32 0 0 0 25 11 0 5 0 21 0 6 2 16 19 0 26 0 0 75 0 1 0 0 63 24 64 44 0 0 82 0 0 62 0 30 3 28 93 10 24 0 3 83 0 0 0 32 5 0 0 0 0 91 75 0 70 6 45 0 0 38 63 0 82 30 0 66 0 0 0 19 61 0 22 0 79 39 0 0 74 0 0 0 17 74 33
 13 0 32 0 0 0 10 0 0 0 44 0 50 10 0 0 0 13 0 10 0 0 16 0 0 0 0 0 15 10 0 0 38 0 0 0 0 0 0 0 0 0 0 0 0 0 29 4 0 0 0 23 0 0 25 32 0 3 5 13 0 0 0 0 0 0 0 70 49 8 0 46 0 0 11 0 56 0 0 0 72 18 0 0 0 23 0 58 0 0 0 23 0 0 0 0 0 52 0 2 58 0 0 15 1 0 0 36 4 0 0 16 0 41 0 13 11 0 0 0 0 0 0 0 9 0 0 21 0 0 0 0 7 0 0 0 0 67 0 0 3 0 0 0 0 0 0 0 25 74 0 0 0 13 0 26 11 1 0 0 0 0 0 0 0 0 39 4 18 0 0 0 34 5 18 0 0 0 42 0 7 3 0 0 0 16 0 0 57 1 0 0 0 0 0 0 0 0 0 0
 0 7 11 0 0 16 0 0 0 0 0 0 0 0 0 0 0 0 0 0 11 0 5 0 0 0 0 1 0 0 0 0 20 0 70 0 15 0 0 0 0 0 0 0 0 0 0 0 6 0 0 0 0 0 0 0 0 0 0 24 0 0 0 0 7 0 15 26 0 0 0 0 0 0 0 0 39 0 0 0 0 0 0 0 0 8 0 0 0 0 0 0 0 0 0 0 0 0 0 0 11 0 4 0 0 0 0 0 0 0 0 0 0 0 0 0 0 0 0 0 0 0 0 0 0 0 0 0 0 21 0 0 0 0 0 0 0 0 0 0 0 0 0 0 0 0 0 23 0 33 0 0 0 0 0 10 0 0 0 0 0 0 0 0 0 0 0 0 0 17 0 0 51 0 0 0 0 0 0 0 0 0 0 0 0 0 1 0 0 0 0 10 1 13 0 0 0 13 3 0
 64 24 0 0 73 54 59 8 0 13 46 28 42 53 67 0 19 76 0 64 2 1 0 23 52 0 25 1 15 10 0 23 27 21 24 46 0 0 39 28 57 52 70 14 47 29 34 22 43 8 22 27 0 54 41 2 24 27 1 78 0 26 91 36 55 66 72 0 0 54 0 35 0 68 40 49 52 55 0 11 11 63 76 73 10 0 56 59 1 54 46 11 22 0 18 0 0 51 48 49 73 37 0 0 19 16 39 2 29 33 22 34 4 17 0 50 50 0 49 10 0 27 28 0 14 58 22 0 14 0 4 0 82 0 46 41 4 44 10 50 76 66 14 58 31 72 9 0 56 0 41 30 36 0 6 42 37 9 0 36 85 51 54 15 31 47 57 50 29 0 0 43 7 44 5 0 13 0 50 3 0 0 93 48 59 28 20 14 33 18 0 1 1 3 37 0 53 61 62 57
 0 86 14 72 29 73 15 0 11 0 0 0 28 0 0 0 0 0 49 0 46 0 75 50 0 0 80 47 0 54 0 0 0 75 34 0 30 18 56 0 0 0 0 0 0 0 43 25 0 0 18 5 0 0 0 36 0 0 74 0 0 0 73 0 0 0 0 0 0 0 48 33 0 26 53 0 15 60 26 43 60 15 10 0 29 64 51 58 7 34 0 0 89 0 0 0 90 0 0 0 9 50 0 0 0 0 22 75 71 0 0 0 71 65 0 0 0 0 0 0 0 32 59 0 95 3 76 52 0 0 56 7 0 0 0 0 45 61 0 16 0 0 0 46 0 0 12 0 0 67 30 38 47 85 0 0 0 0 0 0 0 49 0 0 0 33 0 0 0 0 0 12 28 0 0 0 0 0 0 0 51 5 0 0 60 0 0 54 70 6 3 0 22 65 7 0 0 17 0 7
 0 0 0 0 4 0 0 0 0 2 15 0 32 0 0 0 0 0 0 0 30 21 0 62 0 20 0 0 0 0 0 0 20 0 0 17 0 0 0 0 0 7 0 0 0 1 31 0 0 0 0 2 9 0 41 0 0 0 5 35 0 0 0 6 0 0 0 30 0 0 28 2 0 0 0 0 2 0 0 0 54 43 37 0 0 0 0 29 0 2 0 0 0 0 0 0 0 34 0 0 54 0 0 0 0 0 11 11 0 1 0 0 84 0 22 22 0 0 6 0 0 0 0 19 0 18 0 0 0 0 15 12 0 0 0 4 0 45 3 0 11 0 0 0 0 0 3 0 0 71 0 0 0 2 26 0 0 0 0 0 0 0 0 0 0 0 95 0 20 3 0 0 0 15 0 0 17 0 62 0 0 13 0 0 19 0 0 0 18 0 27 0 0 33 0 0 0 0 0 0
 0 55 15 41 0 0 0 4 49 0 0 0 69 6 0 13 0 0 29 0 10 0 49 53 27 0 15 34 0 98 0 0 86 67 61 63 0 0 77 0 0 1 0 0 0 1 10 75 3 13 0 19 0 8 31 14 10 0 64 24 0 0 0 0 0 0 0 63 55 0 33 19 0 0 37 0 0 24 2 29 60 44 0 0 14 87 37 12 0 0 30 0 6 0 0 0 35 29 0 0 0 52 0 0 0 0 26 67 0 0 0 0 34 81 15 61 0 37 0 5 0 0 57 17 0 20 38 65 0 88 0 0 0 0 0 0 0 79 0 30 93 0 22 83 0 12 66 0 0 45 0 14 13 36 0 0 0 0 0 0 0 0 0 0 0 43 74 29 12 28 22 0 45 0 35 0 0 0 0 7 29 24 0 0 36 0 0 26 45 37 72 0 0 16 0 0 31 49 0 45
 0 0 72 13 90 0 0 2 17 0 0 0 35 35 0 37 0 2 0 0 0 7 16 1 0 0 0 0 4 0 0 0 2 0 43 0 0 38 34 0 0 0 0 0 29 8 21 2 0 7 16 57 0 0 2 0 0 0 29 48 0 0 0 0 0 0 0 0 21 0 14 0 0 0 0 0 37 0 0 0 0 36 17 16 0 0 0 0 0 30 0 0 22 0 0 0 44 72 0 0 44 0 14 0 3 0 0 21 0 0 0 0 4 0 0 0 0 0 0 0 11 2 37 0 14 0 0 0 0 0 7 0 0 20 0 0 0 33 0 0 24 0 0 0 30 0 0 1 0 0 0 59 61 16 0 35 0 0 0 7 26 0 10 0 0 79 76 0 0 0 0 29 11 0 0 0 0 59 70 0 0 0 4 0 0 0 13 0 0 25 20 0 0 67 62 0 0 55 0 0
