200
 0 0 27 11 25 0 0 0 9 0 13 44 37 0 0 0 0 67 32 6 0 0 0 74 0 16 0 38 24 0 5 21 0 0 0 0 3 26 0 0 74 0 10 0 12 0 0 0 12 8 0 0 0 9 0 0 0 0 0 24 0 0 5 0 0 0 0 0 0 0 0 0 0 0 0 0 54 15 0 0 0 0 0 93 0 70 12 35 24 38 0 29 0 0 34 0 0 0 0 0 0 69 0 36 0 93 0 0 0 0 20 0 53 0 0 0 0 0 0 0 0 0 12 0 69 65 0 67 0 0 6 3 28 0 34 0 0 13 0 0 31 0 55 0 8 0 0 63 0 75 0 0 0 0 78 12 0 0 0 4 67 0 0 0 0 0 0 0 10 1 3 11 0 0 0 22 0 0 17 0 0 20 0 0 37 9 25 12 0 13 3 71 27 65 0 0 24 0 0 0
 61 0 73 13 23 0 16 43 31 0 68 0 76 20 50 79 0 0 2 0 38 10 0 2 0 11 30 0 63 60 0 0 30 0 45 84 3 46 65 0 22 29 0 0 48 31 56 90 60 0 67 0 0 0 8 0 0 0 0 0 49 52 65 19 0 0 0 0 0 39 0 0 28 0 92 0 0 70 67 62 16 0 28 23 38 65 14 25 0 53 0 26 3 0 37 4 48 0 0 7 82 9 45 5 48 63 50 34 96 0 9 2 0 49 0 0 29 0 55 52 87 0 0 27 15 74 29 0 0 0 37 34 70 35 0 0 45 6 5 0 0 25 26 81 54 11 66 54 68 0 0 0 0 17 18 71 8 0 21 0 0 0 24 71 22 0 0 0 4 45 99 62 0 67 3 31 14 12 0 59 0 0 0 68 73 23 11 82 15 62 0 0 0 4 0 20 0 0 78 13
 0 0 0 0 88 0 0 0 0 14 0 0 0 0 0 0 0 46 0 0 0 1 0 48 0 0 0 0 0 0 19 0 0 19 0 17 0 11 0 0 3 21 0 0 0 21 0 21 0 0 0 1 0 0 3 0 0 0 0 0 37 0 49 0 0 34 0 0 39 0 0 0 0 0 25 0 0 0 0 57 0 0 0 60 25 34 0 0 0 0 0 0 0 2 0 0 0 10 0 0 0 34 0 58 0 0 0 0 1 0 0 16 0 0 12 61 0 0 0 0 7 2 0 4 0 0 0 0 0 0 1 0 19 0 0 23 0 1 0 38 0 0 0 14 28 0 0 0 0 0 27 0 0 35 0 0 0 0 0 0 0 0 1 0 0 2 0 0 0 15 32 0 19 17 0 0 0 0 0 17 0 18 0 0 0 0 8 0 0 10 22 3 14 0 2 0 0 0 0 7
 0 0 14 0 67 0 0 50 22 34 4 32 59 51 0 0 0 11 19 79 43 13 0 33 45 0 69 0 56 1 0 0 73 0 0 23 47 42 68 14 0 96 0 9 73 0 86 67 0 0 87 59 0 0 0 0 0 0 35 58 0 26 0 35 7 19 0 65 20 2 26 0 10 0 14 0 30 0 35 30 73 0 8 49 0 6 2 66 33 67 38 1 0 0 44 6 29 0 37 7 0 21 0 63 15 27 0 13 0 0 41 4 52 33 0 69 32 0 0 27 0 0 0 0 5 0 60 53 60 0 63 67 87 0 42 17 78 0 1 53 0 23 32 0 51 0 0 73 38 0 0 56 0 71 54 64 0 61 14 0 29 0 0 0 0 61 0 0 50 53 0 0 28 22 0 47 0 29 0 4 0 4 0 0 79 0 36 71 0 40 0 27 0 20 0 0 0 64 0 0
 0 0 0 0 0 22 0 12 0 0 0 0 0 0 0 21 0 0 0 6 0 0 13 22 0 5 0 0 23 19 37 0 0 0 26 0 43 0 36 0 0 0 0 0 0 0 0 0 0 0 0 15 0 0 5 1 0 0 0 5 0 0 41 0 0 0 0 0 87 8 0 0 0 0 0 0 0 0 0 78 0 0 0 34 0 0 0 11 0 0 0 0 0 0 0 0 0 5 0 0 0 85 0 58 0 0 3 0 0 0 0 11 0 0 0 92 13 0 7 0 7 0 0 0 0 0 0 21 0 0 0 10 0 0 0 0 0 0 26 0 0 24 0 0 0 0 0 0 24 0 19 2 0 21 0 23 0 0 18 0 0 3 11 0 0 0 0 0 0 59 0 4 0 11 0 0 0 27 0 0 0 0 0 0 0 3 99 0 0 0 5 0 0 0 0 14 0 6 0 0
 82 32 23 24 0 0 0 59 21 0 71 21 84 24 0 62 25 45 0 46 11 1 0 0 19 0 0 60 71 18 0 30 30 0 0 0 46 57 0 7 11 28 22 33 0 0 0 32 0 0 6 0 0 57 33 10 0 0 0 56 57 0 39 32 0 22 0 0 26 49 30 19 0 0 0 0 53 9 61 0 46 9 12 36 0 0 0 0 0 32 0 32 0 0 38 0 0 38 31 0 0 11 60 0 0 57 6 0 0 21 0 0 44 68 0 22 0 0 0 0 65 0 0 46 56 1 0 9 56 0 0 0 0 0 37 0 0 0 0 0 0 0 35 0 0 27 0 78 0 0 33 0 1 57 0 0 0 0 0 65 73 0 0 0 0 14 0 0 64 79 17 23 0 95 0 0 14 0 0 43 0 39 0 0 17 0 0 0 19 0 0 63 0 0 0 12 0 0 4 0
 2 0 68 4 35 0 0 0 0 0 88 48 33 31 58 66 0 0 0 40 0 0 0 91 16 0 0 30 0 0 0 1 0 0 0 28 0 0 0 1 43 0 0 0 0 0 0 78 38 0 0 0 0 0 0 0 0 0 0 78 0 0 0 0 36 0 0 0 1 34 0 8 0 33 0 0 30 0 72 49 0 0 20 0 0 32 0 7 0 4 0 45 8 0 80 0 0 0 0 0 0 27 9 0 0 16 0 0 28 0 0 0 64 0 0 17 0 0 0 0 11 25 0 0 3 42 0 94 12 0 0 0 0 0 0 0 0 0 0 0 5 64 53 11 0 0 0 0 0 81 46 0 0 0 56 0 0 23 8 16 0 11 0 0 0 2 10 0 0 58 19 0 0 54 0 1 0 13 0 31 0 37 0 0 0 1 96 15 0 0 0 3 0 0 24 0 0 0 0 0
 56 0 42 0 0 0 70 0 0 0 19 0 44 56 0 2 0 78 58 2 39 0 0 4 33 4 5 52 40 47 0 0 10 0 0 0 0 49 28 0 0 0 17 0 0 19 22 69 0 1 0 0 0 0 3 0 0 0 0 4 27 0 16 0 0 0 0 53 55 50 46 0 0 0 0 0 52 0 0 77 36 17 36 73 31 29 0 71 0 0 0 0 0 11 0 0 27 13 45 0 0 0 57 65 0 99 0 4 28 0 30 0 3 7 0 19 29 0 20 0 0 0 0 48 26 5 0 88 0 0 36 1 0 0 0 0 66 25 0 0 0 0 31 0 23 0 2 64 9 0 0 28 0 0 0 0 0 0 0 0 37 0 0 48 0 0 0 0 11 22 0 74 0 15 0 0 11 0 0 70 0 0 0 0 0 5 41 0 16 0 19 0 0 34 0 0 0 0 0 0
 0 0 16 0 4 0 7 35 0 0 55 55 51 0 0 4 0 9 51 51 12 6 0 86 33 78 58 0 25 44 0 71 12 12 11 0 46 4 78 7 2 0 0 0 0 0 0 0 0 0 73 47 0 0 0 0 0 27 0 25 0 20 62 0 0 46 97 0 18 28 58 19 0 10 0 0 31 0 47 53 0 0 0 36 0 13 0 39 0 47 93 0 0 25 15 0 0 67 0 0 0 31 0 45 0 18 0 0 8 6 25 21 63 48 0 0 0 0 0 16 10 21 60 57 29 80 32 63 60 0 55 22 0 0 62 0 66 0 0 90 0 38 0 27 45 0 0 0 40 41 26 73 18 47 0 0 0 14 0 74 43 0 0 13 0 0 0 0 33 79 12 6 0 50 8 0 0 31 0 61 0 18 0 46 57 0 0 95 0 37 0 15 0 16 0 47 0 49 0 81
 0 37 0 0 45 34 28 89 79 0 22 41 0 8 16 11 62 80 0 84 49 73 6 57 43 66 41 75 70 86 0 15 0 32 28 73 54 0 88 87 26 0 50 0 0 7 0 0 41 0 0 46 53 26 0 4 0 0 27 53 0 54 66 76 0 15 74 48 24 0 31 4 0 0 37 63 72 50 24 22 69 14 53 0 32 84 84 12 0 27 0 64 70 81 0 61 75 0 14 0 57 65 14 0 2 0 0 49 0 0 85 14 30 40 42 58 0 0 0 0 53 0 0 20 17 53 64 0 53 3 0 92 61 0 14 8 3 0 0 80 0 1 6 20 29 8 0 84 70 41 30 48 0 26 82 54 37 46 0 48 36 2 14 65 4 27 31 0 53 43 0 0 16 1 27 40 0 41 1 9 0 0 0 65 3 44 46 60 0 4 55 62 83 58 42 0 0 39 45 11
 0 0 15 0 27 0 0 0 0 0 0 15 0 32 0 21 0 0 41 76 34 0 20 62 0 0 0 0 0 10 2 0 0 19 0 0 64 0 0 0 20 3 0 0 0 0 30 19 22 0 0 0 0 60 2 0 0 0 0 28 13 0 0 0 0 13 0 0 22 0 0 20 6 0 0 0 0 0 17 25 0 0 8 0 3 96 0 8 0 50 0 42 1 0 74 0 0 0 6 23 0 0 25 6 37 44 0 0 0 0 0 0 43 0 0 69 0 0 16 0 0 0 0 22 63 0 0 79 0 16 0 0 0 0 0 0 0 0 0 0 0 13 4 0 0 0 0 26 8 0 15 0 35 0 32 4 0 0 0 52 0 0 0 0 0 0 0 0 0 35 6 0 0 0 27 0 0 0 0 46 0 32 0 0 14 7 0 0 20 0 0 0 23 0 0 23 0 0 0 0
 0 29 21 0 33 0 0 13 0 0 0 0 0 28 0 0 0 36 0 31 0 12 0 36 22 0 0 0 0 0 0 0 0 0 0 0 0 0 22 0 21 0 22 0 32 0 9 0 0 0 23 17 0 37 0 18 0 0 11 0 0 0 16 0 0 15 0 0 0 0 37 0 0 0 0 0 0 0 25 47 0 0 0 16 4 4 0 0 0 34 0 1 0 3 0 31 11 0 27 6 0 25 0 56 0 17 0 27 0 0 0 0 0 12 0 16 1 6 0 0 0 1 0 0 6 0 19 8 27 0 0 0 1 0 9 0 0 0 0 0 0 0 0 0 0 16 2 17 9 0 0 0 0 11 0 0 0 0 0 0 0 0 0 0 0 0 0 0 10 0 0 0 0 6 10 0 0 0 32 0 0 0 0 0 0 0 42 0 1 20 0 0 32 0 0 0 7 0 0 26
 0 0 16 0 22 0 0 0 0 7 33 9 0 59 61 13 0 2 0 0 0 0 0 31 9 0 5 0 0 5 21 0 0 0 0 27 97 0 0 0 91 0 15 28 0 9 0 19 17 19 7 3 0 0 2 7 22 0 0 0 0 0 0 0 30 0 0 30 25 0 0 0 0 13 0 0 27 0 80 42 29 0 0 71 0 56 0 60 0 0 0 0 12 0 0 0 0 12 0 0 0 88 0 12 10 76 18 0 0 12 27 19 80 24 0 73 3 0 1 25 0 0 0 0 0 0 0 30 0 0 0 17 16 15 10 6 16 0 0 0 15 10 21 0 3 0 0 0 2 0 0 0 0 0 0 0 0 11 0 27 27 0 0 0 0 0 0 13 0 44 0 9 34 0 0 0 0 0 0 5 0 7 0 0 22 0 80 0 0 0 4 21 0 24 0 3 0 0 0 0
 1 0 59 0 56 0 0 0 17 0 0 0 0 0 0 0 0 72 0 0 0 0 0 26 0 0 0 0 0 0 0 0 0 0 11 0 0 0 17 18 0 0 0 0 0 0 0 0 0 0 0 0 24 61 28 0 0 0 0 0 0 12 71 13 0 6 38 0 72 0 0 25 0 37 20 0 0 0 35 61 0 0 0 8 0 62 0 0 0 0 0 58 0 0 0 0 0 0 0 0 0 18 0 0 8 0 0 0 0 9 0 0 22 0 29 30 0 0 0 0 6 1 0 0 0 12 0 55 5 0 0 0 0 0 17 0 16 0 11 0 0 18 0 0 8 0 0 0 71 0 9 0 0 0 0 0 0 0 24 0 0 11 0 0 13 0 0 13 0 54 0 0 14 0 2 14 0 0 26 0 0 0 0 21 10 0 61 0 0 0 0 19 0 17 22 0 32 0 0 0
 14 0 23 8 7 2 0 7 8 0 12 39 0 51 0 0 22 55 0 0 22 32 0 65 0 15 0 23 0 0 0 0 11 0 29 33 86 3 9 0 80 0 0 0 0 0 0 33 0 0 0 3 34 4 0 0 0 35 0 0 0 6 56 0 0 0 0 0 38 0 0 0 4 1 21 0 0 0 76 81 0 0 0 72 0 3 0 21 3 0 0 0 0 0 21 0 0 0 5 0 0 0 0 0 0 24 0 0 0 0 14 16 0 0 0 43 0 0 0 21 0 0 0 0 21 0 0 21 0 0 0 0 0 0 37 0 0 0 0 0 0 17 0 6 7 0 0 0 37 17 0 0 0 0 0 0 0 0 0 0 0 0 0 0 0 0 0 0 0 21 4 6 0 9 12 0 0 16 27 2 0 4 0 0 0 0 5 0 33 7 15 0 0 5 0 0 15 25 0 0
 14 0 8 29 0 0 0 0 0 0 0 68 0 29 3 0 0 40 12 5 0 0 0 0 0 0 28 0 0 22 0 0 0 0 0 0 0 0 0 0 0 36 0 0 0 0 0 8 0 0 0 0 0 72 0 18 5 0 0 0 0 4 92 0 0 0 0 0 44 0 26 0 0 0 0 0 0 0 7 0 0 0 0 61 0 18 5 20 0 0 32 30 36 5 1 22 0 0 0 0 0 69 0 0 0 0 0 0 0 30 0 0 0 0 0 0 0 0 22 0 0 22 0 18 17 9 0 31 0 0 0 0 0 0 19 0 0 0 9 0 0 0 0 0 0 0 0 0 0 0 0 0 22 0 0 0 0 0 17 0 0 0 17 0 0 0 0 0 0 30 0 0 16 0 0 0 0 0 0 39 0 0 0 0 0 0 58 0 0 0 0 0 0 0 0 0 0 0 0 23
 0 36 29 3 6 0 64 11 8 0 26 6 2 40 0 68 0 13 1 25 17 0 0 82 42 0 4 85 27 27 0 80 21 0 61 0 70 42 0 0 58 0 26 5 83 0 0 47 0 0 0 18 0 0 14 0 28 0 0 0 73 53 62 0 56 41 0 0 22 79 60 30 23 0 56 0 0 0 0 0 0 0 6 16 69 61 89 78 0 72 27 31 0 26 0 74 28 20 2 0 0 55 14 58 7 18 0 35 63 0 6 0 64 18 0 0 0 4 18 38 17 0 7 36 16 0 0 14 0 0 0 58 46 63 31 0 0 0 1 0 22 58 0 31 74 11 15 0 0 0 64 18 0 30 82 65 3 46 0 46 0 91 0 76 0 68 0 0 31 1 0 0 0 81 0 0 0 26 0 82 0 0 20 3 0 38 0 50 80 0 55 82 18 0 89 18 28 28 0 66
 0 14 0 0 0 0 14 0 0 0 16 0 0 0 0 0 0 0 0 0 0 21 14 0 11 10 0 21 0 0 21 22 0 0 0 0 22 0 0 0 55 0 33 21 3 0 0 0 9 0 0 0 0 0 0 0 0 14 0 0 0 0 0 0 0 0 0 0 0 0 0 0 0 6 0 0 0 0 0 0 39 20 0 0 0 0 0 0 4 18 0 0 0 0 0 0 0 0 9 0 0 0 0 0 0 0 0 0 0 0 0 18 5 0 0 36 0 23 7 18 0 6 2 0 0 0 0 0 0 0 17 0 0 0 0 0 0 0 29 0 0 36 0 16 33 0 0 0 0 0 0 0 0 15 0 0 0 0 0 0 0 4 0 21 32 0 0 0 0 0 0 0 0 0 3 1 0 0 0 0 8 0 0 28 0 36 3 0 0 0 35 0 0 0 0 0 0 7 0 23
 0 0 42 0 41 21 3 0 0 8 0 90 41 56 19 0 0 44 0 0 0 20 0 6 0 0 0 0 0 20 0 0 0 0 0 0 38 0 5 0 34 0 0 0 0 0 0 27 0 0 1 0 17 36 0 17 0 0 0 0 0 0 42 0 24 34 0 0 80 0 0 11 0 0 0 0 0 17 83 37 0 0 0 0 0 83 0 1 0 0 0 42 0 0 18 0 0 0 0 0 0 54 19 7 0 19 0 18 16 5 0 0 54 1 0 0 37 0 0 0 0 0 0 0 0 0 0 12 28 0 0 0 0 0 13 0 0 24 0 19 0 0 61 8 0 0 23 0 0 0 0 1 0 0 0 0 0 34 0 34 0 13 18 11 0 0 0 0 0 62 0 0 0 0 0 0 0 0 4 0 0 0 0 19 0 0 31 0 0 0 0 0 0 2 0 0 0 0 0 14
 0 16 26 0 0 0 0 0 0 0 0 0 66 32 16 0 0 8 57 0 6 0 0 43 2 0 0 0 0 0 0 0 0 0 3 0 21 12 0 0 65 0 0 4 0 1 0 72 0 0 0 8 0 38 0 0 0 14 2 10 0 0 0 0 0 0 0 0 68 0 0 0 0 0 18 0 0 5 25 13 22 22 0 59 19 50 0 6 0 0 3 55 0 0 31 0 0 0 0 0 0 70 0 47 4 81 0 0 0 0 6 0 33 0 0 0 0 0 0 0 0 0 0 0 19 9 28 59 0 15 0 0 2 0 0 0 0 0 12 0 0 0 47 10 0 0 0 0 2 43 0 12 10 28 0 10 7 0 0 0 36 12 15 0 0 0 5 0 0 65 0 0 17 0 0 0 0 0 0 86 0 0 0 0 0 0 98 13 0 0 13 68 0 0 0 4 4 19 0 0
 12 0 2 0 4 0 31 0 0 0 0 63 4 63 0 32 0 20 25 0 0 0 0 77 0 0 0 0 28 72 1 0 0 0 0 9 19 92 0 0 74 0 0 0 24 11 0 35 0 0 16 0 0 69 0 22 0 5 0 0 25 10 0 91 0 0 12 31 69 77 0 0 0 0 18 0 74 66 0 60 31 0 0 0 0 0 0 45 0 67 0 0 73 0 0 0 0 61 9 0 22 61 0 56 0 87 0 0 39 0 0 0 62 16 0 25 0 0 80 3 82 0 7 57 60 0 22 18 54 0 69 0 39 0 0 0 0 0 0 81 13 67 79 0 0 0 12 59 0 61 0 34 1 47 0 4 0 29 3 50 74 0 0 36 27 73 0 0 0 0 44 32 0 19 7 0 0 71 21 0 34 2 0 7 22 0 13 0 0 5 0 31 0 0 38 22 19 15 0 23
 45 0 0 0 66 0 36 47 0 0 71 0 86 12 0 14 46 0 0 72 33 0 25 21 4 59 33 25 57 77 0 73 67 8 30 47 0 85 16 44 39 43 22 0 21 0 70 49 39 0 81 71 0 25 0 0 0 0 40 91 45 0 46 50 67 0 76 0 6 0 6 21 50 0 32 0 28 0 53 43 0 53 0 59 66 58 71 17 0 85 0 57 57 35 63 0 67 21 79 0 50 39 0 14 47 63 3 0 80 3 48 36 20 59 3 46 0 0 61 68 13 0 66 5 11 0 14 0 45 0 79 0 18 44 71 0 47 0 0 30 0 78 76 7 11 5 46 23 21 16 48 31 13 32 13 0 0 15 83 97 66 4 0 0 0 22 0 0 99 45 8 1 22 0 40 78 0 35 0 62 0 12 0 50 56 10 0 18 63 54 80 51 31 0 45 30 0 42 12 58
 36 42 32 0 0 32 81 50 37 0 0 54 60 75 55 25 55 0 3 88 25 0 0 4 3 18 81 86 0 24 9 38 12 0 49 53 0 59 69 0 18 51 0 0 17 39 0 69 40 0 73 64 0 29 0 43 0 19 1 61 56 36 51 32 23 6 54 10 0 64 0 62 82 0 23 50 97 0 25 58 31 68 80 69 0 0 0 11 41 20 91 68 48 14 5 34 33 12 22 0 31 0 0 10 0 58 79 0 0 0 61 21 13 55 42 3 80 64 51 45 30 0 27 38 17 41 39 5 78 33 0 65 0 60 68 51 11 0 2 0 0 41 13 0 0 0 0 83 80 0 24 86 79 28 13 0 7 31 19 0 73 85 25 49 10 59 63 57 0 0 88 99 0 0 0 0 0 62 86 0 0 5 35 0 6 0 13 0 35 26 19 0 0 20 0 6 0 20 87 37
 0 0 0 0 0 29 0 0 0 0 0 0 0 0 0 36 0 58 0 0 0 0 0 0 0 0 0 0 0 0 0 0 0 0 0 2 0 0 0 0 0 0 14 0 17 6 0 30 26 0 10 0 0 0 0 0 0 0 0 16 0 0 0 0 0 4 0 0 0 11 0 1 0 0 0 29 0 0 0 0 1 0 0 0 28 19 0 0 0 0 0 14 0 18 6 0 0 0 19 0 32 0 0 0 0 26 0 0 0 0 0 0 0 0 0 9 20 17 0 38 0 0 0 0 0 0 0 1 0 14 0 29 0 0 0 0 0 0 27 0 0 0 0 20 0 0 0 0 0 13 0 9 0 26 0 0 0 3 0 0 0 0 0 0 5 0 0 0 0 0 14 0 0 0 0 0 0 26 0 0 0 0 0 0 39 0 13 0 0 0 0 37 0 0 5 0 0 0 0 11
 38 32 41 0 48 0 0 0 0 0 88 0 0 82 22 0 0 0 50 0 5 0 0 64 0 0 0 0 25 0 0 0 0 0 0 21 73 31 0 5 29 0 21 0 0 2 26 0 0 23 0 0 0 12 0 0 2 7 0 89 0 0 53 0 12 0 0 90 0 26 0 0 0 0 35 0 28 0 0 84 0 0 18 64 27 0 0 6 0 27 0 0 6 0 25 0 40 0 28 14 0 42 0 65 0 27 0 0 0 0 0 0 58 0 7 53 30 0 0 0 0 25 0 64 16 66 25 0 1 0 0 0 0 1 1 0 34 29 2 0 0 18 32 4 54 7 0 0 0 80 46 0 0 0 0 0 0 0 36 25 96 0 0 38 0 0 0 0 0 58 0 69 0 27 0 0 0 0 0 20 0 42 22 10 0 0 70 0 0 0 0 0 0 0 18 0 0 4 0 0
 0 0 20 5 0 63 52 0 0 0 57 0 14 9 0 61 5 0 51 6 1 0 0 41 87 0 0 0 0 48 0 0 0 0 0 0 86 48 12 0 0 0 61 0 1 0 0 31 0 0 0 10 3 0 0 0 0 0 0 70 58 17 0 14 14 49 0 4 32 59 61 0 0 0 0 0 95 27 12 85 79 0 0 4 0 66 22 0 0 65 0 54 4 0 11 17 8 34 29 0 0 0 0 0 0 42 18 0 20 0 15 0 60 36 0 29 0 0 43 0 0 0 19 0 72 0 0 81 41 0 0 0 7 0 0 0 45 0 7 0 0 35 0 38 0 6 0 98 22 0 44 78 0 7 0 49 0 16 0 21 86 0 0 0 0 31 0 0 87 69 66 65 8 35 0 0 35 53 0 0 0 0 0 0 0 0 63 12 0 0 0 3 13 0 33 19 20 9 18 59
 12 0 22 0 29 77 81 0 0 0 75 19 0 23 22 0 0 48 35 21 40 0 0 34 18 13 0 27 50 63 0 0 0 10 0 10 77 0 66 0 75 0 0 0 0 0 11 0 0 0 0 17 0 7 0 0 0 0 34 41 11 4 60 0 0 17 8 57 14 36 0 0 0 0 0 0 25 45 57 62 7 43 73 1 0 33 0 87 0 0 13 66 36 0 21 0 0 24 1 0 0 10 62 56 0 80 0 0 5 0 13 0 0 0 0 37 45 0 75 0 38 0 0 8 33 0 6 62 0 0 0 0 0 0 68 4 18 0 21 68 3 67 93 0 0 0 0 8 98 0 0 37 0 7 0 83 0 43 0 0 45 0 23 1 0 8 31 0 85 32 0 41 0 58 0 0 0 28 0 6 0 73 2 21 34 0 0 67 0 40 0 5 14 47 27 70 0 24 45 61
 0 23 68 18 30 0 0 0 26 0 62 66 67 8 0 46 0 0 29 72 17 0 0 6 4 1 0 0 0 0 0 40 0 0 0 19 0 0 0 2 0 0 0 0 0 0 0 20 36 0 0 3 0 17 0 0 21 0 0 0 29 0 25 0 15 13 0 0 76 21 0 9 19 0 0 0 8 28 6 55 5 0 0 0 0 15 12 27 0 50 0 2 0 0 0 0 0 0 0 0 0 44 1 54 0 5 0 23 0 0 16 0 0 0 0 44 17 0 0 0 19 29 0 0 71 40 24 20 0 0 0 0 37 15 0 1 0 0 21 0 0 4 0 0 0 18 0 0 44 58 30 0 0 17 46 17 26 0 0 55 0 0 13 0 0 24 0 0 0 0 28 0 2 0 0 0 1 0 0 0 0 0 0 0 39 0 20 0 0 0 0 40 0 0 0 0 0 0 0 22
 0 0 32 0 0 0 11 0 0 0 19 48 47 71 39 51 0 33 73 86 0 0 34 52 0 10 0 35 0 6 0 0 0 0 0 1 58 0 24 0 41 0 0 0 24 8 0 29 0 0 11 0 0 74 18 0 0 0 0 0 37 0 66 0 22 0 0 6 86 6 0 0 0 0 0 1 0 0 66 0 34 19 0 41 0 21 0 25 0 32 27 0 17 0 81 0 0 0 34 0 0 0 13 28 0 0 0 0 0 0 12 0 54 34 0 0 22 9 14 0 0 0 28 12 0 0 0 49 0 0 0 4 0 13 0 0 3 2 0 21 0 90 52 0 30 9 0 0 44 0 24 0 0 0 79 0 0 0 0 9 3 0 0 0 0 10 0 0 0 0 0 12 0 22 0 5 0 0 0 60 0 76 0 27 20 0 0 0 0 0 0 51 21 6 0 0 0 0 0 0
 54 0 22 0 0 0 1 0 0 0 0 73 0 40 36 0 0 43 0 68 0 0 0 8 22 0 0 57 0 0 0 0 0 0 10 0 52 0 0 0 32 0 43 0 0 0 0 71 0 12 0 0 12 28 0 14 0 0 12 6 23 0 28 0 0 6 0 42 0 14 59 0 0 0 0 16 74 0 16 3 68 25 0 0 0 24 0 81 0 0 0 0 0 0 0 0 0 45 26 0 0 35 0 4 0 74 0 0 4 15 0 0 24 0 0 0 0 0 49 0 70 0 0 57 28 2 0 65 0 0 0 0 10 0 7 0 54 0 0 0 0 18 0 2 0 0 0 0 19 0 11 35 3 0 0 0 0 25 0 91 22 23 0 0 0 0 0 0 0 52 0 51 0 4 0 0 0 0 0 0 0 67 0 22 15 3 35 0 0 4 0 33 0 0 0 7 0 0 0 33
 0 9 0 14 0 45 74 61 60 4 0 98 0 8 0 90 21 0 38 16 0 39 0 48 55 87 26 86 7 18 0 6 50 0 40 15 60 2 76 0 0 64 0 0 48 0 54 59 0 0 16 17 0 79 26 9 46 5 16 16 14 47 0 6 58 21 0 74 36 81 0 21 32 11 0 47 3 12 5 32 0 80 0 37 43 0 0 17 15 9 72 21 0 0 19 0 29 38 23 0 30 0 0 22 57 3 0 0 0 0 23 28 20 0 62 22 14 0 0 11 50 0 0 38 0 8 17 0 62 0 0 0 0 73 32 0 0 0 0 91 0 27 82 49 50 60 64 44 25 0 35 0 0 60 29 50 0 22 11 19 0 60 16 49 0 0 0 0 65 0 31 0 18 0 95 70 0 39 0 0 20 28 0 22 0 0 0 46 29 53 51 0 0 0 0 27 26 0 11 49
 0 0 6 0 66 0 0 14 0 0 10 74 8 39 87 72 0 0 20 6 35 0 0 52 32 12 13 0 6 20 0 0 0 0 0 0 55 9 6 0 51 0 0 14 0 0 0 32 5 0 0 0 0 73 0 0 0 21 0 38 0 0 24 0 0 0 0 12 22 0 0 18 37 0 0 0 0 0 13 2 0 0 0 19 0 5 31 7 0 0 18 0 0 0 43 0 0 0 0 0 0 23 0 0 17 34 5 0 0 0 4 0 0 8 0 33 0 0 15 0 0 0 0 0 25 27 0 15 16 0 0 0 0 0 0 10 0 0 0 0 0 13 0 0 0 0 0 0 42 22 0 0 0 0 0 0 0 0 0 0 0 6 0 0 30 0 0 0 0 83 17 14 0 0 0 0 0 0 0 72 0 0 0 0 0 0 3 5 0 0 12 18 0 0 18 0 0 0 0 0
 70 0 0 0 22 0 56 0 0 15 57 33 63 10 0 74 0 49 42 15 64 0 0 31 40 76 86 24 31 10 0 7 0 0 0 0 0 71 23 0 53 0 0 0 11 0 0 0 0 0 52 0 0 0 0 0 0 0 1 0 69 6 12 52 0 28 41 0 23 77 0 0 0 0 0 0 0 0 34 63 67 85 67 34 64 0 0 0 0 59 0 18 43 31 28 0 41 53 0 0 11 15 95 5 20 67 0 0 0 0 68 0 47 0 0 15 22 0 65 0 0 0 0 0 40 17 0 24 4 0 39 0 25 16 61 2 24 24 0 48 29 25 61 0 37 72 0 22 31 0 62 2 0 34 0 0 0 56 89 53 74 0 0 54 21 96 21 0 13 0 0 18 20 74 0 1 0 44 0 0 1 53 0 86 16 0 23 90 0 73 0 58 0 0 4 92 14 89 15 0
 33 24 0 39 7 72 75 13 0 0 0 21 72 34 61 2 50 88 31 30 87 0 59 70 2 40 0 26 10 2 66 20 3 0 0 5 19 9 0 65 74 25 70 0 79 43 28 0 64 21 54 86 13 0 53 52 1 0 46 0 15 15 48 59 40 28 0 66 75 13 51 82 35 45 53 73 65 71 53 0 57 56 92 5 58 4 0 0 55 24 54 23 40 11 37 60 0 69 87 36 71 72 33 16 0 57 56 28 0 0 57 0 6 0 0 10 39 7 0 0 0 0 73 23 24 0 0 64 4 98 19 88 5 17 1 0 0 16 63 89 21 62 20 0 0 62 34 29 0 61 0 40 28 42 8 3 37 11 78 84 29 80 91 0 0 0 9 16 43 21 38 47 0 47 35 74 0 18 10 97 0 0 0 9 45 1 0 65 5 24 0 16 0 88 0 0 49 45 78 23
 49 0 88 4 0 31 34 95 0 0 59 68 2 0 0 4 0 45 63 0 52 0 0 63 51 13 26 0 39 0 0 12 47 11 0 0 19 17 86 0 48 0 63 0 53 5 31 11 45 0 9 11 0 0 0 0 0 0 39 7 45 19 80 18 45 12 56 34 0 48 32 0 0 0 4 0 33 46 2 0 65 46 32 18 91 69 0 8 3 4 51 55 0 0 28 0 0 29 65 0 2 44 0 20 52 20 39 29 73 0 37 59 4 45 0 2 0 0 0 37 22 0 76 38 12 4 25 53 0 0 82 90 73 13 27 0 74 0 28 8 23 61 23 0 11 67 0 13 17 38 0 62 9 0 3 48 0 6 36 49 0 0 0 13 0 66 0 2 20 37 44 37 0 6 0 28 14 0 0 78 0 75 0 43 0 0 40 11 42 82 5 0 0 6 60 63 0 30 59 77
 63 0 0 0 56 30 0 69 7 0 59 22 0 41 0 70 34 52 1 60 0 0 0 0 0 12 0 0 0 58 0 36 16 0 4 0 31 44 25 0 25 9 49 0 9 26 0 0 34 1 30 0 0 0 15 0 0 0 0 9 25 0 71 0 0 51 35 46 47 30 21 0 0 0 0 22 24 52 0 57 58 0 0 52 0 18 0 0 3 13 0 0 0 0 10 0 37 0 69 0 0 0 0 0 0 0 0 0 0 0 0 0 0 13 0 92 0 0 0 11 48 11 0 49 0 42 20 13 22 0 27 0 0 0 0 3 0 0 0 0 1 27 5 0 0 0 3 0 78 0 50 96 0 0 31 7 0 60 0 0 60 0 0 44 0 85 29 7 41 3 0 0 0 41 0 18 0 8 23 42 0 0 0 0 0 0 0 25 0 0 0 78 0 39 1 0 0 0 0 5
 0 0 32 0 0 0 5 1 0 0 0 23 0 0 0 11 0 0 0 0 0 1 11 1 0 0 0 16 0 0 0 0 26 0 0 0 0 0 35 0 59 0 0 0 34 0 0 0 0 0 0 14 0 0 0 0 0 0 0 2 0 0 26 29 0 0 0 0 22 0 0 0 0 0 21 2 22 0 0 0 0 0 0 0 0 0 0 0 0 0 0 0 0 5 0 0 0 14 0 0 0 85 9 89 20 0 0 0 0 0 0 0 0 0 0 30 0 0 0 0 0 0 1 0 0 0 0 25 3 0 0 0 0 0 0 0 0 23 31 0 0 0 0 0 0 0 0 22 4 0 17 35 0 0 0 0 0 0 3 0 0 0 0 2 24 0 0 0 0 0 32 0 32 0 0 0 0 0 29 0 0 0 0 10 0 0 22 0 0 0 0 14 0 0 0 29 0 0 0 0
 0 0 0 0 49 0 53 0 0 15 0 31 57 7 0 60 0 65 35 0 0 0 0 48 0 0 4 18 31 56 0 0 0 0 0 0 14 0 0 0 21 0 84 0 0 0 0 37 33 0 0 0 25 34 0 0 0 0 0 0 13 15 0 0 0 0 0 5 8 0 9 0 0 0 0 0 0 6 42 59 32 0 0 28 0 1 0 50 0 0 0 20 0 12 38 0 62 52 0 0 11 12 5 20 0 64 5 0 15 0 0 0 14 0 0 0 26 0 0 0 0 0 12 51 11 34 0 67 7 0 31 0 0 0 26 0 53 0 0 0 11 0 60 0 40 0 8 53 41 0 73 5 0 0 0 1 0 0 0 34 15 0 0 55 5 0 0 0 0 38 37 18 0 0 0 7 0 0 10 8 0 58 0 0 10 0 60 0 0 0 0 48 0 0 7 58 0 2 0 4
 17 0 35 0 0 39 66 0 0 0 78 0 58 0 0 24 5 49 0 87 22 0 0 21 6 0 0 43 0 1 0 0 0 19 0 0 0 33 0 2 55 0 68 0 0 0 0 0 0 0 62 0 0 90 0 14 0 0 0 0 11 0 7 0 0 0 6 0 30 0 51 31 30 31 0 16 0 95 12 43 0 0 0 5 37 0 0 65 0 65 0 63 0 0 87 32 0 1 47 0 10 17 54 46 0 44 2 0 18 0 0 0 35 28 0 0 0 0 22 0 1 0 5 55 8 66 20 38 56 0 9 0 12 0 0 13 0 0 4 2 0 0 67 0 28 0 0 14 47 4 20 64 15 82 0 7 0 0 0 0 0 37 10 0 0 0 0 22 85 19 0 0 0 0 14 0 0 0 23 33 0 0 0 0 1 0 29 0 0 19 0 74 0 92 0 0 0 0 16 0
 16 7 1 0 33 0 0 74 0 0 69 25 74 0 56 45 5 29 47 39 1 0 13 76 0 86 61 0 48 2 21 51 16 0 6 21 1 3 0 0 62 36 6 0 78 0 24 15 0 0 66 47 6 31 0 0 22 2 0 89 54 43 27 56 47 0 0 32 0 0 52 38 0 0 0 0 17 17 15 81 72 0 69 28 50 0 0 49 0 33 46 0 0 0 2 0 0 17 38 0 0 74 73 77 44 17 0 4 0 0 78 0 12 19 0 24 59 0 0 0 79 0 0 6 37 24 67 70 28 0 0 33 25 6 0 0 0 0 0 0 0 20 0 0 63 0 0 57 40 13 60 43 0 0 40 0 0 38 71 0 90 0 0 0 0 40 0 0 0 29 0 35 0 0 0 8 0 0 33 0 0 36 3 78 79 0 0 17 53 53 0 41 0 0 13 13 0 59 64 66
 0 0 0 31 9 0 0 37 0 0 0 0 0 6 0 11 0 0 0 0 0 0 0 11 0 26 0 3 0 0 19 0 0 0 0 0 0 0 0 0 0 0 13 0 0 0 0 9 0 0 0 0 0 32 0 0 0 0 0 0 0 0 0 0 0 0 0 0 0 0 0 11 0 0 0 0 6 0 0 0 0 0 0 0 0 0 0 0 6 7 0 0 0 0 0 0 39 0 0 0 22 34 0 0 21 0 0 12 15 0 0 0 0 0 10 31 0 0 0 0 0 0 0 0 0 14 12 0 13 19 17 0 31 0 0 0 0 0 0 22 0 0 0 0 0 0 15 15 34 0 0 1 0 0 0 0 0 6 0 0 33 24 32 0 0 0 0 0 0 0 20 4 0 0 4 0 0 0 5 14 0 0 0 0 0 0 34 0 0 0 0 0 0 0 31 0 0 0 0 23
 95 0 0 0 17 0 70 40 11 7 0 53 35 11 12 0 32 36 34 59 56 0 0 33 54 52 34 38 29 82 0 33 34 0 18 0 60 6 9 0 10 0 24 24 0 10 0 7 0 0 42 16 38 54 0 0 0 0 0 45 78 0 0 38 0 6 0 53 83 31 0 0 7 0 0 0 0 80 54 0 59 15 0 29 58 10 0 0 9 30 71 26 0 0 0 0 19 0 0 0 0 27 31 67 0 63 0 74 0 35 47 51 53 20 0 46 0 16 68 0 55 0 11 0 31 75 0 21 30 0 38 0 0 0 15 0 70 5 0 0 0 0 44 26 21 15 0 62 0 34 2 74 0 0 91 51 25 0 0 0 53 0 0 5 0 97 0 0 0 28 98 73 0 0 0 0 27 19 12 6 0 21 0 33 28 0 13 0 4 26 0 0 0 50 58 52 0 14 57 25
 0 1 14 7 39 0 46 0 16 0 49 0 0 34 75 52 0 0 41 25 1 0 22 0 0 0 10 52 52 0 4 68 6 0 0 0 18 0 0 0 0 0 0 0 0 0 5 0 0 0 0 0 5 79 0 0 0 0 0 0 34 0 77 0 36 0 0 20 99 0 14 0 0 0 0 0 23 3 15 24 29 0 0 17 0 8 0 14 0 95 0 51 4 0 0 0 0 0 0 0 0 74 0 66 0 1 0 0 0 20 0 0 0 28 0 41 0 0 0 0 0 8 0 73 0 0 0 50 0 0 0 6 0 0 0 0 0 38 0 6 12 70 45 0 0 28 0 22 39 10 86 0 0 0 20 0 0 13 0 83 0 0 31 0 0 14 0 28 8 20 0 68 19 15 0 0 0 0 0 50 0 21 0 0 9 0 66 0 0 18 18 0 27 86 0 29 0 0 0 0
 34 58 24 0 38 0 0 52 18 22 11 57 0 57 26 52 0 0 29 0 41 30 3 35 38 69 9 47 73 79 19 0 35 5 52 91 0 28 12 17 15 0 0 0 64 0 0 76 64 0 0 0 0 15 39 0 24 0 63 0 0 54 11 0 0 10 38 31 0 65 50 18 75 0 0 0 41 9 56 56 2 7 14 0 0 0 0 67 0 2 66 25 21 63 16 60 0 47 0 0 50 21 0 0 0 44 7 62 83 0 19 25 66 1 21 84 0 0 31 25 38 33 0 76 2 55 74 0 82 14 54 0 73 50 0 0 74 27 0 62 62 50 39 54 58 0 0 16 23 30 36 84 1 80 24 28 0 92 62 0 55 39 0 58 21 0 69 0 79 2 60 8 0 0 0 53 51 12 0 77 29 18 0 26 0 0 21 15 70 35 0 0 0 39 36 38 0 0 67 31
 0 0 7 0 16 17 3 89 97 17 43 0 36 90 29 24 0 0 34 21 0 0 0 0 62 0 9 31 0 2 0 50 0 0 0 0 0 29 83 0 34 35 48 0 0 0 0 38 9 0 26 64 0 0 0 0 36 0 0 0 0 0 0 2 12 0 64 8 36 62 0 0 6 0 0 25 1 16 68 53 23 35 75 92 41 71 0 68 25 38 0 77 4 36 0 0 26 39 12 0 0 0 22 43 0 62 0 35 56 0 58 0 56 0 0 27 0 0 48 22 88 17 43 77 0 44 0 0 0 0 45 0 2 0 0 1 76 0 0 0 2 19 31 68 49 36 0 0 25 0 66 0 31 34 0 3 0 0 0 62 53 0 0 13 19 30 0 34 0 69 0 43 0 12 10 0 0 0 0 29 0 57 6 0 34 0 0 37 71 35 0 76 0 39 37 76 0 87 26 48
 62 0 0 55 4 5 65 0 36 0 51 61 0 50 18 39 41 36 6 0 0 32 0 0 0 62 85 61 0 90 0 31 67 0 0 0 17 37 47 15 58 0 19 96 35 0 28 24 44 17 56 56 48 76 0 47 46 0 31 79 2 4 54 19 49 49 0 51 28 31 2 63 44 0 0 22 39 28 15 23 0 0 57 10 65 40 74 0 0 45 25 80 29 49 21 30 24 41 71 0 41 22 29 0 61 9 0 92 57 0 77 0 51 22 0 55 91 22 51 14 0 0 85 28 46 60 51 27 7 0 0 62 0 0 0 15 7 0 55 17 1 13 18 0 73 0 16 0 0 71 0 0 0 15 39 16 20 74 29 58 45 0 84 28 0 67 0 14 32 54 78 0 0 70 0 10 0 78 0 9 0 49 5 0 10 0 25 4 58 25 8 16 4 30 72 35 55 56 0 56
 56 0 32 0 45 60 12 0 28 2 0 0 27 42 81 27 0 26 89 42 22 0 0 63 0 32 0 60 40 14 0 89 80 0 0 44 25 86 32 0 86 3 0 28 22 0 0 48 0 0 43 0 0 16 0 0 12 0 33 8 8 34 11 52 0 18 31 4 40 0 52 0 43 0 6 3 9 35 14 65 0 0 77 0 70 39 0 37 0 69 11 34 0 35 87 23 35 36 67 0 0 0 0 0 0 59 5 19 38 32 0 0 66 25 21 29 35 0 62 0 3 0 76 34 0 68 0 0 0 0 58 0 25 0 52 0 0 12 0 7 13 8 0 75 73 61 11 77 82 40 6 56 0 35 55 0 0 2 89 82 30 0 0 71 0 93 0 0 57 48 18 30 0 0 15 0 9 60 29 27 0 37 0 16 1 6 31 10 11 10 0 44 10 59 54 0 0 0 19 0
 6 0 0 0 47 0 0 0 25 11 0 19 0 41 0 0 0 7 0 0 0 0 0 0 23 0 10 0 0 0 0 0 24 4 0 0 69 0 20 0 0 0 1 0 0 0 0 0 0 0 19 17 0 29 6 0 0 0 0 0 0 17 1 0 0 0 0 0 57 0 0 0 0 0 19 30 0 0 53 48 0 0 0 25 0 0 0 0 0 8 0 34 0 0 0 9 2 0 0 15 33 0 0 0 0 0 0 0 0 0 0 0 29 0 0 38 0 0 0 1 1 0 0 29 0 0 0 0 0 0 0 26 14 0 0 0 12 0 6 0 0 0 3 0 0 0 0 6 0 19 11 0 34 0 0 0 0 13 34 0 0 0 0 0 0 0 0 0 0 0 0 0 0 0 0 0 0 17 0 28 15 0 0 0 0 14 60 0 0 28 0 0 0 0 25 12 0 0 20 0
 0 0 62 7 78 29 0 55 11 0 0 62 0 56 57 59 0 0 5 11 73 0 0 0 67 16 76 0 30 37 30 0 56 0 0 0 8 0 35 48 40 97 67 0 0 0 21 2 0 19 0 55 0 34 0 0 0 19 50 65 13 13 61 0 12 83 0 0 0 0 19 39 0 0 0 0 71 65 8 83 8 57 27 27 92 24 1 0 0 29 44 19 31 7 86 0 21 0 13 0 21 0 29 50 0 0 0 0 42 24 90 0 70 0 0 53 0 18 59 59 24 0 30 50 81 32 18 62 19 0 7 17 32 0 15 10 65 0 0 0 0 48 45 0 0 61 30 0 46 11 4 25 0 10 68 0 0 65 86 0 12 0 0 45 0 31 0 10 23 0 0 13 0 0 0 0 0 70 25 65 0 42 0 31 79 0 0 36 16 60 6 25 0 82 48 6 0 78 0 64
 0 58 42 75 37 0 50 0 58 46 97 91 0 37 27 43 0 39 2 23 19 12 5 4 0 19 25 47 11 0 58 32 84 0 3 0 5 64 54 56 10 21 42 4 13 0 61 5 0 0 0 0 0 16 0 31 6 0 5 2 10 39 66 0 0 8 3 0 32 23 39 57 56 2 0 54 5 0 13 0 17 0 12 50 0 16 79 44 0 91 1 1 95 25 71 30 62 23 17 0 0 15 33 0 0 0 0 18 0 0 0 0 5 4 0 0 52 0 0 49 84 0 37 36 47 0 80 0 18 26 9 16 40 16 3 18 82 0 0 91 18 0 13 0 36 91 11 13 39 13 0 80 0 0 58 24 0 21 45 16 51 0 34 60 17 14 0 43 0 44 98 16 0 72 0 40 0 46 0 29 10 27 0 0 60 82 30 23 4 0 49 0 14 0 38 38 0 76 0 27
 46 0 57 0 41 0 0 29 0 32 0 0 0 53 68 36 4 24 0 53 0 0 0 0 64 17 6 9 0 16 0 51 0 0 0 0 56 2 0 0 48 0 23 11 0 0 0 0 4 22 0 0 0 17 0 0 0 0 0 56 0 0 8 0 35 10 13 8 78 0 15 23 0 0 4 0 0 24 73 51 67 0 1 59 0 26 1 15 0 81 28 31 0 0 45 0 0 62 0 0 15 0 24 0 0 85 0 20 79 14 0 0 0 0 0 93 0 0 0 0 0 0 0 82 0 0 6 51 28 0 0 0 0 0 5 0 4 0 0 0 0 73 0 15 3 0 0 79 11 45 0 0 0 17 0 14 0 40 0 30 0 0 0 8 0 26 0 0 75 44 0 35 0 61 0 0 8 0 0 0 0 4 0 0 12 0 19 0 0 0 0 91 0 19 0 25 0 0 0 0
 65 1 0 0 0 59 59 20 0 0 58 0 0 64 0 47 0 94 0 0 15 0 0 20 1 0 0 0 58 33 0 64 17 0 0 10 0 36 20 0 91 0 20 9 0 0 35 0 0 6 4 0 0 58 0 0 0 0 25 75 95 35 35 0 0 35 0 0 25 0 66 15 0 0 0 22 0 72 29 0 31 35 0 78 0 67 0 37 0 55 0 40 60 0 29 0 0 77 5 13 0 28 34 28 0 99 20 0 94 17 51 0 0 0 0 20 15 0 55 0 17 22 0 88 65 0 0 94 43 0 52 0 53 0 0 23 0 0 0 62 0 65 20 14 12 0 0 49 43 45 43 0 0 0 3 50 0 0 0 47 83 0 0 3 0 65 0 1 36 0 57 44 0 65 0 0 29 56 0 48 0 59 0 2 49 0 41 0 33 28 0 10 19 35 0 42 21 0 0 47
 26 53 38 67 48 91 60 28 28 0 59 59 65 0 0 22 44 55 0 45 76 24 28 62 76 0 4 33 69 0 70 2 50 0 13 50 10 0 59 0 67 0 0 36 67 0 16 52 85 20 47 21 0 29 8 0 12 22 17 0 10 33 11 40 87 2 49 24 77 55 0 54 20 0 59 25 37 3 61 0 29 37 24 77 0 0 18 58 0 0 0 0 0 0 49 41 16 47 52 0 0 30 44 97 37 12 16 3 51 19 44 16 6 0 90 75 78 0 0 22 63 0 14 18 46 45 3 98 32 0 27 82 81 48 60 0 0 2 0 0 37 27 77 11 58 52 50 0 26 33 56 30 18 54 34 0 13 5 0 48 61 15 0 51 0 4 0 0 29 46 27 61 0 77 95 0 0 80 0 0 0 13 0 55 73 53 1 0 0 3 88 14 0 0 63 0 0 82 46 28
 0 1 50 14 17 0 12 8 0 0 0 0 3 0 0 0 0 36 0 0 0 0 0 62 0 6 0 0 0 0 0 0 5 26 16 28 5 0 0 0 0 0 0 0 10 0 0 0 0 0 0 0 0 0 36 0 10 0 0 0 0 0 2 1 0 0 0 0 0 0 7 0 32 0 18 17 2 0 0 30 0 0 0 36 0 0 2 0 0 0 39 66 0 34 0 0 0 0 16 19 0 0 0 0 0 0 0 30 15 30 0 0 0 0 0 64 12 0 0 0 0 0 6 6 0 0 0 2 10 27 0 12 0 8 0 36 0 0 0 21 0 0 0 9 0 0 0 10 0 0 13 23 10 0 0 0 35 1 15 10 2 0 0 14 0 9 0 0 0 34 0 0 0 0 0 0 0 0 16 0 0 0 0 0 0 0 40 0 0 0 0 33 0 0 0 0 28 0 24 0
 59 0 0 22 0 0 3 0 33 0 0 19 0 0 23 34 0 68 57 3 15 32 64 93 51 72 4 56 0 46 0 79 26 0 60 0 71 74 0 39 13 28 43 0 43 88 64 0 45 0 58 11 0 0 0 13 72 0 72 67 27 8 0 20 24 56 39 0 42 46 71 0 17 0 56 0 0 36 0 42 0 45 0 0 63 0 49 26 68 5 45 46 70 0 63 46 60 0 24 0 0 4 32 12 34 0 23 65 0 0 47 68 40 41 18 51 40 82 0 15 0 26 0 78 0 30 10 0 3 4 33 57 70 0 0 66 34 0 0 53 65 29 3 0 6 69 62 61 9 0 4 50 0 22 33 24 47 90 21 24 0 72 48 12 0 86 58 13 13 0 51 48 0 6 71 50 18 0 47 56 0 19 0 0 64 0 53 0 8 9 0 0 74 2 25 21 39 0 31 0
 14 65 44 38 0 0 45 33 55 0 12 0 0 20 66 0 26 88 0 64 0 51 0 85 70 63 58 26 20 0 0 19 60 0 46 9 5 56 0 6 61 41 64 12 30 0 11 65 35 0 58 24 52 27 0 0 0 0 26 98 80 83 0 0 49 22 88 40 84 66 6 0 0 0 70 0 0 6 0 69 65 79 7 44 0 0 21 9 0 0 66 0 17 68 53 0 32 31 30 0 97 1 61 57 59 11 8 0 10 0 16 27 75 0 20 31 51 0 30 0 16 0 0 38 0 4 85 0 0 0 5 29 0 0 38 0 40 0 0 35 0 51 52 1 83 85 0 14 63 14 13 68 6 16 25 2 0 39 49 52 0 58 23 41 0 87 78 77 54 0 60 4 17 0 0 52 82 55 0 87 0 64 0 54 21 0 68 97 0 0 78 94 0 77 39 27 0 85 0 0
 16 10 14 28 37 34 10 11 91 37 16 29 0 53 49 0 0 27 55 43 57 73 5 63 0 18 83 0 56 33 0 25 86 0 46 56 30 12 96 0 20 0 3 0 0 0 0 72 68 0 38 43 0 0 0 10 0 0 43 14 70 41 0 26 68 20 27 0 32 10 0 97 0 0 1 20 0 45 5 42 0 0 48 0 30 63 33 10 0 0 0 0 43 17 56 66 14 59 26 0 16 0 0 78 68 27 2 60 29 0 84 38 8 9 0 23 60 0 64 49 50 0 0 44 0 22 68 0 33 0 40 47 51 39 0 3 20 3 1 0 11 57 16 60 83 13 0 12 0 0 27 18 0 24 6 71 0 48 0 0 2 0 54 29 0 20 35 20 4 50 49 54 3 25 7 36 0 67 0 0 0 0 38 72 56 86 60 37 8 17 0 33 0 0 0 72 0 0 62 16
 50 70 24 60 28 32 8 64 0 22 1 62 7 15 0 46 40 0 12 0 0 55 0 49 0 38 43 43 54 68 0 0 26 58 65 11 28 4 38 0 38 41 5 65 93 29 47 76 0 51 40 84 0 77 28 15 18 0 0 19 41 0 39 33 36 0 59 0 46 39 9 49 0 11 0 54 0 6 64 0 0 71 26 63 75 72 0 0 0 51 0 4 0 59 34 39 38 64 10 76 30 0 93 68 0 43 65 68 70 0 11 71 19 30 36 54 59 0 0 0 26 22 0 0 36 4 47 0 0 22 23 60 57 46 13 14 21 19 0 17 5 41 0 17 0 31 32 42 26 0 0 6 0 17 76 69 56 0 19 17 3 26 41 39 0 27 0 0 23 19 12 20 66 52 33 13 58 17 62 0 0 67 79 81 6 93 28 0 19 2 56 34 57 27 62 85 74 8 71 0
 82 10 72 0 69 28 60 59 38 0 49 0 66 76 44 23 19 73 5 0 13 0 0 10 3 24 0 50 52 0 0 46 0 0 0 73 10 49 36 19 8 22 70 0 22 0 0 52 0 0 35 0 0 11 0 0 0 22 0 0 0 14 59 88 0 16 70 13 42 0 70 11 0 0 0 0 61 15 58 29 6 46 41 0 4 10 0 20 0 0 83 4 50 22 15 0 0 9 11 27 30 0 60 26 19 52 0 69 4 0 54 16 73 0 0 73 0 0 10 0 13 0 55 64 39 46 0 35 28 0 0 20 74 0 78 0 10 0 0 25 0 94 0 0 0 16 0 24 13 0 53 45 0 83 92 10 5 0 82 55 37 0 0 77 12 81 0 0 39 0 13 82 0 0 12 27 0 0 0 0 0 27 29 0 64 0 0 37 0 4 0 4 5 0 58 97 0 56 2 30
 0 26 73 0 0 0 0 0 0 0 0 44 59 56 74 48 5 29 55 0 0 0 0 0 0 0 0 0 27 0 0 0 28 8 0 0 0 21 17 0 1 0 13 3 17 0 0 47 0 0 0 0 11 27 0 0 0 0 14 0 0 0 14 0 20 16 0 0 42 0 0 0 12 0 0 7 0 11 0 56 0 0 0 0 0 43 0 79 0 0 0 6 0 0 0 0 27 0 0 0 0 21 0 0 6 0 15 17 0 0 0 0 56 0 0 31 22 2 0 0 0 0 0 0 0 0 0 28 0 0 0 23 0 0 19 0 0 13 0 9 2 0 0 0 0 0 0 4 59 86 0 0 0 0 0 0 0 0 0 0 0 0 0 17 11 0 11 0 0 5 6 0 0 0 0 39 0 0 0 17 0 0 27 0 0 0 0 31 0 0 19 0 19 0 0 0 0 0 14 0
 12 0 0 21 58 0 22 0 17 7 0 4 44 24 25 26 0 35 21 29 0 0 0 7 31 0 0 0 0 0 0 41 0 0 0 0 67 0 0 0 35 0 0 20 2 0 0 84 0 0 0 0 0 26 0 0 0 0 21 21 0 0 71 0 0 0 0 39 44 0 0 0 0 4 21 0 61 13 0 41 5 0 0 70 0 0 22 45 0 23 0 17 0 11 7 0 45 0 0 14 9 54 34 64 0 35 0 0 0 0 10 0 23 0 0 0 0 0 0 0 2 0 0 66 26 94 0 23 0 0 0 2 0 0 0 0 9 0 0 0 0 55 0 14 2 0 0 70 56 0 60 0 0 24 6 0 0 0 0 33 0 1 0 0 0 0 0 0 16 66 0 48 0 47 0 19 0 1 14 0 0 0 0 0 43 0 57 0 0 1 0 25 0 43 0 0 0 36 0 0
 84 0 81 0 38 50 53 67 0 0 68 4 14 0 0 0 0 68 91 74 0 15 0 8 17 0 0 47 94 32 0 29 0 0 0 9 5 0 12 0 7 31 29 0 42 0 0 0 0 0 50 0 0 80 0 0 0 23 0 57 26 0 52 3 0 2 80 34 0 35 9 0 58 0 0 0 40 25 3 0 0 71 39 72 29 8 0 41 0 64 36 45 1 5 20 0 53 62 74 0 0 44 38 62 65 64 13 73 27 0 87 18 81 61 0 1 92 0 63 44 44 0 55 42 63 7 64 0 11 0 39 42 6 0 0 0 0 0 0 0 0 41 24 89 28 45 0 81 11 11 58 0 0 16 20 96 7 9 82 0 0 0 0 0 0 0 0 0 70 73 38 83 11 18 0 0 21 11 0 0 0 2 17 3 31 0 43 57 18 69 32 54 31 55 36 38 0 58 38 0
 0 0 0 3 0 0 31 0 0 0 35 0 25 0 0 0 0 15 0 24 0 0 0 58 0 10 0 0 0 0 10 0 0 0 0 0 0 13 0 0 82 11 0 0 9 0 0 0 0 0 0 0 0 0 9 23 38 0 0 0 0 0 0 0 21 0 0 32 2 8 30 18 18 0 0 11 0 6 0 34 0 0 0 4 0 0 0 0 23 0 37 0 0 11 3 0 0 0 0 0 4 0 0 12 0 0 0 13 0 0 0 0 20 0 0 0 10 0 23 0 0 0 0 0 28 0 0 0 0 1 0 34 0 0 0 0 10 0 0 0 0 0 0 0 0 5 20 0 0 0 37 0 16 0 0 0 0 20 0 0 25 3 0 0 0 0 0 0 6 0 0 0 0 11 12 0 0 0 5 24 19 37 0 0 1 0 83 0 0 0 0 0 0 10 0 0 0 0 0 11
 78 0 1 0 35 0 86 39 10 0 3 65 83 0 55 25 7 84 6 36 0 0 0 20 66 0 10 41 33 2 0 8 0 0 0 31 0 36 47 0 26 0 33 10 0 0 0 0 0 34 37 49 0 0 0 16 0 0 0 18 56 0 42 0 20 36 9 81 2 96 2 0 0 0 0 0 53 9 64 0 13 0 0 50 22 15 16 14 0 0 0 0 0 0 0 0 0 3 87 0 38 54 40 35 0 41 12 0 0 0 37 0 15 15 0 47 0 0 30 2 9 0 3 90 0 0 0 0 0 0 77 0 26 0 0 0 60 0 0 62 9 23 0 0 65 0 10 0 25 10 63 46 0 30 3 23 1 74 0 60 40 9 0 0 0 81 10 0 34 0 40 15 13 36 0 0 0 33 0 0 21 56 0 18 7 25 74 0 0 0 0 0 0 82 0 61 13 5 0 56
 46 26 61 0 21 19 0 21 5 20 48 4 0 30 1 76 0 62 0 46 37 0 0 83 0 0 10 0 0 81 0 85 40 0 0 33 66 96 70 0 76 29 0 19 0 0 83 13 0 37 0 75 0 94 0 0 0 0 70 0 66 12 0 0 0 44 0 79 0 0 71 68 0 0 0 0 27 31 11 22 0 0 69 4 0 0 5 0 0 4 25 60 0 13 15 0 23 62 0 0 5 5 59 2 80 54 41 8 35 0 27 62 83 68 0 61 26 22 18 12 44 0 48 0 75 0 9 65 0 0 16 60 0 0 0 0 65 0 0 13 15 85 55 6 22 9 17 62 53 65 0 63 0 72 85 0 0 0 61 0 52 27 0 0 19 45 0 0 21 42 38 13 31 0 0 10 23 60 0 24 0 0 2 71 41 10 28 25 0 38 11 49 0 0 40 56 0 50 45 38
 29 14 0 0 38 0 17 25 0 0 0 0 19 0 38 74 0 18 0 58 39 36 0 0 24 0 0 0 6 0 0 30 0 0 0 0 79 13 5 0 91 0 2 0 34 0 0 17 0 0 0 0 0 87 0 0 0 30 0 0 40 0 29 0 0 0 0 0 0 66 42 0 0 19 0 0 0 0 59 19 49 9 0 0 0 76 0 0 0 0 27 12 0 0 29 2 0 21 26 0 0 0 0 40 0 0 0 0 57 5 0 0 12 6 0 33 0 28 82 0 0 0 0 30 0 22 0 1 7 0 19 0 0 0 5 35 0 0 0 0 0 0 38 12 27 0 0 78 52 61 12 94 0 36 10 0 0 20 0 0 64 0 0 0 0 47 0 0 0 14 0 63 0 0 0 0 0 0 0 0 12 52 0 0 70 0 0 0 1 0 0 25 19 22 0 78 0 8 0 0
 6 36 46 32 95 32 0 40 0 0 73 9 7 0 24 3 35 33 44 21 0 0 0 18 62 23 0 57 6 19 17 49 0 18 0 0 29 97 0 7 65 19 56 0 0 9 0 67 8 0 0 39 0 29 0 0 0 0 0 78 0 0 78 0 23 96 0 0 0 0 0 0 28 0 0 0 0 56 54 56 4 43 5 28 0 0 0 56 0 86 0 0 0 29 3 0 49 0 66 0 7 0 49 0 0 45 0 0 63 0 40 0 0 23 0 0 65 23 39 0 5 0 9 60 88 30 0 74 72 0 9 0 93 0 36 0 26 0 0 0 0 62 24 0 8 0 0 0 20 71 0 74 0 29 50 15 0 28 0 0 1 0 32 0 0 10 24 0 25 82 0 25 0 51 16 11 0 59 0 19 0 38 0 16 26 0 3 0 0 0 0 93 0 14 45 13 25 14 0 0
 35 32 2 0 0 10 25 0 10 0 43 50 0 36 68 55 17 41 11 35 0 30 0 50 0 0 0 72 0 0 0 0 1 0 0 0 4 0 22 0 54 0 0 0 0 0 0 39 31 11 0 19 0 60 4 0 0 14 0 91 0 0 0 0 0 18 21 0 0 0 0 11 0 3 3 37 28 57 32 80 0 16 7 0 13 43 0 16 25 44 0 47 0 0 79 0 1 0 3 0 15 0 0 60 0 0 0 0 0 0 0 0 77 0 0 0 0 0 0 0 0 0 0 36 0 2 0 60 0 0 0 0 0 0 13 0 38 2 0 0 0 40 33 0 0 19 1 0 25 0 0 0 0 5 87 0 0 0 0 7 4 6 0 0 0 0 0 1 0 26 0 5 0 85 26 19 0 0 0 45 14 0 4 0 43 0 24 0 0 0 0 0 0 0 0 2 0 27 0 0
 9 37 0 0 0 0 0 0 0 0 0 18 0 0 0 0 0 0 0 0 0 0 1 80 3 0 0 0 0 15 0 0 0 0 4 0 0 0 0 14 55 0 0 5 0 0 0 0 8 0 0 0 0 0 0 0 0 0 0 0 0 3 0 0 9 21 10 21 0 0 0 0 0 0 0 4 30 0 0 0 8 0 3 0 0 3 0 0 27 0 0 0 0 26 0 38 0 0 13 3 15 0 0 0 0 3 0 0 0 0 0 0 0 0 0 80 30 0 0 0 0 0 14 0 18 3 0 0 0 26 25 0 0 14 0 0 0 0 0 0 0 0 0 0 0 0 19 0 0 0 0 0 0 0 0 0 0 0 7 0 0 0 16 0 0 35 0 0 0 0 0 0 0 0 0 10 0 0 0 0 34 0 5 0 0 0 7 0 0 0 0 0 0 0 20 0 34 0 0 0
 44 0 8 0 0 0 0 0 0 33 0 81 20 22 50 33 0 38 66 52 0 23 0 0 0 0 0 0 0 0 0 58 0 0 0 0 7 0 0 5 11 0 2 0 0 0 2 57 32 0 21 0 0 58 0 0 0 0 16 31 48 0 0 0 4 0 21 10 17 0 0 0 0 24 0 0 69 30 6 6 40 26 0 0 0 12 0 33 0 0 0 24 0 0 46 23 7 0 0 22 13 24 0 49 0 0 0 0 39 34 6 0 67 5 14 41 0 0 0 22 26 0 8 12 82 45 0 0 0 0 0 0 1 0 18 0 0 0 27 11 0 38 67 0 0 27 0 9 17 60 0 37 0 0 0 0 0 0 16 33 64 0 0 0 0 0 0 0 80 0 0 0 0 28 0 0 0 0 0 0 0 28 0 17 62 0 23 0 0 0 0 0 0 48 0 76 29 0 0 2
 87 12 68 0 61 0 28 0 0 0 61 0 54 51 41 0 0 48 56 16 22 0 26 90 68 0 8 65 13 0 15 3 9 0 0 0 35 0 0 0 35 18 0 0 0 0 0 24 0 0 0 0 12 0 0 0 34 0 0 56 28 0 0 0 0 0 38 95 18 46 0 0 0 0 1 6 0 25 0 0 27 0 23 28 0 0 0 40 0 46 0 19 8 0 20 0 59 17 0 0 0 2 7 0 0 0 0 0 3 0 0 0 0 0 0 60 0 0 0 0 49 0 0 32 0 0 0 37 0 36 0 0 0 0 0 0 68 0 0 0 0 3 0 0 8 0 0 11 41 0 56 65 20 0 31 0 0 0 0 44 0 0 0 0 0 15 0 9 84 0 0 41 0 75 0 29 0 0 2 77 0 3 7 0 0 0 37 10 0 0 0 0 0 88 0 61 0 0 0 19
 61 5 34 36 1 0 0 64 0 0 0 5 49 0 59 63 0 85 0 71 27 0 0 0 24 0 41 0 95 12 0 0 67 0 1 5 0 33 0 0 0 66 29 0 14 0 59 74 0 0 0 0 0 53 7 4 0 0 0 13 42 26 0 10 0 11 10 0 8 3 94 0 57 0 0 33 64 15 0 11 79 63 63 69 39 55 0 55 0 0 14 0 0 0 72 0 67 65 17 0 0 36 0 68 0 47 64 41 67 0 7 19 28 42 0 76 0 0 32 0 24 0 9 64 70 86 83 17 47 18 0 0 29 0 30 0 57 0 0 0 0 0 4 45 47 33 32 83 54 55 35 0 0 0 0 53 0 19 25 9 30 0 0 0 0 48 9 4 19 13 0 0 0 78 0 0 0 43 21 1 0 53 0 0 19 0 0 0 26 1 24 5 0 56 4 47 25 35 71 54
 26 0 37 0 84 9 59 26 65 0 0 13 47 57 0 44 0 10 72 0 71 0 0 52 38 39 71 0 40 50 0 0 22 0 39 22 9 41 0 6 83 0 53 0 0 0 0 3 33 0 2 4 0 0 0 0 7 2 9 0 35 0 0 55 29 38 0 62 55 11 1 0 0 0 17 0 30 78 58 67 0 6 0 15 21 21 0 13 0 16 0 15 63 0 25 0 50 0 11 0 0 76 0 51 0 5 0 64 66 0 0 0 0 75 0 16 0 0 63 0 82 0 0 39 85 73 13 17 60 37 0 0 0 0 31 4 21 0 0 48 15 44 25 36 36 0 9 30 20 0 67 57 0 43 3 42 23 66 3 10 81 0 0 0 0 26 0 0 45 0 11 52 0 70 8 28 0 19 0 3 0 72 0 55 28 0 34 55 0 18 0 0 0 48 96 0 0 64 0 0
 11 28 9 16 22 36 0 57 0 54 59 98 0 0 0 2 32 0 87 38 43 63 44 27 27 49 91 5 57 46 0 29 58 0 76 88 64 20 0 72 26 35 34 69 79 13 51 19 65 0 10 14 44 7 24 16 42 0 66 28 0 2 70 57 25 0 89 0 70 0 69 69 83 0 0 66 0 19 14 0 51 77 6 0 90 71 51 0 39 86 59 77 80 8 49 39 60 40 0 0 40 53 20 41 28 90 43 0 36 0 39 0 89 0 55 0 47 69 96 20 0 0 42 48 28 41 48 15 18 0 85 59 0 1 86 0 52 85 0 0 64 19 48 0 14 0 14 65 0 72 74 44 20 29 0 68 22 0 0 0 70 0 0 64 0 0 0 23 0 0 38 0 0 28 0 0 69 17 0 0 0 79 43 81 84 31 0 1 19 4 24 45 11 40 1 20 87 55 0 0
 22 0 0 0 15 93 11 26 58 0 57 3 0 0 0 23 0 42 24 0 0 0 0 13 0 45 76 43 25 53 11 0 42 0 0 3 0 22 44 33 17 48 38 14 23 26 0 0 30 15 0 17 0 0 0 0 0 17 50 47 0 11 24 59 10 39 76 0 56 60 0 56 0 16 0 0 32 71 7 29 64 30 0 73 43 12 0 51 18 49 0 0 44 25 49 0 38 85 0 0 15 80 20 16 0 55 68 0 7 0 47 42 73 95 0 31 72 17 41 7 32 2 81 0 21 0 34 80 16 0 25 33 0 0 67 0 0 0 0 98 0 39 0 0 29 6 8 53 36 10 20 29 0 86 82 43 0 19 0 0 18 0 0 53 1 0 0 8 5 29 0 72 23 60 0 0 2 73 0 52 0 0 0 0 74 1 84 0 0 0 0 0 0 35 0 76 0 45 0 7
 17 28 46 96 7 28 24 5 1 0 46 6 2 30 10 61 29 30 29 17 61 22 0 0 24 0 29 6 0 0 0 28 6 0 61 0 0 21 0 37 63 7 2 21 0 0 0 0 61 0 50 0 0 0 33 6 0 0 80 0 68 40 0 54 0 57 75 0 0 21 0 0 77 0 13 0 0 0 43 0 0 0 95 0 58 58 0 30 33 18 23 71 31 44 0 0 48 63 48 7 25 23 40 0 0 10 29 42 10 0 0 59 0 65 0 13 33 0 84 0 0 36 2 18 2 8 85 25 72 0 90 47 0 75 34 38 46 0 23 0 0 17 28 0 74 0 0 0 54 65 0 0 0 34 79 30 0 56 10 44 35 0 6 33 0 64 0 0 81 39 23 52 0 68 0 21 0 60 0 70 0 12 0 14 5 0 30 0 0 0 0 0 0 2 54 40 0 0 0 0
 0 11 25 0 52 0 0 0 0 0 1 72 0 44 36 49 4 21 13 19 0 0 0 41 0 0 0 0 12 0 0 96 15 0 0 0 0 0 5 0 0 33 0 0 0 0 0 83 0 0 8 9 0 0 27 4 19 6 0 42 0 0 49 0 0 11 18 0 0 0 19 0 0 15 0 8 0 0 22 0 13 0 0 41 0 78 0 50 34 70 0 49 0 28 25 0 9 11 0 0 0 0 0 42 6 0 3 0 0 0 0 0 74 0 0 64 3 0 7 0 3 0 0 68 35 0 0 69 0 0 0 0 31 23 0 19 0 0 0 0 0 0 0 27 0 11 0 7 36 8 44 0 24 0 41 0 6 0 0 93 0 0 0 0 14 0 0 0 0 20 0 0 0 0 0 26 0 0 23 59 0 27 0 14 0 0 61 0 0 30 0 70 0 0 9 0 0 0 0 0
 0 0 54 2 12 0 4 15 22 0 15 38 5 39 70 57 32 9 0 0 0 20 22 24 9 0 0 0 36 5 0 54 4 0 0 0 56 0 0 0 6 0 0 0 0 0 0 69 0 10 0 0 0 62 0 0 0 0 0 0 0 0 0 0 0 24 0 0 8 0 0 0 0 0 0 4 56 0 0 54 0 4 0 0 0 41 0 0 0 68 0 5 0 0 45 8 25 0 0 0 0 5 16 74 21 54 8 0 8 0 0 0 46 0 0 0 0 0 0 0 0 0 0 15 67 51 12 0 0 0 0 0 0 0 0 0 16 0 12 0 0 0 47 0 0 0 11 0 28 0 49 0 0 0 66 0 3 0 0 54 0 0 0 0 4 0 9 11 1 11 0 0 0 0 0 0 0 0 0 84 21 0 8 0 0 0 11 0 0 0 0 40 0 0 0 0 0 0 0 0
 9 0 39 0 22 0 0 6 0 0 0 0 0 0 0 0 35 20 0 0 37 0 0 21 37 0 0 0 0 0 0 0 0 0 0 0 61 0 0 0 19 0 0 0 0 0 0 0 0 0 0 0 0 64 0 21 0 0 0 31 10 0 25 0 0 0 0 0 61 0 0 26 0 0 0 0 0 13 0 20 2 0 24 33 0 19 0 0 0 16 0 0 22 0 0 0 0 0 0 0 21 2 24 0 25 40 0 0 0 5 0 0 0 13 0 0 0 30 0 0 0 0 0 0 0 0 1 43 0 0 0 0 0 0 32 0 6 22 0 29 0 0 0 0 0 0 0 0 0 0 35 0 0 0 26 0 0 16 0 0 0 0 0 0 0 5 8 0 36 0 0 0 12 0 0 0 0 0 0 0 13 0 0 0 0 0 0 0 0 0 0 0 23 0 0 0 0 0 12 0
 10 0 0 0 0 26 0 0 0 0 0 0 0 0 0 9 5 53 0 0 0 0 0 58 0 0 0 0 11 0 0 0 0 35 30 0 38 0 0 0 8 2 0 0 0 0 0 0 0 1 0 2 19 0 0 0 0 16 0 0 0 19 0 32 0 0 0 0 53 0 16 0 0 38 0 5 34 0 0 0 14 0 0 16 0 0 0 9 0 0 0 0 0 0 0 0 0 17 0 0 0 23 0 13 0 1 0 0 0 2 0 0 0 2 0 14 11 12 0 0 0 0 0 0 0 0 20 0 0 0 24 0 37 32 0 0 0 0 0 0 0 0 0 0 0 4 0 0 0 0 0 0 0 0 0 0 0 0 0 0 11 14 0 0 0 28 0 8 0 24 0 0 0 0 34 0 0 0 24 0 0 16 0 28 0 11 0 0 9 0 0 0 0 0 33 0 0 0 24 0
 25 0 12 0 33 0 73 0 1 0 51 69 0 52 54 18 32 0 62 0 0 24 0 0 8 0 0 0 0 0 12 55 0 0 0 0 46 0 7 0 59 0 0 0 0 18 17 69 0 0 0 0 0 8 27 0 10 3 0 36 0 10 11 0 23 0 0 89 0 0 0 0 4 0 0 10 0 31 0 0 0 6 17 27 0 59 0 0 0 32 0 0 0 0 0 0 0 0 0 0 0 19 0 36 10 0 0 0 65 0 0 9 0 0 4 11 0 32 0 0 0 7 22 0 0 17 0 0 0 14 0 0 0 7 0 0 0 0 0 0 0 0 73 0 63 0 0 0 0 15 1 4 0 0 0 0 0 0 0 82 0 0 0 0 0 0 24 34 12 2 0 82 0 0 0 0 0 0 11 43 0 29 8 0 94 0 0 0 17 0 0 11 0 6 0 0 0 0 0 0
 31 3 66 36 62 0 53 0 9 0 48 76 10 28 29 1 11 0 62 0 14 0 0 40 70 1 0 25 0 0 0 49 0 0 0 72 46 46 53 26 11 0 85 0 0 0 7 56 0 12 36 0 0 71 0 0 14 0 0 29 17 0 2 2 32 0 0 0 19 0 27 0 0 0 0 28 13 0 68 18 0 0 0 3 0 79 0 59 0 0 0 0 0 0 0 33 0 48 0 0 1 17 0 0 7 0 4 27 75 0 42 37 87 88 0 15 0 0 84 0 3 0 9 0 0 49 0 66 0 0 0 0 0 0 0 0 0 0 0 0 0 36 12 0 63 1 0 63 7 48 32 39 0 45 0 0 0 21 11 17 2 0 0 90 19 57 0 0 0 14 6 60 0 43 0 0 0 0 19 79 0 0 0 0 33 0 0 0 0 0 15 11 0 77 61 78 0 0 0 0
 68 0 33 0 52 0 0 0 5 0 0 0 68 36 30 29 0 54 25 63 61 10 0 35 0 37 0 61 28 49 22 53 0 0 0 12 27 43 41 0 20 19 33 0 0 0 0 98 0 0 0 0 0 64 19 0 0 0 0 66 38 0 64 36 0 11 0 0 0 74 0 0 3 0 15 0 41 48 0 19 0 61 0 0 0 55 0 31 0 76 0 85 25 0 4 0 23 66 16 0 0 0 0 86 0 0 0 14 0 25 85 0 0 61 0 0 0 0 40 0 37 24 8 0 92 0 0 52 26 0 19 0 31 0 18 0 0 0 0 38 0 97 54 0 0 0 0 0 34 0 10 49 12 31 0 0 0 66 0 69 8 0 0 97 12 39 0 0 16 0 40 80 0 36 0 24 0 60 0 0 0 0 0 82 32 0 48 27 0 93 0 13 0 47 86 17 0 0 0 62
 0 0 0 0 0 0 16 0 0 32 11 0 0 0 0 0 0 49 5 0 11 0 0 23 0 0 0 7 0 11 0 0 0 0 0 0 75 0 0 0 37 0 0 10 0 0 5 0 0 0 0 0 0 0 31 0 16 0 2 35 0 0 0 0 0 9 0 32 63 3 0 0 0 17 0 20 0 22 0 0 0 0 14 0 24 37 24 0 0 0 0 47 0 0 0 0 0 13 0 0 0 1 0 30 0 0 0 0 0 0 0 0 2 0 0 6 37 0 21 0 0 25 0 0 0 0 12 75 0 2 12 25 0 0 6 0 34 34 0 2 16 33 25 0 0 30 0 0 0 0 0 0 0 28 0 11 0 0 0 0 0 0 0 4 0 0 0 0 1 0 0 0 0 9 38 13 0 0 0 27 0 0 0 7 9 14 64 18 0 0 0 26 0 0 0 0 0 0 0 0
 71 0 0 17 18 66 16 0 62 0 0 0 26 9 34 98 0 20 64 0 19 0 16 0 0 21 0 72 32 41 0 52 0 0 0 3 68 6 0 0 33 0 52 18 0 0 0 26 0 7 25 55 0 62 0 6 0 0 0 95 64 0 36 0 23 17 37 0 52 7 38 0 0 0 0 0 51 54 53 29 28 63 45 0 0 26 0 0 0 78 26 11 38 0 0 0 36 0 0 0 0 51 0 19 0 30 6 0 17 0 9 0 58 0 9 0 37 0 58 0 28 25 0 64 30 14 0 38 0 23 74 5 5 0 0 0 28 0 0 73 28 0 0 0 19 0 0 32 0 46 0 0 8 0 47 0 4 9 52 61 11 0 0 0 0 11 0 0 3 14 7 42 29 88 0 1 0 0 0 74 6 78 0 66 55 0 0 17 0 73 5 22 0 45 24 64 0 78 7 0
 0 0 0 0 16 5 0 0 0 0 0 0 0 0 0 0 0 66 0 0 18 0 3 0 9 0 0 0 0 0 24 0 6 0 0 0 34 0 9 18 49 0 0 14 0 0 0 0 0 0 0 0 23 15 2 27 0 0 0 0 6 0 45 0 0 0 0 0 0 0 31 0 0 0 0 0 0 0 0 44 0 0 0 0 0 0 0 0 12 8 1 44 0 0 12 0 0 0 6 0 0 8 0 45 1 0 5 0 0 0 10 0 0 20 19 0 0 0 0 20 0 0 26 0 0 0 0 0 0 0 0 0 0 0 21 0 0 0 12 7 0 0 0 0 0 0 31 0 0 0 0 0 0 0 2 0 16 8 0 0 0 0 0 0 21 0 26 25 0 53 0 0 0 0 0 0 0 0 0 0 0 0 0 14 0 0 9 0 0 0 0 0 0 0 0 2 25 0 8 0
 0 0 61 0 65 37 8 23 73 0 25 74 86 37 27 0 0 13 37 61 29 0 9 21 35 0 24 0 10 51 13 0 50 27 78 41 66 62 56 83 23 80 37 15 33 0 54 14 0 0 0 50 0 0 0 0 0 30 57 71 0 39 77 0 0 85 8 25 43 35 20 25 49 0 83 26 30 66 28 29 60 63 66 0 67 84 0 39 0 67 52 59 45 0 95 0 93 75 27 21 0 40 0 23 9 42 0 25 0 0 51 71 85 30 0 0 42 0 64 12 66 14 63 0 0 44 0 0 43 0 0 3 59 0 16 2 63 0 0 35 0 57 4 12 25 36 41 47 78 46 11 62 0 58 1 0 0 41 54 0 88 40 0 65 0 26 0 0 0 46 46 22 0 0 17 2 20 35 0 1 0 27 0 13 0 0 11 41 23 12 6 18 0 48 15 34 0 10 0 0
 0 0 69 0 0 6 0 0 0 0 0 57 0 33 0 0 0 3 0 0 0 0 0 31 0 15 0 0 0 0 0 0 14 14 0 8 43 0 0 0 46 0 0 0 0 7 0 37 11 0 0 0 0 56 0 0 0 20 0 0 0 0 71 0 15 2 0 0 9 0 0 0 0 7 0 0 0 7 16 0 17 0 0 58 11 0 0 0 31 0 28 0 0 0 0 0 0 0 0 21 0 59 0 39 0 58 0 0 0 0 0 0 17 0 13 1 0 0 0 0 0 0 0 0 0 0 0 0 0 0 2 14 0 0 0 6 0 0 0 9 20 12 43 35 0 0 0 0 49 0 0 0 0 0 0 0 0 0 0 8 7 0 0 0 0 0 5 0 0 8 0 30 0 0 21 1 0 0 0 0 0 0 0 0 0 0 58 6 2 0 27 3 0 24 0 0 0 0 12 0
 0 71 5 0 39 63 41 0 77 13 20 3 32 64 0 30 62 0 6 26 80 18 0 29 25 4 10 36 78 23 0 3 16 0 0 0 16 1 40 71 0 0 75 47 0 50 31 36 65 49 33 26 77 55 0 36 54 27 31 94 34 34 0 96 74 30 5 0 0 92 2 10 18 0 0 0 0 52 91 31 91 63 21 34 17 0 21 0 0 19 0 0 31 50 0 25 11 19 37 0 75 17 69 12 11 20 1 71 0 0 50 64 0 95 0 33 38 0 23 26 80 63 19 83 0 0 48 8 5 0 8 95 34 63 87 40 41 12 41 4 46 4 69 54 29 42 16 78 62 80 91 33 23 0 49 28 24 1 54 68 15 38 57 66 13 19 54 74 90 0 47 3 0 51 80 38 6 63 33 72 25 37 24 20 12 0 0 62 9 23 29 0 68 65 31 89 0 45 0 0
 0 0 26 0 6 0 0 2 0 0 0 0 59 31 53 47 0 0 20 25 0 0 0 61 0 0 9 0 0 32 0 52 0 0 0 0 84 4 0 0 0 0 0 0 0 0 0 0 0 0 0 0 6 50 0 19 1 0 18 87 0 0 28 15 0 0 0 0 55 28 0 31 0 0 0 0 0 0 0 15 0 6 0 62 0 0 0 76 0 0 0 0 0 0 12 0 0 3 0 0 7 41 0 78 0 32 0 0 0 0 0 0 0 0 0 0 0 0 0 15 9 0 0 0 0 27 1 0 0 17 0 3 0 4 0 0 0 0 0 24 28 23 14 0 0 0 0 0 0 64 0 0 0 13 84 24 0 13 6 2 0 0 0 0 0 0 3 0 38 80 0 0 0 0 17 0 0 0 0 54 2 0 0 0 0 0 22 0 0 0 0 97 0 0 0 0 0 0 0 35
 60 7 55 0 44 44 50 7 0 25 78 75 37 66 17 0 0 73 9 0 72 0 0 35 35 44 0 32 0 85 0 0 8 0 0 44 69 58 46 0 49 0 10 0 35 0 0 12 0 0 0 1 18 0 0 0 13 0 0 25 55 0 0 24 0 0 28 17 30 9 46 0 26 0 27 0 76 22 0 97 30 29 26 75 0 0 0 0 15 86 0 12 64 0 84 0 92 69 46 20 9 32 0 32 0 0 0 0 33 23 34 0 0 2 0 50 0 15 57 0 21 4 40 49 80 57 28 13 49 0 0 6 46 8 47 2 6 0 0 33 0 63 93 0 83 20 0 19 73 46 31 30 0 6 34 52 0 85 0 86 81 0 0 0 0 0 24 0 60 7 69 0 0 26 0 0 0 0 13 45 0 94 0 36 66 0 73 0 0 0 0 35 36 46 13 2 21 65 24 19
 0 0 20 0 19 0 0 0 37 0 0 0 38 0 17 0 0 23 0 0 17 0 0 0 29 0 0 0 4 8 0 0 0 0 0 7 6 0 0 1 8 0 0 0 0 0 0 0 0 0 0 0 16 0 0 7 11 0 0 0 0 0 13 8 0 0 21 0 69 0 0 7 0 0 11 0 0 0 14 77 33 9 0 0 0 0 0 21 14 2 0 0 0 32 0 0 0 0 10 0 0 32 18 85 31 9 13 0 17 0 0 0 0 0 3 0 0 0 0 14 18 0 0 17 0 32 0 81 2 26 0 0 8 0 0 0 29 21 0 0 28 36 0 0 0 22 30 0 0 0 0 0 0 0 0 0 0 0 0 0 0 0 0 3 0 0 29 0 0 29 0 10 19 0 0 0 33 0 0 0 0 0 23 0 0 0 10 0 0 0 0 3 0 34 0 0 0 37 0 0
 85 0 79 7 0 87 0 13 2 0 0 37 0 30 70 0 37 45 69 32 0 0 0 7 0 0 0 38 0 41 7 20 0 0 0 30 92 44 30 1 58 0 0 0 0 0 17 71 0 0 20 0 0 2 0 0 0 2 0 56 50 0 33 6 29 80 18 89 81 15 0 0 0 0 0 0 34 31 0 77 49 39 0 73 0 80 0 57 0 5 0 28 0 20 56 0 93 82 31 13 17 32 1 19 0 52 0 0 44 0 53 0 38 35 0 7 24 26 0 0 0 0 0 36 68 0 25 12 51 0 0 0 0 0 0 0 44 0 0 0 0 0 41 0 0 0 0 93 58 25 0 0 0 31 50 42 0 62 30 57 49 9 0 86 27 0 0 0 73 59 0 12 0 43 8 26 0 0 0 86 0 79 0 0 46 0 40 0 17 11 0 46 3 3 29 31 5 0 0 0
 54 51 0 30 19 42 7 0 0 0 16 0 49 1 35 0 0 31 34 80 58 0 0 0 63 88 62 65 62 62 26 85 0 0 5 66 0 0 37 42 58 12 63 0 0 0 0 10 0 0 39 50 5 0 18 0 0 0 0 73 0 0 0 43 0 4 0 33 0 40 47 6 0 0 0 0 0 32 15 16 38 15 16 10 83 48 19 4 0 66 58 0 0 0 22 41 32 0 50 0 0 0 15 84 0 52 0 17 4 30 56 54 58 21 0 26 0 5 13 36 61 0 70 85 39 0 20 70 40 0 0 0 0 0 45 11 9 0 7 11 23 31 63 0 0 57 0 23 56 9 0 92 0 71 53 24 0 70 9 59 32 75 0 79 0 22 0 0 24 45 17 56 0 0 67 0 0 6 0 0 0 84 21 9 0 0 7 0 53 0 38 27 27 0 76 46 0 55 12 0
 0 0 4 0 0 0 0 34 0 26 0 66 23 1 0 0 28 62 0 0 6 0 0 0 0 0 0 3 0 11 0 0 0 0 0 0 90 0 0 0 96 5 2 0 0 0 0 0 0 0 0 0 0 68 0 0 0 0 0 17 0 0 0 28 0 0 0 0 20 0 0 0 0 0 0 3 0 0 23 22 27 1 0 67 23 0 0 15 5 0 0 57 0 0 0 7 0 0 0 0 0 0 18 44 0 66 0 0 1 0 0 17 0 0 0 25 0 0 11 0 0 0 0 0 25 0 13 7 29 0 26 0 0 8 25 0 17 0 0 0 0 0 73 10 0 29 0 9 21 0 0 0 0 0 5 0 0 0 0 0 0 0 0 0 0 0 0 0 0 16 5 0 0 0 17 0 0 0 0 71 0 17 0 0 0 34 56 0 0 0 0 3 34 0 0 0 0 0 0 0
 39 0 63 0 24 23 47 9 83 0 41 0 38 49 55 0 0 71 39 44 35 21 0 58 17 0 36 21 26 30 0 74 79 0 68 73 91 27 0 1 10 49 41 0 24 0 0 0 4 0 47 66 0 60 0 0 0 0 15 26 71 11 64 89 17 0 49 86 0 0 0 49 97 0 62 24 34 0 69 60 82 0 17 60 47 63 12 7 0 77 5 16 31 0 0 0 3 35 0 0 0 58 15 18 46 60 65 0 59 0 16 87 0 0 0 56 0 0 62 78 0 0 21 55 72 0 86 0 51 0 0 10 68 0 19 0 22 7 0 28 92 83 55 0 81 11 2 41 42 96 0 38 0 59 6 7 0 46 0 65 0 13 0 0 0 9 0 14 59 41 97 0 12 39 0 56 0 0 0 0 0 7 12 65 0 11 0 55 87 65 0 32 0 0 70 42 0 11 78 22
 7 0 11 0 51 6 64 0 12 0 72 0 13 54 59 49 0 96 47 0 10 0 0 34 0 0 13 59 17 3 0 48 0 17 20 0 71 0 5 0 0 0 63 11 0 0 0 0 0 0 20 5 0 4 0 0 0 0 0 0 0 0 55 4 0 19 0 0 10 0 0 0 0 0 0 0 0 0 29 34 15 11 0 21 0 78 0 97 0 83 0 14 0 0 12 0 0 8 0 3 0 40 0 54 15 40 35 17 1 0 0 0 0 0 0 53 0 0 0 0 16 0 0 0 10 16 0 32 0 0 0 0 0 0 0 0 0 0 0 0 0 7 0 0 32 0 0 0 39 83 36 0 0 0 11 0 2 0 9 65 0 22 33 13 0 0 0 0 73 0 7 58 0 0 0 0 0 0 0 51 0 67 0 0 45 0 43 0 0 21 0 11 0 46 0 10 0 21 0 0
 43 1 0 11 0 0 0 0 0 26 42 14 0 12 7 30 0 57 17 4 0 0 0 20 16 0 0 26 70 0 0 8 0 0 0 7 0 0 0 0 18 13 40 0 0 0 0 53 6 0 0 0 0 29 9 0 0 0 0 77 66 0 0 0 0 0 3 49 40 64 0 0 4 0 0 0 0 22 76 0 27 0 0 0 2 1 0 30 0 0 0 55 0 14 43 0 0 0 10 0 0 58 42 80 0 59 0 0 78 0 0 0 0 0 19 76 0 0 30 0 51 0 0 72 8 0 2 45 23 0 0 5 0 0 13 0 0 0 0 0 0 0 45 0 21 0 0 6 50 1 73 6 9 0 30 0 0 0 3 50 64 26 37 0 0 0 0 16 0 72 0 48 0 40 0 0 0 15 23 13 0 28 28 17 0 31 64 0 1 0 0 87 0 7 0 59 24 0 13 0
 72 26 37 0 31 0 45 0 17 0 0 0 11 56 0 17 0 0 30 15 0 0 0 0 0 0 0 41 0 0 0 60 18 0 0 0 74 2 0 0 61 19 5 19 0 0 0 2 0 0 7 0 0 0 0 0 0 0 0 39 79 0 40 0 8 0 0 0 0 1 33 0 0 37 18 0 40 61 3 94 38 22 0 20 3 0 0 78 0 56 0 0 0 0 85 3 11 0 0 0 0 0 0 0 0 0 0 6 14 0 20 0 36 0 8 0 0 0 0 12 0 0 0 2 0 5 0 83 0 0 0 0 0 0 0 0 0 0 0 0 0 45 57 19 68 28 0 0 0 0 73 0 30 0 49 0 4 0 0 77 66 0 0 35 0 16 0 0 50 0 0 36 0 61 0 0 0 0 0 26 0 0 0 4 0 0 99 0 0 31 0 0 0 21 0 0 20 0 0 0
 60 0 41 0 11 34 24 23 14 4 0 0 32 52 0 60 40 18 35 45 73 64 8 16 0 0 10 83 65 43 44 20 60 0 1 31 77 51 3 75 47 32 27 47 38 81 97 0 74 49 34 0 65 0 47 64 0 0 0 66 0 42 17 83 50 66 83 53 0 0 8 58 32 78 69 0 0 26 29 17 50 15 75 0 13 37 0 0 33 17 0 17 0 29 46 19 0 95 23 0 89 38 66 0 0 0 42 0 50 12 2 18 59 47 1 76 0 7 10 0 1 66 0 0 29 9 87 0 0 0 2 0 56 7 58 38 0 85 83 10 0 5 0 0 64 52 7 0 4 36 0 67 69 0 85 2 0 15 86 16 0 10 81 21 55 17 46 0 51 0 67 26 0 82 40 0 0 0 0 37 20 15 6 94 88 58 0 0 26 31 55 67 58 13 9 80 0 61 26 29
 71 0 24 67 59 68 56 17 8 0 56 17 5 73 61 78 21 0 50 73 0 0 0 0 45 8 63 65 82 34 0 86 0 0 0 65 63 0 0 36 0 16 36 0 2 0 61 0 0 16 0 60 5 25 3 0 0 0 0 57 0 20 0 0 0 68 0 0 0 0 31 67 64 0 0 0 56 21 0 16 15 0 39 28 72 69 30 76 0 0 0 69 0 4 93 65 51 60 36 0 0 63 42 33 0 10 0 65 22 23 0 14 0 43 0 0 17 0 7 78 0 0 96 14 27 43 21 64 0 10 0 50 88 0 3 0 77 0 0 79 34 3 26 17 72 5 0 32 0 34 46 10 0 89 79 57 0 7 0 0 18 54 0 6 0 61 4 0 11 5 76 53 0 0 25 56 31 74 0 29 0 25 0 46 87 0 0 25 0 60 36 40 27 66 6 21 0 11 15 66
 0 0 0 0 0 0 0 12 0 0 12 0 0 0 5 0 0 6 0 0 0 0 2 52 0 23 0 0 19 0 18 0 0 0 0 14 0 0 0 0 0 0 0 0 12 0 5 23 26 0 8 0 0 0 0 0 20 2 8 0 0 0 0 0 0 34 14 10 19 0 0 0 0 0 0 0 18 0 0 0 0 0 16 0 0 0 0 0 0 0 0 0 0 6 29 0 0 0 23 0 0 0 0 80 0 0 0 0 0 5 0 0 0 0 0 31 0 0 0 0 0 7 1 24 0 14 0 0 0 0 7 9 0 0 0 0 1 0 16 0 0 0 0 0 0 0 36 33 0 3 0 0 0 27 0 15 31 1 4 0 0 0 32 0 0 0 23 0 0 1 19 0 0 0 11 0 0 0 0 0 14 34 5 0 0 20 2 0 0 0 0 0 0 0 0 0 0 0 0 0
 72 0 73 0 81 0 0 0 24 0 0 61 56 25 17 14 0 19 0 17 11 9 28 4 61 0 0 0 0 2 11 12 0 0 4 0 0 0 0 0 40 0 7 8 0 0 2 12 0 0 0 0 0 54 0 0 1 0 0 55 0 0 37 0 0 4 0 58 63 8 0 7 0 0 0 0 56 0 0 77 10 17 5 80 14 42 13 57 0 40 2 0 0 0 0 0 13 0 7 0 0 27 0 12 0 67 0 0 58 0 0 0 42 22 10 82 23 15 0 0 0 8 0 72 71 89 23 63 0 0 0 0 0 3 0 0 0 0 26 0 0 73 68 0 56 0 0 35 0 36 56 0 14 0 83 0 0 0 0 31 0 0 0 0 6 7 5 0 71 51 0 0 0 24 0 0 0 10 0 12 0 23 15 0 11 0 4 0 0 29 0 0 0 69 7 0 3 0 0 0
 0 0 0 0 0 18 22 0 0 2 0 0 0 8 17 2 0 57 0 0 0 0 0 60 0 11 0 0 0 0 0 21 0 0 0 0 0 0 0 0 12 0 0 23 0 14 0 15 0 6 21 0 0 12 0 0 0 0 0 32 0 0 0 0 0 0 9 0 18 0 17 0 0 0 0 20 0 0 30 0 0 1 0 0 0 0 0 0 0 0 0 0 0 0 0 0 0 0 11 6 0 0 0 0 13 0 0 0 0 0 0 17 0 0 0 26 27 0 0 0 0 10 0 0 22 0 20 10 0 0 0 0 0 28 0 0 0 0 22 0 0 0 0 0 0 33 0 0 0 0 0 16 0 21 29 15 0 0 0 0 29 0 0 0 0 0 16 0 0 0 4 0 27 0 0 0 0 7 0 0 0 26 0 0 0 0 0 0 0 0 0 3 0 0 0 0 0 16 30 0
 31 0 19 0 44 14 0 76 52 0 0 0 0 0 26 26 0 38 13 0 21 0 21 37 25 20 30 32 5 82 0 0 0 5 0 22 0 90 17 0 0 87 33 3 29 0 51 1 8 17 55 12 0 32 0 0 0 22 0 0 36 0 51 41 0 55 21 21 74 25 51 6 59 0 1 0 0 0 0 21 0 0 44 34 26 0 0 12 0 27 16 0 11 35 52 0 0 62 99 34 1 20 27 0 0 6 1 0 0 0 0 0 90 69 0 41 27 0 50 0 17 0 32 0 8 2 36 60 54 7 52 1 55 0 0 0 0 1 0 0 34 57 0 48 0 8 8 72 0 57 6 0 0 85 54 8 0 0 29 46 47 0 0 0 0 0 0 11 39 11 58 37 0 64 0 0 35 72 0 49 0 32 0 27 0 6 0 20 0 33 0 21 22 13 90 34 0 0 26 28
 0 0 30 0 81 0 0 0 0 29 0 0 0 3 0 41 0 44 0 0 0 0 0 0 0 0 0 0 0 0 0 0 0 0 0 24 54 0 0 0 3 0 0 0 0 0 0 10 20 23 0 0 0 32 15 0 0 0 0 26 0 0 20 0 0 5 0 17 0 5 37 0 0 0 0 0 25 0 0 0 23 1 1 50 0 71 0 0 0 0 13 0 0 0 0 0 0 0 3 19 0 54 0 56 0 0 27 0 11 0 0 0 0 1 0 40 0 0 0 0 0 0 4 0 0 0 0 48 7 2 0 11 15 0 0 0 19 0 0 0 0 4 0 0 0 25 0 0 0 0 19 0 0 0 4 0 16 0 6 0 0 0 0 30 0 0 0 0 29 81 4 0 0 0 0 3 0 0 0 39 0 0 0 0 0 17 38 0 12 0 0 0 0 15 8 0 0 0 0 0
 19 0 75 20 0 0 12 60 66 0 89 18 0 21 20 41 20 58 1 62 51 0 0 78 0 0 8 64 37 72 21 0 63 0 0 95 68 0 0 24 12 26 64 0 20 25 0 78 24 25 16 0 0 47 0 0 0 0 46 0 31 0 92 0 0 0 65 40 36 70 21 0 41 0 0 0 0 0 5 51 32 0 3 58 0 0 0 55 0 10 56 0 73 15 36 0 0 42 52 0 0 62 30 45 0 0 0 52 10 0 72 0 0 65 0 82 0 0 57 29 67 0 4 54 1 4 49 66 20 36 21 0 9 21 38 0 0 0 0 39 0 0 0 60 4 0 0 53 76 61 29 2 0 31 0 3 0 69 11 37 0 0 0 36 0 68 0 0 0 0 63 20 0 0 15 25 0 0 0 44 0 0 0 64 51 0 21 22 60 81 0 0 0 0 51 0 0 0 74 36
 11 0 69 0 55 83 21 0 0 0 1 0 29 3 35 59 0 68 0 8 13 8 22 55 62 64 23 0 61 88 16 75 15 0 0 45 54 15 49 0 0 0 44 0 0 0 0 68 1 0 0 54 0 0 0 10 0 0 0 0 45 0 0 91 0 35 78 45 3 35 53 0 0 23 0 0 38 0 47 85 0 0 0 44 41 34 0 31 0 18 17 80 79 0 0 25 0 27 0 0 0 15 14 43 0 50 0 0 6 0 66 85 26 12 0 0 46 0 43 0 23 0 73 27 0 26 14 25 76 2 34 11 29 0 0 0 29 11 0 79 0 0 0 0 0 0 0 57 32 74 0 23 0 36 41 72 0 78 39 0 24 23 12 40 0 0 0 0 69 79 16 47 0 2 0 0 0 87 2 0 0 37 0 0 45 0 7 67 0 24 23 60 0 76 0 0 0 69 40 0
 21 0 0 13 66 13 0 0 0 6 27 22 63 20 75 75 0 47 0 41 0 0 13 49 17 0 0 74 59 0 6 22 12 3 0 18 40 0 0 3 0 3 16 0 0 0 0 4 0 11 0 0 0 0 20 0 0 0 0 76 27 0 96 16 0 0 0 6 83 0 0 0 0 0 0 0 77 0 2 65 0 0 1 23 0 16 12 70 6 0 0 0 0 0 0 0 0 0 0 0 0 55 0 90 16 0 0 0 0 0 0 0 27 12 23 0 0 0 0 0 0 0 4 58 9 23 6 45 18 0 0 0 0 0 6 0 0 0 22 13 0 74 23 31 0 0 26 0 6 0 0 0 0 0 1 0 0 0 0 0 45 0 0 0 31 13 39 0 77 52 4 0 0 36 0 0 0 0 0 57 0 40 0 0 51 22 10 0 0 0 0 10 0 0 0 0 0 0 0 0
 57 18 41 3 72 0 14 67 0 37 92 89 0 0 10 0 94 21 0 59 24 0 75 57 58 0 68 3 6 0 62 62 73 73 19 42 47 50 45 59 6 0 0 69 35 49 0 67 0 24 0 0 0 0 74 14 4 60 39 41 54 75 92 21 22 0 39 39 57 0 42 62 26 2 1 59 56 70 0 0 82 9 0 11 8 28 55 19 39 53 0 70 58 0 55 41 18 1 11 0 0 0 19 75 52 1 20 31 39 0 0 12 46 36 62 56 15 0 74 40 73 15 5 26 5 51 69 20 40 70 52 0 24 0 0 0 22 0 10 45 0 0 55 36 0 0 52 21 25 1 92 0 96 56 29 0 83 55 72 24 0 71 0 0 55 1 0 66 63 0 20 0 0 40 2 0 0 0 46 70 0 0 21 91 45 44 0 0 84 91 0 20 52 63 44 65 45 0 35 77
 0 0 50 0 32 63 59 0 0 0 72 37 0 13 0 13 0 3 48 0 33 0 0 63 39 0 0 0 0 71 0 0 0 0 0 26 24 12 63 0 30 0 9 0 0 0 21 45 0 12 15 0 0 14 0 0 0 0 0 70 0 0 44 0 0 26 0 62 92 0 6 0 1 0 0 11 95 32 50 12 38 0 0 0 0 0 0 68 0 59 0 21 0 0 55 0 5 45 0 0 21 78 54 8 5 17 0 0 42 22 0 0 0 18 0 0 0 0 26 0 0 0 0 88 0 11 0 88 47 0 0 0 0 0 15 0 0 0 0 0 15 37 51 0 0 0 11 17 11 22 0 93 0 66 38 2 0 3 0 33 0 0 0 70 16 0 14 0 33 0 0 25 0 8 0 0 0 0 0 0 0 18 0 17 51 0 49 0 7 0 0 57 0 5 71 33 0 0 0 7
 22 0 0 0 0 67 1 72 0 0 30 1 0 72 0 18 8 0 4 70 67 0 0 58 52 39 45 0 50 22 0 62 7 3 0 95 61 67 21 16 66 0 39 0 34 21 20 51 7 6 15 34 0 3 0 0 0 0 0 40 55 0 6 57 0 3 37 92 60 32 40 0 20 35 0 0 24 76 43 20 0 0 31 3 85 56 0 13 0 57 45 58 64 0 0 0 16 35 61 0 0 31 67 0 17 85 5 0 54 0 20 0 19 74 0 5 57 0 0 0 39 0 6 42 29 65 0 14 40 11 81 0 51 0 43 0 57 22 8 0 0 84 0 0 94 60 0 95 84 45 50 75 0 2 34 0 0 25 58 45 0 0 0 0 21 2 12 0 31 0 47 49 0 10 0 0 0 69 0 66 0 0 0 67 4 0 94 44 26 0 0 16 0 67 88 74 0 15 0 27
 0 34 63 0 17 0 0 0 0 0 0 44 0 0 49 43 0 0 0 0 0 0 0 22 0 0 11 19 0 0 0 2 0 0 0 25 34 0 0 0 0 0 3 0 0 0 0 0 0 0 3 15 0 84 0 0 0 0 0 0 0 0 0 0 0 0 29 0 26 0 33 0 7 0 0 4 0 0 14 1 17 0 1 0 0 0 0 0 32 4 0 32 0 0 17 14 1 3 0 0 8 62 0 29 0 20 3 0 0 0 9 0 0 0 0 34 0 15 0 0 0 0 0 0 0 0 5 56 7 25 0 0 0 0 0 16 0 0 3 14 0 0 18 14 0 0 0 7 16 0 16 0 0 9 0 0 0 12 0 0 0 1 30 0 0 9 0 0 34 66 31 16 0 0 16 37 20 0 0 23 30 0 0 0 29 20 0 24 0 0 6 0 0 0 0 14 19 0 0 0
 39 0 58 0 58 0 18 0 0 0 8 0 0 23 47 12 0 73 0 6 0 0 0 12 49 0 16 98 0 7 25 0 9 18 0 0 94 15 0 0 46 0 0 0 2 0 0 37 36 0 0 6 39 76 0 27 0 0 14 41 46 0 18 0 0 0 0 29 57 0 49 0 0 5 0 0 67 49 0 0 33 0 0 26 18 0 0 1 0 44 0 80 0 0 75 33 28 19 30 0 0 11 0 21 0 0 0 0 0 0 0 0 75 0 21 0 3 0 0 3 4 0 4 63 0 24 0 30 0 0 0 4 0 20 0 0 57 0 0 9 0 67 4 0 78 2 0 60 0 12 65 81 3 8 59 0 0 55 37 0 0 10 0 0 0 15 6 25 38 35 0 0 0 42 21 0 0 0 0 35 0 0 0 11 36 0 77 0 0 36 0 49 7 0 0 26 0 0 0 0
 66 7 0 44 3 33 80 58 41 0 49 54 74 0 24 71 12 6 26 72 16 0 0 57 0 3 6 19 76 40 0 40 29 18 14 15 49 46 53 51 0 17 3 0 56 29 0 15 30 11 0 87 0 75 0 0 0 0 81 40 37 30 63 91 83 2 63 0 22 0 66 4 56 0 42 7 67 26 13 27 0 62 57 74 0 0 19 0 30 55 3 0 0 43 16 87 53 0 0 0 83 8 0 50 58 93 0 19 0 0 3 11 37 0 0 59 59 0 69 15 4 0 11 25 59 55 28 21 26 0 83 79 87 96 9 0 2 0 13 0 0 23 26 44 10 29 54 0 9 0 0 57 10 30 0 0 0 19 40 9 57 0 0 31 0 76 11 0 0 0 0 2 4 66 61 44 33 0 0 0 0 27 0 0 36 6 76 2 81 0 7 0 0 0 0 78 0 0 41 5
 0 27 0 0 0 0 0 0 10 0 0 0 0 0 0 19 19 0 15 31 0 0 0 0 0 0 0 0 8 0 0 0 0 0 0 0 0 3 1 0 0 0 0 0 0 0 0 0 0 0 0 0 0 0 0 0 0 0 0 0 32 0 20 0 0 0 23 6 0 0 0 0 0 39 0 0 0 14 0 0 0 0 3 0 1 3 20 0 0 6 0 8 0 0 0 0 0 0 17 0 5 0 0 0 0 0 0 13 33 0 5 0 0 16 0 0 0 0 0 0 0 36 12 10 4 34 0 0 0 0 0 0 14 0 9 12 0 0 33 0 33 0 0 15 9 0 0 0 0 24 0 30 0 0 0 6 0 0 0 0 0 0 0 0 0 21 0 1 0 4 3 28 0 3 3 0 0 0 5 0 1 0 4 0 30 0 0 0 0 0 0 0 0 0 0 0 0 0 0 0
 27 0 35 0 0 47 35 0 31 21 73 0 0 28 39 92 0 42 0 66 34 11 0 0 0 79 0 0 0 50 0 44 0 0 4 1 83 0 29 0 83 14 15 0 8 0 0 9 29 0 47 0 0 0 0 0 0 0 20 0 44 0 0 61 0 53 0 66 0 36 54 21 9 0 0 0 0 20 14 0 42 26 26 0 0 12 0 67 0 37 18 37 0 2 66 34 30 12 32 21 0 39 0 0 0 28 34 0 8 0 26 0 38 0 0 63 0 0 57 10 37 0 18 0 44 59 0 0 50 0 0 0 50 0 35 0 37 11 0 9 0 30 55 0 0 0 0 0 13 72 0 61 0 39 43 3 0 0 0 0 36 0 0 32 0 50 0 0 0 41 0 0 0 33 0 32 0 89 2 51 0 67 0 48 3 1 35 1 0 22 0 14 0 3 27 0 0 0 0 49
 63 45 10 32 10 70 93 10 31 6 79 0 72 59 22 72 0 0 58 8 5 36 0 0 36 93 41 41 0 54 51 52 95 0 1 87 12 33 10 57 12 0 12 0 49 0 60 51 0 39 44 0 59 31 0 33 53 16 5 0 54 68 60 92 0 0 0 20 20 60 47 43 41 0 0 72 38 10 0 0 0 92 30 29 33 61 43 65 35 10 0 33 0 0 67 57 89 3 17 0 55 30 0 4 57 49 42 68 32 6 18 15 0 0 16 99 23 0 10 0 61 0 42 0 45 0 54 79 0 0 72 0 89 0 44 1 0 19 0 62 31 48 7 0 45 17 3 23 0 0 0 48 0 57 34 37 2 0 13 85 37 62 50 0 14 0 49 17 83 27 33 0 0 5 79 54 55 50 66 66 0 77 58 0 26 13 67 10 10 0 17 60 80 86 56 74 40 0 20 71
 1 0 31 32 0 18 45 0 22 6 0 55 0 62 4 0 0 0 42 6 0 0 0 62 54 0 0 10 0 0 29 0 0 25 33 0 23 13 0 23 26 0 34 0 0 0 0 40 0 28 0 0 2 7 17 0 0 29 0 30 11 0 0 0 0 0 0 67 63 64 6 0 0 0 0 0 0 10 83 12 18 0 0 0 0 97 0 43 0 17 0 32 19 0 0 0 57 0 11 0 0 59 84 20 0 15 0 0 61 0 0 11 27 0 0 44 0 0 0 0 0 0 0 67 35 0 0 54 9 0 0 0 0 0 0 0 28 0 0 4 0 0 79 0 14 0 0 39 0 0 16 38 0 0 44 0 20 0 0 55 42 0 0 0 0 0 0 0 21 59 0 39 0 29 0 0 3 0 0 4 2 12 0 0 0 0 3 0 8 9 0 0 2 0 0 84 0 0 15 0
 1 0 34 0 11 83 53 6 0 16 4 94 0 0 0 74 0 0 40 62 0 0 0 0 31 75 47 48 96 51 0 0 37 2 0 0 47 63 10 20 31 78 34 0 0 0 11 0 0 0 14 57 0 88 0 30 0 21 76 0 32 0 36 0 0 25 71 60 58 0 84 5 44 0 0 0 30 10 60 32 67 42 96 54 5 0 0 5 0 0 32 0 40 0 51 0 11 49 0 0 0 29 51 59 0 57 0 33 21 0 80 26 69 0 0 16 0 21 3 0 0 0 0 6 15 6 57 33 33 0 0 0 20 0 34 0 0 0 0 11 0 69 48 0 48 0 0 0 9 87 0 6 28 0 29 0 0 68 90 28 86 0 15 51 0 0 0 0 0 86 57 47 0 84 0 0 0 33 0 61 15 9 0 21 0 0 29 22 0 40 0 37 0 39 28 0 0 71 0 36
 76 0 0 38 0 0 0 1 0 0 60 56 0 0 15 35 0 32 8 49 0 0 0 60 24 25 0 0 6 0 0 61 10 0 0 0 57 12 0 0 87 0 10 0 0 8 0 0 0 0 10 0 0 59 14 0 0 0 0 58 0 0 95 0 0 0 0 48 45 0 0 0 0 0 0 13 0 53 10 52 20 0 0 46 0 13 0 29 0 0 0 0 4 0 48 36 0 0 24 0 1 44 9 7 0 2 0 0 49 0 4 0 4 0 0 61 0 0 27 10 0 0 0 0 19 49 5 68 0 0 0 22 17 0 0 0 0 0 0 0 0 62 52 0 43 0 0 0 84 77 63 0 0 28 5 0 0 0 19 1 42 0 0 0 0 32 0 0 0 29 0 50 0 76 14 0 14 5 21 25 0 52 0 0 55 0 29 0 0 0 0 16 6 29 23 0 22 0 0 0
 67 32 0 10 25 1 0 26 0 78 10 0 28 0 5 0 8 0 31 5 41 33 4 89 0 20 39 0 89 38 51 84 3 12 35 0 42 15 44 48 7 27 0 0 0 5 33 9 72 27 51 0 31 50 0 16 54 0 37 61 57 63 6 87 50 0 35 0 14 27 67 9 49 15 0 0 18 6 11 8 0 96 0 0 0 95 0 7 0 27 0 38 85 32 22 53 5 14 70 0 85 0 0 0 82 86 23 24 73 0 11 3 3 82 21 0 36 13 58 17 18 0 43 7 57 0 0 0 0 0 8 0 0 89 0 0 0 0 32 0 57 0 13 51 45 27 0 63 0 0 0 54 1 35 14 73 0 21 0 56 6 0 86 16 0 15 41 44 1 9 85 76 0 10 33 18 0 66 0 63 0 50 30 63 0 25 63 2 70 75 0 1 16 64 59 3 31 3 0 66
 0 24 1 24 32 82 69 57 0 31 25 52 15 20 33 44 0 0 49 81 0 0 0 49 0 0 23 48 0 30 11 67 8 0 0 50 0 0 0 21 20 0 65 5 0 0 0 5 0 0 76 80 0 0 23 31 24 24 0 61 8 0 11 0 0 40 0 72 0 0 16 0 23 0 0 0 45 24 11 60 0 0 0 42 9 0 0 20 0 28 0 45 46 0 26 0 44 54 26 0 0 0 69 42 0 0 0 0 0 0 52 0 2 0 0 0 0 0 11 35 52 0 0 82 6 42 0 24 74 33 0 0 0 0 0 0 58 0 0 41 33 0 4 0 41 15 0 0 60 15 76 0 0 87 24 0 0 32 0 76 24 0 0 0 0 10 0 38 52 9 0 0 0 21 0 0 2 0 4 50 4 0 27 29 0 0 56 0 0 52 0 50 21 0 69 21 0 72 0 60
 10 0 0 20 0 0 23 0 0 0 0 72 62 39 56 0 0 36 19 66 0 0 0 26 0 5 0 13 0 0 0 65 17 0 0 0 45 0 0 0 42 5 0 0 0 0 0 0 0 0 0 0 0 0 0 0 0 27 0 68 0 0 63 0 19 0 0 0 23 0 0 0 0 0 24 0 0 0 14 2 28 9 9 85 0 29 33 98 0 58 0 0 0 0 30 0 12 0 0 2 0 0 0 71 4 39 0 0 0 0 0 0 64 0 0 0 3 16 0 0 9 0 0 0 2 0 0 50 0 0 0 0 0 30 0 5 0 0 0 0 0 0 0 0 0 0 2 0 12 0 0 14 0 0 20 0 0 0 0 40 0 0 3 4 0 0 0 3 19 3 9 0 0 0 28 0 0 0 0 0 38 0 0 0 0 0 87 7 0 0 12 0 0 0 0 0 0 38 0 0
 0 0 43 0 23 0 0 0 0 0 0 0 39 4 0 0 0 0 50 0 0 0 0 70 0 0 0 0 18 0 34 0 0 0 0 11 42 0 0 0 51 0 5 0 11 0 8 33 0 0 0 0 0 60 31 20 8 0 0 22 0 0 0 28 0 1 0 34 0 0 9 0 0 0 0 0 0 0 72 66 13 27 0 42 0 35 17 64 9 17 0 27 0 0 0 0 0 0 8 0 0 11 0 0 0 22 0 10 0 0 2 0 32 8 0 0 0 0 0 0 0 0 0 0 0 0 31 56 25 21 0 0 0 0 0 0 18 0 6 15 10 55 59 0 0 22 0 0 22 0 9 0 0 0 0 0 0 37 0 0 0 0 0 0 0 0 0 13 0 17 0 1 0 0 7 0 15 36 0 59 0 0 0 0 0 0 2 0 0 14 10 82 0 0 0 21 12 0 0 0
 0 0 47 25 99 0 0 0 0 0 3 56 67 0 83 0 17 58 40 0 6 7 0 3 0 23 10 0 30 0 0 0 0 20 0 0 68 0 0 0 0 0 1 0 0 0 0 11 0 30 14 3 0 1 0 0 0 0 0 21 0 0 66 0 0 0 0 0 0 0 37 0 0 0 0 0 16 0 52 38 0 0 9 49 0 37 0 21 19 0 0 0 0 27 15 16 0 7 0 0 0 0 0 70 0 16 0 0 0 0 0 0 45 0 0 0 0 2 25 0 0 5 0 25 34 0 0 0 0 0 9 0 0 0 0 35 0 13 0 0 0 0 0 10 0 0 6 0 0 13 4 0 0 25 66 0 0 0 14 76 0 0 2 0 0 0 0 0 0 58 21 0 0 0 0 0 0 0 0 12 0 4 8 2 0 0 13 0 0 0 0 71 0 0 0 0 11 36 0 15
 11 0 86 0 41 38 11 16 0 0 49 0 48 56 68 64 5 23 69 0 0 0 0 82 0 35 0 0 1 6 0 54 12 17 0 0 66 56 0 0 0 37 34 0 0 0 9 80 0 0 0 56 0 97 0 0 0 0 39 16 52 0 28 45 0 33 55 7 68 68 0 0 0 0 0 0 28 0 0 0 62 24 32 0 52 78 10 27 0 0 0 12 0 0 0 0 56 0 7 0 0 35 0 0 0 25 0 0 0 0 31 6 0 80 0 59 12 0 26 0 0 4 34 17 0 63 0 21 20 0 62 0 20 26 68 0 0 0 0 0 0 0 35 0 49 0 0 14 52 72 0 63 0 0 53 0 0 71 30 0 0 20 0 0 0 14 0 0 0 73 18 0 35 36 0 0 0 0 0 0 0 18 0 0 0 0 8 64 85 4 0 69 0 45 49 0 14 59 0 0
 0 0 11 0 0 0 0 0 0 28 0 0 0 0 0 0 0 67 0 0 0 11 0 0 4 0 0 0 0 0 11 0 0 0 0 0 0 0 0 0 84 0 0 6 0 0 4 15 0 11 0 0 0 0 34 1 2 15 0 0 0 4 57 24 0 0 0 0 18 2 0 0 0 0 0 0 0 14 0 79 21 0 0 0 0 33 0 3 0 10 0 0 0 0 0 14 0 0 0 22 0 53 0 0 0 0 0 0 0 0 0 0 0 0 0 83 38 0 0 0 0 16 0 0 0 21 0 0 0 0 0 14 0 0 0 0 0 0 23 0 0 0 0 0 0 0 0 0 25 8 0 9 0 0 0 0 0 0 0 0 14 0 0 0 3 0 0 0 0 10 0 14 8 0 0 31 0 0 0 0 0 0 13 22 0 0 17 32 0 27 21 0 0 0 0 0 0 10 0 0
 20 16 77 0 26 0 0 66 0 0 2 0 44 0 24 40 14 9 0 9 0 0 0 73 0 0 17 47 26 96 0 0 0 0 19 0 0 0 0 0 0 0 0 0 11 0 11 42 0 0 0 0 0 0 0 29 0 30 0 28 59 0 27 38 4 0 0 61 88 63 56 0 0 0 0 0 58 46 87 62 27 13 0 50 17 0 0 19 0 31 0 0 0 0 0 0 75 0 69 9 8 12 37 79 0 0 0 0 0 0 0 0 0 6 0 25 0 3 0 0 33 6 0 71 0 7 0 79 0 8 0 0 20 9 0 0 61 0 0 3 1 1 7 13 0 9 7 14 0 56 15 0 0 0 32 66 0 2 0 0 73 0 0 0 0 70 0 0 1 43 0 65 3 38 0 0 0 0 0 71 0 80 15 0 51 0 45 0 0 27 24 0 0 47 0 6 37 0 0 0
 58 15 29 68 0 53 98 82 50 0 0 4 41 17 67 82 65 3 33 0 62 11 0 0 74 79 66 36 59 64 9 20 3 0 66 3 70 74 14 25 0 13 61 0 27 55 87 6 58 0 88 0 86 0 0 59 17 0 52 46 22 42 0 26 94 9 25 49 0 17 0 0 0 0 0 48 71 7 24 87 0 17 41 0 0 39 66 12 7 0 32 0 6 41 3 59 28 42 0 21 0 38 61 33 0 0 0 0 1 0 68 0 0 23 22 24 0 20 49 0 58 78 0 80 0 67 6 55 0 0 59 38 0 15 49 0 37 18 41 0 69 26 39 29 45 65 54 18 70 11 0 55 4 42 0 13 25 76 74 14 0 0 35 57 8 0 10 83 10 42 6 29 85 68 30 0 48 44 57 61 15 28 0 0 73 12 0 76 89 8 0 26 61 0 75 41 0 0 0 89
 0 0 0 0 51 18 45 0 0 38 48 77 60 60 10 36 26 0 23 16 0 0 14 22 41 3 19 31 22 33 20 21 0 0 0 0 44 0 0 17 0 0 71 0 0 26 0 12 0 0 67 0 0 33 0 0 0 0 32 36 58 0 84 0 0 0 0 28 0 60 17 10 17 0 0 0 26 24 44 0 51 43 0 0 0 21 1 0 0 55 24 10 19 17 0 4 30 6 30 0 1 0 65 47 0 14 0 0 26 0 1 0 78 47 0 52 35 0 62 10 68 0 33 46 48 0 0 18 99 0 0 0 35 33 0 0 19 0 0 21 1 44 60 0 0 0 0 22 48 30 0 67 0 0 17 48 0 49 27 16 0 26 0 0 0 0 0 0 46 21 35 0 0 0 0 0 0 5 0 82 11 53 0 0 35 0 0 29 4 12 0 0 0 0 18 45 0 0 10 21
 0 0 69 0 0 79 38 0 0 0 6 42 0 6 88 63 0 69 2 52 47 18 0 0 35 55 20 28 0 37 2 26 16 0 0 45 40 22 46 0 21 46 0 9 55 0 2 0 0 0 40 42 0 0 0 0 0 0 0 0 0 0 0 16 0 84 6 30 76 80 66 57 41 0 0 0 69 56 83 51 44 93 7 0 0 0 0 0 0 0 0 34 43 17 61 0 34 0 27 25 0 0 25 18 0 0 48 0 48 37 0 9 27 0 0 0 1 33 43 5 0 0 55 78 44 68 18 0 67 0 56 0 50 6 0 0 0 0 0 0 0 81 0 0 48 35 0 42 0 0 0 67 0 80 37 1 0 37 7 44 52 0 38 38 23 15 0 0 0 37 47 43 0 0 6 0 0 71 19 74 28 0 0 18 86 0 61 55 45 70 0 48 15 50 0 0 0 0 0 83
 0 0 0 0 12 5 59 37 2 0 24 0 0 13 54 0 0 21 68 0 0 0 14 30 11 0 2 0 18 0 16 11 0 0 0 0 16 79 0 0 0 9 68 0 0 0 0 0 0 0 89 0 0 44 0 29 0 0 0 30 22 0 3 0 22 0 0 5 43 0 22 0 2 14 3 21 0 52 57 0 30 33 0 35 0 1 0 65 0 26 0 0 15 0 3 0 0 56 60 0 0 18 68 34 0 0 0 0 60 0 23 0 0 77 0 0 0 0 58 0 0 1 14 60 20 56 0 36 0 1 0 0 0 0 9 0 26 27 0 64 11 96 23 0 83 0 0 43 0 48 0 33 0 28 0 65 33 18 0 5 49 0 9 2 24 22 0 0 56 0 60 8 0 33 0 0 0 0 0 13 0 3 0 6 73 0 0 16 0 0 0 53 0 85 40 18 0 9 0 46
 42 0 22 94 21 55 40 14 3 26 0 20 0 0 60 42 0 51 14 55 44 0 0 86 0 52 25 0 0 29 0 19 0 0 0 52 30 79 53 0 70 82 75 0 11 37 51 33 41 0 65 36 0 0 4 4 0 0 39 23 70 2 55 3 25 9 10 17 0 58 2 11 16 0 59 0 0 55 34 0 0 98 97 38 50 49 11 65 0 0 0 62 31 26 0 58 63 14 39 0 85 17 0 0 34 11 0 25 69 27 60 68 44 0 0 39 52 13 26 20 37 0 55 0 4 58 0 50 0 0 0 0 18 0 29 0 38 3 0 64 27 0 71 57 21 6 10 0 10 2 0 0 0 0 67 0 20 82 83 23 0 31 13 0 0 32 0 0 69 84 13 50 0 0 1 48 0 0 0 49 0 60 1 0 78 0 71 0 38 78 64 14 0 10 58 0 0 0 55 0
 0 8 30 0 5 0 5 35 0 0 30 0 0 0 0 0 0 74 0 39 32 0 0 68 0 6 0 79 81 0 0 14 0 0 0 53 0 0 39 13 7 0 0 20 2 0 0 27 0 0 0 4 0 6 7 0 0 0 0 0 13 0 37 85 2 0 0 0 26 0 11 0 0 0 0 0 24 0 0 25 6 17 0 0 2 0 0 61 0 87 0 22 32 0 0 0 57 0 84 0 0 45 10 70 3 16 0 14 0 19 0 0 40 77 0 0 0 0 70 0 51 32 7 41 59 13 0 51 57 0 45 16 0 0 0 0 31 0 0 42 0 74 69 0 36 0 17 1 61 0 26 0 0 16 29 15 0 76 16 0 54 0 0 50 3 0 0 0 0 23 0 53 0 21 0 0 32 84 0 77 35 57 0 21 64 0 0 1 0 0 30 28 0 54 0 1 0 36 0 15
 40 80 0 0 10 71 18 40 3 0 30 74 0 42 45 11 11 7 28 88 27 83 0 52 51 64 0 0 17 19 47 0 0 32 44 0 74 74 0 59 61 62 24 13 0 0 19 71 0 0 13 0 0 0 0 3 0 0 11 52 18 62 47 0 39 0 38 95 25 67 40 10 0 2 54 0 0 30 35 89 27 64 78 41 81 36 0 0 0 61 0 30 43 0 54 53 62 19 89 0 48 29 60 66 22 50 72 35 4 31 18 21 0 55 57 0 58 0 52 36 17 15 25 0 4 0 8 42 31 23 56 3 68 0 88 0 39 0 0 31 7 32 14 0 13 43 55 0 69 22 50 16 0 21 33 65 20 1 51 0 28 0 47 73 0 0 0 17 53 36 66 0 0 34 0 74 0 0 0 0 0 39 0 0 17 27 0 20 0 14 21 0 0 28 1 35 0 9 76 75
 9 0 90 0 59 38 27 0 0 0 0 40 0 0 0 0 5 41 32 16 5 0 0 30 0 0 0 13 0 0 36 83 0 3 0 35 22 0 16 33 10 0 19 0 0 0 22 0 0 0 0 28 16 16 0 0 0 0 0 64 0 1 0 0 0 0 0 0 26 39 0 0 0 0 10 0 64 0 0 90 14 36 8 0 0 21 0 32 0 22 0 0 0 0 0 0 59 21 1 8 0 0 13 65 25 0 32 0 69 0 2 0 6 0 0 35 0 25 0 20 24 10 0 64 0 72 0 56 0 0 0 6 0 0 0 0 0 0 0 0 0 66 33 0 41 9 18 6 93 0 47 13 13 0 0 0 27 0 0 0 35 0 0 0 0 11 0 0 71 73 0 33 0 88 0 0 0 0 0 48 0 65 29 0 73 8 38 0 8 0 3 33 3 77 0 8 0 0 0 0
 0 0 0 71 25 8 1 0 22 74 46 10 7 5 43 35 1 59 0 69 66 40 14 66 0 41 0 62 0 7 15 50 0 0 30 50 0 44 57 34 91 0 0 0 0 0 0 78 38 54 2 56 0 10 18 27 0 0 56 0 6 73 20 51 62 84 0 0 36 45 29 24 47 0 77 29 11 32 0 61 88 36 53 0 10 23 34 34 0 24 70 0 53 54 7 0 21 85 2 0 20 28 9 37 0 0 3 0 54 37 26 0 68 24 78 23 0 0 0 0 57 14 14 50 26 0 26 55 51 0 54 71 0 0 13 0 34 0 0 26 28 33 17 58 0 0 0 0 8 59 3 57 0 22 0 11 0 82 27 57 0 3 51 43 10 20 42 83 73 22 0 76 10 0 47 41 31 4 0 0 0 57 17 0 0 24 0 20 0 56 43 0 41 0 38 30 30 0 56 34
 43 0 0 0 0 48 14 88 69 52 13 87 24 0 87 0 0 0 79 0 29 57 0 0 0 0 0 0 4 8 11 61 50 0 0 43 0 14 0 49 19 38 48 43 0 0 50 0 29 59 79 7 28 7 39 17 0 10 87 88 0 32 9 55 0 58 83 34 20 0 83 9 22 1 53 0 54 0 0 73 71 29 65 61 75 0 34 40 0 22 42 70 69 0 10 39 61 15 8 0 51 0 0 0 63 42 21 45 0 0 58 0 0 9 0 0 2 20 2 38 4 0 22 74 0 92 60 0 13 0 68 24 46 25 5 66 38 6 0 27 30 26 52 19 0 18 61 53 0 0 0 0 0 41 0 0 17 40 2 64 23 5 96 0 0 0 0 0 22 32 88 0 35 0 58 54 0 40 0 0 0 77 45 50 17 60 40 61 28 0 51 42 0 6 31 0 71 48 35 3
 48 16 0 0 32 71 35 21 0 0 10 60 2 29 11 8 27 97 0 25 0 0 20 42 5 13 0 13 0 21 0 70 0 0 0 16 67 70 0 14 0 1 0 0 28 0 0 84 16 0 76 0 8 0 0 0 38 0 0 0 7 2 67 0 0 13 20 65 8 0 42 5 0 1 0 6 80 74 0 54 7 3 0 0 0 0 0 0 0 0 0 7 13 0 21 0 68 20 44 0 0 9 69 35 9 64 0 0 0 0 70 4 0 0 10 78 0 0 0 0 75 4 0 37 0 45 6 38 0 4 0 10 0 0 0 0 30 0 0 0 0 21 71 0 38 3 0 30 0 33 22 0 0 50 33 0 0 22 0 21 45 0 0 48 9 57 0 0 83 70 0 4 0 44 0 5 17 0 0 22 0 28 0 0 16 0 14 13 0 0 0 26 0 46 54 1 0 0 0 52
 0 8 8 0 24 82 0 77 16 18 51 4 0 27 3 40 0 92 25 71 0 25 1 17 22 15 0 30 7 14 22 77 0 0 0 0 25 0 15 15 25 46 0 0 0 0 0 59 20 0 86 12 0 23 0 10 0 0 35 0 12 16 6 0 0 98 20 44 83 66 9 60 0 0 10 13 53 24 12 4 21 17 11 0 0 35 35 0 0 0 32 0 27 0 65 0 68 9 51 24 0 40 70 29 0 6 27 76 48 0 0 65 73 15 24 0 32 0 80 54 37 0 0 5 0 78 23 28 0 0 0 79 0 0 40 0 14 0 0 8 0 27 37 20 0 39 64 24 1 14 38 0 8 0 37 0 0 34 73 0 92 0 0 41 0 44 0 0 47 0 55 23 18 31 0 21 3 29 0 18 0 0 0 30 91 0 0 53 67 40 0 0 0 51 34 4 0 7 17 59
 9 0 72 0 0 14 0 8 0 0 0 66 0 0 0 86 0 0 3 11 0 0 0 69 0 0 0 0 0 0 0 0 0 0 0 0 19 13 1 0 24 0 0 0 0 0 0 68 0 20 0 0 0 6 0 0 0 0 0 1 0 0 76 0 0 7 0 0 73 0 0 21 0 0 0 0 0 20 51 0 27 0 0 0 20 3 0 0 0 0 0 0 3 0 21 0 0 26 0 0 0 19 0 65 0 0 12 2 0 19 0 0 43 0 0 61 0 0 15 0 0 32 28 35 0 0 0 52 0 0 0 0 0 3 0 0 0 0 0 0 0 0 30 0 0 0 0 27 52 63 0 0 0 17 0 18 0 0 0 17 2 0 0 33 7 0 8 0 0 72 0 5 0 29 0 26 0 15 0 20 18 0 0 0 0 0 57 0 0 0 0 16 0 0 0 0 0 2 11 0
 0 0 54 0 2 0 0 0 6 0 0 60 0 63 0 23 6 65 0 0 0 0 0 90 0 0 0 15 0 2 0 25 0 0 0 0 5 0 0 26 82 0 0 0 0 0 28 0 0 0 4 0 0 63 0 0 0 6 15 23 10 0 36 29 0 0 0 0 71 0 19 0 0 0 28 0 19 0 36 39 0 0 0 0 2 74 0 0 0 0 0 21 0 0 0 0 15 0 0 18 0 98 0 29 16 38 16 9 0 0 0 18 0 0 0 77 0 0 0 0 0 0 0 18 0 9 0 55 0 0 0 23 0 0 0 0 0 0 0 0 0 0 0 13 0 0 4 0 79 0 0 0 31 0 0 0 0 0 0 15 0 0 0 0 0 0 17 27 0 82 32 23 0 0 0 0 0 0 25 75 0 0 2 4 7 5 0 0 22 0 0 0 0 12 0 0 0 0 10 0
 29 0 0 9 79 5 0 30 0 0 72 48 11 42 0 75 0 0 0 0 14 0 28 0 0 0 8 42 33 0 0 3 11 5 23 50 43 85 43 21 51 0 59 0 0 0 0 8 0 2 0 0 0 0 39 0 0 0 56 16 0 0 6 51 0 0 48 16 10 49 29 0 0 12 8 4 0 17 28 11 4 89 2 73 65 13 0 0 0 13 13 30 20 8 0 29 70 90 0 17 0 57 55 1 0 11 0 33 0 0 36 31 0 17 0 0 64 18 44 0 53 0 43 24 2 0 8 86 0 0 7 31 82 0 6 6 76 0 0 54 0 88 0 0 59 23 0 27 63 36 82 89 0 89 29 37 0 7 0 10 68 0 8 33 8 67 0 23 60 64 35 90 24 0 0 8 0 59 21 57 0 14 0 53 26 0 71 29 22 70 0 3 0 49 36 29 0 58 67 65
 0 0 0 0 17 20 64 0 0 0 36 64 0 0 0 49 0 0 41 12 20 0 37 42 0 4 16 24 0 26 0 32 0 5 0 24 80 0 0 0 30 0 22 0 0 0 0 14 11 0 0 0 0 53 0 0 0 22 5 6 0 0 63 0 0 0 0 31 26 11 0 0 0 0 0 0 33 20 81 17 0 0 5 61 0 29 0 69 0 20 0 89 7 38 95 0 0 0 0 0 0 6 0 23 11 10 0 3 6 6 37 0 23 0 0 0 9 0 0 0 0 0 0 29 49 62 0 69 26 0 18 0 0 0 0 0 0 0 2 0 29 85 2 0 0 0 0 0 12 52 26 0 21 0 11 11 0 0 0 56 0 0 0 0 24 0 0 0 22 14 0 39 0 17 0 0 18 0 0 35 0 48 11 0 51 0 41 0 0 20 0 62 21 30 0 24 0 0 0 11
 72 0 43 8 27 0 33 45 34 0 58 0 38 37 27 50 0 39 46 69 63 0 14 1 0 0 52 0 0 68 0 79 0 0 0 56 17 6 1 31 31 0 0 6 0 5 0 26 0 0 85 52 0 34 0 0 0 0 0 92 25 0 0 36 0 65 23 0 53 0 74 0 1 34 0 25 0 15 15 0 64 0 31 0 2 23 0 5 0 58 0 0 44 0 0 0 13 21 0 0 0 65 14 0 0 0 11 39 39 33 6 0 71 0 0 18 44 0 48 32 44 0 0 50 0 41 22 13 0 0 22 0 59 0 7 0 0 1 0 0 0 10 78 0 5 0 0 0 33 57 25 0 0 36 0 0 0 0 0 53 84 0 0 0 2 0 0 0 30 22 0 19 0 0 0 36 0 42 2 0 0 16 0 55 43 0 0 0 0 69 0 18 3 27 0 0 0 15 7 30
 2 0 64 18 14 39 38 0 85 10 72 0 31 53 69 38 0 78 0 47 0 0 8 56 31 49 16 39 29 62 0 6 31 0 74 0 10 0 69 5 0 50 8 15 38 0 0 16 0 0 36 32 0 64 0 31 33 0 47 46 66 93 0 0 0 51 62 0 0 58 41 0 0 0 0 0 35 0 83 69 65 19 33 47 15 0 0 61 0 0 87 0 14 9 59 0 77 29 98 0 27 0 20 69 0 19 17 16 0 0 0 65 24 31 0 54 73 0 4 46 1 39 64 0 56 0 67 38 0 0 35 42 59 0 0 0 0 10 0 44 0 61 0 73 41 29 0 26 0 29 0 13 5 0 0 10 19 60 50 0 6 0 0 0 0 97 0 6 59 59 0 3 0 0 0 0 10 13 0 45 0 14 15 13 0 0 0 0 0 10 0 0 0 86 57 80 0 0 5 46
 0 0 66 0 89 0 28 0 18 0 0 0 12 24 14 73 34 80 72 25 0 0 0 6 17 0 0 25 42 33 0 66 0 0 0 28 0 0 0 0 0 0 0 0 13 33 0 0 8 0 0 0 3 0 0 0 0 0 0 0 0 0 48 8 0 0 7 76 12 0 0 0 0 0 0 6 0 49 19 22 18 0 16 15 0 36 0 68 0 38 0 18 0 0 0 0 0 0 30 19 0 0 0 56 0 88 0 0 38 0 0 0 0 0 2 32 28 0 0 17 11 0 0 18 35 62 0 0 0 0 0 0 0 33 0 5 0 12 0 0 0 0 55 0 47 6 0 0 69 22 21 0 0 0 57 5 0 0 0 93 0 0 0 39 0 39 0 0 11 79 0 79 6 64 0 0 0 0 0 0 0 73 0 0 51 0 34 0 0 0 0 13 0 0 0 0 0 0 0 0
 14 0 46 0 0 22 0 0 0 0 0 0 0 0 0 60 32 66 8 0 0 0 0 0 11 0 0 0 0 0 0 0 0 32 0 0 0 0 0 0 0 26 0 0 0 10 0 18 0 0 0 0 0 77 0 0 24 0 0 0 0 0 69 0 0 0 0 0 38 0 0 0 0 0 0 0 0 0 35 65 17 0 0 83 13 31 0 0 0 11 0 94 0 0 0 0 0 0 32 0 24 32 5 5 9 6 0 0 0 0 0 0 0 0 0 65 0 20 8 0 0 14 0 0 0 15 0 0 10 0 0 13 6 0 0 0 0 0 19 22 0 0 0 0 0 0 0 0 0 5 0 0 0 0 5 20 0 0 0 0 6 0 0 0 0 17 0 33 0 55 0 0 17 0 0 0 0 0 0 0 0 35 0 0 0 0 64 0 0 25 23 0 0 0 1 0 16 0 0 0
 0 12 20 2 78 18 0 24 0 0 23 61 66 36 0 53 26 57 67 0 0 0 1 0 0 32 31 0 3 4 16 0 8 0 0 7 66 6 0 0 23 0 0 0 7 0 0 0 0 0 0 0 0 52 35 0 5 9 0 0 29 0 2 0 0 0 0 21 27 0 27 0 8 0 0 0 0 23 7 18 0 0 31 2 0 36 0 39 0 0 0 64 0 0 7 0 0 0 27 0 0 0 0 44 0 55 0 0 12 0 0 0 73 0 1 0 0 32 0 0 0 6 0 29 38 0 0 0 0 0 0 0 0 0 5 0 17 0 15 0 0 0 78 0 0 0 0 0 0 0 0 0 0 0 0 0 13 0 0 10 35 0 0 8 0 0 0 0 12 65 0 0 0 0 0 0 20 0 0 39 0 0 0 0 0 0 7 0 0 0 0 0 0 34 0 0 0 0 10 22
 13 28 0 16 0 0 0 34 0 0 0 18 81 0 50 43 0 9 53 88 32 0 0 50 0 0 22 0 0 0 0 46 0 16 15 0 0 0 0 0 83 0 0 0 0 34 0 0 0 11 21 0 0 0 0 0 0 30 0 4 0 0 0 0 4 0 18 31 2 3 0 0 0 0 0 5 0 0 0 27 0 0 0 41 11 23 0 29 0 89 0 3 30 25 64 1 0 0 0 0 0 1 0 77 0 0 0 36 26 0 6 0 0 0 1 13 28 14 0 32 0 3 0 44 0 0 15 67 0 0 27 12 5 0 0 0 0 0 20 0 0 66 78 0 0 0 7 0 64 13 0 0 8 0 0 0 0 0 0 0 0 0 0 0 0 0 0 0 0 23 5 0 0 7 0 0 0 0 8 58 19 0 0 32 0 14 54 0 0 0 0 0 10 0 0 11 0 0 0 7
 37 2 64 0 0 33 43 0 0 0 18 28 64 32 18 67 0 9 0 0 0 0 0 0 19 0 0 36 52 0 16 24 0 0 0 0 0 0 0 0 0 0 8 0 11 6 0 58 0 0 1 0 0 0 0 0 0 0 0 26 46 2 46 0 0 0 0 25 52 0 0 1 0 0 0 4 48 80 44 35 0 0 0 58 19 51 0 23 0 63 0 24 4 0 83 0 24 0 69 0 0 17 36 0 14 11 0 0 70 33 0 0 45 0 0 0 0 0 0 0 21 0 12 0 41 66 0 0 16 0 0 0 0 19 37 0 0 0 5 0 1 48 17 0 4 35 0 54 84 61 65 0 32 0 60 0 0 0 0 14 0 0 0 2 0 22 10 0 0 48 14 22 0 0 0 0 0 0 0 52 33 23 0 0 52 0 0 0 0 13 0 8 3 0 0 0 0 0 0 0
 54 14 29 53 60 0 42 82 0 22 0 3 67 38 61 0 64 45 32 0 0 0 0 8 73 4 68 66 43 0 12 48 28 0 0 31 37 74 0 29 61 55 27 0 0 54 9 0 78 29 48 3 0 0 16 0 21 29 69 35 23 27 0 6 48 32 25 54 56 27 0 73 18 0 61 35 0 72 7 29 54 87 0 35 0 44 83 21 0 70 0 46 71 63 70 78 33 0 0 0 80 69 0 3 76 63 0 53 47 0 76 1 9 0 0 77 8 4 23 0 73 0 0 67 8 63 25 17 25 0 44 23 32 24 15 63 0 19 38 8 0 94 0 10 0 2 0 60 40 32 0 0 0 0 4 59 24 41 12 0 0 3 61 75 0 16 89 66 0 60 27 23 12 57 50 43 0 6 81 11 0 25 0 18 86 0 61 48 39 36 0 60 68 0 44 0 23 22 92 0
 73 0 0 0 0 0 12 38 0 0 44 0 13 82 61 45 0 0 14 0 0 0 0 0 24 0 0 0 34 3 0 24 0 0 32 3 10 50 0 10 51 10 31 0 0 0 0 16 0 25 0 2 0 2 0 0 0 0 0 78 0 0 28 0 0 0 0 0 72 81 23 2 0 0 0 0 18 49 50 65 89 0 0 0 16 25 0 41 18 0 0 55 0 0 10 0 20 26 4 4 0 0 63 0 0 76 0 0 50 0 0 0 0 0 0 49 0 0 88 28 0 0 0 33 53 0 23 58 81 0 19 0 0 0 0 0 17 0 0 0 15 0 11 0 67 0 30 50 24 15 6 34 35 0 59 15 0 0 0 50 27 0 0 0 0 15 0 0 48 76 0 0 0 33 28 0 34 0 8 44 0 32 0 0 69 0 18 0 0 0 0 1 0 0 0 65 0 0 0 0
 0 0 28 0 7 7 0 32 11 0 0 23 13 14 70 15 0 38 35 12 0 0 0 43 0 33 0 0 0 24 0 64 9 0 0 0 64 32 0 0 7 0 0 0 6 0 0 57 0 0 0 0 0 41 0 0 0 0 0 75 0 0 42 0 0 0 0 0 68 1 0 26 0 26 0 0 0 0 0 56 14 7 19 93 0 0 0 20 0 0 0 65 0 0 0 0 0 0 0 0 0 16 0 0 0 0 23 0 0 0 0 0 0 0 5 66 0 0 0 0 0 0 0 0 21 0 0 35 0 14 0 0 32 0 0 0 26 12 16 0 0 18 67 0 0 10 19 0 0 5 13 0 0 0 0 0 0 0 0 8 0 0 0 0 0 0 0 12 0 0 0 33 0 0 0 0 11 0 0 50 0 0 0 0 1 0 39 0 0 5 3 23 17 2 0 0 0 10 33 15
 0 0 86 0 0 7 21 1 8 0 0 54 53 57 24 80 0 5 50 0 0 13 35 36 61 0 0 0 74 42 0 59 12 0 0 0 11 0 0 1 79 0 49 0 0 0 30 62 15 0 0 0 16 64 0 0 0 0 0 55 39 0 78 0 15 9 0 45 12 86 53 0 0 0 0 0 36 53 77 7 30 39 7 0 13 6 9 59 0 0 0 30 0 0 0 0 77 41 15 0 0 0 51 0 0 78 0 0 17 16 0 8 3 25 21 0 0 0 11 16 84 0 6 17 90 71 28 18 0 0 0 0 0 15 0 0 13 0 36 12 31 0 41 0 0 30 0 0 0 6 25 35 0 0 0 0 0 36 0 2 37 0 0 2 0 48 0 23 0 0 0 0 16 44 9 10 0 7 0 53 0 33 0 0 0 0 37 0 4 0 0 12 0 77 0 0 0 0 8 0
 37 0 33 60 22 83 5 37 62 0 94 22 9 41 86 67 0 33 39 0 2 75 0 54 67 12 1 0 42 31 34 0 47 0 19 33 48 81 73 29 1 0 74 18 44 0 34 33 49 66 74 60 0 0 0 23 76 0 0 8 0 0 71 0 57 41 50 25 25 3 70 67 0 0 35 69 0 0 3 6 13 8 41 2 0 0 54 45 0 2 16 44 70 81 18 10 0 45 0 10 53 0 19 7 59 0 46 83 64 0 46 64 77 79 66 34 27 0 0 72 92 62 78 42 40 51 17 93 9 0 50 55 0 0 38 0 0 86 0 87 12 48 78 55 55 53 0 19 67 0 27 18 0 23 32 68 0 0 19 20 57 0 28 61 0 59 0 87 67 75 19 82 1 63 23 0 0 10 0 7 0 55 15 53 54 0 48 4 16 71 45 0 0 0 55 71 56 61 45 87
 46 2 3 0 86 19 0 29 0 0 5 39 0 17 74 53 0 19 0 51 0 0 0 0 12 0 0 18 33 0 0 14 0 0 0 0 31 17 8 0 0 8 0 0 15 0 0 0 0 0 0 28 0 0 0 0 0 9 1 97 87 0 0 0 7 0 0 75 6 14 26 0 0 12 0 0 44 1 0 40 16 0 0 32 0 0 0 31 0 0 0 53 0 0 9 0 31 17 54 0 0 0 17 6 12 26 0 0 33 0 0 0 0 0 0 61 10 10 32 0 10 0 0 25 0 52 0 10 0 0 0 0 0 0 0 0 61 0 0 0 0 24 63 0 7 15 0 65 15 92 44 66 0 24 84 0 13 0 0 15 53 0 10 12 0 0 0 0 3 0 0 15 4 26 0 0 0 0 10 96 0 0 0 0 0 0 15 0 0 0 0 1 0 0 0 2 0 0 0 0
 75 0 7 0 0 42 0 70 7 8 81 31 59 0 3 0 11 43 1 55 0 0 0 24 0 2 10 12 42 83 0 43 0 0 0 55 0 17 32 0 47 27 27 0 37 0 0 0 0 0 97 52 27 0 0 0 36 0 0 50 69 0 25 17 0 47 12 48 0 0 9 0 0 2 18 0 8 46 1 68 79 0 44 51 0 12 0 66 0 0 73 73 0 0 81 0 0 0 17 0 4 0 81 9 0 0 0 0 21 0 18 0 67 0 0 74 56 0 24 0 0 38 75 40 48 0 0 37 5 0 0 0 1 0 0 0 15 0 0 51 0 43 52 38 39 24 0 74 3 36 21 2 0 74 47 78 0 6 0 0 17 20 0 27 0 35 0 0 25 2 60 75 0 99 0 0 0 72 0 44 0 78 0 72 0 0 24 80 0 49 11 24 0 48 0 0 0 6 0 0
 0 5 26 3 76 0 0 12 0 0 0 38 0 45 22 15 0 34 0 0 0 0 0 81 0 0 18 0 0 0 0 48 0 0 0 17 16 0 4 20 55 0 0 7 0 0 0 95 9 0 0 0 0 0 0 0 16 0 0 96 0 7 29 0 25 14 6 0 41 0 0 0 0 33 24 0 0 0 84 70 0 0 0 19 0 14 1 0 0 0 0 67 0 0 90 0 0 0 0 0 11 43 0 47 0 52 0 27 0 0 0 0 73 21 0 13 12 0 0 0 0 0 0 0 88 0 6 54 16 0 0 0 0 0 18 32 38 0 0 0 10 0 0 0 0 0 15 0 21 0 23 0 2 0 0 0 0 0 15 0 0 0 0 0 0 31 17 0 0 25 13 0 0 12 0 0 0 0 0 0 0 0 10 0 0 39 37 0 0 21 0 0 0 0 0 0 0 14 0 0
 0 22 18 0 55 0 4 0 0 0 27 0 0 15 52 40 14 66 23 0 0 0 0 62 0 0 0 28 0 0 21 47 0 0 0 0 63 0 36 0 0 0 68 0 0 0 0 4 0 0 37 0 0 0 28 15 0 0 0 86 0 3 0 0 0 0 0 0 35 0 10 0 0 0 0 0 79 67 92 0 17 0 0 85 0 43 0 0 0 59 0 14 0 0 22 15 24 0 0 9 0 69 13 0 0 6 20 0 0 0 15 30 2 22 0 47 0 0 0 0 0 0 0 19 62 78 12 0 0 12 2 0 0 3 0 0 0 0 0 0 0 0 28 0 56 0 0 9 0 0 3 16 29 0 28 0 0 0 0 11 0 35 0 0 0 0 0 3 0 60 0 16 0 69 0 0 0 0 0 0 9 64 0 0 0 18 48 0 0 30 0 18 0 62 0 0 0 0 0 0
 42 13 45 49 0 7 0 59 69 0 57 73 41 0 49 6 0 0 0 0 7 0 0 0 8 87 75 24 60 0 0 0 12 0 16 11 28 0 0 34 0 93 69 0 53 8 22 65 27 13 64 11 0 24 0 0 15 0 41 19 0 3 0 0 0 71 12 0 52 58 52 37 68 9 21 30 28 35 52 0 21 51 54 12 37 54 0 17 0 2 68 85 0 0 54 0 0 0 35 0 0 63 67 41 70 44 4 0 22 0 48 48 0 0 22 47 27 0 25 76 55 3 49 23 28 64 0 39 83 22 0 45 64 0 57 10 72 0 0 66 1 46 33 25 7 28 13 20 10 52 82 45 0 57 17 41 2 95 0 31 0 0 20 34 0 59 6 0 66 0 0 28 4 51 0 57 0 57 0 8 0 27 0 12 48 0 18 0 15 35 0 69 0 0 38 22 0 18 0 0
 63 0 0 66 0 67 5 69 66 0 79 27 19 0 45 0 12 68 0 0 67 5 0 79 94 22 0 0 34 1 0 7 15 0 5 61 33 29 0 33 0 71 0 12 72 0 39 46 39 0 5 33 10 28 0 0 0 0 6 63 44 31 61 66 30 70 0 7 0 51 29 31 30 18 31 0 9 45 57 42 80 16 61 57 49 16 40 28 0 75 5 35 17 24 54 18 0 0 40 0 56 0 64 7 54 19 49 0 60 34 35 0 0 78 3 26 25 0 54 0 31 0 78 0 43 0 0 76 72 0 76 0 0 0 35 0 68 0 0 49 33 59 6 0 21 72 53 65 64 21 90 43 0 9 5 13 0 0 17 59 56 0 0 73 25 44 0 0 81 0 0 39 0 46 0 0 0 61 0 72 0 12 12 0 90 0 0 4 79 0 0 20 0 66 56 6 0 80 0 66
 0 0 58 5 16 39 91 0 0 0 69 55 39 3 76 0 0 0 0 9 0 16 0 43 0 7 0 25 37 3 0 60 0 13 0 0 0 0 8 14 5 0 78 0 0 0 0 75 0 0 0 0 0 0 0 0 0 0 0 0 86 27 9 24 2 15 16 26 34 58 12 3 0 0 0 0 81 45 0 15 81 0 0 0 32 80 0 17 0 8 9 0 0 0 65 23 0 6 0 0 0 14 58 16 3 0 0 0 3 3 0 3 95 34 0 4 0 22 16 0 7 0 3 0 13 51 0 72 3 0 18 0 0 19 0 0 0 0 14 0 0 0 10 0 23 25 26 0 19 0 3 0 0 16 60 0 0 0 0 92 55 0 0 0 0 75 0 0 34 0 0 70 0 27 0 0 0 9 0 11 0 20 0 9 15 0 59 0 0 0 0 0 0 17 0 20 0 0 0 4
 40 0 10 56 73 55 35 21 37 0 71 52 22 0 17 15 63 0 19 24 0 19 0 0 37 24 30 36 82 44 54 0 0 3 42 0 0 0 18 92 4 9 17 0 0 96 29 51 81 0 44 28 98 56 26 57 4 27 0 0 28 3 32 57 0 2 17 66 54 49 9 27 18 63 0 10 0 0 44 90 33 0 0 22 3 0 52 81 0 62 59 59 0 34 60 26 42 0 38 0 46 63 0 20 84 25 81 58 0 0 0 0 5 61 59 68 32 0 40 54 58 40 25 28 28 60 15 0 3 0 59 0 0 66 0 17 8 0 3 0 25 0 0 0 0 0 40 24 64 22 84 39 50 62 78 7 4 4 1 29 7 50 0 11 0 11 0 10 52 50 0 67 0 65 50 20 56 59 0 9 0 55 12 93 0 75 29 22 63 0 12 22 62 42 29 30 0 9 20 6
 23 32 0 0 4 0 0 21 0 0 43 47 31 32 2 60 0 16 6 10 0 0 0 6 53 0 0 0 0 56 9 29 0 39 0 0 75 0 5 0 82 0 0 11 0 0 0 58 0 0 0 0 0 0 0 0 0 0 0 3 13 11 38 0 0 0 0 65 0 28 0 0 0 5 8 0 77 15 0 0 21 0 0 57 0 1 0 73 0 2 8 65 6 0 46 0 10 79 0 0 0 60 0 18 3 46 0 21 0 0 21 0 0 0 0 0 0 28 59 30 0 0 0 10 18 0 0 34 0 35 10 0 0 0 12 9 0 0 17 0 0 18 62 0 63 20 0 0 0 25 43 0 0 0 60 0 0 69 0 0 49 0 0 0 0 0 0 0 0 82 0 58 0 84 0 17 0 0 0 36 0 55 0 30 0 0 0 3 9 0 0 52 0 62 24 0 0 12 1 33
 36 29 10 62 28 0 0 19 83 0 33 1 55 19 17 53 76 20 51 0 32 87 0 78 57 18 0 5 41 25 3 38 0 0 70 0 65 45 98 22 1 66 67 0 33 24 3 81 49 39 8 66 21 64 0 0 0 14 14 0 61 64 38 0 77 26 0 51 15 14 35 0 14 7 41 5 6 0 0 40 0 38 32 72 72 0 0 0 0 0 0 0 19 52 68 55 28 71 84 0 0 0 0 0 54 14 54 36 0 30 0 0 61 0 0 94 57 0 0 33 33 0 11 14 73 67 34 53 80 0 31 36 32 23 53 26 95 0 2 7 16 0 0 60 1 52 0 39 3 35 22 0 0 54 69 39 1 55 97 0 44 0 28 55 14 58 0 0 23 55 76 64 0 0 20 0 0 60 19 75 0 10 12 14 23 0 54 39 59 0 50 2 0 32 41 62 0 38 0 36
 56 18 27 38 35 73 64 34 32 8 41 75 0 0 59 47 20 10 65 8 67 1 0 49 16 23 38 82 27 41 66 23 92 0 0 0 59 47 0 91 3 36 0 15 0 0 47 54 0 0 40 0 17 27 0 0 0 9 54 45 67 21 66 76 72 73 55 0 64 36 0 0 4 0 0 64 64 0 10 0 0 36 44 67 18 0 76 72 0 78 65 59 11 0 23 0 75 0 53 4 60 66 83 74 0 82 32 23 62 0 13 16 41 0 63 0 23 0 53 60 88 0 0 0 0 0 52 0 8 0 39 79 16 8 43 0 85 0 0 24 0 61 0 0 24 88 0 7 0 20 44 85 0 69 0 0 0 30 80 7 0 33 92 41 0 52 51 0 3 37 0 7 0 0 7 0 30 55 38 4 0 0 0 25 0 15 0 59 8 1 72 0 0 37 40 0 0 24 32 0
 0 0 19 0 50 0 42 0 0 0 53 0 92 28 89 17 0 67 87 79 8 0 24 15 9 0 0 89 44 30 0 89 0 0 0 0 50 5 0 1 55 0 0 0 6 0 0 0 0 11 0 0 0 40 0 0 0 0 0 38 0 0 0 0 0 16 0 56 7 0 0 0 0 11 0 0 18 0 0 72 0 23 0 0 0 64 0 56 0 0 0 67 0 0 90 0 0 0 0 0 0 87 0 10 0 0 7 0 0 0 0 0 0 0 13 54 2 0 0 4 1 0 0 0 55 68 26 5 0 0 0 4 0 0 0 0 0 0 0 0 0 56 75 0 0 0 0 0 36 0 67 30 13 0 37 34 0 0 0 70 45 0 0 0 0 4 0 0 0 26 0 66 0 0 0 0 0 0 0 80 0 71 0 38 0 0 51 0 5 0 3 58 0 75 0 0 0 0 0 0
 0 0 0 0 0 0 0 0 0 0 0 35 0 0 0 0 0 0 0 0 39 0 14 76 0 0 0 8 34 0 14 0 7 0 0 0 21 0 0 0 10 0 0 0 0 0 0 0 3 0 0 34 0 0 21 29 0 0 22 0 0 0 48 8 0 0 0 0 59 12 32 0 0 10 0 0 0 0 0 0 0 0 32 60 0 0 0 0 2 0 0 0 0 0 0 0 21 0 0 6 0 0 0 55 0 0 7 0 0 5 0 2 0 0 8 0 0 0 0 0 0 0 0 0 0 0 0 0 0 0 0 0 25 0 0 0 0 0 0 0 8 0 0 0 0 0 0 0 0 0 0 0 0 0 21 1 0 14 0 0 0 17 22 4 0 0 0 0 0 0 0 2 0 0 0 0 0 0 0 0 0 21 0 0 30 0 2 5 0 0 0 0 1 0 5 0 3 0 0 15
 0 0 0 9 54 0 0 3 0 26 0 87 26 11 0 18 4 71 16 65 0 0 0 0 0 0 37 0 39 42 0 0 6 0 0 63 0 0 56 1 0 0 18 0 9 0 0 33 4 0 80 0 0 43 0 0 0 0 0 0 73 0 42 0 0 39 24 12 10 11 99 8 0 0 6 0 74 36 74 54 73 0 0 3 0 52 0 11 0 6 0 39 74 0 0 0 0 23 16 0 0 0 53 0 0 0 0 0 0 0 48 0 0 11 6 0 21 0 60 0 78 0 2 0 86 0 0 42 47 0 0 0 0 0 16 0 21 34 0 9 0 25 0 0 29 9 26 59 13 50 0 0 0 58 0 68 0 62 0 0 72 14 15 42 27 45 0 27 65 71 0 17 0 0 0 4 0 0 0 0 0 70 3 0 35 10 59 0 0 0 11 0 0 89 67 21 0 0 0 0
 0 0 83 27 0 0 42 0 0 26 26 37 0 5 0 16 2 26 47 62 0 0 0 30 0 0 0 74 0 0 1 0 0 0 0 4 31 0 2 0 0 0 0 0 0 0 0 21 0 0 0 0 0 67 0 0 0 0 0 39 0 0 54 0 0 0 0 0 29 4 0 1 0 27 0 0 25 19 59 37 0 0 0 88 0 14 0 0 0 85 13 0 0 0 67 8 0 0 0 0 0 80 6 22 0 59 0 0 15 0 0 0 0 3 0 0 33 3 0 0 0 0 19 76 0 15 1 0 0 0 34 0 0 0 0 7 0 0 6 0 0 0 0 0 0 0 0 0 73 50 35 0 0 28 0 8 0 0 0 4 0 0 0 0 0 0 0 0 0 0 0 0 0 92 0 1 0 0 0 18 0 51 0 0 0 0 85 0 26 0 0 78 16 0 0 0 0 0 0 3
 12 47 0 0 20 7 35 80 10 0 56 21 0 0 71 0 56 65 24 0 88 0 83 20 65 0 25 0 32 10 0 45 0 29 94 48 0 79 40 6 37 36 0 48 26 33 59 44 54 54 4 74 68 1 34 0 0 0 11 8 47 0 53 0 0 53 30 38 8 78 4 8 51 57 0 41 67 87 0 14 15 17 44 64 0 32 6 36 98 31 0 0 13 36 23 0 73 14 71 0 35 33 48 0 88 64 26 56 5 28 71 10 26 83 0 50 32 23 36 12 63 14 87 30 0 48 0 0 0 0 92 58 37 64 4 56 13 0 0 5 0 0 77 0 37 45 18 0 0 38 34 69 0 32 61 0 0 0 1 76 31 0 25 43 56 29 42 43 13 33 73 58 0 0 55 0 35 4 0 5 0 70 40 0 37 19 68 10 5 20 8 43 25 0 55 5 41 18 0 9
 14 0 0 0 0 0 0 0 0 0 53 0 49 27 0 61 0 78 31 49 0 11 12 37 0 0 0 9 0 0 11 0 0 0 0 0 37 3 36 16 13 22 0 14 0 0 11 49 14 0 0 0 0 85 0 12 0 0 6 63 0 0 0 0 31 15 0 0 2 0 0 0 0 0 0 0 89 5 13 19 2 0 0 0 0 71 22 21 0 62 0 70 0 2 66 0 28 0 0 0 26 24 0 29 0 34 17 0 0 0 0 0 44 0 0 0 0 0 0 0 0 0 0 51 69 66 0 60 0 0 13 33 0 8 0 0 0 39 8 0 0 0 20 12 0 27 28 0 71 34 0 11 0 0 77 0 0 0 0 0 0 0 0 0 0 0 21 22 25 3 4 0 13 0 24 0 0 0 0 0 0 0 0 33 67 0 1 0 0 0 0 0 12 0 38 0 20 25 10 0
 78 0 97 26 8 75 2 55 0 0 0 0 34 0 0 21 24 0 37 33 0 0 8 48 29 77 41 43 54 35 0 16 50 0 50 2 15 34 0 84 0 4 33 11 0 1 0 0 25 12 60 1 0 94 0 0 0 0 0 14 39 66 0 70 6 82 0 0 42 0 45 31 0 37 55 12 59 28 50 0 53 71 85 0 14 69 0 0 0 0 73 10 0 0 0 38 22 25 46 0 0 0 10 32 18 15 0 46 70 0 6 8 0 0 0 0 28 0 2 42 0 0 57 0 0 51 42 55 55 0 52 0 72 0 44 16 47 0 0 73 25 49 48 35 19 50 2 27 7 0 68 58 0 0 45 0 0 23 18 55 55 10 38 53 0 73 0 0 57 41 8 58 0 0 0 61 0 0 0 12 0 51 33 0 15 0 34 19 16 20 21 37 4 0 0 0 0 5 26 28
 0 0 67 0 36 7 0 96 64 0 6 22 63 0 32 33 17 0 35 29 54 0 35 83 32 59 63 69 0 19 0 45 0 0 0 0 25 0 14 0 42 49 78 0 4 0 43 51 49 0 59 37 0 5 0 0 0 0 0 0 0 44 27 21 0 77 0 0 0 47 0 7 0 14 4 0 0 38 52 46 29 6 0 0 0 71 0 0 0 70 50 57 0 12 60 0 17 89 20 31 0 53 49 56 40 0 0 30 77 2 23 5 0 11 0 21 0 0 51 58 83 0 56 3 54 54 4 0 1 11 17 16 55 0 0 0 41 0 0 0 0 0 77 0 66 0 21 42 54 15 39 7 0 53 78 0 7 56 32 25 12 0 39 44 0 0 8 22 58 9 0 0 0 20 0 0 0 0 0 29 0 63 0 66 0 0 59 0 0 0 19 0 0 19 0 79 0 0 26 0
 43 0 25 58 64 0 20 0 61 61 43 42 59 44 11 62 50 73 0 24 44 20 12 87 30 0 11 0 39 0 49 34 51 24 0 66 6 31 4 71 38 0 72 0 30 25 0 17 66 67 0 0 33 69 0 0 11 0 7 9 70 0 3 63 0 56 63 55 47 51 75 40 32 0 0 3 56 35 15 83 28 81 45 33 81 89 0 64 0 6 77 0 12 8 45 24 89 96 4 15 0 6 65 53 0 38 53 20 12 13 55 97 0 13 0 15 92 0 0 34 0 22 0 41 0 89 84 29 11 0 68 76 77 47 0 66 43 0 24 0 0 8 67 14 0 55 0 25 36 0 58 23 1 0 0 70 33 25 36 23 68 59 53 36 0 40 18 0 82 63 36 53 0 12 3 4 0 79 0 47 32 0 0 0 21 58 0 0 0 0 64 73 0 43 44 0 0 20 78 0
 68 0 54 0 0 21 0 14 0 0 16 56 1 3 0 25 0 34 31 50 0 0 0 0 15 0 0 16 57 70 0 33 0 0 16 0 12 87 44 14 26 0 44 0 17 0 0 0 0 0 12 0 0 32 24 0 0 0 25 3 0 0 49 0 0 10 0 30 78 3 65 0 0 0 0 0 82 13 48 63 17 56 0 94 20 30 0 69 0 91 21 90 36 0 80 21 46 0 18 24 0 21 0 0 0 72 33 0 11 17 38 0 54 53 29 64 0 0 52 0 0 0 1 11 0 56 9 32 26 0 0 0 5 11 0 30 4 0 0 5 0 0 35 0 19 0 0 69 26 16 21 71 0 11 51 0 0 25 0 71 64 0 0 0 0 30 0 0 38 18 44 60 0 28 12 18 0 0 0 58 0 58 23 0 15 0 68 0 0 0 0 90 0 0 22 4 0 7 0 59
 0 37 81 69 60 8 29 44 0 0 6 0 28 0 0 75 31 24 0 33 0 27 0 91 50 15 39 56 46 75 63 25 17 0 12 0 0 0 0 0 0 0 19 32 48 78 0 17 0 87 8 95 15 0 0 8 44 0 90 15 0 69 0 39 59 29 4 66 49 21 0 0 75 5 62 11 0 16 45 0 0 0 35 98 31 66 58 4 0 31 0 38 45 78 53 84 58 0 72 16 65 65 59 89 50 69 26 0 78 0 55 13 0 45 61 0 0 0 39 35 0 58 0 1 10 22 82 27 18 0 63 0 11 64 81 95 72 58 8 73 72 74 0 0 61 0 77 64 50 27 0 98 0 0 18 30 42 0 53 24 38 50 42 43 14 25 0 0 34 5 40 35 2 30 31 73 59 43 0 66 0 0 0 69 79 0 15 4 27 0 70 37 43 73 0 50 0 88 0 0
 1 0 0 0 56 0 0 0 0 0 0 8 0 6 0 0 0 36 6 0 37 0 0 10 0 15 0 27 0 21 26 0 15 0 0 0 42 0 0 12 0 0 0 0 0 0 0 0 0 0 28 0 19 7 0 0 12 12 21 0 8 0 0 1 0 15 0 0 5 5 0 0 0 37 0 0 0 0 10 48 0 0 9 0 0 57 0 3 0 0 0 9 0 3 0 1 0 0 0 0 0 69 0 57 0 0 0 4 0 0 6 0 0 0 17 3 0 0 0 0 0 0 0 23 0 0 34 18 0 0 0 0 0 0 0 14 0 13 7 0 0 0 0 0 0 6 0 33 37 0 0 0 0 0 0 0 0 0 0 3 14 0 0 0 0 0 0 0 0 39 24 0 0 4 0 0 0 0 0 0 33 31 7 0 0 0 59 14 2 0 0 22 10 0 11 0 2 0 23 0
 9 12 32 78 19 75 76 39 83 32 72 8 14 23 8 1 64 0 14 53 0 0 70 83 61 11 60 46 62 19 0 81 0 26 39 55 4 51 61 64 56 8 17 0 45 48 0 0 64 0 14 68 53 26 25 41 0 38 21 31 54 17 0 0 46 0 57 0 0 55 68 74 75 26 36 85 63 0 0 73 46 18 22 60 0 70 76 65 0 0 20 52 58 70 64 76 20 17 0 0 35 0 19 45 10 7 2 13 59 66 4 74 0 57 36 0 12 25 0 0 48 10 0 0 45 2 34 39 24 0 0 0 54 27 0 26 79 26 58 43 37 0 21 86 11 3 60 27 60 21 0 0 19 36 54 29 10 85 93 43 0 49 9 7 20 31 29 49 35 69 92 17 37 33 35 1 0 13 23 0 0 32 20 92 45 0 12 19 93 0 27 0 60 34 59 54 44 54 0 83
 0 5 0 0 64 0 0 12 0 3 0 63 0 66 0 56 7 7 73 28 0 0 0 16 0 39 0 22 0 0 0 69 0 30 0 24 40 0 25 0 64 0 0 0 0 0 0 62 0 0 0 0 0 39 0 0 16 0 0 2 10 0 0 0 2 0 0 10 42 0 0 0 0 0 4 0 0 25 95 0 0 6 25 60 0 32 0 77 0 9 0 60 0 0 0 0 0 0 22 0 0 0 0 0 0 39 0 0 0 12 0 22 32 23 0 73 0 0 0 0 0 0 33 50 8 0 0 92 0 0 0 16 0 0 0 0 0 0 0 0 1 96 81 0 0 0 0 0 0 26 69 0 0 0 19 0 0 8 0 43 0 0 0 0 0 0 0 21 0 0 0 0 0 7 0 0 22 0 17 0 0 0 0 0 3 0 0 0 0 0 0 81 6 0 0 9 22 7 0 0
 21 50 13 47 17 39 46 11 54 60 43 5 71 17 40 50 0 94 54 49 82 15 0 44 0 51 0 26 39 43 47 67 65 29 7 3 4 18 58 0 36 2 3 41 0 0 68 38 17 49 5 8 23 48 23 88 0 0 0 0 62 0 46 38 0 28 71 0 0 0 0 54 15 0 45 60 1 0 12 0 0 3 31 40 24 20 28 4 0 56 45 0 12 0 83 0 76 0 58 0 52 0 0 21 4 9 98 17 75 0 69 68 72 0 26 0 79 0 30 14 57 0 0 15 50 0 12 0 0 21 40 25 0 0 41 32 0 0 0 49 51 44 0 42 0 27 0 50 86 60 17 7 16 9 31 40 0 8 75 0 37 59 0 95 0 63 0 50 51 33 0 74 0 14 0 24 6 0 14 0 0 30 0 0 43 82 54 14 48 62 22 22 42 15 57 0 61 32 33 43
 73 0 34 15 32 25 42 64 0 0 17 9 60 0 8 7 0 0 0 59 0 0 18 0 0 38 0 52 0 0 0 43 0 0 0 84 0 72 95 0 55 0 23 0 10 16 0 26 0 3 0 0 0 49 12 0 0 0 5 0 50 0 25 0 0 5 0 62 16 0 45 38 0 0 18 0 0 5 0 0 9 14 0 0 0 0 0 33 0 41 0 87 7 0 11 0 16 0 0 0 0 0 10 59 0 18 0 15 17 0 0 0 60 0 27 0 0 4 63 0 65 0 0 2 72 0 13 0 48 33 24 0 0 0 0 13 38 12 0 40 0 13 0 0 47 0 0 13 24 45 0 34 0 82 4 49 0 5 0 78 6 0 0 0 0 0 0 0 0 50 48 36 2 0 39 0 18 88 0 86 0 55 24 0 50 0 61 97 0 0 12 25 27 63 40 42 0 99 0 10
 0 0 25 0 47 0 29 3 0 0 0 38 0 0 9 6 24 74 62 41 0 0 0 0 1 0 0 0 0 0 15 57 0 0 26 11 71 0 0 0 27 0 0 3 0 0 0 30 0 0 0 0 0 20 0 0 0 0 0 62 0 0 0 0 0 0 0 0 53 0 17 0 0 0 0 0 85 17 16 30 0 0 0 0 0 49 37 30 0 84 0 4 0 21 4 25 0 36 18 0 0 45 0 5 5 64 0 0 0 0 0 0 0 0 0 0 0 0 28 9 0 39 30 17 45 19 21 27 0 0 0 0 0 0 0 0 0 0 0 0 0 54 0 0 0 0 4 0 72 78 37 0 0 0 0 2 0 34 0 10 10 0 0 0 27 0 0 0 25 0 0 12 0 0 0 24 0 0 0 62 0 0 0 0 0 0 11 0 0 0 0 0 3 17 0 4 26 20 25 0
 0 0 22 7 0 85 0 0 1 0 0 26 51 37 48 36 0 0 56 97 34 0 13 40 49 61 57 23 30 0 29 42 58 0 58 6 39 1 48 26 48 36 58 23 74 4 0 0 77 0 67 55 0 74 33 0 0 0 8 54 0 50 20 0 0 50 24 13 29 4 72 25 26 0 0 27 65 40 59 0 40 8 69 0 44 2 10 19 33 17 55 18 32 1 0 0 21 0 15 0 46 0 78 26 0 0 0 37 0 0 19 84 0 12 0 9 0 0 47 28 78 0 73 25 25 1 69 40 5 0 0 72 31 52 78 0 0 0 0 19 63 56 0 8 2 17 12 59 5 68 0 42 14 51 65 12 18 5 25 0 0 37 33 79 0 51 37 0 28 10 0 63 0 10 22 6 0 27 0 15 16 30 0 30 27 0 10 11 46 59 0 0 0 10 30 94 0 64 0 0
 0 0 0 0 0 3 0 0 25 0 9 0 0 0 0 0 21 0 0 0 0 0 0 0 0 0 4 0 13 0 8 0 0 0 0 11 0 0 0 0 0 0 0 0 5 0 0 0 11 0 0 0 0 0 0 0 0 0 12 16 0 0 0 0 0 19 0 0 0 0 0 5 0 8 0 0 0 0 7 6 35 9 0 0 24 0 0 0 28 0 0 0 0 0 0 19 0 0 0 1 3 0 0 79 27 0 0 0 0 3 0 0 17 0 0 13 0 0 0 0 0 0 0 0 0 0 0 0 0 13 9 0 2 0 26 0 0 24 0 0 2 0 15 0 0 10 16 0 0 0 0 36 0 0 0 0 0 0 0 0 0 0 1 0 0 10 0 18 0 0 0 0 0 0 0 0 6 0 0 0 0 25 0 0 0 0 0 0 11 19 0 1 12 0 0 16 0 0 9 0
 0 0 59 0 4 17 0 24 0 0 47 19 33 3 13 44 0 87 29 0 3 0 6 4 11 0 0 10 91 13 0 0 0 0 0 0 45 13 5 0 39 7 18 0 0 0 0 27 0 0 25 7 20 22 33 0 0 15 0 0 18 0 20 4 0 55 33 46 45 37 0 11 0 0 7 11 58 86 47 20 18 26 0 0 0 80 0 0 0 77 19 52 55 0 66 0 34 88 88 11 0 55 71 51 0 30 0 0 64 5 25 0 0 17 0 54 0 0 66 0 84 0 20 0 32 13 0 0 24 0 0 0 0 33 0 0 56 0 0 0 0 34 27 0 27 32 7 25 70 17 22 20 0 10 21 49 0 81 0 68 25 11 0 43 0 0 0 0 17 0 4 13 0 40 0 17 21 45 0 0 0 49 0 0 21 0 48 0 0 12 0 31 0 64 11 85 23 9 0 22
 25 0 21 29 0 0 32 0 55 26 0 0 6 22 0 55 0 95 4 20 98 0 0 25 0 2 66 79 57 18 0 46 78 0 0 34 13 19 42 0 30 0 24 0 0 0 0 39 0 0 26 0 28 56 0 20 0 0 42 28 23 0 80 83 20 0 15 7 46 38 81 0 37 0 2 12 39 57 4 0 0 21 65 26 67 60 0 0 0 3 10 55 0 0 80 0 18 0 31 0 23 40 28 33 4 0 0 93 72 0 0 0 59 8 0 34 42 0 0 26 28 0 73 52 75 21 0 13 17 0 0 0 36 0 31 26 0 5 0 9 0 27 0 0 66 27 4 89 44 36 69 36 0 44 66 0 0 25 23 6 40 0 0 50 0 0 0 0 0 75 71 0 0 85 0 0 14 59 0 0 0 11 0 87 39 0 0 18 0 70 0 73 0 29 0 27 6 33 27 56
 0 0 0 0 75 51 27 23 0 0 57 0 51 45 0 52 23 3 58 30 0 0 0 6 66 23 0 44 14 0 0 1 0 0 0 78 57 37 0 0 54 0 0 0 0 0 0 0 0 22 56 0 0 11 0 18 0 0 0 12 0 0 86 71 0 44 30 13 10 18 36 0 0 0 0 31 0 79 38 28 92 18 0 22 0 68 0 92 0 26 28 43 0 6 75 0 0 61 0 0 0 7 0 64 0 33 0 0 4 0 43 0 44 0 37 53 0 11 0 0 76 0 0 18 0 31 0 0 0 0 0 0 29 0 19 0 18 0 35 70 0 64 9 0 0 0 0 27 0 89 29 0 0 98 0 0 0 52 0 0 0 0 16 45 7 40 9 0 51 30 15 1 0 50 0 13 19 46 1 36 23 35 0 15 54 0 0 0 0 0 39 0 31 19 42 18 0 0 0 61
 0 60 0 74 0 11 90 0 50 0 52 7 0 57 0 52 0 0 24 0 74 0 0 22 25 4 95 83 59 29 0 0 10 24 0 41 15 34 46 22 41 7 0 34 8 0 8 52 0 0 42 1 0 87 28 0 6 0 63 0 42 0 30 9 0 78 51 56 10 66 43 0 48 0 2 38 21 82 21 8 0 0 34 8 0 47 0 0 0 78 80 22 56 0 33 34 63 51 71 0 0 62 90 12 41 42 43 0 58 0 23 12 0 21 0 21 4 0 30 30 51 26 48 0 0 34 33 0 0 15 53 70 79 0 0 0 0 0 0 63 19 43 86 26 70 59 0 12 0 50 69 6 37 45 0 33 0 4 0 58 53 30 29 24 0 16 0 0 0 53 0 68 0 75 0 0 0 30 0 38 0 53 0 0 69 1 0 30 74 0 0 59 0 33 6 18 0 19 61 0
 0 20 0 0 26 0 0 3 0 0 12 70 0 0 38 41 0 61 58 0 0 0 18 0 3 0 0 0 0 0 11 0 0 0 13 0 0 0 0 0 0 37 4 34 0 0 0 33 0 6 0 0 0 0 0 0 0 0 0 49 0 0 37 18 0 0 0 2 64 39 9 0 24 0 8 16 0 0 31 71 0 0 0 0 0 3 0 0 26 0 0 0 0 0 0 0 0 0 5 0 0 35 18 0 0 3 0 0 0 0 0 0 50 0 13 70 0 0 31 0 0 0 0 14 0 0 0 16 12 0 27 0 0 0 0 1 0 31 0 0 11 0 99 0 0 0 11 0 18 36 3 0 0 0 0 0 13 0 0 0 0 0 0 12 0 0 0 10 0 71 21 0 0 9 0 0 0 0 0 0 17 0 0 0 38 17 0 0 0 11 0 0 0 17 0 0 0 0 0 29
 0 39 0 83 46 16 61 77 22 0 0 0 60 51 5 0 0 79 3 75 70 0 0 10 39 0 0 38 0 65 41 77 94 7 68 49 59 2 47 60 11 9 0 1 17 0 0 25 10 0 46 0 10 48 0 13 57 0 0 0 32 0 38 32 66 0 17 58 80 67 63 28 27 0 36 44 13 55 0 42 21 51 19 15 68 51 23 90 0 7 0 35 0 0 0 3 0 65 67 0 0 33 63 63 0 44 58 51 27 0 1 60 16 0 43 69 38 0 0 25 0 0 0 50 56 96 34 41 69 0 38 0 43 71 0 15 0 0 25 30 49 42 12 91 0 0 10 24 25 45 0 0 0 14 0 17 35 55 0 43 41 61 42 22 0 59 68 65 47 0 48 0 0 0 0 90 34 46 0 0 0 0 0 0 0 51 0 23 29 0 42 1 0 19 13 26 0 0 67 71
 0 0 0 0 25 37 47 0 0 0 61 52 0 0 0 32 7 50 0 10 1 11 0 2 7 18 0 7 0 6 15 0 17 0 0 0 63 1 0 33 46 0 0 0 0 0 0 86 0 12 0 0 28 68 0 0 39 0 4 44 0 0 0 0 7 0 0 14 82 0 0 0 0 0 0 0 82 7 25 33 0 0 0 41 0 66 0 0 0 71 0 0 0 15 35 6 0 0 0 0 0 65 0 21 0 0 2 0 12 0 0 0 91 11 14 70 0 0 1 0 0 0 7 79 60 37 0 99 0 11 15 0 0 0 0 0 0 34 0 0 0 56 0 0 0 0 0 28 65 0 78 11 32 1 0 0 10 5 0 45 0 8 0 0 0 0 0 0 0 3 0 9 30 38 35 0 0 6 0 60 0 56 0 0 0 0 44 0 0 0 0 0 0 0 0 3 18 0 0 28
 74 0 0 23 86 23 0 83 23 0 19 26 22 0 31 40 0 1 79 29 0 0 14 0 0 0 0 22 63 37 4 0 0 30 0 0 5 0 12 0 0 0 80 0 0 0 0 0 0 0 16 12 0 89 0 0 3 0 0 76 34 0 26 0 0 30 0 28 0 15 20 0 0 0 8 0 0 21 78 0 45 0 0 7 0 63 0 30 0 62 0 4 0 0 37 0 31 22 26 0 0 22 0 12 0 0 0 27 83 0 0 0 52 18 3 28 0 0 36 0 0 0 0 37 42 31 0 77 97 0 0 34 0 0 25 0 61 0 0 0 0 53 30 0 21 26 0 54 0 38 87 1 0 39 49 64 0 3 1 55 59 0 0 25 0 0 0 0 57 0 0 29 0 0 26 0 0 0 16 0 0 65 0 0 59 0 35 0 28 0 0 46 0 81 0 79 0 7 0 40
 58 0 97 3 0 0 49 0 0 4 0 73 0 71 20 1 0 16 51 0 0 0 0 55 14 0 0 12 75 0 0 75 0 12 0 14 0 0 31 0 42 0 0 0 0 0 6 0 0 0 0 0 6 8 0 0 0 0 0 14 41 0 62 0 0 0 0 0 55 0 0 0 33 0 0 0 15 62 22 47 39 0 0 18 0 0 0 34 0 34 0 17 0 0 35 0 0 0 1 0 0 18 60 31 0 2 39 39 69 0 0 0 0 0 0 6 9 0 0 0 8 0 0 65 0 65 4 47 0 0 0 16 0 19 0 0 0 0 22 0 0 59 41 0 0 8 0 41 11 19 0 25 6 0 41 19 0 0 7 11 23 0 0 0 0 8 0 0 69 70 0 72 0 2 0 0 25 0 0 15 0 0 17 0 0 0 0 0 0 0 0 23 0 0 0 0 0 0 21 0
 0 2 57 12 50 51 18 50 32 34 19 0 27 0 0 66 0 32 22 0 0 4 5 33 19 0 25 74 54 85 0 75 0 0 41 46 46 48 57 56 26 35 0 23 35 0 70 60 48 24 14 0 0 0 0 63 1 0 37 30 54 36 48 0 45 64 0 30 0 0 48 0 48 0 37 65 15 9 59 40 11 10 92 89 58 0 23 17 0 73 0 4 0 44 29 46 59 0 0 17 70 82 0 93 10 18 15 67 43 0 65 12 0 33 53 63 59 0 16 50 0 0 81 62 0 0 0 26 0 3 50 42 65 65 11 93 66 0 0 64 45 27 0 21 3 20 79 32 0 82 48 60 0 16 79 44 0 18 51 18 50 86 34 39 24 0 37 67 42 0 48 7 0 0 26 17 15 88 1 0 0 0 0 0 0 45 1 0 0 60 46 90 50 0 11 41 0 44 0 8
 12 11 60 0 0 28 29 41 0 0 15 15 59 58 0 23 0 0 30 0 0 0 0 65 0 0 0 76 45 1 21 75 0 0 0 38 11 0 52 0 8 0 46 9 0 0 19 27 0 0 51 65 0 16 23 0 13 0 0 11 0 0 79 0 0 0 0 0 33 19 16 0 0 0 0 4 28 52 0 57 4 48 1 62 0 59 0 54 0 50 0 0 12 0 63 0 0 71 62 0 0 29 39 0 27 57 11 0 72 37 10 0 46 69 2 42 4 12 0 0 5 0 0 0 64 0 0 0 68 37 36 2 0 26 0 0 3 16 0 29 0 0 19 0 37 0 7 34 95 5 45 80 0 21 0 72 0 50 0 0 52 0 0 59 0 0 0 0 25 6 46 29 0 0 0 7 0 0 0 35 0 0 0 0 0 0 59 0 0 13 0 13 2 54 0 47 0 0 0 70
 59 0 31 32 39 0 47 10 17 0 61 82 20 36 35 5 18 28 34 81 54 0 0 39 40 0 0 23 49 4 0 42 0 0 0 55 2 69 0 0 52 0 80 0 0 4 0 0 5 32 23 57 0 0 0 29 0 0 0 0 32 0 0 90 0 41 75 17 26 56 15 0 16 8 33 10 42 39 0 0 2 11 10 71 0 0 3 0 11 58 0 65 53 0 39 0 9 0 82 0 0 6 34 0 0 57 0 0 13 0 37 12 17 20 0 64 18 0 0 12 39 1 34 2 22 63 11 26 49 9 0 7 17 0 34 0 67 0 0 5 0 0 0 0 24 0 0 61 17 0 15 83 0 40 0 0 0 46 13 3 18 8 34 60 0 0 18 0 63 62 9 20 14 0 0 0 0 95 39 0 21 54 0 26 0 2 0 27 0 47 0 5 0 86 19 0 3 59 0 46
 78 0 0 38 15 41 49 14 0 0 2 0 9 22 73 0 0 0 0 8 0 0 0 0 46 0 0 0 5 0 0 26 14 0 0 0 96 0 34 0 0 0 43 0 0 0 10 9 0 0 48 0 0 65 17 1 0 16 0 7 17 23 0 0 0 62 14 73 32 0 0 0 0 2 0 23 22 35 78 5 73 15 0 55 23 25 20 38 6 0 0 29 26 13 11 0 53 30 77 0 0 34 41 30 0 22 0 5 79 0 0 0 48 18 0 37 0 0 69 0 21 0 0 35 5 0 24 72 90 0 0 0 0 18 0 0 55 0 0 0 0 4 36 0 0 0 0 29 69 0 0 57 24 6 0 61 0 42 26 62 46 5 0 0 0 0 0 21 64 0 12 0 0 26 0 22 23 0 37 0 0 3 0 0 68 8 84 0 0 0 3 0 0 0 0 30 0 0 0 0
