200
 0 0 0 0 91 28 18 6 15 0 67 0 75 0 0 15 71 21 0 0 1 62 28 72 5 0 11 0 0 27 0 67 40 24 0 0 0 0 60 0 25 29 0 0 3 0 40 28 7 41 9 0 24 8 0 71 0 60 37 0 0 23 0 0 30 55 0 7 68 0 62 0 49 33 0 0 0 70 0 32 49 0 52 44 76 63 32 43 79 28 70 0 19 5 16 0 6 0 10 0 0 57 41 66 33 0 5 1 75 0 0 82 1 0 10 70 0 44 0 0 6 41 58 0 0 75 0 48 0 28 0 74 0 0 72 24 37 56 64 21 29 43 31 0 0 28 48 4 0 26 15 75 57 12 0 0 50 75 0 0 17 0 0 89 0 0 11 9 73 0 0 27 6 0 28 7 0 20 0 0 0 0 6 0 0 0 4 3 0 72 20 27 0 0 18 0 0 15 62 38
 81 0 3 0 69 26 1 0 42 77 43 0 26 91 0 66 46 63 30 23 55 17 38 50 66 74 3 8 37 70 62 41 24 29 0 44 0 0 48 5 17 0 9 43 28 87 60 5 0 68 8 44 18 61 0 34 0 25 65 2 33 0 0 0 0 5 86 40 0 22 88 48 56 56 0 21 52 13 0 18 33 53 61 2 53 17 30 78 0 23 24 14 17 28 39 0 9 0 11 0 0 0 23 82 70 25 16 0 18 0 0 14 0 66 0 1 18 20 0 7 0 0 40 28 20 31 36 25 0 19 34 0 14 30 2 11 19 13 23 0 9 35 58 0 36 0 31 52 0 0 41 29 0 52 42 83 73 60 19 0 0 80 92 54 2 0 66 0 6 0 10 35 0 0 33 38 0 10 56 14 31 19 28 20 10 0 91 32 6 39 36 24 50 12 30 0 33 9 15 0
 61 0 0 6 24 62 66 0 80 24 40 0 61 52 5 60 38 5 38 30 19 0 65 0 5 0 4 32 20 91 53 31 86 1 0 0 0 72 23 0 0 0 8 0 73 37 21 28 53 49 43 5 5 0 0 0 39 22 0 53 0 32 16 0 42 82 24 51 6 40 0 17 37 40 0 0 44 9 29 55 44 46 58 24 84 27 9 79 36 86 0 63 82 0 57 12 47 10 2 0 0 0 0 76 81 78 63 70 27 0 0 84 46 41 85 18 0 0 27 0 92 9 27 0 39 94 4 10 91 82 36 2 54 71 34 81 50 91 80 5 22 0 0 40 5 53 41 62 0 0 0 72 69 53 41 0 23 9 67 21 88 54 72 0 42 0 0 28 23 0 98 0 61 0 67 13 45 0 59 25 0 59 9 0 57 77 54 59 27 24 46 52 46 0 0 6 2 0 70 62
 38 8 0 0 5 37 65 55 61 13 59 0 46 32 0 22 33 18 28 26 48 53 74 60 12 52 33 31 13 8 70 24 49 66 16 38 0 0 27 35 57 35 3 6 5 13 39 51 61 36 50 70 31 0 51 39 0 91 0 8 0 59 0 0 0 69 46 31 0 11 47 19 0 0 6 0 0 8 3 37 28 0 3 0 64 0 28 68 11 60 82 0 82 0 26 43 0 6 39 0 0 8 31 37 30 3 54 0 21 0 0 60 0 36 45 1 0 60 0 0 0 53 53 60 54 14 0 41 78 31 65 15 0 0 36 35 25 10 20 30 68 0 6 69 0 49 0 32 0 0 0 64 16 56 0 0 46 36 88 0 50 0 33 93 0 15 72 18 53 0 35 48 41 0 11 4 2 6 0 32 66 0 19 37 48 0 28 0 0 73 23 23 10 57 0 0 37 7 0 27
 0 0 0 0 0 0 0 0 0 0 0 0 0 0 0 0 0 0 0 0 13 0 0 19 0 0 0 15 0 15 0 0 1 34 29 0 0 0 0 44 0 0 0 0 0 0 0 0 0 0 24 0 0 0 0 0 0 0 5 8 0 0 0 1 0 0 0 0 16 28 0 0 0 6 0 0 0 0 0 0 4 0 0 0 1 0 0 0 3 0 0 0 0 0 0 0 12 8 0 18 0 0 0 0 0 0 7 13 0 0 0 0 0 0 0 0 0 0 9 0 0 0 0 0 0 0 0 0 0 0 0 0 0 4 0 1 0 19 0 0 0 24 0 0 0 16 0 24 0 0 0 0 0 0 0 0 0 0 21 5 52 0 0 0 16 0 0 0 0 0 0 0 4 32 0 17 0 0 0 0 0 17 4 31 0 25 0 0 0 0 0 0 0 0 0 0 16 0 0 0
 0 0 0 0 86 0 82 0 4 0 37 0 43 0 0 9 51 23 0 0 5 32 96 65 58 0 51 0 18 18 0 37 0 0 0 89 0 0 56 12 82 0 0 0 26 27 7 29 39 0 38 12 0 0 0 82 0 0 58 16 0 90 0 0 72 0 2 0 91 60 39 32 0 20 0 17 75 8 0 39 25 0 0 55 52 38 58 81 0 68 61 0 40 0 8 15 1 10 17 0 0 1 33 8 25 9 47 28 0 0 0 50 4 15 50 68 0 0 72 0 49 44 47 0 0 45 12 49 36 78 0 49 21 0 83 92 0 0 0 0 9 58 51 14 0 19 57 76 0 0 35 73 76 29 24 71 85 32 13 0 54 0 43 21 0 37 57 17 8 2 33 0 74 0 0 49 0 0 0 0 0 15 80 90 3 72 0 0 0 47 44 5 0 10 48 0 0 0 96 75
 0 0 0 0 88 0 0 52 0 0 89 13 0 18 0 42 65 0 0 0 47 15 81 3 65 0 63 0 0 62 1 0 0 0 0 80 12 0 0 46 66 0 0 29 0 0 19 0 37 0 12 0 20 2 50 19 30 8 5 0 0 1 0 0 40 88 21 0 1 67 34 0 14 11 0 0 0 0 0 70 0 30 34 18 11 5 70 53 94 30 39 0 96 0 5 0 0 0 14 0 0 4 55 47 7 34 0 9 0 0 0 53 34 5 0 0 0 43 57 0 86 0 25 0 0 0 69 29 0 44 82 14 0 24 63 24 70 50 0 0 74 0 44 70 0 56 0 83 0 0 0 39 6 38 0 1 67 0 1 2 0 7 9 0 0 59 17 57 38 0 0 59 5 0 9 44 25 0 0 0 0 0 5 53 0 0 0 31 0 0 0 13 0 39 0 0 0 71 21 25
 0 14 23 0 26 13 0 0 0 0 7 0 0 0 0 0 42 0 22 0 0 60 37 0 41 0 33 0 0 0 6 2 66 9 0 61 0 0 0 16 0 0 28 9 0 0 58 17 14 0 65 0 0 0 64 56 0 44 0 2 0 24 0 2 14 0 0 0 43 6 0 0 0 0 0 0 0 0 0 8 13 36 9 0 7 0 23 0 0 89 8 0 72 0 94 3 0 34 36 0 0 57 6 0 0 12 36 38 0 0 8 42 34 0 0 0 0 0 0 0 0 0 0 0 0 0 44 38 38 0 61 0 0 0 20 0 0 47 5 0 18 0 5 59 0 15 70 66 9 0 0 60 0 56 0 0 55 21 0 0 68 0 56 0 0 0 0 58 0 0 0 87 0 0 0 12 0 0 0 0 0 0 0 0 21 0 0 0 0 0 0 50 0 5 0 0 1 0 14 0
 0 0 0 0 29 0 77 63 0 47 0 17 0 59 27 10 81 2 33 0 31 47 3 40 0 27 0 24 3 2 0 41 79 0 0 29 0 0 0 28 0 0 0 75 0 61 0 5 78 87 52 0 53 0 13 19 60 80 61 0 1 0 21 0 48 2 0 0 9 46 0 0 14 15 0 0 63 0 0 0 0 11 0 0 0 42 73 11 7 42 38 0 32 0 55 0 0 53 77 0 0 53 76 63 0 37 72 52 0 0 0 54 1 0 0 0 15 34 1 0 0 0 70 0 0 76 23 44 71 35 61 0 0 10 3 44 59 0 64 0 72 68 0 0 0 0 0 47 0 0 0 0 0 26 0 12 0 0 0 0 15 0 0 78 0 19 0 54 77 1 71 2 24 0 10 48 1 0 0 0 0 0 44 28 0 75 0 21 1 60 19 50 0 21 0 0 0 78 40 12
 9 0 0 0 36 3 10 11 0 0 83 0 0 76 0 70 0 0 0 0 72 0 61 35 54 0 17 0 0 61 4 80 43 0 18 2 0 32 0 13 56 0 0 36 8 22 48 34 63 0 72 0 95 0 15 41 59 52 26 0 0 0 0 0 21 13 0 0 16 0 18 82 37 59 0 0 37 0 0 0 30 0 96 17 65 82 28 39 0 27 49 0 70 0 42 0 0 0 0 0 23 0 0 4 0 45 72 13 0 0 8 1 58 0 0 2 0 51 12 0 37 83 23 0 0 21 32 0 73 0 42 45 0 69 0 44 0 25 37 0 32 18 56 12 0 36 30 8 0 0 20 16 10 1 0 27 40 42 0 0 51 0 37 35 0 74 58 0 0 0 33 51 21 0 0 68 0 0 0 0 0 0 36 62 0 22 0 9 0 3 56 0 0 23 0 0 0 77 17 16
 0 0 0 0 30 0 0 0 21 0 0 0 8 0 0 13 34 0 25 0 0 0 66 0 0 17 0 0 0 15 0 14 0 0 0 74 0 0 0 40 0 0 0 40 0 13 6 0 39 0 21 0 70 0 9 59 55 5 0 0 0 13 27 0 63 0 0 0 18 6 0 0 0 0 0 0 0 4 0 0 0 0 37 0 26 0 0 0 0 53 0 31 0 0 16 0 0 32 0 0 28 45 11 56 0 6 25 0 0 0 8 25 76 0 0 0 0 44 6 0 0 0 0 0 0 20 0 60 92 0 67 0 0 40 67 3 0 25 31 14 21 0 30 0 24 2 5 16 0 26 0 98 4 64 0 0 0 1 0 8 0 0 49 0 0 0 0 55 4 0 0 56 12 0 0 54 0 0 0 0 0 15 22 36 13 0 0 0 0 0 0 0 0 0 25 0 0 0 64 0
 76 47 35 9 83 72 0 32 0 13 35 0 50 0 0 41 20 3 17 30 75 13 0 64 0 7 23 31 0 87 0 53 32 0 11 0 0 0 52 36 21 27 53 75 14 31 0 72 3 95 0 85 24 70 0 0 38 1 12 14 13 74 81 0 60 67 4 9 0 53 23 16 71 0 23 0 0 50 9 0 29 30 0 18 2 7 80 63 18 22 50 61 0 14 51 65 24 0 72 61 0 0 4 20 42 65 64 92 72 0 0 17 22 70 42 13 8 33 0 0 31 0 0 18 59 0 0 73 0 0 32 0 61 48 34 66 7 15 49 12 85 46 51 54 10 0 55 0 56 31 39 86 0 53 10 49 62 0 39 68 45 20 4 71 66 20 27 3 29 0 10 29 16 45 73 0 43 57 0 34 24 14 52 0 0 0 44 25 17 39 14 0 60 18 60 0 47 31 77 83
 0 0 0 0 57 0 3 27 69 9 0 0 0 21 0 50 38 75 13 0 51 24 27 49 72 0 0 0 0 28 0 39 2 18 0 84 0 0 0 0 52 0 0 47 0 1 27 16 82 59 83 0 44 4 6 4 59 18 0 8 11 14 0 0 0 0 0 0 0 0 63 66 59 0 0 0 19 76 0 0 31 0 46 57 2 42 21 35 35 12 76 22 39 4 71 0 0 0 0 0 27 40 0 71 0 58 13 30 2 0 0 66 58 0 12 0 0 59 25 0 72 0 35 0 0 84 36 79 17 42 15 10 25 0 0 27 38 0 0 0 0 49 36 39 0 28 85 79 0 0 20 17 82 26 30 2 0 8 0 20 69 12 0 0 26 20 60 66 47 0 40 0 47 0 0 89 0 0 0 14 0 0 16 11 0 39 0 10 0 75 0 28 0 41 7 0 0 23 15 4
 0 0 0 0 8 3 0 12 0 0 10 6 0 0 0 0 77 0 0 0 0 18 9 0 0 0 0 0 0 24 0 67 4 0 0 82 0 0 0 0 0 0 0 21 0 0 4 0 61 0 70 2 0 0 0 19 0 0 0 0 0 0 0 15 33 18 0 31 56 42 0 0 0 0 7 0 0 0 0 45 3 0 0 0 12 0 0 0 87 56 20 22 9 0 82 0 0 21 5 0 0 0 26 31 19 15 41 0 0 0 0 0 0 0 0 0 0 0 28 0 0 0 2 0 0 0 0 86 39 0 2 0 0 51 44 18 0 0 0 0 5 0 0 30 2 0 0 0 29 0 0 55 0 68 0 0 0 0 0 0 7 15 35 0 0 12 0 10 0 0 0 25 0 13 24 67 0 0 0 0 0 0 0 0 0 0 0 31 0 0 33 0 0 10 0 0 25 4 95 8
 26 94 0 84 29 90 33 56 0 34 79 26 5 2 0 0 51 63 38 16 26 74 0 74 6 62 86 91 0 28 94 16 33 60 32 0 0 24 38 74 56 31 66 19 0 27 0 48 63 72 18 66 3 0 38 0 0 38 0 71 11 0 51 0 25 0 4 23 11 24 0 7 61 0 11 3 36 51 18 74 0 6 33 70 17 14 90 0 10 37 2 69 73 0 63 51 55 50 35 16 0 0 0 57 43 28 1 0 10 0 20 58 41 61 64 27 41 49 22 5 29 12 0 61 87 25 0 15 0 49 42 38 51 81 2 51 27 50 58 0 20 58 10 33 71 31 25 4 68 0 21 14 50 61 48 20 57 4 0 8 0 0 34 10 20 46 18 11 58 0 90 22 21 64 0 6 40 50 46 63 0 70 38 26 15 0 43 0 0 2 14 14 64 92 38 0 45 15 38 12
 0 0 0 0 39 0 0 5 0 0 0 0 0 49 25 0 7 0 40 0 0 41 18 0 0 27 10 0 5 56 8 55 0 0 0 0 0 0 13 0 0 0 0 56 0 0 40 0 64 0 2 0 39 0 0 34 0 51 0 22 0 0 0 0 41 0 28 28 75 69 0 12 0 0 0 0 0 0 0 12 29 0 46 0 0 6 0 0 0 43 0 0 30 0 48 0 0 0 8 0 0 4 57 13 0 8 0 0 0 0 3 37 51 0 0 0 1 62 80 0 0 0 35 15 0 0 26 11 46 0 17 0 0 51 14 0 89 0 17 0 47 0 0 0 5 0 57 13 0 16 0 11 0 48 0 0 0 30 0 0 0 0 60 0 8 3 0 0 0 0 0 87 46 0 0 12 0 0 0 0 0 22 62 0 0 0 14 0 0 0 0 0 0 0 0 0 0 17 26 0
 0 0 0 0 21 0 0 0 0 0 0 0 0 0 0 0 0 0 66 0 5 55 0 0 0 29 0 9 22 0 0 37 0 0 3 0 0 0 0 33 0 0 0 0 0 0 13 22 0 0 5 0 0 0 19 0 0 0 0 0 3 0 0 20 20 0 0 0 50 4 0 0 0 0 0 0 0 0 0 0 0 0 0 0 0 0 0 0 0 0 0 0 23 0 0 14 0 31 0 0 0 0 32 0 0 0 0 19 0 0 0 63 0 19 0 0 0 0 0 0 0 7 29 8 0 0 0 0 0 0 13 0 0 6 20 0 0 32 0 0 12 0 0 0 0 0 0 0 0 0 0 0 0 0 0 0 0 0 0 0 1 0 25 0 19 0 0 0 21 0 0 0 0 0 5 0 22 18 0 0 0 0 0 0 0 0 0 0 0 0 28 0 1 0 0 0 0 0 13 0
 0 0 0 0 19 0 61 25 0 21 31 0 0 32 0 8 61 0 23 0 49 23 0 10 18 0 48 0 47 0 0 25 91 70 23 53 0 0 30 0 40 16 0 0 0 17 11 0 48 21 40 0 0 0 35 52 0 50 0 0 0 92 0 26 1 42 0 0 51 32 0 27 2 43 0 0 58 66 0 3 63 0 87 0 40 56 36 46 31 42 82 0 24 0 76 0 0 21 31 0 0 9 39 35 0 86 19 62 68 0 0 60 32 0 0 0 0 51 14 0 65 16 0 10 13 14 0 0 47 64 41 18 0 44 39 71 62 83 16 0 8 19 23 86 0 38 40 31 5 6 61 43 0 21 79 2 29 42 12 21 82 1 56 0 0 58 22 15 32 0 0 6 0 0 6 0 0 0 0 0 0 0 49 90 0 38 0 52 0 74 32 82 0 82 9 0 0 67 0 12
 34 0 0 0 35 10 0 0 0 2 0 0 0 12 0 0 0 0 0 0 8 12 0 0 9 0 0 8 0 68 0 53 0 2 0 0 0 0 0 61 21 0 0 0 8 0 0 0 0 0 0 0 0 0 0 45 0 0 0 0 0 0 7 7 0 0 0 0 3 60 0 0 12 0 0 0 7 0 0 0 0 0 0 0 0 0 10 18 0 0 0 0 0 0 0 0 0 20 5 14 0 0 0 0 0 0 0 32 0 0 0 0 43 0 0 0 0 0 0 22 0 0 0 21 0 0 0 0 0 0 0 0 30 0 51 0 0 0 14 0 0 20 0 0 0 0 15 0 0 0 0 0 0 0 0 2 1 0 1 16 33 0 62 4 0 0 0 0 0 3 0 0 0 0 11 63 0 0 0 0 0 0 22 0 0 0 0 9 0 0 0 0 0 0 4 0 0 0 0 0
 44 0 0 0 46 66 3 55 44 19 80 0 68 54 0 43 36 8 13 0 60 76 0 62 32 64 47 75 53 1 0 10 54 60 60 0 0 88 0 44 0 82 0 1 0 55 45 30 54 24 45 29 71 0 28 70 41 51 0 29 0 4 83 0 35 0 3 60 52 48 72 22 38 29 6 1 61 63 12 18 18 51 12 45 6 15 0 5 3 22 42 0 0 0 52 75 16 68 83 0 0 34 43 31 5 32 4 9 0 0 21 48 23 10 55 93 2 60 0 0 17 34 50 65 13 2 0 43 12 54 26 25 22 6 50 60 75 23 0 38 73 30 28 28 6 33 23 2 0 0 57 45 79 5 0 6 31 3 19 18 53 0 0 83 0 68 0 54 54 7 71 13 44 0 18 52 58 51 28 0 0 0 61 86 0 44 18 80 0 15 0 12 0 44 12 17 0 0 88 58
 0 0 0 0 0 0 0 21 0 0 34 0 0 57 0 27 0 0 0 0 0 30 7 92 81 0 35 0 13 18 0 57 0 0 0 70 0 0 0 0 51 0 0 1 0 0 84 0 51 21 18 0 0 0 34 20 70 20 0 0 0 0 0 0 29 4 0 0 47 0 94 14 2 36 0 0 0 8 13 76 0 0 9 0 0 0 49 58 37 63 0 0 21 29 18 15 0 35 9 0 0 0 0 56 0 0 0 77 0 0 0 15 0 0 0 0 0 70 6 30 60 0 14 0 0 48 9 0 51 0 78 0 0 47 23 3 0 0 0 0 14 0 81 3 1 42 40 68 0 0 0 72 0 0 0 89 0 2 0 0 80 0 77 0 0 65 0 44 0 0 0 76 14 0 0 69 22 6 0 0 0 0 0 0 0 0 18 0 0 0 96 73 0 0 30 0 0 6 42 31
 0 0 0 0 17 0 0 0 0 13 13 0 0 0 0 0 0 0 0 0 0 0 0 0 8 0 0 6 0 9 0 14 3 0 0 33 0 0 0 0 0 0 0 0 0 0 0 0 0 0 0 0 0 25 11 0 0 0 0 0 0 0 0 0 0 0 0 25 29 44 0 0 0 0 0 0 0 0 0 0 0 0 0 0 15 0 0 10 0 0 0 28 66 0 0 0 0 59 0 0 0 12 0 11 0 5 23 0 0 20 0 65 24 0 1 0 0 0 0 0 0 0 0 0 0 0 0 0 0 15 0 0 9 0 36 0 8 0 3 13 0 0 0 0 16 3 13 19 0 1 0 0 3 0 15 0 4 0 0 0 0 0 0 5 0 0 0 0 0 0 2 0 0 0 0 0 29 0 9 0 0 0 0 0 0 0 0 0 18 0 0 0 0 0 0 0 1 0 0 20
 0 0 0 0 74 0 0 0 0 0 0 7 0 0 4 0 86 16 42 4 0 77 0 0 0 0 0 0 0 47 0 66 0 0 14 0 18 3 21 37 0 21 0 1 0 0 46 12 0 0 0 9 0 0 0 17 0 92 0 0 0 0 0 0 0 14 7 0 67 44 0 0 23 0 0 0 6 0 0 36 0 0 0 0 0 7 0 0 0 0 0 0 88 0 74 0 8 60 0 0 0 0 0 27 0 30 51 0 5 0 0 39 0 0 15 0 0 0 87 0 9 0 0 17 0 4 0 48 0 15 0 0 0 0 0 0 0 7 0 0 6 0 0 0 0 0 37 1 0 0 0 0 0 0 0 0 0 0 0 0 83 0 19 0 0 0 0 0 19 0 0 0 0 0 0 72 0 0 0 0 0 0 16 0 0 0 0 0 2 0 0 0 27 0 0 0 0 0 85 0
 0 0 2 0 0 0 0 24 0 0 21 0 0 37 0 69 61 0 32 0 0 38 76 0 48 0 15 0 0 0 0 10 0 0 1 14 35 25 0 53 91 0 15 0 0 0 0 13 0 20 66 0 54 0 70 33 50 47 0 0 0 0 0 0 73 64 0 0 53 26 0 6 0 1 0 0 0 0 0 40 55 0 91 0 0 3 2 0 0 0 33 0 0 1 1 0 0 21 0 18 14 43 9 0 0 22 53 59 0 0 0 25 50 0 0 0 0 55 57 0 34 0 86 0 0 0 37 46 40 0 0 18 0 13 0 1 46 0 84 12 14 0 40 56 0 0 73 4 0 0 54 71 69 10 0 46 76 0 0 0 48 0 40 24 0 0 0 60 0 0 0 20 0 8 24 34 0 0 6 0 0 0 0 0 0 0 9 80 0 0 16 1 0 0 0 0 32 0 83 0
 0 0 0 0 33 0 0 0 19 0 73 22 0 28 0 74 10 0 0 0 0 0 55 0 0 0 58 0 28 50 0 24 0 0 0 2 0 4 0 72 0 2 7 65 0 0 96 3 0 0 30 11 0 0 77 38 54 46 0 0 0 0 0 0 61 3 0 0 39 73 0 0 0 0 0 0 0 0 0 57 7 0 48 0 0 11 55 0 37 28 0 0 0 0 6 0 0 59 0 0 15 50 5 0 0 0 66 16 0 27 20 0 64 0 0 0 0 62 23 21 8 3 4 0 0 0 0 6 86 18 6 0 0 0 55 0 18 60 56 0 42 0 21 0 0 15 0 0 0 0 36 77 0 0 0 0 18 0 0 0 0 0 22 0 0 0 0 30 0 0 0 45 0 37 0 40 0 0 0 0 0 0 10 0 0 0 0 38 0 0 0 31 0 0 0 0 0 0 0 0
 62 0 11 0 13 51 9 78 0 9 0 0 56 58 0 0 0 31 60 0 70 5 62 31 29 0 11 49 23 80 9 39 43 14 0 77 1 63 23 43 0 40 0 42 5 50 81 49 34 55 39 1 78 0 42 0 59 0 60 35 30 51 17 0 29 68 36 11 13 0 0 49 43 8 41 0 78 45 65 21 78 0 74 13 12 24 57 52 80 46 69 0 0 56 78 42 0 81 17 0 0 37 77 0 84 0 86 0 55 0 0 21 40 64 58 30 0 86 2 0 28 31 14 13 0 2 0 84 72 0 2 77 36 79 30 41 88 0 77 0 81 74 42 37 61 93 0 40 1 0 0 9 13 27 0 16 21 5 47 29 51 27 0 48 0 55 44 32 23 17 96 23 49 0 68 29 26 45 0 0 66 0 26 18 0 0 74 77 0 1 77 35 49 18 71 8 16 49 12 32
 0 0 0 0 41 0 0 0 11 0 43 0 1 43 0 0 63 0 65 0 0 13 57 0 0 0 0 0 0 0 0 0 0 0 0 53 5 0 0 10 6 0 0 23 0 0 75 13 46 0 3 0 0 0 0 34 0 35 0 19 0 11 0 0 21 54 0 14 91 26 0 0 0 3 0 0 8 0 0 28 0 0 61 0 1 0 79 2 0 59 68 0 0 0 36 0 0 36 5 2 0 0 69 34 0 0 34 4 0 0 0 38 39 0 0 0 0 77 37 0 77 1 0 0 0 0 0 67 5 0 68 56 0 51 9 1 40 84 0 29 66 13 0 0 0 0 62 0 0 0 47 40 51 38 0 0 0 11 7 0 0 0 51 0 0 0 0 2 0 0 0 0 98 0 5 41 0 5 4 0 0 0 16 0 0 19 11 0 0 0 0 0 6 0 25 13 11 28 6 0
 20 0 0 0 0 1 54 50 0 37 70 0 26 15 0 15 0 68 0 0 74 0 77 85 35 0 7 0 39 6 64 15 62 62 20 30 0 0 77 48 65 0 0 6 62 46 51 0 0 0 65 0 51 0 50 0 34 76 0 51 0 52 0 15 0 27 0 0 0 38 47 60 0 0 0 0 32 32 0 7 10 0 76 75 0 63 0 5 0 62 0 0 76 9 25 2 84 20 61 9 0 16 71 69 0 36 68 50 25 0 0 0 0 0 39 7 16 0 0 0 75 68 10 0 0 6 56 68 12 53 18 0 0 63 1 51 70 0 40 18 47 70 60 29 0 49 25 31 19 0 42 4 12 46 71 31 72 42 71 0 10 0 29 69 21 17 64 46 14 1 0 60 0 0 72 42 6 0 32 0 63 6 26 35 20 56 0 33 0 30 8 89 38 2 36 0 0 37 31 72
 32 0 0 0 30 0 17 27 0 5 75 30 8 57 8 0 0 0 13 0 0 60 8 55 0 0 67 0 0 5 0 80 78 72 0 58 0 0 0 63 70 5 0 1 20 35 65 0 74 12 2 9 0 0 29 0 56 0 0 0 0 84 11 0 2 47 4 0 14 16 26 32 0 34 0 0 86 0 11 16 60 18 0 0 3 10 73 0 64 0 51 0 79 0 88 0 0 0 13 0 0 0 0 71 0 65 49 0 0 0 0 44 40 0 22 95 0 62 77 0 0 52 9 24 0 33 78 73 22 0 0 16 0 0 61 45 2 0 42 0 0 26 12 18 0 1 27 0 0 7 11 0 57 31 2 0 77 0 0 0 54 16 67 30 0 33 0 33 0 0 44 0 7 0 24 25 0 0 0 22 0 0 46 52 0 9 0 0 0 18 21 0 3 0 0 0 0 0 48 23
 0 0 0 0 0 0 0 6 0 0 0 0 0 0 0 0 11 5 0 0 0 0 0 6 0 0 31 0 0 0 0 0 0 0 0 0 0 0 0 41 0 0 0 0 0 0 0 10 0 0 0 5 0 0 0 0 11 0 0 0 0 0 0 0 0 0 0 0 0 0 3 0 0 0 0 0 0 0 0 0 0 0 0 0 0 0 23 0 0 28 0 0 0 0 0 0 0 0 0 18 28 0 0 0 0 0 0 0 16 0 0 0 0 0 24 0 0 0 5 0 0 0 0 0 0 6 0 0 0 0 5 8 0 0 0 0 0 11 0 0 0 0 20 0 0 23 0 0 0 0 0 0 0 0 0 0 0 0 0 0 19 0 0 24 24 0 0 0 0 0 0 0 0 0 0 1 10 0 0 0 0 0 0 0 0 0 0 0 0 0 0 0 0 0 0 0 0 24 1 0
 26 0 0 0 7 48 0 0 0 0 0 31 44 22 0 0 71 11 59 4 28 88 29 9 18 0 77 0 37 40 0 0 39 78 0 88 0 3 72 47 0 0 0 31 37 13 0 0 28 47 18 0 81 0 28 65 42 68 0 0 0 64 10 0 62 64 5 0 0 29 0 43 0 1 13 0 67 0 0 43 11 21 82 0 0 92 71 70 0 47 69 0 51 3 0 37 65 56 42 0 8 16 66 7 0 17 0 0 18 27 0 31 51 0 0 24 0 54 57 1 59 58 7 10 0 0 69 21 38 26 3 23 0 0 0 62 89 60 46 0 0 45 45 72 33 56 57 82 26 0 17 28 55 53 56 55 63 0 2 0 73 0 0 8 0 12 49 65 72 0 64 0 0 4 0 6 0 0 10 0 21 0 51 93 0 33 0 9 0 14 64 0 0 13 7 0 0 0 0 48
 0 0 0 0 36 0 8 0 0 0 0 0 0 0 0 0 0 0 0 0 0 0 0 0 0 0 14 0 0 69 9 0 3 0 0 53 0 0 4 50 0 0 0 0 0 0 1 0 0 0 0 0 0 0 26 0 0 0 31 0 0 7 0 0 0 17 0 0 63 60 0 0 16 0 0 0 0 0 35 27 0 0 0 0 0 0 31 12 0 0 27 0 0 0 0 0 1 0 0 4 0 0 0 0 0 0 0 0 0 0 0 27 64 8 0 14 0 0 0 0 0 1 0 0 5 0 24 0 0 0 25 0 0 0 15 0 0 0 0 0 9 0 21 0 0 14 0 8 11 23 0 30 0 4 0 16 0 8 24 0 23 0 33 8 0 0 0 0 5 23 0 0 0 0 0 10 0 0 0 0 0 0 0 0 0 2 0 4 0 0 0 0 0 0 0 0 5 0 0 0
 0 0 0 0 0 14 11 0 0 0 67 0 0 0 0 48 27 0 74 0 11 0 31 27 18 0 72 0 0 14 0 0 0 19 0 0 11 0 0 35 0 0 0 41 0 0 4 0 13 0 35 0 39 25 51 55 49 37 0 0 0 0 0 0 78 70 0 0 76 32 0 0 0 0 0 0 0 0 0 41 38 0 5 0 0 0 0 30 67 72 0 0 0 0 27 0 0 43 5 0 0 60 68 53 0 41 37 47 0 0 0 25 60 0 0 0 0 0 0 0 42 0 78 0 0 0 25 0 21 0 0 3 0 14 55 44 0 60 0 0 65 0 47 74 0 0 73 54 0 13 0 42 90 24 0 1 78 0 0 0 0 8 59 0 0 0 8 54 10 0 0 0 31 0 0 0 0 3 0 27 0 4 15 0 0 0 0 74 0 1 0 77 17 6 11 17 0 0 61 0
 0 0 0 0 0 28 75 0 20 43 18 14 0 2 0 20 68 0 0 0 70 77 15 31 60 0 94 0 0 16 0 7 0 0 0 49 0 0 38 45 67 0 0 26 0 0 31 41 26 92 8 8 40 18 56 74 52 62 46 0 0 93 0 0 70 41 0 0 30 63 48 21 0 23 0 0 61 85 0 15 89 0 50 0 82 77 61 23 38 90 27 0 0 0 7 0 0 2 21 2 0 34 14 0 0 31 0 67 38 4 0 0 27 0 42 63 0 0 37 0 63 53 76 0 0 62 54 25 75 0 62 31 0 16 42 0 90 29 72 0 49 30 32 21 0 59 85 46 0 0 45 94 0 69 0 28 0 14 17 0 0 0 0 21 0 39 19 12 0 0 23 10 48 0 0 32 0 0 0 19 0 0 40 60 0 39 30 25 2 68 0 5 0 12 0 18 0 35 21 0
 36 6 1 0 0 3 59 44 69 0 78 0 28 13 0 55 0 0 51 0 81 70 0 0 35 3 57 0 64 74 45 13 29 26 0 43 0 0 38 34 61 45 0 8 9 0 45 8 66 90 0 0 4 0 45 36 22 51 0 0 0 12 0 0 15 0 28 0 11 63 19 13 78 62 0 0 57 26 0 61 0 6 71 47 4 58 43 20 53 54 16 0 88 0 54 48 7 60 49 6 0 78 75 0 0 0 61 0 28 1 0 93 52 0 45 50 10 0 57 0 12 0 65 0 0 47 31 67 0 13 0 11 0 63 0 0 36 37 0 0 71 3 0 60 0 65 16 5 0 0 26 14 23 22 0 0 0 24 12 0 14 36 55 66 4 12 21 49 2 0 42 4 5 0 16 48 0 29 0 4 0 0 0 0 0 0 0 76 0 26 30 59 0 45 0 0 0 65 8 0
 21 0 24 0 89 0 0 0 0 0 0 22 0 0 30 16 4 0 1 1 0 0 5 0 0 0 0 0 0 35 0 0 21 0 0 0 0 0 0 0 0 3 0 0 0 25 0 0 0 0 0 1 8 13 0 4 0 14 0 0 0 0 0 0 0 0 0 0 9 47 26 0 10 0 0 0 0 0 0 0 0 0 0 0 0 0 20 0 0 4 0 0 34 0 0 0 0 10 0 1 0 0 0 0 13 0 0 0 0 4 0 0 37 0 19 0 23 0 0 0 10 0 0 13 2 24 1 0 0 0 0 11 0 0 0 0 0 14 0 0 0 0 8 0 0 0 0 17 0 21 33 25 0 0 0 0 0 0 0 0 0 0 81 15 0 12 0 0 0 7 0 9 0 0 0 42 0 0 0 0 0 0 0 0 24 16 0 0 22 0 0 0 0 0 1 0 0 0 0 0
 54 16 97 53 21 14 0 90 11 3 5 56 64 58 46 78 25 72 93 45 78 25 0 0 36 0 0 74 41 13 12 20 0 54 58 38 0 80 20 0 10 78 3 0 68 56 37 20 0 0 32 5 34 0 5 42 0 0 35 42 20 0 43 29 25 89 71 49 0 36 3 80 0 0 51 0 18 37 63 73 47 97 34 0 11 12 0 15 70 0 44 44 49 0 92 6 77 20 0 0 0 51 64 36 15 80 31 28 11 0 0 0 0 0 0 59 83 18 8 89 30 11 75 25 57 62 53 18 0 29 0 62 49 40 0 83 3 61 55 16 0 60 88 0 68 3 0 82 95 45 2 0 0 14 53 29 48 21 47 71 0 24 41 89 27 57 50 12 58 0 13 62 14 2 0 55 0 58 66 0 0 1 57 70 84 53 56 20 0 91 38 8 45 0 0 18 76 19 73 76
 52 1 0 1 29 43 76 39 30 0 11 6 2 40 0 26 77 65 85 0 56 27 0 0 0 0 21 11 65 66 0 68 14 31 11 10 0 0 46 0 60 15 19 0 6 1 0 32 52 30 60 0 0 5 0 0 13 52 93 0 0 15 0 0 46 47 0 0 0 15 8 0 88 40 0 0 58 13 0 12 27 0 0 53 14 61 43 8 15 74 34 0 58 67 69 0 33 85 12 0 0 26 0 83 0 0 0 89 18 29 0 15 0 0 0 52 15 30 3 20 27 0 0 0 32 2 89 0 18 66 65 0 0 46 33 0 0 0 0 0 89 12 0 3 24 60 59 18 0 0 41 25 9 63 30 43 7 44 0 0 9 0 43 0 0 0 88 0 53 0 20 0 85 3 25 0 0 2 0 0 0 0 13 37 0 60 23 70 15 59 12 55 12 40 11 0 0 67 83 6
 0 0 0 0 85 0 45 18 0 5 45 0 31 32 0 0 12 0 81 8 15 60 0 39 37 0 29 0 9 10 0 0 53 0 0 10 0 0 0 21 16 0 0 70 0 0 86 45 70 8 73 0 42 0 42 6 47 0 0 0 0 48 0 0 0 15 0 12 43 70 43 76 47 78 0 0 55 54 0 69 55 0 42 61 43 24 16 0 23 62 58 0 0 10 75 13 0 20 0 0 0 53 0 60 0 6 40 71 0 5 0 6 42 0 51 6 0 63 22 8 0 67 35 0 0 65 23 0 0 42 20 67 0 47 4 17 26 75 75 0 2 0 31 59 4 37 41 41 8 4 33 62 82 37 0 10 0 0 0 0 77 0 14 35 21 33 62 48 14 0 0 0 2 0 0 30 0 0 0 0 0 0 0 75 13 0 0 0 0 0 1 15 0 59 0 1 0 41 33 37
 7 0 4 0 0 0 0 0 0 0 0 0 37 12 0 30 0 30 0 0 14 0 0 0 0 0 0 0 0 0 0 0 0 0 0 29 3 2 0 0 0 0 0 18 14 0 18 25 14 0 1 0 0 34 0 0 0 0 0 4 0 23 0 11 0 0 0 0 0 0 0 0 0 6 0 0 15 0 0 0 0 0 0 0 0 1 0 0 0 0 0 0 0 18 0 21 0 2 0 0 0 0 0 0 0 0 0 0 0 0 0 0 0 0 0 0 0 0 0 0 0 0 28 0 0 0 0 0 6 11 0 0 0 9 0 0 28 0 0 0 0 0 8 0 2 0 2 2 0 3 0 0 0 0 8 0 0 0 0 0 0 0 0 0 0 0 1 0 22 0 0 0 17 0 3 28 0 0 0 0 0 0 0 0 0 0 0 0 0 5 0 16 0 0 0 0 0 0 0 0
 0 0 31 0 74 0 0 9 11 0 55 0 0 11 0 65 11 0 0 6 0 58 20 0 24 2 0 0 0 63 9 30 89 0 0 26 0 0 0 85 0 0 0 34 0 0 0 21 96 0 0 0 0 0 56 0 41 52 29 5 0 3 0 0 61 26 0 2 56 10 0 0 0 0 0 0 5 14 0 14 46 0 27 0 0 0 25 0 63 17 68 22 37 0 22 0 0 7 0 0 0 70 0 59 0 53 50 17 0 0 0 0 0 9 0 0 0 0 72 17 35 0 16 0 0 0 0 0 60 0 16 26 9 54 1 70 79 46 7 0 44 0 58 0 16 0 81 0 0 0 15 42 54 0 15 46 35 0 0 0 43 0 0 0 0 0 36 18 0 0 0 0 67 0 0 0 0 0 0 0 0 0 0 0 28 16 0 0 0 0 0 69 7 0 0 0 0 1 0 0
 0 28 1 0 35 45 14 83 25 50 98 0 76 25 0 44 2 0 60 0 89 31 0 22 0 0 45 30 0 17 71 56 39 59 0 0 0 0 61 35 62 0 0 0 81 0 24 0 4 0 47 7 0 0 76 87 5 41 0 0 0 18 0 0 42 35 36 0 8 35 69 0 96 32 0 0 56 24 0 78 38 0 0 0 41 12 66 39 7 1 4 0 0 0 0 0 2 0 70 0 0 12 20 0 0 1 70 0 56 0 0 81 13 14 21 0 0 0 19 0 84 5 20 0 0 0 35 40 57 30 27 32 0 69 59 60 44 49 6 0 8 0 57 31 0 84 0 65 0 0 48 74 38 9 41 0 36 31 0 0 75 0 0 28 8 71 0 25 57 0 23 4 50 0 94 33 0 0 0 0 0 26 0 2 0 67 0 8 0 61 5 6 0 57 48 27 7 30 0 84
 8 0 0 0 33 40 56 0 47 69 18 0 61 5 0 12 46 13 23 83 33 70 29 0 0 27 54 2 51 19 88 28 15 22 70 21 0 0 61 14 8 21 0 33 22 64 64 85 55 64 0 51 73 42 0 72 76 0 21 74 62 0 78 0 0 0 0 17 0 68 16 0 57 80 5 0 42 6 9 0 3 19 7 23 73 58 46 13 0 39 70 59 24 0 10 39 18 0 51 25 0 12 43 73 34 15 0 25 76 0 0 0 2 67 40 52 0 60 10 0 0 52 0 20 38 61 21 75 30 0 25 60 0 3 25 13 9 41 70 0 74 55 60 17 44 1 41 61 69 0 40 15 1 41 56 36 13 44 98 43 27 44 0 2 13 81 0 0 0 0 5 56 65 0 10 4 5 13 49 43 12 24 31 31 9 60 33 53 0 0 0 27 6 0 0 0 44 10 60 43
 13 0 15 0 54 1 0 0 0 0 0 0 0 0 0 0 80 11 0 0 0 0 0 1 0 0 0 0 0 4 0 83 0 0 0 26 19 1 0 0 0 25 0 0 0 0 63 0 0 0 0 0 7 0 0 37 0 78 0 17 0 0 0 0 0 0 0 0 75 29 0 0 0 0 25 0 0 0 0 0 0 0 0 0 0 0 18 0 0 67 0 0 41 0 81 0 0 54 0 0 0 3 64 47 0 1 32 0 0 20 0 37 44 0 0 0 0 0 46 0 0 15 0 10 5 0 0 30 15 0 11 0 0 0 49 0 0 0 0 0 20 0 59 0 0 0 20 0 0 0 0 65 0 83 17 0 0 0 0 0 0 0 0 0 34 0 7 0 0 2 0 43 21 0 0 51 0 0 0 18 0 0 7 0 0 0 0 31 0 11 0 0 0 0 0 0 0 0 10 0
 0 0 0 0 20 0 66 8 46 0 59 0 23 54 8 58 48 0 0 2 26 44 11 13 2 0 50 0 0 73 0 60 30 35 0 59 0 0 23 0 62 0 0 15 0 30 41 88 0 0 0 0 41 0 47 23 17 0 36 0 0 43 2 0 51 91 35 0 75 8 86 23 79 37 0 0 36 53 0 61 59 0 45 0 49 21 0 32 17 53 46 0 70 0 29 4 21 91 28 0 0 80 38 16 0 40 62 63 46 0 0 1 28 0 51 54 0 49 63 0 23 0 0 0 0 73 44 60 3 35 0 0 0 0 0 73 0 64 6 0 74 17 21 87 0 0 49 9 0 0 35 0 0 11 30 0 34 0 0 0 0 0 0 16 0 51 76 13 38 0 31 88 31 0 0 63 0 0 22 0 0 0 11 26 3 0 0 0 26 52 26 63 0 28 75 0 0 35 25 12
 10 0 0 0 76 0 23 75 0 0 0 0 0 12 0 60 65 0 28 0 35 67 45 59 40 0 49 0 0 65 0 63 11 7 27 0 0 0 3 76 60 32 0 54 0 0 48 0 39 0 19 1 8 2 0 26 0 72 52 22 3 16 0 0 13 0 27 0 61 45 78 0 63 43 24 0 0 0 3 57 63 0 3 7 0 0 67 65 59 83 49 0 81 0 47 0 0 0 58 0 0 60 14 66 0 0 0 25 0 0 0 57 60 15 0 0 0 19 12 10 88 62 59 0 0 66 40 18 24 9 66 38 0 30 0 8 0 1 68 0 9 0 49 27 0 56 72 17 0 0 27 0 23 24 12 0 40 10 12 0 0 16 53 0 0 55 6 61 64 17 34 49 64 0 0 24 0 0 0 19 0 0 29 24 10 0 0 74 0 0 4 4 0 0 0 0 25 0 0 49
 0 0 0 0 52 0 0 0 23 0 0 15 0 0 2 0 0 0 26 0 0 78 0 10 0 0 0 0 0 14 30 0 0 0 0 43 0 10 0 0 4 0 0 0 0 0 0 0 0 0 42 0 7 0 31 63 12 18 0 0 0 0 0 0 0 0 13 0 85 33 0 0 0 0 0 0 0 6 0 12 0 0 0 0 0 0 18 0 0 0 0 0 43 0 37 0 0 0 0 4 0 0 0 0 0 77 0 28 0 0 0 81 49 0 0 0 0 0 0 0 0 0 0 0 0 0 0 11 0 28 0 11 0 0 0 0 0 0 0 0 0 0 0 0 13 5 77 0 0 0 0 0 2 0 0 0 0 2 0 0 1 0 83 8 0 8 27 7 0 13 0 0 0 0 0 34 0 0 4 0 0 0 0 0 0 17 0 0 7 1 0 35 0 0 0 24 0 0 0 0
 0 0 0 0 55 0 7 0 0 0 43 0 0 62 0 12 0 7 15 0 8 69 0 0 0 0 0 14 5 0 13 3 15 0 0 9 0 0 0 0 0 1 0 30 0 11 30 0 46 0 0 0 71 0 1 20 27 43 0 0 0 0 0 26 0 49 0 0 16 0 0 0 0 0 0 0 0 0 0 18 30 0 28 0 0 0 0 0 57 83 69 24 8 0 40 0 0 27 0 0 7 86 60 8 9 33 6 0 0 0 0 0 27 0 22 0 0 32 0 0 16 0 19 0 0 15 24 51 18 0 0 89 0 46 48 0 57 83 0 6 0 0 63 11 0 0 30 0 0 34 87 10 0 77 9 23 0 0 0 0 59 0 49 0 0 0 0 0 0 0 0 53 35 0 0 10 0 18 7 0 27 0 82 0 0 2 0 0 1 0 0 0 0 14 1 0 11 14 0 0
 0 4 0 0 54 0 0 0 0 0 0 0 0 0 0 0 14 0 90 0 0 26 63 25 23 0 0 9 0 67 0 7 0 0 0 71 0 0 0 0 0 0 0 53 4 0 7 0 0 0 51 0 0 0 0 3 0 85 0 0 0 0 0 0 12 0 0 0 66 39 12 0 0 0 0 0 0 7 0 7 0 0 0 0 0 13 17 0 0 35 73 0 34 0 0 0 0 39 0 0 0 0 35 85 0 50 0 0 0 0 10 31 72 32 0 3 0 0 48 9 0 0 0 0 0 0 0 34 3 0 0 0 0 10 13 0 0 0 0 0 28 0 0 0 0 6 17 0 0 0 12 75 0 72 0 0 0 6 0 22 0 0 12 0 0 0 0 0 0 0 0 73 0 20 15 52 0 15 8 0 0 14 47 0 0 6 0 57 0 0 0 0 0 0 0 0 0 0 25 0
 0 0 0 0 68 16 52 50 0 27 61 0 0 5 0 83 11 0 51 0 0 73 84 0 76 0 50 9 0 21 0 74 17 0 0 22 6 0 0 33 18 3 0 38 28 67 32 20 39 0 0 0 0 0 38 82 21 44 33 0 33 0 0 0 35 0 0 0 74 0 0 4 29 5 0 0 92 0 3 22 0 0 91 0 72 9 0 46 60 47 72 0 46 3 79 0 0 2 61 0 0 0 81 60 0 91 27 51 0 0 0 51 49 0 0 68 0 48 36 0 3 78 82 6 0 32 82 20 26 14 2 34 0 18 65 39 14 16 12 0 21 28 69 62 0 32 71 51 0 0 91 44 42 14 15 84 0 0 4 3 0 0 14 80 28 9 10 15 74 26 0 0 31 0 0 54 22 0 0 0 0 0 0 52 0 27 0 0 0 41 0 1 0 77 0 0 0 36 46 0
 0 0 0 0 0 0 0 0 0 0 0 3 0 0 0 0 0 0 3 0 0 20 1 0 0 0 0 0 0 85 0 73 0 0 14 60 0 0 0 0 1 0 30 20 10 0 0 12 0 11 0 0 0 0 0 2 0 0 0 0 7 0 0 0 0 0 0 15 96 53 0 0 0 0 0 0 0 0 0 0 0 0 0 2 0 0 0 0 0 33 0 0 12 9 0 0 0 50 0 16 0 0 0 0 0 0 0 0 0 18 0 64 33 29 0 11 0 0 5 0 0 0 0 23 0 0 0 0 5 0 6 0 0 21 52 0 23 0 0 0 0 10 0 0 0 0 0 13 0 0 0 0 0 0 7 0 0 0 6 0 13 0 8 0 0 0 0 0 0 0 0 0 0 2 0 56 0 0 15 10 6 10 0 0 0 10 0 0 27 0 0 0 0 0 0 0 30 0 0 0
 80 0 0 0 47 0 54 46 4 36 55 0 89 0 0 71 5 32 20 0 51 85 0 24 0 0 46 77 0 0 28 38 30 0 30 0 0 60 0 20 83 0 0 42 62 0 40 28 56 46 75 0 1 0 76 52 13 69 47 62 60 0 78 15 79 19 14 0 43 46 49 27 3 72 21 0 12 34 6 53 11 0 64 39 36 58 0 72 48 1 29 0 0 51 52 0 42 79 17 28 0 0 9 33 22 68 83 6 0 0 4 17 0 54 91 50 0 0 0 4 38 57 24 0 17 27 0 29 0 94 3 51 54 67 0 15 40 0 0 0 83 3 9 0 4 7 60 79 0 0 0 16 23 0 0 82 11 52 39 0 31 36 30 0 0 0 61 31 30 0 4 0 0 0 48 21 70 0 20 74 44 0 52 32 58 56 77 0 0 49 55 61 35 0 66 0 0 55 21 26
 0 0 0 0 32 5 0 2 0 0 0 0 0 6 0 0 58 9 4 0 24 65 21 0 3 0 26 0 1 59 0 16 0 0 0 0 0 4 0 44 23 12 0 0 0 0 0 0 20 6 50 0 0 3 0 55 0 3 0 0 0 25 0 6 32 37 0 0 55 21 0 0 0 0 0 0 26 0 0 6 43 0 0 0 0 16 0 6 35 29 29 8 0 0 6 0 15 4 0 10 0 0 24 0 0 33 76 0 0 0 0 77 5 0 0 8 0 17 60 0 23 0 0 24 0 0 0 29 12 0 21 62 0 69 54 24 59 0 0 0 57 31 36 0 0 0 31 0 0 0 15 2 0 0 0 0 5 0 0 17 39 0 0 0 16 0 27 20 14 0 0 38 0 0 17 13 0 0 0 28 0 0 71 10 0 0 0 62 0 0 11 0 15 0 0 0 0 0 36 0
 0 0 1 24 0 8 0 5 68 40 61 0 0 69 11 33 18 33 40 49 2 0 75 16 6 54 76 19 41 72 38 68 0 0 79 0 32 0 13 0 40 79 0 65 4 0 37 49 58 25 56 9 0 0 47 0 65 34 73 40 49 37 26 0 28 82 0 19 81 51 79 30 4 0 29 0 69 40 37 3 64 10 33 72 54 69 27 25 0 30 31 0 76 4 88 61 21 0 15 0 0 30 44 53 80 26 4 23 60 12 0 0 53 0 0 4 0 10 16 0 0 49 33 24 0 6 7 2 45 0 58 73 0 42 0 36 15 61 52 0 77 50 17 0 3 56 40 21 17 0 55 0 62 23 28 55 93 56 68 67 56 51 35 0 0 21 21 21 62 0 70 0 43 0 0 7 22 51 13 33 33 0 0 41 47 0 45 19 10 40 0 9 56 34 73 0 73 30 0 49
 15 14 9 0 71 10 0 0 0 0 0 22 0 33 0 70 0 0 44 0 0 0 48 0 0 0 9 0 0 60 0 0 0 0 0 50 0 27 0 46 0 0 7 89 0 16 0 0 28 0 58 0 25 0 0 32 59 48 0 17 0 0 28 0 62 24 0 0 75 57 0 21 2 0 0 0 0 0 29 51 52 0 56 0 2 0 0 25 0 0 11 0 49 0 80 0 28 30 5 13 0 0 34 46 0 23 13 16 0 0 0 57 58 0 15 0 0 28 0 0 0 0 43 28 0 0 0 94 74 0 70 36 0 29 8 1 57 33 7 2 33 0 50 30 0 23 0 0 0 0 0 0 0 0 0 0 5 0 0 0 72 0 42 0 0 3 0 0 0 0 0 35 45 0 0 18 0 0 0 19 0 0 4 12 0 0 21 9 34 0 0 0 0 6 0 0 0 0 52 0
 0 0 5 0 42 0 0 0 0 0 0 1 0 0 27 0 24 0 0 0 0 14 0 0 0 24 0 36 11 49 0 72 0 0 0 0 0 18 0 65 25 0 0 0 0 0 0 0 0 0 0 0 0 0 0 0 0 10 0 0 0 0 0 0 0 0 0 0 0 37 0 7 0 0 0 0 0 0 0 3 0 0 9 23 0 0 0 0 0 10 0 0 71 0 0 9 0 0 1 9 0 7 0 0 12 12 0 24 7 0 0 31 1 20 18 0 0 0 0 0 0 0 0 0 0 0 0 0 0 0 0 7 0 0 36 0 0 0 15 0 0 0 13 0 0 0 0 0 14 2 0 0 5 0 0 0 13 0 0 4 0 5 53 0 0 0 0 0 0 0 15 0 0 0 0 90 0 0 0 0 0 0 0 0 6 1 0 0 4 0 0 0 28 0 8 20 0 0 0 22
 8 30 0 12 85 37 0 10 0 0 0 0 0 32 19 23 44 12 71 0 0 38 42 0 0 0 11 0 0 0 0 8 0 0 0 65 5 0 0 16 0 0 0 9 0 6 0 0 37 0 44 0 38 0 0 26 0 57 31 0 0 0 0 0 93 66 1 0 15 0 12 0 0 0 8 0 0 0 0 55 0 0 12 0 11 0 15 0 1 19 0 0 2 17 72 0 0 72 0 0 0 0 52 25 0 16 32 0 11 0 0 66 0 0 0 0 0 49 33 0 0 0 0 0 19 0 0 57 6 0 0 0 26 32 18 0 13 0 0 0 32 5 84 0 0 0 32 0 0 25 0 63 0 7 0 0 0 0 0 0 12 0 35 0 0 0 0 1 0 0 20 31 13 0 0 10 0 0 0 22 0 0 61 0 0 0 11 0 0 0 0 0 0 0 0 0 0 7 37 0
 0 0 0 0 42 0 0 0 0 0 0 0 0 28 0 0 10 0 86 0 0 69 0 0 0 8 0 0 9 47 0 10 0 0 0 0 12 0 0 76 0 0 0 0 28 0 0 0 0 0 13 0 0 0 0 0 0 0 4 0 0 14 0 0 0 17 0 13 55 34 3 0 0 0 9 3 0 24 4 0 0 0 4 0 0 0 0 0 0 0 0 4 31 0 0 0 0 65 0 0 0 0 15 0 13 0 0 0 0 0 0 39 15 26 17 0 13 0 0 0 0 9 0 0 0 0 0 0 0 0 0 0 0 0 41 0 7 5 0 7 0 0 0 0 0 0 0 0 29 0 0 0 0 0 0 0 0 0 0 0 65 8 27 0 0 0 0 0 9 0 0 0 2 0 0 13 0 3 0 0 0 0 0 0 0 0 0 0 0 0 25 0 11 6 0 0 0 0 0 0
 0 0 6 9 0 0 0 12 0 0 9 0 17 49 4 83 28 11 66 2 56 14 80 4 30 0 88 18 11 47 25 0 24 0 22 59 0 0 0 12 0 3 0 47 0 0 49 88 1 0 34 0 11 0 73 36 0 0 0 0 23 18 10 0 66 86 0 0 15 81 28 12 84 73 0 9 0 0 0 30 0 12 42 0 0 0 47 23 43 25 0 0 32 0 14 0 0 75 0 0 0 39 57 0 0 21 47 57 0 28 15 68 48 0 0 0 0 9 73 0 62 56 2 9 7 0 80 32 23 49 39 67 17 77 47 69 0 0 55 26 67 0 61 13 0 0 0 24 0 18 85 0 25 79 0 29 46 56 0 0 0 0 30 0 25 58 71 40 0 10 0 42 57 0 0 0 0 11 0 0 0 0 0 0 0 22 27 0 0 0 13 43 0 30 0 0 0 25 28 0
 67 0 0 0 0 0 49 0 20 34 23 0 0 30 0 0 10 19 58 0 60 33 52 57 71 0 0 0 63 3 49 51 86 36 18 13 0 64 75 0 0 51 0 0 16 0 70 39 26 50 11 0 23 0 0 55 51 29 67 0 0 26 53 12 6 10 16 0 8 81 65 0 76 74 0 0 81 49 0 10 0 0 63 24 7 72 57 0 60 19 36 21 20 54 0 73 1 47 5 0 7 28 0 0 0 32 0 82 74 0 0 49 89 0 66 52 0 0 0 0 74 8 82 0 4 23 0 0 22 69 37 0 31 83 67 0 0 0 30 0 71 73 0 32 0 0 24 41 0 0 79 39 0 34 0 31 55 46 0 0 0 25 18 58 5 0 56 0 70 0 0 17 11 0 79 25 2 58 0 0 0 0 73 0 0 0 0 0 0 57 39 71 0 21 54 0 0 20 42 58
 32 0 6 1 37 31 43 36 0 14 45 0 0 53 0 27 0 6 15 18 90 57 71 56 33 0 49 68 77 58 30 44 55 67 63 8 0 61 22 51 29 59 0 35 24 0 82 79 54 0 0 0 5 0 32 21 31 32 0 3 0 50 62 0 80 32 33 90 78 10 31 33 38 13 0 26 0 67 21 0 31 0 15 0 0 0 48 23 41 71 25 17 55 50 47 0 0 0 15 0 0 25 47 47 23 43 0 49 13 0 0 70 24 12 74 66 0 18 28 0 8 69 26 41 0 58 5 22 0 68 93 70 73 77 49 50 61 21 34 0 60 70 16 0 48 73 1 37 0 0 21 13 0 77 23 39 53 34 46 0 50 39 77 7 0 0 27 0 40 8 58 74 40 0 26 50 0 0 0 0 69 0 25 42 0 55 0 23 0 89 0 87 60 36 77 0 0 69 0 36
 0 6 0 0 46 0 0 0 70 66 0 0 0 50 7 19 10 0 25 0 75 14 70 39 69 0 0 0 0 22 0 0 33 0 0 26 19 0 0 0 0 0 16 5 0 0 13 17 65 68 57 19 0 0 24 57 61 0 0 0 0 0 4 0 66 25 0 0 64 38 72 48 44 38 0 0 0 17 0 11 77 0 0 0 13 53 65 28 0 36 31 0 44 0 0 0 6 7 7 2 0 59 24 53 0 0 0 19 52 0 0 16 27 0 0 1 0 3 42 0 20 0 59 0 0 0 13 76 50 35 54 96 18 35 0 37 52 51 75 0 63 68 22 0 0 57 0 17 0 0 29 0 67 45 13 0 39 28 0 0 34 0 85 5 0 42 29 0 35 0 28 71 50 0 0 55 0 0 0 0 0 0 64 55 0 16 0 51 2 12 59 82 11 52 0 7 24 11 12 43
 61 29 0 16 3 6 27 5 0 77 0 0 62 43 0 49 56 60 0 0 8 29 37 61 61 0 58 14 0 10 0 30 1 66 85 10 0 30 43 34 36 30 0 66 0 91 12 20 18 6 67 0 43 0 0 80 73 21 0 0 0 0 0 6 0 3 61 0 0 97 47 18 43 0 0 0 84 13 0 0 52 18 60 0 70 23 26 73 40 0 6 0 4 0 89 25 0 71 40 0 8 27 0 87 0 44 30 0 42 0 0 57 0 0 0 49 0 0 64 0 10 38 31 0 36 20 0 7 74 0 43 23 0 37 45 23 41 5 91 0 7 0 18 44 0 39 0 42 7 0 16 65 8 37 66 0 14 0 0 0 50 0 38 33 0 0 64 27 0 0 0 0 46 0 47 59 5 0 0 0 0 0 27 2 6 92 0 83 0 32 0 12 0 27 90 0 9 41 0 0
 48 65 7 79 0 79 76 0 68 39 10 53 5 0 67 11 0 0 0 50 16 95 28 77 47 43 9 0 80 11 66 52 74 72 37 51 0 28 56 0 77 20 53 10 74 26 37 0 28 29 75 0 0 8 4 3 6 49 75 0 66 17 0 0 0 58 0 8 0 44 41 43 23 61 56 0 12 28 3 37 0 20 69 0 69 73 0 71 94 47 27 30 80 0 81 21 0 0 71 34 0 19 38 67 25 78 0 73 0 0 0 56 25 0 0 71 56 14 82 0 0 79 0 46 82 13 66 46 0 30 0 0 9 15 10 12 66 20 0 0 58 16 36 31 36 58 80 45 49 43 15 0 20 37 0 45 2 52 29 96 0 31 78 18 0 63 42 5 56 0 73 25 50 44 2 0 10 31 34 71 9 73 25 0 0 26 8 81 0 57 46 70 0 19 10 0 7 60 87 11
 0 8 0 3 14 0 0 0 0 0 0 0 19 0 0 0 0 0 69 0 0 79 72 0 0 0 0 5 0 25 0 1 0 0 0 88 0 0 13 50 0 0 7 1 0 0 80 19 0 0 46 0 0 0 0 36 0 43 0 0 0 0 8 18 0 38 25 14 0 59 18 8 0 0 15 0 0 11 33 45 0 0 0 12 24 11 0 0 8 20 0 0 2 0 61 0 0 8 0 0 0 0 0 83 0 31 11 7 0 0 0 6 34 0 0 0 0 0 12 0 0 0 0 0 0 2 0 48 0 15 0 0 0 0 53 0 0 25 0 9 0 0 21 0 0 9 60 10 0 0 0 0 0 17 0 0 0 0 7 0 26 0 50 0 0 0 0 0 34 0 0 0 0 0 0 15 24 0 0 20 7 17 15 0 0 0 0 0 0 0 0 0 0 0 0 0 0 0 88 0
 0 0 0 0 32 11 0 10 0 0 26 0 24 0 14 1 54 0 11 7 0 19 0 0 0 0 0 0 0 13 0 0 0 0 11 33 0 0 0 64 0 0 9 13 0 34 18 0 18 22 15 0 0 0 0 59 0 0 0 0 0 0 0 0 0 0 0 0 46 34 0 0 0 0 2 0 12 0 0 45 0 0 14 0 0 0 27 22 0 0 0 7 59 1 74 0 0 0 0 5 0 0 0 9 0 0 0 0 0 0 0 62 59 10 0 0 0 0 0 0 0 6 0 0 34 0 0 48 22 0 17 0 0 0 32 0 0 0 6 7 0 0 52 0 5 0 10 13 0 0 0 1 0 0 0 0 0 0 0 0 23 0 0 0 0 6 0 0 0 0 0 0 16 0 0 87 20 9 24 0 0 0 0 29 0 0 0 0 0 0 0 2 0 0 0 0 0 0 72 0
 25 0 0 0 24 0 0 15 25 33 24 0 26 48 0 0 31 29 38 0 72 4 0 79 8 0 50 34 0 83 0 70 36 52 0 24 0 8 81 15 80 0 19 49 0 0 0 23 56 63 12 0 65 15 30 57 0 50 6 0 0 33 0 27 0 5 0 0 66 31 37 7 4 55 20 0 47 75 0 22 0 0 0 60 24 63 31 49 57 78 32 0 75 0 0 0 74 51 45 16 0 0 0 14 0 0 53 59 74 0 0 78 73 0 44 51 0 6 29 0 47 0 27 0 0 40 38 71 25 58 26 30 0 66 0 0 0 53 0 5 56 61 77 0 0 51 67 62 0 0 0 8 20 0 57 0 12 40 0 0 11 0 61 62 0 56 0 14 0 0 37 12 0 0 0 0 0 0 0 0 0 0 41 0 0 83 2 21 2 34 25 94 0 65 34 11 0 70 65 17
 0 0 0 0 58 4 76 23 49 82 46 0 28 0 0 0 54 10 80 0 80 0 39 42 2 0 0 54 24 52 22 88 70 57 21 45 0 72 0 44 0 7 0 21 46 84 34 43 72 70 0 2 67 0 7 64 47 0 23 21 0 3 9 0 0 56 75 0 0 25 0 4 0 33 0 0 40 63 0 0 6 0 56 26 1 29 0 83 24 48 6 0 0 0 18 38 86 88 17 0 0 92 35 14 41 21 0 35 6 0 0 17 62 0 16 19 0 39 0 0 49 0 45 0 0 75 32 53 33 20 56 37 40 73 3 28 68 54 61 0 88 48 95 0 56 54 31 56 0 0 68 6 75 57 0 88 87 12 4 5 63 0 0 53 0 29 56 22 51 21 44 21 0 0 42 49 60 11 0 0 16 0 3 19 0 14 0 30 0 33 85 26 44 65 19 0 0 16 74 44
 0 16 0 8 0 0 0 0 0 0 0 0 21 0 0 0 0 0 0 0 0 0 0 0 0 0 0 8 0 73 27 0 0 0 0 0 12 5 0 63 0 0 3 0 0 0 0 0 0 0 0 0 0 0 0 1 0 0 0 0 0 0 5 34 7 0 0 0 0 2 0 0 0 0 0 0 0 0 0 20 0 31 6 17 0 0 28 0 0 0 0 2 0 0 0 0 0 0 0 0 0 0 0 0 0 0 0 0 0 0 0 0 0 0 0 0 6 0 0 17 0 0 0 0 2 0 0 1 0 0 18 0 0 0 20 0 0 0 5 0 0 0 0 0 0 0 0 18 0 0 0 0 0 0 5 0 0 13 20 17 12 0 37 6 0 0 0 0 7 14 0 0 12 0 0 88 0 0 0 0 0 0 19 0 0 7 0 0 0 0 0 0 0 0 9 0 0 0 0 0
 34 0 0 0 0 0 0 0 0 2 0 0 30 0 0 0 0 0 0 0 28 0 0 0 0 3 0 0 0 22 0 0 0 0 0 0 0 0 0 36 0 0 0 0 0 0 0 21 0 29 0 0 0 0 0 0 10 0 0 0 0 0 0 0 0 0 0 0 0 0 0 0 0 0 0 26 0 20 34 0 0 0 0 0 0 0 0 0 0 0 0 0 0 0 0 0 0 0 0 9 0 0 0 0 0 0 0 0 0 0 0 0 0 0 0 0 0 0 0 10 0 0 0 0 5 0 0 16 12 0 0 0 0 0 0 0 0 0 0 0 0 0 0 0 0 0 0 0 0 0 0 1 0 8 13 0 0 0 0 0 0 0 0 0 0 0 0 0 5 0 38 0 0 0 3 0 20 8 0 0 0 0 0 14 0 0 0 0 0 0 0 0 0 4 0 0 19 1 0 0
 0 0 20 0 78 0 0 54 6 0 6 0 0 93 18 57 21 25 1 0 0 7 11 70 21 0 20 0 0 0 2 23 39 0 0 0 0 0 0 40 34 0 0 13 0 0 48 49 0 8 76 0 19 0 59 45 0 0 0 0 0 0 0 0 0 56 0 0 46 59 0 18 37 0 0 0 0 0 0 26 84 0 39 0 0 10 0 0 0 50 1 0 61 0 43 5 0 0 0 0 0 3 12 10 0 2 0 0 2 0 0 85 0 0 0 0 0 59 91 0 46 0 0 0 0 0 55 0 44 61 29 70 0 35 90 43 46 0 40 0 71 0 61 88 0 0 9 35 0 0 81 47 72 0 0 74 73 58 0 0 28 10 7 0 0 0 0 37 0 16 0 60 3 0 10 64 0 0 7 0 0 6 55 0 0 0 0 0 0 0 0 86 0 8 0 0 0 0 74 0
 19 0 0 0 79 0 15 2 5 0 65 0 0 10 0 0 78 0 26 0 0 16 48 0 29 0 27 0 0 12 0 18 69 0 0 53 0 28 0 13 34 8 15 45 0 20 15 3 25 0 60 0 68 0 0 0 89 8 0 25 0 0 0 0 0 20 0 0 56 1 0 0 0 35 0 0 0 0 0 0 22 0 13 0 0 0 75 26 43 28 0 0 0 0 14 0 0 10 0 0 0 36 0 83 0 93 0 66 0 5 0 0 74 0 0 0 2 12 36 0 0 0 43 3 0 16 0 56 55 60 20 25 1 63 14 0 64 63 73 0 46 0 82 0 0 16 63 0 26 0 0 17 10 7 0 27 57 43 0 15 30 0 80 0 0 14 0 68 2 11 0 19 94 0 5 42 0 0 0 0 21 0 24 0 0 0 0 60 0 0 0 49 0 0 0 0 18 0 24 0
 0 0 0 6 35 32 0 39 0 0 38 0 0 59 0 37 52 0 0 0 0 81 0 86 70 0 50 6 6 76 12 0 33 9 0 0 2 0 0 1 83 0 0 68 0 0 74 29 55 0 7 0 38 0 0 41 79 17 0 0 0 0 0 0 46 53 0 0 51 40 0 54 0 46 0 0 0 0 11 0 30 0 9 0 0 0 54 0 48 99 14 0 31 0 51 0 0 23 0 22 0 55 0 17 0 74 48 6 0 9 13 79 40 0 24 0 0 67 38 0 37 0 69 10 6 0 36 91 19 0 35 32 0 2 30 26 0 47 0 0 84 0 0 53 0 39 60 0 5 16 45 0 0 41 27 0 66 9 0 0 11 0 53 32 8 0 0 11 0 0 0 0 8 0 0 0 0 0 15 0 3 18 68 0 12 0 0 54 0 0 5 52 0 0 0 0 20 1 0 0
 0 0 0 9 0 0 0 79 0 0 0 5 37 24 23 67 34 0 55 0 0 73 30 0 63 0 0 9 0 3 0 29 9 0 0 22 2 0 0 0 34 0 0 6 0 0 51 71 89 0 32 0 71 28 45 48 4 33 0 0 0 0 11 0 22 50 0 0 0 80 16 0 0 0 0 0 9 34 0 0 4 9 54 0 0 0 76 0 0 69 4 0 31 9 0 0 0 23 0 2 0 43 42 0 0 48 4 31 0 17 0 80 32 0 0 0 0 18 21 0 30 0 27 0 0 0 27 45 39 0 0 43 5 93 11 70 0 85 7 5 57 0 78 10 15 39 62 0 0 0 70 35 0 21 0 5 68 0 0 0 0 0 47 12 0 0 0 17 16 0 0 53 71 0 0 0 0 0 0 0 0 0 77 19 0 6 0 20 0 0 0 0 0 4 0 0 0 0 12 0
 59 18 2 0 95 10 97 74 76 64 44 0 46 0 0 50 82 34 52 0 49 58 51 2 46 0 15 6 32 35 0 51 38 49 3 18 0 17 7 51 15 66 0 0 54 0 25 21 51 47 74 0 52 0 51 3 0 0 51 39 36 4 48 0 0 0 0 51 38 14 75 81 79 11 0 0 45 0 0 26 23 0 67 76 15 0 18 18 73 3 0 0 19 1 0 9 82 22 24 0 0 4 54 78 56 17 44 54 73 0 22 59 52 0 41 9 0 29 60 0 23 58 81 11 5 31 33 46 46 1 40 0 88 20 52 8 21 11 49 21 8 22 0 42 0 4 49 71 0 0 7 76 72 30 27 67 83 40 60 0 71 62 31 50 0 62 61 0 40 0 71 36 0 0 52 45 55 38 0 0 0 0 0 6 0 0 0 47 33 56 0 11 51 60 0 0 0 46 53 12
 16 0 38 31 58 0 58 39 38 45 0 19 58 18 0 51 22 32 49 0 39 28 20 26 69 17 23 75 2 14 58 34 12 42 15 65 40 50 31 59 25 59 16 35 35 69 6 63 8 6 78 21 31 57 27 29 50 0 0 70 0 3 54 0 55 11 33 70 57 0 88 65 40 18 10 0 68 64 0 0 68 37 29 0 24 22 0 64 63 73 63 47 63 61 0 23 0 52 26 0 40 6 80 0 23 87 70 10 78 52 91 7 88 0 30 25 6 84 60 0 58 42 0 20 0 74 23 1 46 31 0 75 67 68 32 0 27 23 13 50 25 31 17 5 0 40 32 19 2 74 18 83 0 60 67 44 95 73 36 0 0 46 61 36 66 40 0 82 39 2 82 77 0 13 4 25 4 39 33 9 21 23 13 63 66 0 13 20 0 52 34 42 0 54 48 0 75 2 14 31
 25 0 0 8 26 0 46 15 0 0 80 15 0 66 0 81 55 0 0 0 13 62 0 19 56 0 0 0 0 60 0 42 52 0 0 6 0 0 0 0 0 0 0 20 0 40 2 22 16 0 59 0 0 0 69 22 25 78 25 0 14 5 0 0 49 0 0 0 82 54 57 62 4 0 0 0 0 0 0 67 15 0 0 0 52 0 30 56 47 60 0 8 0 14 51 3 0 86 65 14 0 31 9 78 0 1 2 55 28 0 30 19 36 11 0 17 4 87 0 0 2 50 69 0 0 31 68 5 37 52 8 16 0 22 5 57 61 0 46 0 29 55 0 85 0 3 69 54 0 16 84 49 62 27 0 76 29 8 0 0 33 0 30 77 0 23 43 4 87 0 15 0 31 0 29 63 15 0 0 0 0 0 29 49 0 5 0 60 0 0 56 4 0 22 0 0 5 75 0 20
 0 0 0 0 26 0 21 44 10 65 0 0 0 1 0 75 66 0 20 0 0 32 16 12 22 0 30 0 4 42 18 63 19 0 0 2 0 0 0 46 0 0 0 27 0 63 0 47 0 10 35 0 41 0 71 54 2 0 0 0 0 0 0 0 0 18 0 0 0 0 31 52 41 0 4 0 47 0 0 62 2 0 0 0 21 60 0 4 2 58 41 0 40 0 21 0 0 46 34 25 0 0 37 36 0 39 0 60 0 1 0 0 0 0 0 49 0 24 65 32 55 27 11 0 2 2 8 0 49 36 6 85 0 28 0 17 22 0 99 14 86 64 13 86 0 0 56 0 0 21 44 43 46 61 0 9 57 0 0 0 66 0 59 22 0 0 64 0 28 0 0 64 0 0 15 19 0 0 0 8 0 0 0 0 0 57 0 2 9 65 37 59 6 24 0 0 0 8 0 40
 16 8 0 0 19 16 29 79 60 70 45 0 67 56 0 30 67 4 33 0 0 59 3 69 40 0 15 26 0 48 19 0 49 93 6 55 0 83 11 2 41 14 0 31 42 0 32 71 3 0 3 0 38 0 0 64 80 0 15 80 0 29 44 0 0 52 25 11 17 0 39 40 0 63 20 2 34 16 0 29 17 0 0 61 0 40 51 0 10 11 43 0 0 38 50 7 39 55 71 0 0 0 77 85 49 84 29 47 0 0 0 45 0 34 0 31 6 51 11 0 26 47 0 0 0 46 0 5 42 60 22 62 0 36 8 50 49 58 6 0 50 0 74 0 40 72 32 25 0 0 0 0 78 10 34 29 29 85 46 0 43 2 21 56 0 67 67 0 0 5 3 23 38 0 51 33 66 42 0 0 0 0 40 34 0 10 0 68 0 65 32 0 62 34 30 0 0 0 57 2
 0 0 0 0 7 0 0 0 10 22 1 25 9 0 0 0 34 0 23 0 0 53 0 0 0 0 0 0 0 36 0 0 0 0 0 0 0 0 0 25 0 0 13 12 0 0 0 0 0 0 23 0 0 0 0 0 0 77 0 0 22 0 10 0 0 0 0 20 0 11 0 5 20 24 0 11 0 0 0 0 0 0 0 0 0 0 0 0 0 35 0 0 0 0 20 0 0 53 0 0 28 0 0 0 0 0 0 0 0 0 0 0 68 0 16 19 0 0 0 0 8 34 0 0 0 0 0 0 0 0 0 0 0 0 0 0 0 0 0 0 0 0 9 0 0 15 41 0 0 0 0 0 0 0 0 5 0 0 3 0 3 0 0 0 0 15 0 0 0 6 10 0 0 0 2 33 0 0 0 0 0 0 5 11 0 0 0 0 0 0 0 0 0 6 0 0 0 34 0 0
 0 0 0 0 0 0 4 0 6 0 1 0 0 0 36 0 85 0 32 0 21 79 49 0 0 0 0 0 0 17 0 50 0 0 9 4 0 0 0 63 0 0 0 28 0 0 83 0 43 0 52 0 0 0 0 46 20 67 31 14 0 0 0 8 71 29 8 0 60 13 0 0 0 0 0 0 0 0 0 57 0 0 0 0 0 6 0 17 0 0 32 0 56 0 67 0 0 0 0 0 0 0 8 41 0 29 69 0 0 0 0 5 0 3 0 0 0 0 2 0 0 0 0 0 10 21 0 64 13 0 0 0 0 43 19 0 0 0 0 13 20 0 63 0 0 0 15 0 0 8 23 66 0 45 0 1 0 0 0 0 73 0 19 0 0 0 0 6 0 0 0 75 0 0 0 70 0 0 0 0 0 0 10 0 0 0 0 46 6 0 0 22 0 0 4 0 0 0 0 1
 34 0 0 0 15 60 0 0 0 17 56 0 56 36 0 49 30 91 14 0 44 46 40 35 43 50 62 27 0 86 0 41 16 53 0 0 0 27 23 4 41 48 0 29 57 49 45 86 77 13 59 18 43 0 37 50 78 49 0 69 14 39 0 0 69 38 84 44 0 17 35 42 37 0 51 0 64 5 10 20 78 0 63 1 23 93 33 26 83 0 3 11 14 30 25 22 10 64 55 0 0 38 38 24 71 33 13 0 68 0 0 91 11 38 76 74 0 96 70 7 50 45 0 19 20 45 23 36 76 41 14 0 72 50 46 1 20 0 6 0 0 13 62 3 66 29 18 2 0 0 4 59 0 1 92 0 39 36 79 26 83 0 0 55 0 0 93 50 66 0 25 7 45 0 52 0 4 52 0 0 3 0 17 31 0 72 29 64 0 43 62 0 0 60 44 0 0 45 6 47
 0 0 0 0 8 6 0 0 10 0 0 6 0 8 0 0 44 0 61 0 0 95 45 0 0 0 0 0 7 51 0 52 0 0 0 24 0 3 0 47 0 2 0 50 0 0 46 0 31 0 59 0 12 0 0 0 0 0 0 0 0 20 0 0 21 0 11 0 0 23 0 0 0 0 0 0 29 14 9 45 52 0 0 8 0 0 0 0 0 12 20 0 3 0 51 11 0 35 0 0 0 31 56 16 0 62 2 0 0 0 0 10 22 0 0 0 21 0 34 0 0 0 54 0 0 0 0 60 0 0 0 9 0 89 43 0 71 0 2 0 0 0 28 6 0 0 47 0 36 0 24 10 30 77 0 0 0 0 0 0 80 2 43 0 0 0 0 0 0 0 0 61 0 0 9 30 0 0 33 0 31 0 13 0 0 0 0 58 28 0 0 0 0 0 22 0 0 8 4 0
 0 0 0 26 41 0 0 10 41 0 34 0 0 52 0 84 77 10 71 0 44 6 35 62 58 0 37 0 70 37 15 18 67 11 0 49 14 0 0 63 85 2 0 6 25 0 17 41 41 59 0 0 43 0 69 0 67 79 11 0 5 1 10 2 0 39 0 0 0 17 61 4 12 25 0 18 41 77 0 77 50 0 0 0 20 40 72 27 32 15 2 0 0 0 41 9 0 22 87 0 0 24 73 53 13 53 31 58 51 0 0 40 67 0 0 0 0 8 0 0 46 38 47 0 0 0 73 80 0 0 26 0 0 18 13 48 8 61 29 0 47 0 0 59 0 14 70 0 0 0 0 8 0 12 0 62 36 10 0 0 40 0 45 0 0 75 19 36 12 6 53 37 7 0 0 4 0 0 0 0 0 0 13 42 23 72 0 50 0 30 54 42 0 10 46 0 8 7 65 61
 0 0 0 0 0 0 0 0 17 0 0 0 0 0 0 19 13 0 29 0 11 0 56 6 60 0 0 27 0 62 8 51 21 0 0 54 0 0 0 16 52 0 0 15 0 68 72 18 68 0 51 0 65 0 0 8 0 24 71 0 4 0 0 0 0 32 0 0 31 62 74 51 54 50 0 0 0 0 1 60 95 0 33 0 0 0 9 52 67 0 28 23 0 0 51 0 0 14 39 8 0 22 38 69 1 26 22 17 0 7 0 0 56 0 0 28 20 39 55 16 10 0 43 31 0 58 42 0 54 0 67 35 5 0 26 11 27 0 34 0 2 0 52 42 9 48 18 0 0 7 10 38 86 62 0 6 26 47 0 8 11 0 29 0 0 29 44 81 70 0 0 49 36 0 0 12 1 0 0 3 11 0 0 0 0 0 2 85 0 0 66 72 0 7 0 0 0 8 78 0
 0 0 0 32 27 0 0 0 0 0 7 0 0 13 0 0 41 0 28 0 94 32 0 0 0 0 9 0 0 45 0 29 77 0 0 29 0 0 0 0 81 0 0 14 0 71 25 7 0 0 24 0 0 0 87 15 80 32 62 0 14 0 0 0 0 61 0 0 9 4 0 77 51 25 18 0 19 0 0 60 0 0 46 0 6 0 0 9 11 0 15 0 38 0 12 0 0 0 54 0 0 0 47 0 0 51 2 20 0 0 23 18 31 0 0 35 0 0 4 0 4 43 19 0 0 0 36 32 3 93 98 52 0 0 8 62 0 72 27 12 1 13 39 18 16 33 59 75 26 0 51 0 29 7 0 11 16 0 0 0 27 1 61 46 0 48 55 3 0 11 55 0 48 0 0 17 0 0 0 0 0 0 12 84 0 76 33 66 0 25 50 24 0 32 0 12 0 20 0 19
 0 0 0 0 67 0 0 0 0 0 31 0 0 19 0 46 69 0 0 10 0 56 30 0 0 0 0 0 0 0 0 0 7 0 0 0 12 0 0 86 0 0 0 0 1 0 0 39 0 15 4 6 53 0 56 38 0 61 0 0 0 0 0 14 85 0 0 2 0 37 18 0 0 0 0 3 0 11 0 16 3 0 75 0 0 16 0 0 74 45 0 0 46 12 0 0 0 17 0 0 0 59 0 63 0 0 92 0 0 0 0 71 30 3 0 0 0 10 48 0 0 0 0 0 0 0 0 50 71 0 9 12 0 70 41 2 57 68 0 0 59 1 0 0 0 0 30 0 7 0 37 0 21 37 0 0 0 0 0 18 0 0 0 0 0 0 0 16 11 0 0 52 56 0 0 48 0 0 23 0 0 9 45 0 0 0 0 0 0 7 22 0 0 0 0 0 0 0 15 33
 0 0 0 0 9 0 0 36 0 0 34 0 0 23 6 44 36 0 0 0 0 0 54 34 76 0 0 0 10 10 0 0 0 0 0 11 0 0 10 14 42 0 0 18 0 0 65 47 80 0 15 0 0 0 0 56 54 28 0 5 0 0 0 0 80 0 0 0 23 48 58 0 59 45 0 0 0 0 6 8 0 0 0 0 0 0 58 0 79 48 76 0 0 0 65 0 0 88 7 0 0 40 7 25 8 0 19 51 16 0 0 0 85 0 0 0 1 1 26 0 0 0 61 9 0 39 70 0 81 53 59 0 0 78 9 56 49 61 15 0 1 0 53 77 0 92 0 51 0 0 10 14 2 0 0 54 0 30 0 0 64 0 60 0 0 54 68 46 0 4 3 66 26 4 0 65 0 0 0 0 0 0 3 28 0 33 0 62 0 0 51 0 5 0 0 25 0 0 0 0
 0 15 0 0 0 3 0 10 0 4 9 0 0 0 0 34 64 0 57 0 0 16 55 15 0 0 8 11 0 8 5 8 0 0 0 0 0 0 0 40 0 0 0 30 0 0 9 0 55 0 18 0 0 2 6 55 0 29 0 0 0 4 0 0 0 16 0 0 5 27 7 0 0 16 0 0 0 0 0 12 57 0 12 0 0 0 0 0 0 10 0 36 92 0 0 0 0 51 0 0 0 0 84 4 0 49 58 28 0 0 0 49 16 0 0 0 0 0 52 0 0 0 17 0 19 3 0 68 63 0 0 6 20 90 47 0 14 0 4 28 2 0 8 0 0 0 0 12 0 0 0 65 0 53 19 0 0 17 0 0 41 0 50 0 0 0 0 0 0 0 0 70 1 4 0 66 4 0 23 17 2 0 0 0 0 12 0 71 0 5 0 0 0 0 0 0 0 0 50 0
 0 0 0 0 50 0 0 0 0 0 0 0 0 0 0 0 3 0 65 0 0 31 17 22 0 0 0 0 14 0 0 18 0 0 0 0 5 0 0 38 0 0 0 0 0 0 19 0 0 0 0 0 0 0 12 0 0 92 0 0 0 0 16 0 0 61 0 0 12 67 0 0 0 0 0 0 0 0 0 0 33 9 0 0 26 0 0 0 0 0 0 0 55 0 5 0 0 44 0 0 0 0 0 93 0 33 62 0 0 0 0 11 7 2 0 0 0 0 13 0 0 0 0 0 0 0 14 80 0 0 20 0 0 4 38 0 2 0 4 0 0 0 20 0 0 0 3 5 16 0 0 0 0 0 0 0 0 4 0 0 33 3 48 0 0 0 0 0 8 0 0 0 0 12 0 29 0 4 6 0 0 0 84 0 0 19 37 0 11 0 0 0 26 0 0 20 0 0 0 0
 0 0 9 0 34 0 0 0 0 0 20 0 0 0 0 5 41 0 41 0 9 38 42 0 12 0 0 27 0 27 0 0 7 0 0 16 0 0 0 70 0 0 0 12 0 0 81 0 0 0 45 0 0 0 0 14 9 9 9 0 0 0 0 0 39 64 0 0 37 27 0 14 0 0 25 0 15 0 0 26 0 0 0 0 0 0 3 0 1 11 0 0 9 4 0 0 0 30 0 0 0 0 10 41 12 52 54 0 19 32 8 46 51 0 4 0 0 0 23 20 16 0 0 0 4 0 22 90 0 0 0 0 0 0 57 0 0 0 0 0 35 0 10 0 0 6 0 0 7 9 0 69 0 0 0 0 0 0 0 0 0 0 65 0 0 0 0 0 0 9 0 0 0 0 15 0 0 0 0 0 0 22 38 0 16 0 0 66 0 0 0 0 0 0 0 0 0 0 5 0
 30 0 0 5 39 53 32 28 44 5 0 0 0 0 0 3 23 63 35 70 66 0 47 61 44 31 47 79 61 69 50 65 40 56 1 48 0 50 69 82 0 41 0 8 67 47 16 0 20 61 57 5 0 4 43 66 45 0 29 0 0 78 46 0 63 0 38 15 0 37 42 57 75 58 4 0 0 95 20 88 17 0 74 70 0 32 94 15 0 38 72 0 83 55 49 57 61 40 47 0 0 73 0 76 66 5 0 0 47 0 0 0 48 23 37 0 0 0 0 0 13 0 0 59 0 75 89 42 0 38 78 51 56 42 4 18 69 0 82 23 22 1 50 29 0 9 59 13 0 0 49 27 0 0 89 0 68 35 46 75 19 79 50 54 0 0 0 0 0 0 47 7 41 0 77 22 56 76 27 16 13 0 16 68 5 90 21 17 11 42 13 22 69 32 0 0 10 0 21 61
 0 0 0 0 17 0 0 0 0 0 19 13 0 0 0 0 0 0 6 4 0 0 0 10 24 5 9 0 0 84 0 35 15 9 0 0 0 0 9 25 0 15 0 0 0 0 0 0 0 0 0 1 23 0 0 0 0 0 0 0 0 0 0 0 0 0 0 14 71 21 0 11 0 0 0 0 18 0 11 19 0 0 0 8 0 0 0 7 0 0 0 0 0 15 0 0 8 0 0 0 0 0 0 0 12 0 0 2 0 0 0 0 5 0 0 0 10 0 0 4 0 0 0 0 31 0 0 0 0 0 0 0 0 0 0 0 15 0 0 0 0 0 0 23 0 0 15 5 6 0 17 0 0 22 0 0 0 0 0 0 64 0 57 0 0 0 0 0 0 0 0 0 3 0 0 94 0 0 0 0 0 0 0 1 13 0 0 13 6 0 0 0 0 0 0 0 0 0 0 0
 0 0 1 15 76 72 62 68 52 60 30 0 0 51 23 68 17 39 69 12 0 17 10 0 30 0 31 0 25 42 0 29 59 10 0 82 23 0 0 0 7 14 14 39 5 93 66 0 72 0 0 0 52 0 14 31 0 1 53 0 0 18 38 13 0 0 83 4 45 11 29 73 42 0 0 0 0 79 0 21 22 0 16 33 69 13 0 13 44 69 0 0 0 0 36 11 6 10 88 20 0 69 0 8 0 31 14 10 39 0 0 14 34 0 16 33 0 79 26 0 19 45 64 18 0 58 19 0 51 0 21 51 0 0 0 35 0 55 0 0 37 73 18 16 0 71 80 10 0 0 76 38 0 57 51 12 13 28 10 5 56 0 32 17 0 51 14 0 32 4 0 42 28 7 0 35 4 0 0 0 0 0 0 71 0 62 7 42 17 40 37 18 0 47 25 4 0 69 62 58
 0 0 0 0 31 0 0 0 0 0 0 0 0 0 0 0 72 0 72 0 0 38 0 0 0 0 0 0 0 49 10 11 0 0 0 54 0 0 0 41 0 14 0 0 0 0 0 0 13 0 80 0 0 0 0 36 0 13 0 13 0 1 0 0 0 0 7 0 24 48 0 0 0 11 0 10 0 0 0 0 0 0 0 0 0 0 20 0 2 0 19 0 24 0 0 2 0 52 0 7 0 15 0 0 0 0 0 0 0 0 0 62 13 0 16 0 0 0 0 0 0 0 0 0 0 0 7 0 0 0 0 25 0 0 3 11 0 0 0 0 3 0 35 0 0 0 70 0 0 11 0 0 0 0 0 0 10 0 0 0 56 0 43 22 0 0 0 0 0 0 0 0 0 0 0 67 0 0 0 0 0 0 0 0 0 0 0 22 0 0 34 0 0 0 0 37 0 0 0 0
 27 2 0 0 56 0 67 0 45 48 14 0 31 60 0 71 0 56 13 0 0 23 56 81 39 0 75 0 66 59 0 22 56 24 0 15 0 14 0 0 12 6 0 50 0 19 70 59 29 49 39 20 78 0 56 0 72 10 24 0 21 22 0 0 90 88 59 0 18 50 0 31 54 22 0 0 0 31 0 52 23 0 0 0 67 94 80 5 78 33 21 0 49 0 0 0 66 3 86 10 24 0 0 27 0 73 24 3 27 3 0 4 21 0 66 57 0 11 0 0 19 70 12 0 0 17 53 38 23 12 21 0 18 56 27 42 70 31 20 4 14 56 0 0 0 6 34 48 0 6 0 67 16 0 34 0 14 35 0 0 40 0 33 60 0 29 41 0 71 3 15 18 58 0 0 88 19 0 0 0 0 30 46 13 0 7 0 73 0 13 53 75 11 2 40 0 0 0 0 39
 0 0 0 8 0 0 55 10 16 50 15 0 34 9 0 15 14 94 24 0 63 76 0 20 65 37 5 0 62 20 0 0 90 35 0 31 0 0 75 50 33 0 0 65 0 4 35 3 61 72 24 0 0 0 0 23 49 5 18 0 2 0 2 17 31 1 0 0 82 96 16 13 27 71 0 9 45 67 0 74 3 0 35 67 4 45 81 52 57 41 57 0 0 0 44 0 0 51 2 0 0 20 70 15 28 0 72 0 68 0 0 36 34 10 55 76 4 37 46 21 14 46 0 0 22 24 45 0 36 40 33 21 0 47 41 58 62 55 86 0 71 0 48 44 0 19 14 55 0 6 66 60 73 57 81 64 76 0 0 0 1 0 72 22 0 0 0 5 0 0 3 69 15 0 0 10 0 0 0 0 0 3 31 82 0 49 0 13 0 45 27 4 0 0 0 0 0 14 8 0
 7 3 0 0 0 0 7 0 0 13 0 35 4 0 0 15 0 0 0 0 0 0 0 0 0 0 0 0 1 59 0 3 0 0 0 0 0 0 0 0 0 1 3 0 0 20 2 0 0 0 0 0 0 36 0 11 0 0 0 0 28 0 0 4 0 6 0 0 50 64 19 0 0 0 0 0 0 0 0 0 21 0 0 0 0 20 0 0 0 0 0 0 31 0 0 0 0 0 0 0 0 0 0 0 0 0 0 0 0 33 0 5 0 0 0 0 0 0 7 0 0 0 0 0 0 0 0 32 29 0 0 0 0 0 0 0 10 0 0 0 0 0 0 0 11 0 0 0 0 0 0 0 0 0 17 0 0 0 0 23 26 0 35 29 25 0 0 0 0 0 0 0 0 0 0 19 0 0 5 0 1 0 0 0 2 0 0 0 0 0 0 0 3 0 0 0 0 0 0 0
 0 0 0 0 88 0 0 0 0 16 82 0 7 0 0 0 14 0 0 0 0 11 58 21 25 0 0 0 0 37 0 37 0 0 0 75 1 0 17 51 41 0 0 22 0 0 43 28 14 0 35 0 20 0 0 0 45 38 7 0 0 0 0 0 67 59 0 0 14 11 41 41 55 4 0 0 0 0 0 31 45 0 20 0 0 0 39 0 79 35 51 0 0 0 2 0 0 32 0 0 0 66 42 73 0 54 75 46 0 20 0 67 10 25 0 0 0 0 35 0 20 0 54 0 1 3 13 69 11 59 38 58 13 7 0 0 43 56 0 3 13 0 59 72 0 14 18 20 0 0 0 31 0 20 0 0 0 58 0 0 55 11 51 9 0 0 0 42 0 0 0 67 0 0 0 0 0 0 34 9 0 0 41 0 0 0 0 39 0 0 4 64 22 22 0 0 0 0 29 0
 3 39 88 81 0 67 39 9 75 48 16 0 35 76 0 1 55 4 0 38 44 5 63 0 5 60 0 0 57 0 27 0 7 0 0 0 13 42 40 88 34 37 0 8 68 66 0 8 15 56 0 0 0 4 0 0 18 65 59 59 35 0 45 0 28 0 0 50 48 0 34 0 0 0 28 25 0 0 24 34 28 7 56 47 0 4 47 4 48 45 41 45 33 0 0 0 51 24 20 0 13 68 5 8 0 7 11 53 56 0 0 2 0 23 17 23 0 0 43 0 50 46 73 31 59 52 20 43 61 40 17 38 0 18 23 61 41 45 55 0 7 0 79 54 0 70 0 75 17 0 38 66 0 16 56 0 69 74 51 30 21 0 70 54 61 49 59 17 6 0 22 38 0 19 65 0 21 87 79 64 92 0 60 0 0 73 38 0 0 88 29 91 57 4 27 7 15 52 0 0
 78 53 17 41 8 75 49 48 18 0 0 71 0 34 14 77 19 25 36 64 42 29 6 0 0 76 56 31 17 0 0 42 32 12 8 63 87 73 33 60 26 33 23 78 65 29 7 0 58 29 30 15 28 42 1 86 83 5 31 0 15 20 0 29 19 6 41 77 35 48 33 64 39 89 20 0 6 42 75 0 81 26 9 2 76 13 17 1 48 20 56 39 34 49 1 0 63 18 66 0 0 54 51 0 73 0 0 22 38 65 10 0 73 87 53 5 0 22 2 14 74 21 28 43 50 58 63 0 62 73 30 32 62 0 56 68 2 39 19 20 56 45 79 33 37 22 13 73 1 24 56 32 26 20 0 0 75 0 29 58 0 76 79 40 57 55 21 33 71 0 30 72 13 37 0 65 61 45 96 19 0 63 0 33 45 64 83 68 76 35 43 68 34 18 48 30 47 1 10 21
 0 4 4 0 15 0 0 0 0 4 0 27 0 3 4 0 52 0 24 0 9 0 47 0 0 0 6 0 7 18 0 9 0 0 0 6 0 0 0 65 0 0 0 0 0 0 56 0 3 8 0 17 78 0 21 0 27 90 0 0 0 0 0 0 42 29 9 0 4 5 0 0 0 0 0 0 0 18 9 1 39 0 0 0 0 6 0 0 33 38 61 0 47 0 0 13 0 36 0 0 0 0 6 31 0 56 7 6 0 0 9 23 0 0 0 0 0 0 0 0 0 0 16 16 0 0 0 26 20 0 0 49 8 28 18 0 40 0 23 0 69 0 34 0 0 0 0 0 0 0 0 64 0 68 18 0 0 0 24 0 0 0 20 0 2 23 0 8 0 0 1 84 20 0 0 0 0 0 0 0 0 0 25 18 0 0 0 8 0 0 0 0 0 0 3 0 5 0 24 28
 0 0 34 0 61 0 0 0 0 16 0 0 23 0 15 0 0 0 4 0 24 56 16 0 0 0 0 0 6 70 0 27 0 0 0 39 0 4 0 11 10 0 0 0 0 0 58 0 0 0 19 0 0 0 0 19 0 0 0 10 0 0 2 0 27 50 25 0 47 29 0 29 16 0 0 0 0 0 0 59 0 0 0 0 0 0 14 0 0 23 0 0 59 0 27 3 0 52 0 0 0 0 0 63 0 0 0 1 0 0 0 0 76 0 0 9 0 0 18 0 5 0 21 0 0 0 0 66 0 0 0 0 21 16 0 0 3 18 0 0 0 10 7 0 0 0 0 0 0 0 0 14 0 67 0 0 0 0 23 0 0 0 47 0 0 0 0 0 0 31 0 61 0 9 0 17 0 0 0 0 0 0 2 0 0 38 0 1 0 0 0 0 0 0 0 0 19 0 41 0
 0 0 0 0 27 0 0 3 0 0 0 0 0 0 0 0 13 0 65 0 0 0 0 35 6 6 0 0 0 60 0 55 0 0 21 19 0 0 0 25 0 17 0 0 0 0 62 0 0 0 51 0 29 0 0 35 0 54 15 11 0 0 0 0 0 0 0 0 31 26 0 0 0 3 0 9 0 0 0 23 0 0 0 0 0 25 0 0 0 0 0 0 10 0 74 0 0 7 0 0 31 0 0 0 0 75 0 0 0 0 0 82 13 0 0 0 0 0 0 22 0 24 0 0 0 0 0 0 19 0 2 0 0 0 11 0 0 0 0 0 0 0 7 0 0 1 42 0 0 14 0 0 0 0 0 0 0 0 0 0 73 0 12 0 5 0 17 0 0 7 0 0 0 0 5 0 0 0 13 11 0 0 0 0 2 0 0 0 0 12 0 0 15 0 0 0 9 0 0 0
 0 0 0 0 32 0 0 13 46 43 61 0 71 0 0 34 55 76 59 0 69 47 37 17 14 0 11 5 95 28 44 31 25 71 29 0 0 29 40 43 70 50 0 52 53 27 94 0 66 2 65 0 2 0 80 0 43 0 43 51 0 32 14 0 28 5 6 0 55 63 43 93 52 40 0 0 9 61 0 20 10 0 65 0 0 52 43 0 72 46 0 0 0 30 13 70 0 62 61 0 0 23 1 58 0 93 2 60 67 0 0 42 25 0 70 25 0 34 0 0 43 21 0 0 0 46 61 80 90 45 46 0 27 91 43 61 76 0 0 15 40 47 27 24 37 39 9 23 0 0 29 20 11 0 32 22 0 68 42 10 38 0 3 41 0 20 54 0 57 0 48 0 50 0 18 58 23 63 0 0 28 16 55 0 23 25 0 28 2 57 59 50 30 0 0 20 0 0 31 0
 22 0 0 0 48 0 0 0 0 0 0 0 0 0 0 0 51 0 27 0 7 0 0 0 26 2 18 0 0 50 0 57 0 0 38 68 0 16 0 29 0 0 0 0 0 1 0 0 0 0 16 0 0 0 0 0 0 51 0 0 0 0 0 0 0 16 14 0 2 43 0 0 0 0 0 0 0 0 0 1 0 0 0 0 0 0 21 0 0 0 0 0 53 0 8 0 12 54 0 0 6 0 0 0 0 0 0 0 0 0 0 46 0 20 0 12 0 0 0 0 2 0 14 0 7 0 26 0 0 0 0 0 0 0 70 14 0 0 0 0 0 0 36 0 0 0 0 0 0 18 0 0 0 0 0 0 0 0 0 5 67 12 44 0 22 0 4 0 0 0 0 0 0 0 22 19 0 2 0 0 0 0 0 0 0 0 0 0 0 0 0 0 16 0 0 0 0 0 0 0
 0 0 0 0 0 0 4 0 0 0 0 0 0 0 0 7 5 0 39 0 21 0 0 0 0 0 0 0 0 34 3 71 0 5 0 15 0 13 0 77 0 0 19 0 0 3 18 0 3 0 4 0 0 0 0 62 0 63 0 0 25 12 0 35 0 54 0 9 44 57 15 8 0 0 0 0 0 14 0 35 0 0 0 0 0 0 0 0 0 0 0 22 34 0 0 0 0 37 0 0 2 0 12 33 0 4 0 0 0 0 0 1 0 0 0 7 0 6 0 0 8 0 0 0 0 0 0 0 0 0 0 7 0 0 34 0 0 0 0 0 0 0 9 19 0 0 45 9 0 23 4 0 0 0 0 0 0 1 0 0 85 0 42 0 0 0 0 0 0 0 0 0 16 6 0 0 0 18 0 7 0 0 0 23 0 2 0 3 0 8 0 0 0 0 0 0 0 0 2 0
 0 18 0 2 0 0 0 0 0 0 41 0 0 48 6 76 0 0 0 0 0 45 69 0 0 27 0 0 7 53 26 0 0 0 17 25 0 0 0 10 0 13 0 38 0 0 0 59 49 0 12 0 56 0 0 0 82 2 0 0 0 0 1 0 0 34 0 0 14 48 9 0 0 0 0 0 0 0 0 63 4 28 57 0 0 0 1 0 0 92 68 17 0 0 5 0 32 63 0 0 0 0 0 27 0 10 18 0 0 0 0 52 65 0 0 0 0 50 0 0 0 0 26 0 0 0 0 29 88 0 0 59 7 15 49 2 0 0 0 0 61 0 2 6 0 23 3 0 0 0 16 29 0 78 0 4 0 0 0 0 58 14 62 0 0 0 1 2 26 0 0 15 46 0 0 48 0 0 0 3 0 0 0 0 0 0 0 39 0 14 0 69 0 0 0 0 0 0 0 0
 0 0 0 0 33 6 85 62 50 44 73 0 0 3 0 0 24 0 86 29 19 48 0 82 36 0 32 0 2 0 0 16 61 0 0 2 0 0 15 67 4 0 0 6 0 84 37 30 3 87 26 36 15 0 46 0 0 36 20 0 0 0 0 15 45 67 0 0 42 88 0 16 63 38 0 0 0 72 12 34 61 0 27 0 48 37 36 0 61 10 0 0 79 0 24 0 0 32 44 0 0 56 3 55 0 69 36 10 0 0 0 81 21 0 12 54 0 0 22 0 1 64 40 0 0 89 62 33 16 31 2 6 0 67 35 67 66 0 0 21 4 64 82 83 0 35 1 14 0 0 53 61 24 10 0 32 0 0 0 0 0 2 2 4 0 19 62 64 35 19 2 34 21 0 0 26 8 0 0 0 0 0 65 53 0 0 0 0 0 82 0 13 0 14 0 0 0 28 0 45
 16 49 16 11 35 26 78 69 34 39 54 17 67 37 53 2 54 28 60 14 30 0 50 55 0 11 66 63 28 44 0 68 68 0 0 0 10 0 0 8 77 6 24 0 8 57 21 31 70 60 0 23 78 0 18 85 16 52 0 61 5 5 44 17 34 23 72 90 25 22 20 0 0 0 10 0 70 0 53 14 4 61 54 8 0 13 41 9 8 74 0 81 2 64 31 0 43 0 0 15 0 49 75 27 19 38 88 42 8 0 0 65 17 7 15 14 0 0 0 0 71 0 53 80 0 11 13 39 23 2 16 78 58 49 52 81 52 53 40 0 83 26 0 40 36 67 6 68 0 28 79 37 28 0 21 53 25 14 29 12 25 0 67 36 8 53 67 29 67 22 23 58 67 14 39 8 35 36 0 64 10 6 84 12 9 9 62 18 0 9 0 82 48 63 14 0 22 45 74 9
 2 34 34 3 66 73 71 0 30 0 0 34 4 64 0 0 28 41 60 0 8 69 49 82 0 29 55 57 60 17 55 64 40 90 73 76 45 11 35 61 17 27 41 19 13 31 40 16 0 57 92 0 2 52 3 18 75 81 0 14 70 16 24 72 69 77 67 80 42 35 12 75 0 15 0 0 0 39 86 19 25 50 69 51 42 0 31 24 18 15 0 65 51 0 11 19 81 64 26 67 0 0 27 6 89 32 74 49 0 32 0 73 69 0 18 71 0 48 48 49 58 14 0 21 0 39 0 40 0 0 0 0 26 75 0 7 14 0 0 46 0 0 72 57 30 0 17 68 0 92 76 52 0 37 45 47 64 29 46 52 22 0 52 92 22 14 58 49 56 0 2 35 12 30 55 57 0 49 43 0 0 37 0 50 73 51 19 4 53 9 59 57 24 59 0 70 46 29 68 32
 0 0 0 0 60 0 0 0 0 0 0 0 0 15 0 0 0 0 17 0 0 0 0 0 31 0 0 13 0 1 0 0 0 9 0 37 10 0 0 69 16 0 1 0 0 0 0 7 0 0 0 0 0 1 0 0 0 0 0 0 0 0 0 0 0 0 0 0 20 29 0 15 0 0 0 0 0 12 0 26 0 0 0 0 4 0 0 21 0 0 0 4 12 0 0 0 0 0 0 0 19 0 12 0 0 0 0 0 0 0 0 0 28 0 0 0 0 0 0 0 0 0 0 0 10 0 0 0 15 0 0 18 0 0 8 0 24 0 0 0 0 0 0 0 0 0 0 16 0 0 0 18 0 0 0 0 0 0 0 0 8 0 61 6 0 0 0 0 0 0 0 0 0 28 0 18 0 0 0 0 0 0 0 0 0 0 0 0 0 0 0 0 0 0 0 0 0 0 0 15
 0 28 0 10 16 0 0 0 0 0 0 0 0 21 0 0 1 0 0 0 2 0 0 0 0 0 0 20 0 23 0 0 0 0 0 0 32 6 0 11 18 0 0 0 0 0 0 0 0 0 0 6 0 0 0 0 13 0 0 0 0 0 2 0 0 0 0 0 9 76 6 0 0 0 0 0 0 30 17 0 5 0 0 0 0 0 0 0 0 0 0 0 0 0 0 0 0 3 0 3 0 1 0 0 0 17 16 0 0 0 0 0 0 0 0 0 0 3 0 0 0 0 0 0 8 0 0 23 4 5 18 0 0 0 0 0 0 9 17 0 0 0 0 0 0 0 26 0 0 0 38 5 0 0 0 0 0 0 0 0 80 0 0 2 0 0 3 0 22 0 0 0 1 0 13 46 0 0 0 4 0 0 0 0 11 0 0 0 0 0 0 0 0 0 18 0 0 0 0 10
 28 0 0 0 76 0 0 8 62 1 73 0 25 58 0 26 0 50 31 0 67 54 42 21 18 0 13 78 70 0 25 0 51 36 80 26 2 5 1 3 0 0 0 56 56 0 86 8 0 47 0 0 77 18 80 0 82 0 41 71 0 22 29 28 0 0 7 0 23 24 23 20 93 33 70 2 0 89 0 15 0 0 4 20 16 7 0 60 17 0 76 0 31 32 52 18 0 99 0 0 0 0 17 71 36 0 61 17 19 0 2 42 47 0 0 69 0 50 42 0 16 27 6 0 51 80 64 24 83 0 26 25 56 40 6 93 34 86 50 0 75 11 74 24 23 78 51 37 0 9 44 75 56 35 0 71 0 22 19 0 59 0 18 0 26 13 70 22 10 0 24 36 0 23 56 0 27 21 0 2 0 0 53 6 0 43 0 73 0 18 47 0 7 45 37 0 4 14 32 30
 0 4 0 0 73 0 60 85 31 35 38 0 0 48 0 46 46 10 62 0 65 0 0 5 65 0 30 0 0 0 1 5 55 0 0 0 3 24 0 11 28 0 0 17 0 11 40 0 73 66 15 0 14 21 0 0 29 0 5 0 0 18 6 6 43 25 0 0 85 66 71 41 0 38 0 0 28 54 15 0 12 0 53 22 25 78 12 95 64 57 0 0 42 0 0 0 0 34 77 0 0 31 64 42 0 1 15 51 0 0 0 73 86 20 0 87 0 90 49 0 0 24 23 0 0 57 14 86 0 0 0 38 0 29 57 0 26 60 60 0 0 44 8 0 0 74 0 25 0 0 0 53 0 0 0 0 72 18 4 0 27 0 31 20 0 26 70 23 73 0 60 5 6 10 0 6 0 0 0 0 0 0 0 5 0 71 0 0 0 1 0 26 0 25 0 0 0 31 0 10
 0 0 0 0 66 0 8 38 18 0 30 0 1 11 0 53 10 13 65 0 30 29 28 14 28 0 54 0 0 31 0 0 19 0 0 43 0 0 0 51 0 1 0 59 0 9 63 58 0 0 0 0 0 0 49 2 73 21 23 0 0 0 0 0 54 7 0 0 15 16 24 14 87 51 0 0 0 0 0 0 76 0 12 4 0 0 32 43 37 9 19 8 2 0 43 0 0 7 62 0 0 2 0 63 0 0 0 62 0 0 0 9 44 0 0 0 0 7 0 0 60 48 53 0 0 0 0 26 69 6 33 18 0 4 2 58 0 54 66 0 3 0 86 38 28 69 7 69 19 0 0 0 33 60 0 40 0 0 0 0 0 0 8 9 0 77 9 86 0 0 0 58 57 0 0 1 0 0 0 0 3 17 27 10 0 0 6 65 0 0 11 89 0 0 8 0 0 0 65 19
 52 0 70 14 2 39 5 52 0 86 74 0 4 52 0 0 37 53 18 0 33 92 71 45 51 3 6 0 54 56 95 27 24 30 0 0 0 0 74 95 10 83 70 6 27 28 72 53 7 15 78 47 12 80 17 26 0 0 82 87 22 23 20 0 84 59 62 39 0 70 78 0 17 3 42 0 0 19 0 32 25 46 0 60 0 2 7 0 28 29 86 18 0 11 13 57 0 33 59 6 10 49 26 59 54 33 75 0 90 1 8 10 60 20 48 16 0 0 50 0 0 53 4 43 3 0 20 18 21 95 39 0 76 0 55 52 23 4 36 0 67 0 4 87 58 0 0 67 44 79 0 14 45 31 17 0 11 0 9 85 4 55 54 50 42 16 14 20 13 0 76 12 67 38 0 62 76 35 17 10 21 76 36 73 62 28 31 44 25 9 0 83 15 0 42 0 33 0 22 40
 0 0 17 0 26 2 0 7 0 0 0 0 0 62 0 0 4 0 8 0 0 18 4 0 0 0 0 4 0 5 0 21 3 13 15 7 0 0 0 1 6 21 0 81 0 0 1 0 50 0 39 5 0 0 0 78 0 25 0 5 0 0 23 0 29 71 0 0 21 54 0 0 0 0 0 0 0 0 0 27 54 0 26 0 0 15 0 0 51 58 48 19 62 0 88 0 0 96 6 11 0 6 7 35 0 26 0 0 32 10 0 51 0 0 0 0 28 0 0 0 0 0 60 21 6 14 0 0 19 11 0 24 0 57 80 0 21 31 0 0 26 0 68 0 0 0 2 0 0 0 0 59 0 71 0 0 0 0 0 0 0 0 0 13 0 0 0 0 0 0 0 65 0 0 4 30 0 12 0 0 0 10 91 24 16 0 0 24 10 11 0 0 0 0 13 0 0 0 24 0
 19 9 0 14 0 0 0 4 0 0 0 16 0 0 0 0 42 0 39 11 0 53 0 0 0 0 0 0 0 0 0 12 6 0 0 20 0 0 0 67 0 0 0 0 0 0 65 24 0 0 0 23 0 0 15 88 0 83 0 12 0 0 0 0 0 61 0 3 86 74 0 0 0 0 0 0 1 0 0 60 0 0 0 7 0 0 0 0 0 0 0 26 62 0 1 27 0 0 0 0 0 29 0 40 3 36 17 24 0 10 0 96 85 0 0 16 0 7 0 0 0 0 0 0 0 0 0 3 0 8 0 0 0 30 8 0 0 0 0 0 0 0 20 0 0 25 84 0 0 0 14 0 0 0 0 0 0 0 0 6 26 0 30 0 0 0 0 10 0 0 1 54 2 0 0 16 0 0 0 0 0 0 66 0 0 34 0 0 17 0 0 0 0 0 0 0 0 0 11 0
 63 0 7 65 21 64 53 45 74 45 60 3 23 2 0 20 5 10 0 48 0 64 10 64 0 37 72 24 61 61 0 66 32 98 18 16 0 0 0 48 0 45 63 23 81 0 52 2 0 75 85 0 9 52 7 44 14 0 83 83 56 75 59 0 43 10 77 45 0 0 64 7 29 74 57 8 65 0 66 73 7 0 18 3 0 26 88 29 1 9 0 22 0 0 20 4 0 44 50 8 0 37 52 0 15 34 78 58 8 24 0 79 54 53 16 20 0 74 64 0 31 49 42 56 0 80 0 59 0 47 52 51 52 4 2 40 77 44 0 0 46 6 0 14 73 9 67 47 0 16 16 55 48 87 15 0 20 54 23 11 62 62 66 37 4 12 37 0 7 0 40 40 77 0 0 0 48 29 0 88 58 78 0 19 67 37 75 9 0 0 77 12 17 0 59 0 55 26 8 41
 0 16 0 15 35 0 0 15 11 0 71 0 0 33 0 70 72 0 17 0 0 1 0 0 0 0 0 0 13 30 0 20 0 0 0 0 0 0 7 25 0 0 20 1 0 0 31 0 82 0 1 0 0 16 24 69 73 36 0 0 0 0 0 7 46 57 0 0 93 40 0 11 0 0 0 0 0 0 0 0 39 0 44 0 0 0 49 28 50 22 0 0 75 0 31 0 0 9 0 0 0 8 0 1 0 0 0 57 0 0 0 72 41 0 18 0 5 85 82 0 0 0 9 19 0 0 0 0 54 6 35 37 0 17 14 0 0 88 0 0 29 0 44 0 0 11 0 0 0 18 28 6 79 75 0 0 12 34 0 0 25 0 13 4 0 0 8 29 0 0 0 0 19 0 3 1 0 0 14 0 0 0 34 22 0 2 0 65 12 26 0 0 19 0 0 10 0 6 0 0
 0 13 0 0 84 0 9 36 8 0 39 34 1 59 0 30 0 0 40 0 12 5 64 56 0 0 0 0 0 9 0 0 16 0 2 57 0 3 0 84 40 0 0 0 19 0 31 39 37 0 40 0 28 0 32 10 49 0 0 0 0 12 0 0 82 0 4 16 32 32 59 3 43 9 0 0 0 0 0 0 11 0 59 0 19 0 67 7 31 45 72 24 36 0 30 0 0 78 76 0 0 58 43 0 0 22 58 11 0 10 0 41 4 0 0 0 0 1 8 0 45 0 0 8 0 35 4 14 23 33 0 9 0 60 64 0 88 46 0 0 15 0 0 18 0 82 19 64 0 0 20 27 56 27 0 40 9 0 4 5 49 0 0 0 0 7 13 0 0 0 0 25 4 0 0 15 0 0 0 0 0 0 89 0 0 0 0 50 0 13 0 64 0 0 0 0 0 0 80 0
 0 0 0 0 23 0 0 4 0 0 30 7 0 0 19 0 0 29 1 0 0 5 59 0 0 0 14 0 0 66 0 11 0 0 0 96 0 0 0 0 0 0 7 61 4 0 39 0 36 0 18 0 6 0 0 8 2 65 0 0 0 0 0 19 77 26 0 0 34 5 15 0 0 0 0 4 0 0 0 14 20 18 0 0 0 0 4 0 0 21 4 37 43 0 86 0 39 12 0 0 0 0 0 54 13 0 20 0 0 0 2 53 1 0 0 0 0 0 37 0 0 24 0 0 0 28 0 52 0 0 0 0 0 3 36 0 0 0 0 0 0 0 74 0 0 0 37 0 0 29 20 53 0 30 7 21 0 0 27 0 79 0 0 0 7 0 0 0 0 0 0 32 0 0 0 81 0 0 0 6 0 0 0 0 0 4 20 20 0 26 0 0 0 0 0 0 0 0 65 0
 19 0 21 0 64 30 61 22 59 74 8 0 51 5 0 0 0 0 0 0 16 46 0 47 14 0 51 79 0 87 0 58 48 57 1 0 0 13 53 69 20 24 0 0 40 73 37 72 27 0 0 23 0 0 0 75 4 10 0 45 0 97 83 0 52 0 23 33 34 26 37 0 0 12 0 0 0 2 11 50 57 0 72 66 0 13 85 0 68 84 9 0 92 0 20 64 30 16 40 0 0 0 48 43 20 30 33 41 49 0 0 24 90 27 68 0 0 0 41 0 0 0 26 0 20 0 21 45 62 70 61 0 47 27 63 29 0 36 66 0 61 75 44 50 42 0 60 45 0 0 8 0 0 75 0 57 52 34 0 0 0 10 12 21 0 6 67 32 31 0 13 26 50 0 0 51 66 29 0 7 16 0 70 48 0 0 0 34 0 8 0 23 2 64 0 0 0 47 0 45
 7 0 0 0 13 40 36 17 37 63 46 0 96 67 0 39 57 0 25 0 16 52 29 44 44 27 70 50 5 55 53 0 53 62 65 0 0 0 83 32 2 70 0 0 84 29 86 50 60 61 33 0 63 15 57 73 0 44 0 0 53 97 0 0 62 0 57 6 0 0 16 34 0 67 0 3 59 0 46 68 0 0 45 36 13 30 28 2 0 16 0 17 0 5 82 10 0 11 0 0 0 52 79 40 31 0 62 53 5 1 4 0 0 0 31 42 0 0 28 17 58 95 15 0 0 0 42 0 12 0 70 76 32 25 74 0 8 0 71 0 0 0 93 56 86 4 0 36 0 0 7 18 34 11 44 43 0 49 69 25 24 65 9 6 17 39 25 49 39 0 88 80 37 0 0 0 52 77 0 0 31 0 59 9 0 0 0 4 0 5 85 0 0 48 46 0 0 11 15 0
 0 0 0 0 59 0 1 57 0 0 0 2 0 9 0 3 59 0 33 0 0 80 0 72 4 0 11 0 0 0 19 59 23 0 0 0 0 0 0 54 75 7 0 14 0 0 11 0 16 0 23 0 55 0 41 68 71 16 1 0 0 17 0 0 0 25 0 0 54 13 6 0 26 36 0 0 0 0 0 53 0 0 31 0 0 0 9 0 0 25 10 0 54 0 42 0 0 10 0 0 0 28 78 32 0 58 7 77 0 0 0 0 9 0 0 0 2 0 18 0 39 0 0 24 18 0 15 35 0 67 0 3 0 51 66 29 13 5 74 0 67 0 0 23 0 68 0 16 0 0 52 0 24 59 0 67 0 0 0 0 44 0 17 0 0 0 21 48 0 12 0 4 83 0 0 30 0 0 0 0 0 12 13 0 0 0 0 8 0 0 0 4 0 33 0 0 0 0 7 0
 4 0 0 17 64 0 0 0 0 0 52 7 0 19 15 0 23 37 60 16 0 34 49 0 15 1 77 0 0 35 0 0 0 0 0 0 0 0 0 22 37 0 0 8 0 0 59 0 31 0 69 8 24 0 20 1 77 57 0 7 0 0 22 0 61 15 0 0 8 27 0 7 0 0 0 0 0 0 23 61 25 0 75 0 0 0 67 0 62 0 0 0 55 0 0 0 0 88 0 0 0 39 21 53 0 0 43 85 0 0 3 6 14 0 0 23 0 54 85 1 80 0 74 0 0 0 0 65 0 0 3 0 6 53 24 19 48 82 0 0 0 7 39 23 0 0 40 0 0 0 51 76 59 84 0 6 0 0 0 4 19 0 4 0 2 0 11 64 0 14 0 0 27 0 0 6 10 0 0 0 0 0 0 0 14 0 10 15 0 0 2 77 0 0 0 0 0 0 0 22
 0 0 0 0 38 0 0 0 0 8 0 0 0 0 0 0 36 1 68 0 12 62 0 0 0 0 0 0 0 24 0 40 0 0 0 29 0 4 4 38 15 0 0 0 0 0 0 0 0 0 59 0 0 0 0 31 0 31 0 8 0 0 0 0 0 0 0 0 0 0 3 0 0 0 0 0 0 34 0 0 0 0 0 0 19 0 0 23 0 0 0 0 57 0 17 0 7 0 0 0 15 0 0 18 0 46 15 0 0 0 0 59 0 0 0 0 0 2 0 0 2 0 0 0 4 0 0 0 0 0 0 0 0 0 67 0 0 11 0 0 39 0 0 0 0 0 0 0 0 0 0 3 0 0 0 0 0 0 0 0 12 18 43 0 26 0 0 5 0 0 0 0 24 0 0 26 0 0 10 11 0 16 17 0 0 0 0 0 0 0 0 0 0 2 0 0 34 16 0 0
 23 10 0 0 12 0 6 0 0 0 0 4 0 0 9 0 5 0 35 0 0 18 21 0 0 0 0 0 0 37 0 52 0 0 14 72 16 0 12 0 0 0 0 0 0 0 35 0 0 0 0 0 0 0 0 83 0 44 0 0 14 0 0 4 0 0 0 0 56 0 0 0 0 0 0 0 0 0 0 11 0 0 13 2 0 0 0 0 0 0 11 27 5 0 56 0 0 0 0 0 0 0 12 0 0 50 65 0 0 0 24 0 0 0 8 0 0 0 5 25 0 0 58 0 0 4 15 54 0 11 0 0 6 0 0 0 0 0 0 0 42 13 2 0 0 0 46 0 0 0 0 38 0 18 0 0 0 13 3 0 61 10 5 12 0 0 0 0 0 11 0 0 0 0 0 1 0 0 0 0 0 0 42 18 0 9 0 37 0 0 0 0 0 1 0 0 0 0 15 0
 0 0 0 0 35 0 0 8 0 4 36 2 0 15 0 10 20 0 11 0 3 0 0 30 0 7 3 0 11 10 0 9 18 6 0 12 0 0 0 0 26 0 11 67 0 0 0 55 12 0 67 0 3 0 13 10 34 46 0 0 0 0 6 0 0 64 0 0 70 25 0 0 19 33 0 0 0 0 0 51 1 0 40 5 12 0 70 0 58 34 66 0 70 21 72 0 0 0 0 0 0 49 79 36 0 87 33 45 0 0 15 8 0 1 16 0 0 0 0 0 0 0 1 0 10 0 31 43 0 0 70 44 0 76 52 10 35 27 8 0 19 0 0 13 0 18 28 93 9 0 61 8 41 0 0 73 63 0 12 0 78 0 15 19 0 0 0 29 0 0 0 20 18 0 0 53 0 0 0 0 0 0 0 29 0 0 0 27 19 0 0 35 0 0 14 35 0 0 35 13
 20 0 0 0 5 22 0 0 0 0 0 0 0 0 0 0 0 0 18 0 0 56 56 17 0 0 0 0 12 0 0 0 10 0 8 75 16 0 0 92 0 0 0 0 17 0 50 8 44 0 0 0 0 0 0 5 4 39 0 0 0 0 0 0 31 0 0 0 0 21 0 0 0 7 0 1 0 0 0 54 20 0 65 0 0 0 0 0 38 0 45 0 45 0 66 0 0 4 0 0 0 44 36 0 0 78 13 15 0 0 26 29 0 0 7 0 0 23 26 0 0 26 74 0 0 5 0 46 11 0 0 73 0 59 43 0 24 3 0 0 0 1 80 0 0 0 0 0 0 0 0 29 0 10 7 0 21 27 0 0 75 0 45 0 0 0 0 0 0 0 0 49 0 0 0 5 0 0 0 0 0 0 59 5 0 0 0 84 19 0 0 0 0 0 23 0 0 0 64 0
 0 26 0 0 33 0 0 13 33 0 31 7 0 3 0 16 5 0 38 0 19 74 88 0 5 0 0 4 0 0 0 8 0 0 0 0 0 10 0 27 0 0 0 9 27 0 0 0 6 0 79 0 0 0 0 0 24 69 0 30 0 0 0 9 64 29 0 0 71 25 0 0 0 0 16 0 0 0 0 4 68 10 0 29 0 0 0 1 0 64 50 0 52 0 0 26 0 91 0 0 0 0 8 12 15 11 0 0 0 0 12 0 80 0 0 0 20 0 39 0 0 0 34 16 0 0 8 42 58 0 0 0 0 67 32 0 0 0 0 0 30 0 32 0 0 0 79 0 0 0 19 3 0 32 0 0 0 0 0 0 25 0 28 0 0 0 0 0 0 0 0 0 0 0 0 41 0 0 0 0 0 0 11 0 3 0 0 42 0 0 0 0 0 0 0 2 0 0 82 0
 54 0 0 34 51 0 5 64 41 56 85 0 0 8 0 3 4 7 0 0 51 0 21 85 68 0 17 19 50 30 8 10 39 51 14 58 0 39 85 28 0 35 18 30 28 14 2 8 25 47 23 0 42 19 46 2 0 17 0 0 0 0 81 0 20 24 35 0 89 12 8 0 57 0 0 0 51 7 0 40 87 0 6 17 0 69 34 38 0 45 62 0 75 29 64 0 13 13 0 25 0 0 0 12 0 16 35 0 92 0 0 43 24 0 10 4 0 18 6 0 2 85 1 0 0 25 0 61 0 63 9 54 0 5 0 18 51 2 0 0 55 59 29 6 52 0 11 43 0 0 29 10 62 29 0 74 55 50 11 0 45 0 4 66 0 59 83 0 61 11 23 0 60 0 9 54 23 29 0 0 25 13 17 14 0 9 0 77 0 0 12 43 72 79 11 0 0 53 29 59
 16 0 0 31 0 9 0 4 0 0 0 0 9 0 0 0 0 0 28 0 0 14 32 0 28 0 0 0 16 46 26 37 0 0 0 28 0 0 0 0 0 0 0 18 0 0 57 0 0 0 0 0 0 0 0 84 0 42 0 0 0 0 0 0 39 27 0 0 56 51 0 0 0 0 0 0 0 0 0 6 0 0 0 0 5 29 0 0 0 0 23 0 77 16 37 0 0 31 0 0 21 0 0 2 0 44 59 0 0 0 0 54 63 0 0 0 34 0 0 0 0 0 0 0 0 0 0 94 30 0 0 0 0 0 53 17 0 0 0 27 0 7 0 0 12 0 40 0 0 0 0 7 0 0 0 0 4 0 0 0 11 0 53 0 0 0 0 0 0 0 15 61 0 0 0 65 0 0 0 0 0 0 0 4 0 3 0 0 0 0 0 0 16 0 0 0 0 0 48 0
 0 0 0 0 26 0 0 0 0 2 0 0 4 0 0 0 0 0 0 0 0 0 27 5 0 0 0 0 0 64 12 0 0 0 14 6 7 0 0 14 0 0 0 0 29 17 8 0 0 0 0 14 0 0 0 0 0 0 0 0 0 25 0 0 0 0 31 0 0 6 0 0 0 0 0 0 0 13 0 14 0 0 0 0 0 0 0 0 0 0 0 0 23 9 0 0 0 39 1 0 0 0 17 0 0 0 0 0 0 0 20 0 23 0 0 0 0 0 0 0 0 0 0 0 0 0 0 0 23 0 0 0 1 0 0 0 0 0 0 0 7 0 0 0 0 0 0 0 0 0 0 0 0 0 0 15 0 0 24 0 59 0 67 3 3 0 0 0 0 0 0 0 0 0 0 4 0 27 0 0 0 0 0 0 16 33 4 9 0 0 0 0 0 0 0 31 0 0 0 0
 0 0 0 0 0 0 0 7 0 0 0 0 0 0 0 38 23 0 43 0 0 2 64 0 40 0 0 0 0 35 0 31 0 2 23 54 0 1 0 55 0 0 0 91 0 0 81 61 19 0 72 0 0 0 0 2 82 42 0 29 0 0 0 0 84 35 16 0 11 34 0 16 0 0 0 31 0 0 0 73 37 0 31 0 0 0 0 0 33 38 49 0 62 0 0 0 0 50 20 0 0 15 2 79 0 0 2 0 0 0 0 36 3 0 28 0 0 18 44 0 48 15 39 0 20 0 0 16 81 0 54 65 0 0 34 0 18 0 66 0 72 0 0 89 0 0 0 4 0 0 56 53 0 0 0 0 0 0 0 0 50 0 0 0 0 0 0 55 0 0 0 46 66 0 0 0 0 0 0 0 12 0 80 10 0 2 16 95 0 0 0 76 0 0 15 0 0 0 10 0
 0 0 0 0 11 7 0 5 0 4 17 0 0 67 0 0 27 0 51 0 5 0 20 0 0 0 0 0 0 3 0 19 27 0 0 39 0 15 0 0 0 0 0 44 10 6 64 0 34 0 0 0 0 0 0 66 0 0 17 16 0 0 0 0 35 69 21 0 59 47 0 0 13 1 0 0 0 0 0 45 7 0 0 0 0 1 0 0 0 0 56 0 0 2 26 0 0 0 0 0 0 0 0 7 0 4 85 9 0 0 0 0 39 0 0 11 0 0 22 0 17 0 17 7 0 0 0 77 9 0 0 41 0 31 28 0 0 0 0 0 33 0 41 0 0 0 19 0 0 0 0 13 14 76 0 6 0 0 0 0 39 4 0 0 0 0 0 0 0 0 0 52 7 0 0 39 0 0 0 0 0 5 65 0 0 0 0 59 0 0 4 0 10 0 0 0 0 1 42 0
 0 0 0 0 0 6 0 0 18 0 0 0 3 64 0 75 0 0 7 0 31 21 0 2 0 0 0 15 15 0 0 66 0 0 0 0 0 23 0 43 0 0 0 40 0 0 25 0 23 0 47 2 21 0 0 35 12 0 1 3 0 0 0 0 0 17 0 0 14 79 0 0 0 0 0 0 3 23 0 11 10 37 1 0 4 0 0 0 53 46 22 15 64 0 50 0 0 67 0 0 0 38 0 48 0 49 72 25 32 0 37 40 0 0 0 0 0 0 76 0 0 0 3 0 0 0 0 0 10 0 0 78 0 64 8 1 20 0 0 27 74 17 65 0 0 0 0 0 0 0 92 74 0 1 0 0 19 0 0 0 0 0 13 17 0 0 3 3 0 0 19 57 81 0 0 0 9 0 3 0 0 0 52 0 0 1 0 1 3 13 13 0 0 1 0 0 0 15 0 3
 0 0 0 0 11 12 2 0 0 0 0 0 17 13 0 0 44 0 0 26 5 0 39 0 0 0 23 0 0 12 0 48 18 0 1 53 0 21 0 26 0 0 0 51 0 0 25 57 2 0 13 20 25 0 0 0 67 86 0 0 0 0 0 24 33 0 7 0 0 50 0 0 5 0 0 0 0 0 0 51 64 0 0 0 0 0 31 0 0 0 55 0 66 2 53 0 0 57 4 0 0 0 79 47 16 24 35 69 5 0 19 45 0 0 0 0 0 23 22 2 37 17 42 0 0 0 1 63 16 0 24 29 3 7 17 0 8 54 0 0 1 0 0 0 0 0 0 0 0 0 0 95 68 67 0 0 0 0 4 0 33 0 25 0 0 0 16 11 0 0 0 0 75 0 0 64 0 0 0 0 17 0 61 0 0 0 0 0 0 5 0 44 0 0 0 0 0 9 26 0
 0 37 0 0 50 35 57 59 59 20 0 0 28 24 46 52 20 13 23 0 7 0 4 0 11 65 0 0 29 44 16 43 56 32 61 69 0 61 37 48 47 75 61 34 57 77 57 0 30 28 59 71 32 82 0 53 50 0 0 67 2 10 9 5 0 0 0 45 20 19 52 73 53 0 0 0 18 0 40 13 0 31 58 36 0 0 40 34 0 50 0 0 13 52 79 0 85 68 0 14 0 20 18 30 0 67 18 49 0 39 0 52 36 8 87 78 41 41 33 62 81 2 46 32 42 41 42 38 10 51 43 38 59 0 41 5 5 0 62 0 84 27 66 20 0 26 34 90 66 61 34 65 31 77 57 0 16 43 4 97 72 54 73 0 5 33 49 49 48 0 92 63 37 3 70 64 17 34 48 0 47 26 78 0 0 42 0 63 3 0 0 88 10 2 60 66 14 64 29 53
 0 0 0 0 9 0 0 0 0 0 0 0 19 0 0 0 0 0 93 0 0 18 0 0 0 0 0 0 20 15 1 0 0 0 0 24 10 0 0 8 0 0 0 0 0 0 6 4 0 0 47 0 0 0 0 25 0 63 0 0 0 0 0 0 31 26 0 0 54 19 0 0 0 0 0 0 0 0 0 61 0 16 30 0 0 0 0 0 0 62 0 0 12 0 0 0 0 73 0 0 0 0 1 58 0 84 32 0 0 0 16 1 20 0 26 0 0 0 39 0 0 0 3 0 23 0 2 0 0 0 11 0 0 71 0 0 0 0 0 0 0 4 73 0 30 0 32 28 0 0 0 43 0 1 0 5 0 26 0 31 0 0 0 0 0 7 0 0 11 0 0 86 0 2 0 51 17 0 18 0 24 0 53 0 16 3 3 0 0 0 0 15 0 0 0 0 0 0 52 0
 0 0 5 14 0 0 53 83 0 0 10 0 0 71 0 4 25 0 0 0 36 7 77 23 68 0 0 0 0 1 0 35 70 0 0 18 0 0 22 51 59 13 0 69 0 42 59 72 41 0 0 0 0 0 41 13 0 43 22 0 0 0 17 0 55 60 0 0 56 69 67 82 67 36 0 0 0 0 15 79 28 0 29 21 46 0 0 8 67 7 54 0 15 0 21 0 32 70 77 10 0 0 0 6 0 77 7 65 0 0 36 78 0 0 0 86 15 6 41 0 68 40 4 0 0 49 0 20 0 79 0 37 0 0 53 69 73 0 75 0 0 0 35 47 23 0 45 89 0 0 0 82 13 21 0 0 0 0 0 23 0 0 60 0 0 72 67 0 66 0 0 12 22 22 0 14 0 0 4 22 12 9 62 29 0 0 0 5 0 6 19 83 10 0 28 0 0 78 28 8
 0 0 15 0 63 0 0 0 8 0 0 0 0 5 0 1 88 0 16 0 0 65 19 0 0 0 5 0 0 0 0 0 0 0 0 0 0 7 0 0 0 0 0 0 0 0 14 0 4 0 20 0 0 0 0 0 0 62 0 24 0 0 0 0 0 0 0 0 51 22 0 0 2 0 16 0 13 0 0 0 0 0 0 11 0 0 8 0 0 0 0 0 35 0 0 15 0 21 0 0 0 0 0 0 0 0 0 0 0 13 0 84 69 0 0 0 0 0 0 9 0 3 0 0 0 1 0 0 0 15 0 0 0 2 57 21 0 0 24 0 0 0 0 0 0 0 0 0 0 0 4 0 0 2 0 0 0 0 0 0 40 0 37 0 0 0 0 0 0 14 0 0 7 0 0 28 17 0 0 0 0 0 0 0 9 0 23 0 0 0 0 0 0 20 0 0 0 0 0 0
 15 20 0 0 31 0 0 0 10 0 1 0 0 0 0 70 76 0 73 0 0 59 82 0 37 0 69 0 0 60 0 27 0 0 0 48 28 0 0 22 2 0 0 32 0 0 72 0 27 0 20 28 6 2 0 32 30 2 0 0 1 4 0 0 63 63 8 27 14 36 0 18 0 0 0 0 0 0 0 11 68 0 0 0 0 0 17 0 54 21 58 0 0 0 56 6 0 87 0 0 0 66 61 2 0 42 0 0 0 0 0 2 46 0 9 0 0 60 33 0 63 0 23 0 0 0 0 45 14 0 47 62 0 8 7 0 10 46 5 0 20 0 70 0 0 0 0 0 2 0 65 33 76 29 0 0 0 0 0 0 38 27 0 0 11 0 5 75 0 0 0 2 25 0 0 58 0 25 0 4 0 0 58 0 0 0 7 51 0 0 25 45 0 22 0 0 0 0 0 0
 89 0 0 9 37 61 2 78 39 63 0 0 60 0 0 0 32 69 12 0 0 0 19 48 13 0 40 16 12 0 0 78 4 33 57 47 0 0 0 0 0 18 0 42 59 68 0 65 65 71 9 0 68 0 52 3 55 22 68 28 0 9 0 0 0 0 71 0 51 59 12 20 63 0 35 6 58 47 0 65 13 0 92 7 0 0 28 47 55 59 10 3 23 37 68 13 13 0 45 21 0 4 34 63 0 0 21 30 47 0 0 81 12 0 38 0 0 86 17 0 6 7 56 0 0 12 72 49 63 49 58 2 0 0 38 76 44 61 87 1 0 0 38 47 0 67 67 0 0 0 0 16 30 3 0 42 22 53 0 0 21 0 33 0 0 35 60 54 16 0 12 0 0 0 32 46 26 34 0 0 0 0 0 0 0 13 0 75 15 99 18 45 0 0 72 17 0 51 43 0
 0 9 0 0 0 0 0 0 14 0 0 5 0 64 0 33 37 0 13 0 0 0 56 17 0 0 17 0 0 0 0 0 79 0 0 36 0 0 0 1 33 0 0 3 33 0 0 53 0 0 27 0 72 0 0 40 37 85 9 18 0 0 0 0 0 42 0 0 68 87 0 0 0 0 0 0 0 15 0 0 53 0 39 0 0 0 33 0 5 80 0 0 80 0 22 0 0 7 0 0 0 24 9 0 0 2 64 0 0 0 31 3 19 0 0 0 6 4 0 0 0 0 56 8 0 0 69 81 72 0 70 25 7 81 51 75 44 32 55 0 76 0 83 95 0 0 25 0 0 0 0 18 0 72 0 18 0 0 0 0 0 0 0 0 0 0 0 7 0 0 0 96 70 0 0 0 0 0 0 0 0 0 18 0 18 0 0 31 31 0 0 85 0 0 0 21 0 4 48 0
 0 0 0 23 20 0 3 0 21 0 0 0 0 35 0 0 52 0 0 0 0 0 0 0 19 7 0 0 0 21 0 31 0 0 0 13 8 0 0 0 0 38 0 0 0 0 0 0 0 0 10 0 0 0 17 49 0 29 0 0 0 22 0 0 0 0 0 0 61 46 0 0 0 0 0 0 0 0 0 0 0 0 0 0 0 0 0 26 8 0 0 0 0 0 0 0 0 65 0 16 0 2 12 0 0 21 0 0 0 0 0 84 0 0 24 0 2 0 0 0 0 0 0 0 0 1 0 6 0 0 19 0 0 0 31 6 0 31 5 0 0 0 61 23 0 0 0 0 0 0 0 0 0 0 0 18 0 0 0 0 23 0 15 22 0 0 16 0 0 0 0 0 0 0 9 75 10 0 0 0 0 0 0 11 0 27 4 0 0 0 16 0 0 0 0 0 0 6 0 0
 0 0 0 0 0 0 0 0 0 0 0 29 0 51 0 0 55 0 78 0 0 0 0 0 42 0 11 0 22 7 0 0 0 0 0 0 0 0 0 0 9 0 0 65 0 0 28 72 43 0 0 0 3 0 74 66 18 22 0 0 0 0 0 0 0 0 0 0 0 27 0 22 28 11 0 0 0 6 0 14 23 0 75 32 11 0 65 0 0 0 67 0 0 0 30 0 0 76 0 0 0 33 50 28 0 31 0 61 0 0 0 0 28 0 0 0 0 43 25 0 70 0 68 0 0 0 5 90 70 0 22 84 0 64 32 0 23 16 62 0 0 0 12 45 3 17 73 0 0 0 29 47 62 62 0 0 14 0 0 3 0 29 13 0 0 0 32 68 32 0 0 39 0 0 0 48 0 0 0 0 0 11 0 0 0 9 0 0 0 0 0 30 0 0 0 0 0 16 0 0
 48 26 59 32 40 72 12 0 66 30 38 0 9 0 0 7 5 0 31 71 54 74 42 40 30 0 29 0 49 4 0 0 68 28 55 37 0 8 0 15 79 52 0 8 39 74 8 14 4 59 74 25 27 0 55 0 56 0 75 56 16 64 0 0 60 65 84 82 20 95 31 0 0 15 13 0 28 73 55 18 40 80 0 38 11 0 0 16 59 0 0 12 0 42 35 62 75 43 54 0 0 24 30 37 12 2 5 53 55 16 1 68 3 49 16 0 0 80 43 17 39 36 5 17 66 43 15 8 63 0 77 28 27 1 57 84 27 32 31 0 89 53 53 0 48 37 4 33 0 14 29 83 81 39 15 0 66 0 84 38 0 35 6 15 15 33 37 0 30 0 36 51 68 10 60 0 47 0 55 19 57 27 0 73 49 41 64 76 2 45 0 62 14 60 0 0 68 0 76 42
 0 65 13 56 71 54 88 83 48 22 0 0 69 11 28 0 27 0 33 12 26 0 20 38 64 48 75 40 0 58 25 0 0 2 39 0 0 34 0 0 9 76 7 75 45 67 16 0 35 40 2 49 26 53 80 0 0 41 0 5 57 39 17 0 0 3 59 51 43 18 12 8 0 43 79 0 0 0 35 2 0 11 57 15 0 18 65 59 63 28 0 40 51 10 0 0 0 47 9 29 0 42 51 0 10 0 0 43 16 0 0 5 30 0 3 5 0 44 17 0 0 45 0 36 44 70 47 84 13 3 29 52 40 56 42 60 75 22 75 0 55 54 14 34 75 63 72 73 0 0 72 8 48 45 72 57 2 81 16 29 65 51 56 49 23 0 53 27 53 0 5 79 60 5 0 44 8 0 64 0 9 20 10 1 0 0 85 22 0 48 54 0 78 0 4 0 54 55 39 73
 0 0 0 30 23 0 23 1 23 0 1 0 0 40 0 5 32 0 12 0 4 3 87 0 0 3 0 0 0 6 0 38 12 0 0 0 0 0 0 18 0 0 0 46 0 0 44 0 0 0 3 1 0 0 1 48 22 38 0 0 0 0 0 0 8 80 27 0 9 96 0 11 0 0 0 0 0 0 9 41 0 0 0 24 0 0 0 0 25 57 55 0 0 0 59 17 0 31 14 0 0 45 40 86 0 43 0 0 0 0 0 45 0 0 26 5 0 86 0 0 0 0 0 0 0 0 0 70 43 0 45 0 0 67 16 0 9 0 19 0 49 13 0 0 33 21 10 0 0 0 0 22 1 33 0 0 0 0 0 0 3 0 37 0 0 0 0 35 0 0 13 71 30 0 0 8 0 0 0 0 0 0 67 0 0 0 0 6 0 0 0 0 0 0 0 0 23 0 61 0
 0 0 0 0 57 0 0 0 0 0 0 0 0 0 0 0 37 0 74 0 0 53 26 0 0 0 0 0 2 24 0 0 0 0 0 0 17 0 0 3 0 0 0 0 2 10 6 0 0 0 40 0 0 2 7 51 0 67 10 0 0 15 0 9 45 0 0 0 68 0 0 0 25 0 0 0 0 0 4 18 0 0 0 0 0 30 26 0 0 20 0 0 11 0 42 0 0 9 0 0 0 0 0 10 0 69 62 0 0 0 0 0 0 0 0 2 0 0 5 0 0 0 0 15 0 3 0 0 0 0 0 0 0 0 22 0 0 0 0 0 0 0 62 0 0 0 0 0 0 0 0 0 0 0 0 0 13 0 0 0 0 0 0 0 0 0 21 0 0 0 0 49 0 0 0 9 0 0 0 0 0 0 39 0 0 0 0 0 0 0 0 0 0 0 0 0 14 0 37 0
 0 3 0 0 13 0 0 18 2 0 0 1 0 28 0 39 82 0 23 0 5 0 5 0 6 0 0 0 0 80 0 46 0 10 0 76 8 0 0 6 0 0 0 36 28 0 0 37 47 0 75 0 45 0 14 0 15 62 0 1 4 0 0 0 41 36 0 0 83 3 0 0 4 8 0 0 0 0 0 51 61 8 0 1 0 0 0 0 31 0 27 10 73 15 79 0 0 27 14 5 0 37 42 32 0 70 60 7 0 0 11 46 5 0 21 0 0 56 0 0 0 0 3 34 0 0 0 9 49 0 30 67 0 56 39 14 0 52 0 0 46 0 48 0 0 6 14 0 0 0 0 46 0 44 0 0 0 0 2 21 74 0 84 0 0 0 0 69 0 0 0 0 2 0 0 9 0 20 0 0 0 0 0 0 0 7 0 35 0 14 0 0 9 0 0 0 0 0 55 4
 0 0 0 0 28 0 0 0 0 0 0 0 0 0 0 0 62 0 10 0 26 66 20 0 13 0 0 0 0 51 0 0 0 0 0 51 0 0 0 91 23 0 0 0 0 0 47 0 0 0 19 20 20 0 18 25 0 65 0 0 0 0 0 0 0 40 0 0 63 0 16 0 0 0 0 0 0 0 0 64 0 0 0 0 0 0 0 3 0 13 0 34 0 0 69 16 0 21 0 0 0 0 0 24 19 7 46 0 0 5 0 63 47 0 7 0 0 0 21 0 0 0 0 0 0 0 0 30 0 23 0 0 0 16 36 31 0 0 0 0 0 0 0 0 0 0 38 0 0 0 0 25 0 0 0 0 0 0 5 0 17 26 33 0 0 0 0 0 0 15 0 43 0 0 0 34 4 0 0 0 0 0 18 0 0 0 8 0 0 0 0 12 0 0 17 0 0 0 67 0
 18 0 0 2 44 0 76 26 36 83 5 0 0 23 0 33 48 0 43 36 40 0 82 26 44 1 66 0 0 1 0 36 11 63 19 30 0 0 10 0 0 0 0 0 0 0 6 0 39 0 0 21 63 0 30 59 44 37 41 2 0 0 0 32 96 84 0 6 0 0 65 37 0 76 0 0 89 64 0 56 81 0 23 8 16 86 61 25 0 19 42 0 38 0 46 0 0 0 68 0 15 0 29 63 0 56 21 31 65 0 0 65 49 15 10 62 0 91 70 0 54 45 0 38 0 1 6 48 46 76 0 32 26 24 72 89 59 45 54 0 19 17 38 3 16 50 72 78 0 0 26 16 55 67 0 51 30 69 0 0 47 0 14 38 0 49 10 49 13 0 56 9 2 0 0 0 0 0 0 4 7 0 19 0 0 44 19 29 0 17 22 66 5 83 0 0 0 9 7 28
 14 0 5 5 17 0 0 11 0 0 58 0 0 45 0 60 26 0 0 0 0 51 79 0 16 0 58 0 1 17 0 0 0 0 2 28 0 0 0 57 0 7 0 1 9 19 55 0 29 0 68 0 32 0 32 64 20 61 0 0 0 10 27 0 55 26 2 0 9 15 0 0 2 0 0 0 0 0 0 0 0 32 35 0 0 0 73 0 41 40 37 4 30 0 55 29 0 76 1 2 14 41 68 80 0 53 90 0 0 0 0 74 54 0 12 0 32 22 55 11 78 0 0 0 0 0 0 37 4 0 19 9 0 58 0 0 0 9 71 11 0 14 30 52 0 0 0 21 10 0 78 64 23 36 0 0 28 8 0 0 77 9 15 6 3 0 0 24 0 0 0 48 2 0 0 15 0 7 0 0 0 0 12 0 0 0 6 64 0 0 0 21 0 1 0 3 0 0 9 1
 0 0 0 0 42 0 0 0 7 0 36 0 11 76 0 52 8 0 0 0 2 0 48 0 0 0 83 0 0 28 0 91 0 2 25 28 0 0 4 24 0 0 0 80 0 0 19 68 23 11 49 0 0 0 0 0 42 68 0 0 0 0 0 0 43 10 0 0 64 52 0 0 0 0 0 0 0 0 0 88 41 0 15 0 0 0 30 4 58 60 32 0 56 0 0 0 0 28 28 0 0 84 46 76 3 0 29 64 36 0 0 31 85 22 0 2 0 36 83 0 0 0 35 0 3 14 1 32 44 0 0 53 0 0 75 29 15 0 72 0 3 8 11 6 0 14 38 0 0 0 19 0 60 6 0 0 0 0 0 10 64 0 7 0 0 0 0 25 0 0 0 15 0 0 6 36 0 0 0 0 8 0 4 0 0 0 0 0 0 0 0 0 0 0 0 0 0 0 15 0
 0 0 0 0 13 0 1 0 17 0 0 3 0 96 0 0 28 0 40 0 0 64 45 32 65 0 0 0 15 7 21 0 30 0 0 82 0 0 24 20 10 0 0 48 12 0 0 68 0 6 16 0 10 0 44 23 35 59 0 0 0 0 24 0 26 9 0 0 0 22 0 0 0 31 0 0 0 3 0 58 78 0 30 0 0 0 40 0 0 0 70 0 46 0 77 0 0 59 0 0 8 80 67 21 0 56 0 31 16 0 0 36 24 0 0 5 18 34 12 0 0 2 73 0 0 16 64 25 0 75 0 38 0 31 29 20 46 39 53 0 0 2 27 50 0 30 11 67 4 0 14 76 65 3 0 0 19 0 0 0 69 0 55 8 0 20 0 0 0 0 0 71 64 5 0 0 0 0 0 14 0 0 41 0 0 0 1 59 0 0 21 24 0 5 0 0 0 0 0 0
 26 0 0 0 0 0 0 11 62 75 35 0 15 75 11 65 65 0 0 0 26 54 50 37 83 0 0 0 64 20 0 0 3 0 0 6 0 58 26 16 82 64 0 42 26 0 68 30 33 0 0 0 45 0 19 20 19 26 54 51 0 51 82 0 0 30 72 0 0 61 17 60 53 2 0 0 25 3 0 0 3 0 70 60 33 75 30 20 59 13 13 0 36 0 74 4 53 33 19 0 0 0 0 35 0 38 49 42 51 0 0 30 2 0 0 22 0 43 21 0 10 0 0 0 0 61 23 50 0 0 6 61 0 73 0 11 33 29 0 0 35 67 82 46 22 71 4 17 0 0 84 14 0 0 54 29 19 46 0 0 81 0 0 66 0 59 64 86 10 0 48 30 0 14 18 0 60 0 2 0 0 0 0 47 0 67 0 61 0 49 0 73 0 39 20 0 0 12 39 12
 36 33 0 4 0 79 0 34 41 68 0 0 0 80 0 3 78 0 0 0 27 25 5 72 23 0 11 92 12 58 17 0 8 23 15 2 0 49 30 3 16 68 0 4 63 66 3 43 0 0 3 6 0 0 5 0 71 61 54 59 3 5 74 0 13 43 15 0 0 50 22 0 76 50 21 15 51 8 29 60 81 0 31 49 0 34 0 52 20 36 18 0 7 0 64 61 31 0 64 0 0 72 62 1 0 0 69 55 20 0 0 56 82 3 5 0 0 11 0 0 2 0 39 3 0 32 0 63 42 91 43 57 23 84 22 65 13 63 7 0 0 0 19 2 29 51 43 0 0 0 83 53 0 40 59 61 0 73 51 0 19 0 49 37 0 76 60 61 27 0 74 9 77 0 14 57 2 0 0 0 0 0 48 53 9 46 57 0 0 41 24 36 27 25 9 0 25 35 48 35
 0 9 0 0 0 0 26 0 0 0 19 0 0 0 5 5 0 0 0 0 0 13 0 0 13 0 8 0 0 0 0 0 11 8 0 1 0 0 0 27 0 0 0 2 17 9 0 0 25 16 0 0 0 0 0 21 0 0 5 7 0 0 0 4 0 0 0 0 0 63 0 0 0 0 0 13 0 0 0 0 0 0 0 0 0 0 16 0 0 0 19 0 0 0 0 0 0 0 0 0 7 2 21 0 0 0 0 0 12 0 0 0 0 0 0 16 0 24 0 0 0 0 0 7 0 0 0 0 0 0 0 0 0 0 0 0 0 8 0 0 20 6 0 0 0 4 0 10 0 0 0 8 0 0 0 0 0 0 0 0 0 0 6 0 0 0 0 0 0 3 10 0 0 0 0 0 0 0 0 7 0 0 0 0 0 0 0 0 0 0 0 0 0 0 0 0 0 0 0 22
 69 0 0 5 57 57 0 0 69 33 17 0 0 0 18 11 66 0 73 7 79 7 90 25 0 0 66 73 0 74 14 52 0 40 0 39 0 22 92 12 5 3 0 28 56 0 20 16 65 9 57 0 48 0 58 0 47 0 70 0 0 5 2 0 9 41 9 24 58 30 0 43 82 28 0 0 59 58 0 37 2 19 0 59 76 0 13 40 79 0 25 0 63 6 90 48 7 2 0 14 0 55 9 9 19 0 75 0 0 14 5 54 51 20 58 17 0 34 0 0 48 16 36 0 0 34 6 0 0 51 64 52 64 59 67 20 0 0 31 0 44 96 71 0 31 5 33 0 0 0 94 65 3 0 2 0 81 21 53 23 55 0 78 78 9 41 0 0 46 0 27 34 13 0 0 0 38 54 0 0 45 0 19 45 0 15 0 63 28 61 26 19 36 0 0 0 0 0 64 49
 13 0 0 0 13 0 0 0 13 0 0 0 6 0 0 0 0 0 0 22 0 17 0 0 0 5 0 0 0 48 17 0 0 28 0 0 0 0 0 46 5 14 2 15 2 0 0 0 0 0 0 0 10 0 0 0 0 0 0 0 0 0 0 0 0 31 0 7 0 40 0 0 0 0 0 0 0 0 0 2 0 6 0 0 0 0 28 0 0 0 0 0 0 0 0 0 0 0 0 0 0 0 0 0 0 0 0 0 0 0 0 0 5 0 0 0 0 15 0 0 0 18 4 0 0 0 0 0 0 0 0 0 0 0 0 27 24 0 0 0 11 0 0 15 0 14 0 0 0 0 0 9 0 0 0 0 0 0 16 0 0 0 0 5 14 0 22 9 3 0 0 0 0 15 0 23 0 0 0 0 17 0 0 0 0 0 28 16 0 0 0 4 0 11 0 0 0 0 0 2
 0 0 16 0 32 0 22 66 0 0 21 0 15 18 0 54 4 5 0 0 29 0 83 0 27 0 27 0 0 0 0 0 39 0 0 0 0 4 0 63 77 0 0 39 0 55 0 1 0 0 82 18 60 4 58 71 28 74 28 0 0 0 0 0 49 50 0 0 0 48 28 59 0 0 0 0 0 0 0 4 17 0 54 23 75 0 37 44 17 59 37 0 81 0 0 0 0 0 0 0 0 32 21 32 0 41 63 7 0 0 0 0 0 5 0 0 0 0 3 0 0 49 18 0 0 9 10 34 0 0 10 54 0 20 0 37 12 0 17 8 52 75 43 60 7 24 0 19 0 0 73 66 60 31 0 0 25 0 0 0 97 0 0 0 0 42 9 38 4 0 32 2 0 0 0 0 0 0 0 0 16 0 62 53 0 76 0 26 0 34 31 42 0 66 0 0 0 0 78 18
 30 0 0 10 0 77 3 58 14 28 50 0 0 59 0 0 0 34 47 41 14 8 32 52 20 10 1 0 32 0 71 15 7 45 0 33 0 16 0 18 46 0 0 0 11 56 47 61 37 0 15 17 0 0 1 48 13 41 0 0 5 24 89 4 41 46 65 52 11 86 47 19 0 47 72 0 42 74 34 51 44 51 51 37 39 31 60 79 65 85 1 9 6 16 42 9 55 0 45 0 0 0 49 0 13 0 53 90 84 0 0 85 50 0 38 85 0 45 56 0 25 32 0 85 0 28 0 0 71 32 18 43 57 50 0 5 14 27 21 0 64 60 21 0 41 47 18 21 0 0 10 71 94 77 43 0 73 1 65 67 53 0 0 12 0 78 44 79 63 0 25 0 73 5 32 8 0 66 0 0 0 0 60 27 0 17 14 0 0 37 60 70 0 25 68 10 77 11 24 89
 7 9 2 0 28 0 0 76 0 0 37 0 0 0 0 0 6 0 91 0 0 47 50 42 3 0 30 0 0 64 0 41 22 0 0 0 0 22 0 34 82 0 0 38 0 0 0 73 35 0 58 4 66 0 0 80 59 40 0 23 0 0 13 0 10 0 0 0 16 70 60 0 84 68 0 0 0 27 0 0 5 9 22 0 0 0 63 0 53 43 67 1 81 0 56 0 7 52 16 0 0 0 65 48 0 71 79 24 0 0 0 19 52 0 0 0 0 0 49 0 17 0 53 0 0 46 42 7 21 16 0 57 0 27 19 3 0 39 18 0 0 0 67 15 0 14 74 10 0 12 29 78 70 1 0 22 20 0 0 0 57 0 73 0 0 0 74 48 0 0 0 59 23 0 0 28 0 0 0 0 0 0 26 0 0 0 0 17 19 0 0 4 0 0 0 0 0 0 66 0
 0 0 20 0 76 0 0 59 17 0 25 0 0 41 0 26 65 0 10 1 6 23 32 59 20 0 63 0 17 8 0 39 0 0 0 1 0 0 0 0 0 17 3 0 0 0 0 29 61 0 36 0 0 0 63 1 20 62 0 0 0 0 0 0 39 62 12 0 27 14 83 58 57 32 0 25 0 0 0 59 25 0 52 0 0 0 14 0 68 58 38 0 74 0 32 0 12 79 0 0 0 3 57 0 0 0 68 0 0 0 0 81 0 0 0 0 0 7 15 0 0 0 46 0 0 0 0 22 61 33 37 1 0 78 24 50 62 0 0 0 25 0 15 0 0 42 0 0 0 0 59 0 58 55 0 56 16 28 0 0 5 14 0 0 0 0 0 36 0 10 0 0 77 0 0 0 0 4 0 23 0 0 60 0 15 0 0 43 0 4 0 20 9 0 0 13 0 0 23 0
 0 25 0 0 28 0 0 0 0 2 0 0 0 0 0 45 57 0 47 0 0 61 1 0 0 0 0 0 0 30 0 55 0 0 0 30 0 5 0 22 0 0 7 19 0 0 0 0 55 0 41 0 0 0 2 78 0 25 0 12 22 34 0 0 1 10 0 0 31 16 0 0 0 0 8 0 0 16 10 31 0 0 19 0 0 0 0 0 28 43 9 7 24 16 27 4 0 22 0 0 0 0 25 26 1 20 50 0 0 0 0 12 67 0 0 0 0 8 0 13 0 18 62 0 0 0 0 0 76 0 68 13 6 82 30 0 56 0 0 0 42 20 86 0 0 0 41 0 9 0 0 39 0 13 0 0 0 3 0 0 83 13 0 0 0 0 0 0 0 0 0 63 0 0 0 0 0 7 0 1 0 26 31 0 0 0 0 28 0 0 12 0 5 0 0 0 0 0 0 0
 0 0 0 0 81 0 0 38 0 30 0 0 0 64 0 46 0 0 64 0 69 50 0 19 34 0 9 0 18 84 0 0 0 24 0 60 0 0 0 0 24 0 31 76 0 0 9 25 63 0 29 0 0 0 12 67 74 0 4 0 0 0 19 0 0 6 13 0 0 0 2 0 3 0 0 0 0 0 17 66 19 0 37 0 0 20 0 26 69 0 94 18 45 0 57 0 3 8 75 0 0 26 9 15 0 34 81 0 0 0 0 49 0 0 0 74 0 32 46 0 23 53 31 0 0 80 30 33 63 60 84 56 0 33 18 43 7 91 18 0 0 0 71 69 0 57 5 0 0 0 26 9 74 24 0 48 55 11 0 0 12 0 0 0 0 59 33 13 0 10 0 39 65 0 0 60 23 0 0 16 0 0 14 17 0 0 0 89 0 0 25 68 0 53 0 0 0 62 57 46
 70 1 48 40 6 0 11 40 0 61 33 85 39 47 41 17 60 19 0 0 37 80 17 43 96 0 38 0 38 70 46 0 74 67 14 0 36 57 83 7 0 39 87 0 56 0 0 55 65 0 74 26 54 95 10 37 41 34 0 66 0 59 50 8 24 2 64 0 0 42 0 0 56 68 69 0 72 45 0 0 55 14 8 0 38 0 47 0 5 22 0 31 76 0 9 0 11 37 66 29 87 39 0 0 58 19 69 20 0 0 52 87 7 1 62 41 76 5 4 35 63 69 62 8 82 0 0 11 0 2 42 28 0 46 65 10 25 29 51 8 75 46 0 2 23 20 66 51 6 74 26 15 41 0 57 57 22 18 41 17 0 38 29 53 9 23 0 36 0 0 13 49 10 0 34 0 25 51 52 68 4 14 9 13 63 43 0 0 25 46 83 56 23 53 66 0 12 0 0 48
 17 0 0 0 10 0 51 8 0 0 97 0 0 42 0 44 15 13 50 0 53 0 9 49 32 0 33 16 0 22 0 60 69 0 0 81 0 0 25 39 72 0 0 60 0 0 5 27 49 24 60 0 49 0 29 0 0 43 11 30 0 0 28 0 63 58 0 0 73 0 70 23 6 30 0 0 0 11 0 0 3 0 86 0 22 0 61 0 10 7 33 0 3 7 31 0 0 20 15 0 0 0 18 57 0 75 51 2 0 0 0 33 58 0 0 36 0 25 0 0 79 28 38 0 0 16 17 34 24 27 13 68 0 0 75 35 27 0 12 0 4 25 79 76 0 38 10 50 0 0 0 48 13 46 0 19 2 0 0 0 0 0 44 0 0 59 73 28 28 0 0 4 20 21 0 58 8 0 6 0 0 0 55 64 0 0 0 66 0 53 19 74 4 0 0 0 0 31 3 40
 0 0 17 0 13 6 0 0 0 0 0 0 23 0 0 0 64 0 23 0 0 4 0 0 0 0 25 0 0 40 2 37 19 0 0 0 0 2 13 54 19 0 0 0 0 0 18 0 0 13 90 3 0 16 0 44 0 12 0 0 0 0 0 0 3 23 0 0 24 54 0 0 1 0 0 0 19 0 0 92 0 0 0 0 0 18 0 0 0 22 0 0 56 0 6 0 0 62 0 0 0 0 0 71 9 41 27 0 0 0 0 26 63 0 0 0 0 0 0 0 2 0 0 0 0 0 21 6 10 0 0 18 20 0 57 0 0 0 11 0 0 0 12 0 15 0 13 0 0 0 0 0 17 0 0 0 0 0 0 0 29 0 38 0 4 0 2 0 0 0 0 0 0 0 0 0 0 0 0 0 0 0 6 0 0 0 0 0 3 0 0 0 0 4 0 0 0 0 86 0
 0 19 0 0 0 0 0 6 0 0 0 0 0 63 0 0 8 33 43 0 0 1 67 28 21 0 0 11 0 45 3 19 0 0 0 45 0 0 0 0 0 0 0 0 0 0 10 0 54 0 74 17 10 0 0 35 0 0 0 0 0 0 0 0 65 0 4 10 0 33 0 0 0 0 15 7 0 4 0 67 59 0 43 0 0 0 0 0 0 82 65 0 0 0 94 0 0 44 20 2 0 0 9 10 0 55 0 0 0 0 0 13 0 5 0 0 0 14 0 0 0 0 47 0 0 0 0 0 31 0 76 40 0 18 31 0 0 0 0 0 32 0 0 0 18 0 0 29 0 0 0 18 0 48 0 0 19 0 9 0 19 0 63 4 0 0 0 6 0 0 0 87 0 18 0 40 0 9 0 0 18 0 78 0 0 0 0 29 0 19 0 7 0 0 0 0 0 0 36 0
 22 12 63 54 0 19 83 64 78 10 42 0 44 0 0 8 44 82 3 73 55 18 40 0 0 82 54 54 7 10 0 66 66 47 49 19 0 0 22 57 1 42 31 26 61 8 62 12 0 62 0 1 60 34 26 35 22 87 68 57 29 51 93 0 77 29 30 87 43 21 17 17 57 38 66 0 74 51 41 6 59 1 46 13 18 18 2 0 0 0 15 37 53 0 31 57 52 47 73 0 0 40 0 57 2 37 0 90 35 0 0 0 11 0 0 20 0 62 35 23 36 54 40 69 84 6 21 11 57 6 30 39 39 20 5 61 69 85 2 0 0 0 39 70 65 69 67 83 0 0 56 60 17 7 53 60 1 0 0 52 95 26 0 55 0 44 81 32 53 10 0 59 0 0 1 22 33 0 9 4 0 17 77 74 72 0 12 9 0 48 53 65 58 20 15 0 0 0 5 0
 0 0 0 0 66 8 0 49 0 9 14 0 56 0 2 72 0 0 0 0 37 29 29 0 30 0 0 0 0 64 43 48 31 71 0 43 18 0 43 0 81 0 0 47 18 76 72 65 0 12 22 0 0 14 56 17 48 29 30 0 0 5 0 0 57 59 32 0 71 0 0 0 14 72 0 0 0 0 0 0 21 0 0 5 31 51 24 10 51 51 0 0 84 9 11 80 40 75 64 0 28 64 60 0 0 0 5 67 19 0 0 73 0 0 40 19 3 0 59 20 0 17 16 18 19 45 37 41 26 57 11 11 0 40 60 47 43 55 11 0 44 81 20 65 0 14 0 46 0 2 70 10 5 53 47 31 0 35 0 0 49 8 92 62 0 24 34 24 51 0 0 49 67 0 0 15 15 0 0 0 0 0 1 78 0 0 0 63 0 41 19 0 13 11 23 0 0 0 64 66
 0 0 0 0 0 0 0 0 0 0 0 4 0 0 0 0 17 1 0 0 0 35 0 0 0 0 0 0 0 0 0 0 20 0 0 0 0 7 0 0 24 0 0 0 0 0 0 0 0 0 0 0 0 0 0 0 0 0 4 0 0 0 0 19 0 0 4 0 0 50 0 0 23 11 0 0 0 0 0 0 0 1 0 0 0 0 0 0 0 0 24 0 0 0 0 0 0 0 6 15 0 4 0 5 0 0 24 0 0 0 0 0 0 7 0 0 0 0 0 18 0 0 0 0 20 0 0 0 0 0 0 0 0 0 0 1 0 23 0 0 0 0 0 0 0 5 0 0 18 0 0 0 0 0 21 0 0 22 11 0 32 10 0 2 0 0 6 20 0 15 0 23 0 0 0 0 0 0 0 1 0 15 0 0 1 0 0 0 0 0 20 0 0 21 0 0 0 0 0 0
 12 1 0 0 59 24 0 36 0 60 88 0 18 0 0 22 0 80 9 0 0 0 33 74 66 0 51 0 34 0 13 32 83 9 28 74 3 33 25 40 16 46 0 39 59 68 68 37 15 0 19 0 72 0 7 51 55 35 28 0 12 39 0 0 0 0 15 0 64 0 54 21 8 43 0 0 0 19 0 3 59 0 12 52 0 28 13 52 0 53 58 0 32 0 24 0 35 29 34 0 0 57 61 76 0 80 3 29 0 0 15 65 67 0 8 22 0 86 1 0 81 68 51 0 0 59 0 21 7 32 69 27 0 22 64 43 49 0 33 0 0 56 0 1 0 12 0 35 0 0 24 60 82 0 81 51 68 86 0 0 40 0 36 37 5 26 25 2 0 0 0 0 39 0 0 26 0 79 0 0 0 0 16 20 0 0 0 0 0 62 58 54 0 30 30 0 0 0 69 11
 0 0 2 0 60 26 58 62 61 55 2 0 17 47 0 7 0 99 17 0 0 18 10 26 14 0 0 9 14 45 29 1 0 54 0 29 0 0 8 49 18 1 0 9 37 22 35 0 0 38 45 4 74 0 80 61 63 0 0 0 27 41 21 0 1 0 65 0 39 0 32 63 14 71 0 0 15 21 0 97 9 0 80 55 77 10 59 69 71 0 40 0 3 52 16 32 14 38 21 0 0 11 19 66 0 0 0 87 43 0 0 30 9 0 54 83 0 0 76 0 18 49 45 0 0 46 32 83 11 0 0 15 0 80 0 74 68 59 63 0 54 51 78 0 0 62 54 35 12 23 0 24 0 22 64 0 19 13 14 3 1 0 23 35 0 23 0 0 68 0 71 61 0 17 74 35 0 0 0 0 0 0 58 32 0 37 0 0 0 42 35 29 0 29 35 0 0 0 62 0
 58 0 0 27 44 31 27 59 8 23 28 1 4 47 0 15 42 58 51 0 24 0 34 0 35 43 0 0 41 31 0 35 50 2 26 51 0 18 23 0 49 17 0 3 0 69 0 0 0 55 0 0 8 0 11 38 61 59 10 22 17 23 15 0 0 0 49 71 43 21 0 60 0 35 61 0 83 46 95 80 5 32 0 26 18 73 0 86 0 0 55 0 66 91 34 52 31 0 0 0 0 90 77 0 37 67 45 51 25 9 0 84 52 49 6 56 0 10 34 8 0 18 2 78 11 31 83 0 74 7 41 40 26 40 11 36 55 0 13 0 0 0 5 46 43 37 46 54 0 0 3 87 18 10 77 5 21 2 0 16 48 40 52 55 16 35 26 40 69 0 0 42 20 0 31 47 37 35 0 0 43 4 15 25 0 10 14 21 0 70 4 46 49 74 15 0 0 53 0 40
 25 0 0 0 32 51 62 71 4 16 8 0 0 72 0 13 93 50 59 26 36 71 2 19 73 36 43 69 0 2 66 7 0 0 0 22 0 69 25 55 48 71 0 0 46 0 42 36 3 9 0 0 0 0 0 77 0 75 10 15 54 16 64 0 0 72 0 84 81 91 31 32 30 20 2 0 89 0 58 19 26 18 53 28 0 34 3 50 0 16 51 0 26 40 54 53 34 79 0 0 0 64 51 0 59 5 0 0 14 0 1 22 0 0 65 75 0 19 55 0 27 3 0 0 29 50 14 0 10 15 32 41 15 6 88 60 46 9 52 24 2 0 94 0 2 83 23 55 0 27 64 33 41 84 0 39 32 0 8 22 0 46 36 8 15 51 0 0 0 0 33 17 8 0 16 0 30 19 11 0 23 0 28 19 0 50 78 23 13 4 0 14 25 33 27 0 0 63 0 11
 6 0 23 0 43 68 85 26 14 52 76 0 32 73 26 48 31 19 51 13 67 30 11 1 35 0 20 0 9 54 0 42 43 10 26 38 24 2 23 70 40 43 0 15 45 36 18 0 50 86 0 0 94 0 58 4 20 98 23 63 0 61 47 0 0 27 7 0 32 50 39 0 0 42 15 0 80 22 29 76 26 0 0 25 0 62 9 14 0 16 63 0 23 27 21 47 23 0 29 0 3 71 12 63 0 22 54 77 19 0 12 80 20 9 63 0 0 67 0 0 8 2 90 0 0 57 62 28 49 39 23 65 0 85 11 0 44 28 0 0 0 0 90 24 89 12 2 10 0 0 22 24 47 24 0 8 0 69 3 5 58 0 0 0 19 88 17 74 50 0 28 5 0 14 1 25 20 35 0 0 0 28 7 0 0 56 0 31 0 39 0 2 34 55 3 0 4 84 67 21
 57 0 0 39 0 0 71 41 40 55 0 0 51 7 0 0 59 37 73 58 14 23 46 86 80 75 51 0 70 6 55 90 0 48 0 80 0 46 8 32 67 0 0 85 51 8 8 50 0 79 0 26 24 53 50 14 20 2 44 23 17 33 50 0 0 27 66 50 56 73 0 72 0 70 84 0 13 43 23 64 43 2 2 59 76 5 0 16 65 41 0 69 40 38 5 0 0 29 28 24 0 2 34 29 0 41 83 66 18 0 0 15 35 4 49 0 0 0 2 0 36 6 50 36 69 0 43 0 33 55 80 43 0 51 70 14 0 47 64 0 35 0 39 61 60 44 58 0 0 0 82 28 39 53 60 78 4 56 34 66 4 20 9 22 19 7 11 0 17 0 14 4 25 0 15 0 15 25 0 13 0 0 27 67 0 65 2 63 0 0 9 11 47 30 14 0 43 0 63 29
 0 0 0 0 0 0 0 5 0 0 0 0 0 13 0 0 10 0 0 0 17 27 0 7 0 0 0 0 0 49 0 11 0 0 6 66 0 0 4 86 19 21 0 0 0 0 6 0 0 14 4 0 0 20 0 24 0 24 23 0 0 0 0 0 0 98 0 0 0 83 0 0 0 0 19 0 0 6 0 0 0 0 0 0 30 0 0 0 2 0 0 0 54 27 40 0 0 54 0 0 7 0 0 48 0 30 23 3 0 0 0 28 55 0 6 0 0 0 0 15 0 0 11 0 0 0 11 0 0 13 0 0 0 11 2 0 0 0 0 0 0 0 2 0 24 0 62 23 8 0 0 0 4 0 0 0 0 0 32 0 6 0 30 0 0 0 0 0 0 0 0 0 0 0 0 79 0 0 0 0 0 0 0 0 5 0 0 0 0 0 0 8 0 5 0 0 20 0 8 34
 25 0 13 0 0 0 0 66 0 0 0 8 0 29 0 50 30 0 46 0 52 7 6 11 28 0 49 0 0 16 0 42 55 0 30 21 0 0 0 55 21 0 0 46 0 0 80 35 81 0 0 0 0 0 0 56 38 25 16 0 0 0 0 17 27 0 3 0 97 0 60 69 24 0 0 0 0 22 0 0 84 0 77 0 29 0 10 0 14 43 28 0 0 0 63 0 0 14 50 13 0 0 75 40 34 92 0 58 0 0 0 38 15 0 0 0 0 0 70 0 0 56 29 0 0 39 21 11 0 0 0 42 0 0 75 0 12 51 60 20 15 0 35 53 25 1 0 4 0 0 38 44 67 50 20 29 14 73 0 0 57 0 12 0 0 60 3 64 0 0 0 77 67 0 0 90 0 0 0 0 0 0 28 0 1 3 0 15 0 4 0 57 0 0 0 0 1 0 61 10
 29 0 0 0 19 0 6 0 54 10 0 1 31 31 0 28 51 34 3 16 74 58 40 7 1 44 70 0 64 28 58 69 0 42 19 0 0 33 0 93 0 2 0 10 0 0 14 16 28 79 41 0 63 0 1 0 8 59 52 66 35 20 0 29 19 70 36 25 68 59 50 33 0 41 60 0 9 5 43 42 23 68 14 0 46 11 18 13 22 28 0 0 0 28 38 33 1 0 44 20 0 51 16 0 0 9 67 44 62 0 0 40 0 2 39 90 0 0 96 0 11 53 43 79 68 60 0 28 53 21 55 0 11 82 0 18 39 59 2 22 0 51 0 15 38 0 9 38 0 32 59 63 78 39 31 81 85 42 51 0 34 41 38 26 6 22 0 39 67 0 47 27 75 0 27 0 57 64 51 58 80 30 0 0 0 29 16 56 0 38 0 42 24 41 0 7 0 55 0 56
 7 4 0 19 0 0 33 66 0 0 47 1 0 55 16 5 30 0 13 0 78 62 77 18 86 18 0 0 0 66 0 0 68 0 0 0 0 0 18 13 0 0 0 35 27 2 0 0 0 0 0 0 35 11 43 0 61 14 0 6 0 0 0 0 58 41 0 0 0 65 5 51 53 0 5 11 0 0 0 9 75 0 21 0 22 0 44 0 0 0 15 0 61 0 19 0 0 61 71 0 0 4 0 38 0 88 0 68 9 0 0 38 63 0 0 7 0 58 0 0 0 34 0 9 2 22 21 76 0 1 14 30 0 0 0 0 4 0 66 0 0 26 72 54 0 25 0 0 0 3 60 20 0 56 0 33 91 59 0 0 92 0 19 0 0 9 57 56 14 0 0 16 13 5 27 34 3 0 0 0 0 0 36 0 0 0 4 0 0 22 37 39 0 17 0 2 6 49 21 3
 0 0 0 0 92 53 40 0 72 35 24 0 59 3 0 0 13 92 15 0 0 70 42 0 8 0 0 39 21 18 57 75 41 0 5 6 0 0 0 48 85 73 0 37 52 37 42 38 24 58 44 0 50 0 0 25 0 10 0 76 54 0 65 0 69 75 0 61 54 52 1 52 17 1 69 0 46 93 49 40 15 0 56 45 0 0 50 39 17 0 1 0 47 0 33 53 46 69 21 0 0 73 62 50 16 11 15 6 66 0 0 6 70 8 6 0 0 5 6 0 76 43 0 76 39 22 0 74 18 16 48 52 83 76 0 0 16 41 80 5 0 20 0 0 16 2 0 25 0 0 4 36 19 0 0 0 16 0 80 0 62 77 0 51 0 86 51 63 2 18 32 60 10 0 82 17 53 40 0 0 8 0 8 63 0 0 0 29 19 17 54 0 0 16 51 0 4 40 1 79
 0 0 0 20 29 4 0 20 0 0 27 0 0 0 14 22 63 0 0 0 5 38 24 0 0 0 15 0 10 51 0 0 0 0 0 17 0 0 28 33 3 0 0 0 17 0 66 9 0 25 42 8 0 0 0 56 9 62 11 8 0 0 0 0 49 45 0 0 3 3 6 0 0 0 0 0 0 0 0 80 0 0 0 0 0 0 4 0 0 80 0 0 0 0 0 0 0 25 0 8 0 0 0 33 0 23 0 0 6 0 0 5 31 0 2 0 0 0 17 0 0 0 0 0 0 0 0 59 0 0 0 0 0 36 0 0 0 0 14 0 11 0 33 0 0 0 6 22 0 0 0 7 0 87 0 0 26 0 0 18 5 0 0 0 8 0 0 0 0 15 0 71 0 0 0 56 25 5 0 0 0 0 17 0 0 2 0 0 15 0 0 0 17 0 0 9 25 0 0 0
 33 0 0 43 35 92 74 42 0 74 64 0 52 80 23 29 83 9 22 42 26 0 0 90 25 0 56 9 33 34 17 13 67 0 68 0 6 0 45 44 3 25 60 4 0 52 0 0 49 83 0 5 85 0 0 0 21 82 24 67 60 0 66 36 54 9 0 73 16 35 71 17 32 19 0 20 88 0 82 68 0 36 0 3 32 11 4 30 43 0 67 0 0 0 86 24 8 68 16 1 0 57 31 46 0 37 59 18 26 31 0 8 48 5 72 36 0 0 0 7 0 11 94 40 11 40 13 64 42 0 0 48 80 48 10 17 65 0 6 0 50 54 8 4 0 0 49 62 0 15 46 64 53 76 7 94 61 42 17 10 16 0 58 67 3 0 81 60 65 0 68 0 70 58 17 55 20 94 7 0 10 68 76 20 31 68 0 0 0 2 37 27 61 43 0 32 34 33 72 58
 0 0 0 0 48 0 12 63 0 0 62 0 0 23 0 8 45 0 85 0 53 53 22 92 35 0 13 0 0 8 0 66 0 0 0 25 0 0 19 0 83 0 10 0 0 13 0 63 69 0 47 0 33 0 10 40 37 27 4 0 0 0 0 0 14 39 0 0 18 1 43 20 74 4 0 0 18 0 0 61 72 0 39 0 6 0 0 58 0 49 9 0 42 0 31 0 0 94 29 0 0 35 14 0 0 49 0 0 0 0 0 24 82 0 0 13 0 0 42 14 0 0 0 0 0 22 38 65 43 2 77 10 4 3 49 21 19 0 0 1 56 0 48 57 0 36 61 21 0 0 44 70 0 86 0 51 20 33 0 0 3 0 67 0 0 0 0 45 5 0 0 22 0 0 0 62 0 0 0 0 0 5 42 0 0 0 0 84 0 0 52 0 0 8 0 0 0 55 11 68
 0 0 0 0 56 0 22 20 0 0 52 0 36 0 0 8 0 0 62 3 0 92 12 0 23 0 2 0 0 53 0 73 12 25 0 41 0 0 0 76 72 0 15 53 0 0 9 73 5 3 28 0 0 6 86 46 49 0 0 0 14 0 0 0 58 92 0 0 24 20 35 56 0 18 21 0 0 0 0 43 69 0 39 0 0 0 0 0 6 19 77 0 30 0 0 0 0 67 0 0 0 74 33 47 0 25 9 26 12 8 0 0 50 0 25 0 9 58 74 0 33 97 18 3 0 56 0 44 77 42 30 30 0 62 66 73 0 0 9 1 81 0 70 0 0 59 0 69 27 0 13 22 37 13 0 49 33 0 12 0 35 0 35 0 0 30 46 0 0 0 0 60 44 0 0 0 0 0 0 34 32 0 21 10 2 0 0 50 0 0 0 27 28 0 0 0 0 0 0 0
 0 0 0 0 8 0 0 0 0 6 69 32 0 32 0 73 63 0 80 0 0 69 23 0 0 0 2 0 2 55 29 8 0 0 0 73 0 0 0 0 0 0 0 34 0 0 0 37 72 0 76 0 61 0 44 75 83 7 0 0 0 0 0 0 74 0 0 0 83 2 0 0 0 7 0 0 0 0 10 3 0 3 81 0 0 0 16 24 66 55 26 0 10 0 30 0 0 41 0 0 0 87 66 15 0 16 3 0 0 0 0 62 57 27 0 0 0 1 9 0 15 0 48 0 20 0 0 41 60 0 24 41 0 4 65 0 57 40 0 0 0 0 25 0 0 0 66 0 0 1 37 12 22 0 0 0 1 0 0 0 81 0 0 0 0 0 0 22 0 0 0 20 0 0 28 11 0 0 0 0 0 0 0 0 0 0 24 52 0 29 0 0 0 16 0 0 0 28 58 0
 37 0 0 0 29 73 10 15 65 73 51 0 60 21 0 5 0 55 57 0 3 61 0 77 54 0 0 0 0 31 18 33 0 2 9 29 0 0 45 52 0 12 0 48 11 85 50 56 7 58 76 0 0 0 26 0 22 0 36 10 0 0 76 14 27 32 16 0 23 38 8 14 13 43 0 5 38 0 0 85 41 23 41 21 14 49 65 0 15 0 22 0 5 61 67 0 48 0 0 0 0 26 13 0 0 0 37 20 17 0 0 65 10 0 80 43 0 85 71 0 0 13 31 0 5 19 17 67 23 34 58 50 0 0 50 2 0 2 10 0 35 0 48 49 68 79 4 58 0 0 16 45 0 84 0 42 46 22 1 0 4 0 22 34 5 61 0 0 9 0 0 17 70 0 0 38 1 66 0 0 0 0 73 75 0 64 22 0 0 58 0 31 0 0 1 0 0 54 75 0
 7 0 18 0 31 0 0 0 0 0 20 0 0 0 0 22 4 0 17 0 25 46 56 76 47 0 43 0 20 10 0 63 0 0 0 49 13 0 0 53 74 0 5 55 0 13 29 0 1 0 43 6 45 0 0 71 61 0 0 0 0 0 0 0 45 11 0 0 35 0 0 82 70 0 0 0 0 0 0 0 44 0 55 0 0 0 16 8 40 76 21 0 49 0 8 0 25 7 0 0 0 24 65 1 1 39 74 70 0 0 0 48 71 0 0 44 12 6 6 25 21 46 54 0 0 0 43 0 0 23 32 24 0 37 16 61 86 0 4 0 6 0 0 0 4 26 70 11 0 9 50 29 59 64 0 0 41 0 0 0 20 8 0 0 0 30 53 92 0 0 16 0 31 0 0 0 0 0 0 0 0 0 0 24 0 0 0 27 0 0 14 0 2 0 0 0 11 34 0 29
 0 0 2 1 33 0 2 15 69 15 0 0 0 41 0 81 22 0 0 0 0 23 79 41 0 0 0 0 3 67 0 46 0 36 21 0 22 0 23 34 67 0 1 58 0 55 9 0 17 30 38 0 4 0 8 0 0 42 46 0 0 36 0 0 44 50 0 0 0 54 64 44 46 20 6 0 33 40 0 78 0 0 0 0 69 27 73 41 76 21 58 25 3 0 62 0 16 57 14 0 0 0 59 4 17 79 7 43 71 0 0 60 0 0 13 0 0 0 0 0 72 55 15 8 0 90 22 82 62 0 0 20 0 48 20 0 73 66 21 0 76 0 41 63 0 46 89 41 2 0 59 38 72 0 3 54 6 31 0 0 80 3 48 33 0 82 96 4 71 0 59 6 24 0 0 79 0 0 0 0 0 0 81 61 5 17 0 79 19 48 79 20 0 21 0 0 0 67 39 66
 44 7 0 60 53 88 15 17 10 54 46 75 67 85 9 16 25 25 8 0 1 0 38 42 13 0 0 20 2 26 68 15 0 0 84 24 0 61 0 9 92 0 39 85 0 75 0 36 60 56 28 59 60 62 44 0 4 45 54 57 8 0 64 29 45 28 0 46 46 11 57 26 51 31 75 5 2 91 20 54 26 13 48 38 61 0 15 0 65 0 79 22 15 0 0 31 47 51 75 0 0 35 16 72 0 91 51 78 56 18 0 4 63 35 32 62 58 31 27 73 0 78 21 52 57 23 20 71 18 0 18 0 13 39 0 6 12 73 20 0 24 4 24 14 0 0 66 41 77 5 38 68 1 12 0 0 46 66 76 4 61 77 66 38 0 67 0 46 26 8 68 68 16 41 28 15 24 24 4 62 10 11 20 4 0 0 34 0 0 30 30 1 56 57 52 0 55 15 46 51
 18 0 0 0 0 50 83 0 36 21 69 0 25 0 0 52 32 42 67 36 84 0 10 0 34 0 0 32 63 52 45 0 78 49 45 39 0 33 39 20 50 0 0 42 76 0 41 0 53 24 0 63 98 0 63 4 76 47 73 28 80 0 0 0 57 64 71 44 28 0 36 0 0 9 54 0 0 49 31 58 19 71 82 0 25 30 31 23 6 17 4 0 52 10 70 50 31 15 20 0 0 0 0 0 65 15 75 59 11 0 0 77 49 0 15 42 0 56 50 0 70 18 87 47 33 20 59 0 11 6 58 59 65 1 29 66 61 73 38 0 80 44 63 90 66 56 40 54 0 0 0 0 41 69 27 71 70 46 43 0 13 78 86 10 0 18 4 60 58 0 25 56 67 1 41 82 48 49 69 14 0 0 0 0 33 0 0 0 0 28 13 9 35 0 25 0 0 27 1 0
 0 0 12 0 16 3 0 2 0 0 1 0 0 0 0 0 84 0 23 10 0 17 48 8 10 0 0 0 13 0 15 71 60 0 0 30 0 0 0 49 0 0 0 7 0 10 24 0 28 0 26 0 32 0 65 66 0 17 0 0 0 0 0 0 23 60 0 0 35 0 19 23 0 56 0 0 0 0 16 0 2 0 0 0 0 0 18 59 2 63 47 18 51 0 66 0 0 48 1 0 0 14 11 25 0 70 0 9 0 0 0 42 16 0 0 6 29 86 26 0 0 12 31 0 0 82 48 0 62 46 33 78 0 74 55 41 0 0 0 0 62 0 39 83 0 0 0 0 18 0 9 32 45 56 0 58 23 18 0 0 31 5 50 18 0 44 57 27 0 2 0 57 42 17 4 54 5 2 0 0 0 8 42 11 0 0 0 64 0 0 31 0 0 0 0 0 0 0 0 0
 0 0 0 21 23 0 0 0 0 0 0 0 0 0 0 0 0 8 45 0 0 12 0 0 16 0 0 0 0 0 9 73 0 0 0 39 0 0 0 60 10 4 0 0 0 27 0 20 0 0 65 0 0 1 0 21 0 52 0 0 10 0 28 0 0 0 0 0 61 82 0 0 12 0 0 0 9 12 0 32 17 0 0 0 0 30 0 21 0 8 0 0 12 0 15 1 0 3 0 15 0 0 0 52 0 64 0 28 19 0 0 63 82 0 31 0 0 0 0 0 0 0 0 19 0 0 18 4 0 0 0 0 0 0 10 0 0 1 0 0 0 0 11 15 0 0 15 5 0 0 0 0 0 0 0 0 0 18 0 0 29 0 87 0 0 0 0 11 0 6 0 0 0 0 0 46 0 0 28 2 0 0 0 0 1 0 0 24 0 0 1 0 0 2 0 0 0 37 0 19
 0 8 0 0 70 0 0 59 0 0 36 0 0 0 0 53 45 0 41 0 0 0 30 2 62 0 67 0 0 47 0 38 57 30 20 41 0 0 0 4 18 0 0 9 0 0 32 83 49 17 84 0 56 0 45 0 30 75 28 0 0 0 5 0 12 19 0 0 15 88 86 40 0 27 0 0 0 0 0 10 0 0 55 0 2 0 0 30 98 59 52 0 54 0 53 0 6 3 33 0 0 0 5 79 35 70 57 17 0 0 0 0 0 0 0 0 0 27 69 0 48 17 81 0 20 12 0 77 36 0 27 69 0 21 20 7 40 0 56 0 31 0 29 29 8 32 41 27 0 0 88 74 0 54 0 0 52 23 0 0 0 0 0 0 0 28 53 33 0 0 0 31 69 11 0 80 0 19 0 0 0 0 0 0 0 0 0 52 0 0 51 31 29 0 0 0 10 37 0 0
