100
 92 0 39 0 0 0 0 0 61 0 25 6 0 21 77 0 0 0 27 0 45 0 30 0 4 0 56 27 45 0 62 58 61 91 0 0 60 45 93 72 61 8 0 45 0 0 1 7 13 54 0 15 2 0 0 33 25 0 0 75 0 2 7 0 10 13 0 31 0 1 0 0 58 72 0 6 59 48 0 0 0 0 59 0 0 0 0 40 46 0 0 6 0 0 45 38 0 25 0 10
 31 93 18 45 0 0 14 0 42 0 14 28 0 44 0 0 0 0 0 0 40 0 2 25 0 0 46 0 0 0 0 27 15 0 61 4 0 30 0 0 61 0 26 0 49 0 0 15 0 0 28 0 70 73 0 33 3 0 56 0 32 0 17 22 0 0 0 41 0 0 21 14 0 43 44 0 0 64 0 71 0 0 35 17 0 49 0 0 0 0 0 42 15 32 0 0 0 28 43 0
 0 0 28 0 0 0 35 0 16 0 69 0 22 0 0 44 59 0 0 0 0 0 1 65 0 55 0 0 0 11 8 0 0 24 57 0 40 0 48 14 0 10 6 0 60 3 5 19 49 16 33 25 19 0 0 0 79 37 81 0 0 0 96 0 76 0 13 3 72 0 33 0 3 0 63 0 0 0 0 0 0 77 0 75 36 0 18 37 33 0 0 14 0 92 0 43 6 0 27 0
 40 0 15 65 0 0 0 26 0 0 22 0 14 30 0 0 0 29 7 5 67 0 49 0 0 51 3 0 16 0 41 0 0 0 0 98 20 55 0 0 0 0 11 0 29 25 9 0 19 0 0 45 68 43 0 0 0 0 3 0 0 25 0 36 0 0 32 0 0 46 74 47 24 10 0 20 0 0 75 0 0 0 24 0 36 7 0 0 0 0 94 23 29 12 0 68 0 0 24 0
 12 6 48 20 91 5 0 0 23 0 0 44 37 0 0 0 0 78 46 0 44 19 0 50 21 62 29 7 0 9 0 0 0 0 0 0 48 0 0 0 70 17 32 0 0 64 18 4 0 53 2 23 91 0 0 0 0 14 86 22 0 0 60 0 51 0 27 40 0 86 0 0 0 0 4 0 81 53 88 0 0 7 0 0 0 57 1 38 0 0 12 53 0 0 26 13 22 37 0 77
 25 46 11 6 0 97 57 27 0 0 0 57 2 53 5 0 0 55 0 0 54 0 11 27 0 0 39 31 79 0 0 0 1 0 0 0 0 0 0 7 0 0 0 35 0 22 0 34 38 25 16 0 17 66 51 0 4 45 23 0 12 0 0 0 6 20 0 0 0 0 0 0 0 3 20 0 51 0 6 79 74 0 7 26 39 0 0 0 11 0 8 29 0 23 72 8 19 0 9 0
 36 0 0 51 14 0 94 63 32 0 0 28 0 9 0 0 0 26 0 0 0 0 0 0 0 0 37 24 15 0 44 0 0 42 0 4 35 0 74 19 20 0 0 0 0 63 54 0 25 21 0 0 0 62 0 0 52 0 0 41 81 32 4 18 65 41 0 62 11 0 37 35 46 0 67 0 0 0 0 0 0 0 0 0 8 41 0 30 2 0 0 16 0 46 0 34 3 50 0 3
 17 26 52 0 61 0 0 43 0 32 0 32 48 0 0 0 22 0 0 8 0 26 0 0 10 0 4 0 52 35 0 48 0 0 67 0 10 34 0 0 0 0 13 10 15 75 39 0 29 0 0 0 0 1 47 6 0 0 17 0 11 57 0 26 0 11 2 4 29 14 33 15 38 35 0 48 0 53 0 18 29 5 0 0 53 0 0 0 5 0 0 0 0 55 17 0 26 0 0 0
 0 0 0 29 0 79 0 49 39 0 0 37 33 0 72 6 0 0 4 20 41 35 0 33 0 0 0 0 10 47 84 68 70 27 0 40 66 75 11 1 0 0 0 24 0 88 0 0 87 0 0 30 0 0 0 0 0 23 28 35 0 41 20 0 49 0 21 0 17 33 52 5 0 15 0 0 8 24 71 11 0 12 0 18 0 0 0 0 56 26 24 0 44 0 0 0 0 4 1 49
 50 6 37 0 10 59 18 0 29 75 35 18 0 71 0 0 21 18 8 82 57 20 0 0 0 27 0 0 0 0 15 25 0 95 0 0 61 3 42 42 5 35 0 0 0 88 0 0 7 24 0 2 0 18 0 0 0 28 0 30 0 0 0 0 11 0 63 0 81 63 0 6 0 0 83 0 0 82 0 0 16 0 39 62 6 21 46 0 17 0 7 54 0 80 8 0 47 12 19 0
 0 0 0 0 25 42 75 11 6 0 94 0 0 0 36 59 0 0 58 0 0 0 13 0 28 63 0 3 48 0 27 83 0 0 64 63 0 0 85 17 0 86 14 30 55 0 66 9 0 14 0 0 0 0 0 0 5 0 0 13 34 38 0 47 52 38 50 0 53 42 7 0 0 0 0 0 0 0 0 30 22 5 0 14 0 16 26 49 0 0 76 0 0 10 71 0 0 0 70 80
 0 0 12 10 0 0 0 0 0 0 35 58 2 0 33 73 52 0 14 20 51 0 0 0 0 0 96 39 0 31 0 78 36 0 3 0 23 0 0 29 0 0 0 49 40 29 13 0 0 0 0 46 0 0 0 10 0 76 40 58 0 42 0 0 0 8 9 62 15 0 13 0 44 0 17 0 0 63 0 78 0 0 48 14 0 1 49 32 0 0 17 47 0 0 0 0 0 0 0 31
 48 13 0 0 0 0 69 0 0 4 25 0 36 0 43 21 31 30 55 31 0 59 3 46 0 0 15 0 0 0 52 3 0 37 0 21 0 0 90 0 29 24 0 14 0 0 0 0 47 46 1 72 0 0 91 11 0 86 27 71 0 69 0 12 47 3 0 68 0 0 0 0 10 12 0 34 0 0 33 0 0 6 0 52 0 3 8 0 0 0 0 8 0 0 0 0 0 51 0 0
 0 0 34 0 59 0 0 2 34 0 40 31 4 40 0 0 0 73 29 1 0 0 31 0 0 0 71 0 0 0 18 7 0 0 0 0 0 4 0 37 23 0 2 0 39 45 85 0 0 2 0 0 0 0 0 0 0 24 28 0 45 57 12 41 0 0 0 0 0 0 52 18 48 21 0 60 0 46 0 0 0 0 81 21 0 0 25 67 0 0 13 0 0 0 1 42 29 0 46 0
 0 38 30 28 39 0 23 8 0 61 0 0 0 13 100 25 20 37 0 45 0 0 0 0 53 0 1 80 31 0 18 4 0 0 0 52 0 0 43 77 18 0 0 0 0 12 13 44 33 26 0 36 3 0 27 0 65 0 80 0 0 0 0 0 0 45 22 0 0 17 55 5 0 0 24 6 38 0 0 21 0 6 34 2 24 31 0 27 0 0 0 37 19 0 12 0 0 44 0 52
 38 45 0 40 48 0 70 26 0 34 0 0 0 25 0 21 8 33 0 12 0 34 0 0 0 29 0 0 0 0 47 0 40 74 0 0 0 0 0 22 0 52 0 13 0 28 0 5 0 27 0 0 0 0 0 0 0 45 9 0 0 1 0 0 12 0 26 50 42 0 45 70 0 0 4 36 0 0 0 0 0 0 0 18 0 0 51 59 10 34 0 0 0 0 0 0 41 24 0 0
 10 3 0 56 46 4 1 0 3 0 90 0 0 54 0 0 67 10 40 0 49 0 0 12 43 0 0 0 28 46 0 0 16 6 0 0 2 0 0 0 0 0 0 37 52 0 76 87 16 66 0 0 26 0 33 8 0 0 18 91 27 0 26 28 50 0 21 99 8 0 89 0 33 0 65 3 0 0 0 24 2 43 48 0 67 0 0 0 0 0 91 0 0 0 12 0 0 73 9 69
 24 22 51 0 0 0 0 7 19 0 29 0 0 0 0 0 0 88 0 34 58 46 53 42 0 28 0 0 0 81 41 0 58 0 0 0 0 0 16 0 0 37 0 67 65 40 37 0 6 0 99 45 35 19 0 0 12 37 0 13 17 0 71 2 0 2 31 14 25 0 0 55 0 9 0 63 0 29 0 7 47 0 18 74 0 34 5 7 55 0 0 0 0 12 5 29 9 11 0 0
 0 1 40 0 0 3 75 16 0 0 0 0 0 0 13 50 0 48 67 0 0 15 74 24 0 0 5 82 9 49 65 0 0 44 1 11 40 75 0 0 48 46 36 12 78 0 0 70 71 4 0 0 9 31 14 54 23 16 47 3 24 0 0 0 19 0 12 0 0 0 0 0 0 0 81 0 0 0 20 42 57 1 0 0 48 0 35 69 0 32 0 63 0 0 0 80 62 0 0 46
 63 67 5 0 27 9 6 0 0 0 13 0 0 0 0 0 10 0 11 49 0 30 18 14 77 54 14 0 0 66 26 0 0 80 36 0 30 18 48 0 0 3 10 28 0 0 20 2 0 4 0 13 4 21 53 24 49 30 0 0 0 66 0 21 0 22 0 0 10 0 36 0 15 0 23 0 0 0 13 3 24 0 0 43 67 4 0 1 0 0 64 0 0 0 0 19 0 0 0 50
 0 0 9 0 0 0 47 34 0 0 16 0 31 38 63 6 0 0 19 18 15 4 47 42 74 64 0 22 0 0 0 0 37 0 26 0 34 0 0 0 38 68 0 47 0 86 0 78 0 0 50 0 0 66 0 0 0 0 7 44 29 40 44 2 0 20 13 0 0 24 0 63 50 54 0 0 41 27 4 0 35 74 58 10 0 0 53 6 6 0 0 0 58 74 2 0 0 0 0 61
 3 40 2 10 0 73 23 0 0 0 21 5 0 49 10 0 18 0 0 0 0 70 0 0 28 21 48 9 14 0 4 20 42 74 0 55 0 14 16 0 0 0 0 0 0 0 2 8 55 0 0 0 0 0 31 0 21 0 58 0 0 15 0 0 0 56 0 0 2 20 12 0 0 0 0 2 0 53 0 23 76 0 0 34 3 27 65 0 44 0 0 0 34 18 0 0 39 79 5 0
 0 0 0 0 8 0 73 65 6 10 0 58 0 0 5 37 0 0 0 0 0 3 27 0 55 0 0 51 4 0 0 18 36 0 0 3 2 0 0 0 12 75 0 0 2 29 0 0 58 0 57 0 69 22 14 0 71 0 0 17 0 25 75 40 0 0 0 0 11 0 0 10 66 0 0 0 0 25 17 0 0 0 12 28 0 0 3 10 19 0 12 0 64 54 0 0 0 26 21 40
 13 0 0 37 0 0 32 66 0 49 39 62 0 33 4 38 0 0 0 0 0 34 60 50 8 1 5 0 40 0 13 29 80 8 33 63 0 0 0 0 0 0 0 45 0 61 12 0 44 82 0 10 0 51 24 0 0 0 54 0 25 0 69 0 0 0 0 0 45 0 0 0 0 30 0 13 72 0 0 0 13 25 18 36 0 58 0 37 15 0 0 23 71 70 31 0 0 0 9 0
 0 14 14 21 0 44 1 0 57 38 0 53 20 22 0 12 0 6 25 0 0 0 0 0 50 2 80 12 0 0 0 70 0 7 0 9 0 0 0 22 53 0 78 0 0 0 0 0 29 0 0 0 0 0 0 0 84 0 9 0 19 0 0 0 0 0 0 28 0 5 19 37 56 47 4 53 45 0 13 0 0 0 24 57 61 0 9 0 0 32 0 0 0 23 6 72 23 0 8 63
 9 74 0 0 0 61 6 13 67 0 0 34 8 37 25 0 6 0 60 0 0 0 64 0 0 50 32 13 8 0 0 86 26 0 35 86 38 0 0 37 0 20 0 0 0 0 0 0 56 0 0 0 17 0 0 0 0 0 0 0 33 0 0 0 47 28 0 0 0 12 0 56 0 12 5 0 63 5 0 0 28 19 21 0 0 0 0 16 43 0 65 0 12 0 0 6 0 9 0 0
 0 0 35 0 0 0 0 0 39 2 6 0 0 0 0 89 31 93 0 0 8 0 19 0 0 0 22 52 41 0 5 26 0 0 37 47 0 85 0 0 68 0 11 77 0 45 0 79 0 57 0 27 0 47 52 75 16 2 0 15 0 53 15 14 0 0 48 0 0 79 5 86 35 0 0 0 3 25 0 0 68 0 0 27 0 66 0 0 0 53 0 0 64 51 0 0 3 0 0 50
 0 42 20 31 0 0 0 0 57 4 0 0 39 32 0 16 44 24 0 48 0 0 0 15 0 0 0 54 0 71 28 0 0 73 0 0 0 23 64 65 31 0 0 9 9 0 0 0 0 16 0 88 0 0 20 0 24 44 24 0 69 53 0 0 0 0 15 0 17 0 8 0 3 8 39 0 57 1 64 2 0 0 7 28 0 36 0 0 37 0 0 44 60 0 46 7 0 57 0 0
 0 2 11 0 37 0 0 0 0 25 0 88 7 21 0 21 0 16 0 75 17 0 0 0 28 0 0 25 74 0 66 0 34 78 0 7 5 31 0 0 0 0 0 26 34 0 51 0 0 20 0 0 46 36 17 0 4 0 0 20 53 58 31 0 0 0 65 0 39 1 0 0 0 0 17 89 17 0 0 0 43 14 0 0 0 26 0 56 3 37 87 62 28 0 0 0 55 0 0 6
 30 25 0 44 0 47 28 0 0 1 17 0 22 29 26 8 0 0 0 0 27 9 31 70 16 33 0 0 16 24 38 0 41 40 0 41 0 65 0 0 0 0 14 16 32 22 0 21 0 37 0 44 39 0 95 43 0 0 0 0 70 38 0 2 0 63 0 11 38 6 69 0 43 0 34 0 0 50 68 0 0 66 25 35 0 0 53 0 49 0 0 0 0 69 0 76 1 95 11 0
 0 50 0 0 74 46 0 46 0 0 0 64 0 0 0 0 28 0 0 0 21 0 8 0 37 65 0 0 0 0 45 31 64 0 5 9 22 24 15 24 14 55 42 88 0 14 0 0 12 0 0 0 53 43 0 94 10 17 52 0 0 25 0 0 0 28 0 0 13 19 0 0 0 0 0 0 0 37 47 11 0 0 0 49 0 22 0 0 0 0 0 0 0 0 41 10 54 67 0 39
 0 0 32 64 36 21 41 0 0 0 0 0 0 0 0 19 11 1 89 27 24 0 0 0 0 0 0 12 31 33 0 36 0 0 0 0 31 57 15 0 0 81 1 22 0 0 0 0 84 5 0 0 9 0 0 0 1 45 0 34 39 0 9 1 46 0 20 0 0 0 0 33 2 0 83 0 41 0 23 31 0 0 33 0 65 17 17 0 0 4 0 0 27 4 9 0 0 56 0 0
 0 0 29 68 20 0 24 53 0 15 12 0 4 73 57 0 0 0 1 7 0 0 0 0 31 0 68 47 0 0 0 87 12 64 0 0 0 0 0 0 0 30 0 0 19 35 50 0 21 0 4 0 0 40 0 0 32 0 0 0 0 42 1 0 55 0 0 0 8 0 28 0 17 1 0 0 0 70 0 7 48 0 0 29 3 0 36 0 71 0 0 0 0 43 28 12 0 15 0 52
 0 15 0 96 36 18 0 21 0 0 90 13 0 9 50 0 0 8 0 0 4 0 80 0 0 13 13 0 0 0 76 2 0 76 23 0 0 26 0 5 45 0 23 0 0 61 33 0 0 0 44 0 14 0 0 22 9 0 30 0 0 0 0 0 0 76 0 0 19 46 0 0 0 6 0 0 0 37 11 6 0 0 0 54 19 0 0 0 32 98 21 0 45 19 49 72 0 84 37 0
 23 0 0 58 29 61 47 0 68 13 0 0 81 14 15 5 80 54 0 0 0 50 59 0 21 0 0 43 14 5 0 14 14 0 11 5 0 36 0 0 0 5 0 29 0 0 0 0 0 9 0 0 50 0 0 0 0 5 0 0 11 0 0 23 0 31 0 3 0 0 0 63 65 0 0 31 0 0 9 9 0 0 41 0 76 44 0 0 6 63 0 0 75 0 73 72 0 42 35 0
 35 0 41 0 0 70 0 18 0 79 0 93 0 86 0 10 38 87 0 6 48 0 0 0 0 0 0 36 0 0 0 79 37 4 0 14 0 16 0 25 0 33 9 88 24 0 0 0 1 0 25 13 3 0 54 40 38 17 32 0 0 0 7 0 0 48 30 0 30 14 66 15 1 0 29 29 8 0 0 0 0 5 77 0 0 0 0 14 0 14 0 65 46 0 8 82 2 0 14 65
 0 29 0 0 0 19 0 0 0 0 92 0 19 5 30 25 0 12 0 0 0 10 0 64 22 0 2 7 0 70 0 0 20 82 20 20 91 34 52 20 43 43 17 0 0 0 0 0 0 58 0 1 0 19 27 0 0 0 22 4 77 0 0 37 0 66 4 0 0 0 43 13 0 0 0 0 75 31 40 85 0 2 28 0 9 36 0 0 52 57 21 47 57 4 17 5 0 0 0 24
 0 0 20 0 32 23 6 0 0 0 14 59 93 0 18 6 66 47 0 0 35 0 68 44 67 16 0 0 0 0 0 0 32 0 0 0 0 13 8 28 33 0 4 0 23 14 1 19 57 0 14 0 0 4 0 0 0 0 54 75 29 0 17 53 0 87 28 34 0 0 0 18 13 0 0 0 17 0 0 65 0 43 9 23 65 82 17 0 0 30 32 0 0 37 0 23 0 22 9 0
 0 32 0 12 16 34 0 79 0 0 0 9 0 74 0 55 36 0 8 0 16 0 34 34 45 6 57 0 32 46 0 0 15 42 27 53 0 0 88 18 0 5 0 20 66 49 0 11 0 27 0 24 0 1 9 78 42 61 0 10 39 53 0 13 0 39 0 26 0 0 47 0 0 16 0 23 0 0 17 30 29 44 34 25 12 22 0 0 69 43 0 26 0 85 0 0 0 21 0 80
 0 5 0 26 29 0 0 75 0 0 0 0 42 0 0 0 2 58 59 30 29 36 32 8 0 0 79 0 7 11 0 29 29 0 56 0 0 0 0 48 0 0 22 8 65 0 0 1 0 11 70 0 7 0 29 0 0 8 0 0 0 0 0 20 0 0 60 0 0 0 16 71 69 50 0 32 0 0 0 47 0 69 34 0 57 0 4 0 0 26 0 22 0 71 0 0 39 8 0 0
 0 0 75 11 0 42 0 50 86 0 38 35 0 0 0 34 63 21 0 41 0 66 0 6 0 25 0 0 69 38 0 7 50 0 6 20 0 0 20 55 33 0 69 24 0 5 0 28 22 11 0 41 58 1 0 0 0 71 28 46 0 20 0 0 61 0 0 71 90 0 58 0 0 62 0 42 0 34 0 6 19 0 0 0 0 11 65 27 0 0 0 51 12 5 0 0 1 4 0 0
 0 46 0 97 0 33 37 73 5 0 0 4 0 63 26 0 28 0 0 0 0 32 0 51 2 0 32 5 15 19 0 0 0 12 0 0 0 1 0 29 59 27 12 0 0 0 0 63 31 15 0 61 46 57 0 40 6 0 0 14 0 0 0 0 76 0 0 0 75 31 45 70 0 51 0 0 0 0 0 0 0 3 0 6 0 0 0 41 0 16 0 36 52 0 0 0 6 26 8 0
 3 0 0 0 0 80 41 0 10 18 0 54 43 0 16 9 52 54 0 0 17 82 76 17 0 70 0 22 70 0 0 0 14 0 19 0 0 0 0 0 0 0 78 0 0 33 45 0 11 0 0 0 0 0 65 0 10 43 17 7 0 16 0 0 38 17 24 65 0 1 0 0 0 14 5 0 0 54 0 0 52 0 0 63 0 1 29 0 0 0 65 0 42 46 29 66 20 0 0 39
 0 44 20 62 82 0 58 0 0 71 0 0 0 3 63 0 0 0 0 0 0 16 44 0 36 34 0 0 0 0 0 0 33 69 0 0 24 26 0 0 0 42 54 64 0 46 52 25 10 0 75 0 11 2 55 67 0 0 0 0 52 10 43 31 0 23 0 0 0 45 0 0 4 0 18 21 0 0 0 1 51 22 92 0 76 92 51 58 46 0 0 31 0 21 1 32 0 11 31 92
 83 0 0 0 14 6 42 0 37 32 0 0 65 0 78 1 0 0 0 40 26 53 0 72 54 23 42 0 0 0 12 85 0 74 3 0 30 0 0 0 16 70 1 29 4 0 0 18 29 0 0 5 55 23 0 22 27 0 0 0 3 22 5 36 10 49 0 0 0 0 0 27 0 4 0 0 0 4 70 0 59 40 30 0 0 0 0 0 9 0 0 61 60 47 0 0 17 2 0 89
 57 56 0 0 0 0 0 0 0 0 17 0 32 0 0 0 55 0 71 2 0 71 0 0 38 7 0 15 19 0 0 73 0 0 47 20 59 0 0 14 0 77 0 0 60 42 0 0 0 0 0 0 31 8 0 0 0 34 0 44 53 0 46 24 0 0 5 0 43 40 0 0 70 80 94 0 47 0 0 0 42 0 0 54 0 0 7 61 0 0 0 43 28 0 76 0 52 20 0 0
 0 44 0 0 0 42 0 0 33 34 0 0 38 0 0 15 0 0 5 0 12 0 79 0 65 1 44 22 0 44 6 12 0 0 14 16 4 0 71 69 88 32 0 0 39 9 18 9 0 0 0 0 0 30 0 0 0 0 5 71 0 0 0 34 48 0 0 0 73 0 27 0 0 0 0 0 0 8 0 0 13 60 0 0 1 0 14 0 33 0 31 0 3 1 57 13 0 0 46 0
 0 0 0 20 0 0 46 42 11 25 0 60 31 25 0 0 0 73 0 0 0 0 61 68 61 27 0 8 42 0 54 13 51 25 10 89 42 0 0 0 0 0 74 0 0 13 0 5 22 30 16 11 0 0 0 15 0 7 0 7 0 0 11 0 0 17 0 37 0 0 0 54 0 16 3 0 0 19 0 0 36 3 0 43 19 59 10 14 0 0 37 27 0 0 31 83 0 4 0 0
 0 25 0 0 22 0 0 0 0 0 22 60 0 11 0 14 0 0 0 18 39 0 0 0 0 0 11 34 12 42 0 0 0 10 25 0 52 0 28 8 0 0 0 0 0 30 24 0 43 0 61 0 77 0 14 16 35 0 0 0 31 0 0 0 0 5 0 0 0 31 0 0 0 0 0 0 15 61 61 0 6 40 22 0 7 0 0 0 63 63 50 0 69 22 0 83 35 11 0 0
 0 38 0 81 0 0 0 4 22 0 0 31 0 0 0 0 0 46 0 0 1 24 12 0 46 65 0 0 0 0 7 0 76 71 0 54 0 19 0 0 0 0 53 1 55 0 48 0 32 100 56 0 50 0 0 46 0 10 0 0 0 0 17 0 0 56 0 0 11 80 31 85 19 0 0 25 0 40 0 0 0 29 0 73 13 36 0 0 0 17 0 0 0 4 31 4 41 33 0 56
 39 0 0 5 0 0 52 23 43 24 19 6 0 2 39 73 85 0 18 35 0 9 0 72 26 91 27 18 61 20 51 27 0 0 25 0 44 0 48 0 76 22 7 0 2 39 47 0 0 0 14 7 0 0 0 40 0 78 0 62 0 7 17 76 0 0 35 0 0 0 0 0 0 0 31 85 0 0 70 0 0 7 18 67 0 0 93 64 39 22 0 0 0 17 0 0 6 22 0 22
 0 41 0 0 0 34 28 11 0 0 8 0 0 34 0 5 11 0 48 0 47 18 22 0 52 18 0 0 59 0 3 39 2 41 7 0 0 41 0 15 0 0 77 33 0 19 64 0 33 44 0 37 40 37 31 13 24 76 58 14 0 48 35 15 8 24 0 0 0 0 2 76 0 0 27 0 29 0 0 30 9 26 0 0 0 0 36 0 0 28 11 0 0 17 0 0 0 0 31 61
 0 0 0 0 0 0 6 28 11 5 7 33 7 31 0 55 0 0 0 0 66 21 0 9 15 0 35 3 0 0 0 0 11 0 0 0 30 19 72 0 0 0 55 0 0 0 7 51 0 0 2 0 63 0 0 0 28 0 0 0 32 56 13 0 0 61 33 46 4 0 95 0 0 0 0 0 39 66 0 4 15 0 0 0 0 0 0 67 0 0 0 0 0 0 19 5 0 53 0 13
 16 0 51 0 33 0 0 0 73 0 82 72 26 78 40 65 49 0 0 0 0 2 0 0 26 67 0 11 0 69 0 1 0 68 60 4 0 0 0 3 0 0 62 0 0 0 0 23 38 27 1 0 24 37 25 0 10 18 53 0 0 0 0 0 0 0 21 0 0 36 45 49 0 35 76 31 0 0 32 85 58 0 60 0 13 23 4 26 0 0 0 0 17 54 0 39 6 0 35 0
 18 13 39 42 59 0 57 0 5 95 44 45 0 5 0 67 0 85 0 0 12 0 0 0 2 1 0 0 0 0 7 4 54 16 59 0 0 31 0 0 65 2 0 0 58 23 10 12 0 30 90 0 16 0 46 0 5 87 0 0 48 51 0 13 16 0 36 0 0 80 35 6 0 0 0 0 13 61 0 0 0 16 32 47 29 50 0 0 0 0 0 76 26 0 0 0 65 23 0 0
 0 0 15 27 12 45 29 0 50 17 38 0 0 38 16 59 0 10 0 0 52 12 23 22 11 62 0 12 40 0 0 37 8 0 36 0 37 56 0 41 40 0 13 0 0 52 33 0 0 0 0 0 65 61 23 60 0 0 36 0 12 34 24 0 2 0 0 28 0 0 0 0 49 0 10 4 25 29 18 0 82 0 0 0 0 0 0 8 0 23 0 0 0 0 0 23 20 0 0 14
 0 0 0 10 51 0 0 65 29 70 0 36 65 9 0 33 80 0 0 0 54 0 0 75 0 17 0 0 0 11 0 0 0 0 87 0 3 48 0 47 58 0 0 47 0 28 32 20 0 61 67 0 0 0 0 52 7 0 0 60 0 0 13 0 6 8 26 33 0 11 0 46 0 0 0 47 20 11 0 0 0 37 78 44 31 17 0 82 0 34 0 23 0 0 32 0 29 0 0 0
 46 34 0 44 0 0 13 20 0 0 8 0 0 0 47 0 14 0 0 0 9 2 20 37 4 8 0 0 7 53 0 0 34 17 0 0 20 31 0 0 0 83 0 51 6 0 38 0 29 0 0 0 19 0 0 34 23 97 0 0 55 12 23 0 27 31 87 0 43 30 36 40 0 0 0 0 65 49 58 26 19 0 0 73 0 0 0 0 0 87 72 64 60 63 0 11 0 0 30 0
 12 0 0 0 0 0 1 0 0 12 68 0 0 0 0 0 0 50 0 34 0 0 46 0 0 10 4 0 2 46 0 26 16 0 53 0 0 0 42 14 0 59 0 35 33 89 0 40 19 53 22 0 66 0 54 0 45 3 7 0 0 13 57 0 13 0 21 20 0 0 71 0 0 0 0 0 9 0 77 7 0 56 0 0 38 0 9 0 55 0 45 77 0 54 26 30 16 0 0 28
 0 0 25 44 0 9 0 23 0 0 0 0 0 27 50 85 0 0 0 50 0 23 0 11 32 18 0 43 0 49 46 0 28 9 15 15 0 0 0 66 0 0 0 29 15 0 0 0 67 42 0 0 65 1 18 4 0 88 43 29 10 0 26 0 0 77 6 80 0 56 0 44 18 0 51 38 0 8 0 6 0 11 1 57 0 22 17 0 11 0 0 0 9 0 0 8 13 51 0 9
 30 0 66 12 12 0 0 0 30 37 0 15 22 0 92 32 0 0 0 32 0 37 39 0 0 0 80 0 0 0 33 0 39 12 0 30 0 0 0 18 33 22 15 0 0 0 8 41 0 2 26 88 0 83 0 0 23 0 12 0 61 0 0 92 0 0 0 0 0 0 24 0 0 0 52 7 0 82 0 4 9 0 37 58 61 32 0 0 0 0 96 0 8 27 20 58 51 35 11 0
 0 4 41 0 67 56 0 0 0 30 0 0 0 0 56 0 37 3 4 0 0 0 0 26 26 50 0 0 0 0 0 31 0 63 15 20 30 8 0 67 0 31 0 0 0 37 0 24 8 11 0 0 0 65 0 0 29 0 0 8 23 39 0 0 31 0 64 0 0 0 0 28 0 5 11 25 0 12 0 0 0 37 2 79 38 0 11 10 46 46 86 0 7 4 0 0 0 35 0 9
 0 0 0 93 0 63 0 36 0 15 35 32 0 0 53 51 0 0 47 16 0 10 0 0 56 11 0 73 0 3 6 0 0 56 47 0 90 0 33 32 23 43 9 0 0 0 19 0 57 0 0 0 0 28 93 0 0 0 0 0 6 17 45 67 0 56 0 71 62 0 0 36 0 0 34 0 6 66 0 27 0 0 0 7 0 47 6 0 21 33 0 92 8 0 5 0 0 18 0 83
 0 0 22 0 79 19 0 0 25 71 0 7 0 0 3 15 0 0 6 0 0 40 0 14 9 58 0 4 6 0 73 0 81 17 0 54 0 0 0 0 1 5 64 0 0 0 0 3 49 53 0 0 77 38 0 52 49 24 84 37 0 13 0 32 0 0 0 13 0 0 53 67 46 29 19 2 38 47 0 0 0 0 0 11 0 24 35 73 12 40 0 7 0 48 0 70 0 1 0 0
 0 4 0 38 0 0 0 15 0 0 0 71 0 32 46 0 0 6 0 16 7 60 47 63 19 0 0 1 38 0 7 0 0 1 94 27 60 18 34 9 0 0 0 24 0 17 0 26 20 34 22 0 92 1 0 0 0 0 0 41 7 0 46 88 36 82 56 0 1 0 45 4 11 16 0 16 0 0 0 0 13 0 0 0 12 12 0 68 0 0 0 0 26 7 23 0 0 12 13 0
 0 53 40 11 2 0 0 0 59 16 0 0 0 22 0 0 14 0 37 0 0 0 7 30 14 0 14 2 72 0 0 34 16 0 0 0 0 0 0 15 34 13 0 0 0 28 18 0 0 0 66 0 0 0 59 55 0 0 45 0 50 68 0 31 0 53 0 12 0 37 76 0 28 0 0 0 0 0 0 0 0 23 19 0 0 47 0 0 9 0 44 0 66 1 0 0 73 16 44 17
 43 58 0 0 0 0 37 0 0 0 0 0 69 12 0 0 0 0 0 56 0 31 16 45 2 59 0 0 0 58 3 0 16 37 89 0 0 0 23 0 56 54 0 21 71 0 41 6 46 5 0 1 0 0 0 13 0 0 0 0 49 0 18 17 0 29 90 0 33 0 0 0 19 55 0 23 28 0 90 30 45 0 64 8 6 87 8 59 0 9 9 26 35 0 0 0 22 0 29 37
 0 0 0 13 0 53 0 0 66 9 55 0 0 50 62 0 0 0 8 16 9 18 36 3 0 65 13 84 29 0 7 14 42 5 0 71 24 0 0 7 0 58 0 30 17 2 5 0 77 37 0 38 0 46 2 0 0 9 0 0 30 26 0 0 49 0 19 9 34 60 5 0 0 0 23 0 0 0 8 0 35 0 17 0 24 50 0 54 0 0 8 34 0 15 20 0 34 46 0 21
 32 74 0 58 33 81 0 0 0 0 0 0 17 23 16 0 0 0 10 0 60 0 0 0 35 15 31 0 0 0 0 61 0 0 24 0 11 27 36 24 0 0 44 36 31 0 0 88 59 0 27 25 0 60 6 61 9 0 65 4 19 27 0 44 0 7 0 0 70 0 0 0 0 36 20 0 0 53 53 0 0 0 0 57 40 0 6 8 55 18 63 23 0 20 0 58 0 0 1 0
 0 16 69 0 0 35 34 0 0 0 0 1 25 6 0 40 43 42 41 66 0 0 6 4 0 0 0 77 0 0 0 17 47 0 22 0 13 80 17 4 16 0 0 0 59 0 29 52 0 0 27 32 15 0 0 26 0 0 37 0 47 19 8 4 17 0 48 0 19 30 8 54 53 29 5 0 71 41 40 2 0 9 0 0 0 0 57 0 8 0 20 0 0 0 0 72 0 0 48 25
 18 0 0 0 58 9 0 0 0 21 0 0 39 0 0 0 0 47 87 0 29 0 33 12 0 24 0 0 48 0 2 25 0 9 24 0 0 52 0 0 0 0 17 35 86 34 0 6 79 0 25 0 0 0 0 52 12 0 0 84 0 26 21 0 0 0 43 0 15 0 83 0 53 3 0 0 40 0 71 75 0 86 43 3 0 55 65 0 10 9 0 57 0 13 0 0 0 0 0 0
 10 0 55 0 30 61 0 0 0 0 39 8 77 0 0 0 57 0 3 2 0 60 0 1 0 0 0 84 6 65 75 0 4 16 0 0 0 0 11 0 11 0 44 2 0 9 20 0 24 0 73 0 15 0 0 66 0 0 65 0 1 0 0 0 0 54 76 25 20 0 37 17 28 71 20 14 51 0 31 25 0 43 0 0 50 56 0 12 0 6 26 0 0 0 0 42 2 0 0 0
 0 27 0 0 70 0 0 0 34 0 34 0 0 0 35 19 0 44 3 0 0 4 0 9 0 4 0 0 87 0 41 0 0 44 0 0 13 0 70 0 6 92 25 0 28 0 42 1 14 0 58 56 78 5 0 0 5 61 15 0 53 7 4 0 0 0 0 51 49 0 0 0 50 9 1 0 19 0 44 0 53 0 0 0 0 65 5 36 0 0 0 7 0 0 0 9 0 0 79 0
 0 0 47 0 62 0 4 0 0 18 18 60 0 0 38 32 7 0 14 26 0 8 6 0 0 0 64 0 3 18 90 46 0 0 42 4 0 42 0 0 0 0 0 1 0 0 73 0 35 38 5 62 54 0 10 6 10 51 20 5 22 0 50 0 0 78 0 15 0 0 0 0 0 3 0 88 25 0 28 0 71 0 58 0 0 16 1 2 0 0 28 0 24 0 0 0 45 11 81 0
 7 0 0 58 0 0 0 12 65 0 74 0 89 4 0 0 0 50 0 0 17 54 0 37 0 0 51 0 0 0 44 0 15 0 54 0 13 31 15 19 36 3 0 0 21 0 78 0 39 14 0 0 25 0 48 0 60 37 23 0 0 0 0 0 41 73 32 0 0 0 7 0 0 13 38 42 8 0 0 0 30 0 0 0 0 0 0 0 72 0 8 51 0 14 0 48 0 0 0 98
 0 21 27 0 68 33 22 0 4 13 14 22 0 0 0 0 0 0 1 0 46 0 5 0 0 36 30 68 0 32 3 20 18 88 0 0 6 31 0 0 0 9 45 0 28 34 3 23 54 0 0 1 37 0 35 0 0 42 24 0 0 0 67 0 0 28 0 59 8 41 22 0 51 0 0 62 0 57 24 0 45 0 25 31 3 63 0 37 69 26 26 0 1 0 45 24 0 0 45 0
 0 15 36 87 0 0 28 31 0 21 13 27 10 74 0 47 27 15 52 28 0 14 17 0 0 0 0 0 0 43 8 0 86 86 59 0 0 0 59 96 50 0 24 56 1 0 50 38 0 86 35 0 0 45 0 0 0 0 0 21 12 42 0 0 28 0 0 41 61 0 0 0 0 0 0 4 45 0 25 0 2 0 29 0 21 0 0 0 0 0 12 30 0 0 0 0 0 20 77 40
 0 0 94 19 0 24 73 0 0 0 36 0 31 0 89 13 65 0 19 36 0 0 0 59 60 0 0 0 29 0 0 18 0 0 55 40 0 62 1 10 0 13 0 32 0 38 0 0 0 0 32 40 0 48 0 0 0 0 39 0 0 0 0 0 43 21 57 8 0 0 2 42 68 31 8 0 5 98 0 5 0 0 0 53 0 0 0 22 40 29 15 50 0 0 23 0 0 0 5 2
 74 13 42 0 0 0 7 81 0 30 9 58 0 41 36 32 28 25 0 0 0 14 0 8 0 18 7 0 28 0 0 0 82 0 0 49 0 0 0 9 42 67 54 10 0 25 13 45 0 58 0 16 1 0 29 0 36 0 0 28 27 62 25 4 96 43 0 0 0 0 0 0 0 0 20 0 0 51 86 0 0 0 12 0 38 0 63 6 0 1 15 0 0 60 0 72 0 76 0 0
 8 0 10 34 52 0 85 0 0 1 0 0 41 52 0 64 0 0 0 0 24 0 33 34 70 83 31 0 29 14 0 0 0 0 0 85 0 0 0 0 0 5 61 0 10 29 58 32 42 13 53 0 0 0 32 61 0 0 0 0 0 50 0 29 34 41 0 68 54 0 0 0 29 58 67 37 18 0 17 15 0 74 0 68 0 0 0 0 29 0 0 0 68 41 14 0 48 5 0 0
 34 25 31 15 68 0 4 0 38 0 0 4 75 50 28 14 0 0 0 0 0 0 51 0 37 0 0 73 0 16 89 5 0 50 54 29 7 4 0 20 0 71 0 0 0 0 0 0 0 33 2 0 0 0 68 0 10 0 82 67 0 50 58 47 0 30 0 0 53 60 7 31 0 0 0 0 0 5 58 10 48 14 0 35 44 0 28 0 17 0 88 15 0 71 0 3 0 0 0 67
 50 21 0 12 0 21 1 0 0 26 0 72 0 58 0 5 0 53 0 2 0 27 25 0 69 0 96 2 0 0 47 53 70 36 45 0 0 0 0 0 6 0 8 0 0 48 0 0 0 0 0 0 3 23 0 35 0 1 0 0 19 0 40 23 33 0 6 61 23 0 0 0 28 3 20 24 13 76 14 0 0 26 7 98 0 0 5 0 0 0 0 0 0 9 8 0 19 0 46 43
 0 0 36 0 29 0 45 17 40 0 36 0 31 0 0 24 0 0 67 15 0 27 0 0 0 0 84 0 67 0 9 0 30 94 0 0 0 0 0 0 35 29 54 0 0 40 24 36 0 4 0 42 5 0 0 42 0 10 32 0 0 0 9 6 13 0 0 0 14 3 0 56 5 0 5 0 0 35 0 11 50 0 96 0 0 0 25 77 10 0 0 14 0 63 0 9 93 60 0 58
 66 0 0 64 76 0 10 6 0 0 0 0 0 0 0 0 59 0 9 0 0 0 0 0 0 76 0 0 25 0 0 48 0 0 31 6 18 0 0 33 8 0 0 3 18 0 34 0 32 0 0 6 16 47 0 12 0 0 5 0 0 0 0 0 49 29 0 78 0 2 0 20 54 46 29 0 37 0 84 0 0 0 53 75 0 0 0 0 0 0 0 0 0 53 0 44 12 10 32 43
 37 0 0 0 77 0 0 0 57 0 39 24 61 35 0 34 0 2 0 0 32 0 77 59 0 34 20 11 24 2 8 0 0 0 0 11 0 0 0 0 5 45 20 0 27 14 0 0 0 0 33 20 45 0 0 3 0 24 0 26 0 0 14 37 0 78 0 0 0 50 32 0 12 5 48 0 0 65 0 12 0 2 25 62 64 19 8 12 24 21 6 0 88 0 0 0 0 0 30 27
 41 0 24 0 0 31 0 3 33 0 0 0 0 79 0 36 36 0 46 0 75 0 15 0 3 33 0 0 0 43 0 0 61 38 0 10 0 0 0 3 0 8 0 0 15 63 2 0 19 0 11 2 11 0 0 51 0 44 41 0 0 44 0 0 0 0 0 0 27 53 0 0 0 0 9 0 14 26 23 58 7 17 36 1 0 19 2 4 0 77 0 0 0 34 0 5 0 0 0 31
 86 41 0 68 0 36 22 74 36 0 0 0 0 0 9 0 16 0 0 26 0 0 0 88 0 8 9 16 69 0 51 0 0 6 6 70 53 0 12 0 0 2 0 0 12 0 0 0 39 20 0 0 68 0 14 15 48 26 0 0 51 0 0 0 7 8 0 52 0 0 0 2 0 0 42 16 14 28 0 0 0 0 0 8 0 0 78 0 42 50 7 0 0 28 32 0 30 0 0 0
 0 56 0 62 0 52 0 7 50 67 0 0 54 0 0 0 35 0 0 0 0 72 0 0 59 0 24 57 0 72 3 44 19 14 23 0 62 7 51 25 0 0 3 0 19 0 8 0 10 44 0 41 0 0 3 0 0 25 22 15 4 0 76 0 0 81 0 0 0 7 1 0 0 0 49 0 65 0 0 58 22 70 0 13 0 0 31 27 48 49 0 0 0 24 28 34 42 0 0 0
 0 14 0 6 14 0 0 0 0 0 51 9 20 56 13 0 23 0 19 42 0 0 0 0 23 0 30 0 0 0 74 35 0 0 0 41 0 41 0 95 6 86 61 0 0 48 0 14 0 63 0 80 84 29 38 26 7 67 0 0 5 0 0 0 13 0 27 9 0 0 0 44 6 23 0 0 73 0 79 0 0 13 0 5 0 26 0 0 9 0 0 0 9 3 0 0 32 0 30 15
 12 34 74 31 19 17 26 69 0 26 90 4 6 44 64 0 14 3 0 47 4 17 42 78 0 40 0 58 0 67 4 0 3 0 0 0 0 0 0 0 16 0 17 55 17 61 6 6 0 0 0 0 82 13 68 0 0 0 65 18 5 0 0 0 2 3 0 82 0 87 0 0 10 69 13 0 60 0 0 15 26 7 28 7 0 0 0 0 4 79 0 0 0 40 2 0 21 42 0 43
 3 4 37 0 0 0 48 52 0 0 0 0 37 0 35 27 0 54 54 0 32 11 0 48 0 0 16 13 0 20 39 70 50 0 33 94 0 0 15 66 67 1 0 11 38 48 0 0 0 52 67 0 15 45 30 31 36 0 0 36 0 0 32 32 0 0 0 0 0 0 44 0 44 0 0 0 0 0 0 24 0 20 53 48 0 7 0 13 9 29 95 0 29 33 0 53 0 0 0 0
 0 0 0 0 0 0 0 36 24 0 8 0 0 68 0 23 15 47 0 3 49 94 29 0 8 25 19 0 0 21 4 15 57 63 38 0 0 71 0 0 0 0 61 0 0 0 26 0 56 66 28 96 27 55 0 90 0 0 0 68 61 36 0 0 6 7 0 0 0 68 0 17 0 31 0 13 0 0 53 26 0 18 0 14 16 50 37 6 73 18 3 10 0 0 0 0 0 25 21 49
 27 0 15 0 9 25 80 14 0 3 2 7 27 20 0 25 60 26 16 74 0 0 0 0 85 0 0 0 0 26 24 0 12 0 0 0 0 88 38 9 0 0 0 38 0 0 0 6 0 62 9 68 22 0 0 5 43 0 26 0 0 0 0 39 0 0 0 1 32 6 59 21 46 0 32 0 13 61 18 0 19 42 45 35 0 0 59 18 0 10 0 40 42 16 0 37 87 0 22 33
 6 0 0 0 54 0 0 0 44 0 0 86 10 64 81 18 74 0 54 61 0 0 0 0 0 5 0 38 49 0 46 0 0 0 31 27 0 0 0 0 0 29 0 0 0 15 0 41 0 0 0 0 59 0 30 30 11 0 0 1 0 0 42 0 0 0 34 0 0 46 0 14 22 19 0 94 7 56 0 0 0 0 0 0 5 0 0 0 0 0 0 2 0 9 38 0 0 0 0 0
 0 17 26 43 0 0 58 0 7 0 0 82 24 0 0 36 0 0 27 35 0 10 56 0 0 1 17 0 15 33 0 0 0 0 0 0 0 44 39 58 11 71 0 0 54 0 0 0 86 0 2 1 0 10 60 27 0 9 0 15 0 7 0 14 0 20 5 0 3 62 76 14 43 1 43 0 23 0 30 0 5 0 49 86 63 35 0 0 7 0 12 3 1 0 100 28 0 0 0 0
 0 43 0 0 0 0 0 14 22 50 42 22 5 0 49 45 34 0 0 0 83 43 47 75 0 0 76 0 1 0 0 26 0 0 0 0 0 0 31 44 23 31 0 0 52 68 0 0 0 0 7 33 0 0 12 0 0 0 0 0 0 85 16 0 9 19 53 21 0 0 58 0 0 27 0 0 17 25 0 3 0 46 0 0 89 0 70 0 33 85 0 45 0 43 0 90 0 0 0 0
 88 0 0 10 0 0 0 0 18 0 52 80 4 0 35 0 11 0 0 27 15 0 33 5 0 5 0 3 0 0 0 22 60 2 61 0 13 65 35 0 0 0 0 1 0 0 16 82 0 0 0 13 77 0 0 0 0 91 0 0 0 21 89 32 5 0 0 0 14 57 37 0 16 0 37 54 55 32 92 0 37 0 0 0 14 31 0 0 0 0 40 11 0 7 23 21 29 60 0 0
 0 0 78 27 0 34 0 39 0 0 23 13 0 41 0 0 0 0 10 34 21 0 0 50 80 0 3 0 60 0 0 0 0 0 0 52 62 0 0 0 0 0 1 0 0 0 36 0 0 0 0 5 0 43 0 18 58 42 53 0 0 0 0 0 0 0 43 0 0 9 4 39 31 0 31 23 0 8 0 0 64 38 0 0 45 26 40 14 13 0 5 0 4 8 9 83 0 41 0 0
 12 0 0 0 7 0 45 64 0 0 0 49 19 0 24 68 0 21 4 63 17 0 0 0 0 78 57 50 35 0 46 58 15 0 0 0 15 0 60 28 10 0 24 0 7 9 0 24 35 25 59 0 50 0 51 14 13 0 20 48 0 42 9 39 0 0 0 24 0 0 8 27 0 0 57 0 0 0 66 85 11 0 0 0 0 38 28 5 0 40 73 0 0 44 60 13 60 43 12 51
 0 23 28 1 0 27 0 38 0 1 0 0 7 46 0 49 0 7 0 0 0 17 0 22 0 64 0 64 0 3 0 26 0 21 2 0 0 30 0 6 23 56 0 0 0 16 57 10 71 0 0 0 0 23 32 0 3 50 0 0 20 0 0 58 59 0 0 0 0 0 0 10 65 22 0 23 0 0 40 6 0 0 0 0 0 0 4 73 0 0 39 0 0 22 13 4 24 27 0 52
