150
 49 0 77 0 38 73 7 0 0 47 42 0 25 1 0 40 0 0 16 3 0 0 57 58 0 0 0 0 0 14 0 23 0 3 22 86 49 24 0 25 0 91 0 24 37 0 35 6 8 29 0 0 3 2 0 0 12 8 0 50 16 0 0 0 0 0 0 63 0 5 0 16 0 27 0 14 61 23 27 0 0 0 0 11 41 35 76 62 0 29 0 50 0 41 0 21 7 34 0 63 0 45 0 66 0 64 0 0 17 0 0 13 0 0 70 0 0 46 0 0 67 0 3 19 2 0 32 32 48 0 0 0 0 49 0 0 0 0 8 0 21 0 0 11 0 0 29 0 0 13
 48 88 0 0 0 0 5 65 39 43 0 52 5 0 6 8 67 75 23 0 0 45 54 0 0 0 14 0 0 36 86 13 18 47 0 50 18 83 28 0 0 0 0 5 22 73 26 36 0 0 0 0 0 44 48 0 0 0 92 31 0 0 23 44 0 0 40 0 0 2 17 0 64 63 0 19 0 0 29 0 0 0 0 73 0 22 16 19 5 0 20 5 0 0 0 2 52 8 0 23 0 57 0 0 57 0 0 12 0 49 33 35 0 0 17 0 12 84 61 53 0 79 0 62 0 53 38 66 0 8 14 9 33 39 0 0 0 0 0 0 28 0 0 0 9 28 0 0 79 46
 0 61 5 0 27 71 0 84 0 58 0 4 0 56 2 6 70 0 0 9 23 11 20 58 0 0 0 0 69 0 0 43 31 0 61 53 45 0 0 0 0 75 38 87 0 75 44 89 0 54 0 44 0 0 0 0 45 35 0 54 0 0 0 59 0 0 0 0 0 10 0 46 0 0 8 4 0 0 37 17 11 0 16 29 0 0 0 59 0 0 0 0 79 12 21 0 56 43 88 0 0 0 0 0 85 0 51 0 0 0 29 24 94 67 0 0 0 40 0 47 40 69 12 82 59 0 3 0 0 0 82 31 9 0 17 0 65 43 0 0 38 56 0 0 0 0 15 30 45 0
 51 62 22 47 0 22 0 53 0 0 4 63 2 46 0 0 38 0 0 0 54 0 43 0 71 0 73 44 0 0 0 21 0 0 0 70 0 0 10 0 0 0 0 87 50 0 0 0 2 0 17 0 6 0 0 0 28 0 0 13 0 0 79 62 0 52 0 52 2 0 64 0 0 23 8 77 0 0 0 0 0 0 11 18 0 59 0 0 10 0 0 54 0 64 42 15 0 0 0 0 0 69 0 0 0 52 0 5 66 0 8 68 36 0 61 36 59 60 38 0 12 29 24 0 18 0 3 0 0 5 0 75 0 0 0 29 35 87 0 9 72 0 25 55 12 0 0 0 0 15
 0 0 0 27 90 0 30 38 49 17 41 9 2 24 88 0 0 0 35 52 0 41 0 0 0 0 0 0 12 0 0 0 0 42 47 60 9 2 0 45 0 88 0 0 0 0 0 0 0 49 15 2 82 0 0 31 0 43 0 38 1 67 0 6 0 42 54 0 45 5 0 0 0 0 78 48 78 0 0 0 42 0 0 0 0 34 0 48 15 0 1 0 0 0 0 0 13 0 82 0 0 0 0 35 0 72 0 81 66 0 14 1 0 0 0 49 0 0 54 0 0 48 28 75 0 0 0 0 0 0 0 0 0 0 8 62 5 0 36 7 0 0 32 0 1 59 3 0 0 0
 0 66 0 0 63 91 51 0 69 0 54 0 0 28 2 17 16 10 0 5 18 0 23 94 37 0 0 22 0 0 0 29 31 4 89 18 0 37 53 61 43 18 0 9 23 0 0 0 43 9 17 0 38 55 30 0 26 0 0 48 0 0 0 64 0 0 0 0 10 0 0 55 0 0 9 15 19 37 47 13 0 38 2 0 0 0 51 0 0 61 4 43 0 59 0 0 0 5 0 28 52 0 0 0 0 0 6 0 16 24 66 0 3 99 52 19 0 0 0 70 63 0 18 0 13 28 69 13 0 0 0 0 27 43 0 56 12 0 0 0 67 49 52 15 0 72 60 58 0 0
 0 0 19 25 0 0 24 77 0 0 0 58 0 0 0 0 30 0 0 0 0 0 36 0 8 0 0 1 63 0 0 0 5 11 0 24 0 0 0 0 12 0 12 0 0 18 52 0 0 68 0 0 0 67 40 0 49 44 4 0 52 0 0 1 0 57 0 32 55 0 4 0 41 0 0 0 0 0 13 0 0 84 0 0 0 16 0 31 85 42 25 17 64 0 0 12 56 0 0 0 58 0 0 0 16 37 0 0 0 78 36 0 72 48 18 0 0 0 0 0 18 39 0 0 74 0 0 0 0 9 9 0 0 31 0 24 24 4 22 0 54 0 0 15 11 0 0 4 0 27
 13 0 0 0 0 64 0 72 84 56 18 43 66 0 0 0 70 16 0 28 0 61 55 36 0 0 35 73 0 56 78 15 37 0 0 32 0 0 0 53 0 14 0 34 22 23 15 0 73 0 0 0 44 0 0 0 0 6 19 0 0 0 24 58 86 0 0 24 0 70 0 28 15 0 0 4 0 36 15 89 92 0 17 0 0 0 76 63 23 0 6 0 0 0 43 58 41 0 0 16 0 96 10 23 27 34 0 74 20 37 0 0 0 6 0 29 0 0 8 0 16 0 6 0 0 0 0 0 0 60 27 0 0 13 54 24 0 0 21 19 1 0 43 10 0 20 44 0 0 0
 6 0 25 20 0 0 37 0 82 15 0 24 0 0 70 36 0 0 0 80 0 9 9 3 14 0 0 0 2 32 17 0 8 58 27 0 8 0 0 41 0 0 0 18 0 0 70 0 0 0 0 24 0 0 39 0 8 60 36 59 0 3 0 0 0 31 0 0 46 0 38 63 55 0 1 0 0 87 50 14 60 18 18 0 0 31 85 66 0 0 10 0 33 0 2 52 14 62 62 0 61 61 0 36 35 0 0 0 36 12 12 26 0 0 20 0 0 0 0 0 17 0 5 48 20 0 0 0 0 56 0 65 23 48 0 6 0 0 0 0 0 0 32 0 0 0 87 18 30 0
 0 0 0 90 0 27 0 0 0 54 0 22 0 0 18 41 0 40 0 0 17 0 86 41 11 0 0 0 0 37 20 0 3 0 0 11 24 0 13 74 32 60 0 0 48 0 0 0 0 0 0 26 0 0 33 73 0 50 29 0 52 19 22 96 0 28 0 53 45 0 39 88 50 0 0 10 0 27 0 0 0 0 24 64 6 0 0 49 0 18 0 20 0 13 0 0 17 51 0 0 0 0 0 0 4 0 0 0 0 0 2 0 0 29 0 0 78 21 0 0 58 0 5 24 78 48 0 0 0 0 9 41 10 0 34 0 13 0 0 21 0 0 0 47 17 33 0 0 71 43
 0 57 14 0 0 0 27 0 43 20 46 28 0 0 9 2 0 5 0 3 47 0 0 0 0 32 0 41 20 0 0 0 0 0 23 0 0 39 60 24 0 41 0 0 0 0 0 0 32 56 0 0 85 0 11 60 0 46 0 17 0 31 70 0 0 66 0 0 64 15 0 79 0 32 14 40 21 0 46 0 0 56 18 5 60 59 0 0 0 1 4 0 33 0 26 0 0 47 67 45 0 0 0 12 0 75 55 33 0 57 0 44 0 0 0 7 0 2 0 65 0 63 1 15 7 0 11 0 6 25 0 63 10 0 0 0 0 0 45 14 64 46 0 0 6 41 20 0 21 0
 0 0 0 0 0 58 0 0 0 0 0 69 2 0 0 0 0 0 20 65 2 0 0 24 30 0 0 0 41 0 0 86 44 0 0 0 0 57 50 43 0 0 0 58 33 58 13 35 44 44 0 33 23 0 0 36 31 0 0 5 21 0 0 0 1 58 48 82 43 0 7 0 0 10 80 53 0 4 0 84 66 15 65 0 0 0 0 0 0 0 0 5 17 0 59 21 0 0 12 0 0 0 20 0 15 0 0 22 63 60 0 0 29 0 0 0 0 0 74 30 29 18 0 26 26 5 0 0 0 0 0 0 0 0 0 29 27 24 0 58 37 15 3 0 0 0 0 0 0 1
 0 0 5 0 0 43 33 0 43 93 49 0 82 12 0 0 0 5 39 4 0 16 0 0 60 0 72 0 9 0 0 33 10 12 27 0 43 0 18 0 15 29 14 0 0 0 37 0 0 0 30 0 0 44 77 11 58 44 0 0 0 18 10 32 0 66 9 0 48 54 44 1 32 83 0 0 0 1 41 87 0 40 0 83 0 18 52 5 17 0 0 0 49 0 18 0 47 0 0 49 0 0 0 0 18 2 62 0 1 2 0 41 5 0 3 54 66 0 0 0 0 22 0 0 63 87 79 0 0 44 0 14 23 0 0 73 0 0 73 13 26 0 13 0 36 0 0 0 1 23
 0 92 0 0 0 0 21 26 20 30 69 25 0 75 32 0 26 18 61 67 23 37 0 0 23 0 0 2 31 30 0 0 22 0 19 0 38 7 0 3 32 0 9 0 0 24 0 0 0 0 0 36 25 0 8 19 0 0 6 0 0 0 64 0 0 12 78 0 4 35 5 0 2 0 0 37 11 0 26 70 0 80 72 2 8 0 13 57 0 52 0 0 0 62 37 46 0 63 0 68 0 0 35 48 47 36 0 0 71 0 82 0 0 0 37 7 36 0 26 0 0 0 67 0 26 9 0 0 0 0 13 30 0 0 0 0 0 0 0 0 0 1 0 0 0 10 0 12 0 0
 60 0 0 26 0 0 44 34 0 0 0 11 13 0 98 55 0 51 10 0 0 68 31 0 47 25 15 29 0 0 20 10 0 24 0 7 0 0 0 3 0 0 47 0 17 29 8 9 0 0 48 0 0 0 0 25 0 0 0 27 0 0 43 0 0 45 0 69 0 0 0 8 1 0 0 23 2 15 0 6 1 0 31 0 0 59 19 82 42 15 24 0 49 0 0 3 25 0 26 94 82 0 0 16 0 51 14 20 0 29 36 0 12 22 23 7 30 0 0 2 39 38 0 55 0 0 18 14 0 0 0 0 42 14 0 0 64 9 57 26 0 0 0 0 0 6 0 0 8 0
 0 0 0 1 7 0 27 35 0 0 0 40 8 17 0 54 35 0 0 4 0 0 76 2 0 0 5 0 33 0 35 11 0 6 0 53 0 51 4 13 67 69 0 8 0 0 46 23 0 10 42 0 0 0 0 0 0 0 30 7 7 0 0 1 1 63 2 0 0 33 15 0 0 28 17 60 21 15 0 15 13 1 0 0 41 31 22 0 0 0 0 0 0 0 37 13 55 75 7 73 30 0 57 20 0 45 32 0 75 52 2 0 2 61 10 34 22 87 0 14 53 57 17 1 52 92 0 7 88 0 0 0 33 30 0 42 0 0 0 57 0 46 60 50 0 13 18 0 0 0
 74 0 0 0 1 0 0 0 3 15 20 26 21 0 20 0 12 0 0 0 0 0 42 0 28 71 21 0 0 0 37 0 0 0 30 0 5 0 47 40 3 32 0 0 0 0 0 0 0 0 0 0 20 0 73 0 17 0 0 0 0 0 5 0 5 0 0 0 0 18 24 19 89 23 56 0 18 0 0 0 0 0 0 26 0 0 1 5 20 0 37 19 0 0 0 10 0 0 0 0 0 28 5 0 0 0 58 34 0 0 55 4 0 26 15 10 18 32 4 0 0 0 0 62 36 0 0 0 0 71 9 0 0 0 0 0 3 0 0 0 33 0 0 0 76 0 0 6 0 0
 17 0 0 38 17 0 44 0 0 0 0 40 0 0 0 60 13 98 12 0 0 8 0 6 0 0 18 0 1 0 68 64 0 83 44 0 4 6 0 0 0 38 4 0 0 0 33 0 30 0 0 4 0 30 0 0 57 57 19 11 38 0 38 0 12 19 29 10 26 0 0 11 27 45 0 34 0 0 0 13 0 17 2 0 0 52 0 66 0 9 43 44 15 6 6 13 0 0 0 43 1 0 0 40 35 39 23 0 0 0 64 10 28 34 30 0 0 30 0 0 33 66 0 0 55 0 87 0 0 45 0 59 51 0 0 0 0 1 10 39 0 0 0 28 0 0 1 0 0 0
 0 0 23 26 0 31 18 34 3 14 8 0 0 0 0 3 8 0 54 0 75 0 0 12 0 46 0 0 0 48 0 29 1 0 0 0 0 44 64 0 46 0 0 0 26 0 0 31 43 29 42 0 22 28 20 20 0 10 0 0 6 23 0 29 69 19 9 12 0 0 39 0 0 0 0 0 0 0 0 0 0 9 0 30 7 8 0 0 0 40 7 2 0 0 0 11 0 30 0 0 24 0 0 0 0 3 0 0 0 80 65 27 0 0 45 14 69 0 18 0 0 0 0 59 76 0 0 0 17 35 0 4 0 6 91 18 0 22 22 0 1 0 0 39 56 0 0 45 25 91
 0 19 0 77 0 0 32 0 0 22 0 0 0 0 65 0 22 13 32 93 0 0 18 0 0 0 0 24 22 3 16 48 0 0 0 3 18 0 5 0 0 0 0 0 37 0 76 48 16 3 0 0 21 22 0 0 0 28 12 0 0 0 0 0 0 39 0 0 0 0 49 45 38 0 0 14 11 0 0 40 0 0 0 0 67 0 0 31 0 0 53 10 0 57 0 0 49 84 34 3 0 0 32 0 0 0 40 0 51 0 0 39 65 47 0 0 0 57 0 56 0 0 65 0 41 0 0 0 0 84 47 0 0 10 0 57 6 6 0 37 0 0 8 26 6 0 16 0 16 25
 30 28 0 0 3 0 26 37 14 0 0 0 5 0 20 17 1 14 0 16 56 49 77 3 49 38 0 0 54 0 0 0 0 58 17 0 15 0 44 27 20 0 0 0 0 76 0 0 32 0 0 0 42 0 0 0 9 0 0 93 0 0 0 0 37 0 19 10 90 7 31 4 56 0 0 0 0 0 9 19 0 0 0 11 24 9 0 0 36 25 0 0 0 37 0 5 51 91 0 0 0 0 28 34 0 0 0 37 0 25 37 0 10 0 0 8 16 0 42 0 0 0 0 3 30 13 82 47 0 65 0 0 2 36 0 0 0 76 49 79 0 16 13 0 0 43 0 0 14 88
 5 0 0 41 0 28 24 0 0 54 8 15 0 0 0 20 40 0 56 31 0 84 77 54 0 16 0 8 22 0 48 0 0 6 60 17 7 0 0 42 0 0 29 16 0 17 0 9 73 23 32 0 0 0 0 0 56 21 0 0 0 9 0 0 0 26 0 6 80 46 8 0 20 0 32 33 51 31 6 0 0 17 0 65 0 0 86 0 42 0 14 0 24 0 0 0 0 41 0 0 0 0 46 0 69 0 0 41 42 0 0 0 31 5 0 0 0 10 16 0 65 0 44 0 0 0 61 0 14 1 0 0 0 43 0 0 9 16 0 0 0 0 45 0 24 0 0 61 0 7
 0 0 0 0 1 0 0 0 0 0 11 24 5 39 0 0 0 15 11 0 0 0 14 0 0 45 35 67 36 5 0 0 0 0 9 0 31 0 0 0 39 25 13 0 1 0 57 0 0 13 15 27 0 33 0 4 0 0 0 0 0 57 15 0 35 0 0 4 29 36 48 8 29 9 48 0 0 0 0 0 0 11 0 0 0 0 59 0 0 2 34 0 9 13 60 4 0 10 0 0 0 0 0 53 0 26 15 0 24 0 0 80 37 0 16 0 76 0 0 0 0 53 0 18 26 0 67 43 0 0 26 9 0 0 73 27 6 0 63 11 0 22 0 12 0 1 70 24 0 0
 0 77 0 0 33 0 5 0 0 0 13 0 7 34 12 0 27 0 0 6 0 0 40 8 70 0 0 0 0 13 0 0 0 20 0 69 46 6 0 24 42 0 28 0 3 0 37 8 1 41 0 8 0 34 0 51 0 48 58 0 1 29 0 43 0 6 0 1 0 44 75 0 17 0 0 0 19 20 0 86 6 14 31 0 0 0 0 17 0 14 0 0 31 0 0 0 9 0 0 0 0 58 0 0 0 0 53 40 0 55 0 0 0 5 0 7 46 0 74 5 0 0 0 28 0 49 1 0 0 16 33 68 66 0 32 30 5 0 0 12 29 37 0 0 0 20 13 7 0 0
 15 26 30 0 23 0 0 26 0 0 83 0 0 0 0 37 0 33 15 27 0 20 64 0 3 0 0 41 26 92 21 0 0 18 49 0 15 38 15 0 0 7 0 0 0 40 19 75 0 0 0 0 0 21 18 45 51 0 0 56 40 42 0 39 0 0 0 0 0 0 12 0 0 48 23 0 54 0 0 7 0 0 0 60 0 82 82 22 0 27 71 18 88 9 0 0 0 31 0 16 27 33 0 0 35 4 14 0 0 61 55 11 36 69 0 46 27 0 41 0 66 0 0 57 0 0 0 0 7 0 0 0 56 0 47 39 48 72 0 46 0 35 0 45 11 0 0 0 0 7
 42 55 27 33 52 0 37 8 17 62 0 24 73 38 0 16 0 60 0 0 0 0 0 16 74 18 16 53 0 0 0 10 10 0 42 23 0 35 0 30 3 0 0 0 0 0 74 2 0 42 83 30 20 0 72 0 34 85 0 46 73 77 0 37 43 10 28 0 0 0 0 0 27 0 27 12 38 90 37 34 0 5 33 9 42 24 0 12 0 0 4 39 0 0 14 0 0 0 22 39 0 38 0 0 74 14 27 18 42 28 0 0 7 0 0 56 0 0 69 0 0 0 0 0 0 0 47 0 0 1 0 46 0 0 0 0 17 0 0 35 0 10 0 40 0 3 60 0 0 0
 63 0 47 0 11 17 26 0 8 11 56 81 0 0 0 0 0 0 63 30 32 36 0 5 46 0 24 82 0 0 32 0 21 13 0 0 0 0 12 0 71 5 1 0 47 11 0 29 0 0 23 0 0 0 0 32 32 0 0 34 43 0 44 0 0 0 0 0 35 0 18 40 23 18 0 11 0 0 66 0 23 0 0 5 53 6 62 19 0 0 36 37 33 10 0 0 0 0 4 41 19 35 0 3 0 56 58 0 22 14 24 0 0 22 20 14 43 0 10 14 0 62 43 21 16 0 0 46 0 0 18 50 0 0 0 0 35 0 0 41 0 0 0 54 11 0 0 0 0 0
 15 56 19 0 6 0 0 0 78 3 0 57 48 0 0 32 81 53 65 0 59 0 0 64 0 0 0 7 5 52 0 10 0 43 0 0 0 15 14 0 46 0 10 44 0 14 0 64 33 0 0 24 0 0 20 0 0 34 26 0 15 0 0 0 0 26 5 35 20 47 18 0 0 1 0 24 0 0 73 20 53 0 46 0 0 0 0 34 60 0 0 40 0 0 0 0 0 25 30 20 0 57 0 0 0 54 0 26 0 0 0 31 0 0 0 18 0 3 0 70 62 53 10 0 18 4 0 18 27 26 0 59 0 23 29 0 43 8 0 0 0 0 36 13 48 35 39 0 3 1
 34 35 0 12 0 81 0 11 0 11 0 0 0 0 42 0 77 0 62 0 0 0 0 16 0 4 29 0 10 0 40 16 73 1 0 0 37 16 35 0 12 0 9 0 0 0 27 57 58 23 0 44 0 13 19 0 0 45 0 0 0 0 7 0 20 38 0 27 0 0 0 49 0 5 0 0 0 0 0 0 0 0 78 4 0 0 0 0 0 0 54 30 0 47 49 46 39 68 42 46 0 0 0 0 0 19 0 0 0 85 0 0 20 2 37 9 53 0 0 0 16 12 0 1 19 20 0 2 7 0 13 0 53 2 1 0 0 0 0 34 28 0 0 19 9 0 0 62 0 0
 0 0 26 58 22 32 24 0 0 0 6 42 36 0 16 31 1 59 0 0 28 70 0 0 0 36 9 0 1 59 43 6 0 27 10 18 0 7 0 1 23 0 57 76 0 0 0 38 20 0 19 0 69 0 0 0 0 0 55 0 20 46 3 52 86 31 0 26 0 77 42 0 0 0 0 39 0 22 25 0 1 3 40 0 0 11 0 36 0 16 0 0 0 0 49 0 0 0 0 76 34 0 0 0 56 0 43 0 0 0 0 47 0 0 0 7 94 0 0 13 0 75 25 49 0 0 36 11 0 0 56 0 24 0 0 49 49 0 0 0 15 0 0 0 77 0 0 0 37 0
 68 0 22 16 43 27 40 0 0 0 28 55 6 1 0 0 0 0 77 0 1 0 12 10 0 35 0 19 0 0 49 37 0 0 0 27 0 0 0 58 39 0 0 0 21 4 0 43 38 86 0 13 0 0 0 0 52 66 21 0 5 30 0 0 20 13 0 0 0 57 0 0 26 17 5 42 2 47 17 0 9 3 0 0 0 56 0 0 43 53 0 0 9 47 0 18 32 0 0 22 20 14 0 33 0 0 19 0 0 0 42 10 0 0 9 24 0 32 12 66 8 51 56 29 25 22 0 0 37 3 12 21 0 47 9 57 37 64 0 62 23 0 0 0 63 15 19 32 10 58
 0 0 0 0 85 0 49 0 21 14 33 0 0 5 0 0 20 0 0 0 51 78 10 24 47 0 43 0 0 0 0 56 21 29 0 36 41 15 31 0 16 0 59 32 0 35 0 0 36 0 0 82 81 41 50 56 18 0 0 0 45 8 0 81 0 14 0 98 0 34 38 0 51 48 12 0 0 7 81 0 0 0 0 0 12 16 0 0 0 73 0 0 6 0 65 45 0 0 0 0 0 0 16 16 47 27 0 2 0 76 11 4 12 20 77 0 15 50 0 0 59 0 25 56 60 0 0 0 41 51 0 0 0 0 0 82 29 0 14 0 42 26 0 12 23 0 0 38 23 0
 55 0 0 53 22 0 0 0 0 0 48 0 0 0 55 55 47 9 0 37 36 31 57 80 6 0 0 64 0 21 4 0 38 15 52 56 0 0 14 0 37 0 0 18 0 0 0 27 0 26 47 6 19 5 0 0 0 18 0 0 18 23 15 0 0 0 0 57 65 42 50 0 0 0 23 1 0 0 0 0 0 77 0 34 77 41 0 74 0 0 18 1 0 76 31 0 0 22 0 43 3 41 0 0 0 24 0 0 18 0 63 35 0 0 0 0 39 73 84 11 86 0 0 26 1 0 0 0 7 54 37 26 0 42 6 40 0 77 12 20 1 58 10 5 0 0 64 0 0 79
 0 0 15 40 0 0 0 29 0 47 65 41 0 78 0 0 38 0 0 45 0 0 88 0 0 45 0 0 0 0 21 0 0 29 96 45 0 0 0 5 20 30 17 48 3 0 33 0 55 0 0 0 17 7 0 0 21 17 30 14 0 0 0 44 0 0 3 58 6 0 66 0 0 60 5 0 0 0 41 6 8 14 0 0 0 78 46 0 66 0 43 0 16 76 0 39 0 22 13 0 11 0 8 86 0 44 25 36 56 2 0 0 0 88 52 0 40 0 0 0 0 0 0 74 23 93 0 48 0 80 51 33 1 19 0 13 0 0 0 0 16 52 6 19 53 17 0 13 0 17
 0 17 0 43 0 0 49 3 0 2 0 5 0 0 0 94 0 0 10 5 0 0 0 16 0 0 55 11 33 0 34 70 0 0 72 32 0 28 0 51 24 0 51 70 48 0 0 0 0 1 31 0 0 0 57 57 63 0 0 0 0 0 0 0 0 34 0 0 0 0 0 0 0 0 8 34 59 0 38 10 0 74 0 22 10 58 0 0 0 0 0 0 0 0 26 12 0 0 0 26 0 0 48 40 0 0 0 72 33 2 0 0 0 0 0 0 19 40 0 77 48 0 0 55 51 0 11 20 0 62 24 0 0 82 0 0 4 0 61 32 0 0 0 40 0 0 0 33 61 73
 0 0 0 0 0 0 0 0 69 0 16 42 4 15 0 0 7 75 25 0 0 0 20 0 49 0 37 4 28 0 0 0 0 0 0 16 6 0 0 64 0 0 0 32 0 11 21 30 38 75 0 0 0 75 22 0 0 0 0 0 0 0 0 0 0 0 55 0 0 0 0 73 12 0 0 41 52 0 77 0 0 24 0 0 28 53 0 86 0 0 0 13 0 0 0 65 0 0 0 3 58 19 0 0 68 36 51 0 0 0 0 15 0 7 76 0 45 7 0 3 36 0 0 0 14 0 48 0 12 0 0 0 29 0 0 3 0 0 0 0 0 0 28 74 0 0 0 5 12 0
 0 0 0 6 0 25 17 2 0 0 62 32 0 0 50 9 0 0 34 0 0 0 0 0 0 63 81 14 0 61 13 0 64 17 4 0 27 3 0 56 0 15 0 72 31 0 57 20 14 30 0 75 0 0 32 30 0 35 0 69 0 10 41 0 0 0 0 0 0 0 41 31 0 6 0 0 58 0 24 8 0 0 24 12 34 21 0 30 12 0 44 0 0 27 0 56 0 0 63 85 18 0 0 0 0 1 0 1 13 0 62 72 40 0 0 0 21 12 0 0 19 0 18 0 0 0 0 42 0 81 82 30 0 0 62 12 0 30 0 0 24 0 0 10 0 0 0 29 33 0
 0 0 3 13 0 0 76 23 53 56 0 0 68 0 4 0 14 0 0 53 30 7 17 0 0 0 15 0 0 0 5 0 56 1 0 18 0 77 0 0 73 13 0 87 0 42 56 0 29 10 0 49 0 29 0 0 0 0 0 0 0 56 0 18 13 0 0 0 66 0 0 0 47 0 0 0 51 0 0 11 0 42 2 46 38 16 0 0 19 0 27 0 0 0 8 0 25 67 49 76 82 0 0 43 0 70 0 0 0 0 7 0 70 12 0 0 57 20 0 34 0 31 51 0 26 71 28 85 40 9 0 28 32 0 0 0 4 27 0 52 32 0 0 0 0 0 0 0 0 0
 24 0 55 0 11 0 30 36 46 0 0 0 0 18 26 0 0 87 0 0 0 14 37 61 0 30 0 0 0 20 71 0 0 67 5 71 32 28 82 49 0 0 0 0 0 0 0 51 52 0 15 0 25 0 16 9 48 0 0 0 0 0 0 0 65 0 19 61 8 0 0 0 2 14 0 0 0 0 0 0 3 3 28 4 4 0 0 20 0 0 40 0 0 0 0 0 27 42 0 0 0 6 66 0 67 0 56 3 0 36 0 63 0 0 0 0 0 11 35 73 0 11 0 0 0 2 0 0 59 0 39 0 0 0 59 0 60 0 0 85 0 0 0 0 58 0 60 0 0 15
 0 18 38 29 0 0 4 0 0 0 0 0 30 0 0 0 0 51 48 1 0 0 33 0 4 0 4 41 22 0 0 30 51 0 0 0 0 16 0 94 12 0 7 0 8 0 0 0 47 34 0 3 2 0 16 0 0 33 9 0 0 17 11 0 24 0 0 33 97 0 4 0 10 25 0 12 0 0 0 0 71 0 36 0 0 20 5 0 35 17 7 0 0 0 10 36 18 0 53 23 0 19 29 0 11 13 0 0 0 0 34 0 37 58 16 39 0 13 57 0 0 0 13 53 0 0 0 0 0 37 47 12 20 0 0 0 23 1 21 84 0 36 0 1 0 0 16 0 9 0
 18 59 47 25 70 0 0 4 24 0 40 25 0 0 51 0 0 19 0 53 0 16 0 0 60 0 0 0 0 0 0 0 0 0 0 6 36 0 14 0 48 0 0 14 0 0 50 19 18 42 0 0 0 34 0 49 0 65 0 60 0 0 2 28 1 64 16 0 52 0 0 0 0 0 0 63 0 52 9 0 10 0 0 5 7 3 0 0 0 49 0 17 47 0 6 14 0 0 42 0 6 33 0 0 47 0 0 0 45 0 46 0 0 49 0 15 61 0 36 0 0 0 50 23 1 0 64 0 0 0 0 30 73 0 0 0 62 0 6 45 0 55 0 0 76 0 0 0 60 0
 0 4 0 27 0 0 82 0 31 0 0 36 0 12 54 0 0 0 77 27 11 47 0 30 0 89 0 6 49 3 4 37 29 0 53 3 0 0 10 13 69 37 21 6 0 0 0 0 0 0 0 0 0 0 0 0 31 33 0 3 39 48 0 0 0 2 64 26 0 0 0 45 43 0 0 46 28 27 0 41 0 18 0 0 71 23 12 0 0 55 72 28 0 30 44 0 0 16 33 0 60 0 0 0 4 0 0 38 4 86 75 0 0 0 33 16 74 15 48 0 0 42 0 0 22 1 71 0 68 25 1 0 16 48 0 47 14 0 34 0 99 0 50 0 0 0 67 7 0 47
 16 17 0 13 7 16 0 33 5 62 65 17 0 0 0 24 14 0 6 48 70 0 0 0 27 24 0 0 0 0 18 0 21 0 0 35 3 82 72 0 17 0 97 0 26 37 31 30 30 48 53 0 0 0 16 0 0 20 0 0 17 39 64 0 0 0 0 0 30 0 7 0 68 24 0 55 65 0 30 13 3 0 69 0 0 57 68 0 19 59 10 97 92 0 0 60 65 18 0 35 0 0 11 25 42 10 4 0 56 0 0 0 70 0 0 0 0 0 0 28 0 92 59 10 62 41 0 72 0 12 21 0 12 1 0 45 61 19 44 0 0 10 0 0 0 40 0 10 30 5
 0 0 0 0 3 0 57 0 0 2 55 0 50 10 5 0 14 72 51 11 48 0 17 36 7 3 3 0 37 0 19 0 0 0 0 0 0 0 5 8 0 0 16 64 0 0 0 0 0 0 0 0 0 1 0 0 41 0 7 0 0 0 61 0 47 0 29 0 0 5 0 0 0 0 6 50 22 0 21 20 16 0 0 63 11 0 58 52 19 27 0 0 0 1 23 38 0 0 0 0 0 24 0 0 0 15 0 0 0 11 0 0 0 0 49 0 29 49 0 35 13 4 0 0 0 15 57 16 24 0 0 0 0 0 70 34 60 57 15 0 26 0 0 44 0 0 0 49 37 0
 0 0 43 0 8 0 11 0 38 0 22 0 49 31 0 81 36 32 0 0 26 44 0 0 4 71 0 9 9 10 0 74 25 0 0 56 0 61 56 0 48 17 0 16 84 0 68 0 89 0 6 0 0 58 58 66 0 10 60 21 0 0 34 52 0 52 26 56 25 13 0 17 0 15 0 0 5 10 0 18 0 19 83 0 0 43 38 0 7 19 55 2 28 0 0 0 12 38 0 28 16 52 67 44 82 69 32 74 4 6 12 47 13 68 0 47 0 1 0 12 26 0 0 2 37 62 0 65 18 10 0 59 0 95 0 0 75 4 12 0 0 59 57 0 7 0 0 49 0 24
 58 0 0 28 24 11 0 0 0 26 26 0 22 0 0 45 79 7 8 25 0 0 14 27 0 28 0 0 23 48 0 0 16 16 38 0 26 0 39 29 4 46 0 25 38 8 32 0 0 0 0 0 0 0 21 0 14 21 0 0 0 5 13 75 61 67 0 42 0 0 0 0 0 0 41 0 5 0 35 0 55 13 46 74 21 0 0 0 0 2 56 25 17 0 0 51 24 0 40 0 0 0 40 63 0 34 40 34 20 0 44 41 1 18 32 11 0 0 28 0 33 24 0 0 51 0 11 40 0 75 0 0 5 0 12 55 5 21 19 13 0 0 0 0 50 0 0 0 1 0
 0 0 0 23 86 83 0 0 0 54 4 0 0 67 0 0 36 0 11 0 39 35 0 0 0 0 15 48 0 20 46 19 8 0 15 0 0 0 7 57 0 59 0 54 0 0 23 70 16 0 0 63 11 0 0 68 0 0 0 77 0 67 0 57 0 13 26 22 57 27 0 5 12 0 45 23 0 0 0 32 0 2 0 28 64 0 0 13 0 66 0 36 0 0 73 46 86 0 2 4 15 4 0 0 84 0 78 0 48 80 0 9 0 0 0 27 31 12 0 0 38 0 0 43 17 0 2 0 0 55 12 0 67 0 0 49 0 3 0 30 2 10 57 0 0 63 0 0 0 8
 0 0 0 46 70 18 65 9 39 20 10 0 69 46 0 0 60 7 0 0 47 0 60 0 0 0 0 0 0 0 0 23 0 39 12 0 0 52 0 3 0 9 0 29 38 43 0 35 43 9 0 51 0 9 6 0 64 99 21 21 45 0 0 0 0 0 80 34 0 0 35 0 0 42 5 5 0 12 0 0 32 0 4 0 0 60 0 70 0 0 62 0 0 63 19 0 0 0 0 15 0 4 12 0 0 0 17 0 0 10 0 7 0 0 2 41 25 0 0 0 0 0 0 0 26 8 0 0 0 0 46 0 0 22 50 66 40 66 0 0 49 0 0 4 0 0 0 0 7 0
 0 59 54 0 33 0 9 0 78 37 0 0 39 31 1 11 9 0 0 0 0 0 17 0 21 91 10 0 0 0 0 0 8 0 48 0 0 0 0 0 0 69 0 14 0 13 0 0 16 0 0 14 49 16 0 70 62 12 2 58 11 52 19 0 0 12 0 28 51 0 80 54 20 30 0 3 21 6 0 0 31 0 51 0 0 0 0 0 0 0 0 0 0 76 0 0 0 0 0 0 0 0 0 0 0 9 11 6 0 0 0 73 0 0 0 0 2 0 22 38 54 0 46 36 0 14 0 0 0 37 0 0 0 46 0 42 0 0 0 0 27 12 0 0 0 0 0 82 0 31
 0 17 0 50 0 0 0 29 78 16 0 0 47 18 98 0 17 31 0 0 29 0 0 0 54 0 2 97 0 70 0 32 0 10 0 0 0 0 2 0 0 49 0 47 65 2 78 0 14 59 34 15 0 0 79 0 47 0 0 6 0 0 37 0 2 0 0 14 5 0 77 27 80 0 65 0 0 32 25 23 0 30 74 0 0 33 38 0 52 15 0 65 5 34 0 0 0 39 0 0 0 30 0 0 6 30 13 4 53 0 0 26 0 0 4 0 26 35 0 4 0 0 5 14 0 0 0 0 0 41 0 51 0 39 0 0 63 0 0 0 0 64 28 0 48 7 64 0 0 8
 31 1 60 0 0 0 9 27 84 59 22 10 0 20 0 0 14 13 0 33 54 0 0 19 34 0 0 33 7 0 14 54 0 37 0 41 56 93 0 26 40 6 0 66 0 43 19 45 1 0 48 0 65 0 0 0 1 40 6 1 0 0 0 0 0 28 0 55 0 13 0 0 0 0 0 0 0 0 0 0 0 0 0 0 81 0 0 0 0 0 77 0 0 0 98 0 0 0 1 0 0 0 4 10 0 77 0 0 0 36 40 9 49 1 0 0 0 1 32 0 0 0 0 29 29 64 0 88 12 0 0 40 33 5 0 0 55 50 0 0 0 19 25 0 50 28 70 29 28 7
 29 14 0 35 0 63 49 15 0 0 42 0 60 0 1 17 25 0 1 52 47 49 0 0 10 0 58 0 0 20 0 0 0 22 85 0 0 0 27 0 16 31 14 23 44 7 0 0 0 0 7 24 53 0 34 0 21 16 0 0 0 0 55 22 0 0 0 42 51 0 34 0 57 25 12 56 28 18 10 0 18 15 0 15 43 0 0 14 0 0 0 0 39 11 0 0 0 44 91 35 0 86 0 34 12 32 27 25 0 0 36 22 0 0 40 20 9 50 16 32 48 46 0 0 64 12 64 0 0 27 0 64 0 0 8 0 6 0 0 18 0 28 0 0 0 64 47 34 23 9
 0 1 67 0 0 0 22 0 35 23 0 0 20 0 26 30 0 18 0 0 0 48 0 22 3 0 23 74 43 0 54 0 0 0 42 46 27 9 0 0 16 12 73 88 27 63 0 29 0 88 0 0 13 0 0 31 43 0 70 0 0 57 68 24 0 22 6 0 0 0 0 1 45 82 0 60 10 29 0 70 0 0 0 0 28 91 70 23 4 29 31 22 0 0 0 0 32 0 6 0 0 0 54 41 20 0 24 0 41 67 0 0 15 13 0 0 0 0 0 97 0 0 37 31 43 1 21 0 0 0 0 0 0 17 5 0 0 14 45 0 0 58 0 98 0 0 0 0 0 0
 0 0 57 26 70 0 0 35 58 41 2 31 0 45 48 74 2 0 0 0 29 23 0 0 0 41 10 21 0 11 32 0 0 0 0 0 10 0 21 27 0 96 7 0 0 24 18 0 0 62 68 59 38 82 42 34 0 84 0 0 29 0 29 12 59 0 0 76 0 18 0 67 67 43 0 0 57 18 0 0 11 26 6 63 34 0 44 0 0 0 67 0 48 3 90 0 0 54 0 11 0 42 4 0 26 9 47 26 55 41 0 0 0 8 58 0 16 0 20 0 0 0 0 0 0 0 8 0 0 22 0 0 0 0 0 0 26 46 24 42 0 0 0 0 81 0 0 0 0 46
 38 0 1 12 80 0 0 50 0 0 0 74 0 0 44 49 0 55 0 29 78 7 41 51 0 0 26 0 0 43 14 0 26 66 0 0 0 71 0 0 70 13 0 11 0 0 10 0 5 0 17 0 86 0 57 8 0 0 0 36 32 0 18 30 32 0 0 0 5 23 0 0 0 0 0 66 2 11 0 0 48 86 0 0 0 0 0 3 0 40 0 10 51 0 11 0 5 62 40 0 21 29 1 63 0 0 58 59 0 1 0 77 0 0 0 0 42 0 0 26 10 41 12 0 0 28 0 56 0 11 57 5 0 0 16 34 0 0 23 17 0 0 36 0 71 0 33 54 0 65
 57 34 25 0 0 74 58 13 54 0 0 0 0 0 0 14 42 2 0 7 3 11 0 0 0 0 0 22 49 49 17 0 10 26 0 70 0 33 0 2 0 38 58 8 0 42 0 1 0 64 23 42 0 0 0 40 41 30 30 80 73 0 0 0 0 0 24 46 19 0 13 29 64 65 0 0 0 0 0 2 54 68 0 0 65 0 0 33 5 19 0 0 49 0 0 9 0 0 0 0 0 0 0 0 0 43 0 29 13 54 41 6 18 0 7 34 14 60 19 0 0 42 0 0 0 0 48 0 0 40 0 6 82 25 0 10 0 0 0 22 28 21 0 49 0 0 0 62 7 0
 0 47 0 0 17 0 0 37 0 24 16 0 0 51 5 60 0 0 4 36 0 0 36 20 0 0 0 55 80 54 0 0 59 0 0 13 82 1 0 90 41 0 25 0 49 0 14 0 0 0 0 0 0 67 58 0 52 44 22 25 2 31 16 40 0 56 17 25 0 0 0 11 4 58 0 0 9 0 0 41 9 0 0 0 0 0 0 0 43 16 0 2 7 0 7 0 0 0 0 0 0 8 35 0 0 0 25 32 0 49 0 20 0 0 24 6 0 0 0 36 0 0 13 0 43 0 0 0 11 51 0 0 35 0 1 0 0 57 0 75 28 72 0 0 17 0 11 18 28 0
 0 50 0 17 0 73 0 0 0 0 0 6 0 6 8 58 51 0 0 0 55 0 39 0 4 0 39 0 0 13 0 52 0 0 76 33 0 25 33 0 0 0 0 62 0 0 27 0 0 1 0 0 52 0 12 0 0 50 0 0 71 55 0 0 1 14 0 0 0 27 0 0 22 36 25 0 16 24 0 12 9 42 43 46 22 0 0 0 37 0 0 0 6 0 0 0 0 48 0 0 0 0 0 0 12 0 0 22 9 0 0 52 21 0 0 13 47 0 30 0 0 0 0 1 23 63 0 54 0 0 0 0 0 7 0 0 0 36 0 30 19 38 13 0 0 0 0 8 0 29
 51 0 9 6 27 48 0 0 0 0 3 38 7 0 56 0 44 0 15 0 6 46 46 0 13 2 52 0 84 0 0 42 26 0 4 34 7 20 12 0 39 58 3 0 0 23 5 0 0 6 0 22 0 44 66 0 0 43 24 0 89 5 0 58 0 18 25 50 77 6 0 12 16 0 0 0 20 18 0 30 0 0 16 0 5 38 62 0 0 0 77 0 0 0 0 16 58 0 22 0 0 6 6 0 0 0 0 89 0 0 0 0 0 0 0 0 0 0 0 0 0 69 27 17 55 0 6 0 6 67 24 6 69 17 15 72 0 47 1 63 11 0 35 86 71 34 58 0 13 0
 0 0 0 0 0 0 1 72 0 21 0 0 48 48 0 0 8 0 8 53 0 66 10 33 0 0 0 37 60 77 18 47 7 0 24 6 0 0 60 52 0 0 1 11 0 59 0 0 0 0 0 2 92 29 0 0 0 63 11 67 66 4 0 59 0 12 10 0 4 9 21 0 0 0 0 12 0 54 0 17 0 0 0 3 0 33 0 15 7 6 0 0 0 14 33 0 48 13 0 0 2 27 0 7 14 0 0 0 0 36 11 26 0 0 0 41 0 35 0 48 0 0 27 0 15 14 0 41 0 0 0 0 22 56 34 13 0 51 60 21 59 31 76 0 0 44 42 0 22 0
 0 31 51 46 0 48 0 9 2 0 67 0 8 72 41 0 31 0 0 6 52 7 7 0 0 0 0 0 16 0 0 0 0 18 48 85 51 50 79 16 35 0 0 25 18 12 9 0 0 11 23 21 22 0 0 0 0 0 0 0 44 0 25 0 0 0 0 6 0 0 18 0 1 0 10 24 28 18 1 8 34 35 0 0 0 0 0 2 0 0 11 17 29 20 0 25 0 30 32 22 26 28 42 0 0 75 0 0 0 0 0 0 0 47 0 0 10 35 28 0 79 56 0 0 0 6 51 60 0 34 0 0 42 0 0 45 0 74 62 10 0 8 11 0 8 27 0 0 59 13
 14 30 26 40 0 28 24 12 0 0 0 77 0 54 78 12 7 24 0 5 22 0 0 0 0 0 66 42 87 0 0 0 0 66 8 22 0 0 26 0 49 0 0 38 27 0 0 8 0 48 24 5 0 51 15 26 0 0 0 0 32 69 63 14 6 19 75 0 0 0 55 0 0 23 11 20 0 6 0 8 44 25 0 48 42 19 31 0 46 0 0 0 19 14 5 0 0 48 42 0 21 0 34 30 11 45 0 52 0 0 7 0 0 0 0 0 0 0 71 0 0 55 41 17 10 77 0 0 0 0 20 0 0 18 0 0 67 24 16 85 15 0 52 0 52 0 0 41 0 0
 61 0 42 0 6 31 1 0 67 0 0 57 0 0 0 48 0 0 58 33 19 24 0 11 9 23 0 3 0 0 22 31 0 16 48 59 0 31 41 0 0 27 0 0 0 0 45 81 0 0 5 0 0 0 0 36 0 2 19 26 0 0 76 9 0 53 0 0 17 67 0 35 0 0 38 16 2 57 0 62 20 0 0 50 29 0 56 65 0 47 0 69 4 0 0 0 0 0 0 0 3 0 0 0 49 0 31 39 17 19 0 0 0 0 0 0 0 15 0 18 0 37 0 0 0 71 0 0 21 27 2 44 0 55 0 0 0 0 83 43 17 11 0 20 51 51 24 37 3 0
 30 0 0 0 0 0 0 0 42 0 25 0 0 18 11 0 57 43 0 17 51 29 36 0 0 0 3 28 36 0 74 0 56 0 72 29 45 0 22 5 0 1 60 48 0 0 0 26 60 21 21 0 0 0 0 87 0 6 0 0 15 0 0 90 23 0 0 0 0 8 44 29 0 38 31 0 0 0 0 0 0 32 0 0 34 20 0 1 17 30 23 0 0 0 43 0 54 0 0 21 0 3 22 70 17 28 0 38 7 0 55 0 4 0 48 0 5 0 0 0 32 0 29 0 18 4 0 0 11 0 0 21 0 0 0 36 0 61 53 75 0 0 0 0 48 0 26 0 15 0
 8 48 56 34 31 27 25 0 43 49 50 0 14 31 59 0 0 0 0 9 0 28 0 56 4 0 15 18 0 0 0 1 59 81 44 34 84 0 0 0 0 36 64 0 49 0 2 20 45 0 87 41 20 0 0 21 8 0 38 37 35 0 6 0 63 72 56 0 19 0 0 84 13 40 0 0 0 0 0 39 0 18 0 5 15 29 0 0 0 0 0 0 0 59 0 0 48 0 0 0 0 0 0 0 48 5 0 57 0 0 12 0 60 0 27 5 0 0 62 0 18 0 31 8 0 0 0 44 4 0 0 39 0 92 0 48 57 0 68 0 0 58 41 0 4 0 6 0 0 41
 52 14 16 0 0 54 0 23 0 0 0 0 0 0 0 0 66 0 0 0 3 0 23 0 46 0 53 0 0 0 0 0 2 37 0 49 40 80 26 71 0 0 50 41 0 0 0 51 0 55 0 10 0 17 57 40 0 0 0 0 15 0 0 58 0 60 90 0 20 0 0 57 6 0 0 7 61 0 4 31 11 24 0 0 64 0 54 0 46 0 0 0 0 0 17 73 0 0 0 0 74 0 9 0 0 19 0 75 0 9 0 56 21 0 74 28 68 47 4 0 0 0 15 56 0 0 6 0 68 77 11 0 86 23 29 8 77 9 0 26 0 86 16 0 0 39 0 5 0 19
 34 0 30 6 0 48 29 10 41 0 7 0 0 0 28 0 48 0 0 10 0 30 0 8 1 0 10 0 24 2 48 25 30 0 32 0 12 19 0 3 0 0 56 0 0 34 0 0 66 13 42 20 0 32 32 0 0 67 0 0 11 0 18 24 0 0 6 34 20 0 12 18 9 0 0 0 0 36 7 58 0 0 16 41 0 51 0 0 85 6 18 5 35 0 74 0 69 0 0 0 0 22 0 0 0 7 0 20 3 0 54 0 2 0 40 43 10 0 26 23 0 53 0 0 0 8 0 57 48 18 0 17 21 0 0 28 0 15 0 21 26 0 0 0 5 0 0 10 0 0
 0 13 35 0 24 41 0 0 56 0 7 0 6 7 0 48 16 0 0 4 0 0 0 0 19 28 15 0 0 0 56 0 0 0 21 1 14 33 0 0 67 0 37 20 0 0 0 0 0 0 0 0 10 0 17 0 0 24 0 6 0 22 23 6 4 90 0 64 0 0 29 0 35 39 0 0 0 63 0 0 0 0 0 0 7 0 0 25 74 27 22 29 0 0 0 0 21 27 0 43 0 34 0 39 0 0 0 69 14 0 0 38 0 66 11 0 10 0 0 0 0 6 0 63 62 0 27 0 0 0 17 49 89 0 0 0 37 31 0 57 0 0 0 32 0 45 0 8 0 0
 3 62 58 0 0 0 0 6 0 0 0 0 0 0 10 12 30 0 22 70 0 0 0 16 34 14 0 0 73 13 13 26 0 0 9 26 10 0 0 0 0 36 0 51 0 86 0 8 0 0 11 0 16 1 0 0 16 2 0 0 29 30 0 4 0 0 0 8 75 26 0 0 0 38 55 16 13 0 6 11 0 39 0 0 0 0 0 0 0 1 0 0 0 0 0 59 0 0 0 58 0 16 51 0 32 28 53 32 0 0 0 23 0 0 0 38 0 14 1 1 0 0 0 22 5 51 5 66 13 49 0 45 57 0 2 0 51 2 19 30 0 27 85 0 10 0 26 0 0 0
 0 0 0 53 0 35 8 0 4 12 0 29 0 0 13 0 0 1 10 4 0 0 0 0 55 56 18 0 56 0 0 0 0 59 9 1 8 70 4 62 76 22 50 0 0 26 0 63 37 6 0 61 15 0 0 40 24 0 0 0 9 2 0 0 46 35 13 22 0 90 0 0 0 0 36 0 5 0 7 10 25 52 0 33 13 0 0 49 8 0 0 0 58 0 0 23 0 16 20 22 0 54 0 4 43 0 13 0 6 37 0 0 0 0 38 14 0 19 14 72 0 72 0 23 0 0 28 0 19 0 0 23 17 0 23 25 18 13 0 0 42 0 0 6 0 0 0 0 0 0
 10 0 34 0 28 20 0 25 0 0 57 0 0 0 17 0 0 28 0 0 0 0 0 0 0 81 0 0 81 0 17 0 0 0 9 23 0 9 86 0 67 25 0 16 22 10 19 0 0 0 25 0 2 48 5 0 44 45 35 0 0 0 72 0 16 47 0 0 38 36 47 0 40 0 0 0 0 0 0 0 44 51 0 0 70 32 21 35 0 48 0 0 30 34 0 0 0 0 0 13 0 67 66 13 0 49 0 0 61 12 0 10 6 0 62 0 0 0 19 0 57 51 85 0 55 0 13 0 0 0 64 0 59 0 39 0 7 0 0 0 23 41 78 44 0 32 0 0 0 0
 0 26 0 67 32 0 11 0 0 0 0 27 0 43 0 11 0 0 43 0 0 4 0 17 29 17 0 68 0 38 14 62 43 5 12 0 0 8 8 42 3 0 12 33 0 4 0 40 0 0 32 18 0 0 52 0 0 12 0 19 17 63 0 0 0 0 0 73 31 48 65 63 0 0 0 0 0 50 0 30 44 0 60 0 0 26 60 80 23 8 0 0 0 0 61 0 0 18 0 0 0 0 0 3 0 0 32 0 0 10 0 57 34 17 0 0 0 27 0 0 0 19 0 0 50 11 70 0 0 0 39 0 16 0 16 0 2 0 26 0 0 34 0 26 27 0 64 66 0 50
 22 0 23 8 15 23 0 0 0 0 43 9 0 0 0 73 0 0 38 0 0 0 0 0 5 0 0 44 32 84 0 0 18 5 56 0 22 0 0 0 21 0 0 79 10 18 0 7 0 0 0 0 0 0 47 0 0 0 0 23 0 52 5 8 0 0 0 0 17 7 0 18 39 0 0 0 0 0 0 29 0 59 0 0 50 0 0 0 0 10 0 20 0 42 0 20 41 12 0 0 0 0 0 22 86 0 7 0 0 41 0 49 0 17 0 9 5 3 79 43 0 12 0 37 63 0 51 11 0 51 14 0 0 35 0 0 0 61 41 0 0 0 0 0 15 9 0 54 0 11
 0 0 3 0 80 45 17 47 77 21 0 0 0 17 64 0 0 0 21 55 11 5 0 41 0 22 0 0 0 18 0 0 5 0 81 58 0 17 0 0 63 18 0 44 0 58 8 0 0 49 61 0 0 0 25 0 0 0 15 96 47 0 1 0 0 78 61 0 0 53 57 43 47 43 23 0 0 0 0 0 0 0 47 71 0 0 0 13 0 91 0 10 12 0 0 0 0 0 0 0 0 25 0 55 47 0 21 0 28 0 6 57 0 0 0 0 0 0 0 0 0 84 0 24 0 0 0 0 65 0 17 0 0 2 8 22 0 27 0 30 42 38 7 0 0 0 0 56 58 43
 49 8 0 0 0 0 13 71 0 27 0 0 50 37 35 0 0 33 80 7 12 0 0 25 0 0 23 51 26 71 0 0 0 0 0 26 14 23 26 19 77 17 37 0 67 0 0 0 10 0 27 0 23 62 29 11 35 0 50 6 0 0 0 0 5 65 20 11 0 0 6 40 69 0 7 22 25 0 0 0 0 35 0 0 0 0 10 20 22 3 0 0 70 0 59 38 0 0 0 33 26 0 0 0 0 14 0 0 11 63 0 70 31 28 7 0 0 0 18 6 32 26 0 74 0 0 5 0 48 36 0 12 2 0 0 0 0 2 0 0 0 0 0 20 0 0 0 30 0 1
 0 0 0 0 0 0 34 0 38 0 0 0 75 0 0 0 56 0 27 0 8 0 19 28 5 0 0 0 40 0 0 47 0 78 0 0 7 27 11 0 0 0 0 0 6 11 0 0 0 94 18 0 0 57 0 14 65 28 96 0 0 0 0 19 37 0 87 11 0 36 42 68 25 2 0 5 0 0 27 50 63 77 0 0 0 54 0 0 11 10 6 74 0 12 0 0 26 0 0 83 42 5 0 28 0 0 0 0 0 17 0 18 0 73 26 7 0 77 29 0 0 0 32 0 0 0 45 15 68 10 0 1 4 3 0 0 0 0 18 0 32 0 38 0 0 0 0 62 45 0
 0 23 7 4 0 0 6 15 49 11 0 13 3 0 0 0 0 43 73 0 20 0 35 0 0 0 38 77 60 25 0 68 48 44 0 0 0 0 12 16 3 0 0 0 0 0 6 6 0 73 39 0 0 0 0 6 0 0 0 8 0 28 0 16 33 0 53 37 0 0 15 87 23 17 0 61 48 0 8 0 0 75 0 54 0 21 0 0 84 0 9 0 20 0 0 0 39 0 6 26 0 60 22 0 1 0 0 22 70 0 0 0 17 40 0 0 22 0 7 23 0 3 0 28 0 25 80 0 0 0 1 0 0 22 0 60 0 0 39 0 0 71 94 0 0 0 0 65 0 0
 0 47 50 74 13 0 22 0 0 0 4 0 0 61 0 0 3 3 56 79 41 0 41 0 39 0 74 91 63 0 0 0 2 15 60 15 58 23 6 57 0 0 17 7 0 59 19 0 0 0 38 0 0 0 0 47 25 0 0 0 0 0 0 25 50 65 0 0 22 42 76 0 97 23 24 14 57 83 0 0 19 10 6 43 70 0 83 67 5 0 69 36 10 5 26 0 46 0 0 47 0 0 55 0 0 23 0 0 0 10 5 0 0 0 0 0 0 55 18 0 3 78 0 45 22 21 50 0 0 0 3 0 0 43 0 12 0 19 0 0 0 0 16 49 30 0 0 0 0 23
 0 0 0 55 5 0 0 0 0 9 0 74 0 0 6 74 61 19 80 11 0 0 40 40 1 0 0 0 11 0 0 0 42 0 0 0 0 49 48 35 0 79 0 0 3 0 1 40 77 0 20 0 10 35 1 22 6 11 6 1 0 33 5 82 42 0 0 73 0 0 45 71 12 54 42 0 0 4 82 0 0 53 5 10 34 23 15 0 0 9 20 0 0 0 49 0 60 27 0 0 54 3 0 81 44 67 0 38 43 63 0 23 50 48 44 61 0 18 0 15 44 0 42 0 23 0 34 4 0 0 0 0 44 0 17 6 0 0 0 23 0 42 91 0 0 0 43 53 81 0
 86 39 0 1 31 0 59 0 0 57 21 0 0 0 0 0 52 0 45 0 0 87 9 0 0 0 50 0 14 27 7 51 0 0 0 6 0 0 57 19 78 0 0 0 0 25 0 4 42 0 38 53 0 36 59 0 0 0 0 0 0 0 0 0 0 0 0 42 0 0 14 0 0 58 18 0 27 39 19 76 0 16 17 21 0 17 0 0 0 0 0 0 27 26 0 9 0 41 0 19 0 8 36 0 0 0 0 56 9 20 0 0 36 0 51 1 24 0 0 29 45 3 29 0 0 56 0 13 13 0 0 0 0 0 28 1 12 0 58 0 0 81 27 17 35 21 0 96 0 0
 34 49 0 40 0 86 78 0 0 45 23 0 75 24 0 0 42 13 3 2 26 20 87 0 57 75 0 0 17 0 0 31 6 0 14 32 49 1 0 0 0 7 0 0 72 0 19 0 0 28 73 0 45 0 0 0 0 0 5 51 0 0 0 2 31 0 19 14 9 0 0 0 45 0 0 0 28 0 44 49 0 35 9 26 0 0 1 0 0 48 58 0 44 6 54 0 0 75 0 0 14 26 0 77 0 0 61 31 0 0 0 7 0 0 0 0 0 0 30 0 0 72 0 0 29 0 0 3 0 41 0 3 0 0 0 0 0 0 0 0 0 40 20 23 0 0 0 0 0 51
 65 2 14 29 25 0 0 76 0 65 0 0 0 0 34 0 54 0 0 26 22 0 0 0 4 0 77 60 48 0 0 6 0 0 0 0 62 0 0 65 3 0 22 9 0 0 0 49 13 0 44 0 87 0 0 0 5 0 19 10 0 0 18 0 0 0 37 10 0 0 0 74 0 70 0 0 0 0 0 0 0 33 0 0 0 3 75 0 0 0 28 0 62 0 0 24 56 0 0 0 0 29 84 0 0 10 0 0 0 4 47 0 0 0 0 72 0 91 19 45 91 0 0 0 0 0 0 30 0 0 0 57 0 44 33 32 77 37 68 73 19 20 4 63 0 0 0 0 80 0
 32 64 0 0 18 0 41 0 0 0 0 0 63 0 0 29 29 0 29 3 49 72 9 0 23 0 19 0 0 0 0 3 12 68 0 50 0 0 0 0 4 25 0 20 0 0 38 0 0 0 11 76 47 0 38 46 29 0 0 7 8 56 0 1 38 57 0 17 5 30 38 0 1 0 40 19 32 0 0 0 0 6 50 14 0 29 0 0 15 59 0 26 0 0 0 0 0 0 0 0 1 0 0 34 0 0 0 0 35 0 52 64 4 0 0 0 0 0 0 67 0 0 66 21 11 6 30 81 0 4 23 30 0 0 3 1 0 56 0 0 19 42 0 0 0 17 7 3 11 31
 0 0 0 0 35 11 51 9 39 0 0 49 0 0 0 80 0 38 0 71 0 0 75 13 0 0 0 17 0 87 66 19 0 29 0 63 0 0 0 11 0 4 46 0 25 0 0 13 25 64 25 0 72 0 31 3 60 0 36 0 0 0 0 7 0 47 0 24 51 0 49 73 18 0 31 71 0 0 0 0 0 31 0 44 0 6 0 0 0 20 29 0 0 65 67 43 42 10 0 62 0 64 53 56 13 12 39 0 52 82 2 0 0 0 0 0 0 6 13 49 53 0 25 0 0 0 37 0 0 0 45 78 3 0 83 39 0 0 0 2 0 30 40 0 64 0 0 2 64 0
 0 48 6 55 65 91 17 0 22 0 0 31 1 0 85 0 43 66 0 0 0 58 51 10 29 0 0 23 36 73 41 0 0 41 0 0 0 0 0 2 0 0 63 0 23 0 0 72 44 67 0 0 0 0 78 0 49 0 0 7 52 0 0 0 0 0 45 0 38 0 0 17 0 48 46 78 9 0 0 21 3 16 9 12 35 0 20 0 15 53 60 50 0 0 0 0 0 59 51 14 0 10 84 22 0 7 3 35 0 0 2 11 0 0 11 0 90 0 32 0 0 0 0 0 0 9 0 0 0 23 24 0 69 0 0 0 0 58 0 12 0 0 0 50 0 43 0 3 0 1
 0 0 20 0 0 30 0 53 0 25 0 33 0 19 0 0 28 0 0 5 0 9 8 36 0 0 0 71 43 0 0 0 0 0 0 0 0 0 31 0 0 0 0 60 0 54 44 0 45 0 0 47 0 26 6 12 8 3 0 0 84 0 24 0 0 48 0 83 44 48 0 0 7 66 21 0 0 43 0 0 8 0 0 0 41 11 15 37 0 0 0 0 33 0 38 7 4 0 13 14 0 0 0 25 63 0 0 0 51 46 0 82 0 0 20 0 0 22 0 65 26 1 0 0 0 29 0 0 84 2 27 78 75 0 64 22 0 70 32 0 67 0 35 54 14 0 40 0 17 0
 0 0 87 20 36 0 9 0 0 15 7 3 0 0 0 0 0 58 13 18 67 0 0 40 0 39 0 35 24 17 16 18 4 0 13 51 72 48 56 0 89 0 0 0 0 76 49 46 10 0 7 4 0 0 54 16 49 66 0 24 45 0 0 30 54 0 18 45 79 40 0 0 3 46 0 54 19 0 0 42 0 0 54 27 0 0 30 0 39 14 56 43 0 0 25 5 29 0 36 0 0 0 0 32 0 4 67 11 17 0 0 0 51 0 0 0 5 0 0 90 46 0 39 0 47 85 93 6 0 0 0 34 8 0 0 7 0 34 0 0 33 89 0 0 0 41 6 68 0 0
 0 0 0 3 0 15 0 0 0 0 20 45 0 0 0 0 0 0 70 0 48 73 1 0 0 0 0 0 42 0 8 90 0 7 51 0 0 0 0 25 21 24 53 0 33 26 0 0 58 51 40 0 0 6 0 0 41 0 46 0 0 8 0 0 2 42 25 0 71 0 0 0 46 0 0 55 32 0 9 39 63 75 73 5 32 0 64 60 0 13 21 57 3 30 0 67 43 60 56 26 0 0 0 82 0 54 56 0 31 91 0 0 0 0 27 4 89 49 0 9 0 57 65 0 24 18 21 0 40 1 0 81 0 57 0 46 11 0 0 0 0 0 55 44 8 7 0 0 0 79
 37 0 17 0 0 4 0 0 6 39 82 7 0 62 0 21 0 53 56 9 0 0 36 26 77 58 8 0 56 61 0 30 15 0 28 21 0 0 4 0 0 67 0 0 0 39 29 24 63 0 14 65 0 30 2 0 0 0 8 0 19 0 36 0 1 0 0 0 27 0 83 0 20 38 0 0 0 0 16 73 10 20 0 14 0 4 0 51 22 0 0 0 0 0 0 22 0 33 0 0 0 61 0 0 37 33 0 3 0 0 12 8 0 3 0 0 14 33 23 3 22 0 2 0 81 28 28 55 0 0 0 0 0 10 0 0 0 29 22 0 0 47 3 23 13 36 0 0 17 11
 0 14 43 4 37 0 0 4 68 0 0 14 38 0 0 13 23 0 0 41 0 23 0 0 0 29 45 7 31 0 0 0 4 35 6 11 9 24 4 0 0 0 0 0 0 0 0 22 14 0 19 19 0 3 0 0 0 36 3 0 0 64 0 0 62 0 0 0 0 17 0 0 0 0 0 0 43 51 0 12 0 15 0 0 0 20 0 0 17 92 16 75 34 0 21 0 0 9 59 0 31 46 20 50 0 0 0 71 30 21 0 0 0 27 0 28 0 0 41 0 0 0 0 2 49 15 95 0 9 0 34 40 0 15 8 69 58 44 0 0 0 0 28 58 12 29 20 44 0 0
 39 0 35 28 0 0 0 0 0 20 0 55 42 70 0 29 0 0 0 0 6 0 0 15 0 0 0 29 0 56 9 10 0 0 15 52 0 0 0 0 5 0 0 12 0 0 10 0 69 86 0 61 0 0 0 2 4 53 0 63 0 25 39 0 2 11 0 0 85 5 5 18 34 28 22 0 0 0 0 13 0 0 43 0 0 25 0 0 68 0 67 53 0 20 40 52 60 0 0 0 0 54 0 76 62 13 28 0 28 0 29 0 10 0 0 56 0 82 0 0 36 0 0 0 39 0 30 0 42 73 2 0 0 0 76 0 0 0 0 0 0 0 0 0 43 35 29 0 6 0
 0 0 40 0 49 0 0 19 40 0 93 0 57 1 73 30 0 0 0 0 50 17 27 71 0 0 0 0 0 31 18 6 0 12 19 0 22 26 83 19 0 0 0 65 0 0 0 60 16 0 31 36 0 27 0 37 0 31 15 42 0 55 0 12 73 22 0 0 33 61 67 53 0 0 2 0 81 0 42 0 36 31 0 62 0 44 0 0 81 0 0 56 0 6 59 78 0 0 0 36 0 0 0 0 0 0 0 0 19 20 48 12 19 41 0 0 0 45 6 61 1 0 21 0 76 34 0 53 0 0 0 33 0 42 11 58 0 0 0 20 0 0 67 71 0 0 46 0 0 53
 2 48 0 81 82 28 0 32 0 87 0 0 0 31 0 52 47 0 47 36 46 0 0 0 0 14 0 4 4 63 0 0 56 0 7 85 70 59 2 43 0 27 0 13 0 0 6 9 47 0 47 0 32 0 0 0 0 0 36 73 0 0 0 47 85 1 0 13 74 0 0 25 70 0 0 3 0 0 13 0 0 0 3 51 23 0 0 0 61 0 22 33 36 0 0 0 17 0 30 29 0 11 0 46 0 52 38 63 13 0 0 74 0 3 0 0 37 69 0 42 0 32 0 0 14 0 0 0 29 13 42 5 0 41 27 0 63 0 0 0 0 33 0 46 0 21 25 31 3 0
 0 14 0 0 7 0 17 45 76 0 55 41 83 0 70 70 74 0 80 0 0 22 0 21 0 6 0 60 0 17 0 20 0 0 31 8 0 17 15 62 90 0 52 0 35 45 49 0 0 0 7 0 71 0 9 14 26 17 26 0 0 0 23 7 0 43 61 7 23 21 0 61 0 38 10 0 68 0 16 0 0 6 56 0 84 75 27 0 49 68 0 0 3 80 89 0 0 0 2 0 0 0 0 14 25 0 12 21 5 0 0 0 0 12 96 0 35 0 14 67 30 13 0 14 33 6 60 11 17 0 0 28 23 0 0 0 54 14 33 0 31 9 0 0 0 0 0 11 6 0
 51 33 0 0 66 49 2 0 0 32 0 0 0 0 32 0 10 0 4 22 71 51 0 10 32 0 75 47 0 0 19 0 0 33 0 49 13 0 12 0 0 0 9 0 20 64 0 0 32 82 0 49 6 0 0 20 0 50 69 0 23 0 50 0 77 0 0 3 34 1 56 0 55 22 0 48 5 0 0 31 0 16 71 0 27 0 0 26 63 0 0 0 8 0 95 0 0 13 0 29 0 0 47 0 7 84 0 0 2 0 24 62 0 0 50 0 0 0 22 0 66 24 28 0 37 0 0 0 47 29 4 0 0 36 0 0 0 0 45 75 0 71 20 0 0 64 7 11 70 0
 0 0 37 0 49 20 0 0 0 72 26 0 4 0 0 0 0 0 0 47 0 33 0 60 11 90 36 11 0 43 0 0 20 0 0 0 0 35 45 0 0 3 0 0 19 0 0 29 32 15 35 16 0 33 19 0 34 1 0 21 0 58 71 77 1 0 83 10 0 0 50 25 0 2 0 14 31 22 46 0 15 0 65 0 41 0 0 0 0 50 0 0 29 61 47 10 1 0 0 3 8 0 0 5 45 0 0 0 0 49 69 34 0 0 7 0 50 68 0 30 0 0 24 55 17 65 64 0 8 0 19 0 81 46 17 4 0 17 21 10 0 0 0 0 31 0 28 0 0 30
 0 0 0 91 0 46 0 0 0 0 62 27 0 7 0 0 5 6 4 0 0 3 31 0 8 77 27 84 0 4 0 11 17 1 33 15 32 0 0 0 29 68 0 50 0 0 0 6 43 11 9 30 0 61 0 4 3 23 0 0 25 16 22 0 0 75 0 0 18 28 33 12 0 23 80 0 0 0 0 27 68 0 25 0 16 0 0 0 21 23 0 44 0 76 32 0 56 57 9 2 0 46 0 0 34 27 15 0 51 0 0 7 50 8 0 43 50 73 20 0 0 0 56 0 0 0 54 30 76 4 22 11 0 10 0 0 0 0 5 24 0 0 80 0 15 0 10 0 0 0
 0 0 0 32 9 0 81 71 0 0 0 39 39 0 46 0 18 20 0 0 0 0 0 10 0 11 36 0 0 14 16 15 0 0 83 30 44 0 0 8 79 0 0 51 0 2 24 22 62 0 32 0 7 0 0 59 69 0 1 0 0 0 30 4 16 43 33 0 3 0 8 0 0 77 48 36 7 1 0 0 0 37 46 0 0 56 5 0 0 0 18 68 51 83 0 59 0 33 0 0 0 0 0 0 4 0 0 8 37 0 0 8 0 70 14 0 0 0 0 0 13 0 37 18 5 11 0 0 0 65 0 0 0 71 0 38 25 42 46 0 15 0 0 0 0 1 22 57 17 1
 22 36 0 81 0 75 7 73 0 36 0 0 19 87 0 0 59 0 18 0 69 19 12 13 36 0 0 0 0 12 30 44 17 0 14 28 0 0 1 0 0 0 38 1 10 0 0 7 37 43 0 0 0 24 0 23 72 82 0 60 0 0 30 48 70 2 68 30 31 0 32 50 24 5 47 2 0 29 46 35 8 23 33 74 0 0 0 0 10 0 17 22 0 0 47 18 0 74 68 0 65 38 0 0 0 0 85 0 5 14 0 33 28 54 73 21 0 62 0 30 0 31 0 1 0 18 0 0 0 0 0 0 48 0 40 0 45 15 0 22 25 60 0 0 0 0 0 0 0 0
 0 0 17 30 83 0 15 0 22 48 0 3 0 0 0 0 21 0 12 0 55 85 29 65 0 0 0 0 0 0 0 90 0 31 0 0 0 0 7 0 21 5 0 37 0 5 0 0 51 40 6 0 99 0 34 24 28 2 38 30 0 5 1 0 81 59 10 0 0 0 0 53 12 39 0 0 0 0 26 0 14 67 14 0 0 0 56 0 72 14 58 0 0 9 0 0 0 15 27 58 0 0 20 24 0 0 47 6 0 0 0 0 0 62 0 0 41 0 60 0 0 0 23 0 51 0 0 0 0 40 6 0 10 0 3 0 29 22 4 0 0 27 0 0 0 18 83 0 0 0
 27 12 37 66 3 0 0 38 0 16 12 63 73 20 0 0 64 0 0 2 41 10 27 78 0 40 0 14 8 0 0 24 0 0 38 0 0 0 41 12 0 0 35 10 0 9 0 68 10 47 11 9 27 37 0 14 5 54 5 0 0 0 0 8 73 0 54 37 18 17 20 22 41 4 0 0 47 3 0 41 0 14 0 11 44 24 11 31 16 0 23 8 45 61 12 0 11 48 0 10 69 34 5 58 0 83 0 81 0 0 8 0 0 0 0 0 0 0 0 0 0 31 0 21 56 0 0 0 0 0 16 0 0 21 2 0 0 28 0 17 0 0 13 6 74 74 12 1 0 0
 0 0 6 0 24 46 72 0 0 8 49 41 3 14 85 2 0 51 10 34 59 69 14 0 0 0 0 0 14 23 0 13 0 33 41 0 26 63 0 0 0 16 20 0 0 25 0 0 23 0 16 0 57 0 0 38 0 4 0 0 0 16 1 0 69 77 0 0 0 0 0 7 18 0 27 0 0 46 0 0 0 0 25 0 0 56 4 62 0 0 0 13 0 64 18 4 0 35 0 45 0 2 19 0 9 0 0 56 66 21 0 0 0 22 0 0 0 0 53 17 50 0 20 27 0 0 0 0 0 18 11 62 53 0 16 7 0 59 35 35 0 0 19 0 0 0 2 0 0 15
 25 8 47 0 63 51 45 0 68 59 1 0 14 0 46 0 0 12 47 0 0 0 27 0 73 23 47 50 11 17 24 0 11 0 0 64 13 51 0 0 4 34 0 70 0 0 60 0 40 76 0 19 0 0 0 42 0 36 0 40 0 0 19 0 14 0 25 47 0 3 0 21 40 5 10 28 0 0 51 0 19 0 52 0 0 56 17 53 66 0 67 58 0 4 0 65 38 35 29 0 0 0 43 1 29 31 0 68 31 52 9 0 47 67 76 0 0 33 0 91 57 0 0 12 68 0 56 0 0 17 50 66 57 9 0 0 0 93 15 0 0 39 0 32 0 0 59 0 0 73
 0 55 16 7 0 13 2 0 0 13 0 4 16 0 0 0 6 0 24 68 0 84 0 16 51 2 0 6 59 16 0 0 55 0 0 14 66 0 46 18 53 3 0 27 0 0 39 18 40 28 0 0 0 31 0 5 73 64 67 0 8 0 15 0 46 46 29 0 22 0 0 0 0 0 21 0 24 46 0 30 0 33 0 0 0 0 0 0 63 0 0 4 0 0 76 0 48 81 47 0 0 19 0 97 7 38 0 44 0 41 0 0 15 0 0 0 70 0 0 0 0 28 0 3 0 0 41 0 31 0 3 0 0 88 21 0 24 66 0 90 0 21 0 0 44 75 25 0 78 79
 52 0 0 60 61 18 0 0 0 0 25 0 0 0 46 44 1 0 58 62 21 0 35 47 0 0 4 46 58 0 52 0 0 26 38 0 17 16 0 0 0 0 0 63 0 26 0 19 58 0 42 0 0 0 27 32 9 0 88 0 86 0 0 0 0 51 77 19 0 0 10 29 0 0 57 47 0 18 0 28 19 45 42 0 13 0 10 4 0 9 0 88 33 0 0 0 0 0 72 76 52 0 0 0 27 0 0 0 0 50 0 0 4 0 0 93 0 0 45 0 22 0 32 15 68 17 97 0 78 6 0 70 9 2 0 0 55 0 0 0 0 0 0 32 19 0 33 0 0 0
 0 26 27 0 0 57 0 0 53 30 0 20 0 0 0 0 16 0 0 69 28 6 0 22 0 0 0 0 0 83 1 0 0 0 44 0 0 0 20 0 33 1 0 0 0 0 39 5 0 0 0 0 20 0 76 0 43 6 16 43 0 0 15 0 0 0 0 1 0 25 0 2 64 29 0 32 72 0 0 6 13 0 20 0 0 5 0 0 0 47 0 22 0 47 0 75 0 78 28 23 0 92 0 0 60 87 27 0 27 6 0 0 0 7 0 66 0 14 0 0 0 0 0 36 0 34 63 0 38 68 64 0 80 0 0 0 12 0 17 0 2 23 0 0 0 0 97 0 0 0
 80 20 0 20 17 0 68 32 8 45 0 80 0 68 0 0 0 0 8 0 30 38 0 0 0 0 0 35 89 0 0 13 10 0 27 0 26 6 0 14 61 22 0 26 0 0 0 0 0 0 9 0 0 0 0 26 0 7 7 1 60 37 0 42 31 85 5 17 0 0 7 0 0 0 94 40 25 27 27 59 0 81 10 0 0 12 0 0 43 17 0 78 0 0 8 35 0 61 0 0 71 35 83 47 9 0 15 0 0 0 16 37 0 0 0 17 80 0 51 0 52 0 24 80 84 49 0 32 20 32 9 0 0 0 27 0 0 40 0 48 16 70 0 5 31 29 82 2 0 0
 17 0 26 0 0 39 7 0 14 5 0 0 76 20 0 48 0 60 39 45 0 0 57 0 23 0 30 0 31 39 11 0 33 0 0 39 0 59 0 88 52 0 54 6 0 0 60 25 0 0 95 0 14 0 0 0 0 0 0 14 37 0 0 0 0 0 0 0 0 5 37 55 38 4 10 6 0 34 0 0 0 26 8 33 0 86 0 11 0 0 21 89 0 0 64 20 85 0 4 0 0 0 0 0 5 75 73 82 0 0 22 0 6 70 76 25 26 0 63 33 1 0 0 18 30 0 0 64 53 16 0 0 0 14 71 0 2 16 44 14 50 38 92 0 0 22 1 0 9 10
 0 44 14 0 0 0 17 0 0 9 89 0 0 0 17 0 50 6 14 0 21 0 0 40 19 0 0 24 24 47 39 30 0 0 0 25 0 58 87 22 0 0 0 12 0 0 0 54 54 0 25 65 0 0 4 0 48 0 44 40 45 73 0 0 51 71 0 0 20 0 0 83 3 0 0 21 0 27 0 0 60 85 0 0 59 0 0 0 19 0 0 0 0 0 0 48 0 0 0 46 5 0 0 44 2 0 18 10 12 40 0 0 8 18 0 0 0 31 36 0 0 0 0 0 0 68 37 0 16 9 57 46 0 66 1 0 45 78 0 42 23 9 0 0 0 21 69 0 0 30
 5 0 0 59 2 0 0 0 0 80 0 0 0 16 0 0 22 47 0 49 0 48 77 0 0 0 0 57 0 22 48 0 49 0 0 63 43 27 0 33 70 0 44 0 0 64 0 0 20 64 0 6 0 0 0 0 0 33 2 0 4 40 0 5 24 0 17 47 12 0 0 0 0 43 0 0 24 0 0 0 31 0 9 0 24 0 56 0 25 0 44 0 81 3 37 0 12 25 0 2 34 0 0 0 0 0 41 17 0 98 6 47 37 0 0 50 3 7 0 0 0 30 12 0 0 0 0 0 0 25 44 0 22 6 0 0 0 0 25 0 0 7 0 44 0 0 0 2 19 0
 26 0 0 0 0 0 0 50 0 0 63 36 77 0 0 0 0 0 0 88 0 60 41 60 0 6 0 31 23 64 0 0 0 14 19 27 0 0 32 0 0 0 3 8 0 0 12 20 49 14 0 0 49 54 42 0 46 16 36 0 24 0 25 0 0 7 0 35 8 39 19 25 16 0 28 12 75 0 36 62 92 0 0 0 0 5 18 24 0 41 0 0 73 68 0 0 11 68 80 15 0 34 0 49 5 12 0 0 17 0 80 2 0 19 17 10 74 0 57 56 0 0 0 0 0 35 47 0 0 0 24 12 2 0 0 10 0 27 18 0 0 0 0 0 0 0 0 0 0 67
 0 0 0 0 0 1 64 7 0 18 0 25 0 42 5 11 0 0 0 0 54 23 0 61 0 32 40 0 24 0 0 0 0 38 0 0 0 54 0 3 87 48 35 76 0 0 0 0 0 0 0 0 0 26 0 0 0 0 11 0 15 18 18 5 4 0 46 0 0 19 0 0 0 0 0 0 55 48 0 19 0 50 0 18 0 0 12 63 0 48 7 0 0 29 0 0 0 0 0 27 61 26 55 22 73 1 0 48 43 0 0 71 49 6 0 0 0 0 0 30 0 0 56 0 21 0 42 18 0 7 24 57 0 8 0 13 0 0 3 0 15 0 0 0 46 0 0 0 0 24
 26 37 0 0 8 0 0 52 7 18 13 0 0 2 0 0 19 0 14 0 0 0 0 69 0 0 9 14 0 2 43 0 23 48 13 52 0 0 69 0 59 53 0 5 0 0 65 42 8 22 0 25 0 22 46 0 71 0 11 2 0 20 10 0 0 0 0 51 8 12 0 0 27 21 0 38 0 38 0 0 24 15 0 39 50 51 0 38 41 13 0 0 36 33 1 49 0 57 0 52 62 62 0 0 0 68 56 0 0 0 22 0 25 17 0 0 0 50 13 3 38 0 0 0 11 0 0 56 62 57 0 6 0 0 43 6 0 40 77 10 0 0 28 0 41 42 27 0 0 21
 22 28 0 89 54 0 0 0 36 0 68 73 0 4 0 0 0 0 82 0 92 0 0 0 0 70 0 7 0 22 2 0 61 0 25 0 9 0 7 0 0 68 49 38 0 0 15 71 6 14 0 5 0 0 29 35 36 2 33 15 0 56 17 50 33 26 35 0 73 17 19 0 0 28 0 0 0 74 0 73 79 30 88 10 36 23 40 21 0 0 37 0 0 0 22 68 0 0 0 0 7 0 0 71 43 0 10 0 0 25 0 0 0 52 0 98 20 0 0 0 0 83 0 0 0 50 0 45 84 31 3 0 5 45 0 39 0 24 0 0 23 0 0 19 0 0 0 35 0 0
 0 0 37 0 62 0 0 73 0 24 54 49 0 0 0 0 0 0 0 61 19 74 0 10 29 56 0 74 0 24 0 0 13 0 95 0 0 12 73 0 7 0 73 0 52 0 3 0 70 0 33 0 40 0 9 0 0 38 55 28 18 96 34 0 0 0 0 0 83 0 0 11 46 18 0 0 33 74 0 0 45 15 1 6 0 0 4 0 22 6 30 33 64 0 0 0 9 0 0 11 34 42 0 25 13 2 64 0 65 39 0 20 12 51 3 19 39 0 0 0 32 41 0 28 32 0 0 1 0 0 45 8 0 4 0 6 0 44 48 0 0 0 38 0 0 0 4 0 14 0
 66 71 68 0 0 0 8 0 52 26 0 32 0 0 0 0 0 42 0 10 0 3 39 0 0 0 0 0 0 0 0 96 17 28 6 83 17 33 9 0 0 0 28 63 0 0 0 0 0 20 32 0 0 83 39 0 0 0 1 0 34 50 1 27 0 0 0 9 0 0 49 43 0 45 1 0 26 37 0 0 33 0 61 40 83 15 60 0 1 0 0 6 8 16 29 30 0 45 0 72 23 40 20 22 0 0 0 0 22 0 0 44 25 0 0 96 6 0 29 72 0 81 0 0 0 13 54 37 24 13 18 0 25 0 31 2 0 83 6 0 0 43 0 5 0 0 38 0 0 6
 27 0 20 0 40 65 45 48 30 0 52 6 0 0 0 0 0 22 0 45 0 75 0 0 0 55 0 21 0 0 90 0 0 0 0 0 0 0 20 12 0 0 43 0 58 42 0 0 0 0 21 0 49 0 0 0 19 0 66 87 0 42 23 0 92 0 0 0 3 35 50 30 0 26 26 67 0 64 54 0 12 19 20 44 0 14 0 0 0 18 20 31 0 0 17 0 0 73 96 0 6 32 34 0 74 34 0 0 40 0 0 12 79 0 0 0 93 0 0 77 0 0 23 0 13 0 94 32 0 0 66 0 14 0 0 0 12 26 0 6 8 0 1 26 54 48 0 33 3 6
 0 0 0 0 0 42 38 16 5 0 0 12 2 67 31 0 0 0 46 0 48 0 46 6 21 10 2 0 19 43 0 0 0 35 0 0 0 0 0 0 85 0 36 0 0 50 0 61 44 0 0 0 31 33 52 0 83 11 16 0 0 5 0 57 31 0 44 20 0 0 81 0 0 14 19 0 28 0 0 4 36 0 62 0 15 0 56 0 0 39 0 0 0 17 64 0 0 30 0 16 75 38 0 40 51 0 54 9 0 0 56 66 0 65 11 33 90 94 95 71 0 0 0 4 41 28 33 0 0 0 0 22 0 0 7 0 63 12 40 0 15 15 13 65 0 54 5 70 0 0
 52 0 31 0 0 27 67 0 5 11 34 0 3 0 32 33 0 53 0 2 0 0 23 0 0 0 0 7 10 34 0 37 0 55 17 55 10 32 0 0 0 0 38 8 28 0 28 43 0 36 0 0 2 0 33 0 4 0 70 59 0 0 9 32 0 0 0 46 0 0 0 23 0 47 0 0 0 0 28 71 0 0 64 0 0 15 10 50 0 0 64 0 2 0 0 14 0 15 47 0 30 0 9 61 0 34 0 0 0 11 0 10 0 14 32 0 45 0 16 0 0 0 64 0 45 53 0 79 0 71 0 29 82 0 87 67 0 0 0 0 30 11 0 0 54 0 48 77 0 11
 46 0 0 26 3 0 16 20 56 17 0 0 31 7 0 0 8 40 28 0 49 46 4 0 8 72 0 0 67 0 0 15 0 13 0 0 31 0 0 0 50 28 0 0 0 37 35 22 0 0 65 0 0 25 0 31 0 41 23 0 32 24 0 72 77 3 0 33 0 0 49 16 0 15 0 2 0 10 0 0 43 0 0 0 4 0 0 0 0 77 15 0 0 0 10 0 48 68 0 9 15 0 0 10 4 20 4 0 52 19 0 0 0 34 31 0 0 0 40 63 0 0 0 19 43 25 0 37 0 0 0 39 12 27 46 0 0 0 0 77 23 66 0 10 0 0 3 0 0 0
 0 61 0 0 12 0 0 0 0 0 7 0 80 68 0 0 49 0 21 19 74 0 48 8 0 39 22 0 0 5 0 0 0 3 0 0 0 47 55 36 39 0 1 0 0 0 0 47 0 3 32 0 14 20 0 0 53 39 98 11 0 22 16 0 0 45 70 57 12 7 0 27 57 3 0 58 39 0 0 0 71 0 30 0 41 0 0 48 0 45 0 0 7 0 0 86 27 0 19 1 43 0 0 25 0 64 0 0 97 39 46 56 0 68 0 20 66 88 29 53 60 0 34 15 86 0 0 0 0 77 0 0 0 0 22 0 0 0 1 3 0 88 16 65 22 19 40 0 0 0
 11 0 0 0 0 21 0 27 74 73 0 0 0 67 0 0 10 0 9 14 10 34 0 49 53 4 0 0 0 0 0 7 67 13 58 4 9 0 0 44 25 0 0 0 33 0 40 61 12 20 33 0 83 23 0 0 18 72 0 8 0 0 0 6 8 51 0 0 2 0 0 0 0 0 0 53 0 0 18 0 0 35 68 51 72 0 67 0 36 13 55 11 0 0 0 37 41 58 0 43 0 37 3 0 27 1 12 18 49 0 7 9 16 0 0 0 88 3 74 13 18 97 47 48 39 98 81 25 22 0 33 0 0 9 0 0 0 51 27 27 0 0 93 0 14 0 0 31 30 13
 0 10 0 0 0 0 49 0 0 0 0 62 33 0 83 0 6 19 33 0 6 0 53 42 59 52 0 0 10 0 0 0 63 16 25 1 0 0 6 0 0 65 0 14 20 46 54 3 0 0 46 69 0 37 0 15 0 36 0 0 32 0 8 0 0 0 88 26 13 82 0 42 30 25 14 0 18 55 0 0 69 2 0 0 1 37 0 0 0 43 23 0 12 24 0 0 0 0 32 0 0 0 56 59 0 7 0 10 24 0 21 0 84 99 29 94 0 9 0 3 0 0 24 0 0 65 0 12 15 0 41 0 25 0 86 0 4 54 28 49 63 0 72 0 0 71 22 0 26 0
 0 0 0 25 0 53 64 74 0 0 0 0 26 64 0 0 0 72 0 50 0 9 0 0 0 29 0 65 0 0 0 0 0 0 0 11 3 7 11 0 0 24 0 46 0 29 0 61 0 0 0 69 0 89 11 96 66 0 0 83 4 0 11 35 0 0 48 0 0 0 38 10 0 0 0 49 0 0 23 79 29 58 0 43 49 16 60 9 35 0 14 3 64 0 70 0 63 0 0 0 0 0 0 0 0 0 0 0 8 2 32 53 85 33 0 36 72 0 49 0 0 0 34 4 0 0 2 0 34 0 48 74 48 24 40 20 51 46 0 21 0 25 0 7 0 32 22 0 30 8
 0 50 0 0 70 0 0 1 0 0 0 0 0 0 8 0 0 0 0 0 0 5 0 41 28 54 0 0 0 73 0 0 0 0 0 0 27 0 43 59 0 0 0 38 0 0 0 0 57 2 0 0 0 8 7 65 0 0 0 0 62 0 50 0 18 8 54 0 0 47 0 0 0 62 13 4 68 0 0 57 0 48 0 17 22 7 0 0 0 0 0 0 0 0 0 0 68 0 32 0 0 24 0 22 0 14 0 0 32 47 15 0 0 95 0 19 0 0 0 0 0 0 18 5 58 0 50 54 27 52 0 1 0 2 17 0 0 0 49 0 66 0 67 0 20 0 6 0 0 59
 6 0 1 54 32 0 2 44 33 0 72 0 0 0 21 0 73 14 35 58 0 2 17 0 47 14 16 0 0 32 0 38 22 0 30 15 6 0 0 56 36 0 0 0 0 8 32 0 0 68 0 0 0 57 0 13 9 0 65 0 0 0 0 0 33 3 0 8 0 12 41 0 69 11 35 27 0 0 79 0 4 95 0 49 0 0 0 0 0 0 53 0 26 0 68 0 65 0 0 12 39 12 9 14 0 0 0 51 0 10 0 27 51 0 23 0 37 0 0 0 59 0 0 4 8 37 22 0 77 20 14 0 0 49 63 0 0 0 0 0 7 5 23 39 82 0 34 0 60 0
 0 0 0 0 3 0 22 56 12 17 0 7 0 77 0 18 41 0 32 10 0 0 0 0 4 0 10 30 25 0 38 67 94 1 0 0 19 0 16 56 0 0 1 0 55 0 0 26 26 44 35 0 0 0 34 0 40 31 0 79 0 20 5 50 14 0 30 0 0 0 0 0 0 34 0 0 0 0 0 46 1 5 0 0 79 32 0 0 0 0 0 33 35 0 65 0 0 26 28 34 17 40 0 0 0 0 18 3 0 14 0 0 9 20 80 0 0 0 11 14 17 0 37 0 0 0 8 34 37 0 7 0 0 16 0 45 0 0 0 46 0 0 0 72 35 42 0 0 4 1
 0 0 16 16 27 0 11 1 82 53 48 46 14 74 0 0 5 1 11 42 0 4 0 7 42 7 0 0 0 0 16 39 66 0 0 29 0 0 45 4 53 22 0 0 0 0 46 1 5 25 0 38 29 65 0 87 8 0 40 0 0 22 53 61 0 29 0 35 0 34 66 10 0 10 4 0 21 10 0 0 0 0 0 27 30 1 0 10 0 22 45 0 9 0 25 55 0 67 64 38 17 64 50 34 27 34 0 0 17 39 20 0 0 0 0 0 0 44 0 0 25 0 0 3 0 16 0 91 15 0 0 0 0 65 0 0 25 73 50 0 21 26 1 1 58 84 15 17 0 17
 0 25 5 32 19 13 46 90 72 20 0 32 73 13 73 0 22 56 0 40 45 0 23 10 0 32 49 0 0 38 0 0 0 16 17 0 27 0 0 39 55 0 2 0 0 17 72 35 13 73 0 46 19 18 71 13 0 19 0 30 7 12 0 0 0 0 0 23 0 0 22 63 26 0 0 0 69 23 7 0 28 30 63 29 47 0 0 0 29 0 0 45 0 0 0 0 0 48 83 42 42 13 46 0 0 0 0 0 0 18 0 12 0 0 70 0 14 4 32 63 23 0 0 0 0 0 0 0 73 0 0 0 0 5 37 0 0 54 32 13 38 12 0 0 16 0 11 0 2 0
 81 0 71 0 15 45 0 0 0 51 0 63 0 45 75 4 0 0 0 0 0 0 10 0 42 0 7 0 19 78 0 0 0 0 0 0 0 0 30 0 3 0 0 6 0 0 0 2 0 0 3 0 68 0 0 0 0 51 0 15 0 64 0 22 31 0 0 38 0 5 49 60 0 55 0 0 51 62 52 52 0 70 0 25 0 0 69 0 7 68 0 39 0 6 0 57 0 0 41 0 77 0 0 24 0 0 0 0 0 0 5 0 0 0 8 0 87 59 0 25 0 60 44 52 0 0 31 43 7 24 0 0 0 0 0 36 59 0 50 42 53 0 18 0 0 0 0 5 0 4
 1 0 0 5 9 44 0 0 3 0 2 37 63 0 56 42 0 50 73 0 68 70 0 0 27 45 0 65 0 0 0 41 0 0 0 3 0 2 0 0 28 0 0 60 38 62 0 0 47 47 6 1 24 51 0 13 48 13 0 41 36 0 0 35 56 0 65 0 20 30 0 0 0 0 51 63 0 0 61 63 34 33 0 0 0 0 49 15 14 0 0 76 0 31 0 0 0 44 26 0 0 0 0 0 7 0 0 22 0 0 0 0 55 0 0 0 0 37 82 21 51 0 0 0 4 0 0 81 64 9 25 15 36 0 0 0 0 0 58 44 33 0 0 59 0 9 0 10 26 0
 92 0 0 0 54 53 27 47 0 0 0 21 0 0 48 49 39 0 0 28 21 2 0 0 5 0 0 0 33 43 0 9 0 0 25 25 0 0 3 0 0 14 44 51 0 57 12 62 12 0 0 0 18 83 0 0 37 76 0 50 36 45 0 0 0 0 0 0 0 0 0 19 9 75 0 0 90 26 65 37 0 0 0 0 50 0 0 0 27 0 54 0 0 0 57 20 0 44 25 32 50 0 0 39 0 53 15 64 0 6 0 0 0 27 0 42 26 0 0 0 11 2 76 0 0 0 11 11 34 71 0 12 5 19 0 0 10 0 0 11 0 0 35 29 2 34 49 0 49 0
 73 0 0 90 25 0 9 38 0 0 0 95 0 15 0 0 59 0 79 62 0 28 29 0 0 4 10 20 0 0 7 75 77 0 27 0 65 0 91 0 0 0 0 82 65 0 0 35 29 35 0 48 62 21 61 0 0 10 0 0 0 55 50 44 52 0 0 0 0 0 0 0 89 70 0 0 3 15 0 10 48 76 22 0 0 0 0 3 57 1 40 3 36 0 82 0 56 22 0 0 23 0 0 21 0 0 41 13 6 0 0 27 6 0 3 0 0 38 0 0 62 49 0 0 42 28 9 29 29 22 0 0 87 11 12 0 37 21 0 0 0 0 0 0 71 0 0 0 40 0
 0 0 7 16 34 0 0 0 0 39 56 5 46 37 0 0 4 57 0 0 0 0 11 57 1 0 72 0 0 57 0 28 0 0 0 68 31 3 20 32 26 0 0 8 0 56 39 0 0 0 0 6 0 16 34 0 37 0 0 0 9 0 0 49 0 0 35 5 39 62 23 72 0 0 62 0 0 0 14 64 47 0 68 60 68 6 15 0 0 0 60 0 0 11 0 0 0 0 61 41 0 9 0 0 0 21 56 0 0 0 43 0 48 0 0 6 23 60 44 0 68 0 34 0 0 0 0 0 0 49 25 0 0 13 0 27 9 0 0 0 0 15 0 0 17 0 0 17 18 0
 3 80 0 56 0 28 2 0 30 0 40 10 18 5 34 40 67 26 0 9 26 52 0 0 0 38 16 0 0 32 0 28 0 50 6 14 0 17 0 1 17 61 0 0 38 0 2 0 57 18 62 0 0 24 0 64 0 2 0 0 1 26 32 28 52 0 4 64 0 0 0 0 10 0 19 76 12 12 0 0 19 0 0 0 20 0 92 66 43 0 0 0 0 4 84 0 24 12 0 0 0 0 41 0 11 36 0 0 0 40 33 86 0 18 11 0 64 0 0 0 0 24 0 0 0 0 51 3 0 14 2 25 0 10 39 76 0 36 54 0 0 5 21 0 0 0 0 15 1 0
 93 28 79 0 0 0 0 0 0 11 18 0 0 46 62 0 95 38 0 0 74 4 0 0 0 46 71 0 24 0 0 0 0 0 30 0 0 15 2 9 12 0 0 0 15 0 0 0 0 3 52 19 31 45 0 0 15 41 0 0 0 15 65 0 0 0 0 71 18 0 15 75 80 0 40 5 0 0 0 0 34 0 0 0 39 0 0 0 26 0 51 0 53 81 67 0 32 0 3 27 15 0 35 7 0 92 24 28 79 10 0 0 0 0 0 0 52 46 0 41 32 30 49 0 65 2 0 2 4 0 1 84 17 0 0 96 0 0 13 0 0 0 0 9 0 0 76 73 0 39
 24 5 0 0 0 0 0 53 37 0 63 0 13 26 0 5 0 14 43 0 51 0 0 0 0 0 0 0 17 0 0 0 49 1 0 57 76 0 0 0 0 0 0 0 0 0 3 0 87 0 0 0 23 0 9 0 53 72 18 42 66 0 60 34 0 0 52 0 0 0 0 0 42 21 57 32 12 7 12 0 40 0 31 36 9 34 5 0 41 0 27 80 0 0 76 34 5 0 0 0 1 2 2 0 0 0 81 0 0 14 10 51 25 48 48 22 0 0 5 12 28 23 0 0 5 99 15 0 36 0 71 0 0 0 7 43 66 0 0 72 0 17 21 11 0 52 20 0 22 0
 3 38 0 0 33 18 0 29 35 19 29 0 32 13 0 59 32 0 0 0 0 0 11 17 0 76 3 0 23 1 0 20 0 2 28 29 0 0 42 0 13 82 0 0 0 0 0 0 62 10 0 51 0 0 51 29 0 0 0 0 0 0 0 0 14 0 0 0 0 0 28 21 0 0 0 45 66 0 3 27 44 0 0 34 0 0 0 0 0 0 16 8 61 0 16 0 71 0 0 0 0 0 0 0 16 9 0 0 0 18 0 58 0 0 0 0 0 0 75 76 33 0 0 0 38 32 56 0 0 62 58 5 0 15 0 16 56 86 0 13 68 0 0 0 91 0 11 22 0 0
 0 9 11 29 0 18 0 0 37 18 0 19 0 61 0 12 33 0 0 37 0 34 0 63 56 16 27 33 71 22 26 0 0 1 0 40 27 37 16 0 0 0 0 0 0 0 12 18 40 1 36 79 0 0 0 6 61 13 0 0 0 0 0 0 0 4 10 12 0 44 24 0 0 1 23 0 0 25 54 0 53 0 35 55 14 0 86 63 0 26 58 53 35 0 0 0 0 0 69 0 20 0 0 18 6 0 64 0 46 0 0 0 0 93 0 0 4 0 51 85 0 0 0 31 0 17 35 0 0 0 0 5 78 3 0 0 81 36 62 8 36 0 1 69 0 0 0 12 3 24
 7 32 36 0 0 31 13 0 76 0 0 0 0 50 0 0 53 0 40 0 0 55 0 0 0 0 0 66 0 14 0 49 0 27 0 6 30 0 0 0 0 59 6 31 22 0 0 28 4 8 52 0 25 0 0 0 0 0 0 0 0 0 0 0 55 0 0 0 0 5 59 25 23 0 25 82 57 71 0 67 6 0 31 0 0 39 26 49 53 35 2 0 45 48 0 0 0 36 0 19 0 0 7 0 43 1 0 0 0 28 15 22 0 39 71 20 0 12 5 0 0 0 0 0 49 32 0 21 0 0 0 0 66 9 37 58 0 0 0 1 48 46 0 0 0 10 0 42 51 0
 0 0 0 0 20 0 0 0 85 4 0 0 0 33 62 79 0 32 0 55 20 8 26 0 4 96 65 19 0 0 0 0 0 0 9 50 0 0 37 45 6 0 10 0 32 71 0 0 0 55 3 27 46 9 24 0 0 0 0 0 41 0 0 74 92 0 0 35 34 0 0 40 27 0 31 0 6 74 42 87 45 0 0 27 39 0 0 3 64 89 9 27 16 0 42 32 21 0 0 20 1 77 70 38 2 0 0 0 0 69 60 0 65 0 15 9 0 0 0 0 21 5 0 49 0 0 30 0 0 0 0 18 8 28 67 9 14 0 0 0 5 0 34 0 88 0 30 43 0 0
 67 4 0 44 78 0 48 58 36 13 0 0 5 0 10 0 74 62 26 46 0 86 0 0 0 0 19 40 32 57 31 0 0 0 30 92 9 85 12 0 0 61 0 26 0 27 0 36 0 0 0 0 0 31 53 0 0 0 69 0 0 34 0 3 0 0 37 8 0 20 0 0 32 0 26 25 0 24 0 0 0 0 0 0 14 28 0 2 0 44 73 6 0 0 0 22 40 57 0 0 9 54 0 0 67 0 0 0 0 0 5 2 43 28 16 0 9 0 0 0 0 37 38 0 1 0 11 0 0 53 11 6 94 0 0 31 0 12 34 0 20 30 50 15 58 0 0 89 80 14
 40 41 38 0 0 0 54 0 0 56 77 0 0 56 6 0 64 3 2 0 0 0 46 25 43 18 35 0 40 12 61 3 0 0 38 0 83 10 38 8 59 0 4 21 0 50 0 40 69 0 0 15 4 24 0 36 39 0 0 0 0 0 39 78 0 0 23 13 0 31 0 12 15 0 12 0 0 0 0 0 0 0 16 0 11 0 66 0 0 0 53 0 32 22 0 15 0 6 7 44 0 0 13 23 4 31 22 0 16 13 14 6 0 18 0 1 0 0 54 55 0 0 0 31 0 0 31 0 11 0 7 0 36 57 0 2 0 8 0 66 0 0 80 17 0 0 13 0 0 10
 0 59 24 0 8 0 0 0 62 0 17 4 17 48 18 0 47 0 0 0 74 32 0 50 0 0 0 0 0 31 6 0 0 0 0 0 0 49 80 0 29 8 0 0 8 33 13 0 35 21 40 64 0 34 64 0 55 16 0 92 55 85 0 2 15 19 56 0 26 0 0 0 23 8 0 75 31 0 49 0 0 0 74 17 0 0 2 0 0 0 65 0 0 13 1 21 41 35 25 65 0 80 0 1 0 80 0 26 10 0 2 57 65 0 69 0 0 0 65 0 0 6 73 0 62 0 0 0 68 50 0 0 58 3 24 0 0 55 0 39 48 0 0 100 29 5 0 0 17 49
 78 0 55 0 0 1 0 21 19 0 0 19 0 12 37 7 0 22 0 0 24 0 38 17 0 9 0 0 0 0 0 0 4 0 9 61 2 3 0 46 0 13 28 22 0 0 27 33 3 0 0 15 23 0 0 6 0 26 0 42 0 0 0 0 0 29 0 30 0 5 83 0 0 17 1 1 35 0 39 0 81 18 73 0 2 0 47 0 0 0 0 29 49 50 45 0 0 4 15 12 0 77 49 0 0 50 0 62 49 58 21 0 0 7 14 67 0 16 0 40 0 0 83 60 0 0 0 0 0 43 18 0 0 0 11 80 54 0 17 7 0 0 35 0 38 0 13 59 0 0
 5 0 49 33 0 0 43 0 11 0 0 18 50 0 0 0 34 5 70 30 0 51 0 0 10 0 44 0 18 71 0 12 24 0 58 38 3 19 82 45 3 23 0 81 35 20 0 80 10 0 0 0 50 40 34 23 66 53 0 0 0 32 0 33 24 0 39 0 0 60 0 8 0 60 85 22 16 0 23 0 23 57 0 51 0 20 0 0 0 0 0 1 0 52 0 45 7 0 9 0 0 31 10 0 14 13 0 0 0 69 34 5 0 0 6 40 0 0 39 86 0 13 0 0 57 6 0 0 44 87 0 0 35 2 37 6 0 21 15 0 18 4 25 0 57 7 0 8 5 0
 0 47 0 74 0 0 72 0 0 50 0 69 6 14 18 0 10 0 69 0 59 2 0 0 53 0 31 0 3 56 0 55 0 16 57 66 37 69 0 0 5 0 40 63 16 50 9 28 84 0 0 0 16 15 0 63 0 16 0 0 8 18 0 0 0 51 18 8 0 32 16 0 40 30 39 80 13 11 0 25 66 6 0 54 0 0 0 72 66 0 0 0 0 47 0 0 0 0 40 0 0 0 0 0 0 0 0 0 0 0 91 52 0 32 0 0 13 0 0 0 0 19 0 0 0 0 17 0 0 41 70 0 13 33 36 0 0 0 82 88 0 38 0 60 0 54 70 0 8 0
 60 25 0 57 49 0 0 5 0 50 80 77 43 0 14 78 0 54 0 70 5 0 0 0 41 43 20 30 0 4 0 0 27 0 0 0 0 3 13 26 7 0 0 0 0 36 27 3 0 13 0 0 37 61 0 0 0 0 11 47 20 0 0 33 7 0 0 0 8 74 20 0 0 0 0 0 0 9 0 0 18 5 0 0 0 0 0 13 33 0 77 57 0 0 0 20 27 0 0 46 0 3 42 2 28 31 0 91 11 0 40 35 2 0 6 45 0 0 0 6 58 0 20 17 19 12 27 0 18 0 0 6 15 0 0 0 35 0 0 0 0 0 42 20 0 0 7 97 0 0
 42 0 0 62 12 26 66 29 0 0 0 26 0 31 0 29 0 9 0 0 0 51 28 67 66 32 66 0 8 0 0 0 86 0 0 0 0 49 31 0 0 16 0 0 44 0 65 0 32 71 0 0 5 46 10 0 0 14 0 0 0 69 0 0 3 29 19 8 63 15 2 1 30 0 39 0 27 0 0 91 16 0 0 0 6 0 6 42 0 3 0 8 0 0 0 20 32 0 81 52 2 25 21 0 74 0 2 0 70 0 23 7 36 61 0 22 0 13 4 44 50 0 0 0 35 0 0 22 0 10 0 0 0 0 0 87 0 61 0 0 46 0 31 0 7 0 0 43 20 59
 0 0 7 0 38 23 0 4 21 0 64 0 0 65 20 28 31 33 0 0 0 0 38 6 0 28 40 0 39 0 0 1 0 0 0 39 20 3 0 34 25 0 0 38 0 56 0 0 0 0 0 0 26 0 0 17 30 0 66 35 0 10 3 1 0 0 64 14 19 18 16 0 0 0 0 22 36 0 65 66 0 13 0 41 0 15 6 0 0 50 31 0 42 60 15 0 0 0 1 9 10 0 0 0 29 6 92 0 0 4 0 0 0 47 10 0 0 19 0 27 17 0 13 0 0 56 0 0 5 0 80 12 70 10 18 0 73 40 0 41 31 0 0 0 35 0 24 17 0 51
