150
 79 0 0 0 0 0 0 0 0 0 9 0 0 0 0 74 84 0 51 65 64 21 0 33 15 35 0 26 59 52 57 29 7 59 0 0 61 91 60 0 0 14 0 0 3 0 0 70 26 1 0 0 67 0 6 0 0 58 18 39 0 0 23 24 24 0 0 8 28 0 22 6 16 0 57 0 0 0 0 25 0 0 79 0 0 0 0 19 76 0 0 61 0 0 61 0 0 26 0 0 53 0 0 0 63 40 45 15 0 14 5 0 0 0 25 0 45 0 35 2 62 41 45 29 18 41 17 4 18 0 49 5 0 45 0 0 0 0 0 26 0 0 61 6 0 0 32 28 17 21
 21 66 0 0 0 0 0 0 0 65 8 0 24 45 0 12 0 0 0 0 0 0 0 5 26 28 0 0 0 0 0 16 0 0 0 30 45 19 34 0 20 23 0 21 0 0 3 0 10 0 0 0 47 0 0 0 0 52 78 15 0 2 0 9 0 41 0 74 9 43 24 0 0 42 30 2 0 0 0 0 0 0 79 61 3 17 0 0 0 0 56 0 48 0 0 0 12 73 39 0 0 7 0 12 0 0 89 0 0 41 14 2 0 0 18 71 0 30 11 0 0 48 59 0 0 0 10 49 0 0 0 20 0 35 26 0 20 8 0 0 0 0 62 0 31 9 0 51 27 14
 4 20 90 0 0 74 21 0 76 0 0 12 0 0 29 30 4 0 0 11 4 12 43 0 66 18 32 0 3 0 56 0 0 0 22 0 0 0 26 0 59 46 0 0 0 26 2 66 66 0 16 0 38 0 28 19 0 63 0 68 56 11 0 0 0 0 29 5 0 0 20 0 0 16 0 13 6 0 0 0 13 0 91 1 0 0 20 52 0 80 0 0 20 74 6 43 0 2 34 0 0 0 0 14 75 14 51 68 0 89 0 38 30 0 14 0 0 0 15 0 0 70 0 0 0 0 6 59 0 68 0 20 0 0 0 33 0 47 71 38 40 0 18 24 0 0 0 40 16 0
 71 33 75 23 13 0 0 64 0 20 15 0 0 91 27 0 0 0 0 0 0 0 0 7 0 0 29 0 0 0 6 5 0 0 0 0 0 0 4 0 0 0 0 62 0 36 0 0 0 0 0 58 38 83 89 26 24 0 24 62 70 10 0 2 0 0 0 0 7 14 42 0 10 0 0 0 39 62 0 0 0 0 59 9 0 0 23 71 0 44 0 31 0 53 34 24 0 0 0 0 57 2 21 17 0 0 89 8 0 6 0 0 0 0 4 44 44 0 27 0 0 0 0 4 17 74 0 0 0 34 51 33 0 22 0 66 56 0 0 0 45 75 29 75 0 0 0 6 72 0
 18 1 90 0 4 0 18 0 55 0 12 0 48 38 84 23 0 0 58 0 14 0 0 29 34 0 40 0 0 0 51 84 0 54 0 63 0 50 13 21 28 0 35 18 53 0 12 42 0 22 72 25 0 1 0 0 0 0 0 7 34 28 0 32 63 4 7 0 82 35 5 3 18 0 0 35 40 0 0 0 10 0 0 43 4 8 0 89 42 0 0 0 0 0 0 30 0 6 27 0 88 0 17 20 31 41 36 0 38 54 50 0 16 14 41 0 7 0 64 0 0 28 18 0 81 11 0 25 0 0 0 0 0 0 6 0 0 14 0 0 0 44 3 36 36 0 0 66 15 0
 13 63 0 6 96 83 5 0 0 0 0 4 18 9 50 20 3 62 70 25 2 0 52 37 27 52 30 0 0 44 68 0 0 27 89 22 0 0 17 51 0 0 22 16 0 34 71 0 0 0 19 0 0 0 42 77 53 0 0 14 0 0 21 21 0 2 1 0 0 48 0 0 31 0 0 66 58 81 10 21 0 59 23 0 8 0 23 0 11 62 10 22 87 1 0 58 19 0 0 86 0 0 0 50 41 76 13 2 0 8 63 3 0 84 0 0 0 61 11 17 18 5 0 12 0 0 0 0 51 0 22 0 0 24 11 0 75 40 59 0 7 0 11 37 0 0 0 0 1 37
 2 12 0 56 0 0 41 39 0 29 7 32 10 8 50 17 0 0 58 0 0 0 21 0 3 93 0 1 45 0 80 59 6 11 18 41 0 42 0 1 25 34 0 20 9 10 4 0 0 0 0 0 0 6 0 61 0 0 0 0 37 0 0 6 0 24 38 0 8 28 0 0 0 15 0 0 0 12 0 13 0 4 0 34 0 20 0 0 21 0 19 0 82 21 14 32 0 28 0 0 29 0 0 0 10 0 0 0 0 23 19 0 11 0 53 0 0 0 0 0 0 71 0 23 18 43 5 12 0 0 47 0 20 64 22 0 0 77 0 23 46 80 29 0 0 0 11 16 2 54
 12 31 1 0 41 10 0 13 37 0 0 9 72 0 17 0 0 0 25 0 18 15 72 0 0 13 7 0 39 37 85 0 8 35 0 46 31 0 33 0 0 0 36 0 0 87 0 0 34 0 36 0 0 0 21 0 0 39 0 0 0 52 0 22 0 2 33 6 11 2 3 52 45 0 62 0 20 63 0 3 17 52 0 0 46 5 0 0 61 0 0 0 34 0 5 86 7 0 0 19 0 43 7 11 0 29 0 31 21 0 0 0 0 40 14 0 35 72 0 35 52 30 0 26 2 0 44 0 27 0 0 45 0 27 0 0 57 0 57 0 0 0 0 0 11 6 0 0 0 69
 25 28 0 92 0 16 42 0 84 0 45 20 0 20 0 0 0 0 0 0 0 47 59 0 34 56 25 19 2 0 0 79 52 17 63 0 43 0 31 7 0 0 0 0 2 0 0 16 0 0 38 5 0 0 9 40 49 56 44 0 11 7 74 0 0 13 0 0 0 32 0 0 0 0 41 0 25 41 0 4 0 52 20 0 0 0 0 0 0 0 37 1 56 84 90 0 9 0 71 0 0 0 0 13 2 12 0 89 68 0 12 0 0 40 88 0 54 0 0 0 0 74 69 0 31 4 8 0 0 0 4 0 35 17 0 0 0 33 0 0 0 73 38 0 0 58 3 19 9 15
 38 0 54 0 88 31 0 38 29 1 0 39 0 29 0 21 0 0 0 3 0 24 48 0 7 70 39 6 8 14 0 3 70 73 0 11 0 53 0 32 39 0 15 29 7 0 17 0 64 33 0 0 18 0 0 0 22 0 0 53 0 0 46 29 38 11 0 0 28 0 28 6 28 0 0 53 40 0 0 20 20 0 0 1 0 0 0 0 9 0 0 73 16 0 0 0 22 56 0 0 22 0 0 0 0 0 0 53 38 27 0 30 83 0 0 33 2 0 4 0 34 0 12 0 0 0 0 0 0 0 44 0 0 56 0 33 0 0 24 0 6 39 0 0 0 36 0 7 0 0
 0 0 3 0 0 29 0 7 0 46 56 0 0 73 3 36 3 7 0 0 57 25 4 48 4 9 0 0 0 6 43 6 0 0 0 0 37 0 0 4 21 3 40 26 19 26 0 0 13 19 0 0 0 55 0 0 13 0 23 25 5 0 0 0 0 0 32 21 0 41 0 0 0 0 0 54 0 0 0 40 5 64 73 21 0 44 84 31 59 49 0 0 0 0 0 0 1 0 9 0 4 0 48 56 0 0 0 0 29 46 73 0 36 52 20 43 0 48 2 0 0 58 0 0 49 42 0 0 15 13 0 39 0 75 17 0 0 0 2 18 0 15 0 64 30 59 0 0 51 0
 11 69 0 17 32 0 0 0 0 0 37 21 33 44 9 31 52 0 0 0 82 0 0 0 0 0 0 0 0 16 25 0 0 2 4 0 0 31 7 92 5 0 34 0 0 15 0 42 5 28 0 0 68 0 17 0 0 89 43 43 0 44 0 19 0 3 44 0 0 48 0 26 0 15 29 0 0 69 2 9 15 0 0 3 0 46 0 0 8 0 0 34 0 0 39 68 0 17 0 0 52 0 43 19 8 38 18 0 0 0 57 24 18 0 0 13 0 0 0 0 28 0 56 43 15 43 35 1 78 0 0 32 0 0 0 37 21 0 4 7 0 0 53 36 6 0 0 18 0 0
 0 0 46 16 0 0 0 0 28 6 27 0 90 2 0 0 0 0 41 0 0 5 28 88 19 21 76 0 55 31 73 0 3 0 0 0 0 0 36 0 0 15 0 26 67 32 0 67 0 47 57 18 68 0 0 0 0 24 0 95 0 0 37 51 3 3 2 0 0 2 66 36 39 0 5 0 0 0 28 0 0 0 74 21 0 79 0 0 0 0 47 74 0 38 0 42 46 0 0 23 0 47 0 0 39 16 0 0 29 23 0 0 52 42 0 0 0 0 0 38 18 0 0 8 29 0 19 15 7 7 0 23 0 0 14 0 0 0 0 0 0 0 11 0 0 62 0 43 0 0
 25 0 46 0 0 0 0 51 0 0 0 0 0 20 80 64 0 0 49 0 0 35 0 40 12 0 7 30 0 0 0 7 0 0 51 7 70 0 2 44 0 27 61 29 0 0 0 80 0 0 34 0 0 0 0 47 0 0 0 56 65 20 13 49 0 0 61 2 0 0 0 41 0 0 0 0 16 26 18 3 0 78 0 3 0 5 0 0 0 0 0 0 29 0 24 0 0 0 65 9 40 0 0 61 5 26 37 67 0 59 89 19 29 54 0 0 0 41 75 33 18 73 4 0 0 89 0 17 0 51 0 0 0 0 0 0 17 0 25 36 0 6 0 39 0 29 0 0 0 6
 41 43 0 0 0 0 0 0 8 52 0 0 37 0 46 0 0 0 60 68 11 0 19 80 0 0 0 0 33 0 0 6 0 0 0 0 57 0 6 0 0 0 0 20 23 30 0 0 0 13 0 0 63 16 0 0 61 0 0 3 3 0 43 0 0 0 33 12 0 15 20 12 0 63 47 0 0 0 1 0 2 0 0 0 0 0 0 74 2 45 18 0 0 19 0 0 0 0 68 36 1 0 0 21 27 0 15 0 91 0 0 0 0 49 10 0 0 0 8 27 0 37 0 0 22 0 0 21 82 0 0 49 0 3 0 0 0 0 0 44 0 0 31 67 19 0 0 0 37 0
 0 0 0 40 0 0 0 52 34 0 0 0 1 0 52 66 0 0 0 51 0 59 56 27 0 76 0 58 0 23 0 45 16 38 9 2 13 0 0 72 0 2 0 0 0 0 36 0 0 0 0 0 0 0 32 0 0 26 39 14 0 0 2 58 8 0 77 0 0 19 36 71 0 0 0 0 17 0 65 0 0 0 0 30 0 0 12 98 1 24 4 0 77 16 3 0 5 12 0 0 19 0 59 0 27 57 55 0 0 63 22 0 12 0 54 34 0 26 45 26 3 0 0 79 14 42 8 8 49 0 0 0 79 0 0 31 0 0 0 40 18 76 0 2 0 0 20 30 26 0
 0 30 0 17 5 0 2 30 48 19 0 0 39 22 21 18 94 0 53 0 13 0 27 0 0 36 16 8 52 0 0 34 18 48 81 13 25 10 0 0 0 0 6 51 0 0 14 0 0 0 13 0 0 0 0 32 0 13 37 53 49 23 0 90 0 8 0 0 0 0 37 0 0 15 96 48 52 3 0 0 62 32 29 0 0 0 66 71 1 0 0 0 19 0 0 0 0 8 0 6 0 0 0 64 2 0 0 0 0 0 0 45 0 0 0 5 56 0 0 15 0 0 64 0 12 0 0 13 0 0 0 63 9 0 51 14 0 0 0 7 0 0 16 0 44 62 0 0 76 0
 17 3 54 2 57 0 67 69 63 37 0 15 75 16 76 6 13 86 0 0 3 0 1 0 17 22 39 0 0 16 0 88 0 0 0 0 0 0 14 0 1 32 28 76 54 35 0 0 65 0 0 8 0 48 49 0 0 0 6 69 0 0 0 39 50 0 55 0 0 4 33 0 10 2 79 0 34 49 0 0 0 2 13 0 64 0 0 0 15 0 30 43 0 0 0 65 0 13 21 11 0 0 0 57 0 75 16 47 7 0 51 64 29 0 24 47 0 0 0 16 0 23 44 57 0 0 64 0 1 0 0 0 41 0 5 41 0 32 0 0 0 0 0 76 56 0 33 0 75 35
 0 35 37 24 0 0 0 0 14 31 11 22 0 0 0 20 0 4 85 29 28 53 0 0 9 33 0 19 23 46 72 58 9 62 15 0 0 38 0 0 0 0 42 11 0 0 63 55 0 28 32 0 37 91 0 0 75 0 57 0 38 51 20 0 25 0 46 26 0 21 25 0 0 0 51 0 18 0 0 0 23 37 0 0 43 16 0 0 60 0 24 10 0 0 0 0 0 7 0 34 0 36 0 0 15 0 0 59 0 0 0 0 0 40 30 0 0 0 0 10 0 21 0 0 42 31 54 0 5 0 9 0 51 5 0 0 0 0 0 0 20 0 0 0 0 0 12 0 38 0
 0 20 0 20 15 0 36 36 10 0 66 38 18 20 0 0 17 3 0 27 0 0 16 0 0 9 0 0 65 0 55 0 19 29 2 26 20 0 15 30 0 19 0 1 24 7 0 0 0 6 69 16 0 10 17 58 27 32 0 0 9 8 0 1 7 0 61 0 0 0 0 49 0 0 0 32 63 0 29 0 0 73 6 0 1 0 33 19 32 0 65 0 0 0 38 0 0 0 30 28 0 0 34 0 84 6 11 30 0 24 44 0 0 0 2 0 51 0 0 0 0 22 78 0 41 84 0 0 58 0 0 0 0 0 42 10 22 33 0 28 17 11 0 0 19 0 73 0 6 3
 0 4 0 10 0 0 12 0 32 20 0 0 56 2 0 12 0 0 0 78 58 0 32 0 0 15 0 42 1 62 4 75 0 2 45 14 0 47 0 0 9 48 15 0 0 0 0 6 18 0 1 0 87 0 34 0 0 15 33 22 0 0 0 13 42 36 0 0 0 53 0 3 3 96 36 0 36 0 7 39 0 0 0 27 0 4 83 0 0 0 48 0 23 69 6 28 40 20 16 0 72 45 0 31 34 0 46 42 0 0 67 20 20 0 0 22 0 0 0 0 95 0 44 36 45 7 0 32 15 0 10 0 0 94 0 59 49 33 0 0 0 0 0 0 0 0 0 21 51 0
 0 44 0 28 65 88 51 0 0 0 0 53 0 0 66 0 90 29 0 16 3 94 20 71 68 58 0 0 0 0 0 0 77 2 18 14 0 0 0 0 3 0 0 24 49 14 9 23 0 0 57 0 29 0 0 0 46 0 0 84 0 6 15 78 0 4 0 0 80 0 27 32 19 56 0 0 0 0 0 57 0 5 1 0 16 37 0 0 21 15 18 0 54 4 4 0 0 0 36 54 53 48 41 23 26 0 0 0 0 23 0 43 6 0 0 53 5 31 47 0 30 69 0 0 0 64 0 0 0 0 7 28 17 85 0 83 7 79 10 0 0 0 59 0 46 30 0 0 0 0
 21 94 0 46 52 0 0 0 0 0 0 13 0 16 0 0 0 0 6 0 0 0 7 0 25 34 0 0 0 0 9 40 0 0 0 65 0 52 33 0 4 58 76 0 0 49 0 0 36 86 0 25 80 0 23 55 0 39 0 69 0 0 13 31 17 50 2 0 5 0 8 11 0 0 0 65 0 0 41 0 0 20 0 0 0 5 37 26 0 0 67 0 0 61 0 0 40 0 0 0 0 0 40 20 8 80 0 6 75 0 0 35 0 0 0 0 20 11 0 0 0 0 0 0 9 86 0 0 0 25 0 0 0 0 42 0 19 2 21 26 37 0 0 10 0 21 0 46 0 37
 0 0 35 0 0 0 46 50 45 26 0 84 0 0 0 0 21 9 63 22 82 0 28 22 46 66 63 0 39 12 3 26 76 0 7 26 0 25 70 13 75 0 83 15 0 2 0 51 45 68 16 27 0 0 7 77 78 53 0 0 0 11 24 0 0 49 57 9 1 0 26 0 0 9 0 0 0 0 0 0 75 0 7 0 0 23 0 0 6 0 0 27 0 3 0 37 30 36 2 14 0 0 72 0 0 48 39 0 0 0 67 0 0 0 14 79 0 0 36 0 0 0 60 0 0 8 0 24 0 14 67 0 0 73 14 0 0 18 0 42 0 0 0 0 0 49 0 0 35 0
 0 0 0 71 0 0 0 0 0 0 0 43 0 0 31 5 1 0 0 86 3 0 0 0 26 0 0 0 51 10 0 0 37 0 47 0 63 78 0 0 0 38 0 0 96 11 51 29 0 0 0 41 83 48 0 42 22 0 0 0 12 0 19 0 0 10 4 0 0 23 0 0 0 9 0 0 27 0 5 0 80 73 0 0 0 0 0 0 0 0 87 41 64 0 0 97 64 32 0 17 0 61 0 6 0 0 46 0 0 0 0 0 29 42 65 0 0 42 32 0 0 0 0 0 34 0 47 76 0 7 1 0 0 16 36 27 0 90 0 18 5 0 59 0 65 0 0 0 0 0
 0 0 0 4 14 0 0 0 0 0 0 63 0 65 25 0 0 0 0 0 0 0 0 0 88 92 11 41 0 0 18 80 12 2 0 0 0 33 0 1 0 51 14 27 0 20 0 0 6 0 0 0 62 0 0 75 10 0 57 0 21 0 0 24 0 20 0 9 0 0 40 66 2 0 0 8 70 0 0 0 31 0 3 0 0 11 0 0 0 0 0 14 0 0 66 86 0 0 0 0 0 41 0 48 0 11 33 0 17 0 0 0 0 37 24 0 0 40 0 19 32 0 6 48 0 0 44 17 4 0 0 29 39 10 8 0 0 58 0 0 0 0 0 8 62 57 0 0 0 23
 10 33 0 0 0 0 49 0 0 0 20 47 0 0 53 35 0 0 58 34 17 10 61 0 36 0 73 0 0 12 67 12 0 17 0 32 0 16 0 9 0 0 8 0 25 56 0 5 0 0 27 45 8 19 0 0 5 67 40 0 14 0 0 0 0 0 52 11 0 0 48 0 55 0 54 0 0 0 3 54 0 28 50 31 0 0 0 36 0 0 0 58 0 51 0 9 51 10 0 0 46 48 80 83 0 36 0 3 7 37 0 4 0 13 29 0 37 0 0 0 61 17 0 19 48 0 0 42 0 0 2 0 0 0 0 6 29 0 0 1 0 8 47 0 33 0 0 0 0 0
 0 74 16 0 15 43 0 11 0 0 57 23 55 0 20 0 0 56 0 40 0 17 20 3 21 0 11 32 0 0 0 0 73 0 49 16 20 0 0 68 19 13 52 49 29 11 0 0 17 0 0 80 6 0 37 62 15 0 0 38 0 34 11 0 14 0 17 0 84 8 0 0 0 23 0 0 0 71 30 56 4 0 0 0 0 23 12 0 59 0 0 0 0 23 0 76 21 6 0 0 0 90 0 16 55 35 5 17 80 40 37 39 20 0 55 24 0 0 19 0 0 0 0 0 50 51 26 31 0 77 0 0 0 27 0 0 0 0 0 0 0 0 24 0 0 0 15 65 64 3
 0 0 0 52 21 30 0 0 0 0 38 14 0 60 0 31 0 14 0 0 0 62 35 0 0 8 17 6 63 6 0 0 16 0 0 49 0 0 0 72 13 6 18 31 0 0 0 77 38 0 0 27 14 0 52 66 37 80 51 53 0 0 36 0 0 0 14 43 23 0 0 0 35 51 52 0 0 0 0 41 0 0 0 0 0 4 22 13 0 20 67 0 0 76 0 1 0 19 30 62 3 21 0 0 50 32 0 0 0 0 16 7 20 0 44 25 0 0 0 0 13 25 0 15 25 0 0 79 12 0 0 86 0 6 38 16 0 8 88 0 0 0 17 79 2 0 60 0 29 0
 0 40 13 84 15 0 69 0 30 0 0 0 0 54 15 0 36 0 0 73 0 64 17 0 0 59 0 2 0 14 21 0 74 27 13 0 16 55 7 18 81 1 66 21 0 4 0 0 0 31 0 0 27 0 0 0 0 19 0 79 76 0 0 40 17 0 0 0 0 0 49 6 0 3 0 0 95 41 29 20 0 0 0 62 3 9 41 0 0 0 63 0 0 22 0 11 0 14 0 0 0 0 0 0 0 60 15 0 0 13 0 0 0 0 0 19 0 0 0 0 47 0 0 46 0 0 26 0 0 0 0 31 0 0 4 0 36 8 0 31 0 0 12 31 59 0 0 9 0 58
 0 75 0 0 0 0 0 0 19 3 0 0 0 18 45 33 36 36 0 0 0 1 0 0 29 0 0 68 31 0 0 51 0 71 86 0 0 0 0 75 3 36 0 49 30 0 0 0 0 55 0 0 0 0 0 0 20 0 0 0 0 0 0 0 30 50 0 70 20 0 67 0 0 45 0 0 2 36 11 0 73 0 0 19 49 0 0 11 0 0 0 5 0 0 0 50 10 34 23 44 0 0 0 35 24 64 35 74 61 0 5 19 14 25 6 14 0 38 47 0 0 0 0 0 0 0 24 0 15 0 0 0 25 0 38 0 0 0 0 0 13 0 24 16 0 23 0 0 59 7
 0 0 13 0 0 61 0 22 0 0 0 43 52 0 0 0 0 0 0 2 0 30 0 0 83 0 0 69 4 34 0 85 23 46 66 22 36 12 0 0 5 0 0 53 0 67 0 71 8 0 0 28 0 8 0 14 23 51 0 0 2 0 0 0 0 0 0 40 0 0 0 0 0 0 2 25 0 29 33 72 11 0 0 0 6 0 18 0 0 21 0 71 2 15 7 10 65 13 81 0 0 67 0 0 30 1 4 1 0 0 0 0 56 0 19 10 21 0 41 11 0 0 30 60 9 69 0 64 0 0 0 0 0 26 12 11 0 34 0 14 67 0 5 0 37 0 0 0 11 0
 0 4 68 2 7 18 0 0 0 0 74 10 0 62 42 0 0 77 0 0 23 0 48 0 0 0 50 0 0 0 54 0 18 0 0 52 15 0 3 0 0 18 0 0 0 84 0 0 2 0 0 33 0 28 0 44 0 17 0 0 0 45 0 0 0 0 0 0 14 0 24 0 0 55 71 50 3 0 22 0 62 1 10 8 0 0 62 0 90 39 19 0 0 0 14 0 0 58 7 0 9 0 0 62 26 0 15 0 0 0 0 71 0 26 0 34 0 15 0 31 28 52 13 15 0 17 21 20 11 25 0 0 0 12 0 38 51 0 18 0 37 0 30 74 15 0 6 55 0 0
 0 18 39 88 0 0 0 0 0 0 15 0 8 0 25 0 0 44 0 0 0 0 1 12 21 0 0 34 37 0 0 0 44 80 19 0 0 0 20 35 30 65 6 53 7 24 41 81 0 0 0 0 0 16 0 62 0 12 59 0 0 0 1 13 5 0 0 0 36 54 0 0 14 0 72 36 0 59 0 0 8 0 27 51 0 69 0 0 41 30 80 8 33 0 2 0 52 0 1 11 0 28 46 29 11 0 0 35 39 0 0 38 40 0 0 0 0 0 0 0 0 0 0 26 20 0 0 24 77 0 15 0 41 9 35 9 25 0 38 28 8 37 33 0 0 56 0 15 43 0
 34 61 0 37 82 0 0 26 0 9 11 0 0 0 5 0 0 15 0 0 0 0 14 0 0 87 27 0 10 0 0 0 50 0 21 0 0 80 0 22 0 0 42 35 0 12 21 6 0 9 1 12 87 0 14 6 97 85 0 9 36 8 0 3 2 0 0 0 9 0 0 0 0 35 0 0 36 0 58 16 0 40 0 0 13 0 13 73 33 8 0 19 9 0 0 0 0 10 0 65 56 0 28 0 28 30 0 74 44 0 89 72 0 77 0 0 0 0 0 4 0 26 0 56 0 51 0 0 49 12 64 10 0 3 75 0 0 35 51 0 25 0 0 0 0 10 0 0 0 0
 9 0 13 64 0 0 0 0 29 0 20 59 15 0 19 0 0 38 32 0 0 0 0 0 44 20 0 0 0 51 27 0 0 65 1 38 0 15 0 0 0 4 2 13 38 0 0 0 7 0 31 0 0 95 0 48 0 0 0 0 0 72 0 0 0 0 67 0 25 0 41 31 0 27 1 13 21 64 0 0 79 47 0 0 45 52 58 0 10 39 0 59 73 13 0 0 0 0 32 0 50 0 34 0 0 66 0 13 0 0 0 4 33 0 0 86 0 1 0 55 0 0 0 24 15 0 77 66 57 0 0 46 23 0 0 5 45 0 68 42 42 24 49 4 0 5 0 3 25 0
 0 0 32 41 34 64 45 0 0 33 0 8 26 0 0 0 0 41 2 0 45 20 14 2 0 52 11 0 3 0 0 0 0 83 57 15 43 30 0 0 0 23 0 0 0 53 0 0 0 4 0 9 4 78 0 15 68 0 25 0 41 0 0 0 0 0 0 88 7 0 0 29 0 0 28 0 0 0 0 5 58 14 45 0 30 0 0 40 28 0 2 0 71 55 87 0 0 0 36 0 76 0 30 31 0 11 0 0 3 47 63 48 45 0 64 7 41 15 77 18 0 0 0 0 77 6 0 0 16 0 0 43 44 0 0 0 0 53 81 33 0 39 0 0 0 0 15 23 0 0
 0 0 53 42 0 23 0 26 9 0 3 0 17 12 58 51 0 26 0 47 0 5 0 0 0 0 0 36 52 0 12 0 2 5 0 0 0 31 7 66 0 0 33 0 15 66 63 8 11 0 10 63 0 33 75 25 80 32 0 0 0 5 19 0 0 29 0 0 37 0 72 23 0 0 0 7 35 0 56 0 53 46 0 78 0 0 34 21 33 0 12 0 0 26 0 0 0 0 0 0 0 35 0 0 0 0 0 18 27 0 0 0 60 25 13 0 33 5 0 0 0 0 0 0 0 11 0 25 31 0 0 20 8 0 0 77 1 8 60 0 0 2 12 17 47 85 0 0 55 66
 0 0 0 0 0 0 25 0 0 17 0 0 0 0 0 41 60 0 1 0 23 74 0 0 37 28 8 15 17 0 39 41 0 0 20 6 19 0 74 0 0 2 0 0 0 36 0 0 32 0 42 0 72 9 0 19 43 0 62 1 51 22 0 0 85 50 0 0 43 0 0 6 7 25 0 56 22 0 13 0 0 67 7 34 0 42 38 24 0 36 29 0 0 19 66 0 0 25 0 30 0 32 0 37 41 0 0 0 62 0 0 22 0 10 7 67 0 33 6 2 25 0 63 0 9 0 74 0 0 0 0 35 35 53 0 53 0 35 34 1 0 23 0 0 38 0 63 39 0 68
 4 87 32 1 0 0 0 12 0 0 0 0 38 0 5 0 14 0 33 0 5 49 60 0 7 0 0 0 0 0 0 20 45 0 0 34 10 0 64 17 0 28 46 0 30 0 56 84 0 41 0 0 39 32 81 0 0 27 0 0 25 2 8 29 39 0 0 91 78 18 22 0 0 0 15 0 0 38 0 23 0 19 0 0 57 0 72 17 1 0 0 22 0 0 31 20 71 57 24 0 0 7 0 32 0 0 64 42 6 0 8 0 0 0 0 52 51 0 58 0 18 0 0 56 77 0 0 0 41 0 43 0 0 5 0 0 47 0 0 0 0 58 0 0 24 0 49 44 66 0
 72 0 0 28 0 60 0 3 13 0 0 0 16 24 29 63 13 0 33 19 0 0 0 0 51 59 37 0 0 0 0 0 16 0 24 12 6 97 27 12 27 76 0 0 0 38 0 0 1 50 31 0 0 0 0 13 0 0 0 17 0 0 0 75 12 0 0 0 0 0 9 2 1 0 0 0 0 0 4 0 0 46 0 56 0 0 7 0 0 0 57 40 14 1 0 0 25 12 55 3 0 10 1 23 0 0 5 0 0 91 5 0 0 0 0 0 0 0 0 0 16 26 0 0 16 0 0 23 0 0 43 24 0 8 7 74 21 0 0 0 17 0 29 61 3 0 31 0 0 0
 0 0 0 15 52 66 0 61 8 45 0 19 0 0 66 0 95 0 54 0 0 62 0 35 0 0 17 0 0 0 0 16 0 0 34 0 0 11 0 0 0 99 0 0 0 0 0 65 0 34 0 90 0 0 44 0 9 87 2 38 0 26 0 0 0 84 25 0 0 61 0 0 15 3 15 62 33 7 0 0 10 0 79 0 0 6 48 0 0 30 45 0 6 58 8 73 0 61 83 55 22 36 0 0 12 0 0 26 58 14 19 60 0 70 0 33 41 0 58 36 0 0 28 0 25 0 0 0 0 50 24 1 0 37 35 52 0 55 0 43 21 0 0 0 27 18 38 0 0 22
 63 60 0 48 0 0 79 0 64 0 0 0 21 0 7 79 0 0 0 52 0 62 0 0 18 0 0 0 0 0 25 87 10 0 0 0 59 0 39 0 64 11 63 31 0 0 0 8 14 0 29 0 49 0 0 0 0 0 55 40 0 0 11 0 19 0 8 9 27 38 14 0 0 10 0 3 17 0 38 0 0 40 0 0 0 33 0 19 67 0 12 0 0 0 27 45 43 42 0 14 0 0 0 0 0 41 0 0 41 0 5 11 8 31 0 3 0 0 16 39 0 27 0 0 0 70 11 5 80 61 70 4 0 36 0 0 0 0 0 0 0 66 4 14 0 0 0 0 0 16
 66 0 6 0 0 0 0 63 72 0 0 72 0 0 0 29 0 0 0 0 16 0 11 0 29 0 4 0 0 0 0 0 22 0 0 0 94 12 6 2 69 24 0 24 33 18 53 0 0 0 30 0 16 29 0 0 23 5 0 0 8 60 0 0 87 0 0 0 0 0 0 30 60 0 0 0 0 18 0 0 27 0 0 32 0 0 0 21 4 0 0 0 8 0 14 0 0 6 32 78 0 0 97 3 0 46 0 0 0 37 49 5 0 22 27 0 82 0 12 0 26 0 0 0 65 0 3 1 60 42 3 0 45 0 0 25 32 23 23 25 0 21 0 48 0 0 38 0 0 2
 0 8 57 23 0 28 0 28 0 0 0 62 0 1 0 10 81 0 22 0 57 0 15 37 0 56 0 0 17 36 0 29 28 0 20 0 53 0 65 0 5 10 1 0 16 0 43 0 2 0 0 15 0 0 0 53 59 10 15 5 3 14 0 92 19 42 62 0 27 0 1 0 0 0 1 29 0 0 0 29 0 0 0 0 0 0 0 89 23 13 17 45 0 3 23 65 15 75 13 0 0 43 7 2 0 0 0 56 0 33 0 0 0 68 0 0 0 0 0 15 0 0 23 15 7 55 0 28 0 8 0 0 0 64 0 32 33 35 59 0 0 2 0 0 0 0 53 0 7 0
 39 16 0 0 2 0 0 0 23 26 0 0 0 21 0 41 65 0 29 0 46 0 0 0 0 0 0 0 61 0 46 0 0 0 0 37 0 0 0 39 0 3 50 0 16 22 47 36 0 4 20 0 4 43 0 8 0 0 0 0 0 0 20 87 0 46 35 60 51 28 39 61 0 0 0 0 0 0 15 17 82 0 7 0 0 0 0 0 59 16 55 0 13 31 0 0 57 38 27 0 15 0 82 16 0 36 36 0 4 15 0 15 0 0 46 0 0 8 34 0 54 0 0 2 0 0 0 36 21 0 4 12 35 17 50 0 64 0 0 4 72 0 10 0 0 0 54 23 43 20
 42 0 0 77 0 0 0 84 26 0 23 85 54 5 58 0 0 20 0 69 4 0 11 86 0 39 10 16 37 60 2 12 49 0 0 30 21 0 66 0 51 45 4 0 0 0 41 0 75 0 0 0 0 52 10 33 1 0 16 0 0 54 0 26 0 0 0 0 0 0 0 0 0 0 0 0 38 19 38 43 0 44 14 4 39 0 29 9 7 42 16 0 1 0 47 65 36 0 30 0 11 55 0 10 0 0 4 9 53 32 0 37 0 0 0 0 0 74 0 0 0 88 0 0 71 0 69 32 16 57 42 0 60 51 21 0 0 0 0 0 67 62 44 12 8 93 0 0 3 72
 0 22 0 9 0 24 30 16 0 63 2 0 0 0 21 74 6 80 0 17 0 0 7 0 0 71 0 49 0 22 15 0 26 0 0 69 59 0 3 0 93 0 0 71 8 0 31 95 16 8 0 10 61 0 21 19 0 0 0 0 0 0 34 0 33 47 0 20 6 0 44 33 0 0 43 69 0 17 0 69 0 0 0 79 7 0 26 48 35 0 0 73 78 0 0 76 19 0 0 2 45 0 0 0 0 79 0 19 45 6 0 0 61 68 11 59 0 0 0 25 0 21 54 27 13 0 0 0 33 7 23 0 56 0 0 25 16 0 0 0 0 0 0 1 0 0 19 16 0 0
 0 0 0 52 36 13 23 0 10 0 0 0 54 0 19 57 6 0 34 38 0 33 0 0 6 0 21 0 0 81 45 0 0 15 36 0 53 0 0 1 0 12 0 37 0 14 0 0 90 0 0 0 0 0 0 0 0 0 48 16 0 9 9 0 0 0 0 35 21 40 0 0 76 0 12 21 0 0 85 9 4 0 0 0 28 82 30 0 0 47 19 31 0 0 0 0 16 0 13 14 0 8 61 1 0 0 0 53 0 30 0 51 17 27 9 0 0 2 0 0 26 0 0 0 0 0 0 0 0 53 0 12 0 53 0 0 4 0 10 0 64 12 67 0 41 8 38 0 0 37
 0 10 13 42 0 71 17 40 26 0 0 0 0 8 0 74 1 31 0 0 25 21 0 0 24 44 78 69 56 0 0 62 32 28 0 37 0 30 8 0 0 0 37 6 18 0 28 0 24 58 0 2 31 61 0 0 0 0 16 15 0 0 12 0 54 22 25 0 0 24 0 0 74 14 8 28 0 0 0 0 0 46 8 0 0 37 0 60 0 0 10 2 0 0 55 42 53 56 14 16 0 86 0 2 32 22 0 40 3 8 0 0 7 0 0 1 51 0 36 14 0 15 0 0 0 0 0 50 3 34 18 81 48 0 0 50 45 0 9 0 33 0 62 0 0 41 0 0 0 0
 2 46 0 19 0 0 16 0 0 60 25 28 0 0 62 40 0 33 0 0 0 0 85 0 36 37 0 10 5 39 2 50 3 5 0 0 10 0 0 24 0 60 0 0 0 0 14 33 33 56 30 13 0 0 25 6 0 48 26 49 43 39 67 0 0 31 20 0 27 14 0 49 10 0 0 0 0 7 7 0 0 0 17 0 0 78 0 70 49 0 34 0 17 50 0 0 0 14 0 0 17 0 0 50 0 43 0 55 0 0 58 12 68 0 19 57 49 27 0 26 55 7 37 31 0 63 0 0 13 56 0 57 0 29 0 33 7 9 0 11 25 0 7 0 0 19 26 84 61 0
 41 18 13 0 0 11 1 62 0 35 57 50 0 42 22 13 31 0 26 0 54 34 0 0 0 61 0 0 0 49 45 0 0 19 0 3 0 0 8 9 3 0 5 81 0 8 14 0 0 0 0 18 0 22 0 27 35 40 0 0 0 0 24 7 51 32 0 0 0 73 52 60 50 0 0 48 39 76 88 48 14 54 0 0 0 24 0 14 15 0 0 2 49 20 0 0 0 33 29 31 0 1 10 0 0 0 7 0 0 0 0 7 52 16 72 0 0 0 14 0 0 0 0 42 0 37 0 0 0 0 38 10 81 0 25 7 0 13 0 0 0 0 12 0 0 0 0 23 78 0
 0 0 0 0 0 64 3 35 39 0 12 0 0 66 0 69 38 28 0 68 0 0 0 18 0 0 0 0 0 0 25 55 50 5 0 21 0 32 0 0 24 57 0 0 4 0 27 0 15 0 18 78 31 38 92 74 0 13 0 0 16 57 0 0 0 0 31 0 0 0 0 0 0 0 11 0 0 33 24 68 0 67 61 5 85 9 0 2 9 49 27 0 8 0 0 11 0 0 19 4 0 0 0 0 0 0 7 74 61 0 13 49 26 0 0 4 36 0 0 0 72 5 12 0 14 0 68 0 0 0 0 68 0 0 0 34 10 25 0 27 9 24 12 0 6 8 37 43 0 16
 41 9 71 0 0 0 0 38 71 62 0 21 44 5 0 29 11 0 0 0 36 23 57 32 0 9 0 13 15 21 90 0 0 0 7 0 0 0 0 0 95 51 16 0 12 0 0 7 10 0 6 0 0 54 0 0 0 61 0 21 0 0 0 61 0 0 48 57 0 8 0 0 0 0 45 16 21 0 45 18 0 0 0 76 74 0 0 27 5 0 46 0 32 16 82 41 49 0 0 22 9 8 0 0 0 83 0 56 26 32 0 8 0 33 30 7 0 1 0 32 0 0 25 0 0 0 16 12 14 61 70 0 8 0 41 0 92 28 0 83 0 0 0 0 23 25 0 0 0 76
 0 51 0 0 15 0 9 0 0 51 68 0 43 46 6 0 89 0 4 0 0 95 0 0 10 4 8 0 0 34 13 23 12 14 0 34 54 0 63 0 13 0 39 65 63 65 0 0 65 14 0 8 0 50 23 23 36 24 29 79 0 0 28 81 15 0 0 0 0 0 0 35 0 0 0 0 14 0 38 41 5 0 72 73 0 0 27 22 27 0 41 0 12 0 35 29 0 0 44 9 0 0 0 20 43 3 64 86 20 0 43 0 11 0 15 60 0 35 0 62 0 44 0 0 0 55 19 0 0 0 0 25 58 0 21 46 42 0 0 28 0 0 0 90 0 25 33 0 60 0
 13 69 0 0 7 0 0 8 0 82 47 29 9 0 30 29 0 49 51 0 1 6 0 0 0 0 39 0 0 84 15 0 0 0 0 0 0 0 0 41 0 48 12 91 0 0 0 0 38 21 0 0 0 14 0 41 0 50 0 51 0 10 0 0 80 0 0 0 22 34 15 0 0 42 65 0 20 6 14 0 0 0 13 3 0 10 0 73 38 0 0 0 68 69 14 0 0 17 0 0 22 0 0 48 0 12 0 20 64 52 30 0 0 0 0 0 75 0 0 64 38 53 6 0 50 0 0 0 7 0 0 0 7 36 0 0 0 0 55 17 41 48 52 43 0 0 50 25 0 0
 45 85 16 0 9 0 72 76 0 0 0 5 38 46 0 7 6 1 0 0 35 0 27 0 0 0 0 0 0 55 0 0 20 4 0 71 0 0 0 20 23 0 12 0 0 83 0 72 7 17 43 0 1 23 0 52 22 0 81 0 9 0 0 1 32 67 0 0 0 34 6 11 26 0 13 0 35 0 0 0 55 0 0 75 31 0 0 29 0 0 7 0 0 0 37 42 0 0 0 0 0 41 0 11 22 77 63 24 0 0 0 23 23 0 0 0 21 0 0 0 0 69 18 73 28 0 0 18 0 0 10 0 0 10 5 25 0 0 45 0 5 25 7 0 0 42 51 33 22 0
 0 0 0 10 66 42 52 0 0 10 36 0 0 21 5 0 0 6 15 0 0 13 0 0 12 14 0 93 0 0 81 0 0 0 0 51 22 0 8 0 56 0 48 0 0 3 18 39 43 53 0 0 0 0 0 0 50 90 0 11 0 76 0 69 43 0 4 0 0 48 45 71 0 0 12 0 0 0 0 0 0 0 80 18 75 6 0 19 6 4 0 32 64 15 14 21 63 52 0 35 0 72 0 18 0 0 55 73 57 18 0 60 0 0 58 0 13 0 6 60 0 0 0 13 0 0 0 0 0 32 0 0 51 52 7 8 1 5 4 0 0 12 33 0 0 0 0 0 17 13
 0 0 55 0 7 36 12 45 0 15 0 0 16 83 23 0 0 0 0 1 0 4 35 9 91 0 0 26 0 82 21 12 44 0 19 20 0 14 0 8 57 0 0 15 0 1 0 31 0 0 0 75 6 55 0 43 0 22 20 0 0 16 64 3 0 0 0 20 61 13 0 27 18 0 0 0 2 0 0 0 48 0 0 0 55 0 32 4 0 0 95 62 49 31 17 47 75 11 0 0 24 68 64 0 14 0 0 0 25 40 0 45 0 24 70 52 8 0 3 0 17 52 0 0 0 0 88 0 21 0 56 12 25 0 0 69 0 12 69 22 0 56 23 0 35 0 0 31 57 67
 0 0 0 0 0 0 94 31 46 0 0 0 0 0 0 0 0 0 33 9 0 0 0 80 32 54 30 0 0 0 40 1 42 26 0 20 39 20 0 13 0 0 0 55 0 46 57 48 0 0 0 16 2 0 0 0 37 0 33 4 53 5 66 12 11 0 0 0 35 0 0 0 0 0 0 20 0 69 26 14 0 22 0 0 48 0 0 33 33 0 27 0 0 0 7 12 0 0 0 2 26 0 25 7 0 51 0 69 61 17 0 18 20 0 0 0 0 0 0 71 0 0 0 0 0 45 57 79 10 1 21 32 34 0 33 0 0 71 36 20 31 0 43 0 0 0 0 0 0 46
 58 19 0 0 0 23 0 7 0 8 0 49 28 0 0 39 0 8 0 0 74 50 5 50 0 0 0 23 31 0 53 0 51 42 0 64 0 63 0 0 56 50 13 0 0 50 39 13 50 75 0 9 0 36 4 81 0 39 18 0 33 0 33 0 59 57 0 28 33 40 0 14 0 49 34 0 0 55 44 0 57 1 0 0 0 0 30 0 35 42 59 78 0 0 10 35 37 0 0 62 0 84 53 0 93 24 0 0 0 0 3 0 25 0 19 83 11 49 0 0 0 0 0 61 0 2 0 9 0 0 0 0 0 10 0 23 0 63 0 0 25 32 23 0 0 19 50 72 0 0
 71 0 0 0 0 1 16 0 0 27 20 0 12 0 13 46 0 29 0 0 71 0 9 0 8 8 14 0 0 4 56 26 0 4 0 0 87 0 0 0 9 0 86 0 0 37 0 5 0 46 0 59 0 29 24 0 65 0 0 0 24 9 0 32 0 47 0 0 0 0 0 0 0 0 0 0 6 30 0 94 21 0 18 9 0 0 0 0 8 0 4 43 0 0 0 0 17 12 16 16 31 0 0 0 22 20 0 0 0 36 0 0 48 17 35 32 0 0 62 73 0 10 0 0 0 7 37 0 1 12 23 40 13 0 0 7 0 24 64 0 5 32 0 0 0 0 71 0 0 0
 0 2 13 26 17 0 14 77 0 0 68 64 0 0 0 0 14 29 0 50 46 0 0 0 0 40 37 0 0 9 27 52 12 0 0 20 8 0 23 0 30 32 0 50 6 0 0 0 0 0 0 0 21 10 0 17 12 12 0 0 0 10 93 17 54 0 19 45 55 0 33 8 0 0 71 20 0 0 22 0 37 5 0 0 65 0 80 17 0 0 0 0 21 16 9 3 10 0 22 17 33 4 0 0 29 0 21 0 53 25 35 0 0 86 58 3 0 0 0 0 35 0 25 5 24 0 0 0 66 32 0 45 0 0 38 16 34 58 0 0 0 1 0 50 23 35 0 6 25 29
 0 0 87 0 0 0 0 0 23 0 5 0 0 0 99 0 0 0 1 0 0 0 0 48 23 0 22 55 51 0 7 48 32 0 0 45 64 30 0 0 0 26 61 22 0 0 0 26 55 40 36 0 0 0 0 29 0 0 0 0 14 0 0 54 32 0 61 0 0 0 0 0 1 23 38 0 0 2 7 7 0 0 15 27 65 36 8 0 10 32 0 34 79 82 0 0 51 4 0 0 83 26 0 21 0 26 0 11 68 0 0 24 0 0 0 0 0 0 0 4 30 0 0 0 9 0 7 0 0 0 0 0 0 0 0 38 47 46 1 0 4 0 10 40 27 51 44 0 0 22
 0 48 0 0 0 21 24 33 51 0 12 80 0 57 16 0 11 0 0 0 0 7 0 44 0 6 22 0 12 0 0 75 4 0 0 73 47 75 0 0 0 75 0 0 0 20 11 0 43 0 27 0 53 8 0 0 0 0 36 0 0 4 0 0 57 0 29 0 58 0 0 54 0 0 0 21 19 0 25 21 0 0 0 48 0 0 0 8 10 10 74 52 1 0 0 0 33 58 53 48 68 16 0 0 0 31 31 0 51 51 8 0 52 45 7 0 0 0 0 0 15 0 1 9 5 0 0 41 32 17 0 0 0 0 11 0 0 37 0 49 64 12 0 0 19 18 0 0 35 25
 26 0 37 12 0 0 0 0 0 0 40 0 0 6 53 0 0 7 85 47 0 0 0 0 0 0 76 13 46 55 0 34 53 38 54 66 67 0 0 51 51 0 56 37 0 0 34 0 24 0 0 0 18 18 7 6 0 52 36 72 0 0 20 53 60 22 22 0 0 0 37 0 0 0 82 0 31 28 0 58 0 87 0 6 2 0 0 0 6 0 67 2 41 0 0 66 0 22 0 0 5 0 0 0 15 0 4 10 0 0 0 14 8 63 0 0 67 0 0 0 38 48 0 0 0 0 62 0 0 0 0 0 38 0 40 0 0 0 0 73 30 0 20 20 8 0 57 0 0 0
 27 5 0 46 0 0 0 0 17 30 0 0 0 0 0 0 48 0 0 0 61 2 0 0 0 37 0 0 0 13 67 6 89 36 31 0 16 55 48 67 29 0 0 35 0 0 3 15 16 0 0 41 0 0 8 5 63 0 42 49 53 15 0 0 0 0 25 29 17 0 9 0 51 46 45 0 0 0 0 2 0 0 40 22 0 0 24 8 15 0 5 0 6 0 33 0 0 0 3 0 28 0 0 0 0 23 0 0 0 17 0 47 53 21 63 0 59 0 4 0 0 73 28 0 68 0 0 42 39 42 29 0 0 62 0 18 0 0 0 0 0 27 0 70 0 29 7 0 67 1
 0 0 0 26 23 82 98 0 31 20 0 14 19 0 0 24 0 86 0 50 22 80 36 0 38 0 0 39 0 28 0 0 19 71 42 25 0 15 5 0 49 27 0 12 63 0 0 0 0 22 59 66 32 0 7 21 67 94 0 51 0 12 0 89 12 34 0 42 0 44 0 0 1 0 0 0 36 0 0 46 12 7 0 31 0 12 17 59 6 41 0 42 0 62 0 0 0 0 0 0 0 0 0 57 0 14 13 0 59 0 43 52 0 42 62 4 47 64 52 48 0 17 42 0 64 18 4 64 74 0 59 23 0 6 0 0 59 76 0 37 21 1 15 0 1 5 3 0 0 0
 0 0 61 0 0 36 0 0 66 0 5 67 19 71 19 72 71 80 64 45 22 0 0 0 17 72 38 0 0 54 0 17 0 0 0 0 0 0 0 0 0 77 0 52 0 0 10 0 0 93 0 5 44 75 19 0 46 25 0 0 0 90 0 46 0 28 0 47 28 32 0 0 0 0 0 7 1 0 4 0 0 11 11 0 0 0 38 63 26 0 0 0 0 16 72 0 73 0 48 78 27 0 57 0 0 77 31 17 6 27 0 5 60 40 0 36 77 0 0 80 0 0 0 33 22 9 47 46 13 0 53 37 0 11 25 14 54 36 24 78 66 0 0 26 0 0 33 13 9 0
 10 0 92 0 0 0 0 0 0 0 0 0 0 1 0 0 23 0 0 14 0 3 20 79 0 46 7 0 12 43 86 28 6 0 29 56 16 37 2 0 4 0 0 27 91 0 69 16 0 0 0 0 11 0 13 0 0 0 0 3 0 39 58 83 17 38 43 0 0 88 82 81 0 0 63 21 0 0 60 0 0 0 26 0 76 0 69 11 0 0 25 0 0 28 34 0 22 0 0 0 0 31 0 0 0 0 0 29 0 20 69 0 52 0 1 23 57 55 0 5 41 0 0 25 0 40 15 0 8 5 43 0 46 0 0 53 88 0 36 90 80 56 17 43 1 10 15 0 0 48
 0 0 0 0 0 36 2 0 6 0 31 59 0 23 0 0 0 0 0 50 26 0 0 0 75 0 0 62 69 0 0 38 0 20 12 0 47 0 38 0 0 26 0 4 0 0 5 0 51 23 19 0 6 6 65 0 0 0 70 93 63 27 0 27 78 0 0 18 2 0 87 0 17 0 47 36 0 0 0 0 46 0 0 68 16 0 0 29 84 0 16 0 0 30 0 0 3 0 0 0 0 9 0 0 0 0 54 0 14 5 0 41 13 0 0 60 0 0 0 0 0 0 78 0 12 66 50 54 0 0 0 0 38 69 0 5 0 53 93 38 10 0 13 54 0 18 0 56 19 47
 0 69 50 37 0 21 58 0 26 0 18 0 0 0 0 0 46 8 41 0 0 0 0 32 2 0 1 39 13 0 5 42 25 24 21 0 0 0 0 64 0 8 52 0 78 0 28 0 10 3 0 0 63 0 0 42 0 0 0 31 0 8 0 14 0 30 84 38 1 0 17 6 0 29 83 0 0 89 0 3 0 0 0 0 0 0 0 0 5 0 0 73 32 0 28 8 14 13 0 0 0 20 1 19 0 56 14 0 5 13 0 0 10 0 16 37 72 0 0 0 83 40 0 0 0 7 0 54 0 0 0 0 0 22 41 0 0 55 23 0 10 0 0 0 35 0 0 0 0 0
 0 40 1 0 0 0 19 0 5 0 24 10 0 6 74 17 19 0 7 74 0 0 29 30 12 0 0 25 0 55 36 6 46 0 22 86 6 11 0 28 0 0 52 0 50 15 72 26 0 0 0 0 13 8 8 11 0 2 0 28 4 0 90 0 22 26 0 0 85 49 0 33 96 0 1 8 89 46 66 0 0 59 0 50 16 0 30 0 31 0 0 49 0 0 0 0 0 0 77 15 0 0 8 0 0 0 37 52 0 41 5 73 0 0 0 11 65 0 0 17 46 22 0 38 25 60 0 0 0 0 0 64 0 16 8 0 0 17 43 0 19 56 0 24 17 15 2 0 0 6
 38 0 0 79 0 82 0 54 53 9 20 0 65 61 0 63 0 0 17 44 0 0 31 0 0 14 66 0 0 0 0 58 0 43 0 0 35 43 0 12 15 0 0 0 3 8 29 5 15 0 68 10 9 16 20 0 13 38 22 48 0 8 32 0 73 78 0 5 38 8 11 0 20 2 43 0 0 0 27 10 66 0 0 75 0 62 0 0 34 27 8 0 27 16 1 64 27 26 1 0 29 10 38 29 11 0 37 30 0 0 67 72 0 0 0 0 12 0 0 0 0 50 0 0 41 40 0 25 18 70 36 47 7 44 59 0 76 22 0 0 0 0 0 0 4 0 57 0 6 0
 0 0 29 70 92 60 2 0 0 36 8 0 0 20 0 50 0 0 0 54 0 47 7 37 19 15 0 75 0 59 28 0 0 0 77 0 0 30 18 0 10 0 28 38 0 2 14 0 0 0 47 2 0 0 28 0 0 0 12 0 0 32 0 0 72 0 0 60 66 0 0 0 0 0 45 9 3 0 12 15 6 27 55 48 0 0 0 0 0 0 63 0 0 5 11 0 0 0 0 46 0 0 75 11 13 0 0 26 21 20 87 11 0 0 64 9 0 0 78 0 0 0 0 0 0 0 20 5 55 71 0 45 18 0 0 40 28 0 0 56 10 63 0 9 0 0 0 0 0 82
 10 0 0 33 0 0 50 59 68 0 0 9 66 21 18 59 0 16 36 0 80 41 0 21 8 0 14 33 54 42 68 0 0 0 8 0 86 0 0 17 13 0 0 18 0 57 57 0 0 0 16 0 17 0 5 51 0 23 0 0 2 35 0 3 0 26 56 37 0 0 0 25 0 26 0 85 58 0 0 0 60 0 31 0 27 66 0 0 27 0 9 0 29 0 77 6 0 46 0 14 0 0 81 10 26 24 0 41 43 0 18 0 0 9 35 30 20 37 27 60 51 0 15 34 17 44 29 0 0 35 0 0 0 4 0 0 31 0 0 0 0 0 0 12 67 0 0 10 0 7
 30 16 0 0 0 0 1 0 0 0 34 7 20 0 37 0 0 0 0 0 0 2 30 4 0 0 46 8 25 0 0 57 0 49 0 0 68 0 0 60 17 0 0 39 26 8 0 26 66 1 81 0 25 0 0 0 0 19 0 49 89 0 2 3 0 0 14 0 0 55 92 56 0 2 0 0 36 50 11 79 0 0 41 19 0 0 39 0 58 30 45 24 18 11 0 0 0 0 0 0 27 20 25 0 0 41 0 0 0 7 1 83 0 0 0 0 0 0 61 0 0 0 0 56 31 51 95 24 0 0 81 23 0 27 2 18 41 8 49 13 0 19 0 13 0 51 12 0 21 32
 77 8 36 0 66 0 0 0 0 24 27 0 12 0 5 14 0 0 55 24 15 37 23 55 18 66 27 0 4 0 0 0 4 0 24 0 32 22 79 0 56 0 66 0 30 8 0 0 7 21 0 0 0 26 29 0 33 3 49 0 0 0 0 0 88 0 14 10 19 65 6 0 0 1 83 7 0 43 80 0 52 0 0 0 26 27 19 0 68 0 0 13 0 0 8 17 25 0 0 41 54 22 43 0 0 0 0 0 0 0 0 0 46 0 33 0 0 0 33 85 18 0 0 0 59 0 2 0 0 65 5 0 0 0 0 0 0 0 17 0 8 0 0 0 18 0 30 0 7 57
 3 61 48 1 3 0 57 50 7 0 35 0 0 0 0 0 21 28 32 0 0 42 0 28 0 55 0 0 61 0 0 0 0 53 0 2 0 0 0 2 0 61 0 31 1 0 0 9 0 88 0 0 0 0 0 0 8 21 7 0 0 27 0 0 0 30 22 21 0 0 6 10 0 0 0 14 0 0 97 0 48 7 47 45 0 76 0 6 40 18 0 26 48 0 0 0 24 20 0 0 52 29 55 0 68 0 68 31 0 0 2 0 0 0 0 1 0 10 0 0 0 5 0 40 0 0 46 12 39 44 36 0 0 0 25 0 0 34 0 73 49 0 0 71 0 0 54 59 61 15
 0 75 1 19 31 0 0 0 0 0 0 0 24 0 67 60 47 30 51 8 0 0 47 8 22 38 0 0 0 0 77 0 68 27 0 70 0 79 48 0 28 7 31 16 0 0 0 0 0 17 3 0 0 0 0 73 28 36 24 0 31 0 19 0 0 0 0 0 38 3 6 0 21 0 0 22 0 25 8 85 0 1 12 0 44 0 22 0 13 17 21 50 58 56 0 23 62 0 0 19 0 0 0 18 79 77 0 35 26 0 0 0 0 0 0 71 0 0 16 0 83 0 0 51 0 37 20 0 0 0 20 0 0 0 8 0 0 58 0 7 0 0 15 88 25 8 23 10 53 0
 16 0 0 7 0 5 82 0 58 0 0 0 4 81 0 27 0 49 0 2 1 20 22 0 0 0 34 0 74 67 0 0 0 0 50 0 0 0 6 43 36 0 31 0 10 0 72 32 0 28 22 0 12 64 0 34 0 37 0 24 0 0 0 32 53 40 32 0 49 72 0 61 88 0 0 0 86 0 0 40 79 8 86 0 1 0 31 0 43 0 50 24 0 27 0 10 25 0 0 0 0 17 36 61 28 8 0 3 0 0 51 3 52 44 12 0 0 39 0 0 0 0 0 22 0 0 16 36 0 0 0 33 0 0 9 22 0 0 0 0 40 2 0 0 35 49 0 0 39 0
 10 2 5 40 18 0 0 0 0 11 0 18 20 0 14 46 0 0 0 0 63 0 0 7 0 21 0 45 31 5 12 73 0 41 0 0 0 0 0 0 0 35 0 30 60 3 0 25 67 0 13 0 0 22 26 43 11 58 85 0 0 10 0 1 14 0 39 0 0 58 0 15 0 31 0 38 26 31 0 0 0 11 66 6 18 0 0 0 22 27 70 24 23 48 15 0 0 70 10 0 0 0 0 62 52 0 40 0 78 64 44 43 0 0 0 0 5 11 70 38 0 18 0 8 73 88 56 12 0 0 0 0 7 7 22 0 73 99 6 0 88 0 0 82 36 53 0 29 33 0
 0 0 0 0 84 0 83 30 0 4 0 29 0 43 34 61 0 0 61 0 4 0 80 0 38 0 0 12 20 2 79 3 0 0 10 14 0 39 0 69 39 0 2 14 76 0 0 33 1 0 0 1 0 31 0 0 16 0 62 97 17 0 3 0 2 41 0 1 0 0 53 13 93 52 0 0 0 42 0 0 0 0 28 0 43 0 0 19 0 0 6 44 0 0 85 48 0 38 0 0 0 0 87 0 35 0 0 0 16 18 39 0 0 0 0 20 0 4 0 0 13 90 0 0 0 21 0 45 0 28 48 0 32 4 0 0 62 12 9 36 58 0 12 4 0 1 2 12 0 38
 70 0 0 0 0 8 0 39 51 0 0 0 0 0 60 0 0 14 15 6 0 25 49 34 0 57 0 43 39 0 0 10 0 0 15 8 22 0 0 9 0 30 15 0 51 59 0 0 79 38 62 61 0 0 0 0 0 0 52 67 25 0 57 0 0 0 0 0 55 28 0 52 0 0 0 22 0 26 0 16 16 0 8 78 0 16 12 3 0 0 0 0 0 84 14 61 0 0 55 53 18 67 0 30 0 0 42 40 48 27 69 9 0 0 73 0 0 0 0 0 0 81 8 0 0 7 18 0 38 0 0 0 43 0 17 0 0 0 44 79 0 0 0 6 54 0 10 0 0 39
 1 0 41 76 0 0 4 0 10 5 54 0 13 21 75 24 43 0 0 0 55 0 2 10 1 3 74 37 54 0 0 0 56 5 0 0 0 2 60 0 47 3 17 27 16 59 0 0 0 92 35 2 0 0 68 39 0 0 0 0 27 18 0 0 63 0 39 40 2 0 0 58 0 81 7 0 36 0 91 0 0 0 0 3 76 0 66 0 32 39 35 0 0 15 0 0 0 2 0 0 0 35 89 13 45 0 48 57 0 59 29 0 51 36 46 15 66 14 60 0 62 59 8 0 13 0 0 0 0 48 0 35 46 11 26 72 49 0 11 17 64 47 0 0 56 72 0 0 0 0
 25 0 7 1 0 26 0 0 17 92 0 0 0 0 20 10 14 49 0 52 0 0 0 0 75 0 2 0 0 0 45 65 35 0 67 0 24 30 0 10 51 0 0 20 91 74 5 61 0 0 0 0 0 77 17 0 41 0 32 47 3 37 53 0 4 0 16 0 29 6 1 2 46 0 22 0 27 0 0 29 33 40 55 0 51 93 0 0 0 5 35 49 56 19 0 0 0 27 13 0 0 0 0 84 0 0 0 0 0 0 0 57 0 47 16 48 38 0 18 0 0 20 0 0 34 0 0 0 0 14 79 80 42 0 58 14 0 44 90 0 0 0 0 0 76 0 0 0 20 0
 61 23 0 0 35 0 31 9 27 51 0 2 21 10 40 0 0 37 8 0 0 24 0 34 55 65 29 0 0 0 6 0 0 48 0 0 65 0 0 0 0 0 36 61 76 18 0 0 0 45 7 7 13 24 0 29 76 21 0 24 0 20 0 0 39 14 0 0 0 0 76 38 0 5 13 13 0 0 2 0 0 57 10 0 0 46 22 1 0 69 36 0 61 35 79 30 31 44 0 0 0 0 0 0 0 0 45 0 0 50 48 11 76 34 19 0 43 5 20 61 0 19 0 3 53 24 27 0 0 6 0 2 13 21 0 32 0 0 0 0 14 20 68 0 45 18 32 0 34 88
 0 49 0 0 0 34 85 33 38 24 0 13 28 11 0 0 0 26 14 0 4 32 0 38 68 79 0 82 0 67 0 33 17 18 0 29 0 0 0 0 7 40 0 0 0 0 0 0 57 0 0 0 0 0 0 0 0 0 0 0 39 39 0 1 0 58 0 0 0 0 0 41 4 23 60 66 36 7 0 56 36 25 0 0 84 56 0 10 9 10 47 69 0 43 11 4 4 0 4 0 56 0 7 93 31 0 0 0 0 67 0 2 0 0 0 37 7 0 0 33 0 0 0 0 19 87 0 0 46 0 4 56 5 32 0 59 43 0 0 74 42 78 33 32 4 0 2 0 7 17
 0 62 14 8 0 0 0 0 60 0 0 0 18 23 0 0 0 0 0 0 57 0 33 0 15 77 86 0 30 11 20 1 0 0 0 0 0 0 19 0 42 34 0 0 0 0 0 0 68 36 0 0 0 0 0 0 14 0 57 0 0 0 0 0 0 0 0 0 0 22 0 0 0 0 33 0 0 0 0 0 0 0 23 72 0 0 5 0 72 30 70 25 0 4 4 8 17 0 0 22 0 0 88 41 0 70 22 15 0 0 0 4 0 0 0 8 21 21 0 66 69 0 0 0 44 27 0 26 27 0 0 98 14 7 0 0 0 36 0 9 0 16 38 40 0 0 0 0 0 0
 38 18 0 0 38 0 1 7 39 32 0 79 26 33 0 0 42 20 10 56 33 0 75 69 64 48 60 34 0 12 7 0 0 0 0 0 50 31 0 58 45 0 80 20 0 0 0 30 0 55 0 17 0 48 78 4 10 0 75 27 0 36 31 0 0 18 5 0 62 8 24 88 47 0 13 2 0 10 0 0 23 0 5 0 0 0 0 0 0 20 0 41 0 0 20 49 0 22 0 0 0 0 31 8 31 0 28 50 1 0 14 0 40 0 0 0 0 0 0 22 0 0 20 0 11 0 76 5 20 0 0 11 0 43 17 0 0 0 0 92 0 0 65 43 0 0 0 0 0 17
 68 0 9 78 27 0 0 86 0 23 1 48 0 20 0 0 26 0 0 0 0 0 0 10 0 36 63 65 0 0 8 15 0 0 59 45 0 0 0 27 0 0 0 18 0 0 0 65 0 0 0 21 0 0 0 90 0 67 0 0 0 0 26 60 0 0 0 12 18 0 0 40 9 0 0 0 0 87 57 0 0 0 0 9 0 0 0 0 0 21 22 0 8 0 0 0 70 68 0 56 82 31 0 51 0 0 5 27 0 9 0 0 0 0 33 3 20 0 13 0 18 0 0 0 31 35 21 7 60 0 40 19 0 19 5 0 0 0 42 52 91 0 0 25 0 0 7 0 0 0
 0 55 36 0 15 0 47 44 0 0 39 0 0 25 11 36 54 0 0 60 71 55 14 0 0 0 0 9 68 7 0 0 11 0 0 0 56 88 34 0 0 5 33 90 0 27 37 0 0 0 15 0 57 16 11 8 54 0 0 17 0 0 75 0 0 0 1 0 13 20 15 0 0 84 60 19 0 0 0 0 0 0 0 14 2 0 23 0 0 0 74 79 74 14 0 33 0 58 60 0 76 23 0 0 0 78 0 64 0 48 37 0 55 20 33 0 8 25 0 0 20 27 0 68 81 0 19 0 0 5 33 0 31 0 0 27 6 0 28 0 0 1 42 0 50 0 0 73 32 47
 36 0 0 54 31 0 0 0 0 0 32 16 22 0 70 0 0 65 86 63 0 0 8 9 0 18 27 92 5 54 12 0 37 0 0 0 0 16 15 79 0 0 26 0 14 0 0 0 8 67 0 0 0 0 0 0 8 0 0 29 87 2 0 0 0 0 0 6 0 32 1 0 23 0 32 0 0 31 0 0 52 0 8 63 74 0 0 78 3 15 0 0 29 0 0 12 0 21 0 0 48 78 27 11 6 0 61 0 0 0 16 0 4 0 0 8 36 0 0 0 1 0 48 47 0 78 84 0 6 30 51 18 0 88 66 16 15 0 16 0 0 21 0 16 0 0 0 0 0 67
 13 14 0 0 49 0 0 11 0 4 36 74 0 24 0 0 34 38 45 22 0 0 0 0 11 24 0 0 0 0 25 0 41 74 76 0 0 0 0 3 0 0 20 21 0 0 13 0 8 53 0 0 45 0 6 0 1 0 0 17 48 31 0 0 44 7 8 0 0 0 0 30 57 0 0 29 0 17 11 0 0 0 53 0 0 0 0 0 0 4 23 0 12 78 0 0 0 38 7 4 0 68 55 68 65 0 17 0 0 16 0 0 46 5 4 45 21 25 0 15 68 29 0 67 27 52 0 0 45 12 22 0 0 0 0 0 0 11 38 0 29 0 18 0 0 18 0 22 74 85
 0 4 0 0 80 64 0 0 0 46 7 0 68 0 1 0 46 82 49 0 0 0 10 46 7 0 10 30 23 16 46 0 0 0 60 80 0 1 0 0 23 0 0 0 0 34 0 67 46 0 3 39 24 0 0 0 0 0 0 0 0 6 0 75 54 18 0 0 0 0 35 0 77 0 0 0 4 0 48 7 35 0 0 0 45 2 0 0 0 0 35 21 34 16 22 29 0 8 43 64 0 0 0 37 0 64 0 0 7 54 23 0 0 0 5 3 26 0 0 0 0 0 61 0 38 0 0 41 0 14 0 52 77 0 87 0 0 70 0 34 0 0 0 33 0 0 9 0 0 48
 11 18 0 0 0 0 0 0 7 87 3 0 0 16 44 57 79 0 18 33 0 29 66 0 0 0 0 0 0 0 0 0 78 42 41 53 29 62 39 0 42 0 0 22 0 43 0 0 7 0 28 23 0 0 0 35 0 0 0 0 0 35 0 47 32 0 81 35 15 9 13 0 37 0 52 0 34 0 87 0 0 17 0 0 7 3 0 0 0 0 33 0 0 30 0 94 0 28 74 0 15 0 0 77 0 68 0 42 0 48 0 0 0 0 0 0 0 0 0 0 3 25 0 47 0 87 46 0 0 62 0 26 0 34 0 35 48 4 18 0 2 45 83 44 23 0 26 87 0 20
 10 0 16 46 8 0 13 0 0 0 0 7 0 81 47 0 15 26 67 28 0 40 0 0 0 18 0 0 49 44 0 0 23 0 37 84 3 62 28 0 0 31 0 41 0 0 0 0 0 0 25 7 17 0 35 53 16 0 0 19 0 0 0 0 0 53 42 63 0 0 0 0 18 0 61 21 14 0 0 0 0 31 46 28 13 21 0 0 0 6 0 83 30 59 63 26 55 8 0 8 36 17 60 3 0 12 3 22 0 35 0 0 0 40 70 6 69 0 0 0 0 15 0 1 87 0 0 0 0 0 5 26 0 54 0 0 0 0 19 47 11 0 85 26 0 0 16 0 65 0
 0 0 0 18 0 60 0 24 26 0 9 0 5 23 30 0 0 0 0 61 0 2 46 0 0 87 0 0 0 0 0 0 0 20 0 93 35 23 0 0 0 0 0 0 0 0 62 16 11 0 0 0 15 42 10 0 27 0 0 20 34 0 7 0 0 0 84 3 34 26 85 0 35 0 32 0 38 48 0 14 28 0 0 0 0 0 0 72 50 0 0 0 0 0 0 0 0 65 0 24 0 29 0 58 30 0 0 14 0 43 2 45 25 0 0 20 0 36 0 0 49 10 46 28 5 0 4 28 0 61 18 0 0 0 83 0 0 42 91 0 0 0 30 0 0 74 0 17 60 0
 24 0 0 22 0 44 43 44 0 45 0 41 13 0 0 53 66 0 6 0 0 0 31 0 49 65 71 42 0 5 0 0 0 0 52 0 0 9 8 0 0 0 57 0 0 0 0 6 0 0 43 0 0 31 0 23 58 2 79 34 24 0 0 2 0 3 0 36 0 46 64 43 0 0 23 3 59 43 71 48 62 0 37 0 8 0 23 0 3 0 70 0 17 0 0 0 9 27 38 0 8 54 0 0 57 52 0 0 50 0 0 55 0 29 0 72 0 34 64 70 63 63 10 0 0 69 0 47 28 0 0 0 0 40 38 0 0 21 38 0 0 0 65 0 4 53 0 0 0 0
 11 32 32 11 28 0 6 0 56 10 73 9 0 0 0 59 0 0 0 0 0 0 8 0 0 45 11 38 0 68 0 39 29 0 0 3 25 3 0 44 0 0 0 0 50 51 9 0 0 0 27 0 0 0 0 7 43 0 55 0 0 0 0 36 0 36 5 1 0 32 45 5 0 53 0 0 32 0 41 0 33 13 2 0 9 20 2 10 0 41 0 11 14 0 0 12 0 0 72 57 0 0 0 0 28 32 23 23 30 0 0 21 0 0 0 0 0 0 24 0 0 0 0 27 6 0 2 0 57 75 0 81 17 67 54 62 0 87 10 44 61 16 11 0 0 0 0 0 0 0
 0 63 17 0 0 39 0 45 5 0 0 0 13 0 0 0 11 2 92 4 0 0 29 1 71 31 0 26 0 15 26 42 0 63 0 0 0 22 84 8 24 0 26 0 31 0 0 0 18 32 0 47 37 0 8 0 6 65 0 0 8 0 0 0 0 0 0 18 0 27 33 49 35 0 27 40 0 0 0 15 37 22 60 0 52 76 5 0 2 10 0 0 0 0 4 0 0 33 0 27 74 27 67 6 0 0 6 8 10 0 2 0 0 0 87 0 0 5 43 0 5 16 0 6 0 57 38 0 0 0 0 66 0 8 0 0 0 17 0 45 0 39 0 63 69 77 0 16 23 42
 52 0 34 0 33 0 24 0 11 7 9 43 0 10 69 57 7 68 0 22 0 0 45 66 0 0 0 0 0 5 63 0 47 0 46 28 91 0 0 0 0 0 89 73 0 18 0 32 0 0 11 0 32 0 24 20 0 0 0 53 0 40 0 0 0 56 85 27 50 0 0 0 10 0 26 30 0 0 0 53 0 4 25 0 0 35 27 9 42 5 0 0 0 0 26 17 0 0 0 14 0 86 8 0 0 24 24 0 18 0 0 0 0 0 0 0 0 0 0 0 0 0 9 1 0 82 65 0 14 0 8 4 64 0 0 54 66 0 0 0 40 9 0 0 0 45 0 50 35 0
 19 34 31 0 0 5 36 0 10 15 0 0 34 24 55 0 5 34 63 0 37 0 0 0 64 46 0 8 34 14 3 9 69 0 0 0 0 0 39 97 0 54 27 0 0 0 29 3 0 27 35 0 83 12 77 2 25 13 0 0 0 1 48 6 67 37 57 45 0 44 47 0 0 0 0 0 0 0 0 86 0 33 0 42 0 32 11 0 0 0 6 6 0 0 27 1 0 14 17 22 0 0 57 0 0 0 34 31 0 11 0 38 5 5 36 0 6 12 58 12 1 6 0 0 0 0 0 28 68 0 0 65 0 24 56 64 26 0 0 10 58 52 50 84 28 0 2 18 43 69
 58 0 0 0 0 0 17 0 0 51 0 0 15 0 0 35 0 0 22 78 0 0 0 68 0 0 0 0 15 27 0 22 0 0 41 35 0 3 0 0 0 22 8 0 0 0 0 15 0 0 0 1 21 45 0 0 0 0 2 0 25 35 3 0 40 19 5 0 44 22 4 0 35 0 0 0 17 13 34 0 0 0 17 0 0 0 78 0 0 0 0 10 0 0 0 0 0 0 35 1 0 37 45 48 34 37 8 18 0 0 39 0 61 0 0 11 2 0 29 10 49 19 12 0 0 39 1 0 0 0 27 50 30 0 23 0 43 0 0 23 3 0 69 0 35 0 78 27 0 40
 0 19 0 46 0 0 0 31 0 16 8 0 0 0 0 0 0 6 0 0 0 0 0 28 43 3 87 0 0 17 0 0 0 0 0 27 92 33 0 54 5 0 30 76 7 32 41 0 58 0 21 1 93 21 0 18 0 3 0 22 0 0 0 8 59 0 0 71 47 31 35 34 4 0 0 0 66 3 0 0 0 0 0 14 0 3 19 0 38 0 29 55 0 0 23 2 23 0 0 0 77 6 15 0 10 51 0 39 3 0 12 0 0 0 44 0 42 0 26 0 0 0 0 0 70 0 0 25 0 0 0 1 34 28 0 5 0 0 43 0 0 0 0 0 0 0 22 59 18 6
 0 7 0 35 0 0 4 0 0 15 21 0 0 0 1 0 34 0 44 0 37 40 0 0 73 0 0 0 0 0 0 0 40 40 0 0 0 11 34 5 44 24 0 0 18 0 32 0 39 0 0 94 2 0 0 0 0 52 64 0 0 0 37 0 0 45 0 0 0 76 76 0 52 7 45 0 0 70 48 0 0 3 37 67 89 51 6 2 0 62 9 0 75 58 0 0 0 56 0 0 16 0 31 0 0 43 61 0 26 0 87 0 14 8 21 81 0 0 15 28 29 0 0 0 0 45 46 0 11 2 0 32 81 32 0 0 0 0 4 0 17 52 0 38 46 21 0 0 0 0
 0 0 0 0 0 0 28 5 87 19 28 0 25 0 0 0 8 0 36 0 0 9 57 0 0 0 44 0 7 0 0 0 0 13 28 39 48 0 0 0 0 28 30 24 33 0 0 57 46 27 31 0 0 25 0 28 0 0 10 53 20 9 0 18 0 0 79 0 0 60 0 0 0 0 24 1 82 6 0 2 47 0 13 0 0 8 0 6 0 0 0 44 0 0 13 66 0 18 47 0 0 0 0 0 1 0 86 0 2 0 60 0 0 83 15 0 15 8 72 0 58 0 59 11 52 80 7 0 57 0 45 6 0 0 0 0 0 11 0 10 0 37 23 8 0 0 4 0 42 65
 0 15 0 0 19 0 34 0 0 0 0 8 18 0 49 8 57 0 0 0 0 9 0 19 59 62 0 0 21 4 0 0 13 0 0 0 23 0 35 0 12 0 7 38 0 54 0 0 0 0 0 74 0 0 0 0 0 0 37 0 69 3 42 0 18 0 42 5 0 0 26 49 0 0 0 0 46 1 0 0 0 9 32 0 0 8 8 5 0 0 0 0 13 73 35 0 0 0 35 0 0 18 0 0 0 24 76 46 50 0 0 63 4 31 9 0 44 0 0 24 0 0 83 0 0 0 33 60 0 0 23 0 0 0 39 14 19 0 0 0 0 27 5 0 0 51 0 0 3 0
 19 66 20 9 0 1 24 0 0 0 0 11 0 3 0 48 60 0 41 43 21 30 0 13 37 0 0 0 17 50 0 12 34 0 0 94 0 0 0 0 54 0 0 44 55 0 0 0 11 0 2 80 0 0 0 0 24 0 0 0 37 11 0 0 0 77 29 0 0 30 0 0 43 89 0 0 0 13 60 0 38 0 0 0 74 46 55 5 49 0 8 55 76 22 0 11 20 37 0 0 0 0 21 28 0 0 0 0 58 82 38 45 82 23 79 0 0 0 8 0 0 0 0 0 0 0 0 0 16 31 23 26 0 0 0 0 16 0 0 0 60 83 44 30 0 0 0 48 7 0
 0 0 0 0 0 0 0 57 80 0 0 88 0 0 27 0 2 24 2 0 16 0 2 1 38 8 0 0 22 0 16 51 54 62 83 48 0 33 14 42 0 0 6 0 0 0 0 0 0 0 2 3 54 0 53 0 11 0 0 0 2 0 0 25 0 35 0 41 0 0 0 0 0 16 0 10 0 29 17 8 30 0 0 0 0 1 0 0 14 26 0 0 20 0 0 0 0 0 8 40 38 44 0 1 39 18 11 67 0 52 0 0 57 41 26 0 9 2 0 0 77 20 23 45 18 0 78 17 64 0 73 43 62 3 0 0 0 0 0 77 0 52 0 20 0 70 69 0 19 59
 0 0 57 15 0 0 0 8 0 66 0 0 0 0 41 0 13 0 40 0 0 14 28 0 4 17 44 0 0 3 0 0 76 56 0 53 0 24 72 0 0 0 0 0 6 4 37 18 22 3 0 58 0 16 0 0 40 24 74 44 0 16 0 20 0 19 13 0 22 0 14 12 0 0 0 0 0 19 0 24 0 0 0 0 0 37 0 40 31 0 8 0 0 31 0 53 41 0 38 28 0 11 31 0 0 0 0 13 0 1 78 17 0 39 0 25 26 0 3 0 30 17 6 39 26 28 60 0 22 0 83 22 0 60 0 0 0 78 0 0 61 12 35 0 25 12 31 0 30 0
 69 0 0 7 72 0 23 14 27 0 34 0 4 0 50 17 0 0 2 40 0 0 0 16 57 56 0 0 0 41 0 40 0 0 0 0 0 14 0 43 53 0 0 0 22 0 0 44 0 10 0 0 0 0 13 10 0 0 0 0 48 33 96 0 18 0 0 0 0 11 0 20 0 0 0 15 0 58 12 16 0 0 25 0 53 0 0 0 0 18 28 85 26 9 31 8 61 0 0 0 40 56 0 36 63 54 4 0 0 21 0 24 19 0 31 0 0 0 0 0 22 0 0 9 0 49 0 0 0 0 46 0 0 11 46 14 13 0 0 0 93 0 0 26 0 0 65 20 0 0
 38 9 0 71 0 29 0 6 32 0 0 0 0 0 44 0 70 0 64 31 0 0 79 5 0 30 11 0 0 27 0 0 81 0 12 0 0 0 61 52 49 27 0 30 66 19 34 0 0 0 0 0 0 23 0 89 0 18 38 0 0 0 45 31 0 0 0 27 0 0 0 0 11 5 65 69 60 0 14 26 0 83 30 10 0 33 0 70 29 0 72 0 0 0 27 6 71 0 25 80 7 3 0 0 51 0 79 0 0 0 66 0 76 13 0 37 0 56 0 0 17 14 0 0 30 0 15 0 76 0 0 48 5 0 18 12 16 0 16 58 0 0 63 59 19 0 0 77 0 0
 6 27 33 93 0 0 66 0 0 87 0 62 0 0 0 23 56 85 0 36 91 4 64 11 0 0 0 88 34 19 0 37 0 8 0 34 4 0 0 37 25 0 0 0 0 56 12 0 0 59 11 0 46 0 26 21 24 31 0 39 19 0 0 51 0 0 0 0 0 20 10 11 5 51 82 0 41 9 45 33 0 77 34 27 0 0 0 0 67 8 21 0 4 0 49 10 0 13 0 79 11 9 0 50 52 0 0 0 0 0 0 24 0 45 39 0 11 0 27 52 0 0 0 0 0 2 0 76 24 69 0 0 36 0 0 0 0 21 0 0 10 29 47 0 0 0 18 0 22 56
 0 0 0 0 0 28 0 0 0 62 0 63 14 15 0 0 7 0 0 0 2 61 2 0 0 0 0 0 0 19 0 0 63 25 28 7 0 0 0 3 9 51 9 0 15 0 61 0 0 15 0 0 3 0 0 18 15 0 0 86 0 0 0 43 0 13 0 0 0 0 31 0 67 6 0 0 46 0 12 60 0 94 58 0 0 0 0 48 14 90 0 0 15 0 0 83 0 1 16 68 0 44 0 53 0 0 0 0 0 0 11 0 47 0 0 6 0 7 0 0 5 0 16 0 16 0 0 1 16 0 51 0 0 0 31 0 0 22 19 0 9 0 7 13 1 0 0 0 23 0
 56 0 3 0 0 15 6 4 44 0 0 0 30 29 21 0 0 0 22 73 0 0 7 0 21 23 10 0 0 0 0 0 0 61 25 0 0 15 0 0 4 0 0 5 10 1 67 0 93 0 0 33 0 0 0 38 64 3 0 1 0 0 0 36 45 47 17 0 0 0 0 0 0 58 0 0 21 8 0 0 59 20 0 26 0 0 42 0 0 27 0 46 0 0 0 4 0 0 0 46 3 59 37 0 13 0 9 12 42 9 0 71 0 22 0 77 36 27 5 29 5 0 72 54 0 27 0 0 71 24 0 0 15 46 0 65 66 13 40 0 66 0 0 0 0 10 0 6 20 0
 0 54 56 0 0 30 28 0 0 0 33 40 10 20 50 53 0 41 2 0 10 0 0 0 17 35 0 65 15 33 3 0 69 36 39 38 0 0 85 0 40 0 4 0 43 40 6 21 64 0 0 0 0 42 28 0 0 0 0 4 0 73 52 65 86 0 0 0 0 0 86 0 0 0 64 0 29 50 39 62 59 0 39 60 0 0 0 0 0 14 0 0 0 0 0 33 0 69 40 64 56 25 0 0 0 45 0 0 39 0 0 60 13 0 46 0 21 0 46 0 0 0 17 0 0 0 3 11 29 0 0 20 0 64 82 27 0 0 80 0 0 16 0 0 18 0 0 41 54 33
 26 0 8 60 10 0 14 0 31 43 0 0 41 0 34 0 33 50 0 30 46 0 0 58 0 0 36 62 55 22 0 19 0 48 67 0 0 0 0 28 19 71 61 29 56 0 0 7 0 19 0 23 16 0 0 68 17 39 90 23 0 36 33 43 11 50 81 0 30 0 31 86 10 11 78 0 55 54 0 15 0 0 0 6 0 12 0 30 0 67 14 0 57 0 41 68 74 0 0 75 0 31 0 11 8 33 0 53 10 0 75 25 0 34 0 0 9 50 45 0 0 0 38 0 0 0 40 9 41 0 0 0 36 0 10 0 0 15 63 44 86 3 0 28 0 0 0 0 40 15
 0 0 0 0 0 0 79 45 4 0 0 6 38 0 0 0 64 50 44 21 3 0 87 0 0 14 31 0 26 73 0 0 13 23 56 17 0 6 0 0 31 0 0 0 39 0 32 52 58 0 18 0 30 32 64 62 38 0 0 56 3 0 0 38 65 17 0 0 69 49 4 10 6 19 0 0 0 0 60 0 23 0 68 15 0 0 0 1 22 5 0 70 49 73 10 10 14 4 0 0 0 38 0 0 0 0 0 2 0 0 0 76 25 0 17 0 0 0 64 0 23 33 0 0 52 4 47 26 0 0 0 0 0 0 16 34 0 0 72 0 0 22 0 4 20 7 0 12 12 0
 0 76 18 13 71 0 6 0 50 93 2 30 0 0 0 0 0 0 0 43 56 2 66 17 7 0 61 11 45 11 45 0 0 17 0 0 0 48 0 21 26 0 0 83 0 91 54 0 79 0 0 80 41 0 0 0 14 0 32 0 47 0 11 0 1 4 3 0 0 0 83 44 0 72 2 0 5 0 57 40 6 0 16 3 4 61 0 0 0 0 32 7 77 0 32 57 41 3 0 33 65 26 0 0 24 0 4 0 68 62 30 67 10 0 37 0 70 1 4 68 0 3 0 54 0 33 18 18 25 0 71 1 68 0 0 43 0 0 0 0 0 0 57 21 62 0 0 9 0 0
 0 16 69 34 17 0 18 0 44 0 44 0 0 0 32 0 3 38 17 48 0 0 1 70 16 0 0 14 0 0 6 18 0 92 34 14 10 24 0 0 0 8 30 0 4 0 14 3 0 37 0 35 0 23 15 0 66 64 0 15 33 51 0 0 0 0 17 98 54 0 54 0 0 26 41 0 19 0 32 0 57 54 0 21 0 46 36 25 0 21 0 0 0 0 61 0 7 0 0 36 0 48 0 0 60 0 0 40 1 0 0 0 0 17 0 0 9 42 0 67 17 0 0 9 75 42 0 6 78 0 10 0 63 0 4 54 40 0 0 0 22 22 0 0 20 30 18 5 0 0
 0 0 0 61 0 0 0 0 0 40 0 17 5 0 0 32 7 0 0 0 5 0 41 41 9 43 0 7 0 16 93 33 0 13 0 37 23 17 13 2 0 54 0 0 30 0 0 0 60 0 0 14 0 54 0 0 0 46 0 3 11 0 10 88 38 0 0 0 19 8 11 0 0 0 91 38 35 35 0 2 12 0 0 0 0 0 0 50 5 76 18 0 22 0 15 0 0 0 0 13 0 24 0 0 39 38 25 9 6 0 0 5 0 25 18 46 89 19 0 0 94 93 0 30 0 0 17 0 17 28 8 0 9 63 7 24 29 11 0 25 48 0 3 0 0 32 5 0 16 0
 0 0 71 48 0 94 52 9 0 0 5 0 32 0 20 6 0 0 19 0 0 6 85 0 19 0 39 60 8 21 61 0 0 55 60 7 30 6 0 8 82 0 39 78 0 41 48 0 65 63 0 5 0 0 37 0 0 20 43 2 48 1 0 60 0 67 0 0 10 6 0 20 0 77 5 0 15 67 25 80 65 1 44 0 0 38 78 20 2 0 48 39 0 13 0 52 57 0 0 0 48 0 20 0 17 23 0 0 13 0 0 59 35 16 0 0 0 0 24 68 22 0 53 21 83 4 0 82 0 45 27 0 50 19 1 0 0 2 31 59 29 42 0 0 36 0 28 44 0 0
 0 27 15 0 13 0 0 0 0 46 15 0 0 24 5 0 25 0 6 37 0 1 4 25 46 0 0 28 0 0 46 0 0 0 0 0 48 25 43 0 51 19 40 3 0 0 47 0 84 12 0 0 53 4 42 30 0 0 40 55 0 25 0 51 0 11 55 4 0 0 19 92 0 4 38 0 0 1 0 0 0 0 58 26 18 2 0 15 65 32 35 0 0 0 36 0 0 0 3 0 0 0 9 43 86 78 0 3 6 0 0 0 70 43 6 0 50 43 10 0 0 0 0 65 0 0 25 36 54 41 0 0 28 0 1 15 21 22 0 55 0 51 0 43 0 0 92 1 0 12
 0 0 23 0 0 17 0 0 0 62 0 0 0 5 0 0 0 7 0 0 0 51 0 90 0 58 0 0 0 14 19 0 18 0 17 0 0 15 0 0 0 0 21 0 0 42 0 0 62 12 27 17 0 36 57 0 0 62 30 85 25 6 0 0 0 89 0 0 0 3 0 17 0 0 11 0 0 0 56 73 47 0 60 33 0 0 0 0 0 0 0 0 79 0 0 62 0 0 20 0 14 14 67 11 0 63 0 19 31 0 0 32 0 78 0 23 84 45 0 0 0 2 0 57 90 0 0 0 0 14 23 13 5 0 12 0 6 61 0 23 0 1 30 0 34 26 12 39 0 44
 0 25 25 0 0 7 0 5 0 9 0 0 28 0 29 0 76 16 0 0 0 0 0 0 5 15 53 0 20 28 8 0 0 53 0 23 0 0 29 63 94 59 0 63 0 5 34 64 54 22 0 0 7 69 0 42 66 32 2 0 0 0 10 1 10 50 66 0 0 0 0 0 0 0 22 0 0 20 2 0 33 0 0 0 11 86 0 0 0 21 0 6 0 0 11 0 50 78 0 9 0 0 51 0 14 0 0 35 52 44 0 0 47 0 6 0 48 50 0 0 0 87 0 54 58 75 0 0 0 12 40 52 6 4 11 27 0 16 0 55 32 49 0 0 0 0 0 0 0 15
 0 0 0 59 42 4 0 0 0 61 0 0 0 23 56 0 12 0 0 12 53 37 12 56 0 0 28 0 29 0 0 41 0 62 79 0 31 3 0 30 51 17 0 0 3 16 0 2 59 47 10 68 0 0 0 48 8 25 0 0 49 0 31 0 24 0 76 0 0 0 0 58 14 26 0 0 0 0 0 0 0 0 74 0 22 63 0 1 41 0 0 0 0 26 18 0 31 0 21 0 0 0 2 0 55 0 0 0 82 0 0 11 0 24 63 33 0 0 0 0 81 0 49 0 97 16 34 0 0 54 79 0 0 16 44 0 0 78 0 0 27 0 53 0 18 85 74 0 0 0
 0 0 0 29 0 5 0 78 14 17 33 0 0 0 0 0 0 9 20 62 0 32 10 0 0 0 0 0 0 50 82 0 0 0 25 0 13 0 26 42 0 7 0 0 0 0 0 86 4 0 88 85 5 0 49 19 0 44 48 0 0 33 23 56 0 25 0 0 0 85 0 0 79 0 0 4 0 34 0 22 0 0 0 27 16 88 61 24 0 0 0 23 10 88 0 72 0 0 0 58 37 33 0 73 0 40 52 0 51 0 37 5 1 0 0 44 0 0 0 0 0 5 0 0 1 34 39 8 0 0 70 12 94 8 0 0 0 0 74 0 6 53 0 61 0 59 33 0 76 0
 0 22 32 33 78 0 35 0 43 73 0 0 0 35 0 0 61 0 0 0 0 46 14 32 2 0 13 77 0 57 0 26 0 0 0 0 0 0 37 0 49 13 0 0 53 0 0 0 52 0 0 52 38 0 27 0 43 63 0 0 18 0 0 26 0 2 0 0 0 0 41 53 36 0 0 61 10 13 0 46 59 1 7 0 37 25 56 0 0 0 0 12 0 0 66 52 51 73 0 0 64 0 0 29 2 0 0 58 0 0 0 31 0 0 0 0 0 0 33 0 0 0 37 0 16 31 29 7 39 0 0 0 0 1 0 5 0 41 2 0 0 10 0 58 0 0 44 0 0 13
 49 0 0 0 48 41 7 24 38 15 0 76 0 0 33 2 9 75 15 1 20 44 0 0 0 11 21 0 4 19 12 23 0 4 0 1 37 3 9 4 59 0 0 0 0 20 0 0 0 0 0 13 31 0 19 65 4 0 0 0 0 0 0 10 0 48 0 52 23 0 6 30 84 0 0 0 46 0 0 2 26 13 0 62 0 0 0 74 4 65 5 0 0 0 0 0 58 0 12 0 10 20 30 27 21 0 33 69 0 53 1 36 46 0 31 0 49 74 49 4 9 0 0 0 0 0 0 42 7 33 9 0 0 0 3 3 5 2 1 0 4 46 0 0 0 0 0 2 31 0
 0 84 19 0 64 0 0 44 0 0 60 14 15 36 22 64 28 11 0 35 0 0 10 0 0 1 0 64 11 2 34 39 8 0 0 40 38 9 18 0 0 0 0 0 57 0 0 0 57 0 50 0 0 0 7 42 0 54 0 0 15 0 18 18 2 27 0 0 0 0 22 24 56 0 71 1 0 0 0 0 65 26 0 65 17 0 11 0 31 55 0 0 0 0 41 18 0 0 22 75 4 0 68 0 56 30 0 0 0 0 0 0 22 10 0 23 34 1 14 0 0 0 0 0 0 0 0 0 40 0 60 0 62 28 0 19 56 0 29 67 0 0 72 0 0 0 27 23 0 0
 0 0 0 0 10 73 2 0 21 23 0 0 0 23 0 6 0 52 31 2 10 0 50 1 90 0 16 52 0 0 79 8 34 5 0 0 0 0 0 58 0 0 0 69 68 0 57 59 0 0 0 0 0 26 0 76 57 36 0 0 33 0 0 45 20 28 44 0 0 96 23 68 0 0 0 17 0 15 79 41 0 56 38 59 0 0 0 0 0 0 0 39 0 50 0 0 0 24 6 0 0 0 0 0 0 0 0 46 0 0 0 34 0 9 17 14 0 6 39 0 27 39 30 37 0 0 59 0 4 16 41 10 42 0 68 0 0 0 12 37 27 13 20 16 48 0 45 0 0 70
 30 0 35 34 36 15 0 46 0 58 64 2 49 29 28 0 0 0 0 15 38 0 67 3 38 0 71 38 31 2 0 32 21 0 69 0 0 0 0 20 1 16 36 0 57 0 0 0 59 0 7 0 23 0 0 0 27 0 0 0 61 0 4 5 8 0 60 1 17 0 0 57 26 0 0 8 85 11 1 19 56 0 0 0 0 0 0 0 0 6 21 0 12 23 0 0 64 48 4 0 39 0 17 0 0 0 45 60 43 0 19 4 0 0 4 0 68 0 46 0 0 0 0 0 0 0 71 0 55 62 0 0 65 6 84 35 0 7 0 0 0 0 0 0 30 0 19 0 37 42
 0 0 44 0 63 0 0 0 0 0 0 24 0 2 0 55 64 71 0 1 0 0 30 0 0 0 20 0 0 74 27 0 0 0 0 22 52 15 0 0 0 0 0 65 0 0 0 87 0 33 0 53 43 30 30 0 0 0 61 37 0 52 28 2 0 51 0 0 0 11 0 0 0 0 13 0 0 34 33 26 48 0 0 49 0 53 0 0 0 0 0 41 0 24 62 0 0 18 0 0 0 13 0 20 0 0 67 20 11 0 0 0 11 34 48 0 0 47 0 8 8 0 0 62 14 0 0 0 0 3 0 2 0 99 68 0 28 0 0 0 0 0 8 58 0 0 0 43 0 0
 87 0 79 8 0 0 0 32 25 47 0 11 0 60 44 9 0 0 45 0 30 17 0 0 0 0 27 36 0 0 0 0 72 0 0 7 41 37 13 4 0 0 59 3 23 0 0 32 48 18 9 0 43 0 0 82 0 0 56 0 26 26 0 32 0 0 5 7 0 9 6 0 0 0 52 54 0 45 0 0 0 0 27 0 0 0 81 17 69 0 0 7 0 55 0 37 41 0 0 0 92 11 0 0 49 24 39 0 12 12 38 0 0 7 0 2 0 0 0 24 0 0 0 0 0 0 0 33 30 0 58 0 0 0 49 0 0 0 0 0 0 5 0 0 48 0 22 64 15 52
 59 47 0 0 2 32 52 14 12 0 1 0 17 58 21 0 0 0 19 0 0 0 1 53 0 71 0 54 0 83 7 0 0 0 43 0 29 0 0 0 0 0 46 0 0 0 64 0 56 0 0 0 0 64 0 2 0 0 0 0 0 0 0 0 90 26 0 4 0 0 0 11 31 9 0 26 0 14 37 31 0 59 1 79 0 0 0 0 15 48 7 0 0 26 73 0 47 4 75 0 55 0 0 35 0 2 23 0 54 25 0 0 0 29 11 0 0 1 0 0 0 0 3 0 44 0 52 50 0 0 0 16 0 13 14 13 0 0 7 18 9 28 66 0 0 38 0 38 46 0
 12 0 44 0 22 0 23 0 57 29 68 0 59 0 86 42 93 40 64 0 0 0 0 25 18 95 0 22 48 0 37 16 0 0 7 0 20 0 42 0 0 24 19 0 0 0 44 0 0 0 0 37 0 0 0 32 63 0 49 6 39 87 0 0 24 23 35 0 0 0 10 21 8 0 0 0 0 15 12 86 2 0 0 59 0 51 38 0 64 4 8 0 0 5 26 0 69 23 21 4 40 0 0 0 24 35 3 0 0 58 51 0 0 54 76 0 1 47 9 37 0 0 73 0 0 32 71 5 66 0 0 20 0 0 47 11 77 0 6 34 77 79 0 0 0 26 17 0 25 32
 20 0 0 20 0 0 0 78 0 16 14 4 7 35 30 0 43 0 36 0 0 0 0 0 0 0 66 81 0 0 9 0 28 18 0 41 0 0 0 41 33 0 52 0 0 14 17 48 7 68 0 0 0 0 9 33 0 0 0 0 0 0 0 0 0 43 26 0 0 9 0 0 0 0 54 7 0 2 0 0 5 0 0 49 3 0 44 7 0 4 21 23 48 0 0 0 50 0 0 0 0 28 28 47 9 10 0 11 37 47 0 16 3 0 0 0 82 0 41 14 11 0 0 0 0 0 0 4 0 0 2 49 0 45 42 52 0 96 0 6 0 0 0 0 54 3 0 0 18 0
 26 72 0 42 10 0 39 0 3 0 0 0 4 0 61 15 75 24 71 24 49 0 0 50 33 39 75 47 0 69 21 36 0 0 0 0 0 0 0 20 50 32 11 0 0 78 37 14 0 0 63 15 17 84 79 0 0 0 0 0 8 0 28 0 25 72 18 42 0 0 0 0 0 39 4 56 0 0 10 36 45 0 0 0 0 0 2 44 49 22 0 0 0 0 41 0 0 0 0 0 19 16 26 71 0 0 37 43 51 18 14 12 0 4 0 0 0 0 0 8 26 28 0 46 37 10 6 0 0 0 0 0 14 13 40 0 0 18 20 0 17 0 0 0 23 0 0 0 0 0
 0 45 0 36 45 40 0 83 83 36 0 0 97 0 0 0 0 15 37 0 25 8 0 0 0 20 0 19 35 0 18 0 73 0 10 0 0 30 0 42 15 0 58 0 27 0 44 17 38 51 0 67 0 0 0 0 5 7 0 0 68 11 12 45 0 0 47 0 0 0 0 12 67 56 0 73 0 30 0 0 27 54 0 0 0 35 56 0 0 0 0 4 23 61 0 45 0 35 66 0 0 6 0 0 17 93 0 25 0 0 55 11 0 60 50 6 26 0 51 42 34 0 0 0 0 0 29 24 90 33 0 0 9 70 9 0 0 0 9 72 61 23 0 2 0 0 0 29 0 0
 10 29 0 0 52 0 0 71 78 0 28 46 17 30 3 0 31 55 0 0 17 45 0 40 0 81 16 13 67 33 0 0 0 0 0 0 54 5 50 36 0 0 31 47 30 0 0 16 0 0 0 7 0 40 43 0 0 45 6 0 0 0 4 0 0 0 9 0 0 0 0 0 0 14 0 39 66 0 0 58 0 0 0 31 0 51 0 0 65 12 0 48 69 0 69 0 0 30 5 0 13 0 0 0 43 0 34 9 0 24 0 0 67 0 0 0 19 0 8 11 0 0 0 67 50 0 0 0 84 0 23 0 22 5 34 0 0 5 0 0 76 64 47 56 8 0 0 0 35 5
 20 2 26 0 0 39 0 22 0 0 0 2 10 0 24 0 63 58 23 0 85 12 36 2 7 9 0 61 10 78 36 40 68 0 2 0 0 0 0 0 23 1 0 0 0 7 0 12 0 5 32 87 0 14 33 0 0 0 0 39 0 0 0 38 0 15 0 0 58 0 48 28 0 20 0 4 0 44 25 13 0 76 39 58 0 36 0 0 0 10 5 0 0 0 60 0 57 10 27 0 0 0 0 13 42 0 0 0 0 0 0 52 23 0 74 2 0 0 0 10 0 0 0 0 0 0 35 0 0 0 27 0 5 22 0 0 0 29 42 0 0 33 24 0 0 1 0 0 59 19
 0 0 0 0 0 0 0 3 0 64 0 0 0 65 0 9 0 25 24 16 29 0 6 13 0 19 0 0 0 0 0 0 0 0 45 0 54 0 80 15 0 18 0 11 12 0 0 2 0 0 0 0 0 5 66 0 0 0 0 0 0 44 71 0 92 0 15 0 4 0 0 31 4 62 81 66 18 10 44 0 41 33 0 14 8 35 0 0 0 0 10 0 67 0 5 0 0 0 0 0 14 0 0 0 41 33 0 0 0 28 0 18 0 0 0 3 32 58 23 0 5 0 67 45 0 12 0 59 70 43 0 0 9 0 56 0 63 26 79 22 0 0 44 12 0 5 0 0 0 2
 0 23 0 0 0 0 7 0 9 14 0 0 32 0 0 0 8 0 57 23 28 27 0 85 55 0 11 50 0 0 0 50 0 2 5 0 19 0 3 60 0 52 0 0 8 17 0 0 39 19 57 8 40 75 0 0 8 39 90 45 1 10 0 0 11 0 0 30 0 0 0 33 0 25 0 0 0 4 0 0 20 0 0 0 15 8 27 0 0 0 0 63 0 48 0 0 0 25 93 16 0 7 0 51 22 0 0 55 0 0 12 0 0 14 0 24 29 0 0 0 5 87 13 0 67 28 30 0 0 46 75 0 1 0 31 22 5 83 23 0 0 44 0 99 0 0 45 0 0 25
 53 0 32 12 0 23 14 0 22 7 0 0 62 21 0 46 0 0 22 0 38 0 68 88 0 0 0 24 0 0 33 0 0 2 10 12 3 0 0 0 0 0 50 36 29 21 0 63 0 26 7 31 0 0 28 7 54 16 0 2 73 5 0 0 0 0 48 0 9 0 26 0 0 0 60 0 23 0 52 0 0 0 23 0 0 0 0 0 58 41 19 0 5 8 9 0 16 72 0 8 0 61 0 0 19 0 24 16 41 76 0 88 0 72 0 6 0 43 0 0 0 15 0 18 0 21 0 30 15 19 9 0 0 22 0 2 26 0 0 0 0 80 64 39 5 0 40 13 18 46
 53 0 77 13 42 21 5 0 0 0 0 14 0 0 52 11 0 99 78 68 67 0 0 0 83 0 23 53 20 6 0 33 27 0 0 0 2 0 4 76 10 0 27 9 93 59 0 9 0 0 0 50 0 0 0 7 0 42 60 38 0 31 0 0 0 57 0 0 28 0 0 11 0 53 45 14 0 23 43 0 0 0 0 18 0 8 0 78 18 2 20 30 5 0 32 8 6 0 0 27 0 0 28 9 38 0 32 0 48 0 0 57 41 39 2 0 41 13 0 8 0 0 27 41 0 37 0 0 31 68 31 39 27 72 86 0 0 0 56 30 45 0 0 1 65 39 24 0 0 22
 0 62 73 37 4 49 0 31 0 28 63 34 24 66 42 0 2 0 0 0 2 62 43 74 17 25 6 0 0 24 50 57 0 2 22 64 0 57 0 0 0 0 9 0 0 0 23 0 0 11 0 14 0 6 0 0 0 90 19 80 0 0 80 0 57 0 0 0 0 0 16 57 0 0 6 6 0 0 0 0 61 10 0 0 25 15 0 0 26 18 0 5 4 8 0 0 0 14 81 0 3 2 0 0 0 99 0 14 8 0 0 0 36 0 22 30 12 25 54 7 0 0 0 0 0 17 0 0 0 95 0 0 0 2 0 15 0 5 24 23 8 12 48 0 0 0 88 23 18 34
 0 0 0 0 0 23 0 49 0 0 19 0 0 1 23 0 34 78 30 20 0 89 0 21 84 20 9 0 42 0 26 62 0 0 39 0 0 0 0 0 46 7 61 21 21 0 67 0 58 45 0 0 0 90 5 0 0 24 0 13 0 2 0 6 31 55 27 0 0 22 0 29 3 78 84 0 14 27 0 0 72 0 0 21 93 32 80 13 60 6 40 0 19 0 44 0 25 0 18 23 0 0 0 0 0 36 28 8 0 15 11 0 0 12 77 0 0 74 0 0 0 11 0 0 0 53 45 8 77 0 0 39 20 0 0 0 15 22 26 0 35 9 45 2 0 71 0 4 0 0
 0 0 0 0 0 0 0 22 0 16 0 24 64 58 0 0 0 0 0 0 0 55 67 0 58 43 28 0 0 19 0 0 59 0 25 0 46 0 24 0 71 15 40 65 0 0 0 32 72 47 0 0 20 30 0 37 0 0 0 29 82 25 0 3 0 15 0 64 0 8 0 38 19 0 43 71 0 0 0 0 0 0 42 22 1 0 0 0 19 36 38 0 14 0 30 44 0 0 27 74 0 0 0 70 0 17 0 0 0 0 0 21 29 0 0 0 0 0 0 32 69 0 27 75 17 54 25 0 71 0 4 55 0 32 0 0 0 0 25 51 0 0 4 39 0 9 0 2 83 43
 0 0 18 7 20 0 0 0 0 42 89 67 2 0 78 20 7 0 69 0 33 12 0 35 3 0 34 0 22 0 0 38 36 2 68 18 37 0 0 44 50 0 0 0 42 0 0 0 0 52 77 30 0 0 0 14 29 0 0 0 30 33 0 0 0 10 0 4 41 0 0 1 0 68 0 0 0 0 0 16 50 6 0 0 12 24 0 0 3 0 61 0 0 0 0 0 22 2 0 72 0 70 0 0 0 46 0 63 7 0 29 49 24 0 67 20 0 0 20 61 54 23 59 0 0 0 26 9 0 56 31 0 0 11 0 12 0 37 94 71 0 0 0 0 0 0 0 48 0 88
