200
 30 62 0 44 33 10 0 0 0 0 0 27 7 12 53 0 81 0 53 20 16 0 0 0 30 0 0 0 0 0 91 0 0 0 14 25 31 15 0 23 5 1 96 0 41 0 0 69 0 89 0 0 0 19 37 0 0 0 0 0 0 0 0 9 6 64 0 65 49 45 94 0 42 6 13 42 19 0 0 16 0 27 6 0 2 24 5 17 87 31 80 0 0 83 53 44 25 35 0 0 0 0 0 0 0 0 0 0 0 0 0 40 0 0 0 50 69 22 31 28 6 0 24 32 43 19 39 59 0 16 35 0 0 0 0 0 67 63 41 7 0 0 89 11 0 30 0 0 0 0 0 0 28 0 32 76 0 0 0 0 0 0 0 0 0 0 19 0 0 0 50 0 29 63 0 0 14 0 0 26 0 43 0 25 0 0 17 48 15 45 0 22 45 0 9 1 0 43 0 0
 0 62 0 66 7 5 0 40 19 38 62 54 0 0 0 9 0 35 0 16 0 6 0 0 0 52 0 0 40 20 0 1 0 0 0 4 62 15 0 7 42 68 7 37 0 15 0 43 0 0 32 20 0 0 5 34 81 28 0 0 9 52 41 31 34 0 39 0 77 0 40 32 0 18 0 43 22 0 0 38 0 0 48 34 10 12 0 11 39 0 47 6 0 18 58 42 0 0 0 1 0 11 0 0 6 25 0 15 0 0 0 0 0 24 0 86 0 27 4 0 0 4 0 0 41 5 15 0 0 68 42 0 0 0 18 18 0 75 32 0 0 8 33 0 0 55 0 45 0 30 0 0 11 74 0 75 46 0 0 48 0 0 9 11 25 0 0 0 0 74 30 0 27 0 62 42 0 0 64 0 64 0 38 0 67 34 0 63 0 7 0 0 48 5 1 0 0 0 39 0
 12 12 6 70 0 50 69 0 0 52 4 0 0 0 0 31 70 0 4 31 0 0 41 61 0 31 18 0 65 3 9 0 14 2 2 0 0 1 1 0 0 0 0 0 0 0 8 0 47 0 0 0 0 0 0 0 0 0 21 0 25 0 0 0 0 1 33 0 34 0 9 40 58 64 35 0 59 0 13 28 0 12 13 15 0 0 0 34 44 0 18 0 8 0 0 0 0 0 25 0 0 73 0 0 61 0 0 0 41 22 0 53 0 7 0 0 7 0 0 52 0 21 0 0 58 0 0 0 0 0 0 59 0 0 37 0 0 74 0 0 80 0 8 72 14 15 67 0 0 0 25 36 0 0 0 0 4 0 86 36 5 4 0 0 26 21 67 0 3 0 57 0 0 0 35 0 0 0 0 0 23 9 54 52 0 0 0 15 63 0 0 40 70 0 26 11 1 0 5 0
 0 0 0 41 0 0 21 74 41 58 49 0 0 34 0 0 68 38 11 0 0 0 0 49 0 7 69 0 0 66 0 44 65 0 0 0 0 0 16 6 0 16 0 0 0 20 4 67 0 0 0 0 0 0 0 0 19 15 0 30 21 8 0 0 0 0 1 0 0 0 17 65 65 0 0 0 18 46 0 0 0 16 4 74 0 29 3 0 0 0 0 0 0 77 0 48 53 0 0 17 0 0 0 45 0 70 39 0 13 0 0 0 0 0 0 9 16 30 5 3 0 2 0 52 0 0 72 0 0 0 0 0 43 0 18 2 0 0 0 43 80 27 0 44 4 70 71 0 30 19 8 80 9 0 0 0 0 21 0 18 75 0 0 7 65 80 0 31 0 0 0 8 32 0 0 15 0 0 0 10 0 52 0 14 51 3 32 28 0 53 0 0 0 0 0 47 62 0 66 20
 0 0 15 8 99 0 0 0 42 9 0 0 23 35 54 0 0 16 0 2 0 0 37 0 0 71 23 42 0 46 39 9 0 22 0 7 29 0 0 79 0 0 0 49 65 0 0 24 45 17 0 0 21 83 65 0 0 0 0 0 0 90 0 24 2 0 0 12 64 0 87 87 22 0 28 12 0 4 0 0 0 0 62 0 15 0 22 37 0 74 0 76 0 17 0 13 51 0 0 77 0 0 0 0 0 0 88 20 25 33 0 15 20 0 74 82 26 29 0 15 56 0 0 45 0 0 65 28 50 0 0 18 53 16 0 0 0 54 58 0 0 0 0 0 0 0 42 0 34 28 22 14 6 3 0 0 67 35 0 0 0 48 17 0 0 45 56 0 22 61 8 0 0 19 21 0 69 37 67 45 20 0 17 0 21 13 0 0 9 26 0 0 0 0 49 0 0 0 30 21
 0 0 0 39 23 76 0 0 23 0 19 57 0 7 11 0 0 0 7 65 0 0 0 65 60 0 0 32 0 26 0 0 0 44 2 0 27 0 0 0 1 74 0 0 0 0 0 40 2 65 88 0 79 23 0 0 0 41 0 0 39 0 0 0 0 39 0 0 0 0 43 0 0 26 4 23 33 0 0 41 56 0 0 0 10 7 8 60 0 50 36 36 0 0 0 28 1 0 0 68 0 9 1 2 0 54 14 57 25 0 0 0 0 0 0 0 2 0 0 0 57 0 0 8 0 0 0 0 73 0 52 0 32 0 45 0 0 18 48 0 45 0 0 75 0 63 37 54 27 48 0 0 0 60 0 33 0 0 0 0 0 33 0 73 0 0 8 1 0 31 0 0 20 27 0 0 33 0 0 0 45 32 0 29 14 20 11 8 11 57 0 51 29 17 0 5 0 0 48 93
 52 28 0 0 39 29 23 12 0 0 0 0 0 0 0 0 0 29 59 0 13 38 0 0 34 0 15 0 1 0 0 26 20 0 0 25 24 82 36 0 0 10 0 0 98 0 73 0 91 0 71 0 0 0 0 0 43 0 0 0 0 1 0 0 30 0 6 0 53 0 0 0 0 0 0 37 0 18 55 1 0 42 77 0 1 45 62 11 0 0 0 40 37 0 33 41 0 0 26 0 6 20 66 0 13 13 0 12 18 0 44 54 58 21 0 0 60 40 0 83 0 0 28 35 28 0 61 38 0 0 0 0 0 91 40 0 87 33 0 89 16 48 20 13 0 38 1 0 0 60 0 72 0 79 0 82 0 0 48 71 27 9 0 0 0 49 0 0 0 0 18 0 29 0 1 27 0 0 0 18 31 0 0 28 0 0 12 0 74 27 17 0 32 19 0 25 37 0 71 0
 32 0 78 0 47 2 0 47 0 0 0 0 0 54 0 14 35 0 42 0 33 0 0 12 61 0 0 0 0 0 0 0 27 0 0 21 18 82 0 0 40 0 0 40 0 0 20 0 0 0 0 25 74 0 0 0 1 21 39 0 0 82 0 36 0 0 0 0 28 0 18 47 76 0 0 2 27 0 81 63 86 6 0 14 19 0 59 75 15 29 0 11 0 0 48 0 33 0 29 7 0 26 0 34 0 39 0 0 54 58 0 0 25 0 49 0 2 44 90 28 0 23 0 0 0 15 0 0 0 31 4 16 0 38 34 77 0 0 0 66 4 2 0 20 0 0 0 10 68 0 11 11 11 0 0 27 0 0 0 1 0 83 0 0 12 0 36 15 0 53 72 1 18 0 7 0 0 0 0 51 80 0 68 0 0 36 0 38 0 68 10 72 42 0 0 17 0 0 0 0
 33 0 63 0 0 0 5 16 50 0 55 0 0 59 0 11 0 16 0 0 0 33 30 53 4 0 22 33 0 34 6 0 3 58 17 0 0 0 0 0 0 22 30 57 0 86 0 81 0 10 0 0 0 27 38 0 8 0 0 11 8 0 24 0 38 5 0 0 51 0 51 0 39 11 0 17 2 34 84 38 0 0 90 2 9 0 39 3 67 14 50 0 0 0 0 0 0 0 0 0 47 0 0 0 0 0 22 0 23 0 0 0 30 0 70 21 0 0 45 12 36 0 0 0 0 61 47 0 0 0 45 12 0 0 48 0 75 11 10 0 20 21 66 0 0 65 0 21 0 0 0 21 55 6 0 0 6 0 0 0 68 64 0 54 19 0 7 0 16 0 0 0 0 30 29 47 0 0 0 23 0 0 0 0 48 0 0 0 0 0 0 76 0 0 9 0 0 45 6 0
 5 0 0 0 0 25 93 4 55 15 0 0 6 35 18 20 0 0 43 82 24 0 21 0 3 0 0 0 0 15 0 37 0 47 0 0 21 77 0 0 32 68 41 0 2 32 0 0 41 0 41 14 0 0 12 0 0 22 13 0 0 0 53 0 0 59 35 0 0 55 52 0 0 17 0 0 48 0 78 0 0 0 50 52 0 14 24 0 3 42 0 0 0 0 0 26 0 0 36 59 0 0 0 0 0 34 32 0 0 0 0 56 0 0 26 4 63 18 0 36 69 0 0 51 72 34 0 99 19 25 0 19 14 0 0 0 66 73 0 11 0 0 0 32 0 0 39 4 26 0 0 0 0 0 0 0 0 60 0 0 0 0 0 0 0 58 7 50 0 9 33 19 0 0 47 0 21 8 0 53 0 0 0 0 0 0 0 10 8 0 18 8 71 13 0 0 15 0 69 60
 58 0 0 0 77 0 54 77 0 7 75 0 0 5 37 0 0 0 86 41 0 80 30 0 0 0 0 8 0 1 20 0 0 0 0 0 0 40 38 34 0 0 32 0 14 0 64 2 34 0 0 0 0 25 51 62 16 0 0 40 43 21 61 46 0 2 0 56 2 58 0 0 45 0 69 0 36 40 0 0 0 28 9 0 45 0 0 31 0 0 52 27 26 0 0 0 0 20 0 0 40 0 49 6 62 0 18 8 0 0 45 0 0 0 48 0 0 20 19 0 0 0 63 0 0 43 20 11 7 0 67 0 63 0 12 0 0 30 46 63 0 0 37 0 0 40 43 0 0 0 15 0 0 40 0 12 0 0 0 0 0 32 0 0 1 21 0 0 0 0 0 0 0 0 0 0 0 22 0 0 0 14 75 0 4 35 0 20 0 41 0 80 0 1 0 0 0 58 62 0
 0 0 30 34 92 0 50 29 63 20 25 48 0 58 0 0 21 8 24 0 0 29 74 0 0 35 0 13 0 13 0 0 72 3 27 0 37 64 0 75 36 0 0 8 6 0 44 60 56 52 0 22 83 7 5 7 0 0 0 0 31 0 22 8 14 33 0 0 0 0 60 0 17 37 0 0 73 24 0 0 0 34 63 0 0 0 9 10 10 28 0 0 0 6 0 0 0 0 28 7 0 23 78 7 53 18 17 0 11 0 0 37 26 26 37 0 0 30 35 0 8 7 5 4 29 24 28 20 0 0 24 0 0 1 0 39 0 0 0 93 0 0 23 58 35 69 0 9 0 0 0 6 50 41 70 45 0 13 16 31 0 0 0 0 48 5 0 0 81 12 0 0 0 0 0 26 0 11 16 0 0 42 27 0 0 15 0 0 32 0 0 0 0 2 0 28 0 0 0 75
 0 17 28 13 0 37 7 47 4 0 22 45 79 32 0 72 0 29 62 0 0 0 0 6 0 0 0 22 17 0 71 0 47 0 0 0 56 0 24 0 0 0 0 14 72 70 0 1 0 36 0 40 0 19 69 31 0 0 40 32 0 0 43 1 14 0 0 9 17 43 0 69 56 0 0 0 13 0 0 69 0 21 27 38 65 20 9 39 0 23 0 0 2 0 43 0 40 12 25 0 0 0 51 9 7 27 0 42 10 0 28 0 0 5 17 0 0 0 0 49 18 0 10 35 20 2 13 0 4 16 0 0 0 0 0 0 0 0 0 84 13 59 0 20 0 8 50 0 25 32 17 0 13 0 20 8 62 0 0 77 17 0 19 30 0 19 29 0 22 89 14 0 0 44 2 0 61 66 0 15 37 20 0 0 30 0 0 37 0 11 0 73 0 0 52 0 38 0 9 15
 0 34 17 0 0 0 3 0 0 0 0 0 0 76 0 0 10 18 6 0 31 0 0 0 0 7 0 5 2 7 18 54 50 23 0 35 75 0 59 41 0 0 17 37 0 48 45 0 0 21 0 19 0 0 73 0 16 63 0 0 0 4 23 7 0 0 20 0 11 47 0 0 0 51 3 6 44 7 0 0 73 0 32 0 0 0 27 0 6 0 10 0 46 0 0 14 41 30 0 0 0 0 0 23 52 0 0 0 19 0 0 0 13 0 19 34 2 0 0 24 0 52 0 1 0 0 0 0 0 0 0 0 86 35 6 0 0 0 0 7 3 0 7 0 0 38 29 0 46 6 0 0 0 74 30 0 12 48 0 68 0 24 2 0 2 0 0 1 15 0 26 0 0 0 16 0 5 13 0 74 0 9 59 0 6 0 0 0 30 10 47 0 0 0 23 49 44 0 0 0
 0 19 68 45 0 0 8 38 18 0 0 11 32 97 46 0 0 87 0 4 24 0 22 50 0 34 31 24 0 13 0 0 0 28 83 35 0 55 0 27 40 0 0 19 0 0 0 77 0 31 16 0 65 53 0 62 17 0 0 0 0 44 0 13 35 0 34 0 10 84 0 67 0 0 14 0 38 19 0 26 0 0 0 0 0 66 0 6 49 52 6 25 32 0 0 73 0 34 22 81 0 0 0 15 0 71 0 0 0 0 0 0 12 0 0 45 0 8 23 0 36 16 49 37 69 30 0 35 44 57 62 12 19 18 69 0 46 14 42 0 0 0 0 69 0 0 0 5 45 35 9 0 0 0 70 26 17 0 0 58 65 1 0 33 0 0 0 64 0 19 4 25 24 4 12 43 37 7 27 0 0 15 27 24 0 21 56 0 0 11 0 13 0 2 40 68 48 0 1 6
 29 0 0 17 28 38 1 0 0 0 77 21 0 10 42 94 70 25 0 1 61 0 33 9 0 41 0 1 66 0 0 8 36 0 5 0 0 42 6 0 0 50 0 22 2 17 64 0 0 42 13 0 37 70 72 44 0 10 13 73 0 0 0 0 0 39 0 0 74 0 0 0 9 30 16 0 0 0 0 0 0 15 0 0 74 0 0 30 66 0 0 0 0 48 1 55 33 1 36 0 4 33 22 0 0 37 29 13 38 0 23 8 16 0 0 0 0 0 9 25 13 21 31 0 0 0 0 0 35 0 91 6 33 14 5 29 19 0 60 0 4 63 3 0 0 0 0 68 20 38 0 0 0 48 0 50 29 63 0 0 32 35 0 54 51 26 66 0 0 0 0 0 0 3 0 0 0 6 0 0 0 0 35 0 38 16 10 6 0 0 0 0 0 0 0 0 4 0 72 0
 0 78 0 0 53 19 32 0 55 39 27 0 1 0 64 0 11 0 0 0 0 53 6 69 38 83 10 0 0 35 64 0 29 37 37 0 24 0 56 61 0 0 0 4 0 0 9 0 0 25 0 0 8 8 0 26 46 0 0 0 27 0 0 42 0 0 0 54 54 0 14 54 45 0 21 53 0 0 0 1 6 9 0 24 0 0 0 13 0 63 23 0 27 0 19 10 5 3 54 0 0 0 17 56 27 0 0 0 40 0 60 13 0 0 13 25 0 62 0 7 1 0 0 17 0 0 12 54 25 12 0 12 31 5 0 0 0 46 0 53 92 20 62 43 0 0 83 71 50 30 31 0 59 0 0 46 0 32 0 22 0 45 21 10 39 0 0 0 0 0 95 0 0 0 0 0 67 0 0 15 7 11 29 0 0 0 0 0 0 0 71 0 23 78 53 5 16 36 52 44
 80 0 25 0 0 45 0 46 0 11 22 0 0 0 0 0 77 42 0 12 37 20 0 69 26 0 52 36 36 0 0 0 50 0 0 4 0 0 73 0 22 54 0 0 50 38 80 39 0 0 0 0 10 10 71 0 2 40 0 0 0 6 0 0 81 15 55 27 0 0 63 0 0 9 0 20 19 0 0 0 25 21 1 0 0 13 0 0 22 11 0 0 0 0 38 0 0 0 0 63 0 0 0 12 0 24 7 0 48 0 0 6 35 95 14 0 11 10 0 60 13 23 74 53 0 54 0 0 27 12 0 0 20 30 0 0 15 2 55 0 13 0 0 89 0 0 0 29 0 0 14 0 0 0 43 0 0 13 30 41 0 26 37 7 17 0 8 13 0 76 0 0 7 0 31 0 66 0 56 14 0 0 0 0 11 0 0 0 7 0 1 3 0 0 16 0 0 48 0 0
 0 8 0 0 34 0 0 0 36 0 0 0 0 0 77 3 22 95 10 30 0 0 1 0 0 29 0 4 39 43 24 77 0 0 1 0 0 0 58 15 68 0 0 0 79 0 74 40 2 0 42 44 33 0 0 0 0 4 20 0 17 55 74 0 0 0 2 0 86 0 0 0 25 0 38 20 0 27 88 7 0 5 0 70 0 0 54 23 41 27 0 0 43 93 0 61 71 0 3 0 0 27 60 17 0 4 0 0 66 0 0 0 0 60 0 0 0 48 88 14 41 4 25 71 0 0 35 0 0 18 52 0 39 41 13 38 18 4 0 0 0 57 0 30 64 18 1 0 28 40 0 23 3 0 9 41 22 0 0 24 0 46 0 71 0 0 29 76 0 0 41 12 18 0 0 9 0 0 0 11 70 63 0 0 41 0 0 2 0 0 0 0 73 38 49 0 20 15 64 85
 0 0 0 81 0 0 33 46 88 0 0 13 49 45 0 0 1 0 0 12 0 0 49 0 1 44 0 0 49 58 21 0 0 48 3 13 0 38 35 0 0 0 0 0 28 72 0 4 0 37 0 43 0 40 0 39 6 0 8 15 6 0 0 4 0 0 0 0 37 43 42 76 0 73 31 0 64 0 0 3 0 0 0 26 21 0 0 4 0 0 0 5 0 0 55 9 0 49 0 79 0 72 77 0 0 0 0 52 0 2 0 0 0 0 0 0 0 0 17 73 60 0 0 0 32 0 62 0 35 0 79 37 0 0 0 0 40 0 0 5 4 0 0 0 18 12 22 0 0 0 0 8 0 0 29 0 12 0 8 43 0 29 0 0 0 16 0 0 62 0 27 0 0 7 50 0 51 5 25 0 14 5 0 0 12 0 22 33 0 36 0 0 0 0 85 66 0 0 9 34
 0 39 17 56 73 13 0 0 8 0 23 9 2 0 0 0 59 0 42 15 37 5 0 27 66 37 3 12 15 0 7 23 0 0 0 0 0 60 0 0 0 26 0 76 0 56 32 0 24 67 16 0 0 0 0 38 0 0 0 0 37 9 0 10 25 0 43 0 0 0 92 25 0 10 0 24 0 0 15 26 17 35 16 4 11 48 37 0 0 50 39 0 0 64 7 9 0 0 28 0 0 3 0 0 0 0 0 1 0 76 15 0 0 0 26 0 30 14 16 79 29 0 7 56 0 6 53 9 10 36 51 0 0 0 54 34 0 14 23 67 34 0 60 0 0 16 0 0 0 37 0 12 0 34 0 17 0 74 0 39 20 1 0 0 0 0 5 0 53 12 28 0 0 31 0 0 0 10 0 90 0 0 0 0 51 3 0 50 0 0 0 0 0 67 31 0 0 39 5 0
 30 0 7 52 83 15 0 61 0 79 0 0 8 44 74 93 0 0 15 49 0 91 0 0 34 62 42 83 0 0 17 52 13 33 0 0 0 0 2 21 6 0 0 20 0 0 0 38 6 68 43 5 39 35 48 0 0 4 47 41 21 0 47 15 0 56 1 24 0 0 45 0 82 0 48 7 90 0 55 0 24 41 72 0 0 0 1 0 7 0 0 0 34 9 15 19 70 0 27 0 0 1 1 18 0 2 43 4 33 0 1 0 0 0 0 0 15 0 0 85 54 72 45 0 0 65 0 26 0 10 23 0 0 0 0 0 0 5 0 0 0 46 0 6 0 0 73 0 6 0 0 24 8 0 34 5 47 31 0 0 0 0 0 11 12 0 0 0 0 26 0 0 17 0 0 0 7 0 0 0 11 0 69 0 0 0 49 57 0 0 34 0 56 0 0 20 14 22 56 39
 68 47 0 19 0 8 29 0 0 0 0 0 8 52 0 0 0 24 0 0 54 87 11 15 30 0 2 0 0 0 0 30 1 0 45 57 0 78 0 0 76 33 16 34 22 0 7 0 9 0 10 27 90 31 0 66 0 0 43 0 0 0 0 0 0 5 5 0 0 0 0 54 87 11 0 6 0 1 0 22 46 0 0 2 26 46 21 0 65 22 29 51 0 62 0 29 0 19 0 0 24 37 7 45 0 32 3 0 21 0 0 62 30 14 11 66 0 0 0 15 0 59 0 8 0 3 0 0 0 0 66 11 0 90 0 0 29 0 38 25 0 19 9 42 14 7 36 64 0 0 0 0 13 0 97 45 0 0 48 0 16 0 0 0 2 23 8 21 0 17 0 15 0 50 67 0 66 15 0 34 58 50 68 0 0 0 75 63 6 25 42 11 0 0 46 14 28 49 21 19
 80 13 0 0 30 0 14 0 0 42 87 29 0 10 0 0 0 0 19 47 0 29 0 93 24 33 33 0 0 0 0 35 21 48 0 5 16 0 19 0 22 0 0 33 2 0 18 0 0 0 54 0 15 0 0 0 24 0 31 7 30 77 0 36 0 19 0 0 0 30 0 55 0 29 35 4 0 50 0 4 0 0 0 30 0 9 65 0 39 0 0 0 63 21 21 0 0 0 0 0 0 0 66 14 8 66 17 0 17 0 13 0 56 75 0 0 0 0 0 3 42 64 0 0 0 0 2 0 0 0 48 86 0 4 0 34 0 40 0 53 28 1 0 46 0 52 13 1 20 0 2 0 0 16 8 4 0 24 0 0 0 3 39 0 0 43 68 44 0 4 22 81 0 0 0 0 80 14 36 30 0 0 0 0 0 0 22 0 1 0 0 25 29 29 37 3 0 13 33 86
 0 15 31 64 22 0 0 0 0 0 17 5 9 66 18 71 0 0 40 0 0 0 0 0 60 49 27 57 27 0 0 0 0 43 0 5 0 0 48 55 12 27 0 0 19 65 0 36 0 9 0 66 0 0 45 24 0 73 61 0 60 33 21 0 0 0 40 0 50 39 54 89 0 0 48 0 3 0 0 0 27 0 49 60 20 13 0 0 22 0 0 74 7 18 8 0 26 7 65 0 69 45 8 32 0 0 0 0 83 5 0 88 7 64 0 0 65 1 28 0 0 35 28 15 0 4 9 0 2 0 4 0 79 17 6 10 0 0 28 10 0 0 0 18 0 23 0 1 0 36 0 0 26 0 56 48 63 0 0 0 0 0 49 78 0 53 18 19 0 17 0 47 0 0 0 18 0 0 35 0 0 0 72 0 6 0 0 41 57 59 0 0 0 31 12 0 20 53 0 0
 88 0 0 0 0 74 15 29 15 83 3 0 18 0 0 0 0 9 0 0 0 0 75 0 0 38 0 0 55 0 0 7 0 0 49 0 0 0 35 0 0 0 0 0 0 0 0 81 25 15 0 0 0 0 58 8 0 0 71 74 0 3 0 0 62 29 0 0 0 0 0 0 0 0 15 64 0 0 0 18 0 13 7 0 15 0 77 61 22 2 42 0 0 0 14 13 21 28 0 0 0 22 0 0 32 87 10 92 0 0 3 0 0 42 0 0 29 11 22 4 46 37 0 0 31 0 50 0 32 10 0 17 14 5 85 55 14 42 18 0 0 27 0 8 13 0 70 0 0 39 0 8 0 81 0 12 0 64 0 50 53 69 44 10 49 37 0 17 0 37 26 0 11 48 0 0 0 13 0 76 28 12 0 0 19 0 76 0 0 0 0 1 6 0 0 0 17 0 12 10
 61 29 0 0 0 42 0 9 0 36 43 1 63 17 0 16 0 0 51 34 0 0 0 0 0 36 45 40 3 49 60 0 0 27 14 43 43 74 0 0 0 37 0 0 0 76 40 18 42 2 0 0 0 0 44 69 0 0 27 10 60 8 13 0 0 11 0 0 69 35 47 68 0 0 0 52 0 0 0 0 53 62 0 0 26 0 0 0 11 50 29 0 0 0 29 0 17 0 0 38 61 20 0 0 53 58 31 5 0 45 0 0 44 84 0 0 0 0 39 62 39 0 29 0 61 0 0 61 0 0 44 0 0 0 41 0 50 21 0 0 0 0 0 10 0 0 14 0 11 88 0 0 22 0 61 18 55 0 37 0 38 84 47 74 9 25 96 0 22 0 0 40 0 6 64 0 0 0 90 0 56 0 0 45 0 0 15 0 0 52 0 31 0 0 48 23 47 8 2 0
 17 15 3 26 0 0 1 74 0 7 0 0 0 0 0 0 5 0 0 66 0 0 41 40 0 17 0 35 26 0 0 12 0 0 0 0 8 0 0 0 0 15 0 46 0 0 40 0 0 0 0 0 0 79 0 0 0 0 82 66 0 25 0 0 0 11 1 4 0 0 0 0 0 40 0 25 0 9 0 32 10 9 19 0 0 9 0 0 0 0 12 7 0 0 0 0 19 35 18 0 61 30 33 0 0 12 22 2 36 5 0 0 34 24 0 0 0 0 0 0 41 0 45 85 16 0 50 16 46 0 0 0 15 0 42 0 20 41 16 0 0 3 10 44 17 24 65 0 27 0 0 0 43 24 0 8 37 0 0 0 89 0 0 0 51 0 29 6 21 0 13 0 0 2 37 0 0 84 17 35 0 0 0 6 5 11 37 0 0 0 0 0 0 48 28 0 20 0 0 0
 19 0 0 2 28 18 0 33 51 43 28 7 0 0 17 0 54 0 0 0 0 12 24 31 0 0 0 0 65 80 15 13 17 0 12 0 52 92 8 0 0 0 14 62 10 0 66 0 0 0 0 0 43 0 69 0 0 30 0 2 0 4 38 62 85 0 2 0 0 0 0 0 0 2 2 11 32 0 38 0 37 15 0 55 47 0 33 0 0 0 0 59 0 0 63 83 1 0 10 0 0 7 0 0 64 4 0 0 0 24 33 65 0 0 0 0 57 47 0 0 0 28 0 0 0 0 0 3 61 0 67 0 5 0 6 0 0 28 0 0 62 42 52 0 25 12 51 1 0 0 56 0 34 0 0 0 0 45 0 0 7 0 32 0 0 0 0 44 64 1 58 0 3 0 19 92 58 0 0 76 31 0 0 0 0 0 81 0 61 0 54 0 5 81 0 0 21 0 45 0
 5 0 0 0 0 0 30 42 0 0 0 0 52 0 0 47 0 67 0 0 18 52 1 37 17 4 0 55 0 36 29 0 0 0 49 0 59 0 87 0 7 0 0 34 0 0 41 0 30 0 0 12 0 50 27 5 39 0 0 47 0 39 4 37 0 0 0 0 12 0 0 0 0 17 25 0 0 0 0 0 6 0 0 68 0 60 0 0 20 75 2 26 0 0 71 0 43 0 1 0 0 61 0 0 0 24 0 27 66 0 0 6 0 52 12 0 0 79 0 10 0 21 0 22 6 0 0 0 74 0 0 18 51 53 0 0 0 0 64 21 41 63 79 0 0 0 0 23 0 23 0 32 6 0 19 27 19 0 33 32 0 70 3 52 0 57 23 0 0 3 0 0 0 0 19 76 3 0 72 50 0 4 0 24 2 61 54 5 33 42 0 34 12 78 23 0 42 0 40 23
 0 67 0 61 0 12 45 4 0 34 0 15 0 0 34 36 0 0 0 0 0 0 9 20 71 7 0 36 0 0 26 0 0 34 0 64 0 0 7 0 33 0 0 0 6 80 37 0 34 0 31 49 0 0 0 0 0 73 18 20 0 2 0 0 0 0 39 0 46 0 39 25 18 0 0 8 0 0 16 0 15 0 25 0 0 15 19 38 34 21 94 60 41 0 17 4 72 0 0 0 35 0 0 21 0 0 30 0 14 0 70 20 0 20 8 0 0 12 52 5 0 0 0 16 17 0 0 0 69 0 43 80 0 36 0 0 0 37 19 39 0 71 6 12 0 0 21 52 73 0 12 0 0 32 74 5 49 70 3 0 56 23 84 0 0 0 0 0 0 0 0 18 0 0 9 0 22 50 0 0 0 0 0 0 42 50 0 0 0 0 57 14 31 0 45 0 0 31 0 0
 48 0 15 0 0 72 0 43 54 0 61 6 0 0 68 0 26 18 0 2 0 0 0 0 42 0 30 0 0 28 21 84 0 60 19 0 8 0 0 4 6 8 78 0 0 5 0 4 46 0 24 0 0 0 28 0 0 77 0 67 42 31 41 0 23 69 0 66 14 0 36 0 0 43 0 44 5 11 0 0 26 43 11 0 0 13 31 6 0 0 0 40 8 0 0 0 38 0 0 29 48 24 67 10 14 10 0 0 0 16 50 37 50 0 0 0 28 0 6 0 0 21 5 7 34 19 0 16 74 0 0 36 0 0 0 87 64 0 0 55 0 0 0 0 0 4 12 9 0 0 2 14 51 28 0 36 93 14 40 0 0 0 63 0 0 0 0 0 0 0 0 0 21 0 0 0 0 6 78 29 0 22 38 31 76 28 0 0 19 29 56 0 0 0 0 29 0 49 42 62
 13 34 0 0 5 0 0 0 0 27 25 0 0 0 9 0 0 0 14 31 46 0 0 0 2 15 56 76 0 32 8 32 64 0 21 0 15 2 0 0 0 12 35 0 86 15 0 0 0 0 0 23 57 43 0 0 0 0 51 0 0 38 41 0 0 0 0 0 58 0 0 24 0 8 62 0 15 47 0 50 12 0 7 32 29 0 89 0 56 25 21 0 10 35 0 18 54 46 16 39 0 0 21 0 0 0 31 47 17 0 10 0 5 13 0 0 39 74 0 1 0 87 0 82 17 0 0 45 0 60 0 0 0 4 42 40 0 0 0 0 0 16 5 48 26 0 45 0 0 0 0 0 7 1 0 0 0 0 46 48 8 0 0 11 0 22 0 0 23 0 22 65 0 0 13 0 0 0 1 0 19 0 0 21 22 76 62 0 0 30 0 44 0 0 30 0 0 0 0 70
 24 60 0 26 0 0 22 41 0 0 53 0 1 0 0 31 0 7 3 0 50 0 36 0 0 29 0 80 14 17 0 0 8 51 6 65 0 50 0 37 0 0 0 0 79 0 27 44 0 12 0 0 0 5 0 27 0 0 56 24 6 0 36 0 18 57 14 0 22 0 0 28 27 8 0 0 0 79 35 1 0 20 0 68 15 0 0 33 0 15 51 59 13 2 0 60 0 25 3 0 36 34 0 0 0 22 0 0 8 39 0 11 39 4 0 0 49 8 0 0 0 0 56 75 43 0 9 0 34 0 0 0 0 0 0 0 0 0 0 67 40 0 0 0 34 0 18 61 0 0 0 0 0 17 19 40 88 63 0 0 1 0 20 0 2 36 24 0 18 0 0 7 28 39 0 0 0 0 0 65 0 17 62 58 18 25 0 0 39 0 81 36 0 55 66 93 0 29 0 0
 0 15 0 24 33 0 4 35 0 38 36 0 68 2 0 0 0 9 0 0 58 72 0 26 1 0 0 19 0 0 20 0 0 0 75 0 0 0 20 80 0 0 0 43 49 91 0 14 0 45 0 39 0 56 13 0 13 49 0 12 30 0 20 51 37 18 35 0 7 19 80 36 0 0 0 18 52 45 0 0 0 36 33 0 0 37 0 0 14 16 49 0 0 0 49 28 17 0 41 0 0 13 10 56 24 0 35 0 0 0 47 0 0 0 6 0 0 0 0 35 1 0 0 79 39 0 0 0 44 12 0 13 4 43 30 74 56 67 0 30 0 24 0 0 0 62 83 0 46 0 0 23 0 0 0 37 0 38 0 22 0 0 47 12 57 0 0 18 1 66 0 0 25 0 32 20 9 0 4 0 0 33 0 0 70 0 36 0 0 0 0 0 7 40 0 0 0 0 33 0
 0 0 92 43 0 41 0 0 46 42 26 58 38 0 0 21 5 0 54 0 45 38 0 0 0 64 0 89 59 87 0 55 25 0 55 36 16 62 8 45 58 0 3 0 2 21 0 62 0 49 0 0 0 0 0 34 0 0 0 26 43 0 23 0 0 0 0 0 0 55 27 0 73 27 46 48 0 0 0 0 4 39 5 22 0 0 38 15 0 77 81 0 15 64 0 58 69 13 18 0 81 0 2 70 0 0 0 50 0 27 30 54 29 52 0 49 14 0 28 27 32 80 0 15 51 0 40 0 0 0 29 0 56 36 0 0 75 2 0 5 16 0 46 0 0 2 0 0 20 0 48 0 0 73 0 0 0 0 11 86 67 0 53 16 47 10 0 17 0 46 0 0 0 18 0 0 58 0 0 36 0 0 0 14 69 0 0 93 11 11 0 21 77 43 5 0 4 0 0 0
 0 0 7 20 0 0 0 0 12 0 19 0 0 0 34 4 0 84 18 71 48 10 12 0 5 21 0 0 0 0 38 0 0 68 23 0 37 44 0 42 64 10 32 0 0 21 53 83 34 20 0 24 45 1 19 0 6 4 0 0 19 56 0 0 0 0 0 0 36 33 0 0 39 0 0 0 44 8 0 0 42 0 28 0 0 0 0 0 0 83 0 53 0 0 0 30 0 0 0 1 0 0 0 54 76 36 0 42 0 69 77 21 20 0 9 2 0 0 0 0 0 0 46 50 53 0 0 1 14 74 0 6 29 87 49 0 45 8 0 45 8 49 3 0 16 13 35 29 0 0 0 20 37 23 0 0 61 27 0 0 0 0 57 0 0 0 0 0 0 0 0 6 92 0 0 0 24 0 15 0 0 45 0 0 23 0 0 0 0 84 0 0 13 0 0 0 30 0 49 0
 0 0 0 49 29 20 0 0 34 0 0 0 74 63 0 0 81 52 69 0 0 3 0 49 8 28 0 10 0 41 34 40 0 0 73 0 0 95 0 0 0 79 51 79 13 78 0 90 45 11 15 25 0 51 0 4 0 0 0 0 0 0 41 0 0 79 0 0 15 66 29 0 0 0 33 0 4 28 0 19 0 0 0 0 0 40 8 0 0 17 0 0 43 0 0 0 0 72 0 44 13 0 14 0 0 0 22 0 0 0 29 10 0 10 52 0 0 69 49 51 0 19 0 0 24 0 0 0 68 0 0 0 0 5 3 0 0 52 0 0 35 0 0 14 0 0 89 8 0 0 11 0 0 0 11 0 80 92 12 0 0 0 28 0 7 53 38 31 11 23 0 0 0 0 0 0 10 27 0 0 0 17 0 50 0 0 27 0 0 64 0 0 0 0 43 0 14 23 57 0
 37 7 0 0 3 8 0 61 6 63 0 11 0 0 46 0 0 0 0 0 64 0 28 0 0 0 7 5 0 0 0 18 4 29 0 0 61 76 55 0 0 14 50 0 0 70 0 54 23 25 70 0 19 41 75 79 86 0 0 31 0 0 0 32 0 3 40 10 0 5 0 25 17 0 0 0 0 0 0 0 0 14 0 0 0 57 56 24 19 0 25 5 19 23 0 38 0 0 0 0 27 0 98 0 30 33 36 0 0 14 0 9 8 35 0 0 0 0 0 0 71 0 53 0 72 15 0 0 46 0 0 0 0 0 21 28 4 0 52 0 25 18 0 20 0 0 73 77 9 0 0 58 0 8 50 35 70 0 38 0 0 0 0 0 57 0 0 36 0 0 11 0 12 0 26 0 0 0 0 5 11 0 0 49 31 56 0 58 0 25 0 56 0 0 17 23 0 33 0 34
 0 0 38 0 0 11 50 15 6 0 0 0 1 0 0 51 0 81 0 50 47 0 6 34 0 12 75 6 92 10 32 0 5 0 0 0 0 14 18 49 24 0 70 4 46 0 0 0 5 62 40 66 82 0 33 9 44 50 0 37 7 6 74 0 0 0 10 0 5 11 0 48 4 0 0 7 46 0 0 44 14 16 69 8 0 0 31 39 0 35 0 34 0 7 0 0 9 26 7 40 55 0 0 0 59 0 51 55 40 83 0 15 0 3 0 17 54 0 58 32 0 0 65 3 0 0 0 60 33 57 84 0 0 13 0 0 11 0 4 2 12 1 0 0 57 0 0 25 7 21 0 72 5 60 39 0 0 29 0 39 31 1 10 0 0 42 2 0 0 0 19 0 0 0 33 39 19 3 16 2 0 26 62 0 32 0 9 0 92 7 17 12 0 0 0 0 0 5 16 0
 0 0 41 37 76 0 15 0 55 0 4 0 2 46 0 86 51 0 0 43 58 0 0 0 0 39 6 0 40 0 0 0 10 3 3 0 0 45 10 0 44 0 0 0 48 0 9 0 11 52 20 40 0 17 0 0 0 42 7 2 17 49 0 0 0 0 0 0 20 12 0 0 0 0 0 0 17 19 28 0 0 0 0 0 0 28 7 0 0 28 41 21 0 0 30 0 0 0 0 56 72 35 26 0 0 0 28 67 0 4 0 0 0 16 0 0 79 0 45 0 10 0 70 7 0 0 28 38 6 0 87 35 21 46 69 0 87 49 0 0 35 61 5 0 0 0 0 0 0 0 58 0 0 13 74 0 30 52 63 24 0 0 0 39 0 0 0 63 0 0 54 0 0 11 44 0 0 60 0 0 6 6 0 0 0 0 0 0 0 0 32 55 0 63 0 0 85 23 38 0
 0 0 53 0 53 0 0 28 0 0 27 0 50 18 68 0 75 0 31 54 0 38 0 40 0 7 0 0 37 18 34 0 0 19 36 1 0 0 0 3 7 73 19 22 0 0 61 0 39 0 0 0 29 0 21 8 0 0 0 49 0 0 0 0 10 0 22 0 23 43 1 0 8 2 0 0 38 0 0 0 0 51 17 21 0 63 1 0 0 0 0 54 98 92 0 0 40 0 6 0 0 58 0 5 53 0 0 0 0 23 0 4 1 0 0 0 0 0 0 32 0 23 0 0 0 0 3 50 9 0 0 57 0 1 0 39 0 32 41 19 0 0 11 0 0 0 0 11 0 63 78 28 25 15 0 28 4 0 0 9 0 39 0 0 0 49 64 0 0 46 0 36 69 26 0 0 36 0 0 27 30 0 19 35 0 0 0 1 5 1 20 12 25 0 0 48 0 12 0 0
 0 0 52 41 56 49 78 58 0 0 0 39 35 0 59 18 18 57 44 47 66 6 0 12 36 14 59 66 0 19 1 0 0 12 37 0 0 0 0 0 27 0 14 29 0 29 0 0 78 0 0 28 8 0 0 0 33 0 0 22 62 34 0 40 0 11 0 0 33 0 10 0 0 61 0 45 0 7 8 69 0 66 0 0 0 71 0 1 17 22 81 0 0 0 2 0 16 82 25 4 7 0 0 18 0 0 0 10 83 0 0 0 0 0 0 71 0 6 21 8 10 20 0 0 0 0 0 0 65 0 70 14 7 31 0 0 0 0 47 0 0 31 13 3 55 0 0 0 3 0 0 6 0 0 68 0 24 0 0 76 16 27 20 59 0 0 0 15 83 0 0 34 31 0 4 14 23 0 0 19 0 0 0 9 0 0 1 44 36 56 4 0 0 0 58 0 32 0 0 0
 17 0 11 3 0 50 36 0 0 0 53 0 0 0 0 0 0 15 17 5 0 0 0 0 27 25 88 0 0 0 8 47 70 7 0 8 4 0 68 0 71 0 0 85 0 10 0 62 31 0 0 5 65 0 0 0 29 40 0 0 0 0 14 17 0 10 0 0 32 0 64 0 0 55 0 0 0 45 32 23 0 1 0 74 4 1 41 23 0 8 26 24 7 13 69 33 35 0 0 0 0 40 0 19 0 0 77 0 44 0 66 0 33 47 0 0 0 0 29 0 0 8 0 44 0 0 17 4 0 0 0 1 20 6 41 9 0 94 12 0 0 0 0 0 38 0 0 0 14 0 0 56 27 0 69 2 52 0 0 34 56 0 0 59 0 17 0 96 22 20 30 73 45 0 72 0 0 46 0 9 0 38 0 45 42 66 0 62 0 0 4 0 0 75 0 2 0 59 0 3
 0 45 46 33 0 18 0 80 48 0 0 0 0 42 9 0 39 0 0 0 31 26 0 0 0 22 53 7 0 56 0 57 0 0 0 0 21 0 9 0 0 28 5 8 5 0 38 69 28 0 0 20 42 0 0 0 0 0 49 0 0 0 0 0 26 0 25 0 9 10 0 0 0 0 3 25 22 0 29 56 0 0 0 87 8 0 0 9 0 51 18 0 56 11 24 0 0 6 0 0 0 58 29 0 0 10 28 17 1 0 8 0 9 78 42 0 22 0 0 21 0 25 62 0 63 0 0 0 0 0 2 14 24 0 0 0 0 41 0 80 0 0 0 68 0 2 59 0 11 27 46 0 0 17 45 0 0 4 0 22 0 68 22 26 0 26 65 0 8 38 0 0 0 0 50 27 40 0 0 19 52 61 0 0 0 0 0 0 2 0 48 73 0 35 2 29 0 0 56 0
 8 0 7 0 13 94 40 32 0 0 70 76 0 0 6 0 8 0 23 0 0 26 14 11 0 38 0 58 19 16 0 0 0 5 0 0 0 0 0 22 53 5 0 0 6 59 92 0 42 25 0 59 0 0 0 23 9 0 26 0 0 58 0 5 18 34 26 0 0 0 20 26 28 0 55 0 23 18 0 3 34 0 0 0 0 0 0 0 0 0 42 0 62 0 62 0 10 0 4 0 0 4 0 43 25 0 0 0 0 11 0 4 0 59 15 0 0 77 4 0 5 0 0 13 74 0 2 9 31 26 31 0 0 0 0 0 0 0 0 25 44 2 36 61 13 0 33 0 0 37 0 32 81 0 13 0 0 8 0 0 0 37 0 15 31 0 0 0 0 11 16 21 48 62 50 0 18 34 10 0 0 0 55 69 0 24 0 13 0 0 65 0 3 0 0 45 92 0 11 0
 48 22 0 0 35 48 0 0 58 2 0 0 22 0 23 0 0 0 0 72 0 79 0 0 6 82 0 0 0 0 0 6 61 0 72 53 0 3 17 40 0 0 35 72 0 0 23 0 13 0 13 0 0 0 33 58 31 0 0 14 0 25 0 0 0 57 11 39 0 7 47 0 0 37 69 3 26 0 0 0 0 55 22 83 0 34 58 0 0 0 24 0 0 0 3 0 12 13 1 0 45 9 0 52 35 1 12 76 0 12 24 21 11 46 25 0 0 0 0 48 0 42 0 85 14 0 84 0 0 0 66 0 9 0 63 0 0 2 0 23 0 54 88 12 34 0 72 0 0 34 27 0 3 3 32 64 0 0 20 0 0 0 0 10 0 0 93 0 0 0 0 0 81 0 0 0 0 40 62 0 0 0 18 61 0 14 32 0 0 34 0 0 60 0 0 52 55 0 0 0
 0 0 7 0 0 0 38 64 0 8 0 0 0 69 0 31 28 0 0 0 55 0 19 14 0 0 0 8 12 33 28 0 15 0 0 0 0 0 0 16 82 32 23 0 0 34 12 95 32 33 19 10 67 0 70 0 74 43 0 38 0 20 19 30 0 18 3 57 0 50 0 14 10 46 0 43 52 34 51 65 0 5 0 61 0 28 22 0 0 0 0 0 0 0 0 27 58 0 33 0 14 1 0 0 91 0 0 0 40 0 4 0 0 0 43 17 32 5 12 0 35 0 17 29 0 17 62 41 55 0 87 0 0 18 84 0 11 0 17 7 0 0 30 26 33 0 0 0 32 0 0 77 0 0 18 39 0 0 46 0 36 3 0 0 0 0 37 0 67 0 32 2 0 0 0 16 0 89 26 0 55 0 2 78 0 52 22 41 57 29 24 0 46 25 38 73 35 0 0 0
 36 46 0 12 0 0 0 21 96 0 0 0 27 11 12 21 46 7 0 28 0 0 0 33 6 0 0 69 36 0 0 0 71 64 83 38 0 0 0 0 0 0 0 0 0 0 0 0 31 0 0 31 0 11 11 7 17 34 0 0 0 14 1 79 0 23 0 42 45 74 42 0 0 25 5 51 32 47 0 93 0 0 25 35 17 0 0 0 0 1 31 16 0 9 0 70 0 0 61 45 13 0 0 0 58 0 0 30 80 81 0 0 0 0 21 0 0 0 0 7 60 0 0 0 0 0 38 37 48 0 0 0 0 12 39 0 0 17 23 48 78 0 70 44 33 11 61 0 56 0 17 17 0 0 0 9 15 0 76 34 0 0 0 0 50 2 12 79 44 0 16 0 93 0 0 54 54 1 0 0 51 0 36 0 82 0 0 2 0 0 0 11 30 77 29 0 34 0 1 0
 0 71 21 26 0 0 16 2 0 17 59 0 0 0 0 0 0 18 34 0 0 0 63 46 0 0 0 46 32 76 1 24 44 0 0 0 0 0 0 0 0 26 19 22 68 0 47 0 8 2 0 0 0 51 42 39 0 72 0 6 0 80 12 30 0 0 0 0 65 1 87 28 1 0 72 0 35 1 17 43 39 15 0 29 16 25 0 0 14 45 0 42 0 0 19 0 0 0 66 0 0 32 0 42 10 0 55 1 0 34 0 0 0 0 33 0 0 21 0 0 0 47 0 0 42 23 0 0 5 20 38 15 2 0 15 16 13 0 0 0 83 0 63 36 0 4 0 76 19 0 15 3 0 51 0 0 0 60 29 0 0 0 24 3 16 0 0 2 20 0 0 0 53 0 0 11 0 0 0 0 0 0 0 0 65 0 0 26 39 0 26 48 12 0 0 43 60 16 0 4
 30 0 60 85 60 0 0 43 53 0 22 9 17 83 0 0 23 24 0 33 0 0 0 0 19 28 35 71 39 50 0 0 36 6 15 70 75 0 0 0 0 68 4 80 41 49 0 0 45 8 24 0 0 0 0 0 27 0 0 0 0 0 0 0 53 0 71 0 0 0 5 33 0 51 39 50 0 0 6 0 38 28 0 53 54 0 11 7 12 0 0 0 0 0 0 0 20 0 6 25 0 7 0 0 34 74 0 0 59 8 0 0 2 0 14 0 28 0 0 33 39 0 0 65 0 0 27 0 25 0 0 23 53 0 14 0 82 33 0 6 0 0 0 0 0 0 16 0 0 0 9 66 19 0 0 0 0 12 2 0 0 0 0 0 43 0 21 8 26 0 0 0 0 0 9 49 51 0 0 0 0 66 53 0 35 0 0 22 48 0 37 0 0 25 12 0 0 22 0 0
 11 0 3 67 48 22 8 0 26 0 53 0 0 0 41 80 88 72 0 0 7 0 0 42 0 1 28 34 0 0 0 62 0 43 0 9 0 0 4 0 0 54 0 0 0 0 40 0 0 40 29 53 3 0 0 69 10 0 0 28 0 0 50 3 0 0 0 0 16 18 0 13 62 0 49 22 23 0 40 0 5 31 3 62 0 0 0 0 0 0 0 60 0 31 0 0 11 0 60 19 0 27 50 2 28 42 0 0 0 0 0 0 0 0 0 0 0 4 17 0 50 0 0 62 51 79 21 36 95 0 0 0 51 0 0 0 45 0 51 0 0 0 0 59 0 0 0 31 0 0 14 54 0 2 76 65 19 0 26 0 59 0 0 28 6 15 6 0 80 0 19 52 66 0 11 0 79 0 0 25 0 39 0 0 20 0 0 47 9 0 51 32 0 56 0 0 42 15 0 0
 52 11 21 32 0 0 69 0 69 27 33 0 7 16 0 0 0 0 0 26 21 0 0 0 2 49 0 8 0 62 6 52 0 16 55 31 0 1 0 0 7 0 0 0 0 0 1 0 6 39 49 0 81 0 0 44 0 74 24 0 37 0 18 24 23 37 34 7 12 83 62 0 0 68 0 0 0 29 57 5 0 64 3 0 34 46 47 47 19 52 0 41 25 64 2 0 0 4 0 58 0 81 18 0 0 33 0 63 0 0 0 8 13 39 55 12 11 0 0 41 0 23 89 0 0 44 0 74 0 68 0 0 0 8 0 0 30 0 0 0 0 53 0 47 0 0 55 0 18 0 39 1 18 0 34 0 0 55 82 7 0 35 0 0 32 0 0 0 0 0 1 0 0 0 36 0 4 32 0 30 22 0 11 0 40 5 14 15 0 41 13 0 38 59 58 0 54 0 81 0
 0 75 7 7 0 0 7 17 0 47 0 0 0 3 0 0 0 0 25 0 36 0 0 21 32 17 50 0 44 0 50 14 0 0 0 3 0 0 0 6 0 12 30 62 17 38 62 2 0 0 41 69 5 44 49 55 87 24 77 0 43 74 0 0 0 0 76 0 43 50 0 0 0 17 0 0 24 0 0 29 0 30 0 0 8 0 69 0 0 0 11 0 0 32 0 14 87 0 0 0 31 0 0 0 0 0 0 0 11 0 0 5 0 46 18 0 32 0 0 30 0 0 2 1 78 8 35 0 0 21 0 60 43 49 0 44 0 0 0 4 1 25 16 0 26 0 0 0 0 0 18 14 66 0 5 14 7 0 0 0 0 0 11 0 37 3 19 36 41 0 15 0 0 44 48 17 44 18 62 0 60 41 0 0 0 10 0 0 6 0 68 0 77 56 0 48 46 31 0 3
 0 0 3 7 0 0 20 70 0 0 0 0 0 0 14 0 41 0 11 68 8 0 14 8 0 0 0 19 0 0 34 0 32 63 0 67 0 78 0 0 43 0 26 0 24 16 0 0 0 0 1 24 42 0 35 84 0 10 11 60 47 0 12 31 0 16 32 0 0 7 0 31 0 0 20 57 0 0 39 38 0 13 0 0 67 14 19 0 0 0 52 18 20 0 21 0 60 0 0 49 0 0 3 0 38 20 0 0 47 0 0 41 0 4 0 31 0 0 7 0 0 6 73 0 8 0 10 0 76 50 0 1 0 0 12 0 0 0 0 19 8 75 0 0 0 46 5 39 0 0 0 18 0 0 0 58 0 0 0 36 10 0 20 61 0 0 0 0 0 1 10 0 24 0 0 0 0 0 49 65 39 0 0 85 26 0 0 0 0 33 0 55 15 46 15 24 1 0 0 0
 83 0 59 14 47 38 43 54 62 31 0 0 0 6 0 0 0 4 30 0 0 29 0 40 0 0 0 1 79 0 9 29 17 0 15 0 49 0 0 0 12 0 33 89 33 0 0 28 0 0 18 0 0 0 0 57 53 60 9 0 70 0 0 0 0 0 0 0 52 13 0 28 0 0 61 44 15 0 49 46 41 24 8 0 27 0 0 0 24 46 92 0 0 0 0 0 0 46 4 0 51 0 59 57 1 33 43 0 7 32 0 0 13 0 0 1 34 37 0 0 0 0 0 0 0 0 0 0 0 0 0 0 0 0 0 0 51 35 0 0 8 5 0 26 0 0 85 0 51 51 0 0 0 0 0 0 34 54 86 26 0 0 32 54 0 10 30 0 0 13 7 0 0 0 1 0 0 0 0 0 16 0 91 6 8 0 43 0 2 18 0 59 0 64 47 0 0 2 0 20
 83 0 38 0 11 73 0 0 0 33 0 15 38 0 0 25 0 0 10 0 10 37 23 0 71 19 11 21 36 0 62 9 71 5 0 9 0 15 0 0 58 2 0 0 38 0 0 0 0 28 0 0 57 0 0 0 22 18 0 0 0 76 0 82 0 0 0 53 0 4 0 0 0 0 0 0 0 0 0 0 0 49 0 0 0 50 1 50 0 39 22 8 2 0 0 57 14 68 72 2 62 0 0 0 0 82 0 53 1 0 0 49 0 0 43 77 70 0 0 24 0 0 0 0 0 19 0 0 2 0 57 82 0 22 0 0 0 0 0 0 0 54 27 22 8 0 0 7 32 53 34 61 45 0 74 0 0 0 15 23 0 0 21 0 4 0 70 0 0 13 6 0 44 25 54 0 59 68 0 0 14 17 0 44 0 0 18 0 0 0 0 17 28 0 22 22 0 17 69 0
 20 0 13 0 23 0 27 0 55 0 48 6 23 0 33 0 4 0 0 52 34 0 0 42 0 31 12 58 0 35 0 0 15 23 0 40 0 5 7 0 0 40 81 0 42 29 4 0 0 0 50 28 0 0 0 0 0 3 4 0 20 0 0 11 0 2 17 7 30 0 0 17 78 0 55 0 0 0 26 14 0 0 73 33 20 59 5 32 29 0 13 0 0 28 18 14 27 0 0 0 13 63 0 0 41 14 0 0 77 2 59 3 0 0 28 49 24 0 0 16 0 26 69 0 55 79 5 10 0 0 72 0 0 35 0 0 0 0 0 0 0 7 78 54 80 32 0 0 89 15 0 0 1 1 26 0 15 61 11 0 0 3 57 20 5 37 0 43 26 0 66 31 25 73 0 21 63 0 0 19 4 0 66 0 80 6 0 0 0 0 30 0 34 0 0 0 8 0 0 0
 51 29 0 71 56 33 60 0 69 0 56 64 0 22 52 0 46 26 0 0 29 0 0 0 0 0 0 0 20 32 0 40 0 0 36 66 29 34 8 73 0 74 56 54 0 0 14 10 54 72 1 7 0 0 0 0 35 0 17 0 0 46 0 0 69 41 80 41 0 8 33 0 21 0 23 40 0 0 0 0 0 0 9 0 0 0 73 0 0 0 47 30 6 0 80 0 74 15 0 0 0 20 10 4 0 42 81 0 0 0 0 19 28 13 24 0 5 0 0 0 68 0 20 0 0 5 0 0 0 0 0 0 17 33 0 0 0 0 0 0 0 22 85 0 29 93 0 13 62 0 10 0 81 0 41 0 0 0 0 18 71 79 35 52 91 22 0 91 0 2 0 0 35 5 0 0 0 10 37 0 20 48 0 0 0 0 54 57 0 28 43 0 5 0 0 47 7 4 0 69
 7 2 40 0 4 21 10 80 0 47 0 66 0 15 64 0 12 9 24 0 73 0 46 0 1 0 0 0 0 0 0 0 47 0 0 0 66 51 0 0 0 0 0 2 2 35 0 0 51 0 78 0 56 8 0 13 81 59 28 23 63 0 0 0 72 13 0 0 0 0 39 69 15 0 50 8 26 76 0 0 0 0 30 0 31 0 84 0 0 0 0 58 0 0 12 0 16 0 0 0 56 50 0 0 0 0 78 0 0 29 0 0 58 0 0 71 31 0 10 0 27 0 12 17 0 0 9 35 36 0 0 0 0 22 0 65 0 14 26 6 0 0 66 18 84 0 73 75 0 0 44 47 0 0 0 37 30 0 0 0 0 15 11 54 22 49 1 0 64 0 0 0 0 0 0 0 0 28 0 0 0 52 25 0 0 33 38 0 29 0 22 0 70 0 0 0 25 2 0 0
 25 0 0 0 69 0 20 31 0 83 0 0 21 4 7 1 0 11 0 0 0 0 34 0 0 10 0 13 53 24 34 0 35 0 0 0 0 23 3 0 0 28 0 81 5 11 60 23 35 38 47 15 0 0 0 0 34 0 6 0 10 0 34 0 64 15 0 0 0 57 23 0 0 0 0 0 48 27 8 29 0 0 9 0 14 0 8 38 0 21 44 53 0 0 9 3 22 92 73 33 5 0 0 10 25 0 74 60 56 0 0 61 0 0 0 2 58 60 0 39 37 16 0 0 16 0 58 10 27 0 3 0 0 0 26 22 13 4 0 39 20 0 0 0 0 0 78 65 96 36 0 2 5 28 0 0 9 0 11 20 11 14 16 0 0 10 57 17 50 41 0 0 46 0 0 28 31 45 31 0 15 0 0 0 1 0 0 65 0 0 39 0 0 8 45 32 1 16 16 43
 58 0 26 0 0 57 0 0 62 78 0 7 55 0 0 36 11 0 0 19 0 22 45 0 0 0 0 0 0 0 0 0 0 66 45 41 0 3 21 0 0 5 0 50 25 0 0 0 0 0 66 89 42 0 42 58 0 38 0 11 86 29 4 12 14 39 0 68 0 40 21 21 32 0 0 7 35 20 44 0 27 2 0 0 0 0 0 36 13 37 62 0 17 0 0 16 0 44 0 0 0 0 0 15 11 93 54 0 0 0 45 0 40 0 0 0 0 21 0 0 0 0 0 0 0 0 23 0 52 0 22 0 8 23 0 5 15 0 0 0 57 14 20 0 81 19 0 0 0 50 0 0 0 20 32 0 4 53 23 20 0 0 39 46 6 0 0 0 14 0 0 0 0 0 0 38 82 0 43 12 0 0 0 9 53 0 4 0 0 4 0 0 0 0 0 0 80 18 4 0
 34 0 27 20 58 16 13 69 0 0 0 0 0 0 16 21 11 30 0 27 23 0 11 49 0 9 0 5 0 0 47 0 0 0 0 0 37 0 12 0 3 12 45 0 0 61 53 0 0 0 3 0 0 1 0 7 39 17 36 32 0 0 26 0 20 0 0 9 0 66 0 0 18 37 0 12 0 11 44 0 0 0 0 1 44 26 4 59 18 35 0 0 0 0 46 53 5 16 0 1 6 28 0 10 18 0 17 0 0 11 0 19 8 47 0 19 0 24 0 0 17 0 35 60 22 54 12 53 57 23 0 0 23 43 0 0 33 0 0 10 0 0 88 0 39 0 67 0 89 0 18 0 44 0 0 71 25 0 0 10 38 0 13 0 0 0 0 0 45 13 67 0 0 30 63 47 0 26 27 30 0 0 0 0 17 0 4 15 63 9 5 18 14 0 0 28 0 0 0 0
 0 0 7 25 0 27 11 0 2 2 0 0 0 0 0 53 0 0 0 0 0 0 34 0 36 32 45 0 0 0 53 57 57 82 0 43 81 14 0 16 24 57 0 0 14 0 8 0 0 0 8 0 0 50 0 67 0 0 72 12 83 0 5 28 59 0 55 0 42 0 24 0 44 96 40 0 0 0 20 0 29 36 73 0 35 0 49 0 88 60 55 29 18 0 0 10 0 70 0 23 15 61 76 0 45 10 0 57 18 0 0 0 0 33 0 29 15 24 82 67 0 0 14 0 55 0 0 0 11 0 51 36 0 79 44 20 95 7 0 23 0 0 0 2 0 43 61 0 0 50 78 41 40 0 8 0 62 22 0 53 21 71 0 0 38 33 34 92 0 0 0 94 0 0 52 22 0 0 0 0 17 0 2 11 31 0 40 0 83 0 30 0 19 0 0 38 0 44 16 0
 0 0 48 12 0 10 0 46 0 20 48 0 0 33 0 75 62 0 19 74 0 2 40 12 58 0 36 1 0 4 44 0 57 0 0 32 29 40 4 21 38 0 86 74 0 0 63 18 0 38 0 47 0 86 67 34 56 40 0 0 0 0 0 0 42 2 0 0 0 0 68 0 72 0 0 0 36 0 0 90 0 8 55 0 0 0 20 0 0 53 3 34 0 87 0 42 7 44 43 0 9 47 88 83 0 8 47 0 65 19 0 0 0 20 0 44 44 41 0 0 51 0 0 4 52 60 40 0 0 0 29 0 0 0 21 0 52 0 69 0 0 1 0 0 0 21 0 15 38 41 4 0 0 0 0 0 0 0 95 0 0 0 33 39 0 0 38 37 16 0 0 13 0 0 0 19 33 40 95 0 7 0 0 53 58 0 0 41 27 53 0 0 0 65 22 79 65 0 4 27
 0 25 0 73 24 0 1 19 0 0 0 0 3 39 3 0 5 0 2 60 52 0 0 0 1 0 0 0 7 13 9 0 36 0 0 24 79 0 0 37 44 21 0 0 3 0 0 0 0 20 42 34 0 80 0 29 26 0 0 0 0 0 68 31 0 32 10 15 0 0 14 25 0 0 39 0 0 32 0 55 43 0 33 29 63 0 25 23 0 0 0 0 0 61 45 1 39 36 0 15 2 0 0 13 0 0 0 35 0 24 8 5 0 0 31 66 40 22 0 0 30 18 0 0 22 46 0 0 0 78 22 0 0 41 5 41 6 40 9 0 41 0 0 0 0 0 0 0 0 98 0 0 57 11 33 56 51 0 0 32 0 0 0 0 0 0 1 36 23 0 1 60 27 0 0 0 0 0 87 5 0 0 0 38 0 0 0 0 54 0 0 52 48 0 69 9 0 63 0 22
 44 0 0 0 22 26 0 60 74 0 85 20 76 0 0 6 47 0 0 35 0 0 0 10 0 52 25 0 0 56 0 41 3 0 0 10 0 45 0 0 13 0 16 0 0 0 0 0 10 37 0 3 0 0 0 14 93 0 0 14 76 15 5 0 33 0 46 5 0 0 0 20 0 0 37 0 0 6 0 8 0 0 0 30 0 0 37 0 27 28 74 0 0 10 0 56 44 0 0 19 19 20 0 0 44 0 0 0 0 0 28 0 0 2 0 0 83 0 51 48 40 0 36 31 2 0 0 0 59 10 47 84 0 50 64 0 1 0 0 18 0 5 63 41 0 0 46 0 22 0 0 0 34 0 5 0 44 97 51 0 0 0 5 0 93 11 25 0 38 0 0 0 40 0 57 44 42 35 98 46 0 0 65 50 0 25 30 9 10 0 0 0 29 42 41 51 68 79 46 0
 0 28 23 8 0 27 20 31 53 35 0 17 0 10 51 54 0 0 13 11 6 0 36 24 30 9 18 0 42 31 37 0 8 36 33 27 5 18 0 17 53 12 10 16 2 12 0 0 0 74 42 30 0 18 30 21 0 0 0 11 25 0 0 67 11 0 0 39 0 0 56 0 31 3 32 60 51 38 85 45 0 4 42 70 19 31 0 0 0 16 9 0 54 42 0 26 0 13 0 36 53 0 67 0 15 0 80 13 0 2 7 40 65 75 0 0 0 1 59 4 0 0 49 43 46 0 56 56 51 37 20 13 41 0 7 53 0 0 11 0 0 79 0 0 60 8 0 69 0 0 8 21 0 0 37 27 7 62 0 49 0 0 0 67 0 0 20 0 0 1 0 46 26 12 29 0 51 43 0 22 2 72 0 0 0 28 23 2 0 0 0 0 33 0 23 0 35 0 23 20
 0 0 0 57 0 15 0 0 0 87 0 10 0 0 0 0 0 63 0 0 79 5 8 48 0 9 0 14 32 0 0 0 0 0 0 0 0 0 49 0 0 0 0 0 0 88 14 11 0 0 25 0 0 0 32 0 70 0 19 61 37 13 51 0 40 50 42 58 76 34 0 0 2 0 29 55 11 44 1 0 0 13 21 25 0 68 2 2 66 0 0 0 90 13 58 91 0 0 0 0 18 0 0 0 0 0 37 0 39 0 34 0 0 27 0 0 88 0 0 0 12 0 8 0 59 70 0 33 0 9 38 3 7 29 0 0 0 0 24 0 0 0 0 0 56 0 0 8 0 0 0 0 0 54 0 0 1 0 0 0 0 33 38 14 16 1 14 0 0 0 0 59 0 96 90 0 0 0 24 24 0 5 53 0 64 37 36 0 25 0 54 9 0 0 21 0 0 52 7 0
 0 14 35 24 4 64 12 43 25 0 0 34 0 0 0 44 49 7 20 0 67 87 61 0 0 12 0 20 25 8 9 47 58 2 0 0 0 0 0 0 0 0 21 52 0 46 0 0 0 0 66 0 0 0 0 0 0 13 0 23 0 0 0 13 25 80 17 20 0 25 0 13 79 0 26 33 43 21 0 18 0 70 0 6 27 54 0 0 37 20 0 0 0 0 24 0 0 0 0 0 72 0 19 23 0 15 35 0 23 0 49 34 0 8 17 0 31 12 53 0 0 0 0 0 2 70 0 0 0 0 0 32 0 96 21 0 13 0 48 0 0 0 0 0 0 15 0 3 0 0 45 0 0 0 0 0 0 0 63 0 0 22 30 0 0 0 0 0 70 0 13 18 80 10 0 0 0 0 6 37 1 0 0 45 0 24 0 0 0 78 54 43 0 47 87 0 32 33 0 0
 0 0 0 0 0 0 50 0 0 0 22 0 6 38 11 50 0 0 83 0 0 0 55 27 0 8 0 3 18 6 0 0 31 32 0 0 54 0 77 56 18 0 0 0 49 0 0 23 0 0 0 18 0 12 62 11 13 46 0 0 0 0 6 0 0 0 59 0 0 67 39 0 0 96 5 0 0 0 0 0 84 0 0 0 1 32 68 64 0 0 35 0 0 0 0 0 0 0 46 52 90 58 0 44 0 27 35 0 0 9 19 10 30 6 0 0 19 0 0 39 0 3 0 8 0 75 0 0 58 0 15 0 4 33 0 0 11 27 60 0 29 0 0 21 52 0 49 13 27 46 0 0 0 25 0 58 73 0 8 0 6 0 61 0 65 17 26 0 10 0 0 76 10 0 6 7 0 9 10 9 0 0 0 0 44 2 70 0 21 12 11 67 0 24 65 0 0 0 8 21
 24 0 0 0 0 10 53 0 0 14 48 18 0 32 0 32 0 65 6 0 0 77 0 0 0 46 0 4 4 59 0 6 0 0 0 12 17 50 0 0 70 35 57 33 50 0 0 0 10 0 0 0 30 0 0 0 19 0 6 0 0 0 33 54 11 0 0 71 90 0 25 51 0 0 0 29 37 16 72 47 0 0 0 30 18 12 0 94 23 0 0 13 85 0 0 42 0 0 0 57 41 0 0 59 77 0 0 45 2 7 0 23 28 8 92 0 17 56 0 0 30 10 0 16 0 0 0 0 15 0 0 0 0 17 0 0 57 0 0 18 0 0 0 10 0 67 0 0 52 62 0 22 75 17 5 0 0 0 0 32 0 0 0 0 0 16 0 52 31 0 0 42 64 0 1 33 31 0 5 6 0 5 3 0 0 0 0 0 3 17 48 54 37 0 0 0 2 23 36 17
 0 20 0 0 0 49 17 0 0 2 0 0 0 37 3 0 0 12 0 16 71 0 0 31 3 35 2 19 34 25 0 14 29 0 37 0 0 19 0 0 28 0 51 62 5 0 8 0 22 0 0 0 54 6 78 77 42 0 0 0 40 0 0 0 0 44 36 0 0 0 20 78 80 5 14 8 0 46 0 11 48 35 54 52 9 17 0 8 0 0 0 0 0 16 0 45 5 0 0 20 13 0 0 0 28 0 0 0 0 0 0 0 0 46 0 0 14 28 34 0 0 18 0 0 0 0 0 49 0 0 0 0 35 12 21 64 0 0 57 0 0 0 32 53 0 54 33 14 0 0 32 0 53 0 0 74 1 13 0 29 1 0 42 0 0 0 54 0 0 31 0 50 0 0 0 17 0 0 50 0 47 0 0 24 0 52 0 0 0 0 48 0 45 0 5 0 21 0 0 0
 0 0 0 3 44 0 8 20 0 0 38 0 65 0 7 0 8 0 13 0 0 25 0 0 15 32 46 0 0 0 25 0 0 0 6 0 18 60 36 48 11 0 0 0 56 2 0 0 0 23 0 30 0 0 40 4 23 42 42 47 23 46 0 0 46 44 8 0 21 26 0 83 0 15 0 25 31 0 64 0 50 25 17 0 0 0 24 34 5 17 0 46 0 0 11 0 0 0 4 32 0 75 0 52 0 8 24 0 0 0 80 0 0 0 0 0 0 0 33 84 0 9 62 0 62 0 0 0 43 0 0 0 56 0 58 4 89 43 38 0 0 0 29 0 20 2 3 0 6 0 0 0 34 49 0 21 23 37 0 0 0 0 0 27 20 0 0 0 0 0 7 67 43 43 6 0 0 0 0 49 51 21 35 0 0 0 0 0 9 0 0 41 92 0 0 0 0 34 26 7
 0 43 0 9 0 0 92 43 78 5 0 39 33 0 0 0 0 21 0 0 3 0 66 0 0 0 3 68 0 0 29 52 0 54 25 0 14 0 43 0 73 33 49 14 0 0 0 26 0 0 0 0 28 65 0 0 24 0 0 0 38 39 55 0 12 0 0 0 0 0 0 8 0 42 60 0 0 0 32 0 0 25 0 0 11 0 0 0 63 0 75 0 0 0 0 31 5 43 0 0 0 0 68 0 24 0 0 0 0 0 41 93 1 0 0 41 17 0 0 63 0 0 0 0 0 0 47 8 0 0 0 0 52 1 0 82 13 6 0 16 0 0 1 25 10 0 0 54 29 0 3 24 87 25 0 0 10 0 11 0 66 0 62 0 51 24 0 36 68 0 0 0 12 0 0 0 42 0 0 28 0 0 0 21 16 65 82 0 0 0 0 0 0 0 0 47 8 23 26 64
 0 0 60 33 0 0 0 0 0 52 18 67 66 0 24 13 0 0 0 4 0 0 0 0 0 0 0 0 0 13 0 0 66 47 0 0 39 26 23 0 31 81 0 56 0 70 0 0 0 1 0 0 13 31 0 0 48 62 0 0 78 0 0 41 8 6 20 0 0 0 44 0 0 0 74 93 0 12 0 0 88 5 0 0 33 29 57 25 0 17 0 0 9 0 0 31 59 0 61 0 23 0 13 0 9 56 45 34 0 0 0 82 0 0 0 37 0 0 0 0 0 12 0 65 6 44 77 0 0 0 10 32 0 0 0 27 0 16 0 50 0 0 0 55 83 0 0 0 0 0 0 72 24 21 0 0 0 22 43 0 0 0 0 91 51 0 35 55 9 0 15 0 0 24 0 72 0 0 12 0 0 0 0 86 0 0 0 59 0 24 0 0 0 3 0 0 76 19 24 13
 0 0 0 0 18 0 55 0 0 0 0 0 0 0 0 42 22 0 42 0 11 0 37 11 0 6 11 6 0 77 11 0 0 38 0 67 0 0 30 0 0 0 65 33 0 0 0 0 0 0 15 0 0 0 44 0 49 89 45 0 0 0 10 31 0 0 98 0 0 0 33 0 42 0 26 90 12 4 0 0 55 0 9 0 74 0 69 0 0 16 36 0 24 11 0 0 0 24 0 0 2 0 0 9 0 26 7 46 42 0 54 0 2 0 0 22 0 45 0 9 83 43 0 36 0 45 0 0 0 0 0 45 0 27 0 21 0 0 0 7 0 0 0 0 5 41 3 42 26 0 0 0 23 64 0 0 0 15 0 0 2 5 0 42 22 0 20 17 0 0 0 0 56 7 3 0 29 15 0 0 27 32 45 0 5 0 0 0 0 0 0 0 0 0 23 22 46 2 0 0
 10 39 6 0 0 10 0 28 0 75 0 0 21 0 0 31 2 1 0 2 12 57 0 0 2 21 1 0 41 0 30 0 0 0 0 34 0 0 11 19 0 6 0 0 28 0 8 0 0 0 66 1 0 88 55 95 21 65 56 0 0 0 0 24 45 0 0 0 0 0 23 0 0 35 66 0 0 86 0 42 0 69 24 57 0 0 9 50 83 68 56 0 0 46 9 48 18 8 0 0 7 20 0 0 87 70 0 14 75 50 43 68 0 0 10 0 0 0 17 43 16 0 0 15 78 0 0 0 0 0 19 56 43 0 0 0 53 2 0 84 17 0 0 0 0 0 0 0 17 78 35 0 34 0 10 17 57 62 74 10 22 39 0 27 0 0 0 51 0 32 0 12 0 0 0 0 7 0 32 41 0 2 11 13 0 10 0 15 25 0 72 58 34 0 26 0 0 15 0 0
 33 27 0 3 9 53 0 0 0 0 28 21 43 11 8 30 55 11 0 26 0 0 22 30 46 67 75 11 0 90 0 32 37 0 13 11 4 20 10 67 0 1 0 0 0 26 47 0 24 0 0 0 0 66 0 0 48 0 58 50 0 0 0 0 30 28 26 0 0 18 10 0 63 0 0 34 91 35 32 0 41 0 65 37 13 0 0 0 0 17 23 0 0 0 0 0 0 35 22 66 0 75 0 49 27 0 0 0 0 0 48 42 19 0 32 0 88 0 11 30 0 0 0 21 56 55 0 0 36 50 14 0 77 0 15 0 63 0 0 16 0 0 49 62 25 0 0 0 2 0 0 0 0 76 20 0 0 37 58 97 69 50 0 73 7 0 0 6 59 0 25 38 0 44 69 65 21 67 0 0 5 64 3 17 0 0 56 0 64 87 40 0 0 0 63 16 25 0 0 0
 0 0 0 7 38 0 0 0 0 24 62 79 0 70 0 13 0 22 0 0 0 40 0 0 26 0 55 0 5 37 0 82 0 0 2 9 29 0 51 0 16 9 0 0 0 0 22 0 0 0 42 50 0 0 0 0 31 0 19 12 0 45 16 16 0 0 0 0 77 0 50 0 0 2 24 13 1 0 65 63 0 7 17 8 72 0 25 39 11 0 0 0 38 0 4 0 14 0 20 0 0 28 21 0 0 0 0 81 4 0 0 0 0 79 0 0 1 0 0 8 0 10 0 0 6 0 0 0 0 0 0 40 0 0 0 84 0 30 1 0 0 7 0 31 0 0 25 59 0 0 4 37 3 0 4 0 47 0 0 11 0 34 0 0 22 0 86 53 0 27 0 0 15 0 0 83 13 6 0 0 15 0 0 0 51 14 0 0 40 32 40 28 0 0 0 17 0 0 70 0
 44 2 6 21 79 0 32 0 31 37 7 14 53 0 6 71 0 0 0 12 0 0 0 29 0 0 0 0 0 0 0 0 0 22 82 0 0 29 30 0 52 29 8 9 17 0 73 25 71 0 0 0 1 44 2 0 10 6 13 15 43 0 14 0 4 0 27 75 60 52 0 75 0 0 18 0 0 33 0 70 49 10 0 0 0 46 0 35 0 0 0 27 0 0 0 0 0 0 1 13 18 0 0 30 12 0 1 0 0 0 42 26 0 40 32 91 0 0 96 13 30 9 21 0 67 23 13 49 23 12 0 0 59 66 0 22 29 0 0 0 2 0 0 0 40 66 26 0 19 0 0 0 21 69 35 0 0 5 0 36 53 0 29 0 0 0 0 0 59 0 67 32 86 23 0 0 0 0 4 0 26 0 83 2 0 81 49 36 19 0 50 57 0 0 0 0 13 0 43 0
 0 26 0 0 10 22 0 0 47 7 0 0 0 39 46 0 0 0 0 1 0 0 16 10 1 0 0 0 0 67 10 0 45 0 0 0 31 35 0 0 44 0 0 0 2 20 0 0 55 0 0 0 0 0 0 0 0 39 23 35 11 0 20 0 0 85 71 0 0 0 41 26 0 0 0 0 76 0 7 0 0 32 42 0 0 53 66 0 0 35 32 0 0 0 0 0 0 94 0 0 19 0 0 0 68 0 0 0 30 0 67 0 70 0 0 0 0 0 3 0 15 0 21 0 26 0 46 17 10 80 0 0 0 0 0 0 21 33 0 0 0 1 2 0 0 0 0 0 0 0 24 0 0 0 46 0 0 0 0 0 0 14 0 0 0 27 34 28 0 0 0 0 0 0 0 38 49 37 0 37 9 16 47 0 0 0 0 0 0 4 67 0 24 0 10 0 0 37 52 11
 0 0 0 0 0 72 0 31 0 0 0 0 0 0 15 26 9 0 13 38 0 0 38 26 0 0 37 0 39 66 0 0 0 16 0 0 0 98 6 0 67 0 80 53 28 44 0 33 0 47 0 0 0 22 10 0 6 0 0 0 0 7 24 0 0 0 30 0 0 31 25 13 0 0 53 31 0 0 0 0 32 0 74 0 8 9 0 0 0 0 20 0 0 0 32 0 0 0 0 9 0 48 0 0 26 68 35 0 35 0 0 0 10 10 0 19 0 42 0 68 59 0 23 34 0 0 0 0 0 0 0 0 13 0 16 0 0 46 0 0 0 77 0 0 0 49 0 0 27 0 0 18 0 0 29 36 0 0 29 30 0 74 3 0 13 0 42 10 89 9 7 0 0 35 0 39 30 13 4 6 3 0 3 18 13 0 46 2 0 0 15 0 0 92 0 6 27 10 0 0
 10 0 0 0 62 65 33 0 0 0 41 2 0 8 35 14 0 35 0 0 0 63 0 0 0 70 36 7 0 0 5 51 0 0 5 0 21 22 5 0 62 0 1 0 0 22 0 0 0 0 0 0 5 39 62 78 81 0 26 7 25 64 0 40 24 0 0 0 0 0 0 0 0 6 28 75 36 0 0 0 18 10 0 75 43 16 30 0 0 2 26 0 96 0 0 21 33 23 16 6 21 24 0 30 0 2 0 0 13 0 53 0 0 0 0 0 0 13 0 0 0 17 0 0 9 73 0 0 0 4 0 0 52 44 72 0 36 15 0 0 0 18 60 0 0 0 26 1 0 0 8 0 10 0 32 21 0 0 0 40 21 42 0 42 0 44 27 0 86 81 0 49 89 0 0 18 0 0 65 26 6 0 50 0 17 92 49 0 82 0 0 39 17 54 0 11 0 54 0 23
 0 0 7 14 0 0 0 0 0 29 0 41 0 32 93 0 37 13 70 0 0 3 0 3 0 0 0 48 0 78 46 50 0 0 21 8 47 39 31 8 50 1 60 0 0 45 2 6 0 0 0 42 0 0 0 0 6 0 23 0 0 6 0 0 28 0 49 0 20 0 0 0 0 44 0 0 0 39 0 0 41 13 0 0 81 0 32 0 0 29 24 36 81 0 0 2 0 37 28 37 55 0 0 0 5 80 4 43 0 0 0 0 45 7 52 0 0 41 2 55 0 80 0 0 0 75 0 12 21 26 73 7 0 0 0 45 0 68 27 50 61 0 0 0 24 0 0 53 28 0 0 0 4 2 0 0 76 17 18 0 6 21 15 74 23 1 35 21 0 94 58 4 9 0 0 0 0 0 62 0 22 0 21 0 0 0 0 25 58 0 0 0 0 23 0 0 20 0 0 1
 0 0 24 0 40 0 0 10 89 0 47 51 0 35 0 78 9 0 48 10 0 20 0 0 0 20 12 0 21 0 0 0 64 57 0 15 83 0 0 43 0 0 0 0 16 92 0 0 64 0 29 28 0 77 0 53 0 0 12 66 56 22 0 1 23 41 32 0 0 0 0 0 0 16 40 0 52 1 44 71 0 0 0 0 1 83 0 0 44 51 14 0 0 37 14 40 0 28 0 0 0 0 41 0 6 0 0 0 0 44 83 0 37 67 0 0 0 10 82 3 38 0 0 25 19 49 0 15 0 1 0 0 77 0 29 43 0 0 0 76 0 0 17 0 0 0 48 0 77 0 4 8 16 6 0 71 38 0 76 0 14 0 0 0 21 60 46 4 34 28 0 11 86 0 4 0 0 0 0 43 0 67 9 0 0 43 26 16 20 23 9 82 23 0 0 34 0 29 10 14
 0 51 16 0 0 0 0 0 0 0 10 0 0 0 6 25 33 44 0 15 0 0 0 0 62 0 40 64 0 8 0 0 0 5 13 0 47 0 0 0 0 0 12 0 33 54 0 0 26 0 0 17 0 0 0 4 0 0 0 0 0 0 0 0 0 0 0 19 0 8 0 34 44 0 31 0 0 0 20 0 27 0 18 0 0 77 67 7 0 0 0 2 0 0 0 22 0 73 0 0 0 6 0 0 26 7 37 0 2 35 4 0 0 0 0 0 20 7 42 45 0 0 17 85 0 30 15 61 38 0 28 1 31 57 52 42 0 0 0 47 0 61 63 0 23 0 32 72 0 0 9 0 6 51 0 0 0 0 0 37 0 0 0 21 0 17 0 41 67 0 0 0 0 0 0 64 4 15 0 74 35 0 0 0 0 0 63 0 0 30 3 0 0 58 48 21 50 0 75 0
 0 0 0 29 0 0 0 0 0 16 0 0 0 19 0 0 0 66 0 0 26 55 5 42 80 0 8 25 49 18 0 0 55 0 32 0 7 5 0 0 55 42 0 0 0 52 6 2 11 53 0 48 0 17 13 0 0 0 36 35 0 0 0 42 10 0 5 88 0 75 0 0 0 0 60 0 75 0 53 0 0 30 50 44 30 49 0 51 61 0 0 0 0 0 0 0 0 0 30 28 72 15 0 8 28 0 61 0 5 18 0 45 56 71 36 0 38 43 69 17 0 20 0 92 43 61 38 20 16 0 42 68 0 0 0 0 0 0 91 56 0 0 82 23 5 11 0 0 0 30 12 0 96 0 48 0 61 7 19 0 50 6 0 0 20 24 0 25 0 7 79 57 0 55 0 45 42 48 0 0 18 5 53 0 4 50 0 16 80 0 0 9 0 22 0 22 0 0 14 60
 0 0 0 12 71 14 64 0 0 0 39 0 52 0 0 0 9 0 0 61 29 0 0 0 0 0 0 19 58 0 0 59 0 24 0 6 2 35 0 56 53 32 0 37 30 64 9 71 28 0 0 28 0 57 2 0 4 0 50 23 30 0 0 0 37 48 0 47 0 0 40 0 13 0 0 35 16 0 12 0 7 26 19 68 51 0 66 0 57 16 0 37 0 20 12 52 62 0 11 0 0 0 0 6 22 0 0 5 3 13 71 0 0 80 29 0 7 0 0 0 58 37 23 0 0 0 0 26 20 27 53 0 20 11 2 0 0 11 0 0 0 0 43 8 0 63 12 0 0 0 8 22 66 0 47 49 18 0 0 3 28 0 0 4 0 0 0 36 51 11 8 47 42 31 45 15 0 33 0 6 0 69 38 0 37 39 7 0 72 9 0 0 0 0 28 17 0 0 46 0
 0 57 36 27 0 0 67 0 0 0 93 0 0 49 0 26 0 0 0 95 0 41 0 6 15 0 0 68 88 0 0 17 0 0 0 0 0 0 38 0 0 83 0 0 0 26 46 1 0 0 34 51 0 54 30 0 0 3 20 4 0 0 0 0 0 40 0 0 53 0 52 15 20 0 48 0 0 0 0 57 59 0 4 0 0 0 25 27 0 42 25 0 0 0 0 44 41 10 0 13 0 13 0 58 0 3 12 28 9 0 0 0 0 0 0 0 0 0 0 87 0 0 0 0 0 0 0 0 0 0 0 0 0 0 73 40 0 0 0 10 9 6 0 11 0 0 0 0 0 0 0 0 24 0 50 55 0 48 66 0 49 14 0 47 3 16 65 35 91 81 0 0 9 30 0 51 45 32 0 41 24 0 81 26 47 0 0 18 2 0 68 13 68 0 60 0 0 0 15 39
 0 0 0 57 28 0 4 25 0 5 0 18 75 0 0 38 0 46 10 16 0 35 0 39 6 0 0 0 32 0 0 34 0 0 0 0 46 87 0 7 0 22 0 0 0 0 0 19 0 34 67 41 17 0 0 0 0 0 0 34 0 0 65 0 0 70 0 0 60 28 0 19 57 26 0 46 0 0 0 74 15 0 0 0 0 0 50 71 27 0 58 3 0 18 0 79 10 63 24 76 2 0 9 58 13 66 56 24 6 0 0 49 41 3 0 60 0 27 34 0 5 66 70 8 0 0 3 0 36 72 29 8 0 0 0 69 4 49 0 3 0 0 49 0 23 0 0 0 9 5 84 0 15 0 0 67 0 0 0 0 77 67 0 0 28 0 0 0 0 3 0 0 15 0 70 0 2 0 32 53 0 0 15 0 0 73 0 34 55 25 0 13 16 0 42 0 16 0 0 0
 65 0 92 47 0 0 0 0 28 2 0 2 57 51 0 4 17 44 58 0 22 38 0 68 0 25 34 0 0 0 0 0 49 0 52 39 0 24 0 0 0 0 67 0 22 72 25 30 0 0 42 0 0 20 0 25 0 58 0 0 0 26 47 0 0 45 31 3 6 54 47 0 13 0 3 4 31 13 19 12 0 35 59 2 0 18 0 0 0 67 0 5 16 0 1 0 4 84 0 78 27 16 0 0 30 45 0 0 0 0 56 0 0 48 0 0 0 76 0 0 0 0 0 0 0 0 20 0 0 0 12 5 0 7 0 0 0 82 0 0 0 27 0 45 0 0 0 10 0 29 32 16 0 0 0 23 0 40 0 0 24 0 10 0 59 35 0 9 5 39 8 58 0 0 8 54 31 0 0 10 33 15 0 0 0 0 0 0 82 0 76 39 21 19 0 13 0 0 25 0
 77 74 0 1 50 57 0 13 2 9 0 75 0 0 0 15 0 15 0 54 38 0 68 0 0 3 50 7 24 23 0 0 0 0 9 0 33 0 0 65 62 0 7 0 0 0 19 10 12 34 24 19 0 37 0 56 0 37 0 15 54 0 71 0 8 18 1 0 0 33 18 0 3 35 7 0 0 23 14 0 1 42 5 0 0 32 24 17 39 4 27 0 84 59 20 40 87 0 28 0 41 49 0 0 11 0 0 5 0 17 60 0 0 66 0 0 10 0 81 0 27 26 0 5 0 36 0 0 0 0 0 0 42 11 21 0 0 77 1 34 0 5 0 0 0 17 32 11 52 0 7 19 21 0 12 48 39 0 20 0 0 0 0 61 0 0 0 37 0 0 0 0 0 49 65 4 0 0 15 0 0 0 0 65 0 0 56 0 25 6 58 0 0 0 40 0 0 0 27 0
 0 0 85 0 0 3 38 16 14 75 25 0 60 13 64 0 23 39 0 80 0 0 0 0 0 30 46 40 18 22 27 12 0 0 79 0 18 9 0 0 22 0 3 0 0 0 45 40 0 34 35 0 0 0 50 24 79 0 19 1 4 5 3 31 0 0 0 0 0 28 94 6 0 31 17 90 0 0 6 31 32 44 8 81 47 0 14 41 0 50 0 0 0 47 0 0 0 0 19 60 30 7 0 70 35 56 63 0 63 0 0 0 36 8 0 0 0 0 7 9 0 11 40 32 4 37 23 0 23 19 48 11 0 41 0 13 0 0 13 48 0 0 48 0 55 0 19 20 0 0 41 0 59 47 93 0 0 0 32 0 19 21 8 0 0 0 9 0 49 0 0 27 0 47 0 27 0 0 65 0 0 0 0 0 29 0 0 0 0 72 0 0 0 37 5 41 0 0 0 0
 0 0 69 40 57 35 0 0 40 66 12 12 0 25 33 0 0 0 29 0 0 0 46 0 0 0 0 46 0 0 0 37 2 9 0 2 0 3 35 9 0 53 0 0 0 0 0 4 15 0 49 19 0 1 0 31 3 0 0 0 0 7 0 11 52 0 5 33 0 0 81 20 75 0 63 10 49 0 35 0 64 26 0 44 23 0 55 31 0 7 0 0 0 89 51 13 0 0 11 27 56 93 13 0 9 79 0 3 52 0 0 0 37 0 44 13 55 0 33 0 0 0 37 13 0 0 0 79 20 73 0 5 0 0 35 13 0 0 4 0 0 0 11 64 31 0 53 0 0 0 3 0 0 0 0 33 0 70 0 0 32 10 0 79 0 0 0 22 28 0 0 60 27 71 22 0 0 22 0 25 0 0 0 0 10 0 62 0 0 0 1 0 4 0 18 53 5 49 0 15
 0 0 28 0 0 0 0 63 56 0 32 22 23 0 0 0 0 11 0 0 0 0 0 14 2 0 49 14 0 66 0 94 0 0 0 0 0 33 0 43 27 88 85 0 66 75 40 0 0 52 27 73 0 0 56 66 0 0 2 42 0 0 0 0 0 0 0 0 0 40 35 0 0 11 0 0 34 0 56 39 46 46 22 0 0 0 0 4 0 0 0 34 0 53 0 30 0 0 68 26 0 0 0 39 0 47 17 13 17 0 42 0 22 0 37 0 19 0 0 40 0 0 13 52 0 0 0 0 0 21 0 0 0 0 26 27 0 0 30 8 41 0 50 0 0 4 43 2 0 0 21 0 67 11 0 0 0 36 0 84 16 61 0 30 0 0 0 37 0 0 0 0 0 19 21 15 8 0 59 71 15 0 0 0 80 0 98 0 65 0 0 0 0 79 0 0 0 0 0 0
 0 31 41 0 0 0 64 0 25 58 31 12 0 0 52 0 0 48 0 8 45 0 30 28 0 0 0 0 0 0 0 0 0 17 0 0 1 73 12 0 18 0 0 0 52 0 0 0 14 11 0 0 12 0 0 64 0 0 0 0 0 69 0 4 0 0 0 22 58 62 24 12 0 29 0 0 62 0 74 0 54 22 3 0 10 8 13 40 0 0 0 0 0 1 79 41 57 0 0 11 4 28 0 4 31 0 0 0 0 0 0 0 0 6 0 19 37 21 0 0 0 0 45 0 0 0 0 0 86 0 0 0 0 0 79 3 34 0 0 26 22 0 61 8 89 0 50 0 0 0 0 0 0 96 12 11 0 64 8 0 0 0 0 0 36 0 4 0 1 19 0 0 0 29 0 26 0 0 0 0 38 0 47 40 41 0 0 0 0 33 0 0 0 7 0 31 0 0 0 0
 0 68 26 62 17 4 7 32 47 13 0 48 0 0 0 0 0 20 58 0 47 30 0 16 0 0 24 0 31 6 46 20 0 0 48 0 47 0 30 0 60 85 0 10 0 40 0 28 12 47 6 50 0 75 83 0 0 25 0 57 0 0 0 0 0 0 71 0 25 59 14 5 19 24 0 76 0 0 0 28 26 0 39 0 0 0 0 9 23 0 0 0 6 4 78 56 17 93 0 0 0 39 0 0 43 29 0 40 24 0 0 2 4 0 0 18 5 0 28 0 0 44 34 73 0 0 2 0 0 62 0 0 0 0 0 0 51 84 0 11 0 0 28 16 23 0 0 45 7 37 0 0 2 33 45 0 12 54 0 46 0 0 0 48 36 0 14 0 0 0 52 0 5 0 0 0 0 0 0 0 0 41 40 0 0 0 14 0 0 0 0 0 95 20 0 0 8 0 0 4
 16 23 0 27 72 58 0 0 28 0 59 0 0 30 0 0 0 23 0 29 0 0 42 71 0 29 26 0 0 0 64 5 0 0 0 0 21 61 31 0 0 0 0 68 0 0 0 0 0 0 0 0 17 76 22 0 0 22 10 50 0 75 88 39 0 7 9 60 13 52 0 27 75 0 28 0 19 40 0 0 0 27 61 0 0 75 26 0 0 41 0 6 0 0 0 0 60 21 18 0 11 0 0 17 49 11 10 30 0 0 0 0 0 10 0 0 0 0 48 8 0 0 0 0 0 29 0 0 0 0 0 0 18 0 0 53 10 82 78 0 0 22 0 0 37 0 0 36 30 0 0 0 0 6 0 0 72 0 40 0 0 38 0 27 0 0 0 4 0 0 0 73 0 29 0 20 0 14 48 0 31 0 90 0 19 90 0 8 0 0 63 0 37 0 0 0 45 28 15 0
 47 0 40 0 0 0 4 0 5 0 24 0 8 61 0 33 36 0 8 0 31 41 40 62 22 3 0 0 35 30 35 0 0 20 8 37 0 0 50 0 0 77 0 37 13 5 24 34 0 44 0 0 0 16 0 49 0 52 12 7 0 37 0 0 7 0 0 0 40 54 0 0 0 0 95 48 66 49 0 19 0 2 0 0 0 41 47 0 5 0 0 0 75 0 0 0 0 50 15 11 0 9 39 0 0 0 53 6 0 0 0 0 23 19 4 66 18 13 0 20 7 0 50 12 0 14 0 0 0 87 38 14 3 0 0 2 0 0 29 3 61 0 0 66 86 2 0 0 0 0 0 0 0 0 0 0 5 0 0 28 0 80 0 0 0 23 0 25 0 8 0 23 0 0 65 5 30 0 2 75 0 36 0 9 0 5 5 25 7 0 9 0 46 0 0 35 1 0 0 0
 4 19 59 38 67 10 0 95 0 3 0 72 30 1 50 0 14 37 54 23 21 7 0 11 0 55 0 0 12 12 0 0 27 0 13 0 25 0 0 0 0 40 0 75 32 1 0 0 0 46 42 29 54 0 67 0 0 0 42 0 0 67 0 0 0 0 0 0 0 0 0 0 0 42 68 0 0 0 71 32 0 0 66 0 0 64 1 0 36 5 0 0 0 0 0 32 0 2 0 2 7 1 3 0 0 7 0 72 58 0 14 1 0 18 57 28 0 0 69 0 18 0 0 54 0 32 54 44 0 0 34 0 39 0 32 16 0 0 0 15 0 0 16 0 0 0 0 16 2 32 6 5 0 0 57 41 0 9 0 0 0 0 0 0 0 5 30 0 0 11 16 0 17 17 5 67 48 0 0 57 0 39 56 0 3 26 40 0 59 0 20 0 0 0 40 0 55 78 0 21
 49 0 0 17 3 0 0 0 90 15 7 0 21 13 11 0 26 2 0 0 0 0 0 44 0 0 0 0 0 0 23 0 9 0 0 34 19 4 17 18 0 0 11 0 0 0 0 0 64 0 0 0 0 45 29 82 19 0 0 0 31 16 0 0 0 11 0 10 58 67 0 45 15 0 45 41 52 0 0 0 42 9 0 0 24 0 0 0 63 0 32 0 0 0 0 29 0 0 41 0 0 3 0 0 51 23 0 0 55 38 0 0 10 85 44 31 47 0 0 23 0 14 0 12 46 0 4 8 0 18 28 21 56 0 0 0 79 51 0 14 0 38 24 13 0 16 96 60 73 16 32 7 0 0 0 39 12 9 58 0 0 59 0 77 0 0 10 8 41 0 5 12 0 0 84 48 0 0 0 63 0 0 66 0 0 2 0 48 0 0 24 0 31 12 24 0 0 0 70 33
 38 44 9 22 25 0 0 50 32 19 0 0 0 56 63 0 0 21 0 0 1 0 0 0 0 5 19 0 4 13 28 0 0 46 0 0 60 0 0 31 0 41 24 86 0 78 28 42 18 10 92 0 0 4 0 0 87 9 0 4 20 46 56 0 0 35 55 0 1 0 35 20 15 5 0 0 17 50 68 0 61 20 66 33 36 0 56 12 74 28 0 8 20 0 0 57 67 14 32 0 0 70 52 47 64 0 0 0 0 8 0 24 0 0 39 0 0 0 19 0 9 39 0 66 0 5 66 33 61 25 0 10 0 0 65 4 4 46 18 29 9 0 0 0 0 0 39 39 0 0 37 0 0 0 29 23 21 0 27 0 18 0 42 43 44 3 11 0 0 4 0 70 0 0 18 0 0 50 34 0 72 11 0 23 0 0 0 49 0 7 0 11 0 0 27 13 0 0 32 0
 21 69 26 0 11 0 37 0 54 34 0 0 0 0 0 36 0 0 0 33 19 0 0 0 0 7 20 34 25 8 0 0 33 60 0 0 0 6 43 41 22 0 0 0 52 0 0 51 49 0 18 0 13 49 40 0 22 13 0 23 0 0 0 8 0 0 2 37 76 0 0 0 14 0 59 57 0 46 0 26 0 37 42 0 52 36 2 0 0 0 0 4 22 0 50 0 0 18 0 22 42 13 0 42 0 0 80 16 0 31 23 69 66 24 0 46 0 17 0 65 0 10 0 0 0 0 0 0 8 0 0 0 0 38 0 0 0 0 0 1 8 16 0 0 35 0 25 13 80 0 0 0 97 23 0 0 53 72 0 0 69 0 50 26 0 0 0 0 0 62 80 31 5 10 0 0 11 9 35 0 37 0 0 0 0 13 0 39 73 0 6 47 0 0 0 0 0 0 0 0
 47 0 0 13 50 50 0 68 51 25 0 0 0 0 31 12 0 1 5 28 5 72 29 0 57 0 0 74 0 37 73 0 24 30 0 3 0 76 0 0 36 0 2 14 80 0 0 0 0 0 0 0 19 10 0 0 28 0 75 43 0 0 0 0 35 27 0 0 31 9 17 0 0 47 0 0 68 0 0 27 0 0 0 29 0 0 0 0 0 50 0 0 0 0 0 38 0 0 0 60 56 0 0 7 40 0 0 79 12 0 0 0 0 61 0 7 27 5 0 0 0 0 0 0 0 26 7 0 0 0 77 0 18 0 0 32 0 0 0 28 0 13 18 0 0 0 0 53 0 0 0 11 0 20 0 14 36 0 27 0 0 51 20 0 0 0 0 0 0 0 0 66 46 13 8 1 0 2 0 0 20 0 32 0 0 48 0 63 0 93 18 96 4 0 10 0 0 41 0 34
 4 0 26 0 60 0 0 0 64 0 22 0 0 65 0 0 22 0 0 58 46 0 0 0 57 0 0 0 0 0 18 0 16 0 29 51 0 34 0 69 6 5 79 60 0 5 0 1 63 15 0 0 0 21 0 0 0 0 0 27 1 0 57 0 0 17 35 16 12 0 0 54 38 0 11 0 0 0 61 28 1 36 0 0 0 42 0 43 68 0 0 0 22 0 0 0 34 0 0 48 0 0 65 5 13 48 0 36 0 0 0 0 30 1 0 37 0 45 81 43 80 37 0 22 0 0 8 1 0 38 0 0 20 0 0 70 0 56 0 0 0 0 10 0 0 0 0 0 0 60 0 23 12 0 0 76 0 13 56 19 45 0 0 0 0 20 51 33 0 30 0 21 43 58 0 0 0 0 0 62 1 0 0 0 47 31 0 9 57 9 0 0 17 21 0 0 37 0 0 89
 33 2 48 0 0 0 49 77 0 0 0 0 28 44 6 0 32 0 33 8 51 0 0 0 16 0 0 0 60 1 0 16 0 13 0 13 14 0 0 0 0 29 2 0 0 57 0 6 9 0 63 3 90 5 14 0 6 30 0 0 0 0 0 11 0 53 37 0 0 0 0 42 1 0 31 0 0 5 15 48 0 9 0 37 0 2 0 0 32 0 0 31 25 0 25 0 14 40 0 0 2 10 25 0 56 25 25 0 0 0 0 16 0 0 1 0 0 0 0 0 36 0 0 7 12 0 21 0 0 0 0 0 0 0 90 0 70 74 31 0 0 0 55 7 0 48 0 0 0 0 43 0 85 14 0 47 0 45 0 66 46 55 0 17 22 0 0 0 0 0 50 28 2 0 0 45 0 0 0 0 32 0 22 0 0 0 0 6 0 35 16 51 35 47 11 16 77 0 0 0
 38 0 10 69 0 0 0 18 11 18 0 24 0 17 21 0 68 32 5 0 0 0 19 34 78 0 0 0 20 0 26 17 0 26 2 0 0 48 76 0 0 10 0 33 0 21 0 9 0 0 24 56 0 63 63 32 0 34 52 37 0 19 6 0 25 0 76 0 20 10 12 0 67 66 17 0 0 0 11 0 18 30 29 34 0 25 6 8 0 0 0 16 0 44 0 0 12 0 0 0 0 19 19 0 0 0 41 69 59 0 39 25 0 28 84 30 0 32 0 18 0 17 0 0 25 50 0 0 17 0 0 49 0 0 13 0 34 39 0 49 0 1 16 0 0 7 0 0 42 0 1 13 4 2 36 36 9 0 74 0 70 9 47 35 0 0 36 0 1 0 16 0 23 70 60 50 0 61 0 55 3 13 0 19 7 0 85 37 0 9 0 80 38 0 3 0 47 28 13 39
 24 62 0 0 0 0 0 0 0 32 24 0 0 0 32 0 0 0 0 2 12 0 0 0 0 45 0 0 25 0 0 10 0 0 16 21 39 72 23 0 8 10 0 0 0 32 30 0 0 33 0 35 32 0 0 0 0 0 72 46 0 4 39 0 0 36 60 50 0 0 39 0 27 27 77 43 0 0 43 0 78 0 0 0 48 24 0 0 0 0 0 38 28 0 0 0 11 0 26 15 0 0 9 50 0 25 56 0 18 46 0 0 16 0 18 0 0 0 28 36 0 0 6 0 0 31 45 0 0 30 0 18 57 0 21 0 0 0 0 0 0 5 0 0 0 4 4 0 0 38 0 22 0 84 0 0 0 49 0 49 10 0 20 0 0 0 0 64 54 0 0 72 38 0 0 18 0 37 3 0 11 34 34 0 19 10 0 55 6 0 0 0 47 0 0 0 0 24 0 59
 43 3 0 32 0 27 11 0 31 34 18 18 30 0 1 42 73 30 42 0 0 2 20 39 0 20 0 0 0 8 4 0 19 0 61 0 0 92 0 0 0 0 32 17 11 0 0 1 0 0 0 34 16 22 48 0 87 0 64 0 0 27 0 35 0 0 74 0 29 59 0 0 9 27 81 29 61 0 69 43 6 0 54 10 28 0 0 0 0 80 2 26 0 46 33 74 5 22 41 72 49 0 0 0 1 1 34 54 0 96 10 13 49 0 41 0 34 0 0 0 35 0 16 0 77 35 0 56 0 36 0 0 15 0 0 0 16 69 0 0 84 0 0 5 21 0 0 0 0 0 23 25 0 0 70 58 0 13 0 40 0 0 42 3 0 3 27 0 0 47 55 88 26 70 0 0 4 0 0 72 34 0 0 0 0 15 17 18 26 35 0 0 0 74 65 2 58 27 89 51
 62 14 47 36 19 11 0 76 23 52 0 42 0 86 73 0 0 50 45 64 0 0 13 0 18 0 46 32 0 25 0 0 0 6 0 0 0 0 45 68 4 42 35 0 0 4 0 0 91 37 36 14 24 18 43 88 42 0 20 50 20 0 31 9 43 0 0 0 0 0 0 14 3 0 0 9 0 0 0 23 0 0 43 0 67 0 0 5 0 4 61 0 0 78 26 0 11 55 25 68 0 56 45 0 59 2 19 0 40 0 35 0 54 2 0 0 7 0 12 14 6 0 79 35 0 0 6 63 11 21 4 0 0 9 42 0 6 0 0 0 1 0 46 0 39 0 25 33 22 32 25 0 67 59 59 0 9 0 64 17 0 0 0 4 0 0 0 62 25 43 25 16 0 0 0 5 16 0 0 0 0 0 0 22 0 0 0 19 28 31 0 0 67 0 49 0 67 0 0 0
 0 16 0 8 0 23 0 32 27 0 27 0 85 7 26 0 0 0 45 17 0 11 0 3 0 12 10 69 0 0 0 0 5 0 4 0 0 0 0 0 52 0 30 50 44 0 0 78 36 34 21 62 0 0 0 30 0 0 0 16 0 46 0 24 50 0 18 0 34 0 0 0 59 14 0 0 21 0 0 32 0 25 18 69 38 15 35 0 30 60 0 16 10 69 57 53 24 0 82 54 0 24 0 0 36 5 0 0 51 0 2 68 5 27 66 0 10 0 0 21 0 24 0 21 6 57 0 0 20 0 8 0 0 32 53 0 0 20 44 47 32 20 60 0 70 5 0 11 44 0 49 78 0 0 0 15 12 15 20 0 36 32 69 12 2 52 0 0 0 70 5 46 0 40 31 42 53 10 0 30 0 0 60 35 4 0 0 0 0 53 59 0 0 59 0 23 48 26 0 25
 6 3 57 89 0 27 0 0 0 8 68 0 64 0 0 0 59 0 3 11 56 14 0 0 0 23 0 0 41 29 1 0 0 0 48 0 0 48 0 76 53 0 36 0 0 15 0 52 28 16 0 0 0 8 68 0 67 69 0 0 9 0 0 13 17 47 50 0 28 11 0 0 77 56 0 69 0 26 0 4 35 0 0 24 0 0 51 0 22 14 0 22 44 0 0 0 43 0 15 0 9 0 27 0 60 0 15 54 0 0 0 0 24 0 0 0 0 0 38 10 5 56 35 0 30 37 0 0 0 22 6 85 34 0 43 0 0 0 0 71 0 0 39 20 0 0 21 29 47 25 69 0 0 5 0 0 0 23 0 0 16 0 0 42 36 24 0 0 1 57 0 0 0 0 18 23 40 7 32 0 0 27 0 0 0 0 41 13 0 95 33 0 0 3 47 0 0 60 5 0
 18 0 0 60 52 58 0 12 45 56 51 0 0 12 26 75 39 0 0 5 79 3 0 0 0 0 0 0 82 0 0 27 0 0 1 0 12 0 0 0 0 30 9 0 0 0 0 39 38 45 25 44 0 0 0 52 38 59 0 10 32 34 0 0 0 8 0 0 0 0 0 0 0 21 71 67 21 76 9 0 0 11 0 33 0 0 2 0 0 10 0 0 0 0 13 30 0 36 0 0 0 0 13 0 0 0 20 0 37 42 0 0 76 97 16 35 0 0 41 0 0 22 0 0 14 0 16 6 0 25 0 0 19 0 32 0 39 15 50 64 19 28 0 0 33 26 56 0 0 0 0 5 0 0 58 0 26 3 14 20 0 0 39 2 0 0 0 15 18 0 0 46 43 0 61 87 11 0 0 0 0 64 0 42 41 8 75 0 14 0 24 0 0 12 0 0 66 0 90 1
 46 32 55 55 0 19 39 0 0 0 0 0 0 0 8 34 0 0 80 11 0 12 0 7 62 25 6 17 54 0 0 8 15 65 0 4 0 0 8 35 45 48 5 40 0 0 0 0 0 0 0 38 0 0 23 20 0 0 0 22 44 3 32 7 73 0 87 38 31 0 21 0 60 19 0 44 49 0 0 39 0 33 78 92 0 31 53 0 0 69 19 74 64 19 0 0 12 90 18 0 0 0 0 22 26 21 0 0 0 0 40 0 7 0 37 21 0 0 26 0 26 3 15 0 0 0 0 0 83 0 83 0 0 0 0 0 0 0 22 1 19 26 35 0 0 0 0 0 0 0 9 0 33 0 0 0 59 0 14 7 16 2 57 0 0 64 0 4 0 0 0 0 34 38 0 0 0 0 27 0 0 0 17 15 0 97 77 0 66 2 8 0 79 0 0 0 70 0 0 0
 0 0 24 0 0 3 3 37 0 0 44 80 14 0 0 23 0 18 95 30 84 55 0 10 9 23 46 23 6 77 13 24 0 44 57 0 0 10 13 0 49 28 0 25 51 77 22 0 20 4 9 5 0 67 0 0 0 0 32 0 0 40 0 0 0 0 25 3 31 17 29 20 25 36 0 0 0 72 57 39 0 79 0 22 50 23 16 83 86 63 0 56 26 59 0 14 0 0 93 0 0 0 89 0 0 0 30 0 4 28 29 50 52 0 0 23 0 0 42 17 3 61 54 0 30 0 0 55 84 0 0 30 0 69 8 2 0 0 0 0 40 0 48 14 0 0 0 0 44 0 0 0 0 0 19 14 13 8 0 0 0 0 0 0 0 0 0 0 23 22 0 69 0 12 0 0 35 0 0 0 4 62 0 73 0 5 0 46 0 13 26 0 11 74 0 0 0 56 0 0
 0 49 0 0 0 0 0 0 42 0 98 27 34 0 9 10 46 0 3 33 0 0 33 10 0 0 36 3 0 23 5 0 0 0 20 0 31 31 71 0 0 11 0 16 0 22 17 0 21 8 0 21 0 0 77 0 0 0 0 0 0 2 58 0 0 0 0 44 0 0 0 0 0 26 0 2 59 0 0 0 49 54 90 52 15 20 0 0 0 14 15 57 0 79 0 0 0 0 33 0 52 0 62 50 0 62 8 29 88 0 0 0 20 20 17 5 35 32 0 0 18 0 0 45 13 0 0 55 0 0 16 56 16 8 0 37 0 57 0 84 14 0 10 70 0 35 21 0 0 11 36 0 16 0 0 0 70 0 14 0 68 0 46 50 22 0 29 12 0 0 0 32 37 0 0 0 87 0 35 0 0 29 0 51 0 0 0 0 44 59 65 0 23 0 24 0 0 0 52 36
 0 0 23 0 0 20 0 0 40 0 0 0 58 39 0 71 0 0 0 9 0 45 35 57 0 0 1 37 0 0 0 32 0 0 21 2 75 0 25 27 7 8 0 18 13 0 7 0 55 0 50 0 15 17 63 0 24 38 6 9 0 0 0 0 0 0 3 0 64 0 33 0 0 10 46 74 0 29 34 77 10 26 0 0 0 0 0 0 55 13 0 0 35 1 60 23 0 49 36 0 21 8 14 0 0 0 59 0 13 45 3 20 62 8 7 85 0 37 0 0 0 19 3 0 0 0 0 9 83 22 0 83 62 0 73 0 7 0 0 0 61 0 27 0 0 0 0 74 58 0 0 0 0 0 0 10 34 0 0 0 13 18 45 89 0 74 0 27 70 0 9 0 7 0 0 15 17 0 0 0 2 9 25 0 0 0 15 43 0 0 27 0 0 0 0 0 47 29 0 0
 0 0 48 0 72 16 5 0 0 22 0 0 65 70 0 0 61 71 0 0 0 67 77 2 0 0 0 32 3 24 0 0 10 24 52 0 15 0 44 0 0 25 0 0 39 0 59 0 6 51 65 0 15 38 0 64 15 12 37 0 0 54 36 0 2 16 0 0 69 0 18 5 0 0 19 28 61 0 0 25 0 0 9 57 0 0 0 0 61 98 0 22 0 0 0 68 10 0 0 45 0 85 0 20 33 0 20 11 0 17 0 71 0 0 0 0 26 61 92 0 0 40 0 54 0 0 0 33 0 30 0 0 18 71 0 52 4 0 0 0 0 0 0 0 10 34 30 29 0 0 0 0 28 0 0 0 59 37 30 0 0 0 0 0 0 12 14 0 47 0 0 0 36 65 0 0 0 0 0 14 17 35 0 0 0 0 38 97 59 0 0 21 13 10 0 0 0 44 0 0
 0 30 0 0 0 41 0 0 0 0 40 55 0 0 7 0 0 0 0 0 0 0 0 0 6 0 0 16 4 0 0 3 0 6 0 0 29 0 53 0 3 0 0 9 0 4 0 21 0 31 0 44 0 0 85 8 0 0 68 9 0 6 78 0 27 25 0 0 53 46 0 28 22 0 0 15 0 0 0 0 0 25 0 9 0 0 0 0 4 0 62 33 17 0 23 0 80 19 0 0 79 0 10 0 3 0 63 0 0 8 0 0 0 31 46 0 10 27 14 8 21 0 32 0 0 87 0 15 0 52 0 0 7 20 0 42 0 0 0 0 48 34 0 11 83 23 4 15 3 0 0 9 68 0 0 0 22 0 17 58 9 0 23 0 0 41 0 0 0 65 30 0 53 49 12 0 72 0 0 0 83 0 0 27 0 0 27 0 76 27 60 0 0 29 0 84 0 58 0 61
 0 6 26 83 0 0 26 53 0 0 15 0 0 17 0 0 0 0 0 0 0 0 15 0 40 0 0 0 14 7 32 96 3 27 0 0 2 38 0 52 0 18 0 25 84 0 27 0 0 1 0 0 47 91 23 25 27 42 0 0 0 8 0 35 0 0 0 18 0 58 16 0 2 3 13 60 0 0 60 75 0 0 0 70 39 0 78 63 0 28 0 31 0 45 5 88 8 17 71 0 0 11 0 27 37 0 0 5 74 0 0 22 0 64 0 0 0 57 13 0 45 0 4 11 0 0 0 71 0 0 15 0 0 0 10 16 0 37 29 0 0 0 0 0 24 0 11 0 20 36 35 42 0 0 0 0 13 20 0 57 61 17 0 0 37 3 0 0 0 40 63 0 34 0 0 0 0 25 0 16 0 46 0 45 94 0 0 0 0 19 52 0 34 32 54 0 36 0 0 56
 9 0 0 0 40 7 1 0 16 63 62 0 19 0 0 0 17 0 0 45 69 0 0 0 0 0 12 86 0 0 26 0 0 7 5 0 13 0 19 6 86 0 0 0 0 27 0 19 16 0 59 34 0 16 0 38 36 0 33 34 0 6 41 26 20 0 42 14 71 29 0 0 0 0 53 0 0 23 41 0 0 20 24 0 0 81 92 0 0 61 0 25 0 0 48 7 58 0 9 2 36 0 0 0 12 0 18 0 8 81 31 0 0 0 0 0 1 0 0 7 70 53 54 81 6 30 48 3 32 0 5 0 22 0 0 14 45 0 21 30 40 47 5 0 63 0 0 17 0 0 0 35 22 7 0 0 47 0 0 42 58 46 0 3 0 41 88 0 38 48 0 22 0 0 40 0 2 0 0 89 32 0 0 36 0 31 18 32 71 0 0 0 22 0 0 0 0 0 0 76
 0 39 36 3 53 51 0 5 1 46 0 0 0 24 0 0 18 0 0 22 0 0 0 49 0 7 0 0 47 39 42 0 61 0 45 29 0 47 0 0 0 52 2 20 0 5 15 0 18 19 6 19 0 0 0 9 10 0 0 0 36 32 0 0 51 46 0 0 0 2 88 8 55 0 16 28 0 34 99 0 0 0 0 13 48 11 0 36 0 20 0 44 9 0 0 0 0 0 15 0 49 55 45 32 69 32 64 6 0 0 0 66 0 66 0 0 39 0 32 0 0 0 80 0 39 26 0 2 0 0 0 3 26 48 0 23 0 0 5 0 0 0 0 84 0 0 29 0 0 0 0 0 0 53 16 0 0 31 34 0 0 0 84 5 16 0 53 0 24 11 0 0 0 0 57 0 32 0 11 0 0 9 0 0 0 0 7 18 4 0 0 0 0 3 0 0 27 84 42 58
 0 28 27 0 0 0 0 13 40 0 21 0 0 0 0 16 0 0 0 27 0 9 0 13 0 26 1 0 44 0 0 0 0 0 0 0 0 13 5 0 0 68 63 0 19 0 0 0 4 71 0 0 13 0 46 70 55 24 47 0 23 40 0 3 0 0 0 0 10 28 0 0 35 33 27 0 0 0 0 57 11 75 0 28 21 0 0 0 1 28 0 16 0 0 0 0 24 0 27 0 0 0 0 47 64 0 0 19 15 51 0 0 22 69 7 39 0 85 0 80 0 0 5 51 0 69 4 0 0 77 0 0 48 0 0 53 0 0 45 33 0 0 0 50 60 0 0 0 42 32 6 0 6 0 8 32 52 0 2 3 0 38 0 16 0 0 0 5 0 0 6 15 0 0 0 0 76 0 0 21 0 0 0 43 0 0 56 0 0 0 0 8 0 0 0 17 3 0 12 0
 0 0 0 27 5 9 0 52 9 0 44 0 0 50 0 41 27 33 3 0 57 24 10 22 12 0 0 0 20 0 0 0 0 0 0 0 0 0 0 9 29 13 19 37 0 0 0 40 60 0 1 0 28 0 0 44 11 0 21 43 0 6 0 0 0 0 0 0 0 0 5 25 7 0 30 0 11 0 0 0 0 0 73 0 27 0 18 0 78 3 49 52 7 0 6 28 14 4 12 4 42 0 38 7 19 46 0 0 18 0 51 0 0 0 19 0 0 15 33 42 12 0 0 54 58 0 31 74 0 51 18 0 0 0 10 38 0 0 0 15 43 7 31 0 0 56 66 4 17 8 0 9 0 18 0 0 0 0 23 0 0 29 0 0 0 28 0 4 31 19 0 0 0 0 31 26 43 53 0 0 0 26 6 0 58 0 14 26 18 21 0 30 0 26 0 0 0 0 0 58
 0 0 31 28 21 37 70 0 0 0 0 0 0 14 0 8 35 0 37 44 0 0 0 4 0 0 10 14 16 1 45 0 44 17 10 6 50 40 0 50 36 77 32 37 15 0 37 0 19 0 51 0 0 0 26 91 0 0 0 36 36 39 0 15 0 0 41 22 0 0 0 12 12 1 1 0 0 88 0 37 0 61 78 0 0 0 0 0 6 77 25 9 0 0 21 40 70 97 0 0 0 67 0 36 0 26 12 0 0 0 3 0 0 38 19 53 31 1 82 0 3 0 0 0 46 8 43 0 18 11 52 0 35 69 30 0 17 0 0 37 0 22 0 0 30 0 0 19 0 0 0 0 0 0 0 59 17 0 18 9 0 30 0 0 9 0 38 0 0 0 30 0 48 72 36 17 6 6 9 0 0 0 41 0 0 0 42 59 0 0 22 0 47 65 13 1 0 25 42 70
 0 0 43 0 0 24 0 42 0 82 0 0 0 2 16 17 0 15 0 0 0 19 30 0 0 0 63 0 6 5 16 24 23 0 22 0 32 59 11 7 0 0 2 0 29 0 0 0 0 38 0 0 73 0 0 70 14 0 32 0 0 0 0 2 0 37 74 0 15 24 29 16 42 30 0 0 40 3 61 86 0 0 21 74 33 14 0 0 74 30 0 0 63 0 7 57 13 0 1 42 0 0 0 34 0 0 0 32 0 28 0 28 42 0 77 0 62 0 2 60 35 0 76 0 0 0 81 0 3 45 0 18 0 4 8 0 44 23 0 0 0 31 7 19 11 0 10 0 0 0 0 74 48 1 73 90 11 0 0 28 0 0 0 44 37 42 0 34 0 23 0 0 0 26 0 49 0 0 0 0 0 0 24 1 0 27 0 0 68 0 0 56 0 23 59 0 0 62 0 1
 0 12 1 54 0 19 0 19 6 0 0 0 21 22 0 31 0 30 76 39 0 0 2 31 19 16 0 0 0 81 14 0 0 40 23 15 0 33 15 0 0 0 66 0 52 0 24 0 0 19 29 0 0 47 5 36 23 0 4 0 0 33 0 6 92 35 68 0 0 32 43 8 0 34 0 17 58 82 30 60 0 0 5 33 0 0 0 0 0 23 14 5 31 40 0 23 3 31 11 16 0 0 0 17 26 0 36 35 94 0 0 27 4 0 3 0 0 0 0 0 0 0 0 28 0 48 48 27 8 0 0 0 0 79 0 78 30 0 81 0 21 72 32 14 18 0 28 24 0 0 26 20 0 4 52 0 78 29 5 42 0 27 76 0 63 0 0 25 0 0 43 15 65 6 0 80 30 32 0 48 0 21 0 0 0 33 0 0 27 0 22 20 0 0 57 0 0 4 0 0
 16 29 32 28 0 0 64 27 32 0 0 33 0 11 0 0 0 0 28 0 0 63 33 19 0 0 5 0 0 0 0 0 20 0 0 79 0 0 0 0 0 0 0 13 14 0 23 0 0 0 0 0 97 62 0 12 0 35 19 0 0 0 0 0 3 1 0 0 14 62 0 0 31 0 44 36 57 5 0 24 0 0 28 15 0 46 0 0 0 14 0 69 22 0 0 22 0 68 26 77 10 23 0 0 14 43 47 0 77 32 0 0 3 59 0 0 56 0 26 0 31 0 23 3 47 0 0 0 86 0 11 0 6 18 0 47 0 62 14 17 18 51 5 16 0 2 63 0 0 10 55 63 0 0 21 0 0 0 45 0 5 0 0 0 74 73 0 0 0 8 0 5 0 0 0 61 0 0 0 2 54 0 0 0 4 1 0 0 13 24 0 22 0 67 0 0 0 73 89 0
 0 0 96 82 4 28 26 0 34 0 13 86 0 91 0 65 0 0 0 25 0 0 15 14 7 0 75 2 89 44 74 54 0 18 0 40 0 4 47 0 27 23 43 39 45 0 4 17 1 0 40 48 0 0 0 73 18 31 52 27 68 4 0 2 10 0 0 0 0 44 21 5 17 55 19 25 12 22 0 44 0 0 23 0 0 0 49 6 0 9 0 52 8 0 0 0 62 0 74 0 59 0 0 29 24 0 20 98 0 0 0 64 0 0 11 11 42 0 0 0 50 21 61 0 0 0 0 15 13 15 39 0 0 0 54 30 14 0 0 59 0 53 0 0 0 35 0 66 37 0 12 58 7 0 0 0 0 78 0 49 6 5 53 68 0 0 70 0 0 36 0 62 48 0 0 0 0 46 0 0 0 0 0 20 0 0 0 0 5 31 0 0 33 0 0 0 0 10 36 0
 0 0 27 17 35 0 25 0 0 58 0 0 32 16 0 0 3 66 0 0 0 0 0 0 0 65 0 5 0 18 0 30 31 16 41 0 48 40 26 0 0 2 0 6 0 0 0 0 44 0 27 47 36 16 49 69 0 0 86 35 0 0 80 0 0 0 0 0 0 31 0 31 18 26 36 0 5 0 0 14 7 23 20 3 0 48 0 0 0 32 0 0 44 0 2 17 41 63 34 0 0 0 1 27 0 58 10 10 11 68 0 0 0 19 0 15 0 14 13 28 0 0 36 16 0 0 4 37 0 0 35 66 57 16 0 19 36 0 38 0 0 9 57 54 0 0 33 0 0 0 5 8 0 0 18 14 0 23 63 40 57 15 0 0 7 0 0 0 0 0 34 0 43 56 21 45 64 0 0 52 0 19 20 20 35 0 18 0 0 0 11 0 0 90 42 0 0 48 0 0
 62 52 0 52 0 88 1 0 0 0 66 51 84 10 0 0 0 21 40 0 56 55 0 0 12 0 64 46 43 0 0 0 3 24 0 13 0 93 60 24 0 0 0 0 0 67 4 38 5 0 0 13 10 0 0 20 0 38 37 24 8 49 21 0 2 31 0 0 0 0 31 42 0 0 34 0 0 0 9 0 35 38 12 59 0 84 0 0 48 22 0 0 46 0 0 38 24 53 59 0 11 0 0 21 0 35 7 0 0 3 39 40 0 2 5 0 0 0 61 17 37 8 0 22 0 35 0 11 40 28 0 20 0 0 0 0 27 0 0 0 0 54 0 16 0 12 45 58 22 0 0 0 0 0 48 6 0 0 0 0 0 14 0 99 0 0 0 17 10 0 0 44 0 13 0 49 0 71 0 25 0 30 60 0 17 11 9 8 0 0 0 30 0 81 79 0 0 0 16 0
 23 43 17 0 0 0 13 39 19 0 0 73 61 0 0 0 0 0 0 63 0 6 52 22 0 0 11 0 0 0 7 4 12 46 0 0 0 3 17 47 0 23 0 0 0 3 0 17 4 0 0 0 47 0 24 76 67 46 0 59 42 0 0 4 11 16 35 0 0 45 0 55 0 0 0 14 22 0 0 48 0 19 0 0 41 0 0 45 0 34 18 1 0 45 13 24 24 25 0 0 0 0 49 25 0 0 71 97 0 0 63 2 0 0 22 94 0 0 0 0 30 0 0 0 37 0 17 22 0 3 0 75 71 11 11 17 0 0 10 0 40 14 0 0 12 17 26 47 4 61 0 48 8 0 0 0 0 0 43 0 0 40 0 65 0 0 0 0 0 75 0 55 0 0 22 0 0 31 0 29 65 10 0 0 0 0 0 65 0 0 0 36 0 0 0 35 0 35 0 0
 12 55 56 77 0 61 0 0 22 34 8 0 32 0 0 0 0 0 0 23 10 45 0 0 0 0 8 48 39 0 0 6 0 15 0 0 0 0 79 0 0 0 0 0 55 18 17 0 0 9 10 26 0 0 7 2 0 0 0 0 30 0 0 0 23 0 0 53 0 0 0 0 0 19 0 4 0 29 6 24 0 0 11 0 29 9 0 3 0 2 14 0 0 0 3 89 71 15 2 81 59 32 45 0 19 26 36 7 28 57 0 0 31 46 8 0 0 11 0 0 52 36 0 28 14 0 0 0 0 30 0 30 0 96 0 15 7 21 4 0 22 0 30 60 25 0 0 0 0 0 0 51 30 42 0 0 3 0 51 36 35 0 10 0 12 30 0 45 0 0 59 0 0 61 0 0 0 1 0 12 72 0 28 0 92 0 63 0 18 0 0 8 0 0 11 50 10 0 0 8
 24 0 0 0 48 0 0 0 0 15 0 45 29 0 0 0 31 19 0 40 0 28 18 54 0 0 0 0 0 26 27 78 0 5 0 83 0 0 0 27 0 34 33 0 20 83 0 0 0 0 0 60 71 59 0 46 33 73 69 9 0 50 20 0 0 0 0 0 2 0 38 1 0 0 11 3 17 76 0 10 23 52 0 0 59 0 0 32 0 0 13 52 0 11 0 0 0 9 14 60 0 8 0 33 37 22 0 0 0 42 0 0 0 0 1 0 20 0 10 4 0 19 44 80 0 0 0 33 51 0 18 6 0 25 66 73 31 0 0 66 88 45 29 0 0 0 3 12 50 0 0 0 0 0 0 0 19 67 27 0 63 0 26 0 0 56 71 0 0 0 0 0 41 57 0 37 16 26 0 21 86 0 3 0 0 0 0 0 0 0 57 22 3 3 19 0 0 0 0 0
 9 0 8 0 38 36 44 0 32 35 37 0 64 7 47 0 60 11 0 36 0 49 18 0 0 0 57 49 50 7 65 0 0 12 0 17 14 4 0 0 24 0 42 0 63 54 24 48 61 0 25 69 18 0 28 19 7 55 71 0 0 0 31 0 35 0 88 0 18 2 40 92 0 0 0 0 0 30 20 0 0 31 3 4 0 0 0 4 33 0 0 47 5 0 0 0 0 74 0 0 0 58 0 32 0 0 3 14 19 9 21 36 47 31 76 0 0 18 0 0 0 0 0 0 0 53 75 0 0 0 0 13 0 0 0 13 0 95 6 0 0 0 0 0 20 7 0 0 0 0 20 0 0 41 11 10 0 37 0 9 46 0 46 55 7 62 4 45 25 0 0 0 0 55 0 68 0 31 0 46 1 33 15 0 0 0 0 0 31 0 0 28 0 23 0 0 35 22 15 22
 0 34 46 35 7 22 0 62 0 0 0 62 12 37 0 0 44 0 0 0 49 7 0 21 11 0 0 0 38 15 9 0 8 47 0 0 0 79 0 0 0 4 5 6 37 30 43 0 17 0 0 0 0 52 23 0 35 17 12 20 0 0 0 0 0 0 0 31 12 0 0 0 19 0 0 42 14 0 0 60 0 0 63 0 18 22 91 36 34 7 0 0 18 38 13 22 0 0 0 35 16 0 0 67 31 86 0 0 53 0 0 91 14 0 67 12 66 0 0 11 42 0 40 41 7 0 0 0 32 0 0 0 16 0 0 2 26 46 0 29 0 34 52 0 0 0 8 4 51 21 0 0 7 0 50 0 18 96 0 0 0 53 38 76 0 45 18 4 0 36 0 23 0 72 0 36 0 60 0 38 0 0 71 7 17 71 51 26 0 0 31 21 69 0 22 0 0 6 81 0
 0 0 0 8 0 0 0 20 0 0 0 69 25 62 0 55 0 0 0 26 0 0 51 0 23 0 0 0 0 3 0 35 44 40 0 0 0 0 16 33 0 0 12 0 0 53 0 36 0 17 0 1 88 20 20 0 20 39 29 0 0 8 55 0 38 0 17 10 20 74 0 61 11 0 0 0 11 0 42 0 46 0 0 0 0 17 0 12 0 56 0 0 0 67 10 7 3 0 0 1 24 0 0 25 17 0 0 0 29 0 7 0 68 0 63 51 0 26 14 82 0 4 70 13 17 36 0 8 0 27 18 1 0 0 82 0 0 30 0 33 42 34 0 13 0 0 0 0 33 25 0 0 0 0 0 22 0 0 0 15 82 53 24 3 31 6 2 11 16 28 10 0 42 0 0 0 33 0 0 23 17 14 0 0 12 0 0 0 0 27 1 0 76 27 0 47 65 3 0 37
 0 0 1 87 0 0 50 58 0 16 0 23 10 48 0 0 14 0 43 61 0 4 0 3 0 0 43 0 16 0 0 13 1 13 43 19 14 13 0 0 62 0 0 0 52 11 20 0 0 15 42 0 16 31 37 5 5 29 34 0 32 61 54 16 0 0 51 0 0 0 0 4 0 0 19 36 9 72 13 0 3 2 59 39 0 32 4 0 20 13 67 20 0 0 0 0 15 9 0 0 2 54 0 41 61 15 0 52 7 32 7 0 28 0 0 19 17 0 2 66 0 0 0 0 55 23 53 0 0 73 0 36 0 0 20 0 78 23 8 20 0 0 15 0 0 0 0 0 0 0 0 76 0 0 14 22 46 0 0 9 64 0 41 0 0 27 45 15 0 0 0 32 0 0 0 0 0 38 19 0 0 20 3 0 7 47 0 5 0 11 0 0 0 0 85 0 0 71 0 58
 0 89 33 0 37 20 0 0 43 0 0 0 0 0 6 8 0 60 71 0 0 67 0 0 0 16 12 60 74 0 0 0 7 0 0 0 0 44 22 0 72 0 10 28 0 0 0 0 0 21 0 22 90 0 0 74 43 45 34 0 0 68 0 0 37 67 0 28 31 4 69 0 41 68 0 0 0 0 0 10 0 25 5 16 0 0 0 0 75 0 0 55 0 0 44 0 0 0 9 0 0 0 0 0 0 14 58 0 2 24 40 0 0 0 0 37 0 3 25 61 45 0 14 0 0 0 36 2 0 0 24 15 12 4 0 16 0 0 0 6 0 0 0 0 0 0 27 0 17 0 0 71 0 33 0 0 0 88 0 0 30 0 0 0 15 0 38 17 0 0 37 61 23 27 0 0 0 4 38 0 63 61 11 38 86 0 0 48 29 0 0 77 0 74 0 0 35 71 14 0
 44 57 0 0 28 0 0 0 0 14 0 7 0 0 30 0 0 0 37 0 0 23 33 0 23 8 40 10 0 0 66 65 60 0 73 0 0 0 0 0 0 15 62 58 50 0 32 52 0 0 26 34 9 0 0 0 43 11 93 8 0 0 50 41 63 0 28 17 55 14 0 83 54 21 37 26 21 0 20 83 0 18 13 66 0 8 39 86 74 0 13 77 19 5 29 0 0 38 8 0 24 45 0 0 0 60 24 54 33 0 0 0 61 0 0 0 0 0 26 0 23 0 46 33 0 19 71 0 0 0 24 55 0 0 0 2 8 0 87 37 64 0 0 0 0 2 18 22 34 13 21 24 0 0 47 0 0 0 0 0 0 25 16 24 29 0 0 40 0 0 0 55 5 0 43 26 31 20 0 22 0 60 0 0 0 0 0 0 0 0 60 42 0 0 0 0 43 21 48 73
 58 0 20 0 18 27 0 0 0 7 1 25 0 27 9 0 0 76 0 75 18 0 0 0 36 0 80 0 0 0 0 16 0 47 0 15 0 10 0 0 0 26 0 3 78 0 0 73 11 71 54 2 0 0 0 0 0 0 0 33 50 0 43 11 0 95 0 0 3 46 7 25 48 46 29 10 33 3 21 0 14 0 0 0 28 8 0 13 4 0 50 0 0 7 16 56 14 6 0 4 30 0 31 0 0 28 93 0 0 11 22 0 48 0 0 46 81 47 23 0 10 0 73 24 0 0 0 0 0 0 0 0 0 70 0 38 0 0 71 6 84 14 0 0 8 0 0 48 0 0 0 0 80 0 0 10 0 0 48 62 49 0 42 0 32 0 0 44 0 0 0 0 30 6 0 0 0 0 4 0 0 0 73 1 20 29 16 54 0 34 46 0 0 22 0 28 14 0 74 0
 0 0 0 36 11 0 0 33 0 1 0 0 30 0 51 0 0 37 8 20 0 13 0 90 40 51 34 0 0 0 0 86 0 41 13 0 0 41 82 23 0 0 0 53 8 0 0 0 0 0 21 78 37 0 10 0 0 0 0 0 17 0 0 1 0 4 0 0 6 26 41 1 0 0 0 16 69 17 0 53 69 0 16 0 25 0 0 0 0 45 0 17 19 0 0 0 0 0 6 31 0 0 79 53 0 0 0 0 6 11 0 0 0 9 0 0 0 0 59 10 10 0 6 1 0 12 0 0 0 90 0 36 19 0 0 43 0 16 0 44 18 10 37 0 0 0 0 10 18 0 12 20 0 0 3 67 18 8 25 0 44 14 0 0 4 0 0 98 0 0 14 49 0 0 0 59 0 0 6 0 0 11 0 16 6 0 19 56 0 21 0 18 22 45 0 14 26 0 9 54
 0 11 0 0 31 0 0 0 16 0 19 0 0 38 0 39 0 0 0 6 39 0 0 0 0 0 0 0 35 1 0 18 0 78 14 54 18 0 0 20 18 7 0 53 0 0 0 0 0 0 41 0 0 44 39 0 0 0 10 0 10 20 7 0 62 43 0 37 63 25 0 0 0 10 0 0 71 80 0 0 99 5 10 43 31 82 41 0 0 0 46 0 56 2 0 24 0 0 4 0 64 0 9 11 36 15 0 9 35 0 30 60 0 48 1 0 0 48 30 0 47 72 0 0 53 66 0 0 0 19 0 0 62 0 44 56 17 0 59 15 55 43 5 72 0 0 0 0 0 10 0 0 0 0 0 31 7 0 0 0 0 46 38 0 7 17 34 0 0 0 0 0 0 0 0 0 0 26 24 8 50 0 0 0 37 49 0 0 15 27 49 28 0 13 0 31 21 67 11 80
 4 43 0 0 2 19 18 27 31 66 31 0 64 0 24 50 20 36 0 0 46 55 0 41 33 0 43 0 0 21 46 10 0 0 13 62 0 23 59 0 40 67 0 0 47 0 0 0 0 52 0 4 90 0 10 31 0 0 0 0 25 0 0 74 28 37 65 0 0 21 0 66 60 0 0 0 0 46 0 2 0 51 33 42 0 39 0 0 6 35 0 12 25 0 0 84 0 0 0 0 18 62 29 0 2 80 9 25 19 0 0 0 44 0 22 17 0 57 0 0 0 0 10 0 17 0 0 0 55 26 36 22 0 0 64 0 11 14 2 47 18 0 11 60 14 0 0 22 16 0 47 38 0 0 0 0 0 0 0 0 12 0 0 7 5 0 31 0 0 79 55 0 0 40 97 0 57 0 33 0 0 20 10 10 7 0 0 17 53 0 88 65 0 0 59 0 31 0 22 25
 0 0 0 0 39 0 0 12 0 32 0 0 0 0 22 1 43 19 0 0 0 4 0 0 0 83 30 0 0 23 47 0 56 45 0 0 0 42 17 48 14 3 23 35 0 55 62 0 0 0 62 49 33 89 0 33 2 0 0 18 35 0 37 0 0 35 14 0 9 0 42 0 0 0 67 6 0 1 54 23 0 30 0 43 82 8 6 0 0 19 81 3 0 28 62 0 63 48 13 0 59 0 45 36 17 85 0 0 0 3 5 0 29 0 61 32 0 12 0 0 83 62 18 12 0 31 5 74 0 0 55 0 0 31 51 0 14 32 5 47 0 17 44 18 36 6 46 0 31 0 10 0 0 26 0 0 0 0 0 0 16 1 28 0 19 67 6 39 15 0 0 36 0 0 0 0 0 24 0 0 35 0 1 0 0 0 0 52 0 0 52 0 3 0 0 27 28 10 0 0
 83 60 0 0 0 0 0 26 9 0 0 9 0 0 46 30 0 25 0 0 43 0 0 0 43 0 0 0 0 62 0 0 0 0 0 82 0 0 0 15 55 30 81 8 0 0 0 37 0 6 0 41 0 28 0 0 8 6 44 0 0 16 0 0 50 35 0 14 74 28 0 24 0 0 36 3 0 61 6 0 0 1 60 0 31 0 0 6 0 79 7 15 0 0 0 0 0 67 30 32 19 0 0 0 35 26 63 12 0 41 0 20 0 0 11 71 0 24 0 0 0 33 0 18 0 22 0 0 0 2 0 0 0 60 0 43 0 11 12 0 0 21 64 13 41 0 94 26 0 59 0 0 0 2 0 0 29 73 0 0 53 0 7 18 0 0 0 0 0 0 20 0 34 61 0 33 0 0 5 0 2 0 82 0 0 0 41 0 0 50 0 42 21 60 26 0 0 25 0 30
 51 0 17 28 62 0 73 0 0 0 4 0 36 3 0 0 0 0 34 28 66 18 0 0 0 36 25 51 0 0 0 0 5 0 62 42 0 0 0 0 0 0 25 35 45 23 68 44 0 0 25 0 47 40 0 38 0 9 0 0 0 4 59 3 0 41 32 0 0 0 0 34 0 4 0 12 0 9 4 0 67 43 18 0 0 28 0 39 81 6 87 0 0 0 87 0 2 0 0 10 0 0 0 0 0 14 29 71 49 41 0 0 0 1 28 14 49 0 0 0 21 0 34 19 0 0 37 0 49 0 5 0 0 54 0 4 0 13 61 0 0 0 0 54 0 37 0 89 0 0 0 62 0 34 19 20 47 13 0 0 69 0 27 0 45 0 70 0 49 58 8 0 0 40 0 0 0 0 0 0 3 19 52 0 74 2 65 0 0 24 36 33 0 26 0 0 9 0 12 0
 71 5 38 0 0 0 34 0 41 0 9 54 0 0 0 0 0 82 0 40 8 0 55 0 58 15 0 0 46 8 0 1 12 16 0 0 48 74 0 0 3 1 0 0 0 11 12 0 0 0 62 7 0 21 15 0 0 0 0 34 0 25 0 23 0 40 0 25 59 39 0 0 78 0 0 28 0 0 0 12 0 0 0 0 0 0 88 40 51 3 0 14 0 39 61 47 0 0 0 82 0 0 49 0 13 58 69 0 31 21 0 0 0 61 22 0 35 0 23 0 0 41 71 0 0 3 7 14 37 0 64 0 0 10 0 8 0 0 27 0 0 21 0 1 0 0 14 88 79 4 1 2 65 28 0 7 3 44 12 16 0 0 0 0 0 21 0 0 0 0 0 0 54 0 0 0 0 0 0 16 45 22 0 21 0 0 17 0 0 6 32 27 38 0 40 42 31 19 43 0
 13 0 53 0 0 0 0 35 34 52 26 44 0 0 0 0 0 54 0 49 0 30 36 14 0 0 0 19 14 0 32 49 16 40 24 14 17 16 23 0 54 0 30 0 0 0 0 19 57 35 42 43 50 7 40 0 0 0 88 1 0 0 9 0 0 0 20 57 29 9 0 0 53 20 33 54 17 0 12 44 24 14 12 11 75 46 4 0 64 48 0 0 8 34 23 6 6 0 44 41 0 0 67 95 74 0 36 42 0 32 0 7 0 0 75 42 0 9 6 19 0 19 73 0 0 9 32 45 0 17 13 55 0 78 52 61 0 0 33 27 0 47 20 0 25 16 0 78 0 26 0 0 0 0 0 65 13 4 0 0 0 0 0 0 10 25 0 26 0 47 0 0 0 0 12 45 17 4 1 0 44 10 9 0 18 49 0 22 0 78 0 3 0 48 0 0 26 0 0 0
 63 45 0 0 0 11 4 0 13 43 0 6 0 37 0 49 0 0 99 6 25 11 5 0 16 14 30 29 0 18 0 0 10 0 55 0 72 0 26 69 0 0 32 43 0 31 0 16 0 0 0 0 0 0 3 63 0 9 0 0 8 11 0 0 0 11 3 0 28 0 10 49 0 97 0 55 85 0 95 0 10 0 50 0 35 0 0 0 0 18 0 0 0 0 0 0 16 17 27 36 0 0 0 76 41 2 0 0 9 0 0 0 0 35 0 96 0 1 50 15 0 6 72 0 65 54 62 0 0 0 0 27 46 5 31 0 55 32 0 10 0 62 0 52 0 0 48 18 0 16 63 0 0 41 13 0 23 31 11 0 43 49 0 34 7 0 7 84 27 0 24 19 26 5 0 0 0 2 0 0 0 0 0 86 32 9 0 26 32 64 0 38 0 0 73 0 39 0 61 0
 81 7 0 0 0 15 0 0 0 32 12 0 73 53 66 11 5 6 0 0 0 0 50 33 3 0 43 14 62 0 12 0 12 11 0 86 0 30 0 0 13 0 0 0 5 0 34 0 0 0 0 0 0 0 0 0 0 39 27 0 0 4 7 0 86 33 24 0 6 24 11 0 36 63 0 0 76 15 77 0 53 5 0 50 38 0 33 55 0 13 45 0 0 63 1 67 24 10 5 39 0 0 26 52 0 0 20 0 0 0 29 0 66 0 58 21 85 0 9 0 0 0 18 15 0 32 0 0 0 0 0 17 0 0 7 73 72 7 0 0 0 8 0 35 0 6 47 0 0 22 11 82 69 0 1 0 19 21 0 0 0 45 11 0 67 0 0 0 0 76 20 0 23 27 43 0 0 55 29 69 0 9 14 0 12 0 42 0 0 0 0 61 17 0 21 0 0 50 0 84
 0 0 48 0 0 23 17 0 0 48 29 0 0 55 5 87 0 50 0 42 43 0 0 29 0 55 0 0 0 0 39 0 0 1 31 24 0 69 62 0 65 0 37 0 12 0 0 81 46 70 0 31 0 0 76 60 0 0 0 78 0 50 0 0 0 0 0 76 23 22 66 0 0 0 0 0 0 0 34 0 0 76 20 0 0 0 0 0 0 0 0 76 0 0 4 0 14 0 47 21 47 0 62 0 20 0 0 0 23 6 0 35 45 3 0 53 0 16 0 0 8 0 21 0 23 28 0 7 4 0 39 38 0 0 24 67 0 6 69 31 9 0 15 28 29 54 52 19 0 48 59 0 11 0 20 0 0 0 0 15 29 24 0 0 0 0 0 0 4 0 20 69 0 0 40 6 9 25 0 39 0 0 0 15 0 0 4 0 0 0 0 38 55 68 0 0 0 0 0 71
 82 0 24 31 0 0 0 32 0 49 0 0 22 0 26 0 19 19 37 76 0 59 53 0 45 0 27 0 12 87 0 0 0 0 28 0 0 42 0 0 0 0 75 10 0 42 0 3 50 0 67 0 54 7 2 53 9 0 28 83 0 0 25 15 9 0 23 57 0 22 0 0 16 0 0 0 0 34 0 29 0 49 14 56 0 0 0 74 35 8 62 68 7 0 39 0 0 0 0 44 6 64 47 0 0 8 0 0 0 39 0 1 0 6 37 40 73 4 33 13 29 0 0 5 0 68 0 0 23 23 32 10 84 0 43 0 40 10 40 0 39 26 19 8 76 0 0 0 0 22 0 54 18 65 37 0 0 0 24 27 59 0 4 8 0 69 52 0 28 9 55 0 0 52 0 0 43 43 88 0 0 0 0 44 0 24 22 43 63 33 0 0 0 0 0 0 40 43 18 0
 0 7 22 26 22 57 37 83 34 44 21 0 0 0 0 44 5 0 0 0 35 0 0 0 0 21 0 3 27 0 0 19 13 0 10 84 2 0 0 0 0 42 0 0 0 0 0 0 59 28 56 0 0 0 71 36 0 0 0 30 45 0 1 0 16 0 0 0 2 75 51 0 37 6 17 33 13 0 0 0 0 0 0 0 27 27 46 0 0 0 2 11 0 0 35 30 0 0 22 10 0 38 0 30 32 15 31 0 25 0 0 21 0 0 7 0 27 58 15 70 36 33 0 0 52 33 0 0 0 17 0 0 53 22 26 0 0 6 0 66 0 47 0 33 25 9 5 0 16 45 0 0 0 0 30 0 17 0 0 0 0 51 0 0 35 66 1 30 0 0 0 22 0 0 0 56 44 0 0 0 1 0 72 77 30 0 0 0 34 0 56 56 0 0 0 91 69 30 29 0
 0 0 6 35 4 0 0 0 38 61 0 0 0 40 0 0 0 14 0 9 0 0 0 0 0 0 0 0 90 0 0 0 100 0 0 27 71 30 0 83 68 0 1 0 21 7 0 0 0 64 29 0 24 0 0 45 15 11 75 0 13 7 0 5 1 0 46 0 44 11 0 35 0 0 7 80 88 0 12 40 3 17 0 0 64 0 10 51 0 0 0 0 0 50 0 21 0 6 69 23 0 0 0 26 0 0 0 0 83 0 15 0 4 1 98 0 23 0 23 84 47 21 31 0 12 0 0 10 59 91 0 0 11 13 51 0 2 0 0 15 28 0 0 0 25 0 90 0 0 0 18 49 35 15 25 85 18 70 0 0 86 56 0 0 0 35 34 2 0 42 0 0 20 0 46 0 2 18 0 0 29 25 4 5 33 75 80 0 0 49 12 25 0 23 0 0 15 0 46 0
 29 0 0 10 0 1 29 64 0 19 61 42 0 0 0 0 59 13 0 0 38 0 46 55 0 32 0 0 14 0 0 0 48 0 21 87 0 0 0 17 0 0 0 0 54 38 28 69 0 15 4 0 6 0 18 0 16 0 81 0 0 0 0 0 16 0 0 0 0 7 0 60 0 0 0 13 9 0 5 0 77 46 12 36 0 0 0 0 0 14 66 44 0 76 21 5 37 0 0 0 64 0 0 0 0 28 1 0 26 82 0 0 80 0 0 0 0 0 0 0 0 0 74 0 58 0 0 0 92 78 5 9 77 0 0 39 0 13 0 36 7 19 0 0 53 78 0 0 0 0 0 0 0 3 0 0 87 0 60 0 73 84 0 0 0 17 0 34 0 0 21 34 0 24 13 0 18 0 0 0 0 0 34 0 6 14 28 10 0 0 0 0 18 0 0 0 0 0 0 28
 24 74 88 0 0 5 1 8 55 0 32 0 50 0 28 0 0 0 5 39 0 0 70 0 19 0 37 10 0 37 0 0 36 0 0 27 0 0 31 0 0 22 39 37 0 0 6 7 23 0 0 21 0 55 0 0 27 0 35 32 10 0 22 0 51 24 0 0 56 4 3 1 0 0 39 0 0 0 0 67 0 39 71 1 0 31 2 0 1 0 19 0 93 11 0 0 0 0 23 8 0 0 5 0 40 0 0 18 0 0 49 0 0 0 20 0 32 60 0 78 0 8 0 68 16 14 64 0 3 0 0 13 2 19 0 0 0 1 75 0 80 35 0 10 45 12 0 0 0 0 0 0 14 43 16 0 20 27 0 0 0 27 0 19 25 31 0 14 18 22 0 0 67 0 0 14 35 0 6 0 0 0 0 0 0 80 0 25 0 43 0 0 27 0 0 0 0 0 24 0
 5 36 0 5 78 72 0 67 27 45 3 0 24 2 5 27 33 0 13 0 15 16 0 1 36 5 0 10 31 0 0 0 0 6 66 0 2 0 0 13 0 22 72 45 25 60 0 0 0 0 0 0 0 23 23 0 0 0 69 29 0 0 16 3 0 14 0 46 22 0 0 54 2 41 0 0 43 0 0 44 17 1 0 11 0 0 56 0 39 0 2 37 0 0 31 52 0 38 0 0 10 0 0 43 0 0 0 0 26 28 0 0 53 0 0 7 0 7 0 0 7 39 0 0 0 0 15 0 0 34 0 1 0 0 0 14 81 76 73 12 75 0 0 72 83 27 32 1 0 87 0 20 34 0 15 6 0 47 12 0 0 25 9 34 49 0 0 0 39 35 24 31 51 24 0 0 3 22 7 0 0 11 0 37 0 0 0 0 42 0 20 69 0 0 19 39 13 32 0 15
 21 0 0 0 8 1 0 0 10 45 49 0 0 0 0 0 0 0 0 0 0 10 40 73 10 0 68 62 33 0 68 21 0 19 0 0 10 22 53 0 0 0 0 0 0 23 61 20 0 22 21 41 0 26 0 0 0 21 0 5 0 0 0 0 14 0 12 0 18 79 4 0 0 36 40 55 37 0 0 0 0 15 0 0 71 30 0 46 0 16 96 36 46 22 14 0 29 0 42 0 63 1 7 59 26 0 0 37 0 0 0 43 70 0 0 62 11 34 30 0 0 0 8 0 47 0 0 0 24 0 0 19 40 0 8 0 8 0 0 9 20 0 7 6 7 30 72 23 0 11 23 25 0 0 78 6 30 36 39 90 0 0 0 0 34 0 2 0 0 0 0 52 0 19 0 0 34 80 0 0 0 0 48 0 32 0 0 0 21 27 0 0 0 0 0 0 82 0 89 0
 27 9 0 0 69 9 0 20 0 49 42 22 0 72 0 0 3 28 73 30 0 17 0 30 40 0 0 0 0 29 0 2 0 0 66 0 83 40 21 0 40 11 0 0 39 18 26 0 3 15 15 0 26 0 0 24 3 24 0 1 0 36 0 0 4 13 7 13 54 43 0 82 0 74 0 6 0 0 0 12 0 3 44 0 0 0 27 0 0 0 0 0 32 0 0 0 46 23 20 10 31 37 0 0 27 0 0 0 0 30 23 0 0 26 0 3 0 0 79 0 0 0 14 80 4 9 33 10 0 0 0 48 1 0 0 0 15 0 0 0 8 0 0 10 0 0 0 0 20 41 0 28 0 0 72 0 0 39 5 10 65 46 0 32 0 0 0 55 0 81 0 34 19 0 8 11 0 68 0 0 12 0 0 0 0 0 20 49 22 83 0 0 14 0 0 51 40 9 67 0
 6 85 0 46 0 0 0 0 0 25 0 25 42 0 0 0 0 0 0 0 0 10 10 0 26 0 0 17 32 0 0 54 30 16 19 61 54 41 20 0 90 0 0 30 0 0 85 0 28 17 53 32 0 14 11 26 13 0 0 0 0 31 8 0 28 7 83 30 0 0 2 58 20 28 15 43 0 0 0 0 44 0 0 0 0 6 29 0 29 0 0 57 16 0 0 0 12 9 0 0 53 0 15 50 0 27 0 0 65 34 41 0 70 65 0 42 18 0 50 9 0 0 0 0 0 0 10 0 5 0 0 0 0 15 12 45 0 0 40 54 0 2 0 0 4 0 18 20 26 8 0 0 0 12 0 0 0 0 0 50 0 71 29 0 26 76 0 14 43 5 0 14 18 51 0 0 0 0 0 6 8 0 11 13 3 0 58 46 68 0 25 0 0 23 48 0 0 46 0 0
 53 0 14 68 0 96 40 21 23 37 61 22 0 0 39 26 0 0 16 24 16 23 7 0 0 0 0 7 0 0 0 0 43 0 0 0 0 0 78 0 40 0 0 42 0 7 17 37 44 0 22 13 15 0 0 0 0 0 0 0 0 0 0 14 0 0 0 2 0 0 0 12 0 34 0 11 4 15 9 50 0 64 0 7 0 23 54 1 70 42 10 0 8 0 59 51 2 44 12 14 1 51 0 0 0 63 22 0 0 0 22 0 39 0 0 6 0 0 70 0 17 13 0 24 23 40 57 0 50 0 10 41 51 0 0 0 0 0 0 70 0 0 49 0 1 0 0 0 3 5 52 0 3 0 46 18 76 60 0 80 40 0 61 0 0 79 0 0 0 19 57 0 0 7 0 0 55 0 0 17 34 0 14 0 7 47 0 86 53 0 15 0 51 0 19 0 7 24 0 0
 16 0 0 0 42 0 16 17 0 30 77 29 0 15 0 0 0 0 0 65 2 0 22 47 0 0 0 64 26 0 49 25 0 52 0 0 33 5 9 21 0 14 0 0 0 0 0 17 80 0 9 0 46 80 0 0 66 0 0 0 35 0 9 18 0 22 0 0 0 17 39 60 62 0 4 0 0 0 0 23 41 59 21 0 0 38 0 55 0 0 14 12 0 10 0 0 15 0 0 39 0 0 0 0 15 61 0 0 30 0 0 0 0 0 27 38 0 0 45 3 43 0 0 0 60 28 0 13 0 0 21 0 0 38 68 0 0 0 2 2 0 70 36 23 0 9 0 5 58 0 0 30 60 0 19 49 56 0 0 0 0 8 18 47 0 0 25 2 18 19 14 15 60 64 0 25 83 0 0 23 28 0 0 0 0 84 25 22 0 0 5 0 46 7 18 0 27 75 0 33
 80 0 0 0 18 17 2 0 0 60 0 0 4 0 41 0 0 0 87 17 82 0 0 77 52 0 0 0 43 35 22 29 69 0 0 0 65 0 0 16 13 17 2 12 36 0 50 26 0 0 0 0 0 0 75 84 0 0 0 0 36 0 49 0 27 16 0 15 0 29 0 1 67 0 0 0 0 24 0 0 51 74 0 28 0 0 35 0 53 0 0 0 4 11 35 94 0 0 17 16 14 30 0 19 20 30 0 9 22 43 5 0 0 27 27 13 0 54 23 1 0 18 0 27 9 0 0 0 0 56 0 86 2 0 57 0 7 0 75 0 0 0 0 0 0 0 17 0 35 0 0 0 2 27 0 36 90 0 0 0 46 0 43 44 90 86 16 0 36 0 0 0 0 0 0 23 58 0 0 0 39 59 60 0 20 12 0 0 16 61 0 0 0 8 11 0 0 0 33 0
 48 5 0 0 0 65 0 84 72 0 0 0 0 1 14 0 30 13 88 0 5 11 0 0 0 0 0 44 31 0 46 60 0 0 55 0 36 0 86 0 63 0 61 0 0 45 86 81 0 6 24 0 40 0 86 0 24 0 0 0 0 29 8 0 15 1 0 87 0 39 0 0 58 73 0 8 54 8 20 15 79 0 53 0 0 0 0 0 27 0 51 0 8 0 2 20 19 5 15 0 0 39 0 2 23 0 55 8 58 0 27 0 0 67 0 38 66 0 0 0 0 0 0 78 0 42 0 1 0 27 20 6 24 0 0 0 0 0 0 47 64 33 25 0 61 0 47 51 0 0 48 59 20 0 0 0 0 0 10 22 53 0 0 14 0 65 5 0 62 0 19 0 50 3 0 2 0 0 46 0 23 0 0 7 35 87 64 0 0 0 0 27 38 0 13 31 43 0 44 0
 0 9 0 16 0 0 21 0 0 0 78 13 0 1 59 0 96 0 0 55 0 50 0 0 0 1 0 0 4 0 38 11 61 0 6 58 53 0 24 0 85 0 68 36 0 5 0 0 0 35 0 0 78 0 16 0 0 51 39 0 0 89 30 0 0 0 0 0 0 73 0 2 0 8 57 0 0 35 68 0 58 0 0 0 0 0 54 44 36 0 52 27 18 0 47 23 0 0 8 5 0 0 0 16 38 0 11 0 1 0 9 22 87 4 21 16 0 58 0 55 27 0 0 11 9 0 20 3 50 0 44 24 4 44 0 0 0 0 0 0 58 16 61 0 0 0 18 0 33 36 0 3 31 0 0 0 21 47 29 0 4 3 45 0 0 0 68 0 53 0 0 0 17 0 0 0 28 51 0 0 0 58 0 9 47 0 42 27 95 5 1 1 0 0 0 0 35 43 16 10
 4 77 36 0 1 0 68 0 14 0 72 33 15 0 0 33 7 0 0 41 78 18 0 0 0 0 25 0 0 8 42 5 12 15 0 0 5 0 0 25 0 10 0 0 46 87 6 5 0 0 0 3 97 0 15 11 51 0 0 26 0 29 19 0 0 0 3 9 16 23 34 0 76 78 0 0 0 0 0 0 49 0 0 12 0 0 0 0 0 0 3 0 0 11 0 0 26 48 0 0 1 0 47 33 49 0 70 90 0 7 0 39 55 0 0 8 0 0 36 49 25 5 20 0 0 62 0 0 24 66 6 0 1 0 11 0 0 0 0 0 0 0 0 20 27 0 23 44 41 0 0 41 4 43 0 0 0 0 74 72 0 0 21 0 55 18 32 57 0 2 19 0 41 0 0 7 0 31 34 22 0 2 6 0 63 85 80 0 27 0 0 0 30 0 20 0 35 41 46 0
 20 35 0 62 0 5 25 20 0 25 10 0 0 0 51 59 11 33 92 0 0 1 26 31 11 0 0 0 0 13 24 51 0 0 0 20 36 0 74 49 36 22 0 0 0 32 26 0 0 0 0 0 6 0 61 41 0 0 0 0 0 0 0 24 0 0 0 17 77 0 0 0 79 3 0 0 83 44 0 58 0 33 0 0 51 0 0 0 0 0 28 0 29 0 0 57 0 58 55 65 16 0 50 59 50 9 0 0 0 32 0 44 0 0 32 0 58 0 0 44 54 0 0 16 0 13 9 5 52 57 54 0 64 26 47 0 7 0 14 37 28 80 76 7 18 0 23 0 49 36 0 71 0 0 12 3 10 0 0 33 39 0 5 0 0 0 0 24 23 0 0 0 36 0 0 18 0 0 12 0 8 9 33 0 18 0 14 41 26 88 25 0 57 30 0 74 10 4 2 29
 10 0 39 51 0 0 42 0 4 0 11 0 0 29 0 45 5 0 36 15 0 0 0 0 0 0 23 28 0 0 7 65 15 16 0 0 24 0 66 96 73 0 5 0 0 0 8 30 16 55 9 58 80 22 0 0 0 46 0 60 0 50 0 3 74 12 51 0 58 43 6 76 0 35 43 23 87 0 13 0 0 19 0 0 0 0 1 0 0 0 0 0 15 27 67 22 0 57 85 0 0 26 0 0 48 0 39 81 97 0 0 0 0 7 42 0 23 60 25 0 0 0 0 31 0 23 0 4 0 0 3 37 0 22 43 1 0 0 34 26 11 82 21 9 0 64 43 0 4 0 39 0 38 0 77 0 24 0 0 51 0 0 0 0 96 17 7 0 7 83 0 43 16 54 0 0 67 0 0 56 0 0 0 8 0 0 13 0 0 38 0 0 0 71 65 77 12 0 0 20
 0 0 0 45 0 75 0 0 43 0 32 30 0 0 0 7 0 82 0 0 0 5 97 0 11 0 43 0 0 91 14 24 0 30 19 2 39 11 0 0 0 22 18 0 23 0 19 0 0 18 17 0 0 0 0 0 0 0 30 5 51 33 0 34 54 0 34 66 18 0 37 8 0 0 18 0 14 14 0 8 0 13 0 90 0 10 10 0 0 48 17 0 37 22 14 6 16 0 24 2 0 0 17 0 27 69 0 0 56 0 0 0 18 12 31 27 6 0 69 0 0 12 27 0 9 0 30 0 20 37 0 13 60 0 38 22 59 0 1 0 28 53 0 8 0 87 0 0 68 22 0 0 0 0 38 19 0 13 0 47 8 77 0 0 42 0 17 0 35 9 69 44 0 0 0 19 48 88 0 44 0 67 11 0 25 3 0 0 15 33 0 0 0 0 0 0 0 0 19 9
 4 17 50 0 43 11 3 0 6 0 37 24 77 4 0 41 37 29 0 9 85 36 0 0 0 40 0 74 13 31 0 4 0 0 22 8 0 79 24 25 9 0 0 0 76 0 74 0 13 15 24 0 3 24 64 41 5 0 82 41 50 72 62 0 0 0 14 0 0 0 0 0 0 0 12 20 53 0 0 4 0 61 4 0 0 0 25 0 0 36 66 0 37 0 0 25 66 11 0 0 9 0 0 0 0 0 0 29 0 0 0 0 65 0 17 0 0 50 46 16 97 0 33 0 57 66 57 0 0 0 49 0 0 42 35 19 0 66 0 0 0 52 0 0 29 0 12 60 7 6 0 16 0 85 0 73 0 16 0 0 0 0 82 0 35 77 76 44 4 0 0 21 23 7 8 29 0 0 0 0 0 62 31 44 0 27 51 0 0 3 0 26 16 0 22 0 0 42 0 0
 0 0 36 0 48 0 0 0 7 11 30 8 11 34 0 62 54 0 0 21 27 0 41 28 22 0 73 16 0 74 28 0 51 0 0 17 0 25 0 60 5 0 0 0 22 0 0 5 0 0 47 0 24 33 0 37 0 0 0 6 0 38 40 7 40 0 0 0 60 0 0 0 16 0 0 31 0 18 6 0 0 3 17 0 0 0 23 20 0 0 0 51 0 36 0 12 15 0 72 76 0 2 35 0 0 0 0 0 0 0 1 34 42 0 0 3 0 0 0 0 0 19 8 10 52 0 45 0 38 0 0 6 31 15 0 0 10 0 27 0 0 0 32 50 30 63 0 79 0 58 0 0 32 15 19 0 25 0 0 46 0 0 76 0 10 0 0 0 0 0 48 0 56 10 72 46 0 19 0 0 0 35 0 69 0 50 0 22 29 24 0 6 0 27 0 54 13 0 0 0
 0 11 50 66 0 0 14 79 0 32 65 37 0 88 0 0 71 77 2 0 0 24 0 8 7 0 0 0 25 9 23 20 69 0 87 0 16 18 13 8 0 0 22 51 15 0 36 56 66 9 15 18 64 0 27 20 0 0 0 9 67 83 0 31 39 39 4 0 0 0 33 47 10 0 57 0 0 49 0 33 0 18 0 6 22 29 23 0 0 0 44 19 0 0 0 0 0 45 0 16 0 7 15 0 0 0 51 0 22 0 18 0 2 24 0 0 5 57 0 0 58 33 21 60 50 0 0 0 6 38 0 0 19 0 0 0 0 27 3 0 34 0 38 45 0 57 0 0 25 47 0 0 82 0 20 33 0 47 0 0 8 0 0 0 46 0 44 1 83 0 60 0 0 56 51 81 19 9 91 42 0 0 34 17 0 6 0 0 0 69 1 44 0 39 0 0 76 0 0 20
 63 0 0 33 0 58 0 0 0 0 31 52 0 0 0 69 23 0 13 0 2 30 0 10 2 43 0 0 0 0 0 8 0 11 0 18 22 62 0 0 0 12 0 0 0 0 22 65 54 35 0 0 0 0 39 0 0 54 68 2 54 70 0 0 90 33 0 0 0 5 0 0 40 0 14 25 0 44 0 23 49 83 54 20 19 0 28 22 0 46 0 0 0 64 0 0 20 33 28 0 0 0 0 72 0 28 7 0 6 82 31 0 0 0 28 37 25 13 27 0 38 0 0 10 0 0 70 26 36 15 0 9 0 20 65 71 79 14 15 38 0 47 12 2 0 19 60 8 64 0 53 0 0 89 68 0 0 25 57 7 0 23 32 9 25 19 8 20 67 59 37 0 0 0 67 0 33 61 0 0 0 28 0 0 6 21 51 0 67 37 0 0 0 55 0 0 56 0 7 0
 38 0 11 0 10 70 0 2 0 3 71 0 28 13 0 14 13 16 0 72 5 50 16 56 0 32 10 29 0 0 59 3 56 21 0 46 7 19 23 0 14 31 0 15 0 18 27 0 0 0 0 5 26 0 39 15 13 0 7 19 0 0 0 0 0 86 0 41 78 33 0 0 0 37 24 0 39 3 0 0 70 0 0 0 45 24 0 0 0 0 3 0 0 0 6 0 0 42 0 0 0 0 58 21 0 15 0 0 0 25 0 0 0 0 68 71 6 0 6 51 75 36 6 48 0 0 0 0 0 54 0 0 4 4 0 0 0 31 23 32 0 15 0 65 20 16 0 0 25 0 58 39 0 34 0 12 79 0 3 29 0 2 10 0 0 0 28 0 0 52 0 0 0 0 21 35 0 0 14 0 8 0 0 17 0 17 0 0 0 0 18 65 31 0 44 0 0 67 0 9
 0 66 49 27 0 0 38 38 5 0 22 21 0 0 0 71 0 0 10 0 6 0 0 0 62 49 1 7 0 0 0 24 3 33 0 0 0 0 68 0 45 0 0 22 0 0 53 46 0 64 0 0 0 0 5 29 0 0 13 41 0 0 27 22 0 10 0 0 6 27 18 0 11 1 0 11 0 0 0 0 14 0 0 63 0 39 0 0 39 0 0 0 47 7 64 0 18 32 44 0 0 17 83 0 0 10 35 28 42 0 0 0 0 0 5 0 0 0 83 0 77 0 0 0 0 0 11 0 18 9 0 5 28 26 0 67 58 0 19 4 0 25 66 35 0 56 40 16 22 0 24 38 0 0 0 0 0 0 0 0 30 3 0 0 0 37 0 8 1 0 0 28 61 0 0 29 80 10 58 63 0 75 0 0 0 0 0 14 0 34 34 0 0 0 0 0 61 0 0 0
 67 0 37 38 0 20 21 31 4 0 0 0 0 0 0 0 0 21 6 0 0 23 0 0 47 0 55 0 11 40 0 0 27 58 25 30 3 0 27 0 0 31 36 0 66 0 0 0 0 20 41 6 0 0 32 46 0 18 0 0 0 66 0 1 0 54 0 0 41 8 0 0 2 27 33 16 0 15 0 0 69 0 0 46 29 89 0 0 0 0 59 57 74 87 0 81 1 42 0 73 15 43 0 0 0 29 6 0 0 11 37 0 0 54 73 2 34 43 5 17 0 48 24 61 0 0 13 0 8 0 14 0 0 0 0 0 0 36 0 0 0 56 74 0 0 0 32 87 9 0 0 0 0 0 61 0 11 14 0 0 0 18 24 57 53 33 0 0 27 28 0 31 0 0 0 83 0 100 0 30 50 0 0 0 0 49 0 43 0 0 5 64 11 0 0 9 37 64 0 51
 19 0 0 12 0 59 1 85 27 18 54 0 0 51 0 54 41 0 18 0 51 51 2 0 0 2 0 0 30 0 61 0 0 75 0 14 0 78 0 0 12 22 37 21 10 0 0 0 39 34 11 31 76 0 0 25 58 48 0 36 0 0 0 42 0 0 0 74 0 0 0 0 0 6 16 0 87 0 13 52 0 4 0 0 0 2 17 15 19 21 0 70 0 0 15 0 73 55 0 0 19 17 0 0 18 48 81 10 0 37 65 3 0 54 0 34 0 24 1 18 8 56 0 93 30 0 50 19 24 30 53 7 4 69 14 5 1 64 0 0 66 0 0 0 0 33 0 42 23 0 5 0 30 0 54 31 41 0 0 47 51 36 58 22 83 0 8 0 0 7 57 40 48 0 50 0 0 42 20 21 27 0 0 38 21 6 0 0 21 39 49 82 31 0 41 24 0 0 0 5
 0 22 29 0 0 56 0 0 0 0 15 19 0 0 22 54 0 0 0 7 0 52 0 0 80 0 68 0 0 0 10 0 41 0 3 0 47 43 0 0 75 0 0 0 0 2 16 0 39 61 93 0 0 8 0 59 26 0 60 58 57 0 0 38 6 0 0 0 0 0 0 0 57 0 0 58 6 0 48 22 81 0 0 0 53 0 0 37 0 0 0 0 5 26 0 0 81 32 13 0 0 0 62 26 16 0 66 0 24 0 36 0 44 36 27 47 22 12 0 48 0 0 53 0 59 23 61 0 0 83 0 0 0 0 0 0 0 0 65 42 0 72 6 0 28 21 38 20 0 47 48 0 0 32 49 53 37 2 1 33 6 0 0 0 8 5 57 0 10 0 0 42 54 0 17 3 0 0 0 31 0 0 45 89 0 0 0 9 17 21 0 43 75 53 0 62 0 0 60 0
 19 0 0 17 0 0 0 0 10 7 30 29 0 0 5 31 0 37 0 0 16 0 0 28 34 0 0 40 0 2 54 24 0 5 27 39 7 9 0 68 0 0 10 3 0 11 32 0 0 21 94 72 0 0 0 0 0 0 0 14 0 25 63 0 0 0 91 0 5 0 40 4 0 0 64 64 0 84 0 0 0 0 0 0 0 2 0 0 2 0 14 0 11 9 64 0 0 39 0 60 14 74 0 0 0 0 0 0 0 0 74 33 43 16 2 0 4 0 0 0 56 0 18 23 3 20 7 11 0 91 3 22 0 0 0 0 25 0 43 0 46 3 56 0 6 0 0 0 0 0 52 69 14 22 0 0 22 24 82 14 0 0 0 0 0 0 7 9 0 18 17 49 91 17 75 0 21 0 0 2 40 0 0 0 0 0 17 0 0 43 34 6 0 7 31 0 41 0 0 27
 0 5 0 0 10 0 19 61 12 19 0 0 0 0 0 26 0 47 0 0 68 56 0 65 53 0 19 4 27 0 32 0 63 0 0 10 0 0 45 0 0 14 38 0 0 19 17 27 73 66 0 0 51 0 43 36 0 13 0 0 18 60 62 35 37 12 87 0 0 33 10 0 11 0 46 61 0 0 0 25 29 0 1 32 85 0 40 0 0 48 32 0 7 16 10 64 55 0 88 0 0 43 0 41 12 10 32 0 0 7 50 43 0 0 6 0 0 0 0 35 0 18 0 27 0 43 63 0 11 45 0 0 0 55 14 0 20 0 0 0 0 1 0 14 0 5 46 0 0 0 26 0 83 60 9 0 38 38 0 22 87 36 21 23 0 30 0 0 0 25 0 0 0 27 0 33 0 42 44 3 31 99 0 0 0 0 0 30 0 50 0 2 30 39 12 82 0 11 0 0
 1 0 0 90 0 27 30 0 15 16 0 0 65 0 0 0 0 4 0 16 18 0 0 38 0 36 10 49 30 56 91 0 3 0 76 35 6 7 52 0 21 0 29 47 47 0 0 0 0 38 0 30 0 5 54 0 55 0 36 0 47 2 6 0 27 3 0 43 0 43 18 0 52 0 32 72 0 0 0 3 0 0 0 0 0 0 31 0 0 0 0 8 50 8 50 10 0 0 0 4 0 0 47 26 0 29 0 32 0 62 15 0 66 1 0 9 88 0 4 9 10 37 2 32 0 0 0 6 44 37 0 0 50 0 0 0 0 9 0 0 4 0 58 87 0 0 0 0 45 0 20 0 39 41 0 0 0 69 34 0 60 0 0 40 0 73 11 0 0 15 0 0 22 0 38 84 3 25 3 0 14 15 18 0 26 35 75 0 0 0 0 0 50 0 49 8 0 0 0 5
 0 79 0 0 69 0 0 32 16 14 80 50 4 18 0 41 46 25 19 45 83 55 32 4 5 12 0 0 7 0 50 0 0 0 1 0 3 0 0 63 83 0 0 0 69 0 0 0 72 6 0 36 18 10 0 0 0 35 4 0 4 0 55 0 0 0 0 51 48 0 10 1 0 28 0 0 30 0 0 77 0 23 0 3 95 37 28 20 30 0 28 3 0 55 42 60 0 9 69 0 85 20 0 4 3 50 34 0 57 33 0 0 13 0 0 0 0 27 73 0 0 0 42 0 17 41 0 49 36 0 0 11 45 1 20 1 0 16 68 0 66 0 0 66 0 56 31 5 0 25 0 45 0 0 0 0 39 1 0 16 55 0 60 38 23 0 0 42 53 0 9 0 0 0 4 0 19 5 0 0 2 77 35 70 0 40 0 4 20 0 0 0 0 16 0 0 0 0 11 15
 15 0 53 0 0 0 9 43 0 6 0 44 0 0 71 0 15 0 0 0 0 21 5 10 0 0 66 0 6 0 0 0 0 0 0 0 0 30 0 0 10 18 9 0 0 44 34 1 0 0 0 0 0 50 0 0 59 0 48 18 0 0 0 0 0 24 41 21 0 25 0 76 42 18 0 4 0 17 3 0 4 40 0 0 7 21 27 0 0 0 96 15 3 0 0 0 0 20 0 49 0 20 26 3 56 0 2 0 0 33 4 0 30 0 44 45 12 7 59 44 0 50 22 60 0 16 27 2 0 0 0 0 4 0 57 0 0 0 0 0 33 0 0 0 0 27 14 0 25 0 0 0 6 38 0 0 0 79 75 0 11 0 0 67 0 0 0 0 0 23 0 39 24 36 0 33 3 22 0 29 31 28 0 8 26 25 39 19 0 0 0 0 19 51 0 2 89 0 0 0
 11 0 88 0 0 0 33 0 62 56 0 0 91 51 0 0 60 65 5 7 0 4 24 88 29 53 43 0 27 0 0 0 0 0 36 42 28 68 0 20 26 38 73 0 55 0 0 0 78 88 8 83 0 0 2 25 51 0 11 0 6 18 56 24 37 21 0 0 0 0 0 41 0 66 0 52 83 0 48 0 0 43 14 0 61 0 37 0 0 28 0 13 45 15 3 26 20 56 0 0 0 0 48 0 0 0 24 13 0 0 30 43 67 0 0 0 81 53 54 28 21 0 26 22 90 48 0 0 0 32 45 0 48 2 52 19 0 16 0 15 72 0 72 0 75 4 94 0 94 0 0 83 13 0 9 0 0 0 13 20 32 43 0 0 0 0 10 0 46 3 0 0 0 0 0 0 2 0 0 6 42 86 0 0 0 87 0 28 0 3 0 46 0 5 0 64 31 0 0 50
 0 57 37 0 30 0 0 26 58 52 31 82 19 10 0 0 18 9 10 0 64 0 0 0 17 0 0 0 0 0 39 7 0 10 0 46 20 0 64 0 0 42 0 26 64 24 0 0 8 75 42 45 0 47 5 0 0 43 0 0 45 0 0 0 61 23 0 0 0 62 0 36 17 19 0 69 9 20 0 52 0 20 0 0 85 0 0 12 0 20 17 41 0 12 0 0 21 0 34 0 0 86 20 70 40 31 35 0 20 0 10 44 0 0 0 53 1 0 0 0 37 0 0 0 0 0 47 5 22 3 0 0 10 0 11 37 0 8 24 5 19 0 0 38 25 12 0 0 0 17 16 0 0 0 34 0 0 28 45 27 0 0 3 0 14 0 0 0 0 0 74 0 4 8 0 77 35 19 62 9 0 3 0 49 0 0 57 0 0 0 10 0 58 0 0 43 0 0 41 34
 0 0 0 0 31 0 15 0 58 0 0 3 0 25 34 0 78 21 0 0 0 0 0 16 0 65 70 86 36 0 58 9 9 73 45 0 49 63 0 19 24 0 0 0 21 0 25 0 0 0 0 0 0 24 20 4 67 74 0 57 0 76 0 24 0 19 0 0 15 20 54 42 18 40 24 0 70 0 55 34 0 46 0 54 0 0 10 0 37 0 0 5 57 7 8 22 36 18 0 0 57 0 0 0 0 0 0 0 0 0 0 10 0 80 3 0 37 0 0 23 39 0 0 56 0 0 27 0 23 71 36 0 0 1 88 56 0 9 0 0 41 0 0 47 0 0 40 41 57 0 0 7 38 0 10 17 0 0 14 19 0 0 0 0 13 86 0 13 0 54 16 72 0 29 61 41 0 0 40 0 33 0 70 0 0 0 76 98 37 26 14 0 57 32 15 44 26 27 0 0
 0 52 0 19 0 0 0 64 22 0 7 0 12 0 4 18 18 0 48 45 59 69 0 0 0 1 14 16 0 0 9 0 57 0 3 0 4 19 2 0 4 0 0 75 0 25 23 0 4 0 0 0 15 0 2 0 49 60 13 0 6 26 0 0 0 0 0 57 0 52 0 0 46 0 53 12 54 0 0 0 0 39 31 0 0 0 84 0 0 0 0 0 0 26 14 0 53 1 58 0 0 29 63 0 7 0 49 7 0 0 0 10 25 0 0 32 0 14 0 0 21 0 0 18 0 11 0 0 0 0 12 70 32 0 5 0 77 29 57 0 17 40 78 0 0 24 35 6 3 22 0 23 3 0 0 24 15 55 0 0 0 0 0 29 0 21 0 0 0 31 0 20 0 41 0 3 69 0 0 0 37 46 32 0 85 14 4 0 66 0 0 0 0 0 0 0 6 0 37 16
 0 0 3 0 0 0 0 0 35 44 0 42 0 0 0 38 55 21 48 0 15 18 0 16 0 40 0 37 66 0 88 0 0 41 62 0 0 0 0 0 2 0 0 27 39 65 0 0 25 36 6 20 0 42 0 0 63 3 0 40 13 0 0 26 0 64 17 39 55 0 0 0 24 12 19 0 16 38 0 0 13 0 10 4 37 0 0 37 0 7 0 0 0 0 84 12 0 14 19 27 4 11 0 5 0 0 0 0 6 0 0 0 0 24 0 0 0 26 64 0 0 0 41 60 0 39 69 43 0 0 31 30 1 6 11 41 31 0 0 0 58 0 0 0 4 17 0 0 0 0 0 60 34 0 1 0 0 0 6 0 0 56 22 41 0 14 0 13 0 0 0 0 0 0 0 2 0 30 0 0 0 0 89 25 39 0 74 0 42 77 0 5 23 3 0 3 0 0 0 0
 27 69 4 69 11 7 0 0 57 0 82 49 45 0 30 63 0 0 5 44 38 0 0 33 33 33 15 67 0 24 0 0 13 0 13 55 54 41 26 0 0 0 0 0 0 0 40 0 52 0 0 0 0 0 6 38 82 0 0 0 0 6 0 0 29 45 50 7 0 0 0 0 0 5 30 92 14 0 0 0 0 0 0 52 16 0 0 7 54 0 84 0 0 17 0 7 6 79 0 0 0 0 28 0 0 21 0 68 6 19 31 0 0 0 0 0 0 0 55 0 0 61 41 31 13 0 8 0 59 59 0 21 16 58 0 46 0 0 49 21 0 0 86 0 0 0 26 0 0 50 20 69 82 34 0 0 9 5 0 8 58 0 0 0 8 9 0 30 0 10 56 18 50 0 5 0 0 0 0 56 0 43 24 44 47 47 0 0 25 17 84 0 0 30 65 0 0 0 0 2
 0 21 0 66 38 0 14 0 0 0 0 98 0 14 0 73 6 0 35 12 8 86 0 0 46 0 0 13 15 0 0 33 0 0 42 0 0 88 0 0 0 0 21 11 0 70 50 16 0 0 16 0 22 59 0 0 0 25 45 28 16 25 0 5 17 0 42 55 0 0 0 0 20 0 27 85 1 0 60 0 0 1 5 0 34 0 11 0 12 0 0 0 47 28 32 32 0 24 55 85 12 24 0 0 0 7 0 0 41 7 12 0 49 45 44 3 66 53 0 33 26 33 78 0 0 2 0 0 0 43 70 0 0 0 0 0 0 12 11 0 0 33 0 0 0 41 0 0 0 0 0 0 0 72 0 0 13 7 0 13 3 38 6 44 31 0 0 13 51 21 26 0 0 0 26 0 43 0 0 0 0 0 51 41 25 0 12 75 78 0 9 32 3 0 0 7 33 0 31 0
 0 0 0 38 3 0 0 0 57 0 63 64 2 8 65 44 0 7 0 24 44 0 0 0 3 0 22 36 0 0 0 4 70 30 0 0 0 15 35 42 8 0 15 80 38 0 0 0 0 0 76 24 0 0 0 58 0 0 0 0 71 19 0 0 3 0 0 0 34 0 8 0 0 0 34 4 26 0 0 5 67 0 34 0 29 0 58 20 44 0 0 0 3 37 0 42 9 0 0 0 84 0 2 62 0 0 0 0 0 67 0 45 31 8 0 0 0 77 0 60 0 0 45 60 24 0 55 43 17 0 36 33 11 11 0 22 0 0 13 57 49 29 0 9 8 0 0 28 0 20 37 0 0 74 42 38 0 0 34 16 0 30 0 0 85 0 15 0 0 58 35 0 17 9 72 0 67 0 0 0 21 0 0 62 0 56 0 0 18 0 42 0 2 0 0 0 0 0 0 3
 13 0 28 29 35 0 0 27 3 0 0 0 15 4 0 90 0 16 0 87 0 24 63 0 0 4 69 0 0 0 13 12 13 0 0 0 4 13 33 48 0 31 6 0 0 4 62 0 0 3 0 0 0 0 0 0 9 32 45 19 0 15 19 72 0 14 0 65 61 0 0 30 27 41 57 0 8 7 29 66 8 60 0 0 0 13 0 0 9 12 2 0 43 0 34 0 0 0 44 60 47 0 30 9 45 0 0 22 28 0 21 0 0 0 38 0 4 3 0 0 0 37 0 9 0 0 0 83 0 32 0 0 60 1 0 0 3 0 22 0 16 0 0 0 21 9 0 0 72 0 45 42 0 52 39 0 54 15 2 70 13 0 48 0 0 31 25 57 0 0 68 96 0 0 0 65 24 14 53 0 0 0 5 0 0 0 13 0 33 0 0 46 98 53 17 29 0 0 11 0
 0 0 0 36 0 78 2 18 0 8 0 10 0 0 0 67 0 0 0 0 0 12 0 0 0 4 0 0 86 0 0 28 0 0 37 0 20 0 0 53 76 42 0 46 0 12 31 0 0 0 0 48 0 5 0 0 0 65 0 52 0 23 11 18 0 0 0 0 0 0 0 7 0 4 63 19 0 0 0 45 24 0 29 0 82 1 0 66 0 0 0 13 0 0 0 69 51 60 32 14 0 0 0 31 0 14 0 0 19 0 0 67 0 33 27 70 0 38 92 23 0 14 71 15 35 0 0 0 40 9 0 0 39 0 0 3 0 73 0 3 5 66 52 19 0 12 0 41 0 73 0 0 3 27 10 23 34 29 0 76 30 0 0 0 0 0 3 0 25 0 11 0 16 15 61 0 9 89 0 25 0 0 0 50 19 41 7 0 42 26 0 35 42 0 4 49 0 0 0 17
 0 76 0 0 37 0 0 0 25 6 68 0 30 0 0 21 0 14 63 0 51 0 0 0 42 35 0 61 23 2 10 0 55 0 2 4 32 10 0 79 1 0 1 0 0 0 0 0 31 0 57 38 64 0 0 21 0 20 0 59 0 2 0 0 0 0 0 26 18 71 41 43 2 23 0 26 0 58 0 0 6 33 0 0 79 0 0 0 0 34 45 0 70 0 0 60 0 10 51 0 31 29 0 18 0 30 0 22 14 0 45 0 1 5 82 26 51 9 26 0 12 24 49 0 50 0 89 16 5 47 56 19 0 0 29 11 51 0 20 32 50 0 0 0 11 0 60 49 0 72 0 22 40 43 0 47 19 23 0 77 0 2 96 58 24 0 45 33 0 0 35 7 0 55 3 14 56 0 0 0 27 0 0 35 0 0 0 0 4 0 75 0 69 0 0 13 0 0 0 0
 49 12 0 0 82 70 0 68 18 0 58 78 0 0 0 0 0 11 0 2 71 0 0 5 0 0 0 0 0 0 1 11 66 17 36 0 0 0 28 3 0 18 0 3 45 0 0 0 0 0 92 0 0 0 0 55 63 0 0 0 0 0 0 33 0 4 0 0 8 0 2 0 0 66 0 0 0 24 0 32 0 38 0 68 0 0 0 75 31 9 0 53 20 40 0 58 34 0 0 0 0 12 18 69 1 0 0 0 68 0 0 0 62 0 0 8 45 0 38 43 0 24 0 0 6 44 67 48 26 33 31 9 50 0 4 0 54 0 52 0 0 0 0 0 0 0 68 0 0 0 0 5 8 0 0 0 42 39 0 0 0 13 0 0 17 0 0 0 0 0 24 30 0 0 0 35 0 0 22 56 0 15 26 8 0 0 22 0 0 8 38 0 46 2 34 30 20 37 0 56
 0 31 21 5 10 12 52 18 0 26 0 33 34 51 15 15 0 0 0 43 0 0 0 0 0 48 0 13 45 58 0 0 25 0 54 28 20 0 0 0 0 0 37 0 74 27 76 9 57 0 0 0 54 0 26 0 0 33 0 0 0 0 20 0 44 0 0 17 0 0 24 0 34 0 0 0 0 0 43 59 7 0 0 0 36 0 37 15 80 16 54 24 1 87 0 23 15 32 0 43 0 1 43 14 0 24 41 0 0 0 14 0 0 64 85 0 21 0 0 0 28 54 0 78 1 0 0 0 0 0 0 47 0 20 44 0 0 0 0 0 0 3 54 0 86 0 0 7 0 36 38 0 21 0 0 44 61 75 0 32 0 0 0 0 16 40 0 0 0 31 54 0 1 78 31 0 5 0 21 7 53 0 81 24 33 12 42 0 13 16 58 77 92 65 34 59 0 0 36 0
 4 0 0 0 0 0 0 8 0 0 0 29 0 33 0 0 0 37 0 0 0 0 0 0 81 0 0 76 0 0 45 0 41 14 0 77 0 0 76 0 0 81 82 18 0 0 13 8 0 24 15 18 0 29 79 39 0 29 59 91 0 0 77 0 0 8 0 0 0 57 0 0 48 0 0 0 21 8 15 0 0 0 15 27 43 0 0 0 0 0 32 0 0 20 8 8 28 62 0 24 15 0 0 30 11 17 4 0 25 0 4 49 0 0 44 0 0 37 18 52 24 13 0 0 17 0 82 79 0 0 30 0 20 6 20 0 0 30 17 0 0 0 0 0 0 74 7 0 0 14 0 20 0 0 0 0 8 0 18 0 0 32 72 19 0 0 0 0 0 10 0 29 70 4 0 47 41 30 22 0 19 83 8 0 36 5 0 13 0 6 10 0 63 0 53 26 10 0 71 68
 9 51 59 0 0 0 19 51 84 0 70 0 0 10 0 9 0 27 0 0 5 0 0 0 49 0 18 0 8 0 42 0 0 60 62 31 62 17 0 54 46 19 9 0 82 17 30 37 8 0 34 24 77 0 27 0 34 0 0 14 0 24 5 38 0 0 33 0 9 38 0 0 22 0 0 0 18 55 45 33 22 0 40 0 0 0 16 0 43 0 42 9 52 28 0 4 44 0 60 40 0 0 41 55 0 0 17 0 0 0 39 0 25 0 15 18 0 20 9 0 0 0 0 7 0 0 0 21 30 1 15 28 15 0 4 0 76 0 0 33 0 24 0 0 0 33 0 2 34 21 6 0 0 2 53 0 0 40 0 12 12 43 66 0 2 11 0 14 0 0 0 38 28 0 31 0 2 0 0 29 0 38 0 0 38 0 0 25 0 54 0 50 0 12 0 18 0 13 0 56
