150
 9 0 53 0 21 15 0 22 37 50 0 0 0 50 0 0 0 55 0 0 0 0 5 12 38 70 0 27 0 16 0 2 75 0 82 45 0 0 16 0 32 73 0 6 0 0 0 0 0 28 47 22 2 0 0 0 82 13 0 2 38 74 13 36 0 0 19 0 2 1 20 34 0 0 0 0 0 0 5 0 37 0 74 8 4 35 69 0 0 48 4 47 0 0 61 83 0 60 0 0 0 92 0 0 0 70 0 68 0 34 0 46 0 0 21 0 0 0 10 52 81 21 0 53 5 0 0 0 0 54 0 1 0 10 29 30 2 0 0 73 0 0 60 37 0 32 0 0 7 0
 37 10 0 0 33 38 0 0 0 8 4 0 0 0 31 6 55 56 24 13 36 0 0 77 72 4 13 9 0 0 43 39 0 0 46 0 0 0 71 0 60 0 0 0 0 0 0 0 31 12 1 0 13 49 0 0 31 38 41 4 0 24 51 0 0 31 14 47 47 0 0 0 0 21 10 0 27 0 0 0 56 7 16 0 33 0 2 0 60 0 0 0 0 0 21 0 0 31 0 0 0 0 27 73 26 0 0 35 0 70 1 0 0 0 12 0 60 0 1 21 18 33 5 0 0 0 54 0 0 0 0 0 35 0 0 0 3 0 53 0 82 0 0 0 11 0 31 28 4 0
 0 31 76 0 23 0 25 0 0 0 3 0 9 0 14 93 0 0 2 0 0 0 33 0 0 56 0 31 0 39 29 0 44 0 0 31 41 23 0 0 47 81 92 0 74 37 0 0 24 0 0 0 22 0 51 10 0 0 0 42 14 17 45 0 22 1 0 0 0 0 16 10 0 38 0 0 0 0 0 42 11 11 1 29 16 0 0 1 0 0 0 0 73 38 0 0 0 24 30 39 20 9 2 0 35 0 0 0 0 47 35 0 70 73 0 43 0 49 68 0 0 20 38 0 0 69 8 0 19 0 50 0 53 71 21 0 8 4 12 0 0 0 50 86 0 73 0 0 58 22
 9 45 80 64 0 58 5 0 0 39 9 0 27 0 0 1 0 21 0 0 0 0 0 8 0 19 43 7 0 0 65 0 50 0 0 0 39 0 42 0 0 71 0 0 50 47 5 30 19 0 24 57 0 0 0 0 35 0 67 5 30 0 51 0 37 0 0 85 0 0 33 26 0 56 0 0 22 0 33 30 54 0 40 81 38 0 37 33 0 0 37 0 17 0 0 0 0 0 39 0 70 0 7 53 23 44 58 45 0 0 21 16 26 9 0 0 0 22 1 0 81 0 0 0 41 0 24 23 0 0 0 59 71 0 74 34 60 44 20 42 94 0 5 0 49 0 89 25 0 0
 0 0 0 53 63 36 0 49 0 57 42 5 0 0 0 17 78 55 0 0 9 19 2 0 0 37 0 69 0 2 93 3 36 0 66 0 0 22 46 8 0 0 0 13 75 0 0 0 42 0 0 67 55 11 0 76 12 17 0 0 0 23 0 38 18 1 0 0 19 0 0 20 21 63 9 29 0 0 13 86 0 87 27 2 0 0 6 23 42 0 14 0 49 10 20 0 0 0 45 0 58 36 0 0 0 78 33 9 0 0 14 0 0 42 0 58 0 36 0 0 0 0 0 0 0 0 0 81 0 0 0 56 12 32 0 13 60 4 78 0 0 50 12 0 0 27 0 0 0 17
 0 0 30 0 0 36 0 1 0 0 49 26 18 0 0 8 0 0 0 26 0 8 56 7 0 0 18 43 3 0 0 0 76 41 0 0 0 30 39 0 38 0 23 26 25 49 0 59 0 0 0 0 0 40 0 0 13 27 63 0 0 0 86 5 41 1 0 0 0 48 22 0 0 0 73 17 0 1 0 0 74 0 0 0 17 0 52 23 0 6 0 0 34 0 15 0 0 34 22 0 33 40 0 22 0 0 36 0 7 0 0 1 38 0 8 36 22 10 0 2 0 55 76 50 61 27 0 0 9 0 58 81 0 0 0 0 0 62 44 23 23 25 0 0 27 13 54 14 0 9
 51 42 0 0 47 0 40 55 0 81 44 56 60 24 13 0 24 84 0 0 0 0 33 0 12 40 0 0 0 55 0 0 56 0 66 0 0 0 12 0 0 0 0 32 0 16 19 73 77 22 0 0 13 83 6 2 0 91 0 29 0 51 8 35 0 0 0 82 0 23 0 46 28 0 33 13 10 47 51 0 21 16 33 24 17 0 0 0 32 0 0 2 0 18 60 7 0 0 53 20 0 38 0 0 0 6 34 53 0 39 16 9 40 39 5 40 35 32 70 4 0 0 0 45 5 22 7 88 0 0 0 0 15 77 61 0 24 0 0 12 93 0 23 26 47 0 77 24 0 25
 0 33 84 2 0 0 0 20 9 94 16 0 14 0 0 35 1 0 0 0 0 66 23 79 0 0 0 13 0 10 0 34 0 47 0 12 0 0 9 0 0 59 16 0 0 0 0 0 54 24 65 0 0 11 0 0 24 0 0 0 0 0 0 0 0 0 45 0 0 0 15 48 32 29 74 0 1 27 0 0 72 11 49 0 0 43 2 34 10 46 0 0 23 0 0 10 0 39 0 10 0 0 0 4 0 25 24 52 66 7 34 0 55 1 38 17 18 21 17 26 0 0 0 0 0 0 0 86 49 0 72 0 50 0 41 11 8 0 36 90 28 0 0 0 0 74 0 0 11 35
 0 13 63 43 59 24 53 0 19 0 13 0 28 0 12 46 0 0 6 0 23 0 58 0 0 7 37 29 0 0 0 64 96 71 0 0 14 63 2 45 8 27 0 0 0 0 41 83 0 0 0 0 22 9 0 0 0 0 1 0 10 65 8 0 0 0 0 26 30 0 46 10 47 15 0 13 0 0 0 9 44 39 2 73 0 54 17 9 0 0 21 30 35 0 0 0 9 5 63 0 21 36 40 0 0 0 0 37 20 49 0 0 17 0 0 3 1 0 62 0 44 14 22 40 0 85 0 6 0 0 0 7 0 15 15 8 66 24 0 0 38 0 50 65 8 0 24 0 0 0
 0 0 59 0 0 5 0 0 61 94 0 0 58 35 49 17 0 0 78 0 0 5 0 0 0 0 0 26 0 0 0 0 38 9 0 81 21 38 0 0 0 1 14 84 0 47 3 22 8 5 92 4 43 13 49 0 0 0 0 0 0 0 74 7 12 0 0 73 0 79 70 19 50 5 0 41 16 0 27 0 42 0 74 56 0 0 47 43 35 0 0 12 48 0 0 7 38 0 0 5 46 0 0 0 50 0 44 24 0 53 0 47 0 7 10 27 81 0 0 26 0 5 0 31 10 0 0 41 58 0 0 0 16 26 23 71 0 0 0 8 44 0 0 0 28 39 0 24 0 0
 33 0 0 0 0 0 0 0 0 40 96 0 23 0 8 20 0 0 8 0 0 0 48 0 0 24 0 0 84 34 38 0 0 0 0 0 22 0 17 32 0 19 0 37 0 29 2 2 0 44 0 0 41 24 0 38 0 0 20 20 0 0 5 0 0 4 72 0 0 0 14 17 19 33 0 50 39 0 25 58 0 14 5 0 0 0 38 33 0 0 9 0 0 0 33 3 0 0 0 0 71 0 0 0 0 0 16 0 0 66 35 17 0 0 3 0 0 6 0 0 0 7 18 0 50 0 12 0 17 0 8 21 0 65 0 19 3 0 23 0 0 0 76 0 0 50 0 0 0 0
 8 15 1 49 0 0 0 44 55 49 97 30 9 38 0 0 0 0 0 0 24 0 0 1 14 4 59 0 0 10 25 5 0 0 0 30 42 0 5 0 0 20 50 0 9 0 1 22 0 55 0 0 0 36 18 0 19 0 0 0 0 0 0 0 4 0 0 0 0 0 32 0 11 0 0 29 0 0 52 27 1 5 0 57 0 5 43 0 0 0 0 0 28 0 15 0 23 0 0 84 78 0 0 46 0 0 10 28 0 0 0 0 0 3 20 30 0 54 0 33 0 0 50 48 0 0 0 0 0 0 79 4 0 0 46 7 66 80 0 0 1 0 0 77 37 26 13 0 62 0
 36 25 0 0 25 0 0 0 0 0 0 0 46 44 0 0 0 55 18 0 1 32 27 0 64 0 80 0 0 0 0 0 0 0 0 68 0 50 49 0 3 16 32 0 0 0 25 11 30 0 0 36 54 0 0 0 3 20 0 0 30 59 0 76 9 0 17 0 0 0 0 27 0 79 63 0 31 0 49 0 2 7 58 42 38 14 36 11 57 45 15 0 24 21 0 7 51 0 69 0 53 0 20 7 31 83 24 0 0 0 0 23 0 14 0 48 0 0 0 24 87 0 0 18 48 0 0 0 0 0 0 0 0 0 0 14 34 37 47 0 48 12 0 0 0 6 0 9 18 0
 0 19 5 10 27 45 0 30 30 0 2 0 0 86 0 0 11 7 29 36 79 41 0 21 11 0 11 0 14 0 12 79 37 58 55 0 0 39 0 0 31 10 0 57 58 0 0 19 62 0 0 37 4 0 0 60 8 0 55 0 7 53 0 28 45 0 0 0 0 0 39 50 23 0 77 0 0 0 0 0 64 55 20 15 0 0 24 0 0 0 7 0 5 40 0 0 47 0 45 20 47 22 0 0 0 0 0 0 0 0 0 0 77 5 23 0 3 36 5 20 0 0 0 6 61 0 24 0 27 38 2 0 0 26 57 22 0 3 0 31 0 32 25 78 0 33 0 0 74 38
 0 0 0 13 80 30 0 38 0 0 0 35 40 63 60 33 49 40 0 0 49 1 0 0 1 0 0 19 0 0 13 30 0 38 0 3 0 0 52 73 0 60 36 0 37 0 55 35 26 33 0 0 0 0 38 47 0 0 5 99 26 21 34 0 1 0 5 60 75 19 0 5 0 0 54 67 75 19 0 57 0 57 0 2 0 0 0 0 0 0 7 0 40 0 0 65 86 40 69 0 40 0 34 0 0 19 0 0 0 0 0 0 0 0 10 0 0 6 0 0 17 55 78 0 0 63 55 20 0 21 9 0 0 5 9 0 0 0 0 0 66 43 30 0 0 0 0 44 0 0
 37 0 0 0 0 0 16 0 0 0 0 74 24 42 0 26 0 0 0 10 17 35 41 0 6 13 0 0 70 0 0 0 47 0 41 17 11 0 15 0 8 0 28 0 0 14 79 45 0 4 56 28 0 11 0 26 50 39 0 76 0 11 0 42 0 0 35 0 45 0 0 0 0 0 0 55 78 0 45 0 52 0 0 0 0 14 41 0 16 0 0 0 36 49 0 0 0 0 0 25 18 13 12 0 0 4 31 11 0 0 50 4 0 48 4 0 0 9 0 0 0 0 5 43 0 0 0 5 8 22 0 17 0 0 8 51 36 0 0 0 7 39 27 0 0 5 35 83 18 46
 17 0 25 1 0 44 0 0 60 52 10 14 53 0 0 25 38 0 23 61 82 93 0 9 72 0 0 1 0 0 0 0 0 47 0 0 44 60 0 29 22 53 0 0 17 0 37 0 0 28 0 50 0 0 6 61 0 0 20 18 34 19 25 0 10 0 0 0 0 78 0 51 23 30 0 0 0 0 0 79 0 0 17 0 0 0 0 74 79 65 26 7 0 0 7 33 0 0 0 0 0 47 0 0 46 0 55 35 0 0 36 10 66 43 0 19 0 0 59 0 0 0 0 0 0 0 0 48 28 34 0 0 0 30 0 0 0 0 0 0 0 9 0 0 0 0 0 0 0 26
 0 0 44 0 0 44 0 13 32 28 21 3 0 0 0 40 27 82 74 11 0 17 0 3 0 20 18 72 87 0 0 35 5 16 15 0 30 0 29 0 0 0 0 0 49 0 0 48 37 0 74 0 46 51 48 68 3 0 0 4 0 0 46 56 37 15 0 12 0 0 73 53 51 0 16 0 45 1 15 0 0 5 78 0 0 50 78 0 58 0 82 68 44 1 32 25 0 0 21 0 0 57 75 35 39 60 18 48 43 52 0 30 0 0 20 27 0 0 55 39 32 2 59 87 21 0 23 0 49 28 0 0 0 0 36 0 0 43 0 27 0 24 12 0 30 34 0 56 0 17
 20 0 0 3 34 16 22 23 0 0 0 13 0 0 22 54 0 0 40 0 61 0 0 0 1 10 0 21 0 0 37 50 0 0 68 34 0 0 7 50 50 75 6 0 0 30 52 0 0 0 42 21 0 0 41 76 16 0 86 43 0 0 33 0 0 0 13 39 0 0 0 0 43 0 0 0 0 49 11 0 0 8 0 21 0 42 42 0 52 41 11 24 0 0 66 0 0 0 23 0 0 0 0 44 0 0 0 0 44 24 0 41 0 0 13 17 0 0 4 40 0 67 0 0 0 52 0 6 0 12 20 36 11 23 2 33 66 36 0 0 0 30 57 0 0 18 75 0 0 1
 24 0 2 59 0 0 43 0 33 24 0 33 50 0 6 0 0 0 13 5 0 26 0 2 42 5 0 0 0 0 60 19 16 0 17 66 30 0 0 0 0 0 0 54 0 0 0 0 0 0 84 0 38 45 0 0 0 38 0 29 30 0 8 0 55 0 0 63 0 0 0 68 48 56 2 0 0 13 56 32 0 16 0 0 0 0 0 0 75 0 0 19 33 45 0 82 0 0 62 0 30 0 11 33 0 0 12 0 47 0 59 0 0 1 0 0 0 0 0 0 54 0 0 6 0 0 40 0 24 22 0 0 0 85 0 0 0 10 48 0 0 0 64 0 0 0 75 2 0 41
 56 0 68 32 0 42 23 6 0 5 21 0 0 0 0 0 0 50 0 23 77 0 30 0 0 0 0 86 14 0 3 0 0 0 0 0 15 0 0 38 0 0 0 81 0 0 0 0 0 0 0 0 0 0 17 0 82 0 39 33 0 0 30 0 0 0 0 9 0 0 30 34 0 21 0 0 43 49 0 9 0 0 0 1 2 0 0 7 17 0 0 0 32 0 32 0 0 40 47 69 27 0 0 0 0 0 0 44 18 38 1 50 0 68 22 0 0 0 4 93 4 37 15 0 52 0 0 0 1 0 5 68 0 26 36 0 0 21 0 97 0 0 46 2 0 0 0 0 0 0
 36 13 32 0 0 0 29 0 20 0 18 29 0 0 0 0 0 0 90 0 43 15 32 80 11 29 0 7 0 0 0 0 27 80 0 33 0 36 0 43 0 57 5 5 41 0 28 4 0 0 0 0 0 1 0 23 30 44 18 0 0 3 21 22 39 0 41 17 80 22 60 22 0 0 0 0 27 63 38 0 0 0 15 0 0 0 0 0 0 0 56 0 16 70 73 0 14 0 29 0 0 0 51 2 92 6 0 0 0 0 0 0 13 0 3 0 0 0 17 61 20 29 2 15 31 0 92 0 0 8 36 26 22 34 68 77 9 0 28 42 23 64 0 24 0 38 0 20 10 0
 0 4 0 40 0 0 0 0 0 76 0 58 0 9 32 0 1 7 8 66 0 0 41 13 0 0 0 0 3 0 0 0 44 37 40 0 27 2 0 10 0 0 0 37 0 24 15 78 59 0 0 0 75 0 0 0 0 0 0 0 0 0 0 0 0 17 0 89 0 5 49 69 10 31 77 0 59 0 12 0 0 47 0 28 25 0 0 53 0 0 25 48 0 0 23 0 37 0 0 0 0 0 0 23 0 31 16 0 0 0 36 0 0 31 0 0 0 0 12 0 18 79 0 0 0 0 15 40 74 5 48 0 0 0 13 0 0 0 0 0 0 26 0 82 9 15 0 51 9 10
 0 0 22 0 36 0 18 0 74 37 33 0 15 0 42 11 0 0 19 0 0 0 0 89 0 0 0 60 0 19 29 54 6 0 57 0 34 56 0 0 65 0 27 4 0 0 0 25 17 0 1 16 0 29 0 0 44 0 78 4 0 0 0 20 0 0 0 0 65 0 0 12 0 0 19 0 51 38 0 0 66 57 0 0 28 0 0 22 87 11 0 0 28 0 15 2 30 42 0 28 0 70 65 0 0 0 0 0 2 17 2 0 26 0 22 0 0 10 37 0 0 0 15 3 0 14 7 0 48 0 0 0 46 0 72 0 0 17 4 0 58 16 27 0 0 0 0 41 0 0
 0 0 2 2 16 18 0 80 56 90 13 0 0 0 0 0 0 10 0 0 16 0 62 55 16 24 46 0 0 0 0 29 5 3 0 0 0 0 47 0 20 0 0 0 0 0 0 59 27 11 5 56 0 0 0 0 67 0 23 0 0 0 0 0 0 56 0 0 21 61 0 33 64 28 57 0 26 0 71 0 0 40 0 0 0 0 17 0 0 59 89 12 30 0 37 0 34 0 11 27 0 0 34 42 0 54 66 0 69 89 0 50 56 0 0 38 55 49 0 0 0 0 22 0 8 8 0 0 33 3 45 33 0 52 0 0 0 0 4 0 42 0 31 0 1 29 60 59 0 0
 0 0 0 0 0 15 0 25 0 4 0 0 1 77 2 0 4 0 0 0 7 0 46 11 0 52 50 0 0 0 42 23 0 50 0 29 0 0 22 0 0 0 3 0 0 0 53 10 35 0 7 0 0 0 20 0 0 0 64 13 22 0 0 0 40 0 0 0 52 80 0 0 2 0 0 0 0 9 41 19 54 54 15 1 8 0 2 0 30 58 0 0 0 0 33 55 29 0 52 47 15 0 0 46 24 4 30 0 0 17 0 6 0 0 60 0 0 28 46 52 1 0 0 0 9 0 0 0 7 0 0 0 0 0 30 0 36 0 0 0 0 6 0 5 0 52 0 5 40 0
 75 0 32 0 29 0 38 43 0 7 11 0 0 0 69 5 9 0 10 10 52 0 52 11 0 0 68 23 0 0 40 0 69 0 71 0 9 0 0 77 0 0 51 0 25 0 0 0 61 0 15 1 0 32 54 31 0 25 81 10 0 0 70 43 23 0 0 14 69 0 29 4 0 0 0 0 70 40 0 65 28 4 32 18 28 4 0 0 0 0 28 16 0 0 14 0 0 0 0 0 0 0 0 64 19 0 36 27 0 0 8 8 0 0 2 49 13 8 80 0 0 20 0 0 91 0 19 13 24 6 0 0 0 0 22 32 54 13 0 0 27 0 36 0 0 0 0 0 21 0
 0 0 0 0 0 0 33 0 0 0 61 45 42 10 0 6 0 0 0 21 0 0 54 0 13 11 0 26 58 0 73 19 0 0 14 0 36 0 0 5 42 22 0 3 3 30 30 37 0 0 0 13 0 0 0 46 17 43 0 14 14 0 94 0 75 5 58 0 0 0 0 3 0 13 0 0 24 2 89 34 0 0 49 30 7 0 0 48 0 16 0 39 8 40 0 0 0 1 0 17 0 8 0 19 96 0 61 0 0 0 0 0 61 0 22 40 60 0 0 0 0 1 0 41 0 15 61 28 0 25 0 0 28 62 0 71 18 0 25 36 27 0 0 0 0 9 38 13 8 0
 52 17 35 1 6 0 47 30 23 5 0 8 62 0 78 0 2 0 56 49 0 43 0 23 97 29 70 0 18 0 0 6 0 0 32 0 0 0 2 0 25 0 0 0 0 0 5 0 7 42 0 0 0 0 0 14 2 0 0 0 0 0 8 40 0 18 0 0 0 0 0 0 0 24 15 0 52 32 0 10 0 6 0 40 0 27 56 0 31 49 0 0 0 16 41 53 0 0 36 23 50 0 29 95 14 25 0 10 7 55 0 0 27 0 0 18 4 20 0 0 30 0 0 0 61 41 15 8 4 0 39 0 0 0 0 0 32 0 0 0 0 5 0 0 41 0 0 0 0 0
 0 87 0 63 0 3 0 0 32 54 0 0 8 33 3 16 43 33 19 66 32 11 75 0 7 39 11 9 72 43 0 0 0 0 0 55 38 0 0 0 0 0 9 0 33 0 0 0 0 0 12 0 4 62 0 40 0 0 0 71 62 42 0 94 0 91 15 57 29 11 0 39 0 4 0 0 16 0 0 37 0 0 14 7 0 33 31 90 12 35 26 60 31 0 0 5 48 43 0 0 0 0 35 16 0 38 63 57 0 2 51 0 0 0 0 0 77 92 0 9 36 36 62 0 89 39 0 0 0 0 67 63 0 0 0 31 0 75 27 57 0 73 0 60 14 0 37 3 24 86
 15 0 0 0 0 59 32 5 35 43 0 0 6 0 0 49 48 45 0 0 0 44 32 0 15 0 0 0 13 30 26 63 0 3 53 49 0 3 0 0 43 0 43 0 12 0 0 0 64 0 35 0 58 41 10 0 47 46 0 51 36 75 61 67 67 0 43 58 0 16 62 0 17 14 0 92 0 16 0 0 0 0 0 17 0 8 10 0 40 56 53 47 3 0 0 0 2 26 6 0 44 15 12 20 24 40 0 10 0 39 21 43 0 20 59 0 0 0 0 0 0 51 0 23 47 0 0 0 0 0 39 79 0 4 0 5 12 1 55 0 55 0 45 8 75 6 0 0 0 13
 0 0 14 4 0 74 6 0 0 59 82 0 41 0 0 32 19 0 0 0 53 87 34 0 0 0 12 0 0 32 0 57 0 0 0 0 43 11 0 38 62 46 0 0 50 15 14 0 0 68 0 15 24 15 0 0 1 29 36 61 4 45 0 0 51 0 0 0 12 0 30 0 12 13 0 0 0 0 0 0 0 11 0 33 0 1 3 0 0 47 44 0 7 31 11 0 93 9 16 0 0 0 41 31 0 0 47 38 0 5 36 21 0 0 18 0 62 42 61 9 37 0 25 20 0 10 0 0 79 32 0 0 0 19 16 35 33 39 0 0 67 0 40 38 0 0 2 0 27 0
 0 53 0 0 0 0 0 61 0 0 20 21 8 0 20 0 6 0 6 0 13 0 0 0 0 23 0 21 55 25 41 26 45 34 19 59 34 56 0 0 0 27 0 0 8 2 2 0 0 0 0 0 8 15 0 0 0 60 0 0 0 0 31 0 35 0 42 0 16 0 0 0 0 92 0 27 0 0 28 24 0 0 0 12 0 29 24 0 0 9 0 0 0 56 22 0 64 19 0 33 29 0 24 0 22 0 32 27 15 37 75 0 20 0 12 64 0 83 70 0 0 71 0 83 49 4 0 0 37 19 27 42 5 74 43 36 0 0 0 0 0 43 0 0 0 0 0 0 0 0
 61 48 54 11 12 0 12 0 0 0 54 18 53 0 0 49 0 0 17 28 56 0 0 44 0 0 5 20 20 1 0 33 0 92 0 0 18 20 18 0 29 0 0 36 12 3 38 0 12 0 16 0 36 28 20 51 62 22 0 0 21 0 0 0 0 5 5 0 3 0 0 0 0 26 0 29 15 0 0 0 0 3 0 88 0 23 1 0 0 0 0 0 0 0 0 0 20 13 26 62 0 0 33 0 63 42 0 53 1 26 0 0 71 7 0 21 11 22 0 0 0 25 6 25 0 0 0 8 0 49 0 0 4 28 0 0 71 0 24 0 1 0 64 7 0 0 66 5 17 36
 0 0 25 47 0 59 0 19 23 41 13 16 27 0 8 0 4 0 0 0 15 22 0 0 14 10 0 0 0 30 0 4 0 30 22 0 0 76 0 8 0 40 14 0 0 33 0 0 0 0 2 0 80 0 0 0 58 8 1 0 12 86 56 0 17 0 0 47 18 57 89 4 43 0 0 71 0 0 80 0 42 66 0 0 0 75 0 19 27 49 0 0 0 0 6 51 0 6 7 28 43 0 0 86 56 0 32 40 17 0 0 0 0 0 0 0 0 0 0 23 10 19 0 50 0 25 0 0 0 0 27 0 0 34 0 64 0 15 0 6 77 0 0 0 0 0 51 63 39 0
 0 27 0 20 25 35 74 0 66 0 23 0 0 26 0 0 23 39 0 0 38 0 18 21 6 0 13 14 67 0 0 15 0 15 80 72 41 0 28 0 33 0 48 9 24 0 29 2 0 34 0 0 83 0 0 16 81 0 0 57 95 39 31 0 0 45 14 15 0 0 0 26 0 0 0 0 75 0 0 0 0 69 2 0 0 48 2 4 2 31 0 7 0 0 0 4 0 33 0 0 0 23 34 71 64 1 24 32 0 0 0 85 60 0 58 0 0 0 45 46 0 5 28 14 45 0 9 0 0 0 2 0 32 50 0 0 0 36 0 6 36 0 35 20 0 7 26 63 0 0
 13 30 0 0 3 30 4 39 0 0 0 0 33 10 31 0 0 0 21 0 0 8 0 0 24 4 0 0 35 0 55 0 0 0 31 0 69 0 21 0 0 51 0 0 13 0 0 0 49 0 0 0 91 0 0 25 18 0 0 0 0 0 0 38 44 15 0 22 0 14 0 0 0 0 0 0 0 0 35 12 0 0 0 22 0 16 66 50 7 25 2 0 0 73 0 0 0 74 11 56 0 10 0 60 0 0 0 0 88 0 23 29 52 42 25 0 36 2 0 76 0 62 16 0 8 27 0 83 67 49 0 0 31 0 28 0 30 79 35 0 0 5 0 0 48 16 17 57 49 41
 53 11 0 24 0 0 2 60 0 0 70 33 0 0 19 57 0 77 0 2 23 0 0 0 47 23 32 33 21 22 0 0 0 0 0 25 8 32 0 7 3 14 0 35 0 60 0 78 4 16 12 8 0 25 0 71 0 59 0 0 53 0 26 39 0 0 9 13 0 0 23 30 27 0 49 0 0 27 0 0 41 0 0 0 33 20 10 60 0 0 0 35 4 46 31 9 19 62 63 0 43 12 0 31 38 16 0 0 70 0 28 0 0 0 0 0 0 25 64 0 0 0 0 0 32 8 0 0 11 0 29 0 0 0 0 0 23 76 2 12 0 0 20 91 2 0 51 0 66 0
 0 0 45 0 0 0 0 0 0 65 0 0 0 38 0 0 5 0 0 23 38 54 14 30 0 0 11 75 0 17 3 57 4 0 61 0 0 12 83 0 26 0 6 21 3 0 0 0 27 0 0 75 0 0 0 1 83 0 81 0 0 0 0 0 0 0 0 0 9 58 49 12 35 0 70 8 26 0 0 0 78 0 0 0 4 0 63 30 0 0 25 11 0 58 0 0 0 75 34 0 1 0 29 0 0 0 0 4 22 0 0 12 39 77 6 11 10 0 0 7 0 0 22 0 0 42 45 0 0 44 31 5 32 0 0 0 0 0 74 18 0 0 0 0 24 0 0 39 0 0
 42 79 29 30 0 66 24 9 0 12 0 28 43 11 0 45 0 25 0 39 0 0 0 47 50 64 0 0 54 8 61 0 29 73 0 17 62 0 18 6 54 0 0 0 0 0 41 29 32 36 0 0 27 33 32 42 0 24 21 35 0 0 23 9 0 34 0 33 0 23 37 0 5 0 36 10 0 0 53 12 0 0 0 30 53 15 0 12 0 0 0 9 18 67 63 55 60 0 29 0 0 0 86 1 0 33 8 35 0 0 0 34 38 0 34 49 50 0 24 0 0 0 0 0 76 19 75 29 27 0 27 64 0 41 0 0 0 39 7 22 0 41 0 0 0 0 0 80 0 0
 0 0 0 20 82 0 56 70 0 29 15 32 0 0 8 0 0 5 0 52 29 15 22 0 0 51 11 0 0 13 0 0 75 0 6 0 29 0 0 0 63 0 0 0 0 33 0 36 0 0 0 47 0 27 22 0 1 11 0 0 0 37 0 0 10 0 28 59 18 49 19 74 51 0 0 0 59 0 0 70 0 0 0 7 29 0 0 0 36 34 80 45 53 3 53 0 15 11 81 0 0 19 42 0 63 9 26 39 7 83 11 0 6 0 28 0 0 73 18 0 9 80 0 0 0 43 0 14 4 63 51 46 0 0 18 11 0 0 0 0 52 24 0 0 20 35 91 0 0 0
 0 10 0 0 94 81 12 0 0 0 0 0 0 0 0 39 0 3 0 6 41 0 3 3 29 78 73 0 46 24 79 0 0 76 0 66 0 0 47 14 3 41 61 0 9 40 0 48 0 0 17 0 0 68 0 0 0 65 55 5 33 44 5 50 0 0 0 24 0 0 64 0 20 0 8 0 0 8 0 25 28 0 0 45 22 0 0 0 81 0 0 41 51 18 0 21 37 0 4 23 9 57 75 47 0 19 57 9 49 0 8 0 0 20 22 0 0 0 0 80 67 75 2 0 1 4 35 0 5 0 0 0 0 54 0 3 3 23 18 33 18 0 9 0 0 0 74 41 0 66
 46 28 0 30 9 0 99 0 80 0 45 0 0 4 0 0 58 1 0 14 3 0 59 0 76 0 0 19 1 0 0 22 15 32 0 0 42 66 0 36 84 0 53 0 0 0 0 35 39 82 63 16 0 50 16 42 0 0 37 53 0 1 46 0 0 0 0 0 3 45 23 36 0 15 58 0 25 0 0 0 0 58 0 0 0 10 13 0 0 0 0 13 0 29 73 0 45 30 0 61 0 11 69 0 0 0 0 0 0 15 39 0 37 0 0 0 26 13 0 0 42 0 0 0 0 50 0 0 7 42 0 35 10 16 7 23 0 28 0 0 0 0 5 5 0 46 8 0 48 12
 0 27 15 58 0 0 0 2 37 0 0 50 11 0 51 10 41 26 5 0 0 0 0 0 27 34 68 0 17 18 24 15 75 0 3 0 15 0 0 5 18 54 14 63 51 25 17 0 0 17 11 0 0 0 0 25 11 0 9 0 0 51 0 17 0 0 0 9 0 0 26 0 0 48 0 0 11 7 0 50 1 7 23 0 0 0 27 70 0 23 33 0 34 31 62 0 0 22 0 36 0 0 41 0 0 19 0 37 0 0 56 12 0 39 42 0 8 18 0 75 9 28 18 0 3 55 23 0 7 44 0 26 33 0 0 47 4 0 7 0 28 36 0 0 5 0 0 9 0 41
 65 42 0 0 0 0 10 79 21 14 5 0 2 0 0 77 0 0 6 25 61 0 55 41 2 37 0 0 11 0 0 0 0 0 47 0 0 9 0 3 30 0 17 0 34 4 0 0 0 0 1 6 0 0 0 41 0 44 88 3 0 0 5 4 0 15 0 0 0 0 6 2 0 0 0 0 16 5 0 0 0 53 0 57 9 7 60 0 21 79 0 0 0 0 23 0 0 0 0 0 0 0 17 0 72 0 0 31 0 5 41 42 24 0 0 9 0 0 0 29 23 0 0 0 0 0 25 34 30 51 0 0 0 0 46 42 5 54 0 68 16 0 66 0 0 0 0 52 12 0
 95 7 0 0 1 0 0 11 95 0 0 6 27 58 2 0 79 74 0 30 11 1 0 37 14 1 55 0 42 94 43 0 0 0 0 20 86 0 13 34 0 0 74 0 0 70 0 0 3 2 60 48 26 13 60 0 0 36 0 23 3 88 2 0 0 29 0 1 0 71 34 24 0 1 7 56 15 60 0 61 0 0 0 81 28 49 0 0 0 2 0 0 8 0 0 15 0 69 3 0 59 11 0 10 2 24 0 0 0 75 48 0 0 0 0 19 0 0 0 0 0 2 5 0 8 0 0 0 7 0 28 0 0 4 7 0 49 30 4 57 0 0 0 55 0 0 0 0 46 0
 16 34 0 0 50 3 0 49 0 0 0 0 0 47 0 0 0 57 0 20 30 0 0 39 21 0 27 0 0 20 21 0 0 0 39 0 7 60 1 0 63 64 25 0 2 7 68 0 32 0 38 0 29 49 0 81 0 0 28 43 10 0 0 0 0 0 0 15 0 17 47 19 0 74 0 40 16 0 0 23 0 0 21 0 25 15 14 0 39 1 0 17 0 52 0 0 45 0 0 0 0 61 40 0 0 0 0 0 0 0 0 52 34 0 4 15 0 0 65 0 0 59 63 0 0 0 0 70 0 39 0 0 0 0 6 0 0 44 66 42 0 0 0 0 0 85 23 0 0 0
 47 32 50 0 29 0 0 53 0 0 0 0 0 0 0 0 50 0 45 13 15 0 0 0 0 0 70 0 18 48 28 78 25 56 40 0 3 0 38 0 0 0 0 48 41 46 45 39 0 0 72 0 22 16 47 0 0 41 0 3 0 4 39 0 0 0 65 0 36 0 0 0 46 0 29 52 0 0 2 36 3 57 67 3 0 0 6 69 0 8 0 22 0 83 0 46 65 82 40 0 0 0 0 35 0 0 0 0 0 44 0 0 0 0 14 44 0 17 0 28 0 19 0 6 0 44 33 1 0 5 6 20 77 66 0 82 0 36 0 0 0 13 38 19 0 0 74 38 0 0
 52 0 0 0 0 56 0 0 42 0 9 29 0 0 0 38 51 0 16 64 30 43 0 0 0 0 0 29 0 61 0 63 54 0 65 26 0 0 0 0 49 29 0 49 18 0 0 4 18 0 59 38 31 0 1 49 9 0 47 26 6 55 46 25 0 45 0 79 0 0 35 0 15 0 31 6 85 44 53 0 65 0 0 21 0 41 0 0 22 0 0 13 0 0 0 9 3 35 0 6 0 59 0 73 1 37 0 0 57 23 0 0 42 95 14 0 0 0 15 0 0 0 54 0 4 17 16 35 0 0 10 0 0 0 0 24 0 88 0 0 0 44 0 0 24 2 0 0 47 65
 0 0 28 19 17 28 0 0 2 0 0 0 0 40 0 0 0 39 58 23 20 32 2 62 0 22 32 77 0 35 50 0 97 8 23 0 64 0 20 0 38 7 0 0 93 0 15 10 21 68 31 11 0 0 20 10 23 3 62 0 0 37 0 48 0 0 60 0 40 0 58 0 0 0 0 12 8 0 71 0 22 64 65 0 35 0 8 78 0 13 0 0 0 7 0 61 0 0 61 0 22 7 42 0 36 0 0 46 0 0 0 16 0 40 52 55 45 79 56 52 0 0 0 32 60 21 84 63 23 0 37 0 50 0 2 0 47 0 56 0 0 83 13 42 80 0 41 17 2 0
 0 0 30 0 48 57 66 0 53 0 31 46 64 55 21 0 45 0 0 0 23 19 0 0 0 0 0 33 42 0 0 64 54 0 0 67 54 0 40 14 15 0 0 0 0 0 0 0 0 0 56 29 53 37 0 0 27 11 67 27 0 0 36 50 0 57 0 0 4 0 52 52 0 31 0 0 0 1 0 0 84 0 0 27 0 0 15 0 0 0 0 0 83 65 54 1 97 29 49 0 0 0 0 81 48 40 0 2 32 0 0 0 0 0 10 22 0 0 45 0 5 6 5 0 0 0 0 0 31 0 21 0 15 24 50 88 6 2 0 0 19 0 0 26 0 0 32 11 0 24
 0 3 78 0 0 7 63 15 5 0 30 48 0 0 12 0 0 8 0 33 18 21 42 0 0 20 0 0 12 15 17 0 26 45 4 31 70 0 0 10 0 70 0 72 0 0 0 4 0 0 0 57 0 53 29 26 46 0 4 19 50 0 0 0 32 0 11 0 54 37 0 0 0 0 59 60 43 37 39 0 25 34 31 0 0 33 67 10 72 0 74 17 30 3 0 1 46 0 89 25 0 80 0 0 72 0 0 5 17 6 51 0 0 33 0 18 26 0 74 55 64 0 10 33 0 0 0 0 0 0 0 0 0 0 3 44 0 0 0 52 0 1 0 0 58 96 10 0 7 0
 0 0 0 24 0 43 0 2 0 0 0 25 0 0 14 5 18 0 20 0 34 21 0 14 34 11 5 23 27 0 0 0 0 0 0 0 0 57 32 0 31 30 15 18 42 0 0 0 0 48 0 16 66 45 26 0 0 9 50 0 0 0 0 0 23 17 81 0 47 39 0 24 59 0 57 15 0 0 40 0 0 54 44 0 0 4 12 0 13 0 0 0 16 0 39 6 0 33 17 0 6 0 5 18 18 30 1 46 34 0 0 0 84 0 0 39 0 0 41 0 9 37 46 74 66 20 0 0 12 0 44 0 12 12 87 0 88 0 43 0 23 61 16 34 45 0 0 52 0 0
 7 0 36 33 0 0 0 0 0 0 0 0 1 4 8 0 28 0 18 0 15 0 61 0 38 4 0 50 76 0 0 0 0 0 29 21 70 0 29 0 0 0 0 19 63 0 0 0 30 74 0 0 0 47 75 0 0 0 24 0 0 0 0 20 7 0 58 11 21 0 0 8 0 21 0 0 53 31 0 0 8 88 0 0 0 2 0 0 0 0 0 6 0 5 28 72 0 26 0 0 9 0 14 23 44 10 10 0 0 30 37 0 24 0 39 0 0 0 94 0 0 79 0 0 0 48 0 0 17 33 23 0 0 0 0 42 0 0 39 0 27 14 0 5 49 5 53 41 56 0
 16 13 0 4 3 10 0 6 20 0 13 0 64 31 0 54 0 0 0 3 0 21 0 19 19 0 0 72 26 1 0 60 32 0 22 21 6 63 2 0 0 16 0 31 51 0 1 0 0 0 18 0 0 0 11 0 40 62 25 0 0 0 26 0 0 0 31 9 19 0 0 0 0 17 0 53 30 3 91 0 31 2 0 24 34 1 25 0 61 0 0 3 51 2 0 0 0 10 0 0 0 46 0 0 0 34 0 0 0 0 71 32 23 0 0 0 0 0 0 1 91 30 10 0 27 0 0 0 0 6 3 0 11 73 0 98 0 7 3 18 0 48 12 0 1 0 0 58 0 0
 43 9 0 6 0 99 0 85 23 31 0 6 9 0 0 0 0 0 0 25 11 0 70 46 47 34 0 0 0 0 18 7 22 0 39 0 0 0 0 0 51 59 0 0 0 38 0 31 0 0 53 0 12 15 13 89 0 0 0 0 2 63 51 11 27 7 0 0 0 0 0 2 0 75 7 0 94 0 37 0 0 0 0 43 0 72 29 62 46 0 11 83 0 0 8 0 0 0 27 0 81 86 3 0 0 0 13 4 24 56 7 0 21 2 39 51 0 0 6 94 62 12 0 0 0 21 70 0 0 46 0 27 0 0 40 0 0 83 82 14 0 0 0 33 9 45 18 0 16 22
 0 0 1 0 0 0 2 0 64 2 47 0 0 0 6 0 52 0 0 64 0 0 31 0 0 35 38 0 0 1 0 0 50 0 0 0 0 11 0 54 0 9 88 0 29 85 90 1 0 0 0 0 16 18 0 48 61 25 0 0 0 0 34 67 0 0 0 0 0 0 0 71 0 0 0 0 0 8 0 0 0 0 66 15 11 16 0 10 0 0 9 0 40 0 0 0 0 36 0 0 0 49 76 0 0 0 0 50 8 0 0 27 0 3 41 0 0 36 63 0 42 46 0 0 0 0 0 0 0 50 0 22 59 0 9 0 27 15 0 0 0 0 32 53 67 0 0 0 0 29
 0 0 33 71 0 0 0 30 76 67 0 56 0 1 50 0 17 40 63 0 39 0 38 49 4 8 0 0 12 47 0 0 0 0 0 8 1 0 6 0 0 0 49 83 0 0 54 0 38 0 0 22 0 44 0 63 0 13 0 0 24 0 0 92 0 59 0 0 0 0 0 0 1 0 0 0 8 18 0 28 16 0 0 0 55 5 55 54 28 0 0 0 0 0 0 0 0 89 0 52 45 0 0 54 0 4 0 0 0 34 15 0 14 66 0 35 0 0 8 0 50 0 0 27 26 0 23 0 0 0 0 0 0 0 4 22 41 39 0 63 0 0 0 53 0 0 11 23 0 9
 7 0 11 0 14 0 16 69 0 18 0 30 58 0 0 71 0 25 0 26 0 0 28 0 0 0 0 0 0 64 86 0 51 61 0 50 3 67 0 0 8 0 0 0 0 56 0 45 0 0 0 0 0 0 0 28 14 82 52 9 0 18 0 15 0 79 0 48 71 0 0 0 0 0 0 0 0 0 31 39 42 0 0 23 31 5 0 0 7 0 0 0 0 0 20 0 21 0 0 0 0 11 0 37 0 4 0 2 0 58 0 80 54 0 19 0 0 0 26 0 0 0 39 0 0 0 0 82 77 46 0 22 0 0 44 0 0 0 61 0 22 0 0 0 12 6 0 0 0 0
 0 0 0 0 10 22 0 71 14 61 0 76 35 23 0 0 0 0 0 0 0 16 38 0 71 0 0 0 45 0 0 0 83 11 24 0 9 69 22 0 78 0 0 33 0 0 0 0 0 35 0 0 9 46 56 12 45 34 0 95 32 0 0 44 0 0 9 0 0 2 20 0 0 2 0 55 0 21 0 0 0 55 0 0 0 11 29 0 20 8 30 0 0 0 40 0 52 0 3 0 0 0 9 30 42 0 0 0 35 76 0 0 0 0 41 0 0 0 44 61 0 0 4 67 0 0 0 0 30 7 30 0 0 64 0 0 74 13 0 0 0 0 11 0 0 17 30 0 0 0
 0 48 0 0 22 25 35 58 0 89 11 8 0 0 0 46 0 37 48 0 26 79 0 32 70 0 22 0 3 0 0 0 71 0 0 0 19 0 6 49 15 0 35 18 17 0 0 26 0 14 91 0 76 68 79 0 5 0 43 0 0 0 0 0 0 20 0 6 72 0 0 0 0 0 1 0 93 0 32 70 0 0 20 12 27 26 78 0 0 0 0 57 22 0 0 44 0 0 0 44 0 46 3 34 44 0 30 0 0 32 42 0 74 0 34 0 27 0 0 7 0 0 0 91 0 0 0 0 40 0 0 0 28 0 0 0 0 0 0 0 0 0 20 0 0 0 0 25 26 19
 0 0 0 22 0 3 0 60 0 33 49 57 0 0 0 0 0 53 21 29 33 0 23 38 8 1 85 3 30 0 0 0 22 38 0 0 36 1 40 0 0 0 0 0 68 0 82 0 0 0 37 33 14 20 0 0 14 14 0 0 58 57 87 0 0 0 29 30 0 41 19 0 0 20 89 85 0 0 0 0 100 1 25 78 0 0 72 0 0 43 0 11 53 0 6 0 0 20 18 0 49 42 39 0 41 60 0 4 0 0 36 0 0 87 0 0 52 1 1 57 0 0 64 0 44 0 36 2 25 38 0 0 17 0 0 0 0 36 2 55 24 0 0 4 0 45 39 44 19 34
 0 0 0 0 52 0 0 27 0 0 0 38 22 3 0 6 0 0 0 0 0 0 22 2 43 39 0 0 0 20 0 5 0 6 0 0 28 0 9 0 27 0 0 9 0 0 31 0 0 26 0 4 43 50 0 0 0 57 16 43 43 0 92 0 26 14 0 17 20 0 17 0 0 10 9 0 0 0 3 0 77 0 0 0 0 0 9 39 85 2 0 36 26 42 71 0 58 83 13 0 0 0 0 42 0 2 62 0 38 0 0 84 22 22 0 35 0 4 0 65 0 0 75 92 37 19 0 0 0 29 0 30 47 0 0 0 8 65 0 0 85 0 2 72 2 0 0 0 39 38
 0 42 20 54 0 0 0 29 6 0 28 54 0 0 53 0 60 0 13 31 24 0 35 0 32 71 0 38 0 0 0 37 67 66 54 7 0 0 76 0 27 0 13 0 0 5 15 33 0 0 0 47 35 0 89 0 0 0 0 0 1 58 5 98 0 27 0 0 0 18 73 37 0 80 32 71 67 0 6 25 0 44 5 6 0 82 3 35 0 0 0 14 0 0 20 11 0 0 0 0 0 0 45 0 0 74 0 0 0 74 0 60 3 0 0 0 0 0 0 0 0 65 31 0 0 0 50 0 44 0 0 0 31 0 0 17 0 0 0 30 25 2 57 65 0 0 45 0 0 67
 82 1 0 0 0 0 0 1 12 0 30 0 0 0 0 79 0 0 29 0 15 0 17 21 12 0 0 0 21 35 0 0 0 1 0 31 0 18 57 29 0 27 71 91 57 31 38 10 56 26 13 0 0 0 18 0 44 6 9 22 8 12 0 54 29 88 13 0 73 57 74 0 0 40 5 0 0 35 0 9 0 0 45 31 0 0 0 0 56 0 64 10 0 8 0 0 32 0 0 49 0 0 0 0 31 34 44 0 0 2 0 56 0 30 0 11 37 26 0 0 30 24 0 30 9 13 0 43 14 76 9 0 0 0 0 55 41 68 0 59 32 51 6 0 27 0 45 0 0 5
 65 0 0 46 0 0 14 52 59 62 0 42 16 16 58 13 0 0 40 44 55 76 0 45 0 57 41 0 0 0 14 66 68 0 85 0 0 19 48 0 32 64 16 31 0 0 15 66 0 24 0 2 0 31 24 0 7 0 0 39 0 25 0 0 0 91 54 0 13 31 0 8 0 18 0 0 46 0 0 0 61 0 22 43 0 0 0 0 0 0 0 0 20 0 33 0 0 3 38 0 91 45 4 53 82 24 0 20 0 39 0 43 0 72 10 34 0 0 35 39 18 9 0 39 19 57 0 0 0 60 39 72 57 0 0 0 63 0 44 33 0 40 0 0 0 28 0 54 0 46
 0 0 85 34 64 27 15 0 32 21 0 11 0 1 0 0 68 18 0 7 2 0 15 41 15 95 70 0 69 0 0 2 0 0 14 0 65 0 57 70 0 5 11 13 24 68 61 0 60 0 43 0 0 0 0 27 36 53 30 0 22 0 4 7 0 0 78 5 30 40 11 22 0 60 34 24 0 22 44 27 33 0 21 41 21 27 0 27 85 0 0 0 84 0 6 59 34 0 31 28 10 0 31 0 84 20 77 0 0 58 0 40 6 1 12 19 0 28 74 0 0 0 33 9 0 16 0 13 0 0 6 10 0 20 0 16 0 0 0 17 0 11 68 19 0 0 65 0 22 24
 7 0 53 0 41 4 0 29 0 0 4 24 36 57 0 13 18 0 0 0 0 0 0 46 34 12 0 55 58 0 0 31 3 25 0 0 0 0 9 0 0 0 11 0 14 0 0 17 0 20 20 26 91 0 0 3 54 22 0 84 0 0 0 17 4 53 0 92 26 68 0 0 0 47 0 0 0 0 0 0 0 10 0 27 0 29 46 0 69 52 0 0 27 0 0 0 52 0 11 0 0 34 0 33 15 0 0 0 16 33 20 0 0 0 41 8 36 70 0 0 0 85 50 38 0 61 15 0 0 0 32 0 2 70 0 0 0 0 26 0 28 41 60 32 0 11 46 10 64 59
 0 0 7 47 0 28 30 28 0 12 34 16 16 23 0 0 18 23 54 29 20 0 26 0 0 0 0 93 32 0 9 0 0 0 0 18 32 33 0 56 0 73 0 37 40 22 3 0 53 0 0 0 0 0 0 37 8 65 0 24 0 22 0 1 0 0 0 0 22 0 0 95 0 81 77 69 25 26 52 0 3 10 16 15 38 40 67 0 53 0 0 3 0 33 0 24 17 40 58 0 17 0 0 0 0 0 1 0 77 0 51 29 4 54 84 0 60 5 27 0 0 66 0 0 0 0 12 14 59 0 0 0 0 63 52 69 0 37 75 41 24 0 0 0 23 0 0 0 21 0
 0 52 27 28 19 0 0 11 74 0 42 62 64 53 0 33 0 67 19 24 54 0 0 13 0 0 78 59 41 0 0 66 24 30 0 56 0 4 0 0 0 41 0 56 58 0 0 58 54 18 28 0 0 36 27 47 2 18 74 0 24 0 26 0 0 0 0 0 35 78 0 16 0 12 0 0 0 0 46 62 47 33 11 7 48 0 66 0 23 0 0 5 43 29 6 24 0 0 0 7 0 0 2 0 0 0 0 75 10 0 11 32 18 9 0 6 39 38 25 46 0 28 0 0 36 59 0 3 32 15 66 0 0 0 0 26 67 0 38 0 31 0 0 25 0 19 0 0 0 0
 0 71 0 0 11 0 38 0 0 0 0 0 1 0 59 29 81 0 40 35 0 0 0 10 53 54 0 8 1 60 0 0 11 3 0 30 16 0 0 0 0 0 0 0 0 0 0 37 0 0 0 50 17 31 13 32 25 43 71 0 11 0 0 0 0 23 0 74 81 79 50 45 26 0 0 0 0 10 16 0 15 0 1 0 0 0 31 70 0 59 0 14 0 0 0 0 0 57 8 0 0 0 0 0 0 0 0 11 0 0 0 45 0 0 0 23 0 11 0 0 0 34 34 35 0 20 9 0 62 56 0 0 38 0 1 26 0 3 0 29 0 0 0 0 72 24 0 26 0 0
 0 0 0 0 0 20 0 0 0 0 0 33 0 0 0 58 0 0 22 0 0 0 0 0 0 58 0 0 19 0 45 16 12 3 0 0 92 0 0 30 0 2 0 15 0 0 0 13 34 41 0 38 0 0 69 0 0 63 23 3 12 21 21 0 33 0 0 18 0 0 0 52 0 0 62 12 39 0 0 28 68 0 31 60 29 0 80 0 0 71 0 58 33 0 42 3 0 31 25 24 0 72 3 47 1 0 0 36 0 0 29 68 8 2 10 23 0 13 27 77 14 64 0 0 0 21 7 0 77 17 3 0 0 0 22 79 0 0 29 0 0 93 78 0 0 0 0 22 0 28
 36 10 6 62 0 2 0 0 0 0 0 0 76 0 78 51 0 0 0 0 7 11 0 5 0 0 32 35 46 42 0 0 0 70 0 68 3 0 0 0 0 0 35 16 5 60 18 0 0 8 78 0 0 58 28 27 80 0 7 41 77 10 29 35 44 30 40 30 76 2 0 3 69 51 49 0 49 46 93 30 0 22 0 0 0 0 3 0 0 0 0 65 47 0 0 24 5 0 0 27 6 15 25 70 0 1 9 0 44 8 0 9 0 48 3 0 0 0 62 0 8 69 0 0 44 0 47 0 0 0 0 0 0 0 0 34 0 0 0 7 0 74 21 16 42 3 24 0 43 45
 33 0 0 0 0 36 30 0 0 0 0 11 0 25 23 45 0 8 6 0 0 67 0 23 0 75 10 0 0 0 0 0 0 0 9 88 64 14 51 17 10 7 0 0 6 0 0 49 0 7 0 50 30 0 0 0 41 7 21 0 1 0 0 0 0 0 0 0 0 0 12 84 0 46 0 15 39 0 16 0 45 17 0 93 0 47 0 0 0 0 0 0 34 0 0 0 77 0 0 2 0 53 0 0 46 0 59 26 0 0 37 61 0 49 67 0 0 8 0 68 0 0 0 44 0 0 25 0 59 0 0 38 21 19 0 24 0 23 43 0 0 0 38 35 89 0 31 0 29 7
 33 0 10 33 0 0 0 0 22 75 27 11 0 0 0 11 20 0 20 0 16 48 0 0 0 67 14 57 0 36 32 62 10 40 22 2 3 0 0 0 42 0 0 63 49 0 5 0 0 29 23 0 0 51 50 0 2 36 8 49 0 0 0 0 0 43 0 42 0 81 34 0 0 65 68 51 0 22 19 0 4 0 0 23 0 0 0 35 36 0 47 14 0 6 0 65 7 0 0 0 6 0 12 0 0 0 0 0 0 12 0 26 0 56 45 5 4 45 16 2 0 0 0 0 49 23 49 0 0 0 46 8 8 31 0 25 19 0 70 0 25 5 0 0 0 60 0 45 0 0
 7 11 13 17 0 0 0 42 0 0 0 0 15 11 0 0 55 79 14 11 8 16 17 43 21 74 66 6 33 15 0 59 0 0 0 11 16 38 0 0 38 39 25 26 36 0 0 0 0 0 23 0 0 36 0 43 32 55 79 0 26 0 26 0 17 0 0 47 0 42 34 0 7 0 0 96 89 0 60 3 35 0 0 0 0 0 0 0 8 0 63 0 0 0 65 15 37 0 58 11 34 25 62 19 0 0 49 0 47 0 0 74 0 14 0 0 0 0 68 32 2 0 0 45 65 0 7 1 7 0 0 13 52 0 0 0 0 0 9 16 56 0 85 0 0 4 47 0 58 44
 6 0 49 0 0 25 0 0 13 0 0 79 0 83 0 0 40 0 65 29 0 0 0 0 0 43 0 0 0 0 40 17 42 0 7 0 5 10 0 15 0 27 0 0 0 0 0 23 0 0 37 0 15 0 0 0 38 0 26 3 0 73 33 0 27 0 18 18 0 61 15 0 0 0 65 0 18 9 41 51 21 11 12 0 30 0 13 0 0 0 50 0 58 0 0 0 78 0 0 0 30 11 0 14 22 0 0 18 0 0 0 0 65 0 18 0 16 3 0 48 4 0 0 4 32 1 0 0 0 27 0 21 37 0 17 15 0 0 36 37 55 0 0 0 17 33 0 0 0 0
 9 8 21 90 26 0 0 0 28 31 29 7 31 27 0 6 33 0 0 0 0 0 27 0 37 0 0 0 0 12 0 20 16 31 20 62 10 0 34 53 23 0 1 0 0 0 2 9 0 64 0 0 14 0 0 39 0 0 11 0 8 60 66 65 0 0 0 86 0 27 0 11 0 26 0 49 0 4 4 45 52 0 0 0 0 64 0 0 14 0 53 0 5 58 0 67 0 0 9 11 0 0 48 0 30 0 0 0 7 0 41 0 29 0 87 41 0 0 0 0 0 32 0 24 0 0 2 48 0 0 18 95 0 0 0 2 16 0 0 0 24 52 2 0 0 4 0 76 27 40
 0 56 23 0 0 20 0 57 24 0 0 0 0 69 77 0 49 0 0 0 23 0 0 56 0 0 54 0 12 29 12 55 0 57 0 53 0 40 44 0 40 7 39 51 12 67 83 0 0 0 18 0 0 17 0 0 17 25 0 65 0 75 0 0 1 63 0 17 0 0 0 0 0 0 0 0 0 0 4 0 65 27 51 18 49 0 85 36 4 3 17 40 0 0 0 74 25 0 1 0 53 0 0 14 0 0 0 16 0 0 0 0 0 33 0 70 0 0 0 0 0 7 0 22 47 43 46 0 0 12 0 8 48 0 6 38 0 0 0 44 0 15 39 0 20 0 52 76 0 0
 48 65 0 0 0 9 41 36 0 38 0 0 24 25 0 41 0 1 89 0 0 12 18 60 30 0 0 0 0 0 7 26 0 2 73 12 0 35 18 0 0 0 19 0 54 0 0 0 19 22 16 56 57 45 45 12 24 0 0 34 0 23 20 0 0 16 0 14 55 0 19 0 0 17 6 0 0 0 24 2 18 79 53 0 0 0 18 35 0 0 0 44 20 0 0 0 62 0 19 24 42 0 34 17 2 21 18 0 2 4 59 47 0 0 9 21 0 34 0 6 0 0 4 0 0 41 13 0 27 0 0 41 43 18 8 0 0 13 0 44 3 0 4 5 35 55 39 11 0 0
 0 0 0 0 40 0 0 0 0 0 1 0 0 0 25 0 11 51 26 3 20 11 36 0 74 0 0 36 19 41 69 46 17 66 0 45 15 0 0 17 5 0 35 0 2 0 5 0 0 0 0 0 42 0 0 62 28 0 0 23 20 0 0 5 48 0 0 56 0 0 0 0 5 0 0 0 0 0 0 0 91 14 0 0 0 0 0 0 16 0 0 1 49 51 30 0 61 3 17 0 0 0 0 1 5 0 4 0 13 12 0 0 0 24 49 0 0 59 23 0 0 0 60 0 38 0 19 0 0 0 37 0 0 6 66 0 0 51 0 0 35 2 0 0 0 51 43 11 0 0
 31 0 0 29 0 76 0 0 0 1 0 0 0 0 0 32 44 0 0 0 47 31 0 0 0 0 0 20 0 18 6 0 21 0 0 0 65 46 9 17 15 44 0 0 0 11 22 0 42 0 7 0 0 0 0 4 24 56 74 0 14 0 25 0 22 22 22 0 0 0 57 23 0 0 42 42 0 48 0 0 0 30 14 0 79 54 0 0 0 27 0 7 37 0 0 0 0 60 36 0 9 0 0 82 0 45 0 0 0 8 0 59 74 0 25 0 34 0 38 8 33 47 11 0 0 65 14 0 22 0 0 38 0 9 0 0 52 0 45 0 75 0 35 0 16 0 0 0 12 50
 0 0 0 0 0 0 0 0 0 0 0 28 0 0 1 26 0 0 27 44 26 0 26 52 55 0 0 0 80 0 48 72 22 1 50 0 17 0 57 26 6 94 87 0 25 96 0 0 22 0 21 0 0 92 19 38 0 28 38 33 0 0 71 0 0 0 0 1 0 0 0 0 61 17 15 24 0 4 0 0 21 0 35 23 3 52 0 0 1 9 65 87 0 0 6 0 31 0 40 0 0 30 61 44 0 25 0 0 0 6 0 0 14 0 0 16 0 70 48 10 0 21 0 62 0 0 0 0 45 29 0 80 24 0 0 46 0 0 15 53 0 0 0 51 0 0 0 0 0 14
 0 73 0 0 0 29 0 4 0 0 46 0 0 0 0 49 31 28 0 70 0 3 0 13 49 0 0 0 0 0 0 0 0 0 71 63 0 17 3 0 0 0 8 22 0 0 28 0 0 21 0 4 14 58 0 0 0 48 0 1 0 0 5 0 0 0 0 0 0 0 0 0 58 0 0 6 12 46 0 9 29 30 0 14 81 0 42 0 9 0 43 41 9 0 10 0 28 0 38 62 24 0 25 73 0 53 24 34 28 0 42 25 0 0 0 0 69 0 0 78 0 3 0 74 0 0 16 0 0 10 0 0 0 18 10 0 0 46 18 66 62 2 36 0 38 60 0 0 54 0
 0 0 0 0 9 0 0 42 64 19 0 38 0 19 31 24 16 11 10 5 0 34 0 0 13 0 0 0 71 46 46 30 43 3 0 0 52 0 0 0 0 0 7 9 0 0 0 3 21 0 89 7 66 67 0 25 0 0 0 21 0 4 58 77 42 34 0 66 0 0 24 0 88 72 59 79 0 5 0 46 4 0 0 0 18 0 0 0 0 25 6 0 9 13 0 12 0 0 0 8 11 79 0 0 0 20 34 0 5 24 0 0 50 0 9 73 0 12 0 13 0 27 0 16 1 63 8 50 0 0 0 0 0 15 62 0 0 0 0 27 0 0 34 9 35 9 13 0 0 0
 0 18 14 6 85 2 27 0 0 1 4 0 0 34 1 0 63 0 0 26 59 16 12 51 54 64 0 3 0 0 0 0 0 0 0 0 0 0 34 0 37 6 0 18 0 0 0 32 0 7 62 0 0 0 0 0 0 0 0 0 0 17 13 0 4 25 0 0 0 4 62 22 41 0 16 51 36 0 29 46 34 0 0 49 64 8 64 0 0 0 0 0 0 2 78 4 5 0 63 30 14 0 60 66 11 28 24 0 35 0 7 34 0 28 48 4 0 0 36 0 35 0 33 0 2 20 0 26 6 74 0 0 0 25 16 31 64 0 11 0 0 0 0 0 0 0 0 0 50 63
 0 0 16 0 0 0 40 0 0 0 0 0 0 0 87 0 53 0 0 40 54 11 9 36 0 0 36 33 0 0 0 0 0 0 45 0 0 0 0 73 4 45 0 0 0 15 0 0 10 0 0 0 0 8 0 0 12 0 7 0 0 0 0 0 29 65 60 0 0 0 0 0 0 92 16 13 0 23 0 0 59 8 1 0 3 0 36 36 34 0 18 0 5 70 0 47 0 60 0 66 0 74 13 0 0 0 87 0 17 68 1 0 0 7 46 0 0 30 0 52 26 0 0 0 14 52 0 15 0 10 0 55 0 0 35 48 19 0 5 0 0 0 0 0 0 27 0 19 0 16
 8 3 0 0 0 0 41 0 0 0 0 21 0 1 45 16 0 41 13 63 0 2 0 0 28 23 8 0 20 0 15 16 86 56 0 0 0 0 0 0 46 88 77 0 10 80 52 0 7 0 13 0 6 39 4 0 0 0 62 17 36 66 0 0 61 38 0 77 81 15 0 51 27 18 0 35 17 69 0 0 48 4 16 47 28 24 0 39 0 19 0 0 89 0 32 26 5 0 0 0 0 51 0 22 19 0 0 72 66 58 0 23 62 0 20 36 0 0 38 0 0 27 0 0 22 22 0 2 9 31 0 0 0 52 16 7 42 0 34 16 65 0 72 69 37 0 0 4 0 0
 57 0 37 15 0 35 0 0 6 0 11 94 0 22 93 0 0 0 0 0 0 47 20 0 1 0 4 19 0 0 0 68 41 6 0 0 0 2 27 20 0 0 65 81 0 42 0 9 0 63 51 0 0 37 0 0 45 0 0 0 46 0 0 11 0 21 0 0 0 0 33 46 5 40 0 0 57 0 0 8 0 20 0 0 32 12 0 73 51 0 0 60 25 0 0 0 14 11 52 27 28 22 0 0 77 7 12 0 5 0 0 0 11 0 73 0 93 0 0 0 2 0 36 0 0 0 0 0 47 0 0 0 6 0 17 0 47 26 0 9 0 27 0 0 0 0 0 0 0 68
 0 52 54 23 77 0 32 0 3 31 12 11 0 29 15 43 0 23 0 14 35 51 38 0 0 0 19 0 0 0 0 0 0 17 0 0 0 9 51 12 0 43 6 0 0 0 0 0 21 0 33 42 14 11 23 9 25 4 64 0 81 0 0 4 72 18 45 0 59 2 0 0 9 6 73 50 76 25 0 67 49 0 0 51 0 66 9 0 20 92 34 4 0 7 69 0 0 0 16 21 14 38 0 0 0 0 0 26 0 0 0 0 20 0 0 0 51 0 0 0 47 16 36 9 75 0 0 0 31 14 0 44 0 0 29 78 0 57 0 18 1 30 31 33 51 23 0 0 17 0
 0 39 92 0 0 45 1 25 0 58 0 9 0 0 0 45 0 0 0 46 52 0 0 8 0 31 0 12 53 0 0 0 45 9 76 41 0 32 0 53 0 52 19 0 68 39 60 0 45 20 83 0 10 53 43 0 0 34 39 0 11 15 51 3 0 4 9 18 48 65 15 2 3 36 0 0 0 0 0 37 25 0 0 0 0 37 0 60 78 0 99 28 49 0 0 0 12 8 0 27 0 29 0 41 46 0 17 23 12 0 8 0 0 17 0 17 78 0 0 23 30 7 62 0 16 0 12 7 0 0 0 0 0 0 47 0 7 50 96 17 0 0 39 93 0 78 0 32 0 12
 0 43 76 30 32 18 0 45 0 0 23 32 18 67 24 14 0 0 0 0 58 26 0 84 0 65 0 0 23 0 0 9 37 8 35 0 53 0 0 0 0 0 0 42 30 2 0 0 0 0 8 0 36 0 0 0 51 75 12 34 0 0 0 0 0 56 49 83 0 0 0 0 0 30 0 43 66 15 0 0 0 0 0 0 13 86 16 9 0 0 0 7 40 0 48 17 0 31 71 67 0 68 0 5 0 0 27 0 51 0 23 0 35 65 0 0 7 0 11 0 0 86 37 0 0 0 0 0 22 0 0 0 8 0 2 0 26 0 15 0 0 0 76 0 0 0 38 0 0 0
 72 33 0 0 0 0 47 0 0 0 13 0 0 0 0 0 38 0 85 0 0 0 20 0 0 54 59 0 38 0 0 0 43 8 57 24 34 0 31 0 0 0 71 0 62 0 15 40 23 1 0 0 0 14 0 75 0 2 6 14 0 0 0 49 25 0 0 0 57 0 48 0 0 0 54 11 0 0 59 0 0 0 26 0 0 67 0 0 0 10 0 0 69 15 0 0 0 31 80 0 37 62 0 0 0 75 0 0 0 0 32 47 0 2 0 0 0 0 0 71 0 0 0 71 0 0 0 0 0 0 0 0 26 28 0 0 0 40 56 0 0 0 81 0 0 12 2 0 0 0
 49 8 0 39 0 16 0 23 10 21 34 39 0 0 11 0 32 0 63 0 81 0 5 7 73 46 22 0 0 24 20 0 0 68 26 39 0 0 0 0 0 0 0 0 25 35 0 0 31 0 0 0 13 0 0 42 10 0 6 47 39 31 0 2 0 6 21 87 0 0 21 14 45 18 0 54 14 0 64 30 0 71 1 19 0 0 0 7 66 0 52 45 0 14 53 6 37 0 0 0 0 0 5 30 0 0 65 41 0 0 0 0 10 7 38 0 41 66 19 0 20 0 0 44 0 80 13 42 17 17 0 0 84 0 0 0 0 0 86 0 0 83 67 0 73 0 11 0 0 0
 0 0 23 4 0 0 0 4 1 67 0 0 15 26 34 22 0 0 0 3 0 0 0 0 0 0 0 1 0 65 27 0 0 35 0 57 38 0 28 0 0 7 0 0 0 48 44 2 45 56 0 17 0 0 23 0 2 66 0 0 4 0 0 0 55 0 0 22 99 0 3 0 88 5 73 0 45 23 72 42 0 43 0 0 38 0 10 0 26 0 7 0 21 0 43 0 0 36 3 60 48 9 0 49 38 36 5 0 10 0 14 0 56 0 28 36 48 50 0 24 0 0 0 23 0 39 10 0 0 0 15 0 51 0 38 0 0 0 0 0 0 51 10 0 0 1 0 22 0 34
 0 2 29 37 8 19 0 0 19 0 0 48 0 16 0 4 0 0 33 0 12 52 3 0 43 0 19 18 0 0 66 73 44 2 0 0 10 0 9 0 74 0 6 12 19 0 51 0 0 0 0 0 0 0 4 54 34 29 64 37 0 4 1 0 65 3 0 17 0 0 9 0 0 14 0 0 49 0 0 12 15 13 6 33 0 0 0 0 3 43 57 0 60 0 8 13 0 1 0 0 65 23 0 7 0 55 0 0 0 31 4 0 18 35 33 0 0 0 58 0 12 0 55 0 25 4 0 0 0 64 0 89 12 0 75 0 0 20 0 0 56 0 64 0 0 0 24 71 77 34
 36 44 83 5 72 8 6 12 0 0 93 0 0 0 0 75 10 43 6 6 14 0 0 0 0 0 26 9 38 0 0 0 0 0 21 3 8 0 0 0 0 0 0 34 3 8 0 0 0 81 0 0 60 5 27 19 0 1 0 0 65 30 0 4 0 36 0 0 0 10 1 75 0 0 0 0 0 41 0 0 0 70 0 0 23 0 56 0 0 55 0 7 34 0 62 52 80 24 66 30 74 4 0 12 81 0 0 0 33 54 24 0 71 32 0 3 0 0 0 0 0 0 0 0 0 0 9 10 34 0 88 0 0 0 0 0 0 0 0 54 0 34 11 39 0 0 11 6 0 0
 0 0 0 34 32 0 42 0 0 35 4 20 33 5 0 34 73 21 3 18 0 89 7 0 33 39 63 0 12 0 0 0 0 0 0 0 0 0 0 90 0 23 0 0 12 0 59 0 0 42 0 33 0 0 0 48 0 0 77 45 9 0 0 14 55 0 27 65 0 14 0 0 47 39 33 61 40 63 74 17 0 0 50 51 2 3 0 58 0 41 0 0 0 16 0 0 0 60 83 28 0 0 1 80 0 5 0 0 0 0 0 34 0 25 0 17 43 27 8 0 0 51 0 0 41 54 0 0 30 0 60 0 0 33 66 7 0 3 59 11 0 56 15 12 0 0 0 82 73 0
 24 15 0 0 0 0 0 19 0 58 81 13 0 0 0 4 84 0 0 0 0 0 69 2 0 0 0 13 0 30 0 0 13 0 0 45 0 0 0 0 0 0 1 29 47 0 15 0 22 0 0 0 0 21 2 0 2 14 85 0 4 0 0 7 47 0 0 0 0 6 0 0 48 1 83 0 40 0 0 0 0 0 0 0 3 0 14 56 0 0 1 0 0 41 0 1 0 0 83 0 0 39 0 6 0 0 0 0 79 2 36 0 0 0 28 4 0 40 0 25 0 0 0 0 0 0 40 0 61 16 9 26 41 0 0 0 0 0 0 0 0 9 21 13 63 0 39 28 71 0
 20 10 0 15 57 37 0 0 28 0 22 0 29 0 2 0 3 45 84 14 0 33 28 0 0 0 12 0 0 2 47 32 0 0 0 23 0 39 34 11 31 0 0 0 7 7 36 45 0 28 26 0 6 24 65 8 14 0 39 43 0 40 24 12 0 36 0 20 61 0 51 0 0 0 47 0 17 0 9 0 15 69 37 0 0 0 0 24 0 0 0 0 91 10 0 3 0 0 26 76 85 0 3 58 0 0 0 0 58 0 10 56 9 73 0 0 9 47 0 68 40 37 25 5 39 26 5 0 0 0 0 0 0 8 69 11 66 0 4 0 25 48 3 0 0 41 0 10 12 67
 31 78 0 0 0 0 19 30 0 0 0 0 0 0 0 0 46 0 49 0 0 50 46 90 2 0 55 14 0 35 0 1 0 4 0 34 33 0 0 28 2 0 59 35 23 0 2 43 50 0 36 6 0 0 26 0 57 0 3 29 78 0 4 5 45 0 0 81 0 14 26 4 0 8 0 0 0 11 0 0 26 0 9 0 0 0 44 10 0 0 13 43 0 18 0 0 0 31 52 0 14 0 0 29 4 0 42 34 83 0 40 48 45 0 0 13 15 0 3 0 26 0 28 0 0 0 0 0 84 0 0 25 18 0 0 58 80 44 0 0 0 0 0 0 12 29 0 0 0 0
 0 76 0 13 0 0 0 70 0 0 50 23 35 0 40 0 0 0 70 38 43 8 42 0 23 38 28 0 22 35 0 31 27 14 70 0 0 0 26 32 0 0 0 1 45 0 0 35 0 0 11 0 30 10 0 0 0 38 0 76 0 0 45 28 5 0 36 0 14 62 87 0 0 0 2 0 0 38 64 46 56 37 0 3 0 26 0 0 0 0 0 0 0 27 0 0 0 64 0 25 45 47 34 0 43 9 0 11 0 0 35 0 0 0 64 25 3 0 63 44 0 48 13 61 70 0 16 49 0 18 19 80 0 4 17 30 0 0 27 32 11 0 14 66 7 0 59 52 0 0
 22 0 0 0 91 55 52 6 0 58 10 45 0 43 0 0 7 0 18 0 28 0 47 0 0 74 12 43 0 0 0 0 0 0 48 0 15 38 0 0 0 0 0 0 0 4 0 8 0 0 61 8 0 0 15 0 0 58 28 0 0 0 21 0 26 0 0 36 5 0 1 0 0 31 0 0 48 0 3 0 44 22 0 0 25 0 0 10 20 5 23 37 2 0 72 14 2 0 72 0 41 0 25 0 0 0 0 0 0 80 0 16 0 10 67 10 0 0 49 0 26 0 9 56 0 0 0 81 57 0 56 45 86 1 57 0 0 62 70 30 0 0 10 0 0 8 0 0 0 20
 5 0 28 0 59 0 35 0 5 83 45 0 0 9 51 49 23 0 0 0 7 0 0 76 0 0 0 0 0 0 0 0 2 8 0 0 0 0 9 0 72 0 2 95 67 0 61 0 0 14 0 19 0 0 16 27 59 0 0 0 0 47 0 52 1 0 0 0 21 8 34 0 0 85 63 0 0 7 0 0 0 0 0 0 53 0 17 0 48 14 0 0 17 0 0 0 0 0 0 0 0 26 11 67 29 43 0 48 15 0 0 78 4 0 0 0 71 0 95 67 36 36 0 0 12 0 0 0 50 0 1 0 23 0 29 68 16 26 55 56 0 16 0 13 70 0 42 0 26 17
 20 0 0 0 73 37 9 25 17 0 16 56 0 5 55 17 0 0 0 18 8 0 30 26 16 0 0 0 0 63 0 75 0 0 0 0 52 0 35 14 0 0 57 89 0 0 34 47 0 0 0 0 0 0 2 21 28 17 31 0 0 0 45 23 0 0 0 0 49 43 12 0 12 0 33 45 0 0 43 0 0 27 40 50 0 0 47 0 0 69 0 3 9 29 0 5 0 75 14 57 0 0 50 0 59 0 10 0 0 0 25 58 32 26 7 0 0 0 0 43 0 25 0 27 70 0 24 0 0 0 0 0 8 0 0 0 37 15 0 8 0 23 21 0 0 54 0 0 0 0
 0 22 19 0 0 60 0 0 14 22 23 87 0 26 0 0 44 0 25 46 11 0 0 62 0 0 42 1 0 0 0 9 65 0 41 0 82 0 8 0 0 0 22 0 6 0 5 14 0 14 0 85 0 0 0 10 20 0 0 49 31 0 0 0 0 0 0 2 39 20 18 24 0 56 60 10 28 30 72 0 36 0 0 0 0 0 70 32 0 12 10 25 0 32 0 0 26 0 5 38 72 0 33 0 5 56 35 0 0 58 0 29 0 13 0 49 0 0 0 0 12 0 35 68 24 0 13 29 0 44 0 0 1 22 0 0 0 0 51 36 0 22 4 51 26 4 0 0 0 0
 46 42 61 0 0 0 0 0 41 0 0 0 0 61 5 0 0 0 38 0 69 33 0 29 0 0 0 0 76 0 30 0 0 27 0 0 37 43 13 0 0 0 7 61 39 16 12 46 33 9 37 2 0 0 46 0 8 5 83 15 0 37 0 4 0 62 0 14 0 0 3 53 0 0 65 0 8 29 61 0 0 53 19 0 0 0 0 2 0 57 0 0 46 0 0 54 63 51 67 13 0 16 34 50 0 0 74 0 48 0 38 0 0 41 16 49 0 0 6 0 8 27 48 0 0 56 40 0 25 65 25 60 33 0 0 0 34 35 0 0 3 2 27 0 6 7 63 0 0 14
 0 0 51 0 0 45 0 0 0 0 15 0 44 58 75 0 0 0 65 52 0 12 88 12 68 60 0 68 0 0 0 0 0 0 0 0 60 19 0 0 0 0 12 0 0 36 36 37 44 0 0 0 0 2 28 0 0 93 0 56 56 0 0 20 94 0 48 46 10 0 0 0 23 0 35 60 0 79 0 69 43 27 19 0 8 66 5 0 18 0 0 46 12 0 68 53 36 39 41 54 0 0 13 0 40 88 11 19 0 0 0 3 0 0 6 0 0 0 76 52 24 0 95 0 0 12 26 58 69 0 6 0 0 27 0 62 0 0 11 3 43 0 86 15 1 43 81 0 34 20
 15 24 90 49 39 0 24 0 0 47 48 5 4 65 23 66 15 0 0 0 0 11 1 0 0 36 3 71 0 8 26 4 0 0 0 60 0 0 0 68 0 0 69 8 1 1 57 59 0 39 0 0 0 10 14 0 0 28 29 0 36 17 0 42 92 50 42 0 0 0 60 7 0 10 12 0 63 0 26 0 0 30 87 0 0 0 0 0 0 3 0 0 69 70 0 18 0 55 0 0 0 31 17 0 11 5 0 56 60 0 4 0 49 0 40 0 6 48 0 20 3 1 0 0 0 0 0 0 0 0 4 0 13 0 0 0 76 13 0 36 0 0 46 0 2 26 39 0 0 59
 0 0 0 63 21 45 0 0 0 0 0 60 21 12 41 21 41 0 0 2 0 3 30 0 0 0 24 79 0 0 0 0 0 0 1 75 1 13 34 80 0 49 0 8 0 0 32 0 0 65 7 0 6 0 52 0 23 0 0 0 0 38 16 0 0 0 0 0 34 12 57 26 0 15 0 32 30 50 53 0 0 0 0 24 0 20 0 0 1 14 98 24 26 74 24 0 0 0 0 27 14 28 0 9 81 0 5 2 2 29 0 0 16 0 0 0 41 0 0 0 0 0 57 13 0 0 2 0 0 8 50 0 0 39 73 65 0 0 32 24 0 6 0 0 0 0 75 0 0 0
 56 0 0 0 0 16 0 0 71 42 0 7 10 55 31 0 0 11 14 0 0 53 0 0 32 30 0 7 83 0 0 0 0 25 24 29 0 0 77 55 0 0 0 0 0 0 0 65 42 26 21 0 27 0 0 0 45 0 17 14 0 0 66 20 56 38 67 0 0 0 54 0 60 0 60 35 48 0 27 0 32 27 30 0 4 0 0 10 26 28 0 0 0 10 0 0 0 39 0 0 0 0 7 8 0 29 0 68 0 1 65 88 76 0 0 79 0 4 0 76 0 0 10 0 0 46 43 3 0 54 0 0 0 3 42 7 0 16 0 27 34 0 5 45 0 5 0 0 51 0
 0 36 30 0 5 0 0 42 22 0 0 33 0 47 17 0 0 0 0 7 0 30 23 28 0 0 0 16 29 44 0 0 16 10 57 0 0 11 0 0 58 82 26 0 0 60 0 12 61 0 12 16 12 71 0 14 0 67 0 5 27 53 0 0 0 0 0 35 0 0 0 0 0 0 0 0 59 7 28 0 40 0 63 0 8 0 60 0 6 14 49 78 0 17 0 62 25 0 32 0 0 72 0 0 0 0 23 0 46 85 0 15 59 49 0 0 0 0 0 0 0 0 0 0 0 0 15 0 17 52 0 37 14 0 57 0 2 0 0 0 35 0 33 20 39 44 49 0 21 63
 13 2 0 0 71 0 0 0 0 18 71 43 6 0 18 85 0 18 62 7 12 0 21 0 0 67 12 0 0 65 90 13 0 0 7 0 0 1 0 0 0 13 0 34 0 2 0 17 0 49 54 3 0 0 0 0 12 0 0 64 0 1 0 0 19 32 0 55 0 0 31 0 2 34 37 2 0 0 6 20 22 0 0 70 0 52 19 0 0 0 20 0 68 0 0 0 0 70 89 0 0 67 9 0 0 18 34 42 0 0 0 0 12 0 24 12 0 0 0 0 0 91 0 0 0 0 46 0 0 35 28 0 0 0 0 30 33 14 4 49 0 9 20 0 35 0 20 0 0 0
 58 57 0 0 0 66 0 0 21 0 39 0 0 0 67 0 0 24 10 0 0 7 0 15 92 61 42 48 14 17 0 23 30 0 29 20 0 19 0 49 12 0 73 0 63 29 6 23 0 0 1 0 66 4 40 0 0 0 65 1 32 0 0 62 0 0 0 24 0 0 8 0 0 0 0 0 76 0 0 46 0 51 0 61 39 0 0 38 63 62 0 0 0 0 24 0 0 0 39 0 61 45 0 69 0 0 0 71 62 12 89 0 38 28 22 41 36 0 64 32 0 49 0 0 0 0 18 0 0 42 22 0 88 48 0 54 0 65 0 0 0 0 21 91 27 0 32 0 0 0
 0 0 56 37 10 0 0 0 11 0 0 0 21 0 0 0 0 0 0 5 0 0 14 0 39 0 0 0 42 27 0 0 0 32 24 0 0 46 0 0 0 0 52 0 71 42 0 0 0 0 0 25 1 0 11 0 0 26 0 0 0 74 16 34 31 0 0 0 0 20 21 0 0 0 0 47 0 0 1 0 0 0 49 84 0 0 0 0 0 51 17 37 5 0 0 0 32 80 0 59 16 0 0 25 0 86 0 0 0 41 31 17 0 0 49 0 0 30 0 9 0 0 0 0 15 56 50 48 25 0 0 0 30 22 7 0 0 0 42 0 0 21 33 0 0 47 0 0 0 0
 24 38 0 43 0 0 0 0 0 0 25 0 0 15 12 58 0 0 0 85 8 69 23 17 0 17 0 0 0 50 7 27 0 0 41 61 70 81 0 0 36 31 52 12 0 0 0 0 33 0 0 0 0 42 5 0 86 0 5 40 12 10 0 32 0 0 0 0 0 0 0 0 3 57 0 54 59 0 0 0 70 43 0 14 0 0 77 0 46 25 0 85 8 5 0 70 0 0 0 36 0 0 0 16 34 0 0 31 2 43 0 1 0 0 50 63 10 27 0 0 7 0 52 0 27 0 18 22 37 5 5 0 4 0 0 20 0 0 86 0 27 0 7 50 0 0 14 0 0 47
 73 0 37 8 25 0 0 0 0 0 5 23 37 0 62 10 45 3 47 27 65 50 4 49 0 37 0 0 0 0 33 0 4 0 44 18 0 44 0 0 8 2 0 0 33 21 25 2 84 0 11 0 18 31 46 71 3 56 3 83 0 0 71 58 0 54 5 0 0 0 12 40 21 46 0 6 0 61 7 27 20 0 34 0 42 23 41 61 0 0 0 0 11 0 0 15 14 0 45 0 0 0 0 0 19 47 2 42 0 0 77 50 16 0 45 0 4 61 0 7 16 0 0 0 0 0 30 0 0 11 0 0 0 36 41 0 0 48 66 0 0 40 0 56 30 67 0 22 31 65
 58 61 0 0 0 0 0 0 35 45 0 0 46 0 0 0 29 23 90 1 73 4 43 0 0 0 0 77 0 0 56 0 0 0 22 73 0 0 35 46 0 32 0 0 73 38 20 0 51 0 14 42 36 4 18 14 0 22 23 14 41 0 0 19 0 39 0 0 0 0 0 0 25 0 0 21 0 6 92 0 0 7 0 30 0 56 0 0 52 16 67 17 41 0 0 27 22 0 0 0 6 11 75 72 37 13 7 19 0 84 0 9 34 2 0 0 0 39 7 36 0 0 39 0 1 0 19 0 0 84 22 41 35 0 0 39 70 0 0 0 0 0 27 63 10 23 31 12 0 60
 0 0 0 0 17 72 0 0 0 7 15 40 57 0 10 68 0 0 0 52 0 0 0 0 16 0 0 59 25 24 26 0 0 54 2 0 24 0 17 0 0 64 23 21 24 72 0 9 0 0 0 0 0 0 39 0 0 0 0 0 52 0 14 7 56 0 0 7 0 0 54 0 0 23 0 0 4 4 1 28 0 0 0 70 55 0 56 0 14 55 0 0 84 0 55 0 1 0 16 81 0 0 0 0 45 12 0 0 2 17 72 2 57 0 54 28 85 0 8 0 73 72 10 2 5 0 0 0 0 19 5 54 0 0 0 18 45 0 15 36 0 0 75 16 0 58 0 16 0 44
 0 0 38 44 7 0 0 0 34 0 6 0 0 0 1 11 14 0 0 17 0 0 5 35 61 0 12 2 16 0 22 0 6 34 0 0 0 22 0 48 49 0 19 0 0 26 37 0 6 0 15 0 31 4 0 0 10 14 70 0 0 0 0 24 14 0 28 5 26 0 42 0 1 0 0 0 0 14 38 0 79 0 0 0 0 32 0 46 76 3 0 44 0 44 0 32 20 6 0 0 12 0 5 0 0 26 18 0 0 26 0 16 20 0 0 73 0 0 7 16 10 0 0 0 0 0 17 0 63 0 62 0 0 78 0 0 0 0 0 0 57 0 0 11 0 27 17 0 0 0
 0 0 81 0 3 83 18 77 0 2 23 32 0 9 0 33 41 0 11 0 0 0 0 25 6 0 83 12 0 0 17 0 11 84 0 58 71 7 50 90 0 0 0 0 0 58 51 23 81 39 0 0 0 37 0 0 0 0 14 6 28 36 77 4 0 0 5 4 25 6 59 0 0 28 31 0 0 62 11 12 70 0 43 4 11 0 0 65 0 0 0 40 2 0 30 0 48 10 19 0 0 24 0 0 60 0 0 0 0 13 11 34 3 77 8 0 0 49 0 0 70 0 91 0 13 39 0 23 22 0 67 0 67 0 0 0 0 78 0 0 0 41 0 0 12 0 22 0 70 0
 0 0 0 34 14 0 24 43 0 0 0 65 28 15 0 40 46 0 0 21 0 0 0 20 4 23 0 0 14 0 0 3 0 0 0 0 0 19 0 37 0 0 14 0 41 0 0 0 42 60 0 68 0 0 0 0 0 50 8 68 48 38 20 0 0 0 37 0 0 0 0 0 0 84 5 12 8 0 0 0 75 0 0 0 0 35 12 0 14 0 0 0 45 31 6 6 34 0 58 0 23 0 31 0 0 50 0 77 0 43 1 1 0 0 45 21 13 7 0 40 23 41 0 0 3 15 8 64 16 0 6 45 0 0 0 0 0 46 0 0 12 42 0 61 0 0 0 0 0 0
 18 0 0 30 11 0 70 35 0 76 0 0 27 29 0 0 27 0 68 71 0 0 44 0 0 58 47 38 79 0 2 0 8 0 62 0 0 18 0 40 4 0 47 0 87 0 0 1 0 2 0 0 0 31 0 43 87 3 0 0 8 0 0 0 6 36 0 0 1 41 0 17 68 30 25 21 13 14 14 0 0 0 23 3 40 0 32 31 0 0 0 0 4 16 18 0 20 6 83 0 0 0 0 1 26 0 0 0 39 0 0 4 68 5 74 0 21 0 0 14 0 16 44 0 0 43 20 0 0 15 0 0 20 41 0 31 0 0 54 18 1 27 0 0 0 10 18 0 6 28
 0 81 71 40 6 0 0 38 0 0 13 0 0 0 79 0 48 0 15 0 39 0 27 0 92 8 15 0 44 5 0 0 0 0 0 0 11 15 40 70 20 58 44 7 36 53 6 0 11 0 9 0 0 75 18 36 5 0 13 0 0 69 0 0 0 0 0 0 34 59 0 0 39 0 48 0 0 0 0 17 72 84 0 0 0 11 85 10 44 0 49 6 0 0 0 15 14 22 5 0 55 0 0 52 0 0 31 56 75 0 8 50 38 2 11 59 43 5 0 62 17 33 41 49 20 0 0 39 0 3 0 64 53 63 52 0 29 0 27 0 46 0 5 0 0 53 21 8 4 0
 0 1 30 0 18 0 0 4 63 0 0 80 0 0 8 32 8 0 12 48 0 0 59 24 0 0 0 0 0 0 0 64 0 69 19 0 0 0 81 0 44 0 10 0 70 0 13 3 0 0 20 3 0 30 0 23 28 0 12 8 17 0 0 20 0 0 25 35 1 0 2 13 0 0 0 0 0 18 0 34 0 54 73 75 0 0 0 0 4 0 0 11 26 34 72 0 71 0 47 0 52 0 56 0 0 0 16 22 57 6 17 9 35 2 0 0 1 0 0 37 0 0 53 0 40 0 0 11 0 0 0 0 79 0 0 0 0 8 0 0 0 0 0 0 24 7 61 7 0 0
 74 0 0 38 50 0 0 3 0 99 29 47 11 55 0 32 17 59 0 18 36 8 3 0 0 45 27 0 0 0 8 0 0 63 0 2 0 0 0 0 0 0 0 0 36 86 2 0 0 0 26 50 0 0 3 0 73 41 13 31 3 91 0 12 0 0 0 0 17 0 0 0 16 57 0 49 0 26 0 0 58 0 69 11 0 0 0 0 19 30 88 47 57 0 0 0 68 0 50 0 9 15 45 21 55 6 0 0 76 6 0 67 48 2 0 56 18 79 66 7 0 0 0 40 39 58 16 0 0 0 0 0 0 45 7 0 0 88 6 7 59 0 0 93 40 0 0 29 14 7
 35 0 0 0 51 8 0 7 49 68 0 50 41 0 0 10 46 0 0 0 9 0 0 0 72 6 0 0 0 46 35 1 13 30 24 0 17 41 0 0 35 0 55 0 0 29 59 0 0 0 5 6 23 59 50 0 3 0 58 82 42 0 36 0 34 7 35 0 0 29 0 0 0 0 0 0 70 0 0 0 0 0 29 0 0 37 43 2 22 16 0 16 1 0 0 53 0 42 0 0 6 0 22 48 0 0 0 0 99 0 0 0 0 0 0 0 0 0 15 0 16 0 0 53 30 0 92 44 60 59 25 0 58 0 0 0 0 0 83 0 0 61 57 0 26 19 11 0 0 17
 24 17 44 0 0 11 0 0 0 0 3 32 21 10 0 0 0 27 0 71 49 0 0 46 60 35 0 0 0 76 23 90 5 0 1 77 0 31 31 0 0 34 4 24 0 24 0 0 0 0 26 23 1 78 50 70 65 9 0 12 37 0 43 14 0 29 0 19 0 0 50 94 5 26 34 0 72 0 31 20 6 4 7 92 0 0 0 0 33 24 0 4 37 0 28 38 0 64 12 0 50 0 0 1 64 0 14 0 2 20 0 8 81 30 0 0 53 79 13 6 0 0 63 0 0 83 0 13 4 0 56 1 21 0 75 0 0 0 0 0 1 0 0 32 0 42 0 0 0 34
 27 22 0 36 82 0 1 0 22 0 0 32 57 0 30 0 0 0 72 0 0 36 0 0 0 0 0 9 0 73 6 0 0 21 47 31 0 0 0 0 0 0 0 0 0 0 21 19 4 0 0 6 0 0 48 33 62 78 0 0 0 0 13 0 0 70 27 14 0 0 0 0 12 0 58 0 37 17 67 0 7 0 0 21 74 0 15 0 0 0 20 0 13 0 20 29 0 0 0 26 0 38 0 0 12 27 0 0 6 20 36 0 56 32 0 0 12 53 11 0 0 0 15 41 63 14 0 0 9 30 0 40 5 0 0 72 0 20 0 0 61 0 61 0 14 40 0 42 30 32
 0 5 52 13 36 15 1 28 62 10 83 45 75 0 0 0 0 0 0 0 6 0 0 13 0 3 0 0 37 14 36 0 0 0 14 84 0 10 0 95 0 39 0 0 0 17 0 0 0 17 0 36 58 0 0 0 0 49 0 0 10 0 0 23 0 0 1 31 9 0 0 0 28 82 9 30 0 6 0 7 0 26 0 0 17 0 0 0 63 0 29 59 23 0 9 0 28 59 0 33 34 0 60 42 35 0 0 64 38 0 0 0 0 0 12 0 0 0 0 87 63 41 0 0 52 2 0 17 0 28 0 0 79 6 0 0 0 64 63 14 0 5 0 0 0 0 10 0 0 36
 42 1 0 63 4 0 93 0 23 37 0 0 4 0 0 17 41 55 0 19 0 0 0 44 0 24 16 47 0 0 0 24 0 53 0 0 22 0 0 0 0 56 18 46 38 0 79 0 0 0 0 47 0 0 0 79 54 17 29 0 12 2 53 40 0 0 0 0 56 0 0 0 19 24 0 7 39 0 6 65 0 78 35 30 2 19 11 14 32 20 65 79 44 49 0 13 0 0 0 68 9 0 0 0 5 50 0 0 0 0 77 19 0 0 74 0 4 0 0 0 0 0 97 51 33 33 0 0 23 7 42 51 0 19 56 30 66 43 0 0 0 0 0 0 0 51 0 0 55 20
 0 74 55 0 0 0 48 25 0 67 0 0 36 21 30 0 12 48 0 21 0 0 52 64 0 34 6 2 21 0 0 5 0 50 34 22 56 55 0 0 0 15 0 0 42 24 55 0 52 89 12 17 14 36 39 0 0 22 0 77 44 80 0 96 15 0 0 55 25 4 48 20 39 0 0 0 0 0 0 0 1 0 0 28 60 36 0 34 87 0 25 28 82 47 80 0 2 18 0 33 0 0 0 40 0 31 0 14 20 17 16 0 34 23 4 73 44 0 0 3 51 0 53 0 16 14 51 0 0 53 0 76 0 6 0 0 12 70 0 0 36 0 24 0 30 0 0 30 0 3
 76 0 0 0 0 95 0 0 69 0 58 67 22 16 4 2 11 6 0 3 28 0 90 0 5 10 21 0 40 86 56 45 0 0 19 0 0 2 0 30 56 4 0 0 11 11 81 0 2 0 0 51 0 26 0 13 0 49 16 14 0 0 0 0 45 0 15 0 1 82 0 18 66 0 0 0 0 21 0 0 38 13 0 21 48 72 27 13 0 44 0 0 0 0 0 0 55 52 0 75 0 12 0 0 0 0 0 20 0 53 80 0 70 0 0 0 71 0 14 2 0 44 0 0 0 48 0 0 0 0 14 23 15 0 21 8 41 24 98 0 0 0 37 9 41 0 39 48 55 29
 0 1 0 28 0 48 0 1 0 0 0 17 11 0 0 3 0 26 0 0 0 0 47 41 0 18 15 0 64 0 0 0 0 0 0 0 3 33 16 0 3 0 0 36 18 0 78 0 76 38 0 10 0 9 0 11 8 70 43 0 6 71 9 61 7 2 0 0 0 28 68 52 18 0 0 69 11 27 52 0 0 0 80 0 0 0 16 0 61 10 5 19 0 25 11 25 57 0 41 0 45 0 0 67 69 0 33 0 21 0 0 14 1 0 0 69 0 4 87 0 11 60 0 0 20 0 30 34 14 0 0 0 22 53 0 0 51 30 0 14 0 0 2 0 0 82 69 0 13 0
 0 7 0 0 70 79 0 0 0 0 37 0 52 0 0 0 38 0 0 95 0 0 0 0 48 0 0 20 17 35 45 0 0 41 39 26 0 10 12 90 0 89 0 33 0 0 0 41 47 0 0 0 0 21 33 0 0 0 0 65 19 83 6 58 3 42 56 84 0 55 0 0 46 3 55 40 0 41 0 0 0 5 28 0 0 0 0 0 0 0 0 0 19 35 0 0 40 0 5 0 57 0 0 0 22 38 40 25 38 0 0 0 60 23 0 3 0 59 51 21 40 59 13 0 39 0 6 0 21 74 0 11 0 6 77 9 0 0 49 0 0 0 0 0 0 0 42 2 0 0
 0 47 68 0 0 6 2 0 0 0 0 0 0 0 45 0 40 23 0 31 29 0 17 32 19 26 0 0 16 0 0 0 0 13 0 35 5 63 7 1 0 0 0 0 0 53 12 0 0 16 0 0 3 0 0 31 11 0 52 25 25 10 9 0 0 84 0 58 0 0 0 0 0 0 0 35 0 0 0 4 73 2 0 28 59 0 0 0 60 0 26 37 11 7 44 14 46 0 73 0 0 0 16 0 57 2 47 0 60 0 0 44 0 0 4 0 10 0 0 24 52 2 0 37 7 53 95 6 0 1 0 21 0 42 0 41 22 88 46 22 0 0 0 0 10 0 78 0 0 0
 0 0 0 0 0 22 0 0 0 21 0 0 0 38 40 0 11 82 0 11 77 0 25 59 33 0 0 0 0 71 0 0 69 0 53 15 0 0 39 31 53 0 62 0 0 0 60 21 22 0 0 3 0 44 72 5 0 0 23 0 70 31 0 60 0 0 38 41 37 0 18 19 30 54 0 49 84 0 50 62 43 0 86 33 56 0 0 0 0 62 0 0 8 7 28 2 16 41 51 0 0 16 48 0 0 13 0 77 0 28 18 0 0 60 30 48 43 0 0 30 19 96 19 0 12 1 4 23 66 47 0 0 0 0 29 0 0 0 7 0 0 11 77 0 0 0 0 0 0 14
 5 11 0 0 0 0 86 52 0 6 34 0 0 0 22 17 35 0 0 0 0 39 61 0 17 21 0 22 5 0 0 0 56 33 0 0 0 0 29 0 56 0 0 35 0 0 0 0 0 23 0 14 4 21 0 0 0 0 31 0 4 0 0 33 0 56 43 7 0 15 0 10 26 0 4 56 5 36 19 0 0 43 1 0 32 85 69 23 0 0 0 56 0 1 53 0 31 0 69 26 0 56 0 0 0 64 0 4 0 26 0 50 0 0 40 9 0 1 65 66 0 0 55 18 0 0 41 6 0 0 0 0 0 0 41 0 60 86 27 59 75 11 0 0 24 24 47 50 0 0
 7 0 0 0 0 0 56 0 17 47 0 20 0 56 58 1 20 71 4 0 19 0 46 0 0 81 32 0 34 0 0 83 30 0 6 57 0 0 0 0 33 0 83 0 34 0 0 13 98 0 60 23 0 0 0 0 72 40 0 2 37 0 3 99 35 0 23 0 0 0 47 0 3 0 0 0 0 60 12 15 28 0 0 0 12 0 0 0 2 61 0 0 0 0 29 16 26 0 13 0 46 0 0 0 24 0 49 0 16 0 26 44 0 12 0 0 0 31 0 97 23 79 0 0 51 0 0 2 13 0 30 72 0 30 0 0 0 0 0 0 50 0 11 0 0 34 0 37 62 18
 0 27 21 0 49 0 0 0 74 0 19 2 8 0 56 15 41 0 58 58 0 0 10 2 72 58 71 0 40 0 46 10 6 5 0 0 55 0 0 0 42 0 42 14 0 0 0 34 16 65 33 0 5 37 0 0 7 0 59 7 45 0 34 0 0 0 0 56 0 22 0 53 0 2 4 0 0 40 0 0 22 20 0 0 0 23 39 0 0 0 0 90 47 26 5 76 0 0 35 37 38 0 0 0 0 0 31 0 0 0 0 11 0 73 32 6 52 12 0 1 10 34 0 23 70 0 68 7 39 0 52 25 49 0 10 0 78 0 17 77 0 20 48 29 0 57 38 49 0 0
 1 0 16 0 69 0 0 0 0 0 21 0 0 54 0 0 12 3 17 73 3 0 1 0 0 1 0 0 37 14 0 0 42 0 0 0 77 23 34 12 0 0 33 0 0 13 27 6 21 87 0 42 0 0 17 16 15 37 0 17 6 0 0 0 0 64 19 0 0 0 55 14 72 3 0 0 0 0 63 0 0 0 72 0 71 4 36 0 9 0 72 45 44 25 2 0 14 10 56 0 7 0 31 25 22 25 0 0 14 25 0 0 47 50 47 0 69 87 37 0 35 0 0 0 72 0 12 0 0 22 24 0 68 26 29 19 65 0 0 43 86 20 30 20 37 0 15 0 34 33
 67 19 45 9 0 0 10 53 39 43 81 16 0 0 0 0 0 0 0 15 23 0 0 0 5 0 10 32 0 0 5 20 0 15 69 41 0 13 1 0 0 66 43 0 16 5 29 0 0 0 19 0 0 0 0 29 9 34 8 56 26 15 55 0 0 0 0 0 23 1 36 0 0 63 0 39 3 0 0 14 0 46 24 0 12 2 54 31 0 0 18 32 51 0 0 44 0 0 0 0 36 29 0 0 0 0 0 7 9 0 42 23 0 7 0 12 0 12 87 38 0 0 0 33 27 22 0 4 16 0 16 14 69 54 27 72 0 0 7 0 0 22 0 0 28 0 0 29 3 3
 0 9 0 0 0 63 0 28 0 60 0 18 4 0 0 0 9 0 0 0 0 38 66 0 0 79 0 11 27 27 0 0 0 0 22 0 54 0 2 16 63 0 0 22 0 35 20 0 79 0 18 8 0 18 0 54 0 20 72 0 0 65 0 0 0 46 0 0 57 60 38 0 0 0 75 0 41 0 0 0 66 0 19 0 0 63 1 0 13 0 0 0 0 0 0 0 0 0 0 0 7 0 0 72 0 0 0 0 0 91 0 0 0 0 0 0 59 0 0 59 37 17 3 0 7 9 0 73 0 9 33 0 0 0 50 22 0 20 0 0 0 74 87 0 0 13 0 14 15 0
 0 70 0 27 8 29 0 24 0 71 12 0 76 0 64 11 21 29 63 18 0 0 0 57 5 0 19 25 42 0 0 0 61 0 66 0 4 0 16 43 25 6 0 45 43 0 6 0 32 0 0 22 0 0 54 0 0 0 8 8 67 0 0 0 66 23 0 0 48 0 26 3 0 0 57 40 83 17 3 0 18 29 0 30 0 32 18 0 66 0 0 29 40 28 18 55 0 0 0 24 7 0 49 0 30 0 55 0 19 16 0 0 19 0 10 0 0 0 0 0 80 0 59 20 35 0 84 0 82 4 25 8 0 5 84 31 62 19 27 0 0 1 2 74 11 42 89 0 19 48
 24 0 8 0 7 0 0 36 0 0 30 0 79 68 35 11 0 0 6 54 39 30 0 24 0 55 39 70 0 0 0 7 25 11 70 68 0 0 0 2 0 12 16 0 10 33 38 28 0 0 10 0 0 0 0 0 0 21 0 46 10 3 0 49 0 15 8 52 0 66 0 31 0 0 60 22 0 34 0 0 1 0 22 0 0 5 13 0 3 0 50 8 3 0 5 74 18 2 0 14 0 0 14 0 47 0 0 0 0 87 40 0 0 0 46 0 0 0 27 63 0 3 38 32 0 0 0 31 0 62 25 0 0 10 2 0 11 0 0 10 0 0 61 0 95 56 22 0 10 37
 0 40 0 39 0 0 48 0 76 0 0 0 0 0 3 0 6 0 0 52 44 0 0 48 0 0 20 0 4 8 0 9 27 16 10 0 0 35 82 0 0 57 0 62 65 46 0 35 0 19 4 0 0 0 51 0 19 27 0 0 20 0 33 11 31 0 28 0 21 0 0 33 0 1 0 0 0 0 24 0 0 14 70 0 0 22 0 45 30 0 0 13 0 8 0 47 53 78 55 0 0 27 0 15 0 0 0 0 0 70 0 0 53 27 0 56 0 0 0 0 27 1 0 0 0 70 0 0 0 21 0 67 77 0 8 30 57 0 0 0 58 3 0 0 0 85 0 0 21 1
 24 0 33 0 91 0 0 14 0 75 74 0 20 34 5 0 25 0 0 0 18 14 3 16 0 18 53 0 33 0 11 0 80 0 0 0 0 0 0 48 0 0 0 32 34 44 0 0 2 0 0 0 50 0 3 0 89 0 27 0 83 0 74 0 0 25 0 0 1 17 18 55 0 0 28 0 48 1 0 0 0 72 42 30 0 36 23 34 0 1 24 0 0 0 17 0 0 25 0 3 4 0 54 0 7 22 0 0 0 0 12 0 0 0 29 0 22 0 33 0 0 48 0 0 0 57 0 39 29 0 95 51 0 0 0 0 25 0 0 0 0 39 8 0 0 69 85 0 0 0
 41 0 80 0 77 0 0 60 21 0 39 62 0 36 0 0 4 0 26 0 17 0 0 0 0 0 40 0 18 0 69 5 4 0 0 0 0 62 0 0 80 0 4 0 0 66 19 0 8 0 0 37 0 0 0 55 4 0 91 11 0 0 14 78 60 0 61 0 4 16 0 0 10 43 0 61 29 0 0 0 0 20 33 35 4 43 0 0 20 43 0 54 57 33 0 0 0 0 0 0 35 0 55 65 77 6 38 46 47 71 89 62 18 10 30 12 0 0 0 43 51 35 50 0 0 0 59 23 0 12 1 0 0 14 0 33 15 0 0 0 14 0 0 12 27 8 28 3 17 0
 0 0 0 66 0 15 8 0 8 74 75 0 0 0 5 0 44 68 69 38 35 0 0 26 17 0 0 0 47 0 8 0 67 0 0 20 0 0 6 73 44 29 0 50 0 0 2 33 0 0 13 0 55 0 65 0 28 36 31 28 0 0 0 8 30 22 0 0 0 1 59 34 0 0 99 0 20 0 23 56 68 0 28 0 0 0 61 20 11 0 23 10 81 60 27 0 30 0 0 0 6 33 10 0 19 3 24 0 2 29 0 0 38 32 9 14 0 15 18 3 0 12 0 0 51 0 88 9 0 8 0 21 0 0 18 12 44 13 0 2 0 0 0 0 0 0 24 0 28 19
 17 14 0 16 0 0 0 0 5 6 60 4 41 0 3 0 0 0 0 0 85 4 0 20 62 68 50 32 75 0 0 14 25 0 10 78 0 38 47 32 11 0 0 0 55 0 87 1 0 31 0 39 36 61 3 0 0 0 71 3 0 0 0 0 0 0 0 0 31 9 45 0 0 0 11 0 40 0 26 39 41 0 0 23 59 0 0 10 0 63 0 79 8 42 0 0 23 13 30 0 36 28 0 0 10 80 0 0 0 63 0 0 0 24 64 0 0 0 0 34 0 47 0 38 0 0 0 0 0 0 0 0 0 13 5 7 0 11 0 6 0 0 4 0 0 0 70 48 0 68
