100
 15 0 0 90 0 0 0 67 62 14 15 0 63 21 0 0 64 0 0 5 0 14 2 0 0 3 0 43 0 2 0 77 92 0 0 16 0 36 0 12 0 0 16 0 0 0 75 0 0 74 0 22 0 0 0 33 0 0 48 37 0 0 65 39 22 0 0 2 0 74 0 0 27 35 44 13 20 0 82 0 0 31 0 70 0 0 34 9 20 16 62 82 17 68 58 33 0 0 0 0
 45 96 0 0 0 0 0 10 17 5 0 0 45 34 87 0 1 0 0 0 31 0 4 15 0 1 0 0 17 18 53 0 4 19 29 0 52 0 0 0 0 70 55 15 0 72 0 6 0 51 9 0 0 0 31 0 29 22 54 51 0 37 0 0 18 22 23 29 0 0 2 53 35 0 0 0 0 0 0 53 64 0 1 0 0 41 0 50 38 4 53 0 37 0 53 0 0 0 0 0
 4 22 83 20 0 55 0 0 0 0 0 12 0 0 52 0 0 0 0 35 0 0 36 0 42 0 0 31 0 32 0 50 71 29 0 0 0 0 9 0 91 0 85 0 63 0 0 0 0 0 94 89 49 51 5 84 18 0 73 26 35 0 42 22 82 0 0 13 96 0 0 85 0 0 47 0 47 43 0 10 38 40 91 1 23 0 0 0 75 28 79 0 99 0 11 0 0 0 54 22
 0 19 0 34 48 34 4 28 5 82 0 0 0 49 0 41 0 0 46 0 0 0 0 42 0 17 50 0 0 0 19 0 13 0 65 0 39 0 29 0 0 0 66 76 0 55 63 0 26 0 0 0 18 0 0 0 0 29 0 0 12 0 32 7 0 0 2 14 0 38 42 33 0 18 54 0 9 4 35 0 43 0 0 0 0 0 3 52 62 0 0 49 20 10 0 0 0 0 0 57
 16 54 55 0 26 37 15 59 25 0 58 0 0 0 13 70 18 0 0 27 0 12 0 1 0 25 18 18 0 0 56 17 46 0 0 40 53 7 0 0 8 39 0 0 0 0 29 34 20 0 0 0 0 3 0 62 12 6 0 0 55 0 63 7 5 0 8 0 0 0 34 0 0 88 42 56 28 0 0 33 0 0 0 0 26 0 29 0 45 64 42 0 0 0 0 69 82 42 72 0
 70 10 0 0 0 38 0 0 0 53 0 0 0 32 54 0 0 0 0 39 0 4 37 6 33 43 0 0 72 73 0 17 33 43 12 33 70 0 0 0 0 0 0 0 0 13 0 0 0 0 0 0 65 1 15 0 0 0 0 0 36 69 0 0 0 25 0 0 21 38 0 0 0 0 0 31 44 0 34 16 0 0 0 0 0 2 0 68 0 54 0 26 0 60 0 29 0 0 0 0
 24 41 66 0 0 77 53 16 0 37 32 0 1 25 0 0 4 17 0 43 0 3 0 40 28 40 11 9 52 0 0 0 19 2 0 6 36 69 0 13 44 0 29 86 0 13 0 8 0 8 15 5 0 0 24 0 24 60 17 9 0 0 60 0 0 1 0 11 0 0 32 0 3 0 38 36 8 0 0 0 14 0 48 18 0 0 47 0 0 0 0 0 30 0 6 0 46 0 34 0
 0 0 14 0 0 19 0 15 27 0 40 0 0 85 57 57 70 27 0 0 0 0 15 0 0 24 9 0 0 36 0 0 0 7 0 0 30 18 0 0 24 0 0 45 32 68 13 41 0 15 16 0 0 0 0 25 0 0 0 0 0 42 0 24 0 10 0 34 4 1 15 44 0 0 29 43 49 64 8 10 0 0 0 85 45 51 33 33 7 26 0 29 0 0 12 20 0 0 13 63
 0 0 93 0 0 9 27 0 67 17 7 56 31 0 52 0 39 0 0 69 0 0 32 0 34 78 0 0 0 37 0 41 0 31 0 0 0 2 0 47 0 0 0 5 0 0 19 0 9 29 24 0 26 46 75 0 0 40 72 23 73 0 0 0 0 79 12 0 0 0 44 16 11 12 0 13 0 0 81 0 0 0 0 0 0 0 0 0 31 0 26 0 13 0 0 0 33 0 7 0
 0 0 60 0 21 0 0 31 0 35 60 0 0 0 57 0 0 0 11 0 0 7 16 0 0 0 3 29 0 0 56 31 16 22 5 22 35 70 0 38 0 16 21 0 78 0 0 0 54 0 0 9 0 45 22 0 0 63 0 15 0 67 27 36 13 18 58 72 44 42 0 0 0 2 0 8 0 0 83 0 0 3 0 0 0 83 0 41 23 0 0 0 0 45 0 25 0 0 21 0
 0 44 4 65 0 53 0 0 0 0 92 42 23 14 15 0 73 16 0 64 0 0 0 44 29 9 10 0 0 12 0 21 5 8 73 0 68 59 22 0 0 9 0 47 6 0 0 0 0 26 0 18 59 0 29 53 0 0 0 0 0 23 0 0 0 0 88 17 0 0 0 10 14 31 16 37 0 64 39 12 31 4 0 0 0 0 38 0 0 67 0 0 0 5 17 15 0 43 0 0
 11 10 0 34 28 70 34 18 0 30 0 66 0 51 0 0 0 47 1 0 0 65 6 76 43 66 0 32 35 0 0 0 63 0 4 0 0 17 50 22 0 0 20 0 0 0 0 0 0 69 30 69 78 10 0 0 16 88 0 0 0 0 19 0 0 20 41 26 0 55 0 39 0 0 9 4 0 6 0 6 0 22 85 31 40 0 0 48 27 27 0 50 15 0 59 0 0 49 49 0
 0 0 55 48 15 35 0 15 0 71 0 25 3 0 31 13 0 30 0 20 0 0 0 49 4 0 0 41 14 4 6 48 0 0 52 58 17 1 2 0 0 0 0 0 0 0 20 19 5 41 78 51 0 0 78 51 28 41 0 0 22 0 0 0 0 28 15 0 5 0 0 0 0 16 25 0 77 3 0 27 0 46 0 0 0 0 49 0 16 7 18 18 0 68 31 52 47 0 0 0
 0 0 14 0 62 0 0 0 5 65 0 0 9 99 1 91 82 26 0 0 29 0 0 30 0 5 28 0 0 0 42 36 50 0 0 71 6 0 4 0 5 0 70 46 0 0 0 41 0 13 0 0 18 10 60 10 0 0 5 0 29 14 59 33 47 0 21 0 0 0 0 25 42 0 0 0 0 8 0 0 0 0 38 0 0 12 0 0 47 0 0 11 24 0 0 11 0 0 0 0
 26 0 0 4 0 0 43 0 0 0 0 3 0 0 99 0 0 84 0 30 0 0 26 0 0 0 48 0 3 74 0 0 0 22 0 5 71 52 0 22 0 76 0 1 0 0 26 6 4 0 0 0 0 0 41 16 22 0 30 6 66 0 0 0 11 0 33 20 26 23 16 61 37 0 0 0 52 0 0 0 10 0 0 53 38 7 0 5 0 0 0 0 42 0 15 39 56 57 19 50
 14 70 52 0 0 10 33 0 71 0 22 5 0 0 55 29 43 30 63 0 0 0 22 0 37 0 35 47 1 0 0 40 46 0 35 44 30 0 0 11 52 0 0 0 0 0 17 43 64 13 20 0 0 0 7 69 13 0 0 0 0 0 3 0 58 47 0 0 0 55 0 7 0 12 80 82 0 0 0 60 0 0 27 2 0 0 0 0 25 15 0 0 0 0 0 11 87 31 15 45
 0 0 67 37 0 75 0 0 0 21 0 24 73 0 36 0 46 23 2 5 10 45 0 0 54 0 0 7 0 61 0 0 0 14 0 0 38 49 0 31 0 74 59 0 11 47 1 0 0 0 0 0 52 75 12 0 0 16 62 0 59 26 0 0 31 15 0 0 73 0 72 0 0 33 3 22 75 2 21 3 8 0 23 0 82 83 0 14 80 0 14 0 5 47 0 0 22 0 0 38
 10 7 17 48 13 12 0 0 35 12 0 0 0 0 0 0 0 32 0 0 0 0 70 0 38 13 59 30 6 87 25 0 0 0 28 0 0 0 0 37 0 13 0 0 74 45 13 32 23 26 14 2 0 0 4 0 0 41 0 0 53 3 54 0 11 13 0 28 0 0 43 0 0 0 0 27 1 90 0 0 32 58 72 0 0 0 0 0 32 92 46 0 0 4 15 4 0 0 0 3
 37 2 28 0 82 8 97 7 53 0 47 0 66 31 22 0 0 4 43 0 25 1 0 47 2 0 41 45 19 0 0 0 0 40 0 0 1 0 93 28 0 24 84 48 39 3 0 0 5 0 0 0 0 0 0 11 0 0 0 0 0 12 0 42 90 9 9 0 68 0 70 0 0 28 21 14 14 0 0 11 3 0 0 11 0 55 27 0 0 0 99 0 0 72 0 0 21 40 18 0
 0 47 0 28 0 0 0 60 0 3 0 0 0 38 0 41 0 9 18 89 0 0 0 48 0 0 0 5 19 36 0 0 0 0 0 0 0 59 0 66 56 54 0 33 0 23 0 19 0 37 0 38 31 0 0 0 3 24 0 7 1 0 15 0 42 0 42 65 69 29 0 18 0 0 0 0 0 0 50 0 61 13 10 0 41 51 4 0 0 50 0 0 0 0 0 11 68 0 0 0
 29 0 29 46 2 40 0 37 34 8 31 45 28 0 34 31 0 67 0 40 29 0 9 40 0 0 85 0 50 0 34 0 0 61 48 55 0 0 41 0 0 0 8 0 0 59 0 8 1 0 98 0 54 0 0 0 0 0 77 18 47 0 58 40 14 0 15 0 72 84 56 82 0 0 0 0 0 29 0 0 0 0 29 5 0 0 51 4 26 44 24 2 0 0 0 0 35 43 0 21
 0 34 46 46 0 0 0 87 48 0 9 0 22 74 7 1 0 29 0 59 15 36 2 43 25 84 4 0 0 31 0 0 0 0 0 0 57 33 0 0 0 26 0 4 7 13 54 34 35 0 6 0 0 39 0 9 0 0 0 9 0 59 0 24 0 0 0 66 89 60 18 0 5 0 0 0 59 37 18 0 59 0 30 70 0 0 26 30 0 50 0 17 0 6 0 0 17 0 22 0
 0 0 0 5 7 0 5 0 0 0 22 0 4 36 0 0 15 0 19 31 0 0 42 0 0 0 1 50 6 0 0 34 0 0 18 18 14 0 0 18 2 0 0 20 0 19 0 25 72 11 11 0 0 0 7 23 0 0 0 29 22 0 40 1 10 38 0 0 0 62 0 0 0 0 7 71 0 0 43 0 0 95 4 0 0 0 38 5 11 0 0 14 0 37 33 75 0 0 11 0
 83 0 40 0 0 0 0 57 26 30 0 0 0 0 3 14 49 6 0 0 0 0 15 82 0 0 0 12 5 12 37 56 0 1 0 0 0 69 0 0 15 26 0 0 0 0 0 40 0 81 71 0 4 61 0 0 10 7 0 0 12 1 0 34 0 18 33 0 71 0 0 0 0 0 89 13 0 0 0 0 42 0 0 0 77 49 53 57 0 0 7 0 0 24 0 38 0 0 0 32
 73 40 0 11 29 0 0 8 0 93 0 0 0 8 40 0 0 0 0 8 59 0 23 40 36 0 0 59 42 16 16 0 0 0 21 50 85 0 0 4 40 57 57 24 0 6 22 25 0 0 0 35 59 0 49 0 39 0 27 0 0 0 0 0 0 15 0 0 0 79 0 0 41 0 0 0 0 0 0 37 0 0 70 0 0 36 58 0 22 83 0 1 0 0 0 49 19 36 0 0
 0 0 63 0 0 0 0 0 0 29 0 0 17 0 68 16 33 0 34 27 50 0 0 4 44 50 0 0 5 26 0 7 15 0 62 0 0 0 24 8 0 82 8 0 3 14 21 0 0 78 0 0 0 0 1 22 10 0 63 0 8 34 0 0 0 23 0 0 91 0 0 19 98 0 0 68 3 31 14 15 0 12 0 0 61 0 0 23 0 71 0 13 24 14 0 0 19 0 71 0
 52 64 10 0 0 17 0 0 53 0 0 17 73 0 0 0 43 0 0 12 0 0 0 48 85 16 51 0 0 17 22 35 62 4 33 2 0 0 64 35 0 76 39 16 0 47 14 0 18 0 0 26 0 0 0 48 0 0 23 17 0 0 53 0 0 49 57 0 0 3 81 0 30 0 0 0 1 0 0 0 36 62 3 0 18 0 38 0 59 0 0 0 21 37 0 37 52 0 41 5
 0 41 0 39 0 9 0 34 71 0 77 0 0 43 4 0 0 0 0 0 18 23 0 0 0 33 7 44 75 0 38 80 13 39 0 0 0 0 53 0 25 30 0 0 0 40 2 1 38 0 55 0 0 0 16 18 44 30 10 47 0 85 0 25 43 32 79 12 0 0 0 0 86 28 5 0 0 0 19 26 4 0 75 0 0 13 0 0 0 21 47 30 23 0 0 0 49 21 0 0
 11 0 80 8 16 0 0 32 58 28 41 0 0 27 0 0 65 0 0 0 0 15 0 0 0 0 49 0 18 2 15 63 0 0 0 0 2 0 53 0 0 82 9 0 0 0 0 0 0 0 9 17 0 91 0 28 16 98 9 57 9 5 0 58 24 14 62 0 1 0 26 0 6 26 0 74 5 0 94 2 0 1 0 34 33 0 0 0 0 0 0 6 61 22 40 0 51 45 0 48
 0 0 0 4 1 0 4 0 0 10 0 21 0 3 0 69 0 0 8 0 5 0 14 0 0 0 0 77 0 77 0 0 0 0 0 0 35 0 2 49 0 0 0 11 0 37 18 0 32 69 0 0 27 0 60 0 53 77 4 0 0 0 0 36 0 0 0 61 0 17 0 0 0 8 0 0 0 84 22 49 0 62 0 46 23 0 0 0 0 34 33 0 0 69 34 69 56 0 0 0
 30 0 88 0 0 27 71 86 3 0 66 17 0 0 15 20 91 0 0 1 0 70 45 0 0 13 0 0 0 14 89 47 4 24 14 43 0 0 26 0 44 0 50 0 23 3 0 6 0 0 0 0 0 23 7 0 0 29 0 0 22 67 11 0 11 0 15 0 16 0 6 0 67 30 0 0 13 0 15 55 42 0 0 58 0 0 0 38 10 54 0 63 35 22 6 0 2 0 0 0
 0 37 0 52 0 0 29 25 0 0 0 36 0 0 38 0 1 35 23 27 1 27 0 0 30 0 0 0 0 6 0 67 0 0 0 0 0 0 0 0 5 72 0 16 0 33 0 0 0 44 15 83 48 0 1 0 30 0 0 40 0 16 17 2 0 0 0 0 30 48 0 0 88 0 0 0 37 63 46 31 0 37 32 2 0 7 32 34 0 6 21 6 22 0 68 18 25 21 0 0
 0 0 0 0 0 0 0 22 44 0 0 0 38 0 22 0 61 6 20 44 25 35 19 67 90 0 0 0 6 51 0 58 26 0 0 0 0 0 12 0 0 71 79 0 0 0 7 0 0 10 3 0 0 51 0 0 24 30 34 51 0 62 0 11 23 8 13 0 0 46 15 0 43 0 0 78 0 48 0 70 19 43 37 1 0 0 5 0 0 0 0 17 34 0 54 0 74 0 10 0
 57 0 0 37 7 0 0 0 0 0 0 74 61 67 0 18 0 69 0 31 0 13 35 0 67 58 0 0 11 41 0 29 13 8 0 0 0 0 0 0 70 0 0 26 72 0 5 26 41 60 0 0 3 0 0 14 0 0 0 0 0 0 0 0 0 0 5 0 0 0 0 0 0 1 0 89 2 2 0 52 0 0 0 11 24 47 54 0 8 0 38 0 0 0 0 0 0 13 0 8
 16 0 38 0 27 0 64 38 34 0 0 0 0 57 25 0 72 0 14 24 0 22 0 6 0 0 0 11 34 34 0 38 0 8 11 13 14 0 27 0 0 9 0 10 0 48 19 0 0 0 38 85 57 0 13 0 52 0 0 73 0 47 21 0 44 0 19 0 0 12 0 20 24 0 0 0 0 6 30 6 0 60 0 23 0 17 0 0 61 0 32 62 0 0 0 0 0 0 0 7
 0 66 30 2 0 0 0 44 12 0 27 56 0 0 0 0 4 45 56 17 0 71 0 35 0 14 0 42 69 3 0 67 72 24 0 88 0 49 22 0 0 24 28 7 0 25 29 18 0 0 44 91 0 0 0 0 0 3 25 71 0 34 49 10 0 0 33 0 45 30 9 0 0 0 66 3 0 23 0 2 85 37 0 0 0 60 0 0 0 0 20 0 70 17 0 69 0 0 1 36
 64 0 9 0 0 0 0 0 7 0 0 46 0 0 0 0 0 46 0 45 68 0 0 23 0 26 23 24 0 0 56 40 4 48 0 25 32 56 2 40 0 59 40 43 44 26 68 0 38 0 42 0 28 0 0 24 76 41 0 0 0 0 60 34 0 0 0 38 0 0 0 0 91 46 0 0 46 0 13 28 2 28 21 28 65 80 41 0 0 19 0 12 0 0 0 9 0 0 0 55
 0 12 24 22 0 4 0 0 0 0 0 0 0 38 0 8 0 44 9 0 69 0 18 0 2 0 20 6 18 7 41 3 34 6 11 0 0 5 7 19 47 0 36 10 0 0 8 8 0 19 12 0 57 0 0 0 0 47 0 0 35 71 0 16 0 0 0 0 17 0 96 8 0 30 22 14 67 33 0 19 24 50 25 0 0 0 0 0 0 46 11 0 0 0 0 50 0 0 23 0
 4 17 0 0 2 32 45 30 20 9 0 0 0 0 57 60 15 15 0 43 0 30 35 7 38 0 0 0 0 0 0 6 0 86 0 0 0 0 61 0 36 0 0 97 0 4 80 59 0 0 75 11 0 0 0 6 2 0 0 0 48 69 18 0 0 0 21 34 80 37 0 33 7 0 0 0 0 0 0 42 0 44 0 56 0 0 18 0 26 42 0 44 60 0 11 11 0 40 0 0
 0 19 83 43 21 29 0 90 0 0 12 0 17 14 0 0 0 0 0 0 30 11 0 52 0 0 0 16 11 0 26 73 25 10 41 58 0 0 6 20 0 0 5 0 10 66 0 0 0 64 0 0 0 4 75 10 0 0 0 0 0 0 35 13 53 0 18 27 15 42 15 0 0 13 0 0 53 0 0 0 67 0 47 0 0 35 5 17 0 19 0 50 0 0 40 0 13 0 11 5
 27 83 0 51 0 38 0 0 44 13 24 14 52 0 75 0 62 15 20 0 8 19 0 0 0 15 4 0 1 60 0 0 7 0 0 16 16 0 0 5 75 0 53 9 2 0 0 0 5 0 0 17 20 0 29 99 62 0 0 29 0 0 18 74 0 0 0 0 0 16 18 0 0 20 7 0 0 28 0 0 40 43 0 0 10 0 0 0 73 34 0 35 0 0 48 79 43 92 0 0
 73 0 58 24 0 22 34 36 21 0 0 33 6 57 0 51 0 0 0 0 41 0 26 0 0 0 0 0 0 1 70 0 0 41 0 0 0 2 45 33 13 66 0 14 0 21 59 29 0 4 0 70 0 0 0 0 36 0 34 0 0 9 0 56 0 0 0 0 19 0 0 46 0 0 0 27 1 0 36 28 0 5 40 0 25 24 0 0 0 0 10 0 39 0 0 0 9 0 0 0
 0 0 0 0 23 37 0 12 13 0 21 0 40 0 83 7 0 1 0 28 0 43 78 20 0 0 0 23 0 4 0 17 0 47 0 0 0 0 0 0 0 33 83 0 59 39 0 6 0 0 49 83 43 10 0 0 0 17 67 17 67 5 12 0 20 3 0 0 0 0 0 87 0 0 0 73 80 0 0 45 59 0 20 58 0 0 0 0 0 21 58 7 0 0 0 0 0 0 0 0
 31 0 17 0 35 39 0 0 0 9 0 68 52 0 0 81 14 62 0 0 48 0 0 50 0 69 0 28 52 0 8 0 27 0 0 0 0 0 0 4 0 0 17 21 0 1 0 73 0 70 68 68 0 0 43 27 0 16 36 0 9 67 41 0 9 40 95 0 3 0 0 0 54 58 38 0 2 0 71 0 0 0 43 0 39 44 49 38 72 0 0 14 0 0 68 0 16 39 1 0
 49 3 0 2 9 64 23 0 72 0 0 1 21 88 2 60 0 0 0 20 36 0 12 1 22 0 24 14 12 9 0 21 33 0 41 28 0 29 15 0 0 33 0 16 94 0 0 0 14 0 0 75 74 5 27 39 4 8 60 0 0 0 18 55 62 22 0 0 1 48 43 0 52 24 0 23 0 0 24 0 0 0 0 0 0 0 0 0 0 6 46 67 14 0 0 55 0 55 13 9
 2 0 46 0 51 0 0 0 34 9 1 30 9 57 6 61 0 0 0 0 0 0 0 46 0 0 0 0 53 0 0 0 58 68 0 0 0 4 0 0 62 0 0 0 94 55 0 6 26 0 41 0 0 0 0 74 0 0 0 0 44 44 0 0 0 0 17 33 1 14 0 0 0 47 18 0 0 0 39 0 0 0 78 0 6 55 0 0 6 0 46 0 0 14 3 0 87 36 17 19
 0 2 41 0 0 16 15 0 0 4 1 17 0 31 0 0 0 0 34 11 37 0 29 10 0 0 0 0 12 0 53 23 0 0 0 0 0 0 0 46 67 0 64 71 41 92 71 22 0 0 0 0 11 43 40 60 0 78 0 0 49 1 12 0 0 0 0 26 0 21 0 15 0 0 63 0 0 0 4 2 0 12 39 39 0 0 8 0 0 0 13 0 44 14 0 10 0 0 14 5
 0 0 35 29 0 35 0 0 11 48 59 31 0 0 0 0 63 0 99 0 0 0 0 0 0 19 12 0 33 57 0 49 8 0 85 0 5 0 0 10 5 0 0 0 66 0 0 82 71 3 21 29 0 0 10 62 83 90 21 18 35 0 43 0 0 7 13 0 42 20 0 0 0 21 0 0 16 0 0 0 32 57 0 25 17 0 0 5 0 0 0 0 0 0 0 0 0 0 0 34
 66 19 10 0 0 57 33 16 0 0 47 30 0 41 0 0 20 0 0 12 0 0 0 36 38 28 0 0 53 0 55 40 22 0 2 1 0 1 37 19 0 20 6 62 0 0 2 0 32 0 5 84 0 0 25 0 29 11 0 0 14 0 23 0 66 0 19 16 0 26 32 0 0 17 2 0 0 0 86 0 1 60 0 87 0 33 60 0 15 0 0 2 0 34 8 0 42 0 0 0
 0 0 34 1 98 47 0 0 0 92 0 0 0 0 75 0 6 0 51 0 79 17 0 0 10 0 19 29 12 0 9 0 0 0 10 28 22 0 21 0 46 0 21 0 13 40 14 0 7 75 43 27 30 10 0 0 0 0 0 13 58 0 0 30 0 65 22 0 0 0 43 0 0 0 0 11 0 0 61 19 52 0 0 7 10 32 0 0 0 3 0 0 31 23 0 20 23 57 0 0
 20 0 0 11 100 48 0 0 0 1 9 0 0 35 43 0 30 0 35 11 0 0 0 0 8 35 62 0 0 26 45 0 0 15 0 0 0 0 0 21 18 55 0 0 87 0 28 0 0 0 55 0 0 59 13 15 0 0 43 37 0 0 0 0 69 0 0 6 68 40 23 0 29 0 9 27 0 0 0 39 14 42 0 0 0 0 42 0 33 10 0 44 17 0 0 55 28 0 50 44
 0 42 0 57 80 9 0 30 78 0 0 0 0 36 52 39 39 0 24 0 31 34 15 3 0 38 0 44 0 33 57 0 43 12 0 0 59 85 0 38 0 0 0 0 0 29 17 0 0 0 25 53 49 21 46 0 69 4 2 0 45 0 15 0 0 0 0 28 38 13 20 46 11 0 10 0 0 0 28 0 0 0 8 19 0 53 0 0 0 0 0 0 0 0 71 0 26 3 0 0
 14 21 0 0 28 0 30 5 0 30 0 0 7 0 4 37 0 6 41 0 0 1 53 0 0 49 38 1 3 0 39 0 44 0 0 61 0 0 37 58 0 55 0 2 0 22 0 2 36 0 20 0 67 28 17 54 22 54 6 0 2 0 15 0 0 0 16 49 0 13 0 0 54 0 0 31 0 0 0 0 0 0 0 13 15 97 0 37 21 0 7 0 28 0 0 74 42 20 0 0
 22 25 0 11 0 0 56 69 0 0 59 0 15 0 20 39 0 57 14 80 3 0 11 0 77 47 64 45 0 5 0 54 0 27 3 7 29 76 15 0 85 13 0 8 0 84 0 27 0 0 0 0 0 76 0 0 0 12 18 81 77 0 0 0 2 39 0 0 11 7 10 0 2 0 28 0 13 0 44 54 34 4 47 0 0 0 0 85 0 0 36 0 0 35 9 0 0 5 0 0
 36 0 0 74 27 0 0 44 0 0 0 4 0 0 0 0 0 0 70 0 4 7 0 43 0 0 28 0 46 0 0 0 0 36 0 1 19 0 80 0 0 10 0 0 0 6 0 0 0 21 0 0 0 73 83 0 8 4 0 58 9 0 9 23 0 0 43 2 0 57 0 0 0 0 0 37 6 0 7 6 6 0 3 0 0 0 0 18 3 13 0 54 0 33 0 0 8 0 86 35
 0 19 0 47 0 67 59 0 1 19 0 42 0 0 0 0 63 32 0 28 80 0 0 41 41 0 0 0 0 61 7 11 60 0 24 16 0 28 0 0 0 26 27 0 0 0 0 0 2 52 0 5 0 42 33 60 0 0 19 6 4 17 23 46 46 5 13 0 0 37 0 0 0 0 0 66 71 15 0 26 0 15 75 15 67 0 33 0 0 0 10 37 43 69 0 0 52 2 10 0
 53 0 0 52 0 56 0 34 48 17 11 0 0 76 0 0 28 64 7 0 5 87 71 0 0 0 7 0 0 0 58 0 0 3 0 75 0 67 0 48 0 0 65 73 0 5 7 0 0 9 40 0 0 47 0 78 45 53 53 0 0 0 39 0 0 45 84 0 41 0 0 0 0 75 0 0 62 65 0 0 0 0 1 0 48 0 0 59 30 0 64 21 0 0 0 54 0 0 16 80
 4 0 44 0 0 22 0 14 0 0 45 0 0 50 10 35 0 0 89 0 29 69 51 0 47 2 66 0 0 0 0 47 0 40 81 0 0 0 7 36 5 33 0 0 0 9 0 0 0 31 74 0 0 0 0 10 0 48 0 0 0 4 4 25 36 1 0 0 7 28 48 59 29 0 10 21 87 25 14 0 0 0 17 57 0 32 11 0 0 14 0 24 72 12 3 22 52 0 0 0
 0 0 0 40 8 51 0 37 0 7 33 47 24 0 0 22 0 69 30 12 0 11 35 3 0 0 0 0 0 0 22 51 0 26 7 0 24 13 17 39 30 0 0 0 0 6 16 0 67 30 0 0 0 0 0 0 0 20 37 0 23 0 12 53 0 21 2 0 0 0 10 82 0 42 0 11 0 7 44 36 45 0 22 8 15 0 36 0 0 66 0 0 97 0 0 28 0 30 4 0
 0 0 0 70 10 24 0 7 0 0 3 12 58 10 0 25 60 39 16 0 0 0 0 66 6 30 0 0 0 32 26 0 0 41 0 0 41 8 13 16 0 23 0 5 57 38 69 0 16 0 0 41 9 0 0 0 36 77 6 53 64 86 53 59 50 0 51 5 0 0 27 0 0 10 0 60 0 5 0 0 6 0 0 0 5 40 0 65 0 35 0 0 0 56 48 78 0 0 5 99
 17 69 0 0 0 0 8 10 0 34 27 10 0 0 0 14 0 0 42 0 0 14 0 0 47 0 78 66 0 60 0 23 31 33 68 36 29 0 0 49 27 17 0 0 11 0 0 0 0 0 21 0 0 0 0 0 86 7 0 0 87 0 0 0 0 21 0 0 12 0 1 0 0 0 49 19 66 30 0 0 0 12 0 0 0 0 72 0 0 43 0 0 64 0 0 0 62 0 0 0
 37 0 48 15 20 0 7 0 6 0 0 73 51 0 31 3 0 0 0 20 37 0 26 0 62 0 63 0 0 21 0 0 0 48 0 0 53 0 0 5 3 0 0 0 15 0 0 9 35 25 0 15 1 3 28 0 17 0 26 0 1 88 35 38 14 0 31 0 49 0 20 0 0 33 4 19 0 0 38 35 18 2 0 21 0 14 0 0 80 0 0 23 59 0 5 23 44 0 0 0
 0 41 0 0 0 92 0 19 6 0 24 0 0 0 78 0 24 0 83 0 0 16 0 14 34 22 0 9 21 38 0 0 31 54 0 0 0 24 0 0 0 12 0 0 0 11 0 0 0 58 14 0 0 67 0 0 0 0 0 0 21 0 34 0 7 22 0 68 0 0 0 2 63 0 0 0 0 18 0 0 0 0 0 0 0 29 0 0 89 0 2 17 10 30 0 8 59 52 58 18
 0 4 0 0 0 71 49 0 49 0 75 19 10 0 28 17 36 24 0 7 0 0 0 0 1 4 9 0 0 0 4 0 0 16 72 0 0 0 36 0 0 0 37 4 0 66 41 35 23 0 36 30 46 13 0 0 27 0 0 0 22 0 0 22 46 0 27 0 0 0 0 39 0 0 42 0 0 0 0 33 0 0 2 0 51 0 0 0 9 15 0 19 0 0 14 0 0 14 27 0
 0 0 0 7 0 14 48 12 76 0 46 42 20 0 0 0 0 0 0 0 0 22 0 53 21 37 11 0 0 18 0 5 0 50 0 37 46 18 37 0 24 17 0 0 0 8 7 7 0 76 0 58 59 0 11 0 2 0 11 0 26 0 0 0 57 19 37 52 2 74 8 0 0 7 0 0 0 0 3 0 43 38 0 0 68 0 66 5 4 0 63 34 0 15 0 0 2 0 4 17
 66 0 30 58 54 0 0 0 0 0 20 0 0 6 19 0 0 0 0 55 31 55 0 0 0 0 0 0 0 28 69 90 0 25 23 26 45 45 54 4 23 17 0 0 0 15 34 0 32 0 1 39 16 0 65 0 0 0 0 6 0 6 0 28 0 86 70 0 7 9 48 0 28 0 17 27 0 2 37 4 0 0 0 0 42 5 29 18 0 0 1 0 58 50 64 14 7 0 6 48
 70 0 71 0 0 4 75 68 0 0 0 0 0 0 0 48 92 24 0 0 0 15 39 0 13 34 0 0 0 19 0 63 0 0 0 0 72 4 0 0 17 0 20 0 74 0 48 0 0 0 14 71 0 13 0 0 0 65 0 0 38 0 48 0 0 0 74 0 0 36 65 28 73 7 0 3 0 0 82 0 33 72 0 0 0 12 16 35 0 0 0 21 7 0 50 0 0 0 52 0
 0 0 0 0 14 39 0 0 18 0 0 0 26 55 0 92 37 0 43 0 15 0 16 58 11 19 91 0 14 0 35 76 1 29 32 30 0 35 0 0 10 26 35 62 37 0 0 47 0 22 0 0 0 5 0 28 31 89 20 0 0 9 0 88 0 67 6 66 32 7 0 4 0 0 0 73 0 6 13 63 0 67 41 0 0 64 3 0 0 38 0 42 0 3 18 0 4 27 0 83
 20 22 0 8 12 0 40 0 51 0 52 39 0 16 0 1 0 10 0 0 0 0 17 0 46 0 67 3 0 2 0 0 10 44 33 0 14 0 0 0 14 0 32 0 0 0 9 0 2 16 0 0 41 0 6 32 0 0 0 56 0 0 24 73 0 0 14 0 0 16 0 12 0 0 21 44 32 57 61 0 0 43 0 0 0 49 21 29 35 30 0 44 0 0 0 42 19 65 1 6
 0 10 55 0 18 0 13 0 46 0 45 0 32 0 0 0 1 28 34 0 0 0 0 36 0 69 0 6 31 0 27 0 0 38 0 0 27 20 0 0 0 7 41 69 0 0 0 0 0 49 0 0 0 0 0 0 78 0 11 38 12 44 25 38 0 0 0 0 0 1 0 0 75 2 21 0 0 0 53 20 0 0 23 0 20 0 0 0 0 0 15 0 75 0 0 18 0 0 16 49
 35 0 59 0 0 12 0 0 0 34 81 27 16 56 0 30 0 0 0 34 0 0 21 45 88 21 0 49 0 29 0 83 0 52 37 0 100 0 6 0 0 16 10 49 0 30 36 2 0 0 0 0 33 0 20 5 35 0 0 0 0 0 10 27 0 0 0 13 11 21 63 29 0 0 9 0 0 0 0 0 0 0 32 5 19 0 0 30 72 0 0 0 16 0 0 51 0 90 0 27
 31 0 0 0 53 23 16 0 0 22 0 0 56 0 0 0 25 24 51 0 0 70 36 7 23 0 40 11 75 20 71 4 32 48 0 18 19 0 0 27 24 0 0 88 89 64 0 4 3 93 8 0 2 12 24 2 26 0 0 34 30 6 0 0 55 0 0 0 0 63 0 18 72 0 0 45 43 48 10 64 0 24 0 67 76 18 19 0 62 0 0 0 0 47 0 0 0 25 16 90
 0 0 74 42 87 0 0 21 0 30 0 8 77 0 0 70 34 37 7 45 56 0 70 18 0 0 0 0 0 23 0 0 0 84 0 36 0 15 0 18 39 39 56 0 0 21 38 3 76 35 0 0 0 0 57 28 34 0 67 12 33 33 0 47 27 0 0 56 13 0 10 0 27 0 0 0 13 34 0 0 48 13 14 0 50 21 0 17 0 18 0 79 21 0 8 31 0 0 48 10
 0 10 2 0 0 41 14 12 0 0 0 12 0 19 48 0 0 44 0 66 42 21 12 57 60 45 59 0 0 0 0 0 86 0 60 3 0 0 66 0 0 17 28 0 0 0 44 0 0 2 26 39 76 15 24 64 0 69 0 0 60 0 67 15 0 5 0 34 12 0 25 10 47 58 16 0 0 0 74 0 0 57 0 64 0 72 0 36 21 0 0 0 0 0 0 0 0 54 91 0
 0 17 0 0 0 0 0 0 3 16 0 0 0 49 33 0 0 2 0 17 58 7 0 0 7 80 58 0 12 28 26 65 59 67 64 0 60 0 18 50 0 28 24 0 60 0 0 16 0 48 0 0 47 0 58 49 2 0 40 12 0 0 1 0 3 0 47 45 0 0 0 62 53 0 3 0 0 25 1 48 0 23 0 17 0 24 0 20 0 65 0 29 12 85 0 0 0 0 90 0
 0 81 18 19 0 0 0 0 0 0 0 0 9 14 8 0 0 0 0 66 61 71 0 0 7 0 40 32 0 30 73 26 0 0 57 0 55 0 59 45 3 0 0 6 0 62 31 7 82 0 0 1 0 13 0 0 21 0 0 0 0 0 24 48 49 0 0 0 0 34 10 0 24 74 10 88 42 6 3 0 73 0 32 11 76 0 0 0 2 0 0 62 0 70 96 0 39 0 8 35
 0 56 0 0 0 0 0 0 3 13 35 67 0 32 0 12 0 0 0 53 21 0 48 40 15 0 0 76 0 44 0 0 30 0 40 46 0 0 28 0 20 0 0 0 25 87 8 0 50 32 24 9 7 0 0 0 0 0 23 21 0 22 32 75 69 25 14 41 0 6 69 0 0 27 32 0 9 4 44 12 1 0 48 0 5 0 22 0 30 7 29 39 0 0 0 0 0 13 0 0
 20 19 0 0 18 17 28 0 37 58 0 0 0 0 61 43 0 0 2 75 0 0 89 82 64 0 72 45 59 0 69 0 0 0 0 0 81 0 37 32 0 26 64 61 69 0 18 66 6 10 50 42 92 21 89 0 0 0 0 0 0 21 0 68 34 0 25 0 0 20 37 0 0 99 0 0 0 85 0 16 63 75 4 0 0 0 0 0 0 0 64 17 0 71 0 0 0 33 69 0
 0 7 43 0 29 0 67 0 0 0 0 7 5 11 15 35 0 20 13 0 77 0 0 39 38 0 39 0 0 0 0 0 66 30 0 32 0 43 13 6 21 0 54 0 0 0 0 2 0 0 10 0 35 0 0 29 16 0 0 24 10 0 62 67 0 0 0 0 0 0 2 0 9 0 0 0 0 6 33 0 0 74 84 44 19 0 0 0 82 1 62 0 0 2 0 25 0 0 0 0
 0 0 0 22 0 0 24 0 22 25 0 0 0 24 21 0 0 1 0 25 49 40 58 10 0 0 22 0 0 0 0 0 0 0 0 0 0 0 0 62 5 0 0 23 48 84 0 32 29 0 0 39 76 0 0 0 0 11 0 26 23 0 19 0 47 0 28 0 2 0 34 0 86 40 0 31 0 0 13 50 0 0 29 0 0 0 36 29 0 0 0 15 25 0 2 2 0 0 0 57
 61 0 0 0 13 0 0 19 0 57 0 44 1 13 0 26 0 0 0 0 30 0 71 0 2 56 0 0 30 16 0 26 0 34 3 0 0 0 29 0 0 40 0 45 17 63 5 0 0 0 0 62 50 0 0 59 24 53 0 0 8 0 23 13 0 50 0 29 6 6 13 60 0 45 51 0 0 0 47 9 25 93 24 41 14 0 0 9 0 0 31 4 0 66 62 13 0 0 6 7
 0 75 0 36 61 9 17 19 32 0 0 0 0 76 2 64 44 0 63 0 29 39 0 17 52 0 0 56 0 0 41 0 0 2 0 0 0 0 0 3 0 0 31 20 58 1 0 0 0 78 0 31 60 0 5 0 1 3 92 59 0 0 24 13 0 27 0 0 0 3 32 0 0 0 0 34 32 0 0 20 0 63 0 0 7 0 0 23 9 0 5 49 0 89 0 0 57 0 0 0
 8 0 0 9 44 21 0 52 2 36 15 0 64 0 47 0 0 0 47 0 0 0 0 10 0 74 0 0 79 72 61 0 0 15 63 12 0 0 2 0 6 0 0 0 2 0 0 12 19 44 19 0 19 0 0 0 0 0 0 2 39 23 17 0 9 52 44 0 16 0 0 7 0 58 39 0 0 0 0 0 0 7 5 20 0 0 0 6 72 0 0 0 50 28 0 0 0 26 0 24
 0 4 0 57 63 44 0 0 47 1 48 0 34 57 0 0 16 1 0 61 0 0 38 27 30 44 21 24 0 0 0 0 0 0 0 20 0 23 0 23 18 22 0 8 26 82 0 0 0 0 43 0 0 42 87 0 28 0 0 22 18 0 1 21 16 36 69 8 7 26 0 0 7 0 0 0 20 2 0 73 0 75 0 94 10 47 64 0 41 76 0 0 0 0 0 45 0 0 21 4
 73 69 0 23 0 50 10 0 9 35 54 0 52 8 0 6 0 33 29 0 26 88 27 0 36 0 0 30 0 0 45 32 92 0 2 17 0 12 34 36 0 0 76 0 52 0 20 0 58 0 22 96 0 28 59 0 0 21 0 0 46 26 2 0 0 0 67 89 79 0 0 0 0 1 5 0 0 6 0 28 0 0 41 0 47 84 0 65 76 0 34 0 0 61 0 21 91 11 0 0
 24 0 33 5 35 0 25 0 46 0 21 20 24 0 0 35 0 60 0 0 15 24 33 0 0 62 27 0 78 51 1 0 55 0 0 0 0 51 19 0 1 0 15 0 71 0 33 21 0 0 2 0 0 13 22 64 79 0 21 0 41 0 0 32 95 0 0 0 0 37 56 0 0 0 0 80 10 58 12 80 7 16 18 0 0 2 23 0 0 21 0 16 0 0 0 0 24 0 8 43
 0 4 22 0 0 9 0 0 3 8 0 35 0 64 78 56 19 7 0 0 0 0 0 0 0 25 0 11 50 10 43 0 0 0 32 23 0 2 0 0 79 65 25 0 46 22 0 36 0 78 0 40 62 15 1 0 24 0 0 56 0 35 0 45 0 0 0 0 0 7 13 0 35 8 33 6 0 51 11 0 49 71 39 0 23 0 47 42 95 0 0 0 27 33 67 54 0 0 0 0
 0 0 55 0 51 0 75 0 13 0 6 0 12 18 0 15 0 4 24 23 0 0 0 0 50 0 46 66 48 24 0 0 10 25 42 42 65 59 99 0 58 31 68 0 2 80 32 0 34 29 22 14 0 0 0 34 0 5 3 0 22 23 48 32 0 0 0 36 0 47 0 38 0 0 0 1 52 55 58 0 0 0 0 37 0 28 0 63 0 0 0 37 0 0 46 0 0 0 0 0
 0 0 0 0 0 43 16 0 0 0 26 0 0 0 64 0 0 0 57 66 0 81 0 78 0 23 0 79 30 24 0 2 18 0 0 46 17 26 0 7 0 24 55 0 65 0 61 44 0 17 0 39 0 39 0 58 0 56 79 87 73 0 0 0 0 33 39 55 0 57 0 0 18 0 34 0 0 14 0 2 85 0 0 0 0 12 0 11 11 0 0 0 9 23 0 76 34 58 0 0
 0 0 0 7 0 0 4 0 38 1 0 0 0 31 98 0 18 0 0 0 0 0 3 62 0 0 31 0 26 0 0 0 42 84 45 28 0 0 0 0 0 1 0 21 0 31 37 87 22 0 0 15 29 49 0 18 10 0 0 0 0 8 21 0 8 41 24 0 0 34 39 10 0 11 0 69 0 17 0 37 18 62 28 0 10 0 22 45 82 50 0 0 0 0 0 0 16 0 66 0
 0 0 0 63 0 43 19 34 0 47 21 3 0 19 70 36 0 0 0 54 0 7 10 0 41 3 77 0 32 0 29 0 29 0 0 0 8 0 0 0 65 0 0 23 0 0 0 5 16 20 21 37 0 0 47 0 0 29 47 17 57 26 0 7 0 0 43 15 49 0 19 69 32 18 21 4 0 0 0 25 0 0 8 14 0 0 23 0 0 60 62 84 0 71 11 0 0 0 0 46
 0 64 49 0 0 0 82 0 12 14 85 0 0 0 30 56 24 59 11 30 0 0 0 52 0 0 46 0 0 48 0 0 0 39 0 34 0 15 0 0 0 50 0 0 0 6 12 45 0 35 0 48 74 15 0 0 0 0 16 46 44 0 0 0 0 43 0 0 0 34 38 42 0 0 0 0 0 0 4 0 0 0 45 62 4 0 1 0 45 20 0 3 0 64 0 0 47 3 77 0
 0 0 0 0 95 26 0 3 0 23 61 0 0 0 0 2 0 44 58 11 20 64 47 11 53 0 0 0 0 71 0 0 0 69 65 0 51 33 0 59 20 0 64 10 0 25 0 39 10 0 0 38 0 3 76 0 30 0 0 4 0 0 0 68 23 0 0 13 41 0 0 7 0 42 0 85 49 43 12 0 19 1 0 20 20 50 0 38 0 27 84 25 52 0 18 16 0 0 13 0
 0 19 44 0 20 0 17 25 36 0 0 2 0 65 54 41 0 0 0 17 34 0 0 0 43 0 0 8 0 0 0 24 25 47 62 0 14 31 33 15 1 93 5 3 87 0 0 68 0 0 72 9 92 0 0 0 25 0 32 0 5 16 0 50 0 0 40 0 91 71 61 0 6 19 0 0 6 0 0 4 0 0 0 32 0 32 0 1 0 11 0 0 67 52 0 58 69 0 0 63
 0 0 0 20 39 68 0 0 44 0 0 0 0 4 0 21 85 0 22 57 82 38 0 81 9 6 21 20 0 0 0 0 0 39 46 18 55 17 0 0 0 13 56 0 4 0 39 25 0 12 44 0 55 0 17 46 28 0 8 0 80 0 22 0 55 0 0 0 78 5 78 30 0 25 18 0 42 43 16 0 0 55 43 12 33 11 0 0 12 14 0 4 0 6 35 30 1 0 43 0
 0 7 21 50 0 0 13 0 12 0 0 74 0 0 0 0 44 0 2 0 35 49 0 0 0 4 0 8 44 0 45 0 16 7 58 0 0 0 0 36 0 6 42 10 0 63 0 23 69 0 0 39 0 85 60 40 0 0 0 0 13 0 0 67 5 0 78 24 0 0 0 0 0 22 93 32 20 29 0 0 0 73 60 0 0 48 0 1 0 43 49 16 0 0 0 71 0 0 45 0
 62 62 17 70 0 60 0 25 0 77 21 31 0 60 0 0 0 53 0 0 0 0 47 86 0 0 0 0 0 0 0 0 0 69 65 25 36 72 39 0 0 0 96 0 33 0 70 31 0 0 0 0 0 47 0 0 72 0 4 21 0 0 0 41 0 0 13 0 0 12 3 13 1 1 27 0 51 63 20 20 31 0 11 6 0 0 20 37 0 0 40 0 6 0 0 16 9 0 2 0
 41 1 43 2 0 48 56 47 11 98 0 0 17 43 0 0 40 37 0 38 0 22 24 57 0 57 74 0 0 31 83 0 16 0 16 11 37 8 0 12 0 28 0 0 0 0 2 3 62 0 60 0 0 0 19 0 8 64 0 21 22 64 0 0 9 23 0 0 0 3 0 0 37 0 65 42 0 0 64 70 71 17 0 79 0 0 60 38 0 42 83 0 4 53 10 15 26 40 21 0
 21 84 0 75 0 1 0 0 0 0 21 0 22 86 0 0 61 72 0 38 12 0 0 68 7 0 0 7 21 38 7 1 0 12 40 0 5 0 35 0 31 50 42 0 0 0 0 30 0 35 0 80 38 19 0 0 0 2 0 0 36 10 0 0 0 0 0 32 0 0 2 0 0 0 0 0 11 0 8 84 0 14 20 0 74 0 67 24 9 0 61 0 0 35 0 0 0 0 87 0
 17 47 0 0 41 10 26 0 25 35 0 35 79 2 0 0 0 0 55 44 0 16 6 0 18 44 0 9 0 58 18 49 21 0 0 0 0 22 15 0 10 87 17 33 0 0 0 0 48 13 0 41 29 4 0 19 0 4 37 0 51 45 0 42 0 0 19 0 0 0 0 0 0 10 11 0 10 24 51 0 0 78 0 0 10 0 27 70 25 14 0 76 27 0 84 35 19 76 15 83
