150
 92 0 0 0 0 0 0 17 1 21 11 87 23 26 10 0 0 51 0 0 48 59 66 58 22 0 63 65 0 0 0 58 26 17 69 0 3 37 9 0 0 19 43 30 0 10 67 0 30 78 0 0 0 0 0 0 15 11 68 38 45 0 0 11 0 13 0 11 27 0 0 76 23 72 67 65 58 41 2 0 0 1 0 0 0 0 0 54 11 10 0 0 0 0 42 0 10 3 22 0 0 14 25 0 61 0 18 0 68 0 70 47 58 23 0 24 0 67 11 0 12 0 0 0 0 0 33 0 0 14 0 45 1 29 8 15 0 0 0 23 0 11 12 0 15 27 0 74 5 0
 76 59 66 0 32 0 0 13 22 0 0 0 75 47 0 0 0 21 0 30 0 20 0 0 60 0 0 22 29 12 0 46 8 2 0 54 0 0 0 0 43 44 37 3 0 0 21 30 0 0 0 55 0 0 0 0 0 0 15 0 0 0 50 0 0 3 26 0 0 58 38 56 18 72 1 0 23 13 0 0 23 0 0 92 31 0 18 0 39 0 0 0 0 23 48 0 0 17 0 32 0 0 0 0 0 0 66 42 43 11 0 0 95 0 43 16 16 0 0 0 29 0 40 1 2 0 0 0 0 28 0 9 0 28 8 0 47 64 36 13 0 38 59 68 3 13 5 0 31 0
 16 0 32 0 70 0 5 30 21 25 14 0 0 22 0 0 0 0 30 0 33 0 3 0 51 95 16 0 50 0 0 15 5 0 10 36 0 0 0 0 0 0 22 0 63 0 0 10 0 0 21 77 0 76 37 0 23 0 9 0 0 0 0 72 9 0 0 30 0 87 47 44 82 84 0 0 0 0 77 2 0 0 0 0 0 17 0 12 17 0 31 0 6 73 2 8 0 0 0 0 29 83 32 0 78 0 0 0 9 0 0 23 69 0 0 0 0 20 36 4 0 31 70 60 0 3 37 5 0 89 0 0 31 0 0 0 0 0 1 0 38 82 0 0 0 0 1 0 7 30
 40 5 26 18 0 0 0 13 85 37 0 0 0 0 62 0 0 94 0 56 24 0 0 1 70 0 33 0 47 0 9 1 0 0 0 14 0 0 39 17 2 0 0 0 51 0 42 50 21 72 11 0 55 25 1 67 84 34 0 0 41 0 0 40 32 28 53 16 0 0 12 0 0 10 0 0 34 52 32 13 7 0 2 0 0 0 30 0 0 0 0 0 0 0 0 0 34 73 45 0 81 9 43 8 91 31 7 36 53 11 98 8 0 30 68 0 30 14 0 26 0 16 95 0 11 0 89 28 0 55 6 56 83 64 1 0 0 0 43 0 40 49 46 1 84 0 2 0 0 0
 3 0 0 67 92 0 20 72 60 0 0 0 12 0 22 0 0 34 0 0 0 0 0 23 71 78 0 12 65 0 26 10 0 35 0 9 0 34 76 0 29 25 0 0 3 20 72 0 0 61 0 31 0 0 0 0 0 14 19 0 71 71 0 2 37 55 7 35 31 33 47 42 12 76 19 0 0 0 0 0 32 0 5 0 0 44 9 62 43 27 0 0 0 70 0 0 15 71 15 0 2 0 39 0 0 47 0 29 0 11 0 0 0 55 0 0 63 17 0 42 25 33 0 0 0 0 0 53 62 0 0 0 0 51 7 10 15 41 0 0 0 0 0 8 20 7 3 0 71 18
 14 8 29 9 53 36 0 0 13 1 17 46 0 0 0 82 0 29 40 11 28 24 0 0 0 54 39 78 0 0 32 29 0 0 36 56 0 25 33 0 0 0 0 32 0 46 0 0 0 0 0 27 60 0 0 33 23 0 0 0 0 0 48 0 14 0 32 0 60 50 0 35 0 51 0 11 0 0 90 26 41 0 54 13 0 0 55 51 0 0 0 30 0 0 0 82 0 0 11 0 0 49 46 0 24 30 44 25 40 0 0 40 0 3 69 0 41 0 33 0 25 0 0 21 0 0 0 0 22 12 0 0 29 0 0 22 6 0 0 0 11 11 0 30 19 10 30 6 20 74
 81 46 0 22 0 65 61 0 0 16 0 15 0 34 0 0 0 0 63 43 66 3 0 16 0 16 27 14 0 2 83 36 29 85 0 0 0 51 48 24 0 0 6 0 0 68 0 2 4 63 6 56 0 47 0 10 0 14 0 0 0 0 0 3 9 0 33 0 90 0 0 0 53 0 0 0 59 0 0 0 0 64 0 61 39 14 58 0 0 0 0 58 44 0 79 0 70 9 3 50 57 51 0 28 18 0 42 24 0 0 64 0 21 0 18 69 0 9 24 16 4 40 60 0 0 68 27 0 12 0 0 11 9 0 41 54 0 0 65 0 0 82 0 0 64 58 34 12 2 15
 0 0 0 0 0 44 45 91 0 0 6 0 0 0 79 17 55 1 31 44 0 1 0 0 0 0 0 0 31 76 92 0 0 3 0 69 34 0 13 0 5 2 0 70 29 0 0 0 33 16 74 60 0 0 0 0 0 0 0 0 0 24 72 16 0 15 52 0 0 0 80 1 0 0 6 0 5 0 0 0 0 36 61 0 0 0 0 0 20 3 0 46 0 70 0 27 24 0 0 57 0 34 60 0 0 0 0 31 46 81 0 28 38 16 2 27 81 0 0 0 0 19 0 0 40 0 0 0 0 10 38 0 64 51 0 0 6 27 0 0 0 19 7 0 0 18 0 0 9 40
 0 0 0 0 0 0 43 11 64 16 42 47 0 35 18 47 0 22 0 8 0 0 0 31 0 0 19 0 21 37 86 67 0 34 0 68 0 0 78 21 0 0 0 7 0 3 3 0 0 10 0 23 0 62 87 0 0 17 0 65 32 79 2 6 0 0 0 0 13 0 0 0 88 76 0 39 0 0 16 11 0 27 30 64 0 0 6 0 4 0 0 23 7 0 0 0 0 0 0 0 0 17 43 0 0 0 0 0 38 0 0 39 25 0 0 0 8 64 36 0 0 0 72 11 0 0 55 0 39 28 17 1 7 0 0 0 0 26 0 18 10 0 0 0 0 0 22 18 0 0
 0 0 0 0 24 0 0 54 0 63 14 2 0 54 0 13 0 33 0 41 0 7 51 23 19 6 0 6 0 1 16 0 71 74 0 0 0 20 0 28 0 0 0 0 44 34 21 0 32 0 0 0 18 0 0 39 13 0 0 48 37 0 13 14 73 31 0 32 0 25 0 0 0 0 51 0 0 92 79 9 30 0 0 0 18 18 0 0 20 32 0 0 0 0 0 29 16 0 21 77 26 9 0 0 69 0 8 0 95 0 0 0 0 0 0 6 50 0 0 36 0 40 0 13 89 46 67 0 0 69 0 0 0 32 15 44 0 18 0 0 37 8 34 0 0 0 16 7 0 0
 0 2 0 24 49 0 49 0 0 0 38 0 34 0 0 0 84 21 0 0 0 11 0 0 0 0 0 0 18 0 0 0 0 83 0 0 0 0 0 7 0 0 36 20 76 26 0 82 0 0 0 44 0 0 0 14 0 27 80 0 0 0 0 0 9 37 34 0 0 0 17 47 0 0 0 67 0 0 0 0 0 0 32 35 0 32 0 36 25 0 0 0 1 0 5 0 47 90 0 0 0 0 0 0 0 28 0 19 47 34 58 0 0 2 0 46 0 0 36 0 0 3 54 0 67 72 23 0 40 0 0 36 22 24 0 0 4 0 0 4 0 0 0 92 0 7 12 13 14 6
 0 75 44 15 43 0 0 0 0 0 70 42 0 3 87 0 0 99 0 0 32 16 15 54 86 0 4 0 3 68 0 22 27 2 37 0 0 0 1 0 63 0 0 0 0 0 29 0 38 25 47 21 34 0 0 0 0 0 21 0 83 0 0 0 0 32 7 5 0 53 6 92 54 45 0 0 0 2 37 8 10 0 65 0 0 0 0 0 0 0 0 0 0 79 49 0 0 7 57 0 42 26 0 0 1 33 27 69 31 77 9 55 70 0 36 12 0 19 63 3 0 0 0 34 0 4 3 6 38 86 20 0 43 25 0 59 0 12 18 70 0 19 57 7 0 11 29 0 0 0
 0 0 77 20 0 14 11 19 54 7 0 48 12 11 73 0 0 51 11 0 36 5 67 24 0 0 27 30 0 0 34 0 0 63 0 0 60 48 71 0 0 36 33 14 8 0 37 30 7 0 28 0 17 27 20 18 0 0 0 0 0 16 0 0 72 0 49 0 73 0 0 6 0 0 63 11 0 0 93 20 0 0 0 0 0 0 0 31 0 50 0 0 21 0 0 32 45 0 0 39 33 86 36 0 0 29 48 0 4 0 0 0 0 0 0 0 24 0 0 31 0 88 65 0 58 66 0 12 0 77 39 0 0 81 70 35 64 0 71 0 0 14 0 13 0 1 31 0 34 76
 0 0 0 26 32 60 0 2 0 0 20 0 0 45 10 0 0 13 23 0 1 0 56 0 43 0 32 0 33 0 29 0 34 83 0 0 0 50 0 26 29 3 0 0 16 83 0 17 0 52 0 32 0 0 0 0 24 61 0 0 34 14 0 38 61 0 0 0 89 0 0 50 40 76 39 17 0 58 0 0 0 0 13 0 68 0 0 27 0 11 32 33 20 29 0 97 0 58 0 0 45 0 0 0 0 18 0 0 7 48 55 80 13 3 81 28 80 30 0 0 53 0 0 59 0 30 3 8 0 18 90 22 0 0 47 0 11 0 35 10 0 0 36 27 6 0 0 0 0 0
 0 85 58 0 0 7 2 0 0 32 49 0 0 0 77 0 61 0 15 16 27 5 0 18 37 9 73 0 4 5 24 18 26 75 21 72 36 21 0 0 0 0 0 0 0 0 0 47 39 0 4 0 5 22 0 0 0 0 29 0 0 0 0 0 0 0 13 36 3 2 0 0 0 1 0 42 44 0 0 0 79 0 0 0 20 0 22 0 3 19 0 0 0 3 0 0 41 33 0 0 0 0 68 0 30 2 0 57 29 0 12 50 0 16 0 0 71 0 0 0 0 14 24 0 41 0 0 44 17 0 0 5 9 0 6 0 0 3 24 0 57 45 0 0 36 35 0 0 31 49
 33 2 32 38 31 0 41 0 0 0 17 83 35 11 18 49 0 0 29 61 21 80 58 0 26 0 0 19 0 0 0 8 23 0 0 0 0 30 80 0 27 1 49 0 6 7 0 54 0 0 36 0 0 0 0 8 33 53 10 64 32 0 0 0 0 0 0 0 0 0 0 32 47 40 28 0 0 0 0 0 0 8 30 42 85 57 0 22 31 0 0 0 0 0 0 6 0 0 0 0 0 0 1 34 24 0 0 29 0 0 0 0 0 0 0 8 7 0 0 0 26 0 20 56 0 0 68 1 41 28 60 8 19 27 0 78 0 70 0 9 39 16 7 30 0 0 11 0 14 0
 16 12 55 27 13 17 5 0 26 58 0 41 43 43 0 31 27 21 29 0 0 0 0 82 17 0 44 26 0 0 0 59 0 13 0 0 0 0 0 52 31 0 38 0 0 0 0 0 34 17 0 1 0 3 0 36 86 21 0 0 83 4 0 0 0 0 68 0 36 31 30 19 24 16 58 40 10 0 0 25 33 0 8 44 46 57 17 0 0 1 25 0 0 38 20 0 52 0 1 1 0 88 0 0 0 5 34 0 30 18 0 57 6 70 0 0 66 0 74 0 0 0 27 0 0 40 0 16 25 0 0 47 24 0 29 57 3 26 0 40 0 0 0 0 0 0 78 0 0 0
 0 0 32 0 0 0 40 0 0 0 0 0 0 0 44 39 0 14 50 33 0 51 0 52 14 0 12 0 0 12 64 88 17 0 0 0 0 8 3 0 9 5 47 0 11 59 0 31 0 0 11 0 19 0 0 0 0 10 10 0 2 0 0 18 28 50 0 33 75 33 0 0 19 0 0 0 7 43 0 45 14 35 0 0 47 45 0 93 0 0 0 0 36 67 0 84 0 47 0 3 10 79 0 4 1 32 17 1 39 0 0 61 0 22 56 62 0 51 20 19 0 0 8 8 0 20 0 46 0 0 80 0 0 75 36 47 0 0 0 1 6 13 81 0 0 0 8 21 0 38
 16 24 0 24 17 0 0 0 27 3 47 4 0 0 0 0 0 0 2 0 33 0 0 0 0 0 0 0 0 33 0 6 2 57 0 0 0 75 88 88 48 49 0 3 0 14 0 9 0 0 0 34 6 0 0 0 90 36 15 30 0 0 0 0 32 5 34 0 39 0 24 0 33 0 89 0 64 2 75 0 0 0 49 21 2 10 0 0 16 13 0 11 14 0 69 14 0 45 0 0 0 54 28 0 3 0 9 0 76 0 1 64 17 0 0 2 24 25 42 16 5 0 36 0 3 0 0 0 0 1 0 0 35 86 0 0 34 76 0 0 0 0 9 1 0 0 21 55 0 10
 0 0 35 0 20 0 0 0 0 0 32 21 11 28 0 0 78 0 11 48 0 0 0 0 27 75 0 0 42 0 42 44 0 0 0 18 0 82 21 7 4 15 4 0 6 8 0 0 0 18 26 22 0 0 59 52 67 0 0 5 8 0 23 14 38 0 0 0 0 22 0 0 0 27 0 0 81 5 0 0 0 0 0 14 0 38 0 0 0 0 0 0 42 0 44 0 0 9 0 49 5 19 80 0 29 56 39 0 0 0 48 14 0 23 4 0 0 17 71 0 72 0 0 0 0 7 8 0 47 75 0 35 0 11 0 0 0 0 88 0 0 37 0 62 0 29 8 30 46 0
 0 67 0 0 56 0 0 17 5 16 35 0 0 0 0 0 34 5 0 24 30 18 24 46 65 41 16 0 0 0 33 0 0 0 0 0 24 27 0 0 0 12 35 5 0 0 48 0 59 37 0 14 92 79 0 78 13 29 11 0 0 12 67 0 70 0 52 0 0 55 23 0 0 0 4 0 55 0 0 18 10 0 0 19 63 13 0 3 6 0 0 0 0 0 57 19 0 58 0 0 0 32 63 47 65 43 32 0 0 0 0 0 78 0 0 25 0 61 20 0 0 25 18 0 0 0 0 26 0 55 0 0 0 0 0 0 50 3 38 11 2 74 0 48 0 0 1 0 90 44
 0 0 66 38 15 0 0 0 5 0 0 0 0 19 0 0 55 0 3 24 0 88 60 0 0 0 1 16 0 32 0 0 24 0 15 9 31 0 7 42 0 0 30 0 0 0 49 24 16 21 0 35 7 23 32 0 12 21 0 0 54 20 0 20 74 0 17 0 0 52 0 0 0 0 26 0 39 10 0 0 0 9 0 48 0 37 40 0 49 0 0 76 0 0 0 0 64 0 0 0 65 0 46 0 32 0 30 0 12 0 20 15 36 0 12 24 0 0 0 19 80 0 51 0 25 0 14 0 0 17 0 0 0 0 0 0 0 11 0 23 0 0 0 3 40 15 0 44 0 3
 0 2 0 82 37 3 3 64 8 0 92 0 0 0 70 0 14 4 36 13 0 0 99 5 13 0 23 0 0 9 46 49 0 54 0 40 0 0 0 17 7 12 77 0 0 61 21 0 48 16 24 0 38 0 0 6 0 29 59 16 0 13 0 10 55 0 21 0 0 71 36 45 0 4 0 0 0 21 83 1 0 0 0 64 10 0 0 12 0 58 4 12 32 1 63 23 0 74 42 0 80 0 0 64 0 0 0 0 60 27 0 0 13 1 36 0 1 13 0 0 54 64 68 26 57 0 0 1 0 6 0 2 5 0 0 63 31 22 14 0 1 11 37 16 8 0 0 0 0 0
 0 5 92 0 0 25 0 57 0 0 19 0 0 65 0 3 0 0 7 3 0 55 0 35 0 24 0 0 13 36 3 0 29 0 79 33 1 51 0 47 0 0 14 0 0 50 0 38 0 62 35 0 0 0 10 50 0 53 3 10 0 0 33 0 0 0 41 18 0 57 0 0 0 0 0 8 0 54 0 0 0 59 43 21 0 0 35 5 17 1 39 36 12 66 2 19 42 0 0 0 34 0 32 0 21 0 16 54 82 0 0 0 0 20 26 7 0 0 27 24 39 20 0 0 0 6 12 0 0 0 0 37 49 0 25 41 0 41 40 0 0 64 0 53 0 81 0 0 38 3
 0 0 0 0 0 41 7 65 10 0 7 0 28 0 0 0 0 0 3 0 0 5 0 46 43 34 0 0 16 42 0 8 40 18 0 69 73 4 33 41 24 0 33 15 0 0 0 0 13 52 2 10 0 0 3 0 0 0 0 40 0 8 0 0 0 33 84 0 0 19 11 39 10 47 0 0 28 32 24 52 0 23 0 0 0 0 0 16 20 12 36 27 48 66 15 18 0 0 64 12 0 24 60 28 0 0 78 5 2 14 32 18 66 21 0 0 58 0 0 13 0 0 42 67 6 38 0 0 25 0 10 0 0 0 0 3 0 0 0 73 9 29 30 0 0 14 0 0 0 26
 22 29 0 14 0 0 0 16 69 0 14 9 22 68 0 51 63 16 6 0 0 21 2 0 0 38 72 0 0 28 0 18 27 73 20 57 47 41 0 43 37 0 0 0 0 8 0 42 72 0 0 0 0 0 0 18 0 91 6 35 0 35 0 43 0 7 15 0 62 0 0 21 13 22 0 19 0 0 0 35 0 0 24 26 59 34 1 0 64 0 0 21 6 44 60 75 0 0 7 0 0 0 0 0 16 62 2 39 47 0 37 0 23 7 0 0 41 45 2 16 5 0 0 22 76 6 7 0 51 41 0 63 0 0 11 90 18 0 3 32 0 72 0 3 0 0 0 19 0 65
 0 63 0 0 17 0 0 23 0 30 20 0 0 0 0 28 0 0 45 40 0 0 0 24 65 0 79 0 0 0 0 82 0 34 26 1 77 13 0 0 0 37 34 0 62 35 0 30 13 0 0 22 0 0 0 0 0 0 0 0 0 0 3 11 0 0 21 39 36 0 11 30 26 12 0 31 0 43 74 0 0 32 0 59 33 0 21 31 0 0 0 0 21 0 0 34 17 54 0 0 0 6 74 0 0 23 32 22 69 0 24 55 0 0 12 0 28 0 7 42 0 75 0 0 39 0 0 0 28 0 0 45 39 0 12 43 0 0 0 31 11 0 64 15 0 20 0 0 0 6
 0 0 76 9 0 0 0 70 50 0 36 43 0 5 76 0 0 31 43 21 57 0 71 66 9 4 7 60 0 46 11 27 0 0 38 0 48 0 21 9 0 16 12 0 0 6 0 60 0 39 0 71 9 8 33 0 15 19 0 0 0 21 0 66 19 0 0 22 0 0 0 25 0 58 0 4 0 41 0 51 0 0 41 0 0 0 0 30 0 3 24 0 23 4 0 0 0 0 69 0 0 47 25 89 0 72 23 11 0 30 0 0 0 0 0 0 5 0 62 22 23 5 0 10 51 0 24 71 0 0 0 78 0 64 0 0 36 0 0 15 25 0 89 0 0 2 0 24 6 0
 45 0 0 0 0 90 10 0 0 39 0 0 2 0 0 43 7 27 25 0 79 11 82 0 0 13 7 3 83 8 0 0 0 19 0 17 6 0 14 0 0 32 42 28 17 0 36 0 0 0 23 0 0 0 0 63 12 50 39 0 28 0 5 0 87 43 19 0 0 0 0 12 8 0 33 6 0 38 0 0 18 62 0 65 0 77 0 0 0 11 42 0 0 60 88 58 22 15 0 90 0 57 7 4 55 0 70 0 1 59 0 0 9 0 74 16 21 0 75 0 0 0 65 0 57 61 0 8 5 0 0 0 0 27 0 0 43 47 52 0 6 4 16 0 0 0 31 24 0 48
 63 0 78 16 19 33 0 0 0 0 53 0 25 47 0 24 1 0 0 11 18 0 0 0 0 0 31 0 0 99 74 16 51 34 78 77 90 64 0 0 38 50 0 90 0 50 16 0 77 73 49 28 0 33 27 20 21 0 0 13 0 0 46 0 26 46 0 0 0 0 0 60 2 0 5 0 77 0 0 0 16 60 3 5 0 0 0 6 0 0 55 44 0 47 0 0 2 0 64 6 0 0 41 0 5 4 33 1 57 65 0 19 59 6 0 41 0 0 0 0 0 24 0 39 0 0 0 0 0 0 27 50 38 0 5 0 0 15 3 0 0 58 11 56 0 0 0 0 0 52
 13 93 16 0 0 0 0 0 0 0 32 40 0 0 0 43 23 0 10 0 0 47 0 0 58 21 16 0 27 0 7 70 0 0 31 59 63 0 0 63 3 47 0 0 23 0 0 37 0 7 0 0 52 1 23 0 0 3 0 73 0 30 2 72 39 0 0 0 0 77 0 15 12 64 8 0 23 9 0 32 12 20 0 5 0 0 0 2 0 0 0 0 54 0 44 0 18 4 12 31 58 13 0 0 7 0 0 14 61 43 0 12 43 0 3 0 0 0 46 42 0 0 79 0 96 31 27 0 17 24 3 43 5 0 0 12 63 11 16 25 56 10 33 0 3 76 0 55 0 0
 0 0 0 0 0 0 0 4 0 97 29 0 32 64 0 0 0 0 0 0 32 8 0 0 0 0 0 0 7 0 0 96 27 0 0 54 33 73 89 0 88 0 5 0 0 45 28 0 19 0 0 48 0 0 0 0 28 36 0 0 0 40 7 2 0 0 0 96 0 15 0 0 3 0 26 17 0 0 20 0 78 54 0 22 23 7 0 0 0 49 0 0 7 30 0 69 0 0 72 0 0 0 0 0 0 0 19 16 0 23 0 0 53 55 28 46 12 61 0 0 0 15 55 0 0 0 0 55 1 0 32 0 0 0 10 77 0 7 7 0 0 0 17 42 0 76 0 0 0 52
 0 0 0 1 25 2 0 6 7 0 26 0 18 0 0 0 20 0 0 95 1 0 18 0 0 0 10 31 29 0 41 0 29 23 10 25 0 0 6 50 0 1 0 0 0 0 0 8 0 0 11 0 0 0 0 0 49 0 0 0 0 75 0 0 0 26 1 0 0 0 0 23 0 9 0 0 28 34 61 0 3 27 32 16 5 0 0 11 86 61 31 0 56 27 0 57 15 0 0 0 13 0 32 62 0 0 44 48 19 60 0 85 4 0 36 2 12 0 0 27 0 0 33 0 71 44 0 0 2 0 0 33 0 48 0 0 0 32 0 22 29 0 21 40 49 0 0 0 0 59
 0 0 72 13 0 53 0 0 0 0 0 0 0 0 0 48 0 1 0 73 71 78 0 30 0 0 0 10 0 0 1 67 0 100 18 4 0 0 0 0 33 0 0 0 0 60 26 14 4 65 0 22 0 18 0 52 41 15 0 28 0 0 0 0 37 0 59 0 17 0 0 0 0 46 38 8 28 0 45 57 36 21 48 0 37 4 0 0 82 0 3 14 15 0 61 34 28 0 0 0 0 81 57 12 0 0 0 16 41 0 2 59 0 12 0 0 17 0 0 0 0 19 0 0 44 0 0 0 83 0 0 42 0 22 0 0 15 2 24 0 0 6 0 27 0 0 71 66 0 41
 0 15 0 18 63 0 45 61 39 57 36 0 23 13 0 93 57 10 69 10 49 0 36 0 37 0 0 0 4 0 0 74 0 0 70 44 7 26 0 15 0 0 2 61 0 0 0 0 26 8 63 1 4 0 13 44 66 16 13 22 0 0 9 0 0 28 0 0 39 0 49 60 41 0 53 0 0 0 0 0 31 27 34 0 0 0 0 0 7 0 0 0 1 79 54 0 0 64 47 10 29 5 23 0 0 11 0 43 33 0 16 79 0 55 27 57 26 0 0 0 50 33 0 0 59 0 62 7 0 0 0 55 42 28 7 44 0 0 2 7 0 0 37 0 0 21 12 8 0 0
 40 0 0 0 0 0 71 0 0 13 66 41 3 12 0 72 61 48 34 0 17 0 0 0 0 0 0 7 0 0 0 0 0 0 0 21 0 55 0 0 22 0 0 0 34 0 0 0 0 33 24 0 26 22 12 0 0 53 39 0 0 0 7 4 54 0 63 0 0 0 0 0 16 40 19 50 0 63 0 29 37 0 0 0 38 39 0 0 0 0 51 0 21 0 0 0 0 20 0 41 13 14 76 0 0 1 0 0 5 0 2 0 0 0 0 0 0 0 0 0 0 15 24 11 55 0 17 0 0 62 14 0 58 0 12 64 0 14 0 0 0 0 84 45 0 42 0 0 0 0
 0 81 19 64 17 35 29 0 33 53 14 15 0 28 0 63 40 78 22 34 0 0 24 0 0 0 0 0 0 0 0 0 9 35 0 3 53 0 64 0 73 0 0 0 0 97 0 0 10 17 72 9 0 0 0 0 13 0 0 0 0 1 0 41 35 0 0 41 66 52 20 0 10 0 9 0 12 41 0 34 0 0 49 0 79 22 0 0 25 0 0 39 32 11 0 0 14 0 0 13 0 0 65 0 0 49 1 15 18 3 19 40 0 0 4 45 0 0 0 27 0 0 6 57 24 66 0 32 20 0 0 56 0 0 9 0 0 35 0 0 0 0 49 0 5 28 37 0 0 5
 0 37 9 16 0 0 0 7 30 0 65 50 0 0 0 0 66 0 0 0 0 5 15 0 0 0 0 6 23 0 23 0 4 10 0 0 21 59 0 19 0 0 0 0 3 11 0 0 0 46 2 23 0 68 84 5 3 58 0 72 70 0 24 32 0 51 51 7 0 0 71 0 0 28 15 52 0 66 0 76 71 58 48 0 71 0 0 0 0 45 0 60 0 17 9 32 9 46 10 0 8 0 0 0 0 15 0 0 0 27 0 0 32 0 0 70 35 21 0 76 0 21 0 15 0 21 0 0 0 0 19 0 71 15 0 29 0 57 0 59 29 0 0 0 0 21 69 0 0 0
 0 9 53 0 0 0 0 0 0 36 98 0 0 26 16 0 21 0 0 0 55 0 46 12 0 7 19 0 0 13 8 0 0 48 55 46 0 20 0 0 0 21 3 0 0 0 0 8 0 0 0 0 0 0 0 0 0 64 0 3 32 0 87 0 0 5 95 65 41 26 0 0 0 0 0 0 50 24 40 20 0 0 0 24 15 0 0 40 0 48 58 77 0 0 0 84 0 0 31 0 64 0 0 0 0 0 2 6 0 29 0 11 0 0 13 29 0 19 10 0 52 0 71 0 0 0 66 0 0 26 0 25 40 41 42 27 0 0 34 0 0 2 0 64 89 97 0 0 0 23
 18 6 30 0 49 0 0 6 0 0 0 27 90 0 73 5 0 37 0 0 44 0 0 0 0 0 37 0 30 11 0 54 0 25 0 38 64 0 83 34 0 28 0 68 60 40 1 0 33 61 0 49 0 64 0 26 5 0 0 0 0 9 22 22 24 81 0 35 8 15 1 15 0 0 0 0 0 23 0 3 0 50 42 24 0 56 0 0 37 17 0 0 0 0 30 39 0 40 67 18 0 0 60 44 0 0 0 67 0 0 13 21 44 0 13 87 6 59 31 55 0 53 29 5 53 40 41 70 2 89 0 0 0 56 11 0 70 0 0 0 0 0 11 0 0 0 59 0 6 0
 3 0 84 0 0 40 1 0 63 2 4 0 13 0 73 0 0 0 0 0 23 38 0 13 0 0 64 6 4 0 0 0 59 0 36 0 0 0 7 12 99 0 16 6 8 7 23 13 0 0 64 36 0 13 0 39 0 24 59 0 0 0 29 30 0 22 0 34 0 0 6 0 39 50 10 10 25 50 3 9 83 0 0 56 31 0 0 69 0 0 33 0 0 0 30 51 74 0 0 51 9 0 0 0 53 61 0 1 0 22 4 19 0 7 41 25 30 0 0 0 26 17 6 8 56 0 10 0 0 0 0 0 0 81 0 77 0 0 0 19 20 0 0 0 0 68 0 68 0 22
 0 0 25 3 0 14 51 0 52 39 23 21 0 0 55 0 57 0 0 0 0 24 0 35 44 58 0 0 0 0 0 55 0 87 48 18 15 93 0 0 40 16 0 0 3 0 29 0 0 16 0 0 0 63 0 59 0 41 0 52 2 79 16 0 95 66 0 0 50 0 22 0 0 0 0 0 8 19 0 92 5 0 1 27 28 0 83 0 0 0 54 19 55 2 48 16 57 0 29 0 0 6 0 32 30 0 0 60 10 60 0 56 0 30 0 58 28 87 0 42 0 0 18 0 57 0 19 0 0 13 0 0 58 0 70 46 0 0 84 50 0 68 52 0 10 0 0 53 7 83
 0 0 0 31 89 18 0 4 12 69 0 69 0 19 58 0 0 0 5 0 0 0 0 0 0 52 0 0 0 42 49 0 67 87 0 26 10 38 0 50 0 40 92 0 0 0 24 68 0 32 0 0 20 0 0 65 0 3 78 3 0 45 4 20 0 1 0 17 0 56 0 27 89 15 0 73 1 66 56 1 0 17 66 0 0 0 0 6 0 70 0 21 28 21 0 30 0 7 0 0 0 0 0 21 0 49 0 0 0 0 0 0 0 7 73 57 0 66 0 0 77 10 71 34 59 41 23 25 39 80 80 0 0 42 43 29 34 34 73 31 25 0 0 0 0 27 0 52 56 35
 0 0 83 27 32 0 12 0 0 61 0 18 0 91 36 0 44 23 0 4 0 39 86 32 0 13 3 46 0 0 27 29 34 2 0 67 69 85 11 0 0 64 31 14 57 0 36 41 0 0 15 50 13 0 25 0 20 37 46 0 0 0 0 48 0 29 25 57 0 0 0 0 0 63 0 4 0 43 82 0 0 1 0 0 0 0 0 0 0 16 1 34 0 0 0 26 0 14 3 21 84 11 11 0 0 59 68 19 89 0 31 53 0 25 13 0 0 0 0 23 95 25 5 0 0 0 13 15 0 35 0 12 12 0 0 10 0 0 0 25 0 19 60 47 26 25 0 70 61 0
 31 51 0 0 0 11 44 0 36 0 0 22 0 0 32 0 7 0 40 0 70 5 83 8 82 48 0 28 0 74 0 6 10 17 64 0 4 0 16 0 0 0 14 0 96 0 15 33 30 0 0 0 24 0 0 75 0 0 0 0 0 0 38 0 6 7 84 68 20 0 0 0 43 51 0 10 26 0 22 76 0 0 15 0 0 79 57 15 0 0 80 49 0 0 3 45 0 0 70 0 21 0 9 53 1 49 11 2 31 29 36 0 0 45 46 0 0 0 64 0 65 60 0 0 37 0 0 0 22 31 0 0 68 41 28 78 3 0 40 0 0 57 0 0 0 0 0 29 15 38
 0 43 18 12 0 0 0 46 0 0 0 51 18 0 62 0 42 0 0 0 39 31 0 0 56 0 0 0 12 0 37 0 17 0 74 60 0 0 41 0 0 90 13 41 18 56 29 74 47 0 22 91 0 11 0 26 0 0 48 10 0 4 0 0 29 0 0 0 0 49 45 0 33 0 42 55 54 0 57 0 0 15 0 0 31 0 20 17 27 92 3 0 23 1 1 0 0 43 41 1 0 0 47 0 0 0 21 0 0 55 30 28 0 0 44 0 0 0 57 0 0 0 0 3 0 0 1 11 46 0 6 59 35 0 13 7 0 0 56 0 0 48 17 22 26 20 0 0 41 10
 0 0 56 0 0 7 4 21 0 0 30 0 0 74 7 50 66 36 48 13 0 0 0 29 12 56 13 44 0 0 4 0 48 0 15 65 78 20 4 0 0 0 0 0 0 0 77 13 0 0 4 52 0 0 0 0 60 25 3 0 0 24 91 63 0 25 0 11 18 0 19 0 17 14 86 2 14 0 21 61 0 0 0 20 12 0 19 43 0 0 0 0 0 0 15 0 0 0 33 0 0 0 56 0 75 4 2 0 0 0 16 23 38 0 0 34 0 82 65 0 62 0 0 0 0 21 18 15 0 0 64 8 35 13 15 0 0 72 0 32 0 0 0 44 4 73 34 65 34 0
 19 0 0 0 28 46 0 2 6 47 0 2 0 0 0 0 59 0 0 18 55 0 12 0 23 0 0 0 79 55 0 72 0 0 34 25 46 32 0 62 0 29 0 0 0 0 0 87 0 0 52 0 19 0 64 20 38 0 0 0 84 2 0 65 0 0 5 0 17 0 0 44 0 5 49 0 0 43 0 0 5 7 0 73 0 1 81 0 0 19 0 0 0 2 0 67 13 9 0 8 26 0 0 0 19 58 0 0 61 30 0 17 0 8 71 78 31 50 0 0 0 0 9 28 0 60 6 0 0 11 0 1 0 0 0 22 0 26 3 0 0 0 0 14 42 0 8 0 26 0
 0 31 51 0 48 90 0 0 12 0 42 0 0 0 0 28 0 38 66 9 0 0 0 12 0 0 0 10 67 0 31 0 5 0 0 2 0 26 41 0 46 52 24 12 0 0 66 26 17 0 0 8 78 59 30 0 48 83 0 0 59 32 0 14 66 0 0 21 73 2 0 0 0 0 8 0 18 0 74 24 16 0 5 0 43 0 0 0 0 0 0 0 14 0 24 38 81 0 81 0 0 0 0 21 44 0 88 0 35 0 33 0 0 17 31 0 18 0 46 41 0 0 0 0 0 31 6 0 67 0 12 0 0 0 8 0 36 33 0 43 0 0 26 0 0 0 38 2 18 32
 0 36 97 0 0 8 0 0 0 28 17 0 80 0 28 45 0 50 15 0 0 0 0 0 0 91 47 0 12 0 0 5 50 0 0 0 0 0 46 0 41 0 0 57 54 15 42 12 86 36 93 0 0 0 35 0 0 1 21 0 0 0 78 0 29 7 11 52 0 56 9 9 16 0 66 24 81 0 0 0 57 0 7 0 24 0 0 10 76 0 37 0 4 0 41 0 92 1 0 0 0 45 27 0 83 0 0 0 68 8 5 55 27 0 42 46 0 25 0 88 0 0 0 32 0 4 50 30 13 0 42 0 33 23 11 47 45 0 54 0 0 45 0 23 0 0 27 0 0 43
 81 27 0 0 42 33 0 0 15 40 38 0 0 30 0 0 14 0 32 0 72 29 0 0 0 62 19 5 0 0 47 18 0 47 0 0 0 0 27 8 0 13 75 0 72 0 0 0 21 0 8 0 45 0 37 0 0 0 24 0 0 0 2 38 8 0 0 0 0 66 63 0 0 0 0 3 80 59 0 0 0 39 59 0 13 0 22 60 42 0 0 21 0 0 83 0 15 14 69 23 0 0 0 7 0 25 18 37 0 15 72 0 79 0 0 49 0 33 38 37 0 0 29 0 0 0 0 0 0 51 39 5 9 6 38 62 0 54 59 76 20 0 0 24 18 0 29 11 0 66
 48 0 0 43 0 0 0 0 0 40 0 0 44 0 27 68 0 53 0 0 0 0 9 0 0 48 0 0 90 0 19 0 74 0 0 15 0 0 7 0 0 2 34 0 10 0 0 23 0 50 9 3 64 30 20 64 30 0 0 0 24 0 0 0 71 22 67 0 0 52 0 0 0 97 1 19 0 24 44 0 0 0 0 0 52 73 0 18 0 46 0 63 0 21 0 41 4 41 0 0 0 0 8 40 0 0 0 0 23 56 0 0 0 41 62 65 0 0 0 0 0 29 47 17 27 0 19 77 0 0 0 0 53 15 0 6 0 0 0 72 2 41 0 2 28 0 20 0 0 68
 5 33 10 0 6 0 7 66 13 0 34 0 0 33 0 61 25 0 0 18 0 0 0 24 3 60 20 0 47 7 0 47 3 53 0 0 25 62 3 27 53 93 0 0 0 41 11 0 0 75 0 0 26 0 6 33 6 0 0 11 0 0 0 35 7 25 0 0 0 3 0 0 22 0 66 0 0 26 58 0 0 0 0 0 16 14 39 0 0 0 0 0 29 35 9 92 0 60 0 43 13 1 0 27 0 0 33 0 0 0 53 0 0 0 32 67 0 7 0 3 0 16 38 0 42 49 0 42 9 39 0 0 34 6 55 34 0 13 28 6 30 21 49 42 0 21 21 0 27 0
 78 11 0 0 13 6 0 34 0 38 10 94 0 51 0 58 0 56 15 15 0 0 81 77 41 85 6 0 50 0 0 44 27 0 12 0 15 0 29 0 0 0 21 42 14 0 69 33 0 11 11 0 64 58 43 0 69 0 6 0 0 62 87 40 0 0 0 21 0 34 0 0 32 40 0 0 0 78 44 35 37 0 0 0 4 0 43 65 48 0 0 50 0 0 0 0 0 0 15 0 12 0 0 0 59 0 48 46 30 8 0 49 53 37 6 43 0 9 0 61 20 38 0 0 2 0 0 0 15 0 0 0 0 0 0 0 0 0 0 11 68 0 0 53 0 31 0 0 17 36
 20 64 0 0 10 46 42 6 0 47 42 74 0 30 1 5 2 13 10 0 1 0 12 0 0 26 37 0 4 0 0 25 25 2 0 0 18 0 19 1 93 65 36 0 41 37 36 0 0 0 0 0 0 0 26 0 0 55 0 0 20 0 5 40 45 0 0 0 74 0 0 0 7 10 24 23 35 71 0 0 0 0 11 91 0 0 62 10 62 3 9 0 0 0 0 51 49 0 0 16 0 9 0 0 0 0 5 0 27 0 0 0 14 0 0 49 0 48 64 51 0 30 0 0 0 5 74 79 0 0 43 0 12 69 0 0 5 15 0 0 18 43 43 0 51 31 0 0 0 8
 7 24 5 0 18 0 0 59 25 0 0 12 0 77 59 0 0 8 48 0 0 59 0 0 70 0 17 34 0 0 54 7 58 0 0 3 12 0 1 0 0 0 0 50 0 0 56 0 71 73 24 0 0 76 40 38 0 0 0 0 0 0 1 32 0 66 38 0 0 0 33 9 0 0 24 44 0 0 0 0 0 0 0 29 15 0 0 0 0 67 38 0 0 66 0 27 0 0 0 0 0 29 0 44 20 15 0 0 0 0 5 0 32 0 61 11 0 33 0 18 37 0 25 31 0 0 0 0 21 0 1 0 41 0 0 8 0 27 10 74 25 0 18 77 0 4 0 31 12 16
 0 49 0 0 9 0 26 19 88 0 31 5 27 0 15 0 0 14 0 0 0 0 38 57 25 56 58 0 0 0 61 0 0 0 0 31 0 0 20 0 27 40 32 0 55 61 0 0 0 28 78 0 0 0 26 10 32 0 19 35 0 0 66 8 0 7 0 51 0 7 15 0 0 86 29 0 0 30 0 17 0 10 0 34 7 75 41 43 3 35 0 40 0 0 0 0 0 0 38 0 71 0 23 0 0 0 22 77 49 0 35 0 0 18 0 90 60 39 13 0 37 0 34 0 35 52 0 0 0 41 0 0 35 36 0 62 0 0 8 0 68 0 58 0 44 16 33 0 0 0
 0 64 32 0 0 34 0 35 0 44 0 35 31 0 63 0 0 0 0 55 0 0 0 0 80 0 38 0 0 43 0 0 32 0 0 0 6 0 0 46 0 0 0 0 45 14 0 22 0 0 38 29 27 58 0 53 19 79 0 0 24 0 12 0 0 0 16 0 0 42 40 0 0 19 0 0 0 0 41 3 16 0 0 0 26 81 26 51 48 5 0 0 0 0 0 12 0 0 0 49 0 16 38 0 0 0 8 27 46 0 9 0 0 0 64 65 0 44 0 0 0 0 0 13 3 29 0 0 0 0 0 16 9 0 0 13 18 0 64 56 23 0 0 84 4 0 0 0 4 55
 0 0 0 93 0 17 21 77 32 71 0 0 5 14 0 0 27 0 0 31 0 88 0 0 31 0 37 31 0 29 36 22 49 4 0 0 67 16 70 49 0 24 0 0 48 0 0 9 12 0 0 22 20 0 47 1 0 35 63 0 77 61 53 0 0 76 0 0 34 6 12 35 0 0 46 34 34 0 0 57 37 54 0 11 0 0 53 17 35 73 0 0 0 7 0 10 76 0 10 0 0 53 0 19 28 19 41 40 0 0 28 44 10 0 0 21 7 0 47 52 2 0 33 0 0 0 0 0 60 7 80 0 9 12 20 90 7 30 0 17 31 27 0 0 0 0 10 20 0 45
 0 91 59 17 41 73 6 71 0 0 2 18 54 10 51 0 47 38 0 0 47 35 0 0 0 0 78 28 69 0 0 19 69 0 0 13 36 0 0 67 9 0 0 55 3 0 42 18 42 29 62 65 0 45 36 17 0 48 23 57 49 0 32 0 16 0 45 86 28 73 0 35 17 46 12 0 0 7 20 59 0 5 89 0 0 0 18 0 0 13 0 0 13 0 11 11 0 0 0 0 36 0 0 0 37 0 0 0 57 11 0 0 29 24 0 10 0 2 0 66 82 1 0 29 0 0 56 0 0 0 41 24 0 45 0 0 28 0 45 41 0 0 0 47 20 0 0 0 1 66
 0 16 48 0 0 2 38 20 0 0 3 0 16 0 71 0 0 0 13 0 20 0 58 94 5 11 0 52 0 6 1 44 22 11 40 5 20 0 0 51 13 0 8 35 8 50 9 0 0 1 54 0 1 11 0 78 58 0 0 0 3 9 43 0 0 5 2 0 0 0 48 0 83 0 0 0 20 0 0 16 0 93 40 11 37 0 0 17 0 0 65 51 0 6 7 0 0 0 0 0 0 0 23 49 0 0 0 0 35 0 3 0 0 0 0 0 0 0 0 61 74 48 0 8 0 32 0 30 0 41 72 70 0 56 67 0 0 13 0 0 0 41 58 43 8 0 0 0 37 4
 9 83 2 6 0 44 3 0 0 95 9 46 0 0 38 8 0 61 22 93 0 0 0 1 0 0 25 0 42 42 0 0 0 33 8 1 0 0 25 0 14 0 0 4 26 0 0 0 0 24 33 75 11 0 6 29 57 44 0 18 0 85 76 0 0 0 19 34 0 17 0 0 13 0 0 0 15 0 0 0 54 5 0 0 0 0 0 79 0 49 34 0 0 0 0 44 2 69 0 1 1 9 35 0 43 7 0 0 30 0 16 0 0 66 0 0 0 0 73 0 35 0 31 0 0 0 83 0 21 0 10 26 0 2 0 0 33 0 31 0 0 24 0 22 0 51 47 24 41 0
 13 0 4 38 20 0 6 0 0 0 34 73 13 41 38 31 86 0 48 0 0 49 38 0 44 16 0 56 0 0 0 0 0 9 0 0 83 0 0 0 0 0 0 60 0 13 0 0 9 0 0 20 14 0 0 0 0 0 0 0 0 0 65 1 0 0 41 0 0 0 3 20 5 39 0 66 0 21 0 0 7 0 0 0 0 0 16 0 41 0 0 0 0 0 59 0 42 0 0 0 0 0 5 40 0 0 37 0 25 90 0 71 0 0 16 0 0 0 28 25 65 0 0 0 38 0 25 0 58 5 9 25 0 31 0 0 13 65 13 15 0 84 0 0 0 0 0 0 0 0
 0 61 0 0 0 50 0 0 0 0 18 62 64 0 71 0 42 0 32 0 83 0 0 12 28 0 0 0 13 0 0 0 48 69 19 0 0 0 24 0 0 7 0 0 33 13 0 0 0 49 0 34 0 0 0 0 0 44 38 11 14 45 0 11 0 0 0 1 0 13 35 39 31 12 0 48 6 44 50 0 15 0 0 5 0 0 0 0 25 31 71 10 0 40 26 0 6 0 0 30 0 0 0 0 70 0 0 34 0 0 0 37 0 0 11 25 62 0 0 0 60 0 0 42 0 0 0 36 0 20 13 69 0 0 54 0 22 0 0 17 0 28 2 0 0 0 55 0 41 17
 35 47 0 0 0 0 0 27 33 0 0 28 0 0 61 17 0 0 0 0 0 0 0 60 17 19 33 0 0 0 0 83 32 0 24 0 0 55 10 0 16 0 2 24 0 0 30 39 0 0 0 0 0 26 0 7 36 24 26 0 27 40 90 35 68 0 0 22 32 16 16 3 29 0 32 88 0 19 72 9 31 2 0 38 17 46 0 0 0 0 37 16 0 44 25 34 2 62 0 41 0 36 21 0 27 34 23 0 14 24 0 18 0 0 25 16 0 0 16 0 48 0 0 10 0 65 27 0 0 0 17 0 0 4 0 28 32 0 57 0 8 0 19 4 0 4 26 21 0 60
 0 0 6 0 0 36 37 0 74 0 0 0 39 23 21 5 14 0 0 14 53 7 6 2 0 0 20 26 0 0 26 11 0 1 0 16 92 0 0 0 0 0 0 0 0 86 0 41 6 0 41 0 0 20 89 0 0 51 0 19 0 21 17 4 79 74 52 0 47 0 0 0 6 0 32 45 53 54 18 46 0 20 0 2 0 0 69 0 0 23 2 0 0 0 0 0 36 0 28 23 35 17 0 0 0 0 40 26 0 17 5 1 68 0 0 0 57 42 8 0 6 46 0 0 0 16 0 0 31 57 0 0 54 38 0 31 74 16 0 28 76 0 0 0 47 21 59 22 0 0
 59 0 19 0 0 0 0 0 27 14 0 0 0 49 0 53 0 0 0 33 0 0 0 0 0 0 0 14 0 9 30 40 0 0 16 0 10 0 0 25 83 72 8 0 0 97 38 0 42 0 0 0 43 34 41 0 64 0 32 0 0 0 0 20 35 0 5 0 54 0 0 37 73 20 0 2 0 69 0 6 0 0 0 0 0 0 52 50 0 0 36 0 0 14 11 20 46 2 0 0 0 84 12 16 0 0 21 23 0 33 0 11 3 3 30 0 17 68 1 0 2 68 36 35 0 0 15 0 0 0 53 54 6 0 23 14 0 21 33 60 46 0 8 0 0 0 0 7 11 0
 0 6 0 0 0 5 28 80 18 0 18 0 0 62 0 40 16 0 12 80 60 25 15 0 41 52 0 0 29 13 61 0 6 82 79 7 0 0 0 0 0 40 0 0 0 23 0 36 0 0 13 63 25 0 34 74 0 26 64 0 8 0 51 0 0 31 30 13 0 29 0 0 32 0 14 90 0 0 43 0 39 10 67 0 0 0 0 1 62 0 0 44 0 0 35 0 1 0 42 8 0 36 0 0 0 0 2 0 0 3 0 15 0 38 3 0 24 1 17 0 11 0 40 0 0 0 0 0 0 11 0 0 0 0 35 7 0 0 0 14 41 49 0 0 20 0 50 7 0 0
 0 45 55 12 0 0 0 11 0 3 16 32 0 0 0 58 0 0 0 21 38 86 6 76 70 0 0 62 9 42 32 19 17 0 0 13 0 17 0 0 26 0 13 3 0 9 0 0 0 94 16 4 17 3 0 49 41 39 0 0 38 0 80 30 0 0 0 1 74 16 18 0 31 23 0 0 0 16 0 0 0 18 0 7 0 0 50 17 63 0 0 0 68 0 0 32 37 3 0 0 0 19 0 31 0 2 51 0 46 0 0 0 0 58 0 48 0 89 0 0 59 74 43 40 0 81 8 0 0 0 9 10 9 0 0 0 30 49 0 0 49 32 3 0 3 0 14 39 0 0
 62 0 0 36 0 0 0 27 64 0 74 0 49 72 0 6 0 0 75 0 0 0 0 0 0 0 0 49 44 4 0 0 35 40 53 2 0 37 0 0 29 16 0 11 16 0 11 87 0 0 0 0 0 0 49 20 0 0 0 0 12 0 20 0 0 3 49 0 0 51 0 0 76 43 0 10 0 49 0 55 3 0 95 0 20 59 6 45 2 0 0 29 22 0 14 32 0 0 0 1 4 35 75 28 0 0 48 36 18 9 0 0 0 0 0 0 61 0 0 0 0 0 37 17 0 79 76 91 0 0 34 45 0 50 0 50 0 0 26 32 45 0 32 0 0 0 70 31 0 0
 20 0 0 0 0 32 47 0 32 58 0 0 81 37 74 13 0 57 0 21 0 29 0 9 0 5 0 56 6 61 0 30 52 15 0 57 0 0 32 0 0 0 13 23 9 0 0 27 40 0 0 35 5 1 89 0 0 0 0 18 0 61 0 0 0 65 41 0 0 11 34 0 1 77 0 0 48 5 32 0 0 27 0 19 23 0 17 2 79 0 51 32 0 41 0 0 48 58 67 0 50 18 16 0 11 1 19 54 0 44 51 0 0 28 10 0 0 0 59 30 83 91 50 0 65 78 0 0 27 11 0 0 18 88 0 0 5 58 0 26 0 0 0 0 0 0 0 28 0 0
 0 0 0 36 0 0 11 0 21 24 0 0 0 0 28 0 0 12 0 3 73 32 0 58 0 0 0 0 0 0 0 8 0 36 0 13 0 56 1 0 16 7 0 63 52 7 28 0 44 0 4 52 14 69 20 0 2 1 0 0 21 10 0 0 0 70 0 27 87 40 16 10 13 51 24 27 78 0 45 0 0 4 0 0 0 58 87 0 24 0 75 47 71 0 10 0 50 10 60 0 15 0 6 66 0 2 0 51 32 0 0 0 0 0 0 14 0 0 63 70 0 35 43 0 0 11 0 26 0 31 0 0 0 0 63 32 0 0 15 0 12 0 0 0 35 33 0 79 32 0
 0 0 0 49 0 39 0 63 0 22 24 0 19 0 20 0 0 0 0 22 4 9 59 19 0 0 0 78 0 0 0 0 53 45 0 0 0 55 38 64 0 17 0 6 0 0 0 16 27 0 28 22 0 0 0 78 0 46 26 0 0 0 0 0 0 0 0 0 0 0 0 0 85 14 52 16 84 0 0 40 0 84 0 4 0 0 74 35 76 0 0 0 57 0 2 62 3 0 83 65 0 0 0 54 49 37 30 0 10 0 0 18 0 2 0 0 0 12 0 35 0 46 2 42 8 24 34 0 0 0 31 13 13 11 27 39 0 17 31 12 0 7 23 0 0 0 74 76 45 59
 0 0 0 0 0 0 46 3 0 65 29 0 29 0 0 0 0 28 3 0 2 84 0 2 0 0 0 0 1 15 0 26 0 0 46 0 39 0 38 4 0 40 0 0 0 91 0 0 67 41 82 0 24 0 0 36 0 0 7 0 4 49 0 0 1 64 0 6 0 0 0 0 0 55 11 48 0 0 0 0 25 92 2 19 55 27 0 60 55 34 0 0 23 77 0 21 7 0 94 51 10 30 51 0 29 7 0 11 30 6 0 61 0 0 47 0 13 61 0 96 0 0 35 0 0 26 20 0 33 70 0 0 43 0 16 47 0 0 92 0 0 0 3 5 62 0 0 20 0 38
 0 0 19 0 0 90 6 0 80 0 14 24 0 0 49 0 0 43 0 28 0 0 73 37 28 6 35 30 0 0 0 0 18 0 0 0 0 0 36 34 0 40 24 14 42 0 0 0 0 0 25 0 0 2 0 0 0 43 0 0 27 9 6 31 0 0 31 0 18 11 66 0 0 0 52 14 5 0 0 36 0 0 58 19 0 22 37 0 6 0 1 63 0 0 13 9 26 0 0 27 0 76 41 0 13 0 81 1 7 0 0 0 30 0 0 51 14 0 0 0 6 38 0 18 69 57 0 95 0 68 0 0 0 0 0 0 2 14 0 23 70 0 9 8 10 27 0 0 0 58
 0 3 0 28 4 0 21 71 0 10 0 18 0 0 0 18 0 73 43 18 44 40 77 0 18 0 0 0 0 42 71 0 4 0 49 0 19 0 84 67 0 75 0 0 0 0 0 53 63 0 0 0 88 34 0 0 14 1 0 2 32 17 0 0 0 0 0 0 26 0 18 0 0 0 0 68 0 61 0 12 24 0 0 0 0 0 0 81 52 61 0 2 0 0 0 29 0 33 22 0 39 31 0 0 0 0 0 0 0 40 33 0 0 0 11 0 0 20 31 0 2 0 0 0 0 31 9 0 0 29 0 0 0 0 5 0 0 10 0 56 11 0 0 0 0 0 14 0 0 0
 0 0 60 0 65 18 0 0 9 11 46 12 11 73 0 55 0 0 0 0 0 0 27 1 0 7 45 40 41 0 0 38 0 0 44 7 0 32 0 7 0 0 0 3 0 0 0 4 0 0 0 11 19 2 0 26 5 14 0 1 0 0 13 0 21 0 28 5 94 66 0 0 0 50 0 29 8 21 0 40 71 0 7 28 0 0 0 26 15 41 49 0 5 0 36 0 2 13 0 37 28 0 0 13 0 31 0 0 54 0 0 2 31 0 0 0 33 0 0 0 0 35 0 0 1 51 19 19 0 88 0 0 16 29 18 0 0 0 0 32 59 0 8 0 0 65 39 43 5 41
 0 0 40 0 52 26 3 7 59 0 20 0 5 0 2 85 14 0 0 0 38 0 0 0 0 4 0 0 0 78 0 48 0 18 24 0 0 0 0 0 0 0 0 0 74 59 17 0 8 37 0 0 0 0 0 1 0 12 26 0 57 12 0 0 0 0 0 78 0 0 0 16 10 66 37 0 0 38 0 0 0 0 33 13 53 57 12 20 0 56 0 24 0 46 0 67 13 9 0 93 0 0 16 0 0 5 10 0 0 0 0 0 85 0 24 0 0 60 0 0 43 0 0 18 0 10 0 21 0 0 76 43 0 9 28 4 72 0 42 15 50 17 0 17 23 0 61 48 0 26
 0 16 0 0 11 0 53 35 0 0 34 0 0 66 41 10 50 21 0 74 30 13 0 69 0 54 0 67 17 64 71 0 0 0 2 25 17 26 0 50 0 63 0 0 0 0 0 26 0 46 8 0 0 0 0 17 43 0 11 0 100 67 56 0 0 0 3 0 11 80 0 0 53 52 81 66 4 57 76 0 21 16 0 37 19 21 1 4 0 0 43 0 4 0 0 0 29 0 0 49 0 45 0 0 62 0 5 22 37 0 24 0 26 0 0 30 0 35 19 0 39 0 0 0 0 9 24 0 38 0 36 30 0 0 100 16 0 0 27 10 10 8 0 0 19 22 0 0 0 36
 18 38 0 0 83 0 56 31 0 0 32 0 0 16 28 11 0 0 14 26 0 54 0 6 0 0 7 0 29 9 0 48 11 0 2 0 0 0 0 0 0 0 0 42 0 51 0 4 0 21 28 55 32 0 77 51 0 0 0 0 0 53 60 63 0 0 0 53 1 0 22 27 0 49 0 0 0 0 27 18 6 0 0 0 64 0 53 0 0 0 37 0 52 9 58 31 0 0 4 0 0 43 15 35 0 6 0 91 0 0 0 2 0 0 0 14 30 3 4 0 16 0 0 45 0 0 0 16 0 80 22 0 0 0 30 0 0 9 8 0 0 0 0 66 82 40 40 93 10 0
 43 0 36 0 0 0 24 70 43 0 78 0 13 91 0 18 0 0 33 2 0 17 21 12 4 73 0 60 0 0 0 0 0 0 0 0 51 0 9 42 0 0 5 64 26 36 70 0 0 0 36 48 24 0 56 45 22 0 0 47 77 0 0 0 0 30 26 0 40 0 75 23 31 0 15 0 0 12 0 0 30 0 45 18 14 0 0 1 0 0 17 0 19 7 93 0 38 59 55 0 0 13 0 0 68 25 47 0 0 0 0 0 0 0 17 58 11 15 0 1 0 62 0 0 0 31 37 0 49 0 0 42 0 15 0 0 60 19 0 31 71 0 39 0 72 20 0 42 0 0
 0 28 79 32 52 1 0 0 0 54 61 4 51 10 57 0 0 0 40 18 13 0 33 0 0 16 0 79 0 0 0 0 0 0 0 9 31 0 9 0 35 23 0 0 3 0 22 0 44 94 0 2 63 13 58 26 0 8 0 0 0 0 43 8 0 0 93 0 0 67 0 0 0 0 9 54 21 0 0 3 4 33 63 0 0 0 70 58 26 0 0 0 91 0 54 49 44 0 25 0 0 0 2 0 0 0 0 0 36 0 50 28 33 0 0 13 36 62 0 0 25 0 0 12 0 0 0 0 28 50 0 43 0 10 0 16 18 35 0 17 0 0 0 0 39 10 50 38 29 10
 8 31 49 0 0 0 5 0 0 31 0 0 16 0 13 0 0 33 0 24 16 47 43 0 8 0 3 0 65 0 10 14 0 0 0 18 0 0 20 0 51 0 0 55 0 67 19 71 0 0 0 48 1 64 0 38 7 80 53 0 0 4 21 4 47 19 32 0 39 0 8 50 3 0 0 52 0 0 76 51 0 0 68 26 24 5 0 3 0 32 37 0 13 62 44 38 0 0 0 4 0 9 0 49 0 20 0 17 4 84 86 0 0 77 0 0 0 0 3 26 54 0 75 0 3 14 76 25 0 0 9 15 15 0 23 0 2 0 4 0 24 28 0 0 0 0 0 0 0 4
 58 0 29 25 8 0 0 25 0 1 0 17 82 55 1 0 0 39 0 0 0 0 0 0 72 0 0 2 0 0 0 0 0 46 38 12 1 14 0 0 0 0 33 28 39 68 0 0 27 34 39 37 86 46 0 0 0 4 0 15 0 75 58 0 0 0 57 15 0 0 0 11 0 0 0 41 0 0 0 50 0 39 0 18 30 12 0 20 24 29 0 0 86 0 55 0 11 42 0 0 32 62 0 30 0 0 45 0 0 0 4 0 0 26 40 0 0 92 20 0 0 3 0 59 0 0 0 63 0 0 0 0 16 15 0 0 0 0 56 0 0 56 48 77 14 3 38 0 0 0
 50 0 52 29 20 45 0 17 24 0 74 24 29 0 0 0 0 0 0 1 0 6 0 3 7 0 0 68 36 10 10 0 0 0 15 0 0 0 0 8 0 0 17 82 32 0 0 49 0 0 0 0 0 0 1 0 0 0 33 37 0 35 40 4 0 96 58 54 45 0 0 23 65 0 4 29 1 0 0 0 0 61 0 0 100 11 26 88 0 77 0 0 12 0 0 0 40 0 0 0 86 0 22 0 0 38 19 16 46 61 54 20 0 0 79 38 4 0 12 19 26 0 0 0 0 5 28 19 0 0 0 23 0 0 76 51 0 0 0 11 0 0 19 61 16 60 0 0 21 0
 9 80 0 45 0 1 0 89 6 0 0 90 51 66 6 0 0 0 0 0 0 0 32 61 39 0 16 44 0 14 0 0 64 0 23 0 0 17 49 0 32 39 29 0 0 61 39 0 2 0 29 0 0 29 8 14 0 0 51 73 70 31 2 80 0 4 41 68 21 0 88 0 63 0 0 61 26 0 0 42 40 21 0 0 0 17 14 20 8 7 0 0 0 12 24 0 0 0 23 0 17 27 0 0 3 56 0 2 64 46 0 7 17 38 76 8 0 36 24 0 0 58 0 7 0 0 0 18 19 0 0 12 9 26 7 45 0 0 58 0 7 0 0 54 0 0 0 0 53 0
 76 0 18 0 0 0 0 14 0 57 19 21 12 26 0 5 0 3 28 22 51 0 59 0 17 0 0 27 6 26 11 33 24 4 30 10 96 50 30 22 27 0 3 31 0 0 0 0 10 4 0 78 0 0 0 60 0 0 0 0 52 80 0 38 49 0 0 46 0 0 0 0 0 87 0 25 47 0 0 0 17 0 17 38 0 0 4 21 38 9 64 0 9 0 0 5 0 0 0 67 1 49 69 5 0 0 68 30 6 0 73 15 0 0 13 0 0 51 0 0 0 74 45 0 0 0 0 50 60 0 59 0 0 0 1 46 38 0 87 0 0 42 0 0 0 21 25 61 0 0
 0 51 0 21 0 0 53 47 43 36 0 86 0 0 22 0 37 0 65 3 0 42 0 0 0 13 0 0 74 0 0 44 0 2 41 40 15 18 0 60 0 30 0 43 0 0 0 11 29 0 0 0 32 0 0 4 0 0 0 45 0 0 37 52 43 18 0 0 0 0 0 51 0 0 9 0 0 0 0 0 0 0 0 0 0 0 0 76 19 16 51 27 0 0 56 0 36 74 9 0 0 21 33 0 0 0 0 56 0 41 0 0 0 43 0 2 0 75 0 12 0 55 0 12 0 0 0 0 62 15 31 38 56 0 0 0 6 0 0 15 9 0 83 0 6 16 0 0 0 1
 0 0 0 28 0 26 13 0 0 0 0 48 49 22 0 0 14 1 0 78 0 0 3 0 0 0 11 17 28 45 38 8 0 0 0 46 0 49 4 0 12 9 9 27 34 0 69 13 21 0 0 60 42 0 0 80 0 0 0 26 38 6 0 0 1 2 49 0 0 0 0 0 0 0 0 0 0 44 31 6 34 0 44 0 5 0 0 0 7 41 49 67 8 0 0 60 0 0 32 0 0 8 0 0 12 11 54 0 0 18 0 0 49 27 0 0 0 80 35 0 0 67 0 13 6 37 41 18 21 42 37 42 47 81 81 0 0 7 34 0 0 20 88 0 70 0 0 0 0 33
 0 36 31 24 0 1 16 0 37 0 42 63 0 0 0 19 0 25 0 58 72 39 0 0 0 16 34 0 0 69 35 0 0 88 31 38 29 0 0 0 78 23 0 0 16 0 93 0 0 14 29 0 89 21 0 0 0 0 0 0 6 0 30 0 49 0 40 70 86 5 24 18 13 0 66 0 0 0 10 12 43 22 0 0 0 0 0 0 0 31 0 0 0 57 63 0 0 0 67 16 30 0 0 0 39 61 3 76 12 35 65 0 0 0 22 28 0 39 19 0 0 36 21 42 0 0 4 40 18 87 35 50 0 72 0 0 34 0 0 0 59 0 34 0 16 0 0 26 0 27
 70 87 0 24 36 79 45 6 0 5 19 35 25 0 18 20 0 0 21 44 0 81 0 0 0 15 23 0 0 0 61 24 0 0 39 0 36 3 0 58 0 0 0 0 0 0 34 28 33 0 57 5 64 14 0 0 33 66 62 22 0 0 48 0 0 0 0 1 14 39 0 0 21 45 0 0 0 36 0 0 0 12 0 33 13 43 0 0 0 20 71 0 0 30 56 0 12 52 0 0 0 16 0 0 26 15 5 48 0 79 17 0 0 0 63 3 0 2 0 2 0 35 11 18 0 14 0 29 78 34 0 19 0 12 0 0 0 5 65 0 62 0 0 1 0 49 44 0 44 0
 38 41 3 12 55 0 0 0 0 50 20 3 14 0 25 29 11 66 0 18 21 0 0 0 0 0 39 29 11 0 35 78 59 0 5 50 0 0 0 14 69 0 0 0 0 18 13 22 69 4 0 0 71 0 16 3 0 24 18 25 0 19 27 0 0 44 25 0 39 0 0 0 4 23 0 0 0 0 9 80 15 14 25 38 31 62 36 0 0 34 12 22 48 0 0 0 0 35 24 0 1 0 61 0 13 0 77 0 0 0 21 70 0 29 0 24 9 0 12 0 30 18 69 0 0 0 41 0 8 0 0 12 0 23 21 0 0 53 0 84 0 71 0 0 0 58 0 0 48 15
 39 11 0 79 16 42 0 65 0 55 0 31 0 0 2 13 19 0 0 0 17 58 0 0 0 0 0 0 9 3 0 0 0 0 0 0 0 60 26 5 36 0 0 47 36 0 94 1 0 0 23 7 0 44 60 6 2 33 58 0 58 8 46 43 75 33 19 32 0 0 61 0 0 0 7 14 0 18 0 0 0 0 0 0 0 16 0 38 0 62 4 0 46 59 0 19 0 0 0 0 0 0 0 0 35 0 0 16 0 54 10 0 0 0 0 0 0 12 0 0 60 44 43 28 9 0 50 0 9 0 51 42 0 16 0 0 0 23 0 55 0 0 0 0 0 0 28 0 0 0
 24 0 0 42 0 48 4 0 68 72 27 0 11 0 0 16 0 0 14 28 46 37 0 0 0 0 10 0 0 0 6 0 0 58 0 41 0 0 3 31 47 0 0 65 31 0 79 0 43 9 39 0 0 0 36 0 48 47 0 4 0 32 68 0 0 5 0 18 11 1 0 26 45 0 5 56 31 0 58 0 0 17 0 70 51 0 1 27 33 0 0 13 0 78 50 70 0 33 0 2 1 0 0 86 0 51 76 71 3 22 0 4 5 23 0 0 15 0 0 2 24 0 0 0 0 43 18 12 0 7 36 16 0 75 0 0 0 0 27 0 59 0 11 6 18 0 64 87 21 0
 0 0 0 11 50 37 0 37 89 70 0 0 14 6 20 8 0 25 0 0 0 8 0 0 0 0 45 70 0 28 0 45 91 0 0 29 29 0 89 0 0 0 51 19 0 0 0 49 0 0 0 58 0 40 1 17 61 17 13 0 0 36 0 0 0 81 0 0 50 0 34 0 0 33 0 5 0 7 51 0 0 0 0 0 30 0 75 0 81 0 0 36 52 0 56 20 30 0 89 5 64 43 22 61 0 0 15 37 53 11 57 0 14 0 0 68 0 5 10 23 32 41 5 0 13 74 0 0 30 15 38 48 70 13 0 0 14 5 63 31 0 8 94 0 11 50 0 0 0 22
 9 21 0 27 10 0 25 0 31 0 23 6 0 0 63 0 25 0 0 2 0 2 0 0 0 0 0 40 0 50 49 0 0 0 35 32 14 0 0 0 0 0 0 0 0 14 14 0 0 49 30 0 0 38 0 0 77 0 0 0 28 0 45 9 0 50 0 27 0 0 60 4 0 0 0 0 54 0 42 0 38 0 0 16 5 20 0 19 0 23 54 44 0 0 0 35 0 54 0 0 56 0 0 37 0 36 0 36 0 0 13 4 10 37 0 0 0 0 0 14 49 0 79 0 71 19 91 0 10 0 0 78 0 50 81 0 5 30 0 35 31 58 0 0 0 62 0 0 16 0
 0 69 11 0 0 59 0 0 63 0 0 35 0 45 0 16 0 30 53 53 8 0 27 0 47 17 0 31 0 0 0 19 0 0 32 45 0 0 16 14 0 0 14 33 36 69 28 0 0 0 0 0 60 96 0 14 3 25 0 1 33 0 0 0 0 0 0 0 0 77 0 0 0 0 0 45 0 0 0 48 0 0 25 0 0 18 63 0 94 2 0 9 20 9 0 28 45 5 3 0 0 23 57 0 0 0 0 0 0 0 76 36 36 0 0 0 8 59 0 4 0 34 40 0 0 17 38 0 48 55 0 8 49 0 0 37 28 41 13 33 15 40 8 0 69 3 10 10 61 8
 0 0 42 0 0 5 0 53 47 39 0 0 51 0 0 66 64 0 0 0 0 71 0 33 43 47 0 30 0 31 0 44 51 32 0 0 5 0 29 0 33 0 0 0 55 0 65 0 5 0 0 0 0 33 37 17 49 65 32 3 33 0 35 10 0 22 0 25 0 56 0 0 46 32 50 0 0 0 13 15 0 61 5 0 39 16 2 0 0 48 0 0 68 0 72 0 0 23 7 30 12 34 21 0 62 0 0 0 0 0 9 0 0 0 54 20 0 0 75 36 37 0 41 15 0 0 59 35 0 29 0 0 8 0 19 58 0 0 0 0 0 84 2 0 34 5 0 35 1 0
 0 14 4 0 0 0 0 44 0 0 6 0 39 35 20 16 0 17 29 46 61 50 0 1 0 0 14 0 53 0 0 0 11 87 0 9 92 0 0 0 52 0 6 0 0 0 0 39 0 32 0 52 62 0 36 8 0 47 0 8 61 73 24 29 14 0 54 0 3 30 0 0 0 0 31 0 51 76 67 0 0 0 11 21 91 0 86 0 0 0 7 0 58 65 0 60 0 0 100 0 82 27 0 0 18 24 0 0 0 0 31 56 0 0 44 0 0 0 30 0 0 31 35 21 47 0 79 39 11 27 8 27 0 24 47 24 48 73 7 4 0 0 4 78 10 0 27 0 4 0
 31 0 5 18 18 4 0 0 95 0 26 37 0 9 53 4 0 0 1 0 4 82 27 76 0 39 66 24 0 0 0 28 29 71 0 0 0 16 16 0 0 10 25 0 48 0 44 0 16 13 0 1 0 9 0 70 7 0 74 11 19 0 15 0 0 0 8 0 6 0 12 17 0 0 0 71 0 0 0 38 82 43 0 58 35 96 0 12 7 0 7 84 44 0 0 85 49 0 27 97 0 53 18 0 27 0 80 0 0 5 0 0 16 0 0 26 3 0 67 51 43 0 49 24 18 0 0 35 0 81 0 0 9 42 0 0 0 0 38 0 43 43 0 0 78 30 0 0 0 0
 5 29 0 0 0 28 0 14 83 0 47 0 0 0 19 45 0 0 46 0 40 0 0 0 9 31 42 40 20 3 0 47 0 53 0 0 51 0 0 0 0 93 19 0 0 21 37 0 59 2 2 2 0 0 56 75 0 88 7 0 9 0 62 65 49 0 2 91 7 0 0 0 12 0 32 0 0 71 43 5 48 46 32 0 0 0 0 29 55 0 47 0 5 0 0 0 24 0 0 4 33 0 22 0 50 0 0 19 0 21 2 46 0 30 66 45 14 0 0 13 22 0 0 0 0 0 0 73 0 0 0 0 13 0 0 49 40 0 0 9 23 5 0 2 47 28 0 0 0 49
 0 9 0 0 54 0 0 0 0 0 6 0 0 31 64 13 0 0 0 0 0 14 57 35 0 27 0 0 0 43 0 4 57 0 0 0 25 17 45 24 55 0 48 0 48 12 18 30 14 0 14 41 0 33 0 0 6 0 0 30 67 0 24 5 0 0 0 0 0 0 0 69 45 0 0 0 12 42 0 0 0 10 0 0 88 0 0 0 0 3 0 62 12 61 0 41 0 0 0 0 41 69 0 10 0 82 29 0 64 85 0 1 0 60 0 33 0 4 0 28 2 0 0 0 0 0 0 0 0 31 0 7 0 20 58 38 0 58 0 91 0 34 91 34 0 48 33 31 35 0
 0 7 0 0 0 0 95 0 0 9 51 37 0 13 0 0 18 16 0 0 0 0 8 0 0 2 0 0 0 0 83 84 0 0 0 0 0 21 64 0 25 85 40 0 0 0 0 9 5 0 4 0 31 4 24 35 0 0 68 12 0 0 0 40 0 17 0 2 92 0 0 0 79 0 0 68 42 0 3 0 63 0 9 9 0 21 0 0 10 15 9 0 26 19 0 49 0 0 4 0 0 22 63 6 29 12 33 0 17 0 0 0 0 0 20 0 74 29 0 0 5 18 0 0 0 0 0 0 25 13 0 0 58 53 22 51 13 0 28 37 0 0 45 0 0 71 0 37 0 52
 13 58 6 0 40 45 0 53 48 10 16 41 9 0 21 0 23 0 41 27 0 48 0 18 0 46 33 0 0 32 74 14 0 0 32 33 3 15 13 0 82 0 0 16 0 30 43 37 0 99 0 0 0 12 70 0 52 32 0 3 0 14 0 4 36 42 0 3 0 0 47 0 0 3 10 47 0 64 24 0 64 7 0 0 30 20 0 11 13 36 54 62 29 0 0 0 10 18 28 39 3 0 0 32 0 0 35 0 0 26 13 0 0 0 0 0 48 43 1 0 37 43 0 0 26 36 0 0 2 0 0 1 0 0 1 0 0 35 12 26 67 48 24 0 0 14 59 0 0 0
 0 67 0 0 3 0 0 26 27 0 28 0 35 66 0 0 75 0 0 0 0 0 47 0 24 0 44 52 0 0 0 23 16 24 67 19 10 24 23 8 0 0 70 29 0 9 0 0 0 0 7 52 27 0 1 0 17 42 0 0 59 0 45 0 0 33 56 60 8 7 0 39 0 0 0 32 0 16 0 54 0 1 26 58 95 0 33 9 0 0 0 0 0 15 84 3 9 0 0 0 0 13 0 7 55 89 0 0 44 60 30 7 0 20 0 83 52 0 0 73 0 38 0 24 14 0 0 34 0 0 0 0 0 0 0 0 18 0 78 0 11 10 43 58 0 0 28 0 0 0
 47 14 53 0 0 0 4 3 37 6 0 0 0 0 0 1 0 0 75 0 0 44 9 20 27 0 0 0 79 0 10 32 12 15 0 0 0 0 3 2 0 52 0 0 0 19 0 0 14 22 0 48 22 63 6 0 15 1 0 41 2 0 74 8 0 50 20 5 0 6 0 0 0 0 63 27 0 0 29 0 0 22 0 57 0 0 3 82 0 0 0 53 35 0 20 0 16 13 0 20 39 0 0 44 0 50 3 60 0 36 0 0 0 25 7 55 0 0 0 50 60 2 21 0 0 0 0 22 0 37 0 21 0 0 67 49 52 0 0 68 0 51 0 0 0 0 0 8 0 25
 0 0 4 0 2 0 0 15 30 0 77 0 0 46 9 45 0 0 0 0 0 0 4 0 0 0 0 0 0 0 49 0 0 47 50 55 0 21 0 58 17 0 27 0 0 0 0 11 0 11 0 89 0 0 0 6 0 0 0 31 80 35 0 8 0 0 0 0 0 0 0 0 0 45 0 34 22 0 0 56 0 17 27 0 0 7 0 8 0 0 0 0 15 0 0 34 69 32 23 0 23 0 0 0 52 0 29 4 0 15 0 0 0 0 0 0 0 5 0 41 14 74 65 0 0 0 31 0 50 0 0 0 0 77 0 0 80 25 42 0 0 0 0 0 0 0 0 0 0 0
 26 0 5 0 0 0 0 0 8 75 0 0 38 3 0 0 42 0 48 81 11 52 33 0 0 0 0 0 62 0 0 0 0 0 0 23 0 10 0 0 0 0 5 0 0 4 18 26 74 35 0 43 7 0 55 80 0 0 0 11 10 12 70 0 21 0 0 70 8 0 0 0 31 0 0 43 0 16 0 0 26 18 0 18 0 0 0 0 2 0 0 5 0 0 0 0 20 0 13 5 0 64 11 29 64 0 0 51 0 21 0 50 0 0 0 66 0 11 34 0 47 0 0 0 74 0 0 59 0 11 0 0 54 0 0 46 0 54 0 16 0 38 0 57 21 0 0 0 0 76
 0 0 0 0 2 0 12 0 0 0 0 0 0 0 0 34 0 0 0 82 74 0 0 0 0 0 0 75 0 0 0 25 0 0 0 0 0 82 10 2 15 0 56 0 0 14 5 0 0 0 41 0 20 0 0 47 0 0 61 0 0 0 0 35 0 7 12 18 0 0 26 0 0 0 0 52 0 9 0 60 17 0 0 70 0 0 0 1 11 0 3 53 39 0 0 53 77 27 66 1 56 0 0 22 0 40 30 24 63 0 15 0 0 5 59 0 17 90 31 0 0 12 19 5 41 0 65 21 0 23 0 0 60 0 0 25 0 0 79 0 88 0 86 9 1 23 0 18 16 0
 15 0 25 0 0 27 7 0 10 10 0 0 7 0 12 21 0 3 15 38 22 7 0 24 0 15 12 0 0 0 0 0 0 14 81 13 0 0 0 14 0 0 25 5 0 0 41 0 34 0 0 0 15 0 22 35 53 4 50 0 25 2 0 11 0 0 0 0 8 0 0 36 52 0 73 0 18 46 41 69 45 3 0 46 0 0 5 0 0 0 0 14 0 0 0 55 6 23 0 0 0 0 30 0 0 0 0 0 57 8 1 2 14 0 81 21 0 27 55 71 0 73 2 0 3 0 0 0 0 52 23 6 27 0 29 0 0 60 23 59 4 46 26 0 10 0 0 0 0 0
 0 52 21 0 21 33 0 29 10 59 0 0 20 0 0 15 57 52 0 0 73 0 34 10 0 0 0 19 40 29 33 47 49 0 0 0 0 53 1 0 0 2 19 0 0 0 0 9 0 0 0 51 0 6 12 0 0 0 0 21 0 0 75 36 20 0 47 45 8 33 0 26 0 40 28 0 96 42 0 42 28 0 0 0 0 41 0 52 23 0 0 0 0 19 0 0 0 0 0 5 0 25 74 0 0 21 5 2 0 0 62 9 52 86 37 0 0 0 14 0 0 1 0 0 0 0 0 0 0 0 0 0 0 0 0 0 0 26 0 0 0 0 16 22 12 55 25 24 0 0
 0 45 0 0 11 0 23 0 0 18 18 0 47 0 0 74 0 0 0 0 11 0 23 2 0 36 0 87 15 0 0 16 0 0 0 31 0 29 0 0 0 0 12 0 62 0 0 0 6 0 29 48 35 0 4 7 6 5 0 77 30 13 0 0 0 0 0 0 33 17 54 1 0 0 2 5 0 34 70 0 24 0 10 19 0 0 0 2 7 7 35 0 14 0 55 0 0 28 0 24 0 0 0 38 0 27 40 0 66 0 0 2 65 19 0 0 4 58 0 0 36 0 0 0 10 0 30 37 0 48 62 66 13 0 0 9 59 0 4 0 0 11 79 33 15 0 31 0 0 0
 0 0 0 33 22 34 0 0 0 52 59 0 62 0 1 0 0 9 0 3 0 0 0 18 0 0 69 35 0 0 0 0 0 52 10 42 50 0 64 0 0 37 23 15 8 65 0 85 24 0 0 77 27 0 0 0 19 63 0 0 46 34 44 19 90 0 0 29 34 14 6 46 6 61 0 11 0 0 0 3 23 0 16 2 27 0 54 14 0 36 22 16 31 0 0 0 0 18 41 0 31 36 74 46 12 41 30 53 67 0 0 0 0 2 10 0 46 0 0 0 0 22 0 0 0 0 33 0 0 0 29 0 0 89 42 77 44 95 8 0 24 48 0 0 0 34 79 0 2 22
 0 18 28 0 0 0 45 0 19 31 0 59 7 0 0 16 0 0 11 0 20 88 0 0 0 0 1 20 54 0 88 0 58 0 0 30 27 60 14 52 0 0 0 0 0 16 27 0 0 47 14 0 40 0 80 73 0 30 19 0 6 0 28 60 12 55 0 0 0 72 0 8 0 73 64 1 8 26 54 74 8 17 0 0 14 0 78 0 0 30 8 0 8 0 58 0 44 0 95 23 0 0 36 25 0 0 12 20 0 33 0 0 0 0 0 0 0 9 0 22 0 4 0 0 0 0 47 0 29 0 0 0 32 0 49 70 0 38 14 0 0 0 30 0 6 22 0 0 0 42
 26 0 69 0 18 0 0 0 6 40 30 0 53 0 61 16 28 0 24 0 19 0 0 0 8 11 0 4 0 0 0 0 0 66 0 36 0 54 0 0 0 28 0 0 0 0 25 0 0 0 41 0 0 0 69 0 54 0 46 3 24 25 0 0 0 36 0 0 22 6 0 47 30 0 51 0 61 0 13 3 0 14 63 0 0 0 0 40 4 0 0 28 2 6 63 73 19 0 0 37 0 13 0 12 50 0 42 71 0 0 0 21 0 53 21 0 19 0 0 31 7 0 0 20 0 0 0 74 0 22 0 13 0 15 0 0 4 0 0 61 0 41 16 21 53 0 51 0 0 55
 0 0 76 23 5 32 0 0 91 0 0 0 41 0 11 0 30 0 0 2 0 0 24 0 55 11 0 24 0 0 64 0 0 44 0 75 0 0 0 0 0 0 0 18 28 65 0 0 0 0 0 0 0 0 0 0 0 0 0 0 5 2 17 0 0 53 24 21 0 60 22 0 65 36 0 24 0 59 0 0 0 0 10 17 0 0 33 0 25 0 0 0 13 7 0 36 28 0 20 0 0 0 0 23 0 0 5 0 29 0 81 0 72 64 19 15 0 0 38 64 0 0 0 0 21 24 0 0 17 0 62 20 8 0 0 0 0 46 0 0 0 50 49 16 9 0 0 46 0 0
 44 0 44 0 0 0 13 0 0 0 8 3 0 0 0 0 0 15 0 13 12 12 0 39 0 0 0 0 0 72 30 0 0 0 0 16 1 0 55 0 0 0 37 23 47 71 83 0 0 26 9 18 27 17 28 33 0 14 0 9 66 17 2 0 2 0 0 0 25 0 48 46 18 0 0 44 0 15 0 0 0 0 33 10 0 29 22 3 32 5 71 0 39 0 19 20 0 0 11 0 0 41 0 0 0 3 51 51 0 27 44 0 0 71 0 30 75 0 0 0 0 0 67 14 18 0 70 11 0 37 44 0 27 23 0 7 28 41 0 31 0 17 0 7 63 67 0 0 14 7
 0 57 0 0 0 78 0 18 0 66 39 0 72 0 50 27 37 0 0 0 0 33 0 54 15 0 33 60 57 4 42 0 42 62 14 49 6 0 0 0 2 0 0 0 37 60 0 0 0 0 0 8 0 0 0 0 0 0 45 0 15 17 13 13 36 0 0 0 0 67 35 52 0 0 21 0 11 0 0 0 0 0 14 0 46 0 0 0 0 0 0 47 0 9 0 29 0 23 54 20 11 0 0 0 25 47 0 0 0 0 18 0 14 0 58 42 18 2 0 0 62 0 0 39 56 18 29 20 0 0 0 68 27 51 0 6 17 17 83 0 0 65 14 0 0 0 0 0 0 47
 0 21 0 26 5 0 0 13 0 3 0 0 31 78 21 44 0 0 0 0 0 50 73 0 36 0 0 0 0 43 0 94 79 65 3 57 2 18 0 0 39 21 18 65 0 0 0 56 0 15 0 75 0 25 0 5 0 34 0 54 81 0 0 71 0 0 0 0 6 13 0 0 38 30 60 0 78 6 0 0 16 5 0 0 0 0 25 32 0 0 38 0 54 43 0 25 56 0 0 0 30 24 7 0 32 11 13 0 0 0 0 4 18 12 38 0 43 31 7 0 0 0 19 6 14 29 0 0 43 34 0 0 0 17 10 0 0 0 0 46 0 0 27 0 49 0 33 0 36 0
 8 28 0 0 0 30 0 25 42 0 42 0 0 32 32 28 29 0 0 48 20 0 21 0 0 0 0 0 61 19 0 4 0 78 62 13 0 0 6 0 30 0 5 0 51 59 71 42 0 0 0 42 0 0 0 0 3 41 0 0 0 67 0 57 34 6 64 15 28 37 0 0 0 0 0 8 14 36 75 73 0 41 0 29 0 72 46 0 37 34 0 18 81 0 0 0 0 0 66 0 0 0 16 15 0 0 0 1 8 0 15 5 45 0 0 0 19 36 9 38 16 20 63 0 6 0 0 0 0 18 0 49 0 0 7 0 0 0 12 4 0 0 0 0 0 0 0 0 0 0
 0 0 1 22 0 0 0 13 49 2 6 33 14 0 30 0 65 21 0 0 27 0 0 0 10 0 64 0 55 37 24 8 19 65 0 27 5 2 0 35 0 76 0 0 0 52 0 1 20 44 10 53 36 0 56 0 0 64 0 0 0 0 0 0 0 0 0 0 0 24 0 6 79 42 0 0 39 0 0 0 15 0 0 20 0 1 10 18 4 52 50 0 0 0 0 0 56 0 4 0 0 0 0 0 47 0 0 0 40 20 28 0 15 51 0 8 19 0 3 0 61 0 0 0 0 25 0 0 0 40 0 6 0 16 2 14 0 0 36 35 33 7 13 8 0 51 0 0 0 0
 10 28 0 0 0 54 0 0 62 0 0 22 0 32 0 35 21 1 31 51 0 84 0 0 15 5 0 0 15 0 23 0 12 0 0 0 6 0 14 0 0 44 0 0 0 46 75 5 19 71 2 0 0 0 0 7 51 47 45 0 0 25 74 33 26 0 0 1 0 23 0 0 0 23 0 22 0 47 82 46 0 19 30 0 21 0 0 0 0 0 0 0 0 38 0 10 0 26 0 25 28 22 0 0 0 0 0 49 0 0 0 62 0 0 39 33 47 8 59 0 0 80 0 0 0 1 0 68 18 0 33 0 53 0 0 12 75 8 23 0 0 0 16 63 68 45 0 57 60 0
 39 0 0 0 83 26 0 26 0 77 0 82 0 10 0 0 0 0 0 12 0 0 0 4 0 68 2 67 0 51 0 0 0 61 67 0 0 12 0 0 0 0 0 0 0 54 38 0 40 86 0 0 0 66 13 0 0 27 0 57 47 0 10 51 36 74 0 0 0 0 0 0 0 0 41 2 24 66 62 57 13 6 0 41 16 17 0 15 23 0 0 0 0 7 0 0 0 0 0 0 45 53 23 56 24 0 0 15 0 0 29 38 53 26 54 27 0 48 0 0 29 13 21 0 0 10 10 16 0 32 0 0 20 0 0 0 14 0 0 7 26 0 0 1 53 0 50 0 11 0
 47 0 0 68 24 0 46 64 0 0 53 0 43 0 48 0 24 0 13 15 43 41 0 33 0 0 35 0 9 0 69 0 76 10 39 0 0 0 73 0 0 27 0 66 22 0 1 0 21 0 89 0 24 55 65 0 15 0 8 0 0 49 76 0 0 12 0 15 0 0 57 93 0 7 0 57 28 0 24 0 20 0 38 0 74 0 37 0 0 0 0 49 0 69 14 24 7 0 0 0 24 38 0 23 0 58 21 8 0 27 2 42 28 32 0 30 0 0 0 16 62 43 71 64 0 38 1 0 0 0 0 14 0 0 4 0 0 2 0 14 32 20 0 38 0 60 24 41 0 34
 2 0 44 0 21 81 36 0 34 0 0 86 0 41 0 35 4 3 0 15 49 0 0 11 0 0 0 0 0 8 0 6 0 0 0 0 0 63 47 0 0 0 0 81 0 11 64 30 1 14 38 0 0 0 8 29 0 0 14 11 11 49 0 2 9 3 31 8 21 60 0 31 0 75 0 2 0 36 70 6 3 1 0 7 36 6 6 11 0 72 70 92 0 72 0 0 47 25 0 0 82 97 61 0 0 68 61 0 0 0 40 0 52 33 77 0 0 0 0 0 11 71 37 23 95 0 0 0 0 0 0 9 5 0 0 56 15 0 0 0 18 0 46 0 2 0 65 0 0 0
 77 43 0 30 74 15 0 93 32 0 0 0 0 0 85 23 0 0 14 0 75 3 62 0 0 0 31 81 0 32 0 72 0 6 0 2 0 0 20 0 26 1 0 5 6 31 0 0 0 0 55 56 0 73 0 36 0 0 52 17 0 49 13 6 0 0 11 5 0 0 0 0 0 0 0 0 0 0 0 1 0 17 0 67 0 54 10 17 0 26 0 55 20 0 0 0 0 14 65 5 28 23 24 0 71 83 4 2 29 18 13 0 5 9 27 0 75 0 0 52 0 0 0 0 50 60 34 14 0 43 0 14 0 30 99 0 0 0 17 22 95 0 32 0 0 5 0 78 5 17
 0 12 0 0 16 5 0 8 0 0 0 0 25 0 67 0 44 50 19 0 82 0 12 0 17 0 56 0 69 14 0 4 54 19 0 0 83 12 0 0 0 0 0 0 17 0 0 0 0 0 1 0 25 51 0 23 86 37 7 0 27 0 0 39 0 79 0 17 0 0 14 9 0 0 61 0 0 39 0 52 0 43 0 37 0 68 81 4 0 0 44 0 0 0 75 0 0 0 0 39 59 85 1 91 51 17 0 66 0 11 3 0 0 0 79 46 0 0 6 20 50 33 0 0 36 0 34 0 0 25 0 18 6 0 1 35 0 0 0 39 0 0 0 11 3 0 11 33 0 0
 35 75 0 0 0 20 44 27 40 26 90 0 0 0 0 0 0 0 7 12 0 1 0 23 10 2 74 0 0 7 14 0 25 68 0 19 0 42 51 0 57 9 0 0 1 0 0 65 50 0 62 0 0 48 0 22 29 33 11 6 0 2 32 0 48 48 43 85 54 0 11 0 63 29 0 20 0 0 9 0 18 85 0 0 0 0 0 18 0 0 0 76 68 0 16 11 29 0 0 0 0 56 4 3 0 0 7 0 0 64 42 0 72 37 0 13 0 0 50 56 12 0 0 88 1 0 12 90 6 14 18 0 23 0 86 61 30 52 15 0 51 10 0 1 11 0 0 45 37 0
 22 24 19 69 0 0 0 17 0 58 0 0 93 72 0 0 0 0 4 0 30 11 9 77 0 0 0 2 0 7 0 0 0 0 30 26 0 65 38 0 54 59 0 3 0 0 38 50 0 0 43 28 0 0 30 0 44 35 0 2 75 0 0 32 31 0 8 2 25 11 0 7 24 0 50 60 19 61 0 18 0 0 92 21 46 0 0 0 0 0 0 0 0 34 0 0 0 13 0 66 20 3 0 0 72 20 0 95 12 3 8 48 40 0 27 0 1 78 0 10 6 0 17 77 46 44 2 0 75 20 0 0 8 18 36 11 0 0 0 70 25 0 13 8 21 14 0 6 0 10
 0 0 0 0 15 0 15 0 0 0 28 0 0 0 36 0 75 59 0 0 0 0 0 61 49 0 13 25 49 14 0 95 74 30 4 0 39 58 0 0 22 0 0 0 0 67 21 0 5 44 0 6 0 39 56 79 0 7 0 44 0 24 0 0 67 0 48 0 1 31 0 0 3 0 0 0 0 49 2 0 0 0 45 8 75 77 51 0 0 0 0 32 15 0 0 26 0 0 0 0 62 0 0 44 34 0 36 0 0 0 2 0 58 8 0 32 0 61 0 0 0 26 0 51 20 0 0 0 0 60 13 62 43 0 0 0 59 18 0 28 0 42 54 15 13 0 0 14 0 14
 18 15 47 0 1 35 16 0 0 39 32 0 0 0 15 0 56 0 9 27 30 0 7 78 0 15 35 3 12 0 0 0 12 8 38 0 85 0 55 17 61 46 0 42 56 0 0 28 0 0 0 10 70 47 0 0 59 52 0 0 0 0 0 0 0 8 0 83 0 0 8 65 0 40 42 3 33 0 0 0 50 23 0 23 15 82 0 0 0 0 21 25 0 0 0 26 61 37 0 23 78 43 15 12 27 23 26 45 35 0 64 0 0 4 25 0 0 48 26 13 10 0 13 6 21 5 65 0 10 0 52 73 6 49 26 0 27 3 1 12 8 50 53 0 15 86 54 30 72 4
 0 0 24 0 13 44 0 71 0 12 0 4 75 0 0 0 0 41 66 0 39 20 0 0 67 0 0 0 36 0 0 75 0 0 0 19 0 23 0 12 15 10 49 0 40 0 0 0 33 86 0 36 16 53 69 73 46 0 27 0 0 0 0 0 36 94 0 0 0 0 29 56 0 27 3 42 28 0 0 7 0 0 0 23 0 0 32 0 0 0 0 0 0 0 0 0 0 14 0 25 44 0 78 0 35 0 11 30 27 0 1 0 80 16 0 0 25 0 3 0 0 12 63 0 0 0 0 38 49 0 0 91 0 0 0 20 11 0 0 25 46 0 51 0 31 0 0 0 0 16
 0 63 0 0 47 0 0 0 0 16 0 0 0 2 0 0 0 33 0 58 71 33 0 0 43 24 0 49 25 0 0 21 5 0 0 0 65 0 0 88 33 0 87 0 0 0 0 52 23 0 0 0 0 19 0 0 0 0 0 26 32 29 28 44 51 0 0 39 0 75 0 55 0 0 11 44 0 8 43 8 3 58 0 0 39 0 6 0 0 25 1 57 14 26 0 11 0 0 13 0 0 20 0 1 18 61 18 0 0 0 53 0 64 0 63 0 0 0 92 25 83 0 0 11 0 58 0 0 0 0 0 40 29 49 42 0 0 0 21 0 0 0 62 60 57 63 0 37 0 8
 0 0 77 0 0 22 30 0 24 0 0 0 0 15 80 0 49 0 0 0 10 21 23 4 38 26 55 0 0 10 4 10 0 0 0 68 41 0 0 0 0 10 0 30 0 0 0 48 8 0 0 0 0 30 0 23 0 27 0 0 0 0 0 7 0 0 31 26 51 0 0 27 0 57 1 25 0 0 7 14 0 0 51 0 45 0 33 63 0 0 0 0 0 0 0 0 29 50 0 0 16 0 0 68 66 18 0 15 50 6 19 4 0 13 0 38 0 0 0 77 0 100 15 21 24 0 11 54 0 12 0 26 0 68 0 71 0 0 18 0 50 0 3 0 0 18 0 0 19 0
 0 0 45 0 0 34 0 46 38 0 19 59 0 0 0 7 0 0 6 32 10 1 38 0 20 0 0 31 55 0 75 0 31 18 0 0 0 27 0 0 51 0 0 33 0 0 0 8 0 0 0 4 0 21 34 22 37 8 0 27 0 22 9 0 33 11 0 0 46 70 24 0 0 0 28 0 0 0 0 0 32 42 0 39 0 0 0 69 0 12 24 0 56 25 0 0 73 0 0 23 19 0 0 0 13 0 9 89 82 0 62 0 0 0 12 31 0 23 0 0 0 75 19 0 36 0 0 0 0 83 0 66 0 46 90 0 52 0 56 0 0 0 0 0 0 0 39 0 0 27
 0 9 20 13 0 0 0 8 61 0 59 0 0 77 18 0 0 0 20 18 73 71 0 0 0 0 0 61 23 36 0 0 17 45 0 0 35 0 0 12 0 0 0 0 0 0 48 0 3 0 0 0 0 41 48 0 0 0 0 20 12 10 38 19 0 0 0 0 52 0 9 0 0 0 3 10 55 0 0 28 28 0 2 12 0 0 0 12 0 2 60 68 69 18 23 60 0 0 0 43 0 0 0 67 59 0 27 0 0 38 80 0 0 0 3 5 0 0 42 0 0 0 9 46 0 37 0 0 0 1 68 0 44 0 34 55 75 45 0 25 0 15 0 2 46 0 0 0 0 0
 46 0 6 40 0 0 7 0 0 4 0 57 0 0 3 24 0 41 0 4 0 34 0 12 1 0 25 0 0 70 0 69 24 0 8 64 9 31 3 0 3 84 0 7 0 23 6 41 0 0 49 12 51 55 0 51 14 0 0 0 38 0 0 0 0 0 31 78 0 13 0 4 0 40 0 47 47 0 53 16 0 0 0 48 23 10 0 0 57 0 47 7 27 75 0 0 0 21 0 80 0 70 0 15 0 0 0 47 87 59 18 0 0 0 0 5 0 0 10 8 53 0 0 26 0 13 5 0 57 0 0 0 57 91 0 0 34 0 1 0 0 14 70 3 0 0 51 0 48 5
 13 0 17 86 0 59 71 0 0 0 81 0 0 1 0 0 0 52 0 88 0 0 0 0 76 20 16 12 0 0 0 0 0 0 6 0 0 0 55 55 31 21 0 10 80 46 0 0 0 34 0 10 0 72 0 0 75 6 0 35 0 36 0 10 10 0 0 34 0 10 0 7 0 34 0 0 41 37 46 0 0 0 30 13 27 54 16 56 0 6 0 0 0 19 0 0 0 92 0 1 33 0 86 0 15 60 0 0 26 0 0 34 0 0 50 0 0 0 71 35 40 0 82 0 37 8 8 0 18 0 0 54 10 56 17 0 85 71 0 0 0 0 18 0 77 0 0 0 48 63
 1 0 0 0 26 13 0 27 42 53 35 0 0 0 0 71 41 52 26 0 0 0 0 0 13 0 5 18 0 0 0 0 55 0 0 32 1 61 0 25 77 0 0 75 0 0 58 0 45 0 0 0 0 32 33 0 0 0 25 0 24 0 0 44 0 4 0 24 11 0 9 0 0 0 12 75 55 0 0 0 46 3 0 0 77 0 0 30 0 58 0 74 76 0 0 20 0 19 0 0 30 69 0 0 0 2 0 52 0 0 54 0 0 0 28 41 15 0 11 0 0 0 24 17 16 0 64 0 21 14 0 17 0 0 0 56 0 21 46 0 61 39 0 0 0 0 74 0 0 0
 0 0 1 90 64 4 21 54 0 6 0 0 9 0 4 0 0 0 22 60 0 0 22 20 0 0 0 0 42 46 0 34 0 17 0 62 12 0 54 9 0 0 0 0 29 43 0 41 0 25 0 0 0 0 19 0 16 0 0 0 6 15 0 0 10 0 0 0 22 0 0 12 0 34 0 0 0 0 0 3 0 0 20 40 0 17 52 0 0 21 24 0 0 28 0 0 0 22 0 68 0 0 0 0 98 0 8 0 33 0 82 44 42 38 0 41 0 48 0 0 0 55 0 0 36 0 0 63 0 0 0 0 1 49 49 0 22 30 36 96 18 24 0 89 37 43 0 18 17 0
 8 13 0 0 8 0 30 19 0 0 74 30 1 37 0 0 6 0 19 23 0 40 0 87 0 33 0 0 0 2 0 51 0 0 18 14 43 0 24 8 0 69 0 13 74 8 0 10 45 32 0 0 0 0 0 0 0 0 0 50 77 51 0 89 0 0 0 0 0 0 12 0 43 19 0 0 0 0 0 12 0 16 0 61 3 0 10 0 6 0 0 41 18 0 8 0 0 55 25 0 0 47 20 0 0 86 5 37 0 0 48 29 0 8 68 50 58 37 46 44 0 76 0 0 0 0 11 0 0 15 0 0 75 0 1 25 10 7 0 0 2 6 0 0 4 0 28 0 18 45
 0 0 0 0 34 0 0 0 26 0 24 0 0 10 0 0 40 0 82 0 0 62 0 0 0 0 86 0 0 0 0 13 12 0 11 39 16 49 0 19 44 0 35 0 0 0 54 36 35 0 49 0 0 18 0 31 87 10 0 62 0 0 0 0 58 51 48 0 0 39 1 4 0 17 28 47 8 0 0 61 62 28 0 0 12 9 0 37 0 38 75 0 66 35 0 0 0 0 2 0 0 0 88 0 0 0 20 0 27 0 5 0 0 32 0 0 0 0 8 70 0 23 49 0 1 6 3 0 42 0 0 7 48 2 95 0 0 17 0 0 0 47 9 14 11 12 0 37 35 79
 0 0 2 0 14 21 8 0 52 0 21 0 64 0 76 0 16 0 0 31 26 10 0 1 0 72 0 0 0 0 0 0 0 27 0 0 0 81 5 0 1 0 6 0 33 0 70 57 0 9 24 33 0 62 0 0 0 7 16 6 0 46 10 0 0 43 0 63 0 0 74 34 0 0 0 29 0 28 3 38 0 65 17 0 0 16 4 0 0 0 31 31 76 0 0 34 0 0 0 23 9 0 0 0 0 85 12 23 0 0 0 0 9 0 0 0 22 0 0 19 0 0 82 2 0 0 19 48 0 0 0 0 0 0 41 15 0 0 85 20 3 0 34 0 33 0 0 74 0 0
 16 0 71 0 0 0 2 4 22 54 0 0 0 0 47 0 55 18 0 0 0 0 0 0 19 0 0 68 22 0 67 0 0 0 31 0 77 74 0 48 38 2 20 0 58 0 0 0 34 0 0 0 0 0 46 0 47 0 88 0 0 0 9 35 0 8 84 5 19 0 78 6 21 0 0 52 9 0 32 0 49 53 5 0 0 0 10 14 49 10 0 26 11 0 1 40 26 25 0 40 0 0 20 45 0 78 26 0 0 3 0 0 13 58 0 0 0 53 69 3 0 0 0 0 28 75 0 0 0 0 0 4 0 7 21 0 0 68 55 0 37 0 80 4 0 0 0 29 0 0
 0 0 11 0 0 0 0 11 27 21 7 17 4 0 0 61 33 70 1 17 62 0 0 7 7 45 43 35 17 11 0 47 0 0 88 5 0 31 0 38 9 0 58 0 17 0 0 0 0 17 0 0 57 91 0 1 0 0 57 0 0 71 3 17 1 0 2 0 0 18 21 0 40 0 0 55 1 0 0 0 0 0 61 0 0 54 80 0 0 0 12 11 30 0 0 52 0 0 0 0 0 28 75 26 18 11 56 0 0 0 0 0 61 0 0 0 0 25 0 50 10 0 0 76 0 1 0 0 0 0 0 0 0 0 2 0 37 0 4 0 0 0 0 31 55 32 0 0 0 0
 0 0 5 13 0 0 0 0 13 39 0 0 0 91 0 67 9 20 37 0 38 0 10 0 0 60 0 0 4 5 0 0 7 40 0 0 0 0 0 26 0 10 0 0 13 0 0 8 77 19 21 11 0 0 0 0 0 27 22 44 1 0 55 6 0 0 14 69 12 42 39 0 49 14 0 16 0 44 0 0 0 0 29 0 0 13 0 0 73 8 0 0 61 43 0 0 0 0 29 0 0 0 0 0 23 29 4 77 0 19 0 63 0 0 17 21 0 50 41 48 0 0 44 0 53 0 21 48 0 21 0 65 0 0 6 76 1 47 64 0 1 0 9 41 0 43 42 60 0 13
 65 0 0 0 0 0 0 28 0 0 0 0 0 38 61 0 0 0 0 0 0 11 6 63 11 62 85 16 0 36 17 82 41 0 0 13 0 0 84 0 13 55 72 2 51 47 0 0 0 0 0 0 0 57 42 21 0 31 0 42 1 0 68 0 0 0 26 0 0 0 6 2 0 36 67 0 0 0 20 0 24 0 68 0 11 17 0 43 35 28 0 38 0 0 73 12 0 53 0 29 55 0 34 0 0 30 84 23 41 59 0 0 0 0 0 47 74 63 0 16 51 16 0 0 0 11 0 40 67 49 0 43 22 21 0 33 0 19 0 41 0 18 22 65 58 0 36 0 0 15
 0 74 24 9 0 0 0 27 0 0 0 12 42 31 67 66 6 0 0 0 18 0 16 54 55 0 28 0 0 6 0 32 71 0 0 61 48 40 2 36 0 0 0 0 0 18 0 23 0 8 0 3 36 77 38 0 50 3 0 24 19 0 73 26 0 0 0 0 0 0 0 0 0 0 37 35 0 0 52 0 0 0 16 23 0 8 0 87 26 0 1 81 83 0 46 37 0 0 0 86 2 0 0 66 19 0 17 4 0 20 0 6 11 87 7 0 16 37 25 34 19 0 27 0 18 0 0 0 0 0 0 31 0 37 1 58 14 19 1 0 48 0 0 0 44 0 1 20 0 50
 0 0 0 85 0 0 0 0 46 14 0 40 0 17 0 0 15 72 18 0 0 19 93 0 16 48 13 0 33 78 22 45 6 34 78 15 62 16 51 0 0 0 0 0 0 0 0 0 0 34 38 32 0 0 5 0 17 0 45 0 0 0 3 0 10 39 0 31 24 5 30 0 0 26 32 5 0 10 16 0 17 0 16 32 0 0 22 20 14 15 0 0 84 0 3 0 0 0 0 46 24 0 18 85 35 67 6 42 0 55 87 16 0 17 65 48 0 6 0 35 35 0 0 45 64 0 25 0 27 28 0 2 10 0 6 3 0 0 23 0 0 0 13 46 9 10 49 23 30 50
 53 12 0 42 0 0 0 0 20 22 0 29 0 8 0 54 44 0 0 44 0 0 15 0 0 0 0 75 0 0 5 0 0 0 75 0 0 27 0 30 0 0 0 34 0 0 20 42 0 0 0 0 31 0 0 0 32 0 0 0 0 6 30 0 0 5 14 10 14 52 21 76 0 0 0 3 0 0 0 36 54 0 0 5 43 23 30 0 0 0 7 0 11 23 0 7 0 92 50 14 0 18 0 0 71 0 44 0 9 10 13 30 0 0 0 17 0 0 44 58 80 54 8 0 5 0 31 10 0 0 0 0 0 69 0 9 0 0 42 27 0 0 80 5 58 0 0 0 0 9
