100
 79 0 0 0 66 0 0 0 0 0 26 0 0 0 4 2 71 28 65 70 21 0 0 0 47 45 13 64 98 0 51 0 0 46 2 0 44 82 31 0 0 0 0 0 13 21 0 95 19 33 0 0 4 0 50 0 1 88 45 37 0 0 93 0 0 13 0 4 8 0 15 52 68 2 54 0 0 0 60 61 18 0 59 0 0 15 20 11 20 5 0 14 18 0 10 0 5 0 50 0
 2 14 0 0 62 0 0 37 0 0 83 0 0 32 31 0 33 0 0 0 44 7 36 21 34 40 14 0 27 0 1 0 0 0 0 0 0 0 0 0 0 0 5 0 0 0 78 0 36 1 0 0 0 0 15 29 0 0 0 19 6 0 0 0 39 47 0 0 0 0 0 0 0 0 0 0 0 0 73 26 0 7 0 0 0 0 27 78 0 0 0 0 0 0 0 1 1 7 16 0
 15 34 50 0 0 0 0 16 63 37 21 0 39 40 0 23 7 18 21 91 62 10 0 39 6 0 72 0 0 0 18 0 1 62 0 32 0 48 0 12 0 0 70 0 0 0 57 47 13 0 0 0 26 31 0 0 95 73 0 15 73 10 0 21 39 0 0 15 27 0 0 5 59 0 0 42 5 72 27 22 5 40 77 40 63 40 44 0 0 0 0 0 45 7 6 0 0 48 0 36
 6 22 34 8 0 0 6 20 62 0 11 69 0 15 44 44 0 7 0 33 0 13 0 0 0 0 9 39 0 46 63 0 0 0 0 0 0 0 23 0 0 0 0 0 0 5 30 5 76 0 0 2 49 0 3 37 0 55 0 0 47 19 24 0 87 0 0 17 0 0 0 0 9 25 0 0 0 0 0 41 0 31 30 80 0 4 54 47 32 73 30 20 43 0 0 33 0 0 8 0
 0 0 5 19 99 0 61 19 0 94 0 8 5 46 17 0 0 17 83 0 0 89 0 0 0 0 6 38 39 0 0 65 35 0 2 44 0 85 77 59 47 0 0 0 0 1 0 25 22 18 17 0 18 2 21 35 0 10 0 12 29 29 2 89 24 0 63 17 0 22 0 0 0 88 0 0 4 0 26 1 53 46 0 2 0 0 0 0 16 27 9 0 0 15 0 72 0 38 8 0
 35 38 59 10 10 99 74 0 0 57 34 2 0 24 71 0 7 0 32 18 32 55 0 0 0 0 70 72 87 0 0 35 33 38 0 0 16 76 0 33 0 0 0 43 29 59 0 20 0 74 0 18 0 0 0 29 64 54 0 0 0 8 7 0 27 86 0 1 61 18 34 0 0 59 0 43 0 0 0 17 63 63 32 0 7 0 43 0 0 23 46 7 43 12 15 0 0 0 33 0
 45 7 95 0 0 0 20 0 7 0 72 55 0 52 71 38 12 3 93 9 53 0 0 30 49 12 4 0 46 0 0 11 0 12 0 11 0 0 0 0 50 0 40 0 51 72 0 59 43 54 26 66 0 18 0 9 0 0 0 0 7 13 0 3 48 0 42 48 89 26 0 75 0 0 0 18 6 0 0 58 57 0 0 47 0 0 0 54 27 0 0 50 0 0 0 81 0 1 48 0
 45 0 0 0 0 69 62 44 56 2 47 0 28 0 53 10 0 0 52 0 0 0 75 0 2 71 0 38 0 14 0 0 0 5 0 0 0 43 17 0 0 98 0 0 0 8 0 9 0 31 0 25 0 21 84 18 0 0 28 0 0 79 0 39 0 27 22 29 43 0 0 0 82 0 63 59 7 0 0 0 23 0 0 20 12 0 0 0 7 0 0 14 91 0 0 25 35 55 0 0
 5 20 0 0 47 56 0 0 55 8 0 11 5 2 0 37 0 0 0 0 0 0 0 0 0 47 18 48 24 69 0 4 28 66 0 5 0 0 0 85 0 54 51 11 5 0 0 0 7 84 0 60 6 12 84 47 0 0 0 31 38 5 0 16 0 0 0 68 0 0 27 19 0 27 0 36 0 10 13 0 29 0 0 8 17 0 40 60 34 0 41 15 62 58 0 12 0 0 8 0
 20 78 0 62 0 0 35 0 0 76 0 0 0 8 29 0 0 0 49 0 0 0 37 0 0 67 0 0 43 0 12 73 0 2 0 54 0 35 0 18 15 58 0 80 0 14 1 27 69 56 42 0 58 4 0 15 0 0 0 0 19 0 0 32 6 39 82 0 43 0 0 25 21 0 27 0 0 0 10 17 0 7 0 0 36 13 0 0 33 65 0 0 57 88 7 50 0 22 0 0
 0 0 0 0 45 0 0 0 68 55 25 0 0 0 36 0 0 0 0 0 0 18 0 11 47 81 63 0 0 0 55 0 22 63 44 0 0 25 0 31 54 83 0 29 0 10 0 0 0 51 59 0 0 0 42 0 15 0 80 0 12 0 90 0 0 0 0 0 14 0 80 15 44 0 82 0 0 18 0 0 30 0 6 82 0 54 0 0 66 0 0 0 54 0 0 24 0 10 36 18
 18 18 22 0 0 0 0 57 0 14 1 59 0 0 0 47 56 0 0 46 0 23 47 0 60 0 53 67 1 0 68 9 42 0 0 0 23 37 37 0 0 0 1 0 13 49 0 0 0 0 0 18 0 0 0 0 2 10 0 0 9 72 9 17 17 0 0 10 44 0 43 23 0 1 52 0 8 0 85 0 0 30 23 67 0 0 0 12 19 0 0 36 30 15 76 96 0 0 0 35
 64 93 0 75 0 2 18 0 0 46 42 26 19 0 32 0 0 14 0 0 0 16 57 2 0 57 28 0 39 48 0 0 35 33 68 4 4 0 42 53 0 56 0 0 73 7 0 32 11 0 0 0 11 0 0 0 0 67 31 0 0 0 49 0 0 14 52 0 0 0 0 0 0 0 0 0 0 0 43 0 0 5 0 0 16 0 0 0 19 0 21 0 42 63 57 0 0 0 21 12
 22 0 0 0 0 0 0 70 0 0 14 45 16 89 35 0 0 0 0 0 0 77 0 0 69 26 0 24 0 0 83 11 0 25 0 32 0 0 0 0 0 83 9 20 0 49 0 0 0 4 0 0 0 70 74 66 0 6 58 0 0 70 34 51 0 7 0 0 0 2 49 16 0 0 61 52 46 65 0 57 0 0 50 57 5 0 0 0 12 23 59 0 0 0 0 0 15 0 34 45
 0 0 35 0 0 0 0 0 55 0 0 14 0 0 82 0 0 39 51 0 64 0 44 0 25 27 9 7 4 0 60 0 0 38 7 0 0 0 0 0 0 29 47 0 0 0 10 79 0 40 0 0 12 19 5 0 56 28 0 0 0 0 73 0 0 0 32 14 61 0 66 0 0 10 0 0 0 0 0 0 5 0 0 9 0 33 0 0 0 13 0 31 0 37 31 0 0 0 0 20
 0 19 0 0 60 71 0 0 0 49 20 0 9 70 33 77 0 9 0 0 76 55 0 12 9 0 0 0 0 45 0 20 11 62 42 0 7 0 4 7 7 0 34 0 66 0 22 25 0 0 58 1 8 92 0 0 49 0 7 24 14 11 0 0 13 20 37 62 0 29 37 0 0 0 0 0 0 0 0 0 0 50 0 44 29 30 41 31 0 61 0 0 0 3 24 52 0 62 15 0
 0 0 0 50 6 0 0 48 45 91 55 0 32 9 10 57 43 0 36 41 0 69 17 0 0 0 0 17 0 0 0 14 0 70 0 0 0 0 0 0 0 7 12 71 0 2 0 0 5 0 6 87 25 0 48 8 0 0 1 31 50 17 59 76 42 16 0 3 0 0 15 0 0 0 0 0 0 2 0 21 4 0 19 55 17 0 18 26 0 73 0 0 40 0 0 0 0 53 27 0
 0 27 0 0 0 29 0 22 39 84 4 46 0 7 0 0 43 22 0 22 0 44 0 0 8 49 0 44 42 9 0 0 31 3 0 8 26 10 0 0 13 0 0 0 0 21 0 0 0 27 51 0 60 47 13 0 29 0 34 0 58 45 46 0 22 63 27 46 0 0 0 0 39 0 0 15 7 97 53 0 11 46 0 19 0 85 47 0 84 16 0 0 0 29 17 76 0 0 0 0
 0 19 0 50 0 0 0 0 7 0 69 25 53 30 0 69 0 7 72 30 11 0 0 67 0 60 59 0 71 51 43 0 0 58 43 7 27 0 20 0 55 0 0 24 45 38 0 2 0 28 17 25 69 0 0 0 0 24 0 15 0 21 51 24 37 51 0 0 0 29 41 19 22 1 16 0 0 7 29 19 62 0 67 0 40 42 0 0 0 0 55 15 53 64 13 61 0 0 7 17
 0 7 0 0 49 0 0 61 9 50 44 0 51 17 13 37 0 0 0 53 0 8 0 11 54 0 37 30 58 10 0 48 25 25 3 59 0 0 73 0 28 0 43 15 0 59 42 43 0 0 0 13 3 2 0 49 6 0 15 0 0 0 11 0 3 24 0 9 22 0 0 0 0 41 0 0 31 0 0 12 0 0 0 0 8 0 26 18 39 0 0 0 53 9 66 22 0 0 39 0
 0 0 0 67 25 0 0 24 9 11 3 35 47 4 0 0 65 86 0 65 27 0 0 0 0 0 10 0 6 45 0 0 0 15 0 3 35 0 0 6 0 15 0 0 19 0 0 0 42 26 61 68 12 30 13 0 0 48 28 51 85 0 65 60 30 0 0 43 28 19 38 0 0 0 30 77 0 0 0 0 0 0 0 0 0 0 15 0 0 51 0 2 34 0 0 66 0 0 0 0
 1 0 0 0 0 0 16 25 50 91 0 0 0 0 24 0 0 0 43 0 0 1 0 16 35 0 7 0 1 0 0 34 0 0 27 0 75 0 2 32 22 0 0 0 43 57 20 57 47 2 0 0 62 0 10 3 0 0 54 43 0 5 55 0 0 0 38 0 0 57 0 12 0 49 0 8 0 1 0 0 0 0 0 0 0 0 0 47 0 72 26 0 11 49 0 6 0 0 69 19
 54 0 30 6 24 7 14 0 58 0 22 0 0 9 0 36 0 34 4 32 39 58 47 0 0 0 0 80 71 9 0 0 0 64 19 0 8 0 0 0 0 0 25 39 12 0 36 0 31 0 0 0 40 37 10 0 0 32 0 0 0 0 0 0 28 0 6 7 7 15 42 63 17 72 0 2 12 0 9 0 0 1 37 0 6 23 0 0 0 77 0 54 0 12 0 0 16 0 0 0
 2 0 0 37 46 4 0 57 53 37 0 21 0 25 73 0 25 3 0 0 28 0 28 7 0 0 16 40 17 0 0 0 0 26 0 0 24 51 0 15 52 0 51 9 68 0 39 48 15 0 33 0 0 3 30 24 32 48 31 31 20 3 71 47 52 17 0 0 0 0 13 25 2 79 0 0 0 0 15 77 2 17 57 0 29 0 0 53 0 21 0 23 0 51 12 0 0 71 79 10
 0 0 0 21 29 52 0 0 21 5 0 0 14 0 0 0 38 0 24 0 46 0 10 44 25 0 4 40 6 0 23 0 85 47 18 0 48 44 0 18 0 0 0 10 4 0 5 44 39 0 15 12 23 64 0 15 3 0 16 0 33 37 0 0 74 32 39 6 0 1 0 0 22 46 43 0 39 54 0 12 23 0 48 0 18 0 57 0 16 0 0 0 40 5 0 0 15 5 0 0
 0 0 15 37 74 12 0 0 0 0 0 22 0 0 0 30 26 0 0 5 21 13 48 11 22 20 18 0 0 0 0 61 32 0 0 41 0 0 0 7 0 29 20 0 49 72 50 0 60 0 41 0 24 35 0 5 25 9 26 39 2 46 15 0 0 71 0 5 18 0 46 0 0 0 24 0 0 0 58 72 0 81 0 0 0 0 0 9 40 0 0 48 45 40 6 74 0 0 68 0
 0 0 0 0 0 0 0 56 0 48 0 0 0 54 0 65 52 4 0 0 0 0 11 0 0 0 86 85 0 0 15 0 39 43 75 0 3 0 6 0 31 57 0 0 0 61 0 55 0 23 49 0 53 0 23 46 0 0 0 22 25 67 64 0 42 33 0 0 43 8 0 47 0 34 0 71 0 0 0 0 40 0 0 0 40 0 0 45 0 47 0 21 0 9 66 0 5 16 32 51
 0 29 35 0 0 0 27 0 0 55 7 0 9 0 0 53 0 0 41 0 22 37 0 0 0 25 0 67 45 7 4 48 64 33 13 0 79 2 0 0 0 0 0 0 0 0 77 31 34 0 25 10 4 10 9 8 41 0 55 0 0 9 0 0 70 0 14 58 0 23 0 17 0 0 35 0 52 0 0 0 0 57 6 9 0 0 9 0 29 0 44 0 0 4 27 0 0 0 12 17
 0 0 31 41 0 0 0 56 0 0 18 0 0 77 0 7 1 0 0 0 0 0 0 0 0 38 7 0 10 0 8 0 24 0 0 27 0 0 0 0 50 0 0 0 0 0 0 0 51 0 0 23 0 53 78 11 24 52 23 0 21 0 30 7 0 0 0 0 0 0 0 0 3 24 7 63 0 0 7 7 30 0 21 0 0 45 24 9 61 0 0 78 5 46 0 0 0 0 29 27
 34 5 9 0 1 73 70 0 0 39 88 21 0 79 15 0 10 0 0 0 0 8 0 11 34 49 31 0 5 15 0 38 0 0 14 0 31 9 32 0 0 0 0 0 6 29 0 0 22 0 0 0 19 1 17 0 67 40 21 47 86 34 3 17 3 0 0 24 0 0 0 0 0 0 62 0 0 0 8 73 18 0 0 25 0 9 21 4 8 13 7 0 0 7 51 4 80 0 0 0
 0 0 0 0 16 26 25 76 35 0 0 0 15 0 0 8 51 47 0 58 55 31 87 15 0 52 0 0 0 13 66 44 2 8 6 0 0 38 0 0 0 20 17 7 0 14 8 0 23 0 0 17 6 0 0 19 0 48 41 26 0 0 0 12 0 16 0 35 0 45 0 30 8 65 0 0 7 0 7 0 51 0 59 27 0 43 52 12 0 13 2 3 0 56 74 12 24 0 5 0
 42 32 0 70 0 0 0 4 0 0 5 0 4 0 10 0 0 43 15 0 14 0 42 36 3 0 9 0 13 0 0 46 0 0 4 0 66 50 0 0 0 0 12 0 0 0 7 0 27 0 5 35 0 0 38 26 0 8 0 0 20 17 0 0 36 0 42 69 0 0 66 51 19 38 5 30 0 0 0 0 0 0 0 0 97 72 60 0 0 0 15 0 24 0 0 0 0 15 0 0
 45 17 0 27 0 0 47 56 0 82 0 0 0 22 57 0 2 0 93 0 68 48 11 85 0 0 0 0 0 27 0 67 2 0 0 26 12 2 0 46 63 0 72 0 0 1 0 54 74 68 0 7 74 56 0 0 34 37 0 32 0 81 0 0 0 0 0 9 0 0 0 16 32 35 18 7 0 0 0 0 40 0 0 48 11 87 7 0 0 77 0 48 4 36 0 42 0 0 0 0
 0 33 0 64 45 0 0 0 0 0 0 53 0 0 0 0 0 0 0 0 0 23 0 0 0 66 0 0 6 34 0 2 7 29 3 42 0 75 64 0 0 56 51 78 0 8 19 0 86 59 0 73 8 0 0 46 0 30 0 20 0 0 1 7 61 17 0 0 43 44 0 0 0 0 0 43 0 47 0 0 0 0 0 0 0 0 0 49 32 0 23 0 0 22 0 0 35 43 30 0
 0 30 35 3 0 63 18 0 7 45 0 8 0 2 0 0 38 24 0 0 48 0 0 63 0 23 0 0 3 0 0 0 7 0 57 43 0 22 5 49 53 0 64 0 0 8 0 48 5 25 0 1 0 39 0 0 75 0 17 14 0 0 0 0 5 22 14 4 31 1 74 15 0 0 60 61 35 0 61 0 0 43 0 70 43 5 0 0 41 0 63 0 84 15 0 0 0 76 13 34
 49 77 0 26 0 25 0 33 0 0 21 7 0 0 36 52 54 0 0 0 0 9 18 43 14 0 5 5 0 29 30 12 0 0 0 71 41 0 47 0 39 7 0 49 0 12 62 43 0 0 0 0 48 0 0 0 65 17 3 4 10 0 0 3 89 38 48 0 81 0 16 6 57 12 0 0 0 39 0 23 61 0 0 11 0 0 0 0 0 65 0 42 0 0 0 29 0 27 37 0
 0 16 0 23 23 0 65 78 3 41 11 0 0 59 37 0 7 0 0 93 0 0 0 0 0 11 0 0 68 0 25 0 0 70 53 0 86 86 13 3 0 56 61 9 27 0 32 0 0 0 7 42 48 29 35 0 3 0 0 0 0 0 0 0 0 32 46 0 0 0 2 0 0 9 0 0 40 0 0 26 76 26 0 61 46 0 32 0 0 0 67 52 20 0 0 15 0 38 0 0
 0 64 0 83 0 0 19 0 38 0 0 0 40 19 7 75 32 0 16 54 79 14 19 0 0 29 31 0 25 0 0 0 0 0 0 24 0 93 49 19 0 2 84 0 49 6 0 0 0 46 0 0 0 0 36 0 0 0 0 0 0 51 25 43 30 0 7 0 9 68 39 0 42 0 39 68 27 63 18 0 0 79 0 0 0 0 0 0 36 0 0 0 54 0 0 0 0 0 59 0
 0 6 71 0 0 7 33 0 42 12 67 0 0 72 27 0 32 51 0 0 59 0 6 11 13 13 0 18 38 0 32 31 17 0 0 0 0 0 2 0 43 0 0 0 20 83 55 0 0 0 0 16 0 26 0 0 7 0 22 0 0 0 0 0 40 0 0 0 0 0 0 0 3 45 29 19 42 11 40 25 0 0 33 0 0 0 0 58 0 0 0 13 66 0 5 48 4 3 0 0
 32 46 0 30 0 0 2 18 0 0 0 3 0 47 24 0 25 10 14 71 0 0 13 0 0 0 40 18 37 75 22 36 0 27 0 69 0 0 57 16 0 0 0 43 80 6 0 66 39 0 0 48 7 0 6 0 3 48 59 35 31 6 0 36 0 0 15 29 0 0 50 0 20 0 87 0 0 0 40 30 0 79 0 4 0 13 0 70 0 0 0 67 11 69 4 9 30 0 0 0
 87 57 0 8 0 58 0 55 0 0 0 0 68 36 4 0 41 0 0 0 74 0 16 0 61 2 0 22 0 0 76 46 0 6 0 0 91 14 0 56 27 4 6 53 22 20 0 32 0 0 0 44 21 61 0 49 0 36 3 82 32 0 42 0 10 0 0 1 0 0 0 26 5 0 0 0 0 28 49 3 0 0 74 30 7 11 65 0 48 43 0 0 17 0 71 37 9 0 0 0
 24 63 35 35 12 8 55 0 0 0 0 41 0 0 0 17 0 2 18 73 0 26 36 20 0 0 0 55 87 76 0 47 25 0 16 0 0 0 36 8 0 79 0 0 0 22 47 11 0 0 0 74 0 0 43 38 64 34 49 0 0 17 67 0 0 95 0 0 25 8 0 0 0 0 0 6 58 36 0 0 0 8 0 19 4 0 0 0 0 0 0 0 0 0 50 0 0 0 69 76
 17 0 0 52 15 32 0 0 0 74 55 0 16 0 0 0 0 33 28 0 11 7 0 0 33 0 48 3 30 40 0 0 0 0 0 60 0 0 20 59 0 58 50 0 73 0 0 34 16 0 0 4 81 0 76 65 40 77 57 80 7 0 3 0 24 0 43 36 11 0 0 0 27 0 87 0 0 0 7 32 0 0 48 0 0 1 0 15 23 36 61 0 18 71 8 0 0 34 0 0
 23 21 6 65 24 0 35 11 0 0 0 23 70 0 38 31 0 3 0 0 0 15 0 0 0 13 31 40 13 26 0 47 6 0 3 0 0 35 24 0 0 8 22 83 0 0 68 0 0 0 0 20 0 50 40 34 43 0 58 38 40 0 0 53 55 2 12 55 0 83 13 23 0 0 20 41 57 0 0 0 18 0 1 0 63 9 43 1 20 8 7 76 12 10 0 0 32 0 0 18
 0 35 29 46 27 0 0 13 0 54 40 0 0 20 10 0 17 8 0 16 0 0 0 0 0 0 90 5 6 0 0 69 62 48 39 9 0 0 0 0 0 37 0 16 12 0 8 0 85 0 61 16 0 63 83 81 0 53 0 0 0 0 0 0 40 29 0 5 0 65 51 27 31 25 0 0 77 6 0 0 0 0 0 0 32 0 0 97 0 0 42 11 0 0 37 0 0 0 14 60
 0 55 20 0 0 0 0 0 3 0 0 0 0 0 90 11 0 0 0 0 32 0 48 5 56 0 0 57 33 0 0 39 0 0 0 0 52 0 0 0 0 0 5 80 33 36 13 0 0 25 44 18 0 5 0 16 83 0 0 2 0 14 0 22 2 9 0 84 64 0 0 0 0 0 0 0 40 56 84 0 0 0 0 36 0 2 0 0 32 4 0 0 0 0 5 45 0 0 0 11
 16 0 0 0 4 40 26 45 29 0 15 91 53 17 0 0 76 40 53 0 24 0 0 0 0 0 89 0 21 62 0 0 8 0 11 0 0 33 0 50 77 0 14 0 0 0 12 0 81 66 0 0 1 74 0 36 27 62 0 0 66 23 18 0 17 0 0 0 0 0 0 42 37 11 23 0 0 21 0 6 0 18 0 49 7 0 8 62 0 0 0 0 0 71 26 0 44 73 12 0
 0 32 0 0 0 0 0 0 49 0 32 27 0 2 0 0 40 11 0 0 31 0 42 0 0 42 0 0 7 69 15 2 0 41 0 0 2 50 93 0 0 0 0 36 32 19 32 14 70 0 6 60 55 47 16 0 54 72 44 0 67 0 0 20 52 13 31 28 12 15 76 0 32 70 0 15 0 42 24 0 4 5 28 0 4 62 0 2 25 47 8 0 0 6 71 0 0 21 40 0
 0 0 0 0 0 91 0 36 0 0 43 62 0 51 38 16 0 56 56 51 0 0 0 0 0 0 35 0 0 0 0 0 0 0 0 73 70 75 27 0 19 43 0 13 0 61 0 0 2 32 1 79 0 0 0 33 0 11 38 0 0 25 0 0 59 0 0 0 0 0 41 46 0 55 50 28 0 11 32 0 41 0 24 22 8 0 67 14 0 0 0 0 0 11 12 0 0 19 0 33
 0 0 6 35 0 0 0 0 0 0 0 47 8 0 0 1 6 0 0 20 0 0 22 46 58 18 0 17 44 17 17 24 0 0 0 12 24 0 22 0 51 3 55 69 73 0 0 68 0 51 0 0 34 42 0 22 0 46 0 0 27 47 19 0 0 0 0 66 2 0 1 0 0 0 20 0 27 29 38 0 0 0 18 47 0 0 0 0 0 60 0 80 22 10 0 54 49 0 62 37
 2 2 55 31 0 13 0 6 72 0 0 66 7 31 38 0 0 0 0 22 0 56 72 0 0 0 0 0 9 24 58 0 13 53 94 60 0 4 33 1 21 64 69 9 0 0 55 0 0 74 5 65 24 0 0 21 0 0 27 0 0 86 36 0 0 0 0 0 0 0 0 0 5 2 6 0 0 22 27 0 31 24 25 34 0 0 13 0 29 0 2 0 0 25 77 0 0 0 12 0
 67 18 14 0 7 0 0 0 0 25 5 0 18 2 18 0 0 46 0 0 0 32 17 16 0 46 50 0 0 44 0 0 0 0 0 55 0 57 0 0 0 0 0 0 0 0 29 0 0 38 0 57 94 0 9 0 11 37 0 33 32 0 0 0 37 2 0 4 41 0 0 6 0 0 0 0 0 18 12 0 34 0 0 0 80 7 0 14 0 0 0 56 45 0 0 9 11 4 0 25
 0 2 0 0 0 44 10 84 0 0 2 39 0 25 0 0 0 0 0 0 0 0 0 16 0 0 0 0 31 0 0 34 0 0 45 0 0 24 81 0 0 3 0 3 25 38 0 0 7 0 0 0 13 19 0 0 19 0 21 5 11 78 73 0 39 0 0 14 0 3 6 48 0 0 28 0 0 46 18 6 46 43 0 0 58 20 0 13 48 0 0 23 0 0 0 0 0 0 0 0
 68 28 0 92 0 25 0 0 0 0 9 0 42 0 0 0 9 0 28 0 0 12 0 0 0 0 32 0 0 0 42 14 0 17 0 33 0 43 0 44 0 23 62 0 0 0 0 0 0 0 15 34 0 42 0 41 0 0 0 0 39 71 46 45 83 69 0 0 4 1 0 30 64 0 0 0 61 72 26 5 0 23 0 0 52 0 15 0 54 65 0 0 17 0 0 30 0 51 47 0
 0 0 48 0 0 38 60 0 0 14 0 47 49 0 0 34 0 0 75 60 0 0 0 0 22 9 0 0 0 0 5 0 9 17 69 16 0 0 51 0 40 0 0 0 0 8 48 0 10 34 35 0 47 49 1 44 49 46 0 11 50 0 0 0 31 0 56 13 17 0 0 56 0 0 14 0 0 0 6 34 68 35 8 38 26 0 0 50 32 0 0 19 25 55 38 0 1 5 0 0
 62 0 10 0 0 0 0 0 0 0 40 6 21 0 3 21 0 7 22 0 2 0 24 0 0 0 0 0 0 29 0 0 31 0 39 1 1 44 68 61 0 0 0 0 0 0 0 17 0 0 0 2 31 0 0 74 24 0 32 0 0 0 68 22 78 0 0 50 0 0 0 0 0 0 0 0 11 47 0 2 0 61 71 40 0 0 0 0 0 0 0 5 13 0 0 12 66 0 0 0
 0 6 0 67 82 0 72 36 46 28 0 0 26 20 0 0 8 0 41 0 32 7 37 0 0 0 20 0 0 0 51 39 0 84 0 0 0 53 0 0 26 0 0 0 29 0 0 0 35 38 44 0 0 29 0 0 46 0 0 0 0 0 43 39 22 44 13 8 0 0 0 0 59 0 32 38 0 90 32 13 0 0 33 30 0 20 0 8 0 0 0 0 0 11 32 33 0 56 50 0
 0 9 0 0 0 0 29 22 10 54 19 0 0 0 0 17 63 36 0 11 0 2 0 0 33 0 14 29 0 0 0 0 0 0 37 0 22 10 44 0 0 0 0 13 0 37 0 0 0 0 5 0 58 28 0 52 25 74 23 0 82 4 24 58 0 61 0 16 81 0 0 0 0 0 0 9 0 14 0 0 20 7 4 64 0 0 0 0 0 0 0 59 1 21 65 0 12 0 57 16
 0 25 20 62 67 3 17 0 54 57 0 9 0 0 8 0 0 0 24 0 0 0 15 0 0 0 14 0 0 0 0 65 4 19 0 0 7 39 0 0 0 0 0 0 66 53 99 0 0 35 0 19 0 40 6 0 23 0 48 14 78 0 0 0 0 0 59 56 13 0 3 0 0 11 14 0 0 11 9 0 0 0 39 0 0 55 13 0 30 0 0 81 0 28 21 0 1 81 60 9
 0 0 0 15 0 0 7 53 0 81 28 75 6 82 33 0 0 92 0 37 0 0 7 0 4 0 0 12 16 0 0 12 0 0 0 0 39 31 38 0 0 12 0 0 28 0 14 48 69 11 36 0 0 30 0 32 37 12 0 10 4 0 0 0 0 34 51 0 0 29 0 0 0 36 0 0 21 0 3 0 11 0 0 0 43 0 0 0 53 0 0 0 0 0 3 0 49 57 50 0
 69 0 0 0 0 16 0 26 0 0 0 0 49 15 70 0 0 0 32 41 0 14 28 0 0 0 0 12 0 0 11 0 13 17 25 0 11 39 45 0 0 47 0 0 5 63 0 0 54 0 28 0 0 0 0 70 23 0 0 0 29 0 0 74 3 0 0 30 25 0 0 41 65 13 0 32 0 0 0 0 0 10 0 43 0 0 0 0 21 0 41 0 0 0 14 18 50 0 78 3
 37 67 0 0 0 0 0 0 0 51 13 0 27 0 35 0 0 0 0 26 36 0 3 0 0 0 0 0 4 0 73 0 0 39 1 36 10 0 20 0 15 0 10 14 48 0 0 1 0 0 0 6 0 0 80 64 27 0 79 42 53 36 0 0 6 7 0 53 59 0 18 57 22 56 53 0 0 0 0 19 12 35 11 0 32 75 0 41 0 26 18 50 37 0 0 0 0 13 57 48
 0 10 0 0 0 0 1 34 41 57 0 0 0 0 0 68 0 0 0 0 0 0 15 0 18 0 0 19 0 0 9 2 24 0 49 62 8 0 23 31 0 0 0 38 9 71 0 17 77 0 0 53 0 0 4 0 0 0 15 42 16 33 42 41 15 58 2 0 52 51 44 0 26 23 44 0 32 0 0 14 66 0 0 50 7 77 0 0 56 0 11 0 0 0 63 47 18 0 0 3
 51 1 0 43 0 75 0 0 0 0 24 0 8 0 66 35 0 6 0 37 0 94 12 0 1 2 17 10 0 0 0 83 20 0 13 0 37 0 16 0 62 84 42 0 2 0 38 0 39 3 15 64 49 0 32 0 0 0 83 26 0 8 0 1 22 0 0 0 55 24 100 0 0 18 0 15 23 0 10 0 0 0 11 74 0 0 0 64 62 0 17 0 0 0 38 41 41 38 0 68
 34 0 0 0 0 0 0 21 60 0 23 0 86 30 18 0 0 0 0 0 0 72 0 0 0 6 0 0 68 0 7 0 27 0 0 0 14 0 0 3 0 9 0 0 0 0 0 0 0 13 80 0 0 0 0 0 0 0 14 13 0 0 0 0 52 25 0 0 0 35 14 0 90 0 52 3 0 0 0 22 0 7 6 0 0 0 33 52 0 48 0 0 0 0 0 63 4 0 0 19
 0 0 7 10 14 0 0 0 32 0 74 64 0 0 18 0 0 0 0 0 55 64 31 0 0 0 0 43 20 20 0 50 0 0 0 0 0 41 33 61 62 0 15 0 0 0 35 0 10 75 81 0 39 0 9 25 0 0 18 0 18 0 0 74 0 55 32 0 18 8 0 0 0 0 25 0 1 65 39 0 0 17 6 0 0 0 0 70 0 13 0 0 0 22 37 80 33 0 0 30
 34 15 55 19 0 10 0 0 66 0 20 35 0 5 0 0 24 0 67 36 60 0 0 8 0 36 42 0 65 8 51 0 4 16 0 0 0 0 47 0 14 0 0 0 15 55 18 0 14 11 31 74 45 33 0 5 0 40 0 0 0 0 0 0 29 0 83 0 0 0 0 0 0 61 0 9 0 0 34 0 49 0 0 0 0 0 0 82 72 60 32 36 33 22 41 67 0 33 0 0
 0 6 0 0 0 0 0 0 0 34 36 0 8 63 0 0 0 0 47 0 0 42 0 12 0 0 26 0 13 0 0 0 0 61 0 81 77 57 24 0 0 21 0 0 0 0 71 0 75 0 62 0 0 24 0 0 0 0 0 19 0 0 6 40 22 58 60 51 0 16 0 0 0 0 0 0 13 45 34 0 77 0 0 35 0 0 3 0 0 0 0 0 42 0 31 0 66 0 0 1
 0 32 0 26 13 0 0 0 31 0 0 0 72 33 0 25 91 41 84 0 0 30 0 25 61 0 0 44 83 7 32 10 27 0 0 0 0 0 92 18 9 0 0 34 16 0 35 0 1 0 3 0 30 0 0 12 96 0 0 3 0 0 0 0 13 0 2 15 54 0 30 0 0 3 0 0 0 0 7 22 62 74 0 21 47 0 0 8 0 47 41 39 0 0 0 0 0 0 23 0
 23 16 70 86 0 0 0 21 2 7 31 45 15 0 76 0 24 2 0 76 0 0 0 24 0 53 0 0 46 64 0 53 26 0 0 52 43 0 41 2 1 0 24 0 0 36 12 0 6 10 30 48 0 0 52 14 42 10 52 0 31 9 0 0 0 0 36 0 75 22 0 16 0 8 6 4 72 71 33 68 0 34 0 22 3 39 0 0 0 0 10 0 0 42 0 91 0 0 45 26
 0 48 3 26 40 0 72 28 0 18 0 0 42 0 0 0 0 14 0 7 0 32 0 0 12 0 88 5 90 53 89 0 26 20 0 0 0 0 7 0 48 84 49 0 0 32 49 0 0 0 19 5 0 42 14 85 57 45 0 52 32 0 0 0 0 15 6 20 0 26 16 3 37 0 0 23 11 64 0 0 1 0 0 0 0 0 77 0 0 0 78 0 0 36 0 0 88 75 0 0
 0 73 0 43 70 65 0 13 0 0 0 0 13 0 68 12 49 22 0 31 2 0 0 0 1 34 0 0 72 47 0 0 0 28 0 0 96 33 71 3 0 53 29 0 0 15 0 45 0 16 41 0 0 0 0 21 0 49 2 17 0 0 32 83 26 44 39 77 0 0 0 34 0 37 27 0 0 0 83 9 30 0 26 0 23 0 13 0 21 14 0 53 0 48 23 0 13 91 0 62
 0 58 0 0 46 21 0 0 22 0 0 4 47 40 35 6 16 0 0 49 42 69 0 0 0 67 16 13 0 2 0 0 0 77 5 0 80 0 0 0 0 92 0 2 0 6 0 0 45 31 0 13 13 0 8 3 0 3 6 41 0 0 0 12 0 39 2 65 43 81 0 13 76 37 28 7 0 0 24 0 0 0 63 0 62 66 44 0 0 43 0 52 0 54 0 24 32 0 30 0
 0 12 44 0 0 0 44 35 0 33 25 0 60 23 0 2 18 0 0 0 10 0 0 0 0 40 0 33 0 41 0 0 0 6 27 0 0 13 0 21 41 43 16 4 0 33 0 0 0 7 0 0 52 20 49 85 85 24 0 0 0 0 0 0 28 52 0 39 0 0 3 0 0 1 0 48 21 30 7 0 0 0 87 7 37 36 16 12 0 0 0 0 22 49 0 37 93 6 35 0
 0 28 55 52 56 20 33 0 74 0 0 0 46 0 40 2 15 27 0 1 0 15 23 39 0 0 39 0 0 0 18 0 0 28 0 42 16 0 0 0 57 34 0 0 24 30 0 80 0 0 0 77 0 46 0 37 0 47 0 3 1 0 0 13 0 0 29 36 2 0 46 0 0 2 68 30 0 11 35 23 59 79 55 0 26 4 78 0 0 27 0 0 18 0 1 0 8 0 10 0
 31 5 0 13 16 0 0 0 0 39 73 30 12 0 15 14 50 0 42 8 0 0 0 7 13 19 0 53 0 9 52 0 0 0 0 20 54 0 0 40 0 0 24 0 82 7 75 0 0 40 3 36 20 45 66 27 0 0 57 62 0 63 53 0 0 30 0 9 65 0 0 40 0 0 0 56 0 19 38 0 0 7 75 0 44 63 0 85 0 0 0 4 0 17 0 0 21 88 25 0
 39 12 0 80 0 52 0 0 17 1 25 0 14 0 39 63 29 0 12 0 65 61 0 11 0 9 11 0 33 31 0 54 26 30 0 69 0 0 0 60 1 0 21 0 0 0 15 69 39 0 50 48 0 0 51 0 36 39 20 0 85 75 0 0 23 0 64 0 24 0 0 31 66 0 8 59 49 2 0 63 0 0 0 85 0 77 29 12 0 0 39 0 0 29 0 8 12 3 0 0
 87 2 0 34 13 72 36 51 0 56 0 5 4 0 0 51 0 0 0 29 25 0 31 43 0 87 66 35 82 65 36 36 61 0 50 0 14 0 0 51 0 0 17 28 0 0 0 0 0 0 0 0 0 0 0 0 0 0 0 62 9 93 68 54 60 0 77 0 28 0 0 75 66 0 0 0 0 11 0 0 35 52 79 0 18 0 17 10 41 0 0 0 17 31 0 0 59 0 78 0
 0 0 0 26 0 69 4 68 0 0 43 0 0 8 7 34 1 0 0 64 1 8 0 0 2 0 41 5 0 0 0 86 35 45 0 2 3 0 0 0 0 48 0 45 56 0 74 0 0 0 0 0 0 0 0 31 0 5 0 0 47 30 28 0 20 0 0 0 0 0 46 0 0 0 0 0 22 44 30 43 0 2 51 0 61 64 0 63 0 21 34 0 34 0 0 47 7 0 0 42
 0 0 0 0 0 0 0 9 56 0 1 27 12 0 7 31 0 64 0 0 29 30 59 0 0 0 82 52 0 0 10 85 11 27 27 0 0 63 0 0 0 3 0 31 27 21 0 62 0 66 20 7 0 0 0 0 0 15 73 60 6 0 0 59 0 27 5 11 0 0 42 0 11 21 0 6 0 86 0 88 23 31 0 35 0 0 0 23 80 2 81 49 0 0 37 0 0 0 0 0
 0 33 0 22 0 0 0 0 0 35 0 1 72 49 0 57 0 0 0 76 65 28 6 0 0 54 0 7 0 0 0 68 0 13 88 0 0 41 24 3 64 13 52 0 3 9 78 0 0 39 0 0 0 1 0 79 26 0 9 0 56 0 0 60 29 75 0 0 0 64 0 0 1 61 0 9 13 0 73 0 80 0 0 11 0 0 85 0 0 13 0 0 0 0 4 37 0 0 0 72
 50 0 0 0 0 0 34 38 27 0 26 0 0 12 94 0 38 0 22 60 11 24 0 0 4 0 43 0 1 61 61 6 11 19 0 52 0 0 6 0 16 0 44 50 21 78 0 0 32 50 0 35 0 0 0 0 38 0 45 73 0 0 15 4 0 0 5 2 0 0 3 29 35 5 0 0 55 0 0 0 59 29 83 75 0 32 43 88 55 0 35 0 0 54 0 34 29 0 20 1
 0 61 0 0 83 0 73 15 49 10 0 0 32 0 47 13 0 55 0 59 8 28 0 0 0 56 10 0 0 21 0 13 38 31 13 27 42 34 0 1 0 35 0 0 53 42 12 0 0 0 0 11 32 33 0 0 0 0 0 80 27 0 6 0 0 0 51 55 2 0 22 0 0 0 0 0 14 0 0 36 61 0 27 0 15 17 0 0 15 0 24 56 33 8 0 0 12 0 13 0
 30 54 0 0 0 17 0 0 0 27 0 0 27 0 0 0 0 0 9 29 34 10 25 19 58 11 61 0 9 0 0 44 0 7 0 0 0 39 24 0 0 0 45 32 11 0 0 10 0 0 0 0 1 32 0 0 0 0 37 52 0 47 0 0 15 27 38 0 0 0 60 57 75 0 24 17 0 62 16 0 0 0 35 63 0 0 0 24 36 48 9 0 41 7 0 6 11 24 0 0
 25 64 0 2 7 0 58 0 0 0 27 9 0 0 11 0 0 47 0 0 40 32 0 0 0 35 0 5 7 31 54 0 0 0 0 63 0 0 4 60 0 0 66 0 0 4 0 0 0 14 19 0 0 0 0 47 8 13 61 0 16 0 0 0 9 66 2 16 0 0 55 0 0 0 0 0 54 0 0 22 17 2 0 78 34 53 0 19 0 0 4 10 0 0 54 0 25 0 0 0
 0 23 0 0 38 19 16 21 53 0 0 25 9 6 0 0 74 0 0 42 16 51 0 31 6 2 30 61 0 0 0 0 0 31 0 80 21 19 85 0 0 61 0 0 27 0 15 0 38 6 26 0 0 8 58 43 0 0 0 7 41 0 0 27 84 2 33 17 24 0 8 53 0 0 0 0 0 87 0 39 78 0 0 40 0 72 39 0 0 0 63 0 20 0 26 0 23 0 27 26
 0 0 0 0 10 0 21 90 0 71 10 4 33 77 19 0 0 0 6 0 0 55 20 44 0 1 15 0 0 0 0 0 0 9 55 53 0 14 71 79 0 14 7 0 29 30 0 87 0 57 0 1 8 0 43 46 57 15 0 28 5 68 35 49 0 11 49 0 9 30 0 0 0 0 0 53 0 0 16 61 0 0 47 77 49 0 35 0 0 0 0 0 84 0 0 0 0 0 45 0
 0 0 8 0 30 91 0 45 0 58 74 0 7 24 12 0 0 40 2 0 29 0 74 0 9 0 0 63 0 0 0 32 8 0 57 33 22 31 0 0 56 43 0 0 0 40 0 0 0 30 7 0 0 18 0 54 0 2 11 9 71 0 5 0 0 0 0 21 0 49 19 74 47 0 69 0 0 0 0 0 24 0 3 0 0 28 22 73 0 0 84 0 11 17 0 23 79 93 0 0
 0 23 84 0 0 3 0 0 0 0 0 0 0 0 33 5 2 0 41 0 31 25 10 1 0 0 94 0 0 0 81 11 13 0 0 55 26 0 58 59 0 11 0 0 32 0 17 0 4 39 0 3 0 0 0 4 19 28 0 0 0 41 0 0 28 49 0 9 64 5 27 0 8 65 24 26 14 0 5 0 82 0 0 0 7 14 54 70 55 18 0 0 0 0 0 73 13 36 46 0
 0 97 74 0 0 0 52 14 56 0 33 34 58 0 0 0 0 0 23 31 0 0 0 0 74 1 0 47 15 0 0 31 0 3 47 0 13 21 58 19 0 70 0 0 11 0 50 0 10 0 5 12 8 0 12 4 0 43 63 59 2 0 12 52 0 0 0 15 0 14 57 0 0 7 0 85 17 71 0 0 0 63 16 0 18 0 16 80 0 84 9 0 35 0 0 24 0 0 0 77
 62 12 11 0 0 0 0 38 0 3 14 95 0 0 17 44 13 5 0 60 72 0 23 14 38 60 30 0 40 0 0 0 42 0 0 49 0 69 39 21 9 25 0 0 0 5 58 0 12 1 0 41 17 29 6 93 3 1 52 13 0 0 0 0 17 42 0 56 0 0 0 94 45 52 9 5 0 80 0 0 32 0 0 0 0 0 67 0 48 0 94 83 0 0 28 42 0 0 7 35
 0 35 41 0 88 0 0 0 0 57 8 0 16 62 0 89 63 10 0 3 0 0 0 0 26 0 0 32 0 7 0 13 0 42 17 0 0 11 0 0 68 76 57 0 0 23 43 53 6 0 32 0 0 3 0 0 8 0 0 6 27 0 68 3 69 11 0 61 0 40 69 0 0 8 23 0 92 46 14 0 30 33 0 17 0 18 40 13 28 63 0 11 56 4 48 1 0 43 0 85
 0 55 0 0 46 0 76 0 0 0 0 0 0 1 41 9 0 5 0 0 0 0 17 9 0 0 5 56 0 89 46 0 0 37 0 4 0 0 0 0 0 52 0 0 46 38 54 46 6 0 45 0 28 0 0 0 25 0 5 52 44 0 29 28 70 30 0 0 45 38 19 41 8 0 0 29 0 0 0 65 21 13 0 0 29 0 0 0 45 0 38 0 55 0 17 31 15 0 1 15
 15 17 0 22 0 0 16 47 0 0 62 0 0 0 0 0 55 0 0 0 36 0 0 0 0 0 0 0 0 0 0 67 0 0 0 89 38 2 23 0 6 23 0 0 0 43 0 0 0 0 0 46 26 73 0 23 0 0 0 8 13 61 86 28 56 0 0 17 2 0 0 0 0 0 42 0 0 0 37 53 91 0 0 0 88 10 39 0 18 7 26 0 26 18 0 0 10 0 18 48
 0 21 0 14 68 0 17 22 63 0 41 0 0 80 0 0 38 0 0 0 39 13 34 0 60 0 0 0 1 0 0 32 8 2 73 71 16 36 0 0 0 0 0 49 0 0 0 0 0 26 0 59 43 50 0 40 0 0 0 0 0 1 0 0 40 0 0 0 22 32 1 0 20 27 0 39 11 63 40 0 0 12 30 3 0 0 74 73 67 44 0 0 0 51 0 0 0 64 0 0
 3 0 50 0 0 25 0 0 0 0 0 0 41 23 26 0 42 0 0 0 0 0 20 35 77 0 72 31 38 0 0 19 0 89 30 0 0 15 0 0 0 38 35 78 5 0 8 82 93 0 9 0 29 0 69 0 0 20 81 3 0 35 0 0 0 0 0 34 13 0 73 1 0 0 18 18 0 8 0 13 0 0 49 0 4 6 68 0 0 0 0 0 0 71 81 97 39 70 0 22
 0 0 64 43 4 15 87 0 31 21 77 33 31 0 25 18 82 4 9 42 35 69 0 3 0 44 0 33 52 0 0 35 80 0 34 77 2 57 0 0 0 21 6 0 8 0 0 53 44 0 59 0 30 29 0 0 13 0 0 0 0 26 0 0 0 0 16 0 35 2 0 0 0 0 0 0 0 0 0 74 17 0 0 0 0 0 32 0 0 23 57 71 0 0 23 0 37 35 18 81
 14 0 0 18 0 84 0 0 66 0 0 49 33 78 46 0 0 16 12 11 22 54 62 0 0 76 0 6 31 13 74 0 55 0 0 0 0 67 0 11 40 27 0 20 80 41 0 0 0 3 67 0 58 0 0 25 0 25 0 0 18 0 28 0 52 48 0 41 23 38 0 0 13 0 10 0 0 16 8 29 8 93 29 0 31 12 58 0 0 23 33 0 34 14 0 0 0 27 76 0
 0 0 25 0 0 0 0 42 0 75 0 0 0 0 46 0 0 12 0 0 88 0 42 0 87 0 0 0 0 43 0 50 19 0 0 0 60 0 19 41 26 0 15 72 0 7 0 0 8 0 0 20 15 0 16 21 0 0 0 0 0 0 45 79 36 33 60 8 0 0 10 31 0 0 0 0 58 0 3 26 21 0 0 9 73 0 0 29 0 23 0 11 0 0 25 0 0 0 48 60
 31 16 0 84 42 40 44 35 9 99 0 0 0 0 0 5 52 8 0 22 1 0 3 0 65 24 0 0 0 23 21 63 29 34 0 0 17 41 47 24 11 0 12 0 0 0 39 20 0 0 46 0 8 13 4 8 5 0 0 21 0 0 0 0 0 0 5 0 4 0 8 0 14 27 42 11 7 0 0 92 0 0 14 11 15 0 43 51 81 0 0 0 0 0 2 0 0 2 0 41
