200
 76 16 1 68 0 0 0 0 0 18 23 14 27 37 0 0 0 28 47 0 53 0 8 54 10 38 36 0 67 27 0 0 0 0 53 0 33 0 75 0 66 2 0 0 0 11 0 78 0 57 2 0 10 8 0 43 0 62 0 3 0 14 0 0 0 62 4 0 0 0 0 50 0 34 0 70 0 0 0 5 0 11 0 0 31 15 2 0 24 67 0 0 41 48 22 92 2 0 0 3 0 0 0 41 0 0 39 71 16 25 0 0 4 0 9 0 42 0 28 10 0 40 66 0 92 14 0 21 0 40 0 0 0 5 66 32 0 25 0 0 21 0 78 0 54 17 38 74 0 0 46 28 0 5 18 40 0 0 92 0 0 0 17 73 0 27 0 0 67 42 0 31 5 0 8 0 0 81 76 0 0 0 67 7 44 26 46 73 0 0 32 0 27 0 47 0 25 0 26 0
 0 15 19 0 0 0 0 69 6 0 0 43 8 58 10 62 0 62 42 11 0 0 0 0 22 12 15 0 15 7 0 35 62 0 53 0 0 0 22 53 32 0 0 0 12 34 0 7 0 34 0 8 28 8 22 0 0 51 24 8 16 0 0 52 45 0 33 0 30 0 67 33 0 81 0 0 0 0 58 0 0 0 0 1 1 50 0 40 27 81 6 0 48 28 6 64 0 26 47 0 12 0 0 6 6 11 0 33 0 33 0 64 0 8 0 0 0 0 87 7 0 0 0 60 0 8 0 39 30 34 0 2 0 0 15 21 1 20 0 0 36 5 0 40 0 0 0 94 11 0 0 0 0 17 0 75 34 0 0 4 18 2 2 27 0 59 3 0 31 3 0 0 45 0 33 0 0 0 18 0 0 54 5 0 6 0 18 10 0 0 0 0 0 33 0 4 35 0 73 31
 0 0 97 5 2 0 0 0 0 2 16 89 21 0 0 0 25 0 18 0 4 45 0 0 51 14 13 17 0 0 0 27 0 0 28 69 8 0 46 0 0 0 18 0 0 0 8 19 2 49 53 41 0 0 67 0 28 53 0 52 0 0 0 0 52 8 1 0 19 0 0 0 47 0 26 26 29 0 0 0 0 12 0 0 0 0 2 0 4 35 11 0 1 15 0 0 0 0 40 0 33 0 0 20 0 0 60 20 54 0 0 0 21 0 43 9 43 32 0 63 66 0 0 96 23 0 58 0 28 0 2 2 4 7 0 62 0 34 33 0 78 0 0 0 0 60 20 0 78 38 33 17 0 10 38 64 37 45 0 48 87 0 0 0 0 0 0 16 0 18 15 0 3 8 0 53 0 40 0 16 13 85 0 0 5 23 25 0 0 0 16 52 0 0 0 0 26 0 0 37
 0 24 0 9 0 0 0 71 0 96 0 44 0 0 7 0 3 0 0 45 70 0 26 30 0 68 73 79 0 44 0 0 49 23 0 80 29 43 39 72 54 0 6 19 0 0 0 0 13 0 34 0 35 8 37 0 0 27 9 64 0 41 0 0 18 0 15 0 0 38 69 0 43 11 20 0 4 11 0 0 0 52 3 71 0 1 0 54 23 9 32 43 0 0 0 0 2 48 0 88 26 55 48 35 2 35 0 0 38 14 14 0 26 0 35 67 0 62 54 74 0 0 0 0 72 49 10 4 0 0 0 17 0 0 47 18 24 0 0 0 0 10 42 36 14 47 0 0 0 12 0 57 0 33 25 0 0 0 27 0 14 0 78 36 0 23 21 35 0 0 0 0 42 0 47 78 0 0 0 0 0 10 0 49 0 0 0 0 0 0 0 0 5 61 0 25 31 0 31 0
 57 11 0 11 73 70 0 0 51 0 45 22 12 5 0 0 3 15 58 39 9 0 84 45 4 47 58 63 38 76 0 0 0 0 14 0 34 0 10 9 66 2 0 0 0 17 15 41 67 0 64 0 0 99 5 0 66 0 49 0 59 0 49 4 46 38 0 0 0 37 55 10 0 23 17 0 0 15 0 0 0 0 0 0 0 33 54 25 0 0 0 0 19 0 0 38 0 88 61 0 47 17 0 18 44 2 14 57 0 0 0 0 0 0 41 0 0 36 0 77 23 20 0 0 0 73 2 0 86 24 0 0 6 44 31 0 0 0 0 6 0 0 0 5 53 0 10 0 21 21 0 43 0 25 0 0 0 0 7 0 18 37 9 0 0 8 0 0 26 42 0 0 41 0 83 0 29 0 0 27 0 0 8 0 0 0 57 22 42 41 3 40 10 50 3 59 0 0 22 18
 45 10 60 9 0 22 18 45 11 0 9 10 13 11 23 0 0 5 0 48 10 0 59 0 62 0 0 0 0 0 0 17 32 39 6 34 0 43 29 30 5 0 48 60 0 5 0 0 5 36 59 63 0 49 0 71 0 67 0 46 0 0 76 11 0 33 51 0 9 0 0 0 0 0 53 59 0 0 0 27 0 54 24 89 13 0 23 0 55 0 0 30 56 0 5 0 0 0 0 31 44 0 2 0 22 0 0 16 0 14 0 0 0 81 36 0 0 0 56 91 0 22 0 0 0 0 9 3 0 23 0 14 0 4 0 16 0 30 0 6 59 35 57 0 0 64 19 12 30 0 0 39 8 93 0 29 0 47 15 22 0 38 0 2 0 53 26 0 0 42 0 0 0 0 0 0 0 54 0 25 0 0 0 28 0 0 50 41 0 40 19 0 54 0 1 0 0 0 79 64
 32 26 72 30 7 0 47 0 0 0 22 41 9 0 16 47 0 43 92 0 0 0 0 70 20 0 0 0 0 0 0 67 0 0 57 10 4 41 4 34 0 33 82 0 0 0 10 0 19 0 30 0 1 0 57 0 22 4 39 0 0 66 60 52 0 0 0 60 8 34 0 0 28 0 0 0 0 65 5 23 0 0 9 0 69 16 10 3 0 0 0 0 0 12 0 0 60 4 64 4 24 0 6 0 0 44 10 40 43 12 0 0 0 0 13 0 13 4 0 30 0 33 3 39 39 33 12 0 0 0 31 0 7 12 0 8 0 44 0 0 0 0 0 0 0 16 17 30 0 5 1 46 31 0 14 1 0 0 19 6 49 0 13 0 0 25 0 37 1 19 0 0 0 0 43 41 0 0 0 20 29 0 0 0 0 0 0 0 88 0 0 0 0 0 0 47 12 4 14 31
 5 0 41 0 4 0 1 77 24 0 36 27 0 3 62 0 0 41 45 11 9 0 33 15 50 69 29 5 42 0 0 0 0 0 1 0 0 0 0 13 0 87 33 0 21 0 12 35 15 55 0 66 0 14 0 0 0 2 0 0 0 0 17 29 44 63 0 24 45 2 0 0 1 0 5 0 0 3 0 92 0 0 71 0 0 0 0 60 0 2 0 13 88 0 0 33 0 0 0 16 0 0 0 0 0 0 10 0 0 54 0 0 0 37 1 0 0 0 77 0 24 0 30 39 0 0 68 0 33 0 0 45 0 27 29 0 51 0 34 0 0 0 43 16 0 0 0 0 1 0 0 42 0 0 82 0 0 34 0 17 0 46 20 0 0 19 94 0 0 0 0 13 35 0 39 0 0 71 57 0 13 4 0 56 0 2 0 13 15 0 32 0 0 0 49 21 25 63 22 9
 19 0 78 56 0 0 54 0 96 0 0 80 0 0 0 0 0 0 22 35 0 21 24 77 0 42 6 48 0 0 54 26 0 80 4 37 0 0 0 28 18 68 0 5 0 54 0 15 78 44 0 33 0 66 0 49 0 83 19 0 36 0 11 0 44 0 19 0 22 32 37 21 0 85 36 0 0 0 0 57 58 0 63 85 0 0 43 16 20 0 0 17 31 0 0 0 0 30 0 0 0 16 9 69 25 0 0 14 17 0 0 0 0 79 8 0 18 30 76 0 6 0 27 0 29 28 26 28 64 53 8 4 0 28 28 69 0 0 0 3 6 0 55 0 0 17 0 59 27 0 0 50 0 0 0 0 75 0 0 88 2 51 10 1 34 0 37 54 0 74 0 83 0 0 37 32 14 0 14 0 2 78 19 42 0 0 0 22 48 32 0 50 0 7 6 68 0 0 0 9
 0 93 0 0 17 3 34 11 6 46 0 21 39 0 28 35 66 0 0 0 18 4 11 0 0 2 0 8 0 0 0 0 48 17 0 0 33 28 3 0 0 7 0 0 4 14 22 0 45 0 0 14 31 0 65 6 0 6 2 18 11 76 4 2 0 0 2 0 0 28 0 0 60 1 50 22 0 0 0 0 13 43 0 0 42 7 0 0 0 13 45 8 9 1 31 0 0 0 62 87 35 36 0 51 7 0 0 0 19 0 0 33 0 51 38 11 33 43 11 0 24 0 4 0 0 41 2 31 1 0 0 57 0 70 14 0 0 0 0 16 33 45 7 78 0 0 45 67 93 0 0 0 0 11 47 0 24 12 60 7 0 0 0 2 80 60 33 0 11 0 86 33 46 0 55 0 0 2 0 0 19 0 24 0 0 56 0 27 26 19 0 11 53 0 0 0 59 15 0 0
 0 65 0 10 0 0 0 0 15 16 29 0 69 0 51 59 29 0 0 0 0 62 41 0 0 0 46 0 85 39 0 0 48 0 0 0 0 0 4 0 31 0 0 0 21 0 0 0 0 0 0 29 50 0 0 23 33 11 0 8 0 63 0 33 0 0 59 0 0 0 0 0 11 64 45 41 0 0 0 20 0 13 23 3 0 0 0 0 59 9 0 17 30 22 82 0 0 28 0 0 0 35 6 0 10 0 0 0 20 17 6 96 57 21 0 59 13 50 48 1 0 0 25 0 14 0 23 0 0 0 20 0 0 20 0 0 0 36 61 0 0 0 71 40 24 0 51 41 72 37 11 0 0 31 0 0 30 0 0 94 19 55 0 0 0 0 29 21 50 37 0 0 8 35 14 31 61 25 0 14 0 7 0 8 50 48 54 14 48 53 22 50 0 0 0 0 22 81 0 0
 0 0 0 0 0 0 0 0 0 0 56 90 22 0 39 0 9 40 0 0 18 0 0 43 39 56 0 10 0 0 0 0 0 12 61 0 0 0 0 44 0 0 59 23 30 75 53 41 47 0 3 0 0 24 0 59 53 0 14 91 0 0 24 28 0 0 52 0 0 0 0 72 0 0 13 37 63 0 19 81 0 30 0 0 20 0 50 0 0 0 0 0 2 0 83 0 0 0 0 0 62 77 0 0 73 0 30 66 0 21 0 0 0 0 0 0 4 0 0 47 0 0 31 90 38 31 0 22 89 0 20 0 0 63 32 0 0 8 0 47 1 26 57 10 0 0 42 0 0 38 20 0 0 0 0 34 0 0 0 0 0 6 0 39 46 0 0 0 0 0 23 28 0 0 82 0 37 38 39 44 16 25 67 0 43 0 0 36 0 0 0 0 15 0 2 46 0 0 0 0
 0 0 0 71 0 0 0 5 42 0 0 0 45 16 22 0 58 22 0 19 0 0 0 0 28 0 52 53 0 0 0 0 75 51 0 0 0 0 73 0 55 57 0 12 87 0 31 0 0 10 12 19 8 95 17 12 56 4 0 21 40 1 0 38 6 0 0 0 0 90 36 0 68 11 34 0 0 0 58 0 0 0 0 0 89 0 31 0 52 0 0 55 44 0 82 63 0 0 0 0 0 0 44 80 0 11 0 19 0 0 0 72 0 0 0 50 0 0 0 25 0 0 57 0 0 60 38 0 46 0 26 26 0 0 73 25 0 0 0 12 13 14 0 0 55 0 0 0 24 51 0 5 66 36 28 7 20 0 0 0 49 61 24 0 0 0 55 0 17 22 72 0 0 0 21 68 28 18 41 0 0 0 36 16 0 0 0 58 57 19 0 0 49 0 47 28 75 0 0 64
 0 0 35 16 0 0 0 0 10 10 38 51 0 40 40 0 0 41 33 79 57 0 5 0 62 28 52 31 0 0 0 43 0 0 61 0 0 0 0 0 0 0 6 74 20 0 0 0 0 0 0 0 41 0 0 0 1 60 52 0 0 32 0 0 57 0 0 0 7 67 0 26 0 0 3 0 0 32 0 0 0 0 0 8 0 34 82 0 0 0 83 0 3 0 32 0 0 0 0 2 39 0 0 41 33 0 88 0 2 8 9 0 31 0 50 50 0 0 0 0 21 31 0 0 0 0 0 0 39 46 0 0 0 82 0 12 0 0 43 0 0 0 0 0 18 0 0 0 6 27 0 0 87 0 0 0 76 0 23 78 7 0 32 0 0 0 83 0 9 81 0 3 0 37 0 12 0 0 0 0 7 0 0 6 24 48 10 13 55 55 26 0 41 32 24 0 9 0 1 34
 25 0 16 0 10 0 0 0 3 0 0 0 0 0 34 13 32 27 0 0 0 73 53 71 0 64 34 0 0 22 0 0 5 45 0 21 59 1 0 65 3 0 0 5 32 0 19 0 0 0 0 0 0 0 0 17 0 0 2 64 4 0 1 0 0 0 1 0 0 22 2 0 11 0 0 30 0 23 58 63 0 0 1 4 18 0 0 55 0 0 0 52 61 46 6 13 37 3 36 83 21 0 0 55 19 0 0 0 0 4 8 0 0 0 0 0 0 0 0 33 0 0 55 0 0 72 0 57 0 0 0 49 0 0 59 0 0 40 60 12 0 51 0 0 58 25 0 0 15 0 20 33 31 0 60 0 0 0 0 18 0 13 0 43 0 11 0 0 0 27 0 28 0 67 0 14 0 10 43 0 32 45 2 0 71 0 0 0 46 0 79 0 0 0 28 78 17 0 20 0
 3 0 72 84 32 59 0 11 20 0 0 69 6 17 0 71 0 0 0 0 78 29 0 13 19 0 0 17 24 0 0 18 60 24 19 15 67 78 0 0 0 19 25 46 0 0 22 0 0 0 0 35 36 39 0 0 0 0 6 0 34 37 35 5 5 0 61 0 18 55 0 35 11 8 62 62 32 0 0 41 10 49 84 7 0 31 19 43 1 45 16 0 14 16 0 1 46 22 0 0 9 0 85 0 0 60 0 11 62 0 0 0 0 0 44 0 0 0 47 21 32 29 0 0 33 0 20 0 0 0 49 0 0 48 0 0 18 90 0 0 0 0 0 61 6 0 0 45 0 0 13 0 36 0 53 0 38 0 46 75 41 38 12 0 27 2 0 0 19 0 63 76 32 95 0 25 0 0 0 27 0 8 71 66 18 0 52 0 29 73 0 25 19 47 0 16 10 100 48 48
 62 59 0 0 0 19 71 66 13 0 0 0 0 17 0 22 30 0 0 0 0 31 0 25 19 0 0 0 0 23 11 0 22 0 44 0 0 0 0 39 18 0 0 0 0 4 0 0 0 5 41 11 0 0 1 9 32 37 0 41 0 0 0 89 15 84 0 44 34 6 0 16 17 0 0 0 6 18 15 27 0 66 0 92 0 54 0 27 0 18 40 0 39 0 0 0 15 0 27 45 0 0 0 31 51 0 0 0 2 0 0 74 58 0 0 13 70 0 5 12 0 91 0 51 40 1 0 55 0 25 24 0 58 0 0 21 28 57 29 0 12 43 0 0 0 31 0 0 0 51 0 0 0 0 8 59 0 18 17 0 24 59 0 0 0 8 0 0 0 45 0 41 51 0 0 0 26 0 23 46 0 35 82 0 0 0 37 0 37 0 0 0 20 19 0 0 0 6 0 30
 0 0 11 22 0 0 0 0 4 45 11 0 0 0 0 98 59 92 79 0 0 0 69 21 42 0 0 0 18 56 0 0 21 36 0 13 0 77 19 0 23 13 13 0 8 0 0 25 18 0 0 0 19 23 54 0 0 56 0 32 0 0 0 0 0 0 0 0 24 0 0 61 23 20 0 51 0 0 0 0 24 0 0 0 0 0 71 30 0 64 48 0 0 3 30 0 0 28 0 0 34 0 5 0 9 66 9 0 20 18 83 5 2 9 0 0 4 0 0 51 0 0 8 0 48 45 0 25 13 4 5 0 2 6 0 3 0 20 55 24 0 0 30 56 19 0 0 10 6 0 0 15 32 0 0 9 0 0 0 3 17 0 0 20 0 19 0 0 14 26 42 0 0 13 0 0 7 23 0 0 28 7 20 6 43 0 15 0 0 72 0 0 20 3 12 0 13 67 50 36
 0 0 0 5 0 30 0 0 0 11 1 9 37 0 15 3 74 0 69 0 60 52 0 0 0 74 0 47 0 65 4 24 0 0 33 0 10 10 0 0 0 0 0 0 0 0 0 0 0 21 47 0 36 0 28 0 0 0 7 0 0 9 13 22 0 4 0 0 17 0 69 19 0 10 0 0 0 0 0 59 0 0 0 57 38 0 0 45 0 0 0 0 0 5 0 24 0 46 26 0 0 37 0 0 0 0 0 0 13 0 0 14 0 6 0 52 0 72 57 0 68 0 6 94 0 0 0 0 4 0 39 0 0 82 0 0 0 0 0 0 0 25 0 6 57 3 0 76 0 0 73 35 0 35 45 1 30 0 25 8 73 0 59 76 0 79 0 84 0 67 10 28 0 50 0 0 12 71 0 7 0 86 0 16 52 0 0 21 15 6 9 0 43 20 0 0 0 0 0 8
 48 0 25 0 0 0 57 0 0 20 40 28 0 0 62 11 84 54 20 40 0 0 0 0 0 37 0 11 40 37 0 0 39 11 0 0 21 0 0 31 66 0 0 33 0 0 6 7 0 0 30 0 50 46 0 31 11 0 0 0 43 51 4 87 5 15 9 0 0 0 31 86 0 55 31 0 18 10 0 0 6 0 0 83 25 0 34 0 31 50 0 0 0 50 0 81 37 0 0 2 64 5 0 32 0 44 0 0 29 48 78 56 0 0 0 63 9 0 54 23 0 0 0 29 0 0 0 0 0 0 19 0 13 31 34 78 0 0 0 0 0 16 0 0 0 0 9 52 0 13 89 18 85 13 0 10 37 0 34 16 0 14 23 0 0 0 0 0 0 31 0 0 62 0 36 7 33 0 27 66 0 63 40 6 0 0 85 0 0 0 0 80 0 1 0 3 0 0 0 0
 0 46 0 0 0 0 95 0 4 0 3 0 46 0 64 0 29 34 0 96 76 74 16 62 35 0 54 0 0 0 88 21 0 3 10 83 0 55 0 0 26 5 20 0 0 0 77 0 0 54 0 0 0 0 42 43 0 3 68 43 92 17 37 16 0 0 0 0 5 0 0 8 0 1 26 24 0 0 0 0 0 44 0 15 0 84 0 0 0 52 31 55 0 19 0 0 7 54 15 66 0 0 72 23 0 0 5 0 0 0 0 0 14 3 19 0 0 36 0 7 30 0 0 80 10 10 55 0 0 40 31 0 0 68 0 0 26 93 64 0 0 0 0 30 0 36 0 19 17 0 29 45 45 60 0 31 94 0 0 0 0 0 0 0 16 0 31 14 0 0 0 35 0 27 47 0 0 0 16 0 6 0 0 15 61 0 0 0 0 24 12 63 12 22 20 0 0 0 48 36
 22 54 0 6 16 11 12 7 0 0 0 67 28 60 0 0 0 21 0 26 0 52 0 50 54 65 0 59 27 0 0 0 55 0 0 0 12 4 24 0 0 39 0 47 0 0 0 0 39 80 0 0 0 92 24 10 10 22 0 61 14 0 52 0 0 0 0 18 0 0 0 0 0 0 0 39 21 0 45 0 0 21 0 0 56 0 0 74 2 19 0 0 0 0 0 0 14 4 0 0 0 29 57 0 11 0 74 10 0 0 0 0 35 2 0 99 0 0 0 0 4 22 79 66 6 0 0 11 59 0 0 0 0 0 35 0 13 46 0 0 40 21 8 0 0 29 28 3 0 9 16 0 27 32 39 0 0 15 67 1 0 2 0 0 23 64 0 74 4 51 9 0 21 7 25 47 0 14 0 0 28 51 38 0 0 10 80 85 47 0 0 0 9 41 41 38 0 20 0 3
 0 76 33 0 0 0 2 0 0 0 0 36 45 0 0 28 38 0 50 46 0 20 100 0 72 0 0 26 0 22 24 29 75 40 0 85 35 2 29 19 70 39 46 0 0 0 0 0 54 20 0 73 0 82 0 42 30 0 17 0 13 0 0 0 0 30 20 54 65 0 0 39 0 0 9 0 0 0 5 19 84 36 0 0 5 0 0 4 48 53 9 0 73 74 12 26 0 0 51 89 46 18 2 40 5 0 0 31 77 51 33 16 0 21 45 21 33 0 19 67 0 0 0 60 0 0 45 0 19 52 32 0 0 0 9 6 0 4 0 0 46 0 62 29 47 0 0 0 0 0 0 0 53 0 0 0 0 75 27 10 63 0 58 59 52 0 0 0 15 95 78 33 42 8 66 0 29 65 0 5 0 17 51 17 34 0 27 0 60 0 0 12 8 74 0 44 96 49 0 0
 0 16 31 0 0 31 0 0 0 34 20 0 23 68 0 0 0 0 5 26 0 0 11 71 0 30 12 44 0 0 40 36 0 0 18 0 60 0 26 24 0 0 1 0 71 0 13 29 0 17 0 0 0 0 24 0 0 33 31 0 0 0 35 1 15 83 0 0 0 0 39 0 19 0 0 0 0 0 0 13 4 0 65 78 0 0 26 0 0 0 71 23 0 0 48 0 0 4 24 52 0 54 22 0 0 0 16 43 76 64 73 17 18 17 36 0 47 40 0 0 0 7 96 0 26 57 0 0 2 70 12 0 0 0 0 0 45 50 61 29 26 0 37 0 0 39 0 0 0 41 38 17 0 0 0 0 0 2 50 14 57 32 39 54 0 45 2 0 27 0 0 10 0 0 0 41 0 60 100 0 3 10 62 0 10 0 0 0 2 0 0 1 0 10 1 0 0 3 61 0
 0 0 0 26 0 0 0 0 5 1 0 0 0 0 33 0 0 0 26 37 0 0 0 56 23 28 5 0 25 0 61 0 47 56 0 18 0 0 32 37 3 0 0 0 0 21 0 27 5 0 57 0 17 11 38 68 16 0 0 9 0 65 0 40 0 0 93 30 0 0 56 0 18 0 0 0 26 0 41 0 0 19 23 59 0 0 0 0 0 34 0 0 31 0 11 0 0 42 0 74 0 1 83 0 69 15 0 32 30 0 0 60 57 4 0 0 0 0 0 0 0 0 12 0 61 4 26 59 24 87 0 0 12 0 54 0 60 23 9 0 23 0 10 0 0 45 50 26 72 0 3 13 0 32 13 0 36 0 14 10 0 0 0 0 72 36 0 16 0 0 33 0 0 0 0 74 12 65 22 40 42 24 33 50 7 0 46 23 0 5 43 41 13 0 0 0 0 0 63 0
 0 0 0 0 0 4 6 0 0 0 11 0 13 0 0 90 97 32 0 0 50 0 66 0 0 56 43 13 0 29 22 0 0 0 0 0 57 45 5 12 0 3 0 55 0 0 0 0 8 16 0 0 12 0 41 0 90 29 57 76 0 65 0 0 0 0 0 22 45 0 0 0 59 0 0 0 6 0 62 0 66 38 28 21 63 26 0 19 16 0 0 0 0 14 0 52 0 42 0 26 27 23 0 35 0 0 31 34 2 28 71 55 6 0 0 39 0 56 11 2 54 53 32 0 0 0 0 0 0 43 46 42 38 17 0 52 86 0 0 6 0 0 0 0 5 0 12 0 0 0 0 46 14 0 51 0 65 0 75 0 12 33 0 0 0 14 9 35 0 0 66 47 5 2 0 38 0 0 5 0 0 0 0 9 55 18 5 41 0 65 0 0 24 43 12 0 63 26 0 6
 0 0 0 0 0 24 31 0 0 18 0 30 0 0 0 90 25 24 29 61 0 28 40 0 0 0 94 0 53 15 49 43 0 0 20 10 0 81 0 4 10 24 21 56 29 0 0 0 39 0 0 68 33 0 43 78 0 0 41 78 0 20 71 0 0 12 65 0 0 42 51 67 0 52 0 7 49 22 0 51 0 40 0 0 24 52 0 0 0 43 0 46 28 72 0 39 0 44 21 0 17 90 53 34 31 0 0 0 0 0 0 11 2 0 42 47 0 52 34 8 8 0 0 0 0 0 3 0 0 38 0 0 51 33 0 0 0 0 0 32 93 28 98 0 16 0 0 0 0 0 32 32 0 0 55 0 10 21 0 56 0 13 0 21 52 1 58 0 8 5 9 84 0 18 6 38 0 0 0 3 43 0 55 25 16 48 0 70 0 0 65 0 0 0 59 0 0 56 0 0
 2 42 0 0 0 4 63 0 0 0 39 0 0 0 34 0 15 51 0 0 90 0 0 0 18 0 63 34 36 0 25 0 64 0 59 16 0 10 19 28 54 0 30 0 45 0 44 12 0 0 0 14 42 28 6 4 4 0 30 27 0 0 0 27 66 37 45 0 0 15 0 0 0 0 0 0 60 0 0 63 0 54 0 8 18 52 7 38 45 28 0 0 0 0 0 0 53 0 0 36 0 0 80 18 0 20 18 0 0 0 57 0 0 13 0 51 0 0 7 0 30 37 57 3 1 15 17 0 0 0 4 44 0 0 0 74 19 65 15 0 0 1 0 92 22 43 44 0 4 0 75 22 0 48 0 23 11 36 44 0 15 5 15 0 10 41 37 11 38 0 7 48 0 0 0 0 0 14 0 0 0 88 21 70 33 0 0 57 0 47 2 0 0 59 0 16 0 0 0 11
 0 0 34 5 0 21 8 0 60 33 0 4 23 72 12 0 36 0 65 0 47 0 39 16 0 3 0 0 22 69 0 19 0 0 0 18 34 39 0 0 0 0 46 0 43 56 31 41 22 8 27 0 7 0 0 25 36 71 0 63 0 0 19 16 67 0 7 0 0 5 2 19 25 26 42 0 0 0 0 0 0 4 0 0 0 0 0 0 12 0 24 0 0 0 0 54 50 85 86 0 0 0 0 47 5 0 24 0 0 1 28 0 32 0 61 0 0 52 32 0 72 0 0 5 56 32 0 11 0 0 57 27 5 0 40 0 29 89 27 0 76 63 40 42 51 0 75 0 22 0 69 0 18 18 33 0 3 81 32 67 11 0 0 0 25 49 46 6 0 0 0 24 50 0 77 12 0 74 68 11 0 22 60 0 0 0 0 3 0 0 0 13 7 27 29 0 0 0 0 0
 0 0 25 0 0 17 22 67 22 10 0 10 78 56 0 66 0 0 0 0 16 16 0 48 9 0 0 16 0 17 0 0 29 0 0 16 9 0 0 3 0 40 31 0 0 64 0 0 0 0 32 78 0 18 51 0 49 0 58 52 0 28 48 0 8 19 37 0 33 0 23 0 0 0 0 21 30 26 39 0 3 0 0 0 14 14 53 44 52 81 0 2 35 0 0 0 0 0 41 0 9 0 0 0 54 36 0 0 0 25 0 71 0 75 0 38 81 40 0 30 0 31 50 3 0 53 73 0 29 47 0 0 47 0 0 18 19 0 0 15 10 0 0 24 34 0 0 57 24 0 0 71 0 0 0 0 53 0 80 0 0 43 32 0 0 0 36 0 40 0 0 71 0 0 40 0 4 18 0 0 0 0 17 23 10 3 38 41 0 0 0 63 55 0 79 0 51 51 0 0
 19 32 19 0 42 20 35 20 0 64 4 52 26 47 46 5 0 21 0 11 0 45 0 0 0 0 0 0 50 13 57 5 33 4 0 18 54 28 89 23 0 17 25 0 52 0 87 0 12 77 0 0 21 0 37 41 0 0 0 47 0 1 0 0 0 42 31 0 60 0 9 2 58 0 0 0 38 0 0 0 83 55 21 12 0 30 32 0 0 0 0 0 0 0 0 0 73 0 2 0 0 3 50 0 40 9 0 11 0 44 25 6 0 26 0 0 0 29 39 11 35 71 0 46 0 0 0 0 0 19 44 1 31 0 62 0 0 0 32 0 15 0 0 0 0 47 10 0 0 53 0 0 4 37 19 0 0 0 0 3 0 29 0 0 0 0 0 0 0 0 24 1 45 0 0 0 32 0 0 0 19 0 41 0 0 0 0 0 74 0 39 14 0 0 3 0 0 19 0 0
 57 0 0 28 22 0 0 61 0 49 9 7 2 0 32 0 30 35 0 5 0 29 0 0 31 27 0 1 0 69 0 74 5 32 0 50 0 77 0 5 0 0 65 0 0 0 0 86 0 60 0 2 53 0 89 40 0 22 4 0 0 8 0 14 0 20 0 0 0 2 0 27 0 0 0 92 0 0 0 24 45 0 6 51 0 0 36 27 49 70 0 51 8 0 0 0 0 0 0 75 19 10 0 36 25 44 0 46 16 0 0 67 4 0 0 38 0 27 44 0 18 0 3 0 55 92 0 24 0 0 0 81 0 0 0 0 49 0 0 0 32 0 48 0 0 0 0 0 25 25 0 0 63 72 0 6 0 6 0 2 8 3 70 6 0 0 0 78 0 0 0 0 0 39 0 0 35 25 0 66 27 0 4 28 32 0 27 65 40 23 0 0 69 0 0 0 22 0 76 25
 4 0 15 0 17 0 10 84 70 0 0 24 0 43 0 0 0 0 30 0 39 0 0 14 0 46 11 0 6 0 0 0 40 38 36 0 61 2 0 80 22 0 33 41 57 23 24 0 0 0 42 15 0 0 59 74 0 66 0 0 0 0 0 0 0 27 69 0 41 83 0 53 13 12 15 0 0 0 0 0 52 59 0 0 65 24 22 49 35 0 0 4 0 26 0 9 55 68 0 0 0 0 0 39 9 32 0 65 54 0 15 66 0 1 64 72 0 0 0 86 0 0 6 76 0 9 16 4 14 0 34 18 24 0 54 0 0 0 0 0 10 0 0 0 11 0 32 49 65 0 59 0 0 23 0 36 27 0 0 28 0 0 0 0 44 0 8 0 0 3 67 51 42 0 0 27 22 28 5 0 9 65 19 0 43 0 70 0 35 55 0 14 69 17 50 0 0 0 0 44
 82 37 2 0 19 0 58 53 0 0 27 0 0 8 0 0 28 0 61 0 0 13 0 12 0 8 13 3 6 15 0 0 0 15 19 65 36 0 0 0 26 0 0 22 47 0 0 11 15 0 4 10 0 0 19 0 0 0 0 28 11 10 0 0 53 0 0 0 0 0 43 38 4 41 48 0 3 34 0 0 55 53 60 69 0 65 0 0 3 65 0 34 75 0 0 64 0 69 34 0 19 24 0 0 64 23 0 28 0 77 0 7 44 0 0 31 0 0 15 0 77 6 0 0 11 0 60 0 0 0 72 0 2 50 36 47 0 0 1 6 0 46 0 30 0 0 0 0 24 0 16 0 18 35 47 0 86 40 19 23 26 36 0 30 0 6 0 0 66 0 0 0 0 12 28 0 2 3 0 0 0 0 0 11 32 45 0 62 69 77 0 47 5 70 0 0 25 5 0 45
 0 0 0 55 0 0 0 0 0 25 45 0 63 0 34 0 0 17 0 24 0 59 48 0 64 32 0 0 74 31 43 41 0 0 20 71 0 0 0 81 0 2 0 0 0 4 21 12 0 1 26 6 0 31 2 0 0 49 9 1 0 19 54 2 0 0 0 29 0 0 25 17 0 0 0 6 32 0 0 20 0 0 36 14 0 48 46 2 0 0 0 0 21 44 0 0 0 6 0 12 0 0 0 60 0 22 0 5 0 39 80 0 0 57 0 0 0 0 0 2 11 0 51 0 0 0 20 0 0 25 3 53 57 58 79 0 0 0 0 0 52 1 23 0 0 0 27 0 0 0 0 63 0 10 14 0 53 0 0 96 0 0 32 15 0 0 0 20 49 0 0 17 0 48 67 18 0 0 35 0 28 14 31 0 22 1 61 0 0 27 12 0 41 34 0 4 53 0 0 0
 30 73 0 0 21 0 0 66 0 11 9 62 59 8 0 0 54 0 1 0 0 54 0 24 0 30 0 0 0 0 0 0 16 0 0 82 0 0 21 48 0 0 41 0 6 57 57 0 40 0 11 0 0 0 0 92 27 48 0 0 0 2 58 89 0 0 1 17 0 26 53 0 77 78 0 0 0 0 0 1 23 5 87 16 10 86 46 33 14 75 36 63 0 0 40 19 0 34 0 44 0 0 0 73 55 0 36 0 0 26 42 43 0 13 0 0 0 0 29 0 17 55 25 0 0 0 17 12 61 0 32 0 73 0 28 0 19 0 23 10 0 10 25 33 16 33 14 0 13 87 0 0 0 0 25 0 44 0 0 32 7 0 37 22 0 0 0 4 0 0 21 0 23 0 64 0 0 0 0 31 47 15 0 0 10 15 55 55 0 53 0 34 26 25 0 0 49 0 77 9
 0 0 0 0 0 57 0 37 15 0 40 36 47 8 0 0 41 6 0 0 24 0 0 0 1 0 58 59 0 0 0 6 0 0 7 12 21 43 0 0 0 66 0 30 0 0 10 0 35 0 69 0 31 16 0 20 0 0 20 46 80 0 35 38 0 0 0 0 0 38 39 92 10 7 0 0 0 0 0 0 44 24 0 0 0 22 20 0 71 0 2 0 19 36 0 31 0 0 0 0 18 0 78 49 73 43 94 0 0 3 0 0 60 64 0 0 0 27 0 0 0 18 28 0 0 65 16 0 0 18 0 2 4 35 0 0 20 0 0 0 77 70 0 0 0 50 0 0 0 91 0 66 0 12 8 46 37 27 9 4 71 0 0 58 0 0 9 0 0 0 66 1 0 45 23 0 35 0 44 20 15 0 0 0 0 27 12 0 15 0 0 0 36 0 9 26 0 2 0 0
 44 22 10 0 50 0 0 43 3 0 5 46 69 31 0 0 7 0 0 46 0 0 0 86 20 0 0 0 0 61 0 0 0 80 13 3 0 41 0 20 0 0 38 0 10 1 0 9 0 0 0 35 48 0 22 0 67 0 38 0 0 25 0 7 0 0 0 80 0 0 0 30 26 50 0 15 0 0 74 0 36 10 8 0 0 0 80 12 49 0 21 58 16 0 22 44 0 0 0 6 0 0 42 62 0 9 0 0 19 0 0 45 28 0 49 0 0 14 0 0 6 52 38 9 0 0 48 0 8 53 0 0 0 46 16 8 0 1 0 0 0 8 6 0 13 0 0 9 13 44 11 81 0 30 3 0 0 13 0 65 0 0 0 43 0 7 0 66 25 0 0 39 7 0 0 0 14 18 0 7 0 4 0 0 0 21 30 0 0 0 0 0 0 0 0 0 13 11 0 0
 0 0 0 0 0 0 0 72 19 0 0 23 0 7 4 37 69 0 19 63 24 0 0 0 0 0 50 0 24 2 0 13 0 11 18 0 26 75 75 66 31 0 0 0 0 46 51 87 10 0 0 45 55 9 1 4 0 0 0 0 0 54 13 0 6 0 0 28 5 0 0 57 0 0 0 0 75 82 0 0 0 0 0 10 0 43 0 0 0 0 8 26 0 10 0 0 0 3 0 94 0 0 2 15 44 0 75 0 64 67 21 21 0 47 19 49 0 0 64 4 20 25 11 31 0 0 0 0 23 19 70 0 61 0 4 0 0 0 31 0 29 0 53 78 0 0 30 13 0 58 0 76 0 0 33 0 4 0 0 0 70 0 0 48 60 0 43 0 25 0 0 0 6 0 0 0 0 0 0 25 0 0 31 26 0 8 0 0 17 56 0 0 10 0 28 30 0 0 0 0
 44 0 14 0 0 0 0 0 0 62 27 0 8 43 0 5 0 6 42 0 82 58 0 0 0 0 0 0 20 0 0 0 0 30 0 0 10 0 0 85 0 20 0 0 15 1 2 26 0 64 0 0 50 0 0 0 83 26 27 16 0 49 0 46 15 13 0 52 2 0 0 30 54 0 0 10 0 0 0 0 16 92 27 0 0 49 74 0 35 0 0 7 13 43 21 8 87 0 0 36 45 40 0 35 33 100 0 0 0 0 4 26 14 32 0 0 0 34 30 0 0 10 27 1 9 71 1 41 4 5 50 0 0 0 0 39 0 8 79 74 0 0 0 0 0 13 59 0 64 0 17 36 0 51 0 14 0 0 21 0 0 0 0 0 0 0 0 0 0 0 0 44 37 0 55 24 8 61 55 66 59 0 0 32 0 91 41 0 51 0 0 7 9 12 40 0 19 0 56 0
 0 0 85 0 0 0 91 10 0 7 0 5 0 22 0 58 0 0 18 0 0 38 0 20 0 37 0 0 29 50 10 1 0 0 51 65 87 20 0 24 43 0 0 0 36 54 31 14 0 44 0 0 11 29 0 0 0 28 0 0 2 0 0 28 0 0 45 0 50 20 0 0 0 0 0 0 0 17 13 8 3 24 0 26 46 0 0 0 0 10 0 21 20 51 0 0 88 11 0 5 11 14 0 52 0 2 0 9 55 0 0 59 0 0 69 0 80 0 16 0 74 0 0 38 0 0 5 0 0 0 0 0 0 80 0 0 0 0 0 0 59 6 14 0 0 0 0 0 0 87 0 52 73 1 37 88 0 51 0 31 29 0 0 0 2 0 54 44 63 0 64 0 0 43 0 64 0 6 0 5 1 6 7 33 0 0 0 71 47 0 77 5 51 0 19 13 54 0 15 46
 0 13 44 91 0 2 0 0 0 0 10 27 0 26 26 0 56 0 30 35 0 0 0 39 48 0 0 0 56 0 0 21 58 36 0 3 0 39 56 0 13 78 15 0 0 0 79 0 21 0 0 79 0 18 20 0 0 0 0 0 0 1 17 20 12 0 35 0 0 18 40 0 43 3 0 18 59 28 56 35 0 46 38 0 9 60 0 0 0 36 38 11 0 65 75 9 34 49 14 19 0 20 86 0 12 52 4 0 16 0 0 0 34 1 18 67 0 9 0 0 0 0 0 0 9 1 0 0 21 0 85 7 0 60 39 22 52 14 3 0 43 34 67 0 2 78 76 0 36 33 0 19 24 0 75 2 0 0 0 17 0 91 0 15 9 0 1 48 47 23 0 3 7 69 0 26 3 0 0 51 0 45 0 18 36 36 0 5 6 30 0 0 10 0 0 29 0 0 3 41
 69 50 0 0 16 0 0 0 74 51 24 0 0 0 23 0 57 0 61 34 0 24 0 0 68 28 0 0 0 0 0 0 0 65 13 0 80 0 97 56 16 0 65 2 62 0 0 0 0 0 0 8 0 0 0 0 7 0 0 0 29 55 0 0 8 44 48 52 0 0 39 22 0 0 18 0 0 56 0 0 12 0 30 0 25 38 14 42 33 0 0 0 0 35 0 0 0 0 25 0 0 13 0 75 0 10 0 12 26 0 64 0 0 19 0 8 2 0 0 0 34 16 30 51 29 70 22 0 34 2 0 9 48 81 35 0 0 5 0 0 58 24 0 0 0 3 64 17 0 0 0 0 18 37 0 18 0 18 0 0 16 0 51 56 54 11 45 17 0 8 54 59 0 0 0 35 0 16 6 47 62 0 11 10 64 5 0 42 0 34 0 0 39 86 0 0 8 0 45 89
 23 47 34 0 34 0 24 8 0 40 84 0 0 0 0 0 38 14 66 0 36 0 39 17 33 0 0 6 11 34 73 1 0 0 80 35 0 15 47 35 2 52 0 97 0 0 62 2 2 49 0 35 0 7 45 48 77 12 0 60 0 30 0 53 0 0 0 24 0 1 24 28 0 7 30 0 8 0 40 0 0 0 53 0 3 89 46 0 0 0 0 32 0 78 0 0 11 0 0 0 16 42 0 0 0 60 5 39 40 33 0 0 0 0 18 0 47 0 0 1 0 0 34 37 0 2 20 0 0 8 4 15 0 0 54 46 0 31 57 23 0 83 0 0 24 0 0 42 0 78 0 0 0 0 0 0 8 36 13 58 0 0 94 3 48 0 0 0 0 66 0 0 0 0 0 0 36 40 13 1 0 54 44 62 7 5 0 0 0 8 0 0 16 81 0 13 17 28 0 66
 27 0 39 63 86 29 0 0 30 0 0 0 0 0 0 8 7 0 36 15 21 34 15 0 35 35 0 0 0 39 0 72 0 0 19 0 8 0 59 0 0 65 0 53 1 0 0 0 73 39 0 23 13 0 0 0 0 14 25 0 2 0 0 77 75 0 0 60 0 0 0 16 7 0 30 30 38 53 0 0 0 0 0 0 2 2 35 47 0 0 31 19 0 0 2 8 0 0 0 7 34 5 16 43 41 50 0 21 49 0 7 41 0 15 0 0 0 0 0 72 0 0 0 36 0 45 13 5 0 0 46 38 0 54 0 37 92 0 2 0 0 7 0 0 2 0 0 0 0 24 0 10 0 0 26 58 0 0 0 6 57 0 7 72 14 0 5 0 16 0 0 48 16 34 0 0 0 17 0 0 0 11 4 0 0 18 24 14 0 64 0 0 0 0 46 16 26 0 2 5
 0 0 33 8 0 0 79 20 0 0 21 0 17 0 31 33 0 30 60 51 60 25 50 37 0 30 34 54 0 0 91 1 0 65 0 0 26 0 0 0 0 15 55 74 57 14 0 0 1 0 43 7 0 63 9 53 27 3 8 0 37 0 0 69 0 0 0 15 0 0 56 63 9 0 0 23 0 0 0 0 0 0 14 0 0 0 65 0 4 0 0 52 31 45 77 3 85 0 0 40 28 0 42 0 0 0 5 39 0 61 19 0 0 0 0 0 0 0 0 43 0 28 0 0 47 10 0 0 0 69 0 82 32 48 0 27 0 2 0 68 54 0 0 0 30 5 9 18 0 0 0 7 14 1 35 51 38 20 52 28 11 10 64 7 0 18 10 40 0 0 58 0 0 0 68 84 23 3 11 0 47 52 0 0 0 0 86 40 11 0 0 0 59 0 39 75 0 0 0 0
 32 20 0 22 0 13 0 0 26 0 32 0 0 46 0 0 32 12 27 0 0 11 51 0 5 68 45 0 0 33 0 1 0 11 0 0 0 46 0 0 0 0 3 0 35 43 90 0 0 0 39 0 32 55 10 8 0 16 0 15 0 27 15 0 0 0 0 43 92 0 0 22 0 27 0 41 0 0 26 0 0 0 65 12 0 0 4 84 0 35 2 0 55 0 17 0 0 0 14 70 76 0 1 27 29 0 0 57 0 0 19 31 18 0 0 0 0 0 29 34 50 27 0 0 0 0 0 66 0 49 0 0 0 0 12 10 19 0 0 0 53 0 76 0 12 0 29 25 0 0 0 67 15 0 14 19 27 26 47 0 63 0 19 0 0 0 0 55 0 39 0 8 0 8 8 24 0 62 0 0 33 62 0 31 0 0 22 15 0 0 0 1 28 0 0 0 44 0 43 0
 0 0 0 4 0 19 23 0 0 7 20 0 0 8 17 34 14 0 31 0 50 49 49 0 0 18 34 0 0 35 3 0 2 0 0 25 0 0 0 0 0 79 30 0 25 5 50 32 20 0 0 0 39 0 0 0 74 27 75 89 0 66 17 28 0 67 27 0 0 0 7 0 0 0 0 46 68 0 15 59 63 11 17 0 0 0 17 0 19 0 0 0 1 0 49 0 45 0 0 61 61 0 76 0 3 0 0 14 0 40 72 60 0 57 0 23 14 0 0 27 10 4 55 33 0 0 0 0 17 13 46 0 0 0 0 33 0 0 0 0 52 14 1 0 17 2 34 18 73 0 28 0 0 43 57 44 66 0 0 0 24 14 0 2 0 55 0 0 26 86 0 2 21 0 0 28 0 0 0 22 0 0 0 36 0 89 0 0 0 0 7 15 0 14 3 0 0 21 8 37
 29 16 0 0 0 0 0 0 0 0 78 0 24 21 63 0 66 0 13 45 31 0 0 66 0 0 0 53 0 36 0 18 12 0 63 0 0 23 0 33 62 0 81 0 0 0 7 0 82 45 0 0 1 0 0 6 0 5 0 0 0 0 0 0 42 25 54 0 6 0 0 23 0 50 72 80 59 0 0 9 0 27 27 0 41 11 0 4 88 0 0 41 22 73 0 42 32 0 0 9 0 0 0 25 53 13 0 0 0 0 58 0 0 0 0 0 56 0 3 64 0 0 44 0 34 0 62 0 56 0 71 74 0 3 0 0 0 0 0 0 82 0 0 27 0 25 7 0 0 16 66 0 63 0 0 14 0 0 11 0 1 0 40 2 0 39 20 71 32 0 0 25 7 67 0 0 0 52 0 37 0 0 0 32 59 0 0 0 40 33 48 38 72 0 48 7 0 28 0 38
 0 0 0 13 90 0 22 0 0 43 43 19 0 0 75 22 0 48 0 82 0 0 0 0 24 0 70 9 0 26 0 0 4 27 0 87 9 18 11 0 0 23 2 0 0 3 58 84 0 47 0 18 0 29 22 0 0 0 1 0 0 0 92 0 0 15 0 0 0 0 0 0 0 0 0 10 29 0 28 1 56 0 0 85 43 0 0 99 23 14 0 0 0 32 40 0 40 0 27 0 0 16 0 60 42 9 0 31 27 0 0 13 0 0 67 0 11 47 0 39 3 2 0 3 0 0 0 9 0 15 7 0 0 69 60 0 79 1 94 0 1 0 16 55 0 0 0 0 97 0 0 39 0 0 82 0 0 32 3 0 0 50 0 24 0 21 31 19 10 61 0 0 0 0 7 13 21 0 48 13 0 21 23 53 61 0 0 29 9 0 96 7 10 0 6 64 0 67 4 74
 0 51 0 0 0 0 0 8 53 33 72 0 0 13 54 7 0 61 0 0 20 11 41 18 0 5 29 28 0 0 14 27 0 0 0 0 0 50 16 8 29 39 4 51 3 0 0 47 95 5 45 43 17 0 0 72 0 0 0 19 57 0 0 0 39 0 0 7 11 0 66 88 17 0 0 0 0 38 53 2 0 35 3 79 0 50 0 0 0 0 38 20 59 0 0 30 46 0 20 0 63 45 16 0 52 17 46 0 51 0 0 20 0 0 78 55 0 0 0 0 14 0 18 0 0 73 0 62 58 24 27 0 0 0 19 0 0 0 3 22 40 43 39 0 0 0 97 0 9 0 0 29 29 13 72 11 66 38 0 16 0 0 0 0 0 0 0 0 2 37 0 83 68 77 0 6 3 0 3 0 0 51 31 37 50 0 0 0 0 0 0 0 21 61 53 56 0 0 42 0
 14 0 0 75 12 0 9 0 0 0 0 74 0 9 67 0 0 33 14 3 71 68 0 18 15 18 0 0 15 0 0 0 0 0 0 12 40 0 0 53 17 0 0 0 0 0 67 18 42 0 0 32 50 0 0 34 9 41 0 0 49 16 0 0 13 0 0 0 0 0 35 0 0 0 0 72 4 13 0 0 64 0 0 24 33 8 49 27 14 0 24 0 19 0 0 0 20 62 0 3 0 0 0 0 0 0 0 4 0 19 0 0 0 0 13 0 0 0 37 0 20 0 0 22 6 0 16 25 47 5 0 30 0 11 4 0 0 18 42 11 0 0 0 0 0 0 0 0 0 49 13 23 0 0 0 11 22 44 11 0 0 64 19 15 0 23 57 4 0 27 0 21 8 80 0 97 33 0 0 8 0 50 33 30 0 0 0 0 0 0 0 75 3 0 5 0 3 28 0 0
 0 0 46 0 4 34 0 16 60 0 0 4 0 0 55 0 65 0 0 0 74 76 12 19 0 0 0 0 0 11 0 0 46 7 32 39 0 0 0 0 0 38 29 15 0 44 0 0 0 30 0 0 10 0 11 0 0 5 32 27 0 3 9 35 0 37 0 0 15 84 26 45 15 0 26 34 0 0 0 0 69 7 14 0 28 47 0 0 55 0 0 0 55 27 23 8 0 0 0 0 0 0 0 0 17 46 70 45 0 22 41 0 0 39 0 34 7 0 37 55 0 0 37 29 0 8 28 4 48 0 36 0 0 14 20 8 59 0 0 34 0 51 0 10 0 65 0 53 0 34 0 52 4 0 76 10 82 0 0 2 30 0 0 0 2 0 47 60 0 43 0 49 0 0 0 44 0 0 0 5 21 25 0 69 0 40 52 0 0 53 10 0 0 2 0 45 76 32 16 25
 0 0 52 0 0 0 44 0 0 26 39 0 0 37 1 0 65 0 21 0 9 0 0 24 0 51 40 0 0 0 22 5 0 30 0 33 0 43 0 21 0 0 33 0 0 0 0 5 53 0 72 62 42 17 0 9 0 0 46 0 0 12 0 0 80 10 0 0 0 0 0 18 54 0 79 6 10 0 0 2 29 86 0 84 42 27 2 29 0 0 54 0 0 0 79 0 80 56 0 24 27 0 31 11 0 0 31 50 96 35 28 39 0 18 66 0 0 0 60 0 65 0 0 0 0 0 0 0 74 0 21 0 60 0 49 7 0 0 55 0 1 70 28 83 0 0 0 0 0 0 0 24 33 27 0 42 0 47 0 0 0 0 0 24 4 0 0 72 0 4 0 3 30 16 57 46 0 14 0 21 0 36 83 0 29 0 0 20 0 0 0 60 37 0 6 0 0 0 26 20
 35 0 0 0 0 54 0 26 43 0 22 8 0 26 34 48 0 0 0 24 0 0 28 0 0 0 0 0 1 0 0 0 0 0 0 47 22 0 0 50 61 0 66 0 9 0 0 28 80 0 16 75 0 74 31 0 69 16 15 0 50 0 0 25 0 2 20 0 46 1 0 0 0 0 20 0 0 0 9 18 0 13 78 4 2 0 0 0 0 55 48 12 0 0 0 0 82 0 0 1 32 54 0 0 0 0 0 81 0 0 0 15 76 0 0 46 66 0 0 87 0 0 5 49 0 0 88 0 20 0 0 31 0 42 0 30 8 41 0 16 0 0 0 0 25 0 1 9 5 0 70 48 33 47 0 40 24 7 0 0 13 0 0 0 4 0 0 0 24 0 0 5 0 56 59 0 0 55 0 0 16 85 68 0 42 0 8 0 2 0 64 68 0 0 54 0 5 0 0 17
 0 35 9 24 34 0 82 58 0 0 0 0 0 29 0 21 0 87 10 0 0 0 0 19 0 38 0 0 0 9 0 0 0 3 69 0 0 5 0 15 4 16 11 0 15 0 0 33 0 14 0 0 25 0 55 18 15 42 0 16 53 0 0 9 1 0 3 2 8 1 93 0 41 0 41 21 73 0 0 0 0 27 29 0 0 38 0 64 0 0 0 24 0 16 61 16 35 25 20 3 37 0 0 0 10 14 0 0 27 43 0 0 11 33 20 0 0 0 0 0 25 0 0 9 44 51 0 7 89 12 32 22 0 36 0 0 5 0 0 23 14 17 49 0 0 79 0 0 55 0 13 0 0 0 70 0 69 90 0 0 72 62 0 5 57 0 63 0 0 0 72 0 5 29 14 8 28 70 0 0 0 51 0 0 40 0 0 0 12 0 0 0 0 42 58 0 20 9 0 0
 80 5 0 1 0 0 0 42 31 21 0 0 0 0 25 2 0 12 7 0 77 0 0 13 0 0 33 0 0 0 78 11 35 50 91 0 51 0 35 0 51 45 0 0 52 0 30 0 9 72 50 0 26 14 0 0 44 0 11 24 0 0 0 0 14 0 0 8 0 6 0 0 83 25 56 69 0 0 39 79 38 0 11 0 13 4 0 0 1 47 11 0 0 0 46 3 0 0 0 0 16 58 28 0 0 72 0 0 0 5 0 0 0 24 16 0 0 8 13 15 0 0 47 33 62 0 35 0 7 46 0 0 11 36 27 0 23 61 32 36 9 0 73 21 12 0 0 0 51 73 2 45 0 46 78 0 0 0 0 37 11 0 63 20 57 0 0 27 0 44 0 0 22 5 0 0 0 0 80 8 47 8 51 6 0 0 4 33 0 42 0 17 0 0 24 56 0 28 29 0
 0 0 0 0 6 0 0 0 0 0 0 15 0 0 6 86 0 0 23 51 0 0 7 0 22 0 44 24 0 23 34 0 0 4 0 0 84 29 9 0 0 34 15 0 0 0 0 0 0 10 41 0 0 1 0 0 9 27 1 0 0 10 64 0 78 0 66 73 0 25 0 0 0 45 17 0 0 0 35 0 21 68 11 0 10 46 39 0 22 4 76 30 0 0 0 27 0 34 15 0 0 0 22 0 0 0 0 0 0 0 0 0 0 0 0 0 16 0 1 8 54 39 0 5 0 64 22 47 31 3 0 0 0 5 24 0 0 0 0 6 93 58 36 0 22 62 32 2 20 1 68 0 8 0 0 0 0 0 0 0 0 19 11 14 0 0 0 35 0 80 0 0 0 0 28 0 11 0 25 0 58 16 0 44 0 15 0 0 0 0 18 4 0 0 1 0 0 0 0 80
 29 0 82 0 0 5 0 5 0 0 26 0 85 0 0 0 16 12 0 12 0 69 0 0 2 0 0 0 81 0 5 0 8 49 0 2 0 0 21 0 47 5 22 10 0 0 10 0 60 0 32 4 0 0 0 8 0 0 68 34 31 0 41 5 0 0 0 29 49 47 0 0 27 0 0 0 0 7 0 46 55 0 0 18 0 0 0 0 26 0 0 0 0 47 12 15 0 74 44 13 0 35 6 0 11 0 0 0 0 70 56 22 0 0 2 23 0 0 0 0 83 20 0 9 25 14 37 0 0 0 61 49 18 0 0 0 0 0 53 0 0 22 19 0 25 77 17 72 0 64 64 7 39 0 0 33 57 16 0 37 0 0 0 44 0 4 80 15 10 29 0 50 51 0 0 0 0 3 32 0 0 5 0 0 99 0 0 0 0 0 74 0 12 27 87 0 0 0 41 9
 0 0 0 0 16 0 41 24 18 0 0 0 0 4 0 38 0 0 57 64 0 0 47 11 0 0 0 0 0 0 0 41 3 0 0 19 0 2 40 0 11 37 21 0 56 50 0 0 28 27 0 14 0 30 29 0 0 61 0 85 5 0 19 0 0 0 0 0 24 0 0 33 0 0 0 22 0 2 66 0 7 21 32 0 56 0 0 0 0 0 0 1 51 44 35 0 33 35 58 0 0 0 7 3 0 66 0 0 0 0 0 0 0 0 0 15 0 9 54 0 28 0 11 65 0 0 52 0 0 0 0 0 40 0 4 0 35 28 0 0 0 9 0 6 0 76 0 0 34 22 49 0 17 0 19 68 0 69 7 3 0 78 34 24 24 0 0 0 44 0 0 0 0 0 8 10 0 4 0 5 19 10 64 0 58 9 0 0 33 63 0 0 0 0 4 77 0 18 0 4
 32 0 6 7 0 0 88 29 0 0 21 16 0 0 0 0 27 32 10 0 0 0 0 14 1 5 57 6 41 21 46 32 20 0 33 13 0 43 1 66 0 15 0 44 0 0 16 13 83 33 0 0 66 44 0 0 16 25 0 0 29 72 0 50 0 13 43 64 0 3 4 0 0 42 28 0 42 18 40 0 0 30 0 46 50 0 3 12 0 0 35 60 0 0 0 17 0 0 0 7 30 0 55 79 0 0 0 49 42 22 19 59 0 0 0 1 18 9 16 0 61 31 0 27 38 19 61 0 5 19 0 0 32 0 0 24 0 0 76 26 6 0 0 2 39 55 0 0 0 0 0 59 53 0 18 0 10 0 0 0 43 0 5 53 16 28 15 0 21 31 0 0 0 0 0 64 0 0 46 43 0 60 2 58 0 76 0 38 4 0 0 11 29 0 51 0 6 0 0 47
 0 5 49 0 22 54 0 74 43 0 0 21 0 0 7 0 2 45 0 0 0 3 33 11 0 0 0 90 65 0 0 0 43 0 0 0 32 0 0 0 71 0 0 0 17 25 0 0 15 77 66 0 0 0 53 8 53 0 52 45 0 70 20 0 0 53 0 21 18 0 15 0 49 0 0 0 0 56 0 74 0 0 29 14 61 45 30 35 0 0 0 0 18 78 0 12 0 0 33 0 82 0 32 5 50 43 12 0 92 58 0 3 34 0 2 0 0 0 71 56 7 25 0 0 0 0 0 50 53 0 36 0 0 0 56 0 0 62 15 0 32 53 0 20 8 0 60 0 12 20 0 0 0 41 26 42 0 1 8 0 64 0 4 0 24 41 0 32 56 0 8 59 0 0 0 2 64 8 0 0 0 72 0 0 0 0 80 18 12 0 0 0 0 59 18 78 13 27 7 17
 39 0 41 15 0 0 0 0 0 0 28 0 36 46 0 0 5 34 0 0 0 0 46 0 83 32 0 21 0 0 37 26 8 40 0 0 0 9 0 12 15 0 36 8 14 22 0 0 24 0 23 15 0 25 6 30 22 0 0 0 38 0 54 17 2 11 0 0 0 0 0 28 0 11 41 57 0 40 2 40 50 7 98 0 0 19 0 0 88 0 6 12 29 0 14 58 0 0 47 0 0 0 17 0 0 29 2 0 0 0 0 51 0 0 13 38 45 37 0 43 0 20 0 0 6 0 25 0 12 20 70 0 38 0 35 0 0 0 49 18 0 15 0 31 0 0 0 8 5 0 55 57 12 23 66 33 0 12 60 0 24 90 50 3 0 27 0 31 0 99 4 52 41 0 20 35 50 19 91 0 72 49 4 0 91 27 40 0 14 30 0 0 74 0 20 0 0 0 0 0
 3 0 59 42 0 0 0 0 58 0 0 0 0 25 14 0 0 1 0 0 0 38 58 0 0 14 67 0 0 38 51 0 24 19 0 0 0 0 43 0 0 0 22 0 0 0 13 0 38 6 27 1 0 32 0 0 18 6 0 47 0 46 0 64 42 0 0 0 64 0 27 0 0 0 0 0 0 74 8 0 0 17 0 0 0 19 15 0 0 0 33 0 35 0 84 17 65 18 0 19 0 27 45 17 0 0 0 0 0 0 0 37 0 10 61 62 65 24 6 0 37 0 0 0 75 2 78 0 0 62 47 0 80 0 36 0 53 0 21 0 0 4 0 8 0 0 0 61 0 6 33 0 7 17 27 27 81 9 27 0 0 0 0 0 0 0 0 30 24 0 0 0 0 80 2 0 3 19 50 0 0 59 66 0 2 5 0 15 0 0 39 0 58 37 14 0 0 0 0 6
 35 0 0 0 0 34 12 0 0 65 41 8 0 0 71 0 0 48 85 0 64 46 35 0 76 8 15 0 0 0 56 7 15 0 2 2 23 13 0 0 4 0 0 14 0 1 47 39 0 52 0 0 71 0 58 0 0 0 78 40 14 57 0 0 44 0 1 0 13 14 59 0 0 0 6 54 71 52 47 18 36 0 0 60 36 2 41 57 52 0 5 20 0 0 47 0 29 17 0 4 0 0 0 44 94 64 0 8 39 0 0 47 0 0 22 80 0 0 44 0 45 13 77 92 0 0 0 7 0 0 0 24 18 0 0 5 4 0 25 1 0 50 50 0 0 26 0 43 1 0 36 0 67 39 0 52 0 0 0 0 7 35 0 0 0 57 44 0 0 0 33 0 0 12 0 0 0 0 25 19 0 0 0 0 0 11 0 66 0 0 0 0 0 16 0 72 0 27 0 0
 0 34 0 5 0 0 9 0 33 22 82 14 29 15 19 44 0 59 0 0 32 5 0 0 34 5 0 0 32 0 0 0 0 38 46 49 33 55 49 0 59 47 0 15 4 34 59 0 0 0 10 50 0 0 0 18 28 18 68 6 0 0 0 57 31 90 0 0 0 19 0 53 0 0 61 45 8 0 0 0 95 6 0 40 0 0 14 11 59 64 11 19 0 52 0 44 0 0 0 20 0 0 0 30 9 0 0 53 0 0 0 37 53 11 85 14 20 0 0 16 0 0 0 0 86 10 0 24 0 0 7 4 0 53 35 51 24 1 0 0 38 38 0 7 12 41 60 33 34 0 0 0 50 0 3 0 33 1 0 0 0 0 0 58 0 38 0 28 0 0 0 0 0 0 0 0 0 16 23 10 0 48 0 0 0 68 0 0 0 13 70 3 0 0 67 0 19 8 0 0
 0 0 0 0 43 0 12 61 0 0 0 0 9 60 0 0 0 2 35 0 8 23 0 18 0 35 0 0 0 0 0 20 0 90 22 0 42 41 66 9 0 0 0 33 29 5 5 0 0 29 60 7 24 18 0 0 13 0 31 7 0 62 21 73 0 0 0 0 0 26 0 0 14 48 0 0 80 0 0 1 51 0 0 0 0 48 90 0 0 54 0 12 0 11 45 66 9 0 61 17 0 0 0 0 0 16 6 0 0 0 0 30 0 0 55 16 56 0 66 3 11 17 0 18 0 0 42 0 48 0 0 73 0 0 24 66 0 0 0 63 17 40 42 0 0 22 0 0 52 71 0 19 0 62 28 0 0 36 37 27 11 12 21 0 0 45 0 0 24 0 3 0 0 0 0 77 70 20 0 1 0 50 0 33 8 0 8 0 17 0 40 0 0 0 27 20 36 34 19 52
 1 25 32 55 50 24 0 0 2 3 59 50 37 33 6 15 0 37 38 31 81 0 0 17 0 0 41 3 46 7 4 10 46 20 0 0 79 0 0 0 24 15 0 0 0 0 0 26 6 11 0 51 49 28 25 0 0 0 0 13 0 0 29 10 36 43 51 95 0 0 52 24 14 0 0 16 0 0 0 0 0 6 0 0 28 0 0 0 36 0 76 0 0 0 0 9 0 64 34 0 41 0 0 5 46 37 0 66 28 0 0 5 0 0 0 24 24 50 0 0 10 0 0 0 0 0 10 0 56 31 51 0 0 73 0 0 0 0 0 23 23 0 49 16 0 8 17 83 0 0 0 56 45 5 2 0 0 18 53 79 0 91 0 4 17 0 0 34 14 0 0 0 0 1 0 19 0 51 12 0 0 0 0 18 21 0 0 20 0 0 0 0 0 40 32 8 14 0 0 48
 19 0 0 68 88 0 0 0 0 26 28 6 77 0 13 0 0 0 0 17 0 23 0 9 0 0 20 68 29 0 0 83 0 3 1 44 60 33 0 0 0 38 17 12 44 31 0 52 0 55 0 20 0 26 0 0 7 8 0 0 35 0 5 0 0 49 9 39 0 0 0 14 0 57 0 3 0 0 28 0 52 76 12 48 9 17 45 0 67 0 0 0 4 26 15 32 0 15 0 37 0 3 0 20 0 44 0 52 19 23 1 10 4 0 35 77 8 86 0 38 27 0 0 2 56 25 0 63 5 4 0 0 0 0 29 0 0 0 0 0 0 0 0 0 48 0 0 0 49 17 6 6 27 91 19 0 0 85 0 30 28 0 22 24 38 36 0 0 0 31 0 0 48 0 88 16 0 29 62 0 6 18 0 0 0 7 22 11 83 0 26 0 0 0 37 19 4 0 0 0
 2 23 23 0 0 67 0 0 0 0 25 20 0 0 0 0 0 0 4 0 23 11 89 47 24 33 0 0 0 19 15 0 0 9 0 0 0 9 5 10 0 0 16 0 25 81 41 35 47 15 1 19 0 41 0 0 0 0 0 52 0 25 9 31 0 0 0 33 63 44 0 57 0 0 0 0 0 0 0 50 26 0 6 2 15 28 0 95 86 24 11 28 34 0 78 14 80 0 3 0 42 39 52 0 24 23 27 7 61 0 0 0 4 25 0 71 67 20 5 0 39 25 0 0 42 0 29 24 0 8 0 0 0 0 24 11 59 0 46 60 41 3 54 0 0 1 0 0 7 0 0 0 0 10 0 0 0 8 10 0 26 0 21 0 58 31 0 7 8 19 0 0 64 63 0 0 0 17 34 0 0 0 27 8 2 37 40 0 22 0 42 0 18 7 41 0 36 0 17 0
 8 0 44 0 0 45 76 59 0 33 0 9 0 69 0 56 71 23 0 0 51 3 59 0 0 35 0 16 0 0 0 12 14 0 0 0 0 4 6 66 28 0 0 0 16 0 69 0 32 3 0 0 0 16 20 0 25 54 74 51 0 0 53 0 0 73 85 0 3 32 70 37 0 29 0 0 0 9 0 0 1 0 0 0 0 9 0 0 0 24 54 8 0 0 14 0 0 0 25 55 86 0 48 0 34 28 49 0 0 0 0 0 45 0 0 0 58 38 0 0 11 0 37 31 0 0 25 53 0 0 52 0 0 45 9 0 0 0 22 28 0 0 37 10 0 0 0 0 38 0 0 8 90 0 41 0 47 18 16 27 0 1 0 77 51 3 0 34 0 65 0 91 0 58 72 0 16 63 0 0 0 7 0 0 0 14 0 0 0 7 0 46 0 27 33 0 0 0 1 15
 0 0 5 12 0 13 77 37 0 34 77 0 35 0 5 0 0 0 0 0 0 28 0 10 42 1 0 26 0 6 0 0 0 0 0 76 0 0 0 0 81 9 0 0 0 0 0 50 0 9 0 39 0 0 13 25 13 7 1 0 14 61 0 21 13 0 48 0 0 0 0 42 63 3 0 39 51 0 36 47 0 35 0 5 37 0 33 49 0 0 0 0 30 37 61 61 0 0 0 8 25 0 47 6 21 0 0 0 61 0 0 0 0 65 5 75 12 0 15 33 0 0 46 8 29 20 40 55 0 0 26 28 18 53 0 0 0 46 28 0 0 0 95 36 0 0 0 0 0 0 74 36 0 56 2 0 0 47 51 48 62 36 0 2 0 41 0 0 0 82 0 61 0 0 0 20 0 43 1 19 53 0 0 32 0 0 0 39 0 0 0 10 1 0 0 0 0 77 0 0
 41 21 0 0 4 25 0 0 30 0 0 85 0 25 0 0 0 0 56 51 1 93 27 0 0 0 22 19 0 30 0 2 0 0 8 0 0 0 54 0 37 0 75 30 0 0 38 26 73 21 0 18 0 0 24 0 0 56 0 7 41 0 41 28 1 53 0 0 14 12 38 0 41 0 26 0 0 59 38 0 10 8 0 55 40 57 26 0 0 40 2 0 4 40 58 6 0 0 0 0 69 0 0 32 69 0 11 0 43 13 0 0 0 0 0 0 0 57 0 41 7 0 0 86 0 0 28 0 35 0 41 17 19 7 1 0 0 26 20 22 3 0 0 26 0 0 0 72 0 50 0 74 21 11 0 62 15 0 0 0 15 0 0 0 52 34 48 0 0 0 0 38 18 3 24 72 0 0 38 0 0 0 0 65 41 0 0 0 63 51 68 21 0 0 31 0 36 27 0 0
 0 0 48 0 0 43 57 58 0 0 0 53 0 50 16 0 11 0 0 0 0 3 4 27 28 73 0 41 0 45 42 58 0 0 48 0 0 0 18 36 16 0 26 0 12 14 0 0 0 60 18 63 53 7 51 18 0 0 9 54 0 32 0 55 45 8 0 46 0 59 0 0 19 80 2 0 24 0 38 0 0 5 0 0 0 5 38 7 0 0 0 12 0 39 55 0 4 51 21 0 0 0 3 0 0 70 36 4 26 30 29 24 24 0 0 0 88 18 16 31 47 0 0 39 14 0 0 32 0 0 0 0 0 10 0 0 15 74 66 41 49 0 0 74 44 0 4 2 0 7 6 79 5 0 0 0 44 37 79 21 27 0 13 0 0 72 0 0 92 2 0 1 10 0 0 0 0 0 0 0 49 0 66 38 0 3 0 0 83 60 25 8 52 0 13 23 0 52 0 0
 19 16 0 0 0 0 27 0 0 0 0 0 0 0 55 0 40 45 24 0 0 7 0 26 71 61 13 39 0 24 51 23 0 0 19 21 3 37 46 5 11 66 0 0 0 12 35 78 0 5 11 56 0 0 0 0 0 0 16 55 0 79 0 5 0 0 34 89 22 9 20 32 0 0 76 3 0 24 0 14 40 0 19 0 14 0 0 0 0 2 35 19 0 0 0 8 26 29 34 0 23 0 0 9 24 0 0 24 0 87 0 31 8 9 0 0 0 0 28 72 0 17 0 0 7 81 58 84 50 0 0 0 0 20 0 0 18 13 0 68 0 3 0 43 0 0 0 45 0 0 0 17 15 35 38 25 0 34 1 78 1 0 0 0 0 50 0 0 0 0 7 26 0 0 0 0 0 25 0 0 0 0 38 26 19 64 0 69 4 88 0 52 0 0 0 0 32 34 0 4
 0 33 0 12 30 0 14 18 9 0 0 0 30 48 0 0 53 0 74 18 0 0 43 20 5 32 0 1 8 0 7 0 0 38 0 23 20 0 38 0 29 0 50 18 0 0 0 0 0 0 0 0 0 0 36 0 0 5 65 0 37 73 0 27 0 0 9 0 0 80 83 0 56 13 0 52 0 0 0 0 49 0 0 8 32 0 33 20 99 12 0 12 3 23 0 39 72 0 0 0 85 0 0 0 30 23 0 81 63 0 21 0 4 0 0 31 0 13 0 0 0 0 0 78 38 60 26 28 0 0 0 9 0 62 0 15 39 45 5 60 8 51 0 57 83 0 55 0 18 0 0 0 92 0 0 0 26 0 0 4 26 0 18 0 24 3 0 24 0 0 0 6 39 6 3 0 41 0 0 68 0 85 58 0 25 23 9 14 1 67 8 39 17 0 65 19 0 74 0 25
 15 58 0 0 8 16 60 30 45 54 24 0 45 59 1 0 0 12 6 0 17 0 17 15 0 0 0 0 47 0 0 35 8 0 0 3 44 27 0 27 65 0 70 0 0 1 40 0 0 0 17 0 54 0 37 0 0 75 21 9 0 18 4 0 0 0 0 43 3 53 83 0 17 0 3 62 40 0 0 58 27 14 31 0 0 24 0 0 0 0 0 0 4 57 6 0 64 21 10 26 0 68 0 13 42 14 29 0 0 0 0 0 84 0 0 16 6 26 0 0 2 27 75 0 18 0 0 70 0 0 76 23 0 0 11 0 0 63 0 48 0 40 20 3 0 31 0 0 32 0 0 59 38 85 78 16 0 0 36 0 0 0 0 22 0 26 0 0 54 1 16 0 0 0 30 0 46 34 1 45 0 0 26 0 14 0 0 1 0 82 0 0 20 0 0 9 4 1 26 26
 82 11 43 0 0 63 0 0 33 53 31 56 48 0 0 41 0 17 44 0 51 81 12 15 17 15 0 15 37 0 62 61 11 0 20 4 66 7 0 12 0 0 0 47 0 28 13 39 81 45 0 0 4 17 49 62 19 63 0 0 0 0 0 0 0 54 21 5 64 16 0 71 0 16 0 61 28 9 19 89 0 0 0 0 0 0 7 43 15 0 4 0 0 40 6 0 22 26 0 0 91 9 15 51 0 0 0 0 18 0 0 0 36 8 0 0 76 5 76 0 0 0 0 39 0 14 0 52 27 0 60 0 39 0 0 51 62 47 0 36 0 1 0 0 0 57 0 20 0 30 0 0 0 0 0 0 0 30 2 0 15 1 2 15 4 67 0 14 7 41 4 11 33 16 25 0 7 0 0 0 7 26 1 0 0 3 37 13 0 0 57 18 0 4 0 0 0 0 0 17
 12 0 61 5 38 18 0 35 29 23 9 0 0 28 0 18 0 14 46 14 24 0 0 37 0 0 48 46 28 0 3 32 20 84 8 5 6 0 21 69 0 0 33 0 73 11 0 0 75 0 0 27 11 9 0 44 0 0 2 0 0 56 0 0 0 2 12 8 0 32 64 0 0 0 3 11 9 0 81 0 0 0 4 62 54 75 9 0 42 0 0 0 11 49 0 15 19 0 0 0 0 1 0 0 52 0 0 0 0 9 0 26 0 33 0 75 0 0 23 0 10 0 9 0 0 21 39 0 0 23 6 3 79 23 0 0 0 26 0 0 0 38 68 0 25 5 19 39 0 2 0 0 0 0 50 15 0 0 6 0 0 0 0 0 38 7 0 0 0 0 0 0 50 55 1 0 0 0 9 81 52 86 0 0 0 56 0 0 18 0 0 0 0 59 0 29 30 36 18 0
 0 56 4 39 28 0 0 0 0 57 0 0 34 83 0 0 0 45 0 6 30 50 0 0 8 5 0 0 95 65 18 0 37 0 0 0 65 18 1 45 0 0 25 27 1 25 10 0 0 0 0 52 40 0 0 12 0 88 0 30 12 0 0 9 0 18 0 8 45 0 21 0 16 14 0 17 0 0 31 1 0 33 0 0 0 29 24 0 87 0 0 35 0 0 26 0 12 0 40 0 36 47 0 10 0 22 0 71 0 0 65 37 24 0 12 20 9 48 0 0 0 0 0 75 0 50 0 32 36 16 34 9 7 30 47 0 7 0 0 0 0 37 5 13 70 7 0 0 0 0 14 73 49 25 0 18 28 0 0 0 82 14 52 3 0 0 31 3 30 0 0 0 0 58 0 0 7 35 9 0 0 0 16 11 5 48 45 21 76 75 0 0 18 76 0 84 0 50 7 6
 41 25 70 18 19 41 29 4 0 0 27 9 45 10 90 0 68 0 50 0 59 6 0 0 12 0 87 21 47 0 0 0 0 0 64 0 0 0 11 0 0 60 0 32 43 32 39 0 17 0 42 0 0 0 35 15 0 0 0 0 85 13 0 20 0 0 0 71 0 0 0 18 0 59 0 0 0 33 78 0 92 40 36 28 53 56 0 0 63 19 35 0 52 80 89 0 79 5 0 3 0 6 0 0 0 21 0 72 0 20 0 0 8 0 58 27 49 9 0 31 7 0 0 0 0 25 15 0 72 0 11 64 9 7 13 0 0 74 0 0 0 12 14 76 0 16 0 0 71 24 83 0 33 0 70 0 52 0 34 0 18 93 0 25 0 18 0 66 0 0 0 62 0 0 0 10 0 46 28 0 33 0 63 0 40 0 0 23 82 0 0 0 35 0 0 16 0 0 5 0
 0 57 0 0 45 0 80 31 50 0 0 0 18 78 13 0 0 14 42 15 0 0 0 21 0 0 0 0 0 29 0 30 0 0 24 0 0 0 8 0 0 0 42 26 55 55 5 0 0 17 0 5 0 0 0 0 8 0 32 0 0 67 0 0 54 0 43 0 0 19 40 0 0 0 20 36 0 15 0 0 0 64 0 39 4 0 0 37 14 5 56 0 58 0 0 0 13 57 17 2 0 0 89 34 0 18 0 0 0 12 27 0 9 40 15 0 70 74 28 29 0 0 80 70 0 0 0 0 0 42 0 0 27 0 0 22 0 0 0 0 7 0 0 0 0 0 0 25 33 0 74 0 32 0 10 75 14 33 15 0 26 0 0 40 14 0 0 0 32 0 1 3 0 0 0 73 51 0 40 0 0 9 0 0 66 0 21 46 0 0 70 0 0 69 0 0 32 75 0 30
 28 6 54 0 7 0 0 0 0 57 0 20 9 6 0 0 0 24 75 7 32 53 8 0 0 0 18 44 49 3 0 0 31 0 0 0 22 0 48 0 21 0 0 0 80 0 0 0 0 23 0 40 0 25 0 0 0 0 8 0 26 0 0 22 55 9 66 60 0 0 8 58 6 21 0 1 0 14 0 20 0 20 62 12 28 0 0 13 82 0 0 0 0 32 0 0 0 0 0 74 41 37 0 79 0 13 0 0 0 0 17 43 0 0 17 0 0 0 29 42 0 6 0 0 0 0 0 0 67 27 39 6 15 7 24 0 7 59 12 0 0 0 13 0 7 0 0 0 7 30 30 0 0 0 0 84 0 61 12 8 0 0 29 0 20 33 36 15 10 0 28 0 57 70 0 11 61 29 47 0 0 0 0 64 24 11 17 0 0 42 0 15 28 20 17 0 0 0 6 30
 42 0 53 0 11 0 3 57 0 18 0 87 62 0 0 0 0 68 0 0 0 72 72 0 0 0 0 0 9 61 0 0 19 0 0 0 24 59 0 47 0 44 15 7 50 19 0 76 49 0 0 0 70 0 0 8 21 14 0 68 0 0 46 9 0 0 50 1 0 0 19 0 0 19 23 0 38 15 0 17 0 0 0 35 11 0 60 0 0 37 0 0 0 0 0 0 37 0 0 0 0 0 0 44 0 39 16 0 53 0 0 69 0 1 0 0 32 19 0 0 0 0 0 0 0 0 0 56 36 12 6 77 66 11 0 5 0 0 0 73 0 66 0 0 0 55 5 0 0 4 0 33 0 42 23 0 1 0 0 0 18 0 0 0 0 0 0 27 33 0 80 0 0 31 0 42 28 13 36 36 0 0 24 0 8 0 0 0 70 4 0 0 44 7 18 0 70 0 25 0
 0 0 61 4 0 0 0 42 1 0 3 0 0 87 0 43 4 47 0 0 2 0 0 42 16 0 0 0 24 0 31 65 0 66 8 0 12 66 75 10 0 0 0 0 0 24 58 61 0 0 51 0 0 0 0 74 0 0 0 0 0 0 25 39 0 50 67 0 0 0 3 0 0 22 0 0 77 1 0 50 0 0 0 0 25 0 52 0 0 0 0 60 0 0 30 0 65 0 14 61 94 0 12 12 53 0 0 0 1 75 0 0 58 49 0 11 0 23 63 0 0 0 17 0 0 5 0 0 0 0 0 30 0 0 0 0 0 0 0 11 20 81 0 0 46 0 0 0 0 58 4 0 1 31 0 14 0 92 16 0 27 2 47 26 4 16 75 0 0 0 0 84 0 32 52 10 56 0 23 0 0 47 12 35 35 0 6 0 7 0 0 0 0 0 26 30 0 49 4 34
 0 0 5 0 0 19 0 21 97 0 36 27 54 0 48 0 0 3 29 19 0 61 23 21 25 0 0 0 61 0 0 66 0 0 0 0 0 95 0 0 10 0 0 0 0 64 48 43 0 3 0 0 0 0 28 0 0 0 69 13 18 0 0 0 0 8 0 8 0 0 0 20 0 0 78 32 0 45 0 0 0 1 17 11 2 34 19 7 67 0 0 54 71 35 0 3 91 0 40 20 0 32 1 0 46 0 1 1 0 44 0 0 0 0 0 0 0 76 21 30 0 3 15 64 0 0 1 39 2 38 0 5 0 68 33 43 78 0 0 23 0 51 35 78 0 34 72 6 6 0 80 0 37 22 0 0 0 0 0 0 30 0 0 7 0 0 0 1 0 0 72 0 0 48 0 0 9 0 9 38 40 0 46 23 72 0 0 71 0 59 0 18 7 3 0 36 7 0 9 36
 0 28 0 55 0 0 0 45 0 4 23 0 0 0 40 0 60 0 1 0 39 38 23 0 9 3 38 0 35 0 0 0 0 15 0 0 0 0 4 0 39 4 0 0 0 0 0 0 51 65 11 0 77 0 50 4 31 0 1 34 0 0 41 0 0 0 0 52 0 46 23 0 0 0 3 0 71 0 0 0 72 43 41 0 0 0 21 97 0 7 59 0 8 0 78 96 0 0 17 0 33 20 0 1 24 16 0 46 0 0 49 0 30 36 0 0 39 0 18 57 0 15 0 0 38 0 0 68 94 0 0 1 0 75 31 18 34 56 65 15 0 0 0 0 0 15 0 58 0 0 17 0 51 80 0 0 20 16 20 78 0 36 0 6 0 39 39 0 0 0 0 0 21 0 0 35 9 48 0 37 0 46 17 19 86 0 14 14 12 0 0 0 0 0 16 0 14 3 36 28
 20 0 19 0 0 4 0 0 0 19 71 9 31 40 0 0 0 0 0 1 31 0 0 5 14 0 57 0 48 0 61 0 0 30 0 0 51 0 3 48 43 45 0 49 0 56 0 9 0 0 3 0 23 0 19 0 21 11 22 18 0 0 30 41 0 0 9 33 36 0 47 0 7 0 38 0 28 0 57 43 0 0 0 7 3 0 0 56 0 19 0 0 43 8 0 47 0 30 13 0 0 0 8 0 23 54 6 83 15 43 57 10 0 82 0 47 16 21 3 28 0 46 88 3 19 3 0 41 52 0 69 6 48 31 0 0 22 76 13 0 84 39 16 10 53 51 0 0 81 54 30 0 0 0 0 0 0 19 11 15 0 77 8 0 65 0 31 40 16 0 50 12 0 0 0 0 22 23 10 0 69 71 44 47 1 0 0 0 0 1 0 84 13 53 0 0 10 35 26 29
 0 0 0 0 48 0 41 82 0 5 0 54 0 36 70 0 47 0 22 0 21 0 0 0 1 0 7 0 0 0 28 0 0 0 15 0 0 0 8 0 63 39 0 63 53 0 61 0 0 0 21 0 0 35 53 37 0 0 0 94 50 66 0 30 0 0 88 0 0 0 12 29 24 27 21 0 24 0 0 0 0 0 0 14 13 0 42 38 44 47 39 2 0 0 0 50 16 0 13 35 0 66 11 44 44 24 0 24 0 0 0 0 0 2 0 0 0 0 0 0 9 1 56 14 26 0 12 0 0 45 0 0 40 0 18 42 0 0 32 0 41 0 19 0 0 0 0 77 66 0 72 0 31 0 0 0 0 0 0 0 0 0 0 7 0 52 0 0 19 90 0 0 0 0 0 21 32 0 0 0 0 0 0 0 0 18 6 41 0 15 82 0 0 0 0 1 3 6 0 0
 0 0 0 0 15 48 38 0 28 0 0 90 11 32 40 0 0 0 60 0 0 0 0 26 0 92 0 0 49 0 46 0 55 0 13 0 4 20 51 8 0 0 4 54 75 4 0 65 37 0 16 33 41 37 0 54 0 0 18 34 45 19 13 70 20 0 0 11 37 0 0 33 0 41 0 0 56 89 31 83 0 0 75 0 68 34 0 0 0 0 78 16 0 24 9 0 0 52 0 5 13 31 0 44 21 0 13 38 73 0 0 0 0 7 0 5 29 0 32 57 21 66 0 12 71 47 0 43 54 32 59 0 0 3 0 47 5 0 10 0 2 88 0 0 0 0 2 40 7 46 0 13 0 0 73 0 13 85 40 0 0 77 0 5 23 28 0 0 7 0 0 25 0 0 0 75 0 45 10 0 27 0 46 0 46 18 0 0 72 56 0 25 0 0 0 0 0 0 55 0
 49 0 0 0 9 44 4 26 16 0 67 30 41 0 9 0 0 0 72 37 0 52 0 0 10 9 22 25 0 32 64 11 38 94 27 0 0 0 0 5 51 0 4 48 0 26 0 20 43 40 0 0 16 0 0 13 0 0 22 83 0 29 0 0 0 0 71 0 30 0 0 80 0 6 0 49 34 0 15 29 0 0 4 41 69 66 0 3 0 0 72 7 0 0 0 0 0 0 78 0 0 21 0 0 0 14 10 0 32 0 25 38 7 0 0 62 0 22 48 0 0 42 0 0 0 10 0 86 24 0 14 41 0 8 0 0 54 35 0 0 0 41 0 0 18 8 0 0 0 0 40 20 0 40 47 53 0 0 0 0 0 28 0 0 88 0 0 0 59 6 0 0 2 0 78 0 0 70 0 0 26 56 33 15 0 0 0 16 82 0 0 0 12 15 0 5 37 0 0 6
 6 17 83 0 45 0 22 0 0 0 0 6 0 13 0 17 67 29 54 11 0 57 35 0 3 72 0 21 31 0 53 0 0 0 29 0 28 0 0 0 0 0 24 0 0 0 7 35 0 64 0 56 47 8 0 0 21 0 72 0 0 14 0 22 0 0 0 63 19 0 0 71 42 0 0 0 6 10 15 0 24 45 50 24 0 0 51 10 0 0 0 81 88 0 4 46 84 20 0 0 8 50 3 0 0 0 0 70 9 60 49 0 12 49 0 53 0 0 62 1 18 2 53 11 53 16 96 52 0 0 76 45 29 2 31 46 29 35 37 70 0 0 69 0 0 11 53 8 25 0 70 55 8 57 0 0 1 77 0 85 0 53 37 0 0 48 22 0 65 0 0 0 0 0 0 0 89 0 47 23 38 44 0 0 0 0 18 0 0 0 0 0 26 36 0 0 0 0 0 66
 0 0 0 48 0 0 30 0 0 0 0 0 0 0 0 0 0 3 13 37 30 9 0 24 0 29 0 29 6 0 2 0 62 0 0 39 0 0 68 0 0 32 80 14 74 0 0 0 0 5 0 0 0 23 21 9 23 43 22 0 2 0 0 0 3 4 79 5 0 0 30 0 0 27 1 0 0 21 0 46 0 0 0 3 49 0 0 0 49 12 43 0 72 3 0 0 0 24 8 23 62 2 53 0 47 0 1 60 7 0 0 21 19 13 0 0 0 0 0 0 65 41 0 57 1 0 0 46 0 0 55 0 0 0 0 0 68 0 0 54 0 25 93 8 59 7 77 31 14 0 0 0 0 0 14 2 16 0 66 60 0 0 15 0 0 0 11 0 0 0 26 0 2 0 0 0 0 0 45 83 11 0 0 0 0 0 0 24 0 68 27 0 0 0 21 0 47 0 9 0
 0 0 0 48 20 4 0 16 39 0 0 0 9 22 0 0 29 0 0 0 0 57 0 1 39 0 0 56 65 14 36 32 0 21 0 8 0 24 0 0 0 0 0 0 40 0 42 10 0 0 29 46 0 67 15 0 37 46 0 0 27 0 62 5 28 0 0 30 0 59 21 0 0 0 61 0 0 0 0 69 0 42 0 0 2 0 17 0 24 0 30 33 0 21 0 16 23 30 0 0 0 0 82 0 0 23 0 39 1 47 0 15 65 0 67 0 13 0 0 23 0 0 0 20 45 4 18 6 0 0 3 72 0 13 6 0 0 0 0 15 0 0 21 0 0 19 15 0 0 43 57 0 0 0 0 0 0 0 29 13 41 9 36 5 25 60 1 0 0 0 35 0 57 83 36 4 0 0 21 18 83 12 0 15 96 44 17 59 49 0 0 0 50 43 40 46 0 0 0 27
 0 0 51 21 61 0 47 26 44 0 0 0 0 0 0 8 35 0 38 17 87 18 0 0 0 31 62 27 42 12 25 46 55 57 40 0 10 0 56 0 47 0 14 70 0 0 0 0 50 0 3 43 0 0 27 0 0 6 0 0 46 58 0 0 0 4 0 42 0 0 0 0 0 0 44 73 0 0 15 0 0 68 5 7 0 8 0 18 39 0 59 0 28 35 36 31 0 0 3 0 0 0 3 39 0 4 0 0 23 0 0 8 2 65 0 91 24 66 0 0 0 66 6 11 11 3 0 59 0 0 38 29 5 17 16 0 0 86 12 0 0 0 3 91 26 36 0 5 0 4 0 41 21 11 19 0 31 9 62 0 0 45 0 0 0 40 0 0 13 0 60 0 2 0 9 62 0 49 61 0 0 2 74 0 26 27 0 0 55 29 7 90 19 92 45 43 6 52 8 0
 0 0 88 42 0 9 45 0 9 87 30 18 0 72 0 0 65 76 0 0 6 58 0 3 8 0 0 35 0 73 16 76 0 0 18 0 0 0 61 0 24 0 95 46 0 0 73 61 0 5 0 43 0 7 11 0 0 0 0 78 0 0 0 0 11 0 0 0 0 0 28 0 0 96 0 0 49 48 0 31 67 46 7 20 69 0 0 0 0 62 55 0 55 0 0 14 0 0 18 2 0 1 0 61 0 0 37 19 2 0 50 0 55 0 37 0 57 2 0 0 43 0 0 64 0 0 45 38 0 0 0 32 3 1 16 0 16 37 39 84 66 10 68 18 0 46 82 13 0 0 0 0 25 55 22 13 29 0 0 0 21 18 0 0 0 0 8 7 1 0 61 0 0 0 0 0 0 0 0 48 0 0 0 0 85 2 63 0 0 37 0 0 16 0 41 59 72 0 0 0
 0 5 2 0 6 37 0 53 43 2 93 38 56 23 0 0 0 6 83 0 0 0 27 21 1 22 25 0 0 29 0 6 0 12 6 44 18 83 1 0 0 0 77 0 3 0 28 0 0 0 0 0 14 0 0 0 9 54 24 0 8 18 2 0 0 34 0 35 83 0 19 17 28 0 0 0 0 0 0 0 0 0 8 0 0 0 41 71 0 48 15 0 42 0 23 11 33 85 51 0 1 0 0 0 0 0 0 0 40 0 6 17 49 0 0 0 64 97 5 15 0 0 0 0 0 23 0 54 76 0 0 0 0 76 53 0 52 0 0 0 0 0 42 0 0 0 10 2 77 0 22 35 31 6 0 0 43 0 0 0 30 0 0 57 25 0 0 33 41 9 39 0 0 0 0 35 26 0 70 59 31 56 0 0 0 0 10 14 49 0 0 13 0 0 0 21 0 0 15 37
 56 0 55 0 0 41 0 29 0 8 0 9 29 15 0 0 49 0 0 10 0 0 4 0 0 0 0 2 0 68 48 11 0 0 0 0 41 27 0 2 0 0 7 8 57 80 36 0 69 5 28 0 70 0 21 0 24 0 0 0 23 0 71 0 0 71 1 0 0 44 9 45 34 0 0 54 0 0 66 1 0 0 33 13 21 80 87 0 17 0 35 0 0 0 37 26 0 92 0 0 34 0 18 0 0 0 0 12 0 0 0 11 0 29 3 0 19 0 29 0 0 93 0 0 14 0 0 0 42 10 7 0 0 0 69 0 0 0 9 0 0 0 2 61 0 46 0 32 0 0 47 0 5 32 42 84 0 0 0 46 0 40 0 5 0 0 33 44 67 12 60 92 0 81 58 0 55 0 33 38 0 55 6 38 0 0 68 53 32 0 29 29 10 0 0 72 39 0 0 0
 13 0 0 3 0 4 0 12 67 0 10 31 51 69 0 62 0 69 0 69 0 41 0 0 83 19 0 31 0 0 0 68 1 0 30 62 35 68 2 45 11 0 0 42 6 62 0 16 58 0 0 32 41 62 50 0 7 0 0 0 14 0 0 26 4 17 0 0 50 0 0 0 31 0 0 14 0 33 13 0 39 0 95 33 0 0 0 0 0 4 0 2 0 15 0 0 0 53 71 67 2 70 72 33 14 33 9 0 53 21 84 43 0 0 0 10 23 0 50 0 5 64 89 26 0 0 0 0 60 46 22 0 0 0 0 11 0 15 0 4 0 0 0 83 0 0 33 0 0 86 0 0 0 0 13 43 52 92 0 11 0 3 59 0 0 75 0 0 0 83 13 0 15 85 12 0 40 1 0 46 0 0 0 0 94 0 32 30 0 0 23 61 0 26 0 20 0 21 0 29
 0 45 6 0 38 0 0 0 46 0 36 60 52 0 0 24 0 56 76 0 0 39 0 0 0 0 18 0 15 59 0 0 9 22 0 0 9 0 0 0 0 0 41 34 0 0 0 0 0 6 13 0 4 0 0 0 13 56 0 17 0 46 33 0 0 0 0 58 0 7 0 0 63 12 35 69 0 19 32 11 0 0 0 73 0 0 6 37 0 0 11 7 0 21 38 0 61 12 0 61 0 30 50 76 0 41 34 0 6 32 0 0 34 46 35 28 0 0 0 81 79 64 0 0 0 31 45 52 46 0 2 0 0 68 0 0 85 0 39 2 0 0 8 0 31 65 0 63 0 0 1 0 6 0 0 0 0 0 11 56 0 0 0 0 29 0 52 3 13 86 69 0 0 0 0 16 64 0 0 0 0 71 32 0 29 8 0 42 0 0 0 0 1 6 22 0 0 0 21 1
 24 0 0 0 0 0 0 47 10 0 30 0 3 0 0 0 7 0 12 0 6 74 0 59 9 0 0 15 85 0 36 0 36 0 28 53 0 43 69 0 0 4 22 0 0 0 0 0 12 2 0 72 11 0 0 0 0 13 83 12 0 0 80 23 15 7 43 0 63 0 0 0 0 53 0 0 56 0 41 0 51 23 0 1 0 43 0 24 8 0 27 0 0 7 59 16 0 0 0 42 7 42 74 0 73 38 4 0 64 89 0 4 71 44 0 0 0 0 25 15 0 41 0 24 0 0 65 0 0 41 0 56 79 2 68 14 80 0 0 0 29 44 0 82 53 0 79 0 0 82 0 0 86 51 55 30 89 30 28 10 0 63 39 0 46 0 0 56 0 16 0 30 0 51 44 0 0 65 41 5 77 0 58 0 45 61 83 0 26 0 0 51 0 0 17 0 15 0 38 68
 37 16 14 0 0 52 87 42 0 0 0 0 49 53 41 44 25 94 0 0 21 0 0 0 0 0 0 1 24 27 0 0 31 0 24 25 91 41 71 0 0 0 0 0 0 33 16 0 98 0 0 31 2 73 0 83 0 14 0 32 58 11 65 0 33 68 13 1 0 0 7 21 11 80 31 79 0 0 0 0 0 49 0 14 12 0 0 26 0 0 0 0 0 20 46 0 36 74 0 0 0 64 13 38 0 19 0 15 0 47 18 0 59 1 0 0 0 77 0 0 0 0 52 0 66 46 6 0 0 6 0 19 0 0 58 24 61 68 1 0 0 86 0 42 14 47 38 15 0 0 5 0 19 48 0 30 0 62 0 54 62 37 0 7 0 0 6 0 17 0 0 0 2 0 7 0 0 64 54 0 0 0 0 72 4 29 11 5 51 0 1 0 0 62 41 0 8 0 0 0
 66 35 7 0 0 0 0 38 0 1 0 45 0 45 85 0 76 0 4 90 0 0 0 0 0 18 0 0 34 26 0 51 45 5 21 0 0 0 0 52 61 0 29 7 0 0 0 0 11 29 0 35 2 0 50 59 0 0 0 0 0 0 0 0 34 3 25 23 30 0 0 0 11 0 49 7 83 0 59 97 0 0 39 1 0 0 31 0 0 84 75 0 0 0 0 30 11 0 0 0 0 0 23 0 25 81 6 40 18 0 0 15 62 0 0 27 0 32 84 0 0 0 0 0 0 68 34 0 69 10 39 0 25 0 7 0 54 0 23 2 0 0 0 0 14 53 10 0 68 0 5 0 0 5 9 8 0 41 13 0 0 0 0 0 17 25 22 75 0 28 0 48 0 0 0 33 82 0 0 13 0 11 0 30 0 25 27 0 0 0 0 0 0 20 0 0 0 30 0 0
 0 0 0 0 0 66 31 50 0 0 64 12 0 0 0 11 0 82 20 0 0 68 0 37 27 0 0 0 0 85 28 0 0 90 0 0 0 0 0 0 0 49 0 19 0 7 0 1 0 0 39 61 59 0 24 45 30 43 16 0 0 0 2 0 0 0 15 0 0 9 20 0 0 43 0 19 0 0 64 0 25 0 0 0 0 49 0 15 0 0 29 61 60 44 0 0 12 9 0 0 26 0 54 0 40 73 0 37 0 0 57 64 9 0 0 6 52 0 42 0 0 33 21 52 57 58 40 0 0 13 0 0 41 0 36 2 0 41 0 0 44 0 84 0 63 0 0 68 48 0 59 0 1 13 0 79 0 0 0 38 0 43 76 7 0 24 10 10 3 58 0 0 0 0 10 0 0 0 90 0 0 20 0 29 27 63 8 0 0 43 20 0 0 0 0 0 35 0 0 0
 43 0 10 0 0 0 18 21 0 0 0 0 91 0 0 40 0 0 58 67 60 0 0 40 0 21 0 13 0 0 0 0 0 0 75 0 0 5 0 0 5 0 1 0 0 63 0 0 0 0 0 29 0 72 18 0 18 10 0 5 30 0 11 11 0 0 43 0 57 0 0 0 0 17 0 0 0 7 0 32 66 24 11 11 0 0 0 0 0 0 12 10 0 24 2 12 0 38 0 45 0 63 0 0 32 0 0 30 19 0 65 28 35 16 0 33 9 6 78 17 0 11 0 0 6 71 0 0 0 62 0 96 32 31 0 53 0 68 77 54 19 6 0 38 0 29 70 0 10 0 32 0 58 29 21 1 0 0 0 0 52 0 0 0 0 65 63 39 71 0 76 44 18 0 0 38 8 45 63 0 16 19 0 13 86 0 33 0 13 0 46 3 47 0 0 46 30 0 40 0
 39 0 48 0 0 47 0 13 14 31 50 9 0 0 55 0 6 0 68 0 31 40 17 24 0 70 17 0 59 0 0 0 0 0 0 15 0 0 57 0 0 0 0 0 0 63 1 2 0 0 0 14 0 6 23 0 0 7 67 0 99 0 0 17 0 18 0 0 0 0 0 67 39 0 58 0 0 47 30 0 0 0 0 0 34 13 0 0 0 67 0 33 3 0 0 66 15 5 0 0 0 0 0 0 25 76 14 0 0 0 13 9 0 50 0 14 52 64 0 83 15 13 5 26 8 0 0 0 0 0 68 21 0 94 33 13 17 0 25 51 0 17 64 0 0 0 0 47 86 64 0 24 6 23 2 0 17 34 0 0 0 4 0 0 15 0 4 0 13 37 0 27 0 0 0 32 0 0 0 87 48 0 18 1 0 0 73 32 72 24 62 11 0 40 28 32 0 0 25 0
 0 38 0 5 0 23 0 0 5 26 64 0 63 0 35 58 93 0 44 65 0 0 33 0 4 0 77 0 0 37 3 22 54 2 57 0 0 44 0 16 27 0 9 0 1 0 5 62 37 56 0 36 0 0 17 40 45 11 32 47 31 0 0 65 87 35 0 64 9 0 0 31 0 0 59 60 0 0 29 0 53 58 33 0 1 0 7 0 73 0 0 4 0 15 33 0 33 2 0 0 0 0 0 37 71 0 71 50 0 44 67 3 97 0 0 8 32 15 38 0 0 13 0 0 0 0 2 34 0 65 26 0 0 12 0 5 0 0 0 0 0 29 11 51 0 0 59 0 0 0 1 0 13 0 0 22 9 0 0 0 26 0 0 10 0 0 0 51 0 0 13 25 8 0 0 0 0 39 0 82 0 0 0 32 17 24 0 38 49 0 18 71 3 0 0 7 0 0 0 0
 0 0 0 49 0 0 0 75 0 60 38 0 0 56 23 0 24 58 63 31 18 0 0 0 0 0 5 44 71 33 0 0 0 0 0 3 9 13 6 57 0 18 0 0 0 0 0 0 4 0 0 0 0 0 0 8 48 1 33 53 0 36 66 68 0 0 5 0 0 0 15 0 62 0 0 0 18 7 10 0 0 0 36 20 14 0 0 0 0 0 33 0 0 0 12 0 15 0 19 64 1 0 0 0 0 25 0 73 0 0 0 0 18 6 42 33 52 0 0 0 39 18 0 0 63 51 0 38 0 96 0 0 0 0 21 0 58 91 33 0 0 0 72 9 0 0 0 22 0 26 0 56 0 33 26 51 45 0 0 42 0 20 20 50 0 0 0 52 0 44 46 57 53 0 0 0 0 0 72 22 0 0 0 51 46 0 85 0 41 41 0 4 0 0 0 0 19 0 0 80
 0 53 0 0 45 55 0 49 0 0 0 3 72 0 11 0 0 0 0 0 12 18 0 0 0 0 54 9 55 66 7 0 0 19 41 23 11 0 0 8 0 0 0 0 0 8 3 56 15 0 0 33 25 0 6 0 41 19 49 51 0 0 10 68 0 36 24 0 0 0 58 0 0 0 30 0 33 0 66 4 92 60 3 0 0 44 18 0 8 0 0 0 0 0 0 0 0 11 0 0 0 19 0 31 0 26 29 5 79 9 0 94 63 0 0 0 0 0 9 19 5 0 0 0 0 0 0 0 10 0 0 0 0 0 19 39 6 50 0 0 71 35 0 0 0 38 71 7 77 0 0 24 0 0 0 0 0 0 34 0 34 0 0 43 41 0 0 37 0 47 34 0 0 0 0 1 0 73 45 33 21 0 0 44 13 0 44 65 13 35 0 0 28 22 0 0 58 0 75 0
 0 0 3 0 61 0 0 0 15 6 0 0 39 0 0 70 38 0 26 0 28 33 0 0 38 0 64 38 0 0 0 21 27 0 0 0 0 5 0 44 79 1 34 0 33 0 24 0 2 24 28 0 0 0 61 0 0 28 0 56 0 0 73 55 35 24 63 30 0 53 37 63 0 0 0 37 9 37 0 28 0 0 27 32 0 0 17 0 22 80 26 0 63 0 42 39 5 79 0 0 0 0 7 7 65 30 0 46 0 98 14 0 14 0 0 37 74 0 0 33 31 26 0 0 35 0 0 0 16 0 10 43 20 15 24 0 0 37 12 0 48 0 45 13 0 0 56 0 0 52 6 63 0 40 20 9 56 0 0 52 0 0 57 0 24 1 0 10 0 0 23 0 65 0 65 0 0 0 21 19 36 47 0 0 0 19 0 0 0 0 0 11 30 0 79 2 14 0 34 0
 32 1 47 0 28 5 67 76 63 66 0 85 14 0 0 26 51 0 4 0 52 16 0 0 28 0 78 0 0 39 0 0 0 11 0 0 23 42 0 0 67 20 0 23 0 0 0 0 0 26 14 43 0 0 39 22 31 47 0 62 0 70 23 22 47 21 16 16 0 35 11 38 6 0 11 0 22 17 34 0 51 0 0 35 24 51 0 0 28 20 0 0 38 7 77 0 0 30 0 45 33 0 60 0 0 0 0 52 3 0 3 0 0 76 54 51 28 15 0 54 26 39 50 16 52 8 0 0 0 59 0 0 0 57 50 0 16 0 0 3 0 24 0 18 31 0 0 14 79 0 0 21 0 0 82 0 27 0 15 20 0 21 7 57 0 0 31 12 57 23 0 0 0 0 84 21 36 18 51 9 64 70 0 44 0 39 95 32 23 9 44 0 59 0 45 23 7 0 0 0
 10 0 51 6 90 23 2 63 47 0 0 13 0 84 48 3 0 0 0 0 11 53 0 0 0 0 0 40 16 0 0 0 0 0 53 0 68 0 0 0 0 14 75 31 0 12 0 0 44 0 0 39 20 0 0 78 37 23 0 10 0 0 0 0 0 0 0 0 0 21 59 75 17 0 0 7 42 74 0 0 5 4 0 0 12 62 29 0 89 28 0 29 0 0 0 6 0 0 0 36 0 81 0 0 0 0 0 13 0 34 57 95 21 0 0 0 46 0 0 0 32 30 62 62 7 54 9 0 79 0 0 0 21 0 0 24 0 0 4 9 60 29 64 0 6 0 0 0 66 0 14 0 25 49 0 50 5 9 0 83 0 21 0 83 32 0 35 0 90 0 55 0 35 0 37 0 28 70 0 17 0 27 0 0 0 67 0 0 3 0 71 52 10 0 82 0 15 4 66 0
 0 6 0 0 93 6 63 12 4 47 0 9 1 0 68 46 0 0 24 17 0 0 71 0 0 0 0 50 0 9 0 0 16 0 89 65 0 0 11 0 2 0 26 27 14 19 0 66 40 45 12 3 8 33 0 0 25 13 18 54 24 0 60 19 23 0 9 11 0 0 0 29 16 0 0 0 0 0 58 0 0 0 15 53 0 62 0 50 46 25 0 0 0 0 0 0 0 90 73 0 0 0 0 0 0 25 0 0 0 0 79 0 63 0 35 0 45 85 0 16 0 0 6 0 0 0 0 0 4 0 0 6 0 0 0 40 25 0 0 0 0 6 26 12 0 69 0 54 43 6 0 51 13 0 38 0 14 8 12 16 0 5 0 0 53 0 0 0 3 0 0 35 0 59 55 70 0 16 22 55 0 0 0 2 78 56 0 0 0 5 0 0 0 0 8 0 69 0 0 13
 10 0 50 34 53 0 21 0 0 0 0 0 40 1 37 17 44 0 0 14 0 0 0 0 0 12 14 0 37 0 0 12 0 19 0 0 0 14 0 0 30 0 0 3 0 62 15 0 5 12 34 11 0 0 18 0 0 5 19 54 70 37 40 0 62 0 47 23 27 0 26 0 64 8 0 32 74 0 0 1 18 0 20 0 0 75 0 0 0 0 57 0 0 51 0 53 33 0 21 0 0 0 0 59 0 0 23 0 18 93 0 44 60 86 0 0 0 73 6 9 0 0 7 0 64 2 0 17 42 13 26 58 65 65 18 7 0 92 0 26 51 3 41 0 31 0 30 0 55 6 0 0 7 0 0 44 51 1 37 80 0 0 0 0 0 0 0 48 14 0 0 0 58 24 33 25 18 0 0 5 3 15 62 0 0 22 10 0 0 68 74 0 40 0 0 41 3 0 0 0
 0 17 0 0 0 0 0 0 0 0 25 13 2 0 71 0 23 31 45 35 0 32 0 0 15 32 0 17 0 23 21 59 0 12 41 34 37 0 0 43 0 0 40 0 2 32 7 8 42 0 0 0 22 0 36 0 0 11 0 10 13 0 0 0 0 0 0 33 0 22 36 0 25 34 0 68 2 18 14 0 0 0 0 59 32 42 27 6 21 10 58 21 3 0 10 0 13 0 7 0 34 6 24 41 56 4 1 0 14 27 0 41 0 72 78 0 0 0 79 6 54 33 25 15 0 0 21 7 0 55 0 47 4 0 0 0 0 0 0 8 0 0 54 11 0 14 59 29 4 57 0 0 2 21 0 0 27 9 1 0 0 64 17 48 27 0 0 0 0 0 0 0 0 3 36 7 0 63 24 0 0 45 0 0 0 29 24 0 3 9 13 0 28 76 0 21 0 69 7 0
 4 8 0 0 29 24 88 27 14 0 0 75 0 0 39 22 0 75 0 0 26 0 0 16 7 0 0 0 26 0 47 0 0 0 28 29 16 49 0 0 36 0 0 15 36 49 42 0 22 21 0 33 0 22 0 47 9 33 0 0 0 73 0 0 0 0 0 0 0 0 66 0 21 45 9 0 0 8 0 0 0 35 16 7 0 67 69 0 25 0 0 0 62 55 0 72 27 12 0 0 32 2 0 0 0 0 0 0 10 0 0 4 22 58 44 7 6 4 28 9 0 20 5 30 70 0 0 0 17 0 0 12 0 16 60 8 16 0 0 0 0 4 44 16 4 27 0 0 0 13 0 69 27 19 40 0 8 0 0 76 37 39 16 57 4 0 18 64 5 0 22 0 0 0 0 81 34 11 0 0 0 0 0 0 0 0 14 41 52 2 0 0 47 0 0 0 0 0 48 74
 0 79 0 23 29 49 0 39 0 0 0 0 30 43 52 51 0 0 67 0 30 49 0 0 39 24 32 1 20 0 58 24 16 62 22 61 43 21 25 6 0 30 0 0 24 3 55 0 0 0 8 13 0 50 0 13 29 0 33 24 0 46 0 0 44 0 0 0 0 0 0 0 0 0 11 63 0 0 7 0 0 0 49 0 48 69 0 0 61 0 42 66 39 0 0 0 0 0 0 70 9 24 41 0 0 0 0 0 19 0 0 0 0 7 24 0 59 8 31 23 0 43 0 0 86 0 6 68 57 51 20 11 0 0 89 0 0 0 72 71 0 49 0 0 0 0 0 43 0 0 10 0 0 51 0 1 3 0 1 14 0 11 0 0 13 0 0 73 0 61 7 33 0 24 0 0 62 0 0 21 0 18 0 0 0 0 0 0 0 0 19 0 34 49 0 0 0 48 38 0
 26 47 0 0 0 26 0 82 0 0 0 37 22 63 15 54 6 56 0 25 0 33 10 0 16 0 0 37 0 0 0 0 16 18 79 41 0 0 13 0 0 0 12 30 35 25 2 28 62 0 62 34 5 27 33 35 0 10 8 0 0 41 0 0 14 33 48 0 0 0 0 24 0 0 60 0 0 0 20 0 0 0 64 0 0 0 15 0 45 1 0 37 38 63 0 0 0 88 27 57 48 0 0 14 0 0 0 20 92 58 0 46 0 0 43 0 0 43 0 34 79 38 0 0 0 0 22 0 0 0 40 18 0 13 6 67 47 49 0 0 0 0 0 15 17 74 0 43 0 0 12 0 36 43 23 0 0 0 1 3 67 0 0 21 0 81 41 10 59 44 57 0 15 0 27 0 26 0 51 0 0 53 45 56 13 0 0 56 47 0 0 0 67 0 60 0 0 0 65 6
 0 0 11 0 39 0 5 0 0 0 0 40 8 24 22 0 0 14 0 0 62 49 0 82 49 0 0 0 0 44 0 0 32 0 47 0 68 48 0 0 0 3 64 41 7 56 0 25 0 7 44 0 0 0 81 22 0 0 43 0 0 0 48 0 0 14 0 18 15 0 84 0 40 0 0 13 11 0 0 44 72 0 0 0 0 0 0 0 24 0 0 0 77 58 3 75 0 0 0 57 0 11 0 0 0 58 0 8 0 18 65 39 38 0 0 0 0 30 33 0 17 0 0 0 0 22 0 11 15 32 0 0 35 53 9 77 0 0 0 0 25 0 0 91 20 47 4 0 0 48 10 0 19 50 0 0 0 0 0 60 82 48 16 8 0 22 0 6 53 0 28 0 0 25 10 0 16 64 18 46 0 7 64 16 10 0 52 0 0 0 0 69 0 0 5 0 0 0 19 0
 0 0 0 0 0 0 0 53 69 22 0 0 0 24 0 0 0 0 19 0 0 5 0 63 20 0 0 9 45 0 0 72 0 54 0 2 30 31 0 6 8 14 21 0 0 0 0 0 0 0 67 11 0 14 0 67 0 0 35 26 10 0 0 14 32 0 0 12 0 21 14 0 0 0 0 34 41 69 33 6 0 0 0 32 36 0 0 0 20 0 14 0 2 0 19 41 0 3 3 0 0 35 0 7 0 0 17 15 0 0 0 1 0 0 0 0 0 0 50 20 0 0 0 0 0 33 0 19 82 7 40 0 0 0 8 0 26 0 0 0 72 0 0 0 0 0 0 27 47 0 42 0 10 39 0 28 19 0 4 15 19 0 0 0 0 0 0 15 8 41 1 0 0 0 0 0 0 34 0 80 0 0 20 15 0 2 0 84 51 21 20 0 22 0 0 21 16 59 19 0
 20 42 0 65 0 48 0 0 0 0 30 4 32 0 62 0 44 1 0 3 0 0 13 7 1 0 0 0 0 54 0 0 6 0 0 0 81 0 0 17 0 50 0 16 80 0 0 0 9 0 0 0 4 0 81 0 6 0 0 0 0 0 37 0 0 38 0 0 0 0 0 19 0 0 75 0 0 75 0 16 0 8 30 19 27 75 8 25 0 0 26 0 0 9 65 0 48 63 0 0 20 29 12 22 32 0 26 0 0 0 0 0 29 6 0 42 13 0 0 24 1 0 55 0 0 22 0 71 15 0 0 3 0 0 0 0 0 29 0 0 58 5 0 25 50 8 49 0 55 30 0 0 0 0 0 0 0 0 0 0 51 28 96 9 0 0 24 54 34 0 69 0 14 18 47 0 0 0 0 43 0 18 44 44 4 8 0 29 30 57 0 0 0 0 0 0 57 0 52 0
 0 15 53 20 0 0 0 11 22 44 48 55 29 0 4 0 0 80 19 5 10 0 36 0 24 0 15 0 79 0 0 24 85 0 65 0 0 0 0 0 16 33 0 76 69 0 0 0 15 0 69 16 12 13 52 36 68 0 0 31 0 0 0 17 0 38 0 68 28 0 24 72 22 38 0 18 0 13 13 52 1 60 0 28 11 0 0 0 0 0 0 0 0 28 0 79 44 0 0 0 0 71 52 0 0 0 0 0 22 0 0 0 52 50 0 0 0 0 64 25 1 28 44 0 0 53 0 48 28 0 89 88 92 0 0 0 0 0 0 0 55 15 0 49 19 18 10 0 39 38 0 40 0 35 66 44 56 0 0 25 22 21 9 31 0 61 3 0 0 0 49 0 84 7 0 44 33 0 16 45 45 0 29 0 0 0 56 0 30 85 16 79 0 0 57 0 0 56 0 28
 0 12 7 62 5 21 0 0 0 0 0 0 0 58 0 5 35 0 0 8 59 0 48 0 0 0 14 0 87 0 9 0 0 25 0 0 0 0 0 0 76 55 0 0 2 67 71 0 0 60 0 18 0 12 0 57 0 45 66 0 2 71 13 0 0 20 60 5 1 47 0 0 7 74 33 14 0 26 0 35 71 0 18 37 0 0 17 0 0 53 7 0 15 15 0 10 4 10 0 4 61 0 8 0 9 0 48 38 29 56 0 0 0 0 0 0 44 66 21 60 0 0 5 10 56 0 0 0 0 18 50 0 30 41 7 0 90 15 9 1 0 0 39 0 67 32 0 0 0 0 31 0 11 19 0 59 49 0 0 2 39 0 0 24 2 63 19 14 0 0 61 48 35 60 0 0 59 0 84 20 0 0 0 44 0 0 0 0 0 37 0 0 0 22 0 0 0 30 8 50
 6 0 0 23 71 17 0 0 1 11 20 0 60 9 36 87 0 40 0 0 0 0 0 48 28 10 78 0 0 0 0 61 0 21 27 5 9 0 0 0 0 67 0 0 0 47 49 0 84 0 49 0 0 78 0 0 0 0 0 0 0 61 36 82 0 51 0 36 0 38 0 0 0 0 83 0 5 0 54 0 58 0 61 25 7 0 5 0 0 0 34 0 0 0 0 0 3 60 0 1 0 86 43 0 50 0 53 5 11 4 0 0 15 28 0 0 1 47 3 57 20 32 0 86 11 0 27 6 0 0 0 34 80 0 21 14 38 0 0 21 0 37 0 23 42 39 0 8 73 0 0 76 51 0 19 50 7 21 54 0 0 19 13 0 54 47 0 0 0 4 13 43 0 22 0 18 0 0 43 0 68 31 33 0 0 4 0 31 0 0 0 0 0 0 0 0 0 0 30 29
 0 61 0 0 17 16 0 9 0 38 0 0 42 2 40 0 0 0 19 92 0 0 16 0 0 34 11 0 0 32 29 0 21 0 62 26 13 17 71 0 6 0 0 33 21 0 44 4 0 23 64 0 25 44 51 0 0 30 0 12 0 12 0 0 46 0 25 15 0 0 31 0 59 0 0 0 0 40 23 21 41 15 45 13 45 62 0 0 0 0 11 0 0 0 0 36 11 0 23 21 36 0 35 0 0 0 33 0 15 0 0 0 17 0 51 0 0 20 42 3 14 8 0 0 74 35 0 49 0 0 33 0 66 20 26 0 4 21 0 0 22 0 0 0 0 45 45 0 0 0 75 23 0 0 0 8 0 0 26 0 0 48 0 0 53 34 0 9 0 0 50 0 0 55 30 0 0 59 0 60 26 22 0 44 20 86 31 26 0 30 47 11 17 3 21 0 0 0 37 3
 0 0 61 0 0 31 0 29 0 0 19 0 0 54 0 29 0 0 3 25 0 19 54 0 0 27 96 0 0 0 49 0 0 10 17 66 0 24 18 0 8 0 0 0 0 0 80 35 7 50 0 14 0 6 60 0 31 0 0 60 0 0 20 0 14 0 74 44 0 56 48 0 3 42 0 0 16 0 0 0 0 31 65 48 0 82 68 0 15 0 0 0 13 0 0 3 0 12 28 0 6 0 0 0 0 17 7 0 18 0 0 0 22 0 66 42 26 48 0 0 0 0 27 3 0 1 0 2 0 0 77 34 20 0 65 0 0 63 71 36 0 27 33 0 3 53 0 0 0 0 44 26 0 0 0 38 46 0 58 0 0 0 12 5 15 0 0 0 0 6 39 26 0 0 0 39 0 60 18 7 0 12 0 18 36 0 0 0 49 15 23 54 0 38 0 0 17 0 0 0
 36 29 0 0 0 0 0 0 0 0 0 21 0 29 95 0 59 40 1 58 0 40 0 28 0 14 0 0 4 0 35 65 0 0 0 0 0 0 15 0 0 20 0 0 0 95 39 5 0 24 25 0 0 41 0 26 0 0 0 0 0 24 0 0 52 1 0 0 1 0 0 0 0 70 0 0 21 12 0 15 0 30 33 96 51 0 60 36 0 62 24 0 21 0 10 0 95 36 47 0 0 0 0 0 48 86 0 52 35 18 40 0 10 50 0 60 0 0 28 68 72 3 13 0 76 63 62 0 54 12 0 0 34 0 13 21 20 0 44 29 0 72 55 0 0 18 0 0 15 0 53 58 11 0 63 0 0 0 63 0 39 9 33 12 12 0 35 0 0 0 17 0 28 0 0 0 0 11 0 18 27 23 31 0 0 45 0 13 0 0 4 0 0 0 29 28 0 42 0 47
 0 0 60 0 26 0 25 81 0 0 6 0 21 64 0 6 0 0 79 53 38 0 91 48 0 14 26 75 0 46 45 0 0 78 29 0 81 12 1 0 48 15 1 1 0 32 0 44 3 0 0 0 0 65 24 0 55 0 16 47 15 0 1 33 0 0 68 43 0 0 0 0 63 0 0 0 0 0 45 0 11 14 20 0 8 0 0 0 52 0 0 0 0 0 0 0 0 5 61 0 60 76 19 53 53 43 0 0 2 33 41 11 13 0 0 47 0 50 0 0 0 0 86 0 0 0 43 100 30 0 0 22 23 11 50 32 0 10 0 0 0 0 30 60 0 8 0 4 0 0 9 0 0 0 0 0 10 35 3 0 59 0 12 0 0 34 0 0 30 30 0 74 0 0 0 0 68 15 72 0 0 38 0 16 0 0 0 28 0 17 0 8 44 38 4 0 0 75 49 14
 16 0 0 49 0 1 9 0 0 0 59 0 0 0 37 82 57 0 0 6 77 0 0 0 0 45 88 23 13 0 23 27 0 71 55 0 26 0 0 0 56 0 0 32 13 27 24 0 0 44 0 0 0 0 0 0 0 0 19 12 0 0 0 2 26 83 0 0 0 0 2 38 0 25 0 54 2 0 16 0 0 34 0 0 28 0 0 0 14 0 0 8 10 34 58 37 0 0 0 0 35 51 0 44 1 83 11 2 0 0 40 0 0 0 77 0 0 20 0 0 0 0 42 32 18 7 0 0 73 0 0 0 45 40 0 0 26 0 0 53 0 0 8 0 0 37 0 0 45 0 77 0 2 0 36 0 0 1 0 55 4 0 39 10 15 0 60 3 0 44 0 93 3 3 33 0 0 0 28 49 67 7 24 26 77 0 29 0 40 0 0 0 22 2 0 54 0 0 12 0
 0 0 48 23 0 0 29 45 0 13 84 62 10 0 46 35 0 0 37 87 0 7 0 0 0 0 0 27 21 0 0 1 8 39 0 9 0 0 0 0 72 10 0 0 29 0 0 0 41 0 0 0 52 6 15 0 0 0 10 39 0 15 0 0 0 2 5 0 0 0 49 72 12 64 49 14 82 8 0 0 9 0 0 0 71 0 23 3 0 0 49 54 25 46 48 36 47 0 0 15 0 0 0 0 0 54 0 0 26 9 0 45 4 0 0 33 0 3 0 0 14 51 0 53 5 2 0 64 69 66 0 16 0 3 15 54 55 0 0 2 37 0 6 0 0 64 0 0 0 0 71 71 0 60 0 0 33 92 0 0 6 55 0 0 0 0 0 0 0 28 0 7 26 0 0 0 0 0 0 0 10 2 0 11 1 0 0 11 0 0 0 0 48 0 0 46 13 11 0 0
 11 7 0 11 96 46 0 10 0 4 0 0 0 69 90 0 0 0 0 0 0 3 0 0 25 0 15 0 0 72 0 13 0 0 0 0 40 17 0 0 89 0 10 0 0 21 26 0 0 0 0 39 0 0 47 0 54 56 0 37 79 0 0 0 23 0 25 0 42 15 0 0 0 12 22 38 0 0 0 0 0 44 0 0 25 34 5 0 49 0 0 0 0 0 0 18 60 0 0 0 25 5 0 43 65 0 0 64 26 0 65 62 28 0 8 0 0 0 2 0 56 0 0 89 0 0 65 20 15 18 18 0 0 85 0 14 65 0 4 0 11 0 0 0 62 0 4 0 0 51 0 29 28 27 0 0 0 1 0 28 4 0 12 0 10 35 67 0 0 0 0 0 66 0 27 0 69 34 0 32 0 0 53 39 14 28 0 40 0 0 0 52 11 61 23 64 0 0 35 0
 27 0 0 0 74 0 71 0 0 0 15 25 0 57 0 40 44 8 76 9 11 45 54 21 2 0 28 0 0 66 0 0 0 2 0 45 0 92 10 31 18 0 0 0 0 0 16 26 0 2 74 0 58 22 0 0 61 89 0 59 0 45 5 15 0 0 0 38 12 36 10 0 0 16 40 0 0 0 0 0 0 19 0 0 0 0 0 0 14 56 0 0 47 0 0 0 23 47 49 27 0 0 64 39 0 0 66 46 7 0 70 35 0 0 0 0 0 0 47 54 0 0 32 0 88 0 59 0 24 0 25 56 0 0 85 31 44 0 0 0 0 8 0 0 15 0 40 0 7 14 33 0 0 41 0 54 46 0 0 0 33 0 43 69 0 13 33 12 0 2 5 29 0 75 0 0 0 0 7 39 16 0 30 5 0 0 0 0 0 91 5 0 0 0 0 26 0 0 30 0
 34 45 0 47 0 15 0 8 38 22 40 19 34 46 35 72 0 0 58 0 13 11 44 56 0 0 0 30 0 0 0 69 0 0 0 0 0 61 0 37 55 27 0 9 54 0 83 12 4 2 73 6 73 0 50 44 0 8 0 0 0 42 0 0 0 40 71 17 23 49 59 0 0 8 63 15 35 0 0 0 0 0 0 0 33 59 43 0 0 34 16 0 66 65 0 0 51 79 12 23 0 43 0 0 0 18 17 59 34 0 88 0 70 0 0 34 2 44 0 61 40 0 0 0 0 0 0 0 0 82 14 1 4 0 15 0 0 0 0 45 0 0 5 50 1 0 9 22 0 0 0 0 0 12 47 17 15 0 0 0 22 24 0 37 0 0 0 23 0 10 41 21 0 0 44 0 19 0 55 0 13 82 0 8 59 0 49 0 0 0 0 0 0 0 44 22 14 36 0 0
 0 68 0 10 0 0 0 0 0 0 0 0 17 0 62 0 32 0 0 0 0 14 5 3 5 0 0 43 35 23 83 2 3 0 0 43 0 0 35 14 0 0 0 43 0 0 2 45 0 0 27 0 0 77 0 0 0 0 24 68 8 20 37 61 35 0 63 0 3 41 0 0 0 0 0 0 59 3 0 0 0 25 0 0 7 0 0 0 29 0 0 0 16 0 0 0 0 77 49 0 0 68 10 26 0 0 0 50 16 0 0 25 28 0 17 0 54 0 0 11 4 68 0 7 0 18 90 0 0 0 0 72 26 58 0 6 0 13 3 0 12 40 42 33 0 23 0 49 27 80 50 9 31 62 2 0 53 0 0 0 8 42 0 29 18 13 40 0 12 23 23 0 40 0 33 15 31 29 0 0 0 0 0 47 0 0 57 43 36 0 64 0 0 0 0 0 12 0 23 39
 0 0 4 0 0 36 58 0 0 0 41 0 0 81 0 22 13 26 61 0 45 0 0 28 0 67 40 42 0 57 0 22 0 0 0 0 51 0 0 55 19 0 0 0 25 11 0 16 50 0 0 0 0 0 16 33 0 0 70 0 54 0 0 0 59 0 0 3 0 0 0 32 0 7 30 11 0 79 84 0 0 18 0 23 76 0 0 40 0 47 44 0 21 0 0 0 0 0 33 72 0 0 0 0 80 0 61 0 0 0 0 77 4 0 6 0 0 0 0 0 57 60 0 0 0 0 0 0 31 0 11 0 0 35 67 61 0 59 35 89 0 0 0 0 28 0 52 0 1 0 0 57 0 0 0 0 45 0 0 17 29 0 7 0 0 45 43 0 79 3 26 37 45 0 0 34 0 0 0 0 0 0 52 35 11 18 28 0 15 0 0 0 0 0 20 14 0 72 0 29
 0 0 0 0 50 0 0 37 0 84 29 10 0 0 22 4 0 0 15 0 3 98 0 15 7 0 46 0 13 0 41 5 49 0 16 35 3 0 64 0 17 0 24 0 0 0 0 0 27 30 11 30 0 0 0 36 42 28 28 54 0 22 12 25 0 0 0 84 70 0 58 28 88 35 59 0 9 0 31 11 73 0 54 0 36 0 0 0 0 0 42 0 58 34 1 76 31 31 0 84 0 0 12 0 0 0 0 41 0 98 15 0 0 0 17 0 16 0 0 4 58 11 20 0 18 63 0 0 23 0 0 0 66 0 0 31 0 52 0 0 16 0 0 37 0 5 0 0 44 0 0 0 18 0 0 5 54 0 13 36 26 52 0 60 27 0 0 0 0 0 69 77 39 73 63 7 23 42 24 0 14 0 10 6 0 16 0 49 57 0 0 52 0 20 59 0 0 0 54 47
 14 0 23 0 12 20 81 0 40 65 62 11 28 8 1 0 0 34 48 36 0 0 47 0 0 0 0 0 0 0 29 0 3 74 15 0 0 59 47 56 30 0 32 34 0 60 0 72 3 0 54 33 0 50 0 0 0 7 10 0 14 1 66 0 0 0 18 28 6 0 12 19 31 0 0 0 15 0 92 0 61 30 0 64 33 0 0 0 55 0 0 0 0 5 42 0 0 54 84 0 0 0 0 12 1 0 32 0 0 4 0 79 0 5 46 0 45 0 32 0 5 31 0 0 0 6 0 49 0 0 0 0 13 16 12 23 84 53 49 0 12 36 0 31 51 48 0 43 0 30 0 35 56 48 31 0 38 54 0 0 0 0 0 0 4 21 69 0 0 61 0 0 36 46 0 0 24 0 0 0 41 0 0 69 0 0 0 95 28 0 36 15 0 39 38 0 0 21 0 0
 0 0 0 2 76 0 0 25 21 47 0 0 48 15 0 0 0 0 6 49 0 0 0 0 0 16 62 0 0 17 19 3 16 0 5 3 13 0 15 0 23 0 0 0 9 0 56 57 17 0 8 0 12 18 0 22 0 67 27 0 51 0 8 26 43 0 45 23 68 48 45 0 0 0 0 0 0 0 0 31 0 61 0 43 12 20 0 0 28 27 0 0 4 34 0 0 21 8 0 24 4 0 18 0 0 74 26 0 0 0 19 3 28 0 79 38 70 0 48 8 0 46 0 3 0 0 0 0 17 43 18 20 15 0 0 0 0 59 74 0 0 24 17 19 3 23 0 5 40 0 64 0 0 0 62 29 25 0 0 14 28 0 0 7 13 4 77 0 0 0 0 0 0 0 23 0 0 30 80 0 0 8 0 1 0 27 49 29 74 2 0 26 0 1 0 17 33 26 0 0
 69 1 0 60 65 56 19 0 20 75 0 42 20 0 0 15 0 0 10 24 0 24 63 0 0 3 50 0 0 10 0 1 9 0 7 0 95 11 0 0 46 0 21 0 0 43 38 55 87 0 0 0 75 0 1 63 0 54 0 58 0 0 0 0 0 38 21 33 72 0 0 0 0 0 24 0 41 0 41 56 44 19 0 44 6 15 0 0 0 0 48 0 61 4 0 0 2 0 86 0 11 0 0 42 0 0 10 0 34 0 59 0 15 85 36 23 0 49 32 23 12 12 0 50 60 0 0 1 18 72 0 25 23 0 0 8 0 0 28 0 0 4 25 0 0 0 33 0 36 48 0 0 0 0 50 6 0 43 48 20 0 27 15 0 0 84 6 0 0 12 92 0 51 0 0 6 5 78 19 78 0 22 21 1 0 46 0 8 26 0 0 0 0 35 0 0 29 70 0 20
 35 5 76 79 0 0 31 62 0 0 40 0 0 47 0 67 20 0 32 10 26 61 54 0 68 0 0 13 48 0 73 6 48 0 5 0 68 19 1 0 44 1 5 0 41 0 10 22 55 37 0 0 0 9 0 0 0 0 45 34 0 10 0 35 0 1 0 0 60 0 0 27 0 0 0 0 0 0 21 28 62 19 7 0 0 0 0 47 3 22 86 0 0 0 18 0 44 17 0 0 31 28 0 91 0 0 4 61 85 43 0 0 7 0 0 88 0 7 7 1 31 63 0 0 46 0 0 13 0 0 47 23 0 33 0 17 35 2 9 8 68 63 62 0 17 0 26 1 42 65 46 0 2 25 0 85 8 0 0 36 0 0 26 0 4 56 0 16 0 24 0 0 0 2 68 58 6 78 59 8 0 12 3 0 12 0 0 0 0 0 0 0 0 68 0 62 40 0 0 94
 0 0 0 43 76 0 1 24 0 0 24 0 0 2 20 13 0 56 3 4 39 0 0 0 0 53 0 54 0 0 0 0 0 36 0 7 0 5 0 8 0 0 0 15 52 0 0 0 0 0 0 44 23 0 17 0 0 0 13 22 0 0 34 47 17 0 0 0 53 0 21 2 0 0 1 0 11 20 40 65 9 0 72 20 0 9 70 0 0 0 70 19 55 23 41 0 26 15 34 32 0 28 48 0 0 29 71 84 0 0 54 0 8 0 33 31 55 54 0 0 0 0 55 64 0 45 63 55 23 0 0 10 13 0 56 0 0 40 14 0 6 32 0 35 11 0 0 0 0 2 48 0 0 8 0 71 0 63 0 20 22 0 0 37 21 59 0 0 1 6 7 0 15 19 0 11 0 0 11 11 0 14 31 24 0 0 38 47 0 23 0 0 1 16 0 0 0 78 0 0
 4 0 10 0 4 0 27 22 28 0 16 0 0 21 0 41 0 37 0 0 1 0 2 89 23 1 0 0 0 75 67 18 74 0 0 0 0 0 0 72 0 0 0 0 0 10 6 0 4 21 0 22 0 0 37 0 12 0 0 0 56 0 0 0 0 0 0 90 11 0 1 8 5 83 0 0 0 0 0 0 0 6 32 0 0 0 44 0 2 0 0 8 0 3 1 0 8 26 18 8 0 0 53 56 0 0 0 0 0 12 0 0 0 0 5 0 0 76 13 15 0 0 51 0 1 0 0 26 11 27 68 0 32 0 24 12 0 0 0 0 0 21 60 0 0 70 0 36 33 0 72 0 0 0 42 0 0 0 0 0 22 28 21 0 11 0 40 0 0 24 16 0 0 0 0 0 0 0 22 4 25 0 19 0 31 0 77 0 0 59 39 0 0 4 0 34 11 0 0 0
 0 18 7 0 35 0 70 0 0 0 0 0 18 80 20 36 22 0 15 73 65 0 0 0 0 10 0 74 0 36 21 0 9 62 0 0 34 0 0 29 0 0 67 5 38 70 0 0 43 0 0 12 13 0 15 0 0 0 0 12 57 23 77 88 0 34 0 0 2 0 0 0 50 22 44 12 0 64 0 0 0 81 0 7 22 0 60 0 0 63 7 0 0 0 0 0 0 0 31 0 29 6 3 0 63 0 0 0 31 0 62 0 0 0 0 0 26 10 33 35 2 0 0 5 80 0 0 0 0 0 17 51 0 0 74 14 0 0 0 0 1 0 58 0 27 0 0 0 8 0 70 0 0 26 0 24 0 6 0 12 0 0 1 0 0 0 70 0 96 51 5 0 74 0 71 15 9 0 28 0 41 0 0 67 10 0 36 0 0 70 0 3 0 0 0 0 0 0 0 0
 6 0 17 0 0 21 72 0 7 0 0 0 5 33 20 0 16 0 0 58 0 17 0 10 28 42 34 0 0 0 73 29 3 0 28 0 5 35 0 20 16 47 66 9 74 4 60 1 0 0 0 39 0 0 40 34 0 0 37 0 0 0 0 0 15 0 3 0 0 40 0 0 0 0 0 0 0 26 21 0 0 8 17 10 0 0 8 0 61 6 17 33 0 29 0 0 44 0 0 4 0 0 76 44 0 12 0 0 62 0 0 37 0 12 0 0 68 0 0 4 0 0 37 0 45 24 53 0 69 58 11 31 0 0 38 0 0 0 3 25 0 7 3 18 27 76 0 4 0 6 0 9 47 0 0 0 0 48 19 0 0 5 0 63 0 0 0 0 86 0 22 55 0 5 0 71 0 0 0 0 22 0 21 0 54 0 0 57 34 2 0 0 0 0 19 20 53 0 71 0
 0 33 27 0 0 55 22 61 29 73 0 61 0 0 0 0 37 0 0 4 20 59 0 28 3 0 0 0 0 0 80 49 0 56 93 0 43 0 58 12 3 0 22 0 0 0 0 0 52 53 29 60 5 1 0 8 0 0 0 36 0 0 52 36 26 0 9 9 0 7 36 94 1 0 3 0 31 50 0 0 24 38 0 72 0 1 27 0 23 25 0 8 0 11 0 42 43 55 1 0 0 0 0 0 28 7 58 14 54 37 0 0 39 0 1 0 69 0 0 34 0 0 0 0 40 0 38 61 38 41 0 0 0 39 0 30 0 0 18 0 0 76 0 0 46 15 88 26 0 0 0 0 22 0 0 0 25 22 26 0 0 0 0 0 0 83 8 0 0 26 44 0 29 0 7 0 29 64 75 53 0 65 0 0 0 0 43 45 4 0 0 28 83 0 0 0 67 48 6 0
 0 8 0 0 0 0 0 35 0 66 33 25 2 6 0 10 0 82 0 0 0 0 19 0 0 51 6 0 82 71 0 43 44 3 12 0 0 47 1 0 17 0 0 5 37 0 20 0 0 0 6 49 0 26 50 0 23 0 0 0 0 12 17 53 0 0 0 0 65 0 8 34 84 3 15 91 0 0 0 0 0 41 28 0 17 0 0 0 57 2 0 0 0 0 0 0 23 0 38 0 43 0 0 23 0 10 28 5 0 6 28 40 0 73 0 0 56 0 0 80 0 0 0 0 0 0 0 0 0 0 79 13 3 0 2 0 0 0 6 62 25 0 17 0 0 52 35 40 0 20 25 4 57 0 29 0 21 67 39 3 1 1 76 0 0 46 0 0 45 37 12 0 21 10 57 0 49 0 30 15 0 0 8 0 19 0 0 25 68 32 76 0 0 0 53 0 34 0 0 0
 0 46 0 20 0 0 0 2 29 0 0 0 46 4 20 73 9 39 4 0 63 0 23 1 0 0 26 0 0 55 0 20 0 21 0 0 14 41 0 0 6 0 0 92 3 0 0 0 0 52 0 8 55 19 0 75 40 0 0 42 25 0 28 47 57 0 5 0 21 12 59 0 38 0 46 0 43 51 0 6 7 2 66 0 12 0 24 47 49 0 58 0 0 0 80 0 0 24 0 15 0 0 0 51 0 46 0 41 0 0 49 47 71 0 0 12 49 2 0 45 0 0 69 29 0 45 74 34 34 5 0 0 0 46 0 8 61 26 0 0 5 21 59 0 0 0 67 0 25 0 0 0 0 0 0 53 53 0 0 0 0 47 36 10 27 0 6 0 57 0 0 74 0 68 0 53 6 0 33 8 10 0 38 6 37 23 17 31 7 5 28 2 0 49 49 0 0 9 20 2
 0 0 21 11 49 0 0 53 0 0 0 25 8 79 45 0 87 0 0 0 0 0 40 41 0 42 33 6 10 0 80 40 0 4 15 67 69 0 0 56 70 68 0 0 26 0 0 0 2 70 32 22 0 5 0 39 11 0 0 20 62 22 0 0 0 0 17 0 61 86 8 62 0 0 0 85 38 0 0 40 11 0 67 52 12 0 0 14 0 0 65 0 0 58 0 0 0 0 11 0 54 0 38 0 54 0 2 0 0 32 0 20 0 60 0 74 0 0 28 0 38 7 69 0 11 8 22 0 17 33 30 36 0 0 4 7 0 0 38 0 81 0 76 0 0 0 7 70 41 0 86 72 21 65 0 0 60 72 0 0 0 0 0 30 0 0 64 7 4 61 60 0 0 0 41 19 0 0 0 0 0 0 0 17 6 1 0 0 61 0 19 0 10 0 41 0 39 80 45 22
 40 0 0 30 0 0 5 0 0 0 0 16 0 0 0 0 35 0 96 53 0 77 65 36 0 22 51 0 0 0 1 0 0 0 28 0 33 0 41 0 30 0 55 49 14 38 47 0 8 0 0 24 2 27 0 0 0 0 8 0 0 0 0 47 0 0 0 17 0 0 0 2 14 55 13 0 0 34 5 26 0 0 0 28 66 0 9 0 0 0 4 0 0 83 23 17 0 0 6 46 73 68 0 0 0 0 31 13 0 29 0 0 0 0 0 30 67 16 23 0 0 0 23 0 22 23 0 18 0 5 8 0 28 0 0 0 25 0 0 0 17 0 0 77 75 0 0 0 33 53 0 0 0 23 0 11 0 62 0 0 13 0 10 24 0 0 0 0 75 0 5 63 46 0 80 0 0 52 34 40 13 30 35 42 2 34 4 0 0 0 5 0 12 84 0 0 2 33 0 8
 14 32 0 0 0 45 0 52 3 1 0 0 0 0 66 3 0 66 5 0 24 0 82 0 41 23 16 78 11 16 0 0 53 36 14 0 0 0 0 22 0 0 55 0 0 20 40 80 0 52 27 0 0 5 57 80 0 0 0 0 65 0 0 0 22 60 0 13 0 11 9 1 0 0 53 46 69 0 0 71 0 86 0 0 0 22 68 0 2 0 9 16 10 0 0 41 29 42 0 58 0 60 48 38 60 0 35 0 77 0 86 50 0 0 0 0 2 68 0 6 0 0 53 32 39 65 99 25 48 58 0 0 60 0 21 21 0 25 0 0 0 63 10 0 40 0 17 53 0 43 19 0 0 0 70 1 0 52 0 50 9 22 0 43 17 48 32 3 0 0 0 67 0 11 8 0 0 31 45 0 0 53 76 0 0 43 12 0 0 61 4 0 0 85 0 0 0 44 0 26
 0 2 0 12 32 32 0 4 49 2 0 0 17 8 0 0 37 27 0 0 0 0 21 0 0 21 0 0 0 22 0 64 0 0 2 84 26 0 9 0 76 81 49 70 5 21 22 0 0 19 72 0 54 88 0 0 0 0 0 0 36 22 0 0 0 38 19 50 0 3 21 0 8 0 30 52 5 47 45 0 0 0 0 26 0 0 0 0 0 71 0 0 67 0 35 24 0 0 18 0 16 0 0 0 0 0 0 19 10 0 8 0 51 27 99 21 0 0 0 0 37 0 0 48 0 0 0 0 0 0 11 0 23 0 1 18 40 0 15 0 0 0 0 1 18 0 0 0 19 0 26 0 59 0 0 0 20 0 0 33 0 29 3 0 0 0 0 0 0 65 0 9 27 81 17 0 1 8 0 63 0 0 7 1 0 0 25 0 24 43 0 0 0 96 3 0 0 0 0 3
 0 12 0 0 0 0 0 0 0 14 29 3 0 5 0 57 10 0 0 0 0 43 1 0 0 0 0 0 0 0 14 44 40 78 0 0 0 0 0 0 0 0 51 60 0 0 0 48 73 0 0 0 0 0 0 33 0 3 0 38 0 61 0 34 24 21 0 0 0 18 0 0 0 0 0 27 0 4 83 0 0 87 37 0 23 22 17 17 69 0 0 0 7 8 0 7 0 19 49 39 34 56 71 26 5 0 19 0 0 0 0 69 0 41 22 0 2 30 3 25 12 0 26 0 0 0 0 50 39 0 0 59 60 0 0 55 0 29 3 64 45 4 42 0 13 0 41 0 68 0 78 70 0 0 0 0 0 0 42 5 47 0 22 0 14 0 0 88 0 0 0 0 0 0 0 18 45 31 0 0 34 0 0 27 0 46 82 36 0 16 12 31 53 48 0 0 0 0 0 23
 4 7 5 45 16 0 0 8 27 53 55 43 0 0 0 0 1 0 0 0 0 0 0 21 22 0 5 6 0 41 0 0 18 0 15 26 17 54 15 1 0 0 0 39 37 0 0 7 0 13 0 53 0 0 0 18 32 0 0 0 0 4 0 0 0 0 53 0 0 9 0 31 0 0 0 0 0 21 46 0 0 0 11 4 0 0 0 32 0 11 63 0 64 70 0 0 0 0 45 0 0 0 27 0 0 0 0 73 16 10 60 0 0 0 0 0 82 0 0 0 15 31 0 0 51 17 0 18 0 1 0 12 11 0 50 0 0 10 19 0 19 2 16 0 0 0 22 0 30 18 0 27 33 0 0 0 0 0 0 0 44 0 0 7 0 59 0 81 15 0 4 0 0 30 0 0 71 56 0 0 60 0 0 6 0 0 0 13 36 0 34 0 28 0 21 0 16 58 36 37
 0 0 0 0 0 0 22 44 54 0 0 8 0 4 0 52 55 14 0 0 0 0 4 18 0 56 48 0 0 26 0 0 0 0 0 0 0 0 69 0 0 9 0 69 31 0 29 0 72 6 0 74 22 0 0 5 0 31 45 34 59 0 0 0 0 6 0 0 0 0 48 0 0 92 0 87 0 28 7 0 76 18 14 0 0 0 0 21 19 5 0 0 18 51 0 0 0 0 20 0 0 0 0 0 0 0 81 0 58 0 64 0 52 20 0 0 0 0 0 0 16 0 0 23 31 59 21 6 29 0 0 0 0 0 41 22 0 56 50 0 0 6 0 15 4 76 22 0 0 16 40 45 24 72 10 4 29 0 0 0 17 0 67 28 0 0 68 0 0 44 0 9 0 0 0 84 0 26 28 6 40 0 0 41 72 24 1 0 0 57 0 15 8 17 40 8 0 0 21 0
 0 12 0 0 76 56 0 0 56 0 32 4 0 53 0 0 0 5 0 60 54 0 60 42 0 0 0 53 0 37 0 24 22 0 0 0 0 0 0 22 0 0 4 9 0 0 0 0 59 0 0 9 0 23 23 0 0 41 17 0 0 0 0 0 58 0 0 0 0 10 0 0 17 6 0 52 0 90 0 91 0 0 80 0 8 56 12 5 15 0 0 8 0 3 0 0 7 0 0 3 0 11 0 22 0 0 15 0 10 0 0 60 0 38 56 0 47 0 25 80 11 0 57 0 5 9 0 35 0 48 26 34 0 0 12 48 0 0 0 4 11 0 2 36 4 0 77 9 67 0 7 48 1 0 1 33 0 8 49 0 0 0 40 0 0 51 0 26 36 25 0 55 0 0 9 61 56 0 13 0 20 0 16 0 0 0 0 0 40 0 25 0 65 30 35 0 0 0 0 0
 0 0 0 9 12 0 0 23 35 32 0 0 0 55 53 73 0 0 0 0 0 42 60 12 5 68 35 0 51 18 82 0 0 66 53 67 0 63 37 0 0 0 0 10 0 0 0 0 0 84 0 0 0 0 0 47 15 52 0 0 24 0 0 0 0 30 32 13 30 5 48 6 0 77 0 5 0 83 0 0 83 0 0 11 0 1 43 22 14 43 0 40 0 8 54 0 27 0 0 23 0 0 0 0 0 10 0 0 41 0 95 0 55 0 22 14 0 12 19 0 17 0 0 0 0 0 15 49 1 36 18 0 0 29 33 0 81 0 0 0 0 11 0 13 82 28 0 16 0 0 44 37 75 0 0 20 46 0 0 0 0 0 20 43 0 0 0 0 0 0 0 0 0 0 52 31 54 10 0 0 0 0 26 0 0 0 0 0 21 27 31 62 1 65 0 0 0 39 71 0
 49 0 0 43 14 76 62 48 0 0 0 6 0 0 72 0 77 10 0 0 0 84 3 0 0 0 0 0 0 0 45 72 0 0 0 0 0 2 0 21 34 36 0 0 45 0 0 0 11 37 0 0 0 56 0 0 43 27 0 33 0 14 1 0 14 0 12 6 19 15 0 22 0 0 1 0 20 39 54 0 0 0 42 0 34 44 0 83 4 0 78 0 0 6 0 0 0 34 0 11 0 3 12 9 6 0 0 0 54 0 0 0 0 0 0 0 0 60 74 0 16 0 0 0 49 0 35 0 18 0 80 0 0 0 0 0 0 0 56 0 1 12 9 43 0 0 0 0 49 34 0 65 36 0 11 0 63 28 27 15 56 52 16 88 0 62 0 68 0 0 74 23 49 25 0 54 5 8 0 29 0 2 0 23 65 0 0 0 39 24 62 0 0 0 15 34 0 0 63 0
 61 67 0 20 29 0 68 0 51 0 8 60 5 30 12 93 0 13 7 20 5 0 0 0 64 0 0 0 0 67 53 0 28 0 69 86 0 0 71 15 0 50 0 0 3 0 0 39 3 0 0 0 5 0 0 0 33 40 0 0 23 0 0 0 35 0 0 0 0 0 0 0 57 0 0 90 21 0 13 47 29 0 0 78 0 5 0 0 77 0 35 0 23 38 0 10 20 23 0 41 0 0 0 33 20 0 28 70 25 31 28 0 0 0 0 75 2 0 15 28 58 19 58 0 50 38 15 0 0 0 0 4 7 15 25 71 0 20 0 70 0 57 0 0 0 0 69 0 0 0 46 10 26 48 0 19 0 45 12 0 66 0 0 4 27 51 0 0 0 0 0 0 65 0 0 42 43 41 48 12 0 0 53 65 75 56 34 50 0 12 17 0 5 31 53 0 3 0 0 0
 0 35 24 0 0 0 0 15 50 0 3 22 41 0 64 0 0 6 0 0 70 0 0 0 0 0 32 0 0 0 46 27 6 0 32 79 0 6 43 0 51 12 18 0 31 0 0 6 0 0 24 0 80 27 22 43 18 17 40 0 3 0 0 0 60 44 0 0 15 0 0 0 61 0 0 8 0 0 0 28 0 0 0 13 0 1 0 0 64 0 6 57 0 0 0 72 32 59 70 0 0 58 0 72 11 64 40 15 0 27 0 26 0 0 0 15 0 0 62 0 32 22 68 0 0 0 0 0 20 6 9 16 51 42 33 0 32 48 0 74 23 3 31 0 0 0 36 63 66 60 43 0 29 79 0 41 0 0 6 27 21 83 0 0 75 0 45 0 0 0 0 31 72 0 0 0 35 1 0 55 7 0 3 13 29 0 7 6 0 0 0 65 23 6 59 45 21 12 0 0
 51 0 0 31 5 0 0 0 0 0 0 16 39 0 0 0 19 0 0 0 65 0 0 0 0 53 0 75 0 66 0 0 0 0 0 0 0 0 72 75 0 0 34 0 0 0 0 30 46 5 0 43 0 33 29 53 0 49 0 0 15 8 8 21 59 9 0 0 0 34 0 0 20 0 0 0 1 4 3 33 15 52 0 30 45 66 0 0 23 46 6 0 0 0 47 64 5 0 0 0 0 0 4 0 70 14 22 0 76 0 0 0 0 0 12 0 0 0 0 0 14 0 0 40 63 7 51 56 0 40 0 4 28 63 0 0 72 0 0 0 0 76 0 66 3 0 22 42 31 0 0 0 35 18 73 44 0 37 0 16 46 0 50 0 0 44 21 63 0 0 0 0 34 41 22 1 53 4 0 0 41 0 24 0 0 0 0 2 68 0 0 31 90 0 0 40 25 46 24 36
 61 0 0 0 0 24 0 79 0 27 0 31 0 0 55 0 0 0 0 4 80 34 0 0 66 0 51 0 0 48 38 0 19 0 60 0 0 57 0 17 0 31 0 54 0 0 0 0 0 5 45 41 0 24 0 0 0 21 39 52 0 0 0 9 0 60 0 48 0 0 1 0 0 0 0 0 1 0 6 0 0 0 9 0 0 0 54 16 18 22 6 5 1 0 43 0 0 52 15 1 4 0 43 56 0 23 0 20 0 5 42 55 13 8 37 0 28 0 0 0 0 0 0 47 24 16 0 0 0 0 0 0 0 0 0 0 55 0 14 8 0 0 9 18 22 0 55 3 0 0 16 0 0 0 35 82 0 0 0 0 3 0 16 11 5 89 0 0 0 49 1 0 56 37 0 0 27 0 0 26 0 14 0 18 14 0 0 36 0 3 18 48 35 0 0 90 0 33 0 44
 65 0 72 62 0 0 65 0 0 32 0 0 0 11 0 0 0 54 10 0 27 0 16 0 47 0 0 0 35 0 0 0 47 0 9 25 28 0 20 66 72 0 14 95 14 0 2 0 27 0 39 0 23 6 2 0 24 0 38 0 11 35 0 31 0 55 0 0 44 29 0 0 64 69 31 29 42 0 25 0 0 58 81 47 0 24 0 0 8 0 0 0 53 0 0 0 26 0 0 41 0 0 8 0 40 0 54 0 20 25 0 0 0 8 0 0 0 6 0 56 0 0 0 0 0 48 0 0 22 0 18 65 0 0 69 0 25 12 0 9 52 0 7 0 27 0 0 30 60 0 0 50 29 29 23 63 0 16 0 3 13 68 3 0 28 0 0 9 0 0 0 0 0 0 0 0 0 51 0 0 55 28 37 4 38 11 0 17 46 25 31 25 62 0 76 0 0 27 61 5
 0 0 43 0 0 8 0 0 0 48 31 7 0 0 26 0 3 4 0 0 26 38 0 0 5 24 86 0 28 0 44 0 16 2 0 0 32 68 59 26 19 13 0 0 0 0 0 28 0 31 66 0 76 44 33 3 0 0 98 0 0 0 0 14 47 2 0 0 0 0 27 43 20 0 7 0 5 0 5 0 13 24 0 12 0 9 30 0 28 21 19 0 0 0 63 52 67 6 0 88 0 50 13 0 37 10 17 0 36 0 0 6 39 16 0 0 26 12 0 17 0 0 3 0 10 0 0 0 0 15 0 0 63 66 0 14 11 35 0 0 23 0 0 48 86 0 0 62 0 19 0 0 2 0 0 0 0 64 82 0 0 0 60 60 0 0 0 2 0 2 0 0 0 0 0 1 4 0 0 0 39 0 51 15 53 0 27 42 7 0 20 73 0 0 0 42 0 61 46 90
 0 0 47 0 9 0 13 12 0 0 61 0 53 74 0 93 26 0 0 16 3 11 0 0 15 52 0 6 21 15 4 0 9 0 0 0 0 0 0 72 3 0 0 0 0 0 24 0 0 0 29 0 12 0 46 0 0 0 0 0 0 2 0 5 42 0 12 0 0 11 0 0 59 70 53 57 0 0 58 0 0 0 20 53 0 0 0 65 0 0 24 2 14 0 58 41 0 0 14 19 31 0 28 0 39 8 0 0 0 31 0 0 73 52 0 0 30 0 0 34 0 0 0 39 39 0 0 42 0 77 11 0 0 0 14 0 27 0 33 49 0 7 4 0 77 39 0 0 0 0 28 22 0 0 67 0 0 0 20 44 0 6 0 54 48 0 0 0 0 22 0 0 0 0 30 0 43 29 0 30 38 6 55 65 0 18 0 0 47 0 0 44 13 0 14 0 0 92 77 66
 43 14 6 28 29 58 72 29 0 0 31 0 4 55 8 0 11 21 22 20 0 0 0 33 0 12 0 0 0 21 32 29 0 91 53 35 32 5 0 68 0 0 0 0 0 15 52 89 15 10 67 57 0 0 0 0 0 26 46 0 0 0 47 44 12 14 48 0 0 0 0 7 0 24 67 0 87 0 0 9 21 0 0 69 0 7 14 0 36 0 0 13 23 0 31 12 0 66 4 0 0 23 0 46 55 0 60 94 0 0 29 0 0 65 0 0 0 14 81 71 27 14 0 0 0 0 0 8 0 61 0 65 14 0 78 0 0 0 20 0 0 0 64 64 75 2 0 7 56 0 25 0 8 41 0 20 68 0 0 4 0 0 24 0 69 0 34 15 0 53 64 0 0 0 46 40 0 37 0 0 78 49 8 0 0 32 58 12 0 0 21 2 0 71 48 0 32 0 0 0
 0 0 8 0 0 0 0 0 59 0 74 39 10 38 0 0 0 0 0 14 14 0 5 0 0 0 0 0 0 48 68 6 30 0 38 38 9 0 61 14 75 9 0 43 54 0 2 0 0 0 35 0 46 50 47 13 62 23 0 68 0 0 0 25 0 0 0 42 0 0 0 0 0 0 0 0 0 0 0 51 0 19 0 22 0 50 0 7 0 0 69 0 16 0 0 68 29 82 0 7 4 40 0 0 0 15 36 20 47 0 28 24 31 32 9 17 21 0 0 25 14 0 0 0 0 82 68 0 29 33 0 0 15 0 0 53 0 0 0 0 0 33 27 8 0 0 23 0 65 0 45 52 0 25 0 15 0 0 21 0 0 24 52 35 27 96 5 0 53 0 58 1 72 0 6 0 0 40 44 0 0 0 0 0 74 0 88 0 46 0 51 15 5 0 0 0 12 0 41 0
 3 0 14 0 59 0 60 0 0 0 0 10 0 0 3 25 74 46 19 15 0 26 72 0 47 0 0 0 0 0 21 27 0 40 3 61 0 0 0 97 0 0 0 53 0 0 42 24 0 0 42 0 0 26 4 0 29 3 0 41 0 6 36 25 0 11 11 17 58 1 61 44 0 64 22 19 13 44 8 0 36 7 0 69 0 50 0 0 11 5 35 0 0 0 41 0 38 0 5 0 19 0 0 0 0 0 66 19 56 47 0 0 54 56 25 0 0 0 67 29 0 0 0 41 91 66 0 13 0 25 0 0 32 0 0 2 0 0 0 25 10 0 0 21 0 19 0 0 30 0 9 15 50 0 59 28 8 20 0 0 46 8 14 0 0 0 4 43 0 0 0 0 0 23 91 84 0 38 0 0 0 25 0 5 0 8 9 74 0 0 5 0 56 33 0 0 0 38 5 0
 42 11 0 0 63 24 0 66 0 14 0 68 71 15 0 41 78 21 0 25 0 0 43 88 0 0 55 0 0 36 8 0 70 6 0 0 71 0 45 72 0 0 0 64 15 0 0 11 0 0 14 0 0 0 41 87 0 0 0 52 51 0 0 0 13 0 20 0 27 0 0 16 41 2 36 0 61 0 10 0 0 5 0 0 45 0 80 0 24 40 6 90 4 30 24 0 0 0 65 0 0 36 0 0 0 17 0 0 0 0 0 10 33 0 88 0 0 0 0 0 0 79 0 25 0 8 1 72 0 98 69 0 0 9 24 23 5 18 1 0 67 25 10 34 75 37 5 0 45 0 1 0 0 24 0 17 0 29 89 0 58 0 0 6 0 72 0 34 0 5 0 0 0 0 0 47 0 2 34 18 7 59 0 0 0 20 68 23 0 0 81 0 0 33 0 0 0 0 24 38
 0 0 3 9 0 7 0 48 39 0 0 7 0 0 12 0 1 0 54 41 11 0 0 0 11 22 0 0 8 0 3 10 23 0 0 81 13 0 0 5 0 0 62 30 0 33 44 0 0 0 0 81 32 39 0 52 66 70 0 0 0 0 24 0 78 31 0 0 47 0 70 57 51 0 25 42 0 0 69 0 47 0 0 0 10 3 26 0 0 0 0 0 71 1 0 0 0 0 15 0 86 0 4 0 0 0 31 22 9 99 0 0 0 0 5 0 26 0 0 0 0 11 22 2 24 76 65 0 15 32 65 1 52 0 0 23 7 24 27 91 0 22 0 0 21 0 0 0 0 53 96 5 0 27 0 5 9 35 0 18 17 32 33 77 17 0 21 60 76 9 22 42 1 0 28 20 11 0 1 30 0 12 9 0 49 5 0 1 0 35 0 0 0 4 5 45 0 0 0 42
 0 0 0 63 0 0 0 28 0 57 0 40 0 0 0 9 0 0 0 0 53 0 0 71 20 14 0 1 18 47 30 38 0 23 20 25 77 0 15 34 83 0 0 0 20 6 0 0 54 0 0 0 0 0 13 64 0 0 0 16 0 26 0 18 1 9 3 37 0 0 0 0 11 0 13 63 0 0 20 52 10 73 27 45 55 45 76 15 0 41 0 19 4 8 5 31 0 0 0 0 0 18 0 0 56 0 49 0 0 20 0 15 47 3 6 96 0 0 67 0 50 2 78 0 85 0 0 0 0 0 65 0 0 0 0 3 0 11 0 0 0 0 0 51 0 0 16 0 72 22 0 17 15 0 0 58 15 1 50 60 0 11 0 0 0 10 36 0 0 37 0 0 36 0 0 2 0 0 0 0 49 0 0 43 31 24 0 16 0 15 46 90 60 16 19 9 0 0 35 49
 58 3 0 3 4 23 28 22 12 0 94 0 0 12 3 0 72 0 0 15 39 0 0 14 0 0 0 0 32 25 0 33 0 3 6 0 0 95 13 32 0 4 0 34 2 0 47 46 40 18 21 19 19 57 24 0 42 26 0 11 27 0 0 26 0 58 0 65 53 15 55 28 9 68 0 20 0 0 30 12 13 0 0 0 40 0 18 0 57 25 26 7 0 0 0 0 0 0 0 0 44 20 42 72 0 28 0 0 0 0 84 0 89 35 27 0 0 0 0 0 0 0 0 0 0 0 0 64 29 51 22 0 0 0 0 0 26 13 0 30 0 0 0 0 0 0 45 0 0 1 9 32 0 42 0 28 0 55 15 81 0 27 34 35 0 0 72 1 0 20 67 0 0 0 38 66 0 0 36 0 43 0 19 32 19 0 89 0 0 0 0 23 0 0 0 0 0 0 59 0
 0 7 4 83 38 42 66 0 0 0 22 0 71 0 0 0 0 46 0 77 0 29 0 0 1 0 0 0 0 0 0 36 0 15 0 56 0 0 3 0 4 0 0 57 0 1 0 0 0 77 0 0 0 0 0 2 59 56 0 16 48 0 0 5 56 13 37 10 63 17 0 0 0 0 0 0 9 0 32 25 0 0 25 46 0 60 18 0 33 0 6 33 0 11 5 12 26 0 0 79 0 48 0 68 0 0 0 0 66 52 71 21 0 6 39 48 0 3 38 19 49 47 0 0 29 0 22 0 0 0 36 0 0 16 0 0 8 5 20 54 3 26 12 0 61 27 0 10 0 0 0 16 12 0 0 39 0 0 0 23 1 65 7 3 34 0 37 2 0 33 53 42 68 0 0 54 36 23 0 0 0 14 0 2 0 0 0 48 19 30 0 0 60 33 51 0 0 0 9 0
 0 0 0 0 0 68 62 0 6 0 0 20 17 33 29 0 0 30 17 0 36 0 0 68 2 0 49 21 0 61 0 1 0 48 54 0 26 0 0 0 26 0 3 36 0 25 8 0 0 37 0 0 5 0 64 0 0 17 0 33 33 53 0 50 42 3 32 37 0 0 2 79 0 0 6 0 29 0 0 77 2 6 0 65 1 29 0 13 25 15 0 11 0 0 0 45 44 49 0 29 64 0 22 48 0 15 0 0 86 0 22 0 44 0 26 47 4 0 82 16 0 0 0 14 66 10 0 7 0 0 0 44 19 0 0 0 0 34 0 6 0 64 0 35 0 0 68 61 0 57 0 25 34 54 4 15 0 0 0 0 0 97 9 9 11 0 59 24 0 0 29 0 22 55 76 0 13 0 38 17 0 0 0 8 40 39 8 0 65 0 49 0 8 2 15 81 39 0 0 0
 50 35 0 91 81 28 31 20 53 47 0 15 56 0 0 0 75 0 0 33 0 0 0 22 14 0 0 1 55 73 57 0 3 0 0 36 0 50 21 13 0 0 46 57 0 0 0 42 0 48 0 0 5 0 0 0 0 10 41 17 55 30 29 0 0 31 18 0 61 0 0 50 0 35 9 0 44 0 0 0 22 28 0 0 0 0 44 54 4 17 22 72 33 0 54 35 17 0 0 10 0 10 8 56 42 16 1 32 1 3 51 44 0 0 0 51 0 32 0 47 0 0 0 0 0 45 21 2 0 61 8 0 52 40 18 0 0 31 87 0 0 3 36 0 42 0 0 61 51 0 0 13 0 25 58 82 0 26 48 0 0 90 18 72 3 20 0 6 8 92 35 29 0 69 10 0 0 0 39 11 0 0 0 0 0 25 3 23 0 0 0 0 0 0 0 0 0 0 0 0
 0 0 45 0 0 72 0 0 0 0 0 0 0 23 10 1 46 36 39 0 0 0 0 56 27 29 0 7 0 0 64 47 55 0 0 0 0 30 14 0 14 53 48 94 34 0 0 22 44 0 25 53 31 0 0 0 1 0 71 0 32 15 0 0 39 75 13 4 0 38 0 33 0 4 27 0 0 0 0 95 26 78 8 40 0 8 27 34 8 34 0 16 42 0 0 37 63 0 0 1 0 0 67 0 50 76 16 44 40 0 0 0 0 0 0 40 27 0 0 2 0 60 21 46 0 7 8 45 0 13 0 23 0 0 15 0 23 0 11 0 46 32 0 20 0 0 64 0 0 0 0 12 24 5 0 0 50 84 21 0 15 57 25 0 0 0 0 17 0 59 0 30 0 0 18 0 16 72 0 0 0 0 0 0 0 42 0 0 0 0 0 8 0 0 0 0 19 46 0 18
 49 37 0 0 13 54 0 44 0 42 0 5 0 0 0 0 38 29 55 0 22 0 13 0 0 0 0 15 0 9 51 43 0 22 0 2 9 22 40 0 0 0 0 28 31 0 0 0 2 0 0 0 0 0 67 0 10 27 51 0 0 0 0 53 6 41 0 0 0 48 54 0 0 38 0 1 77 10 66 14 0 0 0 0 0 35 0 22 0 0 48 22 42 0 0 38 0 43 67 0 67 51 0 11 0 0 17 33 0 17 0 0 0 0 0 0 40 81 35 42 42 0 24 0 41 0 7 87 36 46 36 3 42 0 0 0 27 62 0 0 0 10 0 0 24 57 0 0 13 68 9 0 71 0 0 0 0 0 15 0 48 24 0 5 0 44 0 0 0 0 0 0 20 62 67 4 0 33 0 33 0 28 0 34 43 0 19 77 0 0 0 0 0 52 20 0 18 0 30 0
 85 11 10 15 0 21 33 52 0 16 0 0 0 53 25 1 0 0 0 0 16 59 0 71 0 78 42 22 3 0 0 0 0 0 31 20 0 0 52 0 19 0 8 0 62 0 6 33 32 0 0 0 23 0 5 0 3 0 37 15 1 0 0 0 32 12 0 44 42 22 0 15 4 33 2 0 0 0 77 0 9 0 0 0 0 0 0 0 0 15 49 0 20 13 55 52 0 0 0 0 31 4 0 27 0 81 75 13 6 48 0 0 10 0 71 0 0 0 0 25 1 0 0 44 13 53 19 0 64 71 0 20 0 0 59 0 0 12 0 0 85 25 0 18 0 0 0 67 13 69 0 0 0 27 0 0 0 0 0 0 0 56 0 0 25 24 33 25 0 33 15 0 0 7 0 80 90 0 39 0 0 0 0 0 92 0 27 17 40 0 0 0 0 30 0 55 0 13 0 0
 0 35 0 56 59 0 9 0 28 0 0 0 0 25 0 5 20 0 0 57 95 0 0 0 0 52 54 0 0 0 54 0 0 0 27 21 8 0 55 0 0 45 0 0 0 0 0 45 0 33 20 19 41 0 0 0 5 30 0 0 16 0 0 0 72 0 0 0 0 0 0 0 4 26 0 79 0 35 5 0 0 68 0 0 70 29 0 0 71 0 0 78 76 2 0 3 18 8 0 20 0 0 89 15 0 4 0 56 0 21 0 0 0 32 0 0 56 39 0 0 58 55 1 8 0 0 0 0 15 19 0 18 6 0 21 0 8 0 0 0 68 29 38 9 0 75 1 55 0 0 0 0 0 0 95 0 0 0 0 0 44 0 22 0 0 0 0 0 22 16 29 0 12 19 0 0 42 98 28 12 14 0 77 3 0 0 41 0 0 12 5 45 45 0 0 12 0 83 2 0
 0 0 11 14 55 21 93 0 0 42 4 0 0 56 0 12 0 39 19 0 0 16 80 0 0 0 3 66 0 29 66 22 0 95 0 35 0 33 37 0 0 37 0 0 10 0 92 27 68 0 0 40 35 10 6 8 0 0 0 33 0 19 0 0 0 0 2 0 0 0 7 0 0 54 41 26 0 1 0 0 0 0 0 0 0 0 34 0 12 0 7 0 0 0 0 8 0 0 18 6 0 0 7 0 0 21 44 0 0 0 0 72 0 45 0 64 6 0 0 6 19 0 0 0 16 0 21 0 0 2 14 0 0 22 30 0 12 0 0 0 0 0 0 11 0 0 0 7 0 0 57 38 82 0 0 55 19 0 51 35 6 20 68 12 24 0 22 0 0 54 0 24 0 0 62 28 0 0 13 22 0 45 10 3 0 0 90 0 0 0 19 0 36 0 0 0 0 5 0 24
 12 32 0 5 0 0 0 19 17 56 0 0 1 54 21 0 0 17 0 0 34 42 0 15 0 16 0 24 0 12 74 0 30 49 15 0 0 0 0 0 0 0 0 0 50 70 31 0 0 0 0 0 0 0 3 18 0 56 70 0 0 38 91 67 0 0 0 24 51 51 15 0 35 4 8 0 0 66 0 69 13 13 59 0 75 0 0 44 11 38 59 0 0 0 26 0 0 0 0 27 0 52 0 26 65 0 0 0 0 0 0 0 0 0 16 64 0 90 0 0 0 0 0 23 0 0 0 23 0 8 0 0 6 36 60 38 33 34 0 0 0 0 18 50 0 0 0 36 0 15 0 9 23 0 27 26 0 0 0 79 0 28 43 0 50 5 4 0 0 16 5 6 0 0 46 0 6 0 0 58 0 76 0 8 0 49 47 6 52 0 0 0 0 0 0 0 54 58 54 58
 38 22 0 4 37 57 0 0 0 0 23 0 20 0 0 46 33 0 23 41 0 0 3 0 0 7 0 32 63 93 0 0 0 43 0 0 0 71 42 0 0 77 0 83 94 0 0 26 85 80 74 59 0 11 0 53 0 0 70 0 11 27 0 9 51 38 68 42 0 31 1 0 42 0 18 3 50 0 0 49 0 54 53 80 10 0 18 0 25 0 0 0 0 0 57 20 0 13 13 48 0 51 37 5 0 0 50 32 0 0 0 39 14 0 55 24 4 39 1 33 47 0 15 0 0 49 0 1 0 0 94 0 0 32 42 0 0 41 25 18 10 0 0 0 38 1 0 67 0 30 8 0 0 0 0 13 7 6 0 0 44 0 0 0 0 27 53 0 49 0 0 9 37 25 35 25 61 0 78 14 27 0 34 0 2 0 14 53 0 0 0 65 65 69 0 0 0 11 0 26
 0 0 0 0 53 66 18 0 0 1 0 0 59 31 0 0 0 0 0 0 34 0 0 0 0 49 19 0 0 53 85 14 0 40 0 0 44 0 28 44 0 0 12 0 0 0 0 83 25 0 0 0 0 0 0 0 0 0 0 0 0 0 0 0 18 0 0 18 0 7 0 18 12 97 18 0 9 0 0 51 2 0 44 60 0 56 0 0 4 19 0 0 17 0 0 25 0 0 18 0 16 11 0 0 0 33 24 20 0 0 0 0 81 0 0 39 0 0 0 22 0 0 73 0 0 0 0 0 0 0 29 23 0 11 10 13 39 0 0 0 0 2 13 25 0 52 30 11 0 0 13 8 25 21 9 68 0 32 23 16 0 0 33 0 0 29 0 0 0 37 38 0 48 2 14 0 26 28 0 0 15 13 0 0 27 0 0 39 0 10 58 23 0 0 0 48 0 49 35 0
 0 0 2 2 0 27 25 41 0 0 32 0 0 38 0 0 0 0 7 0 14 0 0 0 0 6 0 0 0 0 0 0 0 27 0 50 37 60 0 33 0 3 0 0 0 0 5 55 70 0 0 0 1 0 0 48 0 26 1 0 0 20 0 0 43 25 69 20 11 0 77 25 16 0 0 0 0 0 9 0 0 3 6 0 0 0 0 0 31 0 0 45 18 46 0 79 21 0 12 0 0 43 28 63 54 0 59 55 67 5 3 9 67 0 68 19 3 0 0 0 0 0 49 0 13 14 0 9 0 32 0 0 84 28 0 0 24 91 0 0 0 0 13 0 83 0 0 49 0 0 0 23 64 6 0 0 44 0 0 0 60 0 0 0 0 61 38 11 0 13 0 54 59 0 6 27 10 0 0 8 0 31 51 0 37 3 1 32 27 0 87 0 44 22 0 18 0 3 63 0
 0 5 54 0 71 0 2 0 0 52 0 19 0 0 26 0 50 0 0 0 0 74 0 89 0 0 0 0 3 0 79 0 20 0 51 5 32 17 0 0 0 0 0 0 53 35 0 0 0 0 0 0 0 15 4 75 0 0 65 0 0 18 54 22 29 49 0 0 38 0 23 0 0 0 0 1 34 97 16 0 66 6 0 87 0 0 0 0 84 24 0 14 25 0 8 32 23 0 19 46 28 0 0 0 0 0 0 0 0 31 0 53 0 6 3 10 40 0 0 0 0 8 0 20 0 0 2 0 0 0 0 0 0 0 0 0 0 0 0 8 0 92 0 41 8 16 0 0 0 52 0 0 0 0 14 73 0 0 0 69 0 0 0 0 3 43 0 5 66 0 0 0 0 41 9 0 91 0 0 0 29 15 12 25 0 30 0 0 0 50 0 17 14 14 0 54 0 81 54 57
 0 0 0 33 54 38 74 31 42 31 0 0 4 0 0 0 3 0 0 13 0 46 0 0 0 0 0 0 59 0 20 0 0 0 0 0 53 30 52 37 17 0 0 0 27 8 13 1 0 0 0 19 57 0 0 0 21 18 0 0 0 100 0 0 8 15 0 0 71 0 1 66 0 41 0 0 0 34 81 0 0 0 0 0 0 0 0 0 17 0 31 4 58 0 0 0 60 62 0 0 0 0 38 0 0 20 0 0 0 82 72 48 0 86 72 40 22 0 0 24 0 8 56 16 0 0 31 83 0 0 0 40 0 20 0 43 33 15 9 0 27 0 0 0 97 0 0 0 0 18 9 20 38 0 38 30 0 0 0 14 0 0 0 27 23 0 41 6 0 0 0 27 0 81 11 0 0 39 53 16 0 0 0 0 39 0 0 14 0 59 0 19 49 0 59 38 84 16 0 14
 0 9 0 16 56 21 17 0 3 0 0 37 21 0 3 59 40 32 44 14 47 0 39 25 7 0 0 77 15 0 55 51 32 0 0 0 0 0 0 0 17 0 0 0 0 17 53 0 13 55 37 9 0 22 17 5 63 0 41 0 0 14 0 0 0 0 12 73 0 0 0 25 12 0 0 0 73 0 0 0 50 60 0 45 59 29 51 18 0 0 33 61 75 0 0 0 25 36 4 0 0 0 0 0 27 7 0 46 0 0 0 0 0 0 0 33 26 10 21 0 0 42 12 0 0 13 0 43 51 22 0 22 5 24 0 0 15 0 0 81 3 36 50 55 42 73 0 0 0 0 17 0 33 0 15 20 52 0 46 50 19 0 2 0 0 27 0 0 0 0 10 38 0 0 0 0 70 16 12 0 36 31 0 0 43 50 0 0 0 3 5 0 0 0 0 31 67 30 0 0
 0 0 0 14 0 0 18 2 27 22 0 20 39 0 2 0 0 0 14 0 6 0 0 72 0 0 46 68 29 0 15 0 0 54 0 0 0 0 4 0 0 42 70 52 0 0 0 47 30 32 40 16 0 10 0 12 0 40 8 26 19 0 0 2 46 8 0 7 0 0 16 0 75 100 37 0 24 0 53 0 24 0 0 85 0 11 0 41 0 2 30 0 29 0 51 0 0 0 0 48 0 0 0 0 0 0 16 0 0 41 0 1 8 0 0 0 1 12 0 31 9 0 58 14 0 83 44 67 0 73 7 92 0 0 0 45 0 0 38 42 0 0 0 13 0 15 0 14 0 0 0 0 0 0 45 68 7 0 0 50 4 65 0 21 0 0 0 0 14 42 0 67 0 0 78 0 0 0 0 0 0 41 0 6 34 7 94 40 0 0 0 0 30 25 0 0 3 0 0 0
 0 0 2 33 0 0 32 0 0 0 0 0 0 0 52 76 2 27 0 41 44 0 16 33 0 0 0 0 0 0 70 0 43 0 2 0 75 22 22 4 0 0 0 66 0 0 0 78 9 0 10 46 28 0 51 69 0 50 37 66 0 0 61 0 0 2 98 0 0 28 11 0 2 67 0 0 0 0 8 0 0 0 0 41 27 0 0 35 0 21 0 9 0 0 66 14 0 0 0 0 15 0 10 57 4 0 0 17 0 60 0 12 41 13 13 0 3 0 41 0 0 8 56 0 0 32 0 0 62 0 0 1 27 0 43 0 0 0 0 33 0 8 37 0 0 0 0 11 26 16 22 0 0 53 49 83 29 0 0 0 0 0 0 11 0 6 0 0 0 0 42 0 7 0 16 0 0 45 35 0 0 0 0 53 0 4 0 89 0 0 0 0 0 0 0 11 0 19 0 14
 43 17 63 66 0 29 0 0 0 0 0 4 0 0 0 0 0 6 0 39 58 0 0 0 77 7 16 53 35 29 0 0 0 0 2 38 0 14 0 0 0 0 60 14 19 0 41 0 0 0 32 24 84 1 0 0 81 70 19 0 0 0 0 8 51 56 0 61 0 0 31 5 0 0 0 0 25 16 0 0 0 32 8 0 0 15 0 48 38 0 0 43 13 0 0 47 0 0 54 11 0 0 51 43 0 0 0 0 0 67 0 0 38 16 0 0 19 0 24 0 0 0 45 49 13 0 56 82 0 5 3 38 12 0 0 0 0 0 0 2 12 85 12 0 0 0 0 0 33 35 0 42 0 18 0 0 0 30 58 0 59 0 0 0 19 0 41 18 41 63 70 0 0 8 29 52 0 60 23 0 2 33 0 15 23 8 89 48 6 0 0 0 19 0 0 31 0 0 71 35
 20 12 32 0 0 0 54 5 0 0 0 88 0 0 9 0 56 0 0 43 0 46 74 52 0 0 21 0 36 30 8 0 0 0 0 0 21 68 0 84 48 0 0 0 0 19 1 36 0 38 15 2 0 32 9 24 0 19 21 0 6 95 0 79 5 0 29 12 23 25 0 47 0 0 0 0 0 11 21 0 33 0 0 0 67 0 8 0 0 0 7 17 0 53 0 0 49 83 47 41 14 41 77 0 21 0 28 0 0 47 0 5 0 0 0 0 15 12 18 0 0 0 0 27 0 0 3 0 44 11 42 0 3 39 30 37 37 0 54 23 0 0 0 0 47 0 0 58 83 0 0 0 85 0 7 0 0 0 9 73 0 0 24 65 37 47 5 36 0 0 36 0 6 19 6 41 42 0 21 41 73 0 5 0 0 0 29 44 73 37 4 13 28 25 0 0 0 0 45 0
 0 65 0 25 0 0 37 0 9 48 0 2 8 0 0 11 78 16 0 38 0 27 21 54 0 49 0 0 80 0 0 54 70 8 0 33 64 6 36 12 0 35 14 20 42 4 45 0 0 0 31 13 0 55 0 73 1 0 0 76 12 30 42 0 32 0 0 5 0 0 5 92 0 0 41 0 32 0 28 84 6 0 34 42 66 54 85 8 0 5 47 30 0 35 0 16 3 0 0 5 14 0 49 0 0 0 0 6 1 24 0 0 2 0 0 51 0 56 25 0 37 0 17 41 0 0 0 12 12 52 31 0 37 0 57 62 0 8 60 43 2 0 2 57 28 0 0 0 0 0 21 0 0 90 0 0 0 0 47 2 0 0 0 0 0 0 0 0 35 0 14 76 0 32 85 23 9 0 0 4 22 0 0 8 14 0 42 14 18 0 80 0 14 0 29 0 12 0 0 1
 35 25 0 62 0 19 62 0 0 0 0 11 38 56 71 0 43 8 3 0 0 31 0 0 0 21 49 6 0 0 0 51 0 0 5 0 0 81 12 0 0 52 58 20 61 28 0 0 0 0 41 0 18 0 0 18 0 0 1 34 0 51 2 0 52 0 9 46 12 32 0 0 0 0 0 0 56 0 19 44 44 26 0 65 45 0 39 0 33 0 14 57 46 1 0 24 0 0 0 47 0 63 51 1 0 0 0 0 14 0 43 0 27 48 31 26 0 1 0 86 29 0 56 62 0 0 3 0 13 42 0 66 50 32 70 0 0 0 41 7 4 31 0 7 0 60 0 66 43 53 7 0 39 0 19 0 25 45 0 0 0 0 0 0 0 0 32 88 26 0 0 4 80 7 0 86 40 0 1 0 0 0 2 0 0 18 31 74 1 0 48 50 0 19 0 56 72 25 0 0
 0 20 7 0 0 0 27 14 13 0 30 0 0 0 31 0 0 0 0 64 0 0 0 2 0 0 1 99 0 0 2 0 0 0 0 0 0 20 0 0 0 0 0 0 8 0 0 44 0 0 0 0 36 0 35 32 8 49 0 82 0 79 0 0 70 13 68 60 4 0 31 0 25 0 36 0 0 11 3 0 0 50 0 0 26 0 26 0 4 47 0 0 9 0 0 0 3 0 24 0 3 6 6 60 0 48 0 5 0 0 0 0 42 0 0 0 0 0 41 0 3 25 68 19 0 65 46 0 0 0 0 14 55 29 53 55 57 77 14 10 0 51 11 81 0 27 20 0 0 48 8 0 0 0 0 0 53 0 0 0 0 0 37 0 22 0 0 55 34 0 1 0 0 64 36 52 20 0 0 1 0 17 0 0 0 61 0 89 0 0 0 7 90 3 0 0 0 0 7 0
 57 0 28 0 0 9 0 85 0 2 2 27 1 0 19 0 0 0 0 0 0 0 0 0 20 0 78 0 0 24 8 77 0 0 0 0 63 73 3 0 4 52 0 0 70 37 34 0 18 9 0 78 0 1 56 0 35 14 0 0 62 0 56 0 0 16 67 0 10 0 0 41 69 14 2 10 51 0 0 0 57 0 0 0 66 0 10 0 37 55 0 0 44 0 0 67 15 44 0 0 26 0 0 18 24 0 46 15 0 72 7 57 51 9 0 91 0 56 4 19 86 29 0 68 0 0 67 0 0 26 0 73 27 2 48 0 0 0 0 0 0 0 8 52 1 53 0 29 0 0 0 0 62 0 0 0 46 0 0 16 78 13 11 18 0 0 0 0 0 0 19 0 0 34 9 0 0 25 53 19 0 38 0 0 21 83 0 48 11 0 12 0 0 20 0 0 1 18 0 55
 0 2 22 14 0 0 40 0 0 7 76 0 0 0 0 32 69 0 41 29 0 0 13 0 53 0 0 28 0 0 0 65 0 76 41 81 0 8 0 0 0 1 7 27 0 0 11 0 0 0 0 0 55 0 0 0 0 0 0 0 0 0 0 0 6 0 0 0 0 0 0 62 0 0 9 0 6 78 8 4 5 62 0 0 0 41 0 54 13 40 29 67 0 0 0 0 47 30 78 0 0 0 20 20 42 0 8 36 14 0 0 0 0 84 4 5 87 0 0 18 42 0 13 4 0 10 0 0 18 20 0 52 0 0 0 0 0 70 10 20 2 65 76 0 34 0 0 0 69 32 0 2 0 0 0 24 0 0 0 25 20 0 17 0 0 19 48 43 0 0 19 0 0 76 27 0 26 35 23 58 2 70 16 51 0 13 55 81 26 61 0 21 54 77 91 48 20 0 0 5
 23 0 88 0 0 77 0 0 0 29 44 0 0 43 0 0 35 53 12 0 65 0 0 17 63 5 46 0 17 17 5 9 2 23 0 72 0 10 0 11 0 0 79 0 0 0 25 4 0 0 0 73 0 74 90 33 0 17 29 0 48 0 38 58 0 22 0 0 0 57 36 32 39 0 50 0 0 36 0 0 0 20 7 3 0 0 38 50 0 35 0 76 15 0 0 0 0 0 0 57 28 76 74 46 0 0 0 24 40 0 0 61 4 0 0 45 44 82 2 0 74 35 46 29 7 1 0 24 0 0 0 0 0 12 0 46 79 0 12 0 9 0 7 0 39 10 26 24 12 38 55 9 44 0 21 82 0 28 0 0 0 13 0 35 14 2 5 18 0 0 42 1 0 27 92 47 0 0 67 10 31 0 0 0 0 0 91 0 0 1 47 0 14 35 0 60 0 0 64 67
 0 0 0 0 39 20 0 0 44 0 0 26 0 0 0 0 15 0 5 18 29 41 0 27 70 0 13 6 12 0 67 0 20 0 0 0 4 0 13 0 0 47 0 0 0 31 0 18 16 39 63 0 0 51 0 0 17 35 22 88 0 0 10 1 59 0 0 0 0 0 18 16 0 36 0 50 0 5 0 14 20 0 0 0 31 0 0 0 0 47 0 34 0 39 0 0 0 0 17 32 0 0 14 0 0 33 24 0 0 0 0 0 0 0 43 28 93 57 59 0 0 19 43 54 48 0 13 26 12 0 24 1 0 0 11 23 65 0 0 0 25 0 16 0 0 0 26 0 0 55 37 52 0 13 40 36 12 0 0 0 37 20 40 16 0 0 68 68 13 8 7 26 0 87 0 0 27 79 59 0 9 45 9 35 0 0 0 3 35 37 0 0 11 0 0 9 3 49 0 8
 60 44 39 9 42 48 0 0 38 0 0 36 66 22 31 0 0 0 35 1 57 0 0 0 58 0 0 54 74 0 0 8 40 0 40 36 0 0 42 16 21 17 18 0 9 15 88 0 0 0 66 0 0 55 20 0 0 21 73 0 0 0 60 56 0 0 0 47 28 63 6 0 0 0 0 0 0 19 0 0 67 0 22 31 0 1 0 0 0 6 10 71 89 18 0 26 8 12 0 67 30 35 0 43 19 26 4 22 11 62 4 0 37 6 0 47 0 24 0 0 29 0 0 18 32 41 0 0 13 0 61 16 0 2 0 17 0 0 0 18 0 10 19 40 0 58 0 0 0 0 5 0 0 6 9 0 21 17 0 0 0 0 0 0 33 40 0 94 50 33 59 11 27 19 0 55 0 0 0 0 0 0 0 0 0 0 33 0 79 44 28 0 5 0 41 8 0 75 67 5
 0 0 50 0 0 0 0 0 64 63 63 6 78 0 0 0 52 0 47 71 0 57 0 0 0 17 27 36 5 28 39 0 63 38 45 0 1 15 9 0 0 0 0 1 0 26 0 0 28 0 0 67 0 0 47 22 0 56 0 90 63 0 10 87 34 26 0 41 28 0 0 19 23 39 43 5 0 52 0 0 0 10 0 0 0 0 0 0 46 0 8 58 0 31 0 38 0 77 86 0 0 64 46 34 0 0 53 44 0 0 30 0 46 6 0 0 0 0 0 0 0 56 0 0 0 23 5 0 0 54 0 0 15 0 6 0 68 23 5 39 38 12 26 0 0 10 0 0 41 47 39 79 0 0 82 0 0 12 40 0 0 0 0 0 14 0 0 0 42 0 0 0 33 63 41 0 3 0 32 0 7 0 0 0 77 23 41 47 0 0 30 42 0 43 24 0 56 0 79 69
 22 0 0 7 0 0 0 0 0 38 57 26 0 0 10 0 0 0 0 4 0 0 7 3 61 0 17 0 40 84 47 0 0 0 47 0 32 41 4 55 0 0 0 0 0 30 31 0 0 0 13 61 0 0 0 15 6 0 0 0 0 0 23 0 10 27 0 0 27 23 0 1 18 93 0 0 0 0 55 0 32 0 0 45 0 0 0 0 22 37 0 0 11 0 69 22 0 19 0 0 0 17 42 23 13 37 4 0 12 32 30 20 0 83 6 0 11 0 28 39 2 0 0 0 0 44 0 0 45 46 36 44 1 0 0 0 25 44 0 0 59 16 49 5 5 3 0 0 0 0 0 0 0 37 25 54 68 42 67 0 0 0 0 0 9 43 3 0 0 0 7 1 7 5 0 8 68 18 0 0 0 9 27 0 0 8 50 0 0 4 0 16 18 0 0 0 0 0 0 18
