200
 15 0 5 53 26 0 0 0 64 0 0 0 0 41 4 12 92 0 0 0 21 11 0 0 0 0 0 0 0 0 0 57 89 0 25 0 0 56 14 64 0 0 0 24 47 50 58 0 0 52 6 58 0 0 0 18 18 0 76 0 0 0 9 0 0 0 0 25 0 0 0 0 3 35 0 0 60 0 41 0 0 0 46 66 0 0 0 74 0 11 72 20 35 0 14 26 3 25 0 0 0 32 0 0 0 0 18 0 62 0 0 46 0 0 41 0 0 0 0 0 54 0 0 1 0 0 0 0 0 7 12 0 0 58 65 0 46 0 0 0 9 63 58 82 11 64 66 0 0 0 0 0 0 51 3 0 0 0 0 59 4 0 0 31 0 96 2 52 0 0 0 4 16 0 0 0 0 0 52 82 2 0 0 21 0 0 3 13 0 0 34 0 0 0 0 25 0 38 7 26
 86 34 0 0 0 0 10 0 0 0 0 66 0 0 47 0 0 25 16 38 0 0 23 0 24 1 0 53 0 58 0 0 68 48 0 0 47 5 0 0 64 25 0 49 83 16 37 34 0 0 61 0 33 55 50 11 37 0 0 9 50 0 0 35 29 34 0 6 35 0 0 38 0 23 37 0 33 36 0 70 2 10 9 0 18 0 20 0 17 61 0 0 41 7 0 0 0 0 0 20 0 0 19 6 76 3 42 0 0 0 0 0 0 78 0 0 16 5 65 0 0 29 0 45 0 33 0 0 0 43 0 0 72 0 39 0 53 2 16 0 0 5 32 1 15 34 7 0 59 0 0 0 64 0 0 0 20 18 0 0 59 32 0 0 23 0 0 0 0 45 48 40 0 52 31 0 0 0 36 0 6 25 0 22 13 26 0 0 0 15 18 57 37 25 0 0 0 79 19 52
 0 2 88 0 0 58 0 23 0 0 0 10 0 0 0 0 49 0 0 0 56 47 32 21 0 82 47 0 28 75 30 84 57 0 3 0 0 88 82 0 33 65 22 0 25 36 78 91 57 0 0 0 0 0 27 0 19 72 0 0 39 0 29 45 0 1 10 0 9 13 25 13 0 60 2 33 7 9 0 0 0 0 0 0 0 0 29 26 0 64 42 0 0 27 0 67 80 0 85 0 15 16 0 0 6 23 0 0 0 0 0 0 0 56 7 45 0 0 22 0 25 64 44 0 60 27 0 15 24 17 0 0 42 36 0 35 18 0 0 42 0 37 50 0 0 0 9 0 0 0 17 0 58 0 5 0 0 0 35 0 12 8 0 0 0 15 17 0 50 10 6 0 75 0 0 45 35 0 79 69 24 0 15 3 0 34 20 57 0 22 0 95 0 54 0 0 0 0 0 0
 0 42 51 50 30 0 0 11 0 7 0 17 0 8 0 2 24 7 0 9 0 0 0 11 31 0 0 0 1 0 0 39 34 24 0 3 15 74 24 18 82 0 0 77 10 0 29 0 0 0 0 0 28 0 0 10 0 0 22 0 31 65 34 22 0 24 0 0 0 0 1 2 0 12 56 0 0 0 0 49 35 1 92 0 0 2 0 0 32 72 0 0 0 0 10 46 70 17 63 0 0 0 0 47 0 0 0 0 0 3 67 17 60 32 1 18 44 69 15 0 0 0 0 0 0 62 22 2 0 40 0 0 0 65 0 0 20 28 0 0 33 0 0 0 67 54 0 16 0 45 0 0 15 0 2 26 12 0 0 45 47 30 0 0 25 27 0 36 0 0 64 83 0 0 44 0 0 48 0 0 0 0 0 11 60 42 22 5 0 20 0 40 0 0 0 12 33 14 38 15
 0 43 67 0 46 22 50 0 31 0 20 33 0 25 24 12 66 13 9 0 2 0 0 10 0 0 0 0 0 67 35 27 16 5 0 0 0 17 59 0 0 0 0 46 28 0 0 0 39 57 0 0 23 70 0 47 8 57 56 45 0 47 0 0 0 65 0 2 0 10 0 19 54 42 53 0 18 41 11 0 28 19 32 16 0 24 0 0 0 9 5 0 25 0 0 29 10 0 14 42 0 35 14 0 14 0 0 0 0 0 52 0 0 0 18 0 0 0 33 31 0 38 12 9 0 0 87 16 0 11 90 0 0 0 0 0 59 50 0 0 31 66 0 0 28 54 0 38 0 0 34 63 0 3 0 11 0 11 0 0 4 22 65 1 0 0 0 94 59 7 54 25 14 0 0 65 0 8 79 23 0 51 0 0 0 0 72 0 7 85 0 0 0 27 31 32 0 0 0 38
 20 34 0 16 0 61 0 0 0 0 17 55 32 0 89 0 37 47 3 8 0 0 0 23 0 0 86 0 0 0 0 0 19 0 27 0 4 40 50 0 0 0 0 69 0 0 20 0 0 36 0 0 0 0 15 26 0 0 0 30 0 21 7 0 0 0 15 0 18 0 0 0 76 42 0 11 32 27 76 0 40 0 0 0 0 0 85 0 49 29 35 5 0 0 8 0 0 74 0 78 0 20 10 42 54 0 75 0 0 0 0 33 57 0 54 0 0 50 0 5 0 9 61 48 19 60 16 0 43 24 6 0 20 0 0 0 7 0 12 83 2 36 0 0 0 0 0 0 0 0 28 77 0 0 0 15 0 83 0 50 0 0 34 35 11 99 32 0 27 17 29 17 0 0 0 43 0 0 11 0 0 0 28 55 7 0 0 48 30 56 10 31 0 87 72 0 7 7 34 0
 0 0 9 26 0 68 6 28 0 0 0 41 0 0 0 0 0 0 0 26 16 25 47 9 34 2 0 11 44 0 12 49 0 0 0 31 24 0 13 0 12 0 0 15 0 3 0 0 0 18 19 3 3 0 24 77 4 56 0 0 0 0 0 0 0 30 0 2 0 0 30 0 0 0 0 0 35 0 0 0 0 0 0 0 0 0 86 58 0 0 8 0 15 46 22 16 59 8 0 1 69 8 0 0 2 23 11 0 57 38 0 0 0 35 13 20 20 0 0 11 28 0 0 0 0 16 41 0 27 6 0 0 10 0 0 41 0 15 0 32 12 0 5 78 0 16 7 0 27 0 4 0 0 0 68 16 0 0 62 0 0 93 62 29 38 24 0 0 13 0 38 19 0 0 9 0 0 13 62 0 0 0 30 0 0 0 0 24 3 0 0 0 45 0 0 0 0 0 0 0
 0 2 0 0 51 0 0 24 14 0 0 58 0 0 12 0 0 48 7 29 0 51 33 11 0 0 0 0 0 2 0 9 0 0 7 0 51 14 10 36 0 25 0 23 79 0 0 0 6 0 0 0 52 0 0 9 0 2 0 0 48 0 0 0 22 30 5 28 19 0 5 64 23 0 1 0 53 0 40 2 82 15 0 1 49 0 0 48 0 0 18 0 0 0 24 67 0 65 50 54 0 54 37 0 0 61 2 0 4 0 0 0 0 0 40 0 21 0 76 0 0 0 0 0 19 0 0 0 62 0 0 76 0 0 55 46 36 0 0 19 59 0 10 0 7 0 0 75 13 0 0 0 7 13 12 32 22 3 0 16 2 16 43 13 6 33 0 0 0 5 12 20 0 37 27 26 0 0 6 0 19 0 6 5 12 0 0 0 24 0 0 0 2 24 0 0 80 51 0 65
 0 78 16 1 0 0 54 0 47 0 0 47 84 0 0 12 0 0 0 0 0 40 0 34 23 31 0 50 0 86 0 15 0 52 0 5 0 0 7 37 0 39 32 0 0 0 1 0 0 0 0 0 23 30 10 0 24 0 22 0 42 8 38 0 3 28 0 0 70 72 67 72 1 13 0 0 42 0 31 3 0 0 0 0 58 24 0 40 21 0 26 4 0 0 0 0 49 0 30 0 0 0 0 0 0 0 0 15 76 13 0 19 0 0 2 0 0 16 3 0 0 0 6 32 0 58 2 0 0 64 20 0 0 0 21 0 36 45 0 0 37 2 59 0 42 16 20 59 7 0 0 8 40 0 6 0 0 0 0 28 0 30 0 0 0 73 61 33 0 25 58 0 0 0 0 0 62 79 34 0 0 49 62 0 6 0 19 0 0 9 3 0 0 47 36 0 0 0 0 0
 66 28 10 0 73 63 7 53 20 34 0 20 0 0 46 0 42 18 18 0 16 55 18 18 46 0 13 29 3 0 0 0 44 95 15 0 0 0 26 26 5 1 25 0 0 0 0 0 0 5 0 0 0 8 0 26 0 0 0 4 0 8 0 0 32 15 51 19 20 0 30 0 0 1 6 32 28 29 7 19 0 0 0 24 0 50 16 0 0 85 17 0 0 0 0 0 68 47 60 0 19 0 42 0 5 0 0 67 0 0 0 52 69 50 33 10 37 19 0 34 0 0 19 50 69 0 0 18 0 30 0 0 0 0 0 0 0 89 0 72 0 70 8 61 0 0 0 0 0 0 0 16 34 0 0 0 0 81 44 75 35 0 51 0 0 9 0 0 6 0 0 0 0 0 0 0 0 0 0 0 74 4 32 2 3 52 0 5 0 72 29 17 0 0 0 66 27 0 0 0
 15 6 24 23 0 0 2 3 43 2 86 25 69 0 0 0 0 70 45 0 0 0 40 0 0 0 88 0 30 24 20 34 0 77 0 0 0 0 0 0 34 0 0 0 0 0 0 0 0 0 94 20 18 83 35 0 0 33 65 15 33 0 37 8 44 0 0 55 65 63 78 32 0 0 0 0 0 0 0 8 25 0 95 0 0 1 0 0 56 0 0 22 0 6 8 17 50 37 0 4 0 27 0 88 0 23 0 44 0 56 24 0 88 25 10 0 0 0 2 0 0 5 39 36 0 30 0 0 11 97 0 0 0 0 6 6 71 11 0 24 0 95 0 0 11 30 33 20 16 0 0 38 0 17 44 17 0 3 67 0 0 42 0 88 6 0 0 66 3 12 0 0 13 35 50 0 0 0 73 2 29 6 45 19 0 16 0 25 0 30 8 0 0 0 10 0 13 52 0 0
 45 0 0 0 0 0 0 0 0 0 0 55 55 2 5 0 83 5 0 15 26 73 0 32 0 0 88 3 63 0 0 51 0 0 0 13 55 0 0 0 0 12 0 0 42 37 0 76 0 40 36 3 0 53 0 0 0 0 36 24 38 0 24 14 0 13 0 0 20 74 5 0 0 0 0 59 0 0 0 0 0 78 44 0 0 0 15 19 1 0 52 24 18 2 0 41 2 0 20 18 55 0 9 0 0 10 0 52 48 28 0 0 0 0 36 0 0 56 0 0 0 0 67 65 0 0 39 72 0 62 41 0 0 35 16 0 0 30 38 24 5 49 0 0 0 0 0 82 48 0 0 0 4 31 0 0 0 0 0 0 55 21 56 0 0 0 49 38 27 0 0 0 0 0 87 43 5 0 0 7 7 25 0 0 54 59 63 43 0 0 0 0 16 29 0 0 0 0 12 0
 2 34 10 39 20 0 58 39 0 0 0 0 68 0 10 0 0 0 37 9 0 0 2 27 8 10 0 50 6 0 59 45 0 1 0 10 0 25 28 0 68 0 0 61 58 41 0 99 24 0 31 72 0 0 0 5 25 0 13 0 0 0 0 0 0 15 0 3 9 4 0 0 15 0 14 19 0 0 0 23 0 0 26 31 0 54 9 3 34 40 0 0 0 0 59 14 0 16 0 2 0 0 33 0 17 16 0 40 0 5 0 1 47 0 0 0 53 0 29 0 79 0 0 4 0 7 11 19 24 0 4 0 0 0 0 0 0 0 50 76 64 80 0 0 0 73 0 31 0 7 0 0 0 0 0 0 0 0 25 0 0 42 0 0 0 0 3 12 28 0 76 70 73 0 0 7 15 59 49 65 14 0 0 0 0 0 0 24 0 36 69 44 1 0 42 46 0 0 6 0
 0 64 6 0 0 2 18 46 91 33 26 0 91 17 0 19 34 0 0 0 0 42 0 0 0 15 32 0 0 0 80 56 52 36 25 0 15 0 20 0 17 73 64 0 23 0 18 0 23 0 0 0 7 13 0 0 0 0 0 66 11 0 6 0 25 0 30 0 0 5 25 0 54 0 15 17 0 0 0 0 0 23 0 0 5 6 0 0 0 14 0 0 29 0 0 24 26 0 21 0 0 0 22 31 0 0 47 51 75 0 98 6 0 42 45 9 19 0 0 70 0 65 0 59 0 7 0 25 19 0 0 43 0 38 0 0 0 38 55 0 77 0 0 0 0 7 0 66 0 12 74 19 0 0 65 0 65 43 20 6 0 46 0 69 63 0 24 0 36 26 26 25 81 84 0 0 0 0 26 65 12 0 74 0 0 40 31 0 1 27 82 0 25 0 0 46 18 16 66 47
 0 0 12 40 0 0 5 0 17 0 38 0 0 76 2 51 15 0 7 0 0 0 0 29 0 0 14 0 0 27 50 9 24 52 41 8 0 24 44 0 0 24 0 0 0 0 81 0 7 51 0 0 0 27 31 0 33 29 0 49 0 0 19 0 15 33 11 0 36 0 12 0 40 38 0 91 22 10 12 0 26 0 0 18 13 0 1 3 0 0 0 26 75 0 21 3 26 24 0 0 0 0 0 8 20 0 22 36 0 26 0 40 0 25 6 54 0 0 12 8 3 34 14 68 10 0 32 62 0 1 72 20 0 42 0 12 80 32 0 50 0 0 34 0 0 0 25 0 16 0 47 0 3 33 1 0 8 0 0 0 0 48 0 29 0 41 0 0 43 0 0 0 16 37 0 0 0 0 0 20 0 24 3 80 31 0 39 57 24 0 0 0 0 35 35 76 10 0 0 0
 0 18 22 0 0 18 27 55 0 21 61 44 3 0 0 37 76 6 1 0 0 37 0 39 51 25 11 21 0 0 44 49 71 0 0 30 0 1 62 0 7 0 2 0 72 0 0 0 26 0 11 0 0 16 29 0 4 1 5 0 56 65 0 0 88 6 0 0 0 0 0 0 53 0 36 0 0 0 56 66 18 9 0 38 0 0 0 45 0 6 14 14 65 0 12 0 26 7 6 15 0 48 0 0 3 0 26 0 0 0 0 0 0 0 6 0 46 15 21 0 27 8 19 0 45 9 0 0 0 0 32 49 0 0 3 0 0 7 0 0 0 38 0 1 62 26 45 0 0 62 34 2 2 0 55 19 33 0 0 37 0 15 0 41 1 0 0 0 0 0 0 4 44 0 0 12 21 17 0 24 50 89 15 0 2 14 0 0 49 0 8 0 0 0 8 30 25 63 24 5
 0 15 0 0 0 0 61 49 32 0 43 0 70 0 0 0 88 0 57 5 5 42 21 12 71 0 0 16 0 55 55 23 14 0 52 21 0 14 75 25 0 77 78 7 39 0 27 0 10 7 0 0 0 62 55 0 27 77 34 45 0 28 0 52 21 0 0 0 59 0 6 0 5 0 0 7 0 51 0 15 0 47 0 0 0 14 0 0 0 35 23 0 29 38 0 0 24 0 0 10 38 70 23 12 0 0 54 55 0 0 0 0 24 34 24 0 0 0 38 0 0 17 17 1 88 54 60 0 0 61 0 0 0 0 0 42 0 0 0 0 23 0 0 0 59 0 11 48 0 22 0 12 16 16 28 60 10 22 9 0 7 0 0 0 0 0 0 0 9 0 2 0 0 0 0 16 0 0 8 26 0 51 0 16 0 61 20 37 0 0 0 0 0 0 35 36 0 31 8 26
 55 0 71 0 0 0 12 0 28 0 0 0 17 73 19 0 90 43 0 9 0 8 0 39 0 0 0 0 13 0 4 73 68 0 0 3 0 57 0 0 0 27 0 0 0 51 0 0 0 0 37 52 0 0 6 0 54 0 51 18 0 37 30 0 29 51 42 4 19 0 0 0 35 0 12 0 0 20 40 0 0 53 0 0 89 22 0 0 61 0 72 35 0 0 0 0 0 0 0 0 0 0 38 70 0 0 0 0 36 0 16 47 0 0 0 0 0 24 0 0 0 77 30 0 0 0 21 72 69 0 54 30 89 87 0 20 0 0 86 0 0 0 0 0 0 68 0 22 0 53 0 81 0 34 3 53 0 0 2 26 5 0 91 92 0 0 71 0 78 0 85 0 0 0 19 7 0 25 0 0 18 26 0 0 0 74 44 0 0 6 0 21 10 0 0 41 0 65 0 0
 22 0 45 55 0 0 14 0 23 0 0 42 0 42 0 0 0 13 33 54 0 14 63 21 0 0 0 0 1 0 34 0 74 2 8 20 0 32 8 59 0 0 5 61 24 45 1 54 21 0 59 2 19 0 64 60 3 54 0 0 21 0 79 0 2 0 14 33 0 0 0 0 54 55 12 0 20 0 0 20 84 3 0 24 45 3 39 0 5 0 10 0 0 39 0 49 0 4 35 35 16 46 0 62 0 0 0 0 0 0 0 0 0 33 0 0 0 6 0 0 15 0 0 0 15 2 35 55 73 50 22 18 0 24 87 0 0 0 0 28 54 34 45 0 14 0 44 60 0 0 36 0 26 7 0 11 11 44 0 9 64 82 0 22 2 25 0 0 65 29 26 0 0 0 14 0 0 0 0 41 0 28 59 53 0 0 0 0 4 30 0 0 0 24 0 30 0 12 0 0
 35 0 4 0 21 0 0 0 0 69 6 0 0 1 60 29 0 0 0 84 0 0 12 83 33 0 0 10 0 1 25 0 69 83 5 20 0 0 0 10 39 0 59 23 0 0 3 0 10 0 79 60 0 0 0 87 0 44 0 2 65 6 23 0 27 0 0 0 11 45 41 33 0 0 0 0 0 0 0 7 0 12 0 2 0 71 0 0 68 27 39 92 69 0 0 6 39 68 0 59 58 34 68 0 35 0 0 59 0 7 0 7 24 34 0 0 0 0 0 0 0 0 0 21 0 40 0 0 48 0 0 16 0 0 61 23 10 13 0 0 0 27 41 0 28 74 0 53 0 0 28 0 0 27 0 0 5 0 0 0 0 52 25 10 7 0 59 30 52 75 0 2 0 69 0 0 57 0 0 0 21 0 45 0 0 16 0 24 0 59 3 64 0 0 0 0 0 0 0 49
 0 41 0 10 0 7 0 19 45 0 2 0 4 41 60 13 0 82 6 2 88 22 0 14 18 92 46 0 0 57 0 13 0 0 0 0 0 0 0 0 9 0 2 74 29 0 0 0 16 0 0 0 19 0 0 31 64 25 10 0 41 26 12 67 0 0 0 7 0 34 0 0 0 36 27 0 6 0 0 35 31 31 0 0 55 8 2 0 75 0 0 25 0 0 0 22 0 50 0 77 0 0 78 11 21 50 0 24 13 3 0 2 0 19 0 10 0 0 0 0 9 40 0 37 9 0 0 5 0 0 51 0 0 45 21 9 0 0 6 0 80 0 0 16 0 19 58 21 0 27 0 83 0 10 0 2 0 40 0 52 49 16 0 95 11 53 55 0 12 0 0 17 0 34 0 63 0 0 0 12 0 21 33 0 15 37 0 0 18 0 45 0 57 0 41 13 40 11 12 0
 0 28 0 22 20 53 0 0 0 0 70 0 31 0 15 0 0 0 0 22 0 61 35 8 0 0 0 0 0 0 0 3 0 5 26 11 0 0 65 20 0 27 0 0 0 33 0 0 0 0 38 9 82 0 14 12 0 0 27 18 14 0 43 0 14 0 1 0 0 0 0 33 0 0 0 0 61 0 0 20 31 0 85 73 0 32 0 0 0 62 0 0 0 0 0 0 0 0 0 39 50 54 72 0 49 0 0 0 5 47 0 49 55 0 65 42 0 0 0 0 6 0 0 8 0 75 18 8 13 33 51 0 9 0 0 0 0 0 0 0 20 0 0 0 0 86 0 50 0 20 46 59 6 25 13 38 0 10 56 0 14 13 14 0 34 0 37 0 24 0 0 0 0 0 0 0 29 0 86 0 0 0 32 6 41 40 0 10 56 0 0 0 37 2 21 0 0 31 27 9
 22 0 0 28 18 42 0 0 31 0 0 24 0 9 15 17 0 0 0 0 0 0 87 0 69 0 6 10 0 0 5 77 72 0 0 0 0 37 0 68 0 0 0 0 34 0 0 5 0 20 0 0 54 81 58 9 9 0 6 0 0 0 42 54 32 0 0 27 0 72 0 0 82 0 0 0 0 5 0 16 0 0 0 0 0 0 0 0 0 61 87 37 92 0 0 36 28 28 1 29 58 0 31 0 79 0 0 0 50 41 0 0 42 74 47 49 0 0 33 0 0 35 0 21 24 0 12 0 27 0 0 6 32 34 0 22 0 27 20 0 0 0 0 37 7 0 0 32 50 0 63 0 0 0 0 35 0 18 0 0 14 51 0 0 36 66 0 23 59 0 0 0 6 19 55 0 0 66 33 0 8 10 80 0 18 92 2 7 21 38 22 17 0 76 0 0 26 42 0 1
 13 75 0 0 0 0 0 0 0 0 22 0 0 3 0 0 0 0 0 0 0 0 37 57 0 22 56 0 17 3 21 0 0 39 0 0 0 68 0 32 81 0 82 57 0 68 35 0 0 0 12 7 82 61 26 45 0 19 0 0 0 0 0 23 0 0 0 4 47 5 0 12 0 0 52 37 24 0 46 0 39 42 70 15 0 28 0 0 0 24 0 0 0 0 0 0 29 0 9 32 0 0 51 51 0 0 0 9 7 34 0 8 0 0 0 19 8 0 72 0 0 0 0 0 18 48 0 2 5 38 57 80 0 11 38 12 59 56 0 0 0 18 0 8 13 23 6 19 1 10 0 0 43 0 0 27 9 67 0 0 67 0 0 8 8 16 0 16 28 14 49 20 0 0 62 0 72 0 0 0 1 55 40 0 0 37 30 1 0 0 14 5 0 0 0 0 0 0 38 29
 60 0 4 0 15 20 0 43 0 0 42 43 0 10 34 0 0 11 19 0 0 9 0 92 93 0 56 12 45 0 33 0 41 23 0 0 17 3 0 2 39 79 0 63 27 0 0 0 0 63 32 56 0 39 51 0 57 0 3 0 0 0 1 0 84 0 11 77 37 42 24 29 0 0 0 0 0 0 80 41 0 81 0 25 0 0 0 0 0 0 0 0 37 30 66 0 41 0 0 0 0 8 0 35 42 2 0 1 38 36 29 0 0 27 0 0 0 0 10 0 10 0 0 0 2 0 48 62 68 0 19 0 24 0 11 2 0 26 0 0 0 15 0 0 4 0 57 72 0 44 16 0 0 51 0 0 0 26 0 7 0 0 0 7 0 0 40 5 13 0 17 0 0 60 0 24 0 0 0 37 22 6 0 0 83 28 0 55 29 0 10 0 38 0 78 33 0 23 0 0
 88 0 0 22 19 16 0 7 0 81 47 42 0 0 8 0 29 11 5 38 0 3 12 0 0 53 0 17 0 58 41 0 0 0 32 0 48 0 0 10 0 0 0 0 40 0 0 0 77 41 0 0 0 52 0 15 0 14 0 51 0 19 0 0 3 60 0 42 0 0 78 0 37 30 0 0 0 0 59 4 0 0 64 0 42 0 0 0 11 0 0 0 0 19 0 12 31 12 51 0 0 37 0 0 86 0 0 55 79 0 20 0 0 0 67 55 43 26 0 0 22 62 44 0 2 76 6 52 0 23 14 0 3 0 0 0 41 11 63 44 0 0 0 0 0 0 1 0 0 0 40 0 0 0 0 0 0 1 0 15 6 0 18 0 0 45 0 0 0 54 6 15 3 0 52 0 0 0 15 9 0 0 18 26 0 36 25 34 0 0 0 3 0 0 0 0 28 7 0 0
 32 23 0 11 16 0 65 6 47 0 0 0 51 0 0 0 3 41 37 49 0 28 0 0 0 5 80 12 0 36 0 0 0 0 0 95 0 0 96 32 0 43 0 37 11 0 65 0 37 0 19 0 7 93 9 20 22 19 0 69 29 0 0 0 0 0 0 13 0 0 0 72 66 0 0 0 57 0 0 0 0 0 0 26 78 63 0 48 0 5 0 0 62 0 0 59 40 0 0 0 36 52 0 0 20 0 0 24 13 0 43 0 47 0 0 14 0 0 36 33 63 0 4 0 62 0 35 48 0 48 39 43 41 0 0 32 0 0 0 31 86 57 0 39 83 0 0 50 50 37 0 0 0 45 0 0 0 15 31 81 74 80 0 0 37 9 0 9 0 0 0 0 51 0 3 0 38 0 20 0 46 0 89 0 17 0 56 81 35 0 19 0 40 20 19 0 0 0 0 0
 24 0 6 9 38 55 0 49 0 0 59 0 0 0 13 0 0 60 52 0 8 24 0 33 0 0 0 54 46 0 3 52 66 58 0 0 75 0 23 0 9 0 0 3 0 0 0 0 21 0 3 9 0 29 7 0 0 0 0 78 42 0 37 17 0 30 0 0 0 78 19 0 0 17 0 0 12 0 0 0 0 0 0 0 0 20 0 0 59 18 0 15 0 0 52 0 0 46 0 47 0 3 0 6 0 21 35 0 52 95 0 58 0 11 0 0 47 0 0 0 0 0 29 38 42 0 0 0 16 53 18 44 12 2 0 36 50 33 6 0 0 40 49 0 0 0 11 20 0 56 28 14 5 0 0 13 0 0 0 64 68 0 0 0 22 22 6 0 43 0 63 19 0 0 0 77 73 0 5 32 0 18 0 59 56 0 27 0 0 0 0 0 42 12 0 0 67 0 34 0
 33 14 0 0 37 54 0 76 36 0 0 0 0 47 18 16 0 0 0 7 9 77 39 0 0 48 24 0 39 0 68 0 28 36 0 83 0 45 0 76 0 0 49 17 0 0 0 0 52 0 0 2 0 38 0 82 0 71 49 0 0 0 7 0 0 64 13 0 20 4 0 0 0 36 0 8 35 36 0 12 0 0 0 0 0 0 0 16 4 0 47 0 33 0 0 8 0 58 80 54 6 19 95 0 0 0 0 3 25 0 68 0 8 84 0 0 7 0 43 31 57 66 45 0 0 13 78 0 0 0 0 47 6 1 95 0 0 0 0 0 0 27 34 63 26 19 5 0 2 0 0 0 0 0 28 60 8 20 0 0 31 19 3 9 34 0 0 0 0 58 41 0 43 0 0 0 75 62 44 8 0 0 51 0 0 77 41 55 0 24 12 33 44 0 6 0 41 0 0 0
 43 0 0 3 0 19 30 0 0 1 0 41 4 35 0 3 0 43 11 0 0 48 0 0 8 0 0 7 60 14 30 0 0 34 1 0 1 0 18 9 12 0 0 0 0 20 0 30 59 25 0 0 0 10 0 40 0 10 0 0 0 0 0 51 0 50 46 54 45 75 0 26 0 54 0 39 0 0 54 27 87 0 0 36 0 26 46 16 2 52 11 18 66 4 0 0 0 25 36 0 0 0 7 39 0 0 0 1 41 22 54 78 27 0 3 33 27 66 29 54 0 0 0 63 21 0 47 0 12 27 1 30 0 49 0 0 0 44 16 18 15 25 0 0 44 0 0 0 13 26 0 0 6 0 41 0 0 36 0 52 16 60 33 42 45 7 51 0 0 0 31 0 0 25 0 45 0 36 0 0 0 0 24 0 34 22 0 52 0 17 0 0 0 39 98 35 0 0 0 42
 6 84 0 73 0 34 0 65 9 6 0 5 0 0 0 0 0 0 0 0 2 24 0 0 0 0 51 0 0 0 47 4 20 57 53 16 70 0 31 41 66 16 0 0 0 0 0 45 0 0 71 0 0 0 0 48 87 36 0 0 60 0 21 0 0 19 0 0 69 0 13 0 24 0 0 0 44 43 0 0 55 0 26 0 8 21 15 0 0 23 0 0 50 0 0 0 36 0 0 0 0 0 71 75 7 14 0 0 59 7 0 67 0 18 60 0 0 52 0 0 0 2 60 0 91 0 9 0 0 57 27 0 5 0 0 0 35 0 0 0 45 22 0 0 2 0 35 0 4 0 0 6 0 80 0 0 0 3 72 0 0 83 17 0 0 0 72 26 35 44 5 16 0 43 63 0 4 0 0 35 76 0 23 0 16 65 20 0 0 0 0 0 0 0 24 21 0 0 0 0
 0 6 0 0 0 38 0 0 0 43 0 0 0 0 0 0 0 0 12 29 0 0 0 2 4 44 4 0 47 5 0 5 0 6 49 0 12 0 36 14 0 0 31 15 5 0 32 0 12 0 0 0 7 6 50 0 0 0 0 0 11 0 0 85 2 0 0 59 0 0 0 15 0 0 0 0 8 0 0 24 0 0 0 0 0 0 50 0 23 0 54 68 21 50 0 0 66 47 60 33 0 49 47 22 17 58 98 0 76 0 15 62 0 0 21 16 5 0 2 10 25 0 0 0 6 7 0 31 0 14 0 11 22 1 0 14 0 4 76 0 0 13 0 0 12 0 73 30 40 36 22 0 0 0 0 0 23 0 0 0 0 0 95 0 0 26 7 0 0 0 0 0 0 42 84 40 0 0 0 8 0 9 17 0 37 43 0 26 0 0 0 0 0 9 33 0 0 33 0 0
 0 0 0 0 0 0 35 9 64 0 23 54 31 0 0 0 0 0 0 0 18 41 0 39 0 59 17 0 0 13 0 23 28 57 0 62 51 0 7 0 0 57 0 3 0 18 6 26 27 64 0 82 0 72 2 0 53 0 12 4 82 3 55 0 9 6 36 81 0 4 20 0 0 56 0 0 20 0 38 26 0 36 0 4 91 0 0 0 6 0 13 0 14 21 0 0 10 0 12 68 78 11 62 0 58 0 16 0 0 0 0 6 0 63 17 47 0 0 46 74 60 0 39 0 0 21 0 0 0 17 65 17 11 0 1 0 14 41 72 0 0 41 0 0 0 78 51 0 93 0 0 11 0 0 58 6 0 0 0 0 0 0 28 13 2 5 17 0 0 31 32 0 0 27 17 1 0 78 26 8 22 0 0 0 0 25 50 71 0 20 0 12 50 52 24 19 9 0 0 9
 59 0 47 0 0 38 40 34 0 0 0 33 0 0 0 44 94 88 0 0 42 0 27 0 0 19 2 0 0 0 0 0 0 51 0 0 0 0 20 19 0 30 2 0 38 17 0 0 0 13 0 47 0 0 0 0 0 22 1 0 10 64 59 0 0 6 28 0 0 0 42 52 37 0 0 61 2 0 49 0 46 68 0 0 21 0 10 31 27 0 0 37 56 20 33 0 0 52 25 0 58 62 3 17 1 80 0 16 59 19 0 0 61 74 30 67 64 50 40 0 0 7 0 0 0 0 61 0 24 0 5 0 25 0 0 0 0 0 0 0 0 0 26 25 0 0 31 8 24 0 88 0 0 0 0 92 0 54 0 0 0 4 0 75 0 50 0 0 65 3 50 40 0 0 0 24 0 58 0 0 0 20 92 62 0 39 9 0 0 26 20 36 29 0 2 48 58 0 0 52
 0 43 0 10 68 0 6 0 40 0 28 60 16 0 0 23 0 36 0 0 16 0 8 1 57 0 47 46 94 0 0 0 44 67 89 6 0 0 0 42 2 0 0 54 8 47 0 0 25 7 0 0 0 0 0 54 0 0 90 9 63 0 18 31 0 0 0 0 0 0 0 0 21 0 0 63 32 28 73 42 47 30 43 4 0 39 0 0 1 41 0 0 0 0 0 23 0 0 0 0 0 0 91 0 0 0 0 0 0 0 35 0 63 0 44 0 79 33 41 25 0 0 0 75 0 0 0 9 0 0 32 0 0 0 0 0 21 41 0 15 51 0 0 41 0 0 26 4 0 77 0 0 0 55 0 0 21 0 37 13 59 85 6 34 0 37 0 6 0 0 0 0 47 39 69 0 0 0 56 0 0 0 21 13 17 0 20 38 0 12 62 0 45 0 44 0 15 0 46 33
 39 2 30 0 5 46 0 4 0 68 14 0 0 33 0 0 0 0 0 0 0 0 2 54 15 97 0 65 0 42 0 42 0 20 0 89 7 0 3 0 48 0 0 0 0 41 57 22 0 0 37 0 0 0 49 33 38 0 6 6 4 0 0 12 0 0 0 98 0 41 37 10 0 0 5 0 0 38 0 0 0 0 12 26 26 0 16 0 73 0 0 49 0 0 14 0 0 17 0 7 0 21 0 0 91 0 0 22 47 54 6 0 0 0 9 17 10 19 17 0 0 52 30 0 0 27 76 0 48 38 53 27 0 0 0 17 29 20 0 46 9 0 0 64 26 65 0 0 46 16 5 0 47 48 0 0 0 0 0 0 0 0 0 0 0 46 27 0 0 0 0 0 69 40 0 28 10 0 33 80 0 69 0 74 3 0 22 0 47 13 21 51 0 29 0 22 0 0 0 59
 37 0 3 0 22 0 0 0 11 38 44 0 11 0 32 40 3 22 26 55 30 63 41 10 0 0 38 0 33 0 0 0 0 4 54 0 4 0 0 18 0 25 78 0 0 0 0 7 15 3 0 0 0 0 0 39 0 0 6 52 81 0 0 0 13 0 0 29 15 0 0 0 0 0 0 0 14 0 18 0 31 39 0 23 31 33 2 0 17 57 0 59 7 24 0 70 26 0 49 19 0 0 18 4 0 47 20 0 38 0 0 31 0 0 27 0 0 3 0 37 0 5 25 0 64 0 40 0 0 49 25 0 43 0 21 0 0 0 0 72 44 89 32 2 0 0 50 0 7 57 0 0 65 0 34 0 0 20 0 0 71 0 0 27 0 39 0 59 18 60 0 87 4 21 88 0 0 0 42 0 0 32 0 82 43 46 0 0 4 0 0 0 0 19 59 0 49 21 48 29
 0 0 0 0 0 0 41 0 34 62 5 65 0 23 0 0 0 0 0 51 27 22 0 0 0 23 68 8 0 38 13 27 20 66 40 6 52 46 26 0 0 0 5 0 16 49 0 54 0 62 0 8 63 64 88 0 15 0 65 0 0 50 0 0 23 0 79 59 3 23 41 17 0 6 0 51 0 4 0 0 0 0 19 5 20 14 36 0 0 16 3 34 0 11 0 0 4 0 81 0 28 41 0 59 0 0 0 14 0 13 15 14 31 57 0 0 0 0 1 25 0 70 0 0 0 8 0 73 0 38 6 0 0 0 37 0 18 41 58 0 0 0 0 39 0 0 53 7 0 0 3 6 0 29 0 0 19 17 0 0 0 12 0 84 0 0 22 0 0 0 10 20 0 56 16 7 0 0 48 20 13 13 0 52 39 0 39 16 0 10 0 0 0 0 28 0 31 0 36 17
 0 20 0 0 0 0 0 0 0 0 14 52 0 0 0 0 0 34 0 34 37 0 0 42 45 67 0 0 65 0 0 0 0 0 39 0 3 0 42 0 0 0 0 89 0 49 90 29 0 0 0 0 0 2 43 0 0 0 0 11 0 0 0 17 48 6 70 55 0 0 66 0 0 32 0 0 0 7 21 0 63 0 5 10 13 0 10 0 0 0 2 0 0 0 0 0 24 0 0 0 35 32 0 0 25 61 0 24 42 35 0 0 40 0 55 0 9 0 47 27 0 0 16 86 38 0 53 22 0 0 0 0 0 0 0 0 79 0 0 37 0 41 29 0 36 64 14 0 0 63 0 53 13 0 72 19 0 0 0 10 0 22 15 85 54 19 10 56 0 50 40 0 0 29 0 24 9 48 48 7 23 26 5 46 0 0 21 0 59 0 44 0 0 24 0 0 0 0 42 35
 0 80 9 0 18 41 69 0 0 0 32 27 18 49 1 73 0 10 0 0 32 0 0 0 0 0 0 48 0 0 0 0 70 0 0 29 0 32 92 71 41 4 36 9 8 0 0 38 0 0 27 60 0 0 0 33 27 0 0 2 28 0 40 66 0 8 0 0 9 0 0 9 6 0 0 28 0 20 0 49 24 0 0 73 21 4 59 0 90 6 52 0 0 19 1 0 0 0 14 0 0 0 42 37 0 61 31 0 0 18 0 19 0 0 11 0 0 0 0 71 0 35 0 0 4 0 59 28 0 1 0 0 0 0 0 0 50 13 0 0 10 0 18 6 41 22 0 36 19 0 0 14 0 0 0 0 44 0 41 0 0 0 78 0 22 0 40 0 0 0 0 0 77 38 0 45 0 0 0 0 0 0 0 0 0 0 0 0 0 0 10 20 46 0 37 58 39 1 0 0
 78 0 0 0 7 22 0 15 39 0 0 22 0 0 75 0 8 17 43 0 0 4 8 0 0 70 8 0 43 0 0 58 16 39 0 0 45 8 19 0 8 10 0 0 22 0 0 0 77 8 0 25 80 0 29 17 78 3 34 0 28 16 0 4 0 0 0 25 0 40 0 52 0 15 65 0 80 0 29 52 0 71 0 15 0 22 6 2 0 0 0 28 0 36 11 0 5 0 20 39 0 52 0 23 63 62 46 0 43 0 0 0 1 77 23 22 58 0 71 0 0 0 0 20 0 8 0 59 0 0 0 0 5 54 0 0 39 0 0 0 0 8 0 0 0 38 0 33 0 93 2 73 25 0 4 0 17 44 50 18 0 4 38 41 4 0 0 0 16 37 0 7 0 0 0 30 60 0 0 7 0 0 40 0 0 0 0 0 15 0 0 6 41 74 0 0 0 25 0 0
 70 0 0 4 51 59 23 0 0 0 2 0 3 0 0 18 0 0 24 40 4 0 58 5 0 36 0 11 54 59 0 32 0 0 44 57 0 1 2 0 0 16 24 0 0 0 24 0 24 0 47 0 0 0 9 0 15 0 0 0 3 51 0 0 0 0 26 14 46 4 32 28 0 51 0 20 0 46 0 34 0 43 0 52 0 54 0 0 53 0 0 0 50 39 0 0 0 41 0 53 0 0 0 20 0 39 0 0 0 13 0 0 40 38 0 0 48 81 0 27 0 0 16 31 0 0 0 28 1 0 0 0 0 43 24 27 0 0 35 0 0 35 0 0 0 98 9 0 0 0 1 0 0 22 14 24 2 0 0 5 55 0 0 65 9 25 0 0 0 24 0 0 13 0 0 0 0 0 0 95 0 0 0 93 66 40 17 24 28 21 0 0 0 0 0 0 0 4 47 0
 60 4 0 15 6 2 24 27 0 0 33 18 9 0 15 0 0 44 0 0 0 15 2 0 26 17 20 27 0 1 54 0 93 0 53 1 0 0 96 0 62 0 93 0 23 61 0 0 0 29 32 64 39 0 52 0 0 0 0 0 3 52 0 0 0 6 68 89 80 0 12 0 0 0 55 0 45 7 35 31 15 0 0 63 33 18 0 50 68 7 45 0 17 47 0 20 19 0 0 0 52 13 0 13 37 39 32 34 3 0 0 0 0 0 0 0 0 51 0 0 0 38 0 29 20 13 22 0 77 0 50 0 9 0 3 0 0 42 0 0 0 0 65 0 4 12 48 76 0 0 0 0 0 0 5 0 0 0 77 0 70 31 39 4 76 25 0 0 0 2 9 0 2 0 0 81 0 26 17 46 21 0 2 0 0 0 62 54 9 8 0 0 46 0 0 0 0 17 0 0
 0 0 26 0 0 0 0 0 10 12 36 26 0 1 96 30 0 21 0 0 0 3 12 0 0 4 0 0 0 40 31 0 0 35 0 0 44 8 0 0 32 47 33 0 59 2 0 65 0 47 0 74 9 29 0 0 0 0 0 93 0 63 20 69 0 28 0 0 0 84 0 0 1 1 84 0 74 85 0 0 0 49 35 0 52 0 5 35 85 47 0 54 39 82 23 45 0 0 0 26 84 0 46 0 9 0 64 0 12 0 0 0 62 16 30 0 28 6 0 12 19 0 0 0 62 0 46 0 11 66 3 23 0 0 0 2 65 0 64 0 35 0 65 0 0 54 24 0 31 44 0 7 31 0 0 85 15 57 67 0 0 0 3 0 0 0 0 42 0 0 0 24 0 37 0 40 17 67 39 0 0 0 7 31 0 49 0 19 0 0 35 0 0 46 0 0 0 0 0 0
 0 0 0 0 0 29 31 0 2 19 81 0 0 0 49 0 0 6 0 28 0 4 0 20 0 0 0 42 16 85 62 0 8 0 0 51 49 0 43 0 0 18 0 0 69 0 0 53 0 33 0 0 0 41 0 68 0 64 49 59 0 0 0 32 0 24 57 70 0 56 0 0 60 0 37 41 0 34 0 59 88 13 0 0 0 0 0 17 0 0 13 0 61 34 0 0 27 16 0 29 39 0 0 22 0 28 0 24 0 1 0 5 0 0 89 6 6 0 69 0 0 0 14 16 0 0 0 0 19 11 0 0 6 44 24 27 0 7 0 65 0 0 0 0 38 0 2 73 0 31 0 11 17 0 0 0 0 0 0 0 0 0 48 0 1 0 41 22 49 0 0 0 47 0 0 55 5 43 14 8 0 23 62 8 0 0 40 22 74 0 3 0 69 9 0 27 16 28 73 0
 0 0 0 74 20 59 0 4 13 9 19 0 0 1 89 36 14 0 0 11 33 0 75 0 14 51 42 1 65 0 12 25 0 0 0 0 10 0 0 62 2 43 0 0 19 25 0 73 27 45 62 0 0 27 30 23 0 64 14 29 62 0 33 0 0 38 0 0 9 62 5 32 33 0 66 5 0 24 0 19 0 0 0 1 0 65 0 0 0 47 54 86 0 74 0 32 0 0 7 54 0 34 38 8 0 68 7 0 0 0 67 0 0 59 0 0 0 59 25 62 2 28 0 0 0 0 49 0 0 21 0 0 6 35 0 0 0 86 36 18 0 88 0 0 0 22 0 2 0 77 0 51 48 0 0 0 0 0 22 14 19 0 45 3 0 62 17 0 0 0 93 12 0 0 31 0 0 0 1 55 0 0 0 70 0 0 0 0 63 0 0 0 0 56 21 0 21 0 89 0
 0 0 0 0 76 0 15 21 0 3 80 26 54 0 0 1 0 24 0 0 10 44 71 0 36 31 0 44 19 47 37 0 0 1 17 0 32 22 0 35 8 0 23 44 5 18 20 0 0 0 0 0 0 37 30 0 0 0 0 0 0 0 19 2 13 0 5 32 65 0 0 0 39 69 0 6 70 26 74 6 36 48 0 0 0 28 0 43 13 94 22 71 39 10 52 0 0 0 44 7 0 0 61 0 46 0 0 48 30 0 0 10 0 37 44 4 0 0 0 0 0 4 0 0 0 33 0 0 0 0 0 0 91 32 51 0 20 77 56 0 0 14 0 0 85 16 0 60 0 0 41 24 48 0 0 0 54 44 64 0 0 0 0 65 0 14 14 0 88 29 28 0 0 86 0 0 0 0 0 0 0 0 0 16 0 9 0 38 0 0 23 7 2 0 10 15 0 12 43 42
 3 0 0 17 5 65 72 17 47 48 14 0 0 75 56 10 40 37 0 1 98 3 0 16 79 7 5 48 49 0 0 14 0 84 51 0 0 0 0 0 6 15 52 0 0 0 6 95 0 7 56 0 28 58 55 28 44 0 0 40 12 5 7 29 47 0 0 0 75 28 0 57 28 59 0 0 42 60 92 1 0 93 0 0 7 0 0 6 20 51 0 10 0 0 15 38 0 0 29 0 0 0 11 31 0 0 17 0 58 0 0 95 0 0 0 0 80 40 0 3 49 42 0 0 22 65 0 0 27 0 7 10 0 33 36 0 1 0 0 7 0 0 88 0 0 25 0 30 0 0 0 0 0 23 0 51 0 0 0 0 0 28 20 75 0 0 7 0 22 0 0 0 13 27 57 83 4 4 0 21 0 0 23 0 0 59 0 0 0 3 29 5 0 0 0 31 39 0 0 0
 83 14 0 78 0 61 1 0 22 60 28 4 0 0 0 0 0 48 0 0 0 20 26 55 2 0 0 0 0 0 64 0 0 61 0 16 0 55 28 24 0 0 15 9 47 0 36 19 0 0 0 12 0 35 0 0 44 5 0 0 2 6 0 25 39 40 6 0 0 0 0 0 22 70 0 10 24 0 0 39 16 0 0 13 0 8 35 0 15 0 59 0 0 0 0 37 0 0 0 0 26 0 0 66 0 19 12 61 83 98 0 0 0 88 0 0 22 27 0 0 0 0 0 41 0 66 29 0 0 48 38 4 0 73 0 22 4 0 8 0 0 21 24 27 0 0 17 6 11 0 98 23 0 18 19 6 37 20 0 0 0 0 37 37 84 47 31 0 0 0 0 0 30 21 0 0 10 25 0 66 55 7 31 91 0 46 0 32 0 79 3 0 0 36 0 0 0 0 0 0
 0 48 2 72 0 0 0 61 43 0 84 0 24 24 0 11 0 40 34 14 23 21 0 18 0 0 22 15 22 0 46 34 0 0 0 10 0 0 4 17 0 3 0 0 0 0 3 0 26 84 0 14 21 0 0 0 0 0 48 33 80 0 0 0 17 0 0 35 45 0 20 0 0 0 0 21 0 0 41 45 13 0 4 45 58 6 30 0 9 16 0 15 43 82 0 0 48 7 48 0 24 36 0 0 16 41 6 0 59 29 73 23 9 0 0 0 40 0 7 32 0 0 7 0 0 14 7 31 0 0 9 34 0 0 0 0 0 12 37 69 87 33 16 0 50 0 59 9 45 64 0 0 58 0 0 0 0 0 20 0 6 67 11 31 48 9 6 0 0 0 0 0 0 65 1 0 0 0 0 0 25 34 14 0 0 7 1 83 0 82 0 88 0 0 0 0 0 54 47 49
 0 0 45 25 41 16 0 8 80 95 0 0 0 32 79 0 58 0 0 0 51 0 81 0 0 15 0 0 18 31 0 30 42 28 54 0 23 60 29 0 49 0 0 33 58 0 8 0 15 46 95 0 20 33 50 0 70 13 7 0 62 0 79 0 10 5 0 49 12 58 15 4 53 0 51 63 47 0 0 0 65 0 25 62 0 0 35 39 34 0 10 0 60 0 45 18 0 84 0 0 0 0 0 0 0 13 20 0 0 0 36 46 0 23 17 0 27 0 0 38 0 0 0 0 0 0 0 16 63 0 0 0 25 0 0 0 39 52 0 0 0 0 20 25 0 63 0 0 0 29 0 46 0 0 65 0 0 14 0 0 0 0 0 0 0 0 49 54 0 0 0 17 71 67 40 31 0 49 40 43 0 0 0 16 18 18 64 24 0 0 31 0 0 23 56 0 3 37 79 0
 0 5 15 22 64 26 0 0 29 40 0 0 0 36 70 32 38 0 0 0 74 0 9 0 0 39 51 0 0 36 43 16 0 0 67 21 59 0 28 0 0 82 0 0 11 27 26 89 0 0 36 45 0 38 31 71 36 0 31 55 0 0 19 0 86 40 40 29 47 26 0 0 0 2 0 5 0 19 0 0 61 66 1 51 0 0 0 0 68 24 0 0 33 2 72 0 27 0 51 62 0 0 69 0 0 1 0 25 0 0 28 12 0 0 0 0 0 0 0 0 28 0 0 0 41 31 100 22 0 27 0 0 22 0 0 0 1 0 7 9 0 0 0 0 0 0 0 29 0 0 11 0 14 27 0 51 62 0 13 0 58 16 0 0 71 32 4 0 18 0 0 0 0 0 0 0 30 0 0 11 29 0 0 0 0 0 31 56 0 0 31 18 0 86 0 0 40 14 0 0
 56 0 52 0 0 33 0 0 0 8 0 36 7 0 16 19 19 2 0 5 0 0 0 0 93 15 0 8 3 71 25 0 3 33 0 47 74 0 16 26 0 14 0 0 93 23 0 0 47 0 0 56 41 0 38 0 36 0 5 76 0 5 40 0 0 31 0 0 23 0 0 0 0 64 43 35 56 54 0 7 0 28 48 27 30 37 3 31 48 49 14 0 26 8 0 11 34 0 56 0 0 0 61 0 48 85 10 0 5 2 69 0 4 80 55 0 60 48 64 0 22 86 0 4 6 14 55 0 0 93 57 0 0 0 17 48 17 6 0 0 0 0 74 0 49 67 64 0 7 55 0 0 0 36 0 66 0 0 0 0 29 3 33 37 30 0 8 0 0 11 0 23 0 0 40 41 0 0 0 0 59 0 0 0 47 0 0 31 18 0 0 23 24 0 0 0 40 0 1 0
 44 0 5 9 0 13 56 66 0 0 0 0 78 0 0 0 0 20 27 40 43 47 0 0 0 0 0 0 0 0 67 0 0 58 74 13 5 0 0 11 8 32 27 0 0 0 0 0 0 39 0 0 44 70 28 0 0 0 0 0 93 11 63 46 0 56 18 0 34 0 24 0 0 77 0 0 70 28 70 0 0 41 0 0 35 35 8 0 0 0 21 54 21 0 0 0 0 0 30 0 3 52 0 0 0 0 0 13 0 38 13 0 0 14 0 0 26 0 21 45 0 12 41 0 0 0 51 0 58 47 65 0 0 0 0 7 0 0 0 41 0 0 2 8 72 0 11 0 0 0 0 0 79 0 41 2 0 0 0 0 17 0 0 0 0 8 46 0 64 0 38 60 0 0 0 0 0 0 0 0 34 0 0 57 0 0 5 0 0 0 0 13 37 0 61 0 78 18 0 0
 25 0 0 9 2 0 0 31 0 30 0 44 13 30 0 0 0 0 0 43 31 0 0 0 0 25 0 0 29 60 53 0 0 16 13 0 22 0 0 24 0 0 0 32 19 0 0 0 0 87 0 0 0 0 77 0 20 80 30 0 0 59 0 0 44 0 0 30 0 45 31 0 70 47 40 0 35 0 0 26 84 23 13 0 17 39 0 0 27 17 0 0 21 0 16 20 0 4 7 17 0 12 11 50 6 0 0 0 4 8 0 0 1 25 69 44 0 0 75 0 0 35 0 0 0 14 0 0 0 15 0 28 15 18 2 0 68 5 0 60 86 21 0 0 0 0 36 3 24 86 22 72 45 0 79 0 0 0 29 0 0 0 0 0 0 34 20 72 0 0 0 0 8 0 47 23 44 34 15 0 0 0 35 4 17 53 0 0 0 0 0 71 0 28 0 8 0 22 34 0
 0 0 6 0 0 0 0 0 41 0 26 17 0 6 15 1 29 15 0 0 0 0 0 0 9 0 0 32 0 0 0 27 61 33 0 0 0 36 68 0 0 78 27 40 0 0 5 0 18 31 65 0 66 24 7 34 0 11 28 0 11 0 35 0 8 32 26 0 5 7 0 0 17 15 0 5 0 0 0 0 9 37 13 79 35 51 0 0 35 0 43 6 57 0 3 34 0 8 0 20 0 22 0 29 0 0 0 5 7 0 21 0 2 91 0 60 21 15 16 52 0 0 0 0 0 72 0 39 19 7 0 2 0 21 37 0 0 0 0 0 12 0 1 46 0 56 0 36 1 0 5 0 0 33 0 19 0 47 47 0 10 54 15 0 0 13 0 41 13 47 0 0 0 0 19 0 0 23 0 18 33 0 0 0 0 0 36 0 36 0 58 41 52 0 76 0 0 0 0 0
 0 0 0 38 0 52 0 41 0 53 82 15 0 41 0 0 0 0 0 15 0 37 0 59 0 36 0 15 39 45 0 2 0 48 28 0 14 0 13 0 0 0 58 15 75 69 7 0 0 1 0 0 0 13 0 12 54 0 45 0 6 0 0 0 0 41 0 0 0 60 33 77 50 0 60 0 92 0 56 10 63 12 52 1 3 0 0 0 9 31 27 0 11 0 59 2 1 0 15 0 0 22 0 5 12 22 81 0 36 43 75 53 42 13 0 0 0 11 15 37 0 64 12 0 0 13 70 0 20 0 0 26 23 60 25 0 50 49 50 5 45 25 6 16 27 35 0 0 0 0 0 29 42 0 35 0 0 26 13 0 0 56 1 22 0 0 0 0 40 39 0 80 0 26 0 23 0 0 57 0 34 5 0 20 60 0 0 0 0 18 0 0 47 22 0 0 41 13 6 0
 26 45 0 14 0 30 0 0 23 20 0 47 3 43 0 0 0 30 0 0 0 2 10 0 29 0 0 4 0 0 0 26 36 0 21 14 48 18 59 59 0 63 70 49 0 0 36 8 0 68 0 29 40 28 0 0 6 55 0 48 0 54 0 0 52 0 4 0 12 66 0 0 0 46 0 65 35 15 27 0 3 0 14 0 0 0 0 0 0 40 16 0 0 3 24 2 0 3 0 0 16 0 57 71 0 0 14 0 39 44 0 37 0 31 63 0 0 0 0 0 0 0 13 0 28 16 0 63 0 0 0 0 46 63 46 0 0 0 3 0 3 30 31 0 46 0 45 0 2 12 0 0 0 0 0 0 0 68 6 0 0 0 49 16 0 31 0 82 69 0 1 33 15 0 33 0 0 0 67 69 0 0 0 50 0 3 13 0 20 0 12 0 0 0 55 57 0 0 44 0
 0 10 66 0 0 26 1 17 0 29 0 0 0 11 2 0 0 0 0 1 0 0 0 73 0 22 58 6 0 51 38 53 0 0 0 0 0 0 21 51 0 0 8 28 0 0 8 21 25 0 0 0 0 70 0 0 0 70 44 0 3 0 0 6 72 0 0 53 61 27 0 70 46 63 47 0 0 8 0 24 0 6 0 0 0 0 0 0 0 0 4 0 77 16 0 0 14 41 0 1 0 0 0 0 0 34 0 51 0 20 0 39 46 0 0 0 0 0 0 0 0 23 32 41 12 0 40 25 25 89 19 34 0 77 0 11 0 6 0 0 62 14 0 49 50 23 0 46 0 10 35 26 0 0 55 0 0 38 0 0 12 28 0 18 0 19 0 83 1 49 0 54 80 0 0 6 0 0 50 34 0 41 40 66 0 0 0 59 0 0 47 28 27 24 0 0 0 16 0 54
 10 0 65 38 0 0 1 40 39 0 0 0 20 0 0 65 0 0 77 0 12 0 49 11 32 0 0 0 71 76 10 25 0 49 0 0 0 1 0 0 81 38 9 0 0 0 16 0 12 0 17 0 0 63 54 59 60 0 64 76 55 0 0 0 0 35 0 0 0 0 0 0 76 0 0 0 33 0 0 6 29 0 0 23 63 8 32 80 42 0 81 53 20 3 41 0 0 0 0 9 50 0 14 21 0 0 0 1 1 0 18 0 0 57 0 27 0 27 0 0 0 0 0 63 19 18 0 6 51 87 83 43 0 51 0 0 24 0 8 8 0 14 31 0 23 0 56 30 32 22 15 72 16 0 22 10 0 0 7 2 0 20 22 75 26 82 0 0 0 19 2 0 37 0 6 0 32 33 0 44 0 17 0 0 14 41 0 20 0 0 0 46 20 22 25 0 37 0 69 0
 51 0 0 0 3 6 36 0 0 54 0 0 82 0 60 0 24 20 0 0 0 0 13 37 25 5 0 0 44 28 0 0 0 0 0 0 0 3 38 0 0 0 0 54 7 0 2 0 0 0 0 24 45 0 27 0 0 87 0 0 51 32 57 0 0 0 12 1 0 0 44 0 25 0 20 0 0 42 10 0 0 0 86 61 12 11 6 0 0 0 12 0 29 0 51 0 0 0 0 0 69 16 32 32 65 0 85 60 45 45 54 28 0 38 0 0 0 0 29 13 1 49 0 54 52 43 0 37 0 31 48 8 64 0 0 52 0 0 22 13 63 55 28 0 9 0 0 0 60 0 31 0 2 0 43 0 19 0 64 28 0 68 0 0 0 3 0 66 0 0 0 24 21 0 13 0 0 34 0 0 31 10 30 0 16 22 79 26 0 0 21 0 72 0 36 23 0 0 62 4
 7 23 56 0 0 0 57 38 0 0 91 34 64 19 54 0 0 0 79 0 0 58 80 12 10 0 35 87 46 4 20 25 0 0 59 27 24 0 28 55 0 0 0 0 12 56 85 0 0 2 56 75 0 0 0 0 7 0 5 21 0 34 26 18 0 0 65 16 0 0 0 0 21 0 0 50 15 0 49 0 34 9 27 40 0 0 0 36 56 0 0 31 0 4 0 11 0 0 0 0 0 0 30 9 8 79 83 32 36 0 0 0 13 0 57 88 2 15 0 20 35 0 0 0 36 14 13 0 0 47 10 0 61 15 0 27 0 0 17 22 42 43 16 0 37 15 15 0 0 4 70 0 0 27 28 35 37 73 36 13 69 7 0 0 52 30 4 27 0 32 0 9 0 0 2 9 0 0 48 24 0 0 35 82 42 65 42 21 0 0 0 0 78 0 0 0 0 0 0 0
 0 4 0 0 56 0 83 43 0 80 0 0 44 0 0 42 24 0 0 0 0 0 0 29 0 37 22 0 0 16 0 27 0 0 0 14 18 88 10 0 49 22 62 0 11 0 0 0 87 67 0 0 0 0 47 0 0 72 1 5 0 0 33 12 0 73 0 4 16 0 51 0 0 58 0 90 16 39 0 1 83 0 13 0 0 0 59 0 36 9 0 27 24 64 43 92 0 0 6 17 39 35 0 0 11 0 51 59 18 0 0 0 74 84 5 21 0 0 57 0 0 58 0 27 0 1 0 0 48 0 0 48 0 20 58 0 0 41 0 0 19 35 56 0 22 18 67 48 33 0 20 0 5 0 7 0 44 0 0 15 14 0 28 0 6 0 7 6 0 0 52 0 12 0 0 19 0 22 0 0 0 20 46 9 0 0 0 0 3 32 17 0 8 16 0 9 11 0 51 0
 22 0 0 0 10 62 48 29 5 12 0 0 43 75 9 49 0 57 18 40 0 51 0 0 26 62 7 0 29 0 58 0 74 86 0 0 33 20 0 0 0 46 20 0 0 47 0 0 0 62 32 38 17 0 17 15 87 38 0 6 6 0 0 73 0 0 28 41 6 0 41 11 80 83 0 87 0 34 0 0 0 0 37 46 58 0 16 0 0 0 43 0 0 10 13 6 0 0 51 44 16 58 0 52 0 0 45 0 0 24 0 0 15 30 0 77 0 0 13 0 0 0 0 75 0 19 0 0 98 11 0 4 0 0 39 11 44 0 0 0 29 0 69 0 15 7 81 0 29 26 37 63 0 61 53 0 0 0 0 17 49 0 0 51 0 9 78 0 0 27 0 27 0 0 0 50 0 0 0 0 12 0 0 64 0 5 27 0 0 0 78 47 32 29 0 0 0 0 0 8
 45 0 7 9 65 41 25 0 0 0 0 29 63 0 0 0 0 0 0 0 71 0 0 6 0 0 6 17 33 26 32 0 0 58 18 10 0 0 0 0 4 23 25 29 30 5 0 0 0 0 0 0 59 57 0 0 39 0 0 29 29 19 77 11 73 0 0 0 0 0 0 82 0 0 0 15 61 39 32 5 10 0 0 0 19 42 0 45 22 67 0 0 69 0 63 0 0 0 20 80 0 0 0 14 9 0 37 18 42 0 0 31 22 0 42 53 73 30 14 66 0 0 17 0 0 0 17 0 32 0 50 3 12 0 20 6 76 0 0 0 0 21 12 47 37 19 0 0 0 0 4 22 46 31 2 0 0 0 67 0 69 0 0 0 0 0 32 0 4 3 0 0 0 0 0 0 0 64 0 6 47 56 71 0 85 0 21 0 23 0 0 51 0 84 0 35 0 0 0 66
 30 0 0 0 0 30 0 0 0 0 15 0 0 41 0 0 22 0 58 36 77 0 24 46 11 0 50 0 0 0 0 4 0 0 74 30 37 63 0 0 2 20 0 0 0 0 55 62 0 29 0 0 0 0 41 0 0 28 35 0 5 47 0 7 50 80 0 0 0 0 0 0 0 0 0 42 0 0 22 0 0 0 0 8 4 0 61 0 0 23 1 0 1 0 0 0 15 45 0 0 0 0 6 0 0 0 6 0 0 0 1 0 0 0 0 36 0 0 51 40 74 0 0 0 0 3 53 16 0 13 41 0 0 25 6 0 30 43 2 0 52 25 0 0 67 0 61 40 0 0 0 34 0 38 14 0 19 19 27 50 4 54 0 0 0 41 21 38 0 0 0 56 0 0 27 0 12 0 0 0 0 0 0 12 0 6 0 0 13 0 0 28 0 0 15 0 0 0 0 19
 5 37 0 2 8 0 4 0 69 0 14 69 78 0 0 10 12 0 0 49 85 0 6 17 0 36 11 0 0 0 9 46 0 0 66 20 44 0 0 78 38 0 0 25 0 4 0 5 0 70 61 0 21 0 18 0 30 0 6 1 0 0 81 0 41 31 88 42 43 5 0 0 92 0 0 0 13 27 0 0 0 58 29 8 55 0 1 82 42 0 7 0 0 0 0 46 12 0 41 53 27 7 0 62 43 0 0 35 7 0 32 0 65 11 0 62 0 79 7 0 0 20 0 19 0 0 45 0 76 0 9 0 12 0 0 0 0 0 0 22 0 0 67 64 58 11 0 72 0 0 13 0 0 36 0 0 0 0 8 0 0 0 0 0 0 7 0 38 0 0 67 0 0 0 35 0 25 49 47 0 22 26 0 5 0 0 14 8 0 52 25 0 12 0 58 17 13 28 14 0
 0 0 40 11 0 43 0 0 39 0 0 47 0 88 43 75 25 0 0 34 0 72 0 0 0 0 0 62 2 0 59 0 0 27 25 0 0 0 0 37 0 0 0 0 0 26 0 4 12 0 0 0 51 8 0 1 15 16 0 7 0 0 0 0 6 3 0 78 4 20 63 5 6 55 38 80 67 0 0 15 41 6 67 38 0 0 0 0 5 0 0 0 0 34 43 14 0 35 65 41 20 0 20 32 26 0 0 0 40 42 0 0 5 25 6 0 0 0 0 0 47 21 0 11 48 0 37 0 39 53 34 0 0 36 0 0 3 36 0 0 75 29 46 0 3 94 0 36 0 11 25 13 16 18 0 0 0 10 63 6 37 0 0 0 3 0 11 0 26 0 0 0 27 68 0 43 43 0 70 0 0 0 0 20 0 0 0 74 19 67 40 43 0 0 68 0 39 0 14 0
 35 0 0 24 60 0 9 0 0 0 0 0 0 40 0 12 0 0 55 0 82 28 54 0 0 13 8 24 0 0 0 30 0 23 19 27 0 0 26 0 35 0 0 27 13 0 0 0 64 0 0 0 0 0 6 0 9 0 0 34 83 35 0 0 17 44 0 0 19 0 0 0 0 62 0 0 6 0 0 0 0 0 0 10 32 38 21 27 0 0 61 34 45 0 53 0 0 0 5 19 0 10 36 0 0 7 31 0 0 3 0 0 0 58 0 4 0 13 40 0 35 0 7 54 1 0 0 16 82 0 0 0 0 0 8 52 0 8 24 32 20 0 0 0 15 12 24 0 0 6 29 0 42 27 13 0 0 82 0 0 0 0 37 0 19 78 5 31 0 0 0 0 49 10 0 28 62 0 71 25 22 0 55 0 13 0 2 70 0 64 0 0 4 0 36 0 5 2 36 0
 13 26 0 9 0 11 30 0 0 10 0 0 0 0 2 70 5 34 76 0 0 36 0 0 0 27 83 0 0 0 1 39 0 5 5 0 42 0 56 65 0 0 20 0 0 0 28 0 25 1 0 0 50 0 0 0 0 0 0 17 9 0 8 78 12 61 0 0 41 35 16 0 10 0 0 18 9 12 0 0 0 0 57 0 68 0 0 0 0 35 1 0 47 58 0 0 5 33 45 0 0 91 0 20 20 0 33 0 0 0 0 0 34 0 22 26 54 29 26 19 0 67 0 0 8 0 13 0 6 0 21 0 0 0 0 50 0 0 20 29 2 18 5 0 56 32 0 0 72 0 0 6 0 0 0 6 3 0 9 16 4 5 0 47 39 50 0 74 27 0 0 0 0 0 16 0 50 0 35 0 0 0 0 0 22 0 34 0 0 38 4 0 0 68 10 0 0 0 0 0
 71 70 0 0 40 24 0 0 0 0 0 0 17 0 0 43 0 40 46 0 14 10 34 13 0 0 38 0 58 1 0 0 0 0 69 0 4 0 0 82 61 0 0 44 48 0 41 3 1 0 0 12 47 0 0 7 0 34 34 22 0 20 0 0 5 67 29 0 17 0 77 10 17 63 66 12 0 0 0 0 0 28 29 0 9 0 55 0 2 39 0 37 3 70 48 71 32 7 39 53 6 36 38 53 0 7 0 0 0 37 0 28 8 32 16 22 24 73 6 30 22 67 0 20 0 0 0 20 53 0 0 0 0 38 0 0 2 0 86 28 17 15 57 0 52 0 0 38 14 0 0 0 0 22 29 42 0 0 1 0 20 5 8 0 28 0 56 7 34 59 9 50 0 27 0 0 65 10 0 0 0 44 3 0 0 0 0 46 4 19 0 40 0 26 0 0 0 20 0 0
 45 0 0 0 0 28 66 0 0 40 0 5 56 13 17 30 52 36 52 0 48 0 26 0 0 15 0 18 14 0 26 0 15 0 51 0 74 0 23 0 0 0 63 68 74 0 27 0 5 33 0 27 53 7 60 25 0 40 0 49 72 55 18 0 0 1 39 0 23 27 0 45 9 56 0 37 20 31 3 0 0 87 5 0 0 0 6 0 0 0 0 62 0 81 0 0 0 0 66 0 63 0 0 86 0 75 17 73 0 0 38 0 0 7 0 21 0 0 0 0 74 22 50 0 79 80 0 0 2 0 5 0 0 7 6 39 0 39 52 0 0 39 0 0 0 6 0 54 0 59 5 0 26 0 4 53 20 56 26 67 10 72 0 33 0 1 37 1 23 0 0 0 0 0 0 0 0 52 51 52 44 0 0 0 3 50 5 77 26 19 49 15 65 31 12 14 0 0 58 56
 0 21 40 10 0 0 57 0 0 20 29 29 0 0 0 0 0 0 0 40 69 23 0 87 4 0 0 82 75 82 0 3 39 0 0 41 59 19 35 0 57 4 16 0 0 0 0 0 0 43 0 12 73 71 0 0 0 16 0 0 0 0 49 0 32 1 0 0 32 0 0 0 95 0 23 66 0 0 14 9 0 0 40 87 36 0 0 26 60 15 12 0 15 0 0 6 85 0 54 61 0 63 35 61 52 0 48 0 0 63 0 0 37 0 78 60 9 0 0 0 9 0 0 0 0 0 0 0 52 78 62 0 44 0 0 0 0 0 0 0 4 0 0 0 34 0 15 47 36 0 0 71 0 7 84 0 13 0 50 27 41 0 0 0 0 25 0 0 0 0 2 48 0 37 62 0 0 0 0 0 16 0 0 40 48 64 0 14 0 45 3 15 0 15 0 0 0 0 0 22
 0 0 0 0 0 0 29 47 0 0 87 28 74 17 0 30 23 15 0 56 0 12 0 20 37 0 8 0 0 0 13 81 0 39 13 59 19 0 0 78 0 0 11 0 18 47 0 0 0 5 5 0 0 0 0 0 35 0 0 71 24 71 0 0 42 1 9 0 0 55 0 0 21 2 0 4 0 6 0 85 86 16 0 0 0 0 48 0 0 4 59 41 0 4 0 64 20 17 0 0 0 0 28 0 30 68 61 0 0 21 14 16 30 0 32 8 0 0 0 42 0 0 29 0 0 23 57 30 0 0 0 0 0 10 0 16 31 0 0 0 0 0 0 0 0 0 0 24 0 0 60 0 0 0 0 17 0 58 0 91 0 52 19 0 0 0 53 6 0 0 0 0 0 47 15 13 0 28 0 3 0 0 23 0 40 19 33 23 27 33 75 32 15 73 0 73 0 0 0 0
 9 0 0 0 0 48 35 0 0 0 47 34 0 0 29 0 36 0 0 54 0 23 50 0 16 5 34 3 50 15 7 20 37 5 15 0 68 11 65 83 0 20 0 0 0 0 61 50 38 25 0 28 0 72 0 19 0 13 0 12 0 90 32 16 13 79 18 0 37 20 0 39 0 10 67 0 55 0 4 0 42 0 6 0 0 33 64 10 14 3 0 0 49 54 0 25 0 0 0 75 33 9 12 3 18 32 0 0 0 0 0 41 47 0 57 69 0 13 45 62 28 43 58 0 0 0 14 0 6 0 0 49 0 5 45 28 19 0 36 0 85 0 3 0 64 0 0 0 14 0 0 0 31 73 31 46 52 0 0 67 48 0 39 29 34 0 0 14 48 8 45 23 0 55 0 30 0 0 18 0 0 25 54 74 0 0 0 0 0 68 0 70 1 13 0 13 0 0 59 11
 19 40 0 37 24 0 3 34 34 0 3 0 0 0 0 12 0 77 93 12 51 8 39 0 47 15 0 35 0 0 15 52 25 0 0 14 9 0 46 0 41 0 21 12 0 0 0 84 0 0 0 0 0 56 47 0 74 0 61 49 24 0 0 0 0 0 42 0 21 0 0 0 0 0 1 86 0 0 34 15 0 0 0 0 7 0 50 23 47 5 0 7 31 0 86 15 0 80 14 40 8 0 0 72 0 0 0 0 20 0 0 0 0 0 14 32 0 0 54 0 0 0 0 0 0 0 24 0 62 17 62 30 46 0 0 0 9 0 0 34 53 4 0 0 8 52 5 0 0 0 0 0 0 0 70 0 0 49 1 0 0 92 5 0 23 0 0 49 2 30 4 0 23 0 0 35 14 0 0 0 69 65 30 58 13 34 0 22 0 29 0 0 6 0 25 0 0 67 0 15
 0 0 0 15 0 0 0 0 0 0 27 29 13 43 0 75 6 4 0 81 0 0 61 0 60 9 0 0 0 75 0 0 0 0 0 22 0 77 3 78 0 82 0 0 31 48 0 0 0 44 0 4 0 0 0 9 0 0 18 0 5 0 0 6 0 26 0 0 0 0 37 0 38 32 0 24 95 0 0 0 67 4 32 5 0 0 84 0 0 0 0 21 27 0 4 40 7 0 32 29 0 0 27 26 0 14 17 61 0 74 0 24 0 3 37 94 1 0 34 21 32 0 43 0 10 39 0 0 12 0 20 4 11 6 0 0 0 3 0 0 14 0 78 23 0 0 0 0 0 35 11 88 87 0 33 78 0 62 28 0 0 0 0 43 47 40 2 41 0 0 18 19 32 5 6 9 0 56 20 0 69 0 13 0 0 0 26 0 79 0 6 0 0 0 0 0 0 5 0 0
 13 0 0 16 0 0 37 55 25 0 5 86 62 0 0 50 0 0 24 32 16 26 0 20 81 23 36 16 0 53 0 35 13 63 0 0 37 0 0 0 9 0 0 0 0 0 0 0 15 23 2 0 0 0 35 3 91 0 0 31 0 62 0 0 0 39 0 22 88 0 6 0 16 0 39 23 16 37 0 71 0 0 0 0 6 36 0 0 0 0 0 4 59 19 0 0 30 0 0 0 8 0 0 39 53 0 73 0 5 36 43 67 10 0 20 4 0 0 5 27 0 16 63 0 0 18 0 0 0 0 0 26 40 40 0 44 0 0 54 0 26 33 0 0 50 0 35 25 0 4 0 0 17 0 0 0 0 0 0 0 0 0 0 58 11 0 25 0 0 20 37 0 34 52 57 0 48 1 0 0 0 17 29 6 0 0 17 18 0 0 0 0 0 0 19 0 9 0 17 23
 0 59 45 9 0 0 49 0 0 0 38 2 53 71 0 0 30 0 36 8 43 75 41 0 0 0 47 11 49 0 16 36 0 0 0 22 0 48 0 54 0 31 0 2 27 38 0 0 21 0 54 50 49 0 36 35 0 0 41 8 0 0 32 40 0 0 8 30 64 77 3 0 0 37 0 0 27 70 11 0 36 15 0 11 12 0 0 8 0 67 0 0 40 70 0 60 0 0 40 5 0 0 0 0 0 37 0 0 0 0 0 49 0 0 49 42 3 34 0 24 44 52 38 0 3 0 39 18 0 0 79 0 30 0 0 10 0 0 15 0 0 9 0 42 0 0 21 0 0 49 9 17 0 0 45 0 0 30 0 0 0 0 0 46 3 34 0 0 0 30 0 0 0 0 0 0 32 0 2 0 12 0 0 57 0 43 35 43 0 0 0 38 23 0 0 3 0 4 24 21
 32 0 9 0 3 30 10 0 0 0 0 77 0 5 46 0 0 6 0 0 0 0 0 6 0 0 2 8 0 0 48 0 0 22 0 14 36 17 12 0 0 0 0 1 0 0 0 0 0 0 73 35 0 12 0 14 0 18 0 0 23 36 0 29 0 43 44 0 26 45 22 45 0 0 23 0 30 0 30 0 7 44 0 85 0 0 15 5 49 0 0 49 37 29 61 89 0 29 24 7 0 0 40 1 0 20 0 11 48 37 53 53 22 0 0 36 0 0 0 89 0 24 22 0 0 0 38 0 0 37 50 0 14 3 1 35 26 12 0 0 75 0 0 62 0 40 10 0 68 0 0 6 0 0 0 24 56 0 72 0 0 4 0 0 0 32 58 15 63 3 0 0 0 7 22 0 0 0 0 26 0 57 0 0 0 0 0 76 40 0 0 0 0 0 0 0 17 0 0 0
 63 0 16 0 0 0 54 0 1 5 0 77 26 48 0 0 25 68 0 37 0 0 21 0 2 9 31 5 9 0 0 36 16 0 0 42 0 57 0 0 48 4 0 10 0 56 0 16 0 0 0 0 47 24 0 0 0 0 42 0 18 0 0 2 0 0 35 0 0 93 36 56 0 0 0 33 0 18 0 0 75 0 58 49 38 0 0 19 28 0 32 47 34 29 5 0 0 22 0 2 0 0 17 7 37 0 0 31 0 0 0 59 0 45 9 16 13 0 66 0 84 0 0 4 0 57 0 0 15 0 6 32 2 30 60 71 0 0 34 0 0 66 0 0 26 0 0 0 58 0 4 0 0 21 0 0 0 41 12 0 62 51 0 23 0 29 0 0 0 1 1 0 0 0 52 0 63 0 69 0 23 0 8 38 0 7 0 36 0 29 0 89 0 1 0 27 5 0 70 62
 38 0 41 0 0 31 11 0 3 5 63 0 82 0 20 0 0 0 0 0 0 24 43 0 0 23 29 10 21 19 37 43 0 0 0 42 0 53 37 13 0 0 25 0 0 39 0 0 73 53 77 0 0 0 0 0 0 17 0 4 6 0 25 25 25 39 0 0 0 11 0 0 3 0 7 28 0 6 0 0 16 85 51 46 34 32 22 3 4 16 0 0 13 16 86 0 11 0 19 5 0 0 0 0 6 0 0 0 81 0 12 0 82 1 0 24 0 31 0 0 55 0 0 0 0 0 0 0 0 0 0 65 9 14 0 0 0 45 75 0 9 0 15 0 0 49 9 0 0 0 0 38 17 0 0 69 0 0 0 0 0 82 0 83 21 0 16 0 49 0 0 36 19 66 2 0 0 13 10 68 0 0 43 22 0 0 28 0 0 18 63 23 0 4 0 0 0 13 0 40
 0 0 10 0 0 41 35 65 44 37 0 0 0 8 45 26 49 42 53 75 41 0 11 0 34 0 35 51 10 30 0 41 46 76 0 0 0 0 0 12 33 79 11 0 79 71 35 25 60 0 0 0 0 35 0 0 0 0 26 24 0 0 0 0 18 58 0 0 13 0 0 0 0 34 0 11 0 11 73 13 0 0 13 36 8 66 0 0 0 0 0 41 0 37 0 0 24 73 23 0 0 8 97 2 10 58 0 46 0 0 51 0 0 14 50 0 39 0 68 43 0 74 22 37 0 0 7 42 44 0 1 0 33 0 6 0 0 84 0 0 0 0 0 0 1 0 0 41 36 0 0 0 0 0 0 0 51 0 44 0 41 0 11 13 0 0 0 32 0 39 0 69 71 54 0 0 0 22 58 0 56 0 2 0 31 83 1 54 0 75 6 17 0 0 6 14 0 39 0 0
 0 24 42 67 0 5 16 0 29 0 72 7 0 63 0 0 30 17 0 0 58 0 12 0 0 12 0 88 13 0 22 48 0 49 0 0 0 0 0 0 0 0 0 11 56 0 32 19 0 0 0 0 0 14 28 0 0 39 66 0 0 0 19 0 22 0 0 0 0 34 7 2 0 28 24 12 0 24 0 0 0 0 0 17 40 0 0 11 0 34 0 0 80 0 9 0 24 54 0 70 32 0 0 74 0 37 25 11 0 10 0 0 6 0 17 22 35 39 0 62 0 0 80 44 80 0 0 0 0 0 48 0 0 0 0 0 0 38 2 0 22 0 33 0 0 43 29 6 0 3 9 21 30 55 0 24 46 0 0 0 0 13 32 0 10 2 0 0 0 0 27 0 0 34 16 32 61 5 46 0 43 28 0 0 0 0 0 0 0 36 0 32 0 0 0 6 71 4 28 0
 71 0 22 54 59 31 1 0 0 4 47 34 87 0 0 66 83 0 0 28 0 3 13 25 71 0 0 17 1 75 0 38 0 0 35 0 0 0 0 0 46 17 0 0 96 6 14 0 17 0 23 4 0 0 0 0 0 75 25 0 0 58 57 0 0 0 0 33 0 0 0 41 0 73 49 0 99 0 0 10 0 0 0 0 49 31 7 48 0 49 40 0 0 17 0 1 1 0 0 5 0 0 3 0 90 2 0 11 0 0 25 0 43 29 23 0 0 18 51 0 7 0 66 0 0 0 42 0 0 0 0 2 0 9 3 49 40 4 0 42 0 0 10 18 53 0 0 53 17 58 70 68 40 23 27 67 80 83 38 0 30 6 34 0 29 37 36 78 0 31 0 57 0 0 18 80 47 31 0 3 0 32 0 0 0 10 0 83 0 0 48 14 0 53 47 64 0 0 17 53
 4 93 19 0 0 31 34 35 0 0 0 1 0 0 55 44 0 0 0 0 0 0 71 0 17 50 0 0 10 0 0 15 68 1 0 20 0 0 2 0 0 0 0 12 7 0 0 59 0 0 52 24 0 0 0 0 31 17 39 0 0 54 34 88 0 46 13 42 0 42 16 21 76 13 0 60 83 0 11 59 3 0 0 71 0 6 18 0 68 6 0 0 14 4 33 0 0 0 1 5 16 27 0 0 97 27 0 0 0 14 0 26 40 39 48 0 48 62 13 7 0 12 30 0 59 0 11 49 33 6 27 0 0 0 28 49 36 34 26 77 0 0 7 34 0 0 21 2 0 32 0 12 23 0 0 0 0 13 36 39 26 82 59 0 0 71 36 0 0 0 0 0 44 0 46 61 20 26 0 63 21 0 0 10 0 0 0 78 0 0 0 0 35 0 0 0 0 8 69 4
 6 0 0 8 42 0 0 74 51 0 26 0 0 45 0 67 20 58 0 30 0 63 21 28 16 44 65 1 30 0 0 0 17 0 7 0 0 0 0 0 0 31 18 0 40 52 5 61 0 0 0 2 0 0 54 35 52 53 68 0 0 3 0 0 25 0 0 40 0 23 0 0 12 0 0 0 0 5 42 0 13 0 64 53 0 0 73 15 0 0 0 0 36 31 15 73 30 5 71 66 0 68 0 44 0 14 0 0 66 0 10 0 33 0 63 0 9 0 23 0 60 0 82 34 0 19 0 1 11 0 0 0 0 17 18 49 0 58 25 0 64 0 66 0 27 51 10 87 10 16 88 0 84 63 20 0 30 0 21 50 0 0 0 62 0 16 7 0 0 38 25 43 63 25 0 0 78 25 79 67 0 21 35 0 0 0 8 0 0 0 26 0 0 40 0 7 68 78 0 0
 0 15 0 17 7 65 0 0 0 4 12 0 0 4 0 0 68 41 40 81 51 40 38 55 52 25 0 44 0 0 1 57 19 0 36 3 15 14 60 15 0 28 0 0 0 23 0 0 11 42 0 91 0 48 10 9 71 25 58 0 29 0 14 70 0 75 0 0 0 13 77 66 0 25 0 0 51 44 0 0 0 0 48 0 0 35 0 30 44 0 0 71 9 41 0 18 7 23 2 55 39 0 0 0 0 0 0 32 19 0 0 0 80 97 0 77 0 0 20 0 41 85 0 0 68 0 0 0 1 0 0 0 0 0 0 11 5 55 79 64 59 11 39 0 39 0 0 0 0 0 22 0 0 64 0 48 0 38 37 0 19 0 46 0 0 90 65 0 0 0 46 3 0 0 0 17 0 0 7 0 0 0 30 0 11 0 11 42 48 95 0 23 0 10 0 80 0 0 0 0
 21 0 23 0 49 0 52 38 0 80 0 0 0 28 10 13 56 0 0 0 0 8 33 87 32 0 30 0 0 0 96 0 0 0 0 0 0 54 2 0 91 0 0 0 51 18 0 0 0 0 0 0 0 39 0 0 0 6 29 0 31 0 0 59 0 9 0 0 60 54 0 22 0 5 0 0 24 20 82 0 0 0 27 19 13 0 12 0 95 0 13 18 74 5 14 0 56 77 0 56 0 0 0 72 0 20 16 0 0 0 63 58 0 0 0 0 17 0 0 0 0 36 67 6 19 77 23 0 0 0 0 70 42 28 0 0 47 0 0 79 39 24 85 0 16 6 0 0 55 48 0 50 0 0 0 0 12 40 0 0 12 0 0 13 0 0 0 0 41 91 0 82 0 0 0 0 35 0 0 9 0 0 0 14 0 0 33 0 0 53 0 0 0 26 29 0 1 0 38 34
 0 0 0 0 0 0 21 30 5 0 26 16 0 0 41 0 0 21 13 0 29 0 0 0 68 20 0 0 62 0 0 9 52 60 0 50 0 0 48 0 84 39 0 0 3 0 0 0 58 0 33 0 0 60 0 15 0 0 13 9 5 72 0 1 0 0 6 23 1 0 0 93 0 0 0 0 53 70 0 71 38 0 71 0 0 0 31 42 75 10 0 0 72 34 0 0 0 0 0 14 70 30 0 0 0 0 20 12 16 24 12 0 12 76 0 0 0 40 39 0 0 0 24 0 0 0 36 0 0 61 30 74 59 52 0 0 27 0 41 33 0 27 0 0 16 26 14 32 0 0 0 15 11 13 12 77 23 34 0 0 45 24 0 0 49 5 40 65 8 9 0 24 14 43 1 43 46 87 0 0 0 43 0 0 0 39 0 4 0 54 3 0 0 77 0 0 0 71 36 56
 0 13 0 21 0 0 0 0 0 0 7 0 17 51 18 0 0 0 0 0 75 34 0 3 38 33 43 49 0 0 33 0 0 4 7 54 56 0 0 0 58 88 0 41 0 0 0 57 0 16 0 78 0 0 26 0 0 0 0 0 0 0 9 0 28 0 0 53 0 0 17 61 0 0 46 38 48 44 81 7 0 28 34 28 0 10 16 41 0 36 23 44 0 16 0 7 38 0 42 0 0 28 21 58 0 0 57 0 13 21 0 0 52 29 4 0 0 68 24 28 0 57 22 23 8 20 0 59 40 6 0 0 66 0 9 0 0 0 0 0 0 85 80 0 8 15 39 28 22 0 7 0 62 0 1 0 0 0 0 18 41 31 0 9 0 0 0 4 0 33 0 0 22 0 0 0 73 23 0 0 52 69 0 0 55 41 63 50 18 15 0 64 39 0 53 36 0 0 0 0
 0 7 12 23 16 0 39 33 0 20 0 0 43 55 0 0 46 0 44 0 0 45 0 30 71 20 1 0 58 0 21 0 3 0 39 0 0 0 19 48 0 75 56 0 21 0 0 0 57 0 27 8 38 0 47 0 11 48 37 0 36 0 0 90 20 1 25 18 0 61 0 0 9 0 13 0 0 0 25 0 0 80 0 41 51 21 30 0 0 2 0 49 0 7 0 17 0 1 81 14 0 23 72 0 1 0 0 0 0 23 0 67 0 0 0 0 71 0 61 0 15 12 0 0 0 0 1 0 9 35 32 0 16 0 0 2 0 0 9 0 71 24 0 3 0 0 0 0 0 23 0 18 0 46 0 0 0 0 0 0 0 32 0 0 0 0 18 2 0 0 0 0 29 59 0 0 16 0 26 58 47 32 28 0 68 30 8 10 59 37 0 0 0 0 18 0 0 31 0 0
 0 0 19 4 0 22 0 4 56 21 53 0 56 0 0 0 0 27 70 0 15 4 0 6 0 39 0 41 0 0 0 0 0 0 46 21 0 31 16 3 15 0 0 0 0 75 0 53 90 0 0 0 0 0 0 0 0 65 0 0 0 55 0 8 0 0 69 28 0 0 0 35 0 31 0 0 0 0 0 0 0 0 1 0 26 0 0 0 0 0 7 1 63 0 11 0 0 30 41 0 16 46 0 0 10 0 12 0 0 0 65 0 0 0 0 0 13 48 0 32 0 23 0 7 0 0 73 0 22 0 6 56 52 74 0 81 60 0 0 0 5 0 0 0 30 0 26 1 0 11 3 66 17 0 0 11 15 0 0 44 3 47 0 0 0 53 0 46 50 81 31 13 34 0 36 0 36 0 33 98 40 46 21 78 0 49 0 34 55 0 0 0 20 42 5 0 5 1 0 0
 17 0 0 5 5 41 0 14 36 3 0 0 26 20 17 29 0 73 0 26 75 0 95 74 0 0 23 11 45 0 9 0 0 0 52 54 0 0 12 0 0 0 0 0 0 0 0 10 37 0 56 0 0 61 55 47 55 0 0 0 4 0 0 0 34 21 33 0 4 0 0 0 4 0 0 15 15 0 0 0 0 0 0 38 0 0 0 0 0 0 0 0 25 33 0 64 42 0 0 53 0 14 0 0 0 2 54 0 85 0 0 65 0 42 53 0 51 82 53 0 40 0 44 0 5 0 0 8 9 0 0 83 0 0 0 10 90 0 0 62 15 14 0 0 39 12 35 17 0 0 0 0 0 0 51 3 0 0 30 0 9 12 0 0 0 0 55 41 0 0 51 0 97 0 0 0 0 0 75 50 48 14 47 0 17 40 77 2 0 0 0 36 0 0 5 68 0 25 83 50
 0 71 7 0 40 0 0 0 6 75 0 47 0 58 0 0 15 0 65 15 27 87 28 34 0 39 57 0 20 30 53 56 13 0 20 0 6 38 13 0 0 8 46 0 88 58 0 0 17 37 0 0 12 23 0 0 0 0 40 0 0 22 0 0 0 47 33 0 0 95 0 19 41 33 66 0 0 57 46 0 0 0 71 0 29 0 0 68 0 1 9 34 0 47 93 0 30 18 0 81 89 0 0 68 0 0 0 0 0 0 0 47 26 0 34 43 1 0 32 0 0 0 23 0 0 37 0 50 0 0 0 62 0 58 31 49 0 16 51 0 37 0 10 0 94 0 0 42 0 0 0 26 56 0 0 0 8 72 80 70 0 0 0 0 27 0 70 14 0 0 0 0 0 0 30 21 2 0 0 0 0 23 23 63 2 0 50 83 56 79 0 0 0 1 0 0 0 0 59 0
 0 32 0 0 0 33 0 0 45 98 0 0 0 0 0 34 84 1 0 0 0 11 0 21 36 0 0 22 0 61 43 1 44 50 0 8 0 43 62 35 17 17 0 0 8 0 47 0 0 35 0 23 0 1 0 0 0 0 31 48 10 0 0 0 24 38 0 0 41 10 0 3 0 0 0 0 0 55 0 0 12 54 71 67 0 12 0 0 10 27 0 0 45 0 90 19 0 0 80 0 0 0 71 0 0 0 0 0 20 75 13 29 2 12 0 44 0 0 37 0 0 35 23 58 10 0 0 43 3 0 29 57 13 0 39 0 0 77 0 24 2 0 0 57 0 0 23 43 8 0 18 0 0 0 40 0 0 0 5 35 3 0 9 3 0 46 0 0 0 13 0 0 4 83 0 0 75 0 0 0 0 4 0 0 0 0 49 0 0 0 57 7 0 82 14 36 48 24 87 0
 0 79 0 0 0 66 0 1 0 0 0 0 19 0 0 0 0 35 14 0 40 1 0 0 0 0 0 3 55 62 0 0 0 28 5 51 0 0 0 1 0 41 0 32 0 0 20 39 64 0 59 0 0 17 32 10 0 80 0 44 70 6 13 35 61 0 0 18 71 0 0 9 0 0 62 94 0 0 38 71 75 0 0 0 0 2 0 0 0 27 0 47 55 0 0 21 69 81 0 22 0 17 0 0 0 4 0 70 0 43 15 56 18 0 73 40 0 0 13 0 18 48 0 0 0 0 60 19 59 77 0 0 0 0 0 51 38 0 16 0 0 0 0 0 0 0 0 0 0 9 95 77 0 0 0 32 0 50 73 77 7 18 0 38 0 44 0 0 62 19 0 71 0 0 47 59 0 27 30 55 10 0 2 0 16 0 21 7 2 29 0 35 47 0 10 7 16 58 15 0
 0 56 1 0 15 0 0 0 13 0 0 45 0 59 0 0 21 52 0 0 0 8 0 41 56 0 35 0 0 0 50 0 10 0 7 0 53 61 27 18 41 0 55 21 0 29 32 48 50 0 0 34 23 15 0 0 40 0 0 75 11 59 33 10 36 0 15 0 13 0 0 15 30 0 51 0 52 31 72 0 0 5 0 0 25 51 0 0 0 80 64 0 0 45 0 87 0 21 2 0 2 0 35 41 13 0 44 12 43 23 0 34 0 14 0 22 1 55 0 11 0 80 0 0 2 37 53 48 0 52 0 0 0 0 0 0 23 27 28 0 18 0 0 44 0 47 1 32 0 0 0 15 26 45 53 0 84 0 0 0 32 35 66 5 27 20 4 87 5 0 6 13 0 14 20 30 0 0 0 56 24 0 0 2 0 0 18 0 0 7 10 0 37 1 0 0 25 0 49 0
 42 14 0 0 0 17 55 0 0 0 33 0 61 0 21 0 8 39 0 35 38 28 0 0 49 0 7 7 0 0 33 0 0 0 35 15 0 0 34 0 0 60 68 18 75 0 0 0 27 0 0 0 0 0 0 53 0 37 31 7 72 64 0 0 0 5 0 0 0 0 0 0 0 53 58 0 0 49 0 0 67 0 0 23 48 0 0 0 13 1 0 0 0 69 46 0 10 0 79 38 0 33 40 53 0 0 0 43 0 0 0 7 0 21 52 27 0 70 68 0 68 86 37 0 25 47 0 0 0 0 36 50 0 0 79 34 0 0 34 0 0 0 0 0 53 55 0 5 31 32 0 0 0 0 10 17 0 57 0 0 70 16 31 49 0 0 0 0 4 0 1 41 0 2 44 0 0 0 51 0 32 0 0 51 11 0 46 0 0 0 1 50 0 16 0 0 19 65 23 21
 46 0 72 50 0 0 0 0 0 5 0 0 0 28 14 0 0 29 0 0 0 0 0 0 39 4 45 0 0 56 16 0 0 30 66 0 0 9 70 15 0 0 44 0 0 0 0 33 95 45 61 0 9 20 0 0 12 51 0 0 89 25 0 0 0 24 0 0 0 63 0 27 0 45 0 0 0 84 0 0 0 0 93 0 0 0 0 0 0 0 16 0 18 0 0 42 0 54 0 16 0 23 0 77 66 44 50 28 19 25 56 22 23 17 25 25 0 24 9 24 59 1 0 0 46 0 40 0 19 0 13 0 0 0 0 95 0 24 0 0 5 8 0 8 59 77 0 56 0 0 16 46 7 10 56 11 0 29 0 0 0 0 0 46 0 87 0 0 61 0 0 0 0 37 34 32 0 0 48 4 0 0 0 0 40 0 90 63 0 0 0 2 0 0 19 0 0 0 0 0
 38 21 0 53 60 7 0 2 46 0 5 0 54 64 61 46 0 58 0 0 3 0 0 6 24 18 0 52 0 28 50 17 0 0 64 33 27 0 0 25 19 75 0 0 0 61 33 0 0 0 84 56 54 0 4 30 20 0 19 0 0 51 0 0 7 8 0 0 54 80 0 0 24 14 0 0 6 0 33 15 5 59 27 0 59 0 90 0 53 0 8 91 0 27 0 33 89 0 50 65 73 0 0 41 97 0 11 82 0 0 10 36 92 0 20 73 0 0 0 54 19 3 39 0 19 8 29 0 56 17 0 0 0 0 0 0 0 36 36 0 0 70 0 2 0 0 0 0 0 74 71 0 51 0 0 0 20 13 82 40 47 45 54 0 0 37 0 14 25 0 0 0 0 47 52 40 3 45 0 3 29 15 0 0 66 71 0 31 0 0 3 52 10 14 4 0 0 21 0 0
 0 29 0 48 0 0 0 0 0 36 0 9 21 8 5 0 0 14 0 0 1 0 24 45 0 0 0 0 0 31 4 0 0 0 2 0 9 0 0 35 0 20 0 0 0 0 57 6 19 0 11 0 28 0 0 0 0 91 12 15 0 42 0 0 44 17 0 42 0 0 0 12 0 0 0 54 34 3 4 81 39 16 0 52 33 0 0 26 63 0 0 0 0 0 7 45 0 18 0 0 26 94 57 56 32 6 66 61 0 0 20 12 38 0 0 60 66 80 30 6 0 0 0 7 61 21 0 0 58 0 10 0 0 0 7 33 0 68 0 0 21 55 0 43 0 25 0 18 10 0 55 47 0 0 22 85 42 0 0 0 0 26 57 23 0 7 0 0 0 28 0 0 19 0 55 17 0 0 0 39 3 35 83 0 0 0 7 82 0 3 33 0 0 0 14 0 0 0 48 55
 56 0 70 0 0 0 61 0 3 0 2 0 0 0 34 14 0 0 12 0 0 0 0 0 12 27 22 56 0 0 0 0 0 0 0 67 0 65 6 0 29 60 48 0 17 0 0 0 47 26 31 0 0 3 0 16 23 0 0 0 0 0 64 7 42 0 51 0 0 78 0 71 0 0 0 13 0 32 16 0 0 28 0 21 0 57 65 13 79 5 0 0 57 86 59 0 39 0 0 80 8 0 34 0 66 0 0 0 39 0 4 26 0 0 0 0 23 0 0 0 0 0 23 32 0 0 0 0 0 63 0 10 0 0 30 34 0 0 6 0 0 41 41 0 55 0 0 42 49 0 0 56 14 16 0 49 48 31 0 2 0 81 18 0 0 39 43 0 0 54 0 0 0 12 78 0 0 0 0 0 19 3 21 63 34 18 0 0 41 6 61 27 0 33 15 46 0 0 14 14
 42 0 8 0 15 0 16 60 9 23 0 5 31 0 0 20 0 0 0 4 0 80 92 0 0 1 25 0 81 0 0 0 10 0 31 44 0 0 75 0 0 0 0 23 0 0 21 0 0 76 8 18 37 65 0 0 0 0 2 0 0 0 12 0 0 65 0 0 42 0 0 0 0 43 0 0 0 0 29 0 0 66 0 0 58 16 0 88 0 39 0 60 62 27 0 0 49 0 0 0 0 0 50 75 0 38 0 0 12 22 76 0 0 44 28 39 0 0 0 0 37 36 0 36 22 82 0 0 47 0 0 36 0 0 0 58 4 35 30 50 24 0 2 59 0 14 41 0 44 24 0 0 2 0 37 1 0 0 5 0 17 0 0 0 0 0 0 42 70 23 0 16 0 0 0 21 0 22 47 44 12 4 25 0 0 34 0 0 14 58 0 5 0 0 63 29 47 0 26 11
 46 0 0 50 0 0 0 24 51 0 30 1 0 3 0 0 36 32 7 0 0 0 0 30 0 0 0 1 24 10 0 0 0 0 28 0 35 13 0 34 0 4 0 0 4 54 0 46 9 0 28 44 0 49 0 63 0 2 80 16 0 0 0 13 0 10 0 0 16 0 39 66 0 0 0 19 20 0 93 60 0 0 0 20 0 0 4 47 7 59 1 0 0 74 17 22 50 0 45 0 0 0 0 27 65 0 20 0 22 94 0 25 0 21 0 0 86 4 30 0 76 23 0 93 0 0 0 12 0 0 43 0 0 7 29 0 0 2 10 0 72 0 0 0 0 0 0 0 0 23 0 0 0 0 27 15 29 0 34 0 42 12 36 0 53 30 0 6 67 27 0 0 38 0 0 60 45 0 7 0 0 0 30 0 26 0 14 5 0 52 0 6 0 34 24 58 0 0 9 0
 14 0 0 20 12 13 0 0 28 55 0 0 0 60 43 13 0 5 33 27 0 10 42 39 0 30 18 0 28 7 0 0 51 0 39 30 0 32 0 0 0 0 0 67 0 0 15 78 0 0 0 0 0 10 21 5 0 3 0 88 56 0 82 34 54 83 17 20 0 66 0 0 78 0 0 3 0 1 0 0 22 15 0 0 0 0 0 3 0 15 44 43 7 0 77 17 0 20 0 0 79 0 5 0 30 58 55 0 77 0 0 0 0 0 23 0 70 17 64 0 19 0 0 0 37 26 26 0 74 52 15 0 0 14 0 0 0 74 2 29 6 0 0 3 0 0 0 0 18 0 0 0 0 0 0 0 0 6 0 7 0 3 0 3 0 0 24 0 0 44 0 0 47 0 0 0 0 0 0 9 0 0 0 0 80 88 0 0 26 5 0 0 0 0 74 11 89 53 51 0
 0 0 31 66 57 0 0 0 8 11 68 33 15 0 0 0 0 65 42 28 46 62 74 13 41 64 26 0 58 67 9 0 0 9 7 12 0 1 1 0 0 92 0 0 4 0 38 0 0 0 0 30 0 37 23 5 0 0 17 78 0 0 0 0 0 0 6 74 0 0 45 0 0 0 9 63 0 0 25 2 87 3 24 0 76 60 45 8 0 0 0 65 0 0 45 21 14 0 54 0 0 0 16 43 0 0 9 0 66 52 32 0 0 22 56 47 0 7 72 58 11 0 0 78 0 4 0 0 36 38 0 0 46 0 53 56 61 15 0 63 0 0 0 0 54 19 51 0 0 10 0 12 0 0 32 31 0 13 23 0 0 29 0 0 0 0 0 28 3 0 0 0 23 0 0 33 0 69 0 38 0 0 0 49 0 82 0 0 33 0 30 75 0 23 1 0 57 23 32 0
 23 1 7 25 25 24 1 58 0 0 0 0 0 0 0 35 0 27 29 0 0 19 6 0 0 0 0 29 0 0 5 50 25 0 0 0 36 0 0 21 24 91 0 12 0 43 0 37 0 18 5 0 8 0 2 0 62 33 0 0 0 0 0 23 0 18 0 51 0 36 47 0 24 15 46 69 0 74 13 0 0 0 0 0 0 19 5 0 37 0 22 18 2 0 39 5 0 0 0 0 0 0 42 23 34 21 5 93 69 54 35 0 0 0 53 0 0 0 0 44 0 71 0 76 0 83 0 36 14 42 14 100 0 0 61 0 0 0 5 0 10 0 0 0 0 11 0 46 2 19 0 0 82 14 7 0 0 12 0 0 22 15 54 14 0 31 0 1 0 44 48 0 33 0 4 19 0 52 40 0 12 14 0 0 0 35 81 0 0 0 0 0 0 40 0 0 18 0 0 5
 0 28 6 21 13 16 0 0 0 1 6 0 89 0 18 65 4 0 15 93 0 0 0 0 0 0 0 0 0 0 0 0 12 0 12 0 0 6 0 68 0 4 0 0 21 10 0 0 0 0 39 15 0 30 0 0 0 0 1 0 0 0 0 5 0 32 0 0 1 28 19 42 16 11 35 0 57 0 50 0 2 0 7 40 11 29 0 0 31 0 0 74 3 0 33 0 70 0 2 0 5 12 0 0 0 0 0 0 44 23 0 0 14 27 32 0 12 50 0 1 11 0 43 8 12 0 7 47 12 81 0 0 0 20 64 45 8 0 0 43 0 0 71 0 47 83 0 0 64 0 11 0 0 22 20 31 59 0 35 0 0 0 49 0 39 0 77 0 0 0 1 0 0 0 0 0 0 17 38 60 0 49 0 0 52 72 19 68 0 0 0 0 12 5 12 3 0 0 3 0
 21 13 10 0 8 23 0 76 0 2 0 0 0 18 0 54 19 72 85 0 0 0 0 0 0 13 15 0 56 0 0 18 59 0 52 0 13 0 0 0 26 0 45 52 0 23 35 18 0 0 24 24 0 0 0 60 0 0 0 21 0 23 1 0 58 15 14 0 0 9 0 60 0 0 8 26 0 0 37 0 27 44 73 0 7 0 17 2 0 0 0 0 23 8 13 0 0 0 33 0 2 30 24 0 0 45 0 0 0 14 73 35 52 29 25 0 0 19 60 0 69 17 73 26 0 0 0 7 0 0 0 0 0 54 0 38 33 0 0 69 58 30 16 67 0 47 7 0 0 0 0 0 0 0 0 23 0 0 0 0 0 27 56 8 16 2 0 0 0 7 41 25 0 22 0 66 18 0 8 0 2 17 6 0 63 0 40 94 76 0 0 68 39 44 0 75 9 19 0 50
 44 58 57 0 0 28 63 4 14 0 0 51 4 0 10 54 33 0 6 37 47 44 28 1 0 0 0 34 0 0 31 0 14 71 0 0 10 0 94 26 79 39 16 4 23 0 0 37 31 0 0 0 0 0 11 0 0 55 15 0 0 33 40 61 18 0 0 28 68 30 53 0 67 0 2 22 58 0 10 0 77 0 0 16 0 46 0 61 0 0 24 52 0 11 84 0 0 54 76 0 0 0 0 0 51 61 0 0 60 0 34 5 0 4 0 34 0 0 0 0 31 0 48 0 0 8 10 14 14 60 50 0 33 54 28 0 1 0 29 15 0 0 65 0 0 0 0 0 0 33 7 0 0 79 0 0 0 19 83 0 0 86 33 0 21 0 13 39 0 0 0 0 51 61 10 0 0 0 39 5 0 0 66 0 0 70 44 0 0 0 0 40 0 0 4 0 25 21 0 31
 0 48 96 0 28 0 18 50 0 0 20 54 0 0 0 11 14 0 93 0 0 0 25 0 32 65 30 0 20 0 0 0 0 24 87 80 0 0 15 0 33 61 38 39 0 19 0 0 54 0 0 0 76 16 51 46 0 0 0 56 0 7 37 21 0 13 58 16 5 25 0 44 57 0 0 29 0 0 0 0 0 24 44 45 23 0 6 0 0 40 17 0 35 0 0 0 0 0 0 0 0 0 0 40 0 42 62 8 18 0 0 91 16 44 0 42 23 0 0 0 0 33 12 4 0 0 0 0 34 0 13 0 0 0 9 0 0 16 4 0 0 0 79 0 0 0 0 6 0 0 55 49 0 0 0 0 15 0 0 60 0 0 0 0 54 0 26 22 0 0 40 0 7 0 0 0 0 0 87 29 11 6 17 0 63 0 0 80 33 33 27 0 2 91 36 0 0 0 22 24
 7 16 10 0 4 0 29 51 49 0 0 22 0 2 16 35 0 21 3 0 2 0 0 5 2 74 0 32 0 0 7 48 25 0 0 22 57 0 0 30 0 0 3 0 6 55 1 35 22 0 3 14 0 29 0 0 0 4 0 12 7 0 0 0 0 4 0 0 16 0 0 59 0 0 0 40 57 0 80 0 80 0 43 0 0 0 0 0 21 0 0 46 26 23 0 0 0 50 21 0 0 0 0 19 19 51 47 31 0 0 52 0 18 0 56 0 0 0 0 0 0 0 0 2 0 0 0 14 0 0 20 0 0 0 26 11 42 38 0 27 28 0 0 19 0 79 0 0 79 2 38 0 24 0 15 77 17 0 0 0 58 82 2 3 78 71 0 0 0 2 33 4 0 16 0 32 46 0 40 67 1 0 40 67 26 22 54 0 0 0 0 0 0 0 25 89 10 4 13 0
 28 0 0 0 47 5 0 80 6 0 0 21 0 0 0 39 0 13 0 0 0 57 0 23 0 35 23 0 0 17 0 21 0 0 3 3 55 0 13 36 0 0 28 0 0 0 0 60 0 37 0 42 0 0 0 0 0 0 42 0 0 23 0 0 62 82 0 0 0 1 0 0 66 27 4 65 0 46 58 54 0 0 0 36 0 0 9 0 52 0 0 33 95 0 40 0 6 0 0 0 43 1 8 0 0 33 0 14 0 0 0 0 13 72 15 0 12 8 0 45 0 0 11 0 0 0 15 36 13 0 13 0 0 35 29 18 34 8 0 38 0 48 6 0 0 0 0 0 0 23 49 83 34 52 0 0 29 39 0 0 44 81 0 5 14 63 3 0 0 18 24 24 28 0 0 0 22 0 43 1 0 0 0 0 0 0 0 0 0 80 35 0 27 9 0 61 0 0 5 0
 0 24 0 0 0 0 0 0 0 0 0 0 3 0 0 0 0 3 52 1 6 0 0 50 9 0 23 56 28 0 0 0 0 0 0 0 0 67 0 0 0 41 22 0 0 46 0 0 28 42 0 7 0 48 0 38 37 0 4 34 1 0 0 20 0 29 62 0 78 0 0 12 0 0 0 0 0 0 0 36 0 57 0 0 0 0 0 4 54 62 0 13 28 0 0 80 0 70 0 0 0 61 32 0 61 0 0 0 0 0 78 38 0 0 67 0 4 0 30 55 15 61 0 0 8 9 0 0 13 0 0 53 0 5 31 54 0 18 3 0 28 0 0 33 41 0 48 15 0 8 0 45 0 3 0 30 0 0 28 0 0 0 29 0 0 0 0 0 0 60 0 84 0 0 0 28 16 48 23 58 7 30 59 0 58 0 37 50 0 27 0 18 45 32 0 1 8 0 64 52
 84 8 0 0 91 72 0 49 73 0 47 20 2 0 0 11 1 54 66 9 0 0 0 0 35 0 0 79 39 0 25 0 0 0 88 0 63 83 3 2 0 89 12 20 0 4 0 21 21 54 17 12 21 4 0 0 3 49 24 0 20 0 0 0 0 0 0 30 0 0 0 0 0 0 0 0 0 0 0 0 0 0 6 0 49 58 48 0 31 92 9 31 18 17 0 0 0 0 0 0 0 0 40 0 64 47 0 41 84 30 0 0 3 32 35 74 0 0 0 0 52 0 0 0 45 0 40 6 0 29 0 2 1 86 13 28 0 0 31 19 37 26 0 85 32 12 0 43 36 61 8 22 36 6 0 0 0 91 34 40 25 0 0 0 0 62 57 0 0 31 0 66 22 0 0 66 13 0 39 0 71 0 61 0 0 0 0 0 0 14 0 0 0 0 10 16 0 0 0 17
 19 0 67 0 10 43 0 0 62 0 37 8 0 0 61 0 7 10 10 18 64 0 76 0 38 0 88 0 0 0 4 0 13 0 0 0 55 6 0 28 0 0 35 0 0 2 88 0 0 0 0 8 0 0 56 0 8 9 18 18 34 0 15 89 0 51 15 54 59 0 0 2 0 60 51 10 0 25 0 30 0 27 0 0 44 0 0 50 0 6 81 0 0 0 0 24 48 0 54 56 31 0 0 20 0 0 84 56 0 28 64 0 59 0 0 81 79 0 22 0 53 0 11 0 0 0 65 10 0 11 0 10 19 49 22 0 0 76 0 0 0 55 0 0 0 0 38 0 10 0 47 0 52 0 36 33 0 34 13 0 20 0 0 65 7 29 0 0 55 1 0 84 1 17 4 0 22 0 23 0 0 3 0 0 55 12 78 0 0 0 0 0 0 0 0 0 0 0 0 0
 16 0 3 0 15 0 32 46 0 0 4 0 1 46 42 0 2 0 0 91 60 19 18 58 44 0 26 36 18 0 0 34 18 0 0 0 0 11 35 24 40 0 0 0 24 0 15 0 0 4 3 4 0 52 2 0 0 5 30 0 10 0 5 9 0 3 0 27 0 0 0 12 29 86 0 7 25 31 0 16 75 0 24 0 0 0 8 31 6 0 0 40 0 0 31 23 1 0 0 0 29 0 0 6 0 0 0 79 0 0 5 67 26 0 64 3 25 84 0 0 44 18 9 37 0 0 0 0 53 8 0 0 0 2 0 47 0 0 20 52 0 13 0 0 0 36 57 0 0 0 0 2 0 32 0 9 65 0 0 12 56 0 0 30 0 0 0 41 97 33 61 27 0 22 0 0 12 74 39 0 3 0 0 25 23 19 0 0 4 0 50 0 41 41 0 37 61 39 29 0
 34 0 0 0 0 43 37 0 0 10 0 96 0 22 0 0 0 9 87 1 10 68 0 0 0 25 0 33 0 0 7 0 0 0 0 0 78 0 0 21 0 48 11 25 0 0 74 81 46 0 38 29 0 0 0 0 0 7 4 46 0 27 0 0 0 0 0 38 0 0 0 71 19 13 0 0 0 0 32 16 0 34 0 12 0 0 0 0 17 0 0 0 9 0 0 0 0 36 0 0 2 0 27 13 0 0 0 13 17 0 17 9 6 26 0 41 0 25 19 0 0 2 23 78 93 6 51 0 0 0 0 0 0 8 30 19 47 0 0 0 65 71 25 32 0 0 0 0 6 48 59 0 0 45 0 22 0 76 66 12 43 4 71 6 22 15 40 22 0 41 0 0 0 11 0 0 25 0 0 64 49 60 49 0 0 0 0 0 87 0 0 17 0 0 0 0 0 51 0 0
 21 17 15 38 0 0 0 88 36 0 27 57 57 0 0 38 22 11 6 64 5 7 34 13 82 36 0 39 0 0 5 0 0 38 0 28 0 0 0 0 71 0 81 0 0 0 68 0 10 0 0 32 5 0 6 0 0 49 58 46 0 0 12 11 0 0 34 13 12 0 0 52 6 0 0 64 0 0 0 0 31 50 0 0 2 0 16 78 45 17 0 2 0 53 34 27 39 0 33 0 0 0 27 42 32 26 0 0 0 6 54 20 4 0 0 38 72 2 13 92 0 0 3 0 31 3 38 0 0 15 59 0 82 45 3 6 0 33 48 0 7 0 1 0 69 18 40 0 39 85 0 0 53 0 0 0 0 23 0 24 21 0 52 0 0 48 53 0 13 7 0 9 0 36 3 0 0 0 11 8 0 0 0 0 0 25 0 97 0 11 0 0 30 15 0 0 18 0 0 0
 0 26 0 31 15 10 0 10 84 3 22 64 0 15 0 0 33 2 0 56 0 0 7 49 0 0 0 6 0 26 20 0 0 1 26 61 21 24 4 17 21 61 31 0 32 0 0 0 46 63 50 0 0 71 13 69 30 1 21 0 0 0 39 9 21 0 20 0 0 3 0 0 0 50 0 53 0 45 0 40 0 0 92 11 0 74 0 0 66 61 24 0 32 0 9 9 0 35 0 0 0 1 32 0 0 0 0 51 0 0 0 42 0 7 0 0 0 0 55 52 58 67 66 26 0 27 68 0 46 27 76 61 4 0 0 3 27 0 0 0 72 32 16 0 0 0 0 45 0 0 0 0 0 38 0 0 0 35 37 0 0 0 39 0 28 0 0 77 0 47 0 0 0 81 22 0 30 0 5 39 0 0 0 0 43 0 84 0 6 51 0 0 0 0 0 42 5 25 60 0
 13 0 0 33 0 0 45 14 41 46 0 21 14 0 0 0 0 0 6 2 0 33 0 42 24 0 33 59 0 12 0 16 4 0 2 0 0 0 2 0 18 33 0 58 4 0 0 0 4 36 9 43 0 0 0 55 0 7 0 16 0 23 0 67 38 61 0 0 29 0 0 0 23 30 0 50 16 0 0 0 72 54 0 42 3 0 9 0 0 88 0 0 0 59 34 0 0 0 0 0 0 44 49 0 0 44 79 0 0 0 23 0 16 49 0 0 69 0 0 49 0 27 10 40 71 35 0 0 32 87 45 0 0 0 0 21 0 48 0 40 69 0 26 11 0 36 65 0 0 35 88 0 0 0 77 0 0 0 0 0 0 50 6 69 0 17 0 0 13 37 27 1 0 29 23 30 46 0 0 67 0 0 0 0 6 0 42 18 42 0 0 12 0 41 14 3 68 0 0 33
 9 24 0 51 0 0 47 19 0 0 0 0 72 70 0 0 0 0 56 36 44 11 9 27 61 0 0 0 0 81 0 20 0 49 36 0 0 89 0 25 91 0 8 2 0 46 41 37 6 0 0 34 65 0 18 18 0 0 0 63 98 43 18 16 0 3 18 25 0 5 48 0 49 0 0 52 0 0 0 0 51 30 0 0 0 0 0 60 0 0 0 8 29 0 0 0 33 24 0 17 0 28 0 63 39 92 52 53 0 0 0 0 19 0 40 33 0 0 0 0 0 0 52 0 74 0 46 0 8 50 0 0 64 50 0 0 0 49 99 0 0 0 0 76 28 16 0 0 16 17 0 0 0 13 0 0 0 0 5 0 42 0 0 0 31 0 28 0 13 0 12 15 0 90 65 0 0 0 0 55 0 0 10 0 42 16 0 6 0 30 0 0 42 0 38 0 0 0 3 40
 0 0 36 6 0 0 15 47 0 0 0 0 0 0 0 42 0 34 64 0 0 0 0 13 60 68 20 0 9 0 30 24 3 1 0 50 40 23 0 19 0 0 0 66 0 39 5 29 0 45 5 39 0 27 62 11 36 60 0 0 0 63 0 0 41 87 0 0 0 53 0 24 65 38 55 23 59 21 35 89 0 29 0 0 3 62 0 68 0 1 0 84 0 9 24 0 10 3 10 37 74 0 0 0 0 2 0 0 0 0 10 0 0 55 40 68 46 0 0 18 0 0 9 18 0 17 35 0 0 79 28 36 0 13 32 82 0 0 0 19 0 35 0 0 0 21 0 0 0 0 0 28 0 0 76 29 0 17 15 29 20 0 75 0 0 0 0 29 19 0 16 0 0 49 39 0 1 0 83 0 0 20 4 0 0 0 31 0 0 0 77 19 10 44 3 60 0 10 70 0
 59 58 0 37 26 0 59 0 8 0 2 51 7 86 0 0 0 14 0 77 0 17 0 0 0 0 0 0 12 0 0 0 44 27 69 15 0 63 0 0 36 8 0 0 61 64 50 0 35 51 64 0 0 46 24 5 25 0 0 0 0 0 75 48 42 88 65 0 0 0 61 0 23 20 11 41 0 1 0 67 20 66 69 0 56 0 12 0 0 30 0 21 0 0 47 0 1 0 0 0 0 0 10 0 72 0 47 1 0 7 5 15 21 43 0 0 76 56 0 0 0 0 0 34 15 13 64 48 0 0 16 22 73 0 39 77 0 68 61 0 26 0 38 50 2 0 8 52 34 47 0 82 0 0 75 0 42 0 0 0 10 0 31 27 57 0 0 16 0 0 33 13 0 0 0 7 0 0 17 9 35 0 66 28 0 33 61 88 0 0 16 8 41 0 53 0 0 44 0 73
 66 0 0 0 67 0 0 73 0 81 0 29 0 0 4 0 0 2 0 0 92 0 15 0 5 0 36 51 0 36 44 0 0 9 17 0 2 0 7 2 0 11 0 45 26 48 0 0 0 0 7 0 0 8 0 0 0 0 69 0 0 0 0 0 65 0 9 86 75 96 45 0 48 0 3 11 0 0 89 71 0 7 64 11 76 81 0 22 0 4 0 71 39 1 0 31 34 0 0 49 0 0 38 0 17 0 0 0 44 40 0 2 11 57 0 33 20 10 0 0 0 0 68 0 0 72 7 0 2 0 0 10 5 0 0 0 63 38 0 0 0 0 0 3 18 82 7 0 0 6 0 0 94 0 0 0 26 3 0 0 18 12 0 0 60 0 10 74 0 36 75 7 0 0 0 0 0 0 0 0 23 5 0 0 0 0 0 28 0 61 0 0 75 45 49 0 0 1 5 86
 54 7 19 0 0 0 0 25 0 52 27 0 0 13 0 17 0 0 0 44 9 0 0 67 0 0 0 16 0 0 0 34 93 0 29 0 0 11 0 0 63 58 0 0 18 0 2 59 0 0 1 0 0 0 47 21 0 60 0 19 62 0 15 8 0 0 0 0 11 0 67 29 37 0 0 0 44 19 0 0 8 35 0 63 0 0 7 52 0 0 66 0 0 3 3 85 0 0 83 0 0 84 15 73 87 0 66 47 0 16 0 21 29 0 24 0 0 47 0 0 0 23 0 0 0 0 42 38 0 29 0 0 77 55 0 16 31 0 0 0 0 99 0 0 5 0 21 0 5 0 92 60 0 68 53 5 45 6 77 0 12 0 68 0 0 8 11 0 75 81 0 82 0 0 0 0 14 52 0 0 19 37 0 0 4 10 26 0 25 0 69 18 8 0 0 0 0 42 0 0
 33 7 0 0 0 4 4 2 65 0 8 0 0 0 0 54 34 0 0 22 0 0 23 0 0 0 0 71 41 50 58 0 80 49 0 15 0 0 0 0 0 0 4 19 4 37 52 18 43 0 0 0 16 62 5 0 21 0 0 0 0 5 10 65 46 0 3 0 0 14 0 55 13 0 26 17 1 22 0 16 65 25 0 17 85 0 0 9 35 57 0 60 42 0 0 0 0 0 86 18 41 4 68 13 0 48 8 0 0 0 0 25 0 0 84 0 0 26 88 59 33 23 33 3 0 26 0 47 5 0 14 34 17 0 31 34 35 47 32 0 60 37 2 26 4 0 0 0 20 0 66 0 0 9 69 75 0 63 0 0 11 0 10 0 88 1 60 0 15 0 47 33 27 58 2 25 0 0 30 0 0 0 0 0 35 0 0 52 0 0 0 0 46 0 17 78 32 48 0 8
 16 21 0 36 14 0 0 0 36 33 0 4 0 0 55 60 8 0 0 0 81 0 0 0 0 86 7 0 80 0 17 46 42 0 25 0 28 58 20 27 55 0 0 0 0 45 40 0 25 77 0 17 29 0 28 0 0 15 0 0 49 23 0 0 0 23 0 0 0 0 0 0 0 31 0 0 0 43 26 43 0 25 0 59 11 0 0 0 48 61 0 0 0 0 10 0 0 0 13 0 0 0 8 0 21 0 0 0 0 78 0 0 24 0 0 6 18 0 0 5 0 0 0 29 15 0 15 0 1 25 0 0 0 0 0 0 0 0 0 1 57 0 0 71 20 0 0 0 24 9 20 54 8 1 0 0 71 61 0 0 0 0 35 17 0 0 0 0 0 0 20 0 54 0 0 68 0 0 15 49 0 54 0 5 50 0 22 0 0 0 0 0 0 0 77 90 21 0 43 38
 0 0 0 0 0 0 0 68 0 0 0 0 23 4 0 21 0 28 0 31 30 0 70 0 27 0 0 0 72 0 0 0 0 33 34 0 0 0 62 0 24 56 24 0 0 0 16 72 0 7 7 0 0 0 0 0 22 6 0 0 0 0 86 0 73 0 73 0 54 24 20 17 0 6 66 0 42 4 48 0 13 17 5 47 36 0 1 3 58 0 0 0 23 63 53 30 0 0 28 74 0 26 0 29 1 0 0 0 0 53 0 11 9 2 23 0 0 0 71 0 0 0 0 0 73 83 0 3 0 51 0 33 0 42 0 0 0 0 9 0 0 0 0 48 1 40 43 5 0 22 0 0 87 0 6 47 2 0 38 3 23 48 0 0 14 0 34 78 6 23 16 19 4 59 0 32 0 0 0 0 46 0 0 16 73 55 0 21 0 0 0 0 0 13 0 0 19 0 24 0
 0 57 3 74 0 0 41 60 0 15 41 0 0 25 0 0 50 0 0 45 0 0 15 0 0 0 0 0 4 0 0 68 0 0 0 0 0 0 2 40 5 16 0 0 40 35 11 0 0 0 0 18 0 0 75 16 29 13 0 0 0 0 54 42 0 0 0 0 61 0 4 0 0 23 40 0 0 63 0 0 0 78 0 0 42 0 38 5 1 0 16 0 0 4 27 0 49 73 0 0 36 0 59 56 0 0 7 0 17 43 0 0 0 0 66 80 31 17 11 0 0 0 81 0 0 67 64 0 7 37 12 2 0 92 0 0 91 0 20 69 6 0 0 0 0 28 0 46 0 36 0 0 12 14 92 7 26 86 69 0 0 0 0 10 20 38 22 1 0 0 3 4 0 34 0 0 0 80 8 49 64 46 43 55 0 0 0 0 0 0 0 76 0 2 0 0 0 0 0 30
 50 3 5 58 20 3 21 0 27 47 40 29 57 0 0 0 57 0 0 0 67 88 0 0 23 46 0 0 0 0 5 0 0 3 34 0 9 9 3 19 2 15 17 0 42 70 0 0 0 0 7 10 39 38 0 0 0 54 0 0 0 5 0 0 0 17 62 58 54 15 6 17 44 13 0 0 0 0 7 61 0 0 78 34 0 23 84 0 0 0 25 68 0 0 0 0 46 12 0 69 0 39 0 0 29 36 28 0 5 25 31 80 34 81 0 0 0 18 27 53 0 0 24 0 0 0 21 0 44 0 0 79 20 8 39 0 39 0 0 29 0 0 41 0 45 0 96 54 30 35 0 0 24 0 14 0 9 58 0 0 45 6 0 58 13 34 37 34 0 46 44 0 10 43 0 88 25 0 0 0 0 76 44 0 5 0 5 0 0 0 12 0 0 33 5 3 0 0 46 0
 0 0 0 9 17 0 0 15 62 0 57 24 23 10 4 36 79 0 24 11 20 0 0 13 0 0 0 0 0 49 0 0 0 0 15 1 0 11 40 68 0 48 0 35 0 0 0 9 21 32 0 0 19 24 0 32 0 0 34 24 0 0 46 46 0 40 0 55 56 30 17 20 0 77 10 0 0 0 0 0 0 0 0 5 2 72 35 36 0 0 0 0 0 33 11 0 11 76 39 86 8 6 81 79 5 37 0 55 18 24 0 16 38 82 38 0 0 43 7 0 0 6 0 57 0 0 0 0 7 1 9 0 0 17 62 0 12 51 0 13 0 87 13 16 0 43 0 53 0 6 0 54 0 9 0 12 0 0 0 0 0 72 0 3 0 0 2 5 0 66 5 0 0 0 0 48 0 24 24 16 0 0 2 68 0 0 32 4 50 0 2 54 77 0 9 79 0 0 15 0
 0 12 0 0 45 50 58 9 40 9 13 0 24 0 0 9 88 0 0 15 0 28 0 0 21 0 13 0 0 0 3 0 15 11 31 9 70 43 50 69 0 0 50 3 0 0 0 0 0 43 41 32 55 1 0 0 0 0 0 0 8 0 0 43 56 0 57 0 46 60 0 0 95 0 0 39 0 0 25 0 0 0 7 68 0 26 0 23 0 0 8 75 0 13 0 37 10 50 57 35 10 51 26 47 0 0 54 57 0 0 0 54 4 0 0 0 0 0 0 0 18 23 0 0 74 2 0 0 49 0 0 0 0 46 0 7 0 67 0 0 0 0 22 33 18 0 97 0 0 0 0 0 0 2 0 26 0 0 50 0 0 8 4 0 41 15 0 0 0 0 13 63 0 0 0 0 0 0 27 0 0 0 17 0 11 26 0 52 56 3 0 0 48 0 0 65 0 62 0 0
 0 0 36 24 25 65 76 0 0 7 0 0 32 30 81 0 18 35 0 0 0 60 17 0 0 38 46 0 0 2 65 2 0 58 4 36 0 0 11 20 72 0 0 9 0 4 0 0 61 58 56 38 0 42 0 0 0 0 83 38 20 1 0 0 0 0 22 10 0 41 22 0 15 68 0 47 56 1 73 0 0 42 0 16 0 0 0 31 3 57 0 65 46 6 0 0 43 0 0 12 49 0 0 25 0 56 0 0 0 70 0 0 0 0 0 0 0 71 0 0 36 49 2 0 0 54 23 0 43 29 53 0 0 70 49 0 65 0 5 0 64 20 49 15 0 55 0 0 0 0 0 0 1 8 6 36 0 46 34 13 69 0 0 9 0 0 0 57 68 0 0 32 0 0 10 0 29 0 0 0 0 0 3 0 17 0 44 0 75 22 6 0 57 30 55 0 0 59 0 15
 24 21 0 17 48 68 0 0 22 56 0 97 0 44 0 49 0 0 56 0 0 42 0 0 0 10 0 0 24 52 66 0 9 42 49 0 41 43 1 18 0 0 31 0 0 13 27 51 0 25 15 7 0 0 18 16 7 24 0 11 0 0 2 0 0 29 14 61 0 0 76 0 18 0 0 87 28 0 0 0 0 23 15 15 0 0 0 0 37 18 18 0 0 0 0 3 0 28 0 0 38 0 0 0 4 10 0 12 0 0 6 7 0 0 0 0 9 0 0 0 0 0 18 0 0 44 0 0 29 64 1 82 5 0 19 27 0 26 0 0 54 3 50 13 0 3 81 29 0 0 12 0 0 16 2 0 6 0 53 67 0 13 0 4 58 15 0 0 72 0 14 0 0 0 0 23 0 0 0 25 1 23 67 7 0 28 0 14 58 0 0 0 52 0 0 0 0 67 11 0
 0 0 0 0 0 0 25 0 0 7 0 0 82 19 0 33 37 19 15 0 48 29 54 0 26 0 6 0 31 48 0 34 0 7 0 0 39 0 0 0 0 48 25 0 27 53 0 0 0 74 0 0 0 17 0 23 0 28 34 0 46 77 21 0 0 0 5 0 14 27 0 2 71 0 0 0 39 17 60 0 48 24 17 68 0 0 7 0 0 0 92 1 0 0 16 22 0 0 68 48 19 8 70 0 28 46 0 50 0 0 0 81 0 0 45 5 63 9 0 16 0 29 68 3 3 0 0 0 5 33 0 0 0 0 0 53 5 14 0 0 49 0 15 25 63 24 0 0 0 14 12 0 2 8 0 0 59 0 9 0 14 22 0 0 0 53 0 0 51 0 0 0 30 68 0 29 60 0 0 9 7 0 43 31 71 0 0 0 0 37 0 25 98 0 68 52 52 0 68 96
 54 0 6 0 0 38 0 66 0 0 0 0 10 0 0 0 0 15 84 0 40 80 0 0 0 0 3 0 17 0 15 0 0 25 0 0 10 0 7 0 82 13 0 39 0 0 0 78 24 0 0 36 0 38 0 29 0 1 0 25 62 54 0 87 0 0 14 0 0 42 19 0 54 16 37 11 0 20 56 0 6 0 0 0 0 0 0 0 13 0 81 19 20 4 0 0 8 0 14 0 0 0 10 0 0 0 0 6 30 13 40 0 0 0 0 3 0 90 62 0 1 0 0 62 0 0 68 0 14 48 8 27 0 0 71 0 0 85 28 44 5 59 0 0 75 24 0 0 0 1 51 0 76 0 37 0 23 0 0 0 0 0 0 7 44 7 39 0 0 0 25 0 0 6 0 15 68 32 0 0 0 53 22 12 0 2 0 43 66 0 50 0 19 2 0 0 14 40 0 0
 16 0 35 4 16 0 34 2 12 54 34 0 0 0 22 21 60 0 31 11 0 19 0 38 4 0 20 0 33 0 69 0 0 41 69 19 24 0 10 73 55 0 5 0 48 0 0 43 0 0 28 0 26 11 3 3 0 0 43 0 0 0 28 14 6 0 24 71 0 0 0 0 3 10 0 3 6 0 0 19 0 0 33 0 57 0 0 0 20 0 44 0 12 52 0 33 0 0 0 3 0 9 0 0 0 0 39 0 62 31 0 0 5 20 0 0 76 0 34 0 48 7 0 16 0 41 9 0 26 0 0 7 34 81 0 45 5 0 45 0 48 0 5 0 0 0 0 0 0 0 0 0 6 7 76 16 0 0 48 94 0 32 0 0 38 54 0 21 53 26 0 0 38 9 52 0 33 0 0 0 14 0 5 42 0 36 13 0 0 82 0 0 0 32 0 30 57 64 0 96
 1 68 0 15 6 0 0 0 14 0 0 0 0 46 0 60 29 30 0 60 11 76 61 10 62 0 0 77 34 0 5 72 80 27 0 0 0 41 0 7 8 20 19 44 0 0 27 0 86 0 8 0 3 0 0 3 0 22 64 0 0 0 33 30 34 93 0 35 0 0 0 34 1 59 68 0 5 4 25 19 54 28 8 64 0 0 81 0 0 0 78 31 12 0 16 0 47 26 63 9 39 18 34 0 44 0 0 16 0 0 0 42 0 0 2 0 77 0 54 43 62 0 15 0 12 13 11 9 0 46 0 0 0 32 44 4 8 0 17 50 4 33 0 9 11 47 43 57 41 78 0 1 0 0 0 2 32 50 0 5 0 58 71 0 0 0 0 0 0 0 4 3 25 7 23 69 14 0 0 3 26 20 0 0 0 40 47 0 0 40 28 0 0 44 11 0 0 13 21 0
 0 46 8 0 0 0 0 0 0 15 60 0 0 0 94 24 0 14 0 9 0 0 7 54 5 41 0 94 49 0 0 85 34 6 0 0 0 34 2 0 5 26 48 0 46 37 76 18 51 0 82 19 30 2 0 0 0 0 0 44 0 0 0 0 50 0 43 0 0 0 0 1 0 64 0 0 0 0 53 0 4 0 4 0 51 24 0 0 0 19 89 0 0 0 0 0 43 0 25 0 73 0 14 0 0 0 68 0 2 0 74 32 0 27 0 0 66 35 0 0 0 0 53 23 0 49 35 0 0 73 0 11 38 5 0 0 0 0 0 0 51 68 0 0 14 78 31 0 0 6 17 0 0 92 46 0 23 0 3 0 24 13 0 0 13 0 23 0 0 0 10 0 35 65 81 0 18 0 0 0 0 0 0 34 2 0 68 45 23 55 0 28 23 0 0 0 0 36 39 0
 0 0 0 12 0 0 1 77 0 0 0 0 0 9 36 0 55 34 0 0 5 16 58 0 0 14 0 0 0 0 0 0 0 12 56 34 0 41 0 4 0 0 19 63 10 0 0 53 0 0 33 1 39 54 0 26 0 0 0 0 0 0 0 65 0 0 64 0 9 0 0 0 32 5 23 0 68 0 0 61 0 4 60 71 42 32 6 0 0 0 0 0 56 0 25 11 9 15 15 0 0 0 0 7 9 38 15 64 35 0 86 7 23 0 65 0 0 0 0 10 0 0 17 0 54 41 0 0 51 4 3 7 0 7 0 0 32 0 49 0 0 93 55 8 0 0 0 0 48 0 25 13 0 0 0 0 64 0 20 94 0 57 0 0 79 0 60 27 17 18 0 0 32 0 9 8 86 52 42 50 0 0 0 47 0 0 0 0 34 6 0 0 14 0 0 44 55 24 6 0
 0 0 0 37 36 57 0 0 0 0 0 16 7 8 0 56 73 2 0 0 10 41 24 5 30 24 1 0 0 10 9 10 83 0 11 32 0 52 0 0 23 14 0 0 5 14 33 0 0 0 0 73 0 0 21 0 0 0 25 0 0 0 0 0 0 0 0 0 13 0 0 27 24 7 0 42 0 9 68 0 29 0 51 0 0 0 0 0 0 6 0 4 23 6 0 6 59 86 5 5 48 4 0 0 28 11 54 15 0 0 0 0 12 0 29 12 65 4 0 0 0 0 39 22 0 6 73 0 89 0 27 0 0 0 0 0 0 10 0 75 59 0 97 40 0 0 0 33 65 1 34 0 20 0 30 0 68 51 10 0 2 0 60 0 0 87 0 0 0 0 16 23 19 28 21 19 0 0 67 33 0 52 0 2 0 24 12 0 0 16 0 51 20 14 10 98 0 55 23 5
 0 0 55 11 5 93 0 16 27 0 95 20 66 43 25 0 25 17 74 80 0 78 0 0 37 68 0 37 0 17 60 40 56 0 0 0 0 0 4 0 29 2 22 37 51 80 26 55 0 13 0 10 44 0 17 0 0 6 0 27 12 58 38 65 0 33 0 19 52 45 32 0 27 21 26 27 0 28 0 0 2 38 48 60 0 0 41 65 18 59 34 0 4 5 52 0 84 0 20 0 0 0 28 0 13 0 59 56 22 0 64 26 0 9 0 0 85 27 0 42 44 0 0 34 0 0 18 0 0 0 71 35 0 0 0 0 0 7 82 0 56 0 0 39 0 42 0 24 0 0 0 56 31 0 29 0 7 5 0 0 0 0 0 0 0 0 0 0 38 0 28 0 81 0 8 58 20 2 8 8 10 0 0 0 0 0 51 0 16 93 0 37 87 0 4 64 23 0 0 2
 0 0 36 0 0 10 34 0 0 6 0 53 42 43 3 0 0 17 0 0 49 50 0 0 0 78 0 89 0 0 0 0 49 12 31 0 52 96 0 0 20 27 0 29 0 65 0 44 2 0 31 12 0 0 52 33 0 0 0 0 0 0 0 0 0 0 0 0 0 0 0 15 0 59 0 0 72 0 55 93 0 2 0 39 0 22 0 0 0 0 0 68 0 0 0 48 11 67 0 0 7 66 0 19 36 25 0 34 0 8 6 30 72 24 0 0 38 18 5 0 41 11 0 82 0 0 0 0 0 0 56 0 35 0 33 39 0 0 21 0 0 24 42 22 46 0 0 71 0 0 0 29 0 6 0 16 54 0 0 0 0 59 0 0 19 33 0 0 4 8 15 35 25 0 41 0 0 10 0 0 43 71 87 0 0 44 7 0 0 27 0 39 0 0 0 0 0 0 0 1
 0 0 6 0 0 6 0 56 0 1 0 10 0 0 5 0 23 0 8 0 0 0 0 0 21 32 8 27 0 21 30 8 0 32 35 0 51 20 0 0 0 0 0 0 5 0 0 0 0 13 0 0 0 13 83 0 0 48 0 7 2 0 0 0 0 13 0 0 0 0 40 0 39 30 58 0 44 17 27 0 30 0 24 0 77 68 0 14 0 0 0 42 13 0 12 64 66 0 0 0 10 0 51 0 54 20 0 0 0 0 34 52 0 83 72 0 43 0 37 0 49 0 0 0 82 0 7 21 36 0 0 63 0 10 0 0 0 0 27 0 0 18 8 0 9 72 0 0 0 0 0 0 76 62 0 44 0 15 5 0 0 0 0 0 46 0 55 0 0 0 37 0 0 48 1 0 3 34 0 0 0 0 44 13 0 0 16 0 0 18 35 28 0 0 2 0 0 1 11 15
 0 0 0 45 17 61 0 41 0 31 0 1 30 58 0 0 0 19 0 51 0 79 47 0 0 0 58 0 0 6 0 0 0 0 0 8 0 0 0 44 15 0 0 0 0 26 0 29 0 0 11 65 0 0 0 23 14 0 16 0 0 0 0 0 92 0 88 59 0 10 29 35 0 4 12 0 47 0 0 0 0 0 21 0 70 0 0 13 33 0 0 3 0 0 78 0 37 0 34 16 52 1 21 0 24 80 0 2 0 0 43 14 7 28 0 43 0 0 21 0 48 0 51 35 0 0 0 36 25 0 66 0 13 0 60 0 34 13 27 0 0 12 17 43 4 41 4 42 71 0 83 44 54 0 68 0 0 16 0 0 0 0 0 19 13 0 0 0 31 0 86 0 0 0 0 0 18 17 56 0 26 9 52 37 27 45 0 0 1 0 0 0 0 45 41 0 0 0 0 0
 36 30 39 0 0 3 17 0 0 16 0 0 0 0 49 22 0 0 0 0 0 0 0 0 0 65 0 0 70 85 15 0 8 0 0 47 65 0 15 0 0 6 0 46 0 0 0 0 0 0 10 0 12 88 0 0 23 69 0 0 9 3 0 23 4 0 0 0 17 50 0 0 0 0 60 10 9 0 84 61 7 35 0 0 0 0 0 36 0 0 0 49 0 0 0 0 21 0 0 0 37 0 0 30 72 12 29 0 1 59 54 0 43 42 0 0 1 67 13 40 0 44 40 7 0 34 33 19 65 0 0 0 0 33 13 0 4 3 82 0 78 73 0 0 0 28 0 26 0 45 0 6 0 0 10 0 0 0 0 6 0 0 59 26 0 1 8 0 0 0 47 0 0 0 4 31 0 54 0 0 0 0 0 7 46 5 23 23 22 3 25 8 27 24 27 0 0 0 0 0
 18 0 78 5 14 40 0 0 0 40 0 0 68 9 0 15 4 0 0 5 18 50 0 0 7 66 0 33 0 0 0 0 0 0 49 0 0 6 87 0 57 53 27 0 47 53 17 8 0 0 21 10 0 43 0 0 26 0 59 0 0 52 0 0 26 43 18 25 1 0 0 2 0 20 0 47 75 25 4 0 0 36 0 13 0 3 0 29 0 0 0 9 54 1 76 0 81 34 0 70 20 0 0 0 0 0 87 0 0 40 91 73 0 17 29 0 0 33 0 0 12 25 0 11 0 10 0 0 0 70 74 0 58 1 64 17 27 5 4 0 34 0 0 25 18 26 0 71 60 0 34 0 0 0 0 0 0 0 0 14 0 0 0 0 0 9 23 0 0 14 0 0 0 41 0 0 0 0 31 21 52 0 0 45 55 0 24 0 17 50 0 0 0 0 0 0 2 0 69 0
 3 29 1 0 67 9 55 19 39 35 67 8 0 0 18 0 0 0 1 1 0 0 11 0 0 39 0 0 22 0 66 0 26 18 0 0 0 4 0 16 0 0 79 0 0 0 26 47 5 0 0 21 0 16 0 7 51 0 0 0 29 0 1 0 13 18 32 0 0 2 33 0 40 47 92 88 0 0 0 44 8 23 8 0 0 0 0 67 0 69 55 0 0 16 10 55 0 72 0 12 0 12 1 0 0 48 0 0 28 48 0 30 0 0 0 0 2 27 0 0 2 0 0 8 0 0 6 3 0 0 0 0 0 3 38 42 0 0 89 0 0 11 0 23 72 6 41 0 25 49 0 48 0 5 22 7 0 31 0 0 0 0 44 7 0 0 0 0 0 4 10 0 0 78 0 9 0 0 0 60 0 50 2 0 22 25 0 34 26 35 59 0 0 47 65 11 0 0 73 37
 73 34 0 41 0 0 0 16 64 19 55 5 26 0 0 0 61 4 0 0 94 0 0 7 0 0 83 0 0 42 54 0 26 0 64 0 21 0 4 10 0 0 18 58 70 60 0 15 0 68 10 0 20 10 0 0 47 80 0 0 0 0 0 0 0 8 0 0 0 71 38 0 74 0 32 60 0 50 0 11 0 8 21 0 0 41 0 0 39 4 0 19 0 80 66 0 0 46 28 0 0 0 19 24 73 14 10 54 0 52 0 0 0 0 32 0 0 40 0 6 65 0 27 7 94 47 0 0 0 35 50 44 46 32 65 0 0 0 84 56 0 0 0 44 2 42 0 18 0 12 31 66 0 0 0 0 0 62 69 0 0 0 17 10 0 75 67 0 0 0 67 81 3 0 47 5 78 31 0 0 23 0 4 0 11 65 12 0 0 0 0 0 0 5 20 0 83 14 0 0
 32 69 32 40 0 0 80 18 0 0 0 76 43 0 2 0 0 0 23 37 0 0 35 42 2 18 22 0 16 35 0 26 0 16 7 35 9 0 0 0 0 25 73 0 0 0 0 2 0 1 0 17 21 40 0 48 0 21 0 0 18 5 14 0 0 0 11 0 5 0 59 20 0 73 66 6 0 25 0 0 28 0 30 0 0 0 8 62 0 0 72 0 0 30 0 1 0 0 15 0 9 0 0 13 26 10 0 7 49 0 13 0 6 0 0 0 50 0 80 7 35 51 52 0 0 3 0 1 0 19 48 23 0 27 40 12 60 70 4 0 9 0 31 0 0 32 0 0 68 0 0 90 37 12 0 11 22 0 26 20 4 0 0 0 42 0 55 0 0 0 40 0 39 5 0 0 0 9 0 58 59 18 0 0 15 0 0 24 0 33 0 15 58 0 0 42 0 55 0 10
 20 0 0 0 97 9 62 0 0 0 1 0 18 7 0 0 0 20 0 49 64 0 22 0 15 12 9 0 5 0 62 33 21 60 51 0 0 42 0 22 0 28 95 0 0 0 0 67 85 0 27 0 19 0 0 27 0 33 73 0 0 74 0 63 0 19 91 0 0 53 21 0 27 18 0 58 0 0 51 34 36 0 5 0 0 0 0 45 7 0 0 44 0 50 0 13 21 0 39 0 0 27 0 0 28 1 36 0 69 27 33 80 0 0 16 0 0 91 24 0 68 21 65 95 41 0 30 0 0 0 0 0 85 6 0 7 0 0 0 65 25 67 0 0 19 0 0 38 18 72 66 0 67 48 98 0 0 0 16 52 0 0 0 22 0 0 80 87 44 0 0 8 24 44 7 0 1 33 65 0 60 0 0 9 71 26 0 0 0 21 0 39 0 0 28 4 0 0 20 72
 0 55 84 59 0 7 3 0 7 2 0 0 14 17 0 25 0 0 0 0 0 0 14 43 0 11 0 17 1 12 0 13 25 13 0 0 44 0 29 69 38 0 62 14 27 26 51 0 0 54 64 0 0 32 76 0 5 45 6 7 2 0 54 0 0 0 0 0 0 15 0 24 0 2 0 25 41 22 14 10 0 10 30 0 0 63 0 0 61 0 9 0 26 36 12 29 14 0 95 0 23 72 0 38 95 2 29 0 0 3 0 45 43 0 0 0 4 0 0 67 0 49 0 26 1 9 0 0 0 25 0 6 0 0 0 0 0 16 0 36 0 15 16 0 0 0 23 3 29 0 27 0 0 57 0 10 0 27 0 0 13 0 16 12 6 0 0 0 0 33 56 33 0 28 0 1 0 0 0 0 50 0 0 8 0 0 0 6 56 36 46 0 0 0 0 0 0 7 20 8
 0 89 0 0 18 13 0 0 0 17 0 9 68 0 0 0 0 0 64 1 21 0 50 14 54 15 73 19 0 0 8 32 0 79 20 28 0 26 0 53 0 0 0 35 35 46 39 15 0 64 0 5 3 0 0 9 0 68 0 0 0 0 0 0 0 0 39 10 0 64 0 0 0 17 0 0 0 5 0 12 22 6 4 13 0 1 0 10 2 0 0 54 62 0 55 0 37 0 0 0 1 0 58 0 0 96 0 0 0 5 72 12 0 7 32 16 0 93 14 9 45 0 80 0 0 38 0 0 18 0 0 0 36 11 0 0 45 0 0 95 0 32 0 0 7 28 0 0 23 0 4 62 0 41 53 55 19 80 0 17 0 0 21 91 56 0 0 66 83 0 18 55 0 19 83 72 29 0 0 0 0 0 83 0 0 39 0 0 0 0 0 34 0 82 12 0 0 0 73 0
 25 55 3 0 0 0 0 0 38 60 0 10 48 9 23 0 0 0 0 31 0 0 0 0 57 2 18 0 0 2 60 97 0 0 35 9 15 33 0 63 67 0 2 0 21 46 69 0 0 45 18 0 0 0 58 0 2 89 25 0 89 0 49 24 1 36 13 3 22 0 0 0 11 0 0 21 0 46 40 0 31 0 46 0 0 58 36 0 41 0 7 37 0 0 97 4 0 5 0 0 17 0 0 0 0 27 0 37 0 0 57 36 0 50 0 33 0 0 0 0 45 53 76 0 48 46 0 0 31 0 0 36 0 0 0 64 21 81 0 0 62 24 49 17 0 0 12 96 3 0 80 0 30 0 0 57 35 3 33 0 0 0 2 0 51 0 31 39 50 0 4 87 27 0 5 0 0 0 0 83 70 0 55 0 31 0 0 0 0 25 51 0 39 62 48 23 24 0 13 0
 27 0 8 0 41 39 67 0 15 4 7 12 26 0 0 0 0 76 0 0 32 13 69 0 86 8 41 16 0 24 7 0 21 38 0 48 8 0 3 0 0 0 7 0 42 17 0 62 0 55 1 0 48 12 21 19 16 15 24 47 0 0 0 48 8 0 61 10 11 0 18 0 0 69 0 54 66 27 61 0 39 16 0 0 0 64 0 23 0 0 7 11 0 52 0 69 24 0 13 24 0 0 0 61 0 0 53 7 0 5 28 0 0 0 33 37 1 0 69 41 59 27 93 8 0 0 0 15 0 0 0 0 16 51 20 0 0 0 13 0 0 0 0 0 0 42 46 21 57 62 8 0 33 27 0 0 22 43 71 49 0 43 26 0 28 74 0 56 12 0 24 10 29 0 0 0 2 43 23 0 94 2 30 58 79 0 9 0 23 96 0 30 16 0 45 0 15 21 80 0
 39 0 3 21 0 0 12 0 17 0 0 6 64 0 3 61 0 32 0 83 0 0 0 0 0 0 0 3 0 0 0 67 65 0 21 44 0 0 1 32 0 33 10 0 8 58 0 47 0 52 0 72 56 2 80 0 0 0 0 32 25 0 71 8 1 0 23 0 0 29 0 0 62 0 30 0 0 72 0 34 0 61 5 29 0 0 39 0 0 0 21 11 23 70 0 35 0 81 0 0 0 9 0 52 22 0 0 0 51 3 0 11 35 0 32 0 0 53 0 0 0 12 20 0 33 0 0 0 0 15 0 0 58 80 0 77 20 70 49 0 28 16 0 0 14 0 0 3 0 0 0 6 85 0 0 0 0 27 41 0 15 0 0 0 34 0 50 75 20 11 21 5 70 60 37 0 10 19 39 0 6 0 0 0 0 0 0 0 6 0 9 0 61 1 79 14 0 0 0 9
 16 41 0 13 87 68 0 8 49 0 0 16 0 0 71 57 0 0 29 13 41 0 33 3 34 13 0 19 51 80 0 56 23 5 0 8 61 33 48 0 0 42 0 0 30 0 0 67 31 0 25 0 4 49 0 0 0 0 39 0 0 0 1 3 0 0 0 0 44 0 0 0 0 41 43 0 0 4 8 0 0 1 0 38 0 0 0 0 44 18 80 10 34 0 0 0 0 6 81 20 0 61 56 0 0 22 0 21 0 30 0 12 5 70 0 0 0 58 0 52 0 1 0 0 45 25 0 1 11 0 0 35 36 0 0 0 0 30 0 32 0 0 0 29 40 0 32 46 36 34 0 0 0 30 29 0 0 0 14 20 30 0 40 0 35 0 66 24 0 0 0 10 0 0 0 0 3 0 26 0 0 0 0 25 92 0 14 0 0 0 42 0 0 0 0 0 0 0 1 18
 0 64 16 0 36 0 5 0 0 0 23 51 78 0 9 0 29 0 0 6 0 5 2 78 0 0 0 0 66 0 23 6 40 98 0 4 18 5 0 1 0 0 15 55 17 0 66 28 37 76 50 7 9 79 26 53 77 5 56 0 0 0 0 0 45 0 6 0 15 0 40 0 0 0 0 10 60 13 20 26 63 34 73 65 57 0 0 6 52 1 0 10 0 50 0 0 0 63 32 16 0 22 0 4 18 0 68 46 84 9 65 0 11 7 39 0 34 0 0 0 35 51 44 0 5 82 4 40 34 0 45 68 10 6 0 0 80 49 0 0 73 0 18 17 44 21 49 0 0 81 18 0 0 53 0 82 0 44 0 34 45 0 0 2 0 0 39 0 41 0 67 0 0 0 6 0 0 14 0 0 0 0 35 0 0 0 3 7 4 40 60 0 0 0 5 0 0 1 18 27
 0 0 0 0 0 46 3 0 33 0 30 0 21 48 35 42 0 0 0 19 0 0 0 0 4 0 0 0 0 0 47 45 68 26 0 61 0 79 35 4 23 0 0 13 64 0 25 50 22 0 8 0 0 0 11 0 55 11 0 31 37 0 0 0 0 0 18 0 12 0 0 0 0 34 0 7 57 8 2 75 0 18 0 21 0 0 51 0 0 0 0 45 0 0 16 0 0 0 0 36 0 10 18 0 0 21 8 0 17 25 47 62 0 0 15 0 0 0 0 0 15 25 0 0 0 0 0 0 24 0 87 0 13 27 0 9 0 5 4 41 0 36 0 52 49 1 38 10 2 18 63 0 40 0 6 43 33 0 0 0 48 0 3 0 64 0 0 0 0 0 0 0 39 38 0 6 35 74 0 3 0 23 0 11 12 33 0 0 0 0 24 0 0 13 30 0 6 45 43 0
 38 0 0 0 0 54 0 0 0 80 0 0 0 0 0 0 5 53 0 0 0 0 0 14 15 46 0 75 0 0 0 47 1 0 0 17 13 0 0 19 0 20 0 14 42 8 70 0 4 0 4 0 0 10 47 0 0 27 0 0 0 0 25 59 24 0 33 18 0 0 0 0 61 0 29 0 0 66 3 0 0 0 12 0 0 0 66 6 6 0 0 0 0 0 53 8 0 0 0 64 0 0 0 45 0 0 0 0 26 0 0 82 0 0 19 46 14 45 0 10 46 0 70 1 14 0 15 20 22 0 59 0 0 0 28 0 0 54 0 0 0 0 76 27 0 7 36 44 14 24 71 59 72 1 2 38 0 53 0 15 24 10 0 0 0 0 1 0 0 0 0 99 10 0 0 47 0 72 12 0 15 0 77 0 3 64 0 58 37 2 28 36 28 0 9 36 25 0 13 12
 57 4 55 43 0 0 0 0 2 0 1 0 2 1 78 47 38 0 2 0 2 0 80 28 14 0 15 33 0 0 0 0 0 43 0 69 14 5 0 0 0 21 0 0 0 0 30 0 0 0 65 14 0 31 45 0 0 0 40 0 15 51 0 19 19 26 76 81 0 0 0 7 10 0 0 0 25 10 73 19 17 8 0 0 0 0 53 0 12 56 44 0 28 41 54 0 8 0 0 73 0 0 0 56 0 4 6 0 0 0 0 30 0 47 0 36 7 70 0 0 0 0 80 0 0 23 0 0 0 25 2 23 70 0 48 57 51 75 35 0 36 64 0 44 56 15 15 0 47 0 0 22 24 0 0 0 0 3 0 78 0 47 45 84 0 58 0 6 0 0 0 14 56 79 0 0 61 0 26 88 32 0 80 5 0 0 0 78 78 20 0 0 0 0 23 0 0 0 20 0
 0 15 15 21 0 0 0 0 59 51 0 0 62 0 0 0 64 0 0 0 0 15 20 0 0 41 47 36 0 0 42 3 0 0 0 92 0 0 0 42 0 0 0 4 57 0 0 0 0 0 69 38 0 36 71 23 0 0 0 0 0 4 35 0 54 37 33 20 3 0 51 0 45 45 0 23 0 0 0 37 0 0 0 11 65 8 0 6 0 4 0 57 22 64 94 0 0 0 0 0 13 0 80 55 12 0 37 0 27 0 16 17 0 0 1 19 0 0 0 23 11 0 31 10 0 1 35 49 0 50 0 0 0 17 0 0 41 0 19 10 51 17 3 36 68 51 0 0 48 0 0 50 0 0 0 86 72 18 25 0 21 9 0 75 0 0 1 40 0 0 0 0 19 47 28 85 25 0 15 68 0 0 0 15 45 29 0 0 0 38 2 0 0 0 0 62 0 0 29 0
 8 0 4 0 33 0 0 0 81 8 0 42 24 0 49 0 41 3 0 0 0 0 0 0 68 48 0 0 0 0 9 20 0 10 28 1 0 29 0 0 0 0 0 20 0 9 9 50 0 0 50 0 0 79 42 37 39 83 8 0 73 0 0 69 14 12 8 0 0 0 0 2 65 4 0 0 0 0 0 35 24 0 73 0 0 52 7 53 11 0 26 11 53 13 0 48 16 0 69 36 9 73 44 18 0 1 1 15 0 0 0 0 0 0 12 62 0 12 0 29 0 78 0 5 0 0 36 0 36 0 0 0 36 0 4 0 41 0 0 68 0 0 0 51 0 0 0 29 33 11 39 0 38 0 0 0 0 0 0 38 0 31 29 79 12 0 0 0 0 1 0 10 22 6 18 14 0 0 0 38 17 0 0 1 59 13 57 14 67 0 55 0 0 20 0 77 0 0 41 5
 0 90 0 0 35 0 0 0 0 0 62 7 13 7 0 52 10 31 0 91 0 26 0 0 3 0 0 0 35 0 27 0 0 0 0 0 0 59 0 85 38 0 0 19 1 0 0 5 0 0 12 0 27 0 0 0 8 0 0 0 0 0 53 0 1 0 0 63 0 0 8 0 0 21 30 22 0 70 0 0 0 68 71 0 0 0 0 0 53 0 62 7 0 30 91 0 0 0 31 0 0 0 0 0 0 7 8 0 2 0 9 65 0 0 68 0 0 45 0 0 50 0 33 14 3 13 0 0 2 4 0 0 55 0 36 0 0 0 0 5 5 23 0 22 0 21 11 0 0 12 0 22 59 33 35 21 0 24 13 33 45 73 0 71 25 75 0 17 0 31 5 2 0 0 0 19 0 0 38 0 0 14 19 0 0 0 0 0 0 0 29 0 35 8 0 0 2 0 4 21
 0 19 0 39 7 0 6 37 0 10 31 0 0 0 3 82 21 0 43 0 0 0 0 33 0 64 49 0 33 0 0 0 0 57 48 0 6 0 0 0 86 16 33 29 0 0 0 0 0 0 0 0 0 0 0 53 12 17 3 4 55 0 0 0 0 0 21 0 0 16 0 0 65 0 45 11 0 0 59 0 86 0 70 57 0 0 0 0 12 0 35 0 0 0 0 52 20 0 4 46 71 49 0 52 63 0 27 75 0 47 0 0 10 0 47 0 44 77 0 0 33 42 0 3 12 0 0 0 40 0 0 0 0 36 26 21 8 0 49 21 0 0 24 19 61 0 68 0 0 11 0 0 0 29 46 0 42 0 0 0 14 0 2 0 43 60 33 68 0 0 14 0 8 0 26 0 51 32 14 27 24 31 13 0 7 17 0 0 1 21 0 6 50 0 0 0 0 80 16 100
 0 19 29 0 0 1 40 51 0 1 0 0 0 20 25 58 24 77 56 0 62 25 0 0 0 2 0 8 8 48 0 11 53 24 0 35 0 62 0 53 26 4 21 0 0 40 14 6 26 12 0 29 25 20 0 0 3 0 0 35 0 0 0 2 47 0 0 8 0 0 0 0 29 0 0 0 0 39 0 0 32 69 0 20 0 8 77 35 6 0 0 0 0 0 0 10 22 0 2 10 0 1 28 0 0 69 0 0 19 14 0 0 5 4 86 26 27 0 0 16 0 28 53 0 0 0 74 5 54 0 0 0 0 9 0 0 13 26 0 3 9 0 54 65 69 3 12 55 8 34 10 2 0 87 0 0 0 0 0 16 3 52 0 0 22 0 0 84 0 66 0 20 0 0 75 0 14 0 32 29 46 9 10 0 28 38 0 0 0 0 0 37 0 0 64 15 9 0 0 69
 5 27 0 77 0 0 0 0 21 0 0 0 0 0 0 10 0 0 0 0 0 0 0 0 0 11 10 0 40 13 0 79 23 0 33 57 0 22 49 8 0 42 24 49 0 88 0 0 62 35 65 0 11 0 47 0 0 0 0 1 1 44 3 47 0 67 45 0 10 0 0 0 14 58 0 0 28 10 68 0 22 0 75 42 4 10 10 23 0 0 18 92 0 18 38 21 0 0 0 0 0 6 28 0 0 50 0 23 9 10 11 50 16 81 16 6 0 0 80 0 62 0 0 0 13 61 0 0 82 0 55 42 4 11 0 0 0 19 0 4 30 0 18 0 0 29 0 32 39 68 19 36 0 34 0 0 0 0 71 0 22 2 48 14 42 5 17 66 84 0 0 92 22 0 0 0 0 0 0 11 0 0 0 0 21 0 0 0 0 0 25 54 12 0 4 0 0 0 4 0
 11 0 0 65 0 0 7 0 0 10 0 31 84 0 38 0 21 32 0 0 44 17 75 0 21 0 10 2 0 48 0 27 0 0 41 9 0 52 0 55 0 0 0 1 13 23 0 11 67 51 53 25 0 38 19 0 0 37 0 0 12 0 1 0 0 18 0 15 1 14 0 9 54 85 0 0 25 0 0 0 0 74 0 17 0 49 0 39 0 0 0 25 0 50 18 0 0 2 42 9 82 0 0 0 0 0 86 0 63 0 24 15 0 0 0 0 0 0 0 0 0 0 17 15 79 0 0 21 20 0 11 0 0 65 38 34 59 31 0 85 26 0 10 23 0 41 33 45 0 0 45 3 71 0 6 85 78 0 26 0 18 10 35 19 0 0 70 0 10 1 46 52 0 0 38 0 23 72 0 81 0 0 0 0 0 31 0 46 47 0 11 21 0 35 27 0 0 0 0 7
 62 0 0 0 0 0 0 0 0 58 65 12 0 0 54 83 0 0 0 2 28 67 1 0 0 0 2 0 0 0 0 2 0 0 31 1 63 0 0 36 42 13 0 85 21 0 0 5 80 40 44 27 37 0 43 52 28 0 68 0 59 10 0 72 40 43 0 15 20 62 0 4 0 46 0 0 0 0 5 9 0 38 8 0 60 20 0 0 44 28 71 92 0 0 48 24 61 0 0 21 40 52 29 70 24 15 15 0 0 0 27 0 0 0 42 33 65 0 60 66 11 0 0 0 0 0 12 0 0 0 0 0 0 0 17 0 0 0 24 0 0 1 0 0 0 0 0 0 54 0 0 0 48 0 0 0 0 0 22 0 50 24 6 4 67 0 0 16 14 0 9 11 0 0 31 0 6 70 26 29 43 33 0 0 0 14 0 0 59 51 62 44 8 0 58 73 0 0 5 62
 0 0 3 0 0 0 0 0 25 23 60 58 0 0 13 0 11 17 6 0 0 43 91 0 67 0 12 0 17 22 0 38 18 0 33 58 0 0 1 74 0 70 39 0 5 0 45 39 31 53 0 97 0 0 44 54 0 0 0 13 0 0 5 0 37 0 43 39 41 60 0 21 0 21 0 72 0 66 40 11 41 0 0 27 0 73 0 0 0 0 76 29 0 5 0 47 0 0 0 38 11 29 33 0 19 77 7 30 45 0 19 15 0 0 0 0 0 0 25 0 19 0 0 14 0 0 0 0 1 0 0 75 0 0 0 11 60 95 1 0 10 67 0 18 0 99 17 7 7 9 0 56 0 0 0 0 0 0 0 65 42 0 0 38 0 0 60 0 0 0 0 53 6 46 5 20 70 58 42 0 0 0 0 8 57 15 0 0 0 20 0 43 0 16 25 41 0 45 60 14
 0 54 0 23 0 23 3 49 24 48 0 51 0 0 0 0 76 23 22 29 42 38 0 8 33 0 0 22 0 9 51 63 44 19 0 0 0 29 15 0 45 0 0 27 0 55 13 0 0 65 0 13 93 32 0 0 5 0 0 0 0 79 0 37 4 23 74 0 0 40 50 48 16 9 41 0 0 0 70 20 39 0 0 53 28 0 0 6 57 0 0 0 0 0 10 0 20 69 65 2 4 0 12 66 0 0 0 0 32 67 0 0 56 0 8 0 0 5 7 48 28 28 74 18 28 64 1 0 0 0 27 0 40 39 47 28 0 37 0 0 0 0 0 0 0 76 21 19 38 9 0 0 0 15 44 0 0 0 84 84 0 0 0 0 0 14 0 32 0 54 3 0 64 1 27 0 5 0 0 0 0 1 0 0 69 0 0 2 8 0 0 33 0 0 30 0 0 44 0 38
 13 0 57 34 18 38 8 0 56 6 0 37 63 0 0 26 76 19 13 0 0 10 0 18 0 51 7 37 48 0 0 0 0 34 0 0 0 0 0 0 25 69 43 0 15 91 0 0 0 0 0 37 31 57 28 9 0 34 29 20 37 56 0 29 70 50 26 0 0 17 0 48 0 0 0 77 0 0 24 0 6 0 0 0 1 22 0 79 56 0 71 0 20 3 85 0 71 0 0 0 0 53 0 17 19 7 14 5 1 0 0 39 0 32 48 23 0 0 0 0 0 0 0 0 3 64 36 0 39 0 0 0 45 5 31 23 0 0 0 0 0 33 0 49 49 0 10 9 0 0 23 0 0 0 0 4 31 0 26 7 0 32 0 0 0 1 78 61 10 30 6 0 0 13 0 4 0 31 30 0 0 20 22 0 0 35 8 53 0 60 0 5 5 16 17 0 0 78 1 44
 36 0 36 0 43 13 0 0 24 53 0 0 30 40 42 74 3 0 0 59 30 1 0 0 17 0 0 78 61 3 0 0 0 16 0 79 0 0 46 77 31 36 34 11 73 0 74 0 3 0 0 75 0 56 0 0 7 0 11 0 0 0 13 54 14 0 0 75 52 0 32 30 0 0 5 54 0 0 29 0 0 0 27 0 0 0 50 49 21 0 1 18 0 68 0 3 0 0 0 0 0 0 0 46 55 8 10 0 58 35 0 49 48 87 57 39 0 2 8 0 0 0 0 0 8 61 16 0 12 22 71 42 60 45 0 72 9 65 0 0 0 0 0 0 0 0 69 0 7 34 0 49 0 17 0 0 40 0 39 0 36 56 5 0 0 84 0 0 3 0 0 0 0 9 17 38 44 24 0 0 7 75 5 0 0 0 0 26 76 0 0 20 0 96 50 20 33 0 68 0
 59 16 0 8 0 0 13 0 56 36 73 0 0 17 76 0 0 0 31 60 0 2 95 31 0 53 51 0 11 0 10 0 0 0 84 0 65 0 0 0 0 54 0 0 0 36 31 0 5 25 0 8 0 7 0 64 0 41 0 22 62 0 0 0 67 2 30 0 0 6 11 85 46 0 0 0 0 68 26 2 8 34 8 0 0 0 34 0 94 0 84 25 10 48 0 51 0 0 95 0 0 0 23 0 0 19 0 0 7 0 11 49 0 69 0 0 58 13 6 26 88 0 19 53 0 5 63 0 0 0 31 0 0 11 76 0 0 0 62 0 17 0 0 0 18 8 1 0 28 0 0 92 12 0 0 59 15 2 3 57 0 0 0 0 0 0 28 8 26 19 22 0 28 0 0 9 21 52 0 17 49 93 42 63 0 0 0 0 34 0 18 0 0 23 12 0 0 32 79 34
 53 9 0 19 33 30 28 17 0 53 6 0 0 15 52 0 49 19 19 0 25 0 25 0 29 30 0 0 0 37 0 76 32 48 45 0 19 2 0 7 0 20 11 0 0 21 39 0 0 32 52 0 26 43 0 38 22 46 43 0 82 23 78 92 57 0 0 0 0 0 0 42 87 45 40 0 12 0 0 8 0 7 1 0 0 0 0 30 0 0 0 0 0 74 0 0 54 44 71 19 0 30 18 38 0 17 16 1 20 0 69 12 0 0 0 0 0 0 0 87 0 0 24 0 50 15 0 21 35 5 12 0 38 40 0 4 0 0 0 0 0 0 63 0 8 0 0 8 0 5 0 45 0 18 0 76 0 0 0 16 0 16 0 0 35 42 0 0 60 0 0 0 0 12 0 0 0 13 60 92 52 59 0 0 0 0 0 46 0 41 10 0 13 0 0 42 24 48 0 0
 55 25 15 0 0 1 0 4 0 89 50 78 0 60 0 0 2 0 23 16 52 68 0 10 8 23 29 57 0 0 46 10 0 0 9 24 33 38 0 41 21 6 0 0 0 72 93 0 0 0 0 0 40 56 0 0 58 64 9 0 0 13 0 69 0 12 0 5 17 49 0 0 20 0 61 45 0 0 55 61 26 0 0 0 0 0 0 50 1 0 0 9 18 24 43 80 0 8 14 4 0 73 10 0 7 9 0 0 0 29 27 47 11 6 0 31 7 0 78 18 56 41 37 34 2 17 0 45 28 13 0 11 0 41 37 37 23 0 54 45 73 0 45 0 0 0 0 0 1 20 0 0 0 30 39 73 0 0 21 0 0 0 34 58 69 6 0 5 35 0 0 0 42 0 0 0 0 37 0 0 0 0 0 0 30 0 0 16 0 9 8 0 4 0 26 0 0 50 0 7
 0 0 0 2 0 0 0 0 0 29 0 15 0 0 12 32 0 26 50 0 17 0 0 11 8 0 0 0 0 52 27 23 0 24 0 0 0 0 0 31 36 5 0 0 0 0 56 15 17 19 0 16 44 36 0 4 0 0 0 46 36 0 10 6 15 7 0 0 0 0 8 0 45 24 0 86 0 61 0 13 0 0 0 0 12 7 0 0 38 61 8 0 0 0 20 41 0 30 0 0 23 4 67 0 0 8 78 0 0 0 0 0 0 0 0 0 0 0 56 0 0 82 37 0 0 45 57 0 0 60 0 62 0 0 24 34 13 9 9 39 1 0 0 0 18 38 0 61 0 8 11 11 0 15 8 21 0 0 0 13 35 0 0 0 27 0 0 0 59 61 0 0 24 0 23 0 0 50 28 0 0 0 0 0 5 0 0 0 13 26 42 39 41 56 37 0 0 0 6 64
 0 66 0 10 0 45 9 8 53 36 0 0 0 0 0 0 0 73 0 40 0 1 24 30 0 0 4 0 0 26 0 0 0 12 51 0 41 0 0 47 0 0 0 32 0 0 57 0 0 24 0 0 43 1 38 0 17 0 0 0 42 0 37 8 0 2 81 79 0 82 8 0 32 0 90 10 30 63 19 0 1 0 16 11 0 0 0 23 0 20 50 0 0 0 42 76 0 0 15 0 0 0 3 0 63 0 0 74 0 63 0 0 0 0 0 26 79 25 0 0 0 0 0 21 0 9 57 1 0 57 0 30 0 91 5 0 0 37 6 0 67 0 0 0 21 30 12 52 0 0 36 0 34 0 45 0 21 18 19 53 0 24 0 0 0 40 0 0 0 0 0 64 1 32 3 0 0 30 1 32 0 0 0 20 28 0 0 0 8 0 0 0 41 0 10 4 13 24 0 0
 0 0 0 70 41 72 31 0 31 0 0 0 0 0 11 0 70 0 18 0 91 14 0 0 0 30 0 44 5 16 0 20 0 36 9 45 66 0 0 41 60 80 0 31 31 16 15 16 0 0 39 0 0 0 10 0 0 15 38 52 0 37 0 0 0 40 0 10 0 19 57 0 0 71 74 0 0 54 0 20 0 74 0 0 30 0 49 20 3 58 0 0 0 0 53 44 0 0 0 27 0 0 0 0 7 13 48 0 53 0 0 0 0 76 0 0 4 0 0 18 19 49 1 0 0 0 0 76 8 0 0 25 45 19 46 0 0 61 0 0 50 11 30 0 0 0 0 9 0 43 0 0 0 0 37 0 0 0 23 76 9 0 0 54 0 7 0 0 81 23 0 4 34 7 0 0 0 24 10 56 96 37 49 57 14 48 0 39 36 21 43 32 19 0 34 24 0 0 8 66
 9 0 7 1 0 28 72 55 0 0 0 0 17 18 0 0 0 0 0 14 0 25 0 0 0 18 26 0 26 12 50 0 73 0 30 0 0 0 0 68 15 3 39 35 0 27 22 8 0 0 17 36 38 6 61 54 0 0 0 0 0 99 0 20 0 38 0 9 25 11 0 0 39 67 0 0 32 0 93 0 13 18 24 0 0 39 0 41 1 0 0 0 0 0 0 0 3 26 7 6 0 0 0 0 63 22 17 0 0 0 47 0 40 27 0 6 0 41 0 2 23 67 11 0 60 0 0 23 0 9 0 0 7 1 37 0 16 0 5 0 50 46 0 36 0 45 0 53 28 0 33 0 30 14 41 18 0 1 39 10 0 4 40 39 60 0 0 0 52 39 0 65 0 0 0 0 0 56 12 42 0 55 52 0 49 7 0 0 0 0 2 0 0 0 0 0 0 35 54 0
 32 69 0 53 43 0 0 0 0 0 0 79 40 0 0 0 49 7 0 0 0 0 0 0 32 0 0 1 0 0 0 0 37 0 0 62 51 11 0 1 0 7 0 0 0 0 23 0 0 0 20 83 29 27 0 24 85 44 0 28 0 0 0 28 0 3 20 34 0 24 0 2 29 0 0 0 0 0 56 16 0 0 0 7 86 43 0 0 9 20 10 0 0 0 0 0 0 60 27 22 7 0 0 0 0 20 15 45 8 0 0 0 0 74 0 0 9 0 0 58 15 26 0 0 0 1 2 20 18 31 0 0 0 0 0 0 0 0 0 31 12 49 17 22 0 0 0 23 63 0 0 7 28 11 0 0 0 23 8 0 25 0 0 57 61 0 0 0 48 28 20 44 37 0 0 0 8 26 4 74 0 0 11 0 0 0 0 33 10 29 30 15 0 0 0 0 0 31 0 61
 0 0 0 0 13 0 18 0 1 0 0 76 47 5 0 37 0 42 0 38 20 0 70 29 8 0 96 0 6 1 47 6 31 0 0 0 0 0 0 13 37 0 48 0 0 0 0 28 0 15 0 2 1 0 0 53 0 0 0 31 18 0 0 0 26 0 0 0 18 6 2 3 0 24 0 0 24 0 0 29 0 0 87 0 26 0 38 87 0 54 7 17 0 5 0 50 6 0 0 57 50 20 0 30 73 40 0 29 71 29 26 30 0 2 6 46 40 0 90 38 5 8 43 23 0 14 79 53 0 0 0 12 0 10 58 0 0 0 0 0 0 0 0 22 37 0 0 0 0 28 3 0 0 0 50 12 0 89 0 14 0 11 0 0 0 16 48 92 32 22 7 0 7 33 36 0 8 41 45 0 0 41 50 70 22 0 0 51 45 0 0 19 66 0 93 5 0 81 89 0
 5 0 26 0 31 0 49 0 0 0 82 0 0 59 0 0 42 84 7 57 0 0 0 33 0 4 0 0 0 0 0 0 9 84 0 0 0 0 43 14 13 0 52 13 2 10 52 1 63 55 0 35 0 87 0 60 0 36 58 0 0 0 23 65 0 37 78 22 0 0 0 0 0 0 16 0 14 8 34 29 2 53 0 17 16 37 32 0 31 1 0 0 1 0 0 18 0 45 0 0 0 59 0 34 0 0 58 2 0 0 43 0 0 20 0 24 0 0 24 21 0 0 0 41 37 45 0 0 0 0 87 0 81 0 0 37 0 44 71 50 0 17 11 60 20 19 0 0 0 0 0 0 0 33 50 0 0 44 0 10 0 0 75 0 0 39 0 0 0 59 40 0 0 10 40 15 41 0 0 0 0 0 74 0 51 0 0 8 63 0 46 0 0 86 8 10 59 7 0 0
 7 0 0 0 6 84 29 67 58 0 0 0 13 0 39 0 0 0 36 0 0 0 0 0 0 0 25 21 0 0 0 0 0 0 44 12 0 17 85 58 86 0 41 0 81 0 0 0 0 0 0 48 48 5 0 47 45 0 2 0 0 0 66 0 0 0 28 6 40 5 9 0 0 0 6 0 37 69 0 43 0 47 0 16 0 22 47 85 57 0 0 0 0 0 5 24 51 9 11 3 0 4 0 0 58 0 0 0 0 22 0 6 0 50 11 1 0 0 26 0 79 14 0 59 0 24 0 87 14 0 66 40 76 0 35 0 48 0 0 0 45 50 0 31 0 4 0 0 80 0 0 21 0 4 0 51 65 38 25 34 0 0 12 0 0 36 0 0 44 0 0 0 12 0 40 18 27 81 44 65 0 0 69 6 71 78 0 0 0 30 0 0 50 43 0 21 0 40 34 17
 0 61 0 0 0 4 14 55 0 2 39 0 12 0 0 7 0 0 30 54 53 29 0 0 16 0 0 0 0 61 0 41 0 0 0 0 27 0 0 29 55 0 0 24 0 5 45 13 14 0 0 0 56 0 13 0 17 0 3 31 0 0 38 0 0 26 0 43 0 0 64 0 71 0 20 7 0 0 0 11 19 0 0 14 0 34 0 0 0 27 0 0 55 0 0 0 0 0 0 0 21 0 2 52 0 41 19 0 0 0 0 50 0 29 0 18 0 61 0 57 0 0 44 0 0 8 0 12 0 23 47 0 0 66 0 1 19 40 0 0 0 3 0 0 0 0 37 0 0 26 0 9 64 14 55 16 0 59 0 0 22 54 38 66 0 1 3 22 47 82 42 82 2 0 14 62 96 31 13 6 20 20 45 14 45 73 82 0 21 48 15 0 0 14 0 0 43 42 0 0
 0 29 0 0 37 0 0 92 26 0 0 0 0 41 0 31 0 20 7 0 33 0 0 0 0 0 0 14 0 0 2 0 0 78 0 14 13 0 30 19 56 0 0 0 0 9 0 23 0 0 0 0 0 72 15 20 8 16 0 0 0 0 45 5 56 24 0 0 0 12 0 0 0 0 19 0 28 0 0 0 0 10 0 9 0 0 6 0 76 0 0 0 0 0 0 11 0 11 19 0 0 0 15 31 0 24 25 10 0 0 35 0 79 47 0 27 40 88 16 0 37 0 0 30 0 0 8 0 40 0 44 13 0 0 8 0 13 0 24 22 0 16 13 0 38 0 42 0 12 0 9 0 55 0 11 13 10 36 26 0 51 0 0 45 0 35 42 60 3 0 16 29 0 0 0 8 0 0 16 21 0 14 0 0 0 60 37 47 0 0 36 10 0 79 20 28 20 62 0 32
 47 17 62 32 0 0 0 0 13 56 9 69 33 0 0 0 34 20 0 78 0 0 0 5 0 10 0 58 13 28 10 16 26 65 52 0 0 4 0 3 0 0 0 9 0 0 32 22 29 19 7 19 0 11 29 0 35 0 22 24 32 15 0 26 0 0 60 0 60 22 0 0 13 0 33 2 0 38 58 0 60 44 24 16 18 30 72 0 80 33 0 0 0 41 0 2 0 52 23 48 15 8 0 0 49 0 0 78 27 0 62 0 10 39 98 87 22 0 0 63 0 0 3 23 62 92 0 4 14 18 66 34 0 0 0 0 15 0 88 60 0 0 48 0 49 60 0 0 0 0 71 27 10 0 32 13 0 0 41 0 34 0 0 5 0 40 0 67 14 0 0 57 0 46 0 0 3 60 0 0 0 16 0 0 0 79 0 31 13 72 40 0 12 5 7 0 0 0 0 0
 57 0 0 0 0 0 94 11 0 0 0 81 0 0 31 37 23 0 0 0 17 32 0 53 25 31 48 32 0 0 10 64 0 0 0 0 83 0 23 14 48 0 0 62 34 30 3 0 0 0 1 52 81 19 24 6 0 0 94 22 53 29 0 1 44 3 0 0 0 0 0 0 0 0 0 0 44 29 64 54 0 0 0 0 5 41 42 0 0 0 0 0 30 17 0 67 0 0 6 47 36 0 0 0 0 0 73 1 22 19 69 0 6 0 0 0 39 15 16 0 0 7 0 5 18 0 30 4 0 7 16 38 26 0 0 15 0 7 0 0 0 0 0 0 0 0 0 0 0 0 11 0 0 0 16 0 0 27 13 0 58 0 0 0 2 11 0 1 31 9 0 0 15 0 4 48 0 0 0 13 0 74 0 52 63 0 0 15 0 83 7 6 0 0 0 0 61 17 0 18
 0 0 12 30 4 0 33 14 0 0 0 24 0 0 3 0 48 34 53 0 0 53 0 0 0 39 0 41 0 32 6 49 35 0 0 0 72 28 0 0 11 6 6 0 0 67 0 0 0 38 0 0 22 24 25 0 63 0 0 49 0 7 0 0 20 39 0 0 16 0 61 0 0 0 3 47 0 64 35 24 83 0 0 46 0 41 0 20 0 0 43 49 39 19 18 0 6 0 0 22 0 0 0 70 75 17 0 39 44 26 22 0 67 0 44 36 0 0 6 2 21 6 24 0 0 2 0 53 36 49 20 0 0 45 0 40 53 0 69 0 16 56 28 60 31 0 43 0 6 0 69 28 9 0 55 0 5 0 0 0 0 0 63 0 0 0 30 56 0 0 0 63 21 67 21 0 0 0 0 14 0 0 0 37 0 8 0 0 0 0 81 81 1 0 0 60 29 0 0 0
 18 0 0 0 27 0 11 57 17 0 53 84 0 60 70 69 40 0 25 0 39 18 0 0 14 0 20 23 0 51 25 18 0 0 61 0 69 8 53 0 0 14 69 23 84 43 0 0 75 0 27 0 0 0 0 0 22 74 0 0 17 66 10 0 0 0 24 0 55 77 0 0 0 0 0 61 26 15 0 21 0 0 0 0 0 30 76 0 19 16 0 33 97 0 51 0 0 62 0 0 0 69 0 0 0 20 0 17 27 0 0 71 21 39 0 71 10 54 0 52 23 0 43 0 0 58 0 51 5 75 0 53 0 90 46 9 0 19 49 38 0 10 0 0 0 0 2 0 4 50 3 0 0 13 0 26 0 26 57 21 12 0 32 0 95 26 0 0 0 0 0 0 0 0 0 1 76 21 0 0 0 16 0 0 68 4 7 0 3 0 0 17 0 0 17 0 0 10 67 37
 57 0 0 38 72 7 0 0 80 25 88 0 0 0 77 41 9 0 37 7 0 0 77 31 0 36 0 0 0 50 20 81 0 0 0 6 31 63 27 0 0 20 0 32 0 7 0 17 22 17 77 83 0 0 24 0 0 28 0 0 0 0 0 0 48 52 0 13 0 44 11 0 26 0 0 0 35 27 0 13 9 19 7 4 51 0 2 22 64 58 0 29 0 22 30 13 0 0 5 5 0 44 34 73 12 68 13 34 0 0 35 0 66 0 0 24 22 0 28 0 14 6 0 0 0 0 0 0 13 31 22 0 0 0 0 0 0 0 76 7 0 0 0 0 23 66 11 0 40 22 27 0 53 32 46 0 0 0 17 36 81 0 8 8 17 0 0 6 0 67 0 0 18 0 19 8 0 0 0 0 0 52 8 0 1 0 10 31 0 25 0 12 19 26 0 0 0 0 0 0
 54 0 0 7 0 0 56 0 0 66 0 0 2 24 0 2 10 12 0 54 78 0 0 67 19 16 0 0 15 0 44 0 0 81 21 0 0 3 0 26 0 43 34 0 0 0 15 58 0 77 0 0 50 10 0 41 0 64 0 0 94 45 0 0 0 19 45 47 29 0 0 0 0 0 0 13 4 21 7 21 0 0 45 20 0 2 0 0 0 0 73 58 0 75 0 0 16 0 0 68 0 23 0 18 0 56 0 0 0 0 89 0 8 0 0 72 11 0 41 0 26 0 63 0 0 0 43 32 18 0 0 0 42 47 0 1 30 0 0 0 29 15 0 5 29 62 0 0 35 0 0 50 28 23 0 0 87 0 92 27 0 64 48 55 0 0 27 22 68 0 69 0 11 0 0 0 20 2 0 2 4 48 54 15 0 0 0 0 0 76 0 8 0 56 8 0 14 0 9 10
 17 46 13 19 0 0 17 6 0 10 0 51 0 20 0 0 0 62 2 16 0 0 14 18 0 19 0 6 0 0 0 0 0 0 0 39 0 0 40 0 21 38 79 43 19 0 0 14 62 5 0 7 70 0 6 0 57 0 12 0 0 12 10 46 5 0 0 0 0 0 13 0 11 5 19 0 4 0 17 42 1 6 0 46 0 47 24 6 0 54 0 0 0 0 4 0 0 60 46 0 0 0 0 0 0 0 0 56 0 49 0 0 0 22 57 0 20 37 21 61 16 0 0 0 0 0 51 0 0 16 6 0 0 34 0 47 0 86 54 0 31 43 0 0 20 0 0 0 23 0 0 64 0 26 0 0 0 0 55 0 0 0 0 86 30 7 8 0 0 0 0 0 0 0 0 0 33 0 0 0 0 25 17 0 0 26 82 0 0 72 57 0 70 0 72 7 0 0 10 17
 0 57 48 0 0 10 17 7 5 0 48 11 0 0 0 0 0 0 0 45 0 43 31 14 0 39 89 22 17 0 0 15 0 0 52 0 48 18 7 0 62 5 12 44 0 6 0 0 4 27 30 36 22 48 0 45 13 0 86 38 0 13 0 50 0 1 0 15 65 18 46 0 44 0 0 51 0 12 0 4 0 2 0 0 0 28 0 0 36 28 0 43 21 0 74 0 0 7 35 11 68 1 0 0 0 0 0 66 0 0 41 16 0 0 0 0 1 0 16 80 0 0 16 0 53 34 22 0 0 5 41 0 0 0 33 56 0 28 0 13 12 0 0 0 68 10 51 11 13 0 18 0 0 11 46 0 27 0 26 19 44 0 4 0 0 86 71 0 51 6 0 0 14 14 0 41 0 5 57 0 0 70 13 0 0 0 40 0 4 6 0 60 63 55 0 59 16 0 0 62
 15 65 61 0 77 0 96 0 97 0 0 24 32 0 0 0 71 15 56 1 0 51 0 32 33 0 4 0 0 39 12 29 0 0 0 28 0 0 30 0 40 6 25 15 0 0 0 0 1 71 0 0 0 0 86 9 0 2 15 0 87 27 0 34 24 12 0 0 0 8 63 5 36 15 55 16 11 0 1 0 0 57 28 0 33 36 0 16 0 3 40 26 0 18 23 0 0 0 0 9 36 47 3 0 29 0 0 0 55 0 0 1 0 18 0 29 3 0 35 0 0 0 13 34 77 38 57 0 0 0 16 15 62 0 29 47 0 0 0 38 36 0 69 0 29 20 2 7 0 0 0 26 9 31 9 0 0 25 81 12 0 0 34 28 1 0 26 0 10 72 68 22 17 33 0 25 0 68 27 0 20 11 32 50 0 12 0 0 22 0 0 3 1 0 34 0 56 0 0 2
 0 0 71 0 96 0 2 0 41 20 0 82 4 0 21 0 0 0 0 96 0 0 0 46 0 0 34 29 57 49 32 0 1 49 55 6 0 0 10 0 0 0 0 62 0 84 0 27 28 0 0 0 13 0 0 33 0 2 0 76 37 22 29 20 14 27 0 6 0 92 0 7 9 29 54 0 0 35 0 25 16 0 0 0 6 0 0 45 59 0 37 0 0 0 24 0 0 30 0 35 0 23 15 51 44 0 0 1 5 0 0 48 0 40 19 19 1 0 0 60 0 6 15 0 0 0 0 0 59 22 18 36 36 0 0 0 3 0 0 0 0 0 0 13 21 0 12 31 8 37 0 0 22 0 13 28 0 23 82 0 0 83 31 26 82 31 0 8 17 4 0 0 0 0 68 0 0 0 14 0 10 0 0 0 0 0 0 0 7 0 36 0 93 22 42 19 6 85 35 0
 0 0 46 0 68 0 31 38 32 37 1 0 0 0 17 0 0 12 37 15 0 0 0 0 44 76 34 0 3 15 46 40 39 26 0 14 0 0 0 8 42 0 55 20 0 0 0 27 51 0 0 14 0 18 0 3 0 0 20 0 0 78 0 13 32 1 0 0 0 87 11 0 15 11 0 21 5 0 0 17 0 1 31 0 0 0 46 30 0 0 49 74 44 0 0 0 0 0 0 16 0 0 0 0 0 0 0 59 0 37 60 0 0 0 0 22 89 0 64 8 0 9 0 0 0 0 35 3 0 0 64 0 0 81 51 0 0 51 63 0 0 0 0 58 43 0 6 27 0 0 24 10 0 0 0 0 0 10 0 0 0 0 0 0 0 0 0 21 0 5 0 0 40 0 0 0 37 41 0 47 0 0 28 0 60 0 72 60 9 17 33 0 31 0 0 34 78 0 69 0
 0 0 25 0 0 53 50 0 11 22 79 30 12 0 34 0 0 8 67 0 14 0 0 0 2 36 25 6 80 0 4 16 0 0 0 0 0 0 0 13 6 57 29 44 28 14 0 56 21 0 8 12 71 29 12 47 32 60 0 56 0 83 40 0 0 0 37 47 27 37 17 0 0 20 0 0 66 0 0 4 0 0 10 6 0 0 6 76 0 0 12 94 5 0 20 34 13 51 0 50 55 0 0 0 0 66 76 0 18 0 0 0 35 51 0 0 45 2 29 40 4 0 0 61 0 0 61 0 0 64 0 48 0 88 0 23 0 22 0 43 49 1 0 0 0 0 21 12 37 0 31 0 0 0 92 23 30 0 0 0 51 0 19 28 0 0 0 0 36 0 0 0 0 0 21 0 12 0 0 24 0 10 0 29 33 0 2 0 56 0 36 0 82 0 0 0 0 62 34 65
