100
 80 3 4 0 0 0 0 0 21 0 31 0 0 0 0 14 69 0 42 28 0 0 0 42 23 20 43 0 99 28 26 17 38 62 36 0 0 50 3 0 24 0 47 40 30 0 13 0 69 24 0 0 68 0 0 0 86 0 57 0 0 1 0 0 0 0 33 0 0 7 0 14 44 0 78 54 0 0 0 0 27 0 9 0 80 0 8 33 0 0 0 16 7 0 0 11 33 0 0 0
 0 23 4 0 23 32 0 0 0 0 0 0 83 38 0 49 0 2 0 37 0 43 1 0 0 36 0 35 37 0 52 0 9 0 0 19 21 0 0 35 1 84 13 22 28 37 0 0 0 26 39 38 0 58 0 3 0 0 40 0 0 0 10 0 13 36 18 70 0 40 0 7 36 0 76 0 0 14 63 0 0 0 0 0 0 0 42 0 0 0 12 6 0 9 0 0 9 0 0 0
 0 0 76 55 0 0 0 0 88 70 10 30 9 26 72 0 24 0 0 0 0 14 28 0 0 0 49 0 31 0 18 0 51 0 0 22 0 0 50 68 0 0 12 41 0 12 0 0 0 34 0 9 0 0 0 0 43 0 0 57 49 37 30 43 35 0 0 0 44 0 23 0 0 0 26 0 0 0 84 3 0 2 0 10 15 55 8 41 0 0 0 4 0 4 0 75 42 75 50 0
 12 49 0 82 0 0 0 0 35 0 30 0 52 0 0 31 11 0 3 15 38 0 13 31 0 45 11 0 42 69 0 34 13 26 48 0 27 14 0 0 2 0 41 3 61 10 0 0 39 30 0 15 42 0 79 0 80 0 0 47 86 0 0 51 22 87 37 36 0 7 55 27 18 0 0 32 13 4 0 32 0 0 0 0 13 0 7 31 0 10 3 21 0 0 13 36 0 0 0 29
 49 0 52 14 29 10 46 0 0 0 0 58 69 4 10 51 49 19 0 6 0 62 40 29 0 0 0 14 0 0 50 0 6 0 0 0 0 0 14 35 7 10 0 7 41 94 1 25 57 0 22 0 62 61 0 0 0 10 43 0 0 16 13 19 0 0 0 0 64 0 8 0 65 74 4 10 7 0 0 43 82 0 0 0 20 22 0 66 47 31 0 0 93 0 0 74 0 24 69 27
 8 0 2 50 0 28 0 0 0 39 0 25 45 84 89 1 10 43 5 0 0 51 27 76 0 0 57 9 2 77 0 2 0 0 47 77 52 0 42 23 0 13 23 0 0 0 12 0 56 0 0 31 69 0 5 0 11 0 12 41 16 0 0 0 0 0 84 0 0 4 25 16 0 0 75 3 0 0 41 0 1 0 0 50 0 82 0 46 40 88 51 0 0 0 0 0 0 0 27 39
 22 15 37 75 0 71 18 0 0 0 31 0 0 0 12 0 14 15 0 0 0 0 40 0 0 9 10 0 0 63 0 0 0 29 0 8 0 0 26 0 13 30 0 21 0 74 10 6 24 0 8 0 44 53 0 85 44 0 0 44 17 0 0 78 0 0 93 46 0 6 32 27 35 3 0 2 8 3 0 66 19 0 0 13 0 8 24 0 54 0 0 0 0 4 0 0 0 0 73 0
 30 2 43 7 16 58 47 93 9 23 19 0 61 0 17 0 12 10 49 0 0 20 0 85 10 65 0 54 67 0 0 2 0 0 25 0 0 24 19 31 11 7 0 30 0 0 0 9 0 0 0 0 0 0 0 5 37 28 66 0 43 63 0 66 0 0 0 30 0 0 22 0 47 5 19 31 0 0 0 0 5 0 0 60 28 19 0 0 1 0 4 8 17 29 13 26 47 1 0 0
 0 42 0 0 59 33 11 0 15 27 0 77 0 0 16 38 0 26 37 0 0 2 40 19 16 21 0 0 63 9 87 0 61 14 0 0 52 0 0 0 0 77 44 35 0 19 0 0 47 21 5 0 0 0 28 0 0 17 55 58 0 0 37 13 33 54 74 0 0 0 58 0 0 0 0 73 36 9 0 1 36 35 86 24 29 0 10 29 43 41 7 0 1 12 0 0 0 32 2 17
 86 24 0 52 60 0 49 0 0 37 17 48 0 17 52 7 14 0 0 46 21 0 0 2 13 0 0 24 52 61 2 51 0 7 68 4 0 0 0 49 1 0 0 43 0 57 0 41 48 0 38 0 0 3 0 64 0 29 35 58 14 0 1 43 0 0 0 54 0 0 70 11 2 3 52 24 15 15 10 26 25 19 30 0 0 0 0 13 0 0 57 21 22 0 0 0 0 0 37 0
 0 21 0 0 54 8 0 0 26 0 88 9 29 0 0 26 0 14 0 0 13 25 0 0 28 0 26 73 17 27 0 0 0 0 12 17 0 0 0 0 9 36 40 0 35 8 83 47 71 0 0 43 21 26 40 50 88 72 0 0 14 19 56 68 22 0 0 46 27 19 68 80 25 61 0 29 0 22 28 6 0 50 70 8 0 0 0 0 0 27 0 0 0 70 0 0 0 50 27 0
 23 14 0 37 0 0 46 51 0 0 0 29 0 19 0 0 0 0 0 0 15 0 0 36 32 1 0 47 0 76 26 72 32 0 0 42 0 0 0 0 9 10 0 16 0 0 0 0 40 0 0 0 0 0 72 0 0 0 0 0 0 33 41 0 0 0 51 0 74 0 36 0 0 0 13 17 0 0 52 14 0 0 0 0 0 0 0 21 0 16 0 0 11 15 80 11 0 0 0 40
 0 0 0 0 0 0 46 0 35 8 0 1 16 0 5 0 33 0 62 0 0 31 0 68 21 0 0 0 0 0 51 11 0 0 46 19 0 0 0 0 4 30 81 0 0 0 0 1 0 29 0 79 0 42 0 86 0 0 78 0 17 0 0 49 1 20 46 0 49 14 27 0 19 0 40 59 4 0 29 46 24 75 80 0 0 0 0 0 42 35 11 29 4 64 0 0 0 0 6 74
 64 0 0 3 0 0 34 51 12 0 49 0 4 64 0 0 70 0 14 0 32 53 0 5 69 0 39 0 0 71 0 9 9 11 24 19 0 0 0 0 0 6 0 0 0 0 44 81 0 52 0 37 0 78 54 28 10 0 0 61 7 12 60 29 22 26 0 28 9 13 0 3 0 41 18 45 0 58 3 0 0 90 91 21 1 0 9 11 30 0 30 12 2 0 41 0 0 50 0 0
 3 70 0 5 0 0 0 0 0 0 19 31 0 66 95 0 0 0 42 15 0 64 0 0 0 0 0 0 0 29 35 41 0 0 0 23 0 26 0 23 0 5 0 0 0 51 59 6 6 4 48 51 0 0 0 0 0 84 79 81 9 0 0 0 0 0 23 5 57 92 12 73 0 0 0 0 0 0 46 15 0 0 28 0 0 84 0 53 66 0 0 0 0 0 9 0 15 23 52 49
 0 0 20 0 0 0 5 21 0 0 0 57 54 39 88 6 0 0 0 3 0 14 0 23 0 0 38 0 5 0 5 0 0 0 0 10 0 16 0 0 0 35 0 1 17 0 0 16 85 0 0 30 0 27 32 34 59 11 3 7 69 58 8 50 40 30 3 14 0 81 0 17 62 14 0 12 12 0 58 3 0 0 0 0 67 0 0 0 0 0 12 0 10 0 0 19 0 0 19 0
 0 40 0 0 0 0 0 0 36 0 68 75 0 0 11 3 11 0 18 0 1 0 3 48 0 58 27 0 0 0 0 0 31 74 27 0 87 9 26 73 24 6 42 10 68 0 0 79 23 93 26 0 0 29 64 0 0 17 58 0 14 0 0 0 12 34 0 66 0 0 62 0 43 15 64 0 12 0 0 48 0 0 9 0 22 0 60 0 0 69 22 0 57 0 0 25 0 9 0 0
 19 0 75 21 0 0 0 0 0 22 0 53 33 77 28 12 32 9 0 0 0 18 43 19 0 0 0 0 7 0 0 24 47 53 0 0 0 0 8 38 42 4 76 0 0 18 45 63 32 5 33 0 0 39 0 0 0 0 45 46 0 0 0 0 54 0 2 52 24 64 6 0 7 0 0 6 0 0 28 0 0 0 0 0 31 0 0 61 37 33 65 0 14 16 0 86 0 0 36 13
 0 53 48 0 11 0 25 0 0 35 73 79 0 0 0 2 0 31 59 22 0 10 0 0 0 44 20 0 0 86 34 0 41 0 16 0 0 37 38 0 0 10 0 0 0 0 30 0 0 44 2 5 54 0 0 20 36 13 11 0 11 53 0 74 62 77 20 0 57 62 72 0 0 21 24 0 0 23 17 0 0 0 0 41 40 0 7 28 0 0 0 29 0 71 71 0 0 0 0 0
 0 0 58 0 0 41 32 18 27 0 0 25 1 8 0 0 6 23 0 32 0 0 0 0 0 4 9 0 60 0 19 47 0 0 37 40 0 47 0 78 15 33 82 0 0 26 0 0 17 7 0 41 62 0 52 86 0 0 11 77 63 0 55 0 18 0 31 78 71 27 63 0 14 0 72 0 0 0 0 53 31 0 11 0 0 0 68 0 0 51 0 0 0 0 0 24 0 29 53 34
 9 47 37 0 72 72 35 20 14 0 0 0 7 0 64 27 0 4 21 18 89 5 0 0 23 0 2 67 10 30 0 39 0 0 37 0 0 0 0 49 0 43 6 0 43 34 0 0 0 0 0 0 7 8 14 0 0 0 0 18 5 0 18 0 32 66 0 7 0 0 0 26 0 0 24 96 0 54 32 0 0 0 0 0 16 0 22 0 48 52 0 14 23 0 0 0 56 35 0 38
 25 0 0 10 0 0 40 0 0 77 0 10 0 0 0 0 51 0 0 2 0 61 0 0 0 70 0 25 16 0 0 38 0 0 0 17 0 0 0 18 0 0 0 0 0 34 0 0 42 4 0 67 10 31 37 15 19 19 24 0 0 59 39 53 0 12 0 3 0 1 0 3 19 10 20 21 45 47 31 55 0 6 9 48 0 45 0 0 0 92 0 35 0 61 14 3 13 95 0 0
 73 0 0 0 0 0 0 4 0 19 63 16 78 8 36 22 0 0 23 20 66 11 8 0 0 0 0 17 0 36 28 60 0 57 0 59 8 16 68 25 0 0 0 0 0 0 0 61 20 0 0 2 0 38 0 17 11 40 0 45 0 0 0 0 4 0 29 0 51 0 20 13 27 12 19 0 0 0 30 0 0 0 0 37 0 0 27 0 5 0 0 14 0 0 0 0 18 0 0 48
 0 50 23 0 0 0 56 0 0 0 25 0 0 0 64 0 0 0 44 52 35 23 86 25 39 0 0 40 42 60 62 0 0 52 25 0 0 57 38 0 42 57 11 68 11 70 0 0 10 7 4 19 0 0 0 0 0 0 0 96 0 0 33 0 0 70 0 0 0 21 0 61 40 15 39 0 77 12 48 0 0 80 4 0 72 0 19 0 0 8 41 62 0 18 22 0 0 11 0 0
 0 3 37 71 29 5 7 0 0 0 0 0 0 0 72 66 0 33 74 60 0 20 57 0 69 2 14 0 0 0 16 3 0 0 0 0 0 0 32 34 65 0 0 3 0 0 0 0 0 69 23 0 27 0 0 0 42 0 0 18 53 0 15 14 0 0 0 0 0 0 22 0 5 89 58 0 12 0 0 0 0 0 18 0 0 0 0 61 0 0 10 0 0 4 21 0 0 14 22 0
 0 0 53 0 45 9 0 0 0 44 60 0 37 47 24 47 0 25 0 0 18 0 6 36 0 86 23 0 0 37 0 0 0 41 9 4 27 17 0 60 45 0 68 0 0 0 0 52 0 0 17 2 0 25 44 0 27 0 82 0 9 61 0 83 0 0 0 45 7 0 0 0 0 0 26 34 0 14 40 0 21 0 0 89 0 84 15 33 0 0 0 0 18 0 0 29 0 19 70 33
 0 2 0 0 13 0 0 8 17 49 0 6 30 0 76 0 0 4 0 0 0 32 43 14 0 0 20 0 0 0 0 14 63 0 45 0 0 60 0 42 17 26 4 0 0 0 0 0 46 0 73 49 0 29 33 86 0 0 0 0 0 0 22 42 45 0 0 45 0 0 0 0 14 2 10 0 0 17 15 20 0 0 0 0 49 0 25 0 0 0 52 43 17 0 34 0 36 52 39 48
 43 0 11 45 0 0 22 0 6 0 0 0 45 13 22 33 65 51 23 78 0 0 0 0 54 86 45 19 0 0 34 4 11 0 71 0 58 0 45 72 35 85 23 72 0 0 33 0 48 0 0 48 0 13 18 0 9 25 0 0 0 54 67 82 39 14 40 14 0 9 0 23 0 0 0 21 0 0 0 64 0 43 0 0 28 0 9 0 0 0 0 0 12 0 10 11 0 0 9 39
 0 0 0 0 48 0 56 0 0 0 0 0 33 18 45 0 4 0 13 0 0 0 8 0 18 46 24 20 75 0 0 0 27 0 47 6 24 27 0 30 10 0 62 32 25 0 0 8 28 0 9 11 0 0 0 0 0 0 64 0 0 0 0 21 33 0 0 59 50 0 0 24 31 0 0 15 16 0 0 0 0 0 9 22 40 29 0 44 16 7 24 0 38 0 6 93 76 1 13 0
 0 16 32 0 2 0 0 53 0 0 0 0 17 0 0 25 51 44 0 62 0 16 0 0 45 0 3 3 3 19 0 0 16 0 0 0 0 15 0 46 5 0 29 0 0 0 0 22 0 22 35 0 5 0 0 0 0 34 0 73 10 0 0 57 0 0 0 1 0 61 0 24 0 0 0 33 0 43 0 21 0 0 0 10 18 12 62 0 0 0 0 25 0 53 14 0 0 39 68 0
 0 0 0 20 0 8 30 5 0 0 40 0 0 18 0 0 21 33 0 0 33 10 0 0 0 6 20 0 1 74 19 53 21 0 0 0 0 24 0 0 27 0 18 0 26 30 14 0 0 42 0 86 53 9 0 72 34 0 28 0 61 0 0 29 37 0 0 0 1 0 0 0 0 20 0 84 0 0 48 40 0 30 0 19 5 33 27 0 0 75 69 81 0 0 0 84 0 0 46 17
 0 8 10 0 54 0 11 0 55 0 70 0 0 0 0 58 27 0 9 0 0 0 0 29 0 11 0 0 7 69 0 90 36 0 23 0 0 0 0 5 0 30 21 67 0 55 18 38 0 10 0 5 6 0 12 36 0 0 22 31 49 52 51 36 2 0 23 2 27 0 42 69 30 2 0 7 0 0 0 0 36 0 0 14 24 0 0 0 15 0 0 0 19 0 0 0 0 0 0 0
 0 0 0 0 0 24 7 24 0 13 42 0 11 0 12 37 0 0 0 24 54 9 31 34 36 10 0 0 0 0 0 0 2 42 9 47 0 0 0 0 21 0 0 0 54 0 27 15 39 0 66 22 0 44 0 0 0 92 0 0 0 8 0 0 0 56 0 0 0 97 17 0 87 0 73 1 0 0 6 66 69 72 35 0 24 25 20 0 0 0 0 16 0 0 42 86 0 0 15 22
 0 31 17 0 45 38 0 17 0 0 40 29 99 0 28 15 0 0 29 1 73 55 0 0 30 0 14 29 20 8 32 19 0 34 0 0 44 50 11 0 0 0 0 48 15 12 0 25 8 0 0 0 30 0 0 0 8 0 39 58 0 9 16 0 0 0 47 47 0 41 31 0 44 5 40 0 55 85 0 1 22 37 23 0 12 0 0 0 87 20 12 23 0 0 8 37 27 0 0 0
 0 24 34 0 51 0 3 0 67 0 0 67 0 0 0 20 0 43 0 0 0 69 14 0 8 0 0 0 0 6 60 0 0 25 46 48 0 10 18 22 10 19 39 0 29 0 44 0 0 28 71 49 0 0 0 10 35 0 0 70 0 53 0 10 0 0 24 2 71 45 0 0 0 56 0 81 0 8 0 0 0 47 47 62 62 70 0 0 8 89 0 8 28 38 0 9 47 0 77 11
 72 0 0 36 4 0 0 78 15 0 0 0 0 0 0 0 53 22 10 0 18 0 0 0 69 0 2 12 0 16 80 13 0 47 0 1 43 0 0 0 0 0 0 0 54 0 0 0 8 0 17 0 0 44 0 0 0 0 14 0 46 0 92 0 49 56 0 0 0 41 0 4 0 0 0 58 0 0 8 23 16 0 6 0 0 0 8 0 97 0 39 26 0 0 0 28 15 19 0 0
 12 0 14 0 28 0 40 24 0 15 36 25 18 4 1 7 0 23 26 13 70 59 0 14 4 0 56 0 0 12 7 16 28 0 27 0 100 0 0 0 30 8 8 0 0 0 32 50 0 50 33 0 0 0 40 5 37 26 46 8 6 0 34 0 0 21 0 92 0 36 27 0 8 0 54 73 0 0 0 0 22 77 30 41 0 24 0 0 0 0 0 0 0 0 59 0 77 7 77 0
 0 11 21 0 67 41 79 0 15 65 42 31 46 65 0 0 0 76 0 0 6 12 0 0 50 0 0 42 0 0 0 9 13 0 0 43 13 41 18 59 0 0 0 0 0 46 55 60 27 0 24 58 11 33 32 0 11 0 40 0 0 0 29 67 21 0 20 0 0 0 0 0 0 0 23 0 67 8 56 12 0 70 33 0 31 0 0 0 8 0 56 0 0 52 0 0 0 0 0 48
 0 40 0 3 0 0 0 0 65 45 17 33 33 43 13 28 0 0 0 38 38 22 0 0 0 16 3 0 33 32 61 4 8 0 0 3 1 0 51 2 0 0 48 46 48 0 0 72 43 71 0 28 62 0 8 79 2 0 10 0 60 20 7 0 0 33 0 0 0 32 0 0 43 57 87 0 50 27 0 0 0 16 11 0 0 0 0 0 0 0 36 0 0 0 5 0 0 0 10 0
 18 0 0 58 0 0 9 0 24 0 14 13 22 75 0 8 0 0 51 0 0 0 0 29 0 0 0 0 0 0 44 0 95 8 0 7 82 0 0 35 42 26 15 6 80 0 2 4 0 30 0 32 39 0 0 0 28 29 1 6 0 62 24 73 87 14 0 20 0 0 62 0 20 0 0 0 0 19 0 58 41 69 0 11 0 0 15 7 0 0 0 0 0 49 0 65 63 0 28 19
 0 0 0 0 0 41 0 0 77 0 0 0 0 45 58 6 0 0 67 0 12 33 58 0 0 0 0 0 0 0 0 54 0 29 0 25 0 11 44 0 16 26 0 28 15 0 0 2 34 60 0 5 47 65 6 0 0 0 59 0 0 0 12 0 21 0 26 18 24 2 0 4 37 0 0 0 0 42 0 12 32 0 26 57 0 0 0 0 4 0 0 0 34 3 0 0 8 0 63 60
 3 0 22 17 0 0 0 0 0 33 0 0 0 0 0 0 0 0 0 0 0 82 16 0 7 35 0 0 3 18 23 0 59 57 0 28 0 9 73 0 0 83 0 0 0 2 0 11 0 17 0 76 17 0 0 39 0 0 5 0 0 0 0 0 0 0 0 0 0 53 44 17 0 50 0 0 0 31 21 45 0 0 0 36 50 0 0 67 41 22 0 13 0 0 49 23 31 0 76 14
 0 0 0 0 68 0 47 36 0 46 0 8 0 18 16 54 0 0 80 0 0 36 40 0 42 0 0 0 0 0 0 0 5 27 0 10 0 12 0 0 33 71 17 0 0 0 0 0 0 0 65 44 0 27 67 0 0 58 28 0 0 0 40 4 7 49 11 0 24 30 0 16 57 0 0 33 0 0 0 24 20 76 11 46 5 53 10 69 21 11 0 0 0 0 0 7 0 0 14 33
 0 0 0 0 0 14 0 0 0 0 30 0 25 18 22 0 0 24 59 20 28 21 4 0 0 90 1 0 0 18 47 0 82 0 14 18 3 39 0 0 0 9 20 24 58 0 6 3 0 0 89 0 0 0 0 18 9 0 0 0 40 0 87 7 32 0 43 37 55 48 0 0 11 0 41 0 22 0 0 1 71 0 0 57 0 0 0 0 97 0 0 0 0 20 0 21 4 12 18 71
 0 0 7 0 0 10 11 43 57 35 0 32 22 51 51 0 0 79 68 33 0 27 70 0 21 52 8 14 0 67 0 9 0 0 0 0 74 31 0 0 0 2 32 0 65 8 0 0 0 43 18 0 28 4 0 51 82 0 0 0 36 0 19 60 3 27 43 0 13 0 10 6 0 0 0 0 29 0 0 0 0 47 74 60 2 0 0 46 0 0 25 0 0 0 60 0 0 0 79 6
 0 0 0 0 0 21 0 76 0 0 0 1 70 51 0 33 4 0 5 0 0 0 77 0 4 1 8 46 33 64 0 0 43 0 36 49 1 0 26 16 19 0 42 0 0 59 44 0 31 1 29 74 0 45 0 0 0 0 45 0 31 0 0 0 65 0 0 0 0 0 0 0 28 0 10 0 62 0 0 31 88 0 48 0 46 18 21 0 0 0 0 0 7 26 0 28 0 0 0 66
 0 52 8 26 0 0 0 51 46 45 0 24 11 0 0 24 60 0 0 27 1 9 8 8 81 64 29 0 11 51 0 0 0 71 0 49 0 0 11 0 61 5 44 0 7 0 91 0 65 0 0 90 86 0 0 42 0 0 0 0 0 0 55 0 6 0 0 0 4 8 0 51 0 50 0 17 0 0 68 0 35 0 71 0 0 93 43 0 5 0 55 39 0 0 56 0 20 0 82 0
 12 32 38 16 0 15 0 0 45 0 0 83 0 0 0 0 0 0 39 41 3 81 0 37 15 0 19 17 0 0 5 0 0 0 74 66 0 0 0 0 0 0 18 0 25 5 93 73 44 69 0 25 0 34 76 46 0 49 81 29 0 23 0 45 11 0 27 5 39 55 0 56 0 78 12 1 15 59 61 0 0 0 0 0 0 0 7 13 4 8 0 33 27 4 6 0 44 0 59 0
 0 3 33 0 0 0 0 5 0 0 0 0 27 18 0 0 0 0 42 0 45 0 0 0 14 10 0 0 0 50 3 1 0 0 3 0 34 0 0 79 0 14 59 18 56 0 0 0 70 3 0 0 0 25 0 16 0 0 60 52 5 0 26 38 0 1 6 40 0 0 0 0 0 0 0 0 16 48 0 6 52 0 0 64 42 0 0 5 0 0 0 11 0 42 0 7 0 46 43 0
 0 0 0 0 67 53 23 5 0 6 32 16 0 0 0 55 0 0 0 0 40 0 1 0 0 26 3 27 20 0 0 0 29 75 0 1 0 89 0 0 0 0 27 44 0 0 20 0 0 86 32 0 0 0 0 12 0 63 0 0 0 0 55 0 15 5 0 0 0 63 0 55 0 0 14 0 51 0 20 0 7 28 20 0 0 56 49 0 21 0 0 31 0 31 0 45 0 28 0 0
 20 0 5 2 0 30 0 54 0 0 50 15 3 39 0 33 0 0 0 54 1 20 84 0 0 0 0 70 0 0 7 13 0 11 0 0 0 0 19 14 62 6 0 0 0 0 57 4 4 0 44 0 0 0 76 23 20 7 86 0 0 8 0 0 9 38 0 24 0 0 79 51 27 6 16 54 12 22 0 0 0 33 20 0 38 0 0 0 0 36 46 0 75 5 0 5 0 61 0 0
 32 0 0 0 49 0 29 21 26 70 0 21 0 0 0 0 25 18 0 0 29 0 0 0 2 0 0 0 0 9 0 0 0 56 0 53 25 0 0 0 0 0 0 46 27 0 0 0 83 1 0 47 49 84 0 0 20 41 2 0 28 0 23 0 76 77 0 0 12 8 26 0 0 70 0 6 10 13 69 0 72 39 0 7 68 0 0 0 0 0 24 8 0 0 0 8 8 0 64 11
 0 19 7 0 0 0 0 32 32 38 0 17 21 85 30 24 26 41 0 0 0 0 0 59 0 78 6 33 82 0 0 0 18 0 28 4 53 0 0 0 0 0 62 56 0 17 0 30 9 13 6 0 24 0 0 33 6 0 0 37 0 7 0 0 18 0 0 0 0 67 18 0 32 0 0 7 0 16 0 19 0 0 0 0 21 0 87 0 0 65 0 0 28 37 49 0 32 37 2 75
 33 0 6 81 0 29 0 51 23 0 0 35 0 0 20 0 0 0 27 2 0 0 0 31 51 0 0 0 1 6 0 30 0 0 54 0 73 0 44 36 0 72 0 8 0 0 34 0 0 22 42 0 45 3 0 29 0 0 0 0 37 11 1 0 23 0 0 0 34 0 0 17 5 28 0 0 33 17 0 43 21 0 17 0 4 1 64 16 11 24 26 21 0 0 0 0 0 0 8 0
 5 7 23 0 46 0 51 72 0 30 0 0 43 0 48 0 0 25 6 0 0 0 44 27 51 0 0 0 36 53 14 0 11 17 55 56 0 0 0 55 0 49 0 55 50 17 62 0 25 33 0 73 50 47 32 0 50 9 7 0 61 0 80 0 0 80 55 54 0 6 8 0 60 0 7 48 0 7 0 0 64 0 88 37 23 0 33 0 28 0 0 74 82 0 38 28 6 55 0 0
 43 0 3 17 19 80 0 0 40 0 0 12 0 0 38 0 46 45 0 0 57 0 0 53 27 49 0 5 18 47 0 0 27 67 0 25 0 52 0 27 0 0 39 0 0 26 0 0 0 0 0 50 0 0 15 53 4 0 89 5 23 0 1 1 3 0 20 80 0 27 42 29 13 2 50 23 60 1 0 0 42 0 43 76 0 30 50 0 1 31 0 14 29 0 0 3 55 0 14 20
 0 63 0 0 51 0 0 0 76 57 0 51 52 0 16 0 23 25 0 46 58 0 0 13 0 0 9 0 14 18 0 87 3 0 0 8 0 0 0 0 15 27 74 0 0 48 12 44 8 92 0 0 0 37 0 0 88 52 0 0 38 0 35 0 54 0 46 18 0 10 0 0 33 33 0 45 35 98 0 0 98 4 16 0 80 0 67 0 0 0 2 47 11 0 21 38 0 54 0 0
 68 67 20 24 0 3 43 0 0 0 0 23 37 19 0 0 0 30 0 69 45 0 0 34 27 34 2 0 21 0 3 79 0 27 14 43 0 47 13 0 2 48 0 69 16 78 17 0 7 0 0 0 47 36 0 23 0 40 1 70 13 0 0 0 59 0 79 2 0 0 22 25 28 0 0 12 25 74 0 54 0 11 0 21 53 75 0 0 43 34 0 0 57 0 56 0 0 0 0 6
 0 0 23 7 0 0 2 0 0 0 37 28 0 6 0 0 0 0 0 0 32 0 4 14 21 0 26 50 0 40 0 0 14 0 39 0 0 0 0 0 0 0 0 2 1 0 2 0 0 42 0 0 54 4 0 0 22 0 4 0 6 18 0 43 0 0 0 0 0 80 19 33 0 0 32 0 73 0 18 58 0 0 2 14 0 7 0 0 0 0 50 0 0 15 0 14 45 0 67 0
 72 29 0 0 20 0 0 17 0 0 41 62 64 0 0 0 18 0 81 0 0 14 0 0 0 2 19 52 10 0 36 0 1 0 0 20 0 28 6 0 21 23 92 54 40 52 31 0 0 69 57 89 0 9 56 0 21 0 65 76 0 9 0 0 0 0 0 54 1 0 0 0 15 0 0 39 0 21 0 0 88 0 0 16 90 0 0 16 0 64 9 22 3 11 4 0 19 60 9 0
 18 2 0 0 46 0 0 0 27 0 0 8 0 0 0 0 0 23 0 0 0 27 61 38 0 0 60 32 24 0 0 0 11 31 34 0 0 58 0 4 2 100 2 0 0 0 39 28 0 59 3 0 3 0 0 0 0 0 0 12 89 79 0 54 25 0 17 12 17 0 0 11 0 35 0 0 0 58 18 58 0 0 53 59 0 53 50 34 18 0 0 89 22 16 0 5 30 60 0 0
 0 10 0 18 0 7 60 0 42 7 0 0 2 0 0 0 9 51 0 4 6 0 17 24 63 0 73 0 51 52 20 0 0 0 0 35 16 32 0 0 25 17 6 66 0 33 2 0 1 37 0 38 0 0 54 43 38 44 0 0 0 21 21 11 49 55 56 0 62 0 0 16 46 23 0 64 0 32 2 0 52 28 0 41 34 0 24 50 0 0 0 0 0 45 9 21 57 0 50 73
 84 0 0 74 0 55 72 0 0 0 0 0 3 0 0 0 42 34 35 0 0 0 2 0 0 30 0 0 60 44 73 0 38 0 54 0 0 0 0 0 0 5 0 0 0 59 0 40 0 0 13 0 33 0 0 0 0 11 4 42 74 0 10 0 5 0 22 0 0 1 0 38 71 0 0 2 3 0 13 0 48 0 0 42 44 0 0 0 0 47 0 0 59 12 25 0 0 49 66 0
 1 70 0 0 0 78 0 0 0 0 0 76 0 0 50 0 10 64 0 17 31 0 84 89 0 0 0 0 0 0 0 0 47 28 0 17 26 0 25 0 0 61 0 0 0 41 40 0 0 11 67 13 52 17 28 0 7 51 0 42 0 0 35 52 53 0 27 38 0 1 16 14 0 56 56 29 0 20 0 12 0 0 0 31 19 62 0 0 0 79 0 8 65 0 55 0 30 62 9 5
 62 0 0 0 64 49 49 10 0 7 0 70 0 0 45 0 0 0 0 0 0 13 0 64 25 30 0 0 0 7 0 0 42 21 5 0 9 0 2 0 0 15 0 0 0 0 0 0 0 0 0 0 0 0 34 0 0 0 37 18 0 0 0 0 11 85 40 0 0 52 0 27 5 29 47 0 0 79 0 12 53 0 0 8 0 15 31 43 0 0 9 17 0 0 0 74 0 60 0 0
 3 0 55 0 29 59 55 79 0 61 32 44 0 0 73 0 0 35 0 13 0 0 10 0 29 19 32 0 0 59 45 44 0 9 51 0 0 37 0 0 3 1 0 21 0 31 57 39 0 0 0 0 41 16 0 62 5 42 54 82 12 0 56 70 0 66 0 0 26 0 0 4 14 36 100 30 0 0 0 0 2 3 0 0 0 13 12 96 68 0 2 0 0 73 0 36 0 4 0 25
 0 0 76 0 64 0 0 12 0 16 24 0 0 21 0 0 6 0 0 0 46 9 0 51 58 49 43 0 33 27 31 0 40 0 0 48 4 0 15 39 0 39 0 0 0 21 28 0 0 11 60 34 37 49 0 0 0 0 2 35 0 0 0 0 0 39 53 12 38 0 0 75 35 63 14 61 0 0 0 15 29 0 30 0 30 0 0 0 5 22 0 34 5 26 0 0 0 0 4 51
 24 0 23 0 68 47 0 0 38 0 0 11 11 0 0 0 0 0 42 0 0 0 49 29 7 0 0 0 0 0 13 0 6 0 0 94 0 4 96 0 0 13 22 0 46 43 16 0 0 59 0 27 72 23 0 0 0 0 64 0 0 61 14 0 71 28 0 1 0 52 77 83 56 0 68 44 12 6 34 27 46 47 10 3 46 0 3 0 0 23 2 0 0 0 0 62 72 0 0 32
 52 34 0 21 0 71 32 8 70 50 0 0 0 0 0 40 22 0 0 0 19 30 0 64 44 0 7 21 0 53 0 0 22 97 0 23 54 17 22 59 0 12 0 0 0 43 0 0 35 5 63 0 60 0 36 34 17 28 81 0 0 0 10 14 54 0 0 50 71 73 62 0 6 0 6 6 15 0 0 0 8 15 0 56 0 61 0 0 0 0 44 0 0 60 29 4 52 0 0 36
 0 0 39 0 3 0 0 39 50 43 0 80 0 0 0 0 31 0 0 0 34 0 55 0 12 27 5 0 24 0 63 90 0 0 0 0 0 45 0 5 0 0 0 0 54 52 0 0 41 0 38 0 0 20 0 0 0 63 0 27 1 40 0 0 0 17 2 0 0 51 53 0 0 76 0 0 0 52 0 18 0 0 37 20 0 4 21 75 84 0 26 7 0 0 16 45 0 0 0 0
 22 45 0 0 0 0 0 0 0 0 0 0 0 46 0 19 0 0 0 0 17 10 0 22 0 17 0 53 16 9 60 0 0 0 38 73 0 40 66 0 92 0 8 44 0 32 10 21 93 48 0 0 0 13 0 0 41 0 0 6 69 75 9 0 13 61 2 0 0 0 11 40 0 0 54 0 0 65 27 20 0 0 0 0 0 0 13 58 43 58 0 78 7 11 1 10 45 0 61 42
 0 0 4 0 62 0 0 26 12 0 0 9 47 0 0 0 9 42 27 34 0 0 0 0 69 91 55 0 0 0 6 0 17 40 41 0 76 21 86 17 0 0 0 39 0 0 0 0 45 0 0 22 88 0 24 0 22 0 0 24 0 0 0 0 0 0 0 0 11 50 0 23 0 12 0 6 48 0 0 31 0 9 0 3 14 0 46 34 34 0 17 0 69 0 57 0 0 0 0 10
 0 0 2 0 0 54 0 0 59 0 0 79 0 6 36 0 0 0 44 0 22 0 0 0 0 49 0 33 0 22 25 0 0 0 52 24 0 14 0 0 0 46 0 0 20 0 9 12 42 22 0 48 0 0 0 0 0 0 14 0 2 0 0 17 0 0 0 0 0 13 16 14 80 4 0 42 38 4 47 0 57 0 36 0 0 49 38 27 0 0 40 0 39 7 0 0 74 0 26 0
 35 30 56 18 0 37 0 0 29 0 0 5 23 0 42 0 0 49 0 24 26 0 0 0 0 33 0 56 19 34 0 0 81 0 0 19 18 55 0 4 25 0 34 19 68 7 0 0 66 9 0 0 41 0 21 0 0 9 58 21 0 0 20 0 0 0 0 41 53 0 68 0 0 26 0 0 74 70 0 0 0 0 0 35 0 0 2 0 0 0 0 41 0 7 0 0 78 13 24 22
 0 0 0 57 0 0 49 0 11 0 38 0 0 0 16 14 0 43 0 0 0 0 0 0 0 0 0 36 26 28 46 3 0 0 93 22 0 0 0 7 56 8 64 0 69 0 54 0 47 0 0 14 3 23 0 0 68 1 0 33 17 52 34 0 0 0 0 0 0 78 0 52 57 84 39 0 0 73 0 14 0 0 23 0 0 0 0 19 0 0 72 19 90 0 0 80 0 55 23 0
 0 9 25 0 0 0 0 0 0 0 0 0 0 0 26 0 70 0 10 47 0 0 28 30 18 0 100 0 0 0 0 0 0 70 0 0 0 29 5 44 64 25 0 50 56 57 0 0 0 24 0 0 0 11 0 0 0 0 21 0 63 0 0 0 18 0 0 0 0 12 45 0 0 11 56 95 12 10 0 0 0 3 0 0 38 0 0 0 0 87 0 16 0 0 3 0 4 0 0 14
 20 51 0 0 0 24 0 32 0 0 50 5 0 1 33 0 0 27 41 15 78 0 90 0 0 59 71 4 0 39 54 32 8 0 50 53 13 0 0 35 4 8 20 0 0 0 14 0 0 0 0 0 39 0 30 0 0 0 0 71 88 27 0 40 14 29 1 0 0 19 5 0 0 0 39 0 37 0 31 0 0 33 66 41 0 35 51 0 24 38 16 14 0 0 0 0 12 35 50 0
 3 0 16 0 28 12 0 2 0 0 0 2 66 0 45 32 64 23 0 36 0 0 47 0 73 0 0 3 1 0 12 2 5 0 0 49 49 0 0 0 0 0 18 12 10 60 4 0 0 1 0 0 0 0 0 0 0 0 59 0 0 0 37 0 0 45 0 0 76 0 0 26 0 0 0 0 93 22 0 0 0 0 0 0 0 0 47 41 0 22 17 0 85 20 40 11 0 74 0 0
 9 0 0 25 46 0 49 11 12 0 0 0 0 0 0 0 4 0 0 41 0 0 0 0 4 0 0 87 8 5 0 13 0 22 52 0 29 0 7 0 63 0 33 28 3 41 0 0 44 0 62 0 23 59 2 6 5 9 0 19 0 0 0 5 49 65 18 0 19 42 0 48 0 22 12 6 0 4 89 0 1 38 11 4 11 0 0 68 0 0 0 73 29 48 3 0 32 0 8 0
 5 16 0 0 0 21 0 38 0 0 0 0 0 21 0 0 0 27 69 0 99 0 52 18 99 23 0 0 0 0 0 27 0 0 14 0 4 0 14 0 0 0 0 0 3 0 48 40 0 36 11 55 0 0 94 47 2 0 0 81 0 30 46 0 0 64 0 0 39 0 0 0 30 65 0 34 55 9 34 78 0 0 41 59 56 16 0 29 23 34 0 27 0 35 0 38 3 0 0 0
 0 10 7 95 0 0 0 0 0 0 56 14 0 24 53 24 4 23 60 0 5 4 3 39 60 0 57 62 8 54 47 0 0 0 53 0 0 49 37 0 0 53 0 0 59 0 0 1 0 0 16 0 39 0 0 0 0 3 75 0 15 0 0 6 0 0 0 0 0 31 30 56 0 0 59 19 81 77 0 35 35 16 0 0 27 35 0 0 0 0 0 19 4 64 0 9 32 0 0 0
 32 7 0 1 29 92 68 52 0 0 0 92 0 0 29 62 22 12 31 36 25 0 14 0 30 34 8 0 6 15 0 20 0 0 0 37 0 0 0 0 70 55 0 8 0 0 40 50 20 0 0 0 23 13 14 3 0 0 6 10 5 0 45 52 36 0 51 0 0 8 35 0 5 53 5 0 0 42 0 37 0 27 0 64 0 1 13 0 0 7 0 0 0 80 0 9 0 29 0 2
 0 15 58 41 26 8 3 27 0 0 0 5 0 0 0 8 0 32 27 0 8 0 3 0 0 10 33 22 0 1 40 11 0 0 0 0 0 0 0 52 0 12 0 41 0 0 0 28 77 0 0 37 13 0 0 0 0 28 0 5 0 2 25 44 44 4 0 0 22 0 19 8 0 0 0 10 0 41 0 0 34 5 61 0 0 15 24 17 55 0 31 7 60 0 0 0 0 29 40 23
 9 66 0 28 42 0 0 0 0 13 0 16 30 0 9 1 55 82 0 3 75 0 0 48 72 0 51 44 0 0 0 0 72 40 0 49 0 25 13 0 0 0 0 0 0 17 9 33 0 47 5 0 24 43 0 0 10 0 0 0 0 0 0 0 0 42 30 0 0 0 0 0 22 0 5 6 0 61 0 0 56 0 2 98 0 48 0 0 0 79 0 51 20 0 27 0 0 24 58 41
 0 1 0 0 0 59 49 0 0 20 22 60 15 0 3 0 0 0 0 36 0 50 30 0 45 35 0 0 0 0 0 0 0 0 0 68 52 0 38 62 25 0 0 8 0 0 68 21 0 50 0 0 0 0 0 42 0 0 65 0 29 0 0 0 42 68 0 0 0 82 73 0 23 7 33 0 5 12 0 0 0 32 8 14 38 15 0 0 21 0 6 0 0 51 0 64 79 0 6 60
 9 1 0 73 0 0 0 0 28 53 63 2 49 16 0 39 22 6 15 79 65 0 17 42 49 0 17 86 0 0 0 11 0 20 0 87 0 18 56 12 11 77 0 54 43 0 0 41 12 0 64 57 32 0 47 0 26 0 0 50 0 58 18 0 0 0 4 12 0 0 54 46 0 74 40 3 0 73 83 0 0 0 0 0 0 20 59 0 0 66 4 0 15 0 4 60 0 20 51 0
 0 0 0 0 36 88 0 35 0 14 77 10 69 0 3 19 0 27 0 0 0 52 0 0 15 0 0 0 3 0 0 59 0 39 81 0 27 12 55 0 10 48 0 20 37 0 0 0 12 0 10 35 0 0 0 0 0 17 39 47 0 0 41 23 0 0 5 0 29 0 0 0 0 0 1 13 0 0 19 4 0 0 0 2 21 0 70 0 0 34 0 0 25 0 65 0 0 27 62 0
 0 41 0 0 0 0 15 12 0 0 73 0 48 0 0 30 0 0 0 9 59 11 31 30 0 0 45 55 0 1 16 2 3 31 45 29 10 11 33 0 10 0 0 36 0 52 17 0 0 68 41 9 33 0 58 6 63 55 22 0 0 0 31 11 0 0 57 42 54 0 0 0 0 22 0 36 16 0 0 0 66 11 0 87 51 1 11 9 0 45 0 80 7 50 0 0 0 0 1 0
 42 0 3 33 0 0 0 0 0 19 6 44 0 0 0 41 20 0 35 17 0 76 0 34 92 94 49 35 0 5 18 0 37 0 0 0 56 0 50 7 0 0 0 0 67 48 0 0 47 0 74 15 16 0 0 0 7 0 17 5 0 17 56 25 5 0 0 36 4 0 0 0 22 11 10 78 0 37 22 0 2 15 0 32 0 81 13 49 49 1 0 20 60 23 21 12 0 0 0 0
 19 44 34 0 0 0 80 5 0 8 0 0 0 76 16 67 0 0 76 0 0 0 23 0 27 4 24 3 0 8 0 62 68 0 0 31 39 50 70 74 22 0 0 47 25 30 11 0 53 2 0 27 0 0 57 0 74 0 62 0 1 16 0 0 49 17 0 0 8 3 0 2 39 9 61 0 0 0 71 0 9 0 42 0 4 0 0 0 0 61 73 62 0 0 28 0 34 36 1 0
 32 0 37 0 21 0 9 0 0 0 33 74 0 0 48 0 0 0 40 54 12 83 39 0 0 67 0 37 0 38 0 42 17 0 95 0 42 0 0 17 8 25 20 1 0 31 0 27 54 43 0 0 21 0 0 21 0 76 0 0 44 10 48 72 0 0 67 0 0 0 5 0 0 11 0 68 0 0 65 28 26 73 0 14 0 0 5 2 4 0 11 13 24 0 0 1 0 10 43 0
 0 0 0 0 4 51 17 0 51 0 80 23 0 0 29 45 7 1 0 16 0 0 0 0 29 10 0 51 49 0 0 81 0 0 0 0 51 9 27 2 60 0 65 16 29 6 0 0 0 0 79 0 1 0 0 0 0 73 56 0 0 42 85 0 0 20 0 86 21 0 0 34 30 0 0 0 0 64 0 0 0 40 0 0 32 16 54 0 0 0 0 100 0 57 0 0 0 24 0 0
 0 57 29 3 0 20 10 0 0 0 71 0 0 0 39 0 0 0 4 49 0 29 17 8 34 0 0 0 0 7 16 0 3 40 0 3 13 1 38 12 0 3 19 13 43 0 11 0 51 56 0 44 0 46 0 0 0 0 23 0 0 21 0 0 28 88 0 80 15 5 0 0 0 17 0 5 61 0 0 40 0 1 0 0 18 0 0 0 0 31 0 73 84 0 0 0 0 7 58 12
 9 0 0 55 12 68 0 0 0 63 0 0 0 21 79 13 52 0 0 59 29 0 26 0 0 26 22 8 84 0 18 27 12 12 0 15 3 0 0 0 0 48 69 0 14 0 65 0 0 0 0 10 0 49 82 27 96 0 0 0 0 0 0 19 64 0 0 2 0 69 0 26 0 0 25 37 13 0 0 0 0 0 0 33 0 36 31 0 0 25 31 0 19 24 55 0 0 2 0 10
 57 39 7 0 12 94 21 0 32 70 12 0 57 0 0 30 29 12 0 37 23 0 1 0 0 64 0 0 0 0 60 50 0 0 7 15 0 32 0 37 32 0 15 11 0 37 0 0 30 42 2 34 0 86 0 53 0 0 25 0 84 0 0 0 4 36 73 88 0 0 0 0 21 41 35 0 18 0 0 19 21 47 41 0 16 0 0 77 0 0 11 10 47 0 32 65 0 0 0 68
 0 6 0 0 0 70 9 0 85 30 1 0 62 65 2 0 0 0 56 0 75 0 48 37 83 0 57 0 0 38 0 42 0 0 0 0 43 1 13 0 27 0 0 0 12 0 0 12 0 0 0 0 6 38 0 0 0 0 0 1 0 0 40 19 0 0 61 0 0 0 0 1 52 26 0 6 17 0 19 0 0 0 62 8 0 0 3 11 0 1 0 20 20 22 0 65 0 20 64 83
 0 0 0 11 64 53 24 0 75 51 0 3 25 23 0 52 42 5 12 12 0 0 0 60 76 56 0 32 0 79 4 6 38 0 0 0 0 2 10 0 0 0 34 0 47 10 0 0 17 37 21 0 0 54 0 0 40 8 0 0 0 0 72 0 35 28 84 0 0 39 0 37 0 0 38 0 0 24 0 0 0 1 21 24 0 0 60 21 71 0 9 8 61 8 20 43 27 0 17 0
 10 1 0 26 0 45 53 0 0 42 0 4 33 0 0 67 0 42 6 0 0 0 62 0 0 0 0 6 0 0 84 22 53 8 57 0 0 83 48 48 28 15 5 0 5 18 25 1 0 0 0 6 0 57 0 12 0 31 6 0 0 16 0 0 0 0 52 1 60 34 45 21 35 0 0 24 0 0 15 24 14 0 0 0 4 0 0 48 74 0 0 0 0 0 40 0 41 62 36 46
 27 13 0 56 0 0 0 1 0 0 0 17 0 51 0 0 42 0 15 0 80 26 10 24 0 0 0 0 0 0 0 48 0 67 0 38 0 83 0 0 0 0 0 0 0 5 0 0 0 7 49 0 0 0 7 0 57 27 0 0 9 0 0 0 6 8 0 20 1 24 0 37 0 0 0 50 0 65 0 70 46 42 0 0 0 0 0 0 25 0 0 65 0 20 84 0 0 0 40 39
 44 70 1 0 0 0 29 91 0 3 46 0 0 13 0 83 31 0 35 0 0 32 0 20 58 0 0 0 26 20 0 35 0 36 0 17 0 0 6 0 0 0 0 0 0 0 4 39 78 9 35 0 0 4 69 0 58 0 8 9 36 0 81 0 9 0 0 0 0 61 0 0 1 0 74 0 12 47 84 20 3 0 0 0 0 3 42 33 8 38 41 35 0 0 0 0 49 0 0 47
