150
 2 83 45 0 0 0 13 0 12 0 0 0 0 0 0 0 29 1 0 0 0 0 22 0 0 0 0 0 0 0 0 21 10 0 74 61 0 48 11 26 55 9 0 0 0 0 27 80 0 0 80 0 24 0 38 0 0 0 28 0 15 45 35 5 26 20 0 0 21 0 0 43 85 0 4 19 0 84 0 0 4 7 0 0 26 0 0 40 25 0 65 28 15 0 0 0 25 0 9 49 77 0 0 2 87 0 0 0 24 0 82 0 66 0 19 0 79 0 0 0 0 0 34 8 17 59 0 0 0 12 0 41 0 0 22 38 84 0 0 0 6 0 0 0 37 0 0 0 52 0
 0 98 0 0 0 51 76 0 0 16 0 3 0 3 0 55 0 0 0 20 16 0 73 8 12 43 0 2 0 0 0 0 19 22 0 27 2 0 0 24 0 1 61 47 9 42 41 0 66 1 72 70 21 0 0 77 0 0 0 29 0 22 30 0 0 0 45 14 35 0 0 79 20 7 65 11 8 36 22 25 0 52 17 27 17 38 29 0 0 86 12 0 33 33 1 0 0 40 48 5 12 0 31 0 71 0 0 0 27 0 37 0 78 0 71 0 0 0 73 42 0 0 61 58 0 0 46 0 54 7 42 0 0 0 37 0 0 50 78 0 71 0 15 7 0 0 0 0 19 0
 0 9 58 0 28 0 8 4 63 0 0 44 65 0 68 99 0 0 43 0 0 0 0 78 11 0 81 66 50 40 0 0 0 0 43 2 0 24 0 40 12 0 16 12 21 0 0 0 42 0 0 63 0 0 0 0 58 25 0 52 0 10 8 24 4 22 43 0 0 0 0 0 0 0 51 0 32 0 0 10 0 0 0 12 80 66 1 0 0 66 0 0 32 0 28 0 16 11 0 0 0 0 35 0 0 0 12 0 0 9 0 0 0 0 58 64 0 9 68 13 4 34 21 0 12 21 0 0 0 0 0 0 66 1 31 38 34 0 0 50 0 0 0 26 0 0 46 0 72 39
 25 18 51 71 51 64 52 0 0 0 0 15 60 64 15 0 0 0 86 4 0 0 68 0 0 7 0 0 6 43 2 0 2 29 66 13 17 11 28 0 0 0 0 63 36 0 3 96 9 7 0 34 0 0 13 0 0 0 44 0 0 1 0 41 75 0 10 14 29 0 5 0 0 31 0 0 0 28 58 79 47 0 14 76 50 25 0 54 0 3 24 6 0 0 0 0 0 0 0 15 34 34 0 18 0 83 7 9 14 24 0 0 0 0 0 0 65 0 40 14 0 0 9 0 38 66 16 0 0 36 64 0 66 4 27 0 0 0 0 0 3 0 0 0 0 0 6 7 27 0
 15 35 0 0 67 0 18 0 62 28 11 0 0 0 0 27 8 1 0 0 0 0 41 0 0 69 0 79 0 62 0 39 0 0 23 19 2 0 0 0 34 47 31 69 0 30 0 0 0 0 0 1 79 0 68 0 71 0 72 0 0 0 0 0 0 0 0 77 0 61 0 7 0 32 0 19 0 0 18 0 2 79 0 39 44 31 6 20 68 0 76 0 0 0 0 0 14 0 52 0 11 39 0 0 0 0 23 23 0 0 4 16 0 0 0 60 0 0 0 31 0 47 10 0 45 0 0 7 0 0 41 0 0 0 0 15 35 0 0 71 0 56 0 35 0 75 0 30 13 14
 27 0 40 0 2 86 46 0 48 19 48 20 42 0 0 48 0 89 0 0 56 49 27 0 0 27 0 11 26 1 67 0 0 0 0 0 24 0 0 35 8 0 47 0 66 0 0 0 0 30 0 14 0 0 0 0 0 0 0 25 35 0 0 86 47 22 0 0 0 11 45 0 0 31 6 61 0 0 63 0 0 59 53 0 63 64 0 28 19 40 16 0 0 12 0 18 22 30 34 10 0 0 0 0 0 37 0 24 0 0 55 44 7 26 9 30 36 0 72 62 0 0 0 36 53 0 10 0 0 42 5 50 5 0 0 13 0 67 0 0 9 0 0 54 0 0 0 8 0 0
 0 0 0 0 0 0 37 31 32 22 0 43 0 38 0 0 0 0 0 31 0 0 0 0 82 0 0 89 35 0 33 0 14 0 0 21 29 0 0 1 0 0 0 0 10 0 13 0 7 0 28 0 0 20 79 0 0 0 0 46 32 2 0 0 21 0 54 0 0 9 69 0 0 0 0 49 0 0 0 0 13 10 20 73 0 0 13 6 0 0 0 0 0 0 74 4 55 41 0 0 0 0 16 0 0 0 76 0 0 10 0 73 0 41 13 0 0 51 0 0 0 23 0 38 91 54 35 10 1 0 0 59 2 10 18 57 31 10 14 36 0 43 43 16 35 0 0 0 40 0
 60 12 0 60 35 51 0 35 0 34 9 26 0 19 70 0 0 0 0 20 0 4 0 20 14 0 0 0 0 25 54 0 0 0 72 33 6 55 0 37 63 0 74 5 13 6 54 21 0 0 0 32 11 0 0 0 7 0 0 0 0 45 0 0 83 0 21 61 0 0 0 78 0 0 82 20 49 6 6 12 0 53 36 0 35 0 0 1 1 23 0 0 0 86 47 0 21 8 0 0 0 31 31 1 58 0 15 0 91 7 0 0 53 71 0 51 0 0 50 2 37 16 0 7 0 0 0 0 0 79 0 0 0 8 38 71 0 0 46 50 0 65 0 69 0 0 0 0 0 0
 0 38 0 21 0 0 0 59 90 0 0 0 0 0 0 0 2 0 0 14 91 15 0 0 92 0 42 0 5 19 0 0 0 0 0 0 0 0 6 3 0 50 68 0 60 3 12 37 17 50 0 22 36 79 76 18 0 3 28 89 14 15 78 3 60 23 17 65 81 0 9 6 82 0 18 0 0 91 34 0 0 0 0 18 0 0 11 0 0 8 0 0 70 0 12 35 0 48 60 0 0 22 0 0 0 0 7 14 0 0 71 0 0 0 0 0 0 26 0 45 28 6 25 0 0 0 8 0 0 0 0 0 0 4 30 40 27 0 61 0 60 0 6 0 25 0 61 0 0 0
 5 0 16 49 0 0 0 0 37 62 32 15 33 42 0 0 0 33 3 0 6 0 67 0 0 0 0 0 0 0 0 49 0 0 34 14 0 0 0 41 0 24 8 36 0 42 27 83 31 10 0 30 20 0 36 0 0 83 48 57 84 0 0 37 39 40 0 79 38 64 34 17 0 1 72 20 0 0 76 55 0 0 0 14 0 0 60 0 45 18 0 25 0 40 0 0 11 33 31 0 1 57 0 15 0 0 36 0 39 0 0 0 0 46 82 0 21 0 11 9 0 0 14 0 0 0 0 0 29 31 30 57 0 20 31 0 0 40 50 0 0 59 0 69 0 66 0 0 19 0
 87 20 12 25 0 0 22 0 55 0 75 0 91 0 20 0 44 0 0 0 10 0 21 0 0 0 0 43 0 14 41 51 44 0 0 36 77 0 37 5 5 0 15 0 31 43 40 0 42 54 0 29 0 29 0 50 0 61 34 0 71 42 0 82 0 20 48 12 0 49 0 62 23 50 0 0 0 0 35 0 0 60 36 0 0 0 0 62 8 16 39 56 78 0 63 13 0 85 59 35 0 0 11 51 46 34 55 35 17 0 0 13 14 0 0 1 0 41 0 0 0 0 0 10 0 0 94 19 37 0 83 0 39 81 0 0 59 0 36 0 57 31 0 56 26 38 0 38 24 0
 6 0 0 0 64 0 0 0 42 0 51 40 68 32 55 0 0 0 15 42 0 62 17 39 0 30 1 0 88 0 0 9 50 0 72 43 0 0 0 0 23 0 48 2 0 0 0 0 0 0 5 0 60 18 0 0 0 45 61 61 30 23 54 11 0 11 0 0 0 52 2 39 27 12 12 0 8 20 0 0 10 17 0 0 0 60 12 0 10 12 38 0 0 57 36 0 0 0 0 75 0 30 0 79 84 0 21 11 0 0 0 87 0 18 0 4 0 0 22 0 69 0 53 76 19 0 88 46 0 0 0 25 0 24 17 46 0 31 0 63 57 78 89 0 13 0 71 68 0 26
 51 17 0 0 76 0 44 91 7 0 0 0 57 29 21 0 15 14 18 39 75 0 57 2 93 17 37 0 0 15 47 5 0 39 0 0 3 0 0 0 0 6 0 0 31 52 0 2 0 0 85 52 0 0 0 59 0 0 55 45 49 0 0 0 0 33 0 61 0 0 0 0 0 0 48 0 0 7 0 64 2 8 0 33 0 1 42 0 0 0 29 28 0 53 49 0 0 0 34 0 0 47 15 53 0 0 56 22 0 95 0 1 33 22 0 0 20 0 72 11 0 0 0 0 0 0 66 0 61 0 0 26 43 14 8 8 14 45 0 77 23 0 0 1 22 0 0 0 0 0
 23 0 56 0 38 29 0 0 7 0 47 0 0 47 4 0 13 10 0 0 1 0 0 72 0 18 0 38 32 0 0 0 77 42 0 0 0 67 32 4 72 0 0 69 22 0 0 0 73 0 59 0 0 83 0 13 0 0 0 0 0 90 0 13 0 27 0 0 1 0 0 0 0 3 10 0 0 0 0 4 0 0 1 14 70 7 63 0 0 0 0 32 0 4 0 0 0 26 9 0 41 0 30 53 0 10 0 41 10 31 32 87 4 22 62 3 52 0 0 0 40 21 7 0 0 10 56 79 32 0 0 31 0 77 93 42 0 0 0 2 56 37 0 0 65 0 0 0 29 0
 68 38 0 0 33 32 23 0 11 46 0 0 0 0 69 56 0 0 0 41 0 0 0 41 43 0 0 0 0 0 0 0 0 19 39 0 0 81 56 66 0 69 11 0 60 0 0 26 16 28 34 51 0 64 55 0 9 0 0 55 35 0 71 29 31 24 0 0 57 0 0 2 53 8 59 0 0 0 0 1 0 0 0 24 0 0 2 22 13 0 30 0 52 0 6 9 32 0 22 48 31 0 12 0 13 0 86 28 0 0 18 3 0 61 8 73 49 91 0 0 0 0 0 0 0 0 0 4 0 7 0 60 25 14 8 22 17 0 0 0 0 62 36 0 0 0 0 0 0 0
 25 0 0 12 0 0 17 51 25 10 12 29 67 13 0 61 0 0 24 6 0 15 32 2 0 0 4 33 0 11 29 0 0 37 52 0 0 19 67 0 0 36 0 0 0 0 96 48 28 0 0 41 70 0 11 0 0 0 0 0 5 0 0 0 0 12 0 0 41 0 0 12 23 14 0 0 84 0 0 24 21 0 38 0 0 0 80 59 0 33 0 0 0 0 9 0 11 35 0 9 0 22 0 0 0 0 0 17 0 0 31 0 65 7 0 0 52 0 9 96 25 0 0 32 46 22 22 0 0 0 0 2 13 11 0 0 12 14 0 0 2 0 3 0 0 0 59 0 0 16
 0 62 6 17 0 31 49 44 0 0 0 31 0 0 39 5 77 17 0 0 0 0 63 0 5 0 22 57 38 0 0 0 0 73 44 0 0 0 57 0 0 0 2 1 0 46 67 0 0 66 0 50 0 0 0 0 0 0 48 0 11 0 30 0 0 24 0 0 0 0 24 0 0 0 0 31 11 0 36 1 27 0 0 51 42 0 0 12 0 0 1 64 0 0 12 0 17 0 0 0 32 32 0 80 0 0 17 0 0 0 10 19 0 29 17 0 70 47 19 81 0 0 0 75 35 62 33 38 39 0 2 16 0 0 61 0 0 20 0 0 0 0 0 0 78 0 20 57 3 0
 0 13 60 41 0 0 10 37 86 0 13 12 0 0 46 64 0 40 58 0 7 24 38 7 9 0 0 49 11 32 24 0 14 5 65 0 0 24 2 71 0 4 0 0 2 40 0 55 0 57 0 85 0 44 36 0 0 0 0 0 0 0 0 65 0 40 6 57 43 0 0 60 0 0 0 46 79 0 0 0 21 19 43 0 29 0 52 0 43 0 0 0 30 89 4 47 0 5 52 1 50 43 43 0 34 0 11 0 57 0 13 34 57 37 0 16 0 50 8 16 51 69 38 29 0 40 17 2 0 0 0 0 0 0 0 0 1 1 0 64 0 3 6 0 3 17 10 0 9 56
 7 0 0 0 8 6 24 5 60 0 22 0 0 87 22 0 24 0 65 12 31 19 38 0 19 12 0 0 9 21 36 44 0 0 0 0 0 0 0 0 0 31 0 0 0 0 63 0 0 52 12 0 0 0 0 4 43 0 76 0 17 0 1 0 83 56 9 36 20 68 3 0 22 64 23 25 38 35 0 32 0 18 0 14 8 65 0 0 0 0 0 0 0 12 13 74 72 0 44 12 17 0 7 36 49 47 17 7 0 28 0 0 0 21 74 28 0 0 0 0 15 0 0 77 47 0 45 0 66 0 0 0 14 0 7 0 20 0 0 56 33 86 0 0 11 0 0 0 0 0
 31 0 17 0 10 62 0 0 0 3 34 0 0 14 0 0 34 88 0 10 19 0 0 25 0 10 14 0 23 0 0 0 0 54 0 0 0 65 0 0 15 70 0 0 0 0 0 0 79 0 79 16 0 63 43 0 0 40 10 30 0 5 0 0 0 0 83 0 86 0 13 33 1 0 0 47 61 0 0 14 48 0 24 0 0 0 0 6 7 0 0 23 9 95 0 0 34 0 0 0 0 0 11 24 71 29 62 33 8 0 46 23 6 14 0 38 26 35 0 0 60 47 66 0 0 0 0 0 27 4 45 45 0 0 27 0 0 8 89 31 60 0 26 65 20 0 0 16 0 0
 53 0 2 67 7 0 17 56 0 0 0 41 0 0 1 24 39 0 0 0 11 0 18 34 0 0 12 44 0 0 0 0 80 63 49 0 12 7 46 0 22 4 35 53 0 0 0 0 25 7 0 47 0 61 10 0 1 44 25 25 0 0 63 71 0 0 18 70 4 0 46 13 38 53 19 0 6 38 0 0 0 44 0 47 41 0 19 17 0 0 49 27 24 49 0 0 0 73 0 32 3 0 0 0 17 7 11 21 33 0 0 14 0 0 58 7 0 28 58 43 88 0 25 0 16 44 0 30 0 10 37 45 12 0 0 0 0 0 0 0 59 0 14 28 73 0 0 0 78 20
 6 15 18 13 15 0 24 0 0 52 24 0 50 70 43 0 15 0 0 46 27 18 0 0 13 43 0 0 12 57 23 56 8 0 28 0 0 10 24 43 11 22 0 40 72 0 0 0 10 0 0 18 28 92 21 2 10 73 0 0 32 18 50 0 35 0 3 10 0 11 78 0 0 16 0 0 0 22 0 4 0 0 37 65 2 0 43 17 20 43 0 43 0 0 0 21 0 0 0 0 43 87 25 2 0 60 4 2 14 45 4 0 0 0 65 0 0 0 63 14 79 55 25 98 27 45 19 0 20 0 0 34 0 0 0 0 0 22 76 0 19 48 0 0 4 79 0 0 42 0
 0 0 9 0 0 0 88 9 9 0 0 0 0 64 22 0 0 0 0 28 0 49 90 17 0 99 0 0 0 35 0 0 0 15 11 0 0 0 36 0 0 0 3 0 0 0 0 0 0 15 61 0 0 76 23 0 30 0 41 27 49 0 0 0 0 33 47 0 3 17 0 11 62 0 11 33 66 11 32 70 0 66 0 0 0 0 0 54 54 0 29 0 61 0 52 0 0 78 0 0 0 0 34 52 0 85 0 27 28 36 0 0 49 0 0 0 38 15 0 41 16 0 22 0 0 3 0 0 88 42 0 22 36 0 0 17 36 76 0 47 44 27 0 0 0 0 61 0 34 62
 38 0 0 0 36 2 24 0 7 25 43 0 0 0 0 0 25 0 5 0 0 95 0 6 43 0 2 0 57 0 0 0 0 0 0 38 32 8 0 0 0 31 0 41 0 0 13 0 0 0 1 55 0 46 40 7 0 2 0 38 0 27 0 0 44 24 37 61 10 33 0 0 59 14 0 0 30 43 0 0 0 0 10 56 70 0 0 31 75 22 20 0 1 0 0 8 0 4 16 0 11 1 35 0 25 38 0 0 8 25 0 0 0 0 0 0 11 70 17 82 14 0 15 8 12 0 40 13 20 0 0 51 0 9 57 19 0 0 0 4 0 18 0 19 0 13 0 16 0 0
 40 0 0 24 37 17 0 0 0 5 11 23 0 17 0 36 0 0 0 29 39 0 13 0 5 8 0 0 0 0 0 0 0 0 0 23 28 0 0 24 0 3 0 44 0 0 0 0 0 75 0 0 68 0 41 1 0 0 37 21 0 32 0 75 15 0 0 0 55 42 0 33 32 0 0 0 3 0 12 0 0 0 2 0 3 63 0 0 0 0 29 0 0 3 10 12 5 16 2 69 0 24 86 0 20 18 12 76 78 0 24 0 9 0 7 0 71 6 0 0 40 19 0 0 0 0 32 0 0 16 0 0 44 57 39 0 0 0 0 0 0 0 0 52 1 0 0 91 51 0
 3 0 48 0 0 0 24 28 26 39 38 0 0 0 0 46 16 18 0 0 45 0 0 27 0 87 0 45 3 0 0 47 0 52 0 37 37 85 26 46 0 0 48 0 18 0 24 0 0 0 4 0 80 12 0 0 0 30 0 76 0 0 45 0 0 18 0 10 0 5 0 10 19 12 0 0 11 40 47 13 0 0 0 2 0 24 0 0 0 46 0 83 0 70 0 0 0 8 0 0 0 81 6 44 69 0 4 0 14 5 0 32 0 59 0 69 46 6 0 32 0 1 0 0 0 68 46 85 0 0 45 0 5 10 0 15 52 0 0 0 0 0 52 0 0 0 21 0 0 0
 2 20 0 77 43 0 6 31 0 19 75 0 0 49 1 0 0 6 21 0 0 44 88 0 12 0 49 0 12 53 45 0 0 11 45 0 0 54 0 0 31 9 0 59 0 39 0 4 34 0 34 40 56 0 0 20 52 0 2 0 0 0 0 0 0 0 35 3 54 27 0 0 0 0 0 14 95 0 13 0 98 10 25 0 0 71 0 0 0 0 0 7 80 55 48 44 76 0 0 66 0 0 0 0 12 3 21 0 0 39 0 0 23 0 0 13 0 0 12 15 0 0 36 0 22 0 0 67 0 19 0 0 0 25 0 63 0 0 63 10 0 0 17 56 0 0 12 2 18 0
 15 0 0 78 0 0 0 7 4 33 0 9 75 0 6 0 0 0 13 21 0 6 14 23 49 0 7 35 0 0 16 40 0 3 0 0 9 0 0 0 0 0 21 50 25 13 0 25 45 3 0 40 5 0 0 33 7 0 30 21 0 40 15 8 8 0 6 0 0 27 0 13 48 0 23 0 63 43 0 13 0 32 13 54 89 0 18 38 37 0 21 22 15 2 0 0 73 10 0 0 0 0 38 40 51 7 47 19 0 0 20 0 0 0 51 24 0 4 0 0 9 0 0 54 13 28 0 7 79 29 0 78 0 13 46 0 0 0 59 27 70 5 14 0 0 0 59 0 0 0
 60 33 0 0 12 0 0 32 0 20 29 0 28 0 36 64 0 0 0 0 53 0 15 0 50 0 0 45 64 37 0 0 41 58 0 72 0 0 27 30 0 0 59 0 0 0 0 67 0 6 29 0 0 0 0 67 60 27 0 0 0 0 0 58 0 0 61 0 0 0 12 43 15 0 17 0 56 5 9 5 77 0 33 8 25 7 0 3 33 0 16 44 24 27 0 0 23 38 66 0 37 0 26 33 0 0 0 0 83 14 9 18 0 88 0 77 3 0 0 0 47 2 0 2 29 0 0 0 73 49 18 0 15 0 9 44 0 31 0 6 0 0 49 20 0 0 0 0 0 0
 40 41 0 0 0 0 45 0 0 9 0 30 0 2 18 0 32 0 0 7 41 0 0 59 11 15 0 47 0 99 0 0 0 0 0 28 0 0 0 90 9 0 67 11 0 3 0 1 0 3 62 21 62 0 38 0 13 0 4 0 0 0 0 3 32 0 0 0 0 43 22 29 43 18 0 7 62 57 0 0 0 2 53 28 0 29 24 0 0 0 45 14 0 7 0 0 0 60 2 5 21 0 44 0 3 0 1 0 14 35 0 50 47 0 0 60 11 4 40 0 17 0 23 9 63 34 9 0 0 0 0 7 77 0 33 0 0 27 23 0 3 18 0 0 70 0 9 0 0 0
 1 41 13 0 22 0 0 0 5 8 0 27 0 24 31 0 20 0 0 48 59 0 18 16 9 48 0 0 20 97 95 0 0 0 32 0 0 77 28 0 68 0 45 35 46 0 0 0 0 18 0 0 8 0 57 18 34 0 25 0 3 0 57 0 0 0 0 0 0 0 0 67 27 0 0 0 0 0 0 0 12 0 0 37 35 31 0 3 66 0 0 0 20 0 0 6 53 13 0 0 21 0 0 0 35 17 0 0 0 0 0 0 0 63 0 6 0 38 0 16 0 28 0 0 74 0 0 0 60 32 0 52 0 10 0 13 0 2 31 0 5 0 42 0 69 8 66 0 0 0
 0 56 53 25 0 61 55 11 7 0 0 0 0 68 51 10 28 19 0 20 25 0 44 50 26 0 37 0 15 58 61 87 52 4 0 39 60 0 0 0 0 0 28 0 40 0 0 35 50 0 0 0 36 0 0 50 0 31 62 14 0 67 0 0 14 34 41 42 70 0 0 0 0 0 48 0 34 0 34 36 53 9 69 26 75 81 0 74 56 27 55 31 47 0 0 0 5 57 0 71 5 56 13 0 0 0 0 0 3 0 2 41 0 0 0 0 25 0 37 41 71 0 44 40 0 25 27 54 0 0 0 16 0 0 0 50 0 32 76 70 40 0 2 3 0 12 0 0 0 0
 0 0 5 0 33 4 0 43 32 28 0 0 11 0 69 45 16 0 10 18 0 0 39 74 50 28 46 36 0 21 19 0 86 13 0 45 0 71 3 42 0 0 0 24 0 23 0 29 11 52 55 0 75 31 34 1 0 0 54 17 28 0 0 49 15 0 5 40 0 0 24 12 21 0 0 0 35 46 0 0 26 0 0 0 42 4 0 0 17 0 0 3 28 0 0 86 0 65 0 80 15 74 27 75 0 0 0 0 0 24 0 0 0 0 0 0 0 19 0 0 0 40 89 54 4 0 0 10 0 0 0 0 0 0 3 15 0 0 0 51 14 0 19 56 0 35 7 0 0 0
 8 0 95 0 0 7 31 39 4 48 64 51 0 0 0 0 0 0 30 0 0 60 0 25 27 0 0 0 0 14 55 0 0 67 0 0 0 0 19 0 29 0 0 0 0 0 0 17 0 0 0 0 0 18 0 0 0 53 41 57 0 8 0 63 0 0 44 0 95 0 0 0 9 0 19 35 30 55 50 0 61 48 0 0 0 7 41 0 13 23 32 0 81 0 58 0 82 39 0 78 19 0 0 0 0 0 4 0 0 0 0 45 28 0 23 42 1 0 0 0 11 0 43 0 0 0 47 0 5 20 2 25 0 45 0 43 78 0 40 0 0 65 0 22 0 0 0 0 0 0
 0 37 0 0 0 31 71 0 15 0 57 0 74 43 0 0 0 0 1 24 0 0 0 69 56 12 0 25 30 0 0 9 71 30 67 0 0 0 0 0 0 67 0 0 50 0 0 32 0 0 0 31 19 17 39 0 0 34 0 0 49 21 33 0 57 0 36 0 0 0 0 0 0 45 16 0 0 0 50 44 40 79 0 59 0 96 21 6 0 0 0 52 0 80 0 28 61 50 0 0 2 0 0 48 2 41 0 0 24 53 0 27 5 0 51 0 7 32 0 62 1 1 88 0 74 33 0 4 0 36 0 0 11 22 80 0 0 13 26 22 36 0 80 0 30 0 69 15 0 0
 0 0 0 0 0 89 0 0 61 0 0 0 72 20 24 28 78 35 67 55 79 59 45 0 0 0 25 60 0 0 45 0 0 71 46 19 0 17 45 32 0 14 0 0 0 21 67 57 0 9 1 68 32 27 0 0 0 48 75 69 0 3 46 20 0 23 0 0 0 2 58 48 0 32 13 65 45 0 53 0 0 0 0 11 80 72 0 53 28 0 85 26 8 0 0 66 0 0 62 0 0 89 0 53 52 56 17 0 0 0 90 0 26 0 20 0 18 49 0 25 0 0 0 62 5 0 0 0 9 0 0 0 10 11 0 41 0 0 0 0 57 7 8 0 0 0 39 42 17 0
 16 0 6 0 0 0 0 0 8 61 0 1 0 2 30 3 54 45 20 25 0 55 40 0 0 0 34 0 67 89 55 0 28 24 23 11 39 11 0 0 0 0 22 0 2 0 0 0 23 0 51 17 44 40 0 1 90 14 0 0 24 66 33 63 0 7 10 54 0 48 0 45 0 0 20 0 0 24 0 0 0 7 68 0 0 0 33 0 0 33 40 28 0 15 0 0 0 8 0 0 0 17 0 0 0 46 19 30 0 42 0 7 0 25 24 68 13 12 0 0 38 17 0 6 0 31 0 49 56 0 0 0 0 0 0 0 0 0 0 0 0 70 16 0 29 58 0 0 27 42
 0 1 0 0 15 57 0 0 21 4 27 3 31 0 0 0 11 0 29 0 0 0 15 0 24 0 0 76 29 4 0 24 0 24 5 0 0 24 85 20 0 0 0 0 23 0 75 86 0 46 0 25 4 76 0 0 40 0 0 68 39 43 0 43 20 0 0 2 0 60 0 2 36 7 4 0 45 25 0 49 44 18 0 0 46 18 12 43 4 0 0 0 0 0 0 0 0 31 0 0 0 11 0 0 0 13 0 54 0 0 0 0 12 0 13 0 1 35 18 0 0 0 61 20 0 64 0 15 19 0 41 46 10 64 72 0 48 0 0 42 0 0 18 0 0 76 33 13 0 7
 0 22 20 0 89 2 40 24 0 2 0 32 66 0 0 0 0 0 26 3 0 0 0 8 37 0 0 17 0 2 0 27 0 0 16 0 11 0 6 0 0 17 0 65 0 35 0 6 18 71 0 43 92 19 0 0 0 0 0 0 0 0 0 7 0 13 6 42 0 0 40 14 0 29 0 0 1 0 59 10 0 47 40 26 13 16 32 0 0 27 0 27 0 12 54 24 65 0 0 0 0 54 28 0 19 51 0 6 15 1 24 35 4 64 0 0 12 0 75 24 0 14 0 0 0 0 0 0 0 0 0 0 0 47 0 58 0 0 39 0 0 28 51 4 0 27 0 22 48 93
 0 0 0 7 53 0 0 0 0 0 0 19 33 0 0 71 8 0 3 25 37 0 26 16 0 0 29 9 0 0 11 12 0 4 37 0 64 0 19 58 0 0 13 47 0 0 0 0 0 18 0 0 38 0 2 0 0 0 0 0 76 0 0 0 17 14 0 0 0 0 7 1 0 15 22 23 22 65 24 76 0 0 0 56 0 0 21 0 47 11 0 0 48 25 38 0 0 0 0 56 0 31 46 0 0 0 45 0 0 78 8 4 0 0 0 0 6 28 4 62 25 63 0 19 43 0 85 0 0 0 32 0 0 0 7 0 3 1 13 24 14 26 0 16 1 0 37 0 34 27
 0 27 0 27 0 0 4 0 48 9 0 0 41 0 18 65 47 57 43 0 0 0 76 21 67 60 0 26 26 0 0 56 5 0 32 4 36 39 15 71 48 19 9 85 9 0 0 8 62 0 47 23 34 0 0 0 52 0 0 46 6 42 0 17 0 0 43 0 11 14 0 0 66 0 0 6 41 14 64 0 45 15 0 0 25 67 0 0 0 40 0 10 4 11 38 80 1 0 12 8 81 0 0 47 33 42 0 0 0 0 0 4 0 66 0 0 41 0 0 0 3 0 0 19 8 10 0 0 60 39 0 0 19 66 9 52 0 37 14 6 0 0 6 9 0 81 0 0 3 17
 0 0 32 16 0 13 24 72 0 0 44 0 0 52 0 0 73 0 0 0 0 0 12 0 0 71 0 10 73 6 50 21 20 41 0 0 20 9 0 27 0 36 12 8 54 0 5 0 55 0 50 0 45 0 0 0 0 0 23 0 46 12 21 4 0 46 0 33 1 25 0 0 0 47 0 46 38 0 0 10 0 40 92 62 0 17 21 0 62 9 0 0 0 0 0 0 0 26 76 0 0 0 0 0 18 52 0 0 0 16 4 0 0 0 0 0 31 3 29 66 0 19 0 22 0 0 27 40 0 0 0 16 0 0 57 50 0 88 0 57 0 1 30 15 0 0 0 0 79 2
 23 0 0 41 0 0 0 0 0 0 0 0 22 8 0 8 0 25 4 24 0 38 0 36 13 0 65 0 0 0 0 0 30 69 62 81 0 3 8 0 0 0 41 13 0 0 0 57 0 28 0 0 81 0 17 0 0 65 59 13 44 57 22 12 67 0 0 0 0 55 0 16 0 17 2 0 0 0 2 39 80 6 28 24 0 41 0 0 32 51 0 19 17 0 0 64 0 0 0 5 0 0 0 68 0 33 34 0 0 0 33 0 42 5 0 0 20 69 0 67 0 0 17 0 56 0 0 70 32 2 92 0 0 0 12 7 0 0 53 12 0 25 0 0 0 17 0 0 4 8
 62 0 0 0 0 7 23 0 62 0 81 0 81 0 37 29 0 28 58 32 0 0 47 0 0 18 0 0 1 0 0 3 0 43 20 45 68 39 0 0 0 0 0 98 0 0 0 0 0 1 0 14 91 10 0 1 0 0 26 43 42 8 0 0 37 0 0 0 0 28 0 0 42 21 0 14 42 29 0 0 3 70 4 50 0 0 1 0 0 56 0 0 0 2 0 16 47 43 36 0 24 0 8 0 0 0 49 31 0 3 10 87 21 5 10 0 13 89 0 6 78 0 0 0 0 3 13 4 29 45 92 33 16 34 63 20 0 2 3 15 0 45 0 0 44 72 0 62 34 18
 67 0 0 0 31 0 0 0 0 10 0 34 0 0 0 48 87 0 36 44 7 0 74 54 12 0 4 0 5 42 0 0 4 51 0 84 0 0 34 46 0 0 17 28 66 0 34 0 14 46 0 0 0 62 48 0 0 0 33 57 27 0 56 0 15 53 0 0 0 51 23 9 42 0 55 82 43 0 71 3 0 35 5 0 27 70 0 3 0 0 0 75 29 3 0 0 30 0 37 0 41 11 4 0 35 27 0 0 55 0 31 0 0 73 0 25 0 0 16 0 27 0 0 35 2 0 56 0 2 81 62 28 0 0 0 0 0 47 0 0 0 17 21 0 50 0 20 26 0 0
 40 0 23 27 0 23 19 0 0 0 0 9 0 33 9 30 0 0 6 24 44 40 12 15 74 46 0 0 66 0 39 15 0 56 15 0 39 9 0 74 7 15 5 35 48 55 21 0 0 0 50 0 24 0 26 17 0 10 0 0 0 9 9 27 0 0 62 0 24 6 22 0 0 4 13 0 0 0 0 12 0 0 9 19 0 0 83 0 0 0 0 0 17 8 0 0 0 7 0 19 2 0 0 4 0 0 0 0 0 9 0 0 0 1 0 0 45 0 25 18 0 0 0 0 0 0 0 0 47 0 15 61 8 1 3 6 39 29 0 0 15 0 0 65 0 0 0 36 4 0
 0 0 12 0 5 3 0 0 0 0 0 83 8 2 2 0 0 12 0 10 35 12 19 0 35 0 58 23 48 59 40 33 64 30 2 0 17 0 37 13 68 0 34 16 0 0 41 7 0 8 49 70 0 0 0 0 52 0 5 75 9 0 12 0 0 16 28 0 32 5 56 18 8 0 0 4 0 0 53 0 0 29 32 0 0 0 0 0 0 0 38 53 47 0 0 70 6 16 86 14 0 62 23 7 0 13 0 1 0 14 0 0 0 29 0 0 68 0 0 0 17 9 15 0 0 27 0 14 0 0 26 37 2 76 20 12 66 0 0 0 0 13 0 75 10 0 27 0 13 0
 0 14 59 0 81 9 45 0 0 0 79 92 0 79 0 0 59 0 9 51 41 38 19 65 17 36 0 0 0 0 60 0 0 0 0 0 6 0 0 44 0 16 0 39 8 1 0 70 0 27 0 23 1 0 0 27 0 0 0 44 0 0 43 0 27 56 0 0 0 0 51 0 0 24 0 29 17 0 0 0 43 39 6 49 0 0 0 0 0 0 0 0 0 0 15 57 12 82 40 8 0 43 0 78 0 0 47 0 27 19 26 0 0 26 8 0 0 8 0 0 3 4 2 30 23 52 59 57 0 46 0 0 0 0 0 16 52 38 0 36 0 0 2 38 35 0 0 10 0 0
 41 0 0 0 14 54 0 0 0 0 0 49 31 0 0 0 49 51 53 0 0 0 49 31 31 80 0 0 14 20 74 0 0 35 57 62 0 16 0 6 0 0 24 48 0 63 0 34 25 0 0 0 47 0 34 0 2 0 12 0 0 0 0 0 0 0 0 0 0 0 0 49 12 0 0 34 39 0 14 28 0 42 53 0 0 58 0 59 3 0 10 36 41 39 50 0 14 0 0 28 20 24 13 31 13 35 18 13 17 0 0 0 0 0 0 13 7 0 0 16 31 0 0 0 0 38 0 25 0 0 0 0 0 14 0 0 0 5 0 0 0 0 16 73 0 31 10 0 5 36
 72 0 25 0 63 0 6 64 0 0 0 30 51 44 0 14 0 0 0 43 0 98 0 18 0 28 69 0 0 0 0 72 0 64 31 0 4 0 0 0 0 5 0 0 0 32 0 0 24 30 15 0 6 20 0 0 21 37 66 13 0 8 3 27 0 55 18 0 5 0 0 27 0 32 0 0 38 0 0 52 77 0 15 14 0 23 73 17 0 0 0 0 38 18 0 11 27 7 82 67 0 12 37 0 0 0 5 24 0 96 8 52 0 4 0 5 6 0 11 58 10 17 0 50 56 0 17 0 0 34 0 0 0 69 0 36 0 0 0 0 0 41 36 0 3 0 4 0 0 0
 0 0 52 16 7 47 0 19 38 0 40 0 0 0 0 44 75 4 0 0 6 73 0 0 25 0 0 36 0 0 26 55 0 29 40 0 0 12 40 56 0 0 10 59 74 0 0 5 80 0 59 0 0 83 0 0 57 66 0 2 73 28 7 47 0 2 0 0 49 42 0 0 0 32 10 35 39 88 0 0 7 1 19 33 0 0 21 50 0 93 0 1 7 0 0 0 27 0 12 19 12 0 4 0 0 56 0 16 83 28 0 0 0 0 0 0 0 0 4 58 0 80 65 10 0 0 13 0 0 0 0 0 0 1 14 32 0 3 64 21 37 19 31 43 0 26 0 0 0 0
 81 0 0 0 0 0 12 0 0 0 0 27 0 13 0 0 0 0 6 0 0 0 16 0 44 43 0 0 65 0 13 2 30 32 0 0 0 0 0 54 0 58 29 0 82 34 0 0 1 20 44 19 0 0 1 79 76 37 0 9 36 0 0 71 0 0 0 68 0 0 15 0 0 0 42 74 36 1 63 63 36 0 0 6 0 47 0 0 31 56 0 9 0 6 57 30 2 2 82 0 39 0 0 39 0 32 0 0 54 0 0 0 15 19 0 0 24 0 34 49 87 0 0 94 41 0 0 29 0 0 0 0 0 0 0 0 24 0 59 9 47 11 38 26 22 27 68 0 62 0
 0 0 56 88 0 17 4 0 0 0 13 0 39 33 51 0 38 21 17 1 54 0 46 28 0 0 0 0 21 0 0 0 0 27 0 0 0 0 0 0 0 0 0 0 38 0 71 0 0 0 34 4 4 0 36 3 0 45 0 0 0 0 44 0 0 0 0 0 25 10 1 31 0 0 0 10 41 0 10 0 0 20 71 0 10 0 78 28 0 0 56 0 18 1 0 0 22 0 0 72 0 42 0 0 0 0 0 0 8 51 0 0 0 0 48 18 11 36 8 44 48 94 34 23 74 14 0 52 0 1 6 0 0 13 35 73 3 14 17 0 0 0 15 62 0 0 20 63 60 0
 27 37 6 10 70 41 0 9 0 8 0 0 40 0 0 35 0 0 24 0 0 0 0 0 26 0 54 40 34 19 69 59 0 0 0 0 0 0 0 24 57 0 73 0 0 54 51 39 18 0 0 11 17 3 64 0 30 29 33 42 3 0 30 36 77 0 7 33 0 0 49 0 0 26 0 33 24 0 0 53 48 65 35 20 70 0 0 0 0 0 87 0 0 0 5 15 50 0 0 56 59 0 0 6 19 95 28 25 66 0 8 13 0 0 0 0 65 0 4 2 23 45 0 86 0 35 0 45 0 0 19 0 42 42 0 26 0 7 44 0 0 22 0 23 0 12 0 0 56 21
 0 21 66 0 0 16 0 83 0 0 54 7 7 2 0 0 35 0 33 0 0 0 0 0 0 31 58 55 0 0 0 50 0 2 0 0 28 28 8 0 17 31 0 17 0 0 49 9 0 4 32 0 0 0 93 3 0 50 69 0 0 0 0 48 8 0 42 0 0 0 27 2 4 55 0 42 13 0 13 0 23 32 32 24 46 0 52 16 0 0 60 31 37 53 0 79 0 0 12 0 53 25 0 0 0 64 0 0 33 10 0 0 53 0 0 0 0 0 0 0 0 8 0 35 0 0 44 0 9 0 0 61 0 29 21 0 0 0 0 0 0 65 9 34 0 0 0 56 0 8
 42 0 62 27 25 10 43 16 0 63 0 35 0 0 38 70 39 25 0 46 12 0 0 0 0 9 0 0 0 0 0 0 0 12 0 53 0 62 13 12 0 19 15 0 1 0 37 0 44 1 14 0 0 7 0 39 0 0 0 9 31 0 0 13 73 90 0 0 0 0 0 0 0 0 0 0 0 14 0 51 6 17 0 0 22 65 0 0 4 26 0 26 0 30 34 0 0 42 0 30 0 0 57 0 64 4 10 76 86 0 1 0 0 0 82 0 20 58 4 17 0 0 0 0 40 0 57 19 0 0 34 21 0 0 0 0 0 12 10 0 0 0 0 58 7 0 0 10 55 0
 5 23 0 17 0 12 85 0 14 51 24 17 19 22 0 45 17 17 0 92 0 0 0 20 52 7 0 0 0 0 0 10 48 12 7 75 0 0 7 30 0 24 36 48 61 63 0 89 0 0 0 0 13 0 40 15 88 71 0 71 0 0 0 0 0 1 12 0 11 14 0 4 0 0 0 31 20 0 0 0 12 49 21 0 3 51 6 89 8 0 12 57 0 18 26 29 48 51 1 14 0 35 16 27 40 84 9 49 40 8 0 21 0 0 26 55 25 57 0 0 0 45 0 52 0 0 0 0 14 0 0 0 21 0 0 25 42 0 12 64 0 0 0 29 0 0 39 0 16 0
 35 48 0 67 0 17 72 32 0 0 0 0 70 33 26 32 34 36 29 0 0 0 21 0 13 0 2 16 0 39 15 0 81 0 0 0 0 22 60 32 2 40 0 39 9 0 26 43 41 0 0 0 0 0 0 61 0 39 0 0 55 73 33 55 36 0 7 13 0 35 42 17 0 0 0 0 34 15 57 87 44 0 41 77 0 27 53 43 0 31 66 0 39 0 0 71 55 31 0 50 0 25 0 0 0 41 0 0 0 30 65 41 0 0 0 0 0 0 3 30 0 0 1 0 12 0 90 0 6 0 4 3 0 0 17 0 0 0 14 17 0 7 10 0 0 3 0 29 40 0
 0 75 6 0 0 92 4 40 0 0 0 0 0 29 21 13 0 46 0 0 0 18 0 30 0 14 0 0 9 0 0 0 0 0 62 0 36 35 18 40 1 0 0 0 0 57 0 20 0 0 48 35 25 0 0 65 16 8 43 0 0 0 0 0 72 17 19 0 0 0 0 0 0 0 0 0 62 0 50 10 0 2 51 0 0 0 0 0 6 7 12 28 0 0 11 7 54 0 0 24 65 0 2 0 0 0 7 0 4 0 0 0 0 0 33 0 0 30 0 26 0 73 0 0 28 0 41 0 68 0 53 61 0 23 0 4 32 43 0 0 0 48 0 0 0 9 23 17 11 0
 42 0 0 6 9 0 0 39 0 0 9 0 0 62 0 6 40 30 69 0 0 86 0 0 0 0 71 0 11 17 92 0 0 0 49 0 45 0 33 32 0 29 0 0 0 71 0 0 35 0 0 0 40 0 12 0 0 14 0 46 18 0 3 41 40 0 0 0 0 0 0 0 0 6 0 31 0 18 0 0 1 0 0 62 17 0 0 0 0 54 0 0 10 0 28 11 22 4 0 75 0 0 0 0 60 8 3 59 23 0 56 13 0 0 12 55 0 9 0 52 0 0 0 0 0 0 0 0 2 48 45 56 0 0 34 22 47 0 22 0 9 0 18 0 2 0 12 54 14 0
 0 68 67 6 44 0 0 17 0 0 0 0 0 2 0 0 0 47 0 6 13 0 0 6 10 46 1 17 41 4 0 32 0 15 0 14 0 0 68 0 0 0 0 0 0 47 0 3 10 6 0 0 3 0 26 0 13 0 54 0 80 0 17 10 0 0 0 0 0 0 58 0 57 0 20 62 0 20 0 5 0 0 0 0 0 0 0 8 0 51 8 0 44 11 0 0 34 14 1 0 4 4 31 26 26 0 15 0 0 21 9 0 41 3 0 9 69 0 33 8 0 26 9 0 0 43 39 21 6 0 3 0 44 0 0 0 0 0 0 33 38 43 65 0 42 27 61 0 9 0
 0 0 0 0 36 52 0 0 0 36 0 0 44 0 31 44 18 8 36 0 27 0 48 0 0 39 33 0 38 15 29 0 68 0 0 0 0 0 87 5 0 0 0 0 18 0 73 37 28 0 0 17 54 3 26 22 32 0 85 35 12 12 54 16 75 0 0 0 6 0 0 0 0 31 0 0 0 0 0 54 0 0 47 0 0 0 0 0 0 9 54 0 0 0 16 3 18 0 16 0 0 29 0 0 0 0 25 19 28 35 0 9 40 34 50 0 20 0 0 0 10 0 73 0 0 48 0 0 0 0 0 0 27 0 73 0 2 36 0 30 36 7 62 0 1 0 5 0 0 69
 0 0 0 28 13 32 52 38 0 38 69 0 17 50 0 41 0 49 0 33 0 0 67 9 61 0 36 0 71 10 0 30 78 6 0 0 0 93 23 12 6 0 0 19 0 0 0 0 49 0 0 11 0 0 7 5 18 0 7 0 0 0 37 0 0 0 10 0 14 45 0 15 6 8 0 5 0 0 0 80 8 0 67 0 0 26 0 82 0 0 4 0 71 0 0 0 10 0 26 0 15 0 44 26 51 17 64 38 0 0 44 0 0 0 0 0 43 15 0 13 0 0 0 7 79 0 0 66 0 0 0 0 0 0 0 32 0 2 35 0 41 0 0 82 1 0 11 0 0 0
 0 12 0 0 78 0 17 40 0 0 0 0 76 0 0 2 46 0 39 7 0 82 65 32 0 78 28 0 0 0 22 68 0 0 14 0 0 0 0 2 0 0 0 23 4 0 32 54 17 0 0 0 63 0 0 0 44 0 69 0 0 0 9 93 10 11 25 74 59 0 82 0 15 31 0 0 41 66 0 25 0 0 67 3 0 0 15 0 65 0 0 39 23 36 0 0 0 0 0 19 20 0 13 0 2 33 0 0 0 0 0 0 0 7 62 25 17 19 31 0 0 0 40 15 0 0 41 0 0 48 0 0 0 0 13 20 0 60 0 33 0 0 71 72 16 14 17 59 0 72
 0 15 0 0 53 0 0 0 0 0 15 86 29 31 0 39 36 19 0 76 37 0 22 0 0 74 28 0 31 0 43 0 0 12 0 7 4 0 14 0 72 6 0 0 0 9 12 0 1 24 39 56 54 0 0 0 23 0 0 0 29 0 19 0 28 0 0 0 4 25 77 32 0 0 83 67 18 36 0 64 48 16 73 83 0 24 65 11 46 61 0 0 0 0 0 28 0 0 31 27 0 61 13 34 34 46 26 0 7 4 0 7 0 0 12 21 60 0 0 20 0 6 20 0 0 26 20 0 54 0 61 68 88 0 0 6 0 0 10 21 0 11 0 31 33 11 0 0 25 0
 0 9 0 23 56 0 21 95 0 0 0 0 0 0 0 0 0 0 0 50 25 34 0 0 0 0 57 56 14 5 5 0 3 1 83 0 0 42 0 0 43 0 4 17 0 9 0 0 60 0 0 4 31 18 18 0 0 6 0 17 43 22 29 0 79 24 0 18 0 0 0 0 50 15 76 27 27 67 11 28 2 0 58 8 0 0 64 33 37 57 0 0 24 45 46 0 5 2 15 7 0 33 50 68 33 0 52 0 0 56 0 0 13 0 0 0 1 0 0 0 74 0 0 39 21 0 0 3 0 0 0 29 0 20 0 15 0 6 0 0 0 79 27 36 0 0 4 84 0 43
 59 0 0 0 75 39 0 0 0 24 0 63 57 43 31 63 95 0 0 0 0 0 0 0 34 84 0 0 0 54 42 0 0 0 0 15 0 69 0 46 0 15 16 10 4 0 0 40 38 0 7 18 60 0 0 16 0 0 0 63 4 4 0 0 19 13 28 43 0 12 0 38 0 1 22 22 0 0 0 9 84 0 45 0 0 0 0 10 3 0 0 6 0 84 15 0 44 45 7 0 0 41 47 0 0 34 18 0 0 15 0 0 0 0 0 41 0 0 0 0 29 0 0 21 0 50 0 6 0 0 47 48 51 18 0 0 0 46 0 0 0 0 28 0 0 0 80 0 78 0
 22 0 26 0 0 12 4 0 0 0 0 70 0 33 38 21 17 0 0 70 0 0 19 0 42 0 0 19 28 59 57 0 0 10 5 13 0 0 0 14 21 0 21 13 62 86 28 1 22 52 79 0 47 0 41 7 71 0 32 18 5 73 15 0 1 0 0 42 0 0 0 0 36 18 0 0 0 16 0 0 63 46 0 0 0 0 0 50 0 0 0 52 0 2 0 16 2 0 0 36 0 0 0 65 1 76 0 0 0 52 0 29 0 50 55 12 24 11 5 22 64 27 0 0 18 4 30 0 18 47 34 0 41 0 0 0 0 0 0 10 9 0 42 0 0 11 39 50 0 0
 0 0 52 0 72 25 44 38 0 0 31 39 35 0 0 0 15 0 0 0 0 52 0 0 0 18 0 1 0 10 4 0 7 0 21 46 62 89 29 65 0 0 72 51 73 0 0 31 80 0 0 26 0 76 49 63 0 16 32 46 0 0 0 0 0 38 39 29 25 30 57 0 0 65 4 10 0 43 0 5 0 2 0 0 0 19 29 5 24 0 0 0 16 11 0 4 0 90 0 0 3 18 31 43 2 14 70 30 0 45 0 0 0 15 18 0 1 0 0 0 0 11 22 0 0 0 29 5 10 10 18 0 10 3 0 0 0 21 0 41 0 4 0 62 25 0 3 0 0 19
 66 49 61 27 0 0 0 7 76 0 0 0 36 24 29 74 77 61 0 39 68 0 0 0 0 0 0 0 6 0 19 68 2 38 31 0 0 0 27 41 0 0 0 0 0 0 0 44 9 23 0 48 0 2 0 19 0 0 7 23 24 6 0 36 0 9 0 65 0 12 0 41 0 59 20 0 1 0 71 0 0 0 13 2 50 56 38 63 0 0 0 35 54 49 16 0 0 0 0 0 0 33 3 0 22 0 17 28 88 88 4 0 0 74 0 0 5 0 12 26 45 0 90 4 16 8 0 0 44 0 34 43 0 70 71 0 38 24 43 62 46 0 0 28 0 0 54 15 45 12
 12 46 39 0 58 0 0 41 0 0 17 0 34 13 39 25 0 15 0 0 0 0 52 41 17 64 8 38 0 0 46 24 0 22 12 0 57 33 0 0 82 64 47 32 0 0 0 0 11 51 61 0 0 0 0 0 11 0 0 5 0 19 25 0 0 64 21 88 0 86 81 0 0 32 0 0 0 0 18 4 18 51 90 75 50 0 0 0 3 2 36 41 0 18 0 8 0 0 0 0 0 0 8 0 0 15 41 41 0 7 38 0 44 79 29 0 0 8 0 55 50 0 76 0 0 0 0 0 78 44 12 39 0 27 0 10 53 20 0 0 7 0 0 70 0 49 66 0 0 0
 0 0 53 61 0 18 6 0 0 0 0 0 23 6 0 0 67 0 42 0 0 72 0 63 0 0 3 0 0 0 0 26 0 60 38 0 0 0 0 0 25 75 0 81 0 34 0 31 0 0 45 26 0 12 0 7 0 0 22 35 47 36 0 22 0 40 0 21 34 0 34 69 0 0 0 59 5 0 11 35 0 8 66 0 28 4 51 0 72 37 14 0 10 39 71 0 20 0 0 0 29 21 70 6 0 57 3 0 0 63 0 26 0 0 0 0 0 0 0 0 0 0 0 0 0 15 0 41 17 27 0 22 0 0 0 0 74 3 6 0 52 0 0 11 0 0 0 72 46 6
 0 0 60 55 88 41 52 5 0 30 0 0 54 39 0 0 3 3 0 0 0 7 0 0 0 0 96 0 0 0 0 27 0 0 0 74 60 0 47 78 0 66 75 0 0 57 0 42 0 12 26 30 28 76 0 22 24 84 69 23 0 18 0 0 43 0 53 0 46 4 0 2 55 0 41 0 0 0 0 21 2 10 20 0 73 0 0 9 0 0 0 6 0 73 29 0 0 0 0 0 0 24 50 2 88 0 0 86 69 0 69 6 0 19 0 3 0 45 35 17 14 0 0 94 0 14 7 4 0 0 0 0 0 0 0 0 2 0 0 0 55 0 0 4 69 25 0 62 42 0
 28 0 36 0 0 0 29 23 70 0 0 0 54 0 0 0 36 4 0 6 0 0 26 0 10 0 0 44 2 0 14 55 45 61 0 0 30 0 0 0 92 0 0 0 4 0 64 0 42 0 0 14 29 0 0 38 12 34 52 0 7 0 0 0 35 0 0 0 0 0 0 5 23 68 40 0 0 0 0 54 11 0 4 4 0 0 0 100 0 5 0 0 0 0 47 0 0 0 1 0 35 9 24 0 0 0 0 35 67 50 46 75 39 4 0 0 7 22 0 30 45 0 0 0 27 32 24 52 0 0 0 0 38 0 57 31 10 0 19 44 0 0 0 0 0 43 0 30 12 11
 0 0 0 57 2 0 5 0 0 0 39 0 0 0 0 7 22 57 0 34 0 23 0 32 82 47 17 0 0 13 77 0 10 0 0 0 0 0 18 0 25 16 0 29 0 0 90 2 2 41 0 0 32 13 8 18 11 61 7 41 0 23 51 33 0 0 0 12 0 0 9 29 0 0 71 0 6 70 5 49 0 0 0 0 0 6 0 60 4 0 0 19 0 0 34 0 0 0 0 0 16 17 25 5 83 0 1 35 0 0 0 0 0 2 17 0 0 0 35 0 23 0 0 0 10 0 0 31 0 70 0 0 18 53 0 24 9 19 0 9 12 44 0 0 34 51 23 4 0 55
 0 0 4 44 0 0 0 0 22 0 9 7 51 54 25 25 0 0 0 0 30 16 0 23 95 6 0 27 34 0 18 4 48 0 18 0 30 17 26 0 0 0 3 0 0 17 0 0 0 45 0 0 0 0 0 43 0 21 56 0 0 32 0 48 0 0 0 28 0 29 26 0 34 21 86 8 0 44 0 58 0 57 68 0 43 0 0 12 36 63 0 0 12 43 0 0 0 0 49 86 0 0 0 22 0 43 0 8 0 0 0 0 0 0 90 0 0 24 0 2 0 0 19 12 0 6 37 0 18 53 0 28 0 26 74 49 0 0 0 0 0 29 73 23 64 0 0 0 42 31
 40 0 0 34 45 50 71 0 20 5 17 0 50 33 10 0 0 0 0 0 0 23 0 0 0 0 0 0 0 0 40 0 0 0 20 0 18 0 0 0 0 0 15 0 0 41 50 0 0 0 0 0 0 0 0 7 0 0 0 29 42 69 0 0 0 0 46 33 92 0 91 0 26 27 0 40 97 0 10 0 0 63 0 0 32 0 18 0 0 0 24 0 0 0 22 0 25 57 10 0 0 68 1 0 48 0 51 58 32 0 24 26 13 0 50 4 0 5 13 0 17 51 3 0 0 26 8 0 41 85 0 22 11 33 6 20 5 0 53 49 0 74 15 26 64 0 0 0 42 85
 0 0 16 0 37 45 12 0 0 85 28 0 0 37 80 66 52 9 0 36 0 0 0 0 2 0 57 0 0 0 3 72 0 0 68 62 0 0 50 0 0 10 19 0 15 42 4 11 1 54 0 0 43 5 29 0 8 0 46 0 0 6 40 0 0 0 5 0 0 48 34 26 56 1 0 0 34 94 3 11 0 0 1 97 27 0 0 0 0 0 33 56 0 13 0 0 0 65 8 0 0 38 51 46 2 0 16 40 0 68 0 53 30 0 0 59 62 6 0 0 0 44 18 0 0 0 0 7 12 0 1 96 63 0 0 0 0 0 35 14 0 0 36 0 34 51 0 0 0 12
 42 0 18 0 0 0 14 0 0 0 0 56 6 50 18 59 0 40 2 10 28 40 0 11 0 0 0 19 0 89 30 0 3 0 0 0 16 29 0 0 0 81 0 21 0 12 0 46 0 31 26 0 0 17 0 13 32 0 0 32 11 10 41 41 66 0 0 67 18 0 0 0 49 79 0 24 0 0 86 0 6 0 71 44 0 0 0 0 10 46 26 0 0 79 0 10 0 0 0 80 0 0 0 13 19 13 0 46 0 0 0 0 50 0 3 0 0 36 0 3 0 11 0 41 8 0 0 68 0 14 0 19 67 0 2 0 47 0 0 15 0 0 34 43 0 20 0 0 0 0
 1 0 0 0 57 3 39 0 8 0 22 11 0 0 0 0 0 43 0 0 9 0 0 32 3 0 60 0 0 0 24 0 31 12 0 11 1 0 0 0 22 0 0 11 0 0 37 74 0 0 10 0 26 0 57 0 33 0 0 3 0 0 0 0 0 0 0 42 0 15 0 0 0 0 0 0 51 0 35 10 32 8 4 0 0 0 6 0 28 40 0 0 60 32 41 0 6 0 0 0 0 33 0 42 0 0 24 0 22 36 41 15 22 0 22 91 78 54 0 10 40 29 76 0 0 64 82 38 0 66 5 45 0 52 19 16 0 0 0 24 0 0 0 0 0 36 0 0 33 0
 0 54 38 0 0 2 0 18 13 14 14 0 0 4 11 0 0 0 5 0 1 6 17 43 7 54 0 55 0 9 0 0 0 0 0 17 3 0 78 17 0 1 0 0 21 50 86 0 0 0 0 0 79 0 0 0 0 0 15 0 31 48 0 29 0 0 0 0 2 23 0 31 0 0 2 74 27 4 0 0 22 0 0 4 51 0 0 0 39 0 50 8 43 56 2 0 0 39 21 0 31 0 0 51 42 74 24 0 0 0 0 69 0 0 0 40 0 42 0 35 12 63 78 1 63 72 9 0 48 50 0 90 0 37 15 42 0 0 0 0 0 35 0 21 54 0 0 0 42 29
 0 0 32 1 0 0 0 0 82 27 0 0 0 46 75 13 38 0 0 22 0 74 0 56 29 24 0 0 39 0 21 0 77 0 0 25 0 0 0 37 0 0 0 0 0 12 0 0 0 7 0 42 0 0 0 0 0 13 0 0 26 45 22 0 0 21 2 0 0 13 0 0 0 20 0 0 0 29 43 0 41 13 36 0 40 50 14 0 12 0 49 0 0 4 0 21 0 45 0 0 0 0 1 17 54 69 8 0 0 12 0 53 0 0 0 0 5 0 31 26 63 46 0 0 6 0 0 45 0 12 25 0 1 0 7 0 90 0 0 8 76 0 16 0 0 0 0 0 0 0
 59 0 15 0 5 0 0 0 31 25 0 10 0 0 3 0 61 0 76 0 8 0 11 0 0 40 0 0 0 0 37 0 42 52 0 48 0 2 0 48 7 0 0 0 0 0 0 0 0 0 0 21 0 0 0 1 0 0 0 22 31 0 0 0 0 0 0 36 56 0 0 0 0 0 36 0 71 0 0 0 43 0 3 0 20 24 0 0 0 0 0 0 0 12 53 0 15 0 0 41 5 43 0 0 38 0 0 44 4 68 19 0 40 35 1 0 0 0 9 0 37 18 0 76 0 58 39 0 0 76 0 0 5 0 96 0 0 0 6 0 0 13 0 0 25 0 10 18 0 0
 33 0 0 0 0 51 0 92 0 0 49 12 0 0 0 36 0 89 0 49 0 0 29 0 92 0 36 0 0 0 0 0 28 27 0 0 36 24 0 0 43 0 0 0 34 0 98 0 30 0 0 0 11 0 0 20 21 0 11 0 42 2 74 0 0 0 3 19 14 0 0 63 1 0 10 48 57 0 0 41 0 54 21 31 45 0 0 2 0 0 0 0 50 14 0 0 58 23 19 0 17 24 44 16 58 24 0 7 6 0 48 0 38 61 57 0 0 48 0 8 0 0 31 0 0 3 0 0 0 0 0 0 0 16 0 13 0 0 33 30 56 0 0 0 76 0 4 81 33 0
 0 0 0 0 0 0 26 0 50 56 61 74 2 0 72 68 0 0 0 3 0 0 26 0 0 43 32 0 0 39 0 0 0 83 61 0 20 0 0 72 0 23 29 0 0 54 4 69 56 73 22 68 0 0 0 0 0 46 2 0 11 37 47 2 49 35 80 6 12 0 0 0 0 10 29 0 0 0 0 20 0 0 0 0 15 15 0 0 0 0 4 19 0 0 0 0 0 4 22 21 0 57 58 0 0 33 0 0 0 0 0 0 0 0 0 35 0 4 0 0 0 77 37 0 0 0 0 0 19 14 0 0 0 0 0 0 0 64 34 0 20 0 0 0 74 72 30 16 0 7
 73 0 0 0 0 0 12 66 29 28 7 0 0 0 7 17 52 8 0 29 43 8 57 32 0 0 0 15 0 0 0 0 0 0 0 0 46 0 0 58 0 0 0 28 0 30 1 8 0 0 47 0 28 28 37 0 0 0 45 0 56 30 0 27 0 3 77 10 0 0 4 0 27 36 0 52 25 18 9 9 63 0 0 0 0 14 0 0 0 0 53 71 50 6 0 1 0 0 0 0 26 66 0 10 18 24 0 0 30 49 0 0 25 0 0 19 0 0 22 78 9 14 0 0 0 3 0 32 12 2 55 0 72 0 0 9 10 21 16 1 0 70 0 3 31 0 0 0 0 0
 11 0 0 7 0 9 0 24 0 0 11 0 0 0 0 0 10 0 13 20 0 0 80 16 51 65 6 0 64 0 29 8 54 0 0 15 0 0 0 0 55 0 57 0 7 0 49 49 4 0 0 1 0 77 0 17 0 0 19 34 72 13 23 0 0 0 17 8 0 0 8 0 52 10 39 0 0 31 9 0 5 0 9 15 5 20 17 0 0 43 9 0 0 4 73 30 17 74 20 92 0 63 0 0 40 14 42 97 51 0 38 31 80 8 0 0 0 0 50 24 23 58 76 2 34 0 29 52 0 0 41 0 0 0 33 0 24 0 8 28 0 7 38 0 41 0 17 12 20 0
 0 15 15 0 0 0 0 0 24 12 0 33 20 29 0 0 0 29 56 0 0 0 0 0 59 10 36 0 0 36 0 0 43 14 0 0 2 0 30 2 36 61 49 23 0 42 23 83 0 0 0 1 0 36 0 22 0 0 18 41 0 45 0 17 0 0 0 0 0 0 11 29 0 0 0 0 12 28 24 26 56 6 4 0 41 20 27 35 21 0 60 22 0 4 74 0 8 20 0 61 46 55 25 11 0 0 7 34 87 0 0 80 0 2 72 42 1 0 0 0 6 0 48 17 0 74 72 0 9 53 26 5 0 0 0 78 58 0 44 0 0 38 0 0 39 0 0 14 0 0
 0 71 69 22 0 0 29 0 8 0 0 0 15 12 0 7 24 0 8 0 10 0 0 0 43 71 4 0 0 55 0 0 0 0 24 0 42 0 79 0 5 0 0 84 65 28 26 60 0 91 49 0 14 20 12 0 0 49 0 67 22 55 31 0 0 0 0 44 0 50 0 0 0 0 0 0 17 30 0 0 0 0 25 20 41 92 26 0 62 52 0 54 0 17 20 82 0 0 34 0 0 0 26 4 0 0 0 59 52 0 12 0 0 0 0 40 0 35 0 0 0 12 40 23 4 0 2 70 0 0 0 9 0 6 37 33 8 25 81 0 0 0 0 69 67 0 0 0 0 24
 57 0 0 0 22 0 9 0 0 0 0 0 8 27 4 0 7 28 18 40 37 0 53 0 24 0 92 11 4 36 21 0 13 0 41 92 0 38 0 0 0 0 0 0 47 45 34 34 8 24 0 0 18 38 69 0 1 0 0 0 0 0 9 31 0 0 20 70 50 0 0 0 42 0 51 0 34 13 0 0 70 64 2 6 53 55 0 25 0 44 0 14 0 39 0 0 0 0 6 54 0 53 8 23 23 0 0 0 0 0 0 17 0 0 0 5 0 72 0 0 24 8 31 0 0 0 0 0 0 0 0 0 0 0 0 0 0 47 6 0 0 0 0 5 0 0 39 63 17 0
 0 0 11 0 0 0 36 25 20 27 0 0 0 87 0 65 0 51 8 9 0 19 0 0 0 58 31 0 0 0 28 0 36 0 15 0 0 20 17 7 19 11 39 19 14 9 0 4 0 28 22 42 0 0 0 67 0 0 0 9 0 0 0 5 27 14 36 37 51 21 0 0 45 3 12 15 0 0 0 12 0 0 10 3 0 0 0 0 19 60 32 0 4 73 26 38 42 3 22 0 0 0 1 0 31 23 82 12 90 0 0 0 0 43 0 0 28 21 0 0 0 26 47 55 13 0 20 0 0 22 56 12 82 0 16 0 62 0 40 18 0 42 0 0 0 10 3 0 0 0
 0 35 10 0 33 87 36 94 26 0 0 25 0 0 31 9 0 2 21 0 0 0 22 3 47 0 0 0 0 0 43 0 0 11 0 0 0 5 0 91 0 80 0 44 0 44 0 76 0 82 0 0 20 97 0 0 0 47 0 23 77 16 4 0 57 35 0 0 13 0 0 53 0 9 0 14 40 0 33 8 0 50 15 1 0 0 52 0 0 0 76 79 1 1 30 0 67 0 0 0 51 0 32 1 20 55 41 6 0 0 33 0 0 57 0 0 0 41 30 0 17 0 0 72 0 16 0 0 55 7 17 44 0 0 44 0 33 40 0 47 35 0 0 67 19 0 2 0 95 0
 0 0 0 4 25 42 52 28 0 21 0 44 18 46 0 93 63 0 68 0 0 5 0 0 23 50 0 0 0 26 0 0 0 0 28 0 8 22 31 0 0 49 0 0 0 0 0 25 0 0 0 60 0 22 0 10 54 0 1 0 0 30 0 0 69 0 15 1 0 0 55 0 56 54 19 0 3 65 67 0 0 29 16 0 22 0 82 68 1 79 0 0 33 0 0 0 52 0 0 21 35 0 50 55 0 0 13 0 18 50 34 38 0 12 58 61 19 0 45 38 0 28 0 1 11 0 20 21 0 38 0 0 0 0 0 0 57 62 0 21 0 23 0 0 0 65 3 0 0 0
 10 0 43 74 8 0 20 0 9 0 2 0 0 0 4 84 58 0 0 0 0 7 6 29 0 0 0 0 0 0 2 84 39 30 0 10 0 12 0 0 0 27 86 0 0 0 73 50 0 0 40 0 0 5 0 0 0 70 22 6 0 34 41 0 29 0 0 0 0 0 0 0 0 28 57 0 31 0 0 0 0 0 0 0 11 0 0 0 0 0 0 0 52 54 33 0 5 0 0 0 0 0 0 56 37 0 86 0 0 0 32 0 0 11 0 17 49 62 2 12 6 8 16 0 17 0 0 41 31 0 0 31 96 25 30 81 14 80 34 25 0 0 0 57 42 61 0 0 0 0
 5 0 0 9 24 19 0 0 0 80 0 0 0 41 0 0 0 0 0 17 39 39 0 26 0 86 0 4 16 68 26 11 24 0 85 4 1 56 0 0 0 47 7 7 0 29 29 0 0 2 63 0 27 0 21 0 0 45 0 0 26 0 6 59 38 0 0 26 41 0 53 0 0 0 0 67 0 11 18 0 0 58 0 44 58 51 0 0 0 37 0 0 19 0 47 0 2 13 24 0 14 53 0 22 0 81 45 0 0 22 71 0 72 6 86 0 0 26 0 17 0 0 14 0 7 18 18 1 26 53 19 0 0 0 0 0 0 0 0 0 0 0 42 21 13 9 94 0 28 0
 1 29 1 60 31 0 0 38 0 42 0 8 54 28 0 45 5 0 0 22 9 0 20 0 0 67 0 4 5 43 0 46 0 30 0 0 53 10 0 14 0 28 0 0 7 38 0 0 52 0 45 0 31 0 0 16 0 0 0 0 36 0 20 94 0 23 48 0 0 9 0 65 47 33 27 42 29 13 0 44 55 0 4 84 71 0 0 62 0 29 0 28 5 35 13 69 0 0 0 0 40 16 0 0 0 8 0 0 43 0 2 90 0 39 41 0 75 0 0 99 0 0 0 51 94 15 0 0 0 6 0 48 68 65 0 51 46 53 0 63 12 34 0 57 0 0 6 0 0 0
 0 63 0 66 0 0 0 0 18 0 18 35 54 66 0 0 0 71 0 0 18 36 26 55 0 15 0 0 0 25 0 0 62 0 0 19 44 84 0 20 0 75 88 0 0 77 0 0 0 0 0 0 0 0 0 15 0 0 0 0 0 0 0 15 51 0 0 0 4 29 33 0 46 6 8 0 0 44 78 0 30 30 0 0 14 19 0 0 48 26 0 0 0 0 0 59 99 0 1 49 0 0 0 66 48 0 53 11 8 0 54 0 0 35 0 0 0 44 0 7 3 0 23 53 26 3 11 0 0 0 66 0 0 3 0 0 8 71 26 0 57 63 25 0 0 44 44 0 32 0
 32 0 0 40 41 0 0 0 0 0 0 64 26 0 9 0 38 0 50 20 0 74 0 0 0 0 22 0 0 0 0 0 0 0 0 62 0 0 27 48 58 0 44 0 48 0 0 0 15 0 0 0 21 6 2 0 0 0 25 0 0 21 75 3 30 0 0 7 0 48 30 48 45 15 47 4 0 0 45 37 0 0 55 0 0 18 0 0 49 38 0 37 1 10 0 15 4 40 0 6 36 0 73 1 0 50 0 0 4 6 0 18 0 0 15 0 34 0 0 13 78 0 0 0 0 0 54 0 12 0 0 58 35 0 23 0 8 0 0 0 38 0 0 16 45 42 0 0 62 0
 0 0 2 16 0 0 5 14 0 0 0 78 0 0 0 21 8 0 0 33 23 37 28 0 0 33 53 52 0 0 57 48 33 54 2 0 49 51 20 84 0 0 41 0 0 19 0 0 25 0 0 0 11 6 0 15 0 40 56 25 0 0 0 40 0 0 0 29 13 75 51 32 39 0 52 0 0 0 0 11 0 7 43 0 0 12 0 7 0 0 0 73 38 60 0 5 0 17 2 0 0 0 20 0 0 0 55 0 18 0 0 13 37 0 85 0 22 46 0 2 0 0 0 36 64 0 6 0 0 6 0 0 0 0 21 78 0 0 35 5 24 81 2 0 13 30 0 0 59 0
 0 0 13 0 41 0 27 18 79 22 0 0 37 5 0 0 24 0 0 37 0 61 26 38 0 7 0 4 16 0 30 0 0 0 35 34 2 78 26 0 0 64 0 4 88 0 0 0 0 0 0 58 0 0 40 0 0 0 0 0 11 40 11 0 0 0 54 0 81 1 0 59 13 54 68 0 34 85 0 56 37 1 0 22 0 67 0 0 31 0 15 43 0 22 1 49 0 0 24 89 53 56 33 49 14 25 12 8 0 86 16 0 2 0 1 0 3 16 39 12 42 52 13 18 0 0 0 0 51 48 33 16 19 0 0 0 12 80 0 0 0 0 0 0 15 0 0 0 0 0
 0 0 79 0 0 18 14 3 13 0 67 32 24 0 0 6 0 0 0 25 0 0 6 0 31 32 76 52 0 0 0 0 0 0 0 45 53 69 47 18 0 65 2 0 0 0 20 57 0 38 0 0 35 0 0 28 29 4 0 41 0 82 0 0 24 67 38 56 0 73 38 0 45 0 0 15 2 36 69 52 0 10 0 0 9 0 59 0 70 7 2 0 0 15 0 0 26 0 41 0 35 0 6 0 58 40 0 3 0 0 0 17 0 0 0 0 0 0 0 0 0 77 0 0 71 0 8 45 17 17 0 19 22 6 17 73 0 87 0 34 16 0 57 0 0 0 0 0 78 0
 31 59 55 0 0 10 33 0 0 0 61 0 0 4 11 0 0 0 13 2 17 0 42 0 0 0 8 37 56 14 33 0 0 12 2 0 0 0 0 0 48 10 7 34 0 73 0 0 0 0 49 91 0 64 0 28 0 0 46 32 0 0 81 17 0 0 0 16 0 0 7 0 0 0 0 45 0 0 34 0 31 58 0 0 0 0 0 0 59 0 62 26 7 3 0 0 55 5 41 0 0 83 36 33 35 0 19 63 0 0 0 84 0 0 20 15 7 0 56 0 0 26 0 0 5 0 0 0 0 0 29 0 0 65 0 0 36 10 0 12 48 34 63 53 0 0 23 0 0 0
 38 0 0 44 48 68 0 0 18 65 0 6 0 0 0 30 51 0 0 0 0 0 0 0 0 0 70 0 0 0 14 0 0 31 38 69 13 28 0 0 51 0 58 0 0 29 0 75 0 0 0 17 2 30 11 0 0 41 0 66 0 78 0 0 0 0 0 56 0 0 0 0 0 0 0 9 0 0 15 28 17 0 14 0 0 6 61 0 0 0 0 0 0 9 33 49 0 0 0 0 0 0 83 9 0 0 0 0 72 0 24 0 0 0 0 84 32 15 0 0 32 79 0 52 21 45 19 0 0 38 49 58 30 0 0 33 56 0 29 4 0 0 0 0 0 0 0 0 6 0
 0 9 39 0 35 43 32 0 1 0 0 0 0 0 40 16 0 54 0 0 1 0 0 26 16 0 50 0 0 28 17 74 0 77 0 0 7 62 10 24 0 44 0 1 3 0 0 0 0 49 50 0 81 0 9 36 0 16 28 60 0 53 0 37 0 0 23 0 0 61 27 0 0 60 0 0 95 0 0 0 0 0 25 0 33 0 81 0 0 0 29 0 0 0 0 31 0 0 32 0 5 0 0 42 65 0 0 23 0 0 0 0 0 35 0 0 60 0 83 61 63 36 20 0 0 0 0 34 0 0 0 0 0 0 1 0 44 16 30 0 0 25 0 0 53 25 0 0 0 0
 0 0 31 53 13 51 62 0 20 39 0 0 64 43 0 33 5 0 0 0 0 11 27 0 0 0 0 0 79 0 0 32 4 73 0 0 7 54 0 10 0 0 18 52 0 75 4 7 0 35 41 65 46 0 41 0 0 11 5 0 0 43 0 0 0 0 9 0 0 0 6 29 0 30 0 13 0 0 0 73 0 0 0 0 11 0 0 20 4 0 0 0 47 0 20 3 0 6 20 0 0 0 58 0 61 0 45 54 0 0 1 0 87 41 3 52 0 22 34 31 0 0 82 0 0 9 0 0 0 52 0 18 21 0 0 26 6 0 43 0 20 10 60 0 15 0 0 22 0 13
 26 67 19 0 9 0 26 4 46 86 0 6 17 0 52 45 51 35 0 0 0 0 0 0 0 0 0 0 20 20 0 32 2 16 0 0 0 0 0 5 0 0 0 48 0 84 0 23 0 5 0 0 31 0 0 0 0 0 17 0 12 28 0 0 0 10 0 0 0 19 0 0 61 16 28 0 34 29 0 7 0 0 27 0 0 0 0 45 81 10 0 0 26 24 0 0 39 0 34 0 0 9 24 27 68 60 0 30 40 0 1 8 0 0 10 0 6 6 63 8 38 0 0 0 21 0 39 0 29 0 22 0 32 0 0 48 33 52 11 0 48 8 0 12 82 22 0 0 36 0
 1 31 0 0 0 1 0 0 0 0 0 0 0 46 0 30 0 0 0 0 0 0 17 29 0 0 0 0 45 0 47 8 72 0 3 0 0 22 18 0 30 12 0 0 5 39 51 0 0 0 49 55 53 0 48 0 0 16 0 0 0 0 0 14 0 0 0 48 0 0 0 0 73 9 0 11 0 0 42 0 0 0 47 57 1 29 0 0 90 48 0 0 0 0 0 12 0 1 0 0 18 0 47 25 0 25 100 0 0 0 10 52 0 0 0 52 0 53 26 14 83 5 0 0 14 0 0 0 0 10 0 27 0 41 19 0 11 0 42 0 69 15 28 0 0 29 5 0 52 0
 45 9 21 0 0 0 20 20 0 30 0 0 0 0 0 0 15 80 0 0 0 0 0 4 0 15 36 0 23 26 38 54 4 66 12 81 0 0 0 28 15 46 85 0 43 65 0 9 0 0 0 17 34 0 28 0 0 6 17 0 32 0 0 22 38 75 0 81 0 0 0 30 0 0 0 0 0 0 0 84 57 19 0 0 43 12 0 0 0 20 0 0 56 47 3 70 0 3 23 0 0 0 7 0 0 0 35 65 0 37 15 17 0 3 0 0 0 0 25 0 0 64 0 25 80 29 42 24 72 0 0 0 71 16 33 0 0 0 0 0 0 58 0 38 4 9 0 0 19 28
 0 0 49 0 30 63 66 0 9 0 0 3 18 0 10 70 6 0 5 0 0 0 0 0 0 0 0 6 0 0 28 0 49 15 0 76 19 82 0 35 45 37 67 66 0 51 7 0 0 22 0 0 0 0 0 0 0 20 0 0 15 0 18 29 0 13 23 36 51 0 20 25 0 0 71 42 0 2 31 0 36 64 0 0 51 0 0 0 0 11 0 67 0 22 55 0 0 0 0 25 47 9 0 22 64 0 38 68 91 0 86 34 80 34 50 42 0 42 0 0 0 0 0 5 0 14 4 33 0 42 55 0 0 0 0 70 13 0 44 0 30 51 0 99 0 8 26 69 0 25
 34 26 0 0 57 72 0 0 9 4 37 35 0 0 31 32 22 34 0 33 53 0 0 0 20 0 0 3 0 0 53 55 0 2 0 10 0 42 0 0 23 0 32 0 10 0 0 0 44 0 0 89 0 7 0 48 0 0 51 54 0 0 30 64 0 0 0 0 0 0 0 0 79 0 34 1 38 0 31 0 16 0 0 72 53 0 16 23 4 76 18 55 0 56 0 58 16 0 4 0 37 35 59 37 38 17 0 0 48 77 15 0 13 17 0 0 0 14 0 0 15 0 0 0 0 0 27 0 92 51 0 30 0 0 0 22 0 0 0 7 43 0 0 0 0 0 0 11 52 0
 0 0 1 49 0 0 43 6 0 13 47 62 16 0 0 0 0 0 42 0 24 0 32 22 0 18 12 0 0 50 24 0 17 15 0 0 77 46 0 0 9 0 0 0 0 66 53 0 20 0 14 31 15 0 25 0 0 0 16 0 0 30 0 3 11 87 26 61 24 0 0 11 0 0 83 13 0 59 14 0 8 44 0 0 30 20 0 18 0 27 26 0 0 0 0 0 0 50 34 0 71 3 0 7 0 0 0 0 0 0 99 0 14 96 3 76 0 6 0 0 0 0 0 16 68 0 0 1 0 78 73 42 0 2 40 0 2 0 0 0 11 15 0 0 0 45 0 20 0 0
 74 6 34 42 0 0 0 7 0 48 0 0 0 0 0 11 0 0 69 0 0 50 43 56 22 0 26 15 0 0 89 0 18 0 0 12 0 16 0 0 0 5 3 0 47 54 13 1 66 0 19 42 20 0 19 14 0 0 75 0 69 0 18 30 0 37 1 0 33 11 38 0 0 0 46 3 0 0 63 0 0 0 21 47 10 44 0 0 0 0 9 31 0 5 80 0 65 0 0 16 0 0 57 78 48 0 0 0 0 44 24 79 55 2 31 9 44 0 0 17 0 40 5 0 53 15 26 10 25 21 0 0 18 8 34 0 42 67 50 0 18 3 0 31 0 27 0 48 0 0
 0 0 85 27 5 0 60 0 22 59 0 31 0 0 7 0 6 0 66 0 66 12 0 44 0 38 0 16 54 0 80 87 18 0 0 0 71 0 0 68 33 24 0 0 3 97 6 39 37 13 6 0 29 76 0 19 58 76 21 37 0 0 30 25 3 0 47 39 80 63 0 63 89 0 69 32 0 0 0 0 77 20 0 0 4 0 0 61 28 31 50 17 14 40 0 50 7 76 0 0 11 83 44 51 0 72 28 89 0 0 0 0 68 0 0 10 0 7 0 14 0 14 23 43 5 0 0 53 37 0 0 55 0 38 0 0 54 0 0 0 0 82 0 3 0 0 43 31 0 0
 5 39 10 17 55 0 0 0 43 0 64 0 0 0 0 0 0 0 0 0 58 54 72 20 28 0 29 92 0 16 0 23 33 46 11 52 0 18 0 74 0 14 0 0 0 0 0 0 49 0 13 0 47 20 64 19 25 37 73 47 0 0 13 0 11 38 30 0 0 0 0 33 0 0 0 10 28 53 4 80 68 1 0 0 0 89 0 0 17 2 0 0 0 0 0 0 0 57 1 46 58 41 35 0 0 8 0 0 0 0 0 0 55 8 0 0 47 0 0 46 0 0 0 0 0 14 22 0 0 0 40 0 58 9 0 14 0 18 0 0 68 19 0 73 1 0 0 78 0 28
 0 0 0 55 5 0 0 33 39 0 20 6 28 0 0 36 0 27 0 8 0 0 39 78 0 39 2 0 66 7 50 40 85 0 0 0 0 0 49 43 34 34 9 0 1 20 43 0 5 30 19 12 0 70 22 0 0 5 0 0 40 0 85 0 0 19 6 0 0 5 0 42 2 40 0 0 0 7 0 0 53 87 0 0 49 2 6 0 91 34 19 20 0 74 0 0 5 0 0 0 41 0 90 16 0 0 10 87 0 23 0 0 59 69 62 0 17 66 9 45 0 70 0 0 31 0 0 13 56 0 46 0 14 0 9 0 32 18 0 7 9 0 0 0 52 67 0 4 28 0
 3 2 0 25 0 0 15 0 45 49 0 0 81 0 0 8 94 0 0 0 0 5 97 4 60 0 0 0 0 0 0 31 12 0 5 22 0 41 41 24 12 2 33 31 0 7 4 33 0 0 18 68 0 14 15 29 0 9 0 0 0 21 31 0 0 58 0 0 22 33 51 4 0 23 11 41 0 0 87 0 0 9 61 8 0 0 66 0 0 0 47 44 0 0 51 50 17 13 15 44 13 0 0 7 0 1 0 43 0 21 0 0 0 74 14 72 0 0 0 30 23 11 14 77 0 25 0 39 0 0 51 41 78 14 57 0 0 0 0 0 0 9 19 11 0 79 13 0 0 0
 0 55 54 0 22 0 10 10 2 0 31 31 0 0 0 0 0 3 64 0 28 32 0 0 0 0 53 45 0 0 85 0 47 0 0 0 0 0 0 0 0 0 0 0 36 0 0 5 0 0 25 0 0 0 5 0 0 45 44 68 0 0 0 0 0 0 16 0 0 0 5 44 0 0 15 36 14 0 57 0 43 0 2 20 49 23 61 0 27 3 0 30 0 0 9 0 77 0 0 0 38 0 0 0 77 0 63 45 32 0 32 0 0 0 0 19 35 0 0 0 0 0 8 53 0 1 39 69 0 58 58 42 20 0 0 0 0 58 0 4 60 71 0 21 35 46 0 0 0 24
 19 44 0 35 25 54 0 60 0 75 0 39 47 3 0 47 0 0 26 0 0 5 0 0 0 0 30 0 11 0 0 40 0 91 0 0 0 0 51 0 27 0 0 0 28 33 23 0 60 40 3 88 0 43 36 0 0 39 0 0 21 38 0 0 45 79 47 0 24 29 0 58 0 0 23 0 0 0 0 0 0 38 2 0 0 39 76 16 0 0 0 0 58 0 0 56 0 12 0 0 13 74 0 83 0 0 0 27 0 0 0 16 0 19 0 4 63 66 0 0 0 0 0 40 0 0 0 36 0 11 55 0 8 69 0 0 8 0 0 10 44 0 0 96 32 0 0 0 54 50
 3 0 0 0 28 0 35 0 1 0 86 0 0 59 0 0 0 0 92 36 0 0 18 0 27 68 0 30 68 0 26 0 67 49 26 63 24 0 0 0 20 0 30 54 0 0 53 23 18 0 0 0 0 0 48 0 25 0 30 47 0 49 33 0 15 8 59 0 62 0 27 4 0 43 0 25 0 23 17 42 1 0 0 31 24 0 0 0 54 36 7 0 0 0 27 14 8 7 18 0 79 0 39 0 0 0 0 0 24 36 54 20 12 47 0 73 70 57 10 68 19 19 21 0 0 0 0 0 29 50 0 2 50 19 7 0 0 33 16 18 30 0 0 0 0 0 38 0 0 0
 19 0 0 0 0 0 87 0 0 0 60 21 0 60 23 0 0 0 18 4 0 0 0 0 48 0 0 23 19 27 0 0 46 7 0 0 8 18 0 0 34 0 0 0 2 0 72 47 0 0 0 0 0 0 40 0 66 0 0 0 0 6 0 6 0 68 13 0 36 0 0 7 0 0 5 0 27 6 0 0 0 0 61 0 4 0 0 3 60 18 1 28 0 0 0 0 0 0 0 0 21 54 41 0 0 0 0 80 11 74 97 0 0 0 0 0 21 65 0 3 41 50 0 0 47 0 28 0 0 0 26 63 0 0 0 0 30 10 0 0 3 59 26 0 7 0 0 0 2 22
 49 3 0 27 13 15 44 0 0 16 5 0 72 0 21 0 21 0 0 0 0 0 0 0 0 27 19 0 0 0 0 0 70 0 0 12 0 41 50 0 0 11 89 0 0 16 0 0 0 0 76 0 0 0 4 44 25 43 8 16 11 0 29 9 15 0 0 0 34 0 0 62 0 0 0 45 0 5 30 0 0 0 0 89 33 0 0 0 28 0 74 0 11 0 33 22 0 0 28 0 22 7 0 0 39 0 0 73 54 0 14 3 76 76 6 0 30 25 0 0 60 54 11 24 74 7 15 0 69 0 0 0 0 0 0 0 0 28 0 49 0 0 8 17 0 22 0 0 44 59
 58 41 0 29 0 6 0 0 0 88 88 30 29 0 93 47 49 0 83 0 88 0 79 69 0 0 4 1 0 70 0 35 0 32 0 79 0 54 0 0 37 0 19 80 70 8 0 0 13 0 0 27 0 0 0 19 0 33 0 67 0 15 57 29 0 8 20 0 0 20 9 13 48 66 1 27 0 0 0 0 0 0 0 33 0 0 0 8 0 0 0 30 0 0 0 21 8 62 85 0 0 0 0 0 0 69 0 0 31 46 69 0 0 12 0 0 4 42 0 0 0 55 0 0 0 0 69 0 0 5 0 0 0 65 53 43 0 0 13 38 36 63 43 64 83 70 7 71 58 7
 0 0 0 0 0 82 41 20 0 0 14 0 65 0 8 60 28 0 16 0 0 0 0 0 26 1 0 88 56 0 16 0 0 0 0 20 14 0 18 78 36 59 0 74 22 62 0 0 15 57 0 48 0 12 23 65 69 0 36 69 0 0 49 0 0 13 10 24 0 0 0 5 76 56 69 0 0 0 1 0 0 36 35 0 0 22 0 0 0 0 0 80 61 0 0 16 0 5 65 0 18 2 8 0 0 33 0 31 28 6 21 0 0 74 78 0 0 35 0 60 0 31 11 0 0 25 0 0 83 25 0 53 9 36 0 0 0 59 0 0 10 10 47 65 28 0 0 2 14 0
 0 0 81 42 58 0 0 0 41 34 0 0 24 2 1 0 0 0 0 25 17 0 37 0 67 7 33 0 0 0 19 0 0 0 10 0 0 0 14 0 0 0 64 38 0 0 55 0 4 0 0 0 0 0 0 16 0 6 86 37 4 15 0 0 74 0 0 29 64 0 29 44 0 38 22 0 16 43 0 25 0 2 0 9 12 53 0 0 0 9 0 0 0 63 3 0 0 10 0 0 69 35 0 55 29 31 19 0 0 23 0 53 0 5 17 0 0 0 6 30 0 63 50 31 18 0 7 0 0 0 21 0 0 0 14 0 16 22 0 0 0 0 0 17 52 0 37 65 0 0
 0 3 0 0 0 0 0 73 11 32 12 0 22 93 25 0 0 7 0 3 0 0 16 0 14 47 0 0 0 0 0 63 0 27 0 0 6 6 27 0 0 5 0 81 0 26 1 0 47 0 26 0 0 70 5 0 16 0 0 79 89 34 0 29 28 0 53 0 21 0 79 4 52 0 0 17 65 20 0 35 0 0 21 22 10 20 0 51 0 32 0 24 0 0 0 0 0 26 0 77 0 0 0 3 0 0 0 0 34 5 0 0 0 1 0 60 3 0 67 0 0 74 54 0 53 0 0 0 0 0 0 67 0 0 0 0 17 0 14 2 0 0 77 64 31 0 20 9 28 0
 0 9 0 0 10 39 0 12 16 41 21 52 16 0 14 0 0 0 41 57 0 0 0 6 0 0 1 0 95 0 72 0 50 33 0 27 0 0 4 17 0 25 29 0 15 64 0 0 0 17 70 8 0 0 67 64 0 33 22 12 0 0 82 42 0 65 0 0 68 0 33 0 0 0 14 0 0 74 34 0 0 3 0 0 2 0 20 0 45 96 68 0 44 34 0 0 0 47 63 52 16 77 0 10 0 36 67 0 0 44 8 0 51 0 86 0 0 9 29 50 0 49 0 3 3 13 67 0 58 11 0 0 68 0 82 3 39 0 17 0 85 0 7 0 2 56 84 51 0 0
 19 0 72 0 46 0 0 10 0 81 0 0 0 0 44 0 0 0 0 53 33 0 26 0 0 0 30 10 74 0 37 0 2 0 78 31 72 79 71 0 58 0 5 0 0 4 49 0 56 0 0 13 24 43 0 0 5 0 0 59 0 2 56 0 0 54 39 0 0 78 26 33 0 0 79 0 0 49 38 0 0 42 0 9 47 22 0 0 0 39 0 48 0 55 0 31 0 0 0 56 0 29 0 22 3 0 12 0 0 0 3 0 33 0 60 56 0 33 9 0 0 0 62 0 13 0 69 21 0 0 0 0 0 0 0 0 52 38 0 0 0 4 8 0 18 0 38 7 0 0
 21 58 25 7 0 61 0 27 28 52 0 0 52 0 0 30 0 0 64 45 0 30 45 0 18 0 0 0 33 92 12 0 0 28 0 7 0 0 2 6 1 0 0 0 35 7 0 0 0 46 23 0 0 0 31 0 36 41 9 25 0 24 0 45 14 0 0 13 0 27 37 0 0 0 0 16 23 0 0 0 18 0 33 7 27 0 0 18 0 8 21 29 0 0 0 46 19 37 22 23 0 76 39 0 50 1 17 0 0 48 0 0 0 32 0 0 0 0 25 71 16 40 40 31 18 41 0 55 0 2 0 0 0 92 9 0 0 51 1 0 0 0 0 49 27 0 48 0 4 0
 40 0 12 29 29 5 0 87 67 0 0 73 0 0 8 39 0 5 0 0 4 0 0 0 86 0 21 0 0 83 0 96 58 0 71 0 0 0 44 17 0 65 0 0 0 0 39 33 55 16 70 72 39 1 0 51 0 0 0 0 0 16 5 72 0 18 37 0 0 0 0 0 20 15 65 0 0 0 17 57 0 56 11 29 0 0 11 0 12 55 15 0 54 0 0 90 30 0 50 0 0 31 9 74 14 0 1 0 11 0 16 0 0 43 0 23 23 73 0 15 0 7 0 74 78 0 6 33 84 0 14 79 0 0 0 0 0 0 39 13 71 0 0 0 87 64 0 15 0 56
 0 0 79 0 84 0 47 0 7 0 32 53 13 6 0 58 71 51 7 0 0 15 0 21 0 13 0 0 0 63 0 2 85 0 0 40 17 8 63 32 0 2 0 0 0 2 69 0 1 0 23 9 0 61 21 41 9 43 66 0 41 17 10 0 57 40 32 0 0 37 0 0 2 25 0 0 0 91 0 0 0 0 0 52 0 0 8 0 19 14 0 0 0 75 0 0 8 11 0 0 0 75 0 11 0 0 0 19 0 0 0 0 67 32 1 39 0 0 0 0 42 0 0 61 51 0 54 0 8 6 76 0 0 0 73 60 41 0 0 20 0 27 0 27 0 23 41 24 0 69
 9 0 84 0 0 0 34 37 25 0 0 16 33 25 47 8 0 31 70 0 0 71 40 1 16 0 55 42 0 33 3 72 24 0 51 14 9 0 10 0 23 36 0 0 0 0 0 3 70 76 21 46 0 0 27 0 62 0 0 0 0 14 11 26 0 83 0 0 0 0 0 16 21 13 11 21 33 0 13 0 1 0 77 21 100 0 0 0 45 34 0 0 83 47 0 44 0 24 30 0 67 0 0 34 14 0 16 21 0 49 0 7 9 0 0 0 0 0 36 0 0 24 52 0 68 44 87 44 0 0 92 27 18 10 0 0 7 0 2 0 32 0 0 9 17 7 0 95 0 28
 0 33 64 69 23 0 0 37 29 0 29 0 0 0 0 0 0 1 12 0 0 0 0 0 75 29 75 0 35 0 0 0 62 0 71 29 3 0 72 49 29 0 69 0 0 0 0 5 79 36 4 23 52 91 0 0 11 0 0 0 38 35 16 1 0 0 0 53 27 0 0 0 11 41 65 0 0 0 0 0 0 51 0 26 98 38 66 0 0 6 0 0 20 0 10 0 61 0 26 0 0 27 0 78 0 30 0 28 32 0 0 17 0 71 48 0 0 17 0 0 11 74 0 42 0 45 37 6 0 93 0 30 88 42 0 0 0 41 36 23 40 43 17 0 17 0 34 22 0 53
 30 66 0 0 17 0 0 21 7 16 0 41 0 8 0 0 40 49 0 37 0 35 0 21 0 0 11 9 0 0 69 80 4 55 0 0 14 0 45 10 0 32 7 0 5 0 0 14 18 41 1 47 0 0 0 72 0 51 16 29 0 0 42 5 0 59 0 0 0 57 20 70 11 0 0 14 0 0 0 15 24 0 0 2 62 0 79 35 20 31 0 73 75 0 46 0 97 0 23 0 0 63 0 22 0 0 40 0 12 91 5 0 9 0 0 0 0 0 0 16 67 63 0 47 41 0 6 2 7 31 0 0 91 38 0 0 18 15 67 32 0 9 0 0 0 1 25 28 0 6
 22 13 0 0 61 30 0 0 0 0 0 0 0 0 0 0 63 71 43 46 54 28 69 0 0 0 0 0 24 88 0 46 9 0 0 0 14 0 0 21 0 45 8 0 33 0 0 15 0 0 0 20 0 0 0 38 12 33 0 0 44 50 17 34 44 0 0 21 0 0 0 48 5 77 0 0 0 44 34 0 0 90 40 0 0 15 29 10 0 55 2 12 63 0 33 0 0 61 75 68 0 0 53 75 58 2 0 0 3 47 0 0 0 0 55 0 6 0 0 36 22 0 0 9 38 22 1 0 0 22 0 0 0 99 0 0 1 12 0 19 0 11 24 0 5 0 25 0 0 0
 0 0 0 0 71 30 0 0 0 0 10 0 0 0 0 17 0 37 0 0 6 75 16 0 0 37 60 0 0 0 48 12 0 68 0 0 16 0 61 0 0 0 0 0 54 0 0 1 26 42 0 14 0 28 0 10 4 0 53 0 6 0 28 0 75 48 11 0 8 0 24 98 11 0 8 0 0 63 0 0 0 0 0 6 15 33 0 50 0 32 0 0 31 0 58 19 66 0 0 9 0 48 72 0 10 47 0 0 28 77 0 0 23 69 0 0 16 65 0 72 12 0 44 0 11 0 23 0 17 0 6 17 6 40 99 19 36 0 0 52 0 0 0 0 29 0 0 0 7 32
 0 50 0 44 0 0 0 0 0 48 33 0 0 0 0 62 22 7 67 5 34 20 0 0 14 0 0 37 0 34 0 0 0 0 48 0 46 76 0 0 0 0 0 0 35 0 0 0 21 0 0 29 0 0 39 5 0 25 0 0 0 60 0 0 0 0 5 30 3 32 0 60 3 0 0 0 0 10 61 0 0 5 53 0 20 0 57 0 0 53 60 53 46 0 12 0 2 25 0 21 0 75 0 65 0 0 18 87 0 0 45 27 78 0 91 3 39 8 6 24 74 0 20 15 49 0 69 4 19 0 11 21 7 58 0 12 0 0 0 36 0 30 67 0 7 60 76 56 0 0
 0 19 0 8 0 56 0 64 0 52 0 95 0 87 0 0 27 0 0 25 1 15 0 15 44 0 20 82 79 36 43 14 10 0 35 64 19 0 71 0 63 33 39 55 81 0 0 0 19 24 20 0 0 9 25 53 0 13 0 0 23 0 45 57 29 15 1 79 2 0 0 0 0 0 0 30 0 43 0 74 89 0 17 19 82 0 0 0 0 9 0 0 0 0 24 0 0 0 73 0 1 0 0 0 0 0 0 24 0 3 0 0 0 44 0 58 31 0 31 0 15 13 5 0 0 0 0 2 16 0 0 51 0 0 0 19 12 0 31 0 11 74 12 53 0 0 0 44 0 0
 43 0 57 22 47 0 0 22 3 0 11 0 0 37 70 0 0 0 9 0 20 0 0 8 9 37 53 32 0 0 0 0 38 24 0 53 2 16 48 0 0 0 71 0 0 0 15 0 0 37 0 42 0 0 94 0 45 33 0 41 50 0 0 0 15 0 0 30 0 0 0 0 31 63 0 70 27 16 26 1 47 45 91 68 0 0 14 9 0 0 80 0 0 0 13 0 0 76 43 0 0 0 60 0 40 0 62 69 9 37 5 0 16 0 0 28 0 65 0 0 0 42 0 0 42 42 0 0 3 22 22 0 0 0 25 16 45 5 18 0 72 80 0 16 0 86 29 0 0 0
 20 0 80 80 48 23 0 0 0 0 0 17 39 46 54 52 63 14 60 0 44 0 23 9 41 23 0 0 11 0 0 0 48 0 0 14 74 36 0 0 0 67 0 0 54 59 24 33 35 26 0 0 0 0 6 0 0 0 98 0 11 1 0 51 0 22 39 49 56 0 38 0 59 0 10 27 0 0 62 10 1 22 0 0 0 0 0 0 0 0 0 51 48 0 1 18 0 23 0 33 33 22 0 0 0 0 0 81 0 11 50 0 17 11 30 57 43 46 0 59 22 0 8 33 0 0 27 0 0 55 0 0 0 35 13 46 0 0 35 0 8 56 0 65 0 0 63 0 24 36
 4 2 0 72 0 8 0 0 50 50 67 0 0 0 33 23 38 0 0 0 53 26 0 0 21 17 0 0 0 3 71 0 0 16 0 25 3 0 21 0 0 0 0 0 15 25 25 0 39 8 0 0 47 43 51 57 0 0 7 48 0 0 21 0 0 58 6 0 0 0 19 37 34 0 0 25 0 0 0 0 81 0 17 0 61 0 0 26 81 44 0 0 0 0 36 0 33 13 0 44 0 0 0 7 13 13 15 41 24 0 30 36 2 7 0 19 0 0 0 30 0 0 84 18 0 3 59 27 0 0 9 0 0 0 0 0 24 33 12 64 24 0 64 38 0 6 0 31 0 0
 0 0 16 0 11 0 24 63 0 24 0 0 0 0 97 0 40 51 0 0 0 0 0 21 23 39 49 0 10 0 0 0 0 28 0 0 14 40 36 0 54 1 35 73 0 0 15 14 41 59 0 0 67 13 53 75 11 44 3 0 0 0 0 6 28 10 33 0 15 0 0 0 0 84 0 10 71 11 29 1 6 0 58 0 0 37 34 75 37 15 31 0 30 74 46 0 0 0 0 27 0 0 12 29 0 0 0 26 0 0 0 0 1 0 0 36 0 0 0 0 23 0 0 34 28 0 57 26 0 69 0 0 49 91 72 78 0 0 0 0 67 0 19 24 0 0 0 0 30 51
 78 33 32 65 0 19 0 0 7 0 0 0 78 0 0 34 6 0 0 7 31 0 0 0 16 52 61 0 22 0 77 83 71 0 10 0 0 6 0 0 12 0 0 0 0 47 0 56 22 0 0 0 15 0 0 60 26 0 0 9 0 0 49 49 0 0 25 24 0 19 24 21 2 25 0 0 0 11 2 13 0 14 0 22 2 0 0 0 19 25 0 51 0 55 11 0 0 16 0 51 50 0 56 0 0 0 0 0 0 8 0 0 0 0 10 0 0 52 1 0 37 0 0 67 91 6 0 7 58 0 34 0 0 0 62 0 0 0 0 76 51 54 57 0 5 0 0 0 55 0
 12 0 36 56 27 8 0 37 0 4 0 0 60 87 0 0 33 0 16 0 0 97 47 48 18 0 0 0 0 28 0 0 0 4 0 0 0 0 0 1 0 0 57 32 0 37 26 0 0 0 0 0 0 20 0 2 74 0 1 0 0 0 50 0 7 0 0 0 0 39 25 28 15 31 5 0 0 0 0 41 30 0 23 13 72 56 0 45 97 47 5 16 7 3 0 75 0 21 0 12 0 0 88 52 0 10 0 2 99 57 33 84 48 2 38 0 13 23 13 0 0 0 0 22 0 0 0 24 54 5 0 0 10 0 22 0 0 62 65 0 0 0 98 0 46 0 0 65 0 0
 16 0 0 7 0 0 0 0 25 0 0 63 0 33 36 20 18 52 0 0 0 43 19 0 0 4 0 1 0 31 73 0 0 0 53 42 64 30 0 0 0 0 41 55 9 0 0 0 0 19 0 0 0 0 0 0 0 76 61 35 52 51 0 0 0 0 48 22 0 0 0 0 0 22 50 0 0 5 0 28 0 49 27 26 39 0 83 4 0 0 12 0 51 0 0 0 90 0 33 4 80 0 62 63 59 0 38 0 0 4 35 0 0 0 2 0 0 0 47 42 0 0 0 0 0 50 28 0 64 0 0 64 68 49 2 4 0 0 0 0 0 67 46 85 5 0 37 19 0 0
 0 64 49 70 27 67 0 4 0 89 0 0 0 0 11 31 0 0 0 0 0 0 4 80 0 14 5 55 91 0 0 13 5 23 0 18 0 46 0 0 67 50 55 0 0 18 0 0 27 0 40 0 73 5 55 0 16 42 45 0 0 0 0 0 0 9 6 76 0 46 16 33 0 20 0 0 0 0 73 31 0 33 0 0 0 0 0 0 0 15 41 0 34 0 0 55 20 0 0 0 2 32 45 0 0 0 22 0 57 57 49 79 39 0 0 42 0 0 38 0 2 0 0 0 0 0 0 0 0 25 0 0 57 0 0 0 12 17 5 6 4 0 0 0 2 0 0 10 14 8
 15 11 55 56 0 24 24 40 56 0 0 72 30 40 60 44 19 0 56 5 48 0 34 0 25 18 10 4 18 5 0 0 0 34 79 49 0 0 0 37 0 88 0 0 13 71 25 88 0 1 0 0 0 0 19 63 12 0 0 24 0 69 42 0 0 35 48 0 56 10 0 15 0 0 0 2 27 0 0 0 15 4 42 80 0 51 21 67 64 21 0 10 0 0 0 16 0 0 0 23 34 0 12 0 58 0 0 0 0 4 0 0 34 39 0 0 0 43 66 89 0 0 45 20 17 0 26 44 0 0 0 21 0 33 63 0 51 0 56 0 56 42 79 25 25 59 0 47 13 0
 29 50 0 0 72 41 12 49 0 49 39 0 16 3 18 0 0 0 13 82 24 0 0 29 34 0 0 0 16 0 0 15 0 27 0 0 47 0 63 0 3 10 7 5 0 95 0 30 0 0 32 0 0 36 37 38 0 26 0 0 0 0 0 0 64 0 0 0 0 0 0 64 13 17 0 3 35 52 45 16 8 53 0 0 0 4 0 40 6 0 0 0 0 40 0 0 0 18 13 14 20 0 3 70 62 14 0 5 0 18 78 15 0 49 68 0 53 28 0 42 9 0 16 0 0 0 0 0 53 0 4 0 0 0 82 0 15 0 0 21 2 13 26 0 52 24 36 50 1 80
 15 28 71 0 0 0 12 12 6 36 0 0 39 28 22 13 0 56 88 0 36 8 10 0 0 11 0 5 15 56 22 33 11 98 0 0 33 0 0 49 31 36 46 0 0 0 91 0 16 48 8 72 0 14 0 0 9 0 0 0 29 3 30 0 67 0 18 0 17 0 26 0 0 0 0 35 48 5 84 6 30 58 0 0 0 43 0 0 70 0 55 17 85 40 43 60 41 37 23 31 7 11 57 6 0 0 27 11 0 0 0 0 0 0 0 47 77 5 17 7 91 0 0 0 0 0 0 51 0 0 0 0 0 1 63 0 0 28 18 0 23 36 0 0 0 0 0 95 0 0
 0 0 0 0 0 75 0 21 25 0 0 2 33 0 23 3 0 0 13 66 0 0 0 7 0 2 0 59 48 73 54 74 29 24 72 0 0 3 0 0 0 0 0 0 22 0 0 84 0 37 47 0 0 0 37 0 0 0 0 0 0 6 8 15 0 37 0 30 3 0 49 0 0 0 4 0 0 8 61 0 0 41 14 0 20 43 0 2 57 0 63 0 4 33 0 6 0 0 0 5 0 72 0 10 14 0 0 0 45 0 25 1 93 35 0 17 24 0 67 0 0 0 0 61 0 64 28 0 9 36 22 13 10 36 0 20 34 22 0 1 0 0 58 9 0 0 0 23 7 0
 10 84 0 41 0 21 12 8 84 18 31 0 52 23 1 0 52 0 25 3 0 6 0 89 59 18 12 33 84 26 14 90 15 52 7 66 0 0 0 0 0 0 0 0 58 72 38 46 0 5 26 12 17 0 0 39 43 69 35 45 58 0 48 0 53 0 19 47 0 0 28 0 0 0 0 0 0 0 14 45 0 7 66 58 0 66 57 58 0 43 15 36 17 55 8 2 45 19 34 43 18 10 10 38 0 7 9 0 0 52 32 10 43 0 67 0 0 0 74 0 0 0 27 56 13 16 28 74 0 0 0 0 0 1 0 21 5 1 0 17 0 21 40 7 0 8 0 47 82 14
