150
 10 18 0 0 0 0 0 41 77 38 0 0 31 48 0 0 66 0 59 22 0 0 0 82 5 0 27 12 15 23 65 0 0 54 67 64 0 30 0 83 15 0 0 27 39 51 10 0 24 48 0 0 32 0 0 1 92 0 0 0 0 0 19 71 0 0 0 0 7 63 0 47 50 0 0 22 0 0 24 16 0 0 46 0 0 50 21 0 9 20 0 0 0 0 0 6 72 13 0 0 43 0 49 0 0 63 44 0 21 94 68 69 46 5 69 27 46 10 34 0 0 12 30 0 0 22 33 59 0 0 18 0 0 0 0 0 63 89 0 0 0 0 0 45 0 32 0 83 0 65
 0 65 1 0 0 20 26 8 0 28 0 19 14 0 84 0 0 26 0 50 0 0 0 0 50 0 17 0 44 16 0 0 0 23 0 31 45 0 0 0 0 23 0 60 0 0 0 0 6 0 0 0 33 0 0 0 9 0 56 39 23 19 10 26 22 0 10 0 32 64 0 0 29 28 61 15 17 0 30 18 0 0 0 55 0 0 0 28 73 33 0 0 46 30 0 0 63 35 0 0 86 2 4 36 29 0 29 25 84 45 76 13 25 43 0 40 21 0 7 0 69 16 0 0 0 0 19 55 0 44 0 0 40 7 40 37 3 17 10 0 14 27 0 0 0 28 41 0 0 0
 22 0 24 0 17 31 12 26 39 0 6 0 0 17 0 64 0 87 47 0 41 56 0 0 0 0 0 8 39 65 0 0 55 0 0 37 54 18 52 0 32 0 31 58 38 78 36 12 0 0 0 0 23 0 0 0 0 0 33 76 33 0 52 17 63 24 15 8 6 92 36 83 0 0 0 65 85 0 0 0 0 0 57 13 0 0 10 0 0 37 0 23 0 0 0 91 51 0 3 0 0 13 33 12 0 18 0 5 22 7 70 0 18 26 0 0 0 0 0 54 0 0 56 0 2 29 0 0 0 0 92 0 0 0 75 0 23 1 0 0 0 0 0 0 7 22 8 0 0 49
 74 33 21 5 0 0 8 33 40 0 0 38 75 0 0 0 0 93 0 12 0 0 10 8 46 41 0 13 0 0 49 5 0 0 46 0 29 30 28 0 9 67 0 13 0 50 1 64 14 71 40 12 0 0 0 0 0 0 0 0 6 7 0 0 0 0 0 0 0 3 0 0 0 0 0 14 0 11 0 0 6 0 10 0 0 16 0 66 61 0 5 1 0 51 0 0 37 55 35 26 0 33 71 0 0 0 1 0 26 83 0 0 52 52 0 0 42 17 52 0 12 0 0 14 0 0 12 0 0 18 55 0 45 0 2 0 15 0 35 57 73 0 0 0 0 49 0 0 32 0
 79 80 0 11 99 6 0 10 30 0 13 78 0 0 0 0 0 22 0 0 43 0 0 0 0 0 0 33 0 2 0 0 0 0 22 37 0 2 19 0 0 0 37 0 0 11 0 69 0 0 22 0 0 25 39 0 0 19 0 70 0 67 20 0 0 11 35 0 23 37 10 0 6 0 0 0 0 0 0 0 0 0 27 0 0 5 0 0 0 51 0 65 0 32 8 0 0 6 4 0 0 12 0 0 0 25 0 50 0 39 24 0 0 0 18 23 0 0 0 80 64 5 35 36 0 0 37 9 0 0 0 31 0 29 0 35 41 0 3 7 0 25 0 0 66 13 47 0 1 0
 5 0 0 90 0 35 3 0 24 0 18 15 0 5 54 68 16 0 0 82 0 0 6 0 30 26 12 0 6 5 36 0 0 15 0 98 0 41 0 24 10 5 45 0 0 73 4 0 0 37 72 0 49 54 0 43 27 0 0 0 39 0 0 36 68 0 26 0 54 0 66 0 9 0 46 0 0 62 35 0 40 0 0 18 0 0 0 0 0 0 0 25 28 65 14 0 0 37 27 0 6 0 11 0 45 11 0 61 0 17 0 0 34 56 15 39 87 48 2 45 9 0 91 1 0 0 0 2 0 37 0 0 0 0 0 54 0 1 5 0 0 2 0 0 0 0 0 61 0 10
 99 0 0 0 16 0 96 36 53 0 34 0 0 0 0 0 0 42 0 26 0 0 0 0 15 0 0 0 0 83 32 0 6 0 66 4 0 0 2 4 19 0 0 0 0 47 61 21 0 1 0 0 31 0 19 0 0 0 0 0 0 19 47 56 0 0 3 0 37 21 13 26 31 0 78 0 0 0 22 0 9 0 0 17 0 61 0 0 49 0 0 0 0 35 0 50 61 0 36 17 46 4 28 42 5 43 19 16 0 0 39 54 32 37 0 0 53 0 0 0 0 0 2 0 58 0 0 0 0 39 0 0 0 41 0 31 14 54 71 80 0 10 48 32 0 0 29 0 0 7
 0 0 0 0 0 28 0 94 37 0 0 0 3 0 0 5 16 0 52 0 0 0 0 0 75 0 0 0 0 39 0 0 51 54 81 0 0 0 0 0 0 0 14 0 0 0 0 0 8 0 22 51 5 0 17 0 0 1 0 31 0 2 14 0 89 40 0 0 0 0 43 66 0 72 0 0 0 5 0 58 0 8 0 9 2 16 7 69 0 4 44 21 13 0 5 0 0 0 0 0 0 0 0 0 0 2 0 0 7 59 0 0 44 0 57 0 0 19 2 5 22 43 0 21 50 0 28 5 68 0 0 46 50 0 6 0 25 0 0 0 0 17 59 0 0 36 13 0 0 0
 0 28 0 0 0 0 0 0 75 50 12 0 51 17 0 0 26 0 47 0 17 33 30 57 12 0 22 28 0 0 31 73 0 70 0 1 54 2 0 50 2 0 0 0 52 0 37 1 0 0 5 55 0 0 0 7 0 73 0 0 0 39 46 23 0 43 17 28 0 54 49 13 9 0 7 0 17 15 23 0 0 18 23 22 0 26 0 0 0 22 0 0 5 19 61 22 0 0 6 7 0 64 4 0 0 54 0 0 0 4 0 17 0 0 0 0 31 8 9 0 0 29 26 0 35 0 0 15 0 2 94 23 24 1 0 0 0 14 29 4 0 7 0 0 0 24 41 0 23 12
 0 0 44 16 42 3 42 26 0 86 0 0 0 29 0 28 48 0 31 39 0 0 24 0 0 63 0 4 34 0 0 89 0 0 7 57 0 7 0 38 37 0 16 19 0 0 8 0 1 38 48 0 0 0 14 0 0 0 5 2 0 49 0 0 0 79 0 0 32 0 18 2 0 0 0 32 0 0 42 0 8 3 43 29 0 0 44 27 0 0 25 28 0 42 0 9 92 20 0 42 0 0 66 81 32 0 15 86 13 0 15 75 38 54 15 3 48 53 90 0 50 0 0 0 0 2 53 19 0 27 0 0 0 0 0 0 17 0 0 0 0 34 0 38 17 15 0 0 2 0
 25 23 0 48 0 0 0 39 0 63 2 23 0 30 17 18 56 0 0 23 0 35 36 0 0 58 0 57 2 0 0 0 11 34 17 0 0 0 22 0 6 0 16 0 37 93 14 0 16 14 0 0 0 0 0 36 0 0 0 10 83 20 77 11 78 0 19 0 0 76 58 0 0 0 60 0 0 7 0 48 0 0 14 0 0 0 0 0 32 0 30 0 0 47 0 74 51 3 0 0 0 22 0 2 9 0 0 56 0 0 0 8 0 0 37 0 11 0 28 27 31 0 0 0 0 0 57 34 0 0 10 24 22 72 59 32 11 50 41 0 0 1 0 16 0 0 7 13 0 0
 10 0 12 0 0 0 44 51 19 49 0 35 4 30 0 23 30 0 0 63 0 0 76 0 4 5 0 0 0 0 29 0 2 77 0 0 0 0 0 0 48 0 7 9 7 0 23 0 9 13 0 0 44 0 0 0 8 0 0 0 68 22 13 33 5 26 0 0 0 16 0 0 0 91 0 0 0 72 35 0 35 13 22 0 11 31 26 35 0 56 0 66 0 13 0 33 0 0 25 0 0 0 1 0 7 0 0 0 0 43 0 15 0 7 0 16 0 31 71 13 0 0 0 13 0 13 0 55 0 12 0 31 0 11 0 0 27 15 1 0 11 13 0 0 0 0 78 0 31 34
 0 0 65 0 34 47 15 0 0 83 35 0 51 0 0 39 0 91 0 0 11 18 0 30 0 0 43 0 0 75 0 27 0 21 8 0 0 14 49 0 0 0 0 73 0 0 0 0 0 35 0 5 26 40 97 33 0 0 26 0 32 20 7 1 0 18 51 0 14 0 45 0 0 0 25 0 4 0 0 44 30 17 0 0 29 9 0 0 0 38 30 39 16 0 0 60 64 0 13 0 0 49 0 33 64 43 0 66 11 25 0 0 0 21 2 19 0 69 0 23 20 0 0 0 81 1 21 1 19 0 14 28 0 52 9 0 0 0 0 0 60 62 12 1 0 0 0 6 13 29
 0 26 0 54 44 0 11 2 0 0 0 0 4 60 17 0 17 0 0 16 11 0 0 47 61 0 26 0 0 7 0 0 70 5 17 0 4 0 0 7 0 32 0 42 0 0 0 49 0 0 33 19 0 55 58 0 0 33 0 0 41 0 0 0 0 19 0 0 0 41 0 20 0 0 0 0 0 37 55 38 0 0 0 0 75 6 25 0 35 33 0 26 0 53 44 12 56 41 34 24 28 16 0 59 0 15 28 0 0 0 0 20 0 0 0 74 7 0 0 0 0 0 56 13 0 27 0 0 3 0 34 86 50 0 0 45 89 0 37 5 0 46 0 7 0 0 42 26 93 6
 8 0 23 54 44 0 79 10 9 89 0 65 15 0 10 0 72 0 92 18 0 0 8 0 0 0 0 45 0 0 0 0 40 15 25 57 65 77 0 66 0 67 36 0 0 48 0 0 70 0 29 39 72 34 48 9 10 0 23 0 44 1 82 0 0 0 0 85 0 0 0 0 28 2 20 0 0 41 0 0 0 0 1 11 0 29 0 0 0 39 0 39 7 0 0 0 0 0 0 0 0 0 0 0 0 0 0 0 68 0 0 8 16 48 0 0 0 0 0 15 15 11 0 0 0 0 3 0 31 5 61 12 0 0 43 0 2 44 78 0 44 0 0 0 0 21 0 30 88 0
 51 46 0 11 54 0 17 0 55 0 0 0 0 40 35 78 62 23 0 1 0 0 0 0 53 60 55 0 7 0 0 0 0 0 65 0 35 61 0 0 0 0 0 55 4 17 0 0 0 0 6 0 2 46 63 0 0 0 0 35 57 0 29 17 0 0 9 0 19 37 48 0 0 0 0 18 52 2 0 25 0 0 24 0 0 0 20 0 86 13 34 33 53 0 0 12 0 30 0 13 23 0 0 69 0 0 61 0 68 56 0 0 0 0 0 0 0 24 0 0 0 0 0 9 0 10 0 0 13 74 0 41 35 0 0 11 0 0 39 0 0 0 0 1 74 0 0 0 7 0
 0 53 23 74 32 0 50 0 0 0 0 0 27 0 0 0 30 27 0 12 38 0 19 74 0 0 0 0 44 0 26 3 0 0 0 0 0 50 17 63 14 13 0 0 0 13 54 34 0 48 24 0 14 43 0 4 0 0 0 0 0 19 0 0 39 0 11 38 0 0 0 79 36 0 0 0 0 0 0 44 46 0 57 9 0 0 84 26 23 0 0 0 0 0 0 84 0 9 34 0 57 39 3 65 11 0 71 38 0 0 0 14 0 15 4 35 0 55 20 81 15 66 0 16 0 36 10 5 0 0 15 0 0 35 0 0 3 0 32 0 7 0 16 17 26 0 0 0 3 0
 23 0 0 0 0 11 0 32 47 44 18 12 0 82 0 0 0 85 6 22 0 0 0 0 0 0 6 0 0 63 0 0 33 0 0 19 0 0 0 29 79 3 0 72 0 0 0 0 0 2 34 0 0 0 12 0 0 0 19 0 37 0 0 66 8 38 0 0 22 0 0 0 13 0 0 0 0 0 0 31 0 21 90 0 0 84 60 0 2 0 15 27 18 0 0 0 0 0 0 0 0 0 0 28 0 0 0 0 38 13 5 0 11 0 19 0 15 0 0 28 0 88 0 0 0 61 4 0 38 17 23 16 0 56 46 0 0 0 7 5 0 72 2 0 14 0 68 0 37 18
 0 65 0 54 52 18 36 0 0 0 54 13 44 48 0 42 3 0 49 0 0 0 88 72 0 0 0 0 59 0 46 0 17 0 0 2 0 50 57 13 79 0 5 0 69 0 0 0 0 0 33 0 26 27 0 0 0 0 0 0 33 7 0 0 77 0 0 0 0 7 0 0 32 0 4 0 0 7 0 0 0 57 0 31 0 42 0 0 31 0 0 0 16 0 0 36 0 0 7 0 48 0 0 66 8 45 0 82 0 0 0 11 23 7 55 55 0 37 65 0 0 0 0 28 0 5 50 0 0 0 0 16 0 0 0 0 0 0 11 2 0 0 3 0 21 13 58 0 14 40
 0 0 69 0 96 0 0 59 34 0 0 0 12 0 0 0 0 0 8 78 0 0 38 1 66 0 0 0 64 13 0 49 0 68 0 10 40 39 0 83 70 0 19 0 0 73 32 0 9 0 0 0 0 26 0 0 10 37 0 86 40 0 0 0 43 0 11 0 0 0 11 0 51 71 0 82 0 16 0 53 36 17 0 0 45 47 32 59 59 47 0 33 0 0 33 0 0 0 0 96 0 1 61 0 3 37 19 0 0 13 16 95 0 0 0 12 0 0 0 0 0 0 4 26 0 0 0 76 11 0 12 21 29 0 7 5 51 0 56 0 0 67 0 0 0 8 74 3 12 0
 46 7 0 25 0 47 48 46 0 37 33 7 0 0 60 2 0 29 34 52 6 0 37 0 35 0 25 45 38 0 0 13 0 33 28 0 77 49 0 0 0 0 31 0 0 10 72 84 10 21 0 53 0 19 0 32 11 0 0 0 80 0 25 46 27 0 54 0 59 1 0 0 0 0 8 17 0 0 1 0 0 0 0 47 38 8 4 0 29 63 21 0 0 0 0 49 33 0 6 0 0 0 31 8 44 69 0 0 27 13 0 31 10 81 57 0 26 38 6 89 0 69 25 0 0 73 0 0 39 0 2 70 17 37 0 15 20 0 57 0 92 0 0 0 0 0 65 0 0 16
 85 26 0 34 40 16 2 14 0 0 0 28 0 74 72 14 8 7 28 38 36 80 36 10 0 53 0 15 0 1 59 0 5 50 33 89 65 68 9 0 22 1 0 14 0 45 1 0 32 0 40 0 0 0 8 0 25 28 12 52 0 5 36 0 35 0 15 0 0 0 24 0 40 4 52 8 7 46 0 54 13 0 43 59 0 33 0 26 0 0 41 0 0 19 29 0 5 0 0 61 45 3 86 0 62 36 0 30 0 0 16 4 44 0 96 0 0 44 0 33 49 0 0 51 0 32 12 0 0 0 0 34 42 43 0 0 26 0 52 0 4 0 0 0 0 0 27 0 57 75
 1 3 54 0 1 0 51 34 0 0 0 0 16 51 0 25 0 13 0 0 0 0 42 0 24 0 0 0 24 0 46 41 0 0 37 0 0 0 15 17 33 0 64 0 0 33 0 0 0 0 0 1 83 0 43 38 48 0 67 0 0 0 0 0 14 10 0 41 9 0 0 0 0 0 68 29 0 2 54 22 0 25 0 0 16 0 23 0 62 0 25 0 90 24 53 0 0 8 0 56 49 44 0 84 0 0 0 69 0 0 0 37 0 19 0 0 84 0 0 93 19 0 2 1 1 20 0 83 0 0 0 0 0 48 0 33 1 0 7 0 0 68 0 61 0 42 0 47 0 44
 0 20 27 0 62 75 13 21 0 35 19 17 0 0 76 76 0 37 0 0 42 0 8 42 40 0 0 0 16 51 69 1 56 37 27 27 0 70 30 0 0 0 43 38 0 3 0 0 56 53 0 0 37 9 0 16 1 0 0 82 21 75 3 0 13 49 0 69 0 0 0 0 34 10 0 15 0 25 0 0 0 61 0 0 5 28 0 4 70 5 0 24 33 58 0 28 70 7 0 59 0 0 0 0 0 0 0 0 91 0 29 0 23 0 2 25 0 37 64 31 46 0 0 71 0 18 0 12 0 0 0 0 0 27 0 34 0 0 2 0 56 0 0 1 0 0 0 0 6 10
 0 0 48 0 63 0 0 0 0 23 27 0 33 0 19 0 19 43 20 0 0 65 0 0 28 0 37 0 0 14 0 4 19 0 15 0 0 83 40 44 25 50 0 0 0 0 26 0 0 28 11 0 0 0 37 0 0 0 0 0 16 0 39 0 3 0 0 65 17 0 31 65 0 0 0 0 52 26 0 47 0 0 43 22 50 0 29 0 0 0 30 0 7 0 64 0 0 0 53 16 0 8 0 0 57 0 0 12 86 0 0 15 0 72 50 24 0 8 30 0 74 82 0 23 0 27 22 0 41 0 30 45 0 0 12 45 0 23 0 0 92 0 0 6 20 0 0 0 37 0
 37 84 60 0 10 0 80 3 25 0 0 0 18 38 34 0 60 14 47 5 80 0 42 15 41 12 16 0 0 0 0 0 33 0 0 12 36 1 0 0 12 41 54 76 24 0 85 0 36 28 89 0 0 0 0 34 7 0 51 18 0 0 55 16 0 0 20 16 46 0 0 0 0 10 0 13 0 8 40 0 5 0 6 43 87 0 0 16 81 30 7 0 0 0 34 22 0 0 0 0 37 0 0 0 17 24 0 35 22 70 0 97 27 14 0 0 38 88 0 4 0 84 0 0 46 0 0 0 0 0 11 46 63 0 0 0 2 37 0 5 67 0 0 0 66 0 9 0 0 4
 0 0 28 33 46 0 37 4 0 40 37 32 0 0 2 0 23 0 9 34 0 62 0 31 0 0 28 0 39 34 0 43 0 0 0 62 0 0 15 27 0 0 40 0 45 0 51 0 43 46 0 3 0 4 27 0 0 14 0 0 1 31 66 36 0 44 87 0 59 17 0 31 0 0 27 0 15 0 16 69 0 29 0 0 33 18 37 69 0 22 28 0 65 0 44 0 32 19 0 42 29 0 11 38 44 0 0 74 0 15 0 0 0 32 0 0 60 60 12 0 33 0 0 37 0 18 0 0 0 0 19 0 21 48 0 1 5 0 0 0 0 0 0 14 41 0 83 0 51 0
 0 31 0 0 0 44 14 21 0 0 0 41 47 46 0 24 59 72 15 30 0 0 14 54 45 59 39 95 0 32 0 0 49 0 18 84 12 44 31 20 63 0 43 93 36 0 6 27 13 0 0 0 4 54 0 0 0 0 0 0 0 0 0 0 0 0 0 2 10 30 87 0 0 0 0 0 0 0 0 0 0 0 54 15 36 25 0 0 40 0 44 44 0 74 47 76 58 10 0 0 0 24 19 0 0 0 57 0 0 0 0 50 27 8 0 0 0 0 0 0 0 0 0 0 64 0 0 0 26 48 3 0 0 5 44 0 0 20 0 0 0 0 56 0 14 87 0 0 0 0
 0 0 0 40 10 0 74 13 22 0 0 10 42 21 11 0 0 22 0 0 0 35 0 0 0 46 0 74 64 0 0 0 0 5 0 0 0 31 39 0 16 18 0 25 10 48 0 52 1 0 11 0 25 5 21 0 0 0 37 61 0 13 9 73 0 50 15 0 0 54 53 7 0 0 0 69 0 0 59 59 6 0 31 0 14 0 0 6 56 0 31 0 36 0 0 11 0 39 88 0 0 66 0 55 0 6 0 0 76 60 1 4 0 14 1 12 0 8 2 43 0 15 0 12 34 50 0 56 0 0 34 0 0 38 0 0 0 0 0 61 0 6 33 66 0 10 0 18 0 0
 0 0 0 44 0 0 0 0 50 16 28 86 0 0 37 2 3 0 4 0 43 0 52 0 0 42 0 0 13 8 0 10 1 0 0 0 66 54 0 2 0 0 21 52 0 55 0 80 51 9 34 10 0 0 0 93 72 0 17 0 0 0 0 70 0 0 30 0 0 0 0 0 3 0 2 27 0 8 76 0 9 0 0 43 0 16 0 29 0 53 26 37 8 3 14 0 52 0 1 0 52 59 38 8 0 1 92 0 4 0 0 0 2 0 18 60 3 27 22 0 10 50 0 51 29 43 27 27 0 0 0 34 33 29 43 0 0 0 0 0 7 40 0 66 51 0 7 0 0 0
 0 20 27 0 6 0 0 33 0 3 13 0 12 40 15 0 0 11 0 2 51 0 0 0 57 40 66 37 5 12 77 27 0 35 8 0 3 0 50 0 35 0 20 30 0 0 0 0 34 13 0 12 32 0 0 0 41 27 0 0 0 0 0 0 21 0 5 57 0 21 0 0 0 0 0 0 42 0 59 0 38 0 82 0 43 0 0 67 63 0 0 37 0 20 43 0 0 34 0 0 0 0 31 0 0 6 36 0 22 9 0 9 0 65 0 9 32 0 80 74 50 0 0 39 0 0 4 37 0 0 20 0 72 12 23 0 65 0 0 0 8 55 65 11 0 51 0 0 0 19
 7 28 24 0 76 11 29 6 0 0 65 0 0 68 78 29 0 20 40 0 0 33 0 0 0 27 0 26 37 0 0 68 7 68 0 0 22 0 48 50 0 32 2 50 0 0 0 0 37 0 12 0 58 31 0 41 29 76 40 0 49 5 5 0 0 20 0 0 39 0 0 30 5 0 0 20 29 64 0 8 56 26 0 74 77 0 0 0 12 0 0 32 11 79 0 15 0 91 0 0 4 0 0 0 46 0 0 0 50 0 0 0 64 0 0 21 0 22 0 35 60 21 0 0 42 0 7 0 0 12 0 0 0 0 4 33 0 59 54 0 78 0 0 27 0 8 32 24 4 0
 9 67 0 0 49 17 0 0 84 0 0 0 19 0 0 65 23 0 0 29 50 0 59 0 0 0 26 0 9 0 66 0 25 0 10 0 0 0 0 26 0 0 20 11 0 0 48 13 5 16 0 11 0 0 0 19 0 11 62 0 14 0 0 55 0 4 0 11 16 67 0 0 2 64 78 0 24 54 0 0 23 79 0 0 51 0 2 0 0 0 0 0 0 47 0 0 0 0 15 0 0 0 35 8 0 0 0 50 47 0 28 0 0 29 0 72 51 14 0 0 0 0 0 0 61 0 37 67 0 20 0 19 6 64 11 11 24 0 72 0 39 69 28 0 0 0 19 36 30 3
 0 0 6 65 45 0 27 0 0 61 0 0 0 0 0 0 60 18 43 0 0 0 66 0 5 23 48 12 0 10 0 0 35 30 0 0 0 3 0 34 33 72 51 87 81 40 0 0 0 55 19 2 28 25 0 46 0 0 0 52 54 0 0 0 0 0 40 24 24 52 0 0 76 0 27 16 27 30 41 0 66 8 13 0 58 0 22 16 52 0 27 58 62 54 0 0 0 61 28 29 0 9 0 0 0 83 36 0 39 0 35 0 44 0 93 0 13 39 0 53 0 0 73 0 17 0 0 0 32 0 60 0 0 24 0 0 8 42 0 13 0 32 66 58 0 0 0 0 0 7
 0 44 65 0 0 52 0 0 24 0 0 41 0 0 0 0 68 91 54 24 0 0 0 0 0 63 18 0 12 43 0 21 0 59 23 0 0 19 0 0 18 16 0 0 0 0 0 0 69 0 2 0 60 50 0 0 9 1 59 0 69 4 0 29 0 43 0 34 9 11 22 44 0 57 14 0 0 0 16 0 0 0 1 0 0 30 84 12 0 0 23 0 0 0 5 0 0 0 28 0 65 0 18 18 11 0 0 0 34 9 27 61 79 0 0 0 55 0 0 0 26 2 48 0 0 0 78 0 0 0 15 81 0 0 0 0 0 61 64 0 0 36 5 0 0 22 74 54 37 0
 0 0 0 21 0 0 0 52 0 0 26 42 85 7 0 22 34 0 0 0 43 0 27 0 28 0 0 0 22 53 34 5 60 16 6 51 0 46 51 0 0 100 59 92 0 0 0 0 41 0 0 0 0 0 55 0 44 41 12 8 0 0 0 0 25 18 57 4 0 0 0 0 0 0 0 30 31 40 70 26 0 52 0 7 0 0 64 0 0 0 0 0 0 0 0 1 0 0 31 0 68 59 0 1 0 0 55 0 0 0 0 20 0 0 0 0 59 62 8 54 0 8 0 38 0 19 0 0 0 26 0 6 0 0 5 24 21 0 14 63 16 0 0 0 0 0 22 30 0 0
 60 0 0 0 84 65 16 12 0 67 26 32 7 0 0 0 20 26 57 0 0 0 15 11 27 0 53 0 96 0 0 0 9 70 23 1 5 0 61 0 86 50 30 11 0 68 32 61 0 26 15 70 41 0 41 0 23 65 18 0 38 0 24 4 15 0 28 26 55 0 0 41 0 16 12 59 0 35 2 22 56 73 0 0 78 0 0 0 46 1 63 0 0 0 0 0 52 0 51 0 48 47 34 91 21 0 0 28 0 30 0 0 58 0 14 0 3 43 0 76 4 0 0 35 0 15 0 0 0 45 44 0 89 57 77 81 0 74 0 29 0 9 0 0 0 13 16 21 0 5
 0 16 0 0 0 0 29 41 0 0 7 45 0 93 0 0 0 9 0 0 0 0 31 0 0 0 3 0 0 0 12 46 1 0 0 0 55 72 0 0 3 0 69 0 0 10 0 0 0 18 0 45 0 98 68 3 37 17 14 0 53 0 0 38 28 45 0 65 0 0 0 0 17 27 0 0 0 17 0 47 60 12 0 0 0 0 76 0 0 0 0 0 0 0 38 0 0 0 18 34 0 55 0 0 0 0 0 16 18 8 60 84 64 59 0 0 0 4 0 0 0 0 0 85 47 72 0 0 6 60 54 0 0 0 37 0 10 0 0 48 39 26 13 0 0 0 0 48 0 0
 24 60 0 0 0 18 0 5 9 67 0 36 0 2 56 31 0 7 0 6 52 0 0 0 0 63 0 0 0 10 0 0 53 55 21 0 0 36 45 0 0 0 0 0 34 0 34 0 0 0 0 0 0 0 30 0 30 1 43 0 0 0 68 0 29 0 5 29 0 2 57 0 42 0 0 0 0 0 57 80 0 24 22 0 11 0 50 67 75 23 0 77 53 51 0 47 4 36 36 0 19 0 0 74 0 0 0 29 15 52 0 0 0 0 0 79 84 0 0 19 6 0 33 4 0 73 9 10 0 0 72 46 0 15 15 0 47 16 12 0 0 41 0 0 0 25 0 12 0 2
 0 31 36 5 75 0 0 99 0 0 10 20 39 0 0 6 0 0 0 0 42 11 0 25 0 19 0 0 9 0 11 0 0 0 27 33 1 23 23 8 1 46 48 35 0 0 0 24 0 20 50 0 59 15 38 53 0 13 76 68 0 56 0 38 10 0 0 0 47 14 0 0 35 38 0 0 0 0 0 0 0 0 7 84 0 10 0 0 38 0 0 11 4 17 0 0 0 7 0 36 1 5 20 32 37 0 0 5 39 0 1 0 0 17 0 0 38 0 0 74 37 36 65 0 65 0 0 0 0 0 17 12 19 44 0 11 34 7 0 0 5 0 0 86 0 59 41 0 25 0
 0 39 0 0 87 0 0 4 0 0 0 0 72 22 42 5 0 0 0 0 69 0 0 30 0 0 54 0 0 52 0 23 90 0 0 12 0 0 10 0 4 0 32 18 0 60 0 0 39 20 18 66 0 46 2 0 0 30 12 0 0 3 0 0 32 67 26 36 19 0 0 44 53 0 32 0 48 0 0 27 0 0 29 48 78 0 11 22 42 0 0 39 0 0 0 39 0 73 0 6 41 0 13 0 0 0 69 0 17 80 80 7 32 30 0 0 0 20 0 59 0 0 22 0 1 0 0 0 70 0 0 17 0 0 50 8 0 48 65 0 0 0 43 0 0 0 15 0 0 53
 30 0 25 0 71 0 5 67 60 65 0 5 54 0 0 37 0 0 10 43 7 0 48 9 0 0 0 50 0 14 0 0 1 0 0 0 0 57 10 0 0 57 47 6 2 27 0 0 30 39 26 0 0 1 0 14 64 18 0 0 75 0 1 17 22 69 35 19 48 0 0 0 91 34 81 15 46 52 66 12 0 0 51 0 22 60 84 14 13 0 23 37 27 0 0 0 0 36 67 0 0 13 28 63 57 67 4 0 1 0 0 0 0 20 81 0 44 0 78 23 45 0 0 0 4 51 64 0 64 0 16 0 30 25 16 62 47 0 0 33 19 0 43 21 0 30 3 49 57 0
 91 16 0 44 0 0 16 0 19 0 0 0 9 41 0 12 40 87 0 0 0 45 0 0 34 0 0 0 20 0 0 0 0 0 28 0 0 0 93 0 0 0 46 0 35 15 0 0 0 15 17 9 0 0 0 48 0 12 0 10 0 0 0 50 9 0 0 57 0 5 65 0 0 52 33 11 16 54 0 35 0 0 17 0 0 0 0 9 0 12 18 0 0 10 0 43 4 24 64 7 0 19 0 0 90 22 10 22 0 32 65 89 0 34 0 19 6 62 0 0 41 72 0 0 23 8 0 0 0 0 0 55 17 0 0 0 0 42 50 0 33 37 0 63 40 0 4 0 55 44
 0 0 0 0 0 55 47 1 7 0 24 0 0 0 24 0 62 0 16 12 59 0 1 0 17 0 38 0 0 0 0 0 0 0 34 0 0 33 47 0 0 0 18 48 58 0 23 69 0 0 25 0 13 0 37 0 0 0 6 89 0 29 0 66 26 0 0 32 30 7 0 73 51 0 0 0 0 57 0 0 54 60 43 0 14 0 0 52 15 9 48 61 0 0 81 22 0 48 47 0 48 61 25 0 0 0 38 41 68 0 77 0 44 0 0 0 0 22 0 59 0 63 0 0 12 0 6 24 42 0 17 13 0 33 0 39 23 0 0 0 0 39 0 0 14 12 19 3 34 0
 0 70 0 14 82 61 27 49 0 29 0 0 81 22 31 0 12 39 0 18 22 1 18 10 38 0 0 0 0 86 33 24 51 0 13 59 8 10 0 29 14 0 0 0 48 20 24 0 0 11 34 19 0 2 35 78 0 0 21 0 15 63 0 0 59 23 0 0 0 0 28 0 0 45 35 30 0 0 75 0 0 0 0 57 66 6 36 35 78 43 0 50 59 28 62 32 0 0 90 0 81 83 0 32 24 80 23 0 0 0 0 25 0 0 0 0 37 33 46 9 53 81 0 40 0 91 29 45 67 0 0 43 0 52 0 0 0 8 0 58 15 0 0 68 0 0 0 16 0 0
 0 2 0 0 0 0 0 47 40 15 0 35 67 13 0 0 0 27 14 0 0 0 0 0 7 5 64 20 0 0 43 23 38 0 7 23 0 0 60 7 0 0 0 3 0 99 0 11 0 0 0 0 0 34 0 0 66 0 0 0 47 0 61 6 94 12 0 52 37 52 70 0 45 25 50 0 45 51 44 0 0 0 0 20 0 0 0 79 28 0 51 17 78 39 8 0 0 48 3 0 0 0 0 0 0 0 12 0 0 0 3 12 74 0 24 55 0 0 22 0 3 12 46 65 0 0 27 0 20 24 0 0 0 11 64 0 0 22 61 0 0 17 0 14 0 67 11 0 8 0
 0 17 0 0 64 0 0 41 0 0 0 0 18 51 32 2 0 26 35 0 0 0 69 13 0 0 0 0 47 42 75 9 0 29 47 37 0 58 0 8 39 14 67 0 0 76 59 0 7 0 61 0 45 0 47 68 0 17 0 0 35 63 0 9 17 0 0 0 1 0 7 0 0 0 33 30 0 58 0 14 0 0 91 8 24 0 60 6 62 0 0 0 38 11 3 0 1 0 77 0 10 0 0 26 65 0 24 71 36 5 0 0 17 19 38 0 1 0 0 21 45 0 0 69 0 0 77 5 0 0 0 0 0 0 0 0 0 0 64 72 84 0 0 41 0 0 0 0 0 0
 27 29 0 0 0 70 0 43 0 5 71 42 60 0 55 49 0 26 22 20 0 18 46 1 15 39 25 0 0 0 28 20 0 21 18 4 0 18 55 0 69 31 0 0 34 0 32 68 0 12 41 0 0 6 81 0 0 0 0 44 0 85 0 0 16 3 0 0 79 0 0 2 22 12 0 51 0 0 0 0 52 7 0 15 0 40 1 0 0 0 31 84 8 0 79 41 34 85 55 42 0 45 0 11 0 42 0 0 0 0 0 57 0 0 0 59 0 65 0 0 0 0 54 0 49 0 0 21 58 88 40 66 8 0 10 0 80 10 16 0 0 1 0 0 0 0 0 14 52 12
 0 0 25 0 41 17 16 0 77 0 0 0 70 64 0 76 38 35 16 0 0 0 79 0 54 0 0 0 0 0 0 0 0 74 0 0 21 41 46 6 0 0 7 14 77 61 0 6 55 17 31 61 0 0 0 19 82 0 0 0 17 0 16 0 0 0 46 41 0 0 0 0 43 9 59 43 10 20 0 0 28 0 78 0 19 60 44 0 4 21 0 3 0 9 0 0 12 0 14 0 0 0 11 51 0 26 82 0 0 0 0 0 0 37 0 0 0 4 56 0 0 8 35 44 0 0 0 12 19 0 0 0 39 40 38 30 54 59 7 0 0 0 0 0 0 0 0 0 8 38
 0 45 13 0 21 0 0 43 43 0 0 0 0 15 46 54 0 0 9 72 0 83 46 0 0 0 0 38 5 0 0 9 0 0 65 12 0 0 42 0 0 0 0 10 0 28 82 0 0 51 0 3 0 45 21 0 1 0 0 0 0 0 14 24 0 0 0 0 3 32 0 0 69 0 0 0 2 40 0 74 0 0 19 20 0 0 9 0 0 5 22 0 38 79 0 0 0 79 54 24 84 15 37 0 23 14 0 77 0 57 0 0 0 0 40 0 88 0 0 12 16 0 0 0 79 3 0 50 0 0 0 0 19 0 0 37 0 53 39 0 0 0 0 24 0 2 85 0 2 0
 28 79 15 0 0 0 29 0 0 0 25 30 43 0 0 0 0 0 0 29 36 0 18 4 0 0 56 24 0 0 27 0 49 0 0 37 0 45 47 0 0 0 0 0 0 0 0 0 0 22 55 60 8 41 0 52 0 0 0 0 42 19 8 2 0 0 5 0 51 0 0 0 7 30 11 0 63 0 0 0 10 0 89 0 0 0 0 35 0 0 0 28 56 0 0 0 3 88 0 0 2 19 0 0 3 0 46 6 0 0 0 21 0 24 0 0 62 6 0 0 0 9 64 0 0 0 0 0 90 0 69 86 24 33 0 0 8 0 0 0 15 0 13 10 0 23 27 10 50 0
 1 11 6 0 60 47 66 0 0 10 26 5 0 0 0 92 39 48 19 17 0 7 0 62 8 18 0 29 82 0 0 6 0 0 16 23 0 0 50 76 0 46 0 59 0 67 31 12 0 0 0 62 0 0 0 0 0 0 56 20 0 0 4 70 49 0 0 0 19 0 31 45 0 24 38 0 8 41 85 0 0 38 0 76 58 8 34 13 0 0 0 0 25 49 11 28 0 10 10 0 0 63 0 0 0 6 0 0 12 0 0 0 0 0 0 0 0 0 66 47 58 44 24 39 0 0 0 0 45 10 0 72 25 0 55 0 71 68 0 38 0 0 34 53 27 14 18 0 0 0
 0 0 0 0 16 0 0 0 65 35 55 0 0 86 0 0 0 21 0 58 46 55 0 0 21 64 38 0 0 3 0 0 53 0 0 23 0 44 37 0 17 24 11 0 10 20 0 36 31 76 0 40 27 0 0 0 0 0 13 0 0 31 0 13 0 35 0 53 17 69 4 26 0 0 0 42 27 45 0 0 23 25 0 10 62 0 0 0 19 0 0 0 14 38 18 59 0 0 32 13 0 0 0 3 0 0 17 24 2 10 0 36 19 62 0 0 0 69 15 10 9 20 35 9 0 0 49 0 0 33 0 0 18 22 75 35 16 0 0 40 0 58 0 0 0 0 16 48 0 17
 48 75 27 60 0 0 6 26 36 11 5 2 0 0 0 0 0 17 0 0 0 73 87 0 10 23 0 0 0 46 22 0 26 0 0 31 25 0 20 0 0 0 13 0 0 0 34 0 58 0 0 16 2 26 0 0 17 0 0 8 0 23 38 0 0 38 9 0 0 0 57 52 0 0 0 8 72 0 32 0 44 0 0 0 0 39 0 11 0 0 0 36 0 19 72 12 0 0 33 28 17 9 0 0 0 0 0 0 0 38 0 0 0 6 20 6 16 0 0 4 0 0 0 4 56 0 54 7 47 0 0 64 50 83 32 20 0 0 32 29 32 0 22 0 68 0 0 11 0 3
 23 21 8 70 0 60 0 0 10 0 46 59 0 0 0 0 22 0 85 8 8 0 0 28 0 41 0 14 0 58 18 31 5 9 10 0 0 0 0 0 0 12 47 0 0 4 0 0 34 0 46 81 68 87 99 0 19 0 41 0 29 29 0 0 15 24 34 46 25 26 15 3 8 0 0 0 0 14 0 34 0 63 0 46 15 0 0 10 1 0 0 0 0 58 90 36 0 78 67 16 0 34 0 0 0 16 23 7 0 18 15 82 0 28 0 0 42 0 0 0 2 80 0 28 23 0 23 0 0 0 9 0 28 29 0 0 0 0 0 0 0 63 16 0 0 0 0 0 0 0
 0 41 0 6 16 0 10 9 0 5 0 56 0 78 0 2 0 5 47 28 0 29 0 0 11 0 17 3 74 0 63 0 0 0 64 6 20 0 24 0 24 0 0 15 0 6 0 51 0 64 0 9 10 37 13 70 47 0 0 0 0 57 2 4 0 47 0 95 80 74 0 0 33 76 22 7 0 55 0 80 28 0 23 0 0 0 0 0 2 0 0 0 0 0 26 0 0 0 0 0 0 0 60 29 36 90 0 0 0 0 0 43 0 38 49 0 0 0 6 0 0 45 0 0 0 46 0 63 4 36 0 0 0 0 32 3 0 22 0 0 0 22 68 0 0 34 43 50 0 0
 0 0 69 18 4 0 16 20 1 2 73 0 1 37 0 3 11 4 58 0 0 0 0 0 64 0 21 11 40 0 0 0 30 10 0 0 0 0 0 51 58 0 16 52 5 0 49 13 0 0 54 6 59 0 0 0 10 0 0 46 6 53 93 79 24 0 53 4 0 10 61 4 71 50 0 0 53 48 95 15 0 0 0 0 22 10 0 9 34 28 11 0 0 6 0 0 0 50 28 38 0 43 30 0 0 13 92 0 24 35 0 89 0 0 0 0 0 0 12 64 0 0 0 35 0 30 51 0 60 0 0 11 64 0 0 74 0 0 1 0 2 0 24 20 79 21 4 36 32 27
 24 35 15 12 0 69 15 0 0 30 72 54 31 0 12 46 38 0 67 0 47 0 2 49 12 2 0 14 43 69 0 0 0 49 0 0 0 0 0 0 0 0 0 6 1 14 0 4 17 19 24 28 66 1 22 8 32 57 22 75 59 0 0 0 24 28 11 0 27 0 0 10 40 0 0 0 30 41 39 0 8 0 0 0 26 1 19 35 57 0 24 51 0 0 3 15 7 16 0 75 47 0 0 0 31 0 35 61 38 0 77 0 0 0 30 0 26 0 0 0 0 0 84 75 53 0 22 0 6 0 27 0 0 0 28 0 24 11 42 0 20 0 2 0 0 0 0 0 5 93
 1 0 0 80 12 54 50 17 6 0 83 42 0 19 0 57 16 0 28 63 46 0 0 31 10 0 2 1 0 0 74 0 0 24 0 0 0 0 0 0 0 2 16 0 0 20 36 20 52 32 7 0 0 34 0 84 47 0 57 0 52 9 88 0 59 0 0 21 32 0 27 0 23 32 77 0 0 21 15 58 62 0 79 0 0 31 0 0 0 0 0 34 8 0 0 20 11 0 0 0 10 0 0 0 0 0 0 95 0 60 0 12 2 40 0 0 0 26 0 7 0 53 75 0 42 55 0 0 84 21 0 38 0 12 0 0 0 3 41 0 48 0 46 0 6 18 0 15 32 0
 65 0 0 15 0 5 0 0 53 0 0 47 38 57 24 0 25 0 69 0 64 0 26 0 3 0 34 44 0 32 17 10 31 0 43 0 5 10 30 0 13 30 0 0 29 15 91 0 95 51 16 0 85 0 6 24 0 0 31 91 81 0 0 0 36 39 0 0 0 0 20 0 0 0 7 5 0 0 33 0 0 0 50 35 0 82 0 0 12 41 52 26 0 6 0 32 0 0 0 0 73 0 46 0 0 0 0 32 0 57 26 0 0 10 23 0 0 0 5 0 0 2 0 0 1 0 0 33 0 46 0 0 0 11 0 2 0 28 0 0 6 0 0 24 43 1 21 35 15 27
 25 0 0 0 37 0 6 7 31 82 0 0 0 0 0 0 24 0 0 0 0 30 57 0 0 0 0 23 5 57 21 0 0 0 0 47 0 0 55 38 12 0 32 31 0 0 0 79 0 1 0 85 42 1 0 31 0 0 0 0 95 8 20 0 88 0 18 0 0 9 37 14 1 0 15 0 21 0 71 0 52 24 0 35 0 34 37 0 0 43 51 0 22 16 33 12 0 0 0 0 76 0 36 57 0 0 0 37 0 0 0 0 0 0 16 0 21 0 0 10 0 0 64 13 0 56 0 0 15 0 55 55 0 0 0 9 16 0 66 0 0 43 6 73 0 8 57 30 0 74
 71 0 22 0 0 74 0 0 0 0 0 0 0 40 0 47 0 1 0 30 83 0 7 0 59 68 0 18 0 4 21 0 14 17 0 31 40 53 13 0 0 49 24 0 0 38 0 0 2 53 0 16 0 0 0 0 0 75 0 11 0 46 61 15 0 32 0 0 50 37 25 4 0 6 48 0 0 5 26 0 5 0 0 19 0 0 12 0 45 24 4 0 0 0 0 0 83 34 12 33 0 2 0 34 21 62 0 4 0 0 74 0 0 0 34 0 63 0 0 0 73 9 0 0 52 52 37 28 0 77 12 0 29 46 38 33 0 0 0 49 0 51 0 18 6 19 0 4 0 0
 0 0 0 16 0 31 0 0 0 5 0 0 0 11 0 0 18 49 18 71 0 0 2 0 0 0 0 17 0 81 6 0 35 76 11 71 0 19 0 53 33 0 48 14 59 0 7 6 0 0 0 0 8 0 75 0 0 54 0 20 0 0 73 0 38 0 0 17 21 0 13 16 0 0 0 0 0 52 0 0 0 0 0 17 0 0 0 0 23 0 31 0 0 93 2 0 30 24 0 4 0 29 9 0 0 91 0 35 69 76 0 28 41 0 0 0 0 30 0 0 13 0 18 0 0 20 0 1 0 0 2 45 0 34 60 0 0 0 0 10 0 0 21 0 0 1 14 0 0 38
 0 0 0 52 0 0 0 24 0 6 0 0 0 14 48 0 11 0 3 17 0 28 14 78 67 0 0 0 0 0 43 33 0 3 0 18 0 0 19 0 0 0 0 0 6 0 0 19 41 0 0 0 0 0 8 0 0 3 15 63 15 0 38 80 0 0 28 31 68 19 0 0 20 38 0 35 0 0 45 47 0 5 0 0 57 6 0 13 25 0 0 29 24 12 0 18 0 0 74 30 2 0 18 0 0 2 47 54 13 0 0 0 0 27 0 0 36 1 31 41 8 16 30 0 23 61 16 10 0 0 0 59 0 17 6 15 19 18 12 0 0 0 0 47 78 0 81 35 0 0
 4 0 0 14 5 0 38 0 42 47 0 0 6 15 33 23 0 0 0 0 0 0 0 0 0 17 71 41 2 77 0 2 7 1 68 0 0 0 0 0 0 0 0 0 0 0 0 0 62 35 55 0 69 14 0 8 0 0 0 0 0 3 0 34 95 0 4 47 0 44 0 1 0 0 0 52 0 19 21 23 0 60 70 0 0 18 92 48 4 51 78 0 0 0 0 1 0 52 0 0 20 0 0 8 0 1 9 0 0 0 2 21 0 55 0 0 19 43 52 21 20 0 41 0 68 0 0 1 0 18 0 22 20 52 21 0 0 0 7 0 0 0 0 0 0 65 0 0 57 65
 2 19 0 8 0 6 53 0 0 0 6 0 0 0 33 29 35 0 32 10 29 16 0 0 27 30 0 11 0 13 14 0 0 55 0 0 57 0 30 1 0 0 26 35 0 0 7 0 1 24 8 32 0 0 0 0 36 0 85 0 24 0 37 8 35 87 4 0 16 0 0 0 25 0 0 0 18 1 63 15 0 0 8 6 77 0 28 0 30 32 0 0 13 2 6 5 0 0 12 13 2 0 0 0 0 0 0 40 0 4 0 0 0 32 1 68 10 22 61 0 0 0 0 57 2 61 56 0 27 0 0 45 4 0 0 13 0 21 0 0 0 0 14 5 45 56 0 47 0 33
 0 0 0 57 0 0 0 30 0 11 0 60 0 7 0 0 0 3 47 0 0 0 28 39 11 0 0 64 0 0 0 2 64 0 22 0 0 31 0 0 0 0 0 15 38 17 34 82 0 40 0 10 41 0 0 64 0 0 50 71 0 54 8 0 0 0 6 53 0 0 13 0 43 0 0 0 0 22 14 13 69 0 0 72 46 0 0 0 27 0 0 0 0 67 0 0 0 0 61 0 0 22 0 26 0 7 0 0 0 0 27 0 0 43 0 0 25 0 0 0 82 0 33 0 0 0 21 0 20 53 0 1 0 37 15 19 52 0 0 0 0 29 82 0 0 61 0 0 26 0
 44 19 0 66 40 37 61 7 0 24 80 67 42 53 0 63 0 51 18 25 32 42 0 0 0 0 24 0 9 64 0 30 0 0 0 0 0 0 0 48 0 0 0 0 22 0 42 42 0 28 47 2 0 8 0 0 0 65 0 16 11 38 0 0 0 16 0 37 0 0 77 6 50 75 29 0 0 0 51 0 13 0 92 0 0 78 0 24 40 0 0 0 0 22 0 0 3 0 73 53 0 0 11 0 70 23 64 0 8 42 35 18 0 37 41 6 0 41 0 0 0 0 0 0 0 0 29 45 0 7 80 0 26 0 10 48 20 0 0 26 0 10 15 0 0 10 13 33 36 0
 0 0 0 71 0 0 0 48 16 0 0 48 0 3 10 0 54 0 45 2 0 25 0 35 0 0 0 0 91 17 13 0 0 0 0 29 0 79 31 0 0 0 32 0 9 0 0 0 57 0 0 0 0 80 0 0 75 0 0 24 34 0 0 0 14 0 89 25 4 0 51 0 70 9 0 58 17 58 55 0 63 36 0 0 0 1 0 0 0 66 0 0 0 0 0 0 0 29 76 0 0 0 0 14 58 0 66 0 0 71 38 0 0 31 0 11 23 0 0 0 9 0 54 7 0 0 0 21 0 73 0 0 0 43 17 7 14 0 43 53 64 0 13 0 9 0 48 14 0 42
 0 0 0 0 0 26 0 94 0 12 0 0 3 0 16 0 86 12 0 45 0 51 19 13 28 11 0 0 0 11 0 55 0 0 0 21 3 4 0 0 31 30 0 0 38 0 6 33 11 0 26 13 0 6 0 0 0 20 90 1 0 0 5 0 0 73 25 40 77 30 23 0 9 32 3 0 0 83 25 0 0 71 87 0 0 0 0 0 0 9 0 14 38 56 96 25 0 0 0 0 0 0 0 17 6 12 20 0 0 15 52 7 0 27 16 33 20 53 0 89 0 0 0 0 33 0 27 7 0 29 37 0 0 0 20 44 0 61 0 0 0 0 0 12 49 0 45 70 23 59
 25 42 0 23 0 0 0 0 0 0 0 27 0 10 41 0 20 69 38 0 25 0 76 73 0 45 84 0 0 53 50 22 31 29 0 16 12 84 0 8 52 17 0 3 0 0 0 56 45 66 23 0 0 0 0 61 0 17 0 0 0 0 0 56 62 56 0 0 0 0 46 6 9 6 0 34 0 0 33 0 7 38 0 10 46 34 52 0 0 19 49 4 0 0 60 0 0 0 30 0 0 0 0 57 0 21 0 0 12 0 0 56 0 40 0 10 0 0 0 9 12 0 92 0 0 0 0 0 0 0 41 19 37 24 0 0 0 0 0 49 28 81 0 0 0 0 21 27 0 0
 0 13 0 14 56 1 0 0 0 0 8 24 77 0 63 3 0 46 16 83 26 5 61 33 0 23 0 21 0 26 5 0 0 22 0 17 0 7 30 50 0 36 33 0 22 7 5 0 1 32 4 0 0 0 0 80 0 0 24 7 0 0 0 2 0 5 17 0 54 38 0 76 0 0 18 0 0 34 0 13 10 0 56 19 17 7 0 0 23 14 16 0 12 0 0 6 17 0 79 0 26 20 0 0 0 7 0 0 7 0 0 66 0 35 7 0 58 0 69 11 29 51 5 2 33 0 0 5 0 0 0 0 65 6 13 30 0 35 53 0 13 0 0 0 59 0 48 13 0 35
 0 0 16 42 0 0 0 57 0 25 1 63 85 69 0 50 0 0 0 0 81 0 13 0 21 25 8 15 34 0 82 0 0 0 9 0 9 0 0 0 0 0 36 0 46 0 81 0 0 0 0 6 25 87 0 0 0 0 0 80 0 52 34 0 12 0 0 0 0 0 0 26 87 37 73 0 44 24 13 0 0 0 0 49 0 5 0 22 0 56 0 16 0 0 15 3 0 9 0 9 45 11 0 52 0 0 0 60 0 41 44 15 0 12 0 0 0 6 0 0 21 42 0 0 0 0 10 0 22 0 0 0 0 19 0 0 18 0 0 34 0 29 0 0 1 12 0 12 75 35
 30 0 7 2 23 76 48 0 5 28 28 0 0 15 0 39 23 19 66 0 23 0 9 0 3 0 53 8 11 62 59 18 0 29 0 28 0 0 23 0 33 0 0 13 0 0 75 0 0 18 0 0 69 54 38 0 0 53 0 9 13 0 67 0 15 19 18 0 0 0 0 60 0 47 0 0 0 54 38 44 0 0 21 0 7 0 0 0 53 0 33 12 0 24 0 15 37 0 64 0 0 0 47 0 48 22 0 52 77 19 12 0 82 0 8 0 17 0 8 0 33 81 0 0 21 9 0 31 40 7 26 0 0 0 0 5 2 0 16 60 33 0 26 0 0 0 52 0 47 0
 79 0 7 92 32 0 0 35 0 42 0 91 0 49 0 8 32 3 0 12 0 0 0 33 12 30 0 29 4 0 3 25 0 0 0 6 0 11 45 4 0 0 0 31 0 0 0 37 0 33 0 0 1 46 6 0 33 43 0 0 0 0 33 4 17 13 86 0 65 0 11 0 0 60 79 0 0 42 75 2 61 0 40 41 0 0 29 71 0 44 0 23 0 0 35 32 0 0 0 5 0 8 0 46 77 47 41 12 88 0 10 84 0 0 4 0 42 52 0 0 43 2 0 0 0 0 0 36 33 0 10 0 0 46 18 66 10 47 23 62 0 50 74 20 69 9 15 0 0 0
 0 0 0 0 32 38 53 84 70 0 54 23 28 45 36 0 8 32 2 0 0 0 0 0 20 0 4 66 0 0 26 0 18 0 4 0 0 6 9 14 56 0 0 14 0 22 0 0 0 62 51 51 0 0 10 0 49 2 47 0 99 29 18 0 0 65 0 48 0 33 0 50 57 52 49 54 19 27 63 0 0 0 0 66 23 94 6 27 0 0 0 0 0 2 0 0 40 1 0 0 0 45 59 0 19 43 0 0 12 18 56 11 0 56 60 23 47 0 0 0 0 0 0 7 11 0 12 1 0 42 56 0 0 0 20 31 0 0 74 43 0 0 12 86 0 0 30 55 13 0
 3 0 0 72 0 45 18 4 0 8 60 1 0 37 52 0 12 10 17 58 15 0 29 11 0 3 0 17 51 13 0 0 0 0 20 0 17 19 30 73 0 0 0 33 40 0 13 89 0 0 0 0 0 0 33 7 0 0 80 7 0 35 22 41 28 0 7 46 0 64 7 24 0 5 38 0 68 11 0 0 0 5 0 0 22 84 6 0 0 0 11 20 65 12 0 24 54 23 10 0 0 8 0 57 49 32 12 61 0 0 25 0 0 0 25 0 44 0 0 0 67 0 0 0 0 32 0 50 7 8 0 0 65 95 14 27 0 0 81 21 22 0 44 66 0 44 0 27 0 17
 49 58 37 0 60 0 34 0 0 36 0 0 83 0 0 0 47 13 0 0 9 0 0 0 0 0 45 87 58 0 66 0 0 0 7 0 0 0 40 21 17 0 0 0 3 0 0 22 0 0 46 0 0 77 0 0 0 0 0 71 2 0 0 65 0 0 0 48 0 0 79 0 0 0 0 0 0 35 29 0 4 0 0 0 29 0 3 7 57 0 45 16 0 42 20 0 23 0 30 6 0 6 0 58 0 52 0 45 18 67 0 50 41 0 10 33 42 42 11 0 58 0 15 70 0 23 43 13 12 37 0 13 0 0 0 0 0 27 0 43 0 0 0 3 0 0 0 0 0 3
 0 0 15 21 79 0 0 8 0 0 11 0 18 0 21 71 65 21 50 64 0 4 0 10 5 0 0 48 0 0 0 60 20 0 0 0 0 57 0 74 15 0 43 38 0 0 76 46 59 11 38 0 35 0 6 1 0 0 0 0 0 0 23 0 0 0 0 0 0 0 0 10 0 0 0 0 36 0 92 26 6 8 36 0 1 0 0 26 0 0 23 0 35 72 0 0 20 0 61 0 85 0 74 0 2 3 27 53 0 0 11 0 0 0 0 0 0 0 0 0 0 30 0 0 0 0 0 0 1 0 66 0 0 23 34 83 0 0 17 37 27 57 0 41 0 24 0 0 17 71
 0 0 7 38 25 2 9 0 26 54 0 61 0 0 7 0 0 0 33 0 18 0 0 31 0 51 0 48 0 21 17 0 76 1 57 0 0 0 0 15 0 0 0 13 75 33 0 6 12 0 17 56 82 6 0 0 0 44 0 22 2 77 23 0 0 0 0 58 10 67 2 0 4 0 0 63 75 50 0 12 0 55 6 0 54 0 0 64 8 0 0 0 0 0 0 0 0 0 46 0 26 0 53 39 0 18 0 0 0 35 0 0 0 18 9 33 0 26 0 27 7 21 33 35 0 0 45 0 28 0 0 48 0 0 0 24 3 5 60 51 22 5 0 0 0 44 51 17 22 79
 36 58 4 0 23 0 0 14 66 0 75 0 0 4 5 35 0 94 14 0 15 0 46 46 67 0 6 41 0 0 0 0 0 0 30 34 0 0 34 12 64 42 45 0 37 11 21 0 0 32 0 63 0 0 41 0 66 0 0 0 0 0 41 9 35 10 0 0 0 22 0 0 1 10 0 97 76 0 0 23 92 0 46 45 14 0 0 76 28 46 16 86 0 0 33 63 0 0 0 25 0 4 0 10 58 73 0 32 0 21 82 0 39 0 0 2 23 0 75 0 17 41 0 24 0 50 6 76 17 0 5 0 0 35 0 25 0 18 13 21 0 0 0 29 23 21 0 0 0 0
 7 39 20 42 13 31 8 0 0 0 0 0 0 22 51 11 56 0 0 0 64 36 0 0 90 14 0 48 27 6 55 0 0 0 9 0 0 0 0 26 54 91 62 0 16 44 35 0 10 4 0 0 0 22 0 42 10 41 72 13 0 60 53 0 0 25 6 6 0 0 0 35 74 45 31 19 0 38 0 0 79 19 0 49 12 40 0 57 0 0 0 0 20 0 8 0 0 7 0 9 0 0 29 0 0 28 8 6 0 0 18 0 0 6 0 0 0 72 29 25 0 0 53 0 0 68 0 0 43 0 22 0 0 0 0 4 0 0 26 56 0 0 1 0 76 0 0 0 60 17
 0 23 0 0 0 60 11 18 0 0 0 0 22 63 0 0 0 0 27 16 46 0 6 61 0 0 21 0 0 67 0 61 26 0 0 57 30 54 0 0 0 0 0 0 89 68 0 34 0 0 0 5 65 45 34 0 90 32 0 0 10 3 70 89 0 0 1 0 57 0 65 0 26 0 0 15 24 7 0 0 0 7 45 0 0 26 42 0 0 75 48 88 53 0 0 0 0 43 27 14 24 0 0 30 0 0 31 1 0 0 7 54 0 64 0 3 0 0 46 0 55 0 0 0 0 0 0 85 0 0 0 0 14 74 21 0 55 48 0 43 38 0 59 49 0 0 62 56 0 40
 21 0 0 16 77 0 0 0 0 0 59 34 21 61 0 59 0 4 0 48 0 0 2 45 0 0 27 0 25 0 49 0 81 9 32 0 16 53 65 0 0 35 55 8 0 0 0 0 8 0 1 0 0 83 0 82 14 11 17 0 0 0 0 35 53 0 0 99 17 19 0 0 0 50 0 0 17 15 32 51 0 0 40 52 0 0 0 10 0 0 0 0 0 15 0 0 0 90 0 0 35 22 0 0 0 24 0 0 0 28 0 7 0 43 69 0 0 1 38 52 57 0 93 0 0 21 0 50 0 15 24 85 0 20 0 44 29 0 82 0 0 49 0 0 13 0 0 0 0 0
 17 54 73 57 19 19 1 0 17 2 42 0 0 0 17 63 67 40 16 0 0 2 0 0 0 0 0 0 0 34 0 0 0 0 28 75 0 19 0 16 0 0 46 0 0 42 0 30 0 48 5 0 0 57 0 93 0 0 21 26 18 1 66 0 25 0 0 67 21 38 0 0 48 0 41 0 0 0 0 0 0 0 54 8 41 36 20 46 41 0 23 71 53 0 9 81 0 30 0 53 15 0 0 0 24 0 0 0 0 43 22 0 0 6 0 0 37 0 2 0 35 0 0 49 0 0 0 7 37 42 0 0 1 56 36 0 0 36 5 68 24 0 0 0 61 0 58 0 0 0
 0 42 57 0 0 24 0 0 0 37 23 0 0 0 0 12 61 0 0 0 0 0 23 0 2 29 0 0 30 0 44 59 40 13 0 30 15 51 75 0 10 0 3 40 0 44 38 0 0 54 9 0 5 0 2 31 0 0 0 0 0 22 80 0 0 17 4 0 0 21 0 0 0 56 30 0 0 13 22 19 20 0 0 37 0 39 36 0 0 5 0 0 52 65 41 0 0 82 26 0 4 0 0 32 13 0 5 32 0 43 40 0 27 17 0 0 42 0 63 10 0 0 8 0 0 0 39 31 0 0 0 0 0 0 18 0 0 0 0 49 6 17 0 0 4 78 0 91 0 58
 0 29 0 49 12 49 5 0 56 0 32 0 10 0 74 0 0 0 9 0 0 79 0 23 0 8 0 24 12 58 32 36 0 0 0 0 6 0 0 17 0 0 9 16 0 83 0 0 0 0 31 0 81 14 40 36 28 0 5 72 0 0 16 44 0 0 32 19 43 79 0 48 12 20 0 0 0 0 53 2 44 12 0 90 0 0 60 0 0 58 0 0 0 53 8 6 0 51 0 14 0 73 9 2 0 72 0 74 0 3 62 43 32 0 4 0 0 0 0 28 42 0 79 46 35 38 0 0 8 56 46 0 5 57 0 12 0 35 22 0 8 8 0 0 3 0 32 17 0 34
 42 0 20 0 57 48 52 0 29 0 7 0 43 43 15 7 0 68 65 0 65 0 79 0 30 0 0 42 0 0 0 33 27 0 0 33 44 87 0 49 0 0 0 0 0 0 0 82 34 61 0 0 35 0 0 78 0 0 14 34 38 4 44 0 0 57 29 0 29 42 39 3 0 25 0 0 78 0 0 0 0 0 86 0 0 19 49 96 33 34 1 11 0 16 6 0 69 0 0 2 59 2 0 25 10 0 0 0 0 0 0 0 0 18 85 0 0 24 54 46 0 30 32 0 4 15 3 38 3 0 6 0 32 9 20 24 0 0 0 0 0 18 17 21 0 0 0 0 0 37
 0 0 29 0 0 29 0 36 72 8 0 28 28 0 52 0 0 0 0 0 0 0 0 0 34 0 44 0 0 61 0 0 56 0 7 20 0 36 0 0 0 0 74 0 0 0 0 40 0 10 45 27 0 48 0 0 0 0 6 0 46 0 0 0 0 0 0 0 56 12 37 0 5 0 36 6 33 0 64 0 0 6 11 97 0 20 22 0 66 35 0 0 12 13 33 0 0 20 0 29 0 0 18 94 0 20 0 64 44 7 0 0 0 0 0 54 76 46 0 23 0 43 58 0 78 53 0 5 66 0 7 10 0 18 44 0 36 40 0 33 23 0 76 9 0 40 3 0 0 16
 0 0 0 12 0 16 32 0 0 22 5 0 0 0 0 0 36 69 10 0 0 74 47 0 8 0 0 22 37 0 1 23 12 33 59 32 0 46 0 45 63 62 0 0 0 20 35 48 0 0 3 18 27 41 51 35 0 29 56 0 0 0 35 3 0 0 31 63 0 0 0 0 0 16 0 34 54 20 63 66 0 52 0 57 77 0 0 0 0 10 0 51 35 0 39 48 76 0 12 41 23 0 1 23 30 0 24 67 49 33 0 21 0 11 0 23 0 0 0 0 41 13 0 14 20 0 0 20 0 0 0 0 73 0 18 84 0 0 55 0 0 0 22 5 25 50 3 33 2 35
 42 25 68 0 40 11 4 0 9 0 0 7 0 22 9 0 76 0 50 30 0 0 0 16 0 0 0 0 0 0 50 18 11 0 0 73 0 16 0 4 23 0 0 0 6 0 21 0 13 0 42 53 24 66 15 28 0 0 61 0 0 0 0 28 0 27 3 78 11 1 0 0 38 0 47 27 0 0 0 26 0 28 0 34 0 2 22 0 91 52 80 3 0 0 61 0 0 0 12 77 23 0 0 0 6 0 26 37 24 57 27 0 18 0 26 0 0 7 83 0 50 74 43 0 39 0 0 0 25 61 14 12 30 85 0 0 16 17 0 0 0 36 0 0 29 2 6 40 28 0
 29 32 0 0 0 0 58 0 11 0 48 0 0 0 0 0 79 0 19 0 32 50 13 0 43 22 35 0 45 0 0 0 53 0 45 10 74 11 0 0 0 0 26 0 0 0 13 0 0 32 0 51 46 0 5 47 65 0 0 0 8 59 70 0 80 55 89 60 34 0 0 37 0 0 0 56 0 0 64 28 0 36 0 9 0 58 27 0 89 0 0 85 53 14 89 0 12 60 0 8 71 9 84 0 9 0 0 47 2 1 0 0 29 17 0 0 0 13 3 86 46 15 0 0 72 17 0 0 0 5 31 0 0 16 20 24 0 11 64 0 6 0 0 8 0 0 41 42 85 0
 3 0 2 6 17 0 6 0 0 32 1 4 0 78 0 0 8 0 0 39 1 15 0 0 0 1 0 18 0 0 38 0 0 0 4 24 15 45 0 0 14 0 32 57 0 0 0 0 71 0 0 0 0 7 17 62 1 55 0 11 0 27 65 0 38 0 2 23 36 0 89 0 4 45 45 2 0 50 0 46 23 0 0 17 0 0 5 44 0 0 70 0 78 0 3 0 94 0 0 3 70 65 8 0 0 13 0 0 80 0 15 54 0 11 36 24 4 0 0 4 0 4 11 34 0 0 40 0 42 0 80 0 0 9 0 0 0 31 0 79 0 0 42 0 0 0 5 0 0 0
 1 0 53 0 0 0 0 34 0 0 0 0 47 0 45 13 29 68 40 40 9 0 0 0 37 16 2 0 6 0 0 0 0 0 5 38 0 36 0 0 81 1 0 22 0 0 0 3 0 0 42 0 0 0 0 75 0 6 74 0 0 44 0 0 35 0 0 0 35 0 17 5 61 0 67 0 0 0 0 30 50 43 35 0 88 0 0 0 0 60 24 0 13 88 0 0 0 0 30 0 5 39 73 0 63 30 5 0 7 0 0 0 12 42 25 71 39 0 68 0 54 15 0 38 48 35 0 69 9 1 0 1 0 0 19 0 0 0 0 0 7 0 43 41 48 7 0 34 0 0
 54 50 2 19 0 0 28 0 0 55 10 66 77 0 39 16 55 12 14 0 60 0 0 29 0 0 0 0 88 0 0 7 17 52 0 51 35 0 19 6 71 78 10 0 0 0 0 0 28 1 9 0 0 0 0 0 75 0 7 15 0 10 0 10 39 0 3 19 3 0 0 2 0 71 0 13 16 0 38 82 0 0 11 22 0 0 0 0 0 0 0 0 0 25 30 20 0 8 22 0 16 0 0 0 47 0 0 27 3 0 85 10 13 0 14 0 37 5 25 29 0 0 0 0 0 0 32 49 31 0 43 0 46 64 5 82 45 21 0 19 16 0 0 30 0 0 0 0 34 46
 0 58 0 27 27 6 0 7 0 0 0 0 0 0 11 0 0 51 0 89 0 59 40 0 5 0 10 0 0 0 31 0 20 69 37 0 52 6 0 85 0 13 0 0 0 42 10 0 11 11 69 0 0 0 0 4 9 0 0 0 0 64 65 0 0 0 29 27 6 0 62 0 0 0 0 50 0 33 68 72 0 47 26 15 0 40 0 19 74 0 35 2 55 55 0 44 60 0 0 0 33 0 23 0 0 4 0 0 0 0 10 0 0 0 0 19 23 89 0 0 4 0 0 0 0 67 36 0 13 43 0 52 0 4 30 19 0 68 0 15 8 2 10 12 0 54 46 17 0 3
 0 0 0 0 9 26 0 47 24 0 0 0 0 0 50 11 32 6 11 5 0 0 16 0 21 24 0 0 22 0 22 43 70 30 34 0 0 1 0 47 49 2 0 15 5 9 0 0 0 35 0 28 66 0 52 50 13 0 0 3 13 0 0 0 20 14 17 0 18 27 19 0 55 0 6 0 0 0 0 32 57 29 42 16 78 51 62 0 30 0 7 0 0 88 8 0 6 82 21 49 6 1 64 0 94 0 68 0 0 58 83 34 68 0 0 0 76 0 0 0 42 34 82 0 43 54 44 0 14 0 2 44 0 0 57 0 12 0 0 5 36 0 0 9 24 10 0 54 89 0
 0 0 62 0 0 0 55 54 3 0 0 9 42 0 45 0 0 67 26 66 0 17 0 0 32 32 0 0 0 33 0 0 42 0 30 4 0 61 0 0 0 0 0 0 27 0 32 0 0 0 0 0 62 15 0 32 0 0 17 29 66 0 0 33 0 10 2 44 0 23 34 12 0 24 10 0 0 3 45 25 41 0 0 0 0 0 0 26 0 24 74 0 56 5 0 97 0 33 0 0 24 0 0 11 45 0 0 72 0 0 0 0 7 0 0 0 0 27 63 47 29 0 2 0 2 81 7 0 68 34 68 25 0 0 0 0 39 44 74 85 49 0 24 0 0 0 0 0 0 60
 49 22 0 0 0 0 0 7 0 27 55 0 0 0 24 28 0 42 0 80 0 87 32 28 0 41 31 87 0 0 28 14 0 0 0 0 0 0 0 9 34 0 0 0 0 0 0 0 0 0 34 0 0 0 0 0 0 1 18 33 0 0 13 0 20 0 0 0 0 69 0 0 10 0 1 9 0 0 0 0 35 48 0 34 34 0 11 25 84 0 0 9 29 0 0 58 0 40 32 8 0 0 0 5 32 0 35 0 86 0 0 39 0 36 0 4 78 0 0 0 0 0 0 43 0 4 0 11 65 45 58 0 2 0 50 47 0 0 49 80 0 8 0 0 1 0 0 0 79 0
 18 8 37 0 6 23 0 0 0 0 50 37 2 0 48 0 3 59 78 0 25 0 0 0 0 19 0 85 42 7 10 84 52 0 12 19 69 0 1 0 0 14 0 35 20 29 7 0 32 0 9 47 0 0 0 54 0 0 22 31 24 0 0 0 14 0 25 0 49 5 56 64 0 67 0 8 0 0 64 6 0 0 0 30 0 0 0 0 0 0 0 0 0 4 29 11 0 30 0 40 4 0 30 0 0 9 0 0 27 19 56 56 0 49 12 91 3 19 63 0 26 33 0 0 0 11 60 0 37 58 76 0 38 16 0 0 39 0 18 5 27 0 12 0 27 0 0 25 0 33
 0 0 41 66 92 0 0 16 6 18 13 17 1 0 40 0 0 50 0 16 31 0 0 5 43 0 0 32 5 0 0 0 22 11 0 0 0 43 0 0 0 3 19 0 0 0 0 1 59 0 0 93 30 0 54 22 20 0 0 0 0 22 41 0 0 0 13 28 73 42 65 0 0 2 75 2 22 7 0 0 24 58 0 0 0 0 5 0 22 0 0 0 0 0 0 0 0 0 13 0 4 0 0 48 0 0 40 0 28 7 0 88 0 14 3 0 18 18 0 75 0 6 0 32 0 0 15 71 0 38 0 0 4 0 0 0 8 0 0 75 0 0 15 0 4 0 0 0 0 35
 5 0 0 0 0 56 0 32 0 2 0 3 0 0 2 75 0 33 72 0 27 0 0 71 0 8 3 0 0 0 22 29 24 0 26 0 0 0 39 0 23 0 0 0 0 56 33 0 30 0 0 0 50 0 0 33 0 17 41 36 8 0 0 7 67 6 0 2 48 93 16 0 0 61 0 0 0 0 34 46 0 16 21 0 34 80 0 0 31 23 40 0 0 0 26 20 0 51 43 55 36 47 0 19 74 0 57 0 0 63 0 0 20 64 49 34 34 0 28 0 0 0 0 48 19 0 0 0 0 0 46 57 6 0 0 54 30 43 46 17 83 21 14 35 64 0 0 11 63 0
 0 0 0 0 32 0 0 64 0 0 6 0 2 24 4 27 0 23 58 0 0 0 25 63 31 17 0 0 48 0 0 17 0 35 0 10 0 9 69 0 0 0 79 0 68 8 35 67 0 0 39 22 53 55 47 0 0 64 55 0 0 39 0 0 27 44 78 0 17 2 23 28 15 0 60 0 6 17 0 0 6 0 1 1 1 43 0 13 0 0 49 0 0 0 3 0 0 5 3 0 51 17 38 79 0 0 26 17 0 22 0 0 82 64 71 29 14 0 56 0 37 0 0 0 0 58 0 0 35 48 64 0 0 4 0 0 0 0 49 0 53 70 0 0 0 11 0 0 0 39
 13 0 0 36 2 19 0 77 21 0 0 86 0 0 30 0 0 0 0 49 0 48 0 52 37 35 0 29 0 0 21 94 0 2 0 0 0 51 0 0 7 0 19 4 0 23 0 0 0 17 35 50 0 30 49 0 29 15 24 2 0 0 60 33 0 40 0 74 0 0 0 7 0 1 0 3 0 0 30 0 0 42 0 44 59 0 0 0 0 0 3 32 8 46 24 24 26 0 0 32 0 0 0 5 60 1 0 26 28 2 0 49 0 6 0 0 52 6 0 41 0 0 0 0 72 8 0 0 45 0 47 11 0 0 46 0 0 25 11 0 48 0 0 0 0 2 38 36 4 77
 0 0 32 33 25 0 0 83 56 0 0 0 0 36 23 35 0 52 0 0 0 0 85 18 0 0 0 26 62 33 37 0 7 69 0 87 0 39 44 0 68 0 0 30 0 8 0 0 6 0 0 3 2 41 9 0 65 0 0 30 5 0 3 71 26 19 8 0 0 0 39 30 25 0 0 0 0 46 0 37 0 34 57 52 0 0 24 0 3 0 0 0 33 0 0 77 0 0 0 63 10 0 17 0 24 36 0 0 0 0 10 29 0 66 76 6 70 0 0 38 64 19 0 0 11 0 0 65 0 0 45 0 96 20 7 0 56 0 0 0 7 8 8 0 14 56 21 36 28 0
 0 19 0 52 0 0 0 0 0 45 16 12 0 0 19 27 28 31 0 0 0 0 24 44 77 0 53 3 0 0 0 59 34 0 27 7 15 14 28 8 51 0 0 43 0 41 6 0 0 0 7 0 59 24 0 0 0 25 7 89 51 0 0 0 0 70 0 0 17 0 0 0 38 0 0 0 0 0 0 0 0 0 15 0 5 33 0 24 0 40 28 63 0 0 47 0 30 19 59 0 15 3 21 0 0 43 0 31 0 0 0 0 0 0 38 0 45 1 0 15 0 21 73 0 0 0 0 0 27 0 0 0 0 0 0 0 0 30 0 9 48 34 0 0 35 9 32 0 16 32
 0 0 21 0 42 81 0 1 27 0 38 4 7 0 34 0 0 56 50 0 9 25 27 24 57 21 12 0 14 0 0 6 5 0 3 0 4 3 53 4 0 0 0 0 0 0 0 30 0 39 0 29 0 31 0 0 0 0 52 30 0 62 27 0 0 21 66 0 0 0 39 26 66 3 0 7 0 25 0 22 78 0 0 65 8 0 20 71 32 0 0 15 14 0 18 18 0 56 0 22 0 0 0 25 12 4 82 0 0 0 29 62 0 31 57 0 0 0 51 36 13 0 0 0 0 0 0 0 22 58 0 0 0 0 8 76 0 0 0 19 0 0 2 1 0 12 0 48 89 0
 5 0 0 29 0 0 0 18 51 0 0 10 0 70 12 80 0 31 0 66 13 0 0 7 0 0 0 15 72 79 63 6 0 3 43 10 0 0 0 0 22 58 0 0 66 7 0 56 64 0 0 10 0 61 0 10 30 0 0 0 0 0 0 0 18 0 61 2 4 53 11 2 0 0 0 85 0 0 0 21 0 0 0 4 52 0 0 48 0 0 0 0 3 26 0 18 51 0 22 94 26 92 0 0 24 0 53 52 21 0 16 0 32 0 46 0 29 0 2 0 0 0 18 0 63 8 0 0 0 0 0 8 0 42 18 72 53 0 48 49 16 11 0 0 0 0 35 15 0 33
 0 0 0 0 5 7 13 0 40 0 9 38 0 61 0 0 4 0 65 3 0 68 16 0 0 0 31 52 0 0 0 0 0 0 0 29 31 0 0 0 0 0 6 0 35 38 0 1 22 42 37 0 0 38 52 36 0 0 36 67 14 24 0 0 33 12 57 0 15 11 0 0 17 0 0 0 23 0 36 15 53 59 16 19 0 46 59 11 0 0 0 0 0 0 0 36 43 62 0 0 0 28 83 0 37 66 35 0 36 19 0 5 47 50 0 14 1 0 0 46 47 97 0 36 53 30 0 44 32 0 0 36 0 0 0 0 10 0 0 0 2 0 24 0 34 0 30 12 0 46
 0 0 0 0 0 0 2 0 0 33 47 0 0 77 18 0 43 0 25 0 0 57 35 10 48 0 0 5 0 35 0 77 25 22 0 38 0 0 0 96 0 56 0 10 40 67 0 23 64 0 63 22 0 0 0 8 0 58 0 0 33 35 0 14 94 0 43 0 0 0 9 51 0 0 17 0 34 0 30 0 0 45 6 0 0 0 0 17 0 0 0 0 8 10 24 56 0 18 34 0 0 0 0 0 33 88 2 45 0 5 25 0 0 0 11 14 0 2 44 40 0 0 0 47 0 0 36 24 30 0 33 35 3 21 0 39 4 0 0 81 5 3 42 23 0 24 0 54 0 0
 0 0 0 5 0 15 0 44 62 0 75 39 31 1 17 4 0 0 9 0 80 0 56 0 67 87 7 16 0 9 26 23 0 0 0 1 51 0 4 0 0 11 0 0 38 0 51 22 33 49 26 37 13 65 0 15 77 0 59 0 31 0 31 24 0 16 0 0 0 0 14 56 0 0 0 0 0 67 0 64 0 0 0 24 0 0 0 34 37 6 0 10 0 24 0 0 0 39 37 0 27 29 20 8 0 33 0 0 48 0 85 0 28 0 10 71 0 0 0 5 0 0 42 0 0 2 0 11 34 78 61 9 39 0 0 33 30 0 0 0 0 75 54 0 0 34 6 60 0 21
 0 0 30 22 46 1 0 10 0 0 0 0 25 0 0 0 0 4 0 0 0 0 0 4 0 0 38 0 0 79 0 59 2 30 0 0 31 0 28 19 0 23 0 3 0 0 72 0 8 8 0 23 0 20 0 0 0 30 0 39 18 14 0 49 0 34 45 0 12 0 0 0 0 13 0 0 61 0 13 38 87 21 0 0 40 40 0 34 42 0 52 18 0 4 0 82 0 22 0 0 0 54 12 0 0 50 0 25 0 7 22 6 21 0 65 5 15 19 25 0 0 0 34 0 0 0 31 43 36 0 0 21 0 0 0 24 0 50 0 25 32 0 0 4 0 29 0 18 74 26
 0 0 0 0 76 0 0 0 28 0 18 40 0 64 0 91 41 0 0 55 0 0 19 0 26 0 6 0 40 0 21 0 22 0 0 31 0 0 6 4 0 27 6 0 91 0 0 16 33 70 4 33 0 33 16 8 87 80 0 37 38 9 0 38 59 78 2 82 40 44 11 30 3 0 39 28 13 0 16 55 0 25 55 19 75 0 0 60 2 11 0 0 36 0 0 14 0 0 34 3 9 0 0 34 47 43 4 0 0 40 0 0 10 0 0 30 48 0 17 0 0 0 0 0 0 0 9 0 81 0 35 66 53 0 70 0 0 2 0 82 0 33 42 47 0 0 0 70 0 57
 0 0 0 0 92 0 0 5 70 0 9 0 0 58 0 34 0 23 0 33 0 72 0 64 0 0 0 0 0 75 0 51 0 14 57 34 47 0 53 0 0 0 0 14 41 9 0 60 0 56 0 48 0 0 0 0 3 23 0 0 23 22 81 0 0 0 0 0 0 0 0 0 0 22 20 0 47 17 41 0 10 0 0 0 0 0 3 0 10 0 12 0 0 0 1 19 3 1 0 0 0 0 0 0 0 31 0 21 0 8 39 38 31 24 28 11 0 12 0 27 78 68 60 0 0 0 0 45 0 9 64 0 39 15 0 7 6 0 0 39 0 6 0 21 5 0 3 0 0 0
 0 55 6 45 0 0 5 0 11 0 0 0 0 24 4 10 0 0 0 43 0 0 17 0 0 67 21 4 0 0 80 39 22 0 45 35 0 39 13 61 16 0 16 25 1 0 0 90 58 0 43 29 30 0 16 0 75 0 69 0 0 0 25 77 16 0 65 0 3 0 31 0 11 0 0 0 0 0 48 0 79 68 45 0 43 2 0 0 25 22 0 59 0 0 0 10 45 0 5 0 0 0 0 18 0 0 0 0 51 0 0 0 76 0 39 0 61 21 0 0 0 34 0 56 59 0 0 82 13 23 43 0 0 0 0 2 0 5 5 33 0 14 23 16 42 0 33 0 57 69
 0 0 30 8 0 0 10 25 25 0 38 0 0 0 7 6 0 44 0 0 67 10 29 0 0 10 18 17 0 0 0 0 0 13 34 16 80 38 0 7 42 88 0 19 47 0 54 0 32 34 73 52 5 0 42 12 12 85 33 31 10 35 68 84 35 0 2 0 0 0 0 20 56 81 55 0 13 0 11 0 0 69 0 42 75 65 40 37 0 0 19 23 0 0 68 0 14 25 0 0 24 0 0 61 0 30 78 30 0 0 0 0 0 0 37 64 0 0 27 0 0 0 16 43 0 43 23 0 15 67 73 0 0 0 0 0 0 0 0 5 0 0 0 6 24 23 20 0 3 0
 0 0 58 0 6 0 0 26 0 0 0 40 8 0 46 4 6 0 5 44 0 18 0 7 16 0 0 47 26 0 0 25 0 0 0 0 0 41 0 0 61 0 0 5 0 55 0 46 4 0 0 44 14 0 0 1 38 0 82 3 0 0 36 0 0 0 0 4 0 0 60 0 34 0 0 0 0 0 11 46 0 2 1 37 0 0 56 66 0 36 4 51 0 0 0 0 0 8 0 0 0 0 0 0 0 0 77 0 0 61 74 0 0 46 0 14 73 0 34 84 25 42 0 50 0 27 0 0 0 11 92 63 37 60 22 60 7 0 0 0 3 0 0 0 0 0 12 0 0 35
 0 72 30 0 72 0 11 0 0 0 73 0 0 3 45 0 0 3 0 8 0 0 31 0 0 0 0 28 0 0 35 0 0 0 0 0 0 0 41 68 0 62 0 0 0 42 14 0 0 36 0 19 0 37 68 13 74 57 0 31 16 8 0 0 0 0 47 0 30 0 29 45 0 74 0 30 38 0 36 0 46 0 51 0 35 25 67 0 0 81 0 0 9 25 0 0 11 0 8 0 0 27 15 0 31 0 63 27 13 0 89 0 42 0 0 5 13 77 13 87 38 0 43 0 74 0 64 37 54 14 76 0 0 0 0 0 0 0 0 0 0 0 0 55 0 13 18 0 0 20
 0 0 14 0 74 0 19 0 0 0 0 0 11 19 37 49 0 10 0 21 0 19 27 0 0 82 0 25 0 0 0 36 26 25 66 0 28 73 67 0 9 0 27 10 0 0 28 18 0 9 0 0 0 1 5 0 0 15 62 0 2 35 8 0 0 0 11 47 14 49 37 0 30 0 71 23 25 0 55 7 0 0 0 0 0 0 69 0 17 3 0 0 32 0 0 14 3 0 37 0 62 0 0 32 1 10 0 0 24 0 40 0 0 51 21 0 0 0 26 21 0 17 0 21 24 0 0 0 52 0 0 39 42 7 19 14 76 0 56 0 45 0 30 0 0 0 14 31 87 0
 22 6 0 38 0 0 2 0 38 3 0 0 0 6 0 76 0 0 59 81 0 0 0 0 28 0 19 43 0 37 0 0 25 0 36 0 0 72 0 0 0 0 34 0 0 20 0 63 58 0 54 0 0 0 55 59 0 57 0 61 0 32 22 0 0 88 61 35 33 0 0 0 10 10 9 10 18 57 33 0 25 0 9 0 32 0 0 0 0 46 65 0 0 19 0 61 5 0 21 3 0 19 17 0 0 0 0 30 0 0 0 15 32 0 16 40 0 0 0 23 1 26 0 13 43 0 24 30 7 0 0 0 0 0 0 0 0 0 0 0 0 0 0 60 0 0 0 55 0 53
 22 0 41 0 0 0 47 0 46 0 0 7 0 34 0 22 0 0 4 9 18 0 0 0 0 17 0 57 45 0 0 0 21 11 0 2 0 32 0 0 9 0 0 16 0 0 0 41 37 0 14 0 0 65 0 42 44 55 8 41 41 0 0 0 0 67 0 38 0 59 0 0 0 0 0 70 0 0 39 0 0 60 0 0 0 7 0 29 9 0 0 0 33 0 49 0 0 0 12 0 14 33 0 16 0 23 0 4 0 18 17 17 42 0 4 1 0 0 48 0 87 42 26 25 0 85 27 0 28 0 0 0 26 0 56 37 32 0 15 86 13 0 58 0 12 17 53 0 54 29
 0 0 42 1 0 66 16 0 0 49 6 23 54 14 0 26 0 0 26 29 0 24 8 19 0 0 16 19 0 0 4 0 18 17 0 0 40 6 23 0 4 88 0 0 0 0 61 40 0 44 0 0 0 1 0 0 38 22 0 0 4 0 64 0 68 39 11 1 47 2 5 0 0 0 0 17 4 19 0 0 0 13 3 9 41 26 36 0 0 0 0 0 0 0 7 63 0 69 3 0 0 8 11 26 0 0 54 8 0 65 24 66 79 0 0 43 0 47 0 0 0 75 0 7 6 0 0 82 0 0 0 67 22 64 35 0 0 0 73 0 17 41 0 0 0 72 12 0 50 12
 0 36 0 23 0 0 0 58 0 75 36 27 45 0 12 14 3 11 36 0 0 8 0 48 49 62 58 44 30 38 5 55 61 0 0 23 51 83 0 0 0 72 33 1 44 0 16 0 0 55 0 0 0 69 30 51 10 0 0 24 0 20 0 0 0 28 0 6 0 85 0 0 29 20 14 10 19 0 36 0 64 0 84 0 81 0 0 0 0 8 0 3 0 4 30 63 0 0 16 100 14 61 56 15 1 0 19 0 76 67 0 0 30 0 11 0 87 0 22 84 0 7 6 27 30 0 53 1 0 0 0 0 52 22 0 6 42 19 0 0 9 0 0 0 18 0 30 16 8 16
 7 5 4 0 0 0 8 0 12 22 20 0 15 0 52 0 0 18 0 0 30 0 0 0 0 13 0 15 0 0 0 33 35 43 5 0 0 0 0 71 44 82 82 20 0 0 0 21 0 77 1 0 0 0 0 42 0 0 68 10 0 49 56 29 28 0 23 5 0 24 8 0 17 52 30 0 33 0 24 0 0 7 13 28 0 71 0 13 37 0 9 10 0 0 18 61 79 32 0 44 0 0 32 4 87 83 48 17 0 0 43 14 14 43 0 0 0 46 0 0 0 0 0 45 22 4 84 68 0 45 0 1 0 0 37 4 48 0 0 0 0 0 4 0 6 67 0 21 66 5
 2 1 0 69 41 68 0 0 0 23 25 72 0 11 91 49 14 0 23 21 33 11 0 23 6 0 15 0 0 0 22 0 0 0 0 7 4 0 49 0 0 0 0 0 13 2 6 0 50 0 40 19 9 0 0 29 72 0 0 0 67 0 30 0 0 0 32 22 28 0 7 0 44 0 33 0 33 11 13 98 6 8 17 38 60 28 0 0 0 0 0 0 77 0 63 35 0 0 6 60 57 0 36 0 0 79 38 0 0 48 9 40 36 46 0 66 26 0 0 0 3 0 0 0 70 0 8 65 22 7 18 0 0 0 14 53 31 19 0 72 0 57 0 34 0 0 37 0 0 25
 0 2 0 2 25 13 3 36 30 0 73 0 0 0 18 0 0 0 0 38 0 0 0 0 0 67 0 21 0 0 12 42 32 79 70 0 0 0 0 22 6 0 0 17 0 35 24 0 24 0 42 59 24 50 8 0 0 28 0 32 0 0 0 0 26 0 32 18 25 39 42 34 0 0 5 14 0 0 3 4 0 0 54 0 31 25 0 0 0 54 38 0 45 0 46 0 0 0 0 0 12 8 0 0 16 26 43 0 0 32 0 80 16 17 74 0 0 72 55 13 0 42 63 0 37 69 19 0 88 72 41 3 0 0 0 15 66 0 0 46 46 0 0 6 0 0 0 0 0 6
 0 0 21 0 0 43 34 0 27 0 0 43 0 29 0 53 0 0 0 28 45 0 32 28 0 90 0 40 11 0 0 0 0 6 0 10 3 31 0 32 73 0 46 0 0 0 0 32 87 3 57 59 0 0 0 91 0 0 37 19 23 0 19 0 12 0 0 0 33 0 18 53 0 75 56 0 31 0 32 0 0 60 16 13 4 0 60 0 87 19 23 31 0 4 0 0 0 0 44 0 0 18 28 11 29 33 7 43 38 0 10 0 0 8 1 0 6 0 52 0 0 55 0 0 0 0 80 49 39 0 0 49 46 23 0 0 0 0 0 0 39 23 83 18 0 78 79 0 0 0
 0 0 0 60 0 0 51 0 0 0 0 0 0 28 92 13 0 49 21 0 42 14 0 0 6 38 7 22 0 0 0 96 0 71 43 26 9 54 0 45 57 33 3 0 0 18 0 0 0 0 59 75 6 0 1 0 40 17 11 0 74 0 0 0 0 46 58 0 0 0 53 0 11 0 0 0 0 0 49 46 0 41 0 0 0 0 82 0 0 0 43 30 31 0 0 13 27 42 0 66 0 67 11 24 0 35 14 32 0 0 0 0 45 0 0 22 33 0 27 0 43 0 0 0 0 5 0 14 50 0 2 24 0 0 88 0 26 0 0 26 0 8 64 0 0 0 0 0 10 0
 7 49 66 27 27 83 30 0 7 52 13 8 0 0 0 0 9 0 1 0 0 66 21 59 0 23 20 0 4 3 12 96 0 0 77 37 60 0 42 9 0 0 35 0 0 0 45 0 0 62 0 0 2 0 2 0 0 0 0 50 0 48 25 35 13 0 0 9 23 44 23 54 0 0 0 4 0 0 0 0 0 0 10 50 0 7 0 0 0 0 0 18 0 0 0 0 0 0 0 0 7 69 0 0 17 0 0 76 0 0 0 0 0 23 0 0 25 0 0 0 0 54 11 0 0 0 0 0 46 16 0 5 27 0 0 3 0 1 25 0 0 0 60 23 21 0 0 0 0 0
 0 0 31 0 19 0 0 25 0 0 17 0 18 92 0 0 43 0 37 62 20 7 53 50 20 11 84 0 73 44 11 0 0 22 28 0 0 0 8 50 36 8 34 39 17 0 53 0 9 50 83 0 0 18 35 0 38 61 0 0 0 0 8 15 0 33 0 0 0 0 1 31 78 0 25 0 0 0 7 39 16 16 40 0 0 21 0 29 44 30 0 0 31 0 9 0 12 0 0 0 0 39 0 74 13 36 0 7 32 9 0 63 33 0 0 0 0 0 46 54 1 17 20 0 0 0 1 44 0 14 8 0 0 90 0 98 66 29 94 0 12 0 4 0 54 0 21 0 8 0
 0 22 0 0 1 92 3 24 0 11 0 54 0 0 0 46 0 0 32 0 0 20 22 33 0 0 0 0 0 31 0 70 19 0 0 12 0 0 0 0 31 0 65 0 63 4 35 0 46 31 0 11 9 15 0 18 26 0 22 67 0 0 0 46 31 25 4 0 23 0 0 18 13 0 0 0 51 29 0 1 0 0 0 0 73 0 0 0 0 29 0 0 0 29 0 18 0 0 0 0 4 0 0 0 0 7 60 73 12 0 0 49 0 0 0 0 0 0 31 2 8 54 29 51 0 0 5 0 68 0 7 0 18 0 74 0 0 27 0 16 9 0 17 42 53 0 42 0 28 30
 59 27 41 34 0 58 12 0 0 22 0 0 0 0 0 0 49 0 0 0 0 0 67 5 0 0 4 6 57 0 62 74 0 42 0 0 12 27 0 0 0 4 0 0 0 21 30 0 55 31 0 0 18 0 92 34 0 10 0 85 0 0 0 0 0 0 0 40 28 0 0 9 31 7 27 54 10 0 17 0 13 13 77 0 12 42 55 26 0 16 0 12 33 0 41 0 0 0 8 18 50 0 50 0 69 26 8 0 0 0 0 0 0 38 62 44 0 43 0 43 5 0 41 0 9 0 0 0 0 79 33 31 0 0 0 0 1 25 0 0 0 0 0 24 0 0 4 3 5 92
 24 0 16 0 34 45 11 0 0 11 0 24 32 0 41 0 37 12 3 0 0 0 15 36 10 0 0 8 48 0 0 64 0 23 32 67 0 44 15 0 4 0 0 8 52 4 6 0 0 0 0 0 0 0 0 1 0 6 20 78 43 0 57 2 0 0 57 0 21 73 0 0 33 7 19 27 0 6 51 9 7 22 0 6 0 90 0 0 49 0 0 97 83 77 0 71 4 16 0 0 0 0 35 6 0 37 65 59 22 0 0 38 0 0 84 26 0 17 0 39 0 0 0 8 14 18 0 39 0 73 0 5 61 85 61 0 17 0 12 0 0 0 0 0 35 0 0 83 0 24
 17 0 46 9 0 16 0 5 0 37 0 0 0 46 0 71 0 0 57 79 0 0 0 0 10 35 0 0 0 0 0 26 0 0 15 10 0 12 0 0 28 0 15 0 0 0 46 49 0 56 0 28 0 0 0 48 19 43 0 0 43 0 0 0 0 10 0 32 0 27 0 0 0 31 0 5 0 72 0 19 0 8 0 0 0 33 0 0 0 2 0 0 0 76 0 0 0 0 0 0 76 4 0 71 0 58 52 0 12 0 53 38 39 0 68 4 0 21 0 4 69 0 0 5 66 8 0 31 32 0 86 11 0 18 37 18 79 0 43 88 0 44 9 0 38 0 0 0 20 0
 7 0 0 0 15 2 83 0 10 9 0 47 0 21 0 32 33 0 21 0 50 23 4 13 0 47 69 0 49 0 0 0 0 1 36 0 0 0 0 25 0 0 67 44 9 0 6 0 0 64 0 0 0 0 17 0 7 0 17 76 71 0 0 0 0 44 0 0 0 0 26 0 37 84 0 0 0 60 0 41 3 8 0 65 0 0 65 0 0 0 1 0 35 0 0 0 0 6 0 1 65 5 41 0 0 33 0 0 67 52 45 53 0 30 45 43 0 3 0 48 0 0 66 0 0 14 25 0 16 71 0 71 0 0 95 0 4 0 27 21 78 0 3 0 11 8 46 47 0 0
 24 0 61 45 0 0 0 38 86 16 0 1 23 0 32 0 61 20 16 0 0 6 0 0 0 2 0 11 9 23 46 0 0 30 53 0 0 0 48 0 0 0 28 0 37 52 56 38 0 0 39 38 0 0 36 0 0 69 23 0 0 0 36 0 14 0 0 0 0 0 43 0 79 0 0 0 0 27 0 0 0 0 5 0 41 36 0 0 2 0 25 0 6 32 0 0 17 19 0 43 3 0 68 24 26 38 0 0 41 0 0 0 9 0 0 20 0 32 0 54 0 24 0 0 0 0 40 74 0 0 19 74 9 0 17 53 0 28 40 36 27 0 0 0 0 0 31 89 28 3
 0 0 0 0 0 34 0 0 50 0 0 0 19 0 0 31 0 58 40 0 0 0 0 8 16 0 0 27 34 14 0 50 0 0 2 0 3 0 0 0 23 0 77 0 0 66 7 0 0 40 0 0 0 35 6 29 4 0 1 54 0 28 1 0 42 14 0 0 0 46 6 7 0 0 0 8 23 36 28 0 41 0 0 0 34 48 67 87 0 39 0 55 56 2 0 57 0 0 69 0 0 0 25 8 0 16 3 0 0 0 0 48 65 0 11 72 0 60 0 33 0 79 0 0 0 0 41 0 23 0 42 0 0 0 0 21 50 0 0 44 59 0 20 0 0 0 0 0 4 0
 0 0 0 39 13 0 0 36 0 5 0 0 2 35 0 65 40 30 54 57 53 49 87 78 0 0 82 0 63 9 3 0 60 0 0 29 0 1 0 0 0 44 0 50 0 0 81 0 0 0 50 0 10 26 61 0 20 0 0 0 64 15 66 0 0 0 25 63 42 0 0 0 41 32 0 9 41 0 82 0 0 14 0 22 0 73 0 62 0 32 0 0 0 66 0 0 22 0 0 82 37 0 52 0 30 0 57 7 24 10 20 0 0 71 0 0 22 44 39 29 33 5 0 24 0 29 26 30 0 0 0 0 26 52 40 0 74 57 60 50 0 64 35 9 0 68 0 17 0 10
 1 0 61 0 0 0 0 91 0 80 0 0 10 0 0 0 0 0 0 0 0 0 0 0 12 36 22 20 5 20 76 0 0 85 0 0 1 7 0 63 0 72 0 37 61 0 0 0 0 0 55 49 55 0 48 0 0 0 0 28 0 44 77 0 0 11 65 16 0 23 87 0 50 0 0 0 0 74 0 0 0 0 43 0 0 45 0 48 29 0 56 0 63 19 42 5 38 0 0 0 92 0 0 0 18 63 21 0 36 55 23 61 5 68 0 34 44 70 0 35 0 0 22 17 38 42 34 61 0 0 22 6 0 0 0 0 26 0 94 0 2 41 31 9 0 80 0 51 0 32
 1 70 46 0 0 3 0 17 0 92 11 6 17 0 29 23 4 0 0 65 7 27 44 25 7 0 67 8 0 81 12 82 32 0 3 0 0 0 7 15 92 0 6 72 0 48 0 12 18 40 4 0 0 0 62 30 50 31 32 40 21 0 0 93 84 77 45 0 0 8 0 30 0 0 0 0 0 0 0 0 0 0 0 27 0 0 24 54 0 42 15 37 0 76 0 0 0 0 0 0 0 0 23 56 8 0 0 0 18 0 77 0 0 0 0 0 26 44 52 30 0 35 45 74 0 0 18 0 83 66 0 33 47 0 0 0 0 0 10 57 46 62 0 0 20 56 21 12 17 0
 0 0 3 0 70 7 4 13 26 58 21 0 0 22 0 20 0 37 26 48 0 0 2 0 0 0 31 72 67 0 0 0 0 2 5 0 13 0 30 0 18 0 0 20 0 8 0 46 15 48 0 33 9 0 7 68 0 0 0 0 29 26 56 10 34 34 9 13 0 36 0 0 15 0 71 6 0 57 0 0 36 61 0 36 0 0 0 20 0 42 9 0 25 0 0 0 0 0 14 0 16 0 0 0 0 0 22 0 0 0 37 0 51 6 19 38 0 29 0 20 0 0 0 28 20 0 0 14 37 0 0 67 46 8 0 0 0 31 0 0 18 62 0 0 5 0 3 0 0 22
 44 0 1 67 0 0 0 0 0 0 0 0 0 0 5 30 87 0 19 0 48 50 0 12 68 43 15 6 0 0 0 79 0 0 0 39 0 0 0 68 21 0 0 0 28 0 16 0 44 24 1 15 0 48 0 0 9 40 16 39 0 0 1 58 36 29 0 0 56 23 0 27 0 33 0 5 88 10 0 0 26 0 3 0 35 0 0 0 43 23 0 48 10 18 21 0 51 82 0 43 11 0 0 18 0 0 75 0 34 0 0 59 0 0 0 44 24 44 16 22 12 0 13 74 0 64 0 0 22 82 20 40 62 0 10 19 72 0 0 0 0 65 0 62 54 47 0 34 2 0
 34 12 13 11 51 87 0 0 76 49 18 18 0 50 79 28 0 0 0 45 14 5 34 39 41 79 39 0 0 67 0 75 0 0 0 57 86 0 40 38 0 0 69 11 51 69 19 10 73 27 0 0 10 0 0 0 0 0 0 24 0 39 0 11 20 0 0 0 0 56 23 59 33 0 0 0 0 12 54 68 9 0 0 62 3 7 28 0 0 0 74 39 0 0 14 0 75 0 72 0 0 0 18 8 0 2 0 38 0 0 0 43 0 3 0 9 33 35 0 65 0 96 6 0 79 10 0 0 0 0 0 3 41 0 0 4 0 0 0 24 23 61 18 17 15 6 0 35 0 17
 0 19 34 32 13 39 0 57 42 0 0 42 0 0 10 0 0 80 32 52 57 12 0 0 0 27 0 50 0 0 0 0 10 0 28 24 48 9 71 0 3 0 0 12 0 0 0 24 23 0 0 0 40 78 20 70 0 0 16 0 0 0 29 0 31 0 21 14 17 0 35 7 72 74 0 0 0 0 0 49 0 16 0 48 15 69 9 0 0 0 0 0 40 0 0 0 0 38 47 20 2 0 19 19 37 31 0 54 35 0 16 0 0 0 0 0 53 0 82 0 44 64 20 24 0 0 0 78 0 30 0 0 3 75 63 30 29 0 0 30 16 0 0 63 0 4 19 1 52 16
 25 47 0 30 0 8 30 3 9 0 0 12 11 24 15 0 0 0 0 5 20 5 9 76 0 0 0 0 45 0 91 21 5 25 66 46 32 31 28 30 22 17 0 0 61 45 80 65 38 7 40 0 62 0 12 8 0 94 0 0 50 0 45 0 18 0 23 0 0 0 51 0 0 7 0 75 3 40 38 40 0 0 36 0 0 0 0 1 10 0 0 51 87 0 13 49 0 59 0 0 0 0 46 23 0 0 57 4 0 33 24 2 10 0 0 0 35 58 35 77 0 98 0 0 8 21 9 23 0 0 0 37 0 0 0 3 18 42 15 0 0 0 0 17 76 37 9 8 1 73
 0 0 0 0 0 56 19 0 0 0 59 1 70 13 0 2 70 32 0 0 88 10 0 10 25 34 38 0 0 85 0 0 34 61 0 7 0 47 0 0 90 0 38 0 4 0 30 58 2 0 0 0 37 31 15 0 0 30 0 0 0 0 0 4 0 0 0 0 7 9 31 12 0 37 0 8 0 73 0 0 0 5 20 22 6 0 1 36 0 0 0 37 18 0 78 0 0 9 91 47 13 30 0 0 0 0 0 9 36 0 0 0 21 2 81 0 1 0 44 31 0 0 93 0 20 8 0 41 21 16 4 44 53 24 0 73 96 0 0 0 78 0 0 0 0 43 27 46 17 0
 45 0 0 18 0 51 0 0 0 14 0 0 35 0 0 43 29 0 0 0 0 0 27 20 14 0 0 54 88 0 37 0 0 66 0 0 0 72 38 0 0 0 0 0 9 0 31 41 69 0 0 0 0 12 24 0 0 0 30 0 0 3 0 0 90 36 67 0 0 0 0 0 14 0 0 0 32 32 59 0 10 24 0 7 0 83 0 57 0 0 0 0 0 24 61 0 20 6 63 41 32 8 26 0 0 0 32 0 0 22 0 31 31 0 0 0 0 0 0 19 0 0 0 54 0 25 0 36 36 0 0 0 20 15 0 0 41 23 74 0 0 0 42 0 0 0 97 30 0 17
 0 49 43 53 12 0 3 10 35 21 0 53 0 0 0 1 5 69 44 0 3 34 0 54 86 30 10 19 0 46 1 0 0 30 0 0 0 0 0 4 39 0 64 0 0 67 74 0 13 7 0 51 0 0 2 0 0 9 0 0 0 0 0 0 1 0 72 0 0 0 0 0 0 8 49 0 0 7 15 0 12 57 0 20 9 0 0 0 18 0 0 0 5 0 42 0 0 28 81 0 1 0 13 0 0 15 0 0 0 0 0 0 0 5 16 55 41 12 0 0 10 50 0 0 42 32 17 18 39 2 62 0 0 15 0 0 32 0 0 0 13 0 0 0 0 0 0 78 0 49
 30 4 59 0 0 2 25 2 0 0 66 0 0 0 0 0 0 0 0 0 47 0 24 0 0 9 0 20 49 66 15 0 0 28 0 19 46 5 42 0 8 0 0 0 7 0 0 0 0 0 0 4 21 79 24 5 0 0 0 0 58 56 9 11 0 46 0 0 31 0 37 36 0 0 21 0 14 15 0 0 76 0 4 9 59 53 89 33 13 0 0 0 18 32 0 50 0 20 0 3 24 0 50 0 0 0 0 81 4 22 10 0 23 56 0 0 27 5 0 56 0 0 0 0 25 37 52 0 10 0 0 0 4 0 17 0 0 35 11 0 60 0 63 0 0 0 54 29 68 0
 0 29 0 22 26 0 0 51 0 37 24 0 0 0 55 12 36 0 0 61 0 0 0 0 24 0 70 91 37 16 0 46 0 0 66 19 0 50 0 46 0 19 0 0 59 57 68 0 0 86 57 15 0 0 34 16 0 0 2 0 0 17 0 14 0 0 16 26 0 0 9 0 0 85 22 44 0 0 0 0 65 0 0 68 26 0 0 0 0 0 3 15 22 43 0 0 84 0 86 0 0 3 0 0 10 0 44 0 0 35 0 0 0 73 0 20 0 0 2 0 0 0 0 0 0 0 8 22 27 40 0 0 0 60 34 0 34 0 0 28 0 16 0 0 0 33 0 0 37 0
