150
 11 21 0 0 3 0 46 8 0 11 0 0 0 9 2 42 8 0 71 39 60 0 0 0 0 0 0 12 8 76 17 66 8 9 0 0 0 35 0 7 48 0 0 0 18 0 0 0 0 1 0 0 0 4 72 0 0 0 18 0 0 53 0 0 34 36 0 0 0 0 0 10 59 0 0 44 0 0 4 9 44 0 0 8 0 11 0 21 72 0 0 11 22 36 0 55 0 0 23 29 40 0 0 23 82 0 10 0 0 48 0 0 53 9 0 56 0 0 0 0 3 0 64 20 0 6 0 29 50 0 33 0 0 3 0 35 31 0 0 0 0 41 0 58 0 0 0 57 0 0
 0 4 21 0 0 70 0 0 48 1 0 0 38 0 0 0 19 0 0 0 0 55 32 0 53 5 11 1 0 0 4 3 0 0 0 46 64 0 68 17 0 50 0 0 16 57 18 8 64 43 0 35 0 0 9 0 0 0 0 0 10 0 65 3 2 0 0 0 48 0 0 29 0 10 0 32 3 58 28 39 0 16 0 0 11 0 0 23 24 35 30 0 35 0 0 0 0 7 40 0 93 0 26 5 35 46 0 0 17 0 0 13 0 34 61 0 21 0 0 47 64 0 0 0 0 0 0 3 0 0 0 0 0 0 64 24 0 68 0 0 0 15 0 0 0 0 0 36 0 0
 20 0 44 0 0 0 0 14 0 91 1 0 0 0 0 0 68 0 45 1 2 56 0 0 44 54 71 74 29 20 38 39 0 20 0 0 0 20 60 2 60 0 8 0 48 46 6 40 0 19 0 0 0 0 0 0 0 41 0 1 0 79 16 34 31 0 0 0 67 70 46 0 0 35 23 12 0 0 6 16 0 0 0 10 0 52 49 0 33 0 0 0 18 63 8 0 47 0 30 21 26 0 10 0 0 0 0 32 28 24 0 0 14 0 4 0 0 15 13 21 0 36 0 0 0 0 0 0 12 0 0 0 0 75 30 0 0 19 0 10 0 0 55 59 0 0 76 72 51 0
 19 40 9 21 71 20 0 24 45 0 16 0 0 79 5 8 0 6 0 0 17 18 0 0 60 45 0 82 25 0 26 43 0 0 0 0 47 47 37 0 0 32 0 73 0 0 0 0 17 51 28 0 1 0 0 18 44 63 0 0 39 67 7 0 0 0 0 52 10 0 0 34 10 43 0 32 0 32 55 0 36 0 0 0 19 0 12 33 17 46 63 0 0 0 7 0 0 0 53 0 0 0 0 0 34 0 37 0 0 10 20 0 0 0 0 0 0 18 78 0 77 68 81 0 0 28 0 5 28 51 56 6 7 0 0 62 3 33 0 0 5 0 0 11 5 0 0 0 45 15
 0 77 1 0 0 28 0 70 0 0 0 0 12 39 0 13 87 0 34 0 0 59 7 0 0 0 0 0 0 20 62 0 0 41 12 0 0 0 39 24 0 0 25 0 0 0 0 73 41 0 59 95 0 47 27 36 28 32 0 0 0 3 27 37 37 0 67 0 20 10 0 56 0 67 0 39 35 0 31 36 87 0 53 0 76 10 0 0 0 70 22 0 0 80 0 0 20 0 41 4 0 0 0 5 28 0 48 0 0 9 0 0 29 30 0 0 0 2 0 56 0 24 59 68 53 0 20 0 0 71 23 0 16 0 76 23 80 0 21 45 34 0 0 0 17 28 66 40 0 11
 70 0 7 0 0 5 0 0 0 0 35 55 0 2 0 0 7 29 24 44 0 0 0 21 0 0 4 8 5 34 0 0 0 88 0 0 0 0 4 16 0 0 0 39 0 0 0 17 24 0 0 0 16 0 0 0 0 0 34 62 0 0 22 23 0 0 0 11 21 0 0 16 0 16 0 31 8 56 0 7 55 0 0 0 0 4 8 0 0 0 27 41 0 0 0 0 41 0 26 0 0 97 1 0 11 0 0 19 15 0 36 0 0 0 48 26 12 0 73 0 0 28 0 40 0 0 0 0 10 80 11 29 0 55 81 0 0 0 81 0 0 0 0 0 0 0 24 53 37 0
 0 29 37 68 14 6 52 0 26 51 0 0 5 0 0 33 0 0 48 0 0 79 1 0 0 7 0 7 93 30 33 0 87 0 0 0 36 27 0 16 0 0 0 27 0 0 0 8 0 87 0 70 1 0 29 44 0 46 0 0 0 0 0 0 22 0 0 4 0 0 38 23 0 0 40 0 0 0 0 0 16 36 68 0 0 47 82 48 3 0 0 66 0 1 45 83 34 0 65 0 0 13 19 45 29 4 57 0 57 0 0 0 0 0 0 19 0 32 23 0 39 25 19 0 0 12 0 34 0 0 0 10 23 0 0 1 82 33 31 0 0 3 53 18 0 0 0 7 0 0
 0 14 0 0 0 11 47 7 30 3 0 8 10 0 0 59 0 0 0 0 0 45 42 12 44 15 98 14 92 0 32 0 21 71 62 0 40 37 23 6 6 0 0 0 81 41 4 0 0 58 0 56 3 0 0 0 36 0 19 0 0 0 0 0 0 0 0 55 0 95 0 23 0 47 0 50 13 44 0 10 0 54 27 89 23 0 0 0 0 18 58 64 0 32 0 19 17 0 73 79 1 0 37 24 29 0 0 0 0 0 0 38 0 0 9 59 0 0 0 0 0 0 0 80 0 0 63 55 0 0 48 0 15 0 59 0 0 0 0 17 0 0 0 27 0 0 0 0 0 0
 42 0 47 0 72 77 0 0 83 0 93 0 18 0 35 24 0 69 0 2 0 0 0 47 25 53 0 7 0 1 43 3 61 0 0 0 47 0 39 50 72 6 0 0 16 0 26 0 0 0 36 27 0 0 0 0 5 0 2 0 0 0 26 13 12 0 59 0 0 31 7 0 44 3 0 0 60 0 0 0 45 0 47 8 0 0 42 0 30 0 0 14 0 14 0 44 0 0 8 21 0 39 0 0 6 0 17 0 0 0 4 0 4 4 0 0 57 0 18 4 0 0 0 0 29 0 0 0 0 3 0 50 0 51 0 0 0 0 0 21 0 36 21 0 0 71 0 0 0 0
 0 0 0 3 55 5 0 0 21 10 0 0 0 0 47 19 31 89 43 67 88 0 3 21 3 0 0 19 35 85 0 6 0 67 45 0 0 6 0 0 9 35 14 0 10 16 43 0 4 41 0 29 0 32 30 0 0 0 0 0 0 0 0 18 1 11 0 44 0 71 0 6 85 13 0 63 11 0 79 0 48 0 0 0 0 55 66 0 4 52 39 0 0 0 8 0 0 0 25 9 0 0 4 0 39 0 47 0 45 17 0 14 0 0 36 0 0 26 0 71 0 0 0 32 0 11 58 6 0 0 0 41 0 1 0 62 0 0 0 8 0 0 0 0 0 0 0 18 0 68
 15 66 0 0 50 0 16 5 0 20 87 0 14 0 26 0 18 0 7 50 0 19 0 15 80 0 0 44 0 87 59 33 0 0 16 0 0 88 0 0 0 72 81 32 49 0 47 0 0 64 28 57 0 52 90 48 0 0 7 50 0 13 2 0 54 46 0 54 0 9 0 22 0 0 0 0 0 30 0 25 0 81 0 0 57 0 81 31 0 5 40 0 0 0 0 15 0 0 37 0 0 61 15 57 9 3 0 0 0 0 0 0 20 0 0 0 0 62 0 41 37 55 20 25 0 0 17 0 60 81 23 0 0 42 0 0 44 0 0 66 81 20 0 33 15 0 17 0 0 0
 2 39 41 30 50 0 56 0 57 42 71 17 18 19 28 0 53 80 76 0 0 2 21 69 0 63 13 96 3 88 0 25 47 0 24 0 0 44 0 0 0 0 0 65 54 0 0 10 0 1 0 0 12 0 4 32 0 0 0 0 0 16 0 2 24 0 0 0 0 4 13 98 0 0 24 7 0 0 0 0 0 0 0 0 89 0 14 30 0 39 44 0 0 0 0 0 2 0 0 0 0 22 5 0 0 0 0 12 0 10 36 56 0 0 32 30 84 56 51 39 2 64 0 0 0 0 0 0 0 0 9 0 22 0 0 30 0 87 73 18 0 42 0 0 0 22 87 28 32 36
 84 0 49 68 0 4 0 0 0 4 0 0 74 0 57 23 0 0 6 0 18 0 24 0 40 0 8 0 0 0 64 25 0 58 0 59 7 13 73 5 0 0 0 0 0 0 0 47 0 0 0 0 0 0 0 45 5 0 11 0 14 0 20 25 0 0 0 0 0 45 24 6 0 0 25 11 58 0 59 0 0 0 0 0 91 0 7 0 69 0 0 0 0 0 0 0 0 0 50 32 23 32 0 60 37 0 0 39 4 0 0 21 25 0 53 0 20 0 0 0 41 15 66 15 0 17 0 0 0 56 64 0 0 62 0 0 3 0 42 1 0 0 37 0 0 0 0 0 15 39
 0 19 22 0 0 0 7 20 23 42 3 0 14 32 22 58 0 0 8 0 0 0 0 0 6 0 54 4 11 48 85 87 0 0 0 4 0 9 67 0 0 0 0 0 3 72 74 0 0 0 0 3 27 0 23 0 0 0 10 34 0 0 68 75 0 50 12 15 8 0 22 1 38 0 0 32 63 47 0 0 0 0 0 36 18 10 0 13 0 0 0 0 0 0 0 11 2 0 0 22 0 15 13 6 2 0 10 0 0 28 19 0 3 13 71 3 0 31 0 0 0 55 0 0 42 7 0 9 49 64 0 0 0 0 0 47 0 0 9 0 23 0 0 45 0 0 71 10 9 18
 0 14 30 0 6 78 45 13 0 0 0 0 0 0 65 46 0 0 0 0 3 0 18 80 0 0 0 45 0 64 0 12 8 9 0 37 34 0 18 0 0 0 24 0 32 0 74 0 0 0 46 0 41 0 0 2 30 0 0 0 0 0 37 21 16 20 0 0 0 0 75 0 12 52 0 0 37 0 0 0 64 34 0 51 50 0 93 0 0 31 26 0 0 0 28 44 22 0 0 25 26 0 0 1 0 0 13 37 66 0 9 53 0 0 61 0 1 0 0 0 23 0 10 51 36 27 61 63 0 0 8 0 15 9 62 20 19 0 0 56 6 27 0 77 64 19 66 7 76 0
 0 19 39 0 0 9 0 0 0 0 50 19 0 0 0 55 0 61 0 0 0 0 0 3 0 0 23 0 0 2 6 20 0 14 40 0 0 33 0 0 0 0 0 83 19 45 8 0 0 0 9 22 12 0 67 13 1 47 0 0 0 0 0 0 39 0 7 0 0 7 25 74 23 0 0 10 25 82 5 0 22 57 65 0 0 28 0 0 0 0 0 44 0 0 20 1 0 15 24 0 34 0 0 0 0 0 57 0 0 41 97 0 49 0 0 19 0 0 0 0 45 29 56 0 0 0 96 66 40 3 34 0 0 0 0 0 0 0 0 1 68 3 48 0 37 0 0 22 40 13
 0 0 0 17 0 0 9 37 26 0 0 0 78 9 3 18 8 0 0 28 0 0 51 0 0 79 0 0 0 24 0 0 14 0 0 0 0 0 0 0 51 0 32 4 43 0 24 0 0 29 0 20 0 66 0 0 13 35 28 0 0 0 4 0 56 0 57 22 0 0 36 0 21 0 15 0 0 0 19 0 67 0 0 7 47 47 0 0 11 16 63 0 0 8 44 0 51 0 26 0 0 0 40 0 18 26 27 2 0 9 72 0 0 0 0 0 0 69 0 0 10 69 47 0 0 78 0 52 0 91 0 0 25 0 30 44 73 0 24 22 0 0 70 3 0 0 0 0 3 64
 28 4 17 0 15 0 73 1 0 0 28 0 0 18 3 0 47 36 0 26 0 12 64 85 0 0 50 37 0 23 71 0 0 0 63 24 0 13 18 45 49 20 0 11 0 0 6 0 0 61 67 0 63 73 64 36 0 0 0 0 1 0 19 0 0 0 43 55 0 69 0 31 0 0 26 41 56 0 2 0 0 0 0 1 23 10 0 31 70 11 0 0 57 0 0 0 0 0 0 0 0 3 0 10 43 5 0 0 3 0 62 0 0 52 0 35 38 25 35 96 0 0 50 0 88 0 37 0 0 43 0 87 0 0 6 21 0 0 0 19 0 0 0 8 0 6 0 0 0 49
 0 21 0 28 0 0 0 11 37 0 0 0 0 0 47 34 68 2 8 20 0 0 0 36 0 0 5 45 0 0 0 0 21 0 0 0 42 0 47 25 0 0 6 14 18 5 0 0 0 0 0 0 6 50 0 31 59 0 46 22 41 31 10 56 19 59 2 0 55 0 60 0 0 21 0 0 43 6 0 0 17 0 2 31 0 2 15 0 0 0 0 45 0 0 0 0 35 0 0 0 0 51 12 58 62 27 42 0 59 0 4 0 18 98 0 16 30 0 46 57 18 0 0 16 4 2 20 43 0 0 23 0 1 8 0 7 18 0 62 0 0 0 73 0 7 0 0 6 63 0
 0 15 0 52 7 0 16 68 0 0 0 18 9 26 26 33 0 0 0 82 0 27 0 57 0 0 35 0 0 0 0 3 0 21 10 2 44 0 38 0 85 0 0 40 15 39 0 23 0 26 85 0 9 0 0 12 0 0 22 0 0 0 16 0 0 4 14 0 0 3 48 48 25 0 0 63 78 0 46 2 0 21 0 8 44 41 27 50 0 0 33 0 76 40 55 1 54 27 0 0 59 14 0 0 0 0 0 3 0 14 0 14 26 50 9 1 0 22 0 18 0 0 18 14 8 0 19 0 10 19 52 0 0 44 0 30 56 0 0 27 41 0 0 0 6 0 0 0 0 11
 0 16 0 0 35 2 40 7 43 0 55 6 0 2 0 76 51 1 60 28 36 0 3 0 0 13 18 58 0 35 34 0 29 0 58 0 0 54 54 25 3 43 0 12 0 0 26 53 15 49 82 0 0 32 0 0 48 0 0 3 0 0 0 34 0 6 0 12 23 0 0 74 12 0 0 0 40 0 0 61 0 0 18 2 74 85 53 0 0 0 34 70 36 42 0 54 56 10 0 0 69 9 98 9 10 0 31 0 67 68 0 100 66 0 49 0 46 15 6 85 43 0 56 7 11 0 21 0 0 0 8 0 87 0 0 27 72 33 0 0 0 0 0 0 0 11 11 30 68 10
 32 0 0 0 0 15 0 0 51 36 0 0 59 20 28 82 69 0 42 0 73 54 63 0 30 2 7 0 73 0 9 0 0 0 0 0 0 67 78 0 43 73 80 0 0 16 0 1 10 0 0 33 2 23 0 19 48 0 64 80 0 0 61 0 21 28 0 9 0 9 0 0 25 49 0 0 0 10 49 28 3 0 40 0 3 0 0 80 3 14 16 0 45 15 0 17 1 0 13 57 32 2 0 0 0 28 0 0 5 0 60 0 0 0 0 0 43 0 16 0 20 0 0 0 0 5 73 1 31 0 33 0 0 60 0 0 0 0 83 52 25 30 37 0 17 39 0 0 53 0
 15 0 53 41 0 24 0 0 1 0 0 0 0 5 0 49 0 0 79 11 0 0 34 53 0 0 6 0 0 0 13 69 47 52 54 76 0 61 0 19 82 0 60 0 16 0 0 0 1 31 8 20 70 0 0 0 0 0 41 0 0 18 66 0 0 10 0 0 31 40 0 31 63 0 83 0 0 0 6 0 18 0 5 0 33 0 0 72 75 69 0 54 72 70 0 0 60 34 0 0 38 0 29 0 0 0 0 0 0 5 0 0 78 56 0 0 0 0 43 44 0 0 0 0 0 32 38 20 54 75 19 15 1 0 0 0 9 10 21 45 89 0 40 2 0 0 73 1 38 53
 66 64 21 16 48 0 28 0 0 0 0 0 11 12 0 0 57 0 0 0 9 24 0 47 0 3 0 12 17 9 0 72 0 7 5 14 0 0 21 0 0 0 68 48 4 8 0 14 5 0 0 45 0 0 35 71 0 0 21 0 0 29 51 0 9 57 0 31 20 0 0 13 0 27 0 44 0 0 47 0 0 66 20 27 16 0 0 11 7 0 58 0 0 0 23 0 12 74 10 71 48 0 0 0 59 0 63 42 0 0 46 0 0 38 0 0 0 61 0 0 0 30 0 20 0 0 0 22 24 0 58 19 29 20 0 0 10 0 13 37 0 0 7 13 0 34 59 0 61 0
 14 0 0 0 47 86 31 0 0 0 0 69 0 0 13 53 39 42 35 34 17 0 51 17 74 1 19 0 0 0 0 0 0 0 72 20 0 0 0 7 5 39 0 0 10 0 23 0 19 0 41 0 51 0 69 30 0 18 0 15 39 40 43 11 0 0 0 0 0 0 0 20 0 0 11 19 0 0 0 5 0 0 35 8 0 0 0 69 0 0 33 0 18 0 41 30 0 0 84 13 0 76 0 0 22 8 21 9 58 0 0 18 40 65 22 0 0 0 0 0 0 52 0 10 0 1 0 0 0 0 16 0 0 16 0 56 0 53 0 6 69 0 1 3 0 0 0 3 0 0
 5 0 0 0 1 1 0 0 0 19 55 0 1 32 22 13 0 25 16 78 0 0 19 0 0 92 29 75 0 0 0 64 0 0 19 52 27 0 81 0 31 0 0 18 0 29 0 36 0 0 23 0 0 32 0 0 0 52 62 47 0 25 0 84 9 0 21 0 67 48 0 0 0 0 0 0 0 0 61 18 0 73 0 0 0 85 72 24 30 0 32 0 23 23 0 23 5 0 0 35 0 0 38 0 0 0 0 29 0 0 25 87 0 78 32 7 47 0 3 0 0 47 70 5 0 0 0 0 0 7 0 0 0 0 33 12 0 1 42 0 73 92 52 1 44 0 34 41 0 0
 15 0 0 26 22 0 68 0 31 22 5 0 0 0 30 0 25 0 0 0 0 0 0 7 0 0 31 0 73 0 12 0 0 20 67 43 0 28 0 34 64 53 0 15 0 0 3 43 0 3 13 44 56 35 0 0 0 0 4 3 0 0 0 81 29 0 0 0 0 13 0 5 58 28 23 0 17 0 0 0 0 0 47 82 0 0 21 70 34 0 10 26 55 0 0 18 0 75 0 0 0 0 41 0 12 64 0 52 70 0 88 0 2 0 75 0 0 0 94 40 13 0 0 19 48 55 0 0 0 0 0 67 0 0 0 0 0 0 0 0 7 0 0 0 0 43 0 0 0 0
 0 0 0 0 33 0 0 0 0 0 0 0 69 0 0 20 79 0 0 9 0 67 77 0 52 0 10 31 0 3 52 54 0 0 17 0 0 0 0 0 55 0 1 2 0 0 8 0 0 35 0 0 0 67 0 0 0 21 0 8 0 0 0 22 0 5 53 0 55 0 0 0 0 27 18 0 40 0 0 0 0 37 38 0 0 26 11 100 0 0 37 21 0 0 0 0 0 0 0 0 0 0 0 5 0 0 0 27 0 19 58 0 0 0 0 0 39 0 29 38 0 43 0 0 38 0 0 0 0 0 10 54 8 0 0 0 14 0 59 0 47 0 0 0 0 0 0 43 35 28
 0 8 0 0 35 0 0 0 9 0 9 0 22 0 12 18 87 4 26 22 55 0 1 0 1 21 0 26 47 0 12 34 0 50 20 43 7 0 28 0 17 0 0 27 0 0 0 10 0 22 8 0 0 10 24 0 9 49 16 34 0 0 18 0 0 0 0 25 7 0 38 0 16 21 0 0 0 64 0 0 0 0 0 9 0 0 0 5 0 0 54 80 68 49 57 0 61 0 2 0 21 0 34 6 0 0 0 0 23 10 0 33 0 0 86 0 13 18 0 2 50 4 0 10 69 0 0 21 0 67 37 0 94 0 0 9 17 9 17 0 42 0 52 0 0 30 0 3 57 0
 0 35 0 20 0 0 0 10 0 0 0 0 30 0 0 0 0 0 21 9 0 12 29 0 23 41 2 0 21 66 0 39 0 25 49 28 0 0 9 12 0 0 40 0 0 0 0 0 34 0 0 50 0 0 0 13 56 0 29 0 35 52 58 0 0 3 0 17 0 0 3 46 0 0 24 0 0 89 11 0 0 0 0 6 0 0 19 0 42 0 0 0 8 45 0 0 0 18 71 52 0 48 0 0 14 0 0 0 0 0 0 75 0 80 56 36 51 0 22 0 75 11 27 48 31 0 0 0 0 0 36 49 0 0 80 0 81 27 16 57 0 0 4 0 0 0 0 0 0 0
 0 0 0 0 0 21 0 0 0 15 0 18 0 0 48 0 51 0 79 20 0 0 0 25 18 12 0 0 0 40 52 2 23 0 26 0 52 0 1 57 0 0 0 0 0 0 0 59 0 0 0 0 56 43 0 25 40 5 31 0 0 0 0 0 0 0 0 60 0 0 36 41 0 24 0 0 0 0 0 0 24 35 0 0 16 0 1 0 40 0 41 0 0 75 34 0 0 0 9 0 0 60 0 0 0 0 0 0 25 50 0 49 5 53 20 0 7 0 0 74 0 16 80 53 0 31 0 0 0 56 94 3 57 60 0 0 8 29 0 37 17 24 0 0 0 0 0 0 0 30
 0 0 0 0 23 37 2 57 0 0 0 0 0 0 0 0 47 47 53 0 78 0 0 0 13 0 44 0 0 0 0 8 11 55 0 53 8 46 57 0 0 0 47 42 14 22 17 0 15 49 30 6 0 0 28 38 0 11 0 0 4 51 28 14 0 66 0 0 0 0 0 0 0 3 0 61 0 13 0 0 0 0 0 0 0 0 58 80 43 0 0 14 0 79 0 0 0 44 25 0 0 0 49 17 0 0 5 75 0 0 14 10 0 0 0 75 30 28 68 19 0 0 8 0 0 0 0 0 0 45 0 22 0 0 4 43 24 0 0 0 2 11 0 0 0 96 25 0 7 0
 0 38 26 18 0 61 0 0 0 84 20 0 41 46 0 63 0 15 0 22 0 12 0 44 49 15 14 70 10 0 0 0 34 39 0 28 43 0 0 22 50 17 1 36 5 83 77 0 0 64 0 0 75 90 0 0 0 0 17 0 16 38 61 0 48 0 0 12 9 4 1 0 11 74 47 0 11 0 10 0 0 0 0 17 60 0 61 0 0 0 14 25 0 0 41 0 0 0 0 0 0 0 0 0 46 28 0 6 26 0 0 55 7 24 0 4 0 0 10 0 0 58 0 71 36 0 44 0 0 25 42 0 0 0 0 0 0 0 58 15 22 57 40 53 13 42 28 15 0 0
 0 1 0 38 0 0 87 0 32 0 6 38 0 45 0 0 46 49 88 0 23 6 0 0 10 34 0 2 0 0 51 0 0 62 83 47 0 79 35 0 0 0 10 0 23 0 0 0 0 0 28 61 90 0 0 0 0 57 0 1 3 1 0 0 24 0 20 35 0 16 0 0 0 42 0 11 6 0 31 15 0 84 70 53 0 0 0 0 0 69 55 0 0 0 8 0 0 0 26 0 17 0 0 0 45 0 22 16 34 9 0 54 23 16 68 54 0 68 0 0 43 0 19 0 25 0 0 39 23 12 0 33 0 0 0 0 21 31 0 21 0 9 17 36 25 0 0 58 0 53
 13 23 35 49 0 12 12 0 40 0 0 0 13 47 65 0 31 0 54 0 0 15 0 0 0 0 0 0 0 0 0 21 17 0 36 0 0 26 27 38 2 23 0 0 0 69 20 13 0 0 0 17 18 73 0 0 34 0 0 0 70 5 53 6 0 46 0 1 13 13 91 0 0 0 0 0 0 46 51 21 20 13 66 0 80 0 45 0 0 0 25 42 13 35 54 0 0 0 22 0 0 78 0 73 0 1 0 0 65 14 51 30 0 0 0 0 0 26 85 9 88 0 62 0 0 0 82 44 3 25 0 0 0 71 0 0 88 0 25 0 68 0 0 58 43 0 41 0 49 0
 12 0 22 79 3 35 70 98 60 41 73 0 0 0 0 28 49 0 26 0 33 68 0 0 0 0 0 63 0 0 51 0 0 0 6 5 57 19 0 0 0 24 29 30 36 28 0 14 8 0 0 52 0 9 7 0 0 41 27 0 0 0 65 0 0 0 0 0 0 0 0 38 49 20 4 0 0 12 62 0 0 28 62 0 0 47 0 67 24 1 31 0 25 0 0 1 25 63 0 40 90 0 62 0 0 5 71 49 0 13 53 56 22 0 68 25 0 0 0 0 0 0 53 66 0 3 0 25 0 0 2 0 0 0 60 42 17 24 31 34 24 0 0 7 15 0 67 50 0 71
 44 0 41 0 6 23 0 0 0 0 66 1 0 20 0 30 19 67 0 0 21 8 27 12 35 0 5 40 0 73 0 0 0 14 19 0 61 30 55 8 30 0 0 0 3 15 0 0 42 25 0 0 2 0 86 56 0 0 0 0 0 0 26 0 0 0 0 0 27 23 0 0 37 12 28 64 0 4 53 50 0 0 0 56 23 33 0 0 21 0 0 23 57 22 0 0 22 0 0 52 0 0 0 18 2 0 0 15 35 75 40 0 0 50 56 0 7 0 82 0 33 0 0 65 15 45 0 0 0 0 0 33 60 85 33 40 0 4 0 18 0 8 0 15 0 9 0 0 40 71
 0 30 0 0 27 36 0 0 5 0 0 0 0 0 11 0 30 0 49 8 0 0 0 50 26 34 0 32 20 78 45 0 64 0 0 0 0 92 15 0 0 0 0 19 0 0 0 25 0 8 13 60 54 0 0 10 55 0 0 36 0 2 13 0 0 0 0 62 0 3 0 31 60 30 0 95 0 6 15 0 0 0 0 0 11 66 25 0 79 0 42 0 0 0 0 3 84 0 52 0 7 0 1 15 49 0 15 0 39 4 0 19 0 0 0 10 0 19 0 0 52 0 0 39 62 17 6 0 58 11 2 0 0 0 36 0 13 0 0 62 68 59 0 22 79 0 34 0 0 0
 0 0 0 0 0 0 7 0 0 9 90 40 0 0 0 5 1 0 0 0 0 0 22 0 37 0 83 80 0 0 0 0 7 0 0 10 0 0 30 0 0 4 43 0 0 0 54 37 0 40 2 7 0 49 0 24 0 0 20 8 10 0 0 0 0 0 48 28 0 0 58 0 0 0 72 5 61 54 58 41 0 0 24 0 41 0 38 0 0 3 0 5 66 1 39 0 97 0 7 0 1 14 26 36 67 28 25 6 0 0 11 0 0 0 26 15 0 0 0 0 81 11 0 9 0 26 0 54 0 0 66 0 0 0 16 20 77 28 85 27 0 50 0 34 0 77 0 0 0 0
 0 0 0 26 0 0 0 0 0 2 32 34 0 86 60 51 2 0 0 14 0 1 0 59 0 17 0 29 29 0 0 21 0 28 0 18 0 20 46 93 64 87 0 48 8 0 0 84 79 6 20 4 0 0 0 66 0 26 0 0 12 63 64 0 0 0 0 45 26 33 9 48 0 38 0 19 0 0 0 0 63 0 29 0 25 0 2 55 27 19 0 49 74 0 0 4 39 0 0 1 0 0 50 12 0 38 49 0 20 2 0 0 37 0 0 0 7 0 45 5 2 0 30 15 41 43 58 5 0 0 0 15 0 0 34 0 35 74 22 0 0 0 0 7 22 0 0 0 0 0
 0 35 0 79 40 7 66 0 0 0 4 46 41 13 8 11 0 0 41 0 0 0 0 6 0 0 0 0 0 6 48 37 0 47 0 12 0 57 32 0 74 0 0 0 0 0 12 0 0 0 39 0 24 0 41 17 0 1 55 36 19 0 0 0 0 93 0 23 0 0 0 0 0 0 22 39 55 9 46 15 0 2 40 0 0 54 0 7 8 31 34 38 0 22 0 15 27 39 45 20 0 13 26 0 0 0 0 25 4 0 0 0 34 0 93 12 18 0 0 56 0 0 50 21 38 56 0 17 0 0 0 0 48 24 2 0 0 0 0 68 43 0 0 0 0 0 6 0 9 0
 35 0 94 0 6 56 6 39 0 0 0 97 23 25 47 68 25 0 14 65 0 0 13 47 0 80 0 26 91 42 18 17 0 11 0 0 23 22 0 0 19 37 0 0 60 0 68 51 0 0 36 0 0 0 0 62 0 0 0 74 0 21 0 55 0 27 11 63 8 19 0 0 8 0 0 0 0 15 0 22 8 3 65 18 0 0 17 53 0 78 0 0 18 28 0 0 13 0 0 0 0 31 0 0 24 0 5 45 19 23 0 71 0 50 10 0 0 0 0 25 0 0 0 64 10 0 6 15 0 52 45 56 0 20 0 0 0 0 0 29 0 12 34 8 0 0 0 0 0 0
 23 59 0 54 0 82 51 2 52 0 0 21 4 83 0 20 0 43 0 53 0 0 0 0 65 35 86 0 80 0 6 0 0 0 1 0 80 23 0 34 26 24 90 0 12 1 46 34 0 56 23 12 12 0 0 62 57 70 31 24 0 38 32 51 0 0 0 0 36 19 0 54 0 29 0 0 0 20 38 8 0 15 35 0 19 24 0 37 0 0 52 0 0 12 73 0 39 55 0 32 0 87 0 0 0 0 0 51 69 0 0 6 0 0 1 61 0 22 0 0 0 0 40 0 5 0 0 0 15 39 2 0 21 0 0 0 61 0 0 0 35 0 63 22 0 30 0 0 0 0
 4 23 58 0 46 0 0 30 22 42 0 0 4 8 66 0 0 0 0 0 0 19 19 0 5 0 0 0 0 0 28 0 0 77 5 0 36 0 58 0 10 14 29 17 0 0 0 38 0 4 0 0 0 0 0 33 0 0 0 41 0 0 21 28 0 89 14 0 0 77 0 0 65 50 32 0 37 50 0 0 13 0 35 42 0 40 0 20 3 44 0 21 6 0 0 78 0 0 0 0 52 11 52 0 63 0 67 0 60 0 29 0 0 0 5 0 73 0 0 0 0 0 81 0 0 0 0 0 0 66 9 0 16 38 12 0 0 38 58 19 21 83 0 61 22 37 0 59 32 0
 0 0 0 37 11 56 8 0 0 0 0 0 71 0 0 0 0 12 0 0 13 15 0 0 0 66 4 72 34 31 42 0 0 0 39 0 0 61 59 0 18 0 0 6 60 37 0 78 0 46 18 47 4 54 66 0 33 0 0 0 0 8 20 0 0 32 0 11 25 0 0 0 75 0 82 15 0 6 24 20 0 0 0 0 0 18 11 0 63 0 46 0 0 35 0 84 0 24 0 0 6 0 0 0 0 12 0 20 51 35 0 0 0 41 0 78 8 21 1 72 0 0 0 0 22 48 0 30 15 11 71 0 0 12 24 11 21 0 86 6 0 0 0 0 0 57 5 0 67 2
 49 0 0 88 77 37 17 0 4 0 27 42 23 0 54 0 4 9 0 0 7 0 6 0 34 0 17 51 66 56 61 0 0 8 0 0 0 33 13 58 42 49 0 8 0 21 28 4 88 18 0 57 0 0 0 20 31 0 0 0 17 0 0 59 0 21 0 54 0 50 0 0 0 13 0 0 38 0 37 42 2 86 0 0 0 0 24 0 66 1 0 35 0 1 54 0 14 0 0 30 77 0 28 10 66 14 28 78 0 46 0 14 0 0 0 47 7 30 0 24 68 0 0 0 32 0 61 57 0 37 0 72 0 0 0 56 0 22 0 27 37 0 0 0 0 46 36 80 61 0
 60 0 0 5 27 19 29 0 0 0 0 29 31 0 0 0 0 0 22 34 0 56 3 6 0 45 0 0 61 36 58 0 0 7 0 5 53 14 0 35 0 0 0 6 21 0 41 29 20 0 0 49 0 0 0 76 52 0 0 0 0 0 69 72 0 0 12 88 0 0 0 34 33 0 0 20 0 30 22 0 6 0 0 12 14 28 11 26 0 13 0 75 25 0 0 0 0 0 0 37 8 42 0 0 0 0 20 74 37 46 23 0 49 95 31 0 0 12 0 0 0 0 55 6 0 0 0 0 0 0 0 5 45 20 0 14 0 0 0 69 0 0 33 17 40 0 0 0 0 0
 3 0 0 3 0 0 0 13 50 71 69 0 0 43 25 53 14 29 18 0 0 0 10 0 38 0 0 16 0 49 0 10 76 77 0 0 16 0 0 0 41 0 0 0 0 0 0 8 0 0 0 0 4 0 0 5 80 0 0 38 0 29 7 0 0 0 11 0 54 9 0 0 13 0 0 0 0 0 18 20 0 0 0 0 0 0 50 15 51 0 0 0 40 2 66 67 1 0 6 21 24 19 0 43 73 0 12 52 85 0 14 0 0 77 0 15 0 0 21 0 0 39 0 16 71 8 0 66 0 26 79 0 0 0 58 20 0 12 35 0 41 0 4 0 0 45 0 6 8 0
 34 0 77 0 0 0 49 73 1 0 41 20 11 49 27 26 5 61 14 43 0 0 0 0 0 21 12 11 23 0 29 0 38 47 22 0 0 5 4 0 85 0 1 25 82 0 0 25 27 12 93 0 66 60 11 0 0 0 12 0 18 0 0 11 0 41 38 0 0 15 10 0 0 0 61 0 0 59 3 1 2 61 0 12 0 51 59 67 24 52 0 72 18 31 0 12 56 64 0 0 0 62 17 0 4 12 54 14 0 76 21 0 0 0 14 0 28 0 13 0 0 0 10 0 82 27 1 0 0 13 5 0 11 16 0 0 0 0 86 50 3 30 55 51 23 15 0 0 0 35
 0 0 0 0 53 39 0 0 27 0 0 0 5 15 50 49 0 0 60 0 0 15 0 76 1 8 0 0 0 54 25 0 0 48 14 37 0 0 0 0 12 0 0 0 0 0 1 68 0 83 0 0 30 0 0 91 0 19 83 27 1 0 48 0 34 0 0 51 33 0 0 64 63 0 79 76 0 10 0 2 48 35 61 73 0 52 0 0 14 20 10 60 0 2 59 0 0 57 0 0 74 56 0 60 83 0 0 33 0 0 0 46 0 0 0 40 0 32 50 5 0 20 60 3 0 19 41 2 0 0 11 41 44 0 8 21 0 0 0 0 65 0 7 0 0 5 0 8 29 0
 47 46 39 0 0 62 11 43 0 64 0 50 9 84 0 0 29 0 73 0 0 9 0 28 0 0 0 6 0 9 29 0 58 0 2 0 12 0 0 0 0 0 0 38 0 14 9 27 0 13 42 17 23 51 0 0 3 0 10 92 37 42 0 57 0 2 0 0 24 0 30 52 0 4 19 0 0 22 0 29 0 0 51 0 0 2 0 0 0 13 6 52 25 0 0 46 0 1 45 0 70 0 0 13 7 22 0 0 0 0 0 0 3 0 15 0 0 0 49 2 0 46 0 0 21 0 23 42 0 4 0 23 46 0 0 0 49 8 46 54 65 27 0 0 29 0 43 29 34 0
 78 0 31 24 0 63 0 0 0 0 0 79 82 0 30 0 0 68 49 48 18 0 0 0 49 31 0 58 15 0 33 0 67 0 0 0 9 0 0 0 18 10 0 1 0 0 0 31 50 7 0 30 0 0 9 93 0 0 30 5 7 0 1 19 22 0 52 56 80 30 0 0 25 17 91 0 0 0 0 0 19 7 29 0 0 72 0 9 47 0 0 49 0 18 32 68 0 27 0 0 0 11 58 6 55 18 0 0 93 0 2 51 19 32 0 0 0 0 23 11 70 0 49 0 48 0 14 0 0 56 30 0 0 20 38 0 0 17 11 46 0 0 0 24 32 53 0 0 0 0
 36 39 42 0 44 0 0 0 7 59 16 0 54 0 0 0 57 0 0 0 12 0 0 8 0 22 0 18 44 27 0 57 0 0 0 25 0 0 99 63 0 28 0 2 0 11 1 0 0 0 0 5 71 4 60 21 0 0 82 0 0 0 0 54 18 0 0 0 0 0 0 64 0 0 0 34 0 0 0 0 6 85 36 18 11 0 3 0 29 40 15 51 59 0 65 15 2 0 0 0 0 0 14 9 28 32 40 0 55 0 0 0 0 23 0 0 0 39 0 0 21 0 0 0 0 55 75 24 0 20 0 0 0 0 0 30 85 0 37 0 8 19 6 35 0 0 47 44 11 0
 0 7 17 5 0 43 57 16 45 0 0 35 0 7 67 59 0 0 0 22 0 0 30 64 26 0 0 0 0 40 0 40 0 32 0 0 87 0 0 24 24 3 76 23 0 16 21 51 0 28 0 5 0 43 33 26 17 2 35 0 0 97 36 2 7 26 19 0 0 69 15 0 17 43 35 12 76 0 24 0 9 0 12 0 0 0 31 11 8 0 0 0 7 0 0 0 0 62 7 0 0 6 40 0 3 58 0 34 0 15 0 0 0 25 0 34 0 0 0 0 0 1 14 0 4 8 0 12 0 12 0 0 0 1 0 66 34 0 0 0 28 19 0 38 0 0 21 9 71 0
 0 0 5 44 0 69 0 14 31 0 0 0 7 0 25 0 89 0 28 18 5 0 27 0 0 21 9 24 0 5 28 0 21 48 29 0 0 76 33 7 0 57 62 4 0 81 35 4 0 99 62 0 0 0 19 61 0 0 0 0 0 64 0 0 68 14 41 51 52 28 53 0 14 0 0 60 0 0 0 0 38 2 0 43 0 63 19 22 16 76 12 0 0 53 0 42 8 0 0 0 2 61 2 0 0 23 20 0 0 0 73 34 0 23 0 7 0 0 28 0 0 0 17 18 0 0 0 28 0 0 11 0 0 0 0 38 0 26 0 0 0 0 0 0 0 0 0 1 0 17
 57 26 66 0 0 82 0 87 60 21 0 0 0 52 0 0 0 0 0 0 4 0 36 0 0 40 28 28 46 0 0 0 27 23 2 36 0 0 0 0 0 0 0 0 7 0 0 0 93 0 49 0 0 0 0 80 0 0 0 0 46 31 6 0 49 1 0 1 0 1 26 71 0 0 36 14 11 44 73 57 0 0 0 0 0 39 0 9 26 9 0 0 0 0 0 0 0 0 0 0 15 0 69 86 29 16 1 0 0 0 0 1 89 10 67 0 75 0 0 53 19 0 0 7 0 35 4 0 0 26 0 23 5 0 21 0 27 0 0 86 24 0 24 67 22 32 84 0 0 0
 59 27 57 0 0 2 53 0 0 59 19 5 0 6 0 0 0 47 0 44 0 0 39 89 63 0 21 19 0 0 0 29 14 23 0 12 36 0 70 16 32 25 0 10 0 0 0 0 34 18 0 47 39 0 43 16 62 46 0 0 0 0 39 0 48 0 21 0 49 0 1 44 0 0 72 23 0 0 0 49 0 0 42 0 0 0 0 0 0 0 29 2 0 0 39 60 9 38 0 43 49 0 17 0 0 8 0 47 0 0 21 1 79 62 0 24 15 6 0 13 39 0 0 0 0 0 0 0 0 22 18 0 18 0 20 34 0 0 0 12 92 26 0 0 0 2 0 0 0 33
 63 30 0 0 0 28 0 15 8 5 55 7 44 38 5 0 0 71 10 34 40 33 50 87 0 0 1 0 0 44 0 0 0 0 1 0 29 89 49 0 0 10 0 57 54 11 51 30 0 0 11 86 0 0 12 24 0 18 0 11 9 0 22 70 71 0 0 53 56 12 34 0 7 0 53 34 0 45 0 0 0 2 0 19 0 0 0 0 0 36 0 0 0 0 1 79 0 13 0 0 42 81 0 0 18 0 0 0 0 2 0 0 63 65 0 0 35 0 0 0 54 38 0 0 2 0 29 15 6 0 0 36 0 0 0 13 68 0 0 0 46 3 0 7 0 50 17 40 50 0
 0 58 45 3 34 0 10 0 0 13 0 9 0 0 75 28 0 7 0 0 87 0 0 0 9 0 0 52 0 0 0 48 0 2 14 0 24 53 0 21 0 13 0 39 21 43 39 26 0 0 0 0 0 0 12 64 33 8 60 0 21 74 0 9 39 0 0 39 0 3 0 0 0 0 0 0 40 33 0 95 0 0 64 0 10 0 0 0 0 0 17 62 0 21 6 0 0 0 0 36 0 4 11 9 0 0 0 87 11 41 4 0 53 26 0 55 85 0 49 54 22 9 0 4 10 68 0 25 11 0 4 3 47 0 4 1 5 0 2 0 33 0 66 23 0 26 0 51 21 0
 7 41 0 16 2 0 57 19 12 39 0 44 67 0 12 11 46 18 0 42 0 0 14 48 0 0 0 0 0 14 52 25 65 0 53 16 21 0 0 11 0 0 0 0 29 65 11 0 3 0 0 0 2 31 22 54 45 0 47 73 0 71 0 0 0 0 0 0 26 55 0 0 10 0 0 0 48 0 0 86 82 13 46 0 0 0 0 0 10 2 10 0 21 0 75 0 55 0 51 31 0 0 0 0 0 58 0 0 0 7 0 0 0 0 20 9 69 35 0 0 63 0 17 8 0 0 70 27 63 0 0 0 72 0 21 82 0 31 0 0 0 0 0 68 0 81 0 0 0 23
 90 0 51 0 75 15 54 84 10 19 63 35 0 23 45 8 16 0 0 20 23 52 4 2 0 0 24 61 23 0 4 0 0 0 0 24 79 36 0 0 0 3 33 34 30 0 10 43 0 0 0 0 83 40 0 0 65 0 0 12 12 0 0 0 0 61 0 29 7 0 0 0 27 17 0 0 19 0 8 16 0 80 72 54 0 0 0 59 0 0 5 0 0 0 4 15 0 31 37 32 0 0 0 8 0 0 23 0 0 0 62 0 53 0 0 0 4 0 21 0 42 4 27 0 0 37 57 7 65 70 1 19 0 0 0 22 18 9 4 44 0 43 92 41 54 2 23 0 0 0
 0 64 0 0 0 42 21 23 26 40 0 0 25 80 31 30 46 51 0 48 78 3 0 0 0 0 39 22 2 0 38 0 0 0 0 76 45 0 55 0 44 0 0 74 0 5 62 0 75 53 0 46 21 0 0 0 31 10 0 0 18 30 28 0 0 19 0 0 0 0 0 9 0 39 0 0 56 70 0 0 0 79 8 12 0 0 59 7 34 14 22 5 0 0 0 0 0 3 36 64 32 0 0 0 46 33 0 0 0 0 24 0 41 0 0 29 0 15 12 0 0 21 0 0 0 0 0 14 73 19 36 0 57 0 30 0 0 0 74 0 44 32 0 0 22 0 0 0 49 13
 56 0 0 0 0 0 59 61 0 4 0 47 0 0 0 86 0 0 0 0 6 0 0 0 0 7 20 57 0 0 37 0 0 78 0 0 0 0 53 0 8 52 0 0 0 55 0 0 0 0 34 0 86 0 25 0 0 0 6 6 17 0 80 48 0 0 0 0 48 52 5 0 51 0 0 20 0 0 0 0 0 0 44 0 0 29 57 0 0 30 0 18 0 0 13 76 0 36 0 0 40 0 44 36 56 58 0 7 0 0 0 0 0 0 7 0 0 8 28 27 0 0 0 4 7 0 8 0 0 55 5 0 0 0 0 20 0 0 0 71 43 0 1 0 0 19 0 0 5 0
 23 0 0 86 0 0 59 38 0 0 27 0 0 0 0 1 76 13 0 4 0 47 33 33 0 0 0 0 8 48 27 0 22 75 0 67 72 23 6 69 84 0 0 0 72 0 0 69 0 28 0 0 0 0 24 36 8 0 0 53 8 67 0 51 0 0 76 61 0 68 0 0 23 17 61 16 0 0 0 0 31 0 0 13 26 0 0 18 4 40 32 51 27 15 0 81 1 0 0 7 0 19 15 0 25 0 0 0 0 0 90 0 79 27 36 0 17 0 0 39 53 0 0 83 0 31 0 0 0 0 0 0 55 0 63 13 15 0 12 61 0 35 38 0 9 0 69 17 5 0
 0 0 0 42 0 9 0 77 0 0 0 0 34 43 0 0 0 20 0 36 47 0 17 0 23 0 0 45 17 6 24 14 0 0 43 12 8 8 7 18 41 48 11 32 31 39 17 16 88 0 37 0 0 0 0 0 0 0 0 8 5 65 1 27 67 0 0 10 76 27 46 35 18 46 71 87 10 47 38 0 0 0 6 5 29 0 4 0 1 0 0 0 0 0 52 0 19 19 23 26 0 23 14 0 0 0 0 0 52 0 0 4 0 0 65 0 0 71 23 0 0 0 12 33 0 0 0 79 7 0 0 0 0 73 0 0 0 0 0 0 28 0 0 0 10 0 0 0 63 0
 0 48 50 10 13 45 19 10 44 0 0 0 11 0 0 57 19 34 0 0 0 0 0 0 9 17 22 0 18 0 85 0 6 42 0 54 44 38 59 1 0 0 2 0 0 0 20 77 0 10 0 53 18 0 0 0 32 36 38 42 0 0 88 24 72 95 0 0 0 4 0 50 0 2 7 33 0 40 16 0 6 59 0 0 0 17 0 7 0 0 0 0 47 0 0 0 3 13 5 0 87 0 0 0 0 20 41 0 12 0 35 46 16 58 19 33 31 26 13 0 0 30 22 59 4 0 0 29 87 0 0 0 60 52 0 0 32 3 36 0 0 45 62 28 0 26 65 8 0 59
 88 37 0 23 0 2 43 52 0 20 21 18 20 0 41 0 0 0 0 0 17 39 51 46 18 0 62 0 7 18 33 11 11 0 36 12 19 10 0 0 9 0 56 0 43 56 0 0 0 4 10 0 21 0 0 65 0 35 65 44 50 6 54 0 27 5 78 0 91 70 8 48 62 0 0 67 53 10 64 62 0 0 19 0 30 0 0 0 31 0 2 10 0 0 65 83 87 0 17 63 97 17 32 3 14 0 0 5 0 0 0 14 0 25 0 0 0 0 61 0 43 19 0 78 13 0 0 22 0 49 0 42 7 97 0 47 40 0 7 0 35 0 0 26 29 63 95 68 9 27
 34 39 48 0 1 0 0 0 26 0 0 25 3 0 32 27 0 0 30 20 0 0 31 0 16 46 31 87 0 0 0 65 0 0 0 8 51 0 0 0 0 0 17 20 0 0 0 31 4 0 21 0 45 5 0 0 33 0 0 5 0 58 31 0 0 23 57 29 3 0 0 0 58 0 35 46 13 0 2 30 0 0 0 0 60 0 0 0 0 18 0 0 0 0 0 0 71 0 63 0 14 29 29 33 5 2 0 50 34 6 37 49 0 70 0 17 0 0 74 50 0 86 0 12 0 0 0 46 2 0 54 0 0 0 0 0 15 0 0 0 0 0 59 20 57 30 0 68 0 25
 0 0 0 0 0 0 47 38 33 51 39 20 49 0 25 37 25 24 0 18 0 66 0 0 16 0 17 0 0 80 7 24 0 23 0 48 0 29 21 0 13 0 0 49 0 16 9 0 34 0 0 0 22 50 0 47 0 0 25 0 0 83 0 23 0 79 0 0 15 0 0 0 41 51 63 17 48 47 36 0 0 0 9 0 5 67 1 83 0 66 0 34 0 0 0 17 26 26 0 0 0 0 57 25 0 23 33 29 0 0 0 0 0 2 64 0 0 30 8 6 0 0 0 0 25 0 63 2 0 0 37 0 0 33 0 0 18 0 0 0 0 0 90 0 39 42 0 0 0 23
 79 6 0 10 0 51 40 0 0 0 0 0 0 52 15 0 41 0 5 0 8 0 0 8 34 0 0 23 29 60 74 63 0 0 0 76 0 0 21 0 42 0 0 0 37 0 21 0 0 63 68 0 0 0 0 0 1 0 0 0 31 49 0 0 0 0 0 9 4 68 54 0 69 0 0 32 45 37 4 0 0 0 20 0 18 22 0 0 59 0 28 8 49 43 12 49 0 8 0 20 11 0 0 6 11 0 9 28 0 15 23 31 0 13 0 0 0 5 13 0 55 4 0 44 2 62 0 0 0 34 13 0 0 30 0 0 14 0 0 73 0 0 21 40 68 0 25 0 10 42
 75 39 0 36 13 52 0 36 0 49 46 0 0 0 0 0 0 32 0 0 27 42 20 63 42 75 27 43 0 0 0 10 0 56 0 53 23 19 0 0 28 21 15 63 4 32 19 0 0 2 0 19 62 0 0 0 0 0 29 2 35 5 0 82 0 17 0 54 69 0 25 0 0 0 70 47 0 0 1 0 0 0 0 25 24 15 25 0 13 33 38 59 0 2 0 0 19 0 54 26 1 0 29 48 0 0 20 57 0 45 0 0 0 25 72 0 0 22 59 0 0 0 71 14 63 11 0 0 0 0 1 0 0 0 0 35 0 31 0 0 22 38 0 38 0 0 26 0 0 13
 0 0 27 0 0 0 0 0 60 0 0 0 0 0 13 0 96 0 39 0 0 81 0 0 0 0 0 15 57 0 0 17 12 39 1 0 2 0 66 0 6 71 0 51 16 53 0 26 16 0 0 78 0 23 28 0 0 45 34 18 9 0 47 8 0 0 0 64 80 42 7 37 0 22 17 15 8 25 0 0 18 0 0 0 60 0 0 0 0 81 0 43 0 38 0 0 0 0 0 51 8 0 0 0 0 54 18 0 14 21 0 0 25 0 8 0 0 7 0 28 11 0 0 42 19 0 56 31 64 0 53 0 20 0 10 0 0 31 0 33 11 0 0 0 25 24 43 5 34 0
 0 8 0 0 3 74 14 82 0 0 12 53 23 0 0 0 0 40 52 0 0 0 0 9 14 41 0 29 0 25 67 57 0 11 15 0 0 0 49 17 5 0 72 0 0 19 0 0 11 0 13 0 0 0 0 34 1 0 1 0 0 33 0 0 0 9 0 0 0 0 68 3 96 3 8 5 42 38 0 0 31 0 0 0 75 36 29 0 0 0 0 50 11 0 7 32 0 0 64 0 95 9 0 31 0 13 52 0 0 32 0 0 34 0 1 0 72 10 27 14 28 40 10 96 25 9 1 0 0 0 0 64 0 35 73 0 15 0 0 0 0 7 48 62 0 0 0 20 13 0
 87 0 0 0 0 0 1 0 0 0 0 12 59 31 0 50 18 19 0 14 53 0 25 0 14 39 0 0 0 1 0 0 0 0 80 0 0 0 82 0 23 36 0 0 68 0 21 9 18 75 0 0 62 0 3 22 23 1 3 17 0 0 53 0 0 0 60 3 0 25 81 0 0 0 0 36 52 6 16 6 25 48 94 26 0 40 0 31 0 0 25 0 45 0 5 62 0 28 16 33 1 67 0 32 0 37 0 0 0 0 44 0 94 0 0 0 0 44 0 15 49 8 0 68 0 0 30 3 14 0 14 16 34 0 0 0 6 0 37 0 0 70 14 0 67 23 93 66 76 0
 3 19 0 4 13 7 0 26 62 5 9 0 0 56 21 1 0 0 11 37 57 4 0 41 0 62 0 0 13 0 32 34 0 17 31 0 0 39 0 40 0 56 9 0 0 13 12 51 0 0 0 0 30 0 36 0 0 0 51 42 87 44 7 0 0 0 7 0 0 31 0 0 0 29 48 0 44 30 16 33 0 0 0 0 0 0 0 0 0 9 0 0 14 30 44 0 0 61 7 0 38 82 0 0 43 30 28 0 41 73 13 0 3 30 1 0 13 0 11 0 0 0 0 22 0 0 0 0 21 83 0 0 53 74 0 28 14 73 30 6 20 52 0 0 46 27 0 43 4 35
 0 0 0 0 0 0 90 0 58 0 91 0 0 0 4 0 39 0 31 0 3 53 2 0 0 32 69 16 32 51 69 0 44 0 44 29 0 0 0 0 0 54 3 79 0 81 0 10 24 0 45 47 0 0 0 0 0 0 31 22 46 9 0 0 0 0 0 0 0 0 0 0 0 0 5 81 0 73 37 0 3 0 29 0 0 83 0 27 0 0 0 0 0 0 0 0 0 19 0 65 48 44 20 50 1 73 0 0 0 0 0 0 47 57 25 30 0 0 49 0 19 0 0 76 0 21 17 62 43 0 0 0 55 0 0 0 0 1 0 0 39 0 0 0 0 14 0 32 37 0
 27 0 73 5 0 0 6 0 0 0 72 41 0 0 0 0 42 0 0 0 0 43 1 27 30 90 0 0 9 55 39 61 0 0 56 21 31 28 0 51 0 27 29 0 42 0 43 79 45 36 13 15 18 0 47 0 9 50 0 0 0 0 59 40 0 52 0 0 0 0 48 0 0 0 0 6 54 31 86 45 17 6 0 0 8 0 5 48 59 0 0 0 0 4 0 0 0 10 12 32 0 0 0 29 18 0 0 0 0 44 0 0 0 19 0 0 0 57 7 17 34 0 0 4 19 2 0 29 28 0 0 13 0 0 34 9 47 0 0 38 0 0 0 3 6 7 6 6 24 0
 18 0 84 0 33 0 66 0 29 5 0 53 34 0 7 0 20 44 0 3 6 0 0 41 48 29 27 59 0 0 33 0 16 18 0 0 0 0 0 2 0 0 0 0 0 9 0 28 0 0 0 2 21 1 34 0 13 0 0 56 11 0 14 13 0 0 0 97 0 0 29 0 0 0 0 0 0 90 38 74 60 0 81 0 56 0 0 0 0 34 6 0 23 0 71 0 0 64 29 13 35 0 0 0 23 0 16 22 0 0 39 0 0 27 0 29 0 8 0 0 20 0 0 35 0 4 25 74 15 41 0 0 39 34 27 0 15 33 0 0 64 51 0 1 0 0 14 18 0 19
 0 0 0 0 0 75 62 38 69 0 17 35 0 7 22 0 0 0 25 0 0 0 0 0 0 0 21 22 66 0 44 39 0 0 0 0 0 0 0 12 0 24 0 86 0 0 0 0 0 48 1 25 29 0 34 0 0 1 29 83 0 72 36 22 0 0 0 0 0 0 0 8 8 0 0 0 0 0 62 43 0 0 22 0 48 0 0 0 23 0 0 57 0 32 0 3 0 0 4 44 20 22 15 38 0 0 70 0 0 56 0 0 8 67 27 38 36 8 0 41 37 15 0 2 78 0 0 0 0 58 13 11 58 22 52 0 0 1 0 0 0 0 0 0 0 0 46 28 0 0
 0 0 0 3 0 0 62 0 11 71 0 45 17 45 21 38 6 16 37 0 0 0 40 49 0 0 44 6 31 22 45 0 8 0 0 64 0 32 0 2 0 0 0 30 0 0 53 0 0 0 0 72 0 2 43 0 0 43 0 0 0 19 18 0 50 26 0 0 28 16 41 1 5 0 0 79 0 0 0 70 0 10 21 0 0 0 0 0 34 19 0 43 5 0 35 0 0 0 77 0 0 0 34 0 27 0 0 1 80 80 18 0 6 35 0 0 71 29 14 0 0 35 69 70 22 68 0 3 0 0 0 0 0 32 0 58 0 36 49 0 29 53 73 0 0 0 77 13 35 32
 0 4 44 0 0 0 0 32 0 0 36 88 27 62 0 0 0 70 0 12 47 0 0 27 25 39 11 59 36 20 0 14 26 19 0 14 72 41 1 0 24 0 33 0 34 0 0 67 0 0 30 0 0 0 0 11 25 45 10 0 14 15 9 0 4 0 0 29 9 5 29 0 0 0 30 0 0 0 19 33 2 60 0 0 63 0 15 0 13 53 46 17 0 51 0 27 0 0 0 0 10 4 0 0 0 24 41 0 27 57 0 0 15 0 58 63 0 0 24 0 10 12 48 3 0 0 58 14 2 0 15 0 4 0 0 0 3 5 21 37 0 0 0 23 57 0 57 69 0 55
 31 0 4 4 15 66 0 0 57 13 0 6 67 30 0 0 39 68 32 0 30 34 14 0 78 0 24 0 38 2 0 81 19 0 0 0 18 65 33 44 0 0 0 97 22 0 15 17 0 0 3 0 0 27 0 33 35 0 23 0 0 0 0 92 48 0 40 68 62 15 12 29 18 0 4 29 0 5 68 0 0 50 43 0 0 0 0 19 0 6 0 0 0 23 0 0 0 0 42 28 0 0 0 0 0 0 0 0 0 0 6 27 32 30 18 27 19 0 37 14 0 18 0 0 0 0 11 0 19 0 38 48 32 39 9 62 28 8 62 0 67 0 33 0 0 0 5 0 0 0
 73 48 83 67 0 15 0 0 0 71 30 7 42 51 29 0 35 9 0 73 0 0 0 0 0 36 0 0 41 39 22 66 59 0 0 0 12 88 0 0 0 0 0 0 28 29 52 24 22 0 0 0 0 0 29 41 0 24 0 0 0 0 0 7 0 52 0 51 0 0 23 77 31 0 52 0 38 0 0 0 61 0 63 14 0 0 0 0 0 0 4 0 5 0 13 0 16 42 0 0 0 0 0 0 0 0 30 0 32 3 49 0 0 0 0 0 0 44 1 0 0 0 0 47 3 0 0 1 43 61 76 55 0 46 32 0 23 0 0 56 0 0 0 23 0 0 3 31 8 29
 0 19 0 9 34 39 14 0 0 13 14 76 40 0 0 27 0 0 0 0 0 36 9 0 0 28 0 26 0 0 1 37 0 0 10 19 0 11 62 97 4 0 79 0 24 0 0 34 0 0 1 0 0 71 0 42 6 0 16 69 0 0 8 0 0 23 23 1 73 75 0 91 17 0 27 67 30 65 78 24 4 10 0 2 17 0 0 0 53 3 0 11 78 1 15 0 35 37 19 1 0 0 19 0 0 25 0 53 13 47 26 38 27 0 0 0 16 68 0 36 0 2 11 19 65 0 18 51 23 6 0 0 0 58 0 1 30 0 20 47 39 0 0 26 0 74 43 64 47 25
 10 0 14 0 0 50 2 0 6 23 0 0 0 0 0 47 0 0 53 0 0 0 0 0 1 15 7 41 25 8 0 29 0 39 0 14 0 0 0 0 69 4 0 85 38 64 0 22 20 89 77 10 0 15 5 12 39 41 0 24 42 22 28 0 0 28 0 0 0 0 0 0 0 11 60 87 0 0 0 40 0 61 21 0 75 0 13 0 0 0 27 18 0 0 0 0 36 0 0 78 0 0 23 3 0 43 0 12 0 0 1 72 14 0 0 0 20 0 82 0 12 0 0 1 78 0 32 0 51 0 0 0 13 0 0 94 8 31 30 50 75 0 0 0 0 0 0 7 29 0
 0 45 0 32 0 0 0 27 34 0 24 38 0 0 4 0 0 0 0 0 0 76 69 12 6 0 4 0 45 68 20 18 23 88 24 0 0 0 60 22 0 71 0 0 0 26 0 39 0 0 0 0 21 4 0 0 23 42 43 37 8 27 0 51 23 0 15 59 0 0 0 82 0 0 34 0 44 46 13 19 24 27 40 86 16 51 0 52 18 13 13 0 17 14 75 0 0 0 0 0 0 0 0 3 62 64 0 1 18 0 1 28 59 0 69 0 4 0 0 0 7 0 61 0 18 0 0 0 0 21 0 0 0 40 65 1 0 0 0 6 0 23 0 40 0 44 59 10 34 0
 20 16 0 0 32 0 0 5 0 0 0 0 0 32 0 0 31 47 0 0 0 6 45 5 13 0 0 0 42 0 0 0 0 0 0 35 13 0 0 0 4 0 29 59 0 0 0 0 0 25 45 5 0 0 0 55 38 0 53 33 10 0 0 88 0 5 62 56 0 65 0 76 0 1 29 26 0 7 16 34 0 4 15 43 0 1 73 0 30 0 0 4 0 45 70 75 30 8 0 27 0 36 30 28 73 36 43 0 0 0 0 29 0 69 0 0 0 4 9 0 0 38 0 56 11 17 0 0 26 0 1 2 39 0 0 0 0 21 0 12 0 5 0 0 17 0 0 8 0 53
 0 0 57 0 24 9 0 40 7 45 0 0 71 0 46 8 18 0 23 0 67 0 0 0 0 0 0 0 0 37 11 0 16 36 7 0 19 28 73 0 0 0 0 0 3 3 0 0 0 7 80 0 2 0 0 0 31 75 8 42 0 0 51 0 14 0 67 11 0 13 25 68 25 0 17 0 0 12 93 22 67 0 5 26 57 0 71 85 5 23 71 6 5 0 36 0 43 82 26 77 59 41 8 0 1 29 60 12 26 0 0 10 5 0 4 0 0 44 44 0 0 83 51 0 65 0 17 0 0 22 0 0 3 0 55 0 40 0 60 0 0 38 0 0 23 0 0 0 0 4
 0 0 0 0 11 62 0 18 0 0 40 66 0 39 30 32 0 0 24 82 12 0 0 0 8 0 0 13 32 0 0 0 1 6 45 0 0 0 20 0 0 6 13 0 0 0 55 0 0 0 60 0 0 0 0 0 11 12 64 0 22 0 32 0 0 38 0 37 10 0 0 62 25 24 29 7 0 52 0 0 0 57 30 0 20 0 0 0 33 37 15 7 19 0 86 0 33 93 0 27 0 19 2 73 0 0 0 30 47 0 73 0 26 0 91 0 32 26 8 2 19 0 40 26 56 5 0 0 0 0 10 16 0 41 21 15 0 0 57 25 20 81 0 7 0 0 0 62 0 6
 2 0 53 0 0 6 30 0 12 0 0 0 14 27 0 29 0 0 45 54 73 0 0 80 44 28 5 1 83 27 15 71 30 0 54 0 19 17 0 0 0 0 23 0 35 0 0 37 0 0 0 76 0 60 0 0 27 0 37 0 42 0 0 0 63 10 27 0 0 15 0 0 33 65 0 6 30 0 34 0 0 0 41 0 41 0 21 0 0 30 24 0 60 0 45 0 9 97 3 0 0 0 0 0 0 0 0 0 0 38 0 0 0 0 4 2 0 32 35 24 0 21 0 5 28 46 20 35 0 64 0 14 33 0 2 45 69 1 61 37 0 0 47 47 10 50 0 0 31 2
 6 0 15 0 0 0 4 0 19 0 0 0 14 27 0 27 0 29 15 0 0 0 5 0 0 0 0 0 0 27 0 2 0 0 0 0 78 0 8 8 0 9 0 4 0 0 54 26 40 0 0 31 0 75 0 47 0 1 0 0 0 0 62 0 11 16 0 78 46 0 0 17 22 0 49 45 1 0 41 14 0 58 0 51 0 0 30 0 0 0 57 95 0 4 0 0 0 0 18 5 0 0 0 27 10 0 0 17 69 0 0 0 0 0 0 21 0 28 0 0 0 0 0 0 0 0 27 27 0 76 11 76 0 0 51 18 46 17 0 68 0 0 6 79 0 70 0 0 0 0
 0 40 4 44 24 0 0 0 0 77 4 20 68 84 69 0 32 91 0 15 0 25 0 48 4 0 0 0 0 8 0 0 0 79 0 44 0 31 0 0 0 30 10 0 34 0 0 57 0 0 0 0 0 47 31 74 0 38 0 19 7 0 0 0 0 12 0 24 0 0 0 0 0 62 25 55 51 8 0 0 0 35 13 0 0 14 0 0 0 8 0 66 25 0 0 16 0 12 0 0 0 80 32 6 0 0 0 0 15 0 0 0 0 34 30 19 0 75 41 57 0 47 87 0 44 0 0 43 0 0 19 30 36 0 0 0 0 56 31 0 83 0 0 15 0 12 0 6 15 0
 0 0 0 40 16 24 45 31 5 14 12 12 54 25 39 68 86 0 20 0 0 0 0 47 0 0 0 64 0 0 9 26 7 44 0 0 0 44 0 0 43 0 7 0 79 25 0 0 0 22 0 57 0 0 33 51 7 15 8 0 62 49 16 0 78 0 12 8 78 0 81 15 0 0 0 94 58 0 31 0 18 52 0 0 64 0 45 0 0 0 12 0 98 0 3 51 0 0 0 0 24 0 21 0 37 0 69 30 70 0 0 0 0 65 0 0 0 0 15 0 0 0 37 0 1 0 0 0 0 69 31 52 68 75 49 0 0 17 0 0 0 0 39 64 0 33 5 25 10 70
 0 9 0 19 0 5 0 0 0 4 18 37 15 48 94 11 0 49 8 0 0 0 0 8 11 0 22 21 0 0 0 0 7 26 0 33 0 15 0 21 0 0 0 8 0 0 28 0 0 0 30 0 66 23 0 29 76 33 0 23 21 22 43 0 33 21 17 16 70 0 0 0 64 37 0 38 0 40 0 57 0 0 1 0 74 0 0 3 49 43 0 15 1 99 75 0 0 0 19 22 16 48 0 37 0 31 17 0 0 0 2 56 15 0 7 0 0 66 0 0 0 0 0 6 0 0 17 0 0 0 40 45 0 29 29 0 0 0 19 60 28 0 5 0 81 88 0 0 9 30
 29 29 0 0 24 81 0 20 59 0 43 73 33 45 0 0 0 58 22 0 65 54 26 0 0 14 28 8 0 41 0 60 0 0 0 15 32 37 0 41 46 14 0 67 10 0 27 0 27 0 31 0 0 55 23 0 0 0 0 0 0 18 0 46 0 64 0 16 12 0 2 42 0 0 0 39 59 0 83 0 62 5 0 0 49 0 0 0 0 0 7 30 0 0 34 51 0 0 0 0 2 55 0 17 0 0 0 0 0 11 10 14 0 0 15 4 0 0 0 14 0 11 0 0 0 0 0 0 0 0 35 0 0 0 15 21 0 0 0 36 0 72 0 45 70 0 72 67 12 57
 0 60 44 67 32 86 0 0 0 66 0 18 25 0 0 0 10 15 12 0 0 0 57 54 0 0 0 20 53 62 19 9 37 20 88 0 83 0 18 0 0 36 60 0 0 48 36 0 0 21 0 0 0 0 0 60 0 0 38 19 0 49 0 0 0 72 0 6 0 0 23 68 0 0 54 43 2 28 0 31 0 47 14 26 27 37 0 74 68 18 21 0 0 31 0 12 20 0 1 50 0 1 27 0 82 15 0 0 3 5 2 5 28 0 36 0 46 63 44 0 0 11 0 9 56 0 36 0 0 5 0 0 0 26 0 11 20 0 0 0 0 12 0 0 13 0 46 0 29 24
 23 13 0 25 0 0 0 0 3 16 21 0 12 0 0 22 0 70 0 0 0 0 0 0 84 0 25 8 0 24 27 19 0 4 15 0 0 0 0 0 0 0 0 49 30 0 29 0 0 16 6 80 0 77 0 24 0 44 0 0 68 38 7 0 0 0 0 0 0 16 0 45 37 15 31 8 5 32 16 38 14 14 0 0 0 60 0 0 0 0 45 64 29 34 26 0 46 33 0 0 43 28 45 0 1 30 0 0 0 28 9 0 10 0 0 62 0 0 5 7 27 0 70 0 0 0 33 35 19 0 22 0 0 72 44 0 0 0 32 0 0 1 0 65 0 0 0 0 37 0
 44 0 16 26 23 33 0 3 47 22 75 4 33 63 55 0 45 71 18 0 0 32 0 0 22 73 0 12 79 0 6 0 41 38 39 0 4 35 85 8 0 0 0 57 0 40 4 3 0 0 0 0 33 0 6 30 0 0 39 77 0 0 0 12 0 0 45 1 0 0 54 67 35 0 0 0 0 0 82 50 10 18 0 0 0 5 0 0 0 0 0 0 46 25 17 62 0 34 0 0 1 74 40 0 0 0 0 6 8 0 0 26 0 52 37 0 0 0 7 26 0 0 73 30 0 6 5 12 0 0 67 0 1 74 0 0 19 0 0 18 65 0 29 0 0 0 42 12 0 68
 0 0 0 0 0 0 0 0 0 0 0 65 0 41 63 0 0 35 78 33 18 0 10 0 0 8 32 23 0 0 0 0 4 0 0 34 84 0 0 30 0 35 48 9 18 5 9 0 48 35 0 3 54 0 25 49 90 55 34 0 0 0 55 53 0 0 0 0 28 83 0 17 0 0 0 71 0 0 0 0 16 0 4 0 63 35 84 0 17 0 0 53 19 0 15 0 48 0 52 75 12 79 0 0 0 19 0 7 12 76 0 2 0 0 0 0 0 0 68 20 15 13 68 0 0 20 0 7 0 16 23 25 0 0 0 4 4 0 0 8 0 0 7 16 0 0 0 0 1 48
 0 35 0 15 0 38 73 0 0 0 35 33 0 0 0 19 20 12 44 10 72 0 34 0 0 0 41 24 22 0 24 38 61 50 11 0 0 51 10 0 0 41 0 74 60 0 0 0 4 8 30 17 74 1 18 28 0 23 0 0 0 0 23 0 0 42 0 84 46 0 0 0 23 0 2 0 0 0 0 26 61 0 6 0 0 12 0 0 0 59 0 74 40 0 67 0 50 31 0 80 0 29 0 25 0 0 0 0 42 30 0 0 0 8 20 0 19 0 24 58 56 26 36 0 0 0 6 17 50 0 29 18 0 35 36 0 26 46 0 0 0 0 0 45 70 0 47 74 0 35
 0 0 0 15 55 11 14 0 73 53 30 3 0 19 0 0 57 4 7 0 0 0 0 0 32 2 13 33 0 33 72 34 42 0 4 0 25 0 0 16 48 55 56 0 0 0 0 0 82 0 0 8 27 40 0 0 0 0 46 52 67 0 0 38 0 0 0 0 45 0 0 0 0 0 0 0 35 0 0 6 0 48 12 23 19 67 23 0 2 44 41 18 0 0 0 45 0 0 0 64 94 13 54 0 0 0 0 64 0 22 0 0 0 59 30 0 88 0 31 21 0 16 6 1 42 21 51 0 82 39 36 44 30 0 10 0 11 67 0 37 10 0 53 33 0 0 0 0 0 42
 49 42 56 58 16 0 0 59 0 3 0 0 0 0 31 41 73 0 0 0 0 0 59 28 0 11 69 11 56 0 0 60 33 38 0 68 17 26 0 41 0 0 0 0 44 47 0 0 0 0 13 0 4 0 0 52 38 0 0 49 26 28 76 0 0 58 0 0 20 25 52 29 0 0 0 0 18 81 0 3 0 3 22 32 1 9 0 0 0 59 8 0 24 0 0 0 0 0 0 0 0 92 61 0 0 0 79 11 23 14 11 16 0 14 39 24 34 3 24 0 30 40 0 0 26 0 21 7 29 30 0 0 0 67 12 36 47 0 42 14 0 0 0 39 37 0 21 0 0 40
 22 0 0 34 42 0 0 0 29 0 0 0 3 0 4 40 0 18 0 27 0 75 0 39 2 0 0 15 0 7 3 0 16 6 27 0 1 0 0 0 0 0 1 0 6 0 6 27 0 42 16 0 0 0 0 0 0 60 0 19 0 9 0 0 0 33 0 0 0 81 0 10 18 39 90 0 48 49 0 0 6 24 39 0 0 33 0 0 0 64 20 0 0 31 50 0 0 0 61 30 0 0 50 0 0 0 39 6 0 5 18 18 26 0 30 59 0 15 0 0 0 69 0 76 15 87 17 64 0 0 28 98 12 0 22 0 0 3 65 0 0 0 0 25 60 25 45 0 53 18
 0 0 3 14 0 7 0 0 24 71 0 15 0 0 0 48 63 0 0 34 0 6 44 29 19 48 12 0 0 59 42 0 50 65 0 8 0 0 0 0 32 21 31 0 62 0 16 0 45 0 0 0 0 21 6 0 27 20 0 31 0 22 0 35 48 12 0 0 0 0 0 24 0 0 60 0 0 9 0 9 60 63 67 38 0 0 0 49 0 74 0 0 22 0 0 27 16 9 46 0 50 29 34 43 39 15 0 6 62 21 2 2 0 17 0 42 14 1 92 95 0 0 0 55 0 18 0 0 59 0 0 0 40 63 0 1 23 0 0 0 0 11 0 27 17 0 76 28 0 13
 0 0 77 0 0 0 0 0 0 0 0 14 0 0 22 40 0 0 0 0 0 34 4 0 0 12 0 50 47 0 72 68 0 0 91 46 0 0 0 49 67 0 55 0 70 0 6 0 0 0 0 0 0 0 42 0 6 0 5 69 13 0 0 0 23 1 0 0 49 0 3 12 5 89 0 0 0 0 23 0 22 29 12 14 34 0 0 0 3 21 0 56 0 8 27 0 0 86 55 31 36 2 62 0 53 0 9 0 1 0 13 37 52 45 0 0 40 0 0 25 0 55 52 0 17 55 53 0 0 32 55 0 37 52 55 23 36 52 14 13 0 26 21 1 0 74 42 0 0 0
 69 0 69 7 16 14 0 0 66 30 0 13 23 48 1 7 0 0 0 34 24 0 8 60 0 12 0 16 25 60 35 54 0 0 0 0 45 49 0 0 12 51 39 10 0 0 31 48 0 9 0 0 0 0 0 0 0 27 19 0 16 0 0 20 19 0 38 0 0 73 79 0 0 0 0 0 65 89 54 31 0 7 87 0 0 0 0 0 69 53 33 31 21 0 7 0 0 81 0 39 15 92 68 0 48 26 35 0 0 0 19 45 0 40 0 7 0 19 64 0 0 23 65 29 0 17 16 0 0 0 0 0 48 14 80 64 19 0 73 0 0 23 33 7 3 0 0 0 0 0
 0 52 4 0 0 14 0 35 0 0 41 25 60 0 0 0 0 14 0 91 0 28 44 0 0 38 36 7 17 73 48 0 66 0 58 0 34 0 0 0 13 0 71 0 9 0 0 0 0 9 44 42 0 3 0 0 61 66 7 26 0 54 8 41 42 0 51 37 0 0 0 0 0 44 0 88 7 0 0 6 0 54 0 48 24 64 0 0 1 14 43 65 0 0 45 20 42 73 59 22 4 0 0 59 0 0 91 0 0 1 4 0 0 0 17 0 0 0 35 69 0 0 0 0 0 62 42 0 0 0 0 38 59 0 18 0 48 0 0 17 0 50 37 23 21 0 5 0 0 0
 48 15 0 8 13 0 64 26 74 41 46 0 0 17 0 18 0 8 43 0 2 92 34 0 0 0 0 0 46 49 74 0 0 0 13 0 0 59 0 15 0 0 0 14 0 0 0 0 0 0 46 82 33 0 26 13 0 74 0 50 34 41 0 14 87 91 0 0 0 0 0 14 28 83 85 36 85 0 25 0 32 43 57 0 0 0 56 0 0 42 0 62 0 5 13 5 30 0 0 28 0 0 0 0 9 89 10 70 36 1 0 40 24 2 28 61 0 0 52 18 27 6 0 0 1 40 73 6 39 0 0 56 55 0 0 22 0 83 4 85 30 0 0 21 0 0 71 2 2 42
 17 0 0 21 9 0 0 58 49 0 18 33 0 28 0 0 23 0 0 32 0 0 48 0 0 71 0 1 0 11 0 18 0 0 0 47 0 0 65 0 0 0 0 0 0 54 0 0 33 4 61 0 0 35 68 6 15 11 0 22 13 68 1 10 0 0 32 0 90 44 43 0 16 19 0 22 51 24 25 0 0 74 0 0 36 0 20 0 0 4 0 0 0 26 74 0 4 0 0 0 24 0 27 0 0 50 41 0 35 41 0 0 3 40 0 8 0 21 0 0 65 59 15 28 0 0 34 19 15 3 0 50 9 2 0 0 0 0 43 66 0 14 59 0 0 38 32 1 5 45
 0 11 0 0 0 15 47 77 2 0 18 0 47 0 55 0 0 48 39 0 0 58 0 39 62 76 83 0 0 63 0 65 84 0 0 0 0 0 0 0 59 0 43 7 0 0 0 2 0 14 17 39 28 0 48 21 3 0 0 0 83 0 4 7 12 56 0 0 6 0 0 0 0 24 0 20 0 10 0 0 0 74 0 0 23 6 14 85 7 0 42 4 18 72 0 0 0 36 0 0 0 0 0 0 25 32 0 0 0 14 0 0 0 0 46 39 0 0 44 0 0 0 0 9 0 49 0 0 29 37 0 0 1 0 0 3 0 36 24 0 0 0 0 37 9 0 0 0 82 63
 1 41 61 0 83 0 31 3 0 6 24 0 56 0 0 0 0 0 0 55 24 0 83 0 34 0 0 0 37 10 29 0 10 0 0 0 0 19 0 27 22 11 14 0 59 74 0 0 0 42 3 0 28 22 0 31 0 14 0 10 0 0 63 0 44 0 52 0 3 0 17 6 1 0 0 55 33 0 67 0 17 0 0 0 0 0 43 36 0 55 54 66 75 0 0 0 0 12 73 43 32 0 0 0 0 0 0 52 56 8 3 0 0 45 49 0 0 12 0 0 19 0 0 71 0 0 0 34 0 66 18 0 0 41 0 0 16 0 2 24 0 0 0 24 0 19 40 0 0 0
 32 0 0 24 42 64 7 0 30 0 53 0 0 32 0 25 70 68 49 0 0 58 18 52 0 0 6 17 0 0 0 0 0 0 0 0 88 0 55 9 61 0 0 96 58 0 57 52 38 0 75 0 7 0 0 0 0 48 61 28 59 7 8 60 0 0 0 0 63 0 8 1 26 34 44 51 21 11 48 7 63 0 29 0 0 0 0 0 59 14 57 13 68 0 0 0 27 0 0 29 32 0 0 0 0 0 8 0 6 30 4 16 0 12 0 0 51 16 0 0 31 0 24 3 1 0 0 29 0 0 13 0 0 0 9 20 0 0 0 43 33 0 13 0 47 0 93 0 36 10
 0 53 0 24 0 64 22 77 0 32 0 27 0 0 58 0 17 62 0 0 0 39 0 39 0 74 0 28 64 13 0 1 0 0 6 0 82 9 70 0 0 9 27 70 29 55 0 1 71 31 0 0 39 48 31 0 0 0 0 71 0 0 4 0 24 0 33 19 2 2 13 0 0 0 0 0 18 7 0 0 0 0 40 0 0 0 61 0 0 23 51 28 64 0 25 0 0 0 19 40 15 9 0 29 0 94 16 0 0 5 33 74 93 0 0 0 0 0 54 0 4 61 48 0 0 68 19 15 11 0 0 57 0 0 43 58 0 29 0 0 0 0 0 0 0 10 1 0 0 22
 0 0 18 36 0 31 23 7 0 90 69 2 5 0 34 71 10 0 0 0 56 46 0 0 0 0 6 59 33 0 0 16 0 0 55 27 0 83 39 18 8 0 65 42 0 53 0 0 46 18 87 0 0 0 0 0 0 0 0 40 6 27 5 0 4 0 0 0 0 0 0 10 8 29 0 0 0 0 0 0 39 0 11 22 32 36 0 10 41 42 47 0 0 57 65 79 40 0 28 0 0 0 14 0 0 0 56 0 0 60 0 0 68 14 9 10 6 12 0 0 0 0 0 0 0 0 0 44 0 0 0 0 48 5 25 0 21 0 0 0 0 0 0 0 30 4 0 0 19 0
 34 0 0 0 23 0 30 0 59 0 29 0 0 0 0 31 37 33 7 0 0 54 28 12 0 0 0 44 0 0 0 14 58 0 51 0 0 12 0 48 0 0 0 0 34 18 0 10 0 2 0 72 12 4 53 0 35 22 26 0 55 1 0 0 0 0 0 30 0 26 0 0 0 13 0 0 35 16 0 30 0 0 0 30 6 0 44 0 0 0 0 0 14 0 0 0 14 0 58 0 0 0 0 73 17 68 0 0 64 0 0 1 47 0 23 24 0 0 41 0 28 0 0 28 47 0 0 43 53 0 9 0 31 0 16 19 12 3 7 29 15 18 19 0 4 40 23 69 0 3
 0 16 6 19 22 0 0 0 20 12 11 0 46 0 4 0 61 0 0 0 60 11 39 11 29 0 7 44 12 0 33 0 0 0 43 0 5 0 0 52 0 83 0 6 0 0 16 0 11 0 23 30 16 0 0 16 0 25 0 0 26 0 22 48 29 0 2 0 53 37 29 77 88 19 13 0 65 0 0 31 0 0 15 3 12 20 3 73 37 0 0 0 44 28 0 89 0 18 43 36 70 0 0 0 30 0 18 0 0 0 33 0 45 0 0 88 22 0 8 0 65 0 0 30 35 19 45 47 0 0 41 0 17 19 0 49 0 27 0 29 6 0 0 0 19 24 13 22 0 0
 10 0 41 3 42 0 62 21 0 35 39 0 0 8 0 45 12 0 0 21 0 0 69 45 42 0 34 0 0 0 0 0 77 49 47 72 0 14 39 0 0 34 49 0 0 0 20 11 0 10 62 28 32 24 11 0 0 0 0 0 0 45 58 0 4 0 46 43 4 19 30 53 0 7 0 24 54 65 0 0 2 0 37 0 0 0 26 6 0 2 80 9 92 25 19 0 13 81 41 0 0 0 37 0 0 2 42 35 74 18 73 0 2 0 10 0 29 1 28 55 0 0 21 8 1 0 0 29 13 7 0 0 9 11 31 6 0 11 0 0 9 0 30 58 65 0 47 0 23 40
 20 44 0 0 0 43 0 38 8 0 0 0 44 0 16 42 0 0 51 0 0 23 59 0 22 35 9 97 0 35 24 0 27 0 0 45 31 0 15 56 60 56 0 45 0 0 0 30 27 0 52 11 0 68 42 13 0 47 85 0 25 0 0 1 0 0 32 67 0 0 0 0 0 0 12 75 0 0 0 0 10 39 0 0 22 38 0 0 0 0 0 0 35 0 85 0 8 18 72 7 47 0 0 0 39 0 72 46 0 55 0 0 27 0 38 50 0 69 0 0 6 79 0 0 20 35 52 0 0 20 0 0 0 42 0 0 0 0 16 0 26 0 0 19 0 0 0 45 22 27
 0 65 0 0 7 0 0 45 0 20 26 0 10 78 24 32 37 0 0 87 0 0 0 46 54 0 0 0 2 0 74 0 0 65 0 38 0 44 39 0 31 12 17 47 0 3 8 0 0 0 0 0 36 30 0 3 33 82 0 42 0 0 0 15 0 0 0 0 0 0 0 16 0 24 0 0 0 59 56 0 0 0 0 13 0 24 0 0 0 0 41 0 0 6 33 0 0 0 0 0 0 0 91 0 24 0 0 0 16 0 70 12 0 48 0 0 0 36 27 0 0 0 0 0 63 8 0 0 35 20 0 53 23 73 25 0 0 0 0 0 0 82 0 7 0 1 0 0 0 28
 2 0 0 58 0 57 13 3 0 0 0 0 83 7 8 30 67 0 0 0 0 64 0 58 8 61 0 0 0 16 0 0 49 12 0 8 21 29 9 0 0 0 55 23 0 0 0 20 14 0 0 0 11 72 9 0 0 89 0 8 1 62 0 0 12 22 10 0 0 20 1 0 0 0 15 24 0 52 0 19 7 0 49 0 0 70 0 63 0 0 23 0 22 74 0 41 0 0 0 0 0 32 37 0 0 57 0 0 20 30 95 79 13 64 46 60 0 39 3 73 33 20 42 0 21 0 35 4 0 19 10 0 23 44 7 8 26 0 56 25 0 10 0 17 18 15 14 0 0 0
 0 0 37 0 36 30 0 62 24 29 0 0 0 53 0 0 0 62 0 22 0 0 12 76 16 47 0 47 0 0 58 55 30 0 0 49 0 0 0 0 51 40 60 67 34 0 6 8 17 15 36 0 0 29 31 0 0 0 0 0 0 30 79 0 72 26 0 59 0 0 6 0 0 0 11 0 0 0 0 42 0 55 4 51 0 0 80 36 0 20 2 23 4 8 8 59 0 21 0 0 6 0 47 0 63 11 12 0 0 37 0 0 0 50 0 0 43 0 55 0 13 0 0 41 0 0 0 21 0 0 0 0 19 0 0 0 9 0 0 0 0 22 44 0 0 0 15 26 39 0
 3 50 0 0 0 0 0 26 79 15 0 0 0 0 37 0 0 49 42 50 72 12 38 0 0 0 41 0 0 0 0 88 0 1 65 3 22 23 0 6 20 21 20 95 1 26 23 0 3 0 0 15 88 0 13 10 57 0 0 85 0 0 23 11 6 0 0 0 67 0 24 14 0 0 0 27 74 53 0 0 0 0 37 0 23 40 0 0 52 0 55 0 16 35 0 0 11 34 0 0 0 0 0 6 0 0 39 0 0 21 14 6 0 8 94 12 77 0 3 0 7 57 9 59 20 46 8 0 21 0 43 0 0 56 0 4 0 58 0 0 32 73 0 0 8 0 0 9 61 9
 0 21 44 0 0 49 0 69 35 1 0 59 0 33 0 0 0 0 31 0 0 19 47 0 27 0 2 38 11 0 0 0 74 0 0 0 72 36 51 0 0 2 0 0 93 12 0 27 0 0 12 0 24 0 0 27 33 51 60 0 0 35 35 64 0 0 4 14 0 50 0 78 0 59 40 40 15 47 22 0 0 32 21 0 47 0 7 0 0 73 27 0 0 11 72 0 0 0 0 0 0 4 31 11 0 0 5 46 0 9 9 0 0 25 22 50 0 62 69 0 5 0 92 0 36 0 0 53 0 0 1 28 0 25 64 0 62 0 0 51 9 73 0 7 0 0 16 64 0 11
 0 34 31 26 0 0 59 0 5 0 0 34 0 26 0 5 26 14 0 0 0 71 23 0 0 0 0 49 0 0 0 19 0 13 80 0 0 0 0 0 0 0 53 32 17 18 0 0 8 0 23 48 23 65 0 0 73 5 0 0 51 5 0 0 0 0 0 0 69 0 0 0 0 0 0 0 0 0 0 0 0 17 0 0 0 13 0 43 0 0 9 10 57 0 32 0 6 0 31 16 0 76 0 0 39 0 12 14 0 0 0 0 35 3 0 0 0 33 74 3 0 0 53 21 0 46 17 0 0 0 0 0 0 0 5 0 34 0 23 0 32 43 0 0 0 42 19 40 40 71
 54 27 46 27 0 9 3 19 0 4 3 34 2 0 0 11 99 0 0 0 0 84 5 31 78 25 0 0 0 0 8 11 0 0 33 69 0 0 43 0 0 0 0 30 0 0 7 0 0 24 0 0 11 0 5 17 71 0 0 23 11 9 0 8 4 0 0 24 0 0 0 0 0 7 4 16 0 26 0 0 44 69 0 0 0 0 0 0 0 0 22 0 0 39 45 0 38 95 61 57 0 0 0 21 0 2 5 0 22 1 57 0 47 21 0 0 0 0 0 0 65 0 0 64 40 0 0 19 27 91 45 24 0 0 11 21 13 0 0 0 0 60 53 0 61 41 0 42 0 0
 0 23 51 0 1 31 0 16 4 0 30 10 0 0 0 47 0 25 0 10 0 0 0 5 0 52 0 77 77 20 0 1 90 14 17 0 0 0 0 0 0 67 0 0 0 6 31 0 0 0 24 83 0 0 15 0 81 8 0 33 0 5 15 0 44 58 57 3 48 0 0 21 0 21 31 0 0 0 15 0 14 30 31 75 31 10 0 28 0 0 69 75 69 32 18 45 22 0 0 18 0 93 0 0 0 0 0 0 3 0 42 16 0 69 43 0 63 0 0 67 9 0 29 0 26 6 0 27 0 0 0 0 67 31 11 1 13 0 0 7 0 34 14 70 0 0 43 0 0 45
 5 38 12 10 0 53 34 0 73 0 0 9 65 18 0 0 4 0 0 0 0 0 0 0 42 64 42 39 79 25 29 20 0 14 0 73 27 0 39 0 58 0 68 11 34 0 19 63 0 0 0 0 0 9 18 0 10 0 52 0 0 2 0 19 20 29 11 62 0 46 46 0 0 0 16 0 26 0 47 72 0 0 24 0 0 49 4 0 55 0 0 0 15 0 7 0 0 0 38 0 0 0 0 55 0 0 0 0 0 1 65 27 0 42 7 0 89 0 78 0 75 0 14 0 19 37 32 0 50 18 0 0 19 37 35 0 0 26 9 30 0 0 3 77 54 11 20 0 0 9
 0 0 11 0 14 55 0 0 8 0 0 36 62 0 0 0 0 26 0 30 20 0 0 0 48 36 56 5 0 79 3 20 53 0 0 0 39 29 0 0 0 0 65 46 0 0 2 0 47 0 0 84 0 0 0 57 7 0 0 0 0 0 77 32 0 0 0 0 0 60 27 0 39 0 10 0 0 0 54 0 0 61 0 0 13 29 88 5 22 0 0 0 57 66 49 44 0 0 0 0 52 0 0 58 21 18 22 0 0 46 0 0 0 0 0 0 0 47 21 0 0 74 0 24 0 0 45 91 0 0 0 0 0 0 0 55 0 1 39 0 0 0 25 0 68 29 0 11 0 0
 0 31 0 0 20 0 28 74 26 7 0 20 28 0 67 0 33 44 3 0 92 0 0 0 14 41 39 16 13 39 37 17 40 0 0 10 6 0 3 13 45 11 0 84 0 32 30 41 72 78 3 75 61 8 20 14 72 0 0 0 0 0 24 5 0 0 11 0 40 48 39 0 8 0 0 0 0 0 51 98 0 0 0 0 0 22 0 28 7 0 90 35 19 40 6 74 0 71 41 0 0 0 12 0 15 42 4 0 0 0 38 0 0 47 0 51 0 28 0 10 37 0 22 48 0 6 0 9 78 0 32 0 0 0 0 74 27 0 0 25 0 0 4 27 0 0 7 0 42 0
 44 12 22 0 0 0 51 5 0 0 0 1 0 0 21 0 0 0 58 0 4 27 0 15 25 0 2 60 0 47 0 0 0 0 0 18 19 0 51 76 10 0 0 0 0 0 37 0 0 3 0 0 0 0 2 0 0 28 75 10 0 0 0 47 14 71 0 77 7 0 1 43 12 62 0 34 65 0 0 56 12 24 0 0 75 0 30 0 12 0 0 10 0 58 0 0 45 59 0 41 0 0 6 20 0 27 43 9 0 0 0 87 63 25 28 57 0 0 0 0 40 20 56 76 0 5 0 63 16 37 97 0 0 13 46 0 0 68 38 21 11 0 0 10 70 0 0 1 25 0
 0 32 15 0 0 0 54 0 20 6 0 0 0 88 0 0 29 82 0 0 0 0 0 0 0 95 20 0 0 0 0 15 0 66 7 0 63 0 0 9 64 0 0 0 0 25 47 0 0 0 11 0 11 65 0 0 0 6 0 39 0 0 0 18 51 73 68 0 0 0 0 0 23 0 50 38 11 29 0 26 0 0 0 21 4 60 0 93 0 37 0 0 0 0 0 33 0 0 0 0 0 2 0 44 0 9 22 6 67 43 0 0 47 37 0 0 0 65 82 0 41 0 0 38 0 55 30 37 0 0 52 41 0 0 49 14 0 0 68 0 0 30 45 0 13 10 0 0 0 4
 11 26 59 0 37 0 0 35 0 0 3 58 71 38 12 61 39 0 7 19 8 18 0 0 22 76 0 0 38 0 0 0 31 0 27 25 0 3 9 0 12 0 25 9 7 0 0 90 33 0 0 11 29 68 14 0 31 0 0 79 0 39 59 19 55 61 0 27 74 27 32 16 0 0 38 28 0 1 0 34 0 0 0 1 22 16 0 24 0 0 0 0 0 0 83 6 50 10 0 0 0 55 0 14 18 21 0 0 0 24 55 4 0 40 27 3 66 27 0 24 19 46 0 76 0 71 45 44 34 82 0 86 47 0 0 19 13 11 0 0 0 0 19 0 0 40 0 0 9 55
 18 5 27 0 0 29 0 0 66 14 4 0 42 49 0 31 0 32 0 71 0 25 0 0 35 67 48 0 0 2 0 36 71 49 17 23 0 15 51 32 0 44 0 0 60 70 0 61 0 0 0 78 38 38 23 0 0 3 0 0 8 0 49 0 69 0 0 56 69 22 49 0 88 0 0 0 55 0 0 31 0 0 1 33 0 22 0 0 91 0 91 0 0 22 2 76 9 0 37 56 0 18 0 0 0 0 0 0 0 0 9 41 36 0 0 0 0 60 0 0 0 38 39 17 86 0 0 34 34 65 62 0 69 0 10 0 31 49 0 52 0 38 45 57 0 41 0 29 0 0
 0 8 0 30 10 0 65 12 0 0 0 19 0 47 0 25 66 24 0 0 34 0 10 0 0 25 30 11 20 51 0 10 68 33 0 89 0 40 20 16 0 0 22 0 0 31 0 8 0 68 30 0 66 0 77 83 12 17 94 65 21 91 70 28 0 0 0 21 0 0 11 17 0 49 0 82 54 0 0 0 43 0 0 0 15 0 15 15 0 24 1 30 0 0 80 0 0 0 28 0 54 0 90 0 0 0 25 7 0 65 0 96 64 0 22 0 0 0 0 0 61 0 0 26 44 0 0 39 6 0 16 19 11 87 0 0 0 0 0 0 46 0 0 0 0 59 2 0 56 0
 4 0 0 3 0 0 43 0 4 11 27 14 8 45 0 1 0 0 94 59 1 13 44 45 71 0 68 38 69 0 37 0 34 0 51 0 0 0 0 0 0 53 2 0 0 21 59 0 28 0 5 0 38 26 33 0 0 18 0 0 23 0 49 0 38 42 20 51 75 5 34 0 0 9 28 20 0 0 0 66 57 0 0 25 78 0 36 0 0 0 0 27 0 0 0 42 0 29 8 0 0 0 0 54 0 0 0 13 23 25 7 0 0 0 0 25 0 42 0 0 62 15 0 0 0 0 0 20 22 0 0 72 0 75 36 0 69 0 0 0 20 0 0 0 0 0 0 44 0 0
 0 0 18 0 0 40 0 3 1 0 45 0 42 0 0 46 0 0 0 0 0 38 11 49 0 0 18 63 0 25 17 0 8 40 53 0 0 33 0 71 7 54 52 26 0 0 0 0 56 0 50 35 0 0 0 15 0 0 0 0 0 21 0 0 12 13 0 23 44 59 0 1 28 74 0 22 0 3 67 0 60 0 45 0 0 0 45 38 0 0 0 43 6 61 0 0 78 44 0 14 54 0 14 0 0 0 47 0 67 0 30 0 0 51 0 0 0 34 46 0 18 0 27 62 0 0 51 0 0 12 0 0 26 22 40 70 0 0 11 0 12 9 6 6 71 0 0 0 0 6
 0 13 56 0 0 25 0 86 19 35 0 61 0 17 0 9 0 5 0 0 0 49 0 0 59 50 20 0 0 0 0 0 39 0 0 0 36 0 0 0 25 25 0 16 0 54 35 66 2 92 0 60 0 0 34 0 54 0 0 55 0 23 32 0 61 0 0 0 0 0 6 45 0 0 0 22 0 0 60 9 0 0 0 0 0 40 37 0 10 0 0 61 3 76 33 0 31 0 0 0 0 0 19 0 0 0 0 40 36 1 0 45 69 0 0 31 30 22 26 0 0 46 0 0 0 0 5 40 0 0 22 0 0 44 0 44 34 60 0 14 0 0 0 0 55 0 0 28 0 0
 18 0 0 0 30 85 0 70 23 54 47 0 67 44 20 15 21 26 61 12 0 27 0 23 0 0 50 5 0 0 0 44 0 0 68 0 0 1 0 0 37 28 3 0 4 0 14 0 58 13 0 0 78 90 0 8 25 53 53 0 0 36 14 85 15 0 32 19 21 27 0 0 53 71 0 0 2 0 0 0 0 0 17 46 0 77 0 13 15 0 0 0 0 39 58 51 77 34 3 0 0 50 0 25 0 5 48 0 5 0 8 36 0 14 0 0 0 80 5 16 78 0 12 26 87 4 0 0 88 0 88 0 0 0 46 37 0 70 46 0 78 0 0 81 14 0 0 0 0 0
 1 34 79 74 0 0 0 48 7 40 1 0 0 0 21 43 0 5 0 76 13 0 0 0 11 0 31 0 0 0 31 43 0 6 0 0 35 77 0 0 53 49 42 0 0 78 11 0 0 13 0 0 0 4 22 30 28 18 0 4 0 0 5 0 38 0 0 6 42 44 17 21 28 0 0 7 74 35 48 0 0 0 17 0 0 0 32 0 0 0 3 0 1 0 62 12 0 59 52 59 15 0 0 7 0 0 25 0 0 0 0 19 12 78 0 65 15 0 4 0 77 61 1 0 38 26 0 0 17 0 0 49 24 69 10 0 9 0 71 0 0 0 62 0 0 0 0 22 20 0
 20 73 0 26 0 9 35 0 0 0 0 0 0 0 0 0 0 0 26 0 16 0 0 0 0 6 22 32 50 0 0 1 0 0 43 0 0 0 0 7 0 0 0 0 0 0 0 47 0 13 0 0 38 75 25 0 0 11 37 66 0 84 0 0 70 37 54 18 5 0 18 0 9 37 0 88 0 32 24 1 0 53 0 0 0 0 0 41 0 0 0 28 7 0 0 26 3 0 0 7 0 0 43 21 0 54 0 0 0 44 0 0 22 74 0 0 46 13 16 0 44 66 0 13 18 0 0 28 0 0 46 71 0 16 71 56 0 9 22 19 0 70 0 67 0 0 18 36 0 41
 17 39 16 0 0 9 65 88 52 52 0 53 18 0 0 0 44 65 6 0 46 0 0 43 0 0 0 0 0 17 0 0 0 59 0 0 9 0 70 17 0 46 0 0 33 0 57 0 0 0 0 7 0 0 30 0 0 0 0 55 53 0 0 23 0 68 0 54 4 17 0 0 29 18 0 0 2 0 28 0 26 0 30 0 0 56 37 17 0 88 54 0 7 0 30 37 28 0 45 3 0 48 39 38 31 71 7 0 55 27 37 0 0 36 0 0 0 0 10 22 32 0 0 0 25 27 22 26 31 0 24 27 46 0 0 0 14 0 30 7 76 10 0 35 0 0 13 0 0 0
 0 0 7 8 36 14 0 31 0 15 0 0 23 37 0 0 69 77 14 45 4 0 65 45 43 0 59 3 37 12 0 0 0 0 27 41 0 0 0 38 27 0 32 0 27 38 25 22 0 48 0 39 0 0 66 57 0 0 34 47 0 0 56 0 8 0 9 51 6 57 0 5 0 0 0 46 28 0 52 0 42 3 13 0 31 0 0 0 0 16 45 2 13 35 0 0 0 73 67 37 27 28 7 0 0 0 0 32 0 6 73 67 35 60 0 34 0 41 0 0 0 0 0 0 0 0 47 17 23 0 0 1 0 13 43 0 36 18 32 0 0 37 71 0 0 5 28 23 0 22
 45 49 0 58 35 35 0 4 0 33 11 44 0 39 69 0 0 36 0 22 43 0 0 0 0 0 43 44 0 0 62 25 0 0 41 22 68 19 13 27 25 0 0 24 28 10 0 0 0 0 51 30 0 10 8 0 17 2 0 33 0 21 0 0 49 0 55 0 0 0 16 12 0 0 22 13 44 10 32 0 24 0 39 54 38 0 40 28 55 0 0 70 0 0 4 69 13 0 0 4 0 5 75 35 0 0 0 36 0 81 3 0 57 4 0 5 0 57 32 8 0 39 53 6 0 0 0 0 0 63 0 0 0 77 53 0 13 35 0 56 12 0 79 7 83 0 29 0 19 0
 0 7 0 0 18 57 0 0 53 100 0 79 27 0 0 64 0 0 33 31 38 25 0 0 0 0 82 9 41 72 1 16 0 0 0 0 0 0 0 0 14 0 0 0 6 74 0 57 0 69 26 0 0 0 61 0 6 0 0 0 0 19 71 13 18 0 0 0 5 0 0 3 0 22 19 36 0 0 90 6 0 0 0 0 68 0 3 74 0 0 0 0 0 44 0 34 0 30 0 0 0 0 0 0 0 0 0 0 22 0 0 13 14 42 41 23 0 0 0 0 0 8 0 4 63 0 0 54 0 0 41 5 0 65 87 0 73 0 4 0 0 86 0 82 0 88 48 61 83 0
 20 20 42 0 0 16 30 30 1 37 0 38 17 69 0 0 55 61 0 0 2 0 18 8 70 0 78 4 8 14 68 91 0 0 0 0 0 0 6 0 27 84 54 0 1 55 0 30 0 71 0 0 67 32 21 0 30 33 46 45 0 0 48 0 0 59 0 0 0 0 44 0 51 0 0 14 0 57 14 20 0 27 17 39 69 46 0 0 31 0 15 0 14 0 0 0 77 16 0 0 69 0 0 0 50 0 0 1 29 0 49 0 7 0 0 0 0 61 39 0 66 0 40 29 0 67 0 0 23 0 0 15 29 7 42 0 0 0 44 62 6 4 0 51 78 69 0 11 7 39
 26 59 12 58 0 16 18 69 0 44 3 0 40 5 0 0 38 0 29 73 0 0 40 0 72 78 0 14 0 31 46 0 0 49 17 51 0 30 0 22 18 4 0 0 0 0 70 0 0 0 54 0 6 53 11 0 0 0 0 0 0 34 0 33 34 0 0 0 0 15 56 0 4 0 0 0 0 9 20 24 30 20 28 0 28 0 81 5 7 0 0 0 0 0 24 11 14 3 85 22 31 17 0 13 0 39 59 29 0 49 0 14 0 0 0 0 3 68 0 0 48 76 50 0 0 37 0 0 9 71 0 0 0 0 3 71 35 58 69 59 28 0 30 0 0 35 78 4 0 18
 45 2 0 24 0 0 30 59 26 9 0 0 7 0 0 34 62 19 14 4 0 18 0 0 54 0 41 19 52 22 23 0 0 11 0 0 77 0 53 45 0 17 24 4 0 0 41 4 19 5 0 17 0 0 28 0 15 0 6 6 0 75 18 0 5 0 0 6 4 0 0 0 22 0 17 68 0 0 0 0 0 0 0 0 12 0 54 21 27 36 18 42 0 34 0 0 51 0 53 0 68 0 0 0 0 4 0 0 0 34 0 0 0 46 0 0 0 16 33 0 0 21 0 0 36 0 0 100 0 8 41 1 2 0 14 33 32 76 29 0 0 0 0 0 28 0 1 46 30 0
 0 0 0 12 0 0 0 77 47 0 0 0 35 0 0 0 24 66 0 65 0 1 0 1 0 0 41 0 0 59 24 71 0 0 28 0 39 3 10 5 43 51 24 0 28 0 16 0 27 0 0 3 0 0 0 63 40 0 0 72 19 29 0 0 7 0 0 0 77 30 33 0 0 0 0 0 0 0 0 0 0 78 0 0 0 0 0 23 0 64 28 0 0 1 0 20 73 0 33 0 1 59 61 0 53 7 19 0 0 60 58 65 55 59 0 0 1 0 6 23 0 0 0 0 0 51 79 0 19 0 4 10 0 77 0 33 0 7 0 0 56 0 11 0 0 0 0 97 0 0
 29 65 0 0 17 0 24 63 1 82 14 0 0 0 0 0 0 77 0 25 0 0 0 0 65 7 60 0 0 2 30 0 19 19 0 8 0 81 13 14 0 93 27 0 0 0 8 0 18 0 0 35 0 0 68 35 40 0 0 18 65 0 0 0 0 11 0 26 40 0 7 0 0 0 0 0 0 4 74 0 37 83 0 0 0 0 12 13 71 0 12 0 0 0 0 0 0 50 0 19 50 53 0 68 8 30 5 0 0 0 57 0 47 0 58 52 0 0 0 23 0 0 23 0 35 96 14 19 0 0 7 0 58 0 23 8 44 63 0 38 59 24 0 0 0 60 0 56 64 67
 61 7 36 0 0 63 6 47 41 0 19 0 0 0 10 0 0 0 89 0 0 92 0 14 57 72 36 0 46 86 0 49 7 0 12 0 0 41 5 65 62 2 32 31 0 59 21 25 0 83 28 34 7 68 0 6 0 37 27 0 54 0 10 77 95 0 0 0 0 0 0 0 52 30 0 30 45 0 35 0 0 23 0 0 18 55 0 0 0 0 18 14 0 0 0 0 72 0 0 0 0 0 0 0 31 23 11 0 0 0 67 0 0 82 0 59 0 0 0 32 36 0 0 0 20 0 0 22 32 8 0 0 61 29 35 0 62 3 25 0 7 0 18 48 0 0 77 2 0 90
