100
 58 0 0 11 34 0 0 0 57 0 0 0 0 3 0 11 0 59 31 46 0 0 3 94 37 0 0 1 25 0 52 0 6 51 0 55 0 9 2 25 76 0 26 20 8 56 0 0 0 0 49 18 0 0 11 10 15 45 21 63 13 18 68 0 0 23 25 0 0 37 32 21 0 0 0 65 16 30 0 0 2 37 16 0 0 24 0 26 0 7 10 37 0 27 2 9 0 0 0 0
 48 69 16 43 0 62 24 0 0 6 5 0 0 0 61 16 0 45 0 0 8 0 14 22 0 0 48 45 0 71 75 0 0 64 69 0 0 0 0 31 18 0 0 76 0 33 67 48 39 0 7 21 90 10 62 0 45 0 0 27 5 0 0 49 16 39 0 36 49 0 42 11 90 0 0 89 24 0 27 6 0 17 64 0 0 0 0 0 25 22 0 0 11 3 0 0 26 0 0 44
 31 0 76 0 0 36 0 22 5 6 2 0 70 0 74 66 0 0 44 0 9 22 0 0 0 21 70 28 15 4 0 0 0 0 17 0 0 47 0 0 1 0 0 55 0 51 63 75 43 37 63 0 11 80 0 0 59 0 0 39 0 0 25 36 0 18 0 4 73 21 63 23 0 0 34 3 0 12 0 0 20 8 0 14 47 0 0 0 0 0 0 0 68 0 76 30 11 0 0 41
 0 0 2 54 33 0 0 45 25 0 0 90 6 54 9 0 39 0 0 0 73 0 0 0 0 0 0 79 0 70 32 66 0 0 5 57 0 0 0 2 0 0 18 31 0 0 0 14 0 18 0 0 0 0 0 29 0 23 0 0 0 1 0 0 84 0 0 0 10 19 0 88 48 0 0 0 8 0 0 0 0 24 0 17 0 43 0 69 0 0 0 0 0 0 48 0 49 0 8 39
 0 19 2 0 36 15 20 29 51 0 3 0 0 22 93 0 9 34 0 27 43 0 0 0 44 14 0 0 42 30 0 0 0 0 0 0 0 0 0 0 0 51 1 15 0 0 0 0 0 5 21 51 0 46 0 0 32 70 0 0 0 0 37 0 0 0 69 0 0 38 25 0 0 6 0 0 0 9 26 0 0 0 1 0 0 0 37 63 86 40 69 33 0 0 53 0 3 0 34 45
 33 0 0 11 0 50 0 10 12 26 0 0 0 0 46 73 0 0 19 26 18 52 0 5 67 0 0 8 57 60 70 0 23 0 13 0 58 0 0 59 0 66 0 5 0 7 0 0 0 0 0 45 0 0 0 70 0 14 0 0 0 48 0 0 0 35 36 0 7 0 0 51 0 67 0 0 0 0 22 0 58 5 12 0 0 38 0 36 0 8 10 31 0 0 0 0 25 35 76 0
 52 0 64 44 0 60 39 26 40 0 0 23 0 0 20 0 22 25 13 0 1 67 1 10 0 9 0 0 0 0 15 51 68 0 63 0 0 0 43 0 15 26 0 16 30 0 0 0 0 42 52 0 0 0 0 10 85 0 11 24 0 0 0 0 0 43 0 0 0 4 0 0 14 0 0 0 0 0 30 32 33 0 65 0 71 66 11 0 66 0 23 75 0 91 24 0 0 55 0 63
 31 54 0 0 0 0 0 48 0 0 40 38 65 0 1 0 0 0 0 0 45 0 0 11 0 80 30 0 0 29 35 21 0 67 15 65 44 2 30 69 15 86 6 0 0 93 0 0 0 0 0 38 0 29 0 28 0 45 0 0 0 0 0 19 2 0 56 0 0 4 0 0 0 21 0 0 0 19 0 0 0 33 0 0 0 23 0 51 67 0 0 0 12 0 0 14 0 60 2 0
 0 56 0 0 0 0 0 20 76 0 24 29 0 49 0 0 0 0 32 3 0 54 16 0 0 10 64 70 0 0 6 0 82 67 30 3 0 23 0 0 18 52 75 0 0 24 1 72 5 0 16 0 0 54 57 24 29 62 9 0 0 0 38 0 0 0 39 0 0 22 0 36 76 1 0 42 0 0 0 0 0 7 0 6 22 46 55 0 0 45 41 0 0 0 81 0 94 0 41 74
 22 0 0 67 9 0 27 45 22 63 0 27 8 0 28 0 45 0 29 11 0 38 0 2 0 0 1 62 31 18 37 3 0 0 60 62 60 23 0 0 0 10 0 32 0 0 0 73 0 29 67 38 0 0 0 53 48 0 0 0 0 0 1 30 28 14 13 53 0 0 8 37 0 24 53 0 0 0 0 0 19 0 17 18 0 42 0 0 0 0 52 0 5 3 30 0 39 64 0 26
 55 0 0 7 0 28 61 0 0 21 99 84 82 18 38 0 0 60 0 39 34 0 0 14 48 0 39 0 2 0 0 72 0 12 27 0 23 0 4 7 0 0 67 12 18 27 0 42 0 0 0 17 49 53 0 14 0 15 0 0 0 0 0 0 0 27 0 0 0 0 0 15 24 0 74 0 0 0 26 30 82 27 61 0 0 0 24 0 31 27 0 0 57 9 22 0 0 0 43 8
 9 67 12 0 80 7 0 0 0 0 0 39 77 20 72 30 21 0 1 32 0 19 0 0 55 0 7 0 0 0 0 41 0 0 10 59 0 0 0 57 10 37 0 82 8 37 11 39 0 0 20 0 38 1 0 0 0 0 0 29 67 83 13 0 0 14 0 0 0 29 76 8 4 53 0 0 0 0 0 0 27 0 0 0 76 0 0 0 0 78 0 0 13 65 2 0 0 0 87 11
 30 66 0 0 29 32 62 0 33 0 0 0 80 0 0 46 20 64 30 14 27 42 33 0 0 0 0 0 10 34 48 0 81 4 0 0 0 0 0 0 4 10 11 43 14 35 0 5 0 13 0 37 5 0 0 0 41 0 43 0 66 0 5 0 43 80 86 0 0 0 0 12 0 0 0 32 77 0 0 0 0 28 0 1 73 0 0 39 13 0 70 19 0 0 0 37 14 25 95 38
 0 4 52 0 0 21 80 9 0 85 0 0 37 9 0 0 0 36 0 51 0 9 15 0 26 50 0 27 31 0 0 78 0 8 0 32 0 0 0 0 9 0 0 14 7 0 4 0 11 0 0 0 7 0 0 0 30 22 15 25 0 37 0 0 96 5 0 33 0 44 66 0 0 42 0 0 0 0 0 11 84 0 0 0 40 49 0 0 0 0 0 0 7 11 35 0 13 0 0 0
 18 0 0 0 0 0 0 0 58 0 0 0 86 38 81 4 0 9 27 70 0 0 0 15 0 0 19 52 0 3 12 31 51 19 52 0 41 52 0 0 0 0 2 0 0 0 11 0 0 22 61 45 0 68 0 0 0 0 54 0 0 0 0 0 7 0 47 1 0 49 35 0 58 0 31 64 36 0 0 20 58 3 0 0 0 2 8 0 0 56 0 0 0 0 0 36 9 0 0 53
 0 0 0 84 1 0 47 21 15 30 57 0 0 12 0 19 50 14 26 56 0 0 0 29 0 0 33 5 21 33 14 6 0 46 0 21 0 0 0 0 29 28 48 35 85 0 15 0 51 72 0 0 0 35 8 0 1 2 44 41 5 0 72 0 0 0 0 8 0 77 20 48 50 48 0 0 0 40 14 0 0 75 38 0 0 0 11 0 0 0 5 55 75 5 0 25 16 1 0 0
 56 37 60 0 0 35 0 58 34 0 39 0 0 49 51 0 9 10 0 0 0 0 0 0 23 0 0 66 18 0 0 0 50 0 0 0 0 13 22 63 94 0 0 0 24 29 0 43 0 10 0 0 39 45 0 61 0 22 0 54 19 0 0 0 0 0 62 6 0 0 0 47 52 38 0 33 0 74 2 0 0 6 14 0 28 3 3 0 19 41 9 11 56 0 0 28 36 14 0 0
 0 0 2 9 0 37 0 64 6 57 0 38 0 0 0 0 0 23 26 0 10 0 0 37 8 0 0 1 0 86 0 14 31 76 8 0 0 28 0 84 0 84 0 41 10 0 50 60 77 0 68 0 11 0 13 5 0 0 61 41 23 34 0 42 27 0 34 11 0 15 37 0 0 12 49 0 0 21 7 38 65 23 11 0 0 0 34 40 0 0 39 12 1 17 70 48 19 25 0 0
 0 6 0 2 89 0 0 57 0 0 27 0 0 53 0 0 17 0 35 0 11 0 13 0 0 0 11 42 8 0 0 28 0 0 0 0 0 0 0 23 0 0 0 20 21 0 0 8 53 30 55 0 61 0 0 0 0 10 0 0 0 62 9 0 17 0 32 0 20 39 21 0 0 15 0 0 45 0 79 56 47 51 0 0 5 0 0 0 40 0 55 7 71 41 0 0 0 17 0 0
 0 66 70 33 0 0 37 52 0 0 0 0 0 0 0 0 1 10 51 92 53 67 0 0 37 62 16 25 63 84 53 0 0 31 0 84 83 0 15 0 0 0 73 0 0 0 0 35 9 35 0 0 63 1 39 0 0 63 0 12 0 14 0 0 0 14 0 0 21 2 55 0 46 14 0 0 0 0 30 0 8 83 0 0 76 0 0 0 1 36 49 0 0 0 80 0 9 38 0 0
 21 0 0 0 0 0 0 0 1 39 0 31 0 77 2 52 67 0 0 0 25 5 0 37 0 0 0 0 0 0 0 0 3 36 4 0 25 0 0 0 43 57 6 0 13 23 17 19 48 0 0 61 0 0 0 0 0 38 17 85 0 0 2 0 4 10 0 46 10 53 0 59 0 3 34 37 59 31 31 34 38 30 18 45 4 0 19 67 0 33 0 25 1 0 19 0 37 38 39 0
 5 61 0 24 92 0 0 31 0 0 70 0 0 0 14 19 14 47 22 0 0 72 10 9 0 48 0 49 0 22 0 72 8 26 50 0 23 37 48 0 6 0 0 0 0 0 0 0 80 39 23 29 0 68 0 0 29 26 0 0 12 71 0 0 56 0 0 10 52 8 0 7 0 0 74 0 0 38 33 0 0 0 35 24 0 0 0 0 7 64 22 0 41 0 0 7 0 7 66 0
 0 0 30 3 17 11 0 36 0 8 10 29 0 0 79 88 12 10 0 35 21 0 99 53 0 0 0 0 0 50 3 3 0 0 0 1 3 0 21 16 0 5 0 30 0 37 8 0 2 0 0 0 35 56 47 0 35 47 7 0 12 0 6 0 6 0 0 0 36 36 26 0 0 0 0 29 56 38 31 24 0 0 0 0 18 18 0 0 54 0 0 47 0 0 11 0 0 0 0 0
 0 0 8 48 21 0 0 0 48 0 0 50 92 11 0 0 61 0 22 42 0 0 0 60 0 0 92 40 0 0 20 0 0 9 56 43 0 41 52 0 0 57 28 40 0 58 69 82 11 0 0 0 73 0 67 89 15 0 0 69 69 0 18 3 20 27 0 30 86 42 0 46 16 0 2 3 27 0 73 0 0 27 19 14 8 68 53 22 0 0 0 0 0 0 0 0 16 54 4 0
 0 8 32 16 0 0 89 6 48 36 0 0 23 0 10 54 0 0 37 0 6 68 6 3 58 29 64 0 0 0 51 0 5 1 0 3 37 47 53 0 77 13 27 7 38 16 0 0 0 19 0 46 86 0 0 0 0 45 0 43 0 25 14 25 51 20 0 28 26 76 3 15 15 0 19 33 24 13 84 0 0 57 0 0 0 21 0 0 7 0 0 14 11 0 10 72 86 5 0 11
 11 18 0 44 0 37 0 0 0 12 30 16 71 0 29 22 14 61 7 0 43 0 18 14 0 54 0 0 0 44 0 25 8 5 45 0 0 9 68 8 0 71 12 21 0 59 0 10 0 42 0 20 66 52 50 7 78 0 46 27 24 0 0 10 0 73 0 0 54 10 0 0 26 0 48 0 0 0 0 4 0 0 0 14 0 16 0 0 0 18 40 12 25 0 6 67 0 0 38 0
 14 0 0 52 34 45 25 0 0 0 0 0 14 14 0 0 80 10 0 0 24 18 67 0 0 44 52 0 0 0 0 28 6 50 0 33 26 0 0 0 0 75 0 0 3 20 55 39 0 15 0 0 43 0 0 0 0 0 0 19 65 32 37 7 24 43 0 0 25 54 28 39 0 0 0 26 0 47 0 42 0 31 0 0 0 72 0 16 0 75 83 31 5 0 31 0 24 0 0 60
 0 0 0 0 6 0 65 13 0 0 9 53 23 0 0 0 0 0 0 0 13 0 15 0 60 16 10 77 79 89 0 6 0 20 61 39 17 60 0 8 0 13 18 0 23 3 0 59 0 0 1 0 13 0 8 28 50 29 71 90 0 0 39 1 0 15 0 43 64 0 0 0 82 30 0 62 0 9 0 58 0 0 40 5 26 0 61 69 0 57 0 0 0 30 0 15 9 86 0 59
 0 8 0 37 0 0 58 27 93 0 0 11 0 0 19 0 0 20 0 0 2 52 76 40 18 48 42 0 57 46 79 28 0 0 0 4 8 29 6 0 13 0 38 42 0 56 0 0 0 0 56 6 0 0 0 15 12 16 30 0 60 0 0 5 0 10 0 23 40 50 0 17 0 0 0 76 0 71 11 0 0 0 48 0 41 50 0 0 0 0 78 0 66 0 0 7 0 29 0 0
 68 0 0 0 0 0 0 0 1 0 26 61 0 36 0 0 3 0 33 0 74 0 0 46 14 0 57 0 0 65 72 40 56 0 0 0 0 29 0 0 0 48 0 96 55 0 0 8 66 0 0 7 62 45 84 37 0 30 1 38 29 79 2 0 0 18 17 0 0 0 57 13 0 0 0 0 0 12 0 15 8 20 0 0 0 64 0 17 26 22 0 0 0 0 52 13 0 0 25 54
 0 0 19 0 37 0 0 0 0 0 21 14 0 17 0 0 79 70 3 0 17 48 0 0 0 44 23 38 0 0 48 0 52 0 87 0 0 18 0 0 6 0 15 0 0 0 0 0 0 0 45 1 0 69 7 48 0 0 0 44 0 0 0 11 0 0 16 6 23 0 0 19 0 8 46 32 41 2 0 0 26 0 71 0 21 64 0 0 15 6 0 74 0 0 13 66 0 0 56 81
 17 3 15 0 17 18 0 0 34 0 0 0 48 0 0 0 3 0 0 8 29 0 0 53 9 0 0 0 0 0 49 90 12 19 0 36 39 10 0 27 16 0 0 0 9 27 78 0 8 0 0 0 0 54 0 65 24 42 0 0 81 0 0 4 0 15 0 7 33 0 0 0 77 0 16 0 31 0 18 0 82 57 0 0 57 41 0 0 0 53 24 0 37 0 14 0 0 21 12 0
 0 9 56 14 25 0 0 34 0 37 10 59 0 8 0 44 0 0 71 48 0 0 66 35 0 0 0 30 28 0 0 0 54 0 0 0 0 28 0 0 2 21 52 0 27 32 41 0 17 18 65 0 0 0 36 0 31 0 57 54 27 0 33 55 0 0 16 0 0 0 0 72 19 6 64 0 19 51 0 0 0 47 0 10 0 0 43 29 54 0 52 7 6 6 0 0 0 93 29 0
 0 0 18 17 54 3 27 0 0 39 0 0 0 0 0 0 44 0 33 0 0 0 13 0 0 0 0 0 0 42 23 0 36 29 0 9 0 57 77 70 47 23 0 0 63 13 0 48 0 0 0 0 0 12 0 0 0 0 0 0 0 0 0 0 45 88 15 57 0 0 78 0 0 0 0 9 0 0 0 0 62 23 0 0 39 0 63 0 28 17 0 0 0 0 0 1 49 0 15 0
 39 0 0 0 73 0 0 0 0 0 0 0 22 22 0 19 91 0 14 20 0 0 14 0 58 0 15 0 88 36 0 4 88 32 92 0 63 66 0 0 26 10 0 37 20 0 0 24 42 0 15 33 0 11 19 8 0 0 0 62 1 21 0 0 19 13 0 0 3 26 46 20 0 25 0 34 1 20 0 0 2 34 18 41 33 70 0 44 0 71 64 0 0 0 0 39 0 58 11 0
 0 6 6 0 16 50 12 0 0 0 20 0 9 0 22 0 23 22 19 0 53 76 0 0 0 82 0 0 0 21 3 0 3 0 13 77 46 1 48 29 0 76 26 27 0 0 0 0 1 13 0 48 0 0 59 0 0 1 0 0 80 25 9 15 60 0 0 41 0 0 0 19 41 75 3 6 0 0 0 35 0 15 81 0 25 5 0 40 25 4 2 8 5 0 38 15 0 66 15 23
 38 2 34 65 24 0 39 0 0 0 0 50 49 13 0 4 11 24 42 0 0 0 0 35 0 48 0 0 0 70 44 0 88 43 0 0 92 0 26 15 6 14 0 0 46 0 0 0 0 34 0 0 0 0 0 29 0 0 43 0 40 24 34 0 46 0 0 0 0 0 72 63 0 0 1 27 23 16 0 0 18 58 36 41 33 41 61 0 0 46 38 0 0 14 34 0 0 0 13 0
 0 24 0 5 32 43 75 0 0 0 3 5 5 18 0 58 0 0 45 51 26 0 66 0 0 0 3 0 0 0 0 0 0 0 0 0 11 2 0 58 13 51 0 68 0 0 24 0 86 0 28 0 25 0 6 40 0 0 22 14 0 0 55 0 41 0 34 0 11 0 0 40 0 69 0 12 34 0 55 0 0 0 8 56 40 10 38 0 13 13 15 77 0 0 0 7 0 0 11 56
 0 37 26 41 6 13 0 0 2 56 0 37 37 9 35 87 0 46 15 0 59 0 0 0 0 0 88 27 0 15 65 5 24 0 47 0 0 3 39 16 0 40 45 81 0 47 25 0 40 0 0 0 0 30 0 57 0 0 0 0 0 0 30 54 50 88 0 43 0 77 23 0 2 0 19 0 45 0 0 72 0 0 0 0 35 13 14 0 1 0 31 0 40 0 0 0 0 0 35 0
 0 0 42 0 1 0 25 0 60 14 0 0 60 26 92 35 0 0 0 44 70 65 0 17 37 0 13 0 35 27 17 0 14 0 4 0 0 0 0 53 19 21 0 58 0 28 5 0 0 0 31 0 8 0 8 0 0 39 0 0 29 13 0 0 40 55 0 24 27 0 0 0 4 0 65 50 55 0 0 0 36 0 0 0 5 0 0 14 0 29 0 0 0 9 0 95 0 31 0 0
 0 0 0 72 24 35 0 0 0 50 30 0 0 0 45 0 0 9 23 0 0 0 42 56 0 45 32 43 0 72 0 0 0 0 0 46 0 0 68 0 2 0 0 17 42 19 37 49 0 21 20 0 0 0 0 0 0 0 0 2 23 0 0 20 17 68 21 42 0 61 19 16 3 32 0 0 0 0 0 0 0 41 0 0 18 81 74 0 0 37 42 0 0 24 0 0 7 0 0 0
 25 37 27 26 0 0 0 0 0 0 12 0 0 22 41 0 24 0 24 46 0 70 0 0 0 0 0 0 12 0 83 12 0 0 0 0 0 0 0 0 35 55 0 0 0 0 0 5 0 13 9 21 0 31 48 0 55 13 5 0 0 0 0 12 0 0 8 0 0 0 21 49 0 0 0 0 66 2 47 44 21 0 0 19 44 0 0 56 1 0 54 68 20 38 0 0 76 29 35 0
 0 36 10 0 0 0 13 0 0 26 0 10 0 62 0 0 80 46 1 0 0 30 17 0 0 0 26 0 0 64 0 3 0 13 67 0 35 9 0 49 13 29 90 0 0 32 0 16 0 66 0 37 0 65 4 22 0 22 0 31 24 0 0 0 86 0 26 13 0 0 0 0 5 42 7 0 0 0 1 1 0 51 0 64 43 32 0 0 0 0 0 25 29 42 63 0 0 0 23 45
 0 0 0 0 0 0 0 33 18 0 0 0 0 0 66 0 51 0 0 11 45 50 0 0 0 0 53 77 0 0 63 8 9 28 0 0 63 0 0 0 0 93 56 68 74 84 28 0 0 16 0 0 0 0 0 59 0 8 0 78 0 68 28 0 35 0 50 0 48 0 0 0 19 4 0 0 0 0 62 67 0 0 24 0 14 6 92 1 5 0 57 0 53 0 0 0 0 28 0 2
 0 17 23 5 36 4 0 3 35 0 0 0 0 0 37 0 0 0 0 38 0 71 46 52 0 41 0 0 20 0 67 0 0 0 0 33 0 36 43 88 0 56 77 0 22 2 53 14 17 21 28 19 0 0 0 0 32 0 0 0 9 0 25 43 0 0 0 0 0 92 20 0 21 0 0 11 8 0 30 0 16 24 54 0 51 8 0 15 68 0 8 0 0 57 0 36 76 17 0 14
 0 0 0 4 8 0 12 0 0 7 0 0 0 11 26 16 0 61 12 7 0 56 0 0 0 0 0 0 0 74 1 0 0 0 81 13 34 59 0 0 0 19 0 0 0 11 33 0 0 0 0 21 0 0 0 0 0 0 31 0 6 0 20 0 0 0 32 20 12 35 11 0 45 22 0 35 15 0 0 72 0 22 30 61 0 0 0 0 0 16 45 59 0 0 0 45 0 0 0 24
 32 0 0 67 11 48 70 24 0 57 24 0 72 0 0 0 3 0 83 80 0 7 0 0 22 4 0 51 34 49 15 0 0 92 1 38 42 0 0 0 0 2 39 0 0 0 78 24 0 40 0 2 0 54 22 0 49 48 0 0 0 0 0 3 0 0 0 31 0 47 24 0 25 0 0 2 98 13 49 64 0 57 60 0 1 55 16 0 0 0 0 0 0 0 43 0 14 0 2 0
 21 0 0 0 0 26 17 4 0 0 0 0 0 16 45 71 0 0 0 0 0 86 15 0 17 0 0 0 35 0 63 15 72 0 0 32 57 13 46 25 0 0 0 10 0 33 0 99 42 0 79 0 8 24 37 0 14 5 13 17 0 0 0 33 0 38 0 0 0 0 38 16 12 0 0 45 0 73 82 0 42 0 0 56 0 0 0 0 0 4 0 20 0 41 0 20 17 0 14 0
 9 0 0 4 12 50 1 3 0 87 25 36 9 0 17 0 19 0 0 0 0 0 0 0 3 80 7 46 37 0 77 0 0 57 0 0 90 0 0 22 38 69 0 58 0 25 70 0 80 48 2 80 0 0 0 5 13 19 44 19 40 0 67 50 0 20 0 0 0 76 0 0 19 0 70 0 0 0 26 14 0 0 0 0 0 48 17 9 0 5 0 1 0 8 20 42 1 0 4 0
 51 51 0 0 0 4 0 0 75 0 19 27 0 40 0 0 0 67 0 0 15 0 3 35 0 0 0 26 81 37 11 16 0 27 5 0 0 23 10 65 0 0 0 0 0 22 0 26 0 63 54 0 70 26 0 0 52 5 79 27 21 0 6 50 0 0 0 0 83 0 0 0 46 25 0 0 0 0 15 39 0 16 0 7 0 42 48 28 0 88 0 5 45 73 43 34 0 0 0 0
 0 0 0 5 0 80 0 59 0 0 43 0 68 36 0 28 63 0 0 38 5 0 35 6 7 80 6 0 0 41 0 27 0 21 0 62 60 0 39 0 0 0 40 27 0 14 10 0 0 0 17 66 52 31 39 0 0 1 0 0 80 0 8 0 0 0 27 18 0 0 27 40 42 31 0 29 0 0 10 0 39 8 7 0 76 0 0 34 0 0 63 0 7 80 0 59 0 30 0 0
 0 0 65 0 0 0 0 0 78 0 0 57 0 10 0 27 75 20 25 0 0 0 6 67 0 0 62 13 0 0 0 22 64 5 0 0 18 56 51 57 17 0 0 2 0 0 0 22 0 28 0 39 0 0 66 0 5 86 0 0 79 49 0 35 58 0 5 36 0 36 22 40 0 71 0 9 0 0 1 0 25 0 0 0 9 37 17 0 84 0 61 0 0 0 0 0 0 0 69 0
 64 0 0 41 32 15 34 32 76 15 0 0 0 0 83 36 0 0 0 0 64 16 0 0 0 0 0 0 65 0 14 28 55 51 49 50 4 0 54 0 30 65 62 2 68 13 12 0 49 0 0 5 84 0 0 32 3 10 0 0 26 0 45 0 0 0 41 97 0 57 68 0 24 0 29 0 23 0 47 0 0 0 0 12 0 0 38 6 0 31 0 0 20 0 67 0 0 71 7 41
 8 0 0 24 0 14 89 0 0 84 0 0 2 78 0 0 0 40 0 0 12 0 0 10 36 0 2 20 36 0 0 0 2 0 0 18 21 40 0 33 57 0 0 74 48 1 0 0 4 0 0 14 9 36 0 0 0 0 14 40 53 0 0 0 0 3 2 0 66 0 18 33 54 2 0 0 20 21 11 0 0 0 84 0 17 21 0 19 49 0 0 0 0 0 25 68 70 0 0 57
 0 0 20 27 7 75 25 46 0 72 59 50 3 54 15 0 10 0 39 0 26 65 0 0 11 0 86 0 11 0 0 8 0 29 0 0 55 0 64 0 23 0 0 1 51 73 0 0 57 29 0 0 61 38 57 46 0 47 0 0 0 0 0 0 89 65 0 0 60 15 22 2 0 0 7 0 0 0 13 93 25 82 0 67 8 0 0 0 26 0 0 0 0 5 0 48 10 56 0 0
 0 24 9 0 13 0 0 0 0 0 0 39 12 51 58 38 0 0 19 7 70 32 26 0 48 0 79 0 0 0 0 0 0 62 0 13 0 0 0 13 38 70 0 0 52 44 56 29 0 30 22 35 0 44 0 13 43 0 0 0 15 40 76 0 28 34 0 4 0 0 66 3 0 0 0 47 24 0 28 56 0 45 0 0 88 0 60 5 48 0 36 0 11 48 48 56 55 39 84 0
 0 0 0 70 0 32 0 76 0 0 33 44 0 0 63 0 26 8 9 45 30 0 0 0 2 0 9 0 0 16 22 0 0 79 24 9 22 79 56 48 27 0 8 44 0 31 0 0 0 0 13 0 0 29 33 0 82 0 3 0 0 66 44 49 0 0 0 0 22 87 0 0 55 0 0 0 0 0 34 0 25 23 15 0 0 0 10 36 0 0 19 0 0 0 0 56 0 0 48 60
 0 4 36 0 0 0 33 0 0 46 0 18 81 0 0 0 0 5 0 0 0 0 0 8 0 9 50 0 0 0 43 0 65 12 53 0 71 1 36 0 68 0 0 0 4 30 0 0 0 0 0 0 0 40 0 58 7 21 12 0 5 0 4 0 0 0 0 0 0 0 85 63 6 0 11 0 6 7 0 0 15 37 45 15 71 19 42 0 0 2 38 9 26 0 0 40 11 0 2 43
 0 7 12 46 31 18 0 69 0 3 40 28 0 0 0 0 14 0 29 29 0 26 0 59 29 0 12 0 0 0 31 78 0 51 20 19 0 0 5 70 68 0 34 29 45 0 69 0 0 0 37 6 2 0 0 95 0 0 76 24 57 41 0 0 0 80 0 0 0 1 4 0 9 0 11 0 0 14 0 21 2 26 35 47 0 0 58 0 66 20 0 0 0 81 44 0 17 0 0 22
 0 0 0 45 12 7 0 62 49 43 25 0 9 0 1 0 0 0 24 0 0 2 31 0 0 0 0 0 14 0 0 56 0 45 0 76 27 0 11 47 0 59 0 0 21 26 12 0 0 0 16 91 28 0 5 3 20 46 0 49 48 0 0 43 0 0 0 41 27 0 0 14 20 0 18 76 30 42 58 18 8 13 19 0 7 33 0 0 20 70 34 0 0 0 0 0 0 0 0 33
 0 0 2 8 61 11 22 44 75 37 35 0 0 23 75 0 0 0 92 68 24 0 0 0 15 0 0 1 0 0 8 0 0 19 0 0 0 25 26 0 0 0 0 83 0 0 1 14 0 0 0 0 0 0 22 0 37 0 0 0 6 0 20 46 0 38 0 0 23 0 1 0 0 90 0 39 42 12 38 0 0 44 0 0 0 24 12 53 46 5 13 0 20 0 11 0 0 44 0 57
 0 17 85 0 20 0 26 55 96 18 10 0 8 0 29 57 43 0 0 0 67 0 41 38 0 38 0 4 16 0 59 60 86 6 0 0 0 60 33 0 3 19 5 0 77 3 8 28 12 32 35 0 20 75 27 0 0 7 0 83 10 52 5 0 37 0 85 87 30 0 11 0 50 36 0 36 0 35 19 47 0 0 0 4 0 15 35 22 0 6 0 1 13 92 5 0 63 21 67 47
 0 16 0 67 0 5 20 20 0 0 56 0 0 2 61 0 35 34 0 14 0 58 0 0 0 17 0 0 18 0 61 38 0 31 52 0 0 0 0 90 39 65 45 0 0 0 66 31 0 0 0 47 0 66 23 0 0 0 58 52 0 0 76 0 12 0 30 0 0 0 24 35 0 0 0 18 0 0 0 83 61 5 12 0 0 0 0 0 0 11 0 74 0 11 0 51 0 0 0 0
 30 0 0 12 5 80 82 0 20 0 7 86 32 47 14 47 6 0 12 30 61 12 3 0 0 0 0 0 0 17 0 0 0 36 20 0 1 1 0 68 0 0 42 21 0 35 0 0 0 0 92 0 40 55 41 15 0 14 66 0 0 28 1 6 0 0 0 38 0 0 0 16 59 0 0 0 12 0 0 0 29 61 11 62 0 69 0 67 73 0 0 0 38 0 0 0 0 47 0 0
 29 0 69 0 24 22 32 0 86 0 9 7 0 0 0 60 1 0 0 39 0 0 0 0 0 14 0 14 19 1 42 30 51 0 0 0 0 0 0 0 0 54 0 0 22 7 61 65 14 8 39 0 79 32 0 0 31 7 38 51 18 0 0 9 52 0 68 0 0 45 0 0 74 0 40 3 52 25 7 0 15 0 0 65 0 0 0 0 9 0 0 0 0 0 0 0 4 92 0 84
 0 0 0 5 0 0 0 22 27 0 0 0 0 0 3 7 17 11 65 0 0 75 24 0 0 0 0 0 0 0 39 0 76 0 0 3 41 29 0 0 0 24 12 92 21 36 8 0 0 2 18 40 14 0 0 0 56 20 0 38 0 42 2 88 78 95 0 0 67 74 0 16 1 12 0 0 0 0 39 20 0 14 0 0 1 0 0 0 2 14 51 0 0 0 0 42 0 0 80 0
 0 23 49 12 0 0 20 0 0 0 4 19 0 58 0 81 0 0 0 84 2 27 29 76 75 32 35 42 14 0 0 1 0 0 3 22 23 0 12 8 0 0 0 0 48 0 30 25 11 13 0 0 0 0 82 6 26 53 17 40 39 0 0 8 0 9 82 0 41 1 94 59 0 0 0 0 23 20 73 27 43 9 3 0 10 0 0 53 46 0 53 0 76 0 51 0 0 4 13 0
 2 0 0 14 78 9 58 36 2 0 23 47 81 0 0 0 0 0 11 63 0 0 63 0 0 4 21 0 0 29 0 0 9 0 32 0 52 55 0 0 0 10 0 50 32 0 0 9 28 22 0 0 0 28 29 0 73 8 9 0 89 0 48 0 28 51 10 27 21 0 28 29 20 21 0 1 59 0 0 37 0 69 10 36 0 0 67 31 0 0 0 0 18 0 56 0 0 40 0 0
 4 0 0 0 48 0 2 29 0 13 71 0 45 26 9 6 91 12 0 0 0 0 0 0 0 0 0 0 0 43 0 0 13 13 0 71 60 0 74 0 50 24 61 0 46 0 4 66 43 0 24 86 16 0 0 75 0 7 14 0 0 0 51 50 40 0 0 0 5 23 0 0 65 0 0 0 0 0 6 0 74 0 4 0 0 24 4 80 41 0 0 0 0 31 0 0 26 1 0 40
 0 52 0 0 0 22 0 0 0 22 41 0 89 0 0 0 5 0 0 0 0 0 0 0 0 0 0 83 0 16 11 99 49 53 0 41 2 41 0 7 0 13 52 3 0 0 0 25 0 2 1 0 0 10 0 47 0 47 0 35 53 10 8 51 0 0 0 46 0 92 78 21 20 0 0 0 0 34 84 0 71 0 0 0 1 0 0 3 2 61 0 37 0 0 0 0 0 17 0 71
 0 0 0 6 0 24 0 29 21 0 45 0 95 0 0 0 73 0 0 0 2 71 0 52 0 19 0 61 10 0 30 5 13 0 0 4 0 24 0 36 0 0 14 86 0 0 0 0 2 29 0 0 0 0 0 0 37 0 0 9 0 0 0 24 6 22 0 0 22 0 53 61 0 54 22 23 12 88 0 4 51 19 3 0 78 0 65 32 28 19 70 21 11 0 0 20 16 0 0 0
 0 0 0 0 75 0 0 21 0 0 0 0 0 67 35 0 0 44 28 10 0 0 14 0 0 35 0 2 0 0 0 53 0 6 0 0 0 0 28 50 0 0 42 20 8 90 30 0 38 60 0 0 15 0 0 0 2 0 6 0 40 34 0 0 50 0 0 0 74 0 0 13 0 62 74 0 0 0 0 52 0 6 35 29 78 39 76 69 55 19 0 50 74 53 0 0 5 0 3 0
 14 0 7 0 0 41 0 56 0 18 0 0 22 64 0 0 0 54 73 0 12 57 35 0 0 0 2 0 55 7 40 0 0 6 7 0 29 46 0 0 0 43 0 0 0 0 0 0 0 0 0 7 0 0 70 2 0 0 0 0 0 0 1 0 0 0 0 0 0 0 37 5 94 66 40 54 37 33 0 12 48 0 39 13 0 12 0 0 0 0 24 0 70 0 0 0 0 0 0 66
 27 3 46 31 0 0 21 0 0 0 1 0 36 0 24 0 0 0 0 0 0 9 24 67 47 19 37 0 42 24 0 12 0 16 0 0 22 0 47 35 0 31 0 0 13 0 66 5 27 0 0 0 49 0 30 3 29 30 15 0 0 0 56 43 43 0 71 0 18 34 0 0 0 18 0 13 5 0 0 0 0 5 3 0 46 30 0 51 0 0 0 63 38 37 15 0 0 20 48 66
 55 86 0 16 9 16 9 6 23 0 0 0 11 28 0 56 66 0 43 36 0 0 10 0 0 0 21 0 33 23 0 0 0 51 53 0 0 74 0 0 11 31 0 9 12 22 73 69 0 30 59 75 0 38 0 52 10 0 0 0 70 34 10 41 0 8 8 7 28 68 0 0 0 75 98 6 0 0 0 0 75 0 12 0 20 0 0 12 26 0 0 0 0 0 0 0 49 27 45 0
 0 0 0 75 29 63 2 73 0 4 38 1 0 73 0 13 0 30 59 85 0 65 0 0 0 48 0 0 0 26 0 5 2 0 0 0 0 0 34 0 12 38 63 13 0 0 0 0 62 18 0 0 34 29 57 0 78 22 20 0 0 0 0 72 0 88 40 0 3 0 0 54 0 0 0 78 0 0 0 0 83 23 28 0 66 37 24 41 40 0 17 0 0 0 22 0 1 0 0 36
 0 0 93 0 15 60 52 3 53 13 6 33 0 0 0 25 17 42 0 24 0 89 0 0 0 40 41 3 40 67 0 0 0 70 0 41 0 0 0 0 37 0 14 39 0 0 0 16 4 18 68 25 0 0 6 0 31 0 81 0 0 13 1 0 0 33 0 0 30 79 0 12 0 0 17 76 88 13 0 0 67 0 52 34 16 0 0 0 21 0 0 76 72 1 42 0 59 0 91 0
 0 40 0 35 0 1 33 0 11 56 43 50 39 6 59 0 0 0 9 18 0 0 0 18 0 56 0 0 0 0 0 15 0 7 0 49 0 13 3 43 70 0 63 72 36 31 0 0 4 8 40 45 10 0 46 4 51 0 0 0 0 0 26 68 0 42 0 29 36 0 0 9 0 2 10 32 0 76 68 0 0 0 27 32 93 36 0 27 16 54 0 35 0 0 0 0 47 14 0 0
 18 0 55 88 0 0 0 16 10 7 0 11 9 39 12 0 0 0 0 0 0 0 0 0 0 10 19 70 0 24 28 0 29 19 10 16 25 0 3 71 24 0 0 0 0 37 0 0 0 0 0 0 0 0 0 0 0 26 62 0 0 0 58 48 0 0 0 31 0 0 16 28 7 53 5 40 0 0 74 0 0 0 1 67 0 2 49 0 2 53 17 0 0 0 45 0 0 25 18 0
 21 0 19 51 57 3 0 2 26 4 0 13 72 0 0 10 11 0 0 14 0 67 0 85 61 0 0 0 1 0 10 33 42 14 52 0 44 21 0 70 89 0 0 0 36 0 0 19 0 0 16 43 73 8 0 0 27 41 0 0 47 0 0 3 65 0 0 0 8 28 0 0 0 47 12 9 29 53 92 63 24 89 0 0 2 35 39 17 9 29 1 45 0 89 0 0 46 33 0 12
 0 20 0 62 15 0 0 66 29 0 0 0 15 0 0 3 19 0 0 0 0 12 52 44 26 56 35 24 23 0 0 0 16 0 0 61 0 43 4 0 32 0 6 67 0 2 60 0 82 37 0 0 26 20 0 18 0 0 0 0 40 32 0 0 0 38 0 5 0 0 0 36 0 22 0 0 0 8 69 0 73 0 0 0 0 0 20 0 80 0 0 0 25 89 18 66 32 0 0 0
 0 0 0 0 16 0 34 0 0 97 0 42 0 68 0 0 0 0 0 0 0 24 34 0 0 13 0 51 49 0 51 0 0 0 0 0 0 70 13 38 0 0 0 87 0 0 0 16 11 0 0 20 3 3 0 0 0 0 0 0 0 63 0 0 43 0 0 0 4 21 0 0 25 0 49 0 53 49 7 0 48 89 0 67 0 0 0 75 6 78 0 0 0 87 0 89 0 43 15 0
 0 0 67 4 0 0 0 32 8 0 0 24 31 53 41 0 0 0 4 32 0 0 63 0 5 53 19 0 0 51 0 10 13 6 0 0 0 0 50 64 28 15 61 0 0 0 0 6 29 30 0 43 28 0 87 76 0 0 0 0 9 37 0 0 8 48 0 0 0 34 0 0 0 0 0 0 0 0 0 45 44 80 71 0 0 0 17 0 0 0 0 0 0 25 36 0 54 0 0 28
 66 51 0 0 25 5 68 0 0 0 4 33 0 25 4 32 77 22 8 22 0 0 7 0 34 0 44 0 9 57 26 28 0 32 0 57 0 0 4 56 6 0 0 19 14 0 69 0 5 0 72 22 0 44 0 37 28 0 0 26 44 0 18 0 0 48 60 0 62 18 22 0 0 15 14 20 0 0 0 39 31 0 3 53 0 0 6 7 65 54 0 28 0 10 27 0 0 11 78 21
 58 44 0 61 31 33 0 22 0 0 2 0 0 0 50 48 0 56 0 0 0 5 0 0 1 48 10 0 0 59 0 0 63 0 0 0 0 0 0 0 0 0 0 0 0 41 0 39 41 15 0 0 14 0 0 0 2 0 46 0 20 57 28 12 44 0 0 2 12 0 0 0 47 0 0 0 0 0 8 0 18 20 5 46 93 13 36 0 61 0 0 6 0 47 21 0 0 0 0 0
 0 52 25 0 15 0 0 0 0 0 38 42 9 0 0 42 0 51 57 21 78 52 0 0 0 0 0 2 0 0 0 0 29 51 0 0 0 0 0 13 0 18 0 0 0 49 0 43 0 0 51 0 57 0 55 69 7 0 30 0 0 0 58 0 14 5 3 26 0 48 10 0 0 0 17 0 2 0 0 0 37 15 11 23 0 89 0 0 0 47 4 0 0 36 4 16 9 17 22 0
 54 11 69 21 0 24 0 1 0 42 0 39 60 47 0 0 0 0 26 47 0 22 15 0 30 5 74 0 12 46 74 7 0 0 61 74 0 0 0 12 0 27 16 0 10 45 0 2 0 0 10 0 0 48 97 0 0 0 0 43 0 0 38 71 21 39 1 0 0 21 0 0 30 0 44 0 17 18 0 0 0 24 0 0 0 8 16 0 0 0 0 0 23 0 0 0 0 38 0 84
 0 8 79 0 0 0 29 0 10 43 90 75 0 63 6 72 85 0 36 27 0 12 30 0 29 60 0 0 72 0 23 53 0 10 0 0 7 84 21 0 2 0 0 0 0 38 22 21 0 0 0 17 0 0 10 0 0 51 16 13 0 0 31 0 94 69 0 0 0 0 0 0 44 0 0 0 14 0 0 0 1 0 29 0 38 17 46 69 0 0 0 27 0 0 0 0 0 0 53 0
 11 0 54 7 0 11 0 0 32 17 0 20 0 76 28 9 0 30 0 0 29 0 0 64 0 59 26 44 31 0 0 61 0 0 37 0 32 0 0 49 79 0 31 0 0 72 25 2 8 71 0 0 46 0 0 0 87 1 0 0 0 52 61 0 0 0 0 35 0 0 0 0 28 51 0 0 0 0 0 0 0 0 49 0 0 51 58 15 17 47 0 0 31 0 0 0 0 0 93 0
 0 0 21 1 0 0 10 16 0 18 0 0 26 42 0 53 0 3 15 0 0 0 30 65 43 0 0 0 2 0 0 0 26 0 0 0 0 0 57 0 0 4 63 0 16 0 3 0 0 0 33 14 0 36 37 12 14 0 0 0 0 0 0 6 49 0 33 86 52 0 0 0 1 50 6 17 66 0 0 0 39 0 1 0 30 0 83 4 0 55 0 0 0 3 63 47 17 63 0 18
 0 1 12 32 0 0 0 69 0 0 21 19 0 40 12 0 0 0 0 0 35 0 49 13 2 0 0 26 0 33 60 0 0 11 0 0 0 0 0 25 0 0 6 0 0 0 21 22 30 15 0 0 9 87 24 0 0 0 51 0 0 51 49 68 2 0 0 19 31 6 0 46 0 61 17 0 42 8 0 0 17 8 8 28 20 0 53 26 9 57 53 75 16 45 0 0 13 33 0 0
 0 62 4 9 0 0 0 28 65 1 8 1 0 7 5 0 0 0 0 50 0 39 0 78 0 0 0 15 52 28 0 56 0 18 9 0 13 0 51 57 23 0 0 30 14 0 16 0 0 0 38 80 5 81 37 34 6 0 15 49 34 0 0 27 20 21 4 17 32 0 0 0 15 0 44 5 0 0 35 0 37 0 40 0 0 15 68 0 11 0 0 94 14 0 24 5 0 29 0 4
 22 0 0 5 49 84 40 0 21 0 0 0 15 0 25 0 0 0 0 12 0 0 23 14 0 0 0 14 0 22 47 0 0 37 9 0 55 30 0 45 16 0 0 0 16 83 6 28 1 0 0 1 0 85 87 0 32 0 0 33 0 0 16 0 28 42 0 0 34 18 0 0 0 0 20 3 0 21 46 2 0 28 34 56 6 41 0 8 0 55 0 0 23 11 85 14 6 37 10 0
 0 0 59 15 13 5 0 41 1 0 0 0 49 0 79 0 30 0 0 34 35 55 36 62 19 12 41 0 3 21 44 11 0 43 54 14 0 88 57 0 0 0 0 61 0 20 15 0 0 0 0 66 60 45 0 0 8 66 0 17 1 0 0 14 78 43 3 31 0 74 91 0 99 0 24 40 0 27 14 0 0 0 0 0 0 0 7 80 71 0 0 54 0 45 33 0 3 19 0 0
 0 72 0 0 0 27 0 20 0 0 0 0 11 0 90 14 5 0 5 0 0 2 0 30 0 0 0 2 30 0 0 0 39 16 6 0 0 14 36 33 12 1 0 27 9 51 0 6 0 0 8 14 0 0 47 0 28 25 0 14 0 0 0 59 42 81 0 0 61 59 33 56 46 0 56 0 0 20 0 50 0 50 0 0 0 0 15 49 57 0 80 0 0 0 50 0 9 0 0 0
 0 22 0 36 12 71 61 0 26 63 69 9 0 34 0 0 0 0 58 17 64 0 16 32 0 0 25 0 0 0 0 72 27 0 0 0 13 0 83 0 29 38 53 5 0 0 13 0 0 0 0 38 79 0 0 0 0 0 87 58 13 47 0 34 53 0 72 8 12 23 0 24 42 83 0 51 45 8 14 0 0 0 40 78 2 0 25 38 4 0 15 0 0 9 8 78 8 22 0 14
 43 0 0 0 0 0 59 38 0 0 35 30 0 0 0 0 0 0 61 0 0 63 23 0 0 42 0 0 74 25 38 73 13 0 3 61 18 4 4 84 0 0 23 13 0 12 0 0 0 6 51 7 15 0 0 0 21 0 0 5 22 0 94 32 0 20 13 70 0 64 0 0 14 15 0 0 0 0 34 0 0 5 0 52 55 0 34 27 13 0 0 31 0 0 0 0 71 72 29 0
 1 15 25 75 18 0 0 0 30 0 10 24 0 62 51 0 0 0 0 0 0 0 2 0 0 25 25 0 0 17 11 0 0 3 0 0 31 7 16 0 25 0 25 0 0 18 45 32 5 29 0 6 0 1 0 0 39 23 56 81 0 0 10 0 0 17 0 0 0 0 51 5 69 0 0 24 1 0 0 0 34 0 6 0 71 0 0 68 40 0 0 0 0 0 24 0 0 46 78 0
 62 3 34 0 0 0 34 0 0 71 0 0 0 23 37 57 51 43 14 46 0 0 68 0 25 0 31 45 21 0 0 0 0 0 0 0 0 0 0 27 31 0 0 35 32 42 0 0 0 33 7 0 0 82 4 0 0 0 38 9 25 0 14 48 10 0 0 61 44 20 97 0 12 0 0 79 0 9 0 64 3 0 38 0 7 0 3 0 0 17 8 17 0 48 7 67 0 0 31 0
 22 0 0 0 0 18 0 3 0 0 0 0 0 33 0 94 79 35 65 0 18 29 2 47 0 7 0 0 8 0 0 39 15 65 24 0 77 0 37 61 2 24 0 0 0 0 64 35 14 4 15 7 0 0 61 59 0 0 0 0 0 0 39 39 0 30 47 32 0 0 84 36 0 0 59 0 3 45 67 0 43 4 0 0 1 40 0 44 38 0 32 0 2 74 59 0 10 37 53 42
