100
 38 11 0 0 0 40 0 31 10 84 14 30 0 57 63 6 13 0 0 0 68 0 0 0 0 0 15 15 0 0 7 0 57 2 0 81 0 13 0 6 0 9 0 0 0 0 0 9 4 0 25 0 0 0 0 63 0 11 0 30 79 52 0 2 63 0 13 22 54 31 5 79 0 2 6 75 0 0 3 1 0 0 0 0 12 0 0 0 5 19 78 46 77 0 0 33 0 51 6 0
 0 26 24 0 29 0 32 29 18 28 32 6 0 0 0 14 83 0 0 22 0 64 0 34 0 0 46 27 0 69 0 0 0 2 0 21 0 22 33 14 69 30 33 0 15 42 41 57 0 0 0 32 0 14 0 0 79 0 25 0 0 0 7 4 40 5 0 0 0 10 0 0 0 28 0 0 40 91 76 50 43 0 0 73 0 4 0 0 0 39 0 0 0 85 63 0 22 0 39 0
 5 0 44 0 86 0 12 47 0 0 30 0 0 0 0 18 23 25 0 1 81 77 37 0 0 30 0 0 0 0 45 0 0 52 0 0 0 13 19 9 41 50 22 0 0 13 46 0 27 0 0 68 0 0 97 71 74 0 12 11 19 0 0 30 0 0 0 20 35 0 31 48 0 27 77 0 18 0 0 16 72 0 10 72 0 67 0 0 0 0 13 4 16 37 0 0 6 0 0 4
 77 28 71 26 35 0 0 0 0 89 0 0 0 48 61 39 0 30 43 21 6 0 7 0 4 18 0 0 0 14 70 0 5 37 0 0 0 0 0 0 86 90 56 0 10 0 2 0 0 32 43 30 35 0 0 0 12 11 14 0 75 0 36 45 28 25 0 0 0 41 0 0 0 49 2 46 0 62 0 13 28 63 29 82 32 90 78 0 7 0 4 20 36 87 0 47 86 6 6 0
 49 0 0 0 55 45 0 19 0 0 0 0 36 25 0 19 0 1 0 0 16 0 0 24 0 24 0 0 0 63 0 0 0 0 24 16 0 0 93 13 0 21 48 0 0 69 72 0 0 7 15 0 0 8 0 54 0 46 0 0 0 0 0 0 0 0 0 9 29 0 20 0 0 57 61 54 0 0 0 0 0 0 15 0 3 0 0 8 0 0 27 28 7 0 0 57 34 36 0 0
 0 67 23 3 0 84 0 0 0 25 78 0 21 66 0 84 43 25 0 29 0 90 0 0 0 0 0 56 28 48 22 0 0 59 0 8 23 38 0 39 0 0 9 0 7 0 0 31 41 0 0 76 0 29 0 52 0 0 8 52 12 0 0 0 0 18 0 0 0 0 19 0 0 14 0 26 0 38 29 7 83 30 68 3 0 68 0 26 20 38 0 22 0 35 0 0 42 0 13 0
 11 0 0 66 19 43 46 0 60 0 0 0 0 62 26 0 21 0 4 46 0 0 55 47 0 0 0 17 41 15 16 0 27 0 82 0 0 67 72 50 55 0 0 0 0 24 10 0 0 0 0 20 0 0 24 0 57 27 0 3 0 63 66 92 68 0 67 72 0 31 0 0 0 0 29 0 35 67 0 35 0 0 0 0 0 49 0 0 0 0 0 0 33 9 5 4 0 50 0 0
 0 0 0 29 0 32 22 96 0 0 57 43 0 3 58 22 0 0 12 0 0 0 81 0 71 0 9 49 26 0 0 55 0 41 0 0 0 1 0 14 0 36 0 0 0 1 0 28 0 10 0 0 0 0 0 0 0 31 79 21 0 4 28 1 54 26 21 4 0 0 0 32 28 57 16 34 76 55 34 7 6 20 0 20 0 0 62 39 24 20 0 0 15 3 87 0 66 27 0 0
 0 0 5 28 44 88 0 4 47 19 69 79 0 0 0 7 0 47 0 12 0 43 51 86 0 0 99 35 0 0 0 10 23 0 0 0 0 0 27 58 0 0 88 0 0 61 9 30 62 30 0 6 0 25 5 0 0 83 21 53 21 75 0 0 62 0 0 85 0 0 0 0 0 88 24 10 10 4 0 0 0 0 0 42 0 33 28 4 0 14 54 32 0 0 57 0 18 0 74 32
 0 0 18 0 13 0 4 70 0 48 0 37 9 14 0 0 39 2 19 2 65 20 24 41 0 68 0 0 0 0 10 0 0 0 0 67 15 0 0 0 66 0 6 14 0 15 0 7 0 0 0 24 0 86 0 29 70 0 0 58 0 0 0 0 6 0 17 0 0 15 0 0 0 24 46 0 41 0 54 13 13 48 1 26 0 0 0 0 0 7 2 9 16 0 0 0 0 42 0 44
 0 0 0 91 21 0 64 0 0 34 22 57 0 0 0 0 41 0 0 54 1 0 0 17 0 0 47 57 0 42 18 10 47 41 10 81 23 72 4 0 0 0 0 0 9 0 0 0 0 68 0 61 0 51 0 0 0 18 0 63 14 28 16 0 80 0 0 0 0 0 25 0 8 18 45 0 51 0 0 0 0 24 0 18 0 23 68 59 0 78 0 48 0 0 0 67 12 65 32 0
 0 0 8 65 64 50 59 0 0 0 0 23 24 34 78 0 28 23 7 7 0 0 43 0 0 0 0 59 41 0 0 68 33 0 7 75 0 0 23 8 0 0 0 9 0 0 33 28 47 0 0 15 0 19 28 10 53 2 0 0 11 0 55 41 70 33 45 0 0 40 0 51 6 97 0 50 12 18 0 78 0 22 0 0 0 0 35 34 0 0 0 15 0 10 4 10 29 0 0 0
 5 51 6 33 0 0 6 44 17 0 16 0 53 0 33 39 0 37 0 16 71 13 0 0 0 0 20 0 4 0 0 0 0 47 39 0 0 56 0 0 0 0 5 0 43 0 0 0 0 25 0 0 7 0 0 0 78 0 36 0 22 0 0 0 0 0 42 23 32 0 0 33 64 0 0 0 4 1 9 25 53 0 0 28 0 28 56 0 6 0 6 0 49 66 0 32 22 0 2 0
 0 34 63 0 0 0 0 0 41 0 31 0 8 39 0 68 66 0 0 0 0 22 10 4 32 59 0 18 15 0 0 42 0 38 33 0 7 0 0 0 25 3 0 0 31 29 47 42 0 0 0 58 46 17 0 78 15 83 15 10 4 0 0 51 24 9 0 54 8 9 0 59 66 0 59 0 0 0 0 0 0 0 0 0 0 0 0 38 0 74 54 17 0 0 15 69 0 7 0 77
 0 44 57 0 9 14 0 0 21 27 20 0 0 3 23 0 9 0 9 0 11 0 0 22 31 73 0 28 0 37 0 57 40 0 0 0 0 0 12 0 15 0 20 13 20 0 91 63 17 0 0 0 81 0 20 0 0 15 17 28 57 0 0 0 23 0 0 0 47 4 47 0 0 0 0 0 0 0 0 44 0 55 0 22 0 22 0 44 0 34 0 41 12 0 0 0 41 38 36 0
 0 0 0 0 0 0 76 0 0 53 42 45 0 0 34 79 0 0 0 0 74 0 0 19 9 56 0 9 65 0 34 0 0 44 8 0 2 19 0 24 0 8 0 16 0 0 19 0 36 36 0 0 41 0 23 64 0 0 3 19 0 60 34 0 0 60 21 75 0 0 63 17 25 0 61 3 0 53 62 0 44 1 0 0 0 90 23 57 0 3 16 0 0 0 0 0 0 0 0 0
 0 0 0 5 88 0 0 14 42 0 0 0 40 0 0 62 58 0 0 0 45 0 17 0 33 35 0 82 51 0 68 0 58 0 33 18 38 21 15 24 0 41 0 0 60 15 52 0 2 50 16 0 68 63 36 47 0 7 0 2 18 0 0 71 0 2 0 0 11 0 0 36 0 5 48 16 0 17 1 0 0 0 58 0 0 13 42 0 42 0 0 68 68 0 0 43 0 0 55 14
 32 12 0 0 0 0 13 25 0 0 28 0 0 37 17 17 9 77 0 31 27 16 40 0 18 43 0 0 46 0 67 13 0 0 4 0 0 4 2 16 0 50 81 0 10 0 25 0 0 0 47 0 22 0 0 0 37 0 0 0 0 20 0 0 0 0 0 0 0 0 0 72 45 0 0 70 24 15 0 5 0 0 0 53 27 0 1 0 0 4 0 34 6 33 0 69 0 11 0 0
 46 51 38 0 8 19 0 0 65 0 4 0 22 30 0 0 45 16 97 0 0 0 80 0 0 90 27 25 0 0 0 86 0 0 0 94 30 9 10 15 0 26 0 34 35 0 40 46 0 59 29 7 15 0 3 8 0 32 56 91 35 90 15 11 51 46 38 77 0 0 54 75 0 0 0 25 36 11 0 0 5 0 0 12 0 46 0 48 0 16 22 0 0 0 0 0 0 0 4 12
 86 0 0 0 14 0 0 13 0 0 0 0 0 59 56 69 8 0 61 19 0 0 0 8 0 27 0 0 0 0 0 72 6 47 50 5 0 0 0 28 1 10 1 0 0 0 37 56 51 21 7 0 84 26 0 0 0 24 0 3 16 0 0 63 0 0 0 0 26 0 8 0 0 0 0 30 40 53 0 0 30 0 36 47 64 10 0 0 15 0 25 0 47 0 78 0 0 0 0 23
 0 29 0 0 0 28 15 71 75 0 0 25 0 53 0 0 0 0 5 38 53 0 9 68 23 35 35 21 0 28 89 7 52 38 30 65 60 0 0 0 0 37 2 3 0 0 0 0 0 0 0 0 0 0 0 14 0 0 0 54 0 41 0 19 0 49 15 54 66 0 1 0 21 0 0 0 0 8 0 0 48 0 0 48 0 0 0 34 70 30 48 0 0 0 0 26 0 0 47 49
 68 0 0 5 53 0 50 10 0 0 60 45 0 0 49 28 41 0 2 7 35 41 0 21 0 66 52 0 0 0 68 0 0 77 0 10 0 27 0 0 9 0 0 57 73 83 15 13 0 50 11 0 0 0 32 24 44 0 48 0 51 0 65 0 50 80 0 0 0 31 0 10 0 15 9 3 7 24 0 58 0 32 57 19 20 0 27 0 0 37 0 3 0 0 0 21 0 26 0 0
 31 64 0 0 2 37 0 0 0 0 14 0 46 0 16 44 0 0 0 16 0 17 81 69 0 46 0 40 28 22 0 0 8 0 0 49 46 0 0 20 0 26 78 0 33 0 2 45 0 50 34 0 77 44 0 0 0 0 0 26 69 0 0 28 41 0 0 85 0 24 34 50 10 0 23 0 25 60 0 0 0 5 0 42 0 0 32 0 0 0 0 6 0 3 79 52 0 55 0 0
 53 0 51 39 0 25 0 27 0 0 0 12 75 0 0 0 24 45 30 0 0 0 0 25 0 0 48 0 0 0 22 38 0 0 22 86 0 0 0 65 0 0 0 69 12 0 47 36 8 45 0 52 32 0 0 18 0 0 0 0 44 0 0 20 79 0 36 2 0 13 22 37 0 0 28 17 63 0 0 0 28 0 18 0 42 0 36 3 0 0 0 54 0 0 0 0 0 3 26 56
 19 29 1 0 45 96 3 0 48 19 63 44 50 0 0 0 0 0 80 13 0 39 6 7 35 32 60 33 0 0 0 88 12 22 79 2 0 13 0 0 0 18 0 0 0 19 0 53 6 85 0 41 38 49 29 0 24 34 0 0 0 84 15 0 0 42 14 33 0 0 13 0 9 77 68 0 2 0 0 0 0 67 26 16 29 51 13 0 0 0 1 0 0 0 0 0 32 2 33 0
 37 22 0 0 0 74 21 1 32 0 81 5 36 0 0 0 0 0 0 0 0 0 0 42 0 68 27 2 16 16 0 0 0 53 0 71 33 11 0 4 0 0 57 1 0 0 14 0 61 0 0 0 9 32 48 61 50 0 45 52 21 0 0 11 0 81 32 0 5 0 0 0 43 0 0 55 33 0 67 5 23 0 0 39 16 14 44 54 67 0 62 34 25 0 0 0 45 0 48 21
 0 0 11 34 13 61 52 0 0 13 0 2 0 66 21 59 52 35 0 27 0 0 77 0 0 0 58 17 0 1 33 16 41 0 0 0 0 3 0 0 0 50 0 23 30 16 29 0 39 41 14 74 0 0 9 0 59 0 0 0 46 0 35 0 11 44 56 12 0 6 0 24 27 18 5 0 0 0 0 50 13 0 0 27 30 0 7 0 41 0 0 0 49 0 26 63 18 0 16 0
 0 0 4 0 13 0 0 0 0 37 0 0 7 0 0 0 0 25 0 37 0 11 0 20 0 0 0 69 30 35 0 0 0 0 0 27 75 19 82 0 0 0 0 43 92 8 0 0 0 1 16 17 0 7 35 8 0 25 0 44 15 0 0 0 0 0 30 26 13 0 0 0 0 0 0 55 0 0 31 27 0 0 0 0 0 16 52 0 0 0 35 41 12 0 0 22 0 5 0 43
 28 10 21 43 34 0 0 0 31 59 6 0 0 0 5 0 0 0 67 4 23 31 0 98 60 0 16 0 19 0 16 0 8 0 22 0 0 0 9 0 97 0 0 0 32 0 0 0 0 3 0 0 0 0 61 75 0 0 0 33 35 42 20 5 3 12 27 26 62 22 0 0 25 0 0 5 0 7 12 32 85 11 8 35 0 0 0 18 0 0 3 29 0 27 0 74 0 34 70 31
 4 0 4 0 0 0 0 51 46 7 0 12 5 33 0 75 85 21 24 66 0 11 0 52 21 0 0 0 97 30 41 0 0 0 2 0 77 73 0 0 34 0 78 42 63 0 0 0 17 0 0 0 0 0 27 2 0 0 39 19 25 68 14 0 0 52 0 16 0 25 65 47 15 0 8 0 6 24 17 0 0 0 27 59 0 22 0 0 0 60 0 34 96 79 0 35 0 18 0 13
 0 25 0 0 22 0 0 47 36 0 0 43 12 14 4 0 0 0 70 22 0 0 5 0 39 8 0 59 0 0 94 72 6 49 40 28 0 33 53 0 78 2 0 0 0 0 0 0 0 2 0 0 0 0 47 44 58 56 0 20 93 0 0 0 0 0 37 8 0 0 0 26 0 0 0 0 0 0 48 0 0 26 7 0 0 0 0 1 33 15 0 35 0 0 0 0 0 19 3 0
 60 34 5 81 41 27 21 0 0 2 0 0 31 0 0 38 46 0 0 0 0 1 16 0 0 31 0 24 77 29 0 30 0 51 17 29 47 0 7 38 0 50 54 0 0 0 26 14 48 32 62 0 0 66 16 0 4 6 0 2 43 0 0 0 33 32 2 0 0 7 0 59 0 57 0 5 58 0 73 35 0 23 61 1 21 0 40 5 0 29 40 0 0 0 0 0 0 0 4 0
 0 21 35 0 47 21 0 31 0 4 0 0 13 62 0 40 0 5 34 0 0 56 0 50 0 82 0 81 0 51 0 52 98 0 78 23 0 0 0 0 0 0 0 0 54 0 0 2 0 0 0 54 0 7 31 0 0 0 0 34 0 0 0 0 68 19 27 0 0 0 0 31 0 39 83 0 0 18 33 0 0 39 75 0 37 22 0 0 0 35 0 6 0 0 0 38 0 56 14 39
 0 0 0 0 43 0 3 0 10 83 0 20 0 0 28 0 20 58 24 0 0 0 7 21 0 0 51 54 2 64 0 0 37 6 15 0 39 5 53 0 0 24 0 36 7 0 12 0 17 92 0 20 17 0 11 0 71 74 18 0 16 13 0 7 0 0 0 0 0 73 0 0 0 48 43 29 36 0 22 12 9 0 0 17 0 17 3 15 0 0 16 0 0 34 0 6 7 0 0 0
 72 78 5 45 0 30 0 31 1 49 0 0 0 0 17 0 0 0 9 0 0 49 11 0 0 24 72 26 0 0 0 0 0 0 64 0 0 32 0 33 57 11 67 0 0 0 0 0 3 0 30 0 0 0 0 0 0 0 60 23 0 0 0 0 0 0 0 46 40 0 0 86 0 75 29 30 35 35 14 17 0 0 65 0 0 0 0 2 0 36 0 3 0 0 0 6 0 0 16 26
 0 0 62 11 0 0 44 48 65 0 0 0 5 89 70 19 0 7 0 0 0 0 0 0 0 0 77 0 38 19 0 0 0 24 9 28 0 1 0 0 0 33 0 0 0 40 0 0 14 54 15 27 0 9 27 82 0 0 21 0 9 0 0 29 0 0 0 0 18 68 12 26 0 19 0 0 0 0 0 0 1 0 60 21 0 0 74 0 60 14 22 75 10 11 0 0 0 0 8 12
 11 35 68 37 68 0 38 6 22 0 0 23 12 0 20 0 0 53 0 12 0 30 0 58 15 0 20 0 58 0 49 0 66 0 36 16 99 0 20 50 19 0 43 0 0 29 55 22 5 0 0 68 14 0 15 4 0 19 82 13 0 0 0 0 0 0 77 0 59 8 0 0 35 53 30 22 0 0 0 1 0 0 0 10 26 47 0 0 12 37 3 42 0 0 0 0 0 9 30 28
 0 0 0 14 12 0 0 0 1 40 0 77 0 58 25 0 0 0 0 53 30 0 12 19 0 0 0 0 84 0 0 29 20 0 0 0 29 18 64 14 61 0 64 31 34 17 0 17 0 28 20 36 0 60 0 0 0 0 45 0 80 0 0 0 52 14 63 16 27 41 8 0 48 18 8 0 16 0 5 0 30 5 0 26 71 39 0 35 2 0 0 0 0 89 39 7 43 0 2 40
 17 0 0 99 0 49 0 40 0 52 0 0 32 14 0 34 0 0 0 22 29 64 24 7 21 25 29 0 0 22 0 0 16 0 32 41 0 0 82 67 67 35 71 0 7 0 0 0 0 0 26 74 1 0 77 26 0 0 0 0 0 11 32 9 0 3 0 0 20 48 0 38 0 0 0 0 35 0 1 0 97 0 0 15 59 32 0 0 0 0 0 0 68 0 92 0 30 25 0 0
 0 0 0 1 0 0 0 0 0 40 44 0 25 17 15 0 0 0 0 0 14 26 0 0 25 0 35 11 18 36 75 0 81 85 0 30 0 0 0 68 0 10 45 0 0 0 79 0 0 0 0 0 0 0 0 30 4 58 49 0 47 5 0 60 0 38 0 0 1 73 65 29 0 54 0 69 74 0 40 0 75 20 29 0 87 78 8 66 0 0 0 48 21 0 20 70 19 33 8 23
 57 0 0 0 50 2 0 45 32 0 57 40 48 0 0 39 10 6 32 0 51 0 7 47 48 5 55 75 0 0 0 5 5 74 0 18 0 0 0 34 1 0 37 2 0 17 0 0 0 0 0 24 0 27 0 15 21 0 0 96 0 22 0 1 36 9 0 0 0 0 17 0 6 0 0 13 0 26 0 0 0 18 4 17 91 25 0 0 0 0 0 14 50 0 0 0 0 36 0 0
 0 0 0 0 0 51 58 0 33 0 3 40 59 0 53 0 0 0 0 0 0 21 0 5 0 0 0 83 0 48 0 0 43 0 0 0 4 1 0 0 13 79 27 4 0 0 85 19 45 22 0 19 0 41 42 0 0 16 0 0 36 2 12 4 0 0 37 0 77 67 0 6 0 66 0 0 7 20 0 0 0 0 0 0 26 60 0 8 5 0 48 0 0 74 17 0 0 31 83 31
 8 0 0 0 0 0 12 90 0 0 3 15 0 38 0 0 15 0 25 0 0 54 0 15 37 0 76 11 37 0 2 0 54 35 0 48 0 0 0 0 0 0 17 12 0 0 0 0 0 0 58 39 68 0 0 27 2 33 0 24 0 0 0 30 37 36 26 1 13 0 39 21 0 0 0 0 29 4 0 0 0 39 0 58 0 25 34 0 0 0 0 17 15 2 0 45 0 0 75 26
 13 33 61 53 4 23 42 4 26 0 16 0 3 4 0 0 52 5 0 42 0 0 47 0 51 0 0 0 57 0 11 8 56 0 14 14 6 0 72 45 0 0 0 30 0 0 0 10 0 34 77 0 16 0 8 22 18 0 1 0 5 19 7 89 0 0 0 0 53 73 0 0 60 90 19 0 18 47 0 30 0 90 41 22 0 33 57 47 44 0 45 0 17 0 0 0 3 60 0 0
 16 0 49 0 31 0 16 3 37 57 0 56 0 0 0 68 0 0 0 4 78 0 0 0 38 70 0 0 0 0 27 6 0 0 3 26 9 0 0 75 12 23 87 67 64 0 1 48 0 74 0 0 0 0 37 29 26 64 0 35 0 0 0 0 0 0 0 0 0 20 37 53 0 58 82 0 79 3 76 0 53 62 0 16 8 0 1 12 7 6 0 0 0 16 13 28 0 0 14 12
 35 0 0 8 0 53 0 0 0 0 27 23 10 0 16 52 0 64 51 31 36 0 78 12 0 45 0 0 77 52 52 27 14 74 20 0 0 0 8 9 0 76 60 55 97 47 69 19 0 0 67 21 63 0 0 0 57 73 57 67 47 0 32 0 0 32 38 0 0 0 0 0 0 0 56 0 30 16 0 63 0 23 38 39 58 5 0 0 0 0 0 0 0 17 80 0 65 10 18 7
 29 0 0 0 0 18 0 39 0 18 38 0 64 0 0 0 0 0 0 0 9 0 0 0 23 0 0 4 97 39 11 0 12 0 1 35 0 3 38 0 14 0 43 1 0 0 50 0 0 0 0 0 0 7 0 0 0 27 0 20 0 22 71 0 73 0 25 18 48 52 0 0 37 13 0 0 4 14 0 8 44 0 0 0 0 0 0 0 16 0 0 60 23 32 32 9 73 0 47 19
 0 0 83 57 28 0 13 0 0 0 81 0 40 0 0 85 17 2 0 0 16 0 0 0 0 11 33 49 8 20 68 0 0 61 14 28 0 0 18 1 55 0 64 0 0 0 45 68 0 35 0 51 1 0 33 0 17 67 0 42 9 0 47 27 0 0 52 10 58 38 2 73 50 0 33 0 0 0 42 27 0 0 0 70 20 0 0 12 77 0 33 29 32 6 0 0 46 41 52 0
 0 82 0 12 13 0 49 6 0 3 4 0 44 78 0 0 0 0 43 0 34 85 8 0 0 0 0 22 24 0 66 0 40 0 0 0 0 39 16 46 1 0 17 14 53 12 0 15 47 0 0 0 22 0 57 0 50 28 38 15 0 0 86 0 42 0 63 0 65 28 45 11 0 85 0 25 0 0 13 7 0 34 0 34 6 0 18 43 25 0 19 0 12 0 2 0 0 0 79 65
 68 79 34 0 0 22 4 0 0 14 0 50 0 10 29 0 0 73 0 0 45 0 0 0 0 44 0 0 0 10 0 0 33 0 10 0 5 0 29 66 74 0 22 0 0 5 33 0 9 54 0 0 0 22 4 28 53 0 31 14 0 70 1 23 0 36 0 16 0 0 0 74 74 7 0 0 0 8 0 66 0 0 0 0 0 5 42 18 0 52 0 0 0 0 5 76 0 0 54 65
 0 14 35 0 0 36 8 48 8 20 1 47 2 9 8 12 0 0 0 0 56 0 0 50 20 22 0 0 29 25 57 0 7 38 0 0 11 0 0 10 1 41 0 0 62 0 46 39 47 5 87 0 7 0 0 0 12 0 61 0 2 0 0 63 50 0 0 0 7 0 0 0 10 0 24 0 2 41 56 0 0 0 48 0 0 56 0 36 34 24 0 0 58 63 0 28 0 0 0 0
 24 0 0 0 22 0 0 25 0 0 0 0 0 0 14 8 7 56 0 44 21 8 52 0 0 75 0 0 87 52 53 44 0 0 44 0 0 0 0 72 0 0 0 95 8 0 19 0 35 49 4 39 0 0 59 10 4 62 60 0 49 63 0 32 0 0 75 0 12 0 14 42 56 58 61 23 75 0 0 33 3 28 0 0 36 0 0 0 39 0 8 13 16 0 19 0 0 61 39 19
 43 58 44 0 51 34 10 25 33 39 48 51 0 0 0 0 0 0 0 0 76 61 0 0 0 0 68 2 2 71 47 86 16 0 43 6 0 27 0 3 61 33 0 0 12 0 9 0 0 72 0 42 74 0 0 15 0 0 0 0 0 0 96 0 24 19 0 28 0 0 0 10 0 29 0 12 66 29 55 12 0 0 18 0 0 15 39 0 0 0 7 0 23 2 0 0 0 0 73 6
 62 0 47 37 0 0 21 20 0 0 0 0 19 0 0 40 0 24 98 0 2 27 0 63 0 0 68 0 37 55 63 0 0 51 47 0 20 0 29 1 0 0 1 37 8 33 0 42 2 0 21 20 20 34 0 7 31 39 0 71 38 0 10 11 67 0 0 0 0 38 0 0 0 0 25 0 30 85 0 0 0 69 39 23 20 42 21 57 0 0 0 0 21 20 11 93 56 0 20 47
 27 82 0 26 47 72 0 30 0 71 55 0 65 76 0 0 0 42 0 10 27 0 1 76 0 0 0 0 0 0 0 0 0 0 12 0 0 37 0 26 52 0 76 0 0 32 7 0 0 0 15 0 20 49 37 0 45 0 0 0 0 2 0 0 0 0 11 23 60 0 0 0 13 33 0 9 24 8 0 25 14 0 0 0 26 0 56 16 38 16 85 36 46 0 76 0 67 10 0 22
 0 49 0 29 0 0 55 25 0 0 43 0 63 0 55 0 0 62 0 11 0 0 45 0 20 0 32 0 0 0 0 44 47 21 75 0 0 32 0 0 0 22 0 0 0 33 14 22 29 0 26 0 0 0 95 26 36 0 50 38 0 24 0 53 20 23 18 25 0 43 0 0 0 0 0 3 0 46 46 50 0 73 0 40 0 0 31 0 0 15 0 0 0 0 24 13 18 0 6 15
 4 0 0 0 2 3 0 45 40 0 85 0 0 0 39 36 8 0 24 50 66 0 12 42 0 0 0 16 13 6 0 0 1 0 14 9 66 16 9 0 0 67 0 0 0 0 18 0 0 0 0 0 52 0 0 0 52 0 86 0 0 0 30 0 20 42 0 0 43 15 52 0 56 3 0 0 23 0 0 41 0 0 16 20 11 19 77 21 36 59 11 19 0 0 0 60 28 0 0 0
 0 24 61 0 0 89 0 0 0 2 0 0 39 0 0 14 0 58 0 0 2 32 27 61 0 54 6 0 56 37 0 0 56 0 7 76 0 30 66 0 9 0 0 81 0 0 0 0 0 5 15 0 36 0 78 7 70 72 0 0 46 75 15 0 8 7 0 33 0 61 0 0 0 57 0 18 0 11 0 62 4 57 0 0 79 16 0 64 26 0 0 5 0 0 0 52 0 1 22 0
 91 0 0 0 16 0 2 0 0 33 35 36 0 0 0 0 40 26 0 69 13 0 43 5 55 0 18 27 11 0 57 50 24 0 0 0 0 0 14 0 32 44 31 0 24 0 7 40 0 0 0 0 6 16 51 0 0 0 69 59 64 0 0 40 0 23 21 55 0 75 56 43 0 7 36 48 22 50 53 0 0 0 0 37 1 15 4 0 33 0 19 19 6 0 50 0 45 0 0 30
 0 9 0 30 8 0 0 0 0 0 0 30 34 0 0 0 0 2 0 0 0 1 0 25 30 0 44 0 0 0 0 0 0 48 0 44 0 42 46 13 0 26 0 0 0 0 0 0 0 0 71 7 87 0 64 0 59 69 0 79 0 0 0 48 76 0 0 0 14 28 1 0 23 0 53 0 6 0 0 71 0 26 0 0 0 0 5 2 0 0 0 35 86 0 73 65 0 39 0 5
 0 7 0 0 3 0 2 20 0 53 0 0 0 0 0 23 0 12 0 0 27 0 0 0 56 0 0 0 0 0 0 0 1 0 94 0 95 0 6 0 23 0 35 0 25 0 38 0 8 57 0 0 35 0 41 22 63 0 0 21 76 0 68 0 0 25 0 0 64 18 39 0 0 43 0 25 23 8 0 36 0 0 9 0 0 0 22 67 29 10 0 0 0 25 15 0 0 0 64 17
 0 36 5 6 80 31 0 0 0 25 0 44 59 18 19 0 46 0 0 6 0 79 34 41 0 33 54 29 0 0 43 7 8 0 4 24 9 50 0 0 0 0 6 0 93 47 0 37 17 0 66 0 33 38 0 0 10 0 7 39 24 49 0 0 36 0 3 0 0 0 0 0 10 39 20 21 4 64 68 0 0 0 0 0 0 38 0 78 54 17 14 14 0 6 0 0 55 47 0 25
 17 0 7 0 28 48 0 0 7 28 0 0 22 1 0 0 74 62 0 3 11 0 16 44 0 22 0 11 0 0 53 51 4 22 3 58 7 1 0 53 55 0 1 0 2 0 0 0 0 0 62 77 0 0 56 84 0 0 40 49 0 5 32 14 50 4 20 87 0 0 0 24 0 33 0 49 0 0 96 0 0 0 55 0 0 0 0 0 0 0 0 12 0 41 0 0 0 26 0 0
 0 0 0 0 38 35 0 0 95 4 55 0 64 0 21 35 0 31 0 0 0 23 0 0 3 0 53 24 0 72 0 43 82 0 23 0 3 40 0 0 0 0 0 0 18 22 48 0 40 0 0 0 80 0 57 0 63 71 0 0 51 59 0 90 0 58 73 0 0 9 96 77 0 0 0 0 0 0 0 0 2 0 86 2 25 0 52 0 18 49 13 0 25 0 0 66 0 0 15 0
 0 0 48 0 4 7 0 0 0 0 0 0 14 0 0 44 27 34 0 19 35 0 0 0 13 4 0 9 0 37 0 0 0 4 74 57 32 0 43 5 0 7 0 29 67 88 0 57 0 29 0 5 0 0 47 0 0 0 48 0 12 0 0 93 29 40 0 53 0 0 42 64 18 0 78 0 0 0 0 92 0 10 0 57 9 0 0 0 40 14 2 79 37 0 3 56 0 0 0 18
 29 0 5 0 5 0 20 0 41 34 40 0 49 0 67 0 0 74 0 35 0 0 34 29 0 0 0 43 0 0 49 0 0 36 81 39 74 0 0 0 0 84 0 72 58 0 21 8 1 0 6 69 0 50 48 0 0 0 0 11 0 67 0 0 0 87 41 0 36 11 40 0 75 18 0 0 0 0 0 9 0 34 0 0 0 0 12 0 0 0 49 34 14 0 0 68 71 22 0 0
 0 41 50 73 24 8 0 0 13 0 61 0 0 43 10 0 8 26 0 26 0 32 13 0 0 0 0 0 0 82 0 0 0 33 34 5 0 0 10 87 28 0 0 44 1 0 0 0 0 14 28 0 91 28 0 0 60 20 0 57 3 0 0 0 7 0 92 7 36 0 0 60 0 40 0 28 0 0 18 11 32 48 0 46 29 0 41 18 0 0 12 0 0 0 0 0 1 25 12 0
 0 39 0 17 0 0 0 0 0 7 18 27 0 0 25 0 12 41 0 82 0 22 0 0 0 91 0 0 0 0 0 7 9 46 0 1 2 0 98 30 14 19 0 23 25 12 0 0 45 0 15 8 0 63 0 0 38 0 0 85 4 34 0 3 0 15 0 9 0 17 0 0 81 25 0 0 0 0 0 0 0 35 0 0 5 0 0 0 36 30 1 0 73 73 0 13 31 5 3 9
 0 27 0 7 0 33 44 51 30 25 21 35 0 0 0 26 0 12 38 0 0 15 34 45 34 0 1 0 0 3 39 74 17 69 0 0 0 0 0 0 21 0 0 0 10 21 0 0 0 72 0 0 52 61 0 45 0 62 36 0 0 42 2 3 58 0 0 71 77 32 0 18 0 4 0 7 0 0 11 0 0 17 28 0 29 24 7 1 0 0 0 0 15 0 54 0 0 0 0 30
 0 0 21 0 51 31 0 66 34 0 21 0 67 0 0 58 41 29 49 32 39 0 0 0 16 65 0 3 0 0 28 0 46 0 27 0 0 0 0 0 21 0 30 0 0 30 0 0 0 79 43 79 13 0 15 0 0 0 0 0 0 22 18 0 5 0 82 0 0 10 0 23 0 48 0 8 0 69 0 0 0 30 6 0 41 0 84 0 0 0 0 20 21 0 12 69 0 53 34 12
 0 57 0 5 0 0 40 38 61 24 0 52 17 21 0 0 34 12 0 0 0 30 0 0 0 45 28 50 34 0 22 34 6 28 62 0 31 0 20 0 0 49 0 6 0 87 2 0 0 76 26 0 32 16 49 19 0 46 0 0 0 12 57 0 0 0 7 51 33 54 16 0 45 0 0 4 62 0 0 15 0 0 56 15 11 42 41 0 0 31 2 0 1 0 0 0 8 0 59 66
 0 28 0 77 44 48 71 0 38 43 20 0 0 0 27 0 0 0 0 25 27 0 0 0 14 1 0 75 70 0 0 0 0 19 0 0 21 25 0 0 0 0 0 89 0 96 60 0 0 0 11 0 0 77 63 38 6 14 0 13 43 58 0 0 0 83 0 37 0 0 52 91 45 0 88 17 21 44 20 57 20 0 73 0 0 21 0 0 38 0 19 0 0 0 21 0 46 0 0 0
 51 29 25 1 53 11 43 0 29 12 0 0 0 0 47 0 25 0 33 5 0 48 0 10 0 0 0 50 0 0 41 57 44 37 8 11 0 0 23 67 0 21 24 0 23 18 0 0 26 0 0 0 12 42 0 60 0 1 30 0 49 0 59 18 0 0 1 0 37 3 0 0 19 47 48 0 0 1 16 2 30 0 1 0 0 20 66 0 0 2 62 0 32 0 0 11 0 15 0 75
 0 0 0 0 0 0 31 0 0 0 0 0 13 25 10 1 0 84 13 9 2 0 37 48 0 68 0 3 55 31 32 0 0 0 0 0 0 0 4 0 35 0 25 0 0 21 0 65 0 0 16 0 0 50 0 12 0 0 0 40 0 0 0 49 4 0 0 0 0 0 33 1 0 42 0 0 0 14 6 51 0 59 10 0 0 0 0 0 0 31 0 46 0 20 0 0 42 0 19 50
 0 15 0 0 0 64 0 0 0 0 0 37 42 0 22 0 0 7 68 51 80 0 0 0 0 16 0 80 76 0 62 10 0 0 0 49 0 0 44 30 24 3 32 0 0 0 54 0 14 11 0 0 2 0 23 69 32 74 0 0 80 0 54 37 0 65 3 17 30 56 77 0 0 43 90 0 18 0 0 41 8 0 5 59 54 0 30 47 4 5 75 0 5 0 0 42 35 0 0 0
 0 10 30 0 0 0 3 0 0 9 18 0 10 20 13 0 0 0 0 0 41 0 85 0 33 0 29 0 0 30 30 0 82 0 0 2 0 32 37 0 0 31 45 7 33 0 52 6 0 63 19 0 0 83 0 0 7 0 0 83 0 0 0 27 59 74 0 44 0 0 0 0 31 28 50 23 16 34 0 0 66 29 31 28 18 0 0 0 42 0 0 0 0 10 45 19 0 0 0 0
 4 0 0 41 7 21 0 0 0 0 0 0 0 44 16 28 16 0 0 0 13 0 0 0 0 0 9 53 54 0 5 0 66 0 0 30 24 0 0 0 31 0 0 0 0 0 0 3 62 5 0 0 0 0 0 58 0 24 0 0 0 0 31 9 12 2 60 41 30 10 0 0 0 34 0 0 37 45 36 0 26 14 0 0 22 0 0 22 14 13 0 0 38 74 0 0 91 0 0 0
 25 0 79 0 0 0 0 0 0 5 81 0 0 3 15 0 0 0 0 0 0 0 0 61 16 72 23 24 0 0 48 5 0 14 0 35 31 7 69 11 0 0 0 0 0 0 0 57 50 0 0 66 0 0 0 0 52 0 0 9 0 0 52 76 63 15 29 36 17 0 8 0 0 0 10 0 0 29 0 66 37 0 0 51 0 28 0 0 15 0 16 0 22 33 71 6 0 5 72 0
 0 0 59 56 9 0 36 0 73 0 51 29 0 32 27 0 0 40 15 80 2 41 68 36 62 0 23 0 0 0 0 0 0 0 0 31 20 0 0 0 56 9 47 25 0 46 12 0 0 13 0 30 0 34 47 0 57 15 0 20 36 0 0 63 4 43 0 52 0 29 9 0 0 0 59 74 0 58 80 31 0 2 0 14 0 22 44 33 42 0 0 0 43 45 64 42 0 72 6 0
 0 0 0 0 0 0 0 0 30 0 28 0 0 6 0 6 55 0 13 0 6 0 66 52 10 0 0 0 0 70 9 0 75 0 0 62 0 19 15 71 14 3 16 0 9 0 0 0 0 0 24 0 0 34 0 0 0 0 86 0 0 15 26 44 0 0 0 36 41 78 0 0 0 0 0 22 32 0 0 63 0 21 84 0 2 21 0 0 0 3 6 0 0 78 0 0 0 0 46 0
 15 0 0 0 5 0 42 0 18 0 2 42 0 33 39 0 6 70 0 0 0 45 13 0 34 0 0 83 0 38 55 38 37 0 20 0 9 0 0 0 29 11 43 8 0 40 0 32 81 31 10 0 27 30 0 34 9 0 59 12 18 27 0 0 43 69 0 34 3 59 84 0 0 10 0 0 0 0 7 25 20 0 51 41 75 0 3 0 5 3 68 37 30 25 0 0 0 17 0 0
 50 62 12 0 18 0 36 0 29 0 0 0 23 13 0 0 54 8 59 42 58 0 0 48 0 50 49 29 0 50 0 0 0 15 10 9 18 0 50 0 0 51 0 0 0 0 59 7 0 2 26 0 56 0 71 0 22 0 83 0 3 16 41 44 0 0 0 0 0 0 30 66 55 0 61 0 0 15 0 0 5 46 3 0 0 0 0 5 0 0 6 0 81 0 0 0 0 80 0 0
 64 6 0 0 0 0 20 20 83 0 22 27 22 25 10 6 0 19 17 0 75 0 37 0 0 14 64 89 0 0 0 0 0 15 0 0 39 33 15 0 0 22 12 0 65 0 20 45 2 10 0 84 0 0 36 29 0 2 28 87 0 0 0 0 61 0 48 41 0 0 0 0 0 0 0 0 69 51 18 0 0 0 97 0 0 0 0 6 0 0 0 0 0 9 0 59 0 0 26 0
 3 0 0 0 0 0 90 0 0 0 0 11 0 14 0 55 21 0 0 0 0 0 0 33 0 0 0 50 0 0 71 0 47 0 18 0 0 0 0 31 0 36 0 0 0 0 64 0 0 6 61 21 10 0 76 0 0 51 0 66 21 48 1 0 0 3 0 8 53 58 0 23 56 30 0 0 36 0 0 3 0 41 22 22 0 33 0 0 0 0 30 0 0 24 0 0 0 0 0 0
 0 76 46 0 0 68 33 56 15 26 10 31 15 6 25 54 60 0 31 0 70 0 67 0 0 0 0 15 11 63 12 0 0 58 31 53 0 0 0 0 0 0 40 16 0 0 19 0 0 18 20 0 12 0 0 50 0 0 0 63 55 17 25 0 0 42 0 0 0 0 0 36 38 45 0 0 0 42 15 0 0 55 18 61 77 0 0 0 0 0 37 0 12 0 16 0 48 0 13 0
 26 0 0 0 8 0 0 0 0 21 0 44 0 51 0 0 0 25 0 0 9 81 13 96 0 0 2 0 52 0 43 9 0 0 56 15 0 0 0 0 0 0 0 0 37 0 44 73 20 0 0 34 0 0 5 30 0 0 0 11 15 0 84 28 24 2 7 27 0 44 0 0 0 42 6 13 27 0 0 0 21 14 1 0 4 1 0 0 0 0 9 5 62 19 13 0 0 27 0 0
 34 13 4 0 36 14 27 0 0 9 0 0 0 29 77 0 0 0 20 85 62 0 0 0 0 0 0 0 37 14 7 0 17 0 31 0 35 14 8 0 3 12 0 0 0 6 28 7 0 0 24 41 0 0 0 0 0 22 0 0 0 31 98 0 18 0 0 17 0 0 0 64 0 18 0 11 1 22 0 7 0 12 16 51 55 41 100 45 66 11 0 0 5 8 58 0 4 42 0 0
 56 34 32 65 0 0 64 0 0 10 0 0 34 0 0 0 11 16 0 4 0 16 19 0 43 0 47 22 0 18 0 0 34 0 0 13 5 0 23 0 3 0 27 0 0 76 27 0 0 0 0 64 66 0 0 22 0 0 58 0 0 0 26 46 49 62 0 21 0 58 41 83 29 34 0 46 0 11 0 86 37 0 0 23 2 39 0 36 9 0 34 2 0 6 0 0 44 0 42 0
 0 27 1 0 11 0 6 0 9 39 83 95 0 29 58 71 0 48 1 0 0 15 9 5 29 0 0 35 61 58 0 14 21 30 22 0 0 0 40 33 19 0 67 0 0 25 0 0 0 17 0 0 39 29 0 24 0 0 0 35 0 0 53 0 0 58 61 0 57 15 21 0 5 10 0 0 0 0 0 59 0 13 19 10 10 59 0 0 16 3 0 46 58 0 0 0 24 0 33 0
 0 0 16 31 53 0 91 0 0 0 0 67 7 0 0 0 22 0 0 55 0 0 69 83 24 2 3 47 36 0 0 0 0 20 0 0 0 56 21 1 63 39 4 23 0 8 45 33 1 0 0 32 46 40 0 0 0 23 32 6 0 0 25 0 0 47 20 0 44 34 0 85 0 0 0 24 0 72 39 0 0 10 33 37 77 23 0 36 0 40 0 36 51 28 0 36 0 28 9 0
 0 44 0 0 0 90 4 58 0 0 27 38 0 0 21 0 30 18 0 0 0 29 10 15 0 0 57 0 0 63 50 0 53 0 38 0 0 12 1 26 22 0 3 0 7 45 59 0 0 59 41 0 0 44 0 3 0 26 0 19 28 0 72 0 0 0 0 0 12 68 0 0 0 37 0 42 27 0 33 0 0 0 31 0 0 0 16 0 21 4 93 0 18 46 0 20 34 45 0 12
 0 10 0 0 0 0 69 39 0 0 0 0 24 0 0 73 0 0 20 65 38 0 0 0 67 0 44 0 0 0 0 17 0 21 0 0 0 5 8 0 0 22 0 2 10 17 0 0 68 2 35 0 12 100 0 83 0 0 0 0 2 0 0 9 0 0 62 11 45 0 48 12 15 0 71 7 29 21 9 9 0 3 47 90 14 0 11 0 0 0 7 67 19 73 0 49 24 0 0 0
 0 8 0 0 0 7 0 0 72 0 27 18 0 39 0 45 0 0 0 0 76 77 5 21 57 0 0 0 14 0 4 36 6 19 9 0 31 9 0 0 0 32 0 0 29 1 0 0 0 14 0 0 0 0 0 23 5 18 0 0 50 53 17 0 0 0 1 0 0 0 0 26 0 45 0 9 0 0 0 32 0 0 20 68 0 0 0 45 0 0 0 0 39 0 52 38 16 0 55 0
 19 0 0 0 17 0 0 0 15 54 56 0 0 23 23 46 59 0 31 24 12 37 0 44 26 8 40 4 0 0 57 5 52 0 10 0 4 0 27 11 2 0 0 3 0 0 0 0 21 5 0 23 0 0 20 58 9 3 76 92 0 0 0 37 38 68 90 0 45 29 18 1 19 0 33 0 0 0 0 0 0 39 0 0 18 0 0 0 51 0 0 0 10 50 0 0 0 6 0 58
 9 0 85 24 81 27 0 0 0 21 76 0 9 0 19 42 10 51 26 0 24 31 0 9 8 31 0 3 18 3 14 38 9 7 32 35 16 0 0 0 67 0 31 61 0 0 0 5 0 0 30 0 44 0 0 0 6 33 0 0 0 0 43 26 0 43 7 41 0 0 35 0 15 8 25 0 37 0 0 4 57 28 33 30 0 0 0 56 34 16 82 88 0 10 92 19 0 0 40 0
 0 21 33 0 0 20 0 21 5 19 0 0 0 0 1 51 0 0 67 24 0 0 0 0 7 1 0 0 0 0 26 11 0 0 0 5 2 0 23 0 50 70 0 6 0 34 0 52 46 0 0 91 43 0 2 0 0 0 57 0 11 27 28 0 0 0 56 0 20 0 5 13 0 74 0 0 5 0 0 72 19 0 0 35 75 10 1 19 18 0 0 0 0 83 0 7 0 0 0 0
 40 0 0 0 0 0 36 0 0 50 0 0 0 63 0 6 24 27 70 65 52 40 35 20 0 0 0 61 76 21 16 20 20 0 43 44 25 0 0 0 25 27 15 0 65 0 0 0 36 16 13 3 25 0 0 0 0 75 0 39 9 0 52 47 51 0 0 0 45 13 0 0 42 0 0 59 0 14 72 13 29 12 16 2 0 27 0 0 0 60 0 0 0 18 27 2 35 37 3 0
 0 55 31 0 0 0 0 0 14 0 0 30 51 0 0 47 63 0 41 3 75 0 0 0 0 20 36 0 0 0 0 3 0 0 51 3 0 62 0 0 0 0 40 0 52 0 71 0 50 11 30 0 6 2 0 4 48 0 73 0 33 0 0 23 41 0 0 0 67 0 73 6 0 77 48 2 22 0 0 75 0 0 23 55 16 0 0 18 51 0 0 27 1 0 7 30 0 100 54 0
 0 0 18 0 6 0 3 23 0 46 0 32 0 81 0 36 0 0 0 18 0 65 54 0 0 0 0 28 0 66 0 0 0 55 0 0 0 0 3 0 18 0 0 20 0 0 0 0 0 0 23 0 0 0 72 0 2 0 14 23 0 29 45 0 71 27 0 0 34 0 0 25 43 0 2 32 18 0 0 0 84 17 0 24 0 54 17 0 0 0 27 7 0 65 0 33 0 0 9 0
 52 52 0 2 29 5 0 31 0 0 5 43 6 0 28 35 0 14 0 0 0 25 16 0 16 0 54 0 0 0 43 86 0 65 0 0 0 0 32 0 18 0 0 9 0 0 0 39 0 0 75 0 0 0 0 0 31 1 0 0 0 0 45 31 0 54 24 0 0 0 0 66 0 0 42 20 10 10 64 3 34 46 35 75 41 42 7 7 58 17 0 49 71 0 66 9 24 52 44 1
