100
 38 68 0 0 0 22 36 0 0 26 0 0 0 20 0 0 0 74 0 0 46 0 23 0 73 0 0 89 0 74 45 0 50 0 25 18 0 36 0 17 0 35 41 0 47 16 0 0 80 0 65 0 0 5 38 0 8 0 0 0 0 65 0 0 0 0 40 54 0 43 24 25 27 12 0 0 63 9 0 0 6 5 86 36 4 0 0 0 70 19 0 34 26 13 46 0 60 78 0 53
 0 18 48 22 0 0 8 0 62 73 27 0 0 0 0 6 0 12 0 8 49 0 33 4 0 0 0 3 24 81 0 50 0 17 0 0 58 33 27 0 87 0 60 47 67 0 0 74 0 49 0 72 8 0 39 35 0 7 31 0 65 0 0 41 34 5 0 0 0 0 0 0 26 0 32 19 65 0 9 14 0 0 0 0 0 15 0 0 65 0 0 7 0 0 0 0 0 0 29 27
 27 0 94 0 3 0 0 0 0 0 14 0 0 7 0 42 69 61 41 30 51 0 0 0 38 0 0 0 22 4 0 12 22 0 0 0 0 3 0 0 8 0 3 0 28 16 0 10 0 0 0 0 55 7 0 33 25 37 16 1 11 3 0 0 22 36 0 36 40 0 0 66 0 0 56 0 0 0 0 0 0 2 3 72 0 0 0 31 0 11 7 9 29 17 4 0 0 39 0 25
 69 0 85 33 38 23 55 0 27 0 9 0 0 38 0 0 0 26 0 50 0 64 46 0 0 70 27 73 27 0 72 5 0 0 49 10 0 0 0 54 3 42 0 38 2 0 21 0 26 8 28 0 0 0 0 0 0 0 0 10 3 0 33 16 52 0 16 8 12 77 0 0 81 0 0 0 0 19 0 0 32 12 34 0 30 32 3 0 13 30 30 22 21 0 0 28 0 0 58 0
 0 31 0 0 78 4 31 0 26 0 82 0 38 0 46 0 0 59 0 0 0 0 53 31 4 77 0 18 54 11 26 0 0 0 52 0 10 69 0 0 63 0 0 0 0 0 0 0 4 0 87 67 0 0 47 0 0 0 30 0 40 29 0 19 51 0 3 77 39 0 0 51 83 0 0 0 0 0 0 36 40 33 34 78 81 65 0 0 3 2 0 9 77 0 37 55 0 0 87 31
 0 24 12 0 0 87 0 57 0 6 10 0 13 0 26 1 0 0 0 0 45 0 27 28 0 0 0 4 0 51 0 0 29 9 41 6 0 43 0 38 0 0 2 29 0 44 29 0 0 82 0 8 0 0 0 24 26 78 0 0 0 53 0 12 0 7 0 0 12 0 46 0 44 27 38 18 0 0 0 57 3 0 0 32 21 8 54 21 60 0 0 0 0 0 0 0 0 0 74 12
 0 0 41 0 0 2 89 0 48 0 25 6 95 76 0 0 0 18 0 0 0 0 10 77 4 0 47 0 0 0 0 0 37 0 15 0 25 28 0 0 0 0 0 5 76 0 9 0 0 42 23 0 0 0 0 55 0 14 0 0 0 53 3 3 9 0 54 0 0 2 32 0 28 3 0 0 0 0 0 0 0 0 0 0 0 12 22 0 3 58 0 15 0 46 0 0 10 19 0 0
 51 0 25 39 48 0 13 86 35 0 52 0 0 0 12 0 32 21 0 32 0 34 2 0 22 0 0 4 0 50 72 0 0 27 0 0 75 0 71 0 0 0 0 0 0 0 29 50 30 11 0 0 45 0 22 6 0 0 0 28 11 0 0 0 12 66 0 38 7 88 47 0 42 59 0 46 39 47 44 0 37 0 13 0 56 41 51 7 9 66 63 0 3 0 0 0 0 0 0 85
 30 0 28 0 0 5 0 0 59 0 14 30 74 0 0 0 11 34 91 0 55 16 28 0 43 34 42 25 42 0 0 18 0 55 49 0 0 48 0 0 56 0 0 0 6 0 0 43 52 31 0 16 0 17 0 0 0 10 25 71 0 2 0 8 0 3 12 15 0 6 8 32 16 0 56 1 48 0 0 0 68 87 0 2 13 0 5 7 0 0 0 15 0 0 0 0 59 26 15 0
 0 0 43 14 27 0 36 21 13 8 0 0 62 0 0 53 0 0 74 0 0 0 0 23 0 9 0 0 0 0 0 5 0 36 20 0 0 0 0 0 0 60 0 3 38 11 44 24 22 73 0 0 0 26 91 64 0 0 0 0 31 2 47 0 68 0 90 0 0 56 0 0 0 0 7 0 8 31 65 16 0 0 6 7 0 11 46 39 0 0 0 56 0 0 76 0 8 0 0 0
 43 0 0 0 0 0 0 0 0 15 91 9 30 19 48 3 43 37 0 40 0 0 0 0 0 27 0 49 30 0 0 24 0 0 0 0 0 0 34 0 39 0 0 0 0 35 0 95 70 0 47 32 20 25 0 46 0 66 17 0 0 15 4 0 0 52 10 2 65 0 0 0 24 0 7 0 3 21 43 15 73 0 29 0 8 63 0 0 0 0 61 18 0 0 0 0 40 16 35 29
 49 30 2 15 54 60 0 50 0 56 0 65 6 0 15 0 31 11 0 0 39 0 0 17 28 6 0 10 0 0 0 0 0 0 0 0 27 9 0 19 0 39 0 0 32 35 0 65 0 60 0 0 43 42 0 17 16 0 0 0 1 0 37 0 7 20 0 39 52 0 0 0 3 0 0 0 0 0 0 0 0 0 0 0 37 19 0 0 1 27 27 0 0 79 0 33 37 43 61 0
 29 18 45 4 0 0 0 1 0 0 0 0 22 0 55 0 0 37 0 11 0 0 57 0 0 0 13 5 20 1 0 48 14 28 0 0 0 0 87 42 12 76 0 0 0 41 0 81 0 0 57 0 0 0 0 47 0 2 0 0 53 0 48 0 0 0 0 0 40 7 62 0 0 0 0 16 0 0 0 67 0 0 0 0 43 8 49 11 0 0 34 0 20 0 0 0 0 0 0 42
 0 92 0 0 50 46 0 36 77 33 0 11 73 75 0 0 23 42 0 27 0 0 32 88 79 0 52 26 54 0 0 32 0 0 0 27 47 75 0 5 0 11 40 32 60 11 16 13 21 11 0 0 17 0 53 0 0 56 0 0 23 40 21 0 12 0 23 0 40 0 0 0 0 58 45 25 0 38 0 4 1 48 0 35 0 39 12 0 0 83 80 22 58 66 26 0 0 0 0 19
 40 73 30 28 0 0 5 0 10 11 0 0 0 47 62 10 0 63 0 34 0 29 0 0 43 33 0 40 24 0 0 0 0 0 0 22 0 79 0 16 0 0 0 0 32 84 43 63 0 0 51 0 29 55 0 26 13 0 0 71 28 0 0 59 0 17 0 29 48 33 1 0 0 0 0 0 0 0 0 0 32 74 1 0 38 0 73 0 48 0 15 0 63 2 0 0 0 47 0 53
 8 0 0 48 61 0 29 47 51 0 0 19 77 31 0 88 0 35 97 9 35 0 73 0 0 42 0 0 0 0 0 0 0 0 11 81 21 0 25 59 0 0 0 26 7 83 0 0 0 90 76 0 21 0 0 0 0 0 56 79 27 0 0 52 0 29 34 0 69 0 0 19 42 0 0 0 0 1 0 0 95 0 79 80 6 0 0 0 50 0 0 28 0 29 0 52 33 0 20 0
 27 19 0 24 59 13 41 0 0 85 0 0 72 0 19 42 12 15 22 0 0 0 0 0 0 37 38 0 0 44 0 0 56 19 41 17 31 21 0 17 31 39 0 0 1 0 0 0 31 90 0 0 15 0 0 32 5 28 0 7 4 0 0 44 0 0 0 23 40 0 20 52 0 0 0 0 0 3 0 27 22 18 40 0 0 24 0 0 26 0 0 0 0 31 67 0 26 0 0 36
 0 0 0 0 0 14 0 0 0 43 0 0 0 0 0 0 0 1 31 0 0 54 21 4 1 25 16 0 34 97 0 10 0 0 0 0 0 0 44 7 0 77 0 7 48 60 28 22 9 0 69 0 36 30 23 60 0 0 4 0 39 38 0 52 0 14 0 0 0 7 5 0 0 17 0 0 0 2 66 0 74 0 42 0 0 0 0 35 0 13 38 0 0 0 89 24 48 12 0 22
 19 20 0 33 37 24 0 38 0 0 16 79 79 83 35 0 0 0 83 18 0 41 0 33 17 16 0 53 0 16 41 31 0 0 59 32 24 0 65 0 0 11 7 37 3 0 0 0 0 3 0 18 50 40 72 4 2 48 0 0 36 51 20 0 0 35 0 0 22 0 0 0 10 0 0 0 26 85 0 31 0 0 0 0 0 0 69 0 47 0 9 0 0 24 61 0 0 0 0 0
 22 0 0 0 26 7 23 0 10 63 0 9 0 0 0 0 14 0 0 93 0 0 0 50 21 27 0 0 2 60 11 36 0 0 15 0 0 29 14 0 0 55 1 0 12 6 0 76 53 0 30 0 0 0 21 7 14 54 39 35 0 0 10 0 69 37 0 0 0 11 49 12 0 0 7 31 0 69 23 2 0 22 4 0 43 57 11 4 0 36 0 5 42 12 0 45 64 21 1 0
 0 0 0 2 26 0 17 0 0 19 0 0 22 32 19 0 44 38 37 22 93 43 0 12 0 0 0 0 0 17 0 64 0 0 18 40 28 0 0 0 35 54 30 34 75 0 0 0 0 0 3 37 15 29 0 18 48 34 0 0 0 0 16 0 0 48 0 27 64 3 0 7 41 0 0 25 21 0 49 0 0 0 0 0 0 33 33 0 63 4 0 0 0 0 69 0 0 10 12 15
 44 16 50 0 87 71 62 0 0 80 59 39 36 69 0 21 6 0 0 67 0 84 0 0 0 54 46 15 0 0 18 36 49 0 0 0 0 0 15 8 0 0 0 0 42 0 0 15 0 4 18 0 27 0 16 48 0 76 1 0 0 0 0 0 0 0 0 63 52 0 0 1 0 0 59 0 0 0 0 29 0 12 0 0 45 0 0 2 0 0 0 0 0 23 58 0 0 59 0 0
 0 0 36 0 0 0 0 0 0 32 61 59 0 0 4 0 12 0 91 18 7 35 74 10 35 0 13 4 24 26 0 0 26 0 0 90 34 58 0 0 0 0 37 0 0 10 14 92 0 50 0 28 93 31 0 29 0 0 0 0 0 0 58 27 31 0 0 67 0 0 10 0 4 0 59 60 15 73 0 56 0 61 0 0 0 21 0 29 0 0 0 0 65 0 61 31 4 0 0 3
 25 0 50 6 0 0 0 69 43 0 11 0 1 0 9 6 7 0 0 0 0 33 0 72 0 7 0 0 0 15 21 28 64 54 0 26 0 0 86 36 0 42 87 67 15 0 85 23 12 9 0 0 0 0 75 18 14 8 0 0 28 34 0 2 7 2 16 0 86 70 6 85 14 0 9 62 0 0 9 48 0 0 0 0 0 0 0 16 0 0 0 29 49 0 78 0 47 2 81 0
 0 0 0 1 0 39 0 0 0 20 5 0 18 0 0 72 51 0 0 0 14 22 0 1 71 0 0 33 0 12 0 0 46 29 14 0 5 0 0 0 0 0 0 10 0 0 0 0 37 73 28 41 0 20 8 0 35 0 0 21 61 0 1 19 0 20 32 0 0 0 0 3 0 58 63 0 0 0 27 0 28 28 0 53 0 0 0 98 52 42 29 0 23 0 0 87 0 0 0 12
 67 44 13 0 0 51 0 44 0 0 0 0 49 14 0 0 0 0 0 0 33 0 58 0 16 27 0 0 96 24 15 0 32 17 65 0 0 2 44 0 80 34 15 16 0 34 0 55 0 0 0 0 0 0 37 7 0 3 0 29 0 0 0 0 0 43 0 0 12 0 10 60 3 0 30 0 0 29 27 0 0 12 2 0 5 0 0 0 0 0 13 19 0 0 0 17 6 88 32 3
 1 34 50 0 8 11 0 100 0 24 17 3 0 0 38 26 0 0 32 50 31 0 0 59 37 2 93 0 42 0 0 11 0 21 0 57 27 0 0 3 25 23 9 0 52 0 0 27 11 0 0 78 0 25 0 0 0 62 3 0 0 68 2 0 38 3 14 0 0 2 0 0 57 0 0 0 0 0 31 0 8 26 26 0 55 0 14 39 0 56 0 14 5 0 46 8 23 83 0 22
 0 0 73 0 0 0 32 0 0 29 0 0 0 0 0 64 40 8 0 29 49 0 0 19 0 41 50 34 30 58 0 0 22 15 0 0 0 23 27 0 49 0 72 0 0 0 30 23 0 0 69 33 0 39 13 36 56 4 39 4 0 0 0 44 15 0 0 13 45 0 23 0 33 0 20 49 34 11 13 39 0 0 12 41 77 0 0 0 85 0 0 0 0 58 0 21 0 0 12 0
 8 0 0 0 0 3 1 11 0 48 0 88 0 0 0 8 26 0 72 0 31 37 0 44 10 0 0 0 24 77 42 14 41 0 63 0 67 0 0 37 0 0 13 89 0 57 0 2 0 0 0 0 52 3 0 0 49 0 0 0 33 53 24 42 0 5 45 0 0 0 3 20 18 0 26 0 19 53 1 0 0 62 13 0 0 65 0 0 27 0 0 82 2 13 15 0 71 0 16 36
 0 0 0 0 0 0 13 0 8 1 70 34 0 43 37 82 0 0 0 0 0 52 0 0 0 0 21 0 0 53 0 33 5 4 0 0 51 0 90 0 46 34 0 87 0 34 28 31 77 8 0 0 35 17 61 22 46 28 11 0 0 0 0 20 0 0 0 0 18 0 0 0 0 0 0 0 21 0 0 13 0 0 43 0 10 0 0 28 19 23 0 0 0 65 0 0 0 0 41 0
 0 12 18 0 0 51 59 0 8 21 26 23 3 20 7 19 32 73 0 0 33 0 89 0 85 0 14 25 0 76 83 0 9 0 2 0 0 0 0 64 0 82 0 36 0 21 62 0 0 26 0 0 0 13 0 35 35 0 0 64 0 0 2 65 6 36 0 0 22 9 11 2 94 0 31 56 0 29 0 28 0 0 67 0 64 42 1 22 0 0 0 0 43 0 41 37 56 29 17 0
 87 0 0 0 34 33 22 43 0 0 0 37 0 0 32 32 36 0 0 0 0 0 34 0 70 14 0 23 0 0 4 69 37 0 16 69 14 0 0 18 31 0 34 0 0 0 0 0 0 37 8 42 56 15 16 18 12 0 69 0 0 7 11 0 9 0 0 23 28 0 14 0 31 21 0 0 2 0 0 48 0 0 13 22 0 55 0 33 15 31 0 0 45 62 2 29 73 0 0 69
 0 21 0 38 61 0 0 47 26 91 43 46 0 21 12 42 0 8 73 22 18 0 0 0 0 0 36 0 0 0 0 0 85 0 0 0 0 3 33 48 27 6 10 22 43 0 48 4 0 90 0 0 0 0 53 55 0 0 45 50 18 0 0 0 0 0 27 59 0 0 0 15 0 0 11 21 26 0 43 0 0 0 0 0 0 0 24 0 0 52 0 0 83 0 56 28 0 2 17 11
 0 0 14 44 28 0 16 0 0 0 60 32 0 40 1 12 0 9 44 27 9 41 21 0 0 0 0 0 51 0 87 65 35 24 0 0 5 0 62 1 0 4 0 0 0 0 27 0 6 0 36 8 0 22 32 0 37 0 0 32 0 20 67 0 0 29 29 6 29 5 0 0 50 27 0 0 75 0 0 17 0 0 13 25 0 0 85 46 22 73 4 0 0 0 0 0 0 33 0 0
 0 20 11 0 0 0 0 24 0 0 27 58 15 86 41 0 0 5 0 0 0 39 13 70 0 0 2 2 0 48 0 0 56 38 95 0 58 22 31 56 0 84 14 0 1 14 0 0 0 47 16 26 7 15 27 6 0 0 15 0 0 0 27 0 35 0 57 62 0 27 11 0 13 0 52 0 17 3 0 88 7 4 0 0 0 9 45 41 54 15 31 41 0 79 15 69 58 0 0 0
 0 59 37 0 2 0 27 1 39 68 44 73 52 0 0 0 0 55 0 14 0 38 0 0 8 12 0 3 44 17 71 0 29 25 19 22 28 16 0 0 42 0 7 0 0 0 0 0 0 52 16 0 0 0 0 19 0 0 0 12 0 5 61 69 16 45 0 39 0 0 0 40 0 0 0 26 0 2 10 0 2 0 71 59 0 9 18 0 0 60 0 81 31 58 0 0 0 19 18 0
 45 0 0 75 0 47 0 0 68 39 10 0 0 0 37 0 0 52 0 30 0 81 0 15 0 33 0 78 0 0 7 0 13 0 0 0 66 0 0 29 21 93 13 0 0 25 0 0 41 2 43 0 46 11 9 4 65 11 0 0 0 0 39 57 1 0 0 0 11 47 16 0 14 0 24 0 0 35 43 0 0 13 70 21 42 0 0 0 16 57 36 31 18 15 0 14 35 0 34 0
 0 0 0 24 0 0 0 74 0 52 36 0 10 0 0 33 0 85 5 0 43 26 0 9 5 0 11 0 44 78 48 57 0 91 0 0 45 12 32 0 40 0 45 0 0 0 0 85 0 25 45 0 5 0 0 33 63 29 63 0 8 9 0 20 0 14 5 53 31 1 0 32 35 5 47 10 19 53 3 0 3 62 23 0 28 0 0 0 24 34 0 32 48 0 0 0 0 54 38 0
 41 0 12 30 5 41 32 0 43 12 0 7 0 46 90 0 71 0 0 0 52 0 54 0 34 0 0 0 46 0 50 44 0 0 0 58 19 0 60 0 0 0 0 23 84 0 91 57 66 66 0 0 0 51 60 49 25 7 45 15 88 11 38 0 0 0 0 11 7 53 0 0 0 0 77 45 0 0 0 56 47 0 0 23 75 9 28 22 89 0 0 0 8 0 88 21 0 44 0 0
 0 42 5 0 81 0 35 5 58 43 22 0 0 0 0 0 0 0 12 8 50 0 44 0 8 25 0 30 0 28 0 0 0 0 0 8 0 84 63 2 0 67 0 0 8 15 0 0 0 0 83 87 0 41 49 9 4 0 0 0 0 0 0 0 73 12 22 0 0 62 0 15 0 72 0 0 14 0 0 26 0 42 43 52 49 37 0 22 0 0 0 46 65 0 64 31 0 0 23 45
 68 0 0 0 0 5 18 0 0 47 0 12 0 23 19 83 0 36 38 12 0 9 26 5 26 0 0 0 42 0 19 0 0 32 3 0 0 0 48 39 20 13 24 8 0 32 0 0 18 0 18 7 54 76 0 0 20 18 72 26 60 72 36 22 26 0 59 0 73 65 46 29 0 0 85 12 0 71 22 6 0 69 9 65 0 0 30 0 38 14 0 39 0 13 0 0 0 53 65 0
 0 11 28 0 3 35 12 51 77 0 8 0 0 0 10 29 0 0 0 0 0 35 72 0 8 0 0 38 17 0 0 22 0 0 0 13 0 3 40 0 0 32 0 0 14 0 3 12 54 0 19 11 18 42 16 10 12 0 0 0 0 38 0 0 44 0 0 18 13 0 0 92 0 0 2 0 38 65 30 97 0 0 55 22 0 66 0 16 0 1 0 40 0 2 0 0 0 0 0 70
 0 0 0 18 33 0 41 27 35 44 1 35 27 0 64 11 81 21 0 0 0 55 0 0 4 0 0 0 0 1 10 0 0 20 0 0 0 0 9 32 0 37 45 3 0 0 10 78 51 12 0 0 6 86 0 0 0 0 0 0 43 0 0 0 0 49 0 0 0 0 26 81 70 31 29 0 46 9 0 79 0 0 52 44 52 0 21 0 46 37 9 54 23 0 66 15 0 0 0 0
 24 0 16 0 37 0 0 43 45 0 2 21 37 0 68 0 12 0 0 41 0 35 3 0 0 0 16 89 0 0 0 44 0 30 38 20 68 49 0 50 0 1 0 85 0 11 74 0 0 0 50 0 0 0 0 0 12 0 0 0 0 0 0 31 2 3 0 5 0 5 0 0 24 0 8 3 73 0 0 16 31 0 0 0 0 0 0 33 85 0 74 37 11 0 42 20 24 49 10 0
 0 0 0 0 7 23 0 46 0 0 17 0 11 0 0 0 0 0 0 0 0 0 30 0 80 52 0 33 29 68 22 12 0 13 0 20 34 48 0 0 56 0 28 27 79 0 4 0 5 12 64 0 14 49 0 0 0 72 0 14 22 0 66 64 54 36 65 32 12 0 0 0 0 0 0 0 21 6 52 19 0 0 5 0 0 0 0 82 0 40 0 0 0 0 2 38 32 0 76 8
 0 88 0 16 57 0 9 40 70 0 0 0 0 0 0 0 79 0 40 0 34 94 0 25 15 0 17 36 0 0 0 31 19 62 0 16 0 60 13 0 0 23 26 0 13 71 39 47 11 10 0 92 0 0 19 0 0 0 0 15 0 0 0 0 0 0 8 0 25 10 0 0 0 0 0 34 0 38 39 3 0 38 3 0 51 67 0 10 0 0 0 14 14 0 12 0 32 0 24 0
 36 33 7 0 14 0 0 0 7 0 3 64 30 0 0 57 11 0 63 1 50 46 0 0 36 1 67 0 58 0 0 0 0 0 69 1 7 18 0 53 61 0 0 0 0 0 62 0 0 0 7 35 0 0 0 54 17 0 0 0 0 0 23 44 58 12 0 47 8 0 0 14 12 44 5 16 3 0 53 64 0 0 0 0 0 0 0 8 0 0 0 96 0 0 3 80 16 41 25 0
 28 0 0 49 21 15 7 0 0 0 0 0 0 0 0 6 29 0 64 0 16 0 0 0 3 0 0 0 0 0 41 32 0 30 30 4 3 0 0 25 38 0 0 22 48 0 26 10 46 9 0 0 0 0 16 0 15 0 33 67 0 27 73 0 0 50 23 21 39 63 0 0 24 0 0 28 0 43 13 0 49 66 0 0 63 0 1 69 0 0 26 0 0 50 19 11 11 83 55 0
 0 13 39 0 0 22 88 0 0 0 0 51 5 0 0 23 0 0 18 0 50 17 12 0 0 8 0 56 21 0 86 97 76 0 5 22 0 74 0 89 0 0 0 81 0 0 36 0 73 44 2 0 15 0 50 10 5 0 0 44 53 20 66 64 10 22 94 0 31 38 2 0 0 0 0 34 0 50 82 0 0 11 0 48 0 0 52 0 67 5 0 0 0 0 71 6 6 0 2 58
 72 0 32 0 2 0 0 0 0 0 71 0 96 0 11 0 0 42 0 62 21 0 0 0 0 24 46 21 65 0 0 0 0 1 0 0 0 0 0 37 55 49 0 15 0 0 73 0 0 69 73 31 85 44 29 66 22 60 0 48 0 0 0 6 0 17 5 0 0 23 0 0 16 18 6 19 0 0 0 0 0 62 0 21 65 19 0 0 0 30 5 0 0 7 26 0 0 6 0 70
 0 20 14 0 0 25 0 19 15 47 0 19 0 24 0 0 41 0 4 0 0 0 32 53 0 19 8 0 14 46 45 0 22 0 0 0 0 0 11 0 0 0 84 0 0 22 0 37 0 0 29 0 61 0 38 0 0 0 30 0 0 2 37 45 54 0 0 10 0 0 0 19 0 0 0 21 19 0 0 1 0 0 4 17 93 16 0 0 16 0 31 13 0 0 0 39 0 31 0 0
 17 0 44 57 0 0 17 28 0 46 0 21 43 2 67 31 40 21 0 18 0 44 0 33 0 51 0 0 18 81 12 0 8 0 0 36 23 12 12 0 0 0 61 32 37 0 0 42 25 0 45 41 56 15 0 5 18 0 61 28 0 0 1 0 0 6 0 0 0 0 0 10 21 36 17 51 42 0 0 7 0 0 46 14 0 53 1 45 0 28 10 26 0 0 17 0 0 11 0 32
 70 0 0 44 8 21 40 0 9 37 0 0 0 0 0 0 0 0 0 37 0 0 0 53 12 32 24 38 0 0 32 0 25 17 0 45 0 0 5 90 0 0 0 0 0 45 30 56 0 0 0 0 8 58 14 0 65 54 0 0 0 58 39 0 0 67 78 25 0 0 16 87 63 43 51 0 0 0 0 0 40 0 0 9 50 44 34 51 0 0 0 34 49 0 0 16 17 53 0 0
 0 13 0 61 45 65 45 23 0 0 0 0 14 96 0 42 20 0 0 1 0 12 0 60 0 17 0 0 0 0 0 0 24 0 0 2 0 61 0 0 0 0 0 12 0 20 18 54 28 0 20 0 0 99 0 0 0 1 38 25 0 2 0 11 0 3 33 5 0 0 0 3 46 0 0 0 0 9 0 0 0 12 0 1 0 0 0 0 0 0 0 0 0 0 0 71 35 26 1 0
 0 0 48 3 0 38 51 0 25 0 81 7 76 0 18 0 18 0 0 0 6 0 85 0 0 0 6 0 23 0 2 0 0 0 0 72 0 73 0 0 15 0 2 76 28 0 45 0 0 0 0 41 0 7 74 0 23 41 31 0 0 0 0 0 29 5 3 37 0 0 0 44 0 16 13 0 0 0 1 0 0 0 0 0 0 0 0 17 0 0 35 0 0 0 31 0 1 79 0 0
 35 0 0 1 34 0 0 0 10 0 0 0 0 40 0 46 0 0 0 0 0 0 0 0 45 0 50 0 71 0 0 0 0 45 0 0 0 0 0 0 31 0 9 39 55 12 0 23 0 0 21 0 45 58 33 81 0 13 0 0 0 4 0 1 0 0 25 52 0 0 23 1 15 0 0 37 55 93 46 0 15 34 9 12 49 30 0 37 0 0 0 0 0 0 0 55 18 55 0 56
 0 20 0 12 36 0 42 23 7 67 17 0 0 80 0 18 0 62 0 0 0 43 32 0 0 34 69 0 0 0 0 0 17 0 19 51 0 0 0 0 0 0 41 0 18 6 0 0 0 0 42 0 0 26 0 12 0 0 29 12 61 0 0 39 0 0 0 48 2 0 0 0 0 71 0 35 0 42 54 37 0 3 49 0 0 12 6 27 20 42 30 39 0 0 0 5 0 35 15 0
 42 0 0 52 33 0 0 83 0 9 0 0 0 0 10 41 0 53 0 0 0 0 18 0 31 0 0 0 7 0 43 72 55 6 41 69 0 0 0 29 0 50 6 44 0 20 27 53 23 0 13 81 0 0 0 0 19 81 0 46 0 75 0 24 11 0 21 34 0 0 0 0 0 25 11 0 22 0 0 0 26 36 0 0 0 0 11 88 14 44 6 38 48 52 0 0 20 0 0 0
 44 0 0 13 0 22 40 32 0 20 0 32 7 94 76 0 30 0 13 0 16 0 88 28 12 54 0 0 57 0 22 0 0 39 0 23 6 0 0 62 0 4 66 22 17 81 37 0 35 26 0 0 60 0 0 24 0 80 35 0 0 54 52 0 0 0 0 2 0 0 88 26 12 16 0 0 0 82 29 0 53 0 2 0 0 0 0 0 0 0 8 0 31 3 0 13 46 0 43 0
 25 57 0 0 53 5 74 0 0 4 38 53 49 50 0 0 0 19 34 0 15 15 3 49 0 0 84 0 49 35 0 21 0 0 15 0 16 81 0 14 0 25 41 38 0 0 47 0 0 0 25 0 21 0 16 4 0 0 26 20 45 0 0 0 19 0 0 16 0 56 96 24 77 93 0 0 61 0 0 25 0 0 0 44 0 42 0 23 0 0 0 67 0 4 0 60 6 0 32 3
 19 0 0 0 0 83 11 0 61 0 64 0 0 0 0 0 0 0 0 1 53 51 81 0 0 50 53 16 0 3 38 48 0 18 49 23 25 0 0 19 0 9 0 46 0 67 21 33 0 27 43 15 19 7 32 56 0 18 47 0 84 2 41 1 0 16 0 27 0 0 13 0 0 0 0 0 61 0 12 0 0 0 0 0 37 13 0 34 0 17 35 43 90 52 0 0 25 37 0 60
 0 57 0 26 0 0 0 78 0 0 0 17 7 0 63 59 1 0 0 12 26 20 43 0 87 71 0 15 0 28 60 0 34 0 11 0 24 0 0 80 0 0 51 51 18 2 73 0 0 37 0 15 0 0 25 0 38 0 0 23 0 64 0 77 0 0 0 0 34 53 32 0 91 0 0 0 30 26 13 22 15 63 0 0 0 0 48 0 0 3 43 29 44 35 36 0 17 0 52 0
 25 10 2 0 17 70 0 37 23 0 0 0 0 0 21 25 2 6 0 0 0 22 0 37 0 29 0 4 0 58 0 0 56 0 0 0 0 55 0 23 0 12 41 9 0 43 0 0 0 10 0 0 0 2 8 1 69 4 0 14 0 24 30 70 59 0 55 62 0 6 32 48 0 45 27 3 0 0 45 0 18 86 57 0 5 0 0 37 0 50 0 0 0 0 27 0 66 0 0 0
 19 0 43 0 0 0 0 94 0 49 78 81 21 18 0 0 0 0 48 6 37 8 0 0 0 46 37 0 0 0 0 77 30 35 10 0 0 0 20 51 0 6 52 0 0 24 0 4 0 0 0 24 74 0 19 0 0 0 32 34 0 0 0 25 0 62 89 32 11 32 0 0 0 0 45 0 0 0 0 37 40 0 0 0 19 41 0 0 11 10 58 39 32 19 63 2 0 0 3 0
 11 0 0 0 0 77 0 0 90 0 19 0 17 0 69 54 25 69 44 0 30 24 0 0 44 69 0 0 1 3 0 0 5 3 0 0 0 6 84 0 0 0 77 0 0 76 0 4 0 40 0 52 29 2 0 57 32 0 83 0 4 82 0 0 40 0 14 0 0 0 0 0 0 0 0 0 59 0 3 0 8 0 0 0 0 0 0 0 0 29 8 24 0 0 36 47 20 12 59 75
 33 0 0 13 38 0 15 0 0 24 0 0 4 54 0 0 49 0 0 0 0 5 20 0 0 0 0 20 0 17 0 82 35 0 47 0 73 0 98 0 31 33 0 0 0 4 0 0 0 0 3 0 0 0 0 40 14 42 26 2 0 53 10 0 61 64 29 0 0 0 0 0 31 0 12 0 0 0 0 0 23 0 37 0 0 0 0 0 0 0 0 0 0 21 29 4 0 45 0 5
 0 39 2 0 0 11 0 61 0 0 0 38 22 0 55 0 19 24 17 1 34 15 37 0 0 67 0 56 0 78 25 53 0 0 0 22 21 0 32 0 0 48 9 10 0 0 31 0 0 0 80 30 0 0 0 0 53 0 9 9 18 37 0 0 0 0 68 0 0 0 0 14 50 0 24 16 0 0 2 0 6 0 82 0 13 0 2 0 0 83 0 0 24 0 1 6 44 64 6 0
 0 9 0 0 0 68 15 0 0 64 0 0 19 29 0 73 0 46 18 35 0 0 0 83 40 6 71 0 47 73 37 0 0 0 0 0 47 0 0 0 76 0 27 0 0 6 0 0 7 25 0 21 0 0 0 0 0 0 0 0 0 12 0 0 10 35 12 37 0 0 0 36 13 34 0 37 57 0 0 0 0 0 52 0 0 0 0 0 0 0 0 59 0 40 32 20 0 15 0 0
 55 53 0 0 0 0 46 0 33 16 0 0 0 0 0 0 0 67 0 40 0 0 22 0 38 0 12 0 53 0 0 0 52 0 17 43 0 0 0 27 0 0 32 1 0 0 0 0 0 11 14 40 67 83 58 10 0 3 3 17 18 0 7 0 2 16 0 42 74 0 0 7 0 0 80 11 0 0 1 26 0 0 33 0 0 15 0 0 34 0 0 0 8 6 21 0 16 0 0 55
 0 12 57 0 39 79 0 0 0 0 49 36 0 6 0 20 7 0 32 0 0 62 52 0 23 4 0 7 31 51 0 38 1 0 0 9 0 0 0 0 0 51 31 0 3 0 5 0 0 0 4 23 81 39 9 2 1 47 69 0 15 0 0 0 18 14 42 29 4 22 0 0 0 44 62 0 19 30 0 66 0 62 51 37 0 0 0 0 9 0 0 0 53 0 46 0 46 28 6 82
 0 40 15 78 5 0 0 0 0 60 33 35 0 43 0 54 0 0 15 0 15 13 0 0 21 0 35 0 0 77 0 0 2 10 0 47 0 15 0 92 0 31 0 4 37 41 5 24 0 28 25 43 0 45 2 0 21 43 0 0 0 0 0 20 45 32 43 0 19 58 65 10 0 0 0 29 8 57 17 41 37 6 8 11 0 0 0 5 73 59 7 0 0 0 0 0 42 7 0 2
 0 66 0 40 0 34 20 14 0 45 15 17 23 4 14 0 0 37 68 0 0 0 8 0 0 0 28 34 0 66 0 2 0 28 23 0 12 0 22 0 0 0 0 58 21 33 0 6 7 17 0 0 0 0 0 0 39 2 0 0 10 6 0 47 60 28 0 0 0 5 0 47 0 20 0 5 2 0 0 0 29 52 61 0 1 0 35 0 90 0 0 49 7 0 0 28 54 0 0 0
 0 0 67 0 0 0 0 0 0 19 0 0 50 26 12 0 17 60 0 14 0 40 0 0 46 0 0 0 0 14 0 0 24 0 0 35 0 0 88 36 17 4 0 0 9 26 0 0 36 0 32 0 0 0 60 0 24 52 0 0 42 0 41 18 46 0 0 0 44 77 51 19 80 60 0 0 0 0 1 0 0 0 8 77 0 21 0 0 16 0 0 3 0 19 59 0 0 0 1 0
 0 45 10 4 9 0 0 0 9 65 10 56 39 0 18 22 46 0 12 27 26 22 49 78 0 4 29 25 17 12 39 0 45 0 31 20 59 0 67 0 7 17 0 67 1 5 0 63 17 0 41 0 0 0 0 23 0 0 0 0 22 5 0 12 38 34 11 0 18 0 76 0 0 66 0 22 74 0 10 0 17 0 0 50 18 61 0 0 0 0 0 28 0 0 26 0 59 33 0 0
 20 0 0 39 34 0 4 42 0 0 0 55 6 0 39 76 7 14 19 0 7 0 0 0 0 0 8 0 0 10 0 0 0 7 0 32 0 0 0 67 0 0 0 0 44 28 0 76 56 0 38 0 0 26 0 49 56 0 15 28 4 33 0 0 10 0 0 72 0 0 36 17 23 47 72 42 10 0 0 59 0 0 0 0 16 45 0 0 0 0 0 20 0 49 86 0 10 19 0 15
 89 0 32 38 54 0 66 0 0 41 6 24 0 0 10 38 5 26 32 0 0 28 0 0 9 51 29 0 8 20 0 6 0 3 30 0 89 0 0 67 0 43 45 0 27 0 0 0 0 0 0 0 18 7 44 0 0 36 33 21 56 25 0 2 31 74 0 0 0 19 0 0 2 0 0 4 0 48 0 20 0 7 46 21 8 29 12 0 16 0 10 50 0 0 1 0 5 7 53 0
 0 0 28 0 11 69 12 0 0 0 0 22 32 16 3 41 63 57 0 26 0 90 0 51 2 49 77 0 0 0 34 0 0 0 0 37 64 0 66 0 9 0 0 0 0 12 0 12 44 1 0 0 9 45 2 0 45 0 12 0 0 0 2 43 0 29 30 0 5 0 0 0 53 0 0 79 44 9 39 0 40 47 21 0 0 0 36 48 0 0 17 16 42 87 0 4 0 0 13 0
 0 2 7 0 19 22 93 0 24 0 0 13 3 0 12 0 0 0 0 0 5 17 0 24 40 0 60 0 0 8 0 42 11 29 0 0 0 0 47 34 0 0 0 1 0 0 3 0 0 34 3 74 36 0 11 0 0 29 0 24 17 0 59 19 21 46 33 1 59 0 0 44 54 20 60 0 0 15 14 31 42 0 38 0 39 74 47 33 0 18 0 37 0 11 68 0 4 0 11 0
 19 0 23 14 24 72 80 0 67 0 0 56 24 37 2 50 99 0 49 0 0 32 24 0 0 0 0 0 0 69 22 14 0 43 20 0 0 0 25 65 0 0 9 7 0 0 0 0 0 7 61 68 11 50 0 0 0 7 0 81 0 0 0 68 0 54 0 2 0 11 0 44 0 0 24 43 0 0 25 0 0 0 0 0 21 0 15 0 8 0 8 0 0 19 8 0 0 0 0 10
 76 0 8 69 0 0 39 41 20 0 0 3 0 0 21 15 0 11 0 0 45 0 0 0 22 27 9 0 18 0 0 0 11 0 0 66 12 1 0 0 0 0 0 0 0 0 0 44 3 31 0 0 4 1 48 17 0 4 7 0 39 0 12 0 5 51 84 21 0 0 0 0 36 1 0 0 31 0 44 56 0 38 60 0 0 51 0 0 0 42 13 0 0 0 28 61 0 44 32 0
 0 2 64 0 0 0 43 0 0 26 0 79 43 0 0 0 0 0 44 62 59 54 24 40 0 12 0 75 33 61 2 73 8 76 0 0 68 0 0 81 28 14 5 0 33 35 30 0 47 63 29 18 0 34 0 0 48 0 0 52 22 0 0 0 0 0 0 19 2 5 0 0 40 0 39 26 0 0 80 6 7 0 55 2 0 0 0 0 37 18 2 0 54 71 0 15 30 0 63 81
 0 10 0 0 0 62 0 9 0 68 19 43 1 0 0 2 0 59 57 0 13 0 0 65 0 0 0 46 0 26 39 12 35 0 0 50 0 0 20 0 0 82 27 51 48 0 4 0 0 0 62 5 31 0 65 0 0 0 71 31 1 0 0 23 35 26 17 47 2 0 0 0 25 20 90 0 0 29 4 0 12 47 41 22 41 0 18 0 0 32 0 64 0 63 0 29 0 0 0 54
 0 4 0 0 0 9 57 0 51 0 0 8 22 24 0 0 0 0 4 0 24 6 38 16 40 0 0 0 0 0 0 0 8 0 45 0 0 0 34 0 0 0 0 44 0 0 81 6 3 7 0 0 17 42 32 0 0 39 0 18 88 63 0 34 25 0 0 0 0 0 0 0 0 17 52 0 0 0 65 0 0 0 51 0 41 74 27 0 0 23 2 0 4 0 0 6 0 6 20 56
 0 10 0 0 0 0 20 26 0 0 19 53 15 0 3 0 18 40 47 38 26 34 1 72 0 34 32 0 11 38 29 0 4 0 17 0 0 15 0 0 0 0 0 40 22 46 41 34 0 0 0 0 0 0 78 0 55 23 41 0 44 26 21 17 50 53 15 23 17 0 0 21 0 0 28 0 7 57 98 11 0 0 9 48 0 0 51 0 0 33 38 0 0 0 0 0 0 25 46 0
 0 76 50 0 0 0 2 0 0 0 0 0 0 18 0 0 58 5 10 0 31 0 14 76 25 0 0 0 17 0 0 48 2 82 63 15 0 0 0 0 62 75 0 1 49 0 50 0 48 0 0 10 0 37 75 0 30 17 18 15 0 28 0 0 12 10 0 39 22 15 4 0 8 0 0 0 48 0 0 19 49 0 0 19 56 0 0 0 8 18 56 79 0 0 0 16 6 11 0 0
 32 0 56 0 0 0 0 0 41 0 0 0 0 0 41 40 0 39 30 0 0 5 0 94 20 98 43 50 0 22 0 0 61 85 0 0 7 55 0 0 19 0 59 58 21 0 27 44 9 0 0 0 0 31 49 0 0 46 9 0 0 45 32 0 66 10 15 62 0 10 44 80 0 0 0 0 63 0 28 0 8 6 0 59 7 29 44 43 0 0 0 34 56 0 16 0 0 62 0 0
 23 34 55 0 22 0 0 0 0 0 77 27 0 0 0 25 74 57 0 0 0 54 72 56 31 63 0 77 5 4 0 19 0 0 0 0 1 30 0 50 0 0 0 10 49 79 2 0 0 17 1 0 0 52 18 33 0 0 39 10 1 0 31 0 94 18 0 68 4 52 29 0 41 0 31 0 0 0 0 25 75 0 0 0 6 0 86 38 69 0 0 0 12 0 0 27 42 0 36 0
 45 2 0 26 21 0 21 0 0 0 30 6 0 73 44 45 51 0 14 0 39 0 0 0 0 65 0 24 8 0 0 0 45 0 0 41 21 56 0 0 31 0 82 0 0 0 0 0 4 18 28 0 0 7 0 0 0 0 73 0 0 1 0 61 11 31 17 44 61 41 0 46 35 70 0 22 0 0 17 28 2 19 40 19 41 0 0 87 20 0 15 0 11 0 7 10 0 5 0 23
 0 0 69 0 0 0 0 0 23 40 2 0 42 91 0 0 0 30 0 0 0 51 10 3 0 12 92 0 0 0 2 0 30 0 0 5 0 0 0 38 0 3 0 0 66 47 57 29 0 18 0 2 39 49 37 34 0 0 11 74 27 3 38 0 61 29 21 61 0 0 0 0 0 16 18 0 49 27 0 74 0 4 55 22 0 20 0 0 77 0 10 5 0 60 9 0 13 4 0 4
 0 35 0 0 0 10 0 0 60 4 14 0 22 0 9 46 79 0 39 0 0 42 69 66 0 11 0 7 95 0 60 0 0 0 0 0 0 0 17 24 0 0 0 6 0 93 3 83 0 0 35 0 20 3 10 50 0 0 74 20 0 0 0 0 0 49 0 70 32 65 0 16 12 43 72 24 27 0 29 0 0 0 0 0 0 8 24 5 44 88 94 52 4 0 0 0 0 57 69 30
 3 39 0 0 57 79 77 0 3 83 0 0 0 0 0 16 11 0 0 9 30 23 17 57 0 0 1 17 22 55 6 10 31 0 0 59 0 88 73 27 15 6 0 0 19 17 73 0 35 0 0 0 3 5 0 53 0 0 0 4 0 0 19 0 0 52 1 1 36 80 0 73 14 27 12 0 0 14 0 0 0 46 0 0 0 32 53 0 0 0 5 0 0 3 0 0 0 0 48 0
 0 0 0 0 0 8 0 9 0 0 0 48 75 0 37 0 12 42 86 0 16 16 21 0 7 0 0 9 0 55 7 28 0 83 0 0 0 0 80 0 0 0 0 0 21 0 0 6 0 4 0 0 0 23 41 58 0 0 43 0 0 0 16 0 0 30 41 0 19 15 18 0 0 0 0 0 0 0 73 19 11 0 33 12 0 0 8 24 0 0 43 82 0 0 27 0 0 0 0 88
 0 17 0 0 0 14 2 0 89 52 1 12 0 0 0 26 47 1 0 0 18 16 0 0 0 11 0 33 0 60 0 0 0 90 18 0 0 0 0 0 13 58 0 0 10 0 10 4 17 10 58 25 0 50 29 69 34 0 0 5 0 0 20 0 22 15 0 19 0 0 66 0 3 52 49 6 0 64 50 1 0 11 0 33 99 0 0 0 81 0 24 31 7 7 33 51 50 0 21 0
 0 8 0 35 49 29 0 69 35 14 13 0 0 0 0 0 0 24 0 0 15 0 44 60 6 21 6 0 0 0 3 0 15 52 0 0 0 56 47 46 0 0 79 19 2 27 5 0 1 0 77 32 50 2 88 13 7 0 0 0 0 0 7 0 24 0 8 0 0 1 66 23 0 46 0 1 0 0 0 7 0 0 29 28 4 44 47 27 0 2 0 54 0 87 0 48 39 33 0 67
 0 1 0 30 0 20 34 4 8 0 23 13 72 0 29 2 0 0 0 30 0 0 0 0 1 30 0 23 0 31 0 0 0 6 0 2 1 1 0 0 10 9 0 0 0 0 0 0 0 0 13 0 8 29 0 28 29 9 6 28 27 0 0 0 0 0 0 0 0 0 46 48 0 0 0 0 45 0 0 0 29 1 27 27 33 0 37 0 0 22 78 0 0 31 56 10 40 3 64 0
 10 23 26 0 0 31 75 71 12 15 36 0 79 64 41 0 29 0 29 0 76 25 0 27 0 0 0 0 12 8 0 0 0 83 0 2 0 32 0 0 23 3 0 0 0 43 0 0 0 36 0 24 0 0 4 0 0 0 0 0 42 9 60 0 0 0 0 0 67 18 63 0 51 33 11 4 0 73 49 0 0 0 0 37 0 4 0 0 60 6 76 22 0 0 0 22 0 0 41 1
 0 62 26 82 24 31 0 4 0 0 0 0 40 3 92 0 0 0 94 0 11 31 0 0 42 0 0 54 0 16 0 0 12 57 0 37 0 51 3 23 38 8 49 0 0 0 0 0 0 2 40 5 0 0 0 0 6 0 0 0 0 0 0 46 0 84 0 50 0 0 0 0 7 0 0 0 19 0 0 3 0 16 48 28 0 15 0 7 0 35 7 0 0 0 0 0 22 0 17 8
 0 50 0 57 16 60 0 64 0 53 0 0 60 43 0 15 92 0 61 0 0 0 28 0 3 0 0 3 21 3 0 28 0 0 45 0 38 0 0 60 0 9 15 0 27 78 0 0 6 0 0 0 0 0 0 0 0 55 68 46 0 23 38 71 0 0 0 0 40 0 0 67 47 0 0 0 36 8 3 0 52 9 0 0 0 0 83 0 0 0 24 8 41 0 0 33 52 59 37 0
 38 0 15 0 0 0 8 46 0 13 0 0 6 13 42 0 67 73 1 0 0 21 13 0 39 0 71 0 0 0 0 42 0 9 74 0 0 0 9 0 0 20 23 0 0 0 0 0 0 0 40 83 40 0 57 58 0 22 0 0 10 0 87 0 0 16 0 19 29 0 14 42 0 46 7 0 0 0 4 0 0 58 0 0 8 32 0 15 5 0 0 33 0 61 0 0 0 0 25 21
 0 0 0 41 0 0 25 0 39 25 0 46 0 0 0 16 0 0 24 39 0 71 0 12 0 0 0 8 0 61 73 0 0 3 43 36 3 25 67 0 1 0 47 20 0 72 11 57 0 0 37 0 41 7 23 0 74 49 14 0 0 4 4 27 0 0 12 67 0 0 0 68 37 53 0 29 32 36 0 26 0 0 0 16 5 43 85 0 0 0 54 0 4 0 12 0 0 5 0 33
