200
 38 15 0 0 43 0 13 0 0 39 0 0 44 76 0 91 33 56 0 0 11 0 72 0 75 0 0 40 0 0 0 0 7 75 0 57 0 74 0 6 0 41 10 23 32 0 18 40 80 0 1 0 0 20 0 19 54 0 27 0 23 88 0 5 7 36 0 4 0 0 37 0 19 20 3 0 11 0 37 0 0 0 9 50 54 45 0 0 40 5 38 28 0 11 0 0 0 93 37 53 0 0 14 21 0 0 91 0 40 20 0 65 0 0 0 0 0 0 18 0 0 0 15 0 0 0 29 75 62 87 0 66 0 50 20 0 85 16 0 0 67 0 63 50 8 0 38 18 51 91 41 27 42 9 0 58 19 9 0 0 73 0 0 34 66 0 0 0 0 18 0 0 46 0 44 30 2 0 0 44 5 55 42 22 4 0 0 61 76 17 0 37 0 0 0 24 0 0 72 0
 0 41 57 0 35 58 23 0 0 0 22 0 2 26 0 0 66 21 23 0 72 9 0 0 8 0 0 0 0 21 63 0 10 21 0 0 61 3 14 28 10 8 0 0 57 0 0 4 0 0 13 0 13 0 0 17 34 20 33 11 15 0 38 20 15 31 0 0 13 5 76 0 0 44 49 0 1 0 15 0 0 0 0 64 33 0 0 38 0 0 0 0 5 9 7 25 0 0 0 30 1 29 62 0 25 3 23 0 46 43 23 13 56 0 0 0 0 31 27 91 55 62 35 0 14 42 26 86 56 19 22 0 11 0 0 19 0 0 1 39 28 65 0 34 0 8 0 0 0 0 60 38 29 0 0 0 73 12 0 15 0 0 70 3 0 0 7 0 37 30 13 0 0 6 0 0 53 27 0 0 47 38 0 87 29 0 38 0 17 0 62 0 0 2 54 59 0 0 14 0
 43 0 53 0 30 73 0 0 29 0 60 0 14 0 46 0 0 34 0 7 0 0 36 56 28 46 53 0 12 0 51 0 0 35 20 0 0 48 0 0 3 0 0 0 0 0 2 0 0 0 39 50 20 0 0 0 47 0 49 0 35 0 26 0 7 0 7 56 60 14 0 40 5 1 2 0 2 0 0 0 30 0 0 90 54 0 0 67 1 36 0 5 97 0 43 0 12 0 78 51 0 0 74 0 9 0 0 58 81 80 33 0 34 0 57 7 0 0 39 0 47 3 0 66 0 0 0 0 19 50 0 4 0 68 0 0 9 0 0 45 2 0 25 0 0 59 62 0 0 31 30 74 58 0 0 80 61 48 0 0 5 0 0 41 0 36 0 0 24 13 23 34 26 0 2 8 0 9 0 46 37 0 0 8 61 7 29 0 53 0 0 0 0 0 0 0 0 0 66 0
 35 87 63 5 0 3 22 0 34 0 11 16 58 86 17 0 0 82 0 0 0 0 41 87 25 0 10 10 0 30 0 0 85 0 18 0 45 41 0 0 0 39 20 0 49 0 58 0 0 70 4 0 0 4 1 0 0 0 0 0 0 47 0 68 0 0 26 0 0 68 47 0 45 27 58 7 78 0 0 0 0 0 0 0 0 0 0 0 74 0 0 0 49 0 19 0 0 0 17 19 49 0 87 56 0 0 36 0 33 44 0 0 23 0 0 10 1 2 0 71 26 20 0 0 21 0 0 37 0 19 8 34 0 60 0 0 0 0 0 36 0 0 0 0 0 51 0 0 39 59 60 0 45 0 57 0 12 0 5 26 40 0 25 0 0 48 7 38 12 94 0 0 57 17 0 0 0 46 39 0 0 31 49 0 47 11 32 88 12 56 0 1 0 10 3 6 6 0 32 73
 0 0 0 45 27 92 0 33 0 5 29 41 8 0 27 0 1 43 68 0 70 59 22 0 63 45 0 15 0 62 57 12 55 22 28 0 18 34 1 0 71 0 30 0 75 0 31 41 0 82 8 0 0 32 0 54 6 78 59 0 19 0 16 0 0 44 0 0 0 26 43 0 0 0 0 0 59 0 0 0 0 94 0 0 13 0 0 0 33 0 1 0 0 0 0 0 42 0 13 13 21 0 1 55 0 29 12 64 82 0 70 10 31 0 35 0 0 0 0 0 0 0 33 44 56 9 42 0 0 0 0 9 0 0 0 0 0 0 23 0 21 0 23 0 24 0 38 0 0 68 0 0 21 11 15 96 0 24 77 0 0 0 3 0 53 23 14 0 36 19 0 0 0 0 0 0 0 58 58 42 0 0 0 0 75 0 66 10 10 0 0 6 16 0 88 0 9 0 4 12
 32 0 0 0 0 82 11 0 0 15 79 91 0 13 34 43 66 63 20 0 0 0 0 37 18 0 0 12 4 0 0 2 0 0 0 7 31 0 0 0 0 0 33 42 67 0 12 49 45 10 0 34 33 0 0 29 0 76 0 0 0 14 25 0 0 48 14 44 84 0 0 0 0 0 0 0 0 0 69 80 4 61 0 0 26 58 6 22 0 0 0 15 0 0 0 0 0 0 0 15 50 3 0 53 0 83 0 54 0 27 82 0 0 0 0 0 43 0 0 0 54 19 0 73 34 0 0 28 6 3 22 0 10 0 0 2 38 35 14 0 24 0 0 30 84 44 0 55 0 15 0 14 1 22 48 0 56 0 4 0 0 0 0 0 0 5 0 42 57 0 0 65 9 14 0 1 18 17 0 47 0 12 0 0 53 0 32 0 40 26 38 0 0 57 29 24 0 57 82 8
 0 0 20 0 8 0 5 0 0 0 0 0 0 0 66 0 0 0 0 0 24 0 60 23 0 0 11 10 37 0 0 14 25 47 0 14 30 23 3 0 0 0 6 2 0 0 0 36 50 0 25 0 37 28 0 38 0 0 0 0 13 0 0 34 0 0 0 0 54 18 76 0 0 0 36 57 0 32 7 71 0 0 5 0 36 0 0 0 19 2 1 0 28 72 0 0 0 7 72 45 0 1 0 39 63 0 14 14 0 32 0 21 20 56 0 0 1 0 0 0 15 0 20 16 70 17 32 47 46 0 0 0 0 23 0 3 27 91 0 0 11 67 24 84 0 79 67 33 12 0 0 0 0 0 0 38 0 32 0 0 0 54 56 1 8 0 14 0 39 0 0 0 37 0 0 34 0 25 4 28 60 0 0 11 59 0 15 0 0 45 26 0 57 30 43 0 35 0 53 33
 7 33 55 12 0 36 47 70 31 0 0 55 0 0 0 2 0 13 8 39 39 0 0 36 53 0 31 34 23 0 39 0 0 0 0 59 19 48 1 19 42 0 0 0 0 90 0 16 2 0 11 0 42 0 16 0 45 0 0 80 0 10 0 25 3 0 0 52 26 0 0 0 26 18 10 0 0 33 43 48 50 31 85 0 0 0 0 0 2 0 0 0 18 0 0 0 0 22 25 86 87 0 0 0 25 0 0 66 27 0 93 0 36 3 0 41 0 24 76 0 75 5 53 34 0 74 0 0 29 0 18 2 5 0 67 0 0 0 0 0 0 30 0 41 0 7 0 0 0 70 57 13 20 0 0 0 0 30 73 5 54 0 0 0 0 0 86 0 83 0 0 17 41 49 0 0 11 0 0 0 59 0 2 86 48 54 0 0 0 0 0 35 0 13 9 22 76 5 4 0
 66 35 0 0 37 22 26 0 60 82 12 31 56 49 54 0 0 10 0 0 0 0 0 0 22 0 84 0 0 15 0 0 0 39 0 0 15 0 0 0 86 35 0 0 0 0 0 1 21 75 0 39 22 0 27 35 35 14 0 61 0 52 54 27 0 0 0 0 15 25 24 42 0 0 6 0 0 67 0 44 12 23 58 0 27 31 0 0 0 0 0 25 4 73 34 0 0 0 0 34 5 0 0 13 0 9 0 17 0 46 14 0 0 1 0 0 0 0 1 0 0 40 19 0 0 34 41 49 69 37 0 0 0 7 0 0 0 0 0 7 0 36 0 23 89 49 0 23 0 0 15 0 42 0 80 8 0 16 0 0 17 0 31 44 0 0 74 35 0 67 0 27 0 56 15 0 0 0 16 3 7 0 0 0 0 0 0 4 0 0 0 11 0 1 57 0 48 15 0 26
 0 50 23 70 0 0 40 27 0 24 22 30 0 12 0 0 0 23 24 15 0 0 0 16 60 0 0 48 0 0 88 68 0 35 0 28 50 0 18 69 8 87 0 33 0 0 0 17 0 0 38 0 20 0 68 10 4 44 0 0 36 36 26 9 0 68 21 61 22 0 43 0 52 42 0 0 48 95 0 28 0 0 5 0 55 0 73 0 7 10 31 0 0 0 25 0 0 0 0 0 22 0 0 36 0 0 13 48 29 4 0 24 0 34 0 0 27 0 8 23 0 0 0 48 25 0 0 0 0 0 5 0 0 21 30 0 0 28 5 45 0 0 15 3 0 0 0 65 49 29 0 51 0 11 0 0 20 53 0 25 0 0 83 77 21 1 0 24 0 32 48 74 17 26 60 0 0 90 24 0 0 37 0 33 1 0 0 0 0 0 6 0 46 0 0 18 78 50 0 27
 26 0 0 0 0 0 76 43 0 0 46 0 9 20 25 0 5 0 6 67 67 0 0 0 36 3 0 0 1 0 0 21 14 26 36 20 77 0 0 0 74 81 0 7 81 50 18 10 1 63 0 26 0 63 0 20 40 0 0 0 0 9 41 0 13 0 1 28 25 8 31 39 0 0 61 19 0 5 65 0 0 21 0 0 0 0 39 0 1 29 0 0 22 0 11 0 32 4 48 0 77 0 30 0 86 24 45 0 0 64 0 32 0 15 0 0 4 0 0 66 0 0 15 47 0 56 36 0 0 17 25 0 0 23 0 0 0 0 39 87 53 0 0 0 0 0 0 2 0 82 0 0 0 0 0 33 0 3 9 32 12 0 24 6 0 0 26 32 50 24 11 40 14 0 0 0 0 0 0 53 0 32 0 0 0 32 0 11 0 5 63 25 0 0 48 34 28 0 0 0
 31 32 0 0 0 0 25 0 0 0 57 95 0 51 0 0 0 0 60 0 12 48 7 18 0 0 6 0 12 28 0 0 4 8 21 43 45 26 0 0 0 0 9 0 0 16 50 22 60 65 37 0 63 46 0 0 17 0 0 0 7 0 0 49 28 0 0 74 0 0 0 0 0 0 23 26 96 45 37 0 0 1 37 56 0 26 0 31 0 0 7 8 15 0 7 0 0 2 0 0 10 0 16 0 33 0 0 36 32 0 24 43 1 0 8 54 17 43 24 0 16 8 58 41 4 0 19 0 0 0 45 0 9 0 0 0 0 61 0 81 0 24 0 5 0 0 47 17 32 23 0 0 27 0 57 0 0 0 0 20 15 0 0 0 39 12 36 0 35 0 23 16 0 0 0 83 0 43 47 0 0 0 0 0 0 0 31 0 0 0 0 27 0 0 0 0 0 6 60 19
 0 0 0 0 0 17 11 42 0 3 0 4 81 0 0 73 49 22 19 0 67 0 0 0 0 0 0 0 0 0 0 0 21 20 44 23 14 27 0 16 0 0 0 6 0 21 0 0 0 15 11 0 40 44 0 18 0 0 0 30 72 0 57 26 0 11 0 0 45 29 28 0 0 0 0 67 0 0 46 17 0 57 0 3 0 0 7 35 28 0 5 0 38 58 65 76 21 0 0 0 36 27 7 0 0 75 0 43 0 4 0 0 18 42 0 0 0 0 33 0 9 0 24 0 24 0 86 0 98 38 0 0 78 0 0 0 0 0 13 2 33 7 14 41 0 0 0 27 0 0 0 0 0 0 0 0 0 4 0 60 0 0 0 0 0 0 7 0 0 12 3 0 0 0 27 0 0 41 13 0 0 9 28 0 0 0 0 0 2 0 72 1 0 0 0 61 22 92 0 5
 0 0 54 0 80 0 40 39 0 0 0 0 60 43 53 0 30 0 22 2 0 0 0 6 45 57 65 9 0 0 41 0 0 0 0 16 6 20 0 0 1 33 0 0 0 42 0 0 0 0 54 37 10 0 0 0 9 1 0 0 0 0 82 25 0 17 1 7 45 3 0 33 11 16 37 8 0 0 0 27 0 0 58 13 24 0 15 63 0 17 0 25 0 0 6 0 0 0 0 30 0 9 65 0 0 0 8 58 0 0 0 0 0 10 0 32 59 0 0 0 6 0 0 0 0 0 23 22 0 37 16 11 40 0 36 0 0 0 0 0 2 16 35 0 8 0 0 23 0 0 61 64 0 55 66 31 41 60 0 0 28 0 64 5 0 41 0 25 2 10 0 0 75 0 0 62 0 0 0 33 6 29 48 0 74 0 0 0 90 0 0 1 0 76 0 19 3 7 48 0
 25 31 0 0 0 0 0 25 0 11 0 68 15 0 58 0 5 0 22 0 0 3 23 57 0 1 0 0 0 7 49 21 0 0 78 0 44 0 3 37 0 0 88 66 21 63 4 26 0 0 0 0 0 0 0 0 44 0 0 0 12 36 17 41 20 19 24 0 0 0 68 0 0 51 0 35 38 47 0 0 34 67 46 1 0 27 0 0 66 0 38 0 22 46 58 52 47 0 0 39 7 0 0 21 0 0 13 13 78 0 0 59 20 74 0 95 0 0 64 0 0 33 0 35 12 49 14 0 0 36 0 68 20 57 0 0 0 0 0 19 57 0 0 58 0 60 83 35 84 0 30 0 0 95 38 95 8 0 0 29 0 0 2 6 26 0 0 0 46 0 0 0 17 20 12 0 18 0 0 0 0 0 0 0 30 0 26 24 24 34 0 1 0 0 0 13 0 0 49 0
 0 3 70 14 10 0 80 0 27 92 9 70 0 5 24 93 0 13 7 38 0 26 29 0 64 0 20 70 4 56 37 0 0 0 73 0 23 0 0 40 72 82 0 23 4 16 44 0 0 1 4 1 0 46 0 46 15 0 39 37 0 9 0 98 0 78 0 22 0 23 0 0 21 20 37 58 0 44 9 15 17 0 10 0 0 52 0 0 39 0 0 0 38 70 40 70 65 12 24 0 47 0 21 0 0 4 12 89 0 36 52 73 27 8 59 0 0 0 17 0 0 0 0 0 42 69 0 18 0 5 16 51 0 0 0 0 0 0 0 29 10 0 26 46 0 13 0 0 0 8 6 0 0 0 0 0 0 0 38 0 24 73 32 0 46 3 0 21 0 0 0 0 0 0 0 44 65 39 0 12 0 0 0 0 0 0 55 29 0 0 0 0 7 77 77 0 25 0 40 79
 0 0 1 90 0 0 39 45 69 30 0 80 0 0 0 42 31 42 28 0 6 0 0 0 26 0 20 0 0 0 0 0 40 7 0 25 21 0 0 0 30 0 0 0 14 39 0 23 0 5 1 28 0 0 56 0 0 0 7 21 0 42 0 48 0 0 0 0 0 0 0 0 14 0 0 0 72 0 20 0 21 0 0 29 13 0 0 0 11 0 0 31 91 33 42 16 0 0 0 0 74 45 73 71 0 28 0 0 27 0 29 26 10 42 31 18 24 17 65 0 11 5 40 26 0 31 0 0 0 0 48 0 14 2 27 0 0 0 28 0 1 6 0 0 56 33 49 0 0 0 12 0 25 35 0 12 67 76 0 0 27 9 27 19 0 64 0 7 12 19 4 6 77 0 18 0 28 0 0 0 0 35 82 0 0 2 60 66 0 0 0 0 0 0 0 0 0 30 0 12
 0 0 0 0 0 0 9 0 0 0 49 55 0 9 17 0 0 34 0 26 0 15 15 73 0 0 0 0 0 0 41 0 2 0 15 61 0 0 0 77 47 89 59 0 0 23 0 23 0 0 0 59 0 0 25 0 0 0 23 0 0 0 18 0 0 0 29 0 0 0 0 0 8 53 30 0 38 10 2 0 0 34 0 9 0 39 43 0 0 0 0 64 0 3 0 0 74 25 0 0 40 18 0 31 0 0 0 13 0 0 58 23 79 58 58 12 0 14 7 19 0 7 0 0 18 54 0 0 13 15 0 0 0 0 12 17 0 0 9 22 23 0 0 0 0 0 0 27 0 0 64 5 7 0 0 43 0 1 29 7 43 0 0 15 0 49 24 30 26 23 0 17 0 0 0 25 0 28 79 0 15 0 0 0 0 21 0 1 59 3 0 82 51 69 0 10 0 48 11 0
 69 0 67 48 0 0 16 0 5 0 0 0 0 0 0 0 0 49 61 43 0 34 0 0 60 0 35 82 0 0 15 0 41 20 0 0 0 0 0 11 0 43 0 10 7 21 11 3 0 75 0 0 4 0 0 64 0 0 0 44 0 0 0 45 0 0 5 28 0 13 0 11 0 0 0 0 0 32 0 0 0 0 44 51 39 0 21 0 21 21 0 0 39 36 0 78 36 0 47 45 48 0 0 26 0 0 0 22 0 36 0 6 12 0 0 4 0 42 0 1 31 53 16 77 32 0 0 0 50 16 67 14 0 47 0 12 35 0 34 0 51 33 0 13 0 34 0 40 0 39 70 12 0 0 0 25 9 0 8 0 0 34 0 32 10 61 35 66 0 0 22 41 0 28 17 0 2 0 0 0 0 24 56 2 91 0 0 18 13 0 4 39 20 17 30 0 15 23 18 0
 40 18 0 9 9 10 15 0 50 0 0 12 5 0 44 0 37 0 0 81 0 60 76 0 28 21 0 0 90 0 44 0 15 0 0 37 0 0 30 0 0 5 59 19 28 0 75 0 46 40 60 86 4 65 51 0 22 22 78 0 74 0 0 0 0 0 0 40 23 88 0 0 0 0 18 63 0 0 24 56 1 0 0 0 87 0 0 0 91 34 0 0 8 0 45 67 0 18 0 0 0 43 0 0 61 4 92 27 51 37 50 0 0 19 0 0 0 0 59 25 0 3 0 0 58 37 32 22 0 8 0 23 0 0 35 96 0 4 0 0 9 12 7 0 3 71 0 0 0 0 64 36 0 24 0 0 0 30 0 0 48 0 0 0 27 0 22 0 11 0 0 9 19 42 0 0 15 0 0 30 0 23 42 57 70 66 27 0 0 0 9 32 68 8 36 0 20 0 13 67
 0 0 77 6 0 24 0 0 8 64 0 0 0 12 7 44 0 15 13 7 42 53 87 0 0 2 0 4 29 0 12 0 0 8 46 0 28 0 80 31 0 0 0 32 7 41 0 19 0 0 0 0 66 1 0 32 0 84 1 0 0 48 38 35 18 9 5 10 1 9 25 15 0 31 0 0 0 70 0 0 0 84 25 73 0 0 0 32 59 0 0 77 5 0 0 10 0 78 31 0 0 0 38 33 4 0 18 50 0 0 37 0 0 0 0 0 0 0 16 0 24 10 43 0 0 0 35 7 8 0 0 0 0 25 8 0 0 8 0 0 0 3 0 0 23 0 0 17 46 0 0 0 0 3 49 29 58 0 15 0 0 83 50 32 65 0 0 0 34 0 5 54 38 0 56 0 0 8 0 84 0 0 77 95 0 87 61 65 0 0 15 65 0 2 3 2 24 33 0 0
 6 0 90 45 0 2 64 11 68 1 22 0 46 35 0 0 81 0 0 0 0 90 0 0 9 0 2 2 1 0 0 0 0 25 28 0 0 0 3 0 0 28 23 10 0 0 0 60 0 0 0 21 0 69 0 0 0 46 0 0 12 0 0 29 0 16 0 18 0 0 71 0 90 0 57 11 72 35 1 10 0 0 0 30 71 0 0 0 0 29 11 83 0 0 69 0 0 0 0 0 37 0 12 0 29 0 15 0 73 0 0 60 0 0 0 0 0 0 0 6 0 0 40 0 0 0 0 11 0 0 0 28 29 4 0 0 99 36 0 58 28 0 11 18 0 0 0 8 0 17 0 3 0 0 0 0 0 0 0 0 0 0 0 58 54 13 0 0 9 8 64 0 0 0 22 37 51 0 0 6 0 0 0 0 9 4 22 59 75 36 64 59 89 0 47 73 0 25 21 0
 0 21 0 0 0 17 0 42 89 50 43 0 24 4 0 0 30 0 16 0 0 2 61 0 0 0 34 0 40 0 0 4 0 42 0 0 72 40 0 0 40 0 0 0 60 46 15 11 8 25 38 0 0 0 0 8 0 75 0 50 0 0 87 0 22 1 0 0 23 8 0 0 18 11 0 0 37 0 48 0 43 0 10 0 0 0 0 54 0 80 34 0 0 11 19 56 14 8 0 0 12 0 10 0 0 0 0 82 88 0 0 12 0 52 6 0 0 0 0 0 75 47 0 22 0 0 0 49 31 29 26 41 61 32 42 0 57 62 0 81 8 0 17 59 84 40 67 10 40 0 0 24 0 0 88 55 1 13 0 0 0 48 0 22 0 8 0 0 0 0 0 0 10 0 12 0 15 38 0 12 0 0 26 31 36 4 0 0 16 3 0 4 53 12 0 0 87 0 0 0
 25 41 0 0 70 0 0 0 30 0 4 0 40 0 0 47 2 0 36 76 57 54 35 14 0 0 5 28 71 0 5 0 0 0 88 9 0 3 0 20 10 0 0 0 0 0 36 2 22 10 0 8 0 0 0 76 80 0 12 0 0 0 30 63 76 0 0 51 0 0 0 7 0 13 32 52 9 54 67 69 0 0 0 0 0 3 0 31 0 35 0 42 65 0 0 11 0 86 0 43 26 6 0 15 0 37 37 0 0 2 0 0 0 41 0 0 14 0 80 0 0 8 0 0 29 0 0 25 0 50 0 0 5 45 50 61 0 0 0 5 72 35 0 0 43 0 2 0 63 29 0 17 0 0 0 0 25 0 0 45 1 4 11 14 9 0 58 0 0 57 30 78 0 0 0 42 0 20 0 0 4 0 0 0 26 0 0 0 0 0 43 0 0 56 64 0 0 49 14 0
 0 0 0 0 0 0 31 0 0 0 0 2 10 0 19 0 0 15 0 0 18 0 11 34 14 0 0 65 28 0 74 1 1 0 0 6 0 63 0 23 0 0 0 24 0 55 66 0 0 37 21 0 76 0 50 43 0 14 0 16 17 0 27 30 0 0 55 50 0 38 0 9 36 0 15 0 0 27 28 52 0 71 39 9 14 0 2 4 11 36 0 0 0 0 55 0 11 36 0 65 83 2 1 0 46 0 0 55 25 11 45 0 47 0 0 0 0 0 0 50 81 70 0 0 0 30 12 13 45 0 0 0 0 0 0 0 54 0 0 47 0 0 0 40 23 2 43 0 50 67 0 40 61 0 0 65 0 48 0 53 0 0 29 11 0 64 0 0 7 3 16 0 56 11 0 0 35 0 18 30 0 0 0 0 0 24 0 0 0 39 33 45 0 0 59 0 21 49 0 0
 11 10 0 34 0 33 28 30 14 31 0 15 21 0 0 9 4 27 3 0 0 8 3 23 4 91 17 1 0 0 17 0 0 0 44 48 0 0 8 0 31 0 76 0 0 17 0 0 0 3 1 0 47 0 59 0 21 0 0 0 0 0 5 0 17 0 1 27 0 0 0 33 43 0 0 84 0 0 0 0 3 0 0 0 0 0 11 0 0 0 0 30 0 0 0 37 0 64 0 21 0 0 68 18 0 7 0 0 0 0 0 14 0 0 38 30 11 0 0 78 40 0 0 79 0 8 0 0 0 13 0 0 14 0 3 0 62 3 58 0 0 5 75 1 0 0 27 34 6 29 0 12 20 0 0 0 0 0 38 11 0 0 50 27 0 8 0 12 0 0 0 0 0 96 15 2 51 0 0 24 15 10 92 0 28 37 0 18 25 28 0 50 5 0 8 0 0 14 0 0
 77 0 0 0 6 71 0 0 0 74 21 0 50 0 35 0 0 14 0 72 29 0 0 0 11 0 99 29 0 4 0 0 37 0 0 0 27 1 0 88 0 0 0 0 0 10 0 32 54 0 0 4 0 67 0 0 38 50 0 15 0 39 3 0 0 39 59 0 0 0 0 53 2 66 0 55 21 0 0 0 0 12 56 0 5 35 12 0 0 9 0 35 24 0 0 37 0 0 0 0 65 30 0 54 0 0 0 61 33 0 0 15 0 6 0 6 0 0 0 38 0 53 24 62 0 0 0 0 0 58 0 0 49 32 0 0 0 0 0 0 0 11 0 27 10 47 27 62 0 0 0 0 0 96 0 0 0 10 11 57 0 64 6 20 2 39 0 22 0 0 0 52 7 32 0 0 14 0 0 82 0 50 0 0 0 16 0 19 8 6 28 16 0 52 0 0 0 1 19 18
 0 56 11 0 0 0 0 0 52 0 63 44 42 0 68 0 51 35 0 59 0 0 46 0 0 0 0 75 14 0 0 0 5 0 15 73 0 60 0 0 0 0 17 0 36 0 0 12 0 0 0 20 0 0 2 0 5 2 28 58 0 8 0 16 70 0 67 25 26 5 0 0 0 0 11 0 0 0 61 3 32 0 56 0 0 0 0 0 0 0 84 0 0 0 0 0 11 81 0 57 27 45 0 0 21 0 0 0 31 7 0 8 0 87 0 3 0 3 0 0 0 0 0 1 0 14 52 0 12 39 26 0 0 39 0 0 54 0 0 0 0 42 0 50 22 0 8 0 0 0 12 0 94 0 0 0 39 56 7 11 0 21 0 45 11 17 50 6 0 19 6 0 3 27 32 0 75 14 44 0 7 0 90 16 53 51 0 0 11 0 38 0 0 0 0 40 63 0 0 0
 48 11 0 82 52 0 0 0 80 42 0 0 77 35 30 0 50 61 26 0 0 0 0 0 0 50 76 0 40 0 14 32 0 2 0 6 0 0 26 0 0 0 0 2 0 0 0 0 0 9 46 0 0 0 0 18 0 0 0 0 39 0 0 0 0 0 0 7 0 45 0 7 28 51 0 80 0 35 51 51 19 65 0 0 0 12 0 0 0 0 30 0 0 60 0 27 5 23 69 0 21 91 10 35 0 0 0 0 0 57 9 0 0 0 0 0 34 32 5 0 0 0 0 23 0 0 0 68 0 0 61 23 0 39 5 40 10 0 0 52 45 0 81 27 0 0 23 70 11 0 83 29 0 39 3 0 0 14 17 0 0 94 53 0 31 0 22 19 0 0 0 0 16 0 48 0 0 0 0 0 0 0 0 0 0 0 0 21 6 59 0 48 0 0 55 0 0 0 0 0
 0 0 43 0 0 71 44 73 0 18 8 0 4 96 0 0 26 2 42 30 18 49 8 15 61 1 0 28 75 24 50 0 0 0 0 0 0 0 0 0 0 73 0 11 0 29 4 0 11 51 28 8 0 0 0 22 2 31 24 38 0 43 9 0 0 66 43 75 0 0 85 19 31 6 51 0 0 24 0 0 0 0 36 0 0 18 0 0 11 0 51 44 8 0 0 74 40 12 0 0 0 93 20 0 0 31 11 0 0 0 0 2 14 43 17 0 0 71 29 0 0 38 13 11 0 34 31 0 12 0 0 12 4 0 0 34 0 58 0 20 0 4 0 74 0 0 0 0 0 4 35 0 0 15 29 0 18 0 0 0 41 0 28 7 89 0 0 54 61 21 5 26 0 88 0 0 37 0 0 0 0 0 0 22 0 18 35 0 0 4 0 41 0 30 0 82 19 0 55 37
 7 0 0 42 0 50 15 0 68 0 51 12 13 0 0 0 46 0 0 0 0 11 47 0 0 0 50 32 0 0 68 64 74 14 24 87 48 0 0 0 0 27 53 0 0 6 46 9 0 19 0 0 65 0 0 22 3 0 42 0 64 39 55 10 0 38 0 0 16 33 0 37 0 21 0 0 45 3 0 13 0 59 0 0 75 51 0 0 0 40 0 0 24 0 0 1 26 0 0 41 15 59 0 37 0 15 31 5 0 4 0 38 0 0 48 88 8 0 0 49 0 81 1 0 28 60 0 0 3 20 57 44 0 0 0 3 16 75 30 9 0 30 65 49 41 53 0 12 0 58 0 0 0 21 0 0 35 7 1 0 0 0 13 86 0 0 0 41 51 14 0 0 34 0 0 40 31 21 0 43 21 9 0 0 0 9 0 45 37 22 0 0 0 0 91 0 0 0 4 0
 34 11 35 27 0 0 0 20 41 0 0 27 4 10 0 16 80 69 21 11 41 50 0 48 0 5 75 31 0 98 0 37 20 0 22 0 0 35 0 3 0 64 43 0 1 35 43 0 8 5 0 0 6 0 43 29 8 1 0 0 0 36 0 7 47 0 1 27 20 17 20 0 0 45 41 87 89 0 82 22 0 60 64 22 0 0 0 45 0 31 50 17 0 9 40 0 71 5 0 0 41 0 41 0 0 5 26 41 9 69 60 17 78 55 0 0 0 0 7 6 0 0 0 0 0 43 45 42 0 0 0 2 66 38 0 0 0 0 0 13 60 13 83 30 0 0 0 29 0 13 0 62 0 0 0 84 0 0 0 0 0 0 0 0 0 48 6 0 0 29 0 0 0 5 12 44 5 0 0 0 41 23 22 19 49 82 43 0 24 20 0 43 0 0 42 40 0 4 38 17
 0 0 43 0 0 54 0 22 9 0 0 0 0 67 36 25 0 0 0 0 7 33 30 27 0 15 0 0 11 74 0 0 76 27 0 0 0 21 32 2 0 0 23 64 0 35 23 43 0 0 14 16 0 34 0 79 0 38 43 4 5 83 0 0 19 20 0 7 0 0 0 0 0 0 0 0 0 22 4 54 28 0 0 0 0 0 0 7 0 36 8 25 15 0 0 32 51 0 0 0 12 0 0 0 65 14 0 0 32 52 0 39 0 35 0 0 67 14 10 0 0 60 0 0 0 0 32 53 0 0 0 45 0 0 0 25 11 56 42 0 0 0 0 23 0 30 0 0 0 11 0 6 0 63 15 52 0 33 52 0 0 47 11 0 3 39 0 6 20 0 16 0 0 0 41 0 0 0 0 0 0 0 60 18 53 0 0 0 14 0 16 0 0 0 0 0 2 47 0 0
 0 0 0 31 0 38 0 59 0 0 0 0 0 19 66 50 0 4 0 1 0 0 0 25 10 79 3 62 0 17 0 55 0 33 22 58 0 0 52 0 0 0 0 16 0 27 0 41 0 0 90 0 0 0 0 0 0 0 39 23 27 64 0 0 0 0 0 0 2 31 18 95 62 0 0 37 0 0 0 0 71 9 6 71 0 0 0 0 23 93 0 0 0 28 21 0 0 32 0 17 0 27 17 0 0 60 23 0 0 61 0 0 31 18 0 61 0 73 0 0 14 0 0 83 19 0 0 20 8 0 16 24 0 21 0 22 80 18 34 63 28 0 0 6 0 0 0 8 68 0 0 57 0 6 37 0 9 0 53 0 0 71 0 0 33 0 23 27 0 13 0 0 0 0 9 0 36 0 0 0 57 0 0 41 0 0 0 5 0 0 0 90 4 57 14 0 0 0 0 12
 13 74 0 0 0 2 79 55 5 17 0 0 0 34 0 0 23 0 30 42 0 0 14 0 86 0 31 0 22 9 0 0 43 0 46 10 0 0 15 68 0 0 0 34 51 2 0 0 7 0 0 74 84 94 30 0 0 0 81 83 34 0 44 42 0 59 0 18 30 0 0 0 0 73 90 0 0 0 0 38 38 18 0 63 0 50 29 0 74 27 0 10 0 47 41 22 0 0 18 16 0 13 97 0 0 43 3 0 0 0 14 0 45 65 0 63 26 15 70 0 19 62 0 0 0 0 43 0 39 4 0 9 0 0 0 42 0 0 23 0 0 37 47 34 0 29 20 0 0 35 0 9 48 5 21 17 41 69 66 0 39 0 0 0 0 65 83 0 0 0 0 14 0 20 11 38 25 0 0 90 0 27 0 8 10 48 0 0 6 10 0 0 63 0 0 0 86 12 7 23
 0 76 65 88 25 0 0 0 20 0 0 0 0 0 11 66 0 0 73 0 31 11 6 0 0 0 0 0 0 44 0 24 8 0 0 56 0 0 18 27 0 35 41 71 0 0 28 29 0 16 0 28 0 29 0 38 35 0 0 0 0 8 0 0 47 40 44 0 0 12 65 0 0 0 0 0 0 24 56 31 0 0 0 10 56 15 0 31 16 20 0 22 16 0 0 0 23 0 52 0 0 16 0 42 45 45 0 18 8 0 0 17 0 59 24 0 30 0 58 41 5 6 52 0 0 20 60 14 0 0 0 10 21 54 26 21 0 0 0 0 0 0 0 44 10 0 0 73 16 21 0 23 0 2 0 0 0 3 6 0 55 0 13 0 78 38 64 9 0 0 0 0 24 90 0 42 0 0 0 0 50 46 37 0 33 0 13 0 58 12 0 32 0 0 0 53 34 0 0 0
 15 0 34 0 0 0 0 0 0 0 0 0 0 0 0 0 0 17 19 2 0 10 0 28 23 23 0 19 37 25 0 6 28 1 19 25 10 0 7 89 0 45 22 34 12 46 0 15 59 35 39 0 0 0 17 43 9 62 27 0 0 0 0 0 6 8 14 22 0 49 0 37 0 0 0 0 0 0 0 0 0 0 0 0 0 0 0 2 20 15 0 47 41 0 52 0 0 0 62 0 0 36 37 0 26 46 54 0 0 40 0 86 57 0 0 32 0 0 56 85 50 0 20 44 0 0 7 31 33 35 48 0 0 14 40 4 58 0 8 0 0 74 0 38 84 0 0 0 22 40 17 0 0 20 0 48 0 30 0 0 0 0 0 13 47 15 0 0 39 0 65 13 0 0 0 7 46 0 25 33 43 16 0 43 11 72 28 0 53 0 0 36 0 0 11 0 89 73 0 2
 0 0 0 0 0 13 0 0 7 40 78 0 0 0 48 57 39 53 18 41 41 2 0 0 0 4 0 0 28 39 10 0 0 28 23 2 28 21 0 20 0 6 0 0 0 0 8 31 0 15 59 0 0 9 0 27 61 60 38 37 7 13 0 5 0 15 24 82 0 0 3 0 34 6 46 41 6 0 4 23 11 0 5 0 0 0 0 5 0 18 0 0 0 0 24 0 30 36 10 41 11 0 13 6 50 0 43 18 0 0 0 63 44 0 3 58 60 39 16 0 0 3 0 0 89 22 0 0 25 0 0 15 0 0 62 13 91 63 0 64 0 22 0 80 5 0 32 13 0 0 9 0 8 0 0 0 49 4 8 0 29 0 4 46 0 39 16 0 0 16 4 20 35 0 0 2 0 32 20 32 20 0 0 0 0 42 0 0 0 26 22 65 51 0 0 0 38 46 38 0
 14 0 2 55 0 55 0 0 17 0 19 44 37 31 0 29 30 47 5 0 0 0 68 66 9 0 46 4 0 13 40 67 0 0 0 0 0 71 94 0 0 0 20 8 42 1 0 12 40 63 0 0 0 63 0 13 0 58 23 0 26 0 4 0 0 7 0 0 35 72 18 0 24 0 0 7 18 0 25 10 15 0 6 24 0 0 17 32 0 24 0 0 44 26 0 36 0 0 8 0 0 27 0 7 79 36 19 0 56 37 0 58 47 6 0 0 22 6 0 0 0 3 6 81 36 0 21 11 1 0 0 82 4 0 77 0 0 0 13 26 0 0 18 0 40 0 29 0 0 33 8 82 71 40 18 0 0 58 0 48 1 36 43 17 35 23 0 0 0 0 0 0 36 34 38 0 0 0 0 0 88 0 71 0 0 15 72 0 0 11 24 0 0 0 10 4 8 0 80 0
 0 0 91 2 30 11 34 0 30 0 57 60 0 18 0 0 34 0 0 22 0 24 59 0 0 28 0 43 4 18 10 0 0 46 0 0 0 0 36 76 0 8 16 0 0 0 0 14 0 0 64 15 0 31 62 0 0 0 0 0 0 3 15 56 0 4 0 0 0 18 0 0 0 0 52 33 0 0 0 0 0 37 0 0 26 38 0 33 0 0 0 11 0 13 48 0 5 2 0 0 43 25 3 0 0 18 35 80 26 39 4 37 0 0 30 0 7 78 0 0 0 0 0 0 0 0 0 0 1 0 28 0 0 0 0 49 0 19 0 69 22 0 0 0 18 0 0 51 79 51 0 21 0 43 49 0 5 6 0 0 0 44 0 0 4 36 57 25 0 0 0 0 0 55 0 0 3 0 66 0 15 45 45 32 30 0 0 0 0 65 0 39 0 0 0 20 0 69 17 0
 29 0 0 34 0 8 51 0 0 0 0 12 23 0 5 0 0 0 7 34 67 77 0 0 5 0 0 83 69 50 73 76 21 55 17 25 31 61 2 87 97 0 0 0 36 0 1 0 25 78 23 0 0 12 45 0 0 6 0 0 87 3 0 37 0 28 69 11 70 0 0 0 0 18 1 31 2 8 15 6 0 0 21 30 0 37 1 4 29 37 49 3 28 57 0 0 48 0 60 42 0 72 0 3 0 2 36 0 0 53 27 82 0 0 0 0 17 22 44 5 48 43 0 56 33 0 16 49 0 31 0 25 25 12 90 72 0 0 34 9 0 62 0 0 0 0 0 0 58 0 9 30 28 0 64 0 1 0 95 15 26 3 0 44 0 0 32 12 8 0 0 0 0 0 31 0 0 0 21 0 19 19 39 0 0 28 79 0 17 8 33 65 0 2 5 94 0 66 0 79
 0 0 6 0 19 14 0 75 0 0 0 48 39 0 57 0 10 0 0 0 24 0 38 47 4 41 44 32 21 0 0 0 19 23 9 0 0 0 28 0 29 33 0 31 3 63 21 14 14 18 0 0 52 27 27 42 0 0 4 1 15 78 0 71 0 0 0 0 0 0 0 0 0 0 16 0 0 0 81 0 0 0 0 0 0 36 0 0 0 0 0 0 37 28 0 16 0 0 0 0 36 41 0 82 17 0 67 0 0 4 16 24 0 0 0 0 0 40 0 48 0 0 42 87 14 4 0 0 0 3 0 0 52 0 1 0 0 38 0 0 0 22 0 43 0 43 1 0 0 0 0 0 0 0 14 0 27 0 47 23 33 48 39 19 0 80 59 34 36 0 0 31 0 0 24 0 16 0 13 5 38 0 2 12 0 0 15 0 6 23 14 0 0 21 0 0 0 0 30 0
 0 2 76 0 0 0 0 9 0 7 25 0 3 69 0 0 80 0 3 0 58 0 36 59 58 0 9 0 0 9 0 0 0 23 47 0 0 3 0 0 26 70 34 0 47 11 50 0 11 0 0 71 0 54 0 0 43 0 39 19 0 0 9 61 3 25 0 0 59 0 11 31 31 0 0 0 25 0 0 9 1 0 0 0 0 15 0 0 11 12 94 42 0 0 12 20 43 0 0 25 83 0 49 0 0 0 11 0 25 0 0 0 8 0 49 17 35 0 53 0 0 0 5 94 32 16 19 10 0 0 0 0 77 43 0 63 12 25 0 34 29 0 43 60 66 0 47 4 0 33 21 0 0 33 0 0 67 45 0 33 16 0 45 0 33 0 0 70 14 0 47 95 0 0 0 0 0 0 28 0 0 75 0 0 25 27 0 42 35 0 0 4 87 0 32 0 49 0 0 0
 0 0 69 9 19 0 0 6 8 0 0 39 0 8 0 0 21 63 0 0 0 0 57 68 0 66 11 6 0 0 27 19 0 0 0 0 0 48 0 32 14 0 43 56 80 71 0 0 0 0 20 27 0 0 46 45 0 0 53 21 0 0 68 20 1 0 0 1 35 51 0 0 0 0 86 28 0 4 2 1 83 31 0 17 76 0 51 0 68 7 0 0 3 0 0 0 43 0 3 0 0 62 0 0 40 0 0 90 19 8 0 0 0 55 0 26 11 49 0 0 26 56 17 0 0 0 0 0 0 0 0 46 47 0 0 11 72 13 0 0 90 50 0 0 0 0 66 0 39 0 0 19 0 53 0 0 0 0 0 0 0 68 0 57 0 29 8 0 0 44 0 0 0 16 3 43 0 0 39 0 0 0 0 29 36 0 0 46 0 20 31 0 58 0 11 86 19 0 0 8
 0 0 44 0 0 0 52 2 6 12 0 68 87 11 0 0 0 33 0 0 0 68 0 31 32 72 42 0 15 22 59 0 68 6 0 23 0 18 0 62 0 0 0 0 95 0 44 7 0 56 0 42 32 24 7 0 0 23 0 0 0 93 8 0 22 31 22 0 0 19 21 0 11 50 0 0 13 52 42 48 0 35 44 2 40 89 17 0 17 0 0 18 0 28 35 0 0 0 12 90 59 13 0 0 42 0 0 0 0 0 77 41 66 0 27 43 0 28 0 0 0 0 69 50 0 0 29 0 8 0 15 0 19 0 0 0 0 0 77 0 0 0 46 0 3 15 45 25 8 0 21 10 43 0 0 10 36 0 74 0 0 26 0 0 0 40 0 25 2 71 6 15 49 0 60 70 75 0 0 0 13 0 0 0 0 23 0 42 0 41 29 81 0 0 0 0 0 54 15 39
 22 3 53 2 59 20 17 0 54 56 0 0 0 0 0 0 0 0 0 24 0 82 0 56 0 0 0 12 3 0 0 0 0 0 0 31 0 16 0 86 26 0 0 0 29 45 0 36 0 24 0 0 16 0 0 50 0 73 3 0 0 0 59 0 0 63 36 0 14 15 0 28 0 57 0 30 7 10 0 0 34 23 0 2 28 17 89 0 0 0 0 0 52 35 0 0 0 0 0 0 14 37 0 19 0 0 38 0 0 0 0 14 0 5 19 53 41 39 50 0 23 0 21 0 4 55 0 13 0 0 0 28 48 38 0 0 21 0 4 0 0 32 30 4 0 0 0 49 22 0 37 0 0 0 17 57 0 0 78 0 0 0 0 0 0 64 52 0 21 47 14 14 43 19 0 0 0 0 40 54 0 0 21 0 0 10 45 0 21 10 25 54 4 12 84 0 29 0 0 48
 0 5 0 0 0 0 43 1 70 53 0 0 64 4 0 0 34 43 0 0 48 14 0 0 0 32 32 0 16 0 0 0 0 40 18 0 16 0 9 9 0 0 0 60 0 1 98 2 43 30 53 0 0 74 0 35 0 0 0 0 0 0 60 0 71 7 0 0 0 14 88 0 14 0 37 5 7 80 0 0 0 0 0 15 87 23 0 1 75 0 79 28 0 15 0 0 2 0 0 0 0 0 40 40 0 77 0 84 73 64 0 0 37 0 0 58 53 49 0 0 30 0 31 65 51 27 12 0 12 0 53 0 29 60 0 18 72 83 9 4 0 0 61 11 0 17 0 0 0 0 2 74 13 54 0 7 43 0 0 14 16 0 43 0 0 0 8 0 4 0 0 0 0 47 0 0 0 0 43 0 0 0 41 24 0 63 11 0 16 34 62 35 1 0 2 37 30 0 0 0
 0 0 36 57 0 0 0 0 0 0 0 0 26 31 0 31 0 0 0 8 0 0 0 0 49 31 0 0 0 13 0 88 0 0 33 0 0 0 0 0 59 0 3 18 0 0 0 57 0 42 31 0 15 8 0 41 4 72 58 0 1 0 0 0 0 0 0 0 0 0 0 59 0 31 0 39 47 0 0 8 0 0 0 42 0 0 12 0 50 39 59 0 0 0 0 32 61 37 15 46 0 12 0 0 0 3 21 63 16 15 0 1 93 40 0 0 21 0 17 17 52 0 0 65 0 18 0 0 91 20 0 0 0 79 0 0 61 0 0 0 51 0 0 0 0 13 0 0 0 0 0 0 25 0 0 16 0 0 71 0 15 0 39 0 33 58 0 0 97 0 73 0 39 0 1 20 0 0 83 20 4 59 43 6 0 0 0 43 0 0 13 0 0 27 0 0 27 0 43 49
 0 45 25 82 35 0 0 0 0 12 0 0 35 9 65 47 1 34 3 0 42 16 0 0 4 0 0 12 0 0 10 0 59 85 0 46 0 27 0 84 0 0 0 29 62 5 0 14 88 29 33 0 20 0 0 16 56 0 0 0 0 0 5 0 0 71 0 0 0 0 0 0 48 22 0 13 0 0 0 24 0 34 25 0 63 12 0 19 0 0 0 33 0 0 0 4 8 0 0 0 0 16 0 0 6 67 0 20 27 18 51 0 19 0 0 0 21 0 87 0 61 0 0 22 0 0 9 0 58 0 0 14 0 19 11 0 43 35 0 16 0 32 35 0 29 0 0 12 0 41 0 15 0 18 0 4 19 48 47 43 0 23 9 17 6 14 0 0 60 61 10 53 32 30 0 43 0 0 0 54 15 31 0 0 0 0 22 0 0 3 0 49 9 0 53 0 0 0 6 10
 53 42 21 0 0 0 93 55 0 9 0 0 0 69 70 0 0 12 0 0 48 1 0 0 0 0 98 67 0 0 0 0 1 43 46 0 0 0 0 5 0 0 9 4 0 0 0 0 0 51 0 54 11 43 14 20 0 0 0 10 0 5 78 57 0 0 0 0 0 0 59 0 66 11 18 0 0 20 0 15 0 20 13 0 0 23 0 5 16 11 0 71 0 13 14 0 19 0 0 0 0 0 0 31 2 0 74 0 45 0 46 30 0 0 0 0 0 0 0 54 0 78 0 0 69 0 0 8 33 10 43 0 0 33 0 30 57 3 58 0 0 0 0 46 0 12 0 70 6 0 57 0 37 52 58 0 12 18 0 14 7 0 0 78 0 0 9 0 0 0 0 3 19 0 0 6 0 39 0 7 0 0 0 0 0 15 69 0 46 0 24 0 0 0 45 22 35 0 7 0
 0 0 0 0 0 1 0 0 51 0 68 0 0 0 75 0 0 10 19 0 1 18 0 11 0 0 23 24 0 0 33 12 0 0 17 5 0 0 74 0 0 31 51 0 19 32 0 0 0 3 34 82 17 49 35 0 0 0 35 23 5 0 0 0 0 3 36 0 0 0 0 0 0 32 12 0 40 74 0 0 25 22 55 0 65 15 7 0 0 75 0 0 0 36 19 31 0 0 39 32 0 0 19 0 0 63 1 0 7 16 0 0 20 0 0 54 48 18 32 91 0 0 50 0 0 0 10 32 74 0 0 0 0 0 0 0 0 0 0 61 0 13 26 34 0 7 0 0 0 0 0 0 58 34 28 74 3 0 0 44 54 0 17 0 0 0 18 0 44 0 0 0 0 5 68 0 0 0 0 0 0 0 0 27 12 0 0 0 0 55 8 8 0 1 24 0 22 18 0 0
 19 17 0 12 41 0 28 35 0 36 0 71 15 0 96 0 0 0 0 0 45 0 46 0 15 78 0 0 40 0 54 23 0 37 0 0 3 55 83 0 14 53 0 0 0 70 14 7 6 0 0 45 0 0 0 0 0 0 0 87 0 37 40 0 20 0 86 65 29 0 56 37 0 1 22 23 0 37 0 18 65 0 23 10 78 0 0 0 0 0 8 24 31 36 35 12 0 11 49 4 0 4 0 0 40 3 0 51 0 69 22 0 44 20 74 0 0 0 69 74 0 0 0 18 20 36 0 78 0 0 0 8 69 0 22 31 0 2 28 0 0 0 20 26 36 2 41 0 0 0 48 16 69 68 0 0 0 0 0 36 23 0 78 0 0 1 59 3 0 48 0 0 27 90 0 10 0 0 83 8 32 2 59 50 4 0 53 0 0 65 38 9 0 0 0 0 0 0 23 0
 49 0 0 4 84 0 0 0 0 0 12 0 0 0 10 27 57 19 0 0 0 6 11 65 0 0 35 83 21 14 0 0 35 34 0 24 55 9 33 34 68 0 1 17 0 0 15 0 0 0 0 38 21 12 0 36 0 1 0 0 8 37 0 0 0 0 0 0 0 2 0 47 69 0 40 0 65 0 34 0 19 0 20 20 0 18 9 3 57 0 0 0 0 81 55 0 0 39 21 0 0 0 0 0 5 0 14 37 0 52 59 0 29 0 0 0 15 4 0 26 1 34 0 0 17 0 0 4 54 14 41 0 25 0 71 22 1 0 38 27 90 12 0 43 0 52 0 0 44 27 12 6 0 1 0 0 0 0 0 0 18 33 0 38 0 76 0 0 0 0 69 50 38 0 0 60 3 8 0 0 0 0 0 0 9 38 43 22 0 9 25 17 0 16 0 0 0 36 0 0
 0 43 1 0 0 4 0 26 25 45 0 0 0 23 75 0 42 42 38 0 0 0 7 20 9 77 0 11 43 30 47 14 0 29 0 0 59 0 0 0 0 0 0 22 0 13 0 0 18 0 0 34 0 37 0 0 0 67 0 52 0 69 20 12 7 8 0 0 24 0 0 0 49 0 33 0 0 72 58 38 0 47 75 14 93 10 36 6 0 24 0 20 0 0 0 0 0 0 2 31 32 0 0 4 10 0 0 0 0 0 23 13 13 0 0 49 64 0 0 0 0 0 0 0 0 26 33 0 0 0 90 0 6 0 21 0 28 6 73 0 3 0 0 0 42 38 0 0 0 0 0 0 31 62 43 0 6 0 0 39 13 0 0 0 25 31 72 0 6 0 11 0 25 15 45 0 0 9 0 0 18 5 36 24 28 24 0 1 38 0 0 0 51 43 0 57 0 46 0 18
 10 63 14 0 21 73 48 0 0 0 41 68 45 14 74 21 0 0 12 0 46 27 47 37 0 0 18 0 36 67 26 0 28 4 0 65 0 38 72 0 0 0 3 0 0 24 30 13 5 0 0 79 42 19 0 7 80 8 11 0 10 5 0 0 0 0 75 0 21 0 13 43 14 0 1 5 0 0 0 0 0 54 0 0 0 26 15 0 67 0 7 7 0 33 86 78 0 0 48 63 0 29 26 26 14 0 5 0 0 61 14 40 0 32 5 0 0 19 0 0 0 0 29 8 0 59 0 0 0 0 58 69 0 45 0 61 0 0 0 82 0 0 53 23 0 40 0 0 38 0 0 3 17 0 19 0 0 0 69 0 30 80 0 0 0 69 0 0 0 0 26 0 72 0 0 5 0 11 0 46 0 13 0 46 59 0 13 48 0 49 40 0 0 0 0 0 24 69 12 36
 0 0 55 0 0 0 0 25 0 0 0 22 0 28 21 0 5 43 0 15 0 65 0 0 0 60 12 3 0 0 0 0 0 50 8 0 0 0 0 11 19 0 11 0 43 0 0 0 0 0 34 1 0 43 0 24 24 0 35 62 32 35 12 6 0 8 0 77 0 0 14 0 78 0 3 0 0 57 2 73 57 0 20 0 38 52 0 0 11 63 3 0 0 56 42 42 0 20 0 0 0 0 3 0 0 23 0 16 50 0 0 0 0 28 43 0 5 0 12 0 0 11 0 0 3 35 0 21 13 0 76 75 2 77 57 33 0 58 63 0 0 34 0 53 11 0 0 12 20 30 0 0 33 33 0 0 14 0 0 1 0 26 95 61 32 0 21 0 0 0 20 1 0 0 0 70 62 12 0 0 37 9 97 0 35 0 0 25 38 46 15 0 0 0 93 0 0 60 72 71
 0 0 0 18 0 64 9 0 0 0 0 0 38 0 0 0 29 28 11 0 22 46 32 0 43 0 0 0 73 0 0 0 2 27 18 0 0 0 20 11 9 23 0 2 67 24 13 0 0 41 69 43 4 12 0 0 37 0 0 0 73 0 0 37 0 5 0 44 2 0 0 26 25 0 41 74 40 0 0 0 0 58 0 0 51 0 0 0 0 0 13 10 0 16 20 0 0 0 44 0 21 0 36 0 12 0 0 0 44 0 0 0 82 9 31 0 15 0 28 0 0 0 0 0 0 52 18 0 35 0 46 1 76 0 44 14 80 0 0 0 29 0 0 0 26 65 0 27 0 0 33 21 0 0 0 29 0 28 0 0 0 37 0 14 0 37 51 0 12 0 0 0 43 17 66 52 0 5 3 10 26 51 0 37 14 89 83 0 81 0 0 0 0 57 72 0 0 0 31 5
 29 0 26 18 0 0 30 1 0 0 47 30 21 0 2 30 29 9 52 0 0 0 0 19 0 16 0 0 11 0 47 0 0 39 4 34 0 0 0 46 0 9 6 37 0 0 25 0 28 18 4 32 0 0 0 3 21 70 72 0 1 7 59 0 0 0 0 0 0 0 6 0 55 0 30 3 0 0 0 25 11 0 51 33 0 0 39 20 0 48 0 0 0 0 0 0 0 0 0 0 0 0 0 0 16 0 0 30 0 17 0 0 0 58 0 31 0 0 9 9 0 66 0 0 15 26 0 0 0 0 0 0 0 0 0 67 0 0 36 0 52 0 0 76 0 0 0 0 0 38 0 7 4 12 51 0 0 58 38 0 20 0 18 0 13 15 94 70 26 0 0 20 0 8 0 0 0 38 0 17 0 44 0 0 50 0 56 32 68 0 42 10 0 0 84 58 0 0 0 0
 0 0 0 29 0 56 6 91 40 28 80 60 15 11 4 0 0 0 12 0 0 50 56 0 63 10 59 0 41 0 0 61 0 0 0 54 0 0 0 20 33 0 0 0 0 0 39 0 7 53 0 36 57 20 0 0 30 0 50 28 0 0 75 57 12 33 26 6 0 2 0 51 60 17 0 53 24 70 0 3 62 81 0 67 0 9 0 9 0 28 3 41 0 30 0 2 31 0 8 31 35 0 0 16 24 29 24 0 0 0 0 34 0 35 1 16 0 0 0 21 5 0 0 64 0 14 0 52 11 0 32 0 50 42 0 0 0 0 0 0 45 26 0 0 0 38 0 0 77 0 0 0 68 0 0 0 42 46 0 61 12 0 0 0 69 0 5 20 0 37 0 0 0 0 0 18 0 0 0 77 0 16 35 0 52 0 0 0 66 73 22 0 0 0 29 69 0 0 40 0
 32 0 6 95 21 50 36 0 0 36 3 50 0 35 48 0 0 62 0 12 0 42 0 26 0 16 0 0 18 0 36 18 0 0 0 31 14 0 11 8 5 0 0 0 1 30 8 66 39 0 0 0 38 0 51 0 1 37 0 10 0 0 34 0 15 0 0 18 55 0 75 0 48 0 48 15 0 47 87 4 0 0 30 0 0 26 0 0 24 80 5 0 27 1 39 0 0 0 0 0 2 0 0 35 0 0 0 0 0 43 0 0 3 0 9 16 0 0 0 0 42 32 0 0 18 0 0 13 0 0 39 89 70 60 48 0 0 12 7 16 1 0 42 0 38 0 23 0 0 0 54 26 2 40 14 0 38 0 39 43 0 36 9 9 0 0 0 12 0 0 0 0 0 10 0 39 74 31 39 0 72 0 0 0 12 73 0 38 77 0 34 0 10 0 25 0 0 0 2 0
 0 0 0 25 0 84 0 4 24 0 72 0 0 67 0 32 1 5 25 0 6 0 42 37 0 38 7 43 0 12 0 62 0 0 0 66 4 0 0 34 0 0 42 73 14 43 1 0 51 56 0 0 0 42 0 0 0 0 9 8 35 60 0 0 42 0 0 43 85 17 4 42 53 0 7 21 0 42 54 0 0 4 9 28 78 39 6 0 0 2 11 0 36 0 0 12 66 5 0 32 0 0 0 92 26 0 0 34 0 6 16 34 25 0 53 0 0 0 40 0 0 36 0 0 0 0 8 17 0 51 0 31 0 0 63 1 43 0 15 0 0 0 4 0 0 31 36 52 34 0 0 77 0 0 78 0 0 74 0 0 0 0 55 39 38 42 29 0 0 0 0 0 0 62 0 6 0 8 8 0 8 11 28 14 4 0 35 0 2 0 49 38 0 19 48 0 0 0 79 32
 0 74 0 0 18 0 67 0 0 0 0 85 90 12 0 0 0 32 23 5 0 79 69 79 47 14 0 0 29 0 0 0 0 0 30 0 30 0 27 0 0 0 35 22 0 91 7 22 38 0 22 0 0 0 0 0 23 0 54 26 0 29 0 59 71 0 3 0 0 8 0 0 60 15 92 58 59 67 0 77 1 0 36 45 18 61 0 0 17 0 0 0 0 32 0 69 32 0 33 0 0 51 5 0 22 13 0 30 17 66 0 0 0 37 0 0 0 14 36 0 0 46 19 85 54 29 7 50 0 21 2 0 31 11 1 0 8 0 0 0 0 0 0 1 5 0 24 0 0 0 18 0 22 0 40 21 22 0 74 0 0 0 46 93 0 27 47 68 51 0 0 0 31 15 0 0 75 39 0 20 11 33 0 40 32 0 0 81 0 2 0 0 0 37 0 10 15 0 0 16
 81 0 0 3 0 0 14 47 0 0 0 17 0 0 0 2 14 0 37 37 0 33 0 0 0 0 0 31 10 0 0 40 14 0 0 29 8 9 0 0 42 54 0 0 0 0 0 56 0 0 63 0 30 0 50 0 23 0 0 0 7 26 82 13 19 0 11 0 30 10 0 25 14 0 0 2 0 42 87 0 86 10 9 2 0 8 0 69 0 0 0 0 0 62 0 33 0 75 71 45 15 0 10 0 0 18 0 74 0 0 22 52 0 0 0 25 0 0 13 57 3 36 17 53 55 31 19 0 0 21 0 0 2 20 0 5 0 0 0 0 0 4 82 11 17 0 32 33 0 0 0 0 5 0 0 0 0 16 17 34 24 0 75 31 0 30 0 46 0 7 0 0 0 0 0 0 17 0 0 26 13 67 32 48 0 0 42 38 17 0 0 0 0 0 48 18 36 0 22 0
 0 0 8 0 32 86 0 0 0 0 74 0 0 0 0 0 0 2 0 24 0 0 27 0 0 0 34 0 24 27 0 0 70 59 0 50 3 0 2 0 0 0 0 0 23 35 86 50 32 0 19 45 0 0 67 0 0 45 0 5 11 0 0 0 11 0 53 69 25 0 10 30 22 54 88 36 28 5 32 77 0 73 50 9 6 0 0 6 0 60 0 83 8 0 0 0 0 0 0 61 65 24 0 62 83 0 56 0 60 0 4 66 40 35 0 12 11 0 25 0 61 33 0 0 0 0 0 0 74 5 0 64 0 0 0 0 0 0 0 1 34 69 20 11 12 0 0 0 0 0 0 0 12 12 0 15 17 95 64 36 0 0 0 0 29 0 69 0 0 0 2 67 0 15 0 84 17 51 0 52 27 0 49 0 21 27 0 18 18 0 1 36 0 57 0 6 33 29 0 18
 0 0 0 54 39 6 6 0 34 35 0 0 9 27 0 21 2 51 7 56 0 66 0 0 8 0 31 0 22 3 77 0 0 40 73 0 0 27 32 92 28 36 0 0 0 7 0 40 52 17 43 0 40 0 5 1 9 19 0 0 0 0 0 0 32 0 9 0 0 0 0 71 50 0 0 33 47 0 21 0 0 39 3 0 0 15 42 21 3 37 0 76 0 66 33 0 0 0 0 0 57 37 65 0 32 0 56 37 64 0 77 0 0 0 0 0 57 0 28 0 0 20 0 40 5 85 4 0 27 17 0 46 0 0 18 0 6 7 0 0 35 0 15 98 0 21 0 90 13 0 0 0 0 0 0 70 8 9 82 0 53 76 0 23 16 50 0 0 15 0 16 0 79 39 0 40 28 0 0 57 7 0 68 0 0 0 0 0 0 0 36 0 26 2 31 32 0 0 0 23
 0 0 24 1 0 0 31 44 26 0 49 4 0 0 0 0 7 65 62 11 0 0 0 37 0 53 0 11 77 0 0 8 0 18 0 0 0 0 0 0 0 26 0 48 0 0 0 47 0 7 0 23 29 0 90 0 0 48 0 16 32 35 55 22 73 95 0 0 48 0 0 41 0 0 0 55 20 7 31 64 44 0 89 33 1 0 56 52 0 0 44 19 27 65 0 0 0 0 0 18 0 25 43 0 0 35 0 0 0 0 5 84 0 25 0 0 83 42 32 0 30 42 78 0 45 38 21 0 25 14 0 0 0 0 0 65 0 0 64 0 0 0 0 25 0 0 6 12 0 6 0 61 13 0 33 43 0 0 0 55 0 0 58 38 11 0 0 0 15 28 0 0 31 4 0 0 35 0 0 27 57 62 11 3 0 34 0 62 0 0 81 0 4 0 0 52 55 0 0 74
 18 36 0 0 12 0 57 14 55 0 0 18 27 0 0 57 27 0 0 37 0 20 23 30 0 0 0 0 54 0 41 0 4 16 71 0 0 0 9 48 0 66 32 35 0 0 24 11 16 24 0 0 35 31 0 24 12 25 0 72 39 0 0 0 0 0 27 16 82 28 28 0 9 9 0 45 23 62 34 3 31 0 6 81 14 20 0 0 6 0 21 0 37 19 9 25 25 15 0 88 7 81 0 54 77 57 0 0 0 71 0 0 0 0 38 49 21 0 0 29 11 18 0 35 0 48 0 0 0 31 56 0 13 10 16 0 0 0 0 0 30 0 41 0 0 43 32 0 0 0 0 2 0 0 55 52 44 37 72 0 0 0 0 43 18 0 0 44 0 0 0 0 0 0 0 45 0 0 79 0 0 19 0 41 22 0 0 0 0 0 53 0 13 0 0 0 0 0 0 0
 0 0 0 24 52 0 24 0 11 0 0 0 28 0 85 0 11 3 0 0 0 0 34 0 0 0 25 0 0 0 18 0 0 51 0 63 0 0 39 76 0 34 1 0 0 92 33 36 23 51 44 0 15 35 1 0 0 26 0 0 0 44 97 0 73 83 0 64 2 31 0 0 12 29 1 9 0 0 0 0 0 0 0 66 0 33 38 76 6 74 0 33 0 0 12 72 36 0 0 79 75 0 59 33 20 12 0 23 0 30 8 0 0 79 0 14 65 31 0 0 0 35 28 0 0 26 0 0 44 0 41 34 22 2 0 0 0 0 54 0 11 20 4 0 0 78 72 0 0 24 80 20 0 17 0 5 0 0 0 0 0 0 0 0 0 0 57 19 0 41 0 9 18 31 36 0 0 0 0 2 0 43 41 50 38 2 37 33 22 0 0 0 30 0 0 0 38 44 0 0
 35 0 0 20 37 0 0 0 0 0 0 30 0 0 47 36 84 50 78 0 0 53 0 64 2 3 0 0 29 18 0 0 72 0 0 29 2 48 0 45 0 12 0 0 55 0 3 17 76 0 76 0 27 0 0 35 0 10 9 0 0 53 0 0 26 0 0 0 53 83 0 0 0 0 37 0 50 0 0 85 57 0 1 0 24 0 80 0 91 16 0 9 0 0 22 0 0 0 0 58 20 19 0 0 0 63 0 0 3 54 0 44 0 0 0 91 47 0 23 0 39 12 0 0 0 0 0 0 15 36 4 3 0 0 10 0 0 39 0 1 0 0 0 0 35 22 0 63 0 44 13 67 33 20 1 37 2 73 0 37 23 47 2 7 0 0 46 0 0 15 63 0 35 37 0 0 0 0 0 0 0 0 84 48 24 0 97 0 0 0 21 0 0 0 0 0 0 18 91 79
 44 0 0 0 0 77 0 5 0 42 0 69 0 0 3 0 52 30 0 0 0 61 0 37 0 40 58 0 0 64 0 0 16 0 47 0 0 59 0 0 89 5 68 0 0 0 0 26 46 84 49 52 0 1 27 15 38 50 0 33 0 0 0 31 20 3 0 0 0 46 0 38 21 39 0 18 0 25 0 49 0 0 5 0 0 0 0 28 0 75 0 3 13 75 0 65 60 0 25 32 0 0 7 3 37 0 17 50 7 0 0 11 0 11 0 1 0 61 27 0 1 54 64 0 0 0 0 27 26 0 80 16 25 0 46 0 40 0 0 53 29 0 63 0 0 9 0 19 0 38 0 0 0 0 0 0 82 0 10 0 31 0 0 66 38 83 0 3 24 0 0 0 0 6 0 2 15 76 0 0 0 49 0 0 0 0 0 0 2 0 31 0 23 20 86 67 0 0 0 0
 0 0 15 0 0 36 0 7 0 0 0 42 0 28 0 23 64 22 20 11 0 0 31 50 38 14 24 49 32 0 32 0 30 0 0 0 1 0 0 1 38 0 0 8 0 33 0 0 41 0 0 0 28 7 0 0 19 0 11 0 0 31 71 0 30 56 0 26 3 40 17 0 84 0 1 0 0 79 4 0 24 0 0 0 0 13 0 0 0 27 0 20 0 17 0 0 19 0 0 0 31 25 0 0 13 0 29 68 0 20 12 44 4 0 27 0 8 0 0 13 39 4 49 2 29 0 0 0 0 0 33 0 16 47 33 0 69 0 0 0 0 68 12 0 9 0 23 0 22 44 6 13 0 0 46 86 17 0 20 0 15 0 0 84 68 0 0 0 0 0 0 0 8 0 0 20 0 19 23 82 35 0 0 63 52 34 66 0 4 0 79 36 7 0 64 12 0 21 0 0
 28 15 0 17 49 7 56 33 0 2 0 1 44 0 7 62 10 67 0 42 0 10 17 0 0 0 0 8 0 0 0 29 0 0 64 1 0 19 9 1 53 73 0 1 17 0 64 0 76 21 0 0 0 40 0 22 0 50 0 35 0 41 0 0 0 0 0 12 6 0 4 43 53 40 0 0 0 54 0 0 9 0 28 21 0 0 16 0 0 0 0 17 10 1 0 0 17 0 47 7 0 16 26 0 0 0 0 0 0 34 0 0 0 1 0 23 0 0 56 0 0 7 0 50 22 3 34 0 30 0 0 17 32 12 82 0 0 57 0 49 0 9 0 0 0 15 18 0 3 41 10 49 23 30 0 0 5 34 0 0 13 0 0 21 0 0 0 0 53 0 6 0 0 94 0 0 38 0 49 0 0 26 16 0 0 37 49 21 0 0 0 0 0 21 0 0 55 73 6 41
 0 3 0 0 4 26 26 0 64 0 23 12 10 0 20 0 0 0 1 45 34 0 0 36 0 0 0 38 0 0 63 19 40 0 0 5 16 0 0 13 25 33 0 40 0 45 0 70 0 0 64 86 0 0 0 0 0 0 0 0 0 0 0 0 0 23 0 0 50 0 0 0 84 25 0 45 0 0 0 30 48 76 15 26 55 0 0 1 0 0 9 0 0 37 85 0 0 36 0 0 0 0 0 0 0 31 23 6 11 0 90 43 0 36 5 28 0 72 19 0 0 38 0 34 8 10 7 51 61 63 25 0 6 48 43 0 0 0 46 0 0 0 0 31 0 52 0 0 0 92 0 0 14 26 0 35 39 0 0 0 1 0 0 0 11 0 0 0 0 0 0 46 0 59 24 6 0 0 48 2 0 0 0 0 0 72 19 0 7 52 0 17 4 0 58 21 38 2 65 24
 0 0 0 0 22 62 71 0 40 0 36 82 37 0 0 0 52 0 63 44 0 30 0 0 4 0 0 0 0 0 0 0 33 9 0 73 22 0 13 9 0 26 22 5 0 0 27 0 0 0 0 0 80 1 30 6 55 57 0 24 27 0 48 0 48 63 0 0 0 0 15 0 0 66 61 16 4 62 11 0 0 53 10 0 0 0 0 46 8 0 0 92 0 0 0 0 90 0 0 72 0 0 14 0 61 0 0 45 30 65 0 4 0 0 31 2 0 0 0 0 5 69 24 1 0 49 0 0 42 0 29 4 0 0 75 0 54 17 0 0 0 0 0 0 0 0 41 0 64 1 0 8 15 33 0 0 20 0 0 22 66 22 14 0 0 0 0 0 9 21 0 83 48 19 11 0 51 0 25 5 21 22 50 0 0 0 15 20 73 0 13 0 16 0 90 0 0 0 23 0
 0 0 0 0 3 12 0 0 0 65 0 0 7 0 45 0 48 0 25 0 4 0 3 0 0 24 1 0 59 0 67 0 36 32 0 24 5 0 61 0 0 0 20 0 7 46 0 33 61 0 0 0 0 0 0 0 0 0 31 0 0 0 42 0 2 57 35 0 0 31 0 25 44 0 18 6 27 0 23 0 0 0 0 0 8 5 0 53 0 63 0 78 18 42 0 10 0 0 25 0 48 0 0 0 0 0 3 0 0 64 0 0 49 15 0 0 0 0 45 11 12 16 27 0 0 13 0 0 0 2 0 0 0 32 58 52 0 32 0 12 0 0 16 0 53 0 0 0 10 76 31 0 50 69 0 66 54 75 0 41 78 4 50 71 64 40 0 0 0 0 0 0 0 29 2 0 8 0 0 0 0 8 47 1 0 36 0 0 5 0 86 0 0 27 4 0 0 19 33 34
 46 59 46 0 74 27 0 43 22 55 0 0 0 0 0 0 6 48 48 0 66 0 18 0 49 0 0 21 0 18 50 0 14 0 49 50 58 0 0 0 0 58 18 0 26 0 0 0 0 70 32 0 7 16 0 3 0 0 0 0 0 0 0 0 0 0 0 0 12 0 35 1 0 0 0 74 0 0 6 0 11 62 0 0 8 41 0 0 26 43 0 0 0 2 0 14 94 12 0 80 0 47 0 0 0 0 0 0 6 15 17 18 6 0 0 0 8 0 0 56 0 69 0 0 0 0 0 0 13 30 0 32 60 0 0 4 0 17 0 4 0 8 0 16 0 0 0 0 0 0 87 0 5 79 0 0 0 10 0 0 0 27 0 10 0 81 0 36 27 0 0 0 53 0 21 11 0 8 1 25 0 30 0 30 0 25 12 0 4 0 42 67 0 0 0 0 0 55 0 0
 0 0 0 0 0 18 39 24 29 0 6 0 32 67 0 92 0 0 30 21 39 0 0 0 90 60 0 10 57 30 0 0 27 23 13 58 33 0 0 32 0 4 0 28 0 0 0 0 1 25 0 31 0 59 20 22 0 11 0 4 30 0 69 0 0 0 0 35 0 21 87 67 4 0 0 76 44 0 31 0 29 2 0 0 30 0 12 7 0 43 14 61 1 0 48 0 41 0 0 0 0 86 0 36 0 54 0 50 3 0 69 19 0 0 0 14 0 0 20 34 0 38 0 0 18 0 8 0 6 53 31 22 40 0 63 18 67 20 15 0 26 0 6 0 0 0 12 26 0 0 0 0 64 74 0 0 50 0 2 18 5 0 0 0 0 38 64 10 6 21 69 0 0 20 0 0 21 0 43 0 0 25 5 0 0 0 20 82 0 0 28 86 0 45 25 0 66 22 0 31
 5 47 22 72 56 24 0 0 0 0 0 0 22 69 0 0 43 0 0 48 0 0 5 0 0 3 10 77 0 0 0 37 0 17 31 0 63 55 75 64 0 8 5 0 0 0 0 83 37 0 0 0 35 0 7 0 11 11 0 0 0 0 0 0 67 0 0 14 30 0 0 0 3 0 1 7 18 16 37 1 75 42 0 0 0 0 20 0 65 57 34 29 32 0 0 0 0 33 0 0 42 0 0 21 32 0 0 0 0 0 0 38 0 36 49 9 19 85 0 46 16 23 0 0 0 0 3 0 2 0 36 10 65 12 0 0 58 18 0 0 13 0 0 76 0 67 0 0 0 0 0 54 14 26 66 0 0 4 62 0 3 51 7 0 52 0 0 5 70 100 0 24 63 11 8 0 0 0 4 48 10 24 0 0 0 0 3 20 25 0 0 23 18 7 0 0 38 0 35 0
 0 0 59 72 71 0 0 0 91 27 0 0 0 39 18 0 0 0 38 0 65 0 0 0 0 43 67 0 0 16 5 0 0 44 93 0 34 0 0 23 0 0 60 0 0 36 9 0 6 46 62 24 0 0 41 0 3 39 60 0 0 36 0 0 0 0 0 0 81 18 0 9 61 0 0 0 0 0 12 0 24 0 0 0 0 0 78 2 40 16 25 6 84 0 44 0 60 0 2 48 0 49 33 0 0 0 0 0 0 0 0 28 21 0 0 0 0 0 59 0 0 7 2 0 0 78 0 0 0 0 0 0 0 9 25 0 0 23 8 32 72 39 0 0 0 0 1 4 0 94 11 0 17 0 10 25 0 4 0 0 0 33 0 0 0 0 0 67 0 14 0 53 0 0 0 0 4 0 0 0 51 1 20 59 0 15 0 0 8 37 35 0 0 0 7 0 0 0 42 0
 36 11 5 92 4 0 0 0 0 0 27 7 0 0 59 0 14 2 49 0 4 0 6 0 0 10 66 0 0 7 0 0 0 10 0 0 13 0 0 31 0 12 0 0 0 42 6 0 0 0 54 0 16 0 84 0 20 0 0 0 68 0 37 0 37 0 0 45 0 0 74 48 0 85 43 57 82 0 12 77 75 31 0 97 0 21 0 0 6 0 0 30 0 0 0 41 5 5 0 0 0 37 12 0 0 28 0 21 0 0 0 58 0 13 0 31 0 0 38 34 0 0 0 0 87 0 0 0 66 64 12 0 0 0 82 11 16 39 0 14 0 0 0 6 0 0 0 45 0 0 0 0 1 18 43 30 62 0 0 0 0 61 57 52 72 0 0 45 0 0 46 43 2 9 0 49 0 66 0 66 0 0 51 12 0 0 0 94 0 64 0 0 44 76 6 55 6 1 48 0
 44 71 0 1 19 0 55 0 0 23 71 56 2 31 0 0 0 1 66 0 17 5 0 16 70 0 28 0 0 7 4 12 0 0 0 27 61 0 0 29 90 20 0 0 60 0 21 10 49 50 0 0 0 11 54 0 70 0 0 41 69 0 0 5 33 0 0 1 0 10 0 0 0 55 34 0 0 0 0 0 86 69 0 27 9 0 0 12 64 0 55 0 0 0 0 41 0 5 0 0 77 0 1 0 0 81 0 0 0 0 0 8 0 42 0 59 49 12 28 34 0 0 24 0 14 0 0 0 34 0 0 55 0 0 0 59 0 35 64 0 7 44 52 0 0 0 0 54 36 65 0 46 0 6 0 39 43 26 0 0 0 29 0 0 0 7 0 5 78 0 0 0 0 57 0 16 0 0 24 1 51 0 0 5 37 10 0 0 0 0 6 0 0 0 0 18 13 26 0 21
 30 10 38 1 0 0 16 0 0 76 0 0 0 23 0 22 71 0 32 50 0 66 80 59 0 0 0 9 0 70 0 0 56 0 0 48 74 16 31 0 19 3 15 0 0 0 10 53 0 0 0 26 29 0 0 39 0 32 0 74 0 47 0 0 0 56 39 60 62 44 38 18 0 0 61 0 0 0 10 0 0 34 81 0 5 0 0 27 0 20 0 0 0 41 22 40 0 0 18 28 8 0 59 0 0 0 73 0 16 0 18 41 0 0 0 35 48 61 0 0 0 0 83 34 0 0 0 0 67 8 0 2 0 32 0 0 85 30 0 7 13 0 22 35 0 0 53 0 8 0 21 0 0 70 0 71 32 69 14 71 0 0 0 55 0 18 11 0 0 11 4 0 0 7 41 21 19 0 50 2 29 11 0 0 34 40 58 62 0 0 0 0 0 32 46 0 0 0 11 0
 0 16 40 18 65 33 0 0 0 0 51 0 43 0 0 0 63 1 0 25 0 27 0 89 0 32 0 0 43 0 27 0 42 0 23 10 22 0 0 33 0 13 4 56 0 44 62 64 0 0 0 0 0 0 19 0 14 0 8 0 0 0 0 0 0 0 0 51 0 0 30 0 0 0 11 48 9 6 5 18 9 0 56 70 5 0 37 0 90 61 0 60 0 0 40 46 0 88 0 72 3 0 41 15 7 0 0 21 69 85 0 91 44 15 27 0 0 0 71 0 0 32 0 0 25 0 44 0 0 0 0 3 46 16 22 9 0 85 23 97 69 0 31 0 0 0 0 8 21 0 87 62 0 44 0 34 13 65 0 0 0 23 64 24 45 0 0 0 1 0 8 0 0 4 0 74 0 22 20 0 0 6 6 28 0 0 0 0 83 46 0 0 7 7 17 6 44 0 12 0
 0 0 0 23 64 31 14 40 26 98 13 0 0 0 0 95 0 0 0 55 0 0 74 50 0 17 36 69 69 83 39 0 12 0 0 0 10 57 0 16 0 54 55 0 0 0 0 0 21 20 18 0 0 0 38 9 34 0 0 10 0 0 0 0 33 0 0 0 51 63 57 0 0 46 3 28 27 13 1 0 0 77 0 34 0 0 0 0 6 62 0 47 0 44 0 0 14 14 0 32 35 0 46 16 15 57 69 0 6 16 0 0 0 28 10 0 13 0 0 0 48 0 0 11 41 94 69 4 12 0 0 0 0 32 0 0 49 83 0 17 0 0 0 0 16 39 0 0 0 43 39 65 0 0 0 42 0 0 44 18 58 8 0 28 0 0 42 0 0 0 0 3 16 59 82 0 0 0 0 58 0 0 0 44 0 65 0 39 0 43 16 0 0 0 14 0 11 20 0 58
 0 0 0 21 0 0 0 22 0 0 42 7 64 0 36 15 0 26 0 0 0 0 65 43 0 4 0 94 54 55 0 5 2 48 21 0 7 47 5 0 63 21 31 0 0 0 0 28 0 49 0 0 8 0 76 0 0 19 27 39 0 0 36 0 15 0 0 37 0 38 44 9 0 15 0 0 0 2 42 51 0 0 0 40 37 0 59 0 11 47 33 36 0 0 0 0 0 34 0 0 24 0 0 5 0 16 61 82 0 49 8 5 0 11 20 0 0 0 0 0 4 59 89 0 16 63 0 1 0 0 61 0 40 0 0 0 0 0 0 0 0 10 10 65 0 0 0 51 0 0 29 12 36 0 48 0 52 3 0 13 0 0 0 30 70 0 0 0 0 48 0 0 38 0 37 0 31 40 16 0 0 0 0 65 0 24 31 27 23 0 0 0 6 0 13 36 47 32 0 31
 0 8 12 27 11 0 15 0 0 24 45 0 48 36 0 0 27 0 1 9 6 84 25 0 79 39 0 26 0 0 0 26 74 60 0 0 0 38 15 0 0 0 0 40 0 0 0 13 0 0 0 97 0 0 0 0 11 25 0 0 0 0 0 6 0 24 0 0 10 46 0 25 51 34 0 0 45 15 8 0 7 48 11 6 59 17 9 0 0 0 36 0 91 0 0 0 34 0 49 72 29 2 17 0 59 4 36 17 0 0 0 90 0 64 10 11 32 0 0 0 0 8 0 12 0 0 0 49 0 26 0 0 6 29 0 35 3 0 13 63 0 6 0 0 0 0 0 16 0 0 0 0 37 0 14 0 72 0 32 0 0 0 0 0 0 16 0 0 0 60 3 22 47 33 25 0 8 0 0 35 25 13 48 0 87 0 0 12 0 70 0 9 0 0 0 63 50 46 18 0
 15 2 16 10 8 0 46 4 72 0 0 67 0 0 23 1 30 0 0 20 45 1 46 38 0 0 0 40 64 16 64 28 96 67 0 85 32 5 0 8 0 19 20 0 0 0 68 0 31 82 0 59 0 0 0 10 0 0 1 21 0 40 12 15 0 0 14 0 0 75 40 0 6 10 76 7 0 0 0 13 24 17 0 15 0 0 89 0 35 0 47 0 16 23 69 3 22 0 39 0 32 0 0 0 0 16 0 26 2 28 0 1 0 23 0 48 0 0 0 92 0 25 0 0 0 19 0 32 89 0 0 0 51 0 0 28 55 0 0 29 0 30 0 36 47 31 1 0 0 0 0 10 0 0 0 0 0 11 11 43 6 34 0 0 0 44 0 2 0 0 0 0 14 23 0 0 38 0 80 85 23 63 25 0 63 14 0 0 10 0 0 0 36 0 40 47 61 0 0 19
 13 0 0 20 37 0 25 37 1 61 32 0 0 0 54 9 39 31 11 58 0 73 0 0 0 13 7 25 60 62 16 0 0 38 57 0 0 0 0 0 0 34 10 19 75 25 0 79 0 0 37 17 0 0 32 86 10 0 0 28 63 40 0 0 0 0 8 0 11 0 6 15 0 0 0 45 0 76 0 26 0 0 18 13 88 19 7 68 0 17 7 0 69 0 60 52 77 0 0 46 0 65 0 10 96 61 0 0 31 16 0 43 0 24 35 6 0 0 38 53 0 18 72 4 72 0 7 20 0 43 0 0 0 24 0 55 0 18 59 0 45 31 0 0 65 73 0 37 21 13 0 0 0 0 95 0 0 0 43 0 77 58 0 6 0 24 1 52 0 53 57 9 19 19 0 8 19 0 25 0 0 42 48 12 0 22 0 70 47 58 47 19 26 0 0 0 0 24 0 0
 0 21 0 0 0 6 0 0 3 0 0 75 0 51 0 0 0 12 0 0 0 33 10 91 0 18 57 52 25 0 3 41 16 0 0 0 0 42 37 9 0 49 0 0 0 16 0 0 14 0 11 14 0 65 0 0 1 11 0 0 31 0 3 76 0 86 0 0 0 20 0 40 65 0 73 0 32 0 0 0 0 32 0 0 0 13 0 0 26 6 0 0 0 0 41 32 0 0 8 13 0 85 24 50 21 0 2 0 60 5 29 0 0 11 6 18 16 18 20 0 94 0 0 0 0 23 0 18 0 86 0 83 0 7 0 0 35 47 71 49 68 0 0 0 23 1 11 95 76 0 0 71 3 42 19 12 20 0 0 0 0 0 0 0 46 0 0 5 0 53 88 3 55 0 2 0 0 0 17 32 20 0 0 0 4 19 12 22 43 45 0 0 0 0 0 34 4 51 0 0
 0 29 0 8 63 19 0 19 23 0 0 10 2 0 3 68 6 17 0 0 4 0 0 0 0 54 0 13 8 42 0 0 0 0 0 0 0 0 0 62 0 2 0 0 33 100 20 0 12 0 0 32 5 0 77 0 58 0 0 0 0 7 29 0 0 25 86 0 0 0 0 45 32 11 0 0 0 0 0 11 62 0 0 0 0 94 56 0 0 12 3 0 0 0 37 58 0 0 68 0 45 5 0 0 1 0 0 0 0 9 0 0 0 0 33 0 0 67 0 9 0 0 0 0 24 0 34 0 0 16 0 1 41 29 14 0 0 0 17 0 53 0 9 0 58 0 0 54 21 0 0 0 0 0 0 0 65 0 0 14 65 12 0 0 0 0 57 76 9 91 0 0 0 4 26 0 0 0 8 0 0 47 13 47 29 0 6 76 90 66 45 0 10 0 39 8 42 30 0 72
 0 10 28 56 0 13 0 31 62 0 27 0 0 1 0 4 25 53 4 1 38 0 0 24 58 27 33 0 0 0 6 0 0 30 48 1 4 36 49 4 0 42 0 59 45 29 0 0 35 23 49 0 16 27 0 0 0 33 0 0 0 0 4 68 47 0 0 31 17 45 81 53 0 10 69 67 0 0 0 48 0 48 8 8 0 0 0 0 2 0 87 67 81 27 4 1 0 69 34 22 0 25 0 38 0 0 0 53 0 0 53 9 64 0 19 0 0 0 69 98 30 10 0 0 0 53 8 1 38 0 0 61 0 0 1 34 0 19 0 18 83 25 36 0 43 0 0 71 47 0 27 0 0 24 38 0 10 0 0 55 0 61 0 22 0 0 42 86 27 0 0 28 0 0 34 0 60 0 84 82 0 22 8 57 0 8 0 2 0 0 55 0 0 0 30 0 0 27 71 35
 0 19 0 7 17 0 51 32 0 40 20 0 85 0 6 18 0 0 19 10 0 0 68 0 0 0 0 54 5 0 9 0 0 72 0 0 0 36 36 0 0 43 0 22 0 74 0 25 0 0 52 0 48 0 0 37 0 45 0 1 30 14 8 0 0 0 10 0 0 0 0 0 11 0 0 24 0 0 0 0 12 4 0 0 0 7 41 24 71 21 0 10 0 0 0 16 14 0 15 2 0 47 0 68 0 0 44 49 4 8 69 0 0 69 16 96 43 45 15 0 2 0 39 7 1 0 0 0 0 1 0 1 0 5 68 0 0 14 62 0 0 0 71 17 8 0 0 41 0 32 0 57 21 0 0 43 0 0 28 0 0 0 0 0 33 47 10 0 0 0 45 38 0 48 0 25 0 0 63 0 0 0 4 43 32 9 0 8 67 0 9 0 0 0 41 0 17 8 0 0
 42 0 0 0 36 75 0 0 0 11 0 0 0 29 0 0 0 21 0 0 0 32 13 0 14 69 0 59 81 0 0 55 0 5 24 0 0 60 0 72 0 0 5 0 79 0 87 47 14 12 12 0 24 76 26 8 58 21 15 0 0 29 32 0 20 0 0 20 24 0 22 0 85 70 0 87 0 0 0 9 75 81 90 64 76 0 0 0 42 5 0 9 97 30 0 0 26 51 0 0 3 61 24 0 0 40 16 0 96 24 44 29 47 0 0 14 38 17 50 0 0 0 49 79 0 0 0 0 76 29 28 70 0 0 16 0 84 4 0 50 0 47 0 0 23 0 11 45 0 0 0 0 0 0 0 77 58 16 0 62 50 0 0 8 5 0 0 35 0 76 3 48 23 54 16 0 0 0 0 0 35 36 31 0 0 0 80 0 0 0 0 0 11 0 12 0 12 32 0 0
 0 0 28 17 50 60 0 55 0 6 42 96 0 63 0 0 0 0 0 59 17 18 0 12 2 4 79 73 0 8 10 0 24 0 0 12 3 21 0 0 0 0 37 50 0 0 0 17 68 0 0 0 0 64 0 0 0 43 0 0 35 0 0 60 0 0 0 73 86 0 0 0 0 41 0 0 8 7 46 38 25 0 35 0 52 24 0 65 94 1 0 36 0 43 69 0 0 31 0 0 0 0 0 50 0 0 22 0 0 8 0 72 0 0 39 78 55 0 4 88 44 0 33 0 0 60 0 13 0 0 29 30 38 0 0 0 0 68 0 0 83 11 0 0 13 13 0 1 0 32 36 0 0 48 42 0 0 37 0 22 0 0 2 0 0 6 0 1 7 0 0 32 25 63 9 50 0 0 43 95 0 88 0 76 12 12 19 63 0 75 8 0 0 64 0 8 44 0 20 0
 9 0 0 0 50 4 42 10 0 0 0 0 0 0 0 0 0 4 70 0 5 0 0 58 0 49 9 7 40 11 26 0 14 0 0 76 0 0 35 0 44 88 0 27 0 47 56 5 39 0 0 0 0 15 0 0 0 16 21 0 13 36 70 19 0 81 0 0 0 10 13 5 0 44 1 14 0 13 0 30 10 0 0 38 34 15 0 0 0 0 0 33 40 0 47 48 74 0 0 0 0 27 0 0 88 13 38 0 0 11 2 0 16 0 0 0 0 0 0 0 47 0 27 53 0 69 19 0 13 0 0 20 0 0 0 0 0 2 63 31 27 0 68 0 3 38 27 53 0 52 0 45 0 0 0 0 27 0 8 29 0 0 18 0 35 46 54 0 0 78 0 49 0 27 0 0 0 27 0 59 2 1 0 54 0 1 0 0 0 59 0 70 6 0 0 29 33 0 30 26
 15 0 2 55 64 42 50 9 10 3 67 39 0 42 0 0 0 5 0 0 0 47 0 0 52 0 0 2 0 0 0 1 0 8 0 49 49 59 0 26 29 0 0 0 13 78 19 0 0 7 0 0 40 15 0 0 55 9 0 84 0 0 0 0 57 37 0 0 37 0 49 0 25 2 0 0 9 84 45 0 0 0 0 32 6 57 0 0 0 0 0 0 39 32 0 91 0 0 39 0 0 23 25 0 0 4 39 71 0 25 0 0 0 0 65 0 20 0 37 0 61 42 0 0 62 20 51 51 21 31 63 0 51 77 0 56 35 0 71 0 85 0 37 0 0 26 0 20 0 27 0 6 2 0 54 0 0 15 0 56 47 54 0 0 0 4 34 56 56 0 0 21 14 39 0 0 55 0 67 0 2 0 0 0 0 0 0 0 0 0 0 15 0 0 0 88 26 0 0 85
 18 83 0 1 0 36 5 65 36 10 0 60 0 29 0 0 26 0 0 77 46 2 0 44 0 53 7 0 0 0 0 0 0 21 12 0 53 0 50 0 0 31 0 0 7 13 0 0 0 0 21 17 3 13 14 26 4 49 0 30 0 0 16 13 16 26 0 0 42 0 0 0 55 0 84 0 0 40 0 0 40 71 18 0 87 0 0 0 13 26 18 0 0 63 0 13 86 18 0 0 0 29 58 20 0 0 81 29 56 0 38 0 0 0 3 0 0 0 53 59 7 0 36 0 0 9 0 0 38 58 10 20 0 0 0 48 14 46 31 82 45 0 0 46 0 0 0 0 0 0 0 16 54 82 0 28 50 0 17 30 0 18 0 0 4 0 41 16 0 0 0 45 8 0 34 0 0 0 0 0 32 0 0 0 0 0 0 0 11 0 0 22 24 83 43 27 0 0 20 6
 0 9 28 60 35 11 0 0 11 33 0 0 16 0 14 0 75 0 20 0 0 22 0 0 0 0 17 0 0 0 4 0 6 0 17 28 13 0 75 0 17 72 1 76 2 8 45 0 68 38 10 0 0 41 16 0 6 5 14 33 0 76 0 53 50 57 0 65 1 48 43 1 0 2 73 0 29 0 31 0 0 30 0 0 0 34 28 5 13 21 0 21 0 0 6 51 0 75 5 0 0 15 2 5 56 21 43 0 36 11 44 0 24 10 0 0 0 0 0 42 0 0 0 0 0 0 47 11 0 37 0 0 49 5 10 0 0 6 0 0 31 9 55 11 49 0 0 0 0 87 15 0 5 0 0 0 28 24 0 16 0 0 6 0 0 41 0 6 63 0 13 0 0 4 5 0 0 0 0 0 0 26 7 43 23 0 0 19 18 7 35 0 0 30 0 0 0 0 7 40
 0 31 0 0 0 49 0 0 44 16 0 6 61 2 37 0 22 15 0 27 0 89 11 22 44 20 52 57 0 32 98 68 2 64 0 0 0 0 0 34 0 51 2 0 0 17 60 0 5 36 0 0 0 0 0 54 0 19 0 16 97 0 0 29 60 31 51 44 11 0 4 0 42 38 0 3 86 25 0 18 7 0 40 17 29 0 0 47 0 0 0 0 22 69 72 0 44 0 4 59 13 28 80 1 0 43 0 0 0 0 0 0 56 15 0 0 9 66 23 0 15 0 0 41 0 0 0 0 57 0 20 0 0 0 75 0 65 1 0 0 11 25 27 0 22 53 0 0 0 16 0 0 0 37 17 8 0 0 8 0 25 24 25 0 40 0 0 0 0 0 32 0 0 0 54 11 22 20 14 2 0 0 0 40 0 40 0 0 0 16 13 0 0 32 0 0 67 0 0 35
 0 0 0 0 0 0 0 0 0 37 14 1 1 0 0 49 28 50 0 18 33 32 41 0 0 0 21 0 29 77 0 17 14 0 0 12 0 0 28 16 0 2 0 85 0 70 31 0 4 19 0 0 47 0 0 6 19 1 0 35 0 11 0 0 67 0 0 0 0 0 10 0 80 0 59 0 50 20 0 51 50 0 0 0 60 0 11 0 0 19 0 0 28 16 43 56 49 60 0 34 0 6 60 0 0 0 76 0 36 70 0 16 69 0 0 0 0 82 0 0 0 0 14 0 0 0 21 0 0 65 0 0 82 0 44 0 0 0 0 0 0 0 36 27 0 7 0 0 76 64 27 0 0 0 0 22 0 1 84 66 5 57 69 19 0 56 0 0 14 0 55 7 0 0 51 0 0 18 0 0 0 47 0 0 0 71 0 73 0 0 0 0 36 40 0 0 6 39 0 95
 25 0 83 0 0 0 24 0 0 0 0 0 0 87 0 0 0 0 0 4 42 0 0 0 0 9 0 0 0 63 0 0 0 5 48 9 45 0 74 0 16 0 0 29 0 0 16 71 72 21 5 73 30 0 2 15 0 36 0 0 21 50 0 0 0 50 0 0 0 8 0 32 37 5 0 37 51 0 27 3 0 0 0 0 0 0 0 5 13 0 47 24 0 11 56 48 30 28 0 78 51 18 80 0 16 0 0 0 0 23 0 23 49 24 0 0 0 40 0 29 0 55 1 86 0 27 5 0 46 0 0 22 11 46 13 0 0 1 46 1 11 13 1 0 0 0 5 3 42 39 53 15 0 0 0 63 0 0 57 0 0 0 61 48 50 0 81 0 0 48 39 0 0 0 0 0 56 0 0 54 15 16 28 21 20 0 32 5 29 0 31 0 0 19 3 56 1 52 0 0
 77 0 2 28 34 0 0 82 48 57 32 44 0 0 33 72 0 0 8 0 19 56 5 0 0 21 0 0 0 0 0 61 61 0 0 0 0 27 0 0 0 0 21 0 0 0 37 0 0 86 14 0 67 5 0 30 25 37 24 12 31 0 48 0 0 0 0 25 0 55 0 0 25 26 18 0 0 24 0 0 3 76 6 19 18 0 46 0 0 0 0 0 0 55 0 0 0 0 0 0 0 18 0 0 0 73 0 10 28 73 0 71 5 0 4 3 14 82 0 68 0 26 15 0 0 0 10 0 3 18 30 0 0 18 18 0 0 38 0 0 1 0 77 0 9 50 0 62 61 0 70 0 0 0 72 41 0 23 59 0 9 0 20 0 82 0 64 61 31 3 0 0 20 12 0 0 0 11 0 83 67 0 8 78 0 0 0 0 51 25 0 0 0 0 60 0 0 64 12 48
 0 0 0 0 0 43 0 8 77 75 0 0 0 0 46 0 0 26 25 11 0 0 0 3 0 0 69 13 0 0 41 0 36 0 0 13 0 0 33 0 40 28 0 72 46 22 0 22 11 29 0 11 10 15 0 0 0 52 17 68 1 0 0 18 0 0 52 0 40 0 50 0 14 0 47 31 29 29 0 0 0 0 0 0 49 0 99 35 0 51 29 58 0 0 64 0 0 0 0 0 0 2 19 0 0 63 0 0 63 66 0 43 0 0 88 0 58 50 28 0 23 22 0 12 0 18 43 57 0 0 0 28 0 0 57 59 0 0 0 9 17 3 12 42 4 0 0 0 15 41 0 66 32 0 0 0 0 36 0 2 3 0 0 15 18 23 0 0 38 61 68 0 63 0 0 23 0 0 39 0 6 0 0 0 0 25 0 0 55 0 0 0 43 0 0 0 0 0 0 0
 0 53 14 0 0 0 0 2 0 0 64 9 39 12 0 30 0 0 0 4 0 78 71 0 66 0 0 36 0 34 0 32 37 2 72 0 58 0 0 8 0 0 64 37 39 0 0 13 13 0 27 52 59 0 0 84 61 24 0 0 0 6 19 0 2 27 0 0 54 0 3 94 24 32 55 5 0 0 8 4 23 90 0 0 0 76 58 0 0 23 0 0 12 0 39 0 0 0 0 23 3 18 35 39 0 3 0 0 0 0 48 0 0 0 44 0 36 0 61 0 0 0 0 3 0 50 0 0 42 0 72 8 79 0 0 36 26 1 5 14 0 0 0 0 0 56 49 75 55 45 16 17 0 46 0 42 0 18 18 0 64 0 2 10 1 0 3 83 41 44 0 23 0 0 71 41 0 0 0 0 0 0 10 0 0 67 0 10 0 0 14 27 0 15 52 0 78 0 56 0
 34 0 0 22 6 2 0 0 25 23 0 0 63 75 48 17 28 43 80 0 0 0 19 0 0 8 6 0 19 10 86 49 0 18 32 0 0 0 0 40 38 0 52 0 0 55 32 61 0 0 1 0 0 0 0 17 0 0 0 60 0 0 0 0 0 21 0 0 13 0 0 75 27 0 15 36 48 0 11 70 16 13 0 0 14 0 32 0 0 0 28 24 45 54 0 64 14 0 46 46 0 6 42 28 16 0 0 0 0 0 11 64 0 6 46 0 84 20 0 4 0 19 5 0 2 84 1 70 0 0 38 0 9 21 72 31 0 0 0 83 25 67 0 18 0 0 59 20 5 0 90 0 0 81 0 18 62 32 24 34 0 0 23 16 11 19 0 0 0 0 73 6 0 0 62 0 0 59 0 5 0 0 0 0 79 0 0 17 4 0 0 85 19 30 0 0 0 0 32 0
 57 0 2 53 0 0 12 32 0 35 0 22 0 9 25 0 0 16 7 0 21 21 22 0 98 0 0 2 15 0 0 0 0 0 0 0 0 63 0 0 0 61 15 59 51 35 0 0 0 28 0 0 24 38 10 0 5 3 0 18 54 0 0 23 51 0 0 0 0 39 42 15 0 37 12 22 0 11 8 0 0 1 27 0 0 0 0 0 22 44 35 64 0 23 0 0 3 0 0 11 1 0 0 0 6 19 0 21 87 81 79 62 33 0 48 0 0 24 7 0 0 47 14 0 0 0 0 77 20 45 0 0 28 0 67 0 52 0 30 67 0 0 0 19 15 33 0 0 0 0 0 0 68 2 0 15 25 0 0 0 0 0 31 0 45 8 40 10 53 0 0 19 0 49 0 20 62 0 15 16 23 0 0 0 49 0 0 10 70 29 45 47 32 0 0 0 0 0 0 0
 0 0 41 0 0 69 0 42 18 0 0 33 71 0 0 0 36 8 28 0 0 0 5 0 1 17 7 10 77 0 0 0 7 0 0 48 0 0 0 0 0 0 0 42 67 0 47 0 19 0 0 84 0 64 0 9 12 79 0 16 46 79 18 0 0 59 2 20 20 0 0 49 0 47 0 24 29 2 7 0 42 0 31 0 0 0 38 24 0 13 13 0 0 0 0 0 0 0 40 0 2 66 39 24 15 56 19 36 1 69 46 0 84 0 46 65 35 0 0 0 60 0 28 0 0 39 0 0 10 0 30 10 5 0 0 0 0 0 43 22 38 9 0 19 17 3 27 34 47 15 36 0 0 0 8 10 0 0 26 0 0 49 80 0 5 4 0 0 0 0 0 15 2 34 0 3 15 0 24 28 83 38 19 0 0 2 0 48 31 34 59 0 1 0 18 5 0 14 19 0
 34 55 0 13 0 0 0 0 0 0 16 0 0 0 0 0 33 0 0 0 0 5 0 14 0 38 0 76 4 39 0 0 34 51 39 0 37 0 34 0 31 7 2 0 28 13 0 0 0 64 2 0 0 77 17 0 31 0 16 71 0 0 0 7 0 13 52 0 5 0 0 28 0 0 30 40 0 78 57 0 47 14 0 38 0 0 0 9 31 14 0 0 25 5 13 0 0 23 48 18 52 0 35 50 31 0 0 99 26 9 23 0 27 0 16 0 11 0 64 0 0 83 0 28 0 85 8 13 0 28 0 0 44 0 0 8 9 9 0 0 74 46 0 17 12 12 0 0 12 75 0 0 0 0 0 69 0 0 0 0 0 0 0 75 76 28 0 29 35 35 0 0 14 0 0 0 28 0 28 0 0 24 0 0 0 0 26 38 0 10 0 25 13 0 0 3 0 71 5 69
 0 0 0 0 0 25 6 0 42 0 5 0 11 51 0 23 0 15 23 0 14 0 0 78 0 59 0 0 2 62 15 0 0 59 44 0 1 89 0 0 83 33 0 0 4 22 0 0 0 0 0 28 73 2 1 0 0 36 45 36 81 0 48 0 0 83 50 31 0 0 61 33 0 0 29 0 0 10 32 16 3 0 0 0 7 51 0 0 0 79 26 0 0 28 59 77 0 0 32 0 56 0 0 73 4 0 0 0 35 93 43 11 57 0 31 0 0 0 50 12 23 66 15 0 68 0 0 0 7 59 0 0 0 49 0 14 1 0 0 0 39 36 0 83 0 0 0 19 0 0 19 21 55 0 0 0 0 0 0 17 0 2 0 0 0 14 32 0 13 0 0 29 2 0 0 0 0 29 31 0 46 52 0 32 0 0 34 32 0 59 13 0 7 50 0 0 0 15 34 0
 0 0 0 0 22 0 0 68 0 0 0 40 0 19 23 0 73 8 0 0 6 8 20 0 0 4 15 0 0 17 0 0 0 0 53 34 0 18 0 0 0 0 11 0 56 72 0 0 0 15 0 0 0 25 0 26 56 0 45 0 0 0 7 19 37 20 0 0 0 52 0 0 45 0 0 0 28 43 0 78 66 24 0 0 0 10 0 0 0 0 40 0 0 0 0 0 5 0 58 0 0 0 0 47 16 0 0 0 0 48 13 0 66 32 0 0 16 11 0 0 44 83 0 43 28 74 4 49 25 50 0 0 0 61 19 4 0 0 0 0 0 0 19 7 0 5 0 63 25 0 6 58 80 49 15 19 15 24 11 0 0 0 0 45 0 0 0 0 0 0 6 55 0 41 45 0 44 9 54 3 19 39 0 0 0 0 0 0 0 51 19 0 16 19 35 0 0 77 0 12
 3 0 0 10 0 0 36 0 0 12 8 0 28 53 8 0 0 0 25 0 0 37 21 75 0 15 3 45 0 13 75 0 59 5 0 24 34 21 15 0 0 0 25 2 0 41 17 60 0 0 13 0 0 0 0 1 43 30 26 11 0 43 0 0 0 0 31 0 83 48 0 11 0 10 9 0 0 31 0 31 19 0 36 75 0 9 40 37 0 66 0 0 0 55 0 60 0 0 31 42 53 77 51 0 0 0 0 0 0 0 2 71 51 0 0 0 0 0 0 80 1 0 5 0 0 0 2 0 3 0 5 2 18 0 0 0 0 35 38 0 4 66 13 0 31 0 36 0 0 0 23 20 0 0 0 6 16 0 14 24 67 0 7 0 44 8 0 55 0 0 48 0 16 30 16 30 0 0 13 0 0 0 52 30 18 0 0 18 14 11 52 0 0 34 0 0 6 0 0 22
 0 0 67 39 0 7 0 10 84 0 0 0 69 15 0 0 0 0 0 24 43 0 0 44 57 0 0 0 39 0 0 0 0 4 22 0 0 0 0 0 0 0 25 11 0 0 19 0 44 0 18 20 26 0 0 4 75 57 0 18 0 17 0 0 24 0 6 95 0 0 0 19 0 0 43 0 0 0 0 0 0 0 0 46 0 0 0 0 17 6 0 9 0 0 10 47 16 28 7 0 0 0 0 22 0 0 46 25 0 40 0 60 45 0 69 0 0 0 44 49 0 0 22 76 32 25 19 20 0 45 34 0 65 0 40 23 87 0 66 0 20 30 0 36 0 0 4 37 0 0 35 44 0 8 0 0 0 0 0 67 51 0 0 30 0 18 34 0 0 9 0 43 0 56 0 68 0 29 10 2 31 0 0 0 0 0 55 32 21 0 55 0 0 22 0 0 71 0 0 0
 42 0 0 0 0 1 0 0 50 29 19 0 0 6 0 0 0 0 0 87 53 2 63 15 0 15 7 54 47 0 46 0 49 0 0 40 0 0 0 45 32 57 0 43 0 5 0 0 0 21 0 0 0 0 61 5 0 25 49 0 0 5 7 0 49 60 38 4 70 1 0 18 29 62 0 0 66 70 0 45 17 1 0 11 39 13 5 32 21 27 0 50 0 51 0 45 1 0 0 0 0 0 85 42 33 0 0 0 0 0 0 0 42 0 0 0 24 1 14 17 27 0 0 0 13 42 10 55 0 0 80 7 24 0 0 0 5 67 0 0 0 26 4 0 6 0 0 16 0 0 0 0 0 0 0 0 0 0 22 0 58 55 12 0 0 0 83 0 25 0 0 0 17 16 0 44 3 0 0 10 5 77 0 18 0 9 58 0 0 41 52 0 0 0 26 0 65 0 23 49
 38 1 58 36 42 38 0 0 0 0 0 4 0 0 0 0 0 0 61 0 7 1 0 0 23 80 0 0 73 0 3 0 0 0 0 0 54 61 0 53 27 12 6 0 0 0 51 0 19 41 18 0 39 34 0 0 0 0 0 39 21 0 53 0 1 0 2 0 0 0 14 0 0 68 0 17 8 0 42 0 0 52 0 0 0 0 0 0 0 5 5 0 39 37 46 20 14 0 0 11 0 38 4 61 0 2 15 27 27 0 32 23 28 64 50 44 0 0 0 9 0 0 0 50 13 16 0 0 56 0 40 0 0 0 0 56 0 12 0 44 54 84 0 0 9 0 75 0 41 25 31 52 0 0 0 10 0 70 0 0 8 47 0 49 90 0 2 32 31 67 0 0 73 27 16 38 0 55 0 0 53 2 3 27 0 0 93 0 94 0 0 6 0 17 0 20 11 2 0 46
 11 25 0 18 0 16 40 17 24 73 25 0 0 9 36 0 0 0 72 26 82 21 0 8 26 0 26 69 73 0 0 39 54 61 51 0 12 0 7 0 57 39 0 15 0 0 0 8 75 30 7 0 14 53 0 0 0 23 0 0 0 30 45 27 0 17 0 80 31 9 0 25 0 0 14 13 76 0 14 19 25 2 0 0 0 0 13 0 0 0 0 0 48 0 10 0 0 5 23 26 34 0 0 0 0 0 0 0 0 57 0 0 25 0 68 0 0 0 6 35 5 1 9 0 60 31 0 0 0 22 0 0 0 44 43 47 25 0 36 9 0 19 81 0 0 0 12 43 0 17 0 0 54 0 0 72 0 51 72 29 0 75 0 33 11 0 0 0 49 86 6 46 38 0 0 0 13 0 49 22 63 0 12 0 0 0 0 0 0 0 66 57 2 0 0 63 64 14 37 63
 43 36 0 0 9 88 49 0 44 12 7 0 23 0 0 1 0 0 0 85 21 6 84 25 45 0 0 0 9 42 0 85 4 0 0 28 0 0 16 79 18 23 0 0 0 0 0 72 25 74 0 1 8 0 68 38 77 0 0 0 27 27 0 0 49 14 0 0 0 0 18 0 0 0 20 6 0 0 21 0 0 0 17 0 26 0 0 0 0 62 30 0 0 0 36 35 33 58 13 40 24 0 50 66 4 2 0 26 30 7 79 0 17 0 3 85 7 31 0 0 0 0 68 0 28 0 0 13 30 67 0 42 31 0 0 0 0 0 31 0 0 6 85 0 36 47 8 47 34 1 49 2 36 0 0 0 0 0 72 35 30 0 56 0 0 15 0 0 0 0 9 80 0 0 0 31 0 0 31 36 0 38 0 0 0 83 0 6 3 0 0 45 0 37 49 0 0 6 0 12
 7 14 1 0 64 0 0 16 46 0 0 0 13 0 40 16 0 65 17 36 29 43 16 0 64 0 26 43 0 0 0 23 0 48 0 0 29 0 0 0 0 28 0 0 0 0 0 0 0 16 0 86 0 0 17 0 0 14 77 71 90 99 17 0 0 0 0 0 0 84 0 7 13 66 3 0 12 0 63 54 0 0 21 0 22 0 0 31 0 13 3 0 0 0 71 0 16 29 0 27 66 0 0 0 0 36 0 0 70 0 15 41 0 42 9 0 90 0 0 0 0 0 49 0 0 2 10 0 21 0 13 57 43 2 0 0 0 0 0 4 0 8 22 2 21 17 0 0 0 25 0 26 24 29 0 0 29 49 6 0 0 0 0 4 0 0 0 0 0 68 71 0 49 29 0 0 0 42 25 0 0 17 54 0 20 0 0 0 0 0 0 45 0 37 0 0 8 36 0 9
 23 0 43 0 93 70 18 0 58 36 58 0 4 3 54 11 0 0 0 7 80 54 0 63 7 48 51 0 0 0 2 37 0 0 0 12 15 0 0 0 0 0 39 0 0 0 0 82 24 71 0 33 0 54 0 47 6 19 58 5 30 0 11 26 44 0 64 0 25 0 36 47 0 42 25 11 62 0 5 45 0 0 12 18 23 10 0 27 0 0 71 0 0 36 4 12 44 4 0 0 0 0 0 15 0 0 1 15 17 0 82 91 0 16 2 0 51 56 0 0 27 24 0 0 0 13 0 38 25 0 0 0 16 0 0 19 51 15 4 1 38 0 0 1 2 0 62 26 0 0 84 0 82 32 0 85 0 0 54 0 0 0 31 7 30 88 0 0 28 0 59 33 45 38 0 0 0 0 68 0 12 0 0 0 0 17 25 15 0 0 0 6 0 27 21 39 19 7 0 4
 0 0 0 50 1 65 69 0 0 0 46 0 0 34 0 0 0 0 40 0 0 50 7 0 66 91 71 0 0 0 90 0 0 0 0 0 0 0 49 94 0 46 0 53 27 0 22 0 0 20 0 0 17 49 11 0 0 0 37 25 0 0 0 0 0 0 17 59 0 0 95 0 0 21 0 74 0 18 0 0 0 38 0 4 31 29 51 0 0 30 0 0 0 0 16 0 0 57 0 1 2 72 0 0 54 0 25 0 0 9 24 0 0 18 0 55 64 71 96 16 0 43 0 24 0 0 56 10 0 39 25 0 0 0 46 25 11 0 59 0 48 0 0 44 22 47 0 54 27 0 32 0 45 0 73 0 0 39 0 34 0 0 0 62 58 12 28 45 5 0 0 0 27 0 0 17 10 79 0 47 48 6 0 0 0 21 29 0 29 0 43 49 0 0 0 0 59 0 0 0
 6 0 8 0 41 18 2 12 64 0 0 31 15 22 43 64 45 0 0 0 21 0 21 48 0 0 0 75 65 26 0 0 67 1 22 0 0 63 2 32 0 0 84 10 56 20 7 0 7 0 0 0 0 43 42 44 21 0 0 4 87 49 0 8 19 31 0 56 35 2 0 27 46 20 0 0 0 0 60 0 0 23 21 31 9 38 0 0 52 0 0 54 42 0 14 0 0 0 22 42 0 0 60 16 0 3 32 39 0 14 0 0 0 0 0 64 72 1 0 31 0 28 56 0 33 14 0 0 12 42 0 97 83 49 41 18 0 0 18 0 16 45 19 25 0 0 36 0 51 9 0 41 0 0 20 91 0 0 0 34 0 69 0 0 42 0 0 0 0 14 0 23 0 0 0 0 0 42 0 11 0 0 25 0 0 0 1 34 0 0 62 14 0 61 26 0 73 0 0 42
 8 0 0 0 5 0 0 0 67 23 38 0 0 0 66 47 0 24 0 32 0 33 0 1 0 0 56 11 52 9 52 20 96 0 0 0 0 15 35 6 0 3 21 0 33 0 0 0 0 48 34 21 0 20 8 23 19 24 0 0 83 26 0 0 55 0 0 10 0 0 0 17 64 0 0 73 12 0 46 34 49 70 76 0 0 41 47 42 0 55 0 0 20 0 0 0 0 15 0 72 30 22 0 22 19 45 0 84 0 0 0 0 0 24 0 43 60 0 8 1 39 47 0 0 0 19 70 0 42 2 23 0 0 8 54 0 0 0 0 6 20 47 0 0 0 0 2 39 0 0 17 66 32 23 0 0 0 0 0 13 61 71 0 0 49 0 15 0 8 0 59 36 59 0 0 0 9 63 0 48 0 47 2 0 4 0 3 0 0 0 59 71 0 6 3 0 0 0 20 0
 75 0 0 0 83 0 39 0 0 58 12 0 82 30 0 22 0 0 0 0 0 15 0 0 0 45 0 67 13 0 0 4 0 48 0 0 12 0 0 14 0 18 10 0 11 1 25 5 25 0 30 24 0 52 0 0 65 0 39 0 0 0 0 0 0 0 0 0 0 0 0 0 0 0 0 0 0 0 0 8 9 18 0 5 0 0 0 0 84 39 0 36 20 35 22 0 71 17 55 0 0 0 0 25 0 0 76 0 0 0 49 28 18 28 0 58 8 0 0 0 0 91 0 0 9 56 19 0 21 0 21 0 0 0 0 37 0 41 84 73 27 49 59 0 9 0 0 0 75 0 0 30 45 0 37 65 17 8 0 47 71 0 10 0 0 0 0 0 0 17 0 0 20 10 0 42 0 0 0 0 11 0 17 0 38 0 67 30 90 9 58 82 85 10 0 0 0 73 0 0
 0 0 23 42 0 16 0 0 0 31 0 0 0 33 38 44 0 80 0 20 0 0 16 46 44 89 0 48 49 0 0 8 36 24 31 0 0 59 0 5 34 0 0 0 0 0 0 2 58 0 0 77 56 60 0 48 5 7 32 8 31 0 0 97 46 0 49 0 41 0 0 31 10 0 0 37 46 48 0 1 0 0 5 1 0 7 44 0 13 20 3 0 0 0 0 26 0 20 22 0 0 0 50 39 0 0 0 33 0 55 0 0 8 2 0 0 0 58 9 0 58 2 4 15 0 56 8 0 13 36 39 17 0 0 58 23 0 0 0 12 49 0 0 0 0 0 34 0 0 85 2 21 56 46 7 45 84 34 0 13 0 0 3 23 0 9 0 5 0 3 11 9 35 86 4 65 86 0 27 0 0 0 40 22 0 0 0 0 74 0 37 0 0 0 0 0 0 0 0 0
 78 17 0 50 0 0 0 0 40 0 0 0 42 23 0 19 0 79 0 3 24 12 0 77 44 0 0 0 0 0 57 78 41 0 29 72 0 20 0 20 0 0 0 34 0 4 0 0 0 19 16 0 51 11 0 46 21 74 0 21 50 0 0 52 0 39 0 37 37 9 0 0 0 0 31 17 7 18 46 43 13 0 26 0 61 0 12 0 8 3 11 0 0 93 0 1 35 14 0 11 0 71 0 0 33 39 12 0 30 0 8 0 21 0 88 3 20 1 0 12 62 4 0 85 0 0 16 58 1 0 0 0 0 26 2 0 58 8 75 21 0 0 60 0 2 73 0 0 6 37 0 0 41 22 12 0 0 0 2 0 42 0 0 49 61 27 0 18 0 79 20 0 0 16 46 32 0 24 0 0 50 0 16 0 0 17 0 0 0 0 20 0 0 66 3 5 0 0 54 4
 14 0 22 0 0 0 0 67 25 0 24 0 0 98 0 0 2 0 0 0 74 52 17 0 39 26 50 30 19 21 0 26 54 0 4 43 95 0 0 8 0 0 0 99 26 0 0 22 43 0 57 0 0 27 16 0 90 0 33 0 30 0 0 50 0 0 11 88 35 84 0 0 0 32 53 7 0 69 4 0 0 29 0 0 0 67 0 0 47 0 41 0 2 48 6 0 23 36 44 11 11 67 74 20 0 39 12 70 0 0 2 0 0 0 0 0 41 32 48 0 86 0 17 10 66 53 26 0 0 69 0 0 0 81 0 0 0 21 25 58 0 29 0 0 0 39 11 19 0 0 0 7 64 89 12 19 33 20 0 30 0 0 0 10 0 24 0 42 0 55 0 20 60 14 0 66 0 53 0 0 0 0 43 0 0 79 16 16 0 0 0 0 0 31 0 3 0 51 0 0
 30 0 2 68 0 55 0 0 0 36 0 21 20 6 0 0 0 0 52 0 77 51 72 5 0 0 14 0 33 0 0 0 40 24 14 0 20 0 41 21 37 0 0 20 78 0 0 0 45 68 65 0 0 0 0 0 0 0 0 26 81 0 0 0 0 0 0 0 5 7 1 0 0 0 0 5 79 2 0 19 22 10 26 0 0 28 0 71 0 4 0 11 84 0 0 0 0 46 38 31 0 16 0 0 0 32 0 0 49 0 11 0 0 0 0 51 0 0 4 0 0 0 0 41 0 43 0 27 0 0 47 75 0 47 0 41 86 28 0 6 53 19 0 25 17 77 27 72 0 19 0 16 0 21 0 0 61 25 0 0 0 0 3 34 26 3 7 10 0 63 0 61 20 89 0 0 0 0 0 0 0 0 0 22 26 0 0 0 0 18 0 65 21 57 45 0 0 77 38 19
 0 0 5 13 0 61 0 29 0 18 0 0 0 0 0 16 39 20 64 0 0 73 5 38 0 3 78 0 59 0 35 0 0 3 0 0 0 32 0 32 0 32 0 37 0 13 0 32 0 64 0 10 3 0 61 95 0 3 38 33 0 0 0 11 0 0 30 45 5 73 18 0 0 82 81 80 0 0 58 47 2 83 0 0 37 23 2 0 5 0 0 90 31 3 0 0 13 0 90 0 0 0 0 41 0 32 16 0 36 0 0 0 0 2 39 42 0 32 0 21 0 0 0 0 0 15 20 0 0 32 5 0 0 45 15 0 0 45 0 0 10 0 59 77 35 18 5 0 0 31 65 0 0 38 3 0 0 13 41 0 24 0 53 28 0 79 0 0 1 0 1 76 0 27 0 0 0 0 0 53 12 0 0 55 0 0 0 0 0 0 0 0 0 45 25 0 1 0 0 0
 0 0 29 0 87 0 0 3 0 13 19 12 48 0 28 0 5 67 4 0 0 0 0 0 0 42 25 37 0 7 6 0 0 0 59 0 0 2 0 33 0 20 0 29 46 0 43 74 3 0 0 0 0 27 27 0 76 16 0 0 0 0 21 22 37 44 78 24 0 0 20 49 0 62 50 89 26 4 7 33 54 27 62 0 0 0 0 0 0 25 0 4 13 0 40 0 61 0 40 14 55 42 0 49 0 0 13 0 5 0 9 0 0 64 7 0 6 0 0 20 88 20 5 0 43 0 49 74 24 0 0 0 0 0 38 0 0 21 0 0 0 35 0 0 13 0 0 0 0 0 0 0 0 0 0 0 40 54 56 0 28 68 42 48 0 0 0 36 0 0 48 0 9 33 20 0 0 60 13 67 0 45 0 0 0 82 23 76 36 0 0 21 0 0 44 25 0 0 0 0
 0 0 0 20 78 0 0 0 0 0 50 26 0 22 22 2 27 0 0 15 0 42 0 4 0 15 73 0 4 0 0 7 33 0 0 3 0 0 0 0 70 19 17 20 0 37 0 0 0 0 0 7 0 12 8 0 0 4 0 30 20 9 26 0 0 0 48 0 0 0 25 0 0 0 43 0 0 0 13 0 0 0 76 0 5 25 0 50 35 5 0 6 0 78 0 0 0 11 0 30 0 0 20 0 79 0 0 19 0 0 0 25 3 0 72 0 0 0 13 0 0 0 0 0 63 42 45 0 36 63 17 0 18 0 67 9 26 0 69 0 0 14 15 0 44 0 37 0 40 0 0 1 80 0 0 0 0 0 17 6 18 81 38 0 22 21 38 39 11 0 40 55 0 0 74 20 0 2 0 54 41 18 27 39 42 72 0 0 20 0 43 0 0 3 0 0 9 0 79 0
 0 0 0 0 27 0 20 14 0 4 0 18 0 0 0 0 2 0 0 0 33 52 0 0 56 0 0 0 29 0 0 4 61 9 0 4 0 51 48 17 0 0 43 45 17 12 8 0 6 0 34 84 0 28 17 0 10 39 44 58 0 0 0 0 0 0 0 77 0 8 16 86 0 86 0 0 0 48 19 0 10 0 41 40 8 0 51 0 0 0 43 0 0 6 27 0 0 0 66 0 3 0 26 54 21 0 5 0 0 0 34 0 2 68 0 0 83 30 0 0 0 29 0 79 0 44 0 44 0 36 0 19 12 0 16 0 0 15 0 68 75 14 0 0 0 68 0 0 0 24 0 36 0 29 0 40 38 30 29 38 0 6 0 0 0 0 58 5 72 18 62 69 0 45 23 19 54 9 0 15 43 45 10 0 0 0 0 0 55 0 21 0 24 0 0 0 0 92 0 75
 2 0 2 0 15 0 59 0 26 0 0 0 1 0 81 0 0 4 0 32 38 41 0 46 23 32 54 0 0 54 0 37 0 0 54 37 0 26 36 0 6 10 33 49 0 48 0 18 7 0 43 5 0 0 0 0 0 38 0 0 1 0 17 60 47 31 0 0 0 0 0 19 0 0 78 55 0 0 62 0 67 29 19 46 0 49 39 36 59 32 12 28 0 0 3 0 0 39 0 20 30 0 12 0 0 71 0 55 9 75 0 0 0 0 13 71 0 11 0 67 0 0 0 66 85 0 0 58 0 17 29 1 72 50 40 0 0 0 0 16 4 57 8 9 32 0 65 0 56 0 0 39 67 29 0 73 0 26 0 0 76 24 0 75 0 37 0 56 10 0 8 0 74 33 16 75 53 43 0 0 78 0 79 12 71 71 0 0 20 65 0 0 21 33 0 0 0 4 26 4
 0 6 0 0 0 51 20 0 21 3 27 7 18 0 0 0 1 7 0 0 44 0 0 7 88 19 15 51 0 0 0 0 0 0 0 0 25 0 0 49 0 51 64 0 58 0 30 3 0 56 21 0 45 56 0 0 0 6 17 0 0 22 16 0 0 80 81 0 0 0 64 0 20 0 98 0 0 0 23 15 0 0 0 51 24 44 95 73 0 0 0 0 0 0 0 5 0 3 55 14 0 49 0 0 6 3 0 13 31 67 0 77 0 91 40 0 0 4 45 0 36 19 0 29 6 0 9 2 24 0 0 13 37 18 0 0 0 0 22 0 0 68 14 0 10 1 0 28 0 51 27 70 63 0 0 40 30 0 15 0 0 15 0 0 56 0 21 0 0 0 15 19 3 93 10 42 0 0 72 0 58 0 0 34 0 19 40 0 0 0 12 24 34 39 0 0 84 0 10 13
 42 0 57 30 32 0 77 0 43 72 0 0 0 0 0 8 0 15 59 56 33 0 0 0 57 0 0 62 26 0 8 0 26 36 74 0 1 45 0 70 0 0 0 0 0 0 0 50 24 38 10 0 0 0 40 0 0 4 0 0 6 0 0 44 37 33 0 0 6 0 0 0 0 17 24 0 0 0 6 43 32 5 0 22 0 0 0 13 17 0 13 70 68 0 17 0 0 0 16 0 0 62 9 0 0 0 0 0 20 27 0 0 0 75 2 0 0 0 31 0 55 49 8 14 15 51 31 55 0 0 0 0 20 22 0 38 0 2 25 0 0 93 0 86 60 11 27 0 76 0 0 0 4 0 28 0 0 0 1 28 12 18 42 0 0 0 0 0 52 0 20 22 17 0 0 0 53 8 24 4 0 44 0 40 0 2 0 0 0 4 0 28 0 50 30 5 0 41 0 38
 0 23 0 0 7 37 0 14 0 0 0 8 9 38 0 28 0 13 0 44 0 0 0 0 16 24 0 0 0 3 12 0 41 0 74 0 0 47 23 5 0 12 0 37 30 0 0 0 0 0 1 94 75 57 0 0 58 5 0 0 41 0 0 52 7 62 0 0 73 63 0 0 0 40 0 52 59 0 0 60 10 0 0 0 21 0 19 0 0 0 44 0 30 47 94 0 54 0 42 68 0 0 33 53 0 17 4 46 0 0 16 61 25 15 0 10 0 21 53 0 0 32 75 0 0 0 0 64 67 25 0 0 0 77 77 44 0 44 0 28 82 0 42 0 11 0 0 0 25 13 0 0 86 8 0 10 0 0 0 20 78 24 0 15 0 0 0 61 4 0 21 0 0 0 64 25 0 54 11 0 23 7 0 0 54 0 0 0 0 0 0 47 68 0 0 8 82 0 0 54
 0 23 16 39 19 51 51 0 40 0 68 16 3 0 16 50 0 0 67 0 0 51 0 0 25 0 3 39 0 28 13 0 10 6 35 0 0 0 0 41 0 0 18 82 42 61 9 84 0 48 29 0 0 0 8 0 0 3 32 0 0 0 0 11 0 13 0 58 0 0 0 0 0 0 0 43 0 30 0 0 2 9 0 3 25 86 7 20 2 0 0 0 0 32 27 55 7 0 0 0 0 0 0 48 0 0 50 3 14 0 58 0 77 46 0 12 48 52 0 0 0 68 0 0 50 28 0 0 0 0 0 41 51 0 88 83 18 5 25 11 2 0 0 28 71 0 0 0 69 17 60 50 0 0 23 70 0 0 0 81 0 65 0 0 0 0 0 0 12 0 23 0 10 0 10 0 0 0 0 0 0 41 0 8 30 31 0 25 0 20 12 27 3 30 0 42 0 21 81 5
 48 0 50 15 38 0 0 1 13 34 94 22 10 0 11 22 42 0 0 0 12 57 39 0 7 24 39 46 0 0 0 49 0 0 0 0 0 0 5 0 0 81 0 0 74 66 0 23 33 0 59 0 0 60 0 0 0 0 41 11 0 67 0 18 46 0 7 25 3 43 8 12 23 23 0 0 0 62 6 0 0 42 0 3 1 0 0 0 31 7 0 0 42 65 10 0 0 31 3 15 60 0 0 0 0 61 35 0 0 0 7 0 38 0 0 40 2 0 0 0 30 0 0 71 8 0 45 10 0 27 10 69 0 0 0 47 0 0 0 0 0 36 30 0 25 63 67 57 63 0 0 8 0 0 26 61 18 19 0 0 0 14 0 10 1 0 13 34 0 0 79 77 71 40 0 89 1 0 60 0 0 6 0 0 0 52 13 0 0 7 0 30 0 53 69 59 51 5 0 26
 0 4 0 12 9 0 0 22 63 27 25 9 0 43 24 11 5 12 0 10 77 0 0 59 0 0 18 0 0 8 0 10 0 0 55 6 0 0 12 20 84 20 0 0 67 0 0 0 0 0 54 49 0 0 7 11 0 41 37 65 0 0 2 25 0 31 72 0 26 0 0 50 17 0 58 28 0 0 46 0 26 0 52 0 0 0 0 78 0 1 51 8 0 33 42 0 0 47 0 17 16 7 67 0 68 0 7 0 0 7 47 0 0 50 0 53 12 0 0 16 51 54 9 0 18 0 33 76 0 54 53 53 8 17 0 2 73 0 0 0 0 0 0 16 10 0 30 42 20 0 0 22 0 0 0 32 9 0 0 0 0 2 37 0 0 67 0 0 32 22 0 49 68 56 30 59 0 0 83 36 0 0 0 9 23 0 76 41 19 66 74 45 0 0 0 0 4 0 13 0
 0 24 21 70 28 0 0 44 20 0 28 0 45 4 21 93 91 1 17 0 0 0 0 1 45 0 14 50 3 0 0 4 0 0 74 71 11 0 10 0 26 0 0 0 49 14 0 33 0 0 0 0 1 0 22 0 31 78 14 0 2 78 27 9 0 14 5 61 0 23 1 0 68 0 0 0 0 0 0 0 0 0 0 0 37 53 86 0 0 1 0 0 0 0 0 8 0 0 0 66 0 0 15 0 73 48 48 0 7 19 0 29 0 0 65 33 29 0 56 14 19 0 23 0 0 0 0 0 28 0 21 6 0 0 0 20 18 21 0 0 33 0 30 0 24 21 0 0 0 8 3 84 0 26 59 7 32 12 37 8 0 3 0 4 0 21 0 4 56 19 0 16 0 0 0 0 0 61 2 0 0 0 0 0 50 0 0 0 27 48 0 0 0 43 35 0 52 0 0 0
 3 0 15 6 0 0 23 25 4 0 0 4 0 63 1 10 0 0 0 10 2 69 22 66 52 0 53 35 62 15 0 54 0 0 0 64 0 1 0 52 0 72 17 56 0 0 0 3 0 0 8 0 0 0 10 0 22 0 3 0 0 12 0 38 6 0 77 0 20 35 35 4 0 9 39 14 0 58 0 51 0 15 0 26 70 0 37 0 0 0 86 0 23 34 0 0 0 5 36 45 0 76 1 0 73 0 0 53 78 16 0 0 10 32 0 0 19 0 0 0 2 0 64 0 0 79 6 49 0 36 21 0 0 18 0 29 21 46 76 45 0 0 0 0 0 5 0 0 0 67 2 55 0 0 41 0 10 0 75 0 65 33 0 20 63 0 0 0 0 0 38 0 21 72 0 0 15 56 0 44 69 12 0 0 0 14 0 0 12 0 0 0 1 0 0 0 30 39 0 46
 72 0 0 0 0 68 3 3 0 0 0 0 0 11 0 0 32 0 78 68 82 0 0 0 0 66 41 44 0 0 0 0 2 0 81 6 25 0 0 0 0 49 0 18 23 31 0 56 0 3 0 42 0 28 0 54 33 33 18 0 4 32 69 0 26 14 8 8 0 0 19 0 32 81 0 0 19 14 0 0 18 0 0 0 21 0 0 35 0 5 0 40 0 2 0 2 0 13 62 88 0 37 0 0 0 0 0 31 69 25 0 14 60 0 0 88 0 0 10 21 0 0 0 0 0 0 0 16 58 0 0 54 28 0 0 61 42 41 0 39 0 0 21 29 8 15 0 3 66 0 25 34 0 24 46 51 64 0 0 20 14 0 28 32 51 54 97 0 0 0 23 0 0 0 0 57 27 28 0 39 0 28 0 0 0 74 0 32 0 5 0 47 0 65 0 24 0 34 56 0
 0 0 0 54 0 0 0 75 25 3 0 77 0 0 0 0 0 0 0 0 1 0 0 0 5 9 12 11 0 69 13 0 54 0 7 42 25 43 30 0 70 51 0 0 58 43 21 0 9 9 44 35 0 0 48 70 0 0 0 0 84 4 16 0 0 7 0 0 47 0 67 9 40 65 24 61 0 0 0 28 0 0 0 41 9 12 27 0 0 0 0 15 25 0 0 0 0 0 0 26 0 0 0 30 0 55 0 0 0 64 0 0 26 0 50 29 14 0 0 0 0 0 0 11 19 0 0 10 13 0 0 24 35 0 0 6 41 0 11 33 10 0 0 0 0 84 30 63 0 4 15 10 27 26 0 14 0 6 57 0 56 37 4 0 7 28 14 0 50 28 0 0 0 0 8 6 36 0 0 0 66 0 0 5 54 0 13 47 31 26 0 24 64 0 4 0 0 0 0 0
 21 0 81 69 21 3 0 0 0 29 35 0 0 0 43 8 0 32 0 0 0 47 5 0 19 0 0 0 14 0 0 0 32 17 0 56 0 0 51 4 0 0 57 0 8 0 6 8 0 19 0 78 0 40 17 0 44 18 0 15 13 73 0 0 44 5 12 0 55 36 0 0 54 17 26 0 9 86 0 52 0 8 43 78 0 0 0 0 50 54 0 1 0 0 9 37 87 0 0 32 0 36 0 49 0 17 0 0 0 73 0 0 0 0 0 0 0 19 38 0 0 0 5 31 0 0 76 0 0 0 0 0 0 14 16 0 0 74 17 53 44 78 0 0 0 69 7 10 7 0 0 0 0 0 0 0 2 0 0 0 0 10 48 2 0 0 28 0 44 0 0 0 46 51 0 0 65 0 0 0 0 33 0 9 40 0 0 0 0 26 0 0 29 21 64 10 9 0 0 0
 0 12 0 74 0 91 0 26 60 0 62 2 0 0 37 0 1 8 24 0 24 0 0 17 42 0 62 55 0 3 0 0 12 23 0 62 34 6 0 1 34 62 0 9 0 0 0 84 0 33 0 0 88 29 0 8 37 59 2 0 0 27 0 0 0 48 0 0 46 0 0 21 5 94 0 90 0 60 45 9 0 0 0 51 0 7 34 20 34 0 0 0 57 1 0 0 28 0 0 0 0 0 0 0 15 12 37 27 32 0 0 34 0 1 0 0 0 8 43 0 44 0 12 0 28 62 0 82 0 45 0 0 4 0 55 0 23 0 85 0 29 8 9 0 53 0 21 15 0 58 57 0 27 20 13 0 3 9 0 0 47 0 14 0 0 15 0 0 0 0 0 10 49 13 9 57 0 10 0 50 0 0 60 0 45 66 57 7 0 18 49 15 6 0 0 9 11 0 29 51
 0 0 10 35 13 0 0 0 0 0 4 0 0 88 0 0 76 51 0 72 64 0 0 24 0 0 0 0 0 0 0 0 0 0 0 0 0 0 17 62 8 0 0 60 28 0 0 22 21 0 0 0 0 27 0 0 8 0 46 46 27 0 0 0 0 0 18 37 47 29 39 24 0 9 21 0 1 0 41 0 35 0 16 28 0 57 0 41 19 81 58 0 49 23 55 7 0 0 5 0 3 49 0 15 0 0 0 0 0 0 23 0 5 44 55 8 0 0 0 0 11 23 10 61 21 0 0 12 18 35 0 92 0 14 0 96 0 70 26 0 32 56 55 34 0 0 0 0 4 0 0 60 43 24 0 0 37 33 0 0 55 27 0 48 0 3 0 0 17 4 0 46 0 8 0 53 0 30 0 78 5 0 87 0 0 78 27 9 1 0 0 73 0 0 0 0 46 0 0 0
 0 27 14 30 0 0 0 29 0 4 24 29 46 0 49 24 0 32 67 0 0 73 0 0 0 11 0 0 7 37 0 57 18 23 3 0 0 0 0 0 33 51 0 65 0 14 47 29 0 16 4 0 44 0 44 0 0 84 42 0 16 0 0 0 96 21 6 4 0 78 0 64 5 20 0 11 23 12 18 44 5 58 37 0 61 65 0 0 0 0 0 0 0 0 0 11 41 0 0 71 60 0 0 73 38 0 0 0 75 47 0 53 0 0 27 0 0 0 0 14 3 0 31 0 34 0 0 0 0 26 0 0 0 0 0 0 0 0 31 0 45 22 0 52 12 0 0 0 0 77 37 3 17 12 20 0 0 89 0 44 31 0 29 22 0 0 0 21 29 14 0 0 0 0 18 0 0 60 88 18 0 0 45 0 31 2 40 84 0 0 0 0 0 0 43 0 56 4 66 0
 36 0 0 0 72 0 0 0 0 1 7 3 23 38 0 0 0 27 0 0 26 15 0 5 0 80 0 8 2 5 0 0 0 51 0 5 56 8 23 51 54 0 33 14 0 23 0 0 1 0 0 0 0 0 0 31 0 6 0 50 0 7 87 19 0 24 0 0 0 0 31 0 0 49 21 58 6 0 15 6 25 10 37 0 8 36 0 0 0 42 26 31 2 0 0 0 23 7 0 0 26 0 40 0 53 0 0 0 30 0 27 84 10 81 14 0 0 22 0 52 60 4 41 0 0 0 0 79 48 0 18 0 0 4 7 0 77 0 0 0 0 0 6 31 47 71 45 0 18 0 0 0 17 76 0 39 0 0 0 0 62 49 0 0 39 0 0 0 34 0 28 60 27 18 0 42 39 14 0 0 0 0 32 0 18 0 6 0 0 0 0 0 0 0 56 10 6 0 0 55
 0 52 0 26 0 89 0 14 12 12 16 0 27 9 0 46 0 23 89 39 45 0 0 0 0 0 0 0 0 9 21 23 19 32 0 72 19 0 0 51 35 0 0 0 0 38 36 48 13 26 72 0 42 51 92 0 26 42 56 0 0 0 0 0 56 0 0 0 3 82 0 0 61 0 2 18 0 40 0 24 0 0 41 15 36 5 0 52 0 4 43 25 0 41 0 57 7 24 87 13 0 36 93 0 0 23 0 39 28 12 0 0 47 0 0 0 34 0 39 0 0 25 0 37 0 0 0 45 0 35 0 21 0 30 0 0 0 0 17 27 0 0 0 19 17 0 96 58 0 0 63 0 0 0 0 0 20 0 0 0 6 36 1 0 49 64 9 0 0 0 0 0 71 0 35 5 11 23 80 31 0 0 0 0 0 1 0 0 18 0 5 60 37 0 52 0 7 0 41 48
 0 76 32 39 14 0 0 5 0 0 0 0 0 0 0 74 15 0 0 26 0 0 0 44 22 0 0 38 0 36 0 0 46 0 25 0 4 0 64 0 37 43 0 58 0 0 3 57 0 0 23 13 25 9 19 0 0 8 20 14 0 4 0 12 0 0 17 31 0 0 19 1 67 5 4 13 0 36 0 0 0 61 0 20 0 0 73 0 0 0 0 0 0 0 0 0 6 21 14 39 0 0 60 0 0 2 0 34 0 0 8 0 0 3 0 0 36 0 0 72 0 7 8 42 0 0 9 24 24 81 13 0 35 5 73 0 0 1 63 0 0 0 0 0 0 69 0 3 0 28 13 0 35 0 0 69 0 0 0 0 88 27 49 0 15 16 45 66 0 0 14 80 76 47 7 42 0 0 6 3 45 71 0 0 0 45 80 0 54 13 0 13 84 7 75 0 0 0 19 0
 0 30 55 0 22 21 0 26 3 0 63 0 54 29 0 66 39 24 25 56 0 88 0 0 0 0 45 3 0 12 12 29 76 0 47 0 0 75 60 0 0 77 21 0 0 0 35 87 24 0 69 13 0 66 0 0 3 15 0 52 0 57 2 16 0 18 13 2 15 0 0 0 1 0 0 23 41 58 86 7 0 0 0 37 24 8 39 0 0 0 0 10 5 1 49 25 24 64 4 0 0 0 0 0 0 23 0 0 55 0 15 8 28 0 4 0 35 24 0 0 41 0 27 0 42 61 84 16 0 19 0 60 0 0 0 0 0 30 14 0 53 0 25 0 1 0 1 40 38 0 0 40 0 39 27 13 20 0 0 0 0 15 68 33 17 0 0 54 17 0 65 0 0 0 0 0 15 72 44 0 0 40 0 0 0 0 50 24 26 0 78 20 33 0 81 0 0 0 29 0
 0 56 0 0 0 0 5 0 49 0 0 0 28 34 13 0 66 17 0 12 17 0 2 0 0 0 40 20 42 0 0 0 0 30 0 0 0 31 0 0 21 63 0 21 31 18 74 38 0 6 82 12 0 10 86 0 39 0 21 72 43 60 27 25 7 0 81 0 0 0 0 0 0 0 0 54 34 49 0 4 0 72 42 0 11 17 82 0 87 24 28 0 1 0 0 0 39 0 0 0 0 44 0 0 6 7 0 0 36 65 65 34 49 0 0 0 0 48 18 0 0 48 0 0 0 0 0 99 44 0 60 0 11 0 0 26 7 0 0 23 0 41 0 8 0 34 22 0 86 52 0 0 0 0 85 56 0 28 0 0 57 0 0 0 0 0 53 0 89 0 62 0 0 40 14 30 0 70 29 0 23 81 0 0 0 21 0 0 71 0 0 2 0 0 19 1 73 0 0 0
 0 0 0 0 45 21 39 0 0 36 36 47 6 0 0 0 0 0 0 0 59 19 10 39 19 20 44 0 0 0 13 35 15 13 12 6 0 0 0 11 0 4 0 17 0 0 0 82 48 0 5 0 0 44 74 80 0 7 38 0 5 0 90 57 53 41 1 0 0 60 0 0 7 58 0 0 3 49 0 37 13 0 0 0 0 21 14 48 75 32 0 12 18 0 21 6 17 0 11 0 0 0 5 0 0 71 0 18 0 0 0 0 14 0 45 0 54 0 0 14 0 54 0 14 0 14 0 49 9 36 64 0 44 10 0 5 9 0 0 0 0 37 0 67 0 65 0 0 4 4 48 0 0 0 0 33 0 55 14 53 56 22 0 12 29 61 10 42 0 5 39 0 8 0 0 26 0 0 34 4 0 11 40 0 4 0 0 29 61 16 19 0 48 0 47 38 30 10 52 0
 0 0 0 82 26 0 89 0 64 0 66 15 75 0 39 13 53 0 0 0 4 0 0 0 0 0 28 15 0 3 38 0 0 0 0 0 2 53 0 0 0 25 10 0 0 8 0 49 0 0 33 0 0 13 0 34 0 0 31 0 0 25 22 7 14 0 0 0 0 19 0 0 79 0 2 38 12 0 62 56 0 23 0 0 0 14 0 29 0 42 10 0 5 16 0 0 0 28 23 16 0 28 0 0 37 1 56 67 0 0 0 0 27 0 46 0 0 84 80 0 0 0 0 12 0 0 88 3 0 0 0 0 36 15 0 0 0 0 0 0 0 49 79 0 0 68 57 36 0 41 7 48 0 39 36 0 0 3 41 0 37 0 1 76 25 0 0 0 45 0 15 0 11 0 0 9 0 0 25 36 18 24 0 0 19 0 0 0 18 86 13 0 0 27 39 20 39 46 18 0
 0 0 0 0 0 0 28 0 0 33 26 0 25 70 13 5 0 0 18 49 39 74 49 5 0 0 41 0 39 27 9 8 91 12 0 74 25 0 0 17 0 28 34 25 0 15 0 0 32 0 0 0 2 0 0 0 89 0 0 0 11 0 0 0 57 0 26 47 0 32 57 0 0 0 0 0 0 0 0 0 36 13 18 41 0 0 83 47 0 3 46 0 29 17 15 0 0 0 48 2 40 93 0 1 39 0 93 0 0 0 2 5 17 11 0 0 0 0 0 49 0 0 0 0 0 76 0 18 0 22 0 0 0 0 26 18 74 51 28 24 0 7 0 0 0 0 48 0 14 32 16 25 60 0 32 0 0 0 0 5 35 0 79 0 37 25 16 0 14 5 20 0 36 0 35 28 39 0 0 22 20 0 81 57 30 0 10 4 0 36 7 0 63 0 0 0 25 25 0 22
 0 42 71 23 0 0 4 24 40 0 11 68 14 0 0 64 0 50 56 0 0 46 26 43 11 7 0 38 0 0 0 34 0 0 0 0 0 24 0 0 36 78 0 0 13 18 0 28 0 0 0 0 0 0 7 0 23 0 24 0 60 22 55 0 20 51 61 0 0 23 6 0 0 0 0 0 0 0 57 0 0 0 0 31 20 55 6 17 0 51 0 7 30 0 8 53 0 5 0 49 24 22 56 0 0 0 15 29 62 0 57 0 8 66 0 65 0 0 21 22 0 24 0 0 0 0 0 46 3 0 0 8 27 0 33 45 45 0 26 0 0 36 0 0 0 0 39 53 0 30 34 0 35 55 14 0 30 0 5 0 64 11 0 66 82 54 0 19 49 6 0 0 24 44 18 2 1 12 0 0 6 0 0 0 28 12 0 0 73 0 0 52 0 0 7 0 0 17 19 27
 0 37 18 0 0 0 37 3 0 2 73 0 44 0 0 7 12 60 52 7 0 52 0 0 34 51 44 4 0 0 29 8 0 0 0 70 60 3 0 0 0 0 29 16 79 0 0 63 54 0 0 59 1 0 0 8 59 0 9 0 0 0 27 42 0 0 0 39 0 33 0 6 9 6 46 23 100 0 0 0 51 64 94 29 0 0 41 0 0 4 0 69 23 0 44 0 21 5 0 7 10 0 22 5 79 2 0 25 63 0 37 33 77 11 39 91 28 38 0 0 65 0 0 0 0 24 0 3 9 74 9 62 0 3 0 0 43 0 0 0 83 29 0 5 0 15 8 59 0 0 41 0 0 0 64 25 3 0 0 0 25 3 77 0 0 0 0 22 0 18 6 0 0 0 10 34 22 9 0 36 0 0 0 0 37 19 11 58 26 61 0 0 1 0 24 59 0 0 33 0
 0 9 0 33 0 21 0 73 0 18 0 4 8 0 0 53 0 0 0 33 0 68 0 80 0 63 6 15 1 14 30 0 0 49 0 42 0 62 26 56 78 36 9 24 0 0 0 0 0 29 0 51 44 3 12 31 0 74 42 86 81 0 33 0 0 0 0 0 0 3 0 89 0 88 0 53 64 5 0 0 0 0 0 0 43 64 54 23 0 34 0 0 0 17 31 2 0 22 0 0 0 0 71 0 0 0 0 0 16 0 0 16 35 0 0 5 38 0 32 0 55 0 0 77 0 23 30 5 71 0 0 0 44 0 0 0 0 0 1 0 0 69 28 9 3 0 8 0 0 0 0 16 22 21 0 65 49 10 0 13 0 11 42 0 0 24 0 6 9 83 6 0 0 40 83 98 4 0 0 39 0 5 0 0 32 51 7 25 36 14 14 0 0 0 18 8 0 0 0 0
 0 0 0 0 63 0 12 46 21 0 27 45 21 0 0 3 0 10 0 7 0 30 0 0 12 40 53 0 11 0 0 25 75 0 0 14 32 0 70 0 0 0 0 2 0 21 0 67 0 0 0 32 55 0 24 0 39 18 0 0 2 0 56 0 0 8 0 39 0 0 0 0 0 0 0 66 0 64 15 0 0 0 0 15 0 0 56 49 0 0 0 10 0 13 0 46 0 0 33 2 14 2 26 76 0 0 17 13 57 0 0 33 20 4 6 43 0 83 31 7 75 0 0 7 0 0 45 0 2 0 84 0 69 16 26 0 0 0 0 0 54 0 0 0 44 38 0 11 0 0 64 3 37 0 0 0 88 12 0 0 50 0 0 56 0 11 59 15 17 46 0 0 8 46 62 0 60 16 0 0 0 0 0 0 0 0 55 81 0 0 0 56 6 0 46 15 22 0 5 0
 0 0 0 45 0 83 0 0 0 0 0 30 0 0 24 93 0 0 39 0 61 62 0 45 0 3 0 0 0 37 0 33 0 18 0 0 0 0 0 0 3 8 0 80 31 33 53 15 0 0 44 53 81 23 91 44 0 0 0 19 0 20 0 0 0 13 0 63 0 24 49 0 66 55 0 0 88 0 0 13 0 0 0 86 0 25 0 42 12 96 33 43 0 0 53 0 56 0 2 0 38 0 0 0 0 59 47 23 5 0 37 21 48 0 0 10 0 51 0 31 11 0 0 21 0 0 0 0 65 0 0 13 3 16 9 0 32 0 36 2 0 12 0 0 0 73 9 55 20 0 0 0 12 24 69 0 0 24 37 30 53 0 0 0 0 0 0 38 0 0 21 0 0 0 16 51 0 0 0 30 64 0 29 0 0 9 0 47 0 57 0 27 0 92 63 0 8 44 24 0
 2 22 24 0 0 0 7 0 13 31 0 39 32 9 55 0 52 0 0 9 0 47 86 3 28 0 0 0 0 4 0 43 0 0 0 0 69 0 25 4 0 0 30 16 0 0 25 0 0 66 77 26 25 50 0 6 36 0 16 0 12 0 0 0 0 2 0 3 92 0 0 8 28 33 19 1 0 0 78 33 67 0 29 0 56 0 0 0 14 4 0 0 3 38 0 61 0 62 0 0 0 0 72 0 0 9 0 18 17 0 0 27 0 25 0 0 0 0 12 0 5 24 21 0 34 20 0 0 0 0 15 0 0 1 34 6 35 0 0 46 0 69 31 72 58 17 69 10 83 5 0 0 8 0 17 48 19 0 94 0 0 0 0 0 0 1 68 0 0 89 0 6 0 0 0 62 51 12 13 0 0 0 0 0 7 35 0 79 0 0 40 0 7 74 5 0 11 8 0 0
 4 0 60 0 29 36 36 0 19 0 0 0 0 88 0 6 18 0 80 17 12 27 5 0 0 0 0 0 10 19 15 17 39 39 72 14 90 25 0 16 0 0 0 30 32 84 0 52 0 0 0 0 64 0 6 0 13 54 0 0 72 6 0 0 41 0 9 46 0 25 40 7 6 0 0 71 0 17 73 65 27 0 13 0 0 29 0 34 59 0 0 53 0 0 0 0 0 0 26 0 4 6 0 28 0 13 75 36 0 17 0 0 31 49 0 0 8 70 0 0 0 0 0 46 0 2 12 66 0 0 29 44 0 0 0 59 56 0 22 0 10 11 34 41 0 56 20 0 44 10 0 29 0 2 8 0 54 0 21 50 4 76 41 77 0 24 30 25 88 53 0 0 0 2 0 0 0 0 0 86 0 0 0 0 17 0 48 0 14 0 0 3 0 0 61 0 0 45 0 82
 0 2 0 0 49 31 54 0 0 15 0 0 7 0 1 0 0 0 2 0 14 92 92 0 11 24 14 36 3 0 20 21 43 8 0 0 14 0 0 37 0 0 0 7 60 38 0 0 13 0 0 0 0 0 0 19 47 0 0 51 44 53 0 48 0 1 28 26 0 0 0 0 0 0 0 40 0 0 49 5 22 15 21 0 69 23 0 0 33 0 64 27 0 10 46 0 25 75 0 0 45 0 0 0 48 6 28 17 14 11 0 0 0 0 10 0 43 15 9 60 0 0 50 0 34 9 0 0 0 69 0 9 0 0 13 15 74 7 0 0 0 10 0 0 0 0 0 0 29 0 0 0 0 0 0 18 0 0 59 0 53 17 7 0 0 19 85 0 77 0 32 0 0 23 0 0 0 0 0 0 0 0 0 55 0 0 0 18 20 0 29 7 0 0 0 0 82 0 0 0
 40 43 21 53 26 10 0 21 29 31 13 4 45 16 19 0 0 3 0 30 0 62 0 0 1 53 0 0 0 84 36 66 0 0 11 63 22 27 0 0 0 0 14 0 0 58 3 34 0 23 8 46 0 4 0 0 0 44 63 0 7 75 9 0 0 16 35 43 0 6 50 34 8 0 0 0 34 0 0 0 0 42 0 0 26 14 0 0 11 0 0 54 3 25 43 0 0 3 0 0 0 24 22 25 9 51 0 79 0 32 6 9 0 0 0 36 52 45 32 0 0 16 2 23 53 67 20 0 0 0 0 0 0 0 0 0 0 0 0 63 0 0 11 0 22 0 0 0 0 28 0 87 35 0 0 0 38 58 89 0 0 40 0 20 5 44 20 0 14 45 16 91 0 0 56 25 15 20 0 55 61 0 0 12 28 56 0 74 0 94 0 0 13 0 49 0 0 48 0 0
 37 0 64 0 0 8 0 38 0 0 0 28 2 0 0 0 0 31 78 46 0 19 78 0 0 0 0 55 0 0 0 18 0 86 7 0 21 0 0 31 6 0 0 72 16 28 0 0 0 74 0 0 55 44 37 0 30 0 39 0 0 0 0 22 33 0 6 79 0 4 8 46 35 0 0 42 24 0 38 0 34 43 0 28 25 14 7 34 4 10 40 15 0 0 0 60 29 0 0 0 0 0 10 0 0 0 0 24 83 27 0 9 0 50 77 0 16 0 65 7 9 0 0 15 14 0 0 0 0 4 23 20 0 19 16 75 0 5 30 0 0 0 0 66 0 12 0 0 0 60 6 0 0 49 0 0 35 39 31 0 0 19 97 0 29 14 0 39 55 0 77 0 3 64 0 17 0 0 0 47 0 24 36 0 25 0 0 0 0 0 0 0 32 0 33 0 0 57 63 36
 0 0 0 32 53 68 0 35 0 0 0 72 51 0 0 38 0 0 0 0 0 0 0 0 0 0 0 0 16 0 0 33 3 69 43 38 0 0 0 43 0 0 12 0 35 9 53 6 0 0 38 5 0 45 1 0 0 25 14 0 0 0 0 49 0 0 0 4 0 0 0 0 18 5 0 0 0 14 42 0 83 0 0 0 0 66 46 0 41 78 0 37 0 9 19 24 68 56 63 0 0 31 0 0 0 51 25 0 43 0 22 0 26 0 0 36 0 0 0 42 1 31 0 0 0 0 0 0 44 5 0 12 50 0 24 0 64 0 0 0 45 0 23 0 0 24 31 5 0 25 0 0 22 0 43 6 0 43 48 0 28 0 30 43 0 0 65 54 0 0 12 22 55 0 3 0 0 0 0 17 0 17 57 0 0 0 0 3 74 44 39 0 60 0 2 3 0 0 0 0
 0 16 22 12 0 3 0 14 52 0 72 0 32 49 0 0 26 32 0 0 0 0 64 0 79 19 0 0 0 0 83 48 0 0 48 0 0 34 0 0 33 16 0 50 7 52 9 0 0 79 73 55 18 0 36 0 13 0 0 54 0 35 9 0 0 0 0 4 5 0 0 45 0 33 0 11 31 0 60 0 64 28 0 47 0 3 10 61 0 28 36 0 0 71 0 61 0 82 0 71 0 0 0 0 0 0 0 0 85 12 0 2 9 0 0 8 50 0 0 0 0 27 1 0 7 0 60 23 0 79 40 0 2 13 25 0 7 33 0 0 0 5 57 66 4 0 0 0 0 71 0 0 0 0 21 22 27 18 39 37 45 0 0 47 19 55 0 0 15 5 7 26 0 0 0 54 0 35 0 77 28 0 0 46 49 46 0 0 22 95 0 57 72 0 22 0 0 5 8 0
 49 9 0 0 0 0 45 10 4 0 19 0 12 0 57 0 0 0 0 46 41 0 0 3 0 0 0 0 16 48 43 0 0 16 0 0 0 0 0 0 36 0 16 0 0 0 6 0 0 32 0 0 0 0 0 38 0 0 23 79 0 0 0 54 0 47 67 39 52 0 25 36 12 22 0 0 0 82 35 8 0 0 3 65 79 0 0 0 69 12 19 0 44 0 0 0 44 0 20 0 33 59 0 43 0 0 0 0 0 13 0 0 19 13 14 0 18 0 0 39 43 1 0 0 0 0 0 38 0 33 0 6 31 27 16 17 0 0 4 0 0 54 0 0 48 3 0 0 30 5 0 71 0 0 41 0 0 38 0 0 0 0 0 51 0 8 0 0 0 5 34 55 13 0 71 31 50 0 0 45 0 10 0 0 0 0 17 15 40 0 0 82 57 0 4 68 0 0 56 0
 21 0 17 0 0 63 0 0 0 35 0 0 0 17 90 71 26 0 0 0 59 82 54 0 58 28 26 0 0 33 23 0 46 0 0 0 4 0 30 0 0 0 36 0 55 0 0 42 7 0 0 0 55 0 54 0 0 0 0 75 0 0 19 0 34 8 27 0 0 25 23 6 10 45 87 8 0 33 86 74 30 0 25 0 4 74 30 0 30 0 0 0 40 22 0 0 0 51 26 6 0 0 16 0 23 0 93 4 0 28 12 0 0 0 23 72 39 60 0 3 0 11 64 65 9 0 54 39 0 0 71 0 22 27 4 0 71 84 3 0 0 0 18 62 57 17 0 0 36 0 0 62 0 52 26 71 0 31 0 0 0 0 18 0 36 47 5 0 0 0 0 0 35 0 0 12 3 0 0 0 9 26 0 0 0 33 0 25 0 0 45 0 0 0 26 0 28 11 56 16
 15 23 40 0 32 0 58 20 0 0 0 31 23 0 15 0 0 0 0 19 61 40 49 22 22 0 0 0 0 0 0 12 0 0 23 0 81 4 25 0 0 0 0 3 0 55 55 46 11 12 55 0 73 53 24 19 4 0 0 0 42 0 0 28 1 39 0 0 76 0 9 34 11 1 48 0 0 0 0 0 0 48 20 4 62 16 0 0 0 0 0 5 0 0 8 0 0 0 1 52 71 0 41 0 16 0 18 0 12 83 0 93 22 0 5 3 49 55 0 81 58 32 0 0 0 0 26 0 0 0 0 28 13 0 83 0 87 0 37 3 11 5 0 22 0 31 60 0 0 0 0 17 89 0 0 0 0 0 43 0 52 6 0 0 31 25 16 50 0 0 19 10 0 67 0 0 43 0 0 11 39 0 0 0 16 0 21 47 13 22 0 10 43 29 0 6 0 25 37 0
 26 0 0 0 0 0 0 0 12 9 0 0 75 0 0 32 0 0 31 0 0 0 26 11 0 7 16 37 44 0 0 7 0 82 20 37 0 42 12 4 0 0 0 21 0 0 0 0 0 0 0 11 22 0 27 11 0 0 10 62 47 0 25 8 0 0 18 20 26 0 35 0 84 0 31 0 0 0 24 36 0 1 0 77 20 35 1 85 8 0 0 14 72 0 20 0 24 0 5 0 10 0 0 0 20 0 8 0 0 56 68 37 0 0 0 52 3 0 0 14 0 10 29 1 24 85 0 32 0 0 0 14 0 0 0 36 0 0 66 77 0 0 20 0 0 0 31 36 0 0 67 0 0 0 10 0 0 14 49 0 0 0 0 20 0 48 46 22 8 0 0 48 44 0 0 4 0 6 26 42 0 48 13 0 0 0 66 35 10 0 45 19 0 0 58 55 57 21 33 7
 0 0 0 0 0 66 29 21 0 0 0 10 0 0 80 37 0 0 52 18 0 0 23 0 0 54 7 0 3 0 0 0 11 0 52 22 12 0 74 39 45 4 0 0 0 0 14 27 0 65 55 0 80 52 29 19 22 8 0 26 5 63 0 23 10 0 86 0 0 3 6 3 2 0 8 12 0 0 0 35 25 0 30 13 0 0 10 0 0 0 70 24 0 34 0 25 11 11 19 36 0 0 0 0 57 53 67 0 21 23 17 0 32 0 0 55 0 11 20 0 40 0 0 0 0 0 34 15 4 0 96 24 53 4 0 20 0 0 72 0 0 7 53 0 0 18 45 31 18 18 0 53 0 0 0 0 0 11 0 0 32 0 46 0 0 0 47 11 56 5 0 23 0 0 6 34 47 38 0 0 20 0 0 7 72 86 18 0 71 0 41 55 1 0 33 52 0 22 0 0
 46 0 0 25 89 77 18 14 2 0 0 0 0 34 67 7 0 1 0 70 0 0 30 0 0 46 15 0 72 0 29 24 0 11 69 3 0 0 2 45 9 14 0 19 0 0 7 0 0 13 65 6 0 0 0 0 49 56 45 49 29 21 8 0 0 18 15 14 0 22 10 0 12 3 20 15 0 3 1 0 73 0 0 84 11 0 33 0 0 24 53 0 0 56 5 6 20 0 0 0 0 20 0 0 0 7 77 28 74 0 0 25 15 45 0 0 0 0 38 55 0 10 0 0 42 42 0 0 0 0 0 0 0 0 0 0 9 14 0 0 67 7 10 31 14 0 2 0 0 0 0 0 0 7 0 0 19 0 10 35 0 0 0 0 0 0 2 0 20 7 56 0 0 0 69 0 0 0 19 35 20 0 0 10 0 18 0 48 61 3 5 32 0 0 25 4 32 0 0 32
 15 36 0 16 1 0 13 0 0 0 0 0 5 69 36 75 0 0 0 0 0 44 47 0 49 44 0 28 54 0 47 48 24 13 0 39 0 0 25 88 23 0 0 3 0 0 4 2 0 0 70 19 0 35 16 0 9 0 37 6 16 19 31 0 8 47 39 0 22 10 8 29 0 0 6 64 36 0 0 0 36 53 53 0 65 0 56 0 0 5 0 0 0 0 0 0 0 57 58 0 43 7 64 0 0 0 0 47 0 0 26 0 2 23 0 0 67 0 0 0 0 95 0 5 0 0 0 38 0 0 29 0 0 10 23 0 0 0 71 58 60 77 0 0 28 0 54 0 42 62 33 43 11 10 58 63 35 56 0 17 2 0 48 0 0 0 35 0 0 0 53 66 48 0 10 67 23 20 43 0 0 0 41 59 0 0 1 0 0 35 12 0 0 48 16 0 0 0 43 0
 0 3 0 0 15 0 0 0 23 0 0 15 32 0 0 44 0 7 30 0 0 4 0 17 0 0 0 0 0 9 0 70 17 48 27 0 23 0 0 23 46 17 23 17 0 0 30 0 0 0 8 0 0 0 0 21 0 12 40 2 24 0 20 60 0 0 30 0 0 24 0 0 6 0 14 0 19 0 26 0 44 23 48 0 0 0 0 0 0 55 45 9 0 0 41 0 0 22 72 48 5 0 0 37 83 12 0 0 0 12 0 44 0 0 0 6 0 0 0 37 0 0 0 48 0 0 19 0 42 42 0 0 0 27 0 0 0 35 0 37 33 0 0 9 56 0 0 0 3 7 0 0 0 0 10 4 0 19 14 8 35 54 0 0 54 0 0 57 0 3 24 0 28 0 0 0 0 0 0 7 96 0 0 0 4 0 0 0 9 0 0 9 1 0 3 0 68 0 14 26
 0 0 18 0 38 0 10 0 0 0 8 52 4 14 0 1 8 23 0 0 13 20 16 49 0 0 0 0 29 0 44 0 25 49 0 0 7 2 0 0 32 15 64 0 17 0 0 37 0 30 0 0 48 0 17 1 0 0 16 0 0 0 61 0 0 0 29 0 0 0 68 0 0 0 0 59 0 0 10 0 0 0 0 0 21 0 0 0 21 0 48 0 0 0 0 0 3 0 67 14 51 0 24 1 45 0 0 4 40 0 0 0 0 0 37 84 0 0 30 45 19 0 0 0 0 0 0 0 60 0 0 0 41 3 39 0 0 17 0 81 50 0 0 0 72 0 61 0 17 0 17 33 35 0 2 0 0 30 1 0 0 72 0 54 12 23 23 0 3 20 55 35 8 47 32 0 0 0 29 0 0 54 0 0 20 39 0 0 10 0 0 0 0 0 29 0 0 0 19 50
 0 39 0 31 15 87 50 11 0 0 10 35 0 4 0 43 0 27 0 81 0 0 0 49 5 0 44 0 0 30 39 0 0 0 0 46 59 14 0 54 0 0 21 0 0 71 61 0 37 18 0 8 23 0 23 28 0 29 12 27 41 46 51 38 21 35 61 0 63 9 10 35 0 0 0 0 9 0 7 14 22 0 11 0 0 0 2 15 0 0 0 39 0 0 35 3 0 0 0 0 23 8 14 0 0 8 9 26 55 0 0 3 79 0 40 40 58 2 62 8 0 23 0 0 5 5 44 0 0 0 0 0 7 0 0 19 0 82 72 60 0 45 0 20 0 40 0 0 52 0 49 17 0 0 0 0 0 0 50 66 51 0 68 0 42 0 37 40 2 0 0 0 10 0 10 7 0 0 5 19 79 29 60 84 46 4 0 0 0 0 84 4 9 0 13 0 0 0 64 20
 0 56 0 8 1 0 0 50 20 10 41 0 46 0 29 0 48 0 22 72 30 0 44 0 57 0 63 20 21 72 0 0 76 3 0 0 0 0 23 15 7 29 22 0 0 52 18 0 0 0 61 0 0 27 0 0 0 36 0 0 0 19 85 0 0 82 0 46 69 0 0 63 0 25 4 0 8 19 82 0 0 0 0 28 4 10 8 0 42 35 22 0 13 0 44 64 16 1 0 3 52 35 0 0 7 0 0 19 10 42 0 0 0 0 26 0 69 19 0 11 73 0 0 0 0 24 89 1 0 0 0 0 18 0 4 0 0 90 34 0 0 11 0 0 12 0 0 0 51 0 0 0 0 0 0 0 26 0 0 8 75 0 0 21 0 0 0 13 0 0 50 0 32 9 0 27 29 0 0 0 25 0 11 0 0 0 0 11 63 46 11 73 0 7 3 17 22 0 0 55
 0 0 69 41 13 0 28 0 41 55 1 50 30 16 0 0 0 64 0 0 17 0 0 26 0 0 0 0 9 0 0 0 52 0 0 28 0 57 18 0 27 0 3 53 0 50 28 5 8 7 12 42 0 38 49 0 12 31 4 0 37 0 0 0 0 0 13 24 60 0 69 0 18 0 0 0 0 16 0 69 12 0 58 10 0 0 0 0 72 31 0 73 75 15 39 0 16 50 0 21 0 42 23 49 78 0 0 0 0 0 26 61 0 72 0 10 51 19 0 65 0 5 0 17 13 62 35 14 74 0 0 42 0 16 26 0 52 44 0 0 0 0 22 19 37 0 0 7 0 55 86 8 0 0 0 0 0 16 0 53 7 0 13 82 2 0 0 0 13 0 5 0 32 48 42 0 21 0 22 20 5 0 0 8 0 31 0 0 0 37 17 0 9 0 38 0 54 4 1 10
 26 0 0 0 0 0 0 58 32 0 1 0 0 14 53 0 66 0 3 31 0 49 0 0 35 12 41 0 38 42 0 16 8 0 23 80 59 0 72 25 65 30 58 23 69 80 6 10 17 0 25 97 0 0 0 0 0 0 82 0 0 0 29 0 70 84 30 45 24 0 0 12 49 1 11 0 79 35 3 0 22 34 0 39 0 8 51 33 2 10 6 36 12 15 0 71 39 19 0 0 16 0 65 0 0 13 30 21 0 0 52 0 83 0 28 44 0 89 0 0 0 30 32 0 0 12 53 0 0 0 0 17 0 0 25 47 18 0 0 0 22 6 0 0 0 0 0 47 0 0 18 26 16 0 0 21 0 91 0 2 17 0 43 12 0 69 13 63 0 0 82 0 9 86 93 21 4 25 15 79 0 0 45 50 0 0 0 1 0 22 68 0 4 87 9 41 0 0 41 43
 2 0 41 0 0 29 0 86 0 0 61 0 0 8 38 27 29 0 38 45 20 18 16 51 0 72 44 0 7 42 2 13 27 7 29 21 0 0 2 0 0 0 0 0 12 0 0 0 9 74 23 0 8 15 24 32 0 19 55 0 0 49 62 25 74 12 0 36 97 45 0 0 0 0 41 0 0 0 4 15 0 0 0 14 0 14 0 0 0 0 0 0 28 0 7 0 34 45 0 62 26 90 0 30 20 0 0 0 0 0 0 0 64 65 0 0 0 0 29 31 50 91 0 73 72 37 35 0 58 19 52 0 0 0 18 0 0 0 18 20 26 61 13 55 0 76 0 0 0 0 0 0 0 83 53 2 22 23 0 56 1 32 35 34 37 79 52 61 0 11 0 0 5 0 0 9 0 0 52 3 14 19 25 0 0 80 0 7 25 54 0 90 0 62 38 0 21 65 32 20
 0 63 0 5 0 0 0 37 0 15 0 19 84 0 11 0 9 80 5 0 0 0 0 54 0 0 0 58 9 69 0 12 81 31 0 43 0 0 25 33 27 0 47 15 8 0 8 0 0 0 13 0 64 8 0 28 0 0 0 49 14 0 0 0 0 0 27 0 17 31 0 75 0 0 0 0 8 0 65 0 0 0 48 0 4 0 0 25 0 19 0 32 10 0 0 26 59 20 0 87 0 0 73 42 0 0 0 9 10 0 33 0 0 1 0 0 94 0 0 0 0 76 15 33 18 0 0 0 0 0 62 23 0 49 95 32 0 66 0 0 21 34 0 0 0 6 0 0 31 83 0 0 0 13 0 0 0 0 3 0 10 0 0 0 0 0 42 0 0 43 0 72 0 13 0 4 0 0 0 46 54 30 0 0 0 0 0 0 0 58 0 52 46 0 0 1 0 0 10 0
 0 0 0 51 81 78 0 0 0 24 11 14 35 0 46 11 30 0 17 65 47 49 40 0 0 0 29 0 18 64 0 0 2 0 50 0 0 0 0 0 0 0 8 27 0 9 49 0 0 67 15 0 26 0 17 0 0 10 27 0 0 0 0 0 0 0 16 47 25 34 0 0 39 0 27 55 2 0 0 41 0 0 35 17 20 0 0 24 0 10 92 24 0 30 0 0 0 2 37 13 0 0 0 45 66 0 0 46 0 0 15 0 0 0 0 13 63 0 0 26 28 0 49 0 0 8 0 24 0 0 0 0 23 0 77 7 20 41 0 77 0 17 49 0 56 82 55 0 47 0 72 0 0 0 67 36 15 0 59 24 6 0 1 13 0 9 0 0 29 0 0 39 0 11 0 0 0 89 0 0 84 19 85 0 58 35 0 0 9 0 0 13 49 0 0 33 66 35 43 0
 0 0 20 0 71 0 17 40 54 0 0 74 0 0 21 8 0 55 0 0 15 28 50 25 10 0 0 9 27 63 0 0 58 13 0 0 0 55 86 0 0 77 0 0 19 14 22 0 0 14 47 0 3 0 0 0 0 0 0 46 0 0 0 29 5 0 0 0 20 0 16 0 4 0 0 0 0 0 0 66 59 0 0 77 72 0 0 0 7 0 0 59 0 0 0 1 81 0 64 0 0 30 44 22 12 22 0 0 0 0 40 7 0 0 38 0 0 0 0 16 0 32 4 8 32 14 17 0 0 0 39 3 0 0 0 0 8 3 0 0 18 0 36 9 28 27 14 0 0 0 0 0 6 18 1 0 34 16 51 25 76 4 0 0 42 0 0 21 0 58 2 25 7 0 0 29 37 36 0 0 0 68 19 0 68 22 28 0 0 0 0 0 0 0 63 0 0 7 80 0
 0 6 44 0 18 16 62 0 26 35 46 19 0 0 27 50 0 7 0 0 0 41 0 9 23 0 27 0 48 20 28 0 0 14 41 0 20 13 0 0 0 0 3 7 27 0 0 0 20 8 44 0 18 0 9 0 45 82 0 54 0 29 0 0 0 0 93 0 0 62 0 0 32 0 0 21 0 16 0 0 60 79 0 63 5 0 0 0 44 0 0 0 0 79 2 12 27 0 13 55 0 0 0 0 41 30 0 27 9 29 0 36 40 0 0 39 0 34 8 0 0 0 0 0 0 5 6 2 0 0 0 27 58 54 9 22 38 61 86 16 45 1 0 0 0 0 1 44 53 34 0 42 0 28 7 38 22 0 52 6 8 29 0 0 10 33 83 28 0 18 36 0 75 64 0 0 55 0 0 24 0 0 70 61 0 0 0 0 52 27 0 40 0 28 0 65 0 4 91 0
 0 0 0 16 37 52 0 0 47 0 39 31 71 50 35 37 50 10 0 0 0 1 0 96 50 9 10 0 3 0 50 0 0 0 0 12 0 30 29 0 54 0 19 0 45 18 0 0 46 79 0 0 57 0 0 24 0 31 43 0 0 0 0 54 48 0 0 0 0 50 0 4 61 29 0 0 32 5 0 0 0 56 0 0 0 27 4 0 24 0 0 0 4 0 0 4 10 0 0 23 0 0 54 4 42 57 57 27 0 10 0 60 0 0 11 25 61 38 11 9 7 10 0 63 64 0 0 7 0 67 0 0 0 37 0 67 0 33 7 33 0 0 22 46 6 41 74 9 24 26 85 83 0 51 38 4 12 2 63 43 0 0 9 6 0 64 59 54 22 0 0 0 16 35 0 51 0 0 98 61 56 60 0 100 0 0 67 0 60 45 0 37 20 86 40 0 51 0 52 0
 0 0 0 0 0 0 0 0 63 0 27 3 45 0 0 66 46 81 0 0 39 0 0 0 18 0 79 0 41 52 85 0 0 41 0 0 0 26 6 0 26 18 0 0 56 10 22 25 17 30 0 0 0 0 0 0 0 0 0 0 0 0 20 0 59 33 0 0 0 4 0 28 44 13 26 9 12 35 27 38 0 0 49 14 55 0 0 39 0 0 30 0 66 0 70 3 33 0 31 35 0 31 25 13 0 0 5 28 54 47 0 16 51 9 18 20 0 16 50 13 0 0 20 87 11 0 56 47 0 48 0 20 80 0 0 56 0 0 24 1 0 0 0 47 0 0 14 34 71 93 0 0 0 0 0 0 72 2 0 0 61 0 0 71 0 62 53 0 78 0 9 21 0 0 0 69 57 76 91 28 0 0 52 30 33 13 0 73 43 0 0 21 55 0 67 53 0 67 88 0
 34 42 0 0 8 26 28 0 18 23 0 72 17 15 11 9 0 0 15 0 0 0 0 77 0 0 0 0 9 0 0 0 24 30 0 77 0 0 0 36 0 52 0 15 0 0 0 43 40 0 52 13 0 0 21 30 0 40 1 0 41 62 1 0 20 0 38 0 26 57 0 0 0 10 0 0 20 83 0 32 0 0 33 0 0 6 0 0 0 23 0 0 11 0 0 49 95 53 0 0 24 17 0 0 12 22 0 52 5 17 74 52 0 7 8 0 16 0 0 36 3 52 18 0 0 3 58 0 0 9 0 0 0 7 0 0 53 8 0 0 64 59 0 0 0 18 0 0 11 0 14 53 3 0 0 0 44 0 0 40 72 0 31 29 0 16 0 9 22 0 0 7 60 0 0 52 0 18 0 80 0 0 3 49 0 18 0 45 0 30 0 17 5 6 0 0 0 0 60 0
 18 0 0 0 0 0 0 85 7 56 86 0 7 87 0 0 0 48 16 0 0 0 61 34 13 10 6 86 14 0 18 0 64 33 47 0 0 5 0 29 0 0 44 6 25 0 0 53 0 0 59 0 0 39 0 8 0 0 43 15 0 54 0 3 11 11 5 0 0 24 0 0 0 0 80 0 0 0 3 39 35 0 11 6 0 26 65 19 0 0 1 56 0 0 72 51 32 48 33 26 0 34 8 87 22 83 16 0 0 78 10 0 0 0 78 47 6 0 0 0 0 0 26 13 0 47 78 0 42 43 18 0 53 3 21 0 0 51 10 44 0 29 0 0 0 0 35 0 0 19 20 33 0 11 0 0 0 23 85 0 2 45 19 31 0 0 35 0 0 0 28 0 65 53 86 73 89 26 15 35 37 0 65 0 4 49 87 0 7 0 0 37 0 7 22 0 0 41 0 20
 0 35 44 0 0 20 91 48 0 43 0 44 36 49 0 0 0 0 0 74 0 0 11 7 71 0 0 24 0 50 0 51 60 0 64 61 2 36 21 49 5 48 0 0 0 31 37 0 21 82 12 3 0 0 0 0 22 0 50 0 62 0 0 0 53 0 5 0 42 25 61 0 32 0 16 36 0 0 14 0 14 0 58 0 0 0 25 0 0 0 0 0 7 0 42 6 14 0 32 0 0 8 45 0 0 0 0 0 0 56 0 0 40 38 82 0 54 0 30 0 8 0 52 25 0 9 86 0 16 31 9 39 12 40 0 42 0 8 4 0 0 10 0 0 0 5 24 26 0 36 0 19 0 13 0 0 0 0 0 52 0 0 73 0 87 0 0 0 0 40 0 17 69 71 40 0 1 0 0 15 27 42 93 79 0 0 6 13 0 56 25 0 0 23 74 0 0 0 24 26
 0 0 0 0 0 0 13 12 54 18 12 21 0 0 0 28 29 0 0 36 0 0 0 8 7 0 0 0 0 9 0 0 0 53 0 0 0 40 35 31 0 0 0 70 10 0 0 2 22 0 52 23 51 0 7 0 0 0 0 0 0 13 0 0 14 5 60 0 32 0 0 67 0 0 0 0 77 0 0 1 56 42 0 14 0 41 0 0 0 0 67 0 47 4 18 38 0 0 34 9 0 0 0 63 0 0 0 36 2 45 0 0 33 0 35 0 1 2 0 75 53 0 0 43 12 27 51 0 0 0 0 28 79 51 53 4 0 0 0 19 0 27 3 0 5 29 0 0 0 0 0 0 11 0 0 0 17 25 70 0 0 0 10 0 0 0 31 0 0 0 0 57 0 0 2 0 24 10 0 69 0 47 0 0 0 42 0 4 1 44 17 0 0 0 33 0 44 13 0 0
 0 23 27 0 13 0 0 15 38 16 0 22 56 62 0 18 10 0 29 33 13 0 0 44 0 0 0 43 0 0 0 0 0 21 0 0 78 0 0 0 0 0 12 0 0 0 0 30 0 46 0 0 0 11 0 0 16 82 0 32 46 0 71 62 28 16 69 13 0 4 21 31 0 22 51 2 2 13 0 0 20 45 0 0 22 0 81 0 0 0 57 3 7 0 0 17 42 0 0 56 8 0 36 24 15 0 0 0 0 0 0 49 0 10 14 17 50 57 60 1 26 0 19 12 65 0 47 17 9 27 0 7 0 66 0 0 0 0 3 0 0 0 0 2 19 34 49 0 16 51 0 0 0 42 0 0 38 0 24 18 84 0 15 0 0 40 11 0 43 35 0 0 8 7 79 0 0 0 0 0 57 8 0 0 66 0 42 0 0 89 6 0 91 24 15 16 49 19 20 19
 25 0 46 22 72 0 0 19 17 0 0 8 0 25 1 90 25 25 0 0 0 0 29 0 0 58 0 0 1 74 0 14 0 73 24 18 36 0 0 17 0 0 17 0 0 0 0 0 20 0 0 0 0 66 0 0 27 0 0 0 0 46 8 0 0 0 0 26 0 0 0 54 6 0 0 0 0 5 0 28 0 32 49 0 3 23 37 0 22 0 0 0 21 0 31 31 8 0 0 87 0 11 26 0 42 0 0 52 0 0 0 0 0 5 0 32 12 34 0 0 0 0 0 0 15 2 70 17 0 0 5 0 44 24 0 14 0 46 37 2 2 23 0 24 12 39 0 21 0 13 0 0 0 23 8 0 19 39 0 10 0 29 46 0 36 14 0 2 0 0 0 0 39 74 0 0 0 0 35 49 13 13 11 64 30 52 0 0 0 0 82 0 0 0 3 81 40 0 0 0
 0 10 7 0 0 44 34 0 0 0 0 0 0 0 0 51 52 0 0 0 0 0 0 13 0 0 0 69 0 0 41 0 34 0 30 0 0 0 30 0 0 47 0 79 0 0 0 14 0 16 0 0 0 16 25 18 42 0 64 63 0 6 71 0 39 77 3 24 24 3 0 45 0 2 6 0 0 0 49 42 71 3 16 41 19 0 1 0 43 36 81 53 1 6 0 0 0 8 63 46 54 14 40 0 0 0 66 0 36 47 33 12 6 0 0 0 0 0 0 0 0 0 80 69 62 0 70 0 20 11 19 0 0 0 0 0 0 0 23 0 0 80 0 0 62 56 0 0 0 0 50 50 17 0 31 22 0 0 8 0 0 45 55 61 0 0 20 0 0 0 0 21 0 34 0 0 8 22 0 0 0 14 0 0 0 0 0 4 17 89 36 30 0 0 0 6 83 0 0 30
 6 65 48 28 0 64 0 15 15 0 25 7 25 5 48 0 35 0 0 0 87 0 0 2 25 0 6 85 9 4 5 53 12 0 0 52 61 0 62 6 28 1 0 0 20 0 0 22 0 13 40 0 22 0 47 65 50 10 10 0 36 63 23 62 0 0 0 0 63 0 0 21 0 0 3 6 43 0 62 0 54 42 0 53 0 17 0 0 14 0 80 37 0 50 0 6 0 57 27 0 64 0 0 19 0 0 0 0 0 0 76 39 4 53 0 14 46 84 39 34 36 0 51 40 2 0 10 53 19 0 0 0 7 0 0 33 53 11 0 49 0 0 0 75 57 18 0 0 0 14 0 29 0 42 0 12 0 22 0 6 71 0 0 0 0 0 10 0 78 0 36 70 0 18 0 69 0 0 83 0 0 48 92 0 0 0 85 23 26 0 54 13 28 0 0 37 61 13 0 0
 72 0 26 0 25 0 0 0 0 25 61 11 63 0 27 0 62 0 0 0 0 63 0 0 9 7 0 43 3 0 15 30 13 0 8 26 43 41 9 11 0 0 2 56 0 0 3 0 87 0 0 49 0 0 63 34 0 16 78 14 0 0 4 0 0 12 14 2 20 0 42 0 11 51 0 31 0 0 48 0 56 0 0 79 21 5 4 4 35 0 6 11 18 0 16 12 0 0 0 0 0 14 64 0 0 62 0 33 0 0 0 0 49 0 80 0 0 0 13 0 0 0 18 0 0 0 0 16 0 81 0 0 0 22 0 0 2 0 12 0 91 0 0 3 54 25 32 0 17 74 15 0 14 6 67 43 3 0 0 79 48 12 7 52 65 27 69 0 26 39 65 0 34 18 64 0 38 0 0 14 76 33 0 0 64 0 0 0 24 0 12 58 30 42 12 0 33 31 53 4
 43 0 33 0 0 0 0 0 0 28 0 1 34 32 37 0 19 34 0 0 0 0 26 0 0 0 95 73 0 91 0 0 10 0 1 6 0 5 0 4 0 18 0 0 27 0 0 1 0 0 0 35 71 17 28 0 0 0 0 0 0 9 0 88 0 5 41 60 45 0 0 36 0 0 0 67 0 46 0 0 34 0 0 0 0 27 0 74 23 0 0 0 0 26 32 60 0 19 19 9 0 0 97 0 40 83 0 69 17 0 0 22 0 47 65 0 20 0 44 0 0 23 12 0 67 0 0 0 57 32 4 56 0 35 1 0 85 0 34 53 0 0 7 38 0 0 0 0 0 0 0 0 88 0 0 0 0 0 0 0 11 0 0 0 0 0 0 8 0 0 0 0 0 0 0 0 0 0 0 56 9 0 29 0 0 32 0 0 0 0 0 23 4 0 61 18 29 24 0 0
 0 0 59 0 15 0 44 0 29 0 0 21 0 0 0 3 23 0 23 35 0 0 16 38 2 75 14 0 98 0 94 0 3 54 2 0 18 22 0 0 0 24 69 0 47 10 0 54 14 0 53 59 41 0 84 17 8 0 0 24 24 0 0 0 0 0 56 15 10 0 0 34 0 63 30 19 62 34 59 0 0 16 0 30 0 0 0 8 0 0 40 8 36 0 0 0 0 90 16 7 0 2 6 13 15 1 0 0 13 29 47 45 26 0 0 76 28 0 17 4 15 64 19 0 0 37 95 0 14 66 19 8 0 0 0 0 55 71 21 0 23 0 0 14 9 0 24 2 4 0 0 0 27 38 0 0 0 3 6 66 33 32 14 0 72 0 14 0 0 0 0 73 60 55 25 0 6 0 7 0 0 7 0 4 0 3 79 18 25 0 0 0 0 8 0 1 0 0 0 56
 25 81 12 0 0 13 0 0 0 0 0 15 0 0 34 0 55 38 0 0 0 6 0 38 0 47 8 0 25 0 78 94 0 72 0 0 0 0 0 31 26 46 0 0 55 0 0 0 20 0 0 33 20 50 0 5 93 33 21 50 23 0 0 0 12 0 54 0 9 16 31 0 0 47 4 29 0 0 79 0 0 4 0 0 0 0 0 45 0 0 66 0 0 0 0 0 20 5 0 0 0 88 24 0 40 30 34 23 16 6 0 0 0 0 0 5 0 0 0 0 52 54 96 61 6 89 0 27 0 82 30 0 1 0 34 0 0 0 0 22 63 0 0 0 0 0 0 57 14 0 0 0 0 2 27 54 0 0 0 48 0 29 26 84 1 48 0 15 0 95 0 24 0 42 79 0 0 19 0 4 0 78 11 0 50 0 34 36 0 0 0 0 0 0 0 64 47 87 0 0
 70 9 37 26 54 0 66 0 0 0 9 0 0 0 14 44 0 0 0 22 0 0 69 0 0 0 0 9 36 43 30 0 0 75 0 3 0 0 27 0 0 36 8 40 0 3 34 2 24 18 0 1 0 0 0 0 22 27 29 0 4 41 53 0 28 39 45 0 0 24 0 0 0 6 0 0 0 8 26 0 0 36 8 0 0 0 22 0 0 0 0 0 0 2 14 77 20 35 0 0 0 0 23 2 33 4 0 0 0 0 29 78 51 0 0 0 0 0 87 7 59 0 61 54 0 0 19 71 13 0 0 56 0 44 0 0 62 8 0 0 40 74 10 22 0 53 20 86 11 1 0 0 0 0 47 4 83 0 0 0 0 0 0 17 0 6 0 0 0 0 1 71 31 24 10 63 0 98 0 24 0 0 0 32 0 33 0 7 0 0 55 5 0 0 0 84 0 31 8 0
 0 0 0 0 0 0 0 0 2 5 27 0 3 0 0 0 36 0 0 0 34 0 16 0 30 12 0 77 41 0 0 0 34 69 0 16 57 0 0 0 50 0 48 20 0 27 49 0 0 0 3 0 1 19 0 0 0 0 0 0 0 58 0 21 38 74 49 10 0 53 44 0 0 0 0 60 42 0 0 0 31 0 0 39 64 0 87 19 0 26 0 10 88 0 0 35 0 0 44 56 17 0 9 0 0 51 0 0 0 79 17 25 0 7 0 18 28 2 13 12 0 7 53 0 41 0 55 97 0 42 0 0 83 21 0 17 0 75 48 0 73 33 0 8 0 57 0 0 0 67 0 0 36 0 0 30 0 0 29 38 66 16 0 30 0 0 0 0 0 17 60 0 0 0 0 7 0 0 0 0 0 0 0 0 0 0 61 0 52 0 7 50 58 0 24 0 53 0 25 0
 39 46 32 0 0 0 0 81 0 0 0 0 0 3 54 0 0 11 59 0 14 25 34 52 7 32 0 7 36 0 5 0 12 0 0 67 0 27 31 3 0 62 19 0 0 0 24 0 0 20 11 79 11 0 0 0 0 25 43 4 0 0 32 0 0 0 4 24 0 79 4 0 0 20 0 37 0 13 29 51 0 17 42 0 0 67 0 18 27 0 0 58 57 85 0 0 0 0 0 0 4 0 66 77 48 10 3 0 4 0 0 46 0 0 0 0 0 0 39 0 31 8 17 0 38 0 37 15 37 0 0 0 0 0 0 0 64 3 0 48 8 49 0 95 26 0 0 4 69 13 14 30 0 0 35 7 3 10 52 0 56 18 0 1 84 90 0 50 0 35 0 6 0 0 0 0 0 0 0 7 4 22 12 12 77 64 0 0 76 0 25 0 90 0 3 0 62 56 33 72
