150
 30 67 0 72 21 53 3 0 0 6 7 43 0 0 31 0 25 0 8 22 0 31 13 0 32 1 0 0 0 0 16 0 73 0 71 21 42 24 0 39 73 14 22 8 0 0 0 74 0 95 0 9 0 9 0 2 12 0 0 0 13 30 0 67 0 63 0 67 0 0 96 0 46 0 36 59 0 0 0 12 0 16 82 0 0 0 0 0 46 76 0 0 0 39 0 37 38 0 37 0 0 6 0 0 0 23 55 0 0 0 1 62 0 3 11 0 64 47 41 0 29 0 0 0 61 21 0 41 10 24 67 0 0 0 8 31 21 51 21 92 0 0 21 19 0 0 0 0 0 10
 0 5 0 0 60 10 0 8 0 0 16 65 0 71 0 0 16 77 61 33 0 0 95 55 0 0 0 2 56 20 0 82 0 0 0 2 0 23 81 0 0 60 36 0 0 0 0 52 72 2 0 17 0 3 0 50 0 0 1 0 36 53 17 1 0 28 0 68 0 0 0 0 0 20 65 76 0 48 33 28 3 5 0 0 16 0 0 0 0 71 0 81 4 21 0 0 0 6 0 0 34 0 60 0 27 73 6 0 0 0 0 68 0 15 14 0 24 32 71 0 9 30 0 0 0 45 0 0 0 12 0 37 3 60 0 21 0 36 0 0 86 0 0 0 7 23 48 0 30 0
 3 13 56 0 36 13 26 0 8 0 32 0 89 31 0 0 0 44 49 0 0 75 0 0 0 0 0 35 0 30 67 0 0 0 78 0 0 24 4 0 0 28 0 0 0 6 0 25 41 15 0 0 0 13 0 33 0 0 21 0 0 0 0 0 28 0 0 0 2 86 0 0 31 17 0 0 0 0 0 0 55 13 25 7 7 0 0 8 0 0 0 11 31 0 4 0 49 0 0 0 0 0 0 80 28 13 0 0 0 46 2 19 0 0 0 43 70 0 72 51 0 0 70 55 0 0 42 0 29 10 18 0 17 0 55 0 0 0 76 0 0 0 5 37 53 50 50 16 52 0
 0 4 36 23 13 0 6 0 34 0 0 0 32 35 30 0 30 0 17 0 2 0 0 26 40 0 64 10 0 69 0 0 0 7 1 0 0 0 2 0 18 0 0 0 0 8 0 0 62 0 0 0 5 0 18 56 0 44 2 78 28 41 0 0 0 0 22 37 0 35 49 0 0 0 28 15 0 53 0 0 4 9 61 0 26 0 0 0 6 0 74 23 8 24 1 45 63 0 0 0 3 16 0 0 0 0 0 0 43 50 0 49 52 0 68 13 10 33 0 0 0 0 0 0 58 15 10 0 0 0 55 0 76 40 0 0 0 72 36 59 0 49 65 0 15 0 10 0 7 0
 0 0 0 0 73 0 63 24 29 31 75 0 20 31 0 0 71 48 0 0 0 14 9 0 0 89 12 35 0 38 0 23 43 0 0 0 0 0 0 0 0 14 0 19 17 0 25 76 0 8 1 0 5 0 50 10 17 0 16 33 32 0 0 0 43 8 0 54 0 0 71 0 81 40 0 3 32 0 40 6 0 49 39 82 0 40 0 19 0 2 0 0 0 84 2 31 16 0 0 0 0 33 63 0 0 22 6 0 0 0 21 0 0 0 0 0 26 0 0 0 0 0 0 49 3 0 45 0 4 0 0 0 59 0 21 5 0 5 0 36 20 14 0 0 0 60 0 0 0 50
 0 0 0 28 42 13 54 41 0 0 37 33 0 26 84 59 0 0 17 0 0 43 0 0 0 38 44 0 0 48 12 16 0 0 0 5 11 5 0 9 0 0 37 0 4 38 90 0 40 65 39 0 31 67 65 18 0 0 69 3 0 0 0 70 0 0 0 34 0 0 0 0 0 0 0 69 37 51 0 0 63 0 0 3 0 0 41 0 0 32 0 0 0 21 16 9 0 0 21 65 0 16 0 3 0 0 52 0 0 0 0 0 0 67 0 29 34 44 70 0 68 12 14 0 41 50 0 0 47 0 0 0 49 0 80 0 42 8 0 13 53 10 0 0 0 79 68 0 0 56
 0 28 0 0 0 0 93 44 58 19 53 0 0 0 56 92 22 0 0 0 29 0 15 41 68 0 43 49 62 0 0 3 27 0 0 0 6 0 49 0 0 0 23 25 9 0 49 0 3 27 15 0 0 0 0 5 2 25 0 0 0 13 0 0 66 48 0 10 31 15 30 0 0 0 0 0 34 0 4 0 10 0 27 0 56 0 0 0 0 0 0 0 67 0 0 0 0 0 1 1 67 0 0 0 66 60 64 0 59 22 0 0 0 0 46 0 62 0 0 85 58 51 32 37 16 9 0 69 0 26 33 8 5 0 20 0 67 0 0 15 19 37 0 28 64 0 0 23 78 0
 31 0 29 28 0 0 0 83 0 59 40 0 37 0 0 70 0 48 0 0 69 0 0 0 13 48 0 36 0 0 16 15 0 9 0 0 0 23 50 0 0 0 0 0 0 0 0 62 0 19 16 57 0 21 0 50 0 54 71 0 0 0 0 0 0 0 64 51 22 0 10 0 0 0 0 0 0 0 54 0 21 0 30 0 58 0 6 64 0 0 10 0 0 44 0 51 49 0 77 47 16 26 0 0 11 0 0 0 0 31 34 26 0 0 0 22 63 16 0 0 0 1 30 0 3 0 49 0 0 0 0 16 0 0 0 37 7 60 0 27 0 5 25 1 0 16 0 20 3 0
 37 73 0 0 0 72 0 3 18 0 0 36 0 0 46 33 0 19 43 13 24 9 0 48 6 0 0 0 42 0 0 1 86 31 73 45 0 28 0 0 0 0 0 0 59 0 11 29 11 0 92 34 0 4 0 0 67 23 0 0 27 56 0 6 0 0 51 0 29 0 0 0 0 0 0 0 0 4 52 0 0 0 7 0 41 0 0 2 0 0 0 74 0 0 35 28 0 22 31 0 22 0 32 0 19 0 0 30 0 0 44 24 51 0 39 34 42 15 6 58 0 9 19 0 3 0 0 0 0 0 0 62 62 18 0 0 20 0 28 13 0 0 0 0 0 43 7 0 0 44
 0 32 27 40 0 12 0 0 85 78 0 3 0 15 13 38 0 0 0 21 25 13 43 0 0 0 0 48 5 82 82 6 0 38 61 0 66 22 0 0 10 48 0 49 74 55 55 0 72 17 94 0 21 0 38 26 0 0 0 18 11 0 15 13 0 0 0 17 39 0 3 0 67 0 20 65 0 0 56 0 0 0 8 0 0 0 0 94 0 0 88 0 31 38 0 46 35 0 20 54 0 40 60 12 21 0 69 4 41 0 13 5 0 48 0 41 0 0 25 0 0 80 28 23 0 6 38 0 14 26 31 35 44 7 61 62 0 46 0 0 37 27 37 0 0 0 0 0 39 89
 0 0 0 2 0 0 0 0 85 9 0 17 9 0 42 0 0 48 91 0 0 0 0 0 7 38 15 0 0 16 0 21 0 47 0 4 0 0 0 45 7 12 0 0 0 0 0 0 23 0 18 0 29 0 0 20 13 0 0 10 0 29 0 25 7 8 27 42 0 7 72 0 15 0 37 0 0 0 0 8 39 0 0 27 2 0 10 10 0 51 16 0 87 14 0 0 0 0 0 0 0 56 0 0 0 0 0 0 0 0 57 0 42 13 0 0 0 25 0 0 0 0 0 21 0 0 0 36 0 50 56 0 0 14 0 14 31 0 0 0 0 3 0 28 0 65 0 0 0 0
 0 0 0 37 90 0 25 10 0 0 0 7 53 0 51 0 0 0 74 2 35 0 0 4 0 0 0 0 84 0 0 0 0 64 37 0 0 11 0 0 0 0 0 0 0 0 24 0 0 13 16 0 12 0 1 0 10 0 44 0 0 0 0 0 85 0 0 31 34 0 10 0 34 0 27 0 25 26 0 1 51 26 28 8 0 0 71 52 0 42 0 5 4 7 31 69 58 39 0 0 0 23 1 39 0 0 49 0 0 0 16 26 1 0 35 0 23 0 0 18 0 0 42 0 56 0 48 26 0 0 0 1 0 0 11 0 11 0 0 42 0 49 15 0 0 17 6 0 38 0
 4 24 0 0 0 75 11 0 6 13 0 0 67 67 18 0 0 0 69 23 77 0 58 0 29 0 29 12 17 19 4 42 0 1 0 0 47 23 27 25 34 0 16 0 0 0 7 0 52 0 2 0 0 0 0 0 0 37 0 0 0 0 0 0 5 70 50 0 0 11 0 0 44 0 0 0 21 0 35 0 0 15 35 34 0 35 38 0 0 0 0 0 51 0 0 0 0 0 88 0 0 12 48 0 0 16 25 44 43 40 0 30 33 6 30 0 35 0 0 81 0 0 0 0 0 36 0 94 36 68 0 0 0 0 19 0 52 0 0 40 7 56 47 14 0 0 0 35 0 0
 28 0 0 0 0 0 57 20 21 0 28 31 0 65 0 0 0 5 15 0 0 0 11 64 23 0 0 0 0 45 28 12 0 0 13 19 0 26 5 0 54 5 58 28 0 77 0 0 69 8 0 0 0 0 20 60 0 5 0 71 32 0 3 59 19 0 26 13 52 0 0 65 79 0 61 0 13 0 0 0 77 0 0 0 0 15 22 53 9 48 0 9 9 6 0 0 10 76 86 3 0 0 0 0 3 0 0 16 0 62 33 0 9 0 0 0 0 61 0 35 2 0 5 0 14 37 80 0 13 12 20 39 0 4 52 7 0 0 0 0 0 34 36 0 57 18 0 29 0 5
 0 55 40 0 30 0 0 17 0 0 0 0 0 20 88 0 0 14 32 0 0 0 0 0 0 54 0 13 8 26 0 0 27 37 0 37 25 24 62 31 58 0 48 42 0 61 34 62 0 2 0 0 0 36 0 15 0 0 5 0 0 0 0 0 0 0 0 0 0 38 0 3 0 0 0 0 0 0 0 0 0 78 0 0 14 24 3 0 27 0 0 51 29 0 45 15 0 47 55 0 20 0 43 0 13 0 62 43 30 37 46 0 0 0 21 0 0 0 22 26 1 0 64 0 17 0 11 40 0 0 62 15 84 0 0 0 0 43 0 9 17 41 23 0 0 0 0 6 0 51
 22 30 14 84 9 0 0 0 0 0 11 10 38 12 80 97 0 0 0 0 3 0 0 0 0 10 80 83 0 0 0 37 12 19 0 0 0 44 36 45 0 0 0 31 0 0 1 5 72 0 0 55 0 0 56 0 33 0 40 0 0 71 14 0 8 0 0 0 0 0 0 28 42 28 0 0 0 8 9 0 47 18 0 0 0 0 0 0 0 7 0 2 0 47 50 48 0 63 0 0 0 60 13 45 24 29 0 0 8 19 0 40 33 0 74 0 40 0 91 15 0 69 62 0 14 31 0 0 29 56 12 0 6 0 9 0 0 29 0 0 0 0 0 27 19 77 4 12 0 4
 0 0 43 0 0 19 0 49 26 49 3 32 79 15 32 20 68 0 11 0 0 0 19 3 22 0 0 0 0 0 66 2 59 26 0 0 16 0 0 41 44 45 33 42 80 50 0 16 11 33 0 0 0 32 0 0 0 24 78 26 0 0 49 57 0 0 0 0 0 45 0 0 0 0 0 0 4 6 0 6 23 0 0 37 71 0 0 38 0 0 4 0 0 16 0 0 46 0 61 33 42 37 77 65 0 0 0 16 52 15 46 8 0 0 45 12 0 0 0 93 0 9 13 48 45 0 0 0 35 29 0 0 0 0 0 0 0 49 43 35 0 0 46 0 0 43 3 0 0 0
 52 0 0 46 0 8 7 0 0 65 0 40 41 0 0 9 9 50 0 80 25 0 0 35 0 0 3 39 34 0 49 0 0 0 61 0 0 17 12 15 0 57 34 0 0 29 54 36 0 25 0 34 0 9 55 59 0 0 0 27 83 0 1 0 0 0 0 0 0 20 0 4 0 7 0 0 0 0 19 0 0 46 0 35 67 0 4 8 50 47 0 0 73 54 46 0 0 19 54 30 0 0 0 45 6 0 3 0 28 7 0 25 51 18 11 0 0 2 0 29 0 0 0 17 0 4 46 58 0 0 53 0 76 35 21 0 0 76 15 0 12 0 50 3 37 0 43 6 27 0
 0 0 0 0 26 0 18 46 0 51 0 0 0 0 0 37 0 6 25 0 0 34 1 3 0 33 12 25 0 0 2 5 6 0 0 0 0 0 0 0 21 4 0 0 0 0 42 0 37 15 0 0 35 91 0 0 16 0 0 53 0 25 74 11 0 0 39 36 8 0 39 15 0 0 68 72 9 11 0 57 85 0 65 32 0 0 35 14 6 0 0 0 0 1 27 5 34 0 0 0 24 26 81 89 18 0 43 0 25 15 0 18 0 79 0 0 26 39 0 0 43 11 76 52 14 16 2 92 38 0 0 0 51 46 8 0 0 74 11 0 0 0 0 0 35 0 16 67 0 50
 0 0 65 46 33 50 24 3 0 0 9 0 0 38 26 30 54 0 8 87 0 79 0 0 7 7 0 39 0 53 0 0 0 40 0 47 0 49 76 0 0 74 0 0 0 65 0 0 0 83 0 0 0 96 0 56 0 7 0 0 8 55 0 0 0 30 28 0 61 10 0 0 0 10 34 5 0 63 57 55 43 5 0 0 50 2 55 11 37 18 0 0 11 33 0 65 25 21 9 20 3 0 21 4 42 52 0 0 0 48 0 0 11 0 0 0 0 38 0 0 25 42 25 0 0 2 25 41 0 0 51 0 16 3 11 0 58 22 0 0 0 0 1 0 0 71 27 10 0 0
 46 6 13 0 71 27 0 0 0 0 71 0 0 38 66 0 19 0 10 42 78 0 0 0 0 0 0 0 31 0 0 45 28 27 34 0 0 0 3 36 0 76 40 31 0 39 22 0 0 50 55 9 2 62 77 13 0 46 19 44 7 0 0 0 0 16 0 0 65 0 0 0 66 45 43 0 0 0 0 0 0 63 0 0 18 12 0 18 74 11 0 0 0 0 0 0 0 70 19 0 0 50 0 18 63 34 40 49 45 1 15 12 3 0 0 33 0 0 0 0 48 0 13 0 47 24 0 0 8 0 86 65 0 0 0 45 6 0 56 0 0 70 37 0 0 0 0 53 35 64
 0 15 0 33 0 0 46 70 0 0 7 19 21 8 62 26 78 50 0 0 36 56 0 53 0 44 0 0 0 0 0 0 18 0 0 0 62 16 27 0 0 0 0 0 0 0 10 24 64 0 0 26 0 4 81 69 68 0 30 0 73 0 24 0 11 0 0 0 0 0 0 70 7 78 33 53 0 0 0 0 82 0 48 32 21 0 0 0 14 74 0 10 0 28 39 16 20 0 0 81 7 0 0 25 21 0 0 0 0 4 28 75 33 0 14 0 0 0 0 0 0 75 18 85 4 2 0 0 28 87 0 0 0 0 14 0 0 0 44 60 0 0 36 0 0 0 0 0 38 0
 0 0 80 17 0 7 0 12 85 0 2 37 0 0 15 43 0 28 0 4 48 24 65 0 0 0 13 50 63 33 55 47 44 73 0 0 0 0 0 28 22 44 0 3 0 23 85 0 0 0 37 0 17 69 0 13 9 0 0 0 57 0 24 4 45 0 0 46 19 0 0 38 0 0 0 58 53 0 0 33 0 0 12 0 0 0 31 0 0 0 5 6 0 0 83 19 14 23 0 48 27 8 0 0 0 33 0 31 0 40 0 8 0 0 0 0 0 29 0 18 19 8 37 24 26 0 0 41 0 13 9 0 6 48 0 20 1 7 37 0 0 0 6 0 12 1 36 93 0 20
 10 0 58 0 18 34 0 26 0 13 11 0 6 0 50 46 0 0 0 0 60 0 4 89 0 0 28 77 39 0 0 0 38 3 0 0 0 0 63 0 0 3 73 22 25 0 0 0 0 41 27 91 0 28 1 74 0 44 6 33 12 0 0 5 0 8 14 39 0 77 53 0 22 39 43 20 0 0 23 40 0 29 7 33 41 0 0 0 0 0 0 0 0 35 19 37 0 1 0 0 0 0 0 30 0 25 1 0 0 0 0 16 0 0 0 0 0 12 0 35 0 40 72 0 44 0 3 0 0 32 0 0 0 0 28 15 58 47 0 0 94 0 0 0 13 0 14 82 43 0
 0 36 0 0 31 2 0 0 0 38 0 59 0 0 68 2 0 66 5 0 7 62 0 23 51 0 0 32 0 42 38 33 0 0 0 24 0 0 33 0 21 0 0 0 78 18 0 0 0 52 58 37 20 0 7 0 0 0 71 0 0 0 81 0 2 18 0 0 83 5 1 13 56 0 54 0 26 46 48 1 40 32 5 50 0 0 23 0 56 0 0 0 38 25 1 90 93 0 0 0 15 25 53 0 0 9 0 0 76 10 0 0 50 39 0 0 0 18 100 0 13 0 14 16 0 9 0 0 12 0 38 0 14 2 43 21 0 0 0 0 0 43 0 14 88 63 0 28 39 11
 0 26 44 10 0 0 17 0 13 10 0 29 26 31 0 0 56 51 0 0 24 0 38 4 31 64 45 0 0 46 0 11 0 0 67 0 0 7 14 0 27 51 8 90 35 0 0 0 54 6 69 0 0 31 42 21 0 0 86 0 0 0 18 25 17 0 0 0 0 0 0 0 42 0 67 61 0 0 26 19 46 5 0 21 0 0 0 21 0 0 0 0 0 14 2 0 0 9 0 71 20 7 0 34 0 0 0 31 79 44 34 0 32 24 0 21 0 0 3 36 48 33 8 26 35 0 92 11 14 0 15 29 23 44 0 0 34 8 0 0 19 51 0 0 21 0 0 0 0 1
 68 0 67 0 0 0 0 11 19 62 0 10 0 32 6 0 12 0 0 15 84 24 0 0 37 0 94 23 0 3 44 94 0 4 0 0 28 0 0 67 20 0 0 53 0 20 23 57 0 0 13 0 0 0 0 0 5 0 0 50 4 0 0 0 30 0 28 0 33 0 36 33 0 0 76 0 35 0 22 34 67 58 0 0 0 0 0 15 0 0 0 24 32 0 95 34 49 35 15 36 0 59 52 2 0 44 39 0 5 18 2 0 28 0 0 0 48 0 48 18 33 0 0 39 4 0 39 0 76 0 0 0 0 0 0 0 0 94 28 0 32 0 0 70 0 57 26 24 59 15
 44 0 0 0 0 39 0 0 27 0 59 11 0 4 0 0 45 0 0 0 55 73 0 0 0 49 0 16 0 43 18 0 0 68 37 70 64 0 0 0 6 0 0 0 5 13 3 20 17 43 0 82 0 0 9 45 0 24 0 19 20 0 2 0 0 0 18 23 19 12 0 27 7 0 0 0 2 0 11 0 0 0 39 30 78 0 5 0 19 26 15 23 0 0 42 0 0 0 0 59 0 11 0 0 0 7 0 14 0 3 6 11 0 3 0 43 0 0 3 46 35 2 71 62 0 78 0 81 0 69 21 0 18 0 33 0 0 0 0 8 0 0 0 26 20 0 0 68 0 18
 27 0 30 25 44 45 0 24 0 0 6 0 0 55 0 36 3 0 12 22 0 87 0 0 16 70 12 55 44 21 11 46 0 0 0 0 0 0 0 35 41 0 0 45 0 0 0 42 57 52 0 0 1 21 0 0 0 80 33 22 0 0 0 8 6 25 59 0 0 0 76 0 71 0 43 2 72 0 69 41 1 20 34 0 17 18 11 0 30 0 0 0 19 0 0 0 19 0 0 0 60 0 35 44 0 42 53 23 49 76 0 0 32 0 64 0 0 4 0 73 0 47 55 38 0 0 0 15 0 4 64 0 0 0 28 0 0 0 0 32 0 70 0 0 0 33 38 49 47 0
 57 0 0 0 0 0 57 2 7 0 0 7 0 0 0 10 7 5 8 0 58 29 0 1 0 0 0 0 0 43 1 0 27 22 15 69 75 4 0 5 56 0 36 0 42 0 0 78 48 36 16 0 0 53 0 0 0 3 0 0 49 0 2 0 18 0 0 61 0 0 0 44 0 0 30 0 0 3 26 18 0 33 0 0 27 45 0 2 0 0 51 68 0 0 0 0 0 63 0 0 0 9 66 0 0 58 11 0 0 0 0 0 0 4 0 0 21 46 0 0 0 13 83 7 0 0 0 0 11 34 0 59 0 0 85 0 66 80 91 8 61 0 0 69 0 44 0 0 13 0
 0 5 0 59 49 0 38 0 71 0 23 64 0 0 5 48 0 0 0 7 39 65 0 41 0 23 0 0 0 0 93 16 45 67 35 0 47 0 10 0 0 15 8 16 0 0 75 33 0 0 28 0 0 17 6 10 0 0 0 2 45 0 0 20 0 0 0 0 0 83 0 23 0 48 74 0 55 26 53 5 25 0 50 28 0 9 39 0 0 92 0 54 15 0 0 72 48 15 0 5 1 89 0 0 47 0 66 0 0 77 79 0 13 7 0 0 8 0 14 0 63 27 0 51 5 7 26 0 5 0 16 28 40 75 0 0 0 0 0 4 19 12 0 4 41 0 11 31 0 6
 57 0 59 25 0 0 0 0 0 0 0 66 0 0 7 0 0 1 0 60 0 47 0 21 0 0 0 7 0 35 0 86 28 50 5 0 13 0 30 74 0 0 36 34 40 0 7 0 3 0 49 0 2 0 12 16 3 20 54 7 0 0 49 5 22 14 27 0 9 0 4 11 0 0 0 0 0 0 42 0 43 68 51 38 0 18 9 77 0 96 17 9 0 26 16 59 18 0 0 2 0 0 0 0 0 2 0 10 29 0 47 0 0 16 13 64 18 33 0 32 56 56 0 13 18 0 46 0 44 52 63 0 25 3 37 0 32 0 23 37 37 0 0 0 0 48 0 41 36 50
 0 77 58 7 0 1 0 23 0 40 44 6 12 19 0 0 0 0 0 35 0 0 0 0 45 50 60 39 19 0 0 0 60 0 16 14 69 0 0 80 10 44 0 0 0 0 4 0 0 28 10 65 0 0 18 9 0 48 28 0 0 0 38 38 0 0 12 4 73 52 49 54 0 0 48 0 0 17 0 4 0 2 22 73 0 0 0 0 54 0 0 38 0 51 48 0 7 0 40 0 1 81 41 15 0 0 0 0 17 0 35 49 16 54 0 0 11 0 41 28 0 0 0 0 0 50 28 0 2 0 0 0 51 12 0 53 62 13 98 18 0 0 43 25 0 9 0 0 9 0
 7 61 55 0 73 51 72 0 0 0 0 0 0 52 0 0 0 33 4 0 0 51 0 0 29 54 0 0 36 0 0 0 21 86 0 4 34 0 7 0 0 21 0 31 0 0 12 25 0 0 24 0 5 70 0 12 0 1 0 0 0 0 28 0 0 11 0 0 0 25 21 15 10 0 4 24 0 14 0 0 37 0 0 0 0 0 0 0 9 15 12 0 16 0 0 9 5 31 11 13 0 2 0 0 48 0 37 0 11 49 0 0 0 52 59 46 0 55 0 54 8 0 0 15 65 54 0 0 0 0 1 0 17 0 11 8 2 34 0 16 86 0 0 0 0 43 20 46 40 0
 0 14 0 0 10 13 45 5 0 0 19 0 10 0 42 40 21 0 23 79 0 18 69 38 21 0 45 0 62 0 0 0 0 29 96 31 50 58 42 63 0 26 0 0 87 0 0 6 47 22 0 19 23 0 0 13 0 43 3 0 61 19 0 0 0 0 0 9 39 0 35 0 0 33 0 0 47 0 0 9 94 5 22 0 53 0 69 0 7 16 0 68 23 16 6 0 1 0 0 0 31 0 9 0 16 0 0 32 7 9 2 0 48 0 5 17 0 0 0 2 0 44 0 26 0 0 0 29 10 0 67 0 0 84 20 36 0 70 0 0 0 0 0 0 0 9 63 0 46 65
 0 0 34 10 39 0 28 1 0 3 0 33 13 0 0 48 3 37 64 0 0 6 1 8 0 31 34 0 8 0 40 17 0 0 0 70 31 0 10 0 0 0 0 2 0 0 0 8 0 27 20 0 28 0 75 0 0 42 0 16 0 0 70 39 6 40 0 74 83 70 50 44 0 0 74 0 0 23 32 0 19 4 0 15 28 0 51 26 0 0 0 0 0 0 0 37 0 0 0 51 0 0 42 49 2 29 10 0 27 0 0 61 17 84 0 0 63 0 0 14 30 0 0 0 54 31 35 5 88 0 64 0 0 48 0 0 77 0 0 0 0 0 0 0 10 59 32 13 19 46
 0 28 39 41 11 0 0 43 9 0 24 6 0 8 0 0 0 0 83 44 20 0 80 50 15 47 0 0 49 0 0 0 0 0 0 0 73 0 0 47 21 56 0 0 77 0 5 0 0 0 5 0 23 54 0 9 0 0 15 45 31 86 0 0 64 0 30 0 26 17 47 0 4 7 0 8 7 26 32 2 0 65 0 0 0 5 0 0 0 0 21 0 24 0 26 73 46 53 0 0 40 41 86 0 0 27 84 71 45 8 7 0 19 44 53 0 59 0 12 0 0 6 42 55 0 0 55 0 0 0 0 0 21 0 11 0 0 0 36 0 28 4 0 74 54 40 0 35 17 0
 0 0 0 23 0 0 37 0 0 0 77 0 0 0 0 0 39 0 59 0 15 0 0 54 59 0 51 73 20 0 39 86 16 11 0 70 67 13 0 6 0 82 27 55 33 10 5 0 0 57 0 0 0 30 0 0 0 0 0 48 19 15 0 36 32 0 13 0 0 0 65 0 0 44 0 0 0 2 7 86 0 0 41 0 52 0 24 3 8 0 0 0 58 61 34 0 28 0 0 0 0 31 18 0 63 0 22 0 18 19 0 71 27 1 19 0 0 33 0 0 0 37 0 0 60 11 62 31 0 15 0 0 0 0 39 0 0 0 0 0 17 51 0 21 7 19 0 1 55 0
 24 0 0 0 74 65 0 0 12 14 55 16 0 0 0 0 18 0 20 0 0 0 33 0 0 0 50 18 97 0 0 0 13 0 0 0 32 24 71 0 81 0 28 0 0 0 79 0 12 21 66 0 0 0 54 0 20 0 0 0 35 0 0 3 0 0 9 14 43 0 13 0 59 41 66 35 45 0 0 20 0 0 4 0 0 0 0 0 74 0 75 0 0 67 0 0 0 0 25 1 0 0 42 0 0 0 0 0 0 39 0 0 12 0 34 46 0 0 0 0 18 22 25 0 16 19 14 41 0 18 0 52 0 0 60 0 82 0 46 0 62 0 0 0 0 0 34 1 78 0
 0 42 24 69 11 0 59 4 17 48 0 52 0 45 0 0 0 0 19 25 0 22 0 28 18 19 0 41 0 0 66 0 0 34 0 11 0 0 65 83 2 29 0 18 59 0 0 0 0 0 56 6 0 26 51 37 2 0 58 0 0 0 0 48 0 0 0 36 0 48 92 93 0 0 30 26 13 0 75 0 48 4 39 51 0 39 22 24 23 41 17 78 81 0 15 0 0 76 56 18 20 0 93 0 0 0 35 0 79 30 26 74 0 77 0 8 88 44 0 24 0 16 0 0 42 15 51 42 11 54 52 0 0 74 0 42 0 0 0 0 0 49 18 55 48 5 15 0 49 4
 0 40 82 0 3 89 43 2 71 0 0 12 0 0 0 11 0 34 0 35 27 15 0 24 0 0 0 0 0 0 11 58 0 36 57 59 0 5 0 0 76 0 19 0 0 0 37 0 0 9 0 45 0 0 0 14 0 47 54 0 0 0 0 39 0 42 0 0 1 0 0 38 0 38 23 1 21 0 18 1 29 13 11 25 0 3 57 41 25 65 24 84 14 0 0 0 56 0 0 0 14 67 41 0 0 11 83 0 0 8 73 13 0 0 0 18 15 23 69 0 12 3 0 46 0 7 1 6 2 0 51 55 39 62 0 0 21 53 33 0 0 45 51 36 0 0 3 0 15 0
 0 0 0 64 0 54 50 9 66 0 0 8 5 0 16 3 0 0 0 0 0 90 0 0 20 0 69 40 27 28 0 21 0 0 0 55 0 0 14 0 0 66 39 62 2 0 0 34 0 0 0 0 17 0 4 12 10 29 0 0 0 25 14 39 31 0 30 8 0 48 0 0 24 0 0 0 0 19 0 6 16 73 0 62 14 0 0 0 0 47 0 54 97 0 5 10 22 0 37 0 0 14 0 43 0 11 58 61 0 49 0 60 16 0 28 81 0 7 4 38 28 64 0 34 2 32 40 0 57 0 25 19 0 36 28 5 0 57 0 0 0 4 7 28 0 0 12 47 0 44
 0 0 45 8 23 0 0 28 57 29 78 17 0 0 0 55 0 0 2 10 0 75 16 0 65 0 25 34 81 0 0 0 49 33 6 93 56 0 0 16 0 0 12 0 21 76 0 0 4 0 0 20 0 34 0 0 79 0 24 0 0 0 0 22 37 0 0 0 0 0 7 44 2 0 84 0 0 36 0 13 44 34 26 55 74 0 0 0 15 61 0 0 0 41 2 0 20 25 35 28 45 0 49 13 0 0 70 0 17 0 23 0 0 7 43 0 0 18 0 0 50 0 0 0 32 0 0 54 21 57 0 28 60 0 28 0 0 84 29 6 0 0 17 0 89 10 0 16 0 2
 0 4 82 57 0 22 0 1 49 0 38 15 51 0 0 0 0 6 89 9 0 87 0 0 68 0 0 24 0 22 0 0 35 0 9 0 1 0 56 0 9 0 65 100 0 0 0 0 23 1 0 0 0 0 18 0 0 36 69 32 25 0 9 33 0 0 18 32 32 0 0 55 0 0 5 16 31 11 0 53 0 0 0 0 22 91 56 0 0 0 24 0 0 4 50 0 0 0 18 0 0 18 95 0 40 0 0 0 77 43 0 25 0 0 27 0 0 0 62 5 26 66 0 0 8 0 0 0 0 0 0 0 0 11 55 23 0 9 0 31 0 60 0 0 6 0 0 0 0 0
 27 50 31 32 0 0 0 24 0 0 55 1 46 64 15 33 0 18 4 19 19 5 30 0 0 0 23 0 12 0 7 0 17 28 0 13 0 0 23 0 23 0 0 19 83 0 52 27 0 93 0 2 0 33 0 29 0 0 23 0 0 0 9 0 31 4 19 25 16 22 43 0 4 12 0 4 0 61 0 0 10 31 0 0 22 12 0 25 45 0 38 0 2 0 0 86 0 16 0 0 44 0 0 0 0 0 2 0 40 48 0 11 0 16 0 1 38 3 0 0 0 0 26 10 63 0 0 0 19 0 7 11 0 38 0 48 0 14 15 67 9 0 0 0 41 0 27 2 0 8
 29 46 0 0 57 0 71 40 22 0 69 9 33 0 0 78 0 0 0 0 0 64 0 6 0 12 0 0 10 42 76 8 4 63 40 29 28 0 47 8 6 18 0 27 18 98 0 0 0 0 57 0 42 43 0 80 0 15 0 30 41 0 66 0 0 75 0 0 76 10 31 6 0 22 58 0 54 0 0 5 59 0 0 0 8 0 0 0 25 42 0 0 0 72 69 11 0 38 0 0 0 22 0 13 21 0 32 0 0 55 0 0 0 86 18 0 0 5 0 0 60 31 0 0 0 0 64 63 0 0 0 25 0 0 1 0 0 0 48 0 41 0 0 0 0 82 0 25 32 0
 36 91 71 31 0 0 0 25 0 0 90 0 0 15 0 0 37 0 0 36 0 0 0 41 0 17 0 0 69 5 0 0 0 0 9 49 0 0 0 24 0 30 3 20 0 13 99 0 0 0 0 23 41 0 18 46 22 0 0 21 0 0 0 0 39 0 6 30 0 23 0 0 57 0 0 0 0 0 43 20 0 0 0 0 60 7 43 5 12 0 0 0 35 7 0 0 0 0 0 0 0 0 87 54 0 21 11 23 64 55 22 48 61 0 0 35 0 49 57 10 8 0 0 0 0 44 0 96 44 33 6 0 23 0 21 0 0 34 0 82 0 0 54 60 0 61 0 0 0 14
 0 0 0 16 0 19 69 0 0 50 48 8 16 11 0 0 0 0 10 25 67 0 19 50 22 22 0 0 0 0 0 34 54 0 0 0 70 9 4 82 57 0 58 24 0 14 74 65 0 0 23 0 0 53 0 30 22 0 15 57 63 35 79 16 21 54 0 0 34 37 0 78 37 0 33 0 29 65 0 24 0 0 0 16 7 0 35 11 37 0 0 42 60 0 0 0 0 0 0 0 89 0 0 7 0 0 0 0 0 6 15 0 16 44 23 0 0 0 55 57 8 9 17 0 0 0 75 0 25 61 0 0 0 63 23 24 0 51 35 0 0 44 15 1 0 0 40 0 0 0
 33 0 0 0 8 0 0 43 0 0 0 42 0 0 33 0 0 51 0 36 32 0 6 1 38 0 2 0 0 0 35 0 5 67 0 37 21 55 0 61 23 10 0 0 10 0 7 18 55 0 0 0 10 0 10 0 0 67 0 0 18 38 0 0 0 0 26 30 38 26 0 18 37 18 0 0 70 86 0 40 0 0 33 42 12 0 0 0 46 46 0 55 0 8 10 38 0 12 0 0 24 12 0 34 38 73 0 48 0 0 47 0 0 77 0 42 0 0 47 0 75 18 21 29 44 26 33 0 0 17 25 22 36 72 0 16 5 16 0 54 0 39 31 0 20 47 69 5 0 50
 0 0 0 20 0 0 0 0 3 0 4 0 54 0 0 15 0 0 0 0 0 39 2 0 0 0 40 0 0 0 58 65 0 60 0 0 66 0 0 50 0 50 32 0 0 46 46 22 6 14 1 0 0 57 61 62 0 0 0 0 0 0 0 46 0 0 46 0 0 28 34 12 0 15 0 0 0 0 0 0 0 0 29 0 50 0 0 24 0 63 6 32 69 26 35 12 0 82 95 42 0 13 72 10 19 0 46 0 0 0 0 0 54 0 21 49 0 0 81 54 2 10 0 8 0 1 17 0 0 66 0 0 0 55 0 65 0 34 10 0 0 0 82 6 0 0 0 14 0 4
 63 82 78 32 0 0 0 0 0 0 0 0 0 30 4 4 3 81 29 65 0 41 0 0 0 0 0 2 32 0 0 0 0 0 26 0 0 23 0 0 22 15 16 16 1 0 92 0 20 0 19 0 0 0 0 32 0 49 35 10 10 0 0 8 71 69 0 40 60 0 0 0 36 0 5 12 0 0 0 0 0 0 38 58 12 0 0 0 0 61 0 0 0 68 0 0 0 53 94 25 32 0 68 0 0 0 0 7 60 2 0 0 10 0 0 49 14 0 0 10 5 0 0 0 0 0 0 0 38 0 0 0 0 85 41 0 0 0 51 0 0 0 0 6 0 32 1 33 41 43
 0 0 59 11 73 50 73 0 0 44 62 25 27 63 3 0 5 0 9 27 0 0 3 0 0 33 37 0 16 1 29 35 0 47 0 38 79 54 18 0 0 7 0 43 0 28 0 13 32 21 12 58 17 0 60 0 0 0 0 8 0 0 48 37 28 0 0 0 0 0 0 3 6 54 68 0 0 0 51 0 0 0 0 0 87 45 10 0 32 0 0 39 0 53 0 24 92 16 54 44 0 13 15 0 96 6 51 0 59 30 0 0 0 0 13 0 0 53 0 0 32 0 6 0 1 8 0 0 14 0 9 16 0 51 0 53 0 0 31 52 18 0 0 15 0 0 0 0 0 0
 2 39 3 0 0 0 6 52 8 0 0 0 41 4 16 8 15 42 0 25 0 9 0 14 0 37 65 65 0 14 46 0 98 0 0 0 0 60 3 32 3 0 22 42 17 0 0 58 0 73 62 0 94 0 75 8 0 8 0 41 0 0 58 21 38 0 51 40 0 0 0 46 34 0 0 22 63 0 0 10 6 0 76 0 0 0 0 29 0 30 20 55 0 33 0 0 23 49 12 24 64 0 0 44 73 0 44 38 66 21 0 0 0 55 23 85 65 0 1 47 0 0 60 0 50 0 8 62 0 25 63 0 17 0 31 53 6 0 0 18 69 0 0 0 2 0 0 8 53 0
 0 0 0 23 26 0 13 0 0 35 69 16 41 10 0 83 0 0 0 0 0 0 0 0 26 0 23 15 0 0 0 9 44 0 0 5 0 0 11 0 35 64 0 22 0 0 7 0 23 0 63 4 14 88 7 0 7 0 25 0 0 0 41 42 0 7 6 0 1 57 90 59 0 0 0 26 0 0 1 12 0 17 67 0 8 0 0 31 9 0 31 92 0 0 9 0 13 0 24 92 0 37 9 42 0 28 0 0 0 0 72 0 0 0 3 0 0 0 60 4 30 0 0 25 11 0 74 40 53 0 0 0 0 0 0 6 6 2 0 0 0 65 0 2 0 0 35 0 10 0
 45 10 23 0 0 0 43 40 34 0 84 0 18 0 9 0 10 0 2 4 0 0 11 0 0 0 46 0 4 23 0 0 0 41 33 0 80 33 0 0 79 0 84 0 25 7 0 54 0 0 58 0 0 0 74 0 39 64 0 50 0 0 2 0 32 0 0 53 17 0 0 33 53 20 57 7 0 19 0 0 0 40 0 0 38 36 0 0 46 15 20 15 30 94 11 0 0 0 25 0 58 0 59 0 10 0 0 25 20 21 0 61 89 16 67 0 23 0 16 51 7 30 19 0 0 0 0 0 69 71 21 5 12 8 0 4 49 0 55 0 48 68 50 65 3 33 0 0 76 0
 0 0 0 0 0 0 0 0 8 0 0 15 43 0 0 2 39 0 90 0 0 0 0 0 11 0 47 0 69 15 0 0 0 0 0 7 0 1 65 0 0 0 7 54 0 0 0 0 52 0 0 29 0 38 30 36 24 0 0 12 0 3 0 0 0 55 59 0 0 40 15 39 0 0 70 0 29 31 8 0 48 0 0 38 0 20 71 10 0 0 0 0 13 56 0 45 0 58 47 16 70 63 74 0 0 53 0 16 4 0 0 36 51 61 0 10 0 10 0 0 56 46 4 0 0 0 0 0 0 2 25 11 0 5 0 0 15 0 31 88 48 46 0 0 0 21 0 29 0 0
 0 17 34 33 0 53 0 29 0 27 0 0 65 1 40 0 66 63 0 48 70 0 0 59 21 42 0 50 59 18 35 0 39 10 76 44 43 7 0 0 16 0 0 15 18 10 0 0 28 11 1 2 6 0 0 0 73 0 0 35 11 41 0 9 0 13 40 12 41 0 8 1 0 41 0 32 5 1 61 0 0 0 1 0 13 78 0 14 0 0 56 0 0 0 6 0 6 74 12 0 0 0 0 0 0 0 0 13 41 27 0 0 0 8 19 43 28 0 0 19 0 0 0 7 0 0 0 0 3 11 23 0 5 0 16 11 0 0 10 0 10 0 0 0 84 0 18 0 19 1
 2 2 7 0 52 72 0 0 0 50 84 9 0 0 27 15 0 6 45 0 0 2 9 0 45 30 35 0 0 0 62 0 0 0 0 0 0 0 36 30 0 0 18 0 31 0 30 3 0 13 0 24 0 17 0 5 50 2 0 0 80 0 6 0 0 0 0 55 0 22 0 47 0 0 0 0 87 0 6 0 20 53 0 5 12 11 41 0 73 29 0 27 0 81 19 0 20 0 0 33 0 18 43 0 47 0 40 19 0 14 0 0 0 0 1 34 33 57 54 0 80 8 0 0 0 14 0 31 14 0 0 0 0 0 0 12 49 66 0 0 0 0 0 0 64 9 16 14 0 0
 2 0 0 0 0 0 68 0 60 13 47 0 16 12 0 0 0 1 24 55 0 0 6 0 0 0 19 87 0 27 19 0 0 42 0 7 0 0 39 0 0 2 0 0 0 27 25 0 64 14 0 9 25 0 11 34 55 55 5 32 49 0 0 30 45 19 0 12 11 0 0 0 0 0 0 31 0 19 31 0 34 10 0 9 9 25 0 68 0 10 0 18 0 68 0 61 48 38 0 65 0 42 47 0 0 59 0 75 15 4 0 0 0 0 0 33 0 13 0 0 43 0 8 18 0 0 37 0 80 0 0 68 0 3 0 0 0 24 5 30 9 0 22 0 0 0 50 29 91 4
 37 11 5 0 0 0 11 29 60 0 0 20 25 0 52 14 0 0 0 35 0 3 30 0 16 72 0 0 0 35 0 0 58 3 11 0 0 0 41 1 58 58 70 0 18 0 0 0 15 82 0 0 0 11 0 0 0 34 0 1 19 0 28 75 33 0 11 74 16 22 0 7 21 44 0 48 0 0 0 0 51 0 0 0 47 0 0 12 0 31 0 0 0 79 0 0 25 0 0 43 7 0 0 30 14 0 0 37 0 6 0 50 13 10 0 16 33 43 14 43 0 0 0 0 47 0 40 16 31 46 17 54 0 0 15 0 0 29 0 0 0 76 0 40 0 3 0 0 6 0
 0 0 66 0 0 94 18 39 0 0 57 45 6 0 49 10 23 0 83 0 0 0 0 0 2 75 0 0 69 0 0 36 15 54 0 52 0 0 0 30 35 11 27 0 7 0 81 0 0 17 0 8 51 15 66 80 0 0 0 0 8 58 0 52 12 0 45 18 0 0 0 25 0 43 56 21 40 0 0 67 74 21 0 17 0 0 33 0 0 1 21 0 66 0 51 0 38 0 21 0 0 0 0 0 82 0 1 0 0 0 17 0 0 0 0 8 0 14 0 51 0 27 0 0 50 0 57 0 14 29 20 0 0 67 0 29 0 22 0 20 4 47 0 6 16 0 58 19 30 0
 0 0 86 0 12 79 0 33 0 29 0 43 28 10 7 0 10 1 0 0 52 42 49 52 4 18 22 15 39 4 2 28 22 59 0 61 0 0 21 5 66 0 65 39 19 38 91 0 0 43 77 19 40 64 58 0 0 62 83 6 0 8 15 18 0 8 0 0 2 73 0 15 0 0 0 43 0 0 0 5 6 50 2 22 69 0 0 0 0 10 0 0 70 59 0 0 3 43 10 0 2 43 3 0 30 0 9 0 0 33 0 42 0 0 0 42 33 16 0 27 47 29 35 37 18 0 0 52 0 0 0 68 0 13 2 32 2 59 36 0 64 0 0 0 0 0 0 26 9 15
 64 0 4 53 66 55 31 55 6 0 55 37 2 0 64 0 0 0 0 3 36 0 0 22 0 0 52 0 9 0 26 0 0 0 27 0 38 57 13 75 35 0 0 0 0 0 17 0 40 1 52 0 0 0 0 10 36 0 14 0 29 0 67 70 2 0 29 49 0 11 0 0 71 8 0 65 0 22 0 1 0 12 6 45 0 56 0 14 0 19 7 13 76 0 0 0 0 0 0 5 0 0 1 0 7 13 88 27 0 39 23 31 25 89 0 43 71 0 6 66 14 0 70 80 0 0 40 0 2 0 55 0 0 0 35 0 0 0 0 55 5 3 0 0 0 0 0 6 47 0
 0 0 51 13 57 0 51 83 0 0 0 26 10 0 37 27 0 17 0 45 12 61 0 0 15 0 33 24 0 38 0 0 0 40 2 0 71 0 0 0 0 0 0 0 82 14 64 0 48 0 0 0 0 0 32 26 0 31 0 0 0 0 0 7 0 2 0 0 6 0 48 2 0 59 0 7 34 12 12 51 93 1 0 0 69 0 22 42 21 0 0 0 11 38 0 4 0 51 0 0 25 75 0 37 2 0 0 31 67 0 64 83 23 0 0 0 15 8 5 0 48 0 0 0 0 0 0 55 0 61 32 0 0 30 0 0 34 10 24 12 39 3 0 53 0 0 24 0 17 0
 20 65 0 65 0 3 0 72 53 20 0 0 0 0 17 0 40 10 23 31 36 0 0 11 0 0 0 57 0 0 6 0 61 48 39 0 0 0 32 70 46 0 0 18 0 35 0 0 27 14 0 0 0 45 0 48 89 30 0 0 0 19 0 26 91 0 0 0 72 67 16 0 54 31 49 52 37 13 0 35 0 0 0 63 0 0 22 0 0 0 37 0 0 29 0 0 29 25 0 96 49 0 34 0 24 0 0 0 73 28 0 13 0 8 53 0 0 0 47 1 0 0 0 0 31 4 3 3 12 0 0 0 0 13 33 0 41 0 74 34 55 44 29 0 41 49 44 64 19 0
 0 0 10 5 0 8 0 46 14 26 0 18 0 6 3 84 66 19 25 0 0 9 39 0 0 7 48 64 0 50 33 0 82 0 4 0 6 43 65 29 0 10 59 49 0 0 58 0 39 7 0 9 21 0 79 0 0 73 0 26 30 0 7 0 9 29 0 0 72 0 11 0 39 33 0 0 87 32 0 17 3 8 68 52 0 0 16 0 18 0 43 33 0 0 0 26 0 0 44 0 0 0 9 33 0 3 2 3 0 0 25 80 18 0 0 0 0 0 71 23 17 0 59 0 43 68 0 6 18 0 0 87 0 58 0 10 46 0 22 88 0 24 16 16 31 0 0 0 22 25
 4 61 21 0 40 12 10 0 0 15 0 16 0 0 61 9 62 3 0 0 28 55 27 0 15 11 0 0 0 49 77 0 0 0 68 27 0 0 0 39 2 0 42 0 0 27 0 35 0 0 4 77 0 0 19 0 0 16 17 0 0 7 0 18 70 8 26 0 15 0 0 0 21 0 0 5 0 0 0 0 0 0 56 0 26 0 0 0 3 37 20 0 8 24 0 1 16 0 0 0 6 7 0 84 19 0 0 12 11 0 0 70 0 58 0 0 0 0 2 71 25 0 0 0 67 46 55 59 36 37 25 0 15 0 56 32 0 28 7 0 0 27 54 44 0 0 24 0 15 0
 0 0 27 0 0 0 0 0 14 0 0 0 75 0 28 18 41 22 0 12 4 84 0 0 63 57 55 0 58 0 16 28 0 50 0 0 20 33 0 0 8 0 67 0 0 11 0 41 0 26 0 28 0 34 0 62 0 0 0 0 0 28 0 23 24 24 60 5 0 48 58 29 60 15 0 8 1 0 0 13 22 0 49 27 22 55 30 27 0 57 0 3 0 8 0 0 0 0 0 0 35 24 0 6 30 0 0 60 78 0 66 0 0 17 0 0 0 12 0 0 12 0 0 0 41 46 12 0 52 0 0 21 28 0 29 9 0 17 22 0 7 24 0 0 0 0 0 0 0 24
 19 8 0 57 42 60 0 0 0 0 42 0 12 0 7 11 62 14 0 0 0 24 0 49 0 30 0 0 85 66 27 0 0 26 0 0 0 37 0 5 0 79 26 0 0 0 66 0 0 14 0 6 8 0 0 61 0 23 0 0 72 0 63 0 0 0 0 18 29 69 0 91 33 4 50 25 0 0 0 0 10 34 76 58 0 1 0 0 4 0 0 70 33 0 5 0 24 0 63 4 34 0 69 1 31 0 0 0 43 0 0 0 43 0 0 0 0 58 0 47 23 0 0 0 28 14 0 46 10 0 0 0 0 0 0 14 90 24 55 19 0 10 0 21 36 0 0 0 0 0
 30 35 0 0 67 37 0 16 49 29 0 0 0 34 0 6 0 0 27 0 26 34 6 0 0 19 89 0 14 86 0 25 0 0 30 0 0 60 2 0 76 0 8 33 0 0 0 0 0 0 42 87 54 0 11 0 66 0 18 0 26 0 0 42 0 0 36 0 0 60 50 17 0 41 0 0 10 0 0 68 0 30 0 84 29 16 31 22 50 0 81 0 44 0 37 61 50 0 0 0 92 0 76 0 0 87 0 8 30 0 65 0 25 42 0 35 19 0 0 0 0 0 0 62 0 0 21 0 0 14 9 5 4 0 22 27 27 0 0 28 9 21 20 42 0 0 0 55 43 76
 0 50 40 0 0 45 0 0 37 0 0 0 21 32 34 44 7 7 0 0 9 44 3 0 0 21 0 7 0 16 14 0 0 0 0 0 0 0 0 0 18 63 0 20 0 0 51 15 6 0 59 15 34 0 7 0 0 66 30 59 18 41 23 0 0 0 1 0 46 0 51 4 51 0 0 42 20 0 0 0 0 0 0 0 0 55 61 54 25 28 7 62 56 79 20 0 59 21 73 0 0 30 9 0 0 0 71 0 0 27 0 55 41 52 5 0 73 0 71 0 23 0 0 39 0 0 67 18 0 0 0 54 6 5 0 0 6 0 0 2 0 0 0 45 0 83 0 15 36 0
 70 88 5 12 5 85 86 8 78 62 52 62 8 0 0 0 0 0 0 44 58 0 0 18 0 14 0 0 2 0 0 0 0 0 64 0 82 7 0 0 0 7 0 0 12 0 45 0 0 0 29 0 0 0 0 0 0 0 2 0 0 0 57 0 39 18 15 0 0 0 0 59 0 0 65 3 53 0 13 32 0 22 34 24 18 0 0 0 0 56 0 64 27 0 0 0 0 0 0 41 0 24 37 0 72 0 27 0 0 42 0 0 26 0 48 29 52 14 10 0 11 0 0 0 6 40 28 0 0 47 9 20 0 0 15 6 0 3 0 0 13 0 46 8 30 0 0 24 0 0
 0 57 0 23 0 5 30 60 9 0 0 0 0 0 23 0 22 8 13 18 0 0 64 0 0 0 18 0 0 25 13 1 74 0 14 13 0 29 0 42 25 0 0 39 0 49 0 0 0 28 0 0 0 29 0 57 31 42 46 0 55 37 0 14 0 0 0 0 0 36 0 34 8 34 47 11 0 27 36 34 74 0 0 0 9 0 54 5 61 0 38 0 0 0 0 0 0 0 2 69 0 0 0 0 0 56 2 0 24 0 0 0 0 37 0 51 0 0 0 0 0 86 71 0 8 0 20 0 58 59 0 0 0 0 4 0 0 26 0 3 0 43 21 0 32 60 0 0 13 28
 38 0 0 22 0 40 11 7 30 56 55 72 55 91 14 0 41 0 7 0 0 0 29 0 46 7 69 1 39 47 0 7 3 50 0 15 0 0 0 3 0 95 3 1 0 0 75 2 0 0 69 0 69 1 0 65 0 28 56 0 0 7 0 0 0 0 39 0 0 0 24 0 0 79 10 9 0 48 77 23 49 26 71 0 0 7 52 0 0 0 17 0 16 21 19 0 0 21 3 12 0 0 17 0 0 16 3 55 73 0 11 29 0 0 0 0 41 64 0 0 0 0 4 0 38 36 0 0 47 23 18 14 0 0 11 5 0 37 55 69 65 38 4 0 0 0 0 25 22 5
 0 0 4 0 3 24 2 20 73 0 0 0 4 0 77 23 49 73 0 0 0 0 24 0 0 0 0 14 0 0 0 38 0 0 3 0 89 64 0 0 0 15 0 0 23 0 57 0 10 78 0 0 31 2 0 0 62 60 5 11 0 28 58 47 0 72 2 23 0 92 38 0 0 0 86 0 0 22 4 0 0 7 78 38 0 0 74 0 4 0 0 0 0 28 0 0 0 30 0 0 8 16 0 0 71 18 0 7 78 14 44 0 6 0 0 20 0 0 0 0 21 24 16 0 59 0 34 0 77 34 62 77 0 71 32 0 42 39 0 0 0 0 0 0 0 15 29 0 73 17
 0 0 4 0 0 0 12 42 7 0 4 1 21 84 32 2 7 53 0 0 1 0 0 0 47 0 39 26 0 39 70 29 56 0 80 32 0 76 0 0 0 51 18 0 0 36 32 83 68 44 0 10 0 0 0 85 0 24 0 0 0 0 0 0 0 35 0 0 0 39 0 0 0 0 51 59 0 0 0 19 71 14 0 16 60 55 0 0 72 0 0 9 0 35 10 12 0 5 53 70 0 78 45 75 44 2 0 0 27 0 0 0 9 0 7 0 55 0 42 48 48 0 0 0 0 42 39 44 1 0 0 0 0 0 0 0 0 0 9 8 0 0 0 0 27 17 3 0 76 0
 21 8 38 21 0 0 0 0 64 11 69 0 0 0 44 1 0 28 0 79 7 62 0 14 0 55 0 0 0 84 0 1 20 45 0 18 0 14 0 0 0 12 35 0 77 0 6 0 0 4 5 38 0 64 10 0 0 0 30 6 0 7 30 0 0 0 8 0 13 0 0 0 66 12 57 18 4 21 19 0 38 0 0 18 11 36 0 42 66 33 0 0 0 78 12 16 43 0 0 0 91 8 0 9 0 42 0 0 0 0 28 72 2 0 39 40 0 0 48 0 5 0 35 0 69 65 41 85 0 0 36 0 0 6 0 0 0 0 0 0 0 29 41 23 78 51 0 22 13 0
 46 0 27 0 2 0 7 34 0 1 8 0 63 6 64 0 0 50 0 0 2 26 33 28 0 70 48 8 18 0 0 38 0 0 8 0 0 0 5 74 40 0 0 0 0 3 42 0 0 61 41 7 72 54 0 0 0 11 0 25 27 62 0 0 0 0 45 35 16 22 19 6 0 0 0 11 0 9 31 11 0 0 0 0 26 6 0 10 3 34 0 55 7 0 0 0 0 0 48 22 35 0 0 19 41 2 19 0 0 18 0 32 0 0 66 0 66 29 0 46 50 0 13 24 31 0 0 0 4 0 0 0 2 0 57 0 13 12 0 19 58 0 0 56 70 81 70 0 5 0
 12 0 29 34 0 32 0 0 0 0 39 2 0 75 55 0 39 0 16 0 49 33 62 0 0 0 0 0 0 0 0 0 13 8 18 0 0 0 56 0 0 15 0 40 13 36 0 69 23 1 76 0 74 0 4 0 0 0 0 64 70 71 22 0 66 25 21 5 8 19 27 0 0 0 0 71 0 0 90 0 58 0 0 18 0 59 2 97 13 2 61 32 0 0 0 34 36 0 0 45 8 0 88 0 0 26 0 58 0 0 33 47 0 71 30 0 0 0 15 36 53 10 77 30 0 0 1 0 0 0 0 0 56 0 26 24 13 0 0 0 0 0 57 24 0 14 39 0 50 19
 0 0 36 77 0 19 39 71 28 10 0 0 1 14 71 7 0 66 0 0 48 6 0 0 0 0 0 49 0 0 0 41 0 61 0 12 0 0 0 15 0 0 0 0 34 0 0 0 0 2 52 46 0 0 30 41 18 2 5 16 0 0 0 0 0 0 76 0 68 0 26 0 0 0 12 0 10 0 52 20 0 0 16 0 0 5 19 0 54 0 0 8 7 67 6 0 0 75 0 0 81 0 0 0 60 0 36 0 0 0 32 0 31 32 0 28 40 0 41 0 0 21 0 73 22 0 0 0 44 0 41 56 0 0 0 2 10 0 46 0 41 40 38 15 14 0 0 58 0 0
 35 0 0 0 84 0 0 0 3 44 0 0 15 0 54 0 0 42 0 0 55 0 65 13 0 0 0 48 0 11 0 0 65 0 0 0 2 2 5 0 0 0 0 83 0 0 72 44 40 31 79 94 0 4 5 0 45 0 0 0 0 0 35 0 69 0 9 0 0 52 41 15 0 0 15 0 0 12 0 55 32 12 0 57 0 0 2 10 46 0 57 26 0 13 10 24 0 5 29 87 0 0 0 0 0 45 9 48 54 0 10 4 32 0 0 0 6 31 0 16 0 0 14 5 0 0 61 37 39 0 20 42 11 0 48 0 0 31 0 0 47 0 0 50 0 0 58 56 45 11
 0 0 0 0 0 2 0 15 12 21 92 0 0 32 0 0 20 0 1 0 0 12 78 0 0 0 0 54 0 0 31 0 0 4 0 0 0 33 14 0 0 0 0 77 0 8 10 44 38 17 39 20 27 0 0 13 14 0 0 32 0 0 0 0 9 0 68 7 0 0 20 0 70 0 0 0 3 21 16 25 0 45 0 54 0 49 0 0 41 26 0 0 0 7 19 0 0 0 0 0 14 51 4 0 36 10 0 62 0 0 69 0 0 0 0 0 0 19 0 0 59 19 17 29 0 40 10 0 32 0 18 45 75 0 0 0 0 0 25 8 28 0 71 0 0 0 0 52 0 0
 0 9 0 0 0 71 0 0 0 0 5 0 0 2 11 36 63 1 0 28 24 0 0 0 0 18 46 0 0 44 0 0 0 77 0 25 60 0 0 0 0 7 0 39 61 27 74 3 0 0 0 51 0 0 50 13 0 19 32 28 23 0 0 25 5 0 0 0 0 8 25 0 12 0 0 44 27 3 67 0 12 13 92 0 0 0 25 0 45 0 54 0 0 0 0 0 7 0 0 0 0 0 0 6 2 39 0 0 18 5 0 0 0 0 2 12 16 60 0 57 0 0 78 0 55 0 45 0 10 23 0 0 0 0 0 0 0 0 67 0 53 6 9 7 26 0 45 54 0 0
 87 13 0 52 0 0 61 36 35 64 0 0 0 61 42 4 0 0 0 40 40 0 90 0 0 0 46 0 54 21 0 0 0 25 60 0 38 46 50 0 0 0 0 8 0 52 25 0 0 77 0 76 13 50 32 0 27 0 0 36 0 0 0 32 0 0 20 0 0 0 49 0 32 25 0 0 0 51 0 7 0 0 84 74 40 0 0 0 0 0 13 0 1 0 0 0 0 0 44 0 75 40 0 64 0 53 70 0 0 0 1 17 0 0 15 0 0 0 69 39 51 16 30 4 3 0 0 59 72 59 0 0 0 0 18 17 21 0 52 0 29 36 12 12 26 34 27 0 0 0
 16 0 0 0 56 64 0 0 0 38 0 7 93 25 0 84 0 0 32 0 0 0 18 0 61 66 37 0 0 0 14 74 23 4 0 0 54 0 46 7 37 0 0 0 0 0 0 0 0 0 0 0 22 0 0 68 0 0 0 0 38 0 59 0 23 0 0 0 27 0 5 0 0 71 30 0 0 0 32 67 10 8 2 0 65 15 0 0 69 0 0 47 41 22 0 0 0 39 0 72 0 50 0 50 0 0 0 36 72 32 0 0 0 50 45 2 37 0 47 0 0 0 0 0 21 1 11 0 34 0 55 0 17 8 0 23 63 55 0 0 17 43 49 0 0 0 38 0 0 0
 57 18 47 11 0 75 55 98 26 17 49 9 0 0 0 36 38 10 13 0 0 57 63 31 81 24 2 20 0 0 0 0 67 88 57 15 0 65 63 0 0 46 22 0 0 59 0 27 25 23 10 0 59 42 0 0 0 0 0 47 57 28 0 30 5 67 86 0 0 0 0 19 18 0 43 0 0 0 0 0 69 0 9 55 0 53 6 0 44 36 0 0 34 12 0 51 16 4 88 11 0 0 4 31 43 46 35 9 0 0 24 0 0 0 0 17 0 0 0 0 52 0 53 0 56 0 27 0 0 45 0 0 13 29 0 0 27 40 0 18 14 0 0 9 0 37 65 44 0 21
 43 10 66 75 36 0 57 0 38 5 0 0 0 0 0 46 54 0 0 0 0 37 0 24 0 54 18 0 0 10 0 0 38 54 0 0 84 0 8 0 0 14 28 0 1 27 0 0 38 50 26 0 9 72 57 0 20 0 40 45 0 17 13 0 0 0 46 0 20 0 0 87 0 0 0 16 53 10 0 0 0 17 0 38 19 0 38 46 16 0 0 3 0 0 0 0 53 0 27 27 0 9 0 30 30 0 41 0 0 0 0 22 0 0 52 45 0 0 16 14 0 0 0 41 0 0 0 2 0 0 9 0 0 0 0 0 15 0 0 59 0 16 0 0 67 0 0 0 0 63
 49 23 0 19 0 35 3 0 0 0 0 0 17 0 27 31 0 0 0 0 0 59 12 50 63 0 0 48 20 0 31 0 62 21 48 0 13 0 13 0 0 44 0 61 0 43 0 0 60 0 73 16 0 0 1 0 0 75 0 0 3 36 0 0 49 62 28 0 42 0 0 77 0 20 11 9 0 0 0 1 0 23 40 56 57 6 0 96 0 0 0 0 9 0 21 13 22 0 2 42 0 0 59 37 16 0 84 0 0 0 0 0 0 0 23 8 0 0 77 0 0 0 29 0 0 0 0 0 33 0 16 0 52 21 0 0 28 0 0 0 0 61 0 0 70 0 0 36 18 0
 0 24 27 0 17 61 25 12 91 34 66 41 78 0 0 0 45 0 0 0 0 0 38 12 0 4 9 0 0 85 30 18 0 0 0 13 61 0 0 0 0 7 0 46 0 0 0 0 0 47 0 0 24 0 0 7 40 0 2 73 61 10 12 0 38 0 0 80 0 0 0 8 0 1 0 0 0 0 0 0 0 0 0 0 0 0 0 7 89 0 79 0 0 0 0 69 2 0 48 27 56 0 23 69 80 0 0 0 0 10 0 14 6 4 0 0 12 38 0 93 30 0 0 63 62 0 0 0 78 21 24 7 0 28 0 9 0 1 0 43 0 0 40 22 0 0 29 0 0 0
 0 0 90 15 0 0 33 36 56 15 0 0 9 0 37 0 51 0 40 0 0 0 33 77 25 82 0 0 80 9 0 0 75 0 0 22 5 29 47 0 0 0 0 39 70 0 48 3 0 0 0 26 0 81 0 39 3 0 0 0 0 0 0 24 51 55 0 0 25 41 0 0 64 29 42 55 0 0 0 51 0 0 3 63 2 0 0 58 19 59 45 0 0 25 3 0 43 0 0 72 56 34 0 0 0 66 0 20 0 66 22 0 0 5 0 0 72 0 0 0 21 2 59 0 0 36 64 50 81 21 0 0 72 48 0 0 42 0 0 0 0 72 40 0 0 56 0 78 0 6
 1 16 87 0 48 58 87 0 46 0 0 19 21 56 36 3 0 43 27 87 4 0 0 30 58 12 70 0 4 0 2 0 47 0 30 54 0 75 0 0 0 8 2 0 0 16 24 58 20 0 44 7 0 0 0 41 0 3 8 44 0 32 0 80 0 0 0 32 32 0 0 19 0 0 18 1 66 40 0 15 0 71 0 0 9 31 67 27 0 0 87 18 20 0 40 11 33 0 85 86 30 0 40 16 0 0 0 10 9 0 0 0 0 0 0 0 0 0 0 0 36 0 0 30 23 0 0 0 0 0 0 7 19 49 0 0 10 0 48 0 55 37 0 10 0 87 0 0 19 0
 42 0 0 0 31 12 22 44 0 42 4 0 82 0 0 0 38 0 30 21 6 0 0 2 99 42 0 0 8 0 0 0 0 17 0 69 24 42 20 0 0 0 41 6 6 76 1 0 0 0 66 0 0 0 0 8 56 0 0 51 48 23 0 11 11 0 5 0 0 1 0 0 60 12 11 0 14 0 0 0 0 52 57 65 0 47 0 37 83 18 0 64 7 0 0 0 0 2 0 8 6 0 1 69 29 0 0 18 0 53 22 0 10 28 0 0 0 0 5 0 43 67 0 59 82 0 3 52 20 0 0 21 89 0 7 0 44 0 0 0 60 0 0 0 7 0 0 23 13 0
 1 0 0 0 0 68 0 9 24 0 0 0 0 0 0 57 3 0 4 0 62 45 34 42 0 73 0 4 0 50 0 76 44 0 0 13 0 0 4 0 0 0 10 14 0 29 0 0 4 0 31 60 6 21 0 0 68 10 27 28 0 0 0 0 67 46 0 43 0 0 0 0 45 0 81 0 10 0 70 0 14 64 30 0 0 0 25 0 45 58 0 0 7 13 59 11 0 0 0 0 19 0 0 0 43 39 20 16 38 0 6 0 0 28 15 0 40 5 32 0 3 0 18 6 71 2 0 0 30 9 0 64 0 93 17 0 50 12 46 0 0 0 0 6 16 9 46 37 0 0
 0 0 68 0 0 0 43 0 89 0 0 0 41 0 33 0 0 0 0 0 41 0 3 0 0 0 68 49 13 17 75 0 0 29 0 47 10 0 0 55 43 87 0 0 72 0 0 35 0 0 0 0 0 41 0 0 52 0 0 0 10 0 17 0 0 23 0 0 12 49 0 25 54 0 0 0 0 17 50 0 0 0 20 70 0 0 7 67 68 0 97 81 0 19 37 0 0 50 0 0 35 0 0 86 50 33 74 73 40 0 0 12 59 24 0 0 7 0 0 33 2 18 0 85 0 6 0 0 11 0 6 0 0 0 0 6 44 62 0 0 58 23 0 0 0 0 0 0 0 4
 25 79 0 0 0 0 2 84 0 25 31 0 61 37 0 0 22 0 0 43 44 0 0 0 0 0 0 0 44 22 4 0 0 40 0 23 0 0 88 0 53 0 0 0 5 0 28 20 0 0 22 53 6 0 0 50 0 0 60 0 0 28 28 4 68 21 56 37 0 0 0 48 31 0 1 0 0 28 72 0 0 0 33 26 12 70 43 0 36 0 0 34 0 0 67 32 14 0 0 0 9 0 0 23 0 9 35 0 27 0 47 12 0 0 18 0 24 0 0 0 50 10 0 0 2 29 0 3 1 82 70 7 52 0 5 24 6 0 21 0 64 30 22 83 52 27 0 17 0 0
 0 6 15 0 0 0 17 0 0 0 3 0 2 41 0 0 29 5 0 0 19 0 0 0 0 14 0 15 35 36 0 0 31 0 73 0 0 29 6 74 36 0 62 24 0 0 33 10 0 0 67 0 14 65 68 0 6 6 0 26 45 87 3 0 25 0 0 57 25 0 82 62 19 15 33 0 0 12 0 51 0 36 1 55 0 0 0 0 0 7 0 44 0 61 0 68 0 0 58 62 0 0 0 19 36 0 0 0 0 0 0 3 21 0 0 0 32 0 0 0 0 10 65 0 27 72 0 0 58 5 34 38 0 0 0 0 0 0 27 0 20 3 0 44 0 5 0 31 28 34
 0 73 0 0 0 44 45 0 12 0 13 0 6 0 49 53 0 3 0 0 20 0 0 46 0 42 0 72 0 52 0 0 0 0 0 1 0 0 8 48 0 0 0 41 29 9 52 11 46 67 10 0 0 0 0 57 0 0 0 0 0 0 17 13 0 0 0 4 0 0 0 51 19 27 13 31 0 68 0 3 4 43 0 11 11 0 0 0 0 0 0 57 10 69 0 24 25 0 0 31 0 16 0 0 17 0 53 0 0 19 0 0 0 26 0 0 28 0 24 5 0 32 16 0 17 32 0 0 0 43 0 36 27 57 0 0 0 8 74 0 0 0 0 22 0 47 29 7 0 0
 6 0 79 55 12 18 17 3 0 40 31 0 44 0 0 0 12 0 3 0 0 38 0 0 10 0 0 29 82 0 0 12 7 0 18 60 0 39 15 0 45 32 0 24 0 0 60 18 0 0 0 0 0 40 26 0 0 8 0 1 40 0 61 0 0 42 83 34 10 3 0 18 35 0 0 0 58 4 2 0 0 6 11 62 0 0 20 20 14 15 19 0 26 0 44 45 3 44 0 0 0 98 0 0 36 46 72 54 0 18 0 67 0 0 0 15 1 6 14 22 0 56 0 4 0 0 0 0 67 0 98 0 0 27 0 0 0 0 41 0 12 15 0 6 0 52 0 0 25 0
 0 34 47 24 5 0 0 0 0 0 53 0 0 0 0 27 0 0 26 0 0 62 21 19 39 35 0 8 10 1 6 0 0 0 71 3 6 44 0 0 14 0 0 0 12 10 25 45 64 0 0 0 0 0 0 0 0 5 31 25 0 0 32 16 6 0 57 15 0 34 0 31 0 0 6 0 49 0 54 50 0 4 56 0 61 0 0 0 0 81 0 81 54 12 59 0 19 6 31 0 0 76 0 53 0 37 27 0 63 37 18 17 0 0 49 37 0 20 0 11 9 22 35 0 0 52 0 41 62 0 75 13 0 0 73 0 40 0 50 0 85 0 0 28 29 19 0 49 0 0
 32 25 47 70 13 0 0 0 32 0 47 63 19 0 44 33 0 0 49 0 6 0 0 59 50 0 0 0 8 28 0 0 37 0 39 0 41 30 0 0 83 40 0 2 0 26 11 43 31 0 0 0 0 0 6 0 58 0 0 0 6 83 0 11 0 61 42 2 0 22 4 0 0 0 9 0 64 0 0 5 0 26 23 19 0 0 0 0 0 0 0 0 11 51 0 0 0 8 13 39 28 61 41 0 0 58 69 0 63 0 52 0 44 0 46 0 0 0 51 3 0 37 21 0 0 0 0 0 0 1 0 51 3 15 0 0 61 8 0 60 0 0 64 0 16 0 0 0 8 16
 14 0 63 0 7 69 0 0 0 61 6 29 35 12 0 16 0 34 0 0 49 0 0 3 0 0 2 3 0 19 0 22 0 27 0 22 0 46 50 0 0 56 0 9 0 22 35 0 0 14 0 21 0 17 0 0 65 72 13 0 20 0 11 0 0 21 0 0 0 0 40 24 0 5 0 22 0 0 0 0 42 0 13 0 29 45 37 5 0 0 0 0 0 0 0 3 13 15 14 0 76 0 0 0 1 18 31 40 0 0 68 0 0 0 1 5 0 0 0 0 0 0 0 81 39 0 28 11 0 0 13 60 0 2 0 0 11 12 0 3 17 0 0 52 62 1 0 6 0 0
 0 0 45 0 0 0 12 0 25 0 0 0 0 48 20 0 0 47 0 29 0 32 0 27 0 0 0 0 34 0 0 34 0 0 4 29 0 0 58 22 0 0 25 0 19 0 58 24 0 0 4 0 36 0 13 0 4 0 0 6 45 0 79 0 21 35 0 0 10 19 0 0 27 12 0 0 0 0 4 1 78 0 13 0 0 33 0 70 9 0 69 28 70 16 3 8 0 0 0 0 46 62 0 0 0 0 78 69 53 0 0 13 27 0 0 1 46 0 0 0 0 0 0 0 8 11 0 50 0 0 0 0 0 0 2 3 13 0 33 24 35 0 30 0 31 0 0 29 8 0
 79 0 75 91 0 32 43 60 0 0 8 0 0 26 0 0 0 56 0 0 13 6 13 15 0 45 0 19 0 0 5 58 0 42 0 0 0 0 0 0 0 12 0 0 16 75 0 63 48 0 0 0 30 0 0 0 28 0 0 15 37 0 0 83 0 0 0 20 0 0 0 0 80 0 23 0 67 28 0 58 8 0 17 5 24 0 10 0 0 29 0 0 27 52 56 9 25 30 7 0 6 39 61 0 55 23 0 22 0 29 0 21 69 63 0 15 0 36 0 0 16 51 0 0 41 35 0 0 60 31 1 0 0 0 44 0 30 30 0 0 0 0 20 0 14 9 0 0 6 0
 30 38 0 88 43 0 18 16 20 0 2 0 45 55 36 0 0 0 0 0 0 0 3 0 42 0 0 48 0 4 37 33 0 32 3 0 51 53 58 64 58 0 0 5 51 0 0 0 0 0 16 78 0 0 26 9 13 52 29 0 5 66 10 0 39 0 0 0 0 41 42 63 10 55 23 0 0 0 58 40 80 52 0 0 0 0 0 0 0 43 0 0 9 0 0 0 12 58 0 36 49 26 16 17 0 3 63 0 64 0 55 27 32 0 12 0 0 0 0 43 0 24 0 0 0 0 2 0 63 0 0 11 93 0 0 0 0 0 0 0 50 20 2 52 0 0 0 0 30 0
 10 0 0 19 36 21 0 0 0 0 26 48 52 0 0 0 6 0 0 0 0 0 34 6 1 77 7 50 11 26 0 8 44 0 0 0 51 0 57 47 13 18 24 0 7 0 76 2 0 0 84 0 0 63 0 25 53 0 63 0 0 0 0 0 0 6 0 0 0 89 22 0 1 16 0 0 16 0 11 0 3 0 0 56 1 0 0 0 0 4 22 0 0 0 51 0 0 0 60 40 0 26 0 36 27 4 0 11 0 0 0 14 0 55 14 0 12 0 41 0 0 31 0 25 32 67 0 0 56 0 0 38 65 0 0 15 4 0 0 13 12 0 51 42 75 0 0 26 0 0
 0 0 0 40 0 26 0 20 43 87 48 36 0 33 13 0 0 63 19 0 0 9 0 0 0 18 0 0 0 0 39 0 74 9 22 0 0 18 18 56 0 0 1 17 45 26 0 36 0 31 49 0 37 0 48 0 23 19 0 75 44 9 0 14 29 0 84 7 1 0 15 65 0 0 0 0 0 0 0 22 0 0 0 0 42 0 23 20 65 0 32 73 0 0 0 97 8 0 0 0 0 20 0 0 0 53 56 0 41 52 0 1 0 2 0 0 0 0 75 0 0 0 0 0 0 0 22 0 25 39 0 76 26 78 31 0 67 44 0 0 0 0 74 0 0 8 0 53 0 0
 0 0 7 8 0 0 0 25 6 0 53 0 0 27 0 9 47 0 0 7 0 11 0 0 83 13 0 24 0 0 0 95 13 0 49 0 0 0 23 0 0 0 0 81 0 0 0 83 46 0 42 0 0 13 22 37 10 0 21 93 0 0 0 37 8 0 59 15 19 38 0 0 0 0 21 21 1 0 4 0 0 42 17 0 29 0 0 0 47 33 62 11 0 0 0 18 0 0 0 0 0 0 3 0 83 0 68 0 44 25 0 56 73 0 49 55 0 0 0 0 1 0 1 0 0 59 32 0 0 67 20 0 0 84 72 0 5 0 52 0 0 4 0 0 0 0 41 0 91 0
 5 17 34 49 73 9 9 72 0 0 48 40 0 0 0 16 0 14 11 35 0 1 0 23 21 0 8 0 0 76 25 0 20 46 0 42 0 41 14 5 30 0 20 6 7 3 0 59 0 12 0 8 0 5 0 0 0 0 0 0 65 29 0 0 7 0 0 0 62 0 17 10 23 0 0 24 23 10 0 55 0 0 21 63 0 0 19 38 60 0 0 0 0 0 12 23 51 0 42 43 0 0 0 30 0 55 9 48 17 84 20 0 0 18 0 9 0 2 58 13 53 0 21 63 0 0 0 0 41 0 57 0 76 0 44 0 25 7 0 0 20 0 0 58 11 73 0 70 33 0
 14 62 15 0 16 60 0 75 53 0 4 10 0 27 0 0 0 0 0 30 0 2 22 7 0 0 0 49 0 32 48 0 0 0 0 0 0 0 17 0 32 1 0 0 0 27 0 37 72 67 0 0 0 9 0 0 0 47 0 67 0 56 43 0 0 64 0 0 0 0 26 15 0 0 0 0 9 1 5 19 0 6 0 61 0 69 63 48 30 14 0 23 0 0 0 16 22 2 0 0 54 0 64 0 49 0 0 0 90 0 9 5 53 64 36 0 7 0 70 0 0 40 0 0 0 0 0 22 41 53 0 3 0 0 0 0 0 13 0 0 35 60 0 0 0 0 16 0 0 28
 22 9 0 0 13 49 0 0 20 30 84 48 0 0 0 0 0 0 0 0 0 0 0 14 0 0 0 0 0 39 0 19 44 0 0 9 0 0 0 0 0 0 26 0 0 0 0 0 14 6 0 0 0 17 0 26 0 0 0 0 20 0 0 1 0 8 52 26 27 73 0 0 49 30 0 18 64 0 24 2 50 10 0 16 0 61 47 59 0 0 2 0 85 50 37 15 0 0 0 85 23 62 0 4 24 0 0 0 85 1 25 14 17 0 0 0 0 0 0 30 0 18 0 19 43 46 1 0 0 0 8 0 67 20 28 0 0 0 0 0 18 0 0 0 1 0 0 0 15 34
 0 55 0 28 0 50 4 0 0 0 0 0 27 0 0 45 0 97 43 23 0 0 21 28 11 0 0 0 28 14 0 0 0 39 0 43 0 33 33 0 0 26 0 2 13 42 0 0 0 49 22 28 42 0 34 34 32 6 31 51 0 44 0 0 25 0 10 0 14 0 3 11 20 0 0 4 0 26 0 0 0 0 2 0 9 0 58 64 24 0 11 0 0 17 0 79 84 40 0 0 0 31 8 0 31 24 15 0 0 0 55 0 13 0 30 17 0 0 0 0 41 54 0 41 21 61 35 0 0 20 0 54 2 0 0 0 37 83 76 0 40 51 1 0 0 43 1 0 27 0
 0 0 0 0 30 0 32 0 0 0 51 0 0 3 11 0 0 0 0 79 0 0 0 0 66 69 56 0 36 26 63 30 0 4 14 0 26 0 11 0 0 0 82 0 0 73 0 72 7 67 44 11 16 10 0 0 17 60 69 0 19 0 0 0 0 0 0 9 0 22 0 8 31 0 57 94 0 0 0 3 0 6 7 0 79 39 0 0 0 31 5 9 38 0 0 0 45 0 0 1 14 0 0 0 0 0 0 4 0 0 20 56 0 32 7 38 33 0 27 8 0 0 14 20 23 10 0 0 0 62 0 0 64 0 0 1 25 8 52 25 0 75 28 41 29 16 0 52 0 38
 54 8 35 0 75 49 37 54 0 24 0 0 0 0 88 0 84 0 25 0 0 0 18 23 0 0 0 9 0 0 0 12 0 18 0 0 0 0 0 2 23 0 40 11 19 26 0 0 4 0 0 51 22 11 0 0 50 20 69 0 20 4 0 0 13 0 9 19 0 0 0 0 69 52 0 0 0 2 54 0 0 30 28 4 7 17 4 9 0 24 62 0 43 0 0 0 10 80 19 0 51 0 0 0 33 44 0 58 0 0 0 7 94 82 53 34 0 16 53 91 0 53 0 0 0 47 0 66 18 0 44 78 0 60 0 47 0 14 0 12 0 0 60 0 0 0 40 20 50 9
 0 0 3 20 47 0 14 12 42 0 0 8 0 28 27 12 43 0 0 13 83 19 51 25 0 0 26 0 63 0 0 0 0 0 25 0 0 0 59 0 12 8 0 40 0 0 29 0 0 47 9 23 0 17 0 0 0 23 3 0 14 93 0 61 0 23 0 0 57 0 0 86 0 39 8 46 63 72 0 0 66 37 39 54 0 25 8 0 0 0 41 0 0 0 29 84 0 32 8 38 38 3 0 47 0 0 27 0 0 79 4 0 0 70 12 16 0 4 0 0 0 0 11 0 0 0 31 0 33 61 0 0 33 0 21 1 0 0 55 20 22 0 0 1 12 0 0 0 0 0
 0 0 77 0 78 11 0 0 0 48 52 0 0 70 0 0 0 0 38 46 50 0 4 63 87 88 43 46 0 48 44 0 88 0 0 53 0 0 0 70 69 0 0 0 19 0 46 0 18 0 8 0 0 0 0 32 0 0 25 9 64 60 56 13 0 36 18 15 28 11 0 0 53 34 0 0 0 0 0 45 26 67 0 0 0 12 0 0 35 21 7 66 0 49 0 29 58 17 0 0 0 83 9 0 0 42 0 0 0 56 0 0 0 0 28 12 0 8 25 58 0 16 58 0 68 0 77 72 0 1 27 0 0 0 0 0 24 25 0 0 0 54 0 20 23 30 0 26 13 24
 15 83 0 0 8 0 33 0 0 0 49 63 13 26 50 44 0 42 41 9 0 16 40 23 77 0 0 0 56 54 29 0 61 0 0 47 29 55 0 0 0 0 5 9 0 71 0 9 0 0 0 22 0 57 35 0 0 0 0 0 0 0 0 62 0 1 42 19 7 0 11 0 0 34 0 86 0 33 44 0 56 38 0 81 0 0 0 0 56 48 7 69 9 2 16 32 87 0 0 20 0 0 0 55 11 20 0 0 28 29 0 0 0 0 0 51 26 0 4 0 6 0 0 19 30 61 0 23 0 68 20 24 0 0 0 0 91 38 0 37 0 0 0 3 15 22 0 0 50 0
 0 0 0 0 0 0 0 0 0 69 2 0 0 86 17 0 31 7 0 17 52 78 3 25 70 23 0 47 29 0 0 0 0 39 28 0 0 50 22 0 0 56 34 47 0 30 22 31 11 27 0 21 0 45 0 34 0 0 9 0 15 0 0 0 40 54 50 43 66 0 0 0 18 0 86 0 53 0 59 0 0 30 0 21 0 50 15 29 0 0 18 11 0 0 0 0 0 0 89 0 8 0 2 11 0 8 12 24 0 57 33 0 62 32 4 0 76 0 79 0 0 56 0 69 45 29 34 0 2 0 69 49 0 38 31 16 29 0 68 14 0 0 1 12 57 0 45 0 0 0
 0 0 39 0 2 0 23 0 0 15 0 28 48 0 54 18 21 0 0 0 76 8 0 0 0 12 47 43 0 0 77 0 1 0 84 98 22 0 2 0 0 0 0 33 0 0 0 14 51 35 0 0 8 36 85 0 3 0 0 0 0 0 19 0 12 11 28 0 0 17 7 0 7 0 18 28 39 0 29 42 0 0 0 6 22 8 8 12 0 55 1 29 0 31 22 20 25 0 0 37 58 48 0 19 66 28 59 0 57 47 5 42 0 0 0 42 2 53 11 0 10 0 0 31 0 0 45 0 0 0 0 26 32 60 0 0 21 0 41 46 0 72 0 52 0 67 0 0 7 0
 0 0 0 23 27 0 12 46 0 0 31 17 40 4 0 0 31 28 9 48 22 27 49 1 0 0 0 0 82 10 0 30 0 18 21 15 0 30 3 0 0 0 38 0 15 41 0 0 0 0 15 11 0 0 0 3 29 0 3 0 4 44 0 0 0 0 0 3 17 34 0 0 48 0 16 0 0 87 0 0 8 59 54 0 0 71 0 0 29 15 24 0 0 38 55 13 0 0 67 0 51 39 45 57 0 0 35 0 0 4 89 0 0 32 0 0 0 0 47 7 0 17 66 26 0 63 2 85 35 0 26 0 0 0 62 0 0 0 6 0 0 39 7 0 0 0 0 0 0 15
 49 6 0 51 2 9 0 54 0 13 20 0 0 0 0 0 0 0 37 38 34 41 0 0 8 0 0 0 0 42 36 0 0 0 0 0 32 25 42 0 55 0 3 0 8 11 0 0 5 0 0 27 0 0 0 6 0 53 5 0 0 0 0 26 0 0 0 0 0 10 0 18 4 21 53 0 7 0 0 15 0 6 0 0 17 37 0 0 0 58 14 84 27 0 29 63 0 0 0 0 13 41 75 0 32 8 6 0 6 0 38 0 0 76 0 54 20 26 0 89 0 0 20 0 1 23 42 56 1 32 9 2 50 14 71 0 0 2 0 17 30 7 78 13 31 0 0 11 0 32
 0 0 21 26 70 0 0 53 18 43 13 45 5 0 0 32 10 75 0 0 0 75 0 53 0 0 0 0 23 46 0 0 24 0 6 0 17 24 0 35 0 0 0 0 54 0 0 0 0 0 0 0 51 0 0 0 56 0 0 10 5 0 0 0 23 0 0 0 0 27 0 0 13 33 0 0 0 0 0 6 0 0 4 0 9 0 32 68 0 0 0 0 0 0 0 13 5 61 0 79 19 1 0 62 59 25 0 0 45 11 0 54 78 49 0 0 32 0 63 16 38 0 10 17 0 0 88 0 0 30 17 0 4 31 0 0 4 89 0 0 0 0 22 0 73 0 0 0 18 0
 10 0 22 4 35 0 0 0 0 0 46 12 59 3 34 0 0 7 0 0 46 0 0 0 25 0 13 0 0 0 0 0 22 48 0 0 0 0 0 0 0 0 26 0 6 0 45 0 0 0 82 6 0 75 0 0 18 0 16 19 0 0 34 20 20 10 84 28 13 47 39 97 0 43 0 21 33 33 0 0 23 0 61 0 29 54 25 7 27 0 61 0 65 0 0 0 0 0 0 0 15 21 0 0 0 54 8 5 0 0 0 39 0 25 0 32 0 52 0 6 10 36 47 0 5 46 21 0 0 0 0 4 65 0 0 0 0 27 0 0 0 0 17 0 0 0 37 15 6 38
 15 10 0 15 0 0 0 0 0 0 15 0 66 0 0 0 0 41 0 0 0 0 0 0 0 0 67 0 0 0 19 20 33 56 10 17 0 65 0 12 10 53 2 10 0 38 26 0 0 54 50 0 0 19 0 0 31 48 0 39 76 0 0 15 77 0 2 23 37 52 33 34 0 0 0 25 0 0 0 5 0 0 0 0 14 0 35 0 7 0 15 21 0 43 46 0 0 18 0 0 51 33 7 38 63 5 0 0 20 35 32 0 48 0 0 16 40 2 0 0 0 0 96 0 0 0 22 0 0 0 0 1 0 0 3 44 27 23 0 0 61 0 0 0 0 0 0 0 1 0
 23 2 0 32 0 52 0 10 40 0 0 3 33 28 12 77 0 0 0 28 0 0 0 22 0 0 0 0 0 0 0 0 2 0 0 45 0 21 10 33 0 0 25 64 0 9 56 17 0 0 7 53 7 0 20 27 0 18 0 56 24 0 0 49 1 32 69 13 3 0 0 31 15 22 3 0 20 0 0 0 0 0 48 0 11 22 0 92 0 11 0 0 0 0 35 61 53 0 67 40 0 33 35 35 0 93 25 0 36 0 0 0 5 66 28 0 0 0 0 13 0 2 35 99 0 6 0 0 4 30 0 0 0 44 0 0 0 6 0 21 47 0 0 0 54 0 35 0 36 0
 0 10 46 0 0 0 0 0 0 72 54 0 7 0 0 0 0 40 0 54 0 0 0 0 1 0 0 26 63 61 0 0 18 0 64 0 18 0 0 0 30 0 0 0 0 30 5 26 0 37 80 0 0 0 27 36 6 3 73 0 0 0 91 43 0 0 0 0 0 24 42 0 0 0 0 14 0 0 16 0 10 14 0 0 0 0 66 53 0 8 0 0 0 6 0 0 0 4 62 41 0 0 0 80 0 32 80 4 67 0 0 0 3 0 0 0 0 64 59 0 27 0 48 22 36 0 84 0 23 36 34 0 0 0 10 0 0 0 0 32 0 0 0 0 7 0 0 41 25 0
 0 0 37 0 27 0 0 36 83 0 72 32 0 0 29 0 26 0 0 0 0 0 12 72 0 35 14 0 18 5 0 19 0 0 11 0 35 0 0 0 0 0 21 19 55 17 0 3 0 0 5 0 35 23 34 36 31 0 4 16 84 18 6 28 0 0 0 0 0 16 10 0 40 0 3 0 0 10 2 18 7 0 24 33 0 14 21 26 20 0 2 81 0 0 0 0 0 24 0 34 14 0 0 41 0 64 0 21 13 0 0 0 0 52 58 0 0 28 0 0 95 0 80 0 61 27 55 0 74 0 0 0 0 18 18 0 15 0 17 0 0 0 60 36 11 24 0 0 0 0
 2 6 0 0 0 74 24 0 30 0 35 0 57 0 0 56 5 0 0 0 17 1 11 0 9 0 0 0 34 48 0 0 0 22 54 0 0 0 0 0 0 0 12 78 0 0 22 0 0 0 13 22 0 0 34 22 21 68 0 0 0 34 0 76 0 19 0 0 56 0 0 0 0 16 0 0 0 33 0 19 0 0 0 52 0 0 0 8 44 0 93 0 9 19 76 26 80 6 57 15 0 41 90 0 39 0 0 48 36 0 0 23 40 0 0 2 0 0 0 0 0 0 0 24 0 0 54 2 0 27 0 88 0 0 33 0 0 0 0 0 43 34 36 0 0 14 0 0 0 40
 0 54 4 20 36 22 0 17 34 66 0 0 0 11 0 1 9 0 0 0 43 21 0 67 31 0 38 0 0 22 53 73 61 30 0 0 45 0 0 0 0 51 0 24 77 0 0 24 42 17 1 38 0 0 12 45 49 0 5 0 22 0 48 0 0 0 0 14 0 18 0 42 24 56 2 0 0 1 5 9 0 28 49 0 78 10 0 8 55 0 39 0 25 39 0 53 1 10 0 37 0 0 30 39 51 16 12 72 0 46 0 65 0 47 0 0 9 38 0 0 87 18 31 13 44 47 0 13 0 14 0 0 38 0 56 0 0 0 5 0 0 0 0 6 1 0 0 7 0 0
 0 73 0 17 0 0 30 17 54 0 33 10 0 0 15 0 0 29 0 30 0 0 43 20 0 0 0 36 14 0 0 0 0 20 0 0 5 41 61 0 0 0 0 19 0 41 0 0 40 47 0 0 10 0 0 82 0 0 0 0 0 37 0 15 0 0 0 0 0 29 17 3 0 0 0 0 71 0 33 0 0 0 0 0 0 27 56 0 0 0 53 0 0 0 0 0 57 0 0 3 2 85 0 0 0 0 30 0 0 15 48 8 0 0 44 21 0 19 0 0 46 19 8 0 0 0 2 8 100 4 0 0 0 0 89 28 0 0 21 14 85 1 65 0 80 0 17 55 0 59
 0 0 0 33 18 44 0 89 81 0 0 16 0 0 45 0 0 48 32 48 61 0 0 0 14 41 3 0 0 0 15 0 20 14 16 4 0 0 0 0 0 9 0 9 6 8 0 0 0 0 21 3 0 21 0 0 0 51 18 0 0 28 33 0 9 27 0 50 46 0 33 0 0 0 0 8 61 9 47 4 73 64 0 0 20 0 7 8 0 0 15 47 0 45 0 0 0 88 37 0 16 21 0 31 40 0 0 54 0 15 0 0 16 0 0 0 7 59 32 0 0 44 0 0 0 84 0 0 0 84 80 0 0 15 52 0 0 0 0 0 0 0 40 0 53 18 0 91 53 3
 0 58 0 0 34 37 0 35 26 0 0 19 66 0 0 0 9 0 59 0 0 0 0 53 0 0 40 0 0 1 0 0 46 0 0 0 91 24 34 0 0 0 63 41 0 21 0 59 0 62 67 0 0 44 0 0 0 59 11 0 0 41 0 0 77 10 0 25 23 0 18 0 43 0 0 33 0 20 15 0 0 0 26 19 0 27 0 0 0 15 6 42 55 0 0 0 19 0 0 50 0 18 0 29 22 54 0 0 18 0 29 22 0 58 0 0 0 17 0 0 0 58 12 30 0 12 38 24 52 0 77 16 25 30 0 40 0 24 7 32 57 54 0 0 5 5 40 0 0 0
 15 0 47 52 68 32 0 0 0 0 1 0 6 0 0 45 65 56 52 36 0 50 52 41 22 0 49 47 37 0 0 27 11 36 24 78 23 2 0 55 0 0 0 42 0 0 9 48 0 4 24 0 18 7 0 0 44 61 0 0 14 0 45 4 24 0 48 0 12 0 0 0 38 0 0 44 2 45 21 0 0 0 66 37 37 75 24 64 0 73 0 0 0 53 0 0 0 63 0 0 0 29 0 0 0 0 89 10 0 52 0 19 0 38 4 0 0 0 3 0 27 0 0 0 25 14 0 50 41 0 0 7 34 0 39 46 0 0 0 9 54 22 0 0 0 11 32 77 0 25
 23 0 0 0 0 0 0 55 0 0 48 11 29 26 0 0 39 0 0 0 2 34 0 45 0 0 28 0 36 29 0 0 0 0 4 11 0 0 32 15 0 44 0 0 91 11 0 53 0 84 8 26 0 64 0 40 0 25 18 24 39 0 30 0 56 5 0 0 11 0 0 12 5 3 12 69 74 0 0 15 0 0 10 30 0 0 27 0 5 0 0 0 50 18 0 21 0 19 3 0 57 1 12 0 0 0 36 0 2 0 0 0 64 0 57 93 36 0 41 0 0 0 16 55 48 28 25 0 7 20 0 0 58 0 0 0 0 0 45 0 26 36 15 15 12 1 0 29 1 0
 14 0 3 0 69 37 28 1 0 0 0 85 26 0 22 43 79 0 0 0 38 20 0 39 0 0 32 11 51 57 0 0 0 55 0 0 43 11 53 0 0 0 34 0 0 20 49 0 0 0 0 0 43 80 0 0 23 16 0 14 0 0 94 0 0 0 12 42 71 60 0 23 28 39 0 0 0 17 54 62 9 26 24 23 0 0 54 0 0 0 0 25 0 77 63 15 0 0 0 0 0 14 40 4 75 0 0 37 50 0 38 72 0 4 22 44 0 0 50 0 0 33 27 0 34 0 71 15 86 0 0 42 95 54 0 5 0 0 7 2 8 0 0 0 6 11 0 0 41 33
 0 29 0 6 0 0 0 36 37 0 19 0 0 0 26 0 1 0 0 0 16 0 25 0 0 24 51 0 0 0 20 0 61 0 0 82 0 0 0 16 13 0 0 0 26 0 0 0 10 36 0 36 0 50 28 20 0 31 23 0 4 0 0 95 0 29 0 0 49 0 14 0 0 0 0 81 46 0 0 74 0 40 18 0 43 49 96 5 1 3 22 0 0 6 0 22 9 57 0 7 11 0 0 18 63 0 0 0 85 0 32 17 88 0 57 30 0 7 0 0 36 46 0 22 0 0 0 0 0 0 66 0 43 6 82 0 0 10 47 8 0 8 32 0 0 0 0 10 0 0
 0 0 4 83 0 48 46 0 19 0 0 25 34 0 19 37 51 36 1 72 0 46 0 0 0 50 64 60 4 9 25 30 0 0 0 50 12 37 75 0 67 0 3 0 0 15 24 0 0 0 62 0 0 0 0 62 0 0 5 18 0 0 91 37 49 0 0 0 0 0 29 0 1 0 4 12 0 87 0 0 40 63 71 0 0 8 45 20 0 44 33 25 53 0 0 29 32 50 25 1 38 0 33 3 0 60 32 8 18 18 22 0 0 0 13 8 0 6 90 40 18 17 0 37 39 16 10 40 0 46 0 0 61 0 40 85 0 11 0 0 3 25 68 75 48 0 5 34 24 35
 0 62 15 96 22 0 0 0 0 28 0 0 0 39 1 46 11 33 0 0 0 51 0 0 15 0 43 24 29 0 8 0 0 0 40 0 28 10 0 26 0 61 0 4 7 87 17 72 0 25 16 18 0 0 0 0 84 0 24 42 92 0 82 0 0 0 10 15 0 0 0 18 12 81 0 5 48 0 0 0 67 13 8 0 0 0 0 0 75 0 0 0 0 0 0 85 63 9 0 0 0 0 0 29 0 0 0 0 46 13 0 0 42 32 0 0 0 0 7 28 0 73 0 23 21 0 25 0 53 64 12 14 41 33 32 15 91 24 55 21 7 51 6 0 60 0 52 71 48 0
 0 0 7 0 0 0 50 0 8 0 1 69 13 20 0 0 0 0 0 0 64 10 0 0 4 0 0 9 31 0 76 42 0 0 0 18 17 54 2 43 0 0 0 0 0 57 0 0 0 0 4 5 12 0 24 19 31 0 0 0 0 0 62 0 54 96 0 0 0 0 26 0 0 0 0 57 80 0 4 89 0 25 1 13 0 0 15 9 0 86 12 55 0 0 17 17 0 38 33 0 0 12 0 36 30 0 28 0 0 64 0 0 0 49 0 0 60 40 57 0 0 0 0 0 58 30 40 22 39 20 0 7 50 41 0 0 0 50 15 0 0 51 0 0 23 0 0 18 0 0
 0 14 0 0 44 24 69 60 0 52 26 40 72 61 8 15 0 0 0 52 0 0 0 37 2 23 0 33 24 0 14 0 0 29 2 15 0 28 0 1 0 8 0 38 0 0 54 0 49 0 0 0 48 54 0 0 0 70 0 18 77 0 27 0 0 0 0 0 0 11 41 3 32 0 10 0 44 35 35 0 72 0 0 0 28 36 1 30 54 88 0 46 0 53 0 0 0 0 0 41 45 0 4 17 29 41 0 30 24 8 0 0 10 0 55 93 0 0 0 34 56 26 72 47 67 0 22 0 0 53 0 10 0 0 0 4 0 0 53 23 5 0 0 0 58 14 0 0 0 0
 0 59 28 0 0 0 0 0 0 48 11 0 0 48 0 53 0 59 3 58 5 0 5 6 9 12 44 0 0 0 0 0 0 0 52 4 30 59 17 0 45 42 0 0 0 2 0 38 0 40 12 0 0 11 21 0 8 60 0 63 0 36 0 0 0 0 28 42 0 0 0 15 0 0 1 0 31 0 14 19 0 0 76 6 25 0 0 52 0 25 40 42 26 43 8 26 46 23 13 0 0 0 22 16 0 47 1 48 29 10 47 0 0 0 11 0 0 0 3 0 4 6 17 0 0 15 34 22 0 27 0 0 56 0 0 45 0 68 0 93 0 93 78 0 0 0 0 64 27 40
 6 0 55 13 0 0 0 2 28 0 25 2 0 12 0 7 24 0 37 39 80 38 8 0 54 0 0 18 0 0 0 0 42 0 34 22 0 0 0 23 34 41 11 71 0 0 2 61 13 45 11 0 0 4 0 0 0 40 0 18 0 0 0 0 0 15 11 0 57 0 14 0 72 0 18 9 45 0 55 0 0 0 0 0 0 0 4 74 29 48 0 0 22 0 0 0 41 0 0 87 0 0 12 0 0 38 15 0 0 0 0 25 20 0 35 71 27 62 66 0 80 44 0 0 3 38 0 32 0 59 0 0 0 0 21 0 0 56 0 3 7 0 65 47 0 0 0 27 0 13
 49 10 26 0 0 0 0 0 22 0 0 0 0 0 0 43 31 40 28 36 0 7 36 73 0 0 9 27 0 15 0 58 5 49 9 26 0 0 3 0 0 0 16 0 11 4 21 0 0 49 24 14 18 0 0 0 8 28 26 0 0 44 0 0 0 0 0 0 0 0 62 15 0 0 5 35 0 30 81 0 45 9 0 0 0 33 0 0 8 0 0 55 28 0 0 0 43 0 16 4 45 5 92 0 40 10 0 26 0 1 0 0 20 22 0 64 24 0 0 0 10 58 92 13 53 34 0 35 0 46 0 0 0 53 0 0 0 0 71 0 9 57 0 0 14 0 28 79 3 0
 0 53 0 0 41 84 18 0 7 0 7 0 0 0 0 1 0 0 5 0 0 0 0 60 28 26 58 24 25 15 13 11 0 37 74 80 60 31 5 0 0 0 0 2 41 47 0 0 0 0 28 23 40 52 0 27 19 80 0 26 33 39 9 16 0 0 0 11 37 0 35 0 0 0 24 34 0 6 0 0 28 0 0 0 0 2 36 9 0 0 41 10 73 87 0 53 6 32 3 0 68 0 0 0 0 0 5 17 21 60 0 0 0 54 23 36 0 58 0 0 0 0 72 76 30 0 0 51 0 0 14 26 0 36 0 0 0 31 89 0 0 72 18 0 40 0 0 0 0 0
 0 21 0 48 30 43 0 0 36 60 0 46 0 0 14 0 55 0 15 23 68 6 21 62 0 27 0 0 82 0 0 16 0 74 55 76 0 0 14 0 0 0 77 61 17 34 0 0 45 0 0 0 44 0 0 9 96 33 18 0 0 89 31 0 3 0 0 49 0 0 0 0 28 46 56 34 0 0 0 0 0 46 0 0 27 0 2 16 0 8 0 19 0 22 0 0 0 0 0 16 0 38 34 0 0 43 64 0 84 19 88 0 23 0 0 0 0 0 28 0 15 41 38 27 55 0 60 0 23 41 1 66 0 10 50 0 87 63 44 29 0 61 44 44 0 0 85 58 67 81
 34 0 0 0 12 33 0 23 9 37 26 51 24 0 54 0 49 0 0 3 10 14 0 0 0 0 45 0 51 3 0 25 28 20 66 0 0 0 74 0 53 27 0 0 0 6 11 1 0 17 2 39 0 23 0 64 0 0 81 52 0 47 61 5 0 0 11 12 0 7 64 0 0 20 31 0 0 0 79 0 69 40 0 0 68 27 0 0 59 20 53 0 0 16 0 42 44 31 0 0 0 0 0 34 0 19 72 0 11 0 15 0 5 0 0 0 0 19 32 0 0 56 21 0 0 0 11 0 0 0 0 23 0 0 77 0 0 0 0 56 19 0 0 49 18 22 25 0 0 46
 32 0 0 82 0 0 38 0 0 77 0 0 71 0 77 0 0 35 43 0 11 17 0 43 0 42 0 45 0 0 28 0 0 0 0 0 0 0 16 0 32 28 0 16 19 0 0 63 0 64 0 5 51 46 0 0 4 0 41 0 68 82 35 18 0 79 17 53 31 14 0 28 0 30 0 0 0 0 0 36 43 27 10 0 7 0 5 71 27 0 0 22 0 17 0 0 0 0 0 12 0 21 0 55 53 0 47 0 24 0 0 0 44 10 0 0 68 0 53 15 26 46 14 41 83 0 0 6 47 0 0 0 0 0 35 32 27 58 0 1 46 29 1 89 0 81 0 59 24 37
 50 0 0 0 14 0 8 35 0 13 30 0 45 3 6 0 0 0 0 0 92 1 0 0 86 11 0 35 0 1 0 21 80 0 0 0 0 70 0 0 0 0 76 26 0 65 8 0 0 5 0 7 58 0 10 67 0 0 0 70 0 14 16 0 0 46 0 3 5 6 6 26 46 36 0 0 44 0 0 47 0 80 0 0 0 0 48 26 0 59 30 16 0 20 27 28 0 47 83 5 51 40 21 20 48 42 0 60 0 66 0 39 0 49 59 17 0 6 7 20 27 0 12 0 63 84 2 39 0 9 0 0 79 37 42 0 0 23 35 29 17 0 52 0 0 32 72 0 37 25
 12 65 0 20 67 87 0 0 45 36 2 1 0 0 0 0 7 0 0 0 0 55 0 0 0 23 0 0 0 39 0 0 32 0 12 0 0 0 0 26 1 0 0 44 0 0 15 62 0 0 0 14 0 34 24 0 46 0 0 43 0 0 0 7 0 6 48 15 21 0 0 0 42 0 8 21 0 21 0 0 0 0 0 60 50 0 1 0 5 0 15 0 0 19 0 0 0 66 0 8 0 0 80 51 0 0 35 0 90 11 32 0 0 5 0 28 23 72 59 0 65 0 11 20 0 41 41 0 0 0 5 0 0 68 0 0 0 0 89 0 0 0 14 0 15 0 53 61 37 0
 34 0 0 0 10 38 0 0 15 0 61 0 43 8 34 5 49 0 5 36 0 0 26 0 0 1 0 20 0 0 49 0 0 0 0 0 0 0 0 0 0 15 57 79 48 0 33 79 27 36 0 62 0 0 0 42 0 73 0 0 0 0 0 0 0 0 0 32 32 0 0 46 0 0 0 0 0 0 0 38 0 67 46 65 40 17 79 0 19 32 0 0 61 31 72 0 82 0 50 0 21 0 0 0 68 13 0 0 26 0 0 40 0 41 0 0 18 0 6 81 0 0 0 0 0 16 10 2 50 0 70 10 0 0 11 0 0 75 62 0 39 0 21 0 40 0 0 0 75 0
 0 42 1 44 0 0 10 0 0 0 15 40 59 0 0 0 10 30 0 12 0 29 0 60 0 0 0 0 78 40 0 0 33 28 0 0 14 9 16 0 77 0 0 18 0 61 0 36 0 0 0 35 12 16 52 1 0 10 0 59 16 0 25 10 51 0 1 0 75 0 78 33 0 0 0 39 22 31 0 10 0 1 67 13 32 0 0 6 13 0 59 69 43 0 28 0 63 10 75 0 10 49 57 89 24 40 41 34 0 0 43 0 0 75 0 10 59 2 0 0 7 0 15 60 16 38 0 42 0 0 65 0 50 0 12 0 62 11 4 0 0 59 33 0 0 0 0 36 40 65
