100
 2 0 0 4 28 8 6 0 45 30 0 0 0 16 0 0 19 11 0 0 0 0 11 12 53 0 6 0 0 0 0 3 26 0 0 0 0 78 0 0 33 0 0 0 0 0 61 86 19 0 90 6 56 0 30 3 0 42 15 25 86 0 0 0 21 26 0 0 0 0 0 66 0 0 58 46 35 14 0 18 74 37 0 30 6 0 2 36 0 0 6 0 0 0 29 4 0 49 0 0
 6 47 0 0 59 0 0 0 11 43 37 0 29 0 47 0 74 0 9 0 0 0 0 9 2 21 0 48 42 49 0 15 0 58 0 0 88 0 36 0 18 0 0 26 23 0 19 35 54 0 3 33 68 0 49 57 37 23 0 36 30 29 9 12 0 34 0 0 0 39 0 0 85 0 0 77 34 9 0 0 25 0 0 54 0 0 0 0 3 18 0 0 2 50 30 88 0 0 0 46
 19 38 89 4 0 75 0 29 0 10 0 40 60 0 48 54 54 13 99 0 0 77 17 0 62 62 0 41 25 0 0 32 0 29 0 28 40 0 0 88 32 0 36 0 0 0 0 17 29 0 54 0 11 0 68 0 0 0 0 0 17 15 28 0 65 0 0 0 14 58 0 0 45 30 0 0 30 0 39 21 0 0 9 0 5 0 0 30 28 0 9 0 0 13 0 0 0 0 0 0
 0 64 0 47 61 0 18 81 66 0 0 47 13 0 15 4 0 0 61 0 0 14 28 45 0 0 6 75 0 0 0 0 0 0 7 9 0 10 18 0 37 5 37 0 29 0 15 0 14 0 0 70 0 18 0 0 11 0 8 50 0 22 1 0 18 0 36 0 9 0 0 0 0 0 59 46 44 17 0 52 44 0 0 0 24 5 0 0 0 43 9 9 31 0 3 31 27 0 0 4
 0 0 77 0 21 0 0 0 0 0 0 29 0 1 0 9 0 0 0 33 0 0 0 0 0 22 0 0 0 0 0 0 61 36 13 22 16 0 0 0 53 23 0 47 0 0 14 0 0 22 19 0 45 62 0 61 48 0 0 0 59 0 55 35 14 0 0 0 9 0 0 0 81 0 0 0 17 0 49 39 4 22 73 0 81 0 84 17 20 6 0 25 0 38 13 29 0 30 64 0
 0 73 0 29 74 11 7 4 72 17 15 12 47 35 58 11 0 72 37 50 67 0 34 37 0 7 0 0 5 28 56 23 38 36 0 18 28 15 0 28 38 0 0 13 5 0 0 0 51 41 26 11 0 41 0 35 70 0 0 0 0 0 39 6 0 0 61 0 0 0 0 0 0 0 13 34 8 0 0 21 3 0 0 31 0 0 0 0 0 0 15 0 0 16 0 12 64 0 32 0
 0 1 24 0 38 0 59 0 21 19 2 16 0 0 37 22 0 0 0 0 20 11 0 27 0 0 0 8 58 73 26 3 0 0 4 24 81 0 0 0 0 0 78 58 23 55 2 0 0 18 0 0 60 7 26 0 11 0 53 49 0 35 0 0 0 0 0 59 22 13 0 87 0 0 0 50 2 0 35 7 0 65 37 37 0 23 33 0 50 42 89 0 38 0 0 6 12 0 87 23
 9 69 0 0 36 0 19 43 1 0 36 0 0 0 0 30 0 0 0 0 63 68 0 0 0 20 0 0 0 0 16 0 0 0 0 31 73 0 0 43 67 46 0 40 11 30 0 0 0 83 0 1 10 0 0 46 48 0 62 57 55 65 73 22 32 64 0 64 9 0 46 25 0 0 0 0 0 34 22 0 16 0 0 34 17 0 12 0 55 0 0 34 46 0 20 0 52 28 0 0
 0 0 43 0 9 0 0 0 6 0 54 18 0 46 0 0 0 0 0 4 0 0 0 0 2 13 0 0 68 0 87 38 75 6 1 28 51 0 48 32 51 0 0 0 45 0 34 34 9 22 0 34 0 0 5 93 0 38 0 1 0 50 0 47 49 0 5 0 63 64 0 0 0 11 6 0 0 0 0 20 0 38 0 25 0 0 5 46 14 35 0 37 0 47 0 0 27 4 0 0
 0 0 0 6 10 0 0 79 13 70 0 31 0 9 0 38 0 0 12 0 0 0 0 43 46 0 36 18 0 0 37 0 70 1 0 14 55 8 0 0 7 0 29 0 0 0 63 0 0 0 0 21 0 0 24 0 0 0 0 69 33 24 0 8 0 9 0 46 53 0 41 31 13 0 0 0 0 46 21 0 0 34 29 6 0 0 0 7 36 0 59 0 0 0 32 55 65 51 0 0
 83 0 50 53 22 0 0 0 0 1 3 14 0 0 0 0 62 0 29 0 19 23 0 0 46 50 34 48 39 0 33 42 0 9 29 36 0 0 19 0 0 0 0 13 16 26 72 8 23 24 76 35 0 50 56 83 0 0 0 0 50 18 0 37 0 0 0 0 62 41 0 37 84 21 17 0 0 0 0 30 13 22 20 0 42 0 0 56 56 15 63 8 60 0 0 0 36 4 19 0
 36 99 0 0 0 0 0 4 0 0 0 45 8 0 50 0 13 28 31 0 0 78 0 0 19 0 51 25 58 0 14 11 6 0 70 0 0 21 19 94 0 0 41 19 63 3 86 0 0 0 0 80 0 88 47 0 3 2 0 0 0 24 0 46 22 17 0 0 45 0 0 0 0 27 7 0 0 0 0 73 0 0 0 2 6 63 0 0 31 6 0 71 5 62 17 0 0 0 25 0
 22 0 0 0 34 0 43 12 65 0 6 0 85 0 62 0 25 0 0 0 61 0 0 30 42 5 55 46 54 73 64 0 0 54 0 0 24 24 0 42 0 69 26 3 10 44 44 62 0 49 0 0 53 32 68 33 69 0 35 8 0 16 22 0 0 52 36 7 70 0 22 0 25 10 7 64 0 74 12 0 0 0 0 0 0 31 18 27 0 0 0 0 25 11 50 0 0 77 27 0
 0 52 21 61 0 0 11 46 0 0 52 81 8 35 0 19 12 0 0 0 0 16 0 0 0 0 0 0 0 21 0 25 11 0 77 18 0 37 64 0 46 15 41 0 2 0 0 28 70 0 0 0 0 25 0 13 0 1 0 0 52 0 64 20 20 0 12 0 0 36 0 0 59 49 0 8 0 0 0 15 16 0 28 18 0 13 0 0 15 1 0 51 0 0 47 0 0 65 35 0
 41 0 0 0 26 0 0 27 37 21 15 0 0 43 50 26 6 71 45 34 0 0 15 17 15 10 0 0 9 75 0 0 0 60 0 0 25 0 59 72 0 27 0 90 0 0 62 0 14 30 18 54 0 23 0 0 0 54 0 0 32 0 2 11 51 0 52 0 0 0 11 0 22 0 0 0 0 0 0 0 4 47 0 0 0 0 0 27 33 0 47 29 0 64 0 48 0 1 0 0
 43 80 0 0 0 0 0 0 36 0 16 1 57 0 0 54 40 25 2 3 0 0 21 0 8 49 0 64 0 83 25 0 28 0 7 36 52 3 41 75 0 0 0 0 86 36 18 0 0 20 0 4 0 48 0 0 0 49 6 58 25 36 0 49 0 66 1 0 0 78 63 0 30 0 0 0 0 0 65 0 0 42 10 0 0 0 15 0 64 0 0 45 80 0 80 82 0 0 69 0
 0 0 0 58 30 9 2 61 25 39 0 0 0 0 0 0 36 54 0 0 15 0 0 70 0 0 78 0 22 0 0 0 1 74 15 0 74 0 32 0 48 14 7 44 19 34 55 0 0 18 0 3 0 0 6 27 11 63 0 14 0 0 15 0 0 22 0 5 13 37 0 28 0 0 0 0 0 16 2 0 0 50 74 0 5 68 0 0 0 0 0 0 2 35 0 0 0 0 0 0
 0 16 0 44 26 0 59 45 69 12 19 0 62 28 0 0 0 20 18 87 29 35 0 23 0 0 0 56 27 65 47 0 0 29 0 10 92 0 53 5 44 46 0 21 31 51 0 0 0 58 0 65 0 9 41 9 20 0 45 0 0 25 0 0 3 0 0 0 75 0 94 0 27 46 39 3 77 0 0 0 0 11 0 0 0 5 0 0 0 53 18 35 94 0 0 0 0 86 0 20
 0 0 0 0 6 0 23 69 52 0 0 0 34 60 0 0 58 0 57 0 14 0 56 0 63 27 9 0 28 0 17 0 69 20 0 0 13 0 0 0 15 0 0 0 0 31 18 0 0 0 0 75 0 0 23 73 32 0 0 51 10 0 0 0 14 76 0 0 0 0 42 0 0 0 30 0 0 70 0 59 19 0 11 50 0 16 0 10 0 85 0 0 0 0 38 0 18 0 73 0
 40 6 8 61 0 0 31 20 0 20 4 25 20 6 0 0 77 0 15 54 0 0 14 58 13 0 48 0 66 0 0 0 0 30 0 0 18 16 2 68 60 0 0 24 17 13 0 19 0 0 34 0 0 0 14 34 0 3 0 0 0 0 19 0 0 0 0 60 0 0 52 0 11 0 0 16 0 38 0 0 6 0 31 39 0 23 22 5 18 0 48 0 0 33 36 0 0 0 78 13
 48 75 19 7 1 0 0 0 1 12 0 71 0 17 13 17 0 0 0 53 6 10 0 71 33 0 26 0 0 0 8 0 0 1 33 0 14 0 46 0 0 3 0 0 0 0 0 0 65 63 45 0 0 34 19 0 0 50 20 7 56 47 44 0 61 54 0 0 0 0 0 18 9 0 0 0 74 1 0 0 0 0 24 14 99 60 0 6 0 6 0 55 0 0 34 0 16 0 13 0
 39 33 0 0 29 70 0 0 51 64 0 0 7 0 49 8 28 0 11 13 0 38 2 28 24 61 0 0 37 0 9 7 7 0 59 0 21 0 0 0 0 0 31 0 1 27 2 0 7 0 23 59 0 2 0 0 31 56 27 55 0 15 58 0 75 71 0 0 48 0 18 0 30 24 11 0 0 0 53 0 0 7 0 21 0 0 0 32 0 29 68 0 58 73 67 0 68 38 28 20
 0 3 0 0 45 0 34 21 24 52 43 42 41 12 0 0 87 28 0 0 55 0 61 67 0 19 0 0 0 0 0 11 31 0 0 0 33 0 0 0 0 0 19 22 0 0 2 0 0 0 27 0 0 5 0 0 43 43 59 36 0 36 52 0 0 0 0 0 8 0 0 0 0 0 0 0 0 46 0 12 58 0 0 35 46 51 68 0 60 0 0 54 0 0 12 14 77 0 0 15
 0 0 46 0 34 0 0 16 13 0 13 6 0 6 0 52 0 0 46 0 0 0 0 28 0 0 88 0 0 52 37 71 0 10 0 0 51 63 26 61 0 0 0 0 0 27 43 4 0 0 81 0 49 27 0 4 0 0 0 25 29 10 0 55 0 0 0 0 13 94 50 0 0 65 33 0 5 0 0 0 45 31 6 15 0 0 0 0 1 0 0 0 0 0 0 0 82 61 0 1
 0 0 0 20 21 43 39 0 0 0 0 0 0 18 0 0 20 29 0 0 0 0 25 39 26 26 42 58 0 0 29 0 48 78 27 0 22 0 29 0 0 0 0 38 0 0 0 0 0 0 0 0 0 0 0 0 0 0 8 0 0 0 55 0 0 0 0 0 0 0 28 0 26 0 2 42 47 0 50 0 0 0 0 85 25 0 10 23 0 15 52 55 0 0 0 0 5 0 0 0
 13 0 0 50 0 0 24 0 0 6 0 18 0 52 0 0 10 77 0 91 29 0 0 66 0 69 0 45 28 0 51 15 0 0 86 24 7 14 0 0 0 24 2 41 87 0 28 37 0 0 14 0 0 0 0 0 57 46 90 0 0 0 0 46 58 55 6 0 49 0 0 0 0 26 0 0 27 2 71 16 0 0 51 27 13 14 0 24 0 5 0 16 0 0 75 53 0 7 0 9
 0 81 22 0 53 35 10 22 24 0 0 0 0 70 29 50 0 71 0 0 0 84 33 0 0 34 85 0 0 0 17 4 35 1 40 1 40 0 0 0 0 0 30 71 0 75 1 0 0 0 21 41 61 0 46 0 0 0 68 0 26 100 40 0 14 9 0 0 8 0 37 49 57 21 0 73 0 0 19 0 0 0 3 0 47 19 0 12 32 68 0 22 71 0 66 4 7 0 9 60
 10 0 0 0 14 16 0 44 45 0 0 0 0 59 44 0 6 0 65 79 48 6 52 4 0 0 25 71 65 15 0 40 36 4 0 0 0 0 0 0 0 0 0 0 0 0 90 20 0 0 4 0 50 0 43 0 44 0 30 0 54 0 57 3 0 16 2 57 28 0 34 31 49 0 42 0 31 0 0 40 78 0 0 0 0 66 0 0 0 0 0 14 0 11 0 20 72 0 0 0
 6 0 0 28 28 0 0 30 0 39 0 0 0 57 0 69 0 0 0 0 56 0 35 54 33 0 27 0 69 0 0 0 57 0 0 0 12 29 0 46 0 76 0 0 95 0 0 0 0 19 0 18 20 0 0 0 0 28 38 0 9 0 36 13 0 2 0 54 39 0 69 3 0 52 42 0 40 0 2 53 0 46 0 50 12 11 0 16 0 0 9 55 0 0 0 0 0 0 37 0
 57 0 1 16 54 0 0 51 62 11 8 23 0 0 0 0 95 0 46 17 30 39 15 0 47 41 62 0 45 100 71 0 0 0 0 41 0 37 36 0 0 0 0 28 0 0 0 1 0 32 16 34 0 27 0 23 39 86 40 0 21 0 0 74 0 31 16 0 28 0 71 74 34 0 0 0 7 0 62 0 0 47 0 0 42 28 0 12 96 0 0 39 0 0 41 6 0 81 0 0
 1 30 68 35 60 0 0 0 0 0 0 0 0 35 10 0 0 0 0 17 0 0 37 0 0 0 0 11 8 0 37 0 3 0 88 0 0 0 57 0 40 35 49 37 30 0 32 0 0 0 0 13 0 36 0 0 0 12 5 0 49 0 13 28 0 0 23 16 27 0 5 39 0 86 0 0 9 0 0 64 0 59 0 26 12 0 0 1 0 16 18 8 29 51 0 79 0 2 0 0
 0 0 0 2 15 0 0 11 0 1 0 0 12 0 86 15 33 48 24 15 54 0 0 0 50 0 0 0 18 17 81 84 45 6 0 0 19 68 0 0 91 4 54 0 8 9 0 0 83 21 9 0 70 66 50 0 0 7 0 26 31 0 0 17 79 0 44 0 31 0 2 0 44 0 0 21 25 0 11 38 0 0 0 0 0 0 27 23 0 21 0 9 0 21 44 16 8 0 55 0
 0 38 5 85 0 0 32 80 0 0 42 0 29 0 36 0 0 39 0 40 33 0 0 43 0 36 0 0 0 34 0 0 44 52 0 31 31 0 11 39 0 31 0 0 0 0 2 0 0 12 54 2 32 0 45 5 0 0 0 30 30 0 0 0 49 0 19 14 54 0 57 0 65 57 14 57 18 0 0 0 0 33 0 0 0 0 0 38 8 53 13 11 0 0 70 11 0 0 0 0
 55 0 0 29 0 0 78 57 0 0 0 32 0 10 0 13 0 0 0 0 0 51 12 0 0 92 0 0 43 8 13 0 0 94 12 0 19 0 6 0 0 0 0 0 0 41 8 17 0 0 73 0 0 25 62 21 71 3 41 6 12 0 0 0 0 0 0 4 0 46 0 0 26 0 51 1 0 0 5 68 0 62 19 0 0 0 0 87 36 0 8 38 61 0 44 0 32 86 21 16
 15 5 0 0 0 43 0 45 0 52 0 0 55 0 12 0 0 33 55 75 0 0 7 24 0 0 0 38 1 65 0 18 8 0 5 0 19 0 9 3 42 0 35 1 37 0 59 0 25 79 50 0 0 0 0 0 0 0 67 51 21 0 0 0 0 17 64 19 17 0 0 95 0 0 77 3 0 0 69 0 0 19 0 13 11 29 49 0 49 0 29 36 0 12 0 0 0 6 0 22
 15 2 0 0 0 0 0 0 0 0 0 60 87 0 46 0 67 0 53 29 1 20 22 27 0 0 0 79 56 0 46 16 0 41 49 32 0 0 33 19 0 34 0 0 0 4 0 0 0 0 0 55 71 0 0 63 0 18 0 8 53 0 0 0 0 0 0 42 53 81 38 0 5 0 38 0 41 0 0 0 0 66 47 0 5 9 0 50 0 21 38 17 0 20 0 8 0 0 0 0
 45 0 0 64 0 0 0 0 0 0 38 64 0 11 0 0 0 0 0 0 0 0 0 0 0 0 0 2 0 4 37 0 0 0 0 31 48 0 0 67 0 0 14 76 0 0 61 0 27 39 0 0 59 0 61 64 0 0 30 0 0 61 0 22 27 0 0 8 0 23 0 31 32 0 0 0 38 0 14 0 2 0 43 0 43 4 0 0 0 49 27 0 13 41 70 24 0 5 0 34
 0 25 62 0 45 0 4 42 39 0 54 0 0 0 7 0 69 86 55 0 45 17 49 0 5 0 62 22 0 0 8 0 42 50 2 24 23 21 0 0 34 0 53 7 0 0 0 2 0 11 0 0 34 0 0 0 0 68 66 0 29 0 41 0 62 0 22 0 0 19 21 41 0 45 0 17 4 65 0 0 22 61 39 65 44 41 23 34 12 37 0 0 46 0 0 11 30 0 0 0
 57 0 78 0 52 12 58 58 0 36 0 0 32 0 0 0 0 0 11 0 0 16 5 0 0 32 27 46 40 0 0 50 0 0 0 0 6 35 19 0 0 36 0 30 0 0 0 0 0 3 0 21 42 33 5 38 28 19 2 0 0 17 0 59 0 91 0 12 0 0 18 59 0 0 31 0 0 49 31 23 14 0 0 10 0 0 48 0 15 32 0 30 26 47 0 0 43 0 0 0
 17 74 0 39 21 0 66 0 0 27 45 0 0 60 0 0 56 0 52 0 8 6 73 0 24 60 32 22 0 21 33 12 0 24 0 0 0 37 0 13 0 0 0 64 81 59 12 0 0 0 0 69 0 26 0 48 30 18 0 0 0 0 11 0 0 0 0 0 38 3 21 26 0 32 17 0 38 0 46 0 96 25 62 0 0 12 0 0 74 0 53 0 0 0 67 73 63 0 0 13
 0 0 0 0 0 0 33 0 0 0 35 13 13 0 44 67 0 0 0 0 45 55 60 1 68 74 33 49 10 84 0 0 19 88 0 26 22 0 55 28 19 0 31 81 0 0 0 11 10 0 17 24 0 0 0 0 0 0 83 6 0 49 12 0 34 0 0 17 24 0 0 5 19 0 24 0 1 34 0 11 0 8 0 38 0 0 0 0 43 26 0 0 0 19 34 0 0 78 45 39
 27 54 38 0 0 35 24 0 66 69 4 86 0 0 0 3 0 0 24 27 0 14 22 6 90 0 40 18 0 22 0 0 0 1 8 0 21 94 0 2 68 27 2 0 54 63 70 0 0 67 0 0 66 0 46 0 8 30 0 12 0 0 43 0 0 24 36 0 0 23 0 1 2 85 65 13 10 18 80 30 45 37 0 0 0 0 0 0 41 17 46 0 27 28 0 17 47 0 0 0
 65 2 0 0 86 19 0 33 24 0 9 0 0 0 13 32 0 48 63 47 43 0 0 18 34 0 0 13 14 7 0 0 5 0 0 6 0 0 11 64 0 0 71 0 26 0 0 0 36 36 7 9 0 0 0 7 49 48 0 0 18 0 0 30 0 0 25 10 0 13 32 17 0 47 7 25 19 40 41 29 82 10 82 63 0 51 0 8 2 0 28 0 10 0 28 0 41 80 47 0
 18 0 14 7 0 0 0 0 50 71 0 0 0 56 0 79 0 0 7 0 32 21 0 25 0 0 0 3 10 0 0 17 18 18 0 31 0 0 0 0 0 28 46 79 0 0 27 61 0 0 4 63 6 0 0 35 43 0 47 0 0 43 0 33 0 0 0 18 0 55 0 0 0 21 0 10 0 38 5 25 0 0 14 0 0 41 0 0 7 89 34 14 70 0 0 54 0 44 0 0
 72 0 17 0 30 0 0 0 0 48 0 0 0 0 62 0 0 0 1 0 32 0 45 38 34 0 53 8 0 7 0 0 49 73 0 27 1 9 28 0 30 0 0 15 27 0 0 76 38 32 0 0 0 26 40 0 14 10 11 0 0 23 56 50 12 23 27 0 59 0 26 0 0 0 45 0 0 0 0 2 0 0 69 0 3 0 2 0 0 20 39 28 0 30 0 45 4 0 0 0
 74 77 51 17 69 3 0 0 17 64 0 0 0 74 33 0 0 0 0 0 62 0 63 0 18 64 0 81 43 48 63 0 24 0 23 0 37 8 62 0 46 0 74 46 60 34 4 0 0 0 0 2 46 0 12 0 25 0 39 0 52 0 44 0 0 0 54 0 10 0 5 0 0 0 0 8 0 0 0 0 0 0 0 0 27 0 0 0 4 0 0 0 5 30 56 91 0 1 0 3
 0 0 54 0 0 69 0 14 0 0 0 0 0 6 0 0 0 66 0 4 4 0 0 0 0 0 0 0 88 14 0 23 0 0 0 34 0 55 53 0 19 0 22 0 32 0 69 0 0 29 0 47 0 40 0 13 57 56 0 0 0 15 10 32 31 0 22 0 35 47 13 0 61 0 0 12 43 0 0 23 21 18 0 0 34 44 0 0 0 0 0 0 42 14 29 73 0 79 0 0
 0 0 0 29 19 83 30 17 0 3 0 3 0 0 7 63 13 75 2 0 44 15 14 0 49 0 29 0 42 0 57 67 70 0 71 58 55 0 51 32 0 27 3 0 0 27 9 88 0 16 0 4 28 0 0 0 0 0 0 0 15 25 0 0 2 0 56 0 22 29 95 0 0 86 0 28 21 45 0 0 17 0 0 0 0 77 0 0 53 3 75 6 0 0 83 33 7 9 0 0
 0 0 0 0 9 0 53 60 0 19 0 8 4 0 0 20 3 52 47 21 0 0 64 73 78 2 8 11 42 20 32 0 33 48 0 10 0 31 86 45 0 36 0 84 0 71 17 54 39 48 44 37 73 0 0 0 0 0 0 24 18 0 0 50 63 0 0 0 0 51 31 0 18 0 0 0 28 6 6 0 69 0 7 0 0 34 41 0 0 13 0 0 0 0 0 75 28 11 0 32
 46 41 50 55 0 0 0 0 0 19 0 44 0 10 0 0 0 0 19 20 0 30 46 1 24 16 51 5 0 0 17 0 0 38 0 12 0 0 0 46 10 0 0 92 0 24 0 0 0 23 0 17 81 0 0 0 42 0 0 20 86 18 0 0 0 20 0 56 0 0 0 0 40 18 0 7 0 27 0 34 0 0 0 0 0 0 0 3 33 0 67 0 6 0 4 0 0 43 0 0
 0 0 0 45 0 0 31 29 30 48 0 65 51 3 0 46 59 42 5 0 0 0 0 0 18 0 0 0 25 0 31 0 0 0 0 5 76 13 54 36 0 56 0 0 1 17 82 32 0 70 92 38 41 0 0 0 0 0 0 0 0 84 7 0 0 20 1 0 0 0 38 54 36 0 17 0 0 0 0 0 0 0 0 85 0 22 25 0 15 25 1 65 61 14 39 0 0 0 0 0
 0 0 0 0 39 0 77 0 0 0 0 0 52 24 0 0 0 0 0 27 49 0 23 70 39 52 0 3 0 0 0 14 0 37 4 0 61 34 0 0 0 66 0 0 63 0 0 0 0 0 0 84 31 5 0 0 0 0 0 0 11 2 41 46 45 0 60 0 49 0 0 0 41 0 11 0 0 19 43 0 44 28 50 73 0 13 0 4 23 10 24 14 0 56 0 0 15 0 30 0
 0 0 0 75 0 19 0 0 29 71 12 65 0 25 67 37 2 29 12 7 4 49 92 0 41 12 0 0 0 26 33 0 0 73 78 0 0 0 0 6 64 0 43 0 21 0 5 0 0 0 0 0 88 0 0 88 58 0 46 0 0 0 18 0 0 30 26 0 45 79 15 66 0 16 0 29 32 83 11 0 12 22 0 0 26 15 23 0 58 58 0 29 12 0 0 0 0 44 0 0
 35 91 66 0 0 0 0 86 27 13 0 0 0 0 0 0 15 0 29 15 0 0 0 0 28 4 43 24 22 0 0 0 18 0 77 25 43 81 0 0 7 1 39 11 0 51 0 6 35 50 43 0 10 64 3 63 15 0 0 0 99 0 10 0 20 11 0 10 0 9 42 0 0 16 15 0 0 0 0 0 0 8 0 35 64 19 0 26 40 13 2 74 88 3 14 24 50 26 0 0
 0 0 0 72 35 26 0 22 0 0 0 0 0 37 23 78 0 0 0 0 0 31 4 18 5 41 0 0 32 22 15 0 0 0 10 44 0 51 0 13 6 0 59 12 0 0 5 80 17 41 66 12 21 0 8 0 72 0 0 0 0 53 20 38 0 38 0 19 0 64 0 47 0 0 46 11 21 32 0 0 57 0 50 0 0 30 74 0 0 11 15 0 30 0 4 0 0 0 0 10
 0 0 59 14 0 0 63 0 0 54 0 39 0 0 63 1 0 0 0 0 37 74 41 0 55 82 2 88 25 0 30 48 0 0 22 0 0 5 0 0 7 39 0 0 4 28 0 38 18 31 26 11 0 0 22 71 65 0 51 0 0 0 0 0 0 0 0 0 50 0 0 0 8 0 23 0 0 4 17 0 0 0 0 0 40 0 0 0 60 0 0 8 5 0 67 0 81 80 0 0
 27 0 17 0 0 0 0 0 13 79 35 0 0 40 39 19 0 0 0 53 3 0 0 88 11 0 38 0 19 0 67 23 27 0 17 55 69 34 0 0 55 0 0 0 0 0 0 16 6 0 7 57 0 0 0 0 28 60 7 0 0 0 0 0 3 0 21 9 88 0 0 0 0 59 0 0 0 0 71 0 0 51 19 29 10 0 49 0 0 0 0 53 19 3 0 80 7 0 32 0
 0 0 22 31 94 73 91 60 0 10 26 0 91 0 0 0 0 40 19 0 0 0 0 34 23 0 73 47 0 0 0 0 5 0 29 0 65 0 0 0 28 0 0 21 0 36 0 45 71 25 12 15 68 46 3 2 0 0 13 2 0 0 0 0 0 0 65 11 0 0 0 22 19 3 0 0 0 8 35 0 0 19 51 0 24 8 47 12 0 0 30 38 16 0 0 73 29 0 0 0
 0 54 4 0 48 19 0 0 57 3 36 4 0 53 1 0 2 0 15 12 0 0 0 8 0 0 0 0 0 0 0 15 4 0 0 45 0 0 0 24 0 17 28 0 0 0 21 16 23 10 2 3 0 74 19 0 0 0 56 0 63 5 42 0 0 69 0 0 44 0 14 0 0 59 32 7 41 0 2 0 0 0 26 0 6 33 64 22 79 0 0 0 0 22 28 0 38 0 0 11
 0 0 26 0 16 45 0 0 0 0 17 11 0 21 11 0 0 60 0 27 0 0 0 0 74 45 39 57 20 46 29 0 0 0 0 0 27 6 24 23 0 0 5 16 25 7 18 31 0 0 18 24 67 0 8 32 64 0 9 82 0 19 0 0 55 25 0 49 66 0 47 0 0 46 0 0 70 34 36 0 16 0 0 3 0 9 0 0 70 51 27 0 13 23 79 15 29 0 7 0
 0 0 0 11 0 41 74 0 22 0 0 14 12 0 0 0 0 88 0 6 0 13 22 0 28 15 0 0 0 0 0 0 0 0 0 0 36 0 41 40 25 27 0 26 42 0 1 0 0 0 48 0 13 0 36 23 83 22 0 7 29 0 0 10 0 0 44 4 17 0 0 0 38 0 0 0 36 65 41 0 7 57 25 0 2 77 0 19 0 0 0 17 33 0 23 21 0 0 38 23
 28 0 0 0 67 37 0 0 0 0 0 0 0 15 5 0 54 0 28 23 0 0 0 0 21 45 0 51 61 71 0 22 15 85 0 51 0 51 0 16 0 54 7 0 0 78 0 0 10 0 0 0 38 58 0 41 25 85 0 0 18 16 0 0 0 0 41 72 0 0 0 0 64 0 0 0 22 8 62 5 53 9 40 41 14 74 6 95 0 0 6 0 11 31 21 23 44 58 34 0
 12 0 0 0 0 0 27 0 6 24 83 38 0 0 0 41 0 20 55 0 0 0 0 18 0 77 0 0 0 11 0 24 6 35 44 1 76 0 7 0 0 0 17 44 0 0 0 88 72 8 0 0 0 0 0 57 39 14 0 33 58 52 51 0 0 0 0 90 74 66 0 7 0 17 48 0 42 8 0 45 0 13 11 0 36 0 30 40 2 19 0 0 11 0 0 6 2 2 56 66
 37 0 14 17 0 0 43 0 0 0 0 0 29 0 0 0 13 5 36 35 11 3 38 0 0 0 20 0 0 0 0 0 26 72 64 37 0 4 0 0 3 37 0 0 0 57 0 62 0 56 27 0 49 11 0 62 29 33 50 28 0 23 2 34 54 0 5 30 0 30 0 0 0 8 0 0 0 0 74 87 42 19 75 29 33 42 0 10 0 93 0 72 10 0 0 67 0 11 0 0
 0 39 0 0 0 3 58 0 0 0 18 0 32 0 0 10 4 0 0 21 0 0 57 1 56 0 0 11 62 46 71 0 0 8 62 56 0 0 26 8 0 3 5 6 0 68 0 0 0 60 37 0 28 0 1 13 0 41 44 0 79 59 36 0 61 27 59 0 70 4 3 0 44 0 0 35 1 0 2 12 12 0 16 0 0 0 79 8 3 0 0 0 0 45 28 0 0 0 31 0
 0 0 47 2 23 47 23 0 6 0 33 0 0 13 77 0 0 9 0 14 0 0 3 62 16 0 0 0 0 0 82 63 20 38 0 47 14 1 0 52 5 0 31 39 0 90 26 17 30 0 0 2 0 0 0 40 7 38 0 0 90 46 38 26 0 53 19 7 0 0 74 0 0 6 0 0 33 57 18 9 61 32 2 1 84 0 0 0 44 3 0 0 8 14 16 45 83 37 72 0
 47 1 28 0 59 0 11 17 0 27 4 7 0 0 0 0 58 43 73 51 3 0 16 3 76 0 6 0 26 0 0 0 0 41 0 0 23 0 39 14 9 0 0 15 0 0 0 0 1 46 0 0 0 66 48 78 0 0 65 0 0 0 24 0 0 0 16 7 0 0 0 0 61 76 51 55 59 42 73 3 0 47 0 0 0 32 47 24 0 34 0 55 53 53 0 0 17 38 17 0
 71 11 11 31 2 3 0 0 57 0 1 13 0 41 69 29 0 1 26 0 0 0 36 32 12 21 16 0 0 18 0 61 0 0 0 0 0 30 0 21 0 31 0 0 51 42 28 47 1 0 50 29 43 0 0 6 0 0 41 0 0 0 0 0 7 0 0 50 3 0 54 48 22 25 27 74 51 4 68 61 73 59 0 26 63 0 53 3 0 8 0 19 68 1 37 25 63 44 3 0
 4 39 0 0 0 17 0 0 0 0 0 0 0 4 16 48 0 0 38 14 61 0 0 0 21 0 0 0 0 0 0 0 0 65 0 0 31 20 45 0 0 13 59 46 0 0 0 0 38 4 43 0 0 53 7 0 0 5 0 0 0 0 0 76 0 68 39 0 65 8 7 0 17 61 0 0 0 42 25 30 0 43 32 36 0 29 45 1 0 0 0 0 15 0 0 0 0 50 0 0
 49 0 0 8 19 49 0 14 0 4 0 18 5 0 22 0 0 9 8 32 45 90 48 0 79 60 13 14 78 40 48 4 47 0 3 0 0 0 25 0 14 0 0 0 2 45 0 0 0 18 20 49 0 0 0 33 36 9 34 24 4 11 0 0 0 58 3 35 0 35 11 80 0 0 0 0 17 0 21 33 0 17 0 0 0 64 0 28 0 0 25 34 50 0 20 1 0 36 79 11
 22 41 2 82 34 2 8 0 2 0 43 9 0 68 0 0 69 0 0 0 10 0 41 0 0 81 0 0 0 0 0 0 0 48 65 0 64 0 0 0 55 36 0 42 0 0 0 0 0 6 0 2 0 0 76 19 80 7 0 0 87 62 27 47 0 0 44 0 0 0 68 5 20 49 0 18 32 0 0 57 10 0 13 0 0 0 47 0 28 17 0 21 16 0 43 0 0 29 0 17
 0 9 64 0 28 2 0 0 1 0 0 3 29 29 24 28 0 26 66 21 0 51 15 84 12 41 0 0 0 0 0 29 37 22 0 26 0 0 0 0 0 0 0 15 20 4 29 63 72 8 0 89 0 83 0 27 58 0 20 33 4 15 0 10 38 32 27 0 0 0 0 71 0 0 0 33 20 56 0 85 0 9 52 0 0 9 18 20 0 45 60 0 0 7 0 0 6 0 0 0
 0 0 0 71 0 32 50 19 64 0 0 61 0 0 0 0 18 0 53 0 0 0 11 13 0 25 0 0 59 0 31 0 0 0 66 0 0 49 59 33 0 0 33 83 13 30 0 14 0 0 0 0 24 55 57 0 10 0 5 40 0 0 15 37 0 26 0 0 0 5 0 48 55 12 0 0 47 0 52 40 0 48 0 57 0 20 0 46 0 52 5 14 0 43 0 0 54 69 50 81
 38 12 0 60 32 59 17 13 0 0 0 0 0 0 4 9 1 0 5 10 66 0 19 0 6 0 0 23 0 31 0 19 0 40 46 16 18 0 0 0 4 0 0 0 59 43 7 0 48 0 4 11 0 0 38 15 0 0 0 0 34 67 0 0 24 0 0 0 0 30 0 59 0 80 0 36 66 0 12 6 0 0 0 13 0 0 44 0 0 0 0 0 0 18 0 28 31 49 5 28
 0 38 8 0 29 0 58 61 0 12 0 0 0 51 9 45 22 0 0 32 22 0 67 0 0 19 12 0 0 70 1 35 0 0 0 0 89 70 0 0 0 0 0 15 0 30 35 4 96 44 0 0 22 0 0 0 59 4 0 34 15 80 0 48 5 28 0 0 83 77 6 30 16 72 69 0 20 0 0 26 0 13 0 0 0 23 0 0 0 43 0 27 38 0 73 31 0 33 0 65
 0 0 2 0 1 0 0 36 51 10 1 77 0 0 6 44 31 0 10 0 52 28 33 50 0 43 0 6 5 30 35 0 0 0 0 83 30 0 0 40 14 0 0 0 51 0 0 0 41 0 12 0 0 66 0 11 28 59 0 5 24 14 0 45 0 12 0 0 91 30 0 0 5 0 32 53 0 16 1 30 0 0 0 73 0 0 56 50 7 97 0 0 27 0 0 37 0 21 16 0
 0 0 0 0 0 0 0 41 48 42 17 48 23 41 37 40 0 0 24 37 0 9 69 0 0 0 35 0 0 0 0 0 0 6 45 0 0 0 44 0 0 0 0 66 38 11 0 0 0 18 41 5 0 2 0 21 32 18 0 0 0 0 0 60 0 0 0 0 7 0 0 0 0 0 0 17 54 4 0 0 46 0 19 0 0 0 0 0 0 39 0 29 44 3 35 18 0 0 0 46
 0 0 6 0 63 31 31 0 35 0 36 24 0 65 15 38 0 13 0 0 0 37 0 45 49 0 11 11 29 16 38 18 16 28 10 1 70 0 0 39 0 0 0 0 64 12 20 0 0 0 21 0 0 13 0 0 12 0 33 0 0 0 0 59 2 0 0 0 0 65 16 0 48 21 6 0 0 93 0 0 0 73 0 0 12 0 65 0 9 19 41 18 36 37 37 48 0 0 1 0
 25 48 0 66 0 19 0 0 2 0 15 10 0 88 7 0 0 35 90 17 21 0 27 15 0 0 0 14 0 0 4 0 1 0 0 30 0 20 0 0 16 0 0 0 91 53 69 73 0 9 26 0 0 26 40 0 0 0 0 0 0 0 54 0 0 0 0 0 0 0 9 1 0 0 21 0 6 44 39 0 0 56 68 58 38 0 21 45 0 42 37 0 0 18 42 57 24 22 0 91
 0 52 0 0 0 0 0 8 0 80 0 0 1 0 26 68 31 50 0 30 14 51 0 77 70 0 67 0 0 55 0 0 69 0 35 49 58 4 0 3 0 0 0 0 0 27 0 48 39 0 68 46 31 22 22 19 11 15 15 72 30 0 0 0 0 0 0 0 0 0 0 0 0 0 0 0 37 60 35 82 58 76 0 13 36 0 0 0 0 0 0 0 28 0 7 0 0 43 43 0
 0 0 42 0 0 0 38 0 32 22 0 14 5 0 0 12 19 23 0 0 19 57 0 0 35 26 8 0 41 5 82 48 32 59 79 1 0 0 0 0 2 0 0 78 15 72 0 0 0 29 77 0 0 62 0 94 13 23 52 0 0 0 11 0 0 0 69 0 56 88 0 17 11 78 15 86 0 61 28 0 22 0 48 30 0 0 0 67 0 0 41 50 0 59 0 34 0 67 87 0
 0 3 16 77 0 14 0 87 0 0 0 12 71 1 0 0 0 0 9 15 1 0 41 0 58 61 19 41 0 0 0 8 0 0 0 0 17 0 28 0 0 0 0 14 29 41 0 32 17 30 4 0 0 0 68 29 0 0 35 21 0 0 0 0 41 0 0 0 0 0 45 0 0 10 0 25 67 0 0 0 49 65 0 0 8 1 0 31 9 0 38 89 34 24 0 52 0 28 0 0
 69 48 0 7 0 7 0 44 6 0 0 6 9 0 55 0 0 0 0 0 0 23 7 0 42 0 0 33 10 16 23 34 17 0 95 0 0 0 57 0 33 7 0 0 0 10 5 79 0 34 28 0 98 28 0 14 0 0 0 36 0 0 0 0 0 0 26 30 0 60 0 0 27 24 93 29 0 3 0 1 0 0 34 39 0 0 0 0 8 75 26 0 26 25 44 0 0 0 79 0
 0 0 9 18 53 0 0 0 0 0 73 0 12 0 19 75 32 45 0 0 0 0 0 0 0 0 49 75 0 19 0 27 14 5 0 62 23 0 0 34 0 14 0 17 34 1 5 10 57 1 0 0 25 0 70 27 0 41 82 0 45 0 32 0 15 0 58 0 0 93 12 41 0 0 3 0 48 66 0 0 0 12 0 29 21 0 0 0 34 24 0 0 46 71 54 0 0 0 34 0
 0 12 0 0 0 18 32 0 46 3 0 0 60 18 1 32 0 41 15 77 0 62 0 44 0 0 0 34 0 0 0 13 71 21 0 0 0 0 23 33 48 48 17 87 0 0 0 31 39 25 32 10 0 0 59 0 0 0 0 10 0 0 0 0 12 0 19 0 14 90 26 40 1 9 1 42 20 0 0 0 32 0 0 0 92 15 0 85 0 0 1 45 0 11 0 0 92 6 92 71
 12 17 53 0 16 65 0 62 27 22 20 0 0 0 75 29 0 0 0 0 0 38 0 57 31 0 0 0 0 0 0 35 33 13 0 0 0 0 36 0 15 24 0 0 20 15 0 0 0 16 0 0 0 0 0 59 65 0 0 0 0 0 15 0 46 21 0 86 0 0 14 0 0 19 0 14 57 36 33 15 22 0 22 25 0 51 1 2 43 0 22 36 0 10 0 2 0 57 0 45
 0 1 5 41 0 41 0 0 0 16 8 88 0 81 31 0 66 46 13 0 74 84 0 2 0 7 41 51 69 61 56 0 85 85 0 24 24 0 0 2 58 13 30 19 0 78 3 80 0 70 0 18 0 27 0 44 0 0 0 40 41 0 0 22 0 25 0 0 0 55 0 0 60 0 7 0 46 0 0 10 33 8 5 10 55 0 32 0 24 28 23 10 27 0 11 31 0 0 92 0
 0 5 0 44 0 28 37 34 0 0 0 18 0 82 0 13 4 25 0 0 0 0 32 48 0 0 0 34 0 0 0 0 0 0 63 0 95 0 20 0 10 17 0 1 32 0 24 10 43 0 22 0 67 0 6 74 45 0 0 29 0 0 0 0 0 47 0 0 0 0 44 0 0 0 35 0 39 14 0 90 0 0 12 3 0 0 10 65 27 22 35 12 49 0 21 17 65 0 1 47
 18 0 0 6 0 40 0 0 0 0 0 0 34 0 0 0 11 34 19 0 22 57 0 0 91 3 0 15 16 0 35 39 0 0 0 15 33 0 0 0 0 0 0 0 12 0 43 0 24 0 0 0 0 0 19 0 27 46 0 0 35 1 0 52 0 0 12 43 83 12 0 46 55 43 24 0 42 0 23 44 7 0 0 0 11 0 0 0 68 8 0 8 0 0 0 60 0 0 77 0
 9 0 17 0 0 48 0 14 0 10 0 0 23 0 66 37 13 0 0 2 0 0 48 88 0 0 0 40 36 30 0 0 0 82 13 0 0 0 0 54 0 0 10 0 0 52 12 0 0 72 0 0 0 0 0 11 34 29 19 0 51 19 0 0 26 0 0 0 15 86 0 0 0 22 0 0 0 0 0 38 37 78 0 0 67 7 0 0 0 14 9 28 13 0 0 7 30 82 66 0
 0 93 0 0 45 0 0 4 10 0 0 41 16 2 0 19 19 0 26 0 3 0 3 50 0 35 8 52 0 17 0 28 0 0 0 0 0 29 51 0 17 0 0 0 0 10 37 0 1 0 0 0 52 0 0 32 75 0 70 0 73 0 92 33 4 30 4 37 67 0 49 0 0 45 55 11 19 0 0 14 0 0 0 44 0 0 0 0 59 0 91 0 22 1 0 0 16 0 11 36
 52 32 64 0 0 2 11 0 0 76 0 0 91 0 0 0 77 0 17 7 0 23 0 83 0 0 0 0 0 0 0 0 0 0 0 0 27 31 0 33 20 55 6 0 0 79 45 0 14 1 0 0 0 0 1 0 0 0 42 58 0 3 14 0 49 2 0 0 41 0 0 21 0 28 0 2 0 0 75 9 0 0 44 40 0 0 0 0 0 0 7 81 15 0 54 28 52 52 0 0
 43 0 47 0 82 30 0 0 64 67 0 0 0 3 17 0 0 0 61 52 5 0 12 79 29 19 0 45 23 8 0 22 72 0 51 43 0 0 0 1 11 0 0 0 30 0 0 7 33 0 0 49 0 0 0 0 0 0 50 0 0 0 0 0 37 0 0 0 0 0 0 27 34 13 0 0 0 0 26 0 41 0 0 0 49 35 0 0 56 0 0 0 88 0 0 0 34 0 0 30
 36 0 0 71 0 0 85 71 0 16 18 0 0 49 0 42 0 55 19 0 2 0 62 48 66 23 81 0 41 21 0 0 79 17 0 0 0 43 0 16 0 0 20 6 0 0 0 27 60 28 0 0 35 0 21 22 0 2 0 0 45 0 9 68 0 0 0 0 5 40 0 0 0 0 2 34 0 0 0 58 0 0 0 0 0 0 42 27 6 59 0 12 40 34 2 0 55 0 59 0
 0 0 78 0 0 24 80 0 32 0 17 0 0 0 11 0 43 17 0 0 0 0 0 40 60 0 0 45 18 0 23 0 0 0 37 94 0 2 29 0 0 14 0 56 23 0 0 0 39 0 0 5 3 0 0 0 29 5 0 0 0 0 37 42 0 0 24 0 67 0 0 51 10 38 0 100 0 0 0 0 38 75 0 0 61 40 0 0 5 58 36 0 17 0 64 17 76 66 49 36
 0 0 72 0 0 0 0 16 48 0 18 17 34 39 0 0 59 85 53 7 94 4 0 23 8 0 0 0 50 0 0 0 0 86 1 0 0 0 68 0 31 0 12 0 0 0 0 0 0 58 27 18 57 0 41 38 0 0 26 0 0 0 0 0 69 0 12 0 64 0 27 45 62 0 0 0 0 0 0 5 0 0 27 7 4 0 0 0 0 0 17 0 75 14 0 77 0 0 25 65
 28 22 62 0 78 0 0 0 0 0 0 64 20 15 59 49 34 17 0 73 0 0 0 0 0 48 0 0 7 44 56 0 57 0 16 12 14 0 0 0 11 0 0 47 0 14 25 0 0 69 36 0 4 0 30 0 0 0 0 0 21 0 0 33 22 0 0 0 46 4 36 0 0 0 5 39 38 26 0 7 57 3 13 42 0 57 37 0 77 0 0 0 0 0 0 17 24 0 0 0
 0 51 51 13 0 47 50 0 0 0 0 70 0 0 0 4 59 0 20 24 45 0 37 0 62 0 41 30 42 0 0 48 37 0 0 52 0 0 55 77 0 15 0 0 55 0 0 0 0 0 32 5 0 0 54 0 69 64 25 7 34 0 0 0 43 0 0 0 0 0 0 30 0 0 0 0 60 68 0 0 0 0 14 24 0 0 41 34 15 0 22 0 15 21 0 16 50 34 9 0
 3 0 18 38 0 0 0 64 70 29 0 0 0 0 23 0 25 48 0 0 0 0 8 15 59 16 0 4 0 44 56 0 19 0 36 6 35 53 51 56 0 28 0 37 83 40 10 31 77 7 5 0 94 45 6 49 0 8 0 0 0 0 0 32 0 0 0 0 49 0 50 34 0 0 38 0 1 0 16 0 0 58 0 0 0 36 0 0 0 0 0 39 3 0 0 0 31 0 45 10
 8 0 19 0 13 15 0 26 2 42 7 28 68 8 30 37 40 0 20 0 8 0 0 0 2 0 0 40 0 3 9 46 42 0 0 29 0 15 27 0 0 51 74 15 5 0 29 90 0 64 40 17 21 7 0 27 32 33 0 19 0 67 0 15 4 12 27 23 5 0 0 28 0 0 0 48 0 3 0 20 17 57 3 1 0 0 28 0 1 4 0 76 0 9 0 0 46 34 0 26
