150
 15 0 78 96 20 0 17 13 80 9 0 17 0 24 47 0 15 26 18 31 0 0 6 0 0 0 0 60 29 0 0 70 28 0 27 0 0 11 29 62 0 0 0 44 0 0 95 0 0 31 5 16 17 0 28 0 0 37 9 48 0 0 87 0 0 0 0 0 18 38 0 16 0 10 41 64 13 19 88 0 0 0 25 73 0 0 0 30 15 10 22 22 0 44 18 0 0 41 0 0 0 91 0 0 0 0 0 0 0 14 24 45 0 0 16 0 59 0 19 0 50 0 4 65 0 15 0 35 44 0 34 0 0 6 3 0 22 0 15 0 0 86 62 70 25 62 60 0 19 0
 18 3 0 50 0 0 0 0 50 64 0 40 0 34 0 15 0 51 0 0 0 0 0 0 0 3 0 0 44 3 83 0 0 18 0 59 18 34 12 0 0 0 0 0 66 21 0 20 13 0 2 11 0 0 0 47 0 0 0 0 13 0 0 7 32 0 0 21 0 36 50 0 81 0 40 0 0 30 0 27 0 40 62 53 0 0 23 0 0 0 50 41 26 27 24 0 10 0 29 0 57 31 70 84 0 33 29 16 17 0 49 38 36 0 34 21 0 0 64 0 0 88 0 54 25 0 0 18 0 1 16 65 69 0 0 0 40 0 89 30 0 0 74 0 0 39 0 0 0 0
 0 32 32 8 0 22 0 28 0 47 0 0 0 7 0 23 0 0 74 30 0 0 7 14 0 0 0 24 35 3 0 0 21 0 84 5 49 42 0 0 0 2 28 26 0 54 0 5 4 0 42 0 6 0 0 0 34 44 0 22 95 0 0 6 38 0 46 0 0 57 0 0 13 0 58 34 4 0 0 13 23 0 0 18 45 37 0 63 0 60 0 55 41 17 0 0 0 83 0 26 33 72 27 0 0 64 2 20 0 0 0 0 0 0 41 17 54 0 2 34 7 0 0 75 23 58 71 36 45 13 1 44 0 12 0 7 3 61 32 14 20 2 0 11 26 17 33 87 0 0
 0 0 0 75 0 68 60 71 0 0 50 0 29 61 0 0 45 0 0 0 89 21 0 39 3 67 0 54 8 0 25 0 0 0 0 0 0 0 30 19 7 0 0 0 0 61 38 0 32 0 40 24 0 23 0 0 0 4 0 0 0 0 3 9 8 56 0 25 25 0 0 4 0 29 2 47 0 0 74 27 10 19 1 65 0 0 18 17 47 0 0 41 5 0 0 54 17 4 0 0 0 0 0 0 65 0 0 0 0 37 5 42 0 0 0 52 10 0 0 27 10 0 47 0 0 50 0 0 84 39 0 30 0 0 0 77 0 40 0 23 0 31 0 73 0 0 1 0 14 13
 0 62 3 11 44 27 0 0 23 0 48 0 0 24 0 0 7 11 0 5 57 0 0 0 65 45 0 12 42 0 0 0 42 59 0 0 16 23 0 21 78 0 15 21 0 5 19 0 0 0 46 0 0 0 0 1 38 0 6 0 0 70 11 0 18 0 0 1 0 27 0 0 0 0 60 0 44 23 18 0 0 0 51 0 0 0 0 0 10 30 0 0 78 39 95 0 51 0 0 0 0 0 18 0 0 0 0 12 19 0 25 0 0 46 0 10 87 60 42 0 0 0 0 6 0 21 16 0 2 97 0 0 13 0 0 0 18 31 1 0 18 49 0 2 68 46 46 0 0 20
 7 37 0 0 0 57 26 0 0 0 0 59 0 10 0 0 0 30 0 0 27 29 0 0 60 69 0 0 0 0 0 0 0 86 47 22 18 37 0 39 0 83 0 9 0 0 0 0 3 1 0 59 33 3 0 15 11 0 47 0 0 98 46 32 10 0 19 33 0 0 0 3 0 50 0 44 0 23 0 0 29 41 0 66 0 15 64 34 0 4 0 0 0 0 3 7 13 0 0 48 0 0 5 5 85 38 0 51 27 6 0 66 0 0 0 0 0 1 0 1 26 0 57 25 0 0 47 4 0 0 0 0 26 0 38 32 0 0 0 0 15 0 45 41 0 0 6 24 49 74
 0 16 17 0 40 0 21 15 0 31 36 20 0 0 61 0 0 8 0 24 0 5 0 0 0 4 63 0 0 22 86 52 0 31 25 0 0 66 51 47 10 48 0 0 22 26 0 0 54 0 73 77 0 5 0 55 0 0 0 57 0 69 31 0 0 0 31 7 39 2 0 46 0 33 0 17 19 0 43 1 0 39 0 0 0 45 20 5 47 77 24 0 0 12 3 79 0 0 0 33 7 79 0 0 0 57 0 20 0 0 71 27 61 0 72 0 80 0 0 23 0 0 24 72 0 30 67 0 20 57 0 12 65 9 45 38 0 0 82 0 0 0 66 34 8 0 25 0 0 0
 0 5 0 0 57 49 0 52 0 31 0 21 0 0 0 61 60 0 0 0 0 4 16 33 0 0 0 35 55 0 62 0 0 0 0 0 0 0 32 29 0 0 15 34 0 0 14 68 36 3 0 61 31 18 10 33 59 0 0 2 0 50 18 23 0 0 17 0 21 52 18 9 0 61 61 80 48 9 13 55 24 0 25 0 0 0 0 0 52 56 19 40 0 0 37 0 0 0 0 0 48 13 0 55 57 0 0 34 0 58 0 0 33 0 0 33 67 19 0 0 50 39 0 0 25 27 0 68 27 0 0 0 71 12 0 0 0 52 0 87 0 0 16 56 0 0 57 0 0 0
 0 0 49 73 0 42 2 59 35 1 0 19 0 0 0 12 11 0 0 17 12 73 31 45 0 26 24 45 51 0 0 59 1 0 0 34 14 0 32 0 28 0 0 0 15 0 0 0 0 33 90 35 37 0 32 96 48 14 0 0 0 0 0 4 0 70 0 8 5 4 50 0 0 0 0 0 31 0 0 0 0 0 0 0 18 0 22 5 0 0 0 2 66 83 0 66 35 0 0 0 11 0 16 0 60 0 0 0 38 20 0 0 0 48 17 18 46 0 1 0 81 0 39 21 0 9 28 0 53 0 0 21 0 0 0 0 0 19 24 0 0 11 15 55 6 0 0 34 56 0
 0 0 0 19 23 2 0 0 0 1 30 73 47 0 7 41 0 41 9 0 7 0 44 0 19 0 7 0 70 7 0 9 46 0 0 0 0 0 83 0 28 58 83 5 76 26 0 0 0 0 17 0 39 0 0 1 0 0 32 0 0 14 0 0 15 4 0 27 0 40 0 75 43 5 2 1 37 0 0 7 0 0 16 0 0 0 46 29 0 0 0 0 0 7 0 0 0 0 45 0 44 0 0 0 57 42 0 8 0 0 73 29 0 6 20 2 42 65 0 0 0 53 47 24 0 0 28 0 25 0 5 49 0 37 66 0 18 17 0 0 0 0 0 0 76 57 44 20 37 3
 21 59 51 0 0 7 0 6 28 0 44 0 0 0 42 0 84 0 0 0 0 4 37 47 71 0 29 44 1 0 0 25 0 0 47 51 0 0 0 0 51 0 0 0 22 0 0 35 25 3 0 18 0 1 0 13 19 0 56 0 0 0 0 0 6 69 0 0 47 0 0 0 0 16 8 0 0 0 36 0 0 3 0 0 0 0 0 0 0 49 0 0 16 20 60 0 40 0 1 4 25 20 45 5 0 57 24 0 0 51 0 14 4 0 6 32 0 0 0 19 0 9 58 0 60 9 13 0 0 60 0 0 0 34 7 0 9 28 0 42 0 20 0 6 0 52 0 0 0 28
 0 0 28 78 3 0 0 0 0 0 52 75 2 0 41 0 0 5 40 85 9 31 0 27 0 0 30 0 48 0 0 0 0 34 76 60 0 56 93 4 0 0 0 44 0 0 59 0 0 30 14 0 0 12 0 9 0 0 43 73 18 16 0 0 0 0 0 19 0 0 9 0 13 42 32 0 17 15 0 92 37 0 0 0 6 12 15 0 0 19 70 0 75 0 5 0 0 31 0 0 5 0 14 0 29 0 0 52 0 0 16 23 28 0 0 46 39 34 0 0 47 0 0 0 0 0 42 58 0 0 22 13 69 72 1 0 26 0 37 57 40 0 0 54 23 8 0 0 0 53
 0 10 51 0 87 47 78 29 83 0 21 0 98 0 0 0 0 14 11 0 33 52 0 0 39 0 12 2 0 0 0 0 32 94 58 0 16 0 43 18 41 32 44 0 24 51 0 0 0 0 0 0 15 0 0 0 0 0 0 68 0 14 0 18 64 21 3 0 80 30 30 0 0 19 0 0 1 3 0 18 0 17 0 21 0 38 13 0 0 85 5 39 0 29 0 0 29 0 30 0 38 20 30 15 0 0 0 76 0 15 0 0 0 0 0 22 62 0 8 3 0 0 0 16 51 0 0 78 0 13 53 0 22 19 0 0 0 25 13 31 71 35 0 76 0 0 0 0 18 3
 0 0 0 0 0 0 31 56 41 43 42 9 24 47 0 0 38 60 14 17 4 0 0 14 0 0 0 0 24 29 25 0 0 0 27 34 59 21 0 0 31 0 71 0 9 0 21 0 5 0 0 0 0 51 0 41 31 0 0 27 1 79 1 18 0 0 0 43 0 12 0 0 0 29 0 25 29 0 60 55 48 50 30 49 0 6 0 0 13 0 32 0 1 0 0 28 0 0 0 0 93 0 71 74 0 0 0 0 30 0 67 5 5 57 44 0 24 35 52 62 6 0 0 0 0 0 35 0 0 0 3 0 38 0 0 13 67 78 0 0 0 0 0 0 0 20 25 29 0 0
 0 20 25 76 32 25 0 71 43 0 0 0 23 23 82 3 0 10 23 20 0 0 37 0 41 37 36 58 0 45 0 53 0 62 0 5 58 0 0 24 7 74 0 0 44 51 31 56 11 0 4 0 17 0 0 0 0 0 26 0 0 47 0 5 25 0 32 0 9 14 0 0 63 29 33 14 14 28 39 25 0 11 22 70 0 26 0 0 0 40 0 24 0 10 0 0 18 22 5 0 65 0 0 0 0 0 3 0 0 0 0 33 34 10 0 0 65 0 18 49 0 7 27 59 0 0 49 0 56 0 4 38 0 0 0 29 20 4 0 0 0 0 0 0 13 0 0 27 51 0
 0 0 0 26 16 15 12 0 0 0 57 4 37 39 0 80 0 0 38 33 0 0 0 0 11 41 7 8 23 0 0 43 69 0 0 16 70 0 12 0 25 39 6 0 0 14 46 0 0 0 81 0 0 38 26 0 0 53 70 0 0 0 0 0 45 0 53 20 0 0 0 0 27 19 0 0 0 11 0 17 69 0 0 0 11 0 0 1 24 6 30 5 0 0 0 0 33 0 13 0 58 0 0 3 13 0 46 5 47 0 43 0 0 35 0 55 11 0 54 24 3 11 0 0 0 84 0 0 0 0 0 63 0 0 0 0 60 0 0 0 0 0 0 15 0 0 0 0 0 36
 0 19 8 0 0 23 16 0 0 48 0 35 11 0 52 44 7 0 0 11 0 25 0 6 13 16 0 60 53 0 86 22 0 0 0 34 41 0 21 0 69 0 30 45 0 48 0 84 0 0 29 10 40 0 0 0 47 0 14 0 0 8 31 4 0 0 0 30 0 24 0 0 47 0 0 12 74 0 0 15 0 0 67 52 0 0 4 10 8 75 11 17 0 0 38 24 6 44 0 0 0 0 52 12 10 0 0 18 0 0 0 0 0 0 29 0 0 0 9 34 52 12 0 0 31 0 14 15 31 18 0 0 22 6 11 34 4 0 69 36 53 23 4 0 0 13 0 0 0 43
 0 0 21 13 0 0 0 1 39 0 8 0 0 0 0 53 15 58 88 0 18 69 27 28 0 54 75 46 0 82 22 0 0 0 72 0 0 0 0 26 87 0 40 0 0 9 0 0 4 0 50 23 0 32 30 0 0 74 48 0 75 51 42 0 0 11 6 0 0 29 0 2 49 7 41 30 7 0 29 0 63 0 7 54 20 16 0 33 63 0 18 13 0 0 0 32 14 7 83 72 0 0 0 0 18 7 0 17 0 59 0 0 76 0 0 0 0 0 0 0 82 0 27 0 0 0 0 0 0 31 0 48 0 1 40 0 42 28 64 7 13 14 0 18 7 0 0 0 63 0
 0 27 0 1 21 19 22 32 67 0 23 0 0 0 0 0 9 0 11 0 0 38 0 29 0 0 24 34 75 0 0 18 54 0 0 29 0 19 0 0 28 0 0 30 0 0 0 43 8 0 65 19 64 0 0 0 45 31 0 28 12 78 9 0 0 37 4 0 67 0 0 14 94 86 0 0 0 0 0 2 10 0 72 0 0 60 0 0 9 22 81 14 7 0 7 28 52 13 0 0 0 0 18 0 0 0 27 59 0 0 0 55 42 38 0 28 26 0 0 0 0 35 22 0 0 63 0 0 0 0 1 76 12 2 0 0 0 14 50 0 0 82 0 0 0 0 0 0 0 36
 0 14 0 55 0 34 0 47 0 47 24 0 66 0 0 0 0 36 19 18 0 0 10 3 0 44 78 0 36 0 0 0 0 49 68 0 6 0 0 0 4 0 39 0 89 0 1 0 0 0 0 0 32 38 52 0 24 13 0 0 0 14 13 0 3 64 0 0 5 0 45 0 0 34 0 0 30 49 7 32 66 0 0 15 0 0 20 68 0 0 0 10 16 0 23 0 5 23 0 27 55 0 33 24 0 0 0 0 0 28 0 0 0 1 0 0 0 16 23 17 7 0 0 56 0 14 4 31 72 0 6 53 0 0 0 0 52 0 52 15 0 0 0 40 0 68 59 0 0 0
 9 22 67 0 0 0 25 86 0 0 92 0 0 0 4 22 6 0 5 21 17 65 49 35 0 0 25 0 31 71 77 59 48 0 0 98 0 0 12 0 42 0 33 20 49 0 38 12 0 0 0 0 0 7 52 14 0 6 0 0 34 0 15 0 33 12 34 0 0 6 0 0 0 13 12 0 7 0 6 61 44 0 0 0 0 40 0 81 0 23 0 54 39 41 0 0 11 0 1 0 0 0 0 20 0 36 25 0 0 8 35 0 5 0 100 36 0 0 17 22 1 62 31 0 0 0 11 0 0 30 33 31 23 0 0 0 21 5 0 0 30 67 0 0 44 0 0 0 0 18
 17 16 20 0 65 0 0 0 0 11 0 0 0 27 37 1 0 0 0 58 0 26 16 0 0 0 0 73 0 50 0 20 71 13 0 0 0 36 0 0 27 0 0 6 25 20 42 10 27 0 0 3 0 45 0 24 0 64 38 6 34 0 0 0 46 0 72 0 1 91 0 54 2 55 61 0 0 20 0 47 11 5 5 0 4 0 73 0 94 43 34 82 51 63 0 0 0 0 0 10 0 27 0 36 0 7 37 25 22 0 0 0 4 0 0 0 0 0 18 0 0 15 2 0 0 44 26 79 19 7 0 66 32 4 0 0 29 0 0 0 0 47 15 59 34 0 24 54 6 0
 0 35 0 58 14 11 57 0 0 0 0 30 59 35 0 3 0 0 30 0 0 0 35 0 20 55 13 8 0 25 0 32 0 0 0 0 21 0 0 41 7 17 0 19 45 0 57 56 0 25 17 0 6 0 35 35 13 0 0 0 0 7 1 0 0 0 8 0 0 0 7 16 0 0 1 21 0 0 0 0 15 16 0 59 3 90 72 24 38 2 15 0 0 0 22 10 0 56 0 58 34 0 0 0 0 5 14 0 4 15 0 5 0 58 0 0 7 24 0 54 0 0 7 26 0 0 0 0 73 0 0 71 37 0 0 0 4 55 47 26 0 0 0 16 27 27 0 0 0 0
 63 85 0 0 3 37 41 0 0 80 0 0 44 0 6 43 0 0 0 0 0 21 17 39 0 0 0 0 40 8 0 65 0 0 91 59 0 34 35 0 2 0 0 0 7 0 0 8 7 0 0 0 1 0 0 0 2 29 63 0 48 67 0 0 0 13 0 0 31 0 0 3 33 0 1 63 0 22 35 0 0 74 86 8 0 40 0 48 30 0 0 0 0 49 0 28 0 20 66 0 14 84 7 37 8 13 14 0 22 0 0 0 23 97 56 0 2 0 20 0 73 41 46 0 0 0 0 16 37 7 56 0 22 0 0 61 13 0 0 0 0 18 0 0 0 50 0 50 25 38
 56 22 22 0 0 0 41 22 10 0 0 74 0 9 0 0 0 75 24 29 12 20 0 45 0 0 41 0 0 0 14 7 0 41 0 0 16 54 0 47 0 0 17 26 68 17 80 32 55 0 66 0 0 25 6 18 64 53 0 0 0 0 32 27 0 0 0 0 0 0 0 30 56 0 0 0 29 0 40 62 33 0 0 59 0 51 45 13 49 0 0 0 0 0 22 22 21 0 30 3 9 21 0 30 83 22 0 28 28 0 0 0 0 44 0 20 0 57 0 15 14 0 0 0 17 3 50 32 82 33 26 0 0 0 8 0 0 0 0 0 1 3 78 0 26 38 0 6 0 92
 81 0 21 0 0 0 0 3 0 3 72 65 9 42 0 0 0 0 19 0 54 9 0 44 37 59 2 0 36 0 0 0 30 0 0 0 32 0 19 14 0 0 0 50 0 0 0 0 53 0 55 21 0 0 79 33 35 0 51 14 0 22 33 37 69 8 0 0 0 45 0 1 0 46 0 23 0 0 3 46 9 29 0 0 0 0 10 0 0 0 73 0 0 98 23 0 57 77 0 14 20 7 18 0 14 66 24 0 0 0 61 51 43 0 35 16 3 8 7 0 0 86 20 0 4 0 0 0 82 0 2 50 0 29 48 0 0 0 0 22 0 75 26 0 53 0 28 0 0 50
 53 48 0 28 35 8 0 54 0 0 0 0 0 35 0 0 13 0 0 0 0 27 0 75 0 0 16 0 20 0 3 0 13 28 86 26 0 0 0 20 0 5 77 0 73 82 12 57 1 0 0 44 0 0 85 17 0 0 0 0 0 60 24 0 69 0 51 0 31 51 0 0 0 40 0 0 8 0 7 0 83 7 65 0 0 63 0 22 0 30 42 34 0 0 38 0 26 0 0 25 0 23 0 13 0 20 0 21 42 0 0 0 73 0 43 27 23 43 77 0 7 0 0 38 15 93 5 57 0 51 0 32 0 0 0 0 0 0 32 20 47 30 38 60 30 0 15 0 0 0
 0 2 0 0 0 8 18 0 0 31 0 69 0 85 0 0 0 0 0 64 48 0 0 51 13 0 28 32 0 38 5 68 1 0 3 45 0 0 53 8 0 45 15 0 54 0 0 52 0 86 0 0 30 62 0 15 0 19 0 0 0 77 8 12 0 9 0 10 37 0 15 0 0 0 0 5 0 12 0 19 79 0 0 0 0 3 0 8 0 0 30 62 48 50 0 0 0 41 0 20 0 69 24 33 0 26 55 0 0 0 14 15 0 18 0 6 28 0 20 0 0 11 0 61 0 76 0 0 33 0 0 0 51 0 19 65 0 0 40 12 0 17 28 0 54 0 56 27 10 0
 0 0 0 0 0 66 50 0 0 0 0 0 21 0 30 0 0 7 0 0 0 3 9 0 1 0 0 10 17 0 0 0 0 0 33 16 0 1 89 5 0 26 70 0 77 50 0 88 0 0 45 43 91 0 13 26 0 43 17 46 0 0 67 0 16 0 0 0 8 0 0 1 0 0 0 19 69 0 0 30 15 0 21 61 0 0 0 0 0 17 0 6 13 0 0 7 0 43 0 5 76 63 32 7 0 0 7 0 0 0 3 51 14 9 1 15 0 0 0 43 32 0 0 36 0 0 0 73 0 6 0 0 65 0 0 0 39 0 0 0 0 7 0 0 0 0 15 58 1 3
 93 0 0 8 47 32 0 48 40 0 11 36 54 0 0 42 57 0 79 15 0 0 0 0 14 32 50 0 57 77 0 1 27 43 5 43 46 30 62 0 0 0 0 0 55 0 22 75 0 0 45 0 0 23 40 27 20 0 19 0 0 0 37 46 81 4 0 7 0 30 0 0 11 0 12 0 54 0 0 24 0 74 28 0 40 9 48 62 56 74 0 0 33 15 59 0 0 0 65 57 7 40 55 1 57 0 0 30 38 0 0 0 0 89 74 21 0 33 0 13 44 0 27 16 0 0 0 7 0 0 0 6 0 1 0 0 0 38 0 0 0 0 22 0 0 1 38 67 40 4
 47 0 50 0 77 44 0 0 13 44 15 1 47 0 67 76 0 0 0 7 0 17 17 79 0 12 0 0 51 4 28 0 0 0 0 23 0 52 15 0 17 0 27 29 60 41 0 24 75 10 0 0 0 0 0 51 0 0 0 0 32 20 0 0 6 0 0 0 44 0 0 0 0 10 7 0 8 30 37 0 0 8 58 0 0 25 0 0 0 29 17 52 0 70 0 22 57 25 16 0 0 0 4 0 12 13 3 0 0 19 15 34 0 61 0 0 63 0 0 0 0 0 8 8 0 0 22 0 50 42 84 8 0 26 0 0 0 14 0 32 80 5 8 79 31 61 48 0 33 34
 0 59 73 44 26 32 0 69 0 0 0 3 39 0 0 0 0 38 0 71 0 0 0 0 0 2 0 0 20 0 29 50 14 47 37 35 0 0 0 45 0 36 0 0 0 0 1 0 15 0 0 0 75 42 6 0 0 0 35 21 30 6 0 0 0 0 19 21 47 22 0 0 48 19 33 0 0 58 0 49 25 60 0 53 83 47 45 47 0 26 0 0 26 0 0 0 0 36 31 8 0 0 0 0 7 80 56 61 7 0 87 0 4 0 8 45 0 0 4 43 60 0 86 4 29 17 1 0 52 0 0 73 14 2 17 2 30 0 0 0 68 0 0 20 50 0 33 0 22 64
 0 34 0 36 0 60 7 75 0 0 7 41 0 7 38 0 19 2 0 38 0 0 2 90 14 0 0 0 54 0 27 0 71 17 0 62 0 0 0 51 0 43 0 39 38 0 5 0 23 58 82 29 0 0 55 0 0 0 0 51 0 0 0 0 93 26 0 12 82 71 0 64 0 0 0 0 0 0 66 0 81 29 0 76 0 36 0 9 31 0 0 0 0 0 76 0 0 0 21 13 0 0 11 28 84 55 0 0 32 42 1 0 6 27 64 0 0 0 0 0 14 10 14 0 7 0 45 6 43 0 16 36 79 27 14 75 17 35 59 0 0 0 0 4 71 69 65 38 7 7
 77 0 28 52 0 0 0 42 14 47 53 0 0 61 0 46 51 38 22 0 42 0 8 36 0 5 0 51 0 0 30 0 0 51 59 0 0 5 0 0 0 29 10 0 34 0 0 0 0 0 89 0 0 50 14 0 32 0 0 68 76 0 0 28 14 0 0 0 11 1 0 0 0 6 0 0 9 0 0 54 26 0 0 0 0 0 39 0 0 3 0 46 0 0 41 0 0 5 54 19 43 0 57 43 6 25 0 0 42 0 1 11 31 0 45 0 17 89 28 21 60 10 43 17 24 0 0 0 28 25 0 0 13 0 44 0 52 0 49 0 30 55 5 0 6 62 0 21 0 43
 0 18 0 10 87 0 0 69 2 50 0 0 0 0 6 64 26 0 27 0 26 55 96 0 17 38 0 0 0 0 71 0 88 0 1 0 37 13 0 68 0 0 0 0 0 46 24 0 0 0 0 1 24 0 58 42 0 20 0 15 6 0 0 0 0 33 0 24 0 66 0 0 0 18 42 0 0 12 83 0 0 11 0 64 0 58 18 0 0 42 13 0 0 28 31 16 46 5 8 39 3 0 11 2 34 0 0 3 26 7 0 0 2 9 28 38 0 10 54 28 0 4 55 0 0 0 43 61 0 16 18 0 0 0 2 67 11 0 45 83 0 1 0 0 0 0 64 7 0 0
 80 0 0 33 51 0 21 43 0 64 0 0 41 0 0 0 0 24 0 6 0 3 11 0 1 13 0 0 0 0 0 0 0 8 97 97 1 72 21 0 0 0 0 2 0 17 67 0 0 0 41 27 0 23 53 0 37 68 0 0 35 31 38 3 6 26 0 46 0 43 0 0 64 0 59 39 53 0 0 0 0 21 0 0 0 71 48 39 12 0 81 0 3 14 84 22 0 0 0 0 0 0 0 0 0 0 0 0 30 34 63 68 0 0 0 30 0 8 15 35 16 0 0 14 4 0 0 0 0 42 20 0 24 0 0 0 0 49 0 15 5 0 0 0 73 0 0 0 0 0
 91 0 0 41 0 0 2 1 0 13 7 32 0 0 0 0 0 78 76 0 33 31 0 60 0 0 34 47 82 0 62 55 32 68 0 0 85 0 53 0 0 0 0 0 0 20 0 5 61 57 0 0 0 14 16 0 70 0 0 95 0 0 0 59 0 0 81 0 0 14 0 12 0 17 0 16 2 0 0 0 46 0 9 0 0 6 0 0 5 2 0 0 0 0 40 0 0 30 41 0 0 5 0 0 0 0 31 9 45 29 0 60 0 25 0 0 31 0 0 6 0 0 9 47 35 0 0 7 0 4 0 56 58 0 55 43 0 0 7 0 0 45 0 0 0 0 0 16 0 57
 0 0 0 48 0 0 0 74 62 20 43 0 38 0 23 17 33 6 0 18 78 0 22 0 0 83 46 1 0 0 0 1 55 0 0 0 37 66 0 0 0 9 39 3 0 10 13 30 37 0 27 0 0 33 33 66 0 9 0 0 34 0 0 73 0 13 26 19 0 0 0 63 84 38 5 31 0 8 0 0 71 4 39 0 0 17 14 67 15 5 0 0 56 21 8 13 0 0 48 0 24 0 0 0 18 39 1 35 0 0 0 0 9 0 12 20 10 0 0 0 0 0 0 85 0 0 32 10 24 28 0 69 0 0 0 0 0 10 0 0 9 22 12 0 23 0 18 0 71 0
 0 0 34 0 47 32 0 0 0 0 68 0 0 83 15 0 0 0 13 35 0 14 52 0 49 0 66 0 0 0 0 64 3 37 31 0 0 5 54 25 5 0 0 3 45 7 0 0 0 38 38 0 0 0 51 10 0 20 0 0 0 0 0 30 0 7 0 0 1 84 0 34 28 2 0 7 28 0 20 0 0 37 0 0 0 80 0 32 10 59 18 10 13 36 0 55 0 0 6 0 0 0 2 0 0 87 0 39 0 0 8 34 3 58 0 63 0 15 42 0 0 4 16 37 1 0 0 0 56 0 53 0 0 22 0 0 28 0 34 51 50 0 20 0 0 30 38 25 0 0
 0 27 5 0 0 0 0 0 20 6 28 0 0 19 0 43 42 0 91 68 64 29 0 19 0 0 0 0 0 62 64 0 0 9 0 45 57 59 0 81 0 48 96 0 0 0 0 0 18 19 0 0 0 79 11 41 0 37 29 42 0 55 18 0 0 0 0 79 84 33 5 31 0 80 17 0 0 0 32 0 23 26 0 0 0 0 19 40 0 0 38 45 0 0 21 45 10 0 56 35 0 0 84 2 0 76 26 75 0 0 28 14 60 45 0 0 23 0 0 23 53 0 51 43 65 4 42 22 14 0 0 0 9 0 0 34 1 69 0 9 0 0 0 31 4 82 0 0 40 3
 33 23 10 0 0 31 0 26 0 0 0 6 0 0 0 0 0 0 0 0 0 0 0 0 20 23 51 63 7 47 0 27 31 26 67 12 35 0 0 69 68 75 0 0 0 17 0 35 0 0 27 0 0 0 9 59 24 0 0 0 6 10 17 0 53 0 0 0 45 2 12 0 37 0 0 0 15 0 0 0 20 0 0 51 0 0 51 0 0 0 0 0 48 0 0 8 0 0 29 0 0 0 76 60 0 13 0 0 61 0 0 37 0 0 13 0 3 34 10 7 0 3 1 0 60 9 0 0 0 66 0 0 33 56 0 0 9 0 0 0 85 16 0 0 0 7 0 0 0 0
 21 37 0 57 22 0 0 68 71 0 17 79 0 5 0 0 24 31 2 27 65 40 0 7 18 3 0 0 0 59 55 0 0 0 22 80 21 0 4 0 0 27 28 0 2 0 53 0 0 27 0 13 0 0 0 77 0 23 1 21 12 41 0 0 32 33 0 0 0 39 0 0 6 0 0 0 0 7 60 0 0 0 3 2 0 0 0 7 2 0 0 0 61 18 0 0 4 0 59 44 17 5 50 29 37 0 6 0 0 0 20 12 0 10 94 51 0 14 0 9 0 0 0 0 0 0 51 0 0 17 15 9 6 0 0 62 0 0 77 0 10 11 49 0 0 47 0 31 0 57
 8 42 0 65 0 34 60 0 74 0 72 92 0 0 39 0 0 0 16 0 0 28 55 32 0 32 0 0 0 4 0 34 39 0 75 6 1 0 22 0 10 0 55 0 18 7 42 3 4 16 52 20 0 0 0 0 0 0 0 0 47 0 46 0 0 0 0 0 0 6 0 0 0 0 39 30 0 0 0 32 0 0 0 8 31 0 8 18 31 0 0 0 0 0 0 0 0 8 3 0 0 0 0 0 11 1 24 0 0 0 70 0 26 0 0 0 0 0 0 0 49 0 0 0 0 36 17 0 0 0 73 70 0 62 17 79 0 70 0 0 0 42 0 0 0 55 0 22 0 33
 0 85 0 17 0 0 11 0 26 0 86 0 17 23 53 14 0 36 0 36 0 0 0 60 0 0 23 48 54 40 0 44 0 16 70 0 21 0 0 0 59 66 30 58 28 37 0 47 25 9 0 40 59 44 37 0 33 0 0 0 46 0 39 34 63 0 0 54 40 5 35 71 0 14 0 47 0 0 0 0 11 88 21 0 63 0 22 45 54 0 0 76 1 0 2 3 29 30 48 0 13 10 33 0 16 8 0 0 5 0 0 20 30 0 0 0 32 0 0 26 27 45 15 3 38 52 0 83 0 5 0 0 0 3 0 7 32 0 0 0 0 38 42 66 90 0 0 36 0 0
 23 0 28 58 65 18 0 31 0 0 0 32 0 0 0 64 32 46 71 0 0 0 0 0 0 41 0 0 0 0 0 43 0 0 22 49 40 6 0 36 12 0 0 0 82 0 41 0 0 0 49 61 8 0 0 29 0 79 0 6 27 12 12 0 0 0 18 0 0 31 0 15 8 0 45 0 54 0 0 0 0 20 0 0 11 45 0 31 18 0 0 0 20 0 0 0 0 50 32 21 67 0 0 10 0 61 51 23 34 12 0 0 0 9 9 18 49 0 0 0 33 0 16 33 25 72 0 0 0 0 32 15 31 51 0 0 0 51 6 0 23 0 0 16 5 10 18 0 11 12
 18 0 0 0 0 45 0 28 24 0 18 61 0 12 0 0 0 0 17 41 55 0 16 30 0 33 0 15 0 41 0 74 46 15 0 0 0 0 0 34 0 7 0 0 43 54 81 0 0 46 0 58 0 0 19 42 25 0 0 0 56 56 0 0 9 0 6 18 0 6 0 0 75 0 0 0 70 0 42 44 0 0 47 1 28 52 0 10 0 20 0 25 24 44 0 87 41 0 54 22 0 0 27 7 1 19 0 8 0 21 11 0 11 0 25 0 0 0 0 0 10 0 31 72 31 5 0 48 40 0 0 48 61 0 0 0 0 0 8 25 16 7 8 0 0 72 0 26 31 18
 0 10 2 0 0 10 34 0 23 30 75 0 70 0 0 0 61 37 50 0 0 0 0 67 0 68 0 35 29 0 35 0 0 25 0 0 11 0 15 40 51 0 0 36 0 0 74 35 0 0 0 42 0 8 0 1 28 0 19 0 56 41 44 34 0 5 0 38 0 0 0 1 33 58 49 0 0 12 16 28 48 39 0 0 27 0 75 0 0 0 77 17 47 27 45 15 13 0 70 85 0 0 50 0 60 19 0 31 4 64 78 20 0 42 0 0 0 0 0 18 0 0 17 51 76 65 0 23 0 0 0 64 9 43 34 11 77 0 0 0 24 0 0 69 0 62 39 48 0 0
 70 0 0 9 40 48 0 0 48 5 0 30 66 39 0 7 0 60 0 11 0 0 0 0 0 5 0 0 0 0 0 8 62 11 30 1 0 0 83 2 0 41 0 0 13 36 0 98 0 0 0 0 0 31 57 0 18 0 49 0 0 0 0 17 0 4 40 0 0 0 0 55 5 0 0 31 12 5 15 24 0 0 14 81 0 40 0 0 37 0 0 46 0 90 2 25 27 0 31 53 0 0 54 29 47 0 27 0 0 13 0 0 0 0 0 45 50 0 0 72 0 0 86 6 0 51 4 63 38 18 0 39 0 33 55 0 0 11 66 28 0 0 17 0 32 22 0 3 72 81
 35 0 0 0 92 0 0 0 39 58 0 2 72 0 0 11 23 0 0 77 48 0 1 0 0 0 0 1 53 47 0 0 0 49 70 54 0 0 20 0 25 39 0 0 25 49 1 21 82 0 0 17 23 48 42 92 0 0 25 54 60 0 0 8 37 0 0 54 26 1 8 0 0 0 0 0 58 0 31 0 61 0 11 0 72 80 0 23 36 6 7 57 10 41 24 21 21 0 34 35 39 0 73 49 0 44 0 32 0 0 0 0 0 0 19 0 0 0 0 33 15 78 0 11 0 0 60 0 0 49 6 0 0 0 61 0 0 0 0 20 15 34 52 0 7 0 17 0 0 73
 0 37 50 12 41 0 3 0 0 14 0 0 70 30 73 20 2 26 27 12 1 77 0 10 83 5 0 0 83 3 0 1 0 16 32 44 0 60 0 0 2 0 0 0 10 0 19 7 44 62 0 25 2 0 0 0 0 0 0 12 0 63 0 90 29 0 0 0 0 37 0 46 0 0 15 81 15 0 0 23 64 0 47 57 2 0 17 26 0 38 0 19 0 9 60 15 0 49 19 0 21 37 0 58 38 13 0 0 0 42 0 5 0 0 25 0 20 50 0 0 0 50 35 4 0 18 0 15 2 0 2 0 0 11 0 27 9 0 0 62 38 83 2 84 0 0 0 20 53 0
 0 0 0 0 0 5 0 7 0 0 1 0 47 3 0 0 0 0 0 85 20 90 0 69 0 0 14 6 0 0 2 71 0 0 14 0 26 0 0 14 0 23 0 3 0 4 69 22 45 15 22 0 0 0 0 12 0 0 0 0 0 20 0 84 49 0 40 9 0 0 49 0 42 68 0 20 0 33 0 0 80 19 0 0 11 0 15 16 0 0 22 72 0 0 94 0 28 0 0 20 24 60 0 0 0 0 22 0 0 46 20 0 0 2 34 29 1 56 0 0 0 0 48 0 15 25 4 48 18 26 0 0 0 0 0 0 0 0 0 6 9 0 0 81 0 13 96 63 41 10
 0 0 71 0 45 0 0 0 0 65 0 30 69 64 49 1 0 0 0 6 51 0 42 28 24 0 0 30 0 14 62 32 0 42 0 0 61 11 45 19 49 0 0 0 0 0 0 34 0 0 41 37 0 0 0 7 0 5 25 51 0 83 0 0 0 0 0 0 21 33 0 0 51 12 80 7 34 0 41 0 22 0 0 0 0 0 0 0 30 43 0 0 21 0 65 12 0 1 0 0 46 54 3 15 37 1 6 64 22 0 0 62 0 3 66 0 0 8 0 29 0 0 0 35 0 0 16 56 23 0 1 4 49 25 0 0 18 0 9 44 5 7 33 66 12 0 0 0 80 17
 0 0 0 15 6 0 83 0 0 0 25 4 0 16 0 45 0 44 0 0 76 58 0 0 28 9 26 0 0 35 18 0 85 38 0 23 1 61 82 6 30 39 9 0 0 27 59 47 0 0 46 17 42 0 0 72 0 0 0 0 0 22 0 30 21 15 0 0 22 0 0 0 25 0 0 63 0 0 8 30 0 14 68 58 21 5 0 0 77 21 51 0 0 0 37 17 0 0 79 0 0 14 0 20 0 6 90 0 19 66 23 14 6 0 3 6 0 0 7 0 2 42 34 16 0 64 0 0 0 0 0 0 0 0 12 0 30 0 0 40 42 0 14 27 75 9 0 12 14 0
 19 9 55 0 43 0 0 0 17 39 0 0 43 0 12 0 56 0 36 0 0 0 64 7 0 53 19 0 32 0 40 0 9 0 36 0 0 0 40 0 58 83 59 0 39 57 0 0 0 72 42 16 0 0 41 0 0 15 39 1 5 28 0 0 0 0 47 16 7 5 0 0 66 10 0 29 0 0 8 0 2 76 0 3 2 0 39 33 54 0 0 41 0 0 0 0 0 0 69 8 0 0 79 0 31 48 35 0 0 0 95 0 0 3 0 0 0 28 54 47 0 39 0 39 0 0 15 0 63 42 0 9 9 0 0 29 0 35 0 0 13 0 0 0 0 30 23 4 52 36
 0 44 20 16 7 20 25 0 0 1 2 5 21 31 27 0 26 0 29 0 0 47 0 99 0 0 0 39 0 0 16 0 0 0 0 0 0 0 0 0 0 3 0 0 18 0 12 0 0 77 13 15 63 0 82 0 0 32 95 52 0 0 17 67 0 20 0 0 0 0 44 49 0 1 15 0 65 0 0 0 0 29 1 0 18 0 0 0 26 0 0 36 44 0 0 0 42 40 0 0 0 0 0 0 0 63 14 0 0 80 0 0 4 0 9 0 0 0 35 52 0 0 77 0 0 31 3 0 0 0 0 35 0 1 0 22 0 35 0 0 0 0 20 0 19 0 40 0 0 57
 53 0 20 5 0 0 0 0 0 0 0 0 25 0 40 37 49 31 43 11 0 0 0 70 0 0 0 0 0 0 0 8 4 8 0 51 33 0 0 0 0 0 81 51 0 0 0 19 0 78 0 0 0 58 71 88 0 0 0 0 11 0 58 64 0 0 15 24 0 0 0 8 17 1 26 15 0 3 24 27 0 0 0 81 0 0 4 65 0 0 0 56 24 59 0 1 0 2 0 7 34 38 0 0 0 0 0 19 31 0 52 0 6 36 60 1 12 62 0 32 67 18 0 0 0 0 70 29 0 81 0 62 46 49 91 8 48 0 26 34 0 4 0 0 0 0 4 0 20 3
 67 75 0 93 0 0 25 0 0 14 0 16 75 0 34 56 0 47 0 0 34 20 0 0 0 0 40 13 16 0 48 51 8 0 22 0 0 14 67 29 0 13 8 0 80 0 0 0 29 14 50 41 27 29 1 5 7 23 0 0 67 5 0 0 0 0 84 39 26 30 0 0 0 27 35 0 39 0 2 87 0 0 0 23 0 44 25 37 39 0 12 10 42 48 0 0 69 0 0 0 0 0 6 0 80 21 26 35 33 0 0 0 0 0 37 11 0 16 1 0 5 5 3 0 0 86 20 52 69 32 0 64 52 36 0 0 0 36 58 0 23 65 43 0 34 0 17 35 18 0
 0 3 0 0 26 84 24 10 0 7 62 19 35 5 87 0 8 0 0 0 0 0 36 0 0 57 74 0 0 38 73 5 65 12 0 0 4 0 0 0 28 0 23 3 0 28 4 15 17 17 0 0 35 0 0 23 0 63 0 13 0 18 0 51 86 22 49 52 0 64 0 0 0 0 0 28 0 6 0 10 0 0 0 0 0 60 0 5 0 0 12 0 27 0 0 0 0 13 0 43 0 47 4 74 8 0 17 0 0 1 0 0 0 11 0 0 0 0 0 25 0 0 0 0 45 0 0 92 0 6 70 11 3 0 0 0 32 30 89 44 0 23 22 0 44 0 9 0 0 0
 0 50 75 3 0 0 94 21 0 0 0 0 38 18 0 0 0 0 4 48 7 0 6 0 11 0 44 44 0 0 0 0 30 82 21 27 68 5 77 0 67 0 42 19 4 28 0 0 0 12 4 0 26 0 0 36 14 50 88 0 0 0 10 7 54 0 0 39 0 35 0 32 0 0 0 0 50 18 68 0 0 0 0 0 0 60 0 35 14 0 0 18 0 57 0 5 0 0 0 0 0 0 0 0 0 34 0 0 0 0 18 19 0 0 14 0 0 0 46 0 17 94 0 71 0 51 0 7 12 49 0 36 30 0 0 0 0 0 37 0 0 55 0 0 1 0 54 0 0 0
 0 57 0 14 38 65 0 0 73 85 35 0 0 0 21 0 46 0 0 40 19 0 40 12 73 0 20 3 0 58 82 0 0 0 0 4 0 26 3 0 52 0 47 23 0 34 18 12 0 0 48 0 17 0 0 14 43 0 34 87 0 50 0 0 18 52 91 0 0 0 0 0 0 46 6 0 19 0 0 16 19 0 69 80 55 0 0 0 0 54 0 18 0 0 37 60 85 56 0 0 0 55 10 16 0 0 0 64 0 0 0 0 39 0 3 17 52 0 32 16 65 0 42 0 0 0 0 8 4 37 0 34 31 0 0 0 75 0 56 0 0 0 53 0 0 0 0 46 16 60
 6 0 0 84 19 8 63 12 11 1 59 0 27 0 77 39 9 0 0 27 0 0 17 0 22 22 54 42 9 12 0 0 46 0 0 0 49 0 17 10 0 0 0 0 0 0 0 74 0 83 49 71 0 0 4 0 0 8 40 30 80 0 37 0 4 0 10 0 42 24 0 54 30 0 35 0 14 14 0 11 0 0 0 13 33 15 0 11 0 79 21 88 0 95 0 0 0 0 15 0 0 0 72 0 22 62 75 43 0 20 29 0 0 29 0 80 0 50 56 0 0 21 29 0 0 39 0 0 0 10 0 20 0 48 0 0 0 78 0 0 0 17 0 0 1 72 0 46 0 90
 16 16 23 60 0 0 0 0 53 0 7 0 0 0 0 89 0 0 0 0 4 99 0 0 45 0 0 0 15 10 0 0 55 20 18 0 54 7 5 0 0 0 46 17 0 0 0 8 42 0 0 0 0 0 90 19 0 0 21 0 60 54 61 0 0 38 0 0 93 21 0 47 5 0 16 0 0 66 1 73 0 0 0 48 40 0 43 0 0 25 75 0 69 43 5 4 0 5 0 0 2 2 22 0 69 0 7 0 0 0 0 0 0 12 0 0 48 26 49 0 10 34 1 74 0 5 68 19 12 0 0 43 0 23 0 2 0 0 54 71 85 51 0 21 12 21 0 0 53 0
 0 18 44 0 0 0 0 0 75 18 5 65 18 0 73 49 0 0 0 0 0 6 0 45 0 0 0 0 0 0 40 36 17 61 35 0 13 21 80 0 0 83 0 0 0 18 0 34 5 12 36 44 26 13 0 0 69 24 0 26 0 0 65 39 31 0 11 0 77 22 8 11 20 77 0 0 33 0 0 0 0 0 45 0 0 13 31 0 0 27 9 0 53 34 0 31 8 0 3 0 6 0 0 0 0 17 53 8 27 0 23 0 0 80 0 26 14 25 0 0 89 18 0 76 64 34 54 0 0 0 0 0 28 34 7 0 1 0 18 0 0 63 36 1 0 0 0 92 0 71
 6 0 0 0 36 0 20 0 0 21 76 85 0 0 0 22 0 25 11 34 97 58 43 89 0 0 37 0 78 0 0 76 8 0 55 0 0 0 0 44 5 36 13 0 24 32 0 0 0 0 0 46 0 17 0 0 35 0 0 42 38 37 0 17 0 0 0 9 0 41 0 12 0 0 0 2 0 28 14 0 63 9 0 0 0 0 18 3 0 0 0 0 0 0 0 0 0 17 73 0 9 9 0 62 0 15 0 0 0 0 0 25 55 47 0 0 0 0 17 0 0 0 59 64 26 0 40 0 0 13 22 2 31 0 44 42 0 4 4 25 10 35 0 0 34 18 37 9 0 0
 56 0 0 0 0 0 5 4 10 0 0 87 0 21 0 0 30 39 8 0 0 0 71 57 20 0 0 41 0 0 0 44 0 0 35 0 5 42 29 4 0 0 27 0 64 0 86 65 0 0 0 10 0 0 10 25 67 0 0 0 0 20 0 19 59 24 0 0 0 16 0 0 17 29 0 22 21 0 0 46 0 0 0 55 0 5 61 40 0 0 80 0 0 1 0 0 0 0 17 0 47 0 0 74 30 8 79 1 1 47 28 0 0 32 7 0 27 43 0 43 0 79 0 26 0 24 27 53 0 51 12 0 71 19 6 61 0 17 0 0 0 49 0 0 2 0 0 17 66 0
 68 39 2 0 16 41 13 60 0 0 0 62 0 27 59 27 42 0 0 0 0 32 44 0 66 0 44 0 67 0 10 24 0 80 0 0 38 0 0 31 43 0 29 18 4 33 0 0 16 10 13 26 0 21 0 32 14 0 3 0 50 0 32 58 0 35 53 22 0 34 0 0 17 30 0 0 5 9 0 0 0 65 0 0 36 60 41 0 34 0 3 40 0 0 11 0 0 0 20 0 0 12 22 0 0 27 45 0 10 9 67 0 0 0 0 32 0 0 50 59 62 0 7 4 0 24 14 0 9 85 53 0 0 10 40 0 28 0 26 0 0 0 50 40 0 0 25 0 38 0
 26 72 0 16 69 0 0 0 59 67 45 54 0 7 0 0 27 0 0 68 0 0 0 9 23 4 0 54 0 74 10 0 1 17 40 39 0 0 65 10 57 23 23 25 0 0 62 0 69 62 0 81 72 0 12 0 0 0 48 0 0 78 0 14 38 0 44 0 0 12 38 0 0 25 0 0 0 66 12 0 0 25 61 0 0 0 0 39 0 4 0 86 40 0 30 40 20 57 0 42 0 0 0 23 0 12 10 0 57 10 0 0 0 41 27 16 74 0 17 0 59 0 52 0 0 0 0 0 0 0 0 38 4 50 66 0 0 33 61 0 0 0 0 28 0 0 0 0 0 0
 10 0 38 0 0 0 0 26 0 0 67 0 40 0 3 0 0 90 44 54 30 78 42 12 50 52 4 0 36 0 24 0 0 64 0 0 35 0 85 0 56 8 53 0 24 0 0 62 0 10 0 73 51 0 8 0 0 0 0 69 44 10 75 0 7 0 62 94 0 0 0 4 0 0 0 15 34 75 0 44 2 43 35 0 0 13 71 0 0 57 6 0 43 21 0 70 72 31 0 37 15 65 0 0 42 0 0 6 0 0 0 0 0 0 0 8 30 50 0 0 0 51 43 20 55 29 0 78 28 0 0 0 49 24 78 16 59 40 0 50 0 0 0 42 26 0 17 0 63 39
 0 40 20 0 22 53 0 0 0 5 0 25 0 20 0 56 72 29 0 0 61 0 39 0 26 59 0 0 0 89 0 0 0 0 29 7 31 75 0 0 0 0 23 0 62 73 56 20 0 54 34 0 0 0 57 33 0 6 64 5 0 0 0 25 82 28 77 42 47 61 0 0 0 2 0 0 23 0 0 0 95 0 87 0 0 40 16 0 39 63 0 0 1 24 6 49 0 0 29 0 0 29 74 0 0 14 0 0 0 0 41 11 0 0 5 0 52 24 0 0 43 0 7 0 26 0 44 0 0 2 25 0 73 0 0 60 19 5 0 48 7 34 0 14 1 0 0 66 0 11
 0 0 0 47 0 9 0 0 0 0 28 31 0 0 0 39 0 0 1 27 0 0 16 31 7 0 0 45 35 0 74 0 0 0 0 0 0 57 0 0 0 0 0 0 0 0 53 35 0 0 37 0 73 0 19 10 0 0 0 27 0 0 0 0 0 0 0 14 0 68 0 0 0 0 42 4 0 0 0 54 38 0 0 0 43 60 55 0 65 0 0 42 8 77 36 44 0 0 76 0 28 0 31 0 0 0 0 10 43 4 0 0 30 23 0 32 0 0 0 0 0 8 0 32 75 24 19 64 0 23 0 0 0 99 57 45 0 11 64 29 0 0 43 38 0 9 49 0 7 74
 13 0 49 25 23 61 22 0 0 72 35 0 0 67 36 63 70 48 34 0 9 23 0 39 85 29 23 0 24 48 19 13 6 25 30 4 35 51 3 0 0 32 38 0 0 54 48 67 0 32 0 19 76 4 0 78 0 15 77 58 19 37 0 8 51 15 0 4 18 19 16 25 0 0 56 48 61 0 44 37 0 1 51 4 0 0 0 0 0 1 0 33 0 0 0 0 83 0 0 0 0 0 43 0 0 15 0 0 39 0 0 0 68 0 61 0 0 69 52 41 10 11 5 0 19 0 0 0 0 20 36 4 0 0 57 20 51 0 16 0 35 0 79 38 0 0 0 0 0 58
 0 28 6 0 23 0 0 0 9 0 42 14 41 40 6 33 45 0 0 29 22 0 0 0 0 0 50 12 0 32 42 48 0 31 4 32 0 0 0 0 86 25 39 0 0 61 0 0 37 0 30 68 2 13 0 0 25 17 0 61 0 0 0 0 5 74 38 0 34 62 0 33 23 15 1 0 26 0 27 0 62 0 8 17 0 89 52 1 0 0 79 0 34 59 20 19 53 0 29 0 0 0 27 0 52 0 11 44 11 6 0 23 13 35 0 0 29 3 0 14 6 32 20 0 0 0 0 0 26 0 18 0 0 68 0 2 0 0 0 0 51 0 0 0 0 9 24 0 0 26
 16 0 0 16 84 44 30 32 27 0 24 0 27 7 0 0 0 0 0 41 28 0 9 0 0 5 7 38 69 0 26 0 65 9 36 0 79 0 0 25 0 0 7 48 0 0 0 0 4 56 0 0 0 0 22 0 38 51 12 10 0 0 0 20 0 0 3 45 28 21 34 0 86 24 0 0 43 0 0 6 0 0 58 0 0 0 0 13 0 67 0 3 0 0 49 31 0 0 48 15 55 34 23 0 36 56 0 64 0 0 0 0 40 0 0 0 0 0 49 29 21 0 0 0 42 21 19 14 0 0 21 17 69 76 26 0 43 0 65 28 0 12 0 35 0 0 63 0 5 53
 0 92 3 0 12 0 0 0 16 0 0 0 0 0 0 0 88 0 0 0 0 0 60 1 22 0 0 15 8 19 0 0 63 0 0 32 0 0 0 0 52 3 0 0 35 19 0 34 36 12 0 0 66 0 0 0 0 5 19 0 4 56 0 81 0 0 0 5 0 3 6 0 0 42 0 78 0 0 0 0 4 0 49 46 0 46 57 93 4 0 0 15 17 1 0 4 25 0 0 84 40 0 62 0 0 3 0 30 0 15 28 0 0 63 66 0 43 0 53 5 26 0 0 20 1 0 12 33 0 0 15 8 0 84 5 0 45 39 24 0 27 0 63 0 0 27 0 22 0 44
 0 0 0 0 0 12 10 0 59 0 0 0 30 66 0 59 8 0 32 78 0 0 0 0 3 22 25 48 44 0 0 0 7 13 0 0 42 0 36 0 7 2 0 82 0 10 0 47 2 0 4 0 49 12 0 0 0 72 48 0 0 0 9 12 11 46 8 30 29 0 0 0 47 0 100 0 0 17 0 0 0 0 0 25 12 21 40 31 0 21 51 6 35 9 65 0 27 0 5 0 0 0 24 95 0 71 0 30 0 0 72 0 0 0 0 5 0 0 93 4 0 0 0 13 0 33 0 33 17 0 0 4 0 17 0 0 4 8 0 28 2 0 0 30 24 24 35 0 44 71
 0 22 0 0 16 0 0 0 13 0 3 14 51 0 0 63 0 0 32 55 73 86 0 0 71 0 91 0 0 34 80 18 60 18 59 0 0 0 0 65 28 11 0 0 27 38 11 0 28 0 0 0 0 0 13 0 89 0 41 37 31 5 77 0 0 70 36 0 15 0 0 3 50 0 1 59 0 0 26 25 0 60 49 21 0 0 39 0 49 0 0 54 0 7 0 8 0 17 0 9 0 3 26 0 76 0 0 0 0 0 0 0 29 0 0 48 15 48 74 27 0 3 65 90 64 0 11 0 0 9 0 36 0 0 0 24 0 0 21 37 0 0 51 0 0 0 17 63 53 0
 0 85 0 79 0 44 0 0 0 0 0 0 0 0 0 49 0 0 33 0 0 72 81 8 0 3 0 65 0 0 0 18 49 0 52 0 0 19 0 36 0 71 74 89 0 0 39 0 0 0 16 0 88 78 0 32 0 39 0 0 0 70 0 61 0 0 64 0 0 37 0 0 0 35 55 14 75 0 32 0 54 0 1 0 0 29 4 0 0 52 0 0 0 15 0 0 1 8 0 0 35 0 50 26 0 63 26 0 65 39 0 71 0 63 13 0 0 18 0 0 8 10 9 0 53 0 19 68 0 7 30 31 76 71 0 45 0 0 0 0 31 0 51 55 0 0 0 0 0 30
 0 0 38 7 0 0 31 0 41 42 2 0 0 87 0 0 31 78 34 0 73 0 52 0 48 16 12 0 59 44 0 0 3 60 0 8 57 0 4 12 36 0 10 21 40 18 0 0 28 14 0 3 11 35 15 0 4 0 0 19 0 0 63 0 6 0 0 0 28 1 5 23 5 37 0 17 74 22 3 34 0 0 15 0 0 0 0 0 0 8 0 0 0 58 0 26 0 29 0 10 12 0 26 25 0 0 0 92 0 0 0 35 48 35 0 0 0 79 61 82 0 40 44 59 36 11 73 39 0 63 0 49 0 0 0 27 0 0 0 11 0 21 0 23 0 25 0 8 17 0
 0 87 36 0 0 74 0 0 41 90 0 65 78 0 0 12 1 0 7 0 0 29 62 0 0 0 0 46 23 44 0 48 0 75 0 91 33 24 0 0 54 0 14 36 6 0 0 0 0 27 1 0 0 0 78 0 0 11 0 4 48 0 2 0 22 48 0 5 5 32 0 0 56 65 19 0 0 0 67 0 19 3 0 0 0 0 0 65 0 0 7 5 33 24 77 0 0 0 0 0 39 48 0 32 26 0 0 51 0 35 0 0 51 0 0 0 0 39 70 0 4 0 29 0 77 0 0 0 27 79 0 14 0 26 26 0 0 0 0 49 76 5 34 0 0 0 0 0 67 0
 35 0 0 0 18 5 0 0 7 0 15 0 0 0 0 0 0 27 0 0 0 0 10 1 0 0 85 0 0 0 23 0 12 0 76 25 46 70 30 10 58 40 0 5 64 0 0 0 35 0 0 30 0 48 2 0 0 0 65 0 0 0 19 70 0 40 38 0 7 0 0 6 0 55 18 0 44 0 22 92 41 26 0 88 0 0 42 37 18 17 8 62 67 0 77 0 38 66 42 40 0 25 0 0 64 0 0 0 0 0 0 0 35 66 0 3 79 0 0 0 77 0 0 0 81 0 23 62 0 78 0 30 58 0 61 47 30 0 0 0 0 21 0 0 15 35 17 0 78 0
 50 12 0 0 46 0 79 0 17 46 5 0 9 0 13 0 65 0 0 0 0 0 0 39 0 0 0 0 0 8 11 0 0 0 7 9 0 0 37 0 0 22 25 0 22 1 0 2 0 0 0 0 53 0 58 74 73 40 5 0 50 47 92 0 2 21 61 0 0 0 17 0 13 0 16 36 0 35 0 0 80 28 100 84 10 0 0 0 38 0 7 37 63 5 60 38 0 33 0 0 43 26 0 43 0 0 83 0 19 86 1 0 0 28 5 18 0 0 0 21 57 18 0 66 58 24 0 0 0 0 31 0 29 0 6 0 0 7 42 0 44 0 44 6 0 19 0 28 87 0
 20 0 28 0 32 0 0 66 13 2 0 83 0 0 0 6 4 3 52 13 20 0 0 0 3 0 0 69 53 0 0 0 0 41 0 0 6 0 0 0 35 34 35 0 0 13 0 29 32 6 0 44 0 0 0 18 13 75 66 19 40 85 91 0 58 0 0 0 16 28 0 56 13 17 14 0 32 42 0 0 0 49 6 0 22 0 0 27 0 49 39 0 0 0 0 71 2 0 0 0 3 29 31 0 0 0 5 0 0 0 22 0 21 0 0 27 64 0 19 0 0 1 12 0 0 0 47 0 0 8 31 0 52 25 0 0 0 0 71 0 0 54 33 0 36 30 0 3 0 0
 0 0 80 0 0 54 29 0 65 0 2 18 24 0 0 72 0 0 0 36 65 0 9 0 40 1 0 8 0 0 0 41 15 54 61 1 0 0 30 74 45 0 25 0 41 0 32 0 0 0 4 17 0 28 0 61 17 47 64 0 58 95 0 49 51 25 0 0 0 19 0 0 0 0 47 0 0 0 8 43 0 0 48 66 45 18 0 33 10 5 47 0 29 19 0 0 9 15 0 0 39 43 10 12 71 7 36 0 0 0 0 25 30 6 37 83 0 2 0 0 0 0 18 0 67 27 33 0 33 0 7 9 0 23 31 20 30 17 46 0 54 48 42 36 0 0 39 21 10 4
 0 0 0 0 58 0 65 81 62 11 35 50 0 0 0 7 0 0 11 0 39 0 0 0 0 4 25 7 0 50 82 0 0 23 0 2 75 4 5 24 0 0 0 47 57 0 13 0 19 0 41 36 0 0 47 0 0 41 0 0 0 0 14 22 0 10 15 24 28 13 0 0 16 0 0 0 42 23 11 0 0 58 0 98 14 0 1 0 0 0 0 54 48 0 0 0 0 0 75 47 59 0 16 0 36 0 44 0 0 0 16 0 0 0 0 0 0 9 0 0 21 51 0 0 0 0 0 0 43 24 0 63 91 0 55 0 0 0 10 12 69 0 0 1 0 23 0 0 0 18
 82 16 0 2 21 61 54 47 0 85 7 0 59 24 70 0 8 0 56 99 8 0 0 7 20 61 24 8 70 0 16 0 74 64 51 3 80 64 75 19 27 10 0 0 0 0 0 2 0 0 0 41 0 0 0 61 44 60 49 0 0 0 5 7 56 0 59 56 19 0 1 34 4 62 0 48 47 38 17 42 0 0 0 0 74 0 5 0 0 0 47 0 0 0 45 12 0 0 8 32 0 59 0 69 58 12 53 0 0 12 0 17 14 19 0 43 0 0 3 15 3 0 0 29 0 34 3 0 31 0 0 0 0 0 0 77 11 0 58 0 0 0 81 0 22 0 1 0 0 61
 26 70 0 36 20 0 0 52 46 48 42 0 0 0 0 16 35 0 0 78 0 8 0 0 0 15 0 0 29 0 0 0 0 79 0 0 0 0 0 82 45 23 4 6 0 0 5 0 0 40 58 52 0 24 73 35 0 0 0 9 0 42 0 10 0 0 8 0 0 0 61 0 9 0 0 52 0 17 9 8 63 14 0 74 42 39 6 0 18 50 0 8 20 14 67 0 70 0 0 0 64 0 36 30 0 51 34 0 0 0 0 12 46 20 10 0 0 76 0 0 0 78 0 0 40 54 43 57 0 0 66 18 6 0 0 0 0 0 14 44 48 9 0 0 57 46 36 0 16 0
 21 0 13 0 36 0 0 31 0 0 15 0 0 11 62 17 0 27 56 0 29 0 0 21 0 0 27 45 62 0 82 0 10 0 0 0 33 0 26 0 0 49 0 0 56 45 0 30 0 0 0 5 25 0 75 0 0 12 22 10 64 0 0 0 0 0 1 0 0 0 2 0 14 0 0 0 0 11 0 0 41 14 9 0 0 0 22 0 0 0 0 11 0 44 22 0 19 14 0 29 0 0 0 0 0 57 25 33 0 0 0 35 0 29 0 0 13 0 36 0 0 0 39 9 14 0 36 0 0 0 0 40 54 0 92 0 0 18 8 0 59 13 0 0 16 0 11 81 0 13
 0 1 0 0 59 0 0 55 0 0 78 27 18 52 10 0 0 0 7 0 0 44 0 0 0 54 0 0 19 0 20 0 0 26 19 0 73 0 0 0 0 0 0 0 0 0 60 39 0 0 0 55 45 0 29 0 0 0 0 1 0 2 4 0 0 35 0 21 61 73 12 0 0 0 0 27 47 43 0 0 42 0 0 8 7 2 66 94 0 0 0 58 7 12 10 0 0 0 0 0 10 0 15 78 2 0 0 0 29 66 29 0 0 10 0 0 0 0 27 9 0 37 0 0 8 0 0 0 38 0 0 0 36 0 0 0 0 13 56 29 0 20 0 43 20 0 0 48 0 35
 0 5 11 0 0 18 0 0 51 19 27 38 78 0 51 0 0 0 0 23 8 0 0 0 0 13 50 10 69 0 11 63 0 37 68 0 0 0 0 68 63 0 0 0 0 72 9 0 0 48 14 0 0 0 0 31 0 71 0 20 24 14 43 39 8 0 10 52 0 0 8 3 16 0 16 0 15 18 9 0 0 8 0 17 80 0 27 84 95 2 0 0 12 37 0 0 0 0 3 0 0 11 0 0 75 0 0 6 0 4 59 28 50 13 20 11 0 23 47 15 0 18 0 0 0 59 0 48 70 0 52 0 32 3 16 0 0 0 47 36 0 0 36 2 27 0 0 0 0 15
 0 72 0 20 0 0 0 0 80 16 0 0 0 4 0 0 0 22 0 1 0 0 0 22 51 5 0 6 0 0 0 0 13 0 0 7 0 0 0 52 7 42 25 11 37 0 20 53 0 0 50 0 0 61 67 28 27 50 63 0 0 0 0 53 71 55 0 0 0 19 0 26 0 11 0 51 0 0 14 0 36 0 0 44 68 0 8 8 0 44 0 0 0 0 0 12 47 0 5 31 0 0 57 46 0 34 6 47 0 0 0 10 0 12 54 40 23 68 0 0 31 0 0 0 31 16 11 0 0 48 0 12 9 10 0 0 0 54 0 29 0 0 34 7 0 17 0 16 38 0
 0 0 26 55 7 22 0 0 24 39 28 0 0 0 23 0 0 0 0 50 63 0 0 55 2 0 0 0 31 29 0 18 17 20 0 0 15 72 0 0 54 28 52 18 21 73 0 46 0 36 0 60 0 47 5 5 0 0 43 72 0 0 0 64 0 0 47 0 47 22 59 0 11 11 0 31 17 30 0 0 0 0 0 41 0 59 36 12 78 63 100 42 0 0 67 24 11 25 0 0 32 61 7 39 65 9 36 0 0 0 0 0 0 0 57 0 0 0 0 0 69 7 32 0 31 19 0 0 7 0 0 40 0 0 6 0 2 0 19 0 4 5 0 24 0 0 0 0 0 0
 0 0 0 0 60 49 84 0 0 21 50 6 0 32 0 0 0 0 0 0 0 0 33 50 28 7 0 0 0 12 0 32 45 0 34 16 22 35 0 0 52 40 61 0 42 0 0 0 0 0 0 25 69 0 0 0 0 16 0 0 0 21 51 48 11 0 0 35 7 0 0 40 0 0 0 0 22 46 0 0 0 9 19 0 62 0 0 0 3 50 0 12 0 0 4 0 0 0 0 0 5 0 12 0 23 27 0 6 26 0 28 0 14 35 40 80 0 20 0 11 0 0 70 10 41 31 73 0 46 56 28 0 72 0 11 0 74 3 0 39 6 0 0 2 10 11 2 4 9 35
 33 0 0 0 0 46 88 46 0 61 0 0 54 0 20 66 63 3 0 0 0 0 3 39 2 7 61 0 0 0 52 0 30 37 29 0 46 0 0 23 0 0 93 0 0 0 0 24 0 6 4 0 29 85 0 0 0 0 46 10 16 0 0 1 10 32 0 0 0 0 38 0 52 0 0 22 65 26 0 0 0 17 0 0 76 0 26 0 0 52 6 10 91 65 0 12 31 0 36 0 0 97 0 25 2 0 73 0 4 0 24 16 18 0 0 0 62 59 15 0 0 0 22 0 0 0 38 29 0 0 0 53 0 19 0 19 0 0 50 16 1 1 0 48 71 25 0 0 52 0
 0 0 0 46 0 12 0 41 0 0 0 57 0 70 0 55 48 10 68 37 0 0 3 0 1 0 49 0 26 0 0 33 12 57 0 0 26 0 0 76 59 0 26 63 66 0 0 0 0 0 5 16 47 11 4 0 0 12 0 12 0 0 0 25 0 47 34 0 0 0 68 0 46 0 0 0 0 0 0 77 0 50 0 20 5 0 0 0 0 66 66 9 0 93 0 0 68 92 0 5 16 40 0 0 0 12 13 31 21 0 0 64 0 0 0 52 23 12 0 30 32 87 0 35 64 45 0 0 93 14 0 0 48 49 0 0 0 0 0 49 20 4 0 52 50 21 0 64 72 53
 0 0 37 56 0 0 0 0 19 0 0 0 19 38 26 7 0 38 0 0 54 38 0 83 0 0 0 32 62 0 49 17 0 0 0 0 0 0 22 0 82 23 35 0 19 20 0 0 0 0 0 0 0 47 18 7 35 28 16 0 2 0 29 10 66 0 0 11 0 0 66 0 0 12 0 50 8 45 0 0 0 71 7 5 0 0 0 0 8 62 0 0 82 3 37 26 0 58 16 0 0 0 0 0 32 43 61 0 0 0 0 3 13 12 0 0 66 1 55 0 56 0 0 0 52 0 0 42 0 0 31 0 13 0 21 32 30 0 0 28 0 0 20 58 33 0 85 0 20 85
 46 5 49 0 26 0 0 40 0 4 44 1 16 0 8 28 0 0 0 29 62 43 0 0 0 0 42 35 0 18 0 66 58 49 0 0 35 0 0 0 0 79 5 0 54 0 0 0 0 0 29 0 0 15 22 0 1 49 0 0 6 0 0 4 0 48 0 0 0 0 41 0 0 0 56 0 2 0 7 12 0 0 5 9 0 49 6 28 28 0 0 21 0 45 0 47 0 3 23 63 0 0 0 0 0 0 0 16 43 15 23 2 26 74 23 0 4 0 55 0 13 3 0 12 0 0 37 54 0 50 50 0 0 0 47 6 62 74 0 3 52 0 19 16 0 0 0 47 14 0
 38 0 37 0 0 0 69 33 0 41 0 15 0 14 0 0 0 0 0 0 0 21 3 56 0 0 0 24 93 82 0 34 7 5 0 44 47 71 23 0 6 0 54 0 1 0 0 0 0 40 0 25 62 12 0 20 0 31 25 0 22 17 0 1 53 32 0 0 27 34 0 0 28 0 0 25 0 35 41 0 68 0 0 0 39 0 0 28 2 0 0 32 0 0 36 15 93 54 71 75 73 97 16 22 78 0 54 0 0 8 0 0 9 0 58 58 28 0 0 0 0 17 0 0 0 13 14 36 3 0 7 10 31 0 68 61 0 0 7 58 0 0 0 0 0 0 1 40 14 6
 0 44 0 0 55 17 75 20 22 71 33 0 21 7 0 12 0 0 0 0 83 34 0 0 52 0 9 0 0 51 0 0 30 0 0 43 0 78 68 44 62 45 0 0 0 20 5 0 8 0 24 0 18 46 0 0 23 0 51 0 90 0 64 0 0 9 0 0 8 25 23 34 9 19 33 0 0 0 3 0 0 12 0 13 22 23 0 14 4 41 0 17 2 0 0 0 0 31 0 0 0 19 0 0 7 0 0 0 0 0 0 17 0 0 46 0 0 26 28 0 8 0 0 0 51 19 0 0 0 18 59 21 0 7 0 0 67 0 0 70 0 29 0 0 48 0 2 47 14 0
 37 0 24 3 33 48 48 1 5 0 0 38 0 14 0 0 30 0 14 7 0 1 59 0 0 23 29 5 32 0 0 0 0 0 0 16 0 0 0 0 0 0 0 0 0 0 0 0 0 0 50 4 0 0 10 96 18 80 23 43 0 16 0 0 0 0 27 30 0 0 31 0 0 14 0 20 15 24 6 0 16 13 61 0 0 59 57 62 0 0 53 47 0 86 0 0 0 43 7 0 68 0 28 0 0 19 61 0 0 0 4 69 0 0 0 0 74 0 0 41 0 0 59 0 38 6 5 0 67 0 0 0 68 0 0 8 23 0 62 12 0 19 0 0 3 18 22 91 74 0
 34 24 0 44 3 0 0 9 24 41 0 32 8 30 87 3 48 0 41 0 5 0 0 27 0 0 0 0 0 0 25 0 0 0 0 22 26 55 77 0 18 0 29 79 0 0 0 0 0 4 0 19 66 0 74 0 40 0 6 42 19 39 27 9 66 10 0 0 13 39 65 54 0 0 4 0 17 0 29 0 30 59 84 0 0 71 0 56 6 0 47 58 41 0 85 0 0 25 76 3 0 0 29 76 4 11 0 22 0 58 0 0 0 48 0 3 0 64 41 23 41 86 0 83 3 7 6 0 37 0 0 4 47 72 10 39 0 0 0 0 48 71 72 0 0 0 0 0 60 0
 53 0 0 47 25 34 0 0 0 0 0 0 0 0 0 0 81 61 49 0 91 76 0 0 0 0 31 88 0 0 34 20 15 0 0 69 44 0 22 5 13 0 13 0 0 44 22 33 0 0 0 0 17 82 8 0 28 18 90 60 94 0 0 0 0 14 5 0 61 0 8 10 0 0 27 34 0 0 0 26 0 0 0 0 8 0 2 0 0 36 0 0 80 0 35 56 0 2 0 44 24 12 15 33 24 3 0 0 58 0 46 0 9 0 0 0 0 0 17 21 0 0 0 0 0 56 28 44 87 80 38 34 28 0 0 0 52 0 13 25 13 0 0 24 33 0 0 0 21 0
 0 0 0 22 85 4 0 0 23 33 0 70 0 11 32 32 15 17 8 74 5 0 52 0 0 0 0 0 0 0 11 52 10 63 24 57 0 38 35 19 0 0 29 0 7 0 30 43 59 0 0 0 0 26 27 0 19 0 48 0 13 0 78 0 16 0 16 0 0 29 0 12 0 62 64 0 3 32 0 0 0 0 0 15 0 28 33 7 0 35 0 83 0 0 8 60 0 0 46 49 0 45 0 0 0 0 0 3 34 0 0 38 18 1 4 17 47 0 13 0 0 0 0 0 0 19 16 0 0 19 1 0 0 18 0 0 85 0 4 0 0 0 0 0 0 0 0 10 0 19
 3 0 0 22 0 0 10 14 0 25 0 0 0 0 10 85 0 32 0 0 25 38 18 0 3 0 24 0 0 0 0 2 0 0 0 5 43 68 0 0 0 0 69 0 15 0 0 0 0 16 57 0 10 0 87 60 0 0 40 0 0 0 69 55 22 0 18 50 0 0 0 0 0 0 0 0 0 0 0 4 20 0 0 0 9 0 19 0 53 0 0 0 24 24 34 34 0 66 0 0 0 47 55 0 0 19 37 33 18 18 0 31 47 0 0 0 0 0 0 66 0 0 0 0 79 17 32 2 28 34 0 58 70 0 0 0 51 0 0 24 27 0 0 0 38 0 3 0 50 0
 2 0 4 45 27 0 0 0 32 37 0 91 0 0 5 0 0 32 42 0 0 0 42 0 0 25 0 0 0 0 40 58 0 0 0 8 7 8 21 0 0 0 9 12 0 0 79 0 0 0 39 0 0 24 41 40 22 0 91 0 45 8 54 0 0 12 0 30 8 2 5 23 8 10 0 31 0 0 0 66 0 41 0 52 0 0 41 0 3 0 0 14 0 42 54 12 0 39 13 0 0 6 45 71 66 0 0 0 0 0 0 0 52 26 30 0 22 0 22 42 20 0 0 0 21 0 66 86 0 0 10 31 0 14 0 0 38 0 0 66 0 0 25 0 21 0 55 0 0 15
 16 29 57 0 71 0 73 0 0 0 3 0 66 13 16 0 0 0 23 32 15 5 68 0 0 0 27 24 4 0 0 0 0 0 0 18 39 0 10 46 34 0 0 0 31 0 0 0 54 0 88 0 45 0 10 0 0 0 43 46 0 0 9 3 0 10 18 0 52 10 70 0 0 28 35 0 47 74 0 0 3 71 0 0 0 24 2 0 0 16 0 0 0 85 0 38 0 0 67 0 0 55 32 0 6 37 50 19 0 0 27 27 0 4 13 0 46 42 16 0 0 5 6 49 35 0 49 0 56 1 16 17 10 0 0 0 0 23 0 0 0 2 0 80 0 2 70 0 63 41
 5 0 0 16 34 0 0 55 17 0 0 58 1 59 42 41 16 0 8 60 0 0 0 0 0 0 0 0 58 11 0 0 0 0 12 31 18 0 0 0 0 22 0 0 0 0 0 62 0 0 27 0 0 0 0 15 0 14 0 25 0 52 0 0 0 0 0 47 0 30 0 17 0 0 0 29 0 41 18 3 80 13 0 32 0 0 0 48 34 0 0 0 32 0 0 8 39 37 0 0 0 42 0 42 0 38 35 21 0 31 65 17 14 80 48 39 36 15 34 0 27 68 0 0 38 47 0 0 0 0 0 43 0 29 0 0 55 0 52 0 0 22 0 7 63 0 0 47 0 0
 16 0 0 3 16 16 70 35 72 21 0 58 98 28 0 0 10 13 0 35 0 0 0 0 17 0 34 0 0 52 0 0 54 15 4 69 0 0 15 0 8 0 0 41 0 22 32 0 1 7 0 0 0 0 0 46 0 0 13 1 0 0 0 32 0 0 0 49 24 18 3 0 38 47 4 12 0 3 65 33 0 0 0 0 0 0 0 35 71 0 0 54 0 0 0 3 0 32 0 16 75 32 0 4 0 0 67 0 73 76 0 11 46 40 7 0 61 61 0 1 0 0 0 0 16 0 2 58 59 0 0 32 16 0 0 6 39 16 0 0 0 33 0 84 0 34 0 31 0 13
 16 0 0 40 0 0 0 0 43 0 69 0 0 31 73 0 0 0 0 8 15 0 55 0 0 36 0 37 10 0 38 0 54 30 0 28 0 0 0 0 29 39 26 9 0 0 0 43 0 32 51 0 58 10 32 0 0 1 57 0 0 44 0 35 0 53 38 0 6 0 5 0 0 0 0 48 33 0 0 13 7 32 19 62 19 69 0 32 0 0 70 0 43 0 34 0 76 9 51 0 32 0 0 83 0 0 32 65 54 0 3 73 0 0 0 69 0 0 43 13 0 0 1 0 63 16 72 25 20 51 80 0 22 13 66 0 29 33 2 25 0 83 0 0 0 23 31 9 68 58
 6 0 2 13 0 0 16 74 0 11 24 11 83 0 38 0 28 8 21 28 35 0 0 0 0 43 0 30 35 0 91 0 0 0 0 0 0 40 74 77 0 21 1 0 0 1 0 6 29 4 30 0 0 9 2 0 0 13 41 29 2 35 0 73 0 0 0 33 46 0 0 0 59 4 77 27 0 45 17 21 0 3 75 55 70 67 43 0 4 11 26 0 0 0 90 0 52 48 17 11 0 0 0 6 45 14 0 0 89 0 0 10 55 0 0 0 0 44 0 0 48 0 0 4 0 11 0 56 0 0 20 84 0 57 0 3 4 72 13 0 0 0 45 2 18 0 0 0 0 0
 0 0 22 0 39 0 35 0 0 30 0 39 0 47 16 4 3 0 25 0 0 11 0 6 20 28 17 28 26 47 0 43 0 12 0 0 0 77 6 39 69 8 32 74 0 0 0 0 28 0 0 8 0 0 0 21 37 0 10 20 0 37 0 44 0 0 0 45 53 0 39 0 48 0 44 2 0 65 0 47 0 68 4 74 0 19 4 0 0 12 21 28 16 4 29 0 0 3 26 0 1 30 0 17 33 0 0 1 76 99 0 68 0 0 60 0 0 0 64 0 0 23 0 0 0 0 0 0 0 0 18 16 0 46 0 81 7 0 4 7 16 0 74 51 0 0 29 74 24 0
 0 0 40 0 0 8 0 41 37 0 69 0 31 0 22 0 35 31 12 89 0 31 28 83 5 0 24 0 0 21 0 0 0 0 23 0 3 77 0 0 49 0 0 0 57 0 0 30 64 56 0 17 0 0 19 0 26 65 0 12 0 22 0 55 0 0 24 92 0 22 6 0 7 0 0 84 53 17 42 26 0 0 8 0 91 3 13 0 0 69 3 0 0 4 19 0 22 6 0 3 0 26 27 31 0 0 36 0 5 16 92 0 0 60 0 0 26 0 0 43 48 0 0 0 46 0 14 52 0 0 20 7 0 33 0 7 0 0 0 0 43 37 0 0 48 3 62 0 0 0
 0 0 16 0 36 0 0 67 59 0 0 0 18 0 0 49 24 18 0 20 21 0 0 2 48 0 39 0 0 12 0 1 18 0 94 0 0 66 0 0 0 0 39 0 29 13 0 17 0 0 1 0 0 22 33 53 52 24 0 59 0 17 64 0 10 30 32 37 0 22 87 0 44 53 66 13 0 0 3 3 16 4 0 18 0 0 0 22 0 0 14 0 0 0 0 0 45 0 0 9 56 0 0 51 0 0 0 0 0 0 6 69 8 0 8 78 0 59 14 0 0 20 20 0 0 0 43 20 0 8 31 0 0 0 0 0 0 0 0 0 0 87 29 0 8 0 0 0 3 2
 28 0 49 83 32 0 0 0 12 2 0 0 9 0 0 5 16 0 0 70 0 0 24 0 79 0 0 17 0 8 2 0 0 0 0 2 22 0 0 0 2 2 0 0 8 0 8 32 10 19 79 14 0 17 0 0 8 28 48 0 62 20 56 0 7 55 26 48 34 0 0 0 0 37 34 0 86 0 0 0 3 0 0 2 0 0 21 21 0 71 64 0 0 35 0 0 0 10 8 6 0 0 0 0 89 0 0 30 0 21 52 0 46 0 0 0 0 10 0 27 9 39 0 0 0 0 8 0 0 0 0 0 0 0 0 21 0 0 0 0 0 31 0 11 9 0 0 7 0 74
 24 5 57 41 0 52 75 8 0 0 47 42 17 0 0 0 11 93 0 0 2 32 0 0 0 40 48 0 0 0 0 2 0 36 0 12 0 37 0 0 14 0 12 12 0 8 0 64 61 35 0 0 50 0 10 0 67 0 32 19 0 0 0 0 0 68 0 39 41 0 30 0 46 0 31 17 0 0 7 0 0 18 0 46 0 0 0 0 0 0 28 0 24 25 0 0 51 79 11 0 68 0 12 0 0 0 0 7 2 74 0 29 16 89 0 17 0 26 39 14 0 0 76 0 0 46 80 4 0 0 7 0 0 39 0 0 50 0 62 56 64 46 15 0 22 44 35 0 0 29
 0 0 0 4 18 20 0 50 0 0 0 71 27 0 11 22 0 23 45 37 0 38 41 0 78 0 0 24 0 0 78 0 0 0 0 6 30 0 46 33 0 0 3 41 0 0 34 12 0 0 0 0 0 16 0 0 0 15 0 0 28 7 8 15 0 65 0 11 0 6 0 18 1 0 68 49 0 16 7 55 0 49 0 25 43 0 0 69 0 0 0 0 20 2 10 0 0 0 17 11 17 0 13 0 0 0 0 30 66 0 35 0 30 57 25 22 23 30 1 0 0 23 21 31 0 59 77 58 0 0 49 2 39 0 22 0 4 0 29 0 0 68 26 25 0 0 0 0 0 49
 5 0 0 0 0 10 68 0 0 0 0 0 0 47 71 0 68 27 0 24 0 8 4 37 0 0 0 0 0 0 30 0 27 6 0 0 59 0 0 6 34 0 73 3 0 64 1 0 69 50 0 0 0 2 31 0 0 16 50 0 0 6 0 41 41 0 0 0 26 0 14 29 2 65 0 0 41 49 29 0 0 0 0 12 0 44 65 38 0 0 48 0 53 0 41 78 0 68 17 0 49 0 37 81 2 0 13 0 27 16 2 0 34 0 0 91 12 0 0 0 50 58 69 0 36 0 21 0 0 35 0 1 43 0 27 0 45 0 0 0 62 0 35 0 36 62 0 0 0 0
 0 22 0 0 0 49 0 0 0 0 46 0 0 0 0 0 26 8 0 65 32 23 0 0 73 0 0 0 29 61 0 74 54 0 42 35 0 0 76 0 0 3 38 0 0 38 8 0 14 0 0 48 13 54 66 0 79 62 53 0 11 0 0 6 0 83 0 0 0 70 63 0 37 0 2 0 5 66 58 0 21 0 19 18 4 36 0 9 29 0 19 59 0 0 0 0 0 9 0 81 17 0 19 0 0 0 0 91 76 36 0 72 34 58 0 0 48 0 22 0 37 22 7 9 23 27 0 70 0 0 43 0 50 2 48 36 13 89 3 63 0 55 47 2 51 0 2 11 0 1
 6 20 1 8 0 0 12 0 46 0 37 0 28 0 5 59 30 14 38 0 29 41 0 0 0 0 0 33 9 0 17 5 23 0 0 0 9 64 0 92 0 0 53 37 27 21 16 0 7 0 0 0 25 0 75 0 0 38 27 65 0 0 0 17 0 32 44 0 0 15 0 0 29 66 79 0 0 0 0 4 21 46 0 0 0 0 17 55 0 0 63 0 0 0 0 36 15 0 22 0 10 7 33 79 0 0 0 1 0 34 9 0 0 0 0 41 33 62 29 0 0 7 0 0 0 34 27 90 57 7 0 74 4 0 0 0 9 0 63 0 44 0 11 0 24 2 10 0 31 0
 0 0 0 25 0 56 58 2 0 2 23 49 0 0 0 0 0 76 10 0 0 0 15 0 56 0 0 0 8 16 23 0 24 0 0 0 43 1 0 60 0 25 88 12 12 11 38 23 70 64 32 74 0 0 0 38 0 39 0 0 0 0 20 0 31 0 0 47 74 48 0 25 0 0 0 0 39 0 0 16 3 0 37 70 0 15 0 0 0 2 32 34 0 37 0 0 34 0 46 0 0 0 2 0 0 0 22 0 66 0 49 0 0 0 0 71 0 0 61 51 0 0 0 0 35 3 0 0 25 13 20 20 32 25 43 48 23 15 0 0 10 89 0 0 0 42 0 0 53 0
 42 10 0 0 29 0 0 0 4 22 0 57 0 0 0 0 0 69 29 0 0 10 0 34 0 15 63 65 0 0 36 0 81 0 0 0 0 34 33 0 0 0 70 0 66 4 0 0 0 24 4 0 3 0 0 0 77 0 18 0 9 6 0 94 0 0 29 40 40 22 0 0 0 0 0 0 1 0 29 36 0 61 57 4 0 8 18 0 0 48 1 0 16 0 33 65 29 2 0 0 0 15 0 0 19 37 0 0 28 61 0 49 0 0 40 20 46 37 0 72 0 0 86 0 32 0 64 0 0 6 0 6 0 0 12 10 0 37 18 60 33 0 2 6 0 0 0 19 67 68
 0 86 0 0 49 0 4 0 0 66 28 0 9 0 2 0 0 0 43 0 0 42 4 0 0 36 0 38 0 0 4 0 0 0 5 0 5 56 49 0 46 38 0 0 0 0 50 41 0 51 7 11 0 53 14 0 0 17 0 0 37 0 0 29 37 0 0 37 0 8 0 0 0 0 61 44 0 50 0 0 0 28 20 0 0 6 22 79 54 0 0 35 69 0 0 0 49 0 67 0 11 34 41 0 2 0 71 60 0 66 0 40 0 65 73 0 0 81 20 35 74 65 0 0 36 49 0 30 19 0 32 0 0 46 79 0 0 0 26 0 0 0 26 0 0 6 49 12 24 0
 82 0 46 39 17 9 9 0 5 0 0 61 21 6 0 0 0 19 0 40 0 0 0 0 30 0 60 0 29 17 50 55 0 0 0 35 56 73 0 73 0 60 39 0 70 51 34 26 0 0 38 30 0 0 16 0 0 35 0 9 0 0 0 56 0 9 66 0 35 0 0 0 16 74 21 0 0 0 41 33 0 0 22 0 82 0 17 0 0 13 0 89 18 0 1 0 0 41 10 0 7 35 23 3 0 0 50 75 80 0 74 0 0 12 0 0 0 0 20 46 0 31 47 0 13 0 0 38 0 0 0 3 0 24 63 31 12 19 8 3 32 0 31 0 22 0 0 0 43 0
 0 26 18 0 66 0 0 53 0 0 0 66 9 37 0 0 81 0 0 13 0 0 0 0 4 0 20 6 31 0 0 0 0 0 0 27 0 22 0 0 0 16 56 0 0 0 0 0 11 0 0 60 0 21 0 4 0 16 5 0 0 0 10 0 23 0 0 0 0 71 0 0 46 9 18 0 0 0 0 23 93 0 0 12 14 50 0 51 63 47 0 0 0 14 32 3 29 53 0 2 17 9 17 52 0 41 39 0 1 51 24 0 16 0 0 0 0 18 77 0 38 0 0 20 0 0 0 0 2 0 9 45 24 0 47 41 0 16 25 0 50 0 17 0 0 72 0 3 64 0
 0 0 0 26 0 0 0 21 0 0 5 79 0 15 0 29 57 68 16 0 39 44 0 96 23 47 0 0 0 0 0 0 99 0 51 0 0 0 0 0 55 62 1 0 0 0 0 0 0 0 39 0 0 0 42 3 66 67 0 37 43 0 0 0 0 0 59 0 35 0 4 84 28 0 0 0 54 0 79 3 0 68 4 41 0 76 0 29 13 1 43 0 10 0 20 0 47 36 11 0 11 8 68 3 0 91 14 7 0 9 14 4 4 26 0 67 0 62 36 17 3 31 0 0 39 0 4 0 5 62 78 74 92 28 0 20 0 45 0 0 41 0 79 38 0 57 0 22 27 0
 82 0 0 26 29 15 9 0 90 69 0 31 0 92 37 5 0 59 5 35 0 3 87 15 0 0 0 43 26 17 16 0 0 0 45 0 0 52 0 0 0 46 6 0 0 0 0 54 0 12 0 40 45 6 96 54 42 0 11 67 21 69 0 0 8 57 17 0 0 0 0 0 0 0 8 0 0 0 0 0 0 13 0 36 50 0 0 0 2 0 0 0 25 0 0 68 29 0 0 0 62 27 0 0 0 0 0 0 62 20 0 19 44 11 7 0 0 24 0 0 0 0 42 0 5 0 0 0 39 0 0 10 0 0 66 0 81 0 0 63 0 0 5 43 30 0 29 0 26 29
 0 14 0 0 0 7 0 0 0 3 0 31 13 1 1 0 41 64 0 0 63 0 96 36 0 50 0 0 4 26 47 0 56 0 2 29 52 80 1 0 0 17 0 0 0 0 0 0 8 0 0 38 0 70 0 15 0 15 0 10 0 0 0 3 0 0 30 0 32 0 80 37 0 46 0 43 18 0 19 34 0 45 0 6 0 0 60 51 0 0 0 0 78 0 39 94 0 0 0 0 0 0 0 65 67 0 9 0 0 4 19 25 17 0 0 18 0 0 0 44 0 10 23 68 20 12 0 58 9 19 19 0 62 65 71 13 40 79 74 0 0 16 38 0 66 0 59 14 0 21
 84 20 0 6 0 0 0 7 0 0 0 0 62 0 0 72 0 54 16 0 0 0 28 4 0 42 0 47 2 23 0 0 0 42 0 19 27 0 58 0 10 0 0 12 2 35 8 0 0 88 0 0 18 0 0 0 0 0 83 45 6 0 0 0 0 0 4 47 0 0 47 28 0 0 39 0 0 0 21 0 28 0 0 55 0 0 0 10 16 0 0 0 0 45 17 0 0 5 0 0 0 0 0 0 0 10 0 0 42 91 0 0 0 0 0 0 81 0 14 0 57 5 15 0 20 38 24 0 0 25 21 65 34 32 15 48 21 0 34 0 0 5 31 0 17 0 59 36 0 0
 0 0 0 17 48 0 14 0 18 62 4 0 0 11 12 72 0 61 37 0 11 0 0 0 0 14 0 23 0 0 15 54 0 93 0 41 0 0 16 0 14 15 32 0 78 0 0 0 26 0 0 0 57 42 25 0 0 0 0 0 59 0 3 53 0 61 29 0 12 0 17 53 0 0 0 27 0 0 42 0 36 58 52 7 70 0 23 47 0 24 12 5 0 25 0 0 0 11 39 8 0 30 0 0 59 52 0 0 0 63 0 0 47 0 0 17 0 0 9 2 0 0 40 73 27 0 55 12 0 0 0 62 8 0 61 22 47 0 43 0 27 17 7 0 0 57 23 0 86 0
 0 59 0 0 0 7 0 0 0 0 22 1 32 27 0 49 0 31 27 0 56 0 0 0 0 0 26 0 20 15 0 0 0 0 25 14 47 0 0 0 19 35 44 33 7 0 11 0 30 0 0 0 43 0 13 3 0 10 0 0 77 0 32 41 97 0 8 0 81 51 22 0 0 10 0 13 28 54 0 65 89 18 0 0 0 7 24 0 0 25 0 0 14 0 35 16 0 36 0 0 0 64 0 18 0 5 0 0 5 1 18 5 70 12 41 11 33 0 0 32 0 14 0 0 0 0 28 18 84 17 15 0 0 0 0 64 17 0 0 0 0 0 0 0 1 0 0 9 0 0
 55 0 0 0 0 46 0 42 66 57 0 9 0 31 66 25 0 0 65 1 0 0 6 0 0 9 0 17 0 55 0 15 31 0 0 0 0 0 43 28 0 0 41 0 25 17 21 0 0 14 0 45 70 0 9 0 0 0 0 0 0 0 44 0 0 0 37 6 0 0 0 5 15 33 11 0 0 0 0 0 8 0 65 0 16 19 60 2 69 0 0 0 40 0 12 0 7 0 29 6 0 0 0 32 0 61 59 0 1 61 49 0 1 7 24 0 33 0 0 0 42 26 61 0 72 0 0 36 0 22 0 15 14 0 8 38 0 37 0 45 0 0 0 67 0 57 0 0 40 0
 0 0 0 58 38 25 37 56 0 0 15 0 0 0 0 4 8 15 0 0 0 31 40 0 0 0 52 68 35 70 0 1 0 19 0 0 15 13 0 51 0 0 0 53 0 22 1 25 0 0 2 0 5 71 2 50 35 0 0 7 53 32 59 0 0 0 3 84 0 18 0 0 0 0 12 39 0 32 15 86 0 0 0 25 18 0 73 59 0 47 50 0 24 3 0 0 0 0 14 20 0 0 12 0 0 37 58 0 0 0 0 0 49 0 0 21 0 68 0 41 0 27 0 0 77 0 0 66 0 5 78 0 0 0 62 21 0 0 24 0 41 0 30 1 78 0 0 0 4 0
 9 0 0 0 62 67 0 24 0 0 23 0 17 28 0 0 14 0 0 0 0 0 0 16 3 0 0 51 55 0 0 0 0 23 36 6 0 0 24 30 16 0 0 52 0 0 0 0 73 23 37 0 73 0 0 0 0 0 0 0 0 0 1 0 17 12 0 76 10 5 0 79 0 0 0 0 0 0 0 0 13 12 0 0 64 0 0 37 8 0 0 17 0 28 73 11 0 0 68 0 0 57 0 0 0 0 0 62 0 0 0 38 12 51 0 0 0 0 0 0 26 0 0 0 0 0 0 0 65 0 74 15 10 11 35 0 34 0 0 43 29 95 0 37 0 2 3 49 69 44
 16 0 34 3 0 0 0 0 11 11 10 0 0 0 61 7 0 27 0 11 0 0 0 0 1 64 32 0 0 32 8 0 0 0 36 0 0 5 56 0 0 0 30 38 0 0 0 11 6 46 19 0 77 0 56 0 0 0 0 0 63 13 0 0 0 20 0 0 0 14 15 22 0 48 11 1 0 36 55 0 0 0 60 0 39 0 0 0 0 0 15 0 49 0 0 15 0 73 0 0 0 14 0 30 0 58 0 0 44 68 6 4 38 29 0 0 0 0 0 30 1 63 0 0 26 0 0 0 11 0 54 0 0 0 0 1 30 0 0 0 84 22 18 0 4 5 0 0 18 0
 0 68 0 26 3 11 0 0 37 0 0 0 0 78 43 74 0 0 0 2 4 0 39 23 18 0 33 36 86 0 0 0 0 15 33 87 38 73 0 24 0 0 0 0 0 14 0 0 62 0 84 0 67 5 0 0 0 83 56 9 0 0 0 64 0 0 0 0 17 0 12 0 0 0 0 2 0 22 0 7 92 0 0 3 38 82 70 5 0 0 9 46 0 0 8 28 32 0 15 0 69 0 4 0 49 0 76 0 0 0 0 28 6 0 74 31 0 10 0 64 0 0 100 0 22 0 0 5 14 48 34 0 32 54 79 56 55 5 58 19 20 40 40 52 0 0 23 0 82 10
 0 46 20 25 97 0 0 32 35 0 0 0 61 8 21 18 0 0 0 16 18 2 30 1 0 0 88 0 63 22 15 0 0 0 0 9 0 17 2 1 27 88 0 23 1 56 0 0 0 19 32 17 0 36 26 0 28 27 85 54 83 23 0 0 0 0 0 0 35 0 0 50 0 0 8 1 15 39 0 0 0 55 0 0 2 13 0 71 0 8 0 0 12 11 0 0 0 22 25 0 50 78 13 34 9 14 12 0 9 25 11 21 12 78 0 0 0 24 0 0 0 0 0 47 0 0 0 0 0 0 0 0 4 0 15 0 0 0 0 31 0 0 4 0 0 7 25 48 0 53
 90 81 0 0 76 0 0 94 28 6 29 28 27 0 0 6 0 50 73 4 0 61 10 0 73 24 20 0 46 74 28 0 0 55 0 12 0 15 90 0 40 0 0 0 46 2 0 21 43 0 47 85 53 0 0 0 68 16 5 58 14 0 26 0 0 25 33 0 0 0 0 0 5 37 92 0 0 0 43 0 32 8 0 7 0 7 13 33 33 1 26 33 0 61 0 0 0 59 0 0 88 47 49 15 65 68 0 48 0 0 0 8 0 84 6 42 0 16 0 0 11 0 0 0 49 0 0 0 0 0 0 30 0 0 35 14 0 22 7 57 11 0 0 0 0 87 0 0 29 34
 0 0 0 2 0 15 10 9 39 0 0 0 31 0 0 0 0 0 64 0 0 0 0 0 88 2 19 56 0 40 0 0 0 0 0 6 10 68 0 0 0 3 21 0 82 16 0 16 71 0 63 0 0 62 21 0 36 0 1 0 15 17 0 48 7 0 33 0 0 24 0 38 0 0 0 55 5 56 35 0 45 7 0 16 0 14 8 24 19 50 0 0 45 30 0 0 39 0 0 12 0 0 0 0 71 0 0 0 0 0 53 6 9 0 0 0 0 0 0 51 15 0 30 34 0 0 0 0 0 54 3 0 0 0 66 25 15 13 25 7 0 0 0 0 45 0 33 0 65 0
 7 25 0 0 0 58 38 0 0 0 0 53 0 0 0 24 14 0 0 16 0 0 0 15 92 25 17 78 13 0 0 14 0 76 21 0 46 0 7 0 42 37 0 8 0 61 49 0 31 3 67 15 19 0 0 3 0 0 9 1 0 0 42 0 0 54 0 0 0 0 47 75 80 0 0 11 29 39 13 35 0 8 0 17 74 10 0 0 53 0 17 0 35 24 1 0 41 7 20 20 15 19 48 33 0 33 0 0 0 54 4 12 30 3 28 60 0 15 0 0 18 0 0 0 32 0 19 3 27 0 63 14 40 0 49 0 0 95 0 18 0 49 66 74 18 9 43 15 0 10
 0 0 0 50 0 50 0 12 0 25 11 0 0 0 40 50 0 0 0 0 23 45 0 46 53 3 0 0 67 17 32 33 0 0 0 49 0 61 0 85 33 0 14 52 0 0 3 0 9 49 34 0 56 41 45 0 0 0 0 0 16 0 0 0 10 0 0 29 42 0 0 1 0 0 26 0 26 47 7 76 0 0 0 0 0 0 0 0 0 21 0 34 0 56 12 23 0 13 0 14 0 0 4 58 39 0 61 0 0 0 29 82 33 0 0 60 0 0 9 0 0 0 0 23 40 0 0 0 39 26 0 44 21 0 77 0 0 8 57 24 27 37 56 59 0 35 0 17 0 20
 12 0 0 0 82 89 51 0 18 62 0 0 0 25 11 62 0 0 2 0 24 56 0 43 12 0 0 0 95 18 0 74 38 34 0 0 44 44 0 0 6 32 28 48 41 0 9 0 0 0 0 0 0 31 30 0 8 0 36 48 5 0 53 0 6 4 40 0 0 0 65 61 0 82 0 0 1 0 0 0 24 20 20 0 24 0 45 0 0 0 72 0 0 0 0 0 0 0 0 21 0 17 0 0 16 32 45 0 2 0 84 42 12 0 54 47 0 41 36 0 66 0 21 1 0 0 29 31 47 0 1 0 39 0 0 0 0 0 0 91 0 28 0 0 0 57 0 15 0 0
 59 0 0 27 0 0 15 6 50 30 37 0 0 28 10 42 0 0 67 20 0 1 87 44 0 6 0 4 3 4 0 0 30 0 88 0 30 0 0 4 0 0 20 44 0 0 0 69 0 0 0 0 0 0 63 21 0 66 49 70 2 0 68 0 59 15 10 4 0 16 0 0 8 0 0 63 0 54 0 4 0 39 0 0 12 0 0 19 53 50 0 0 0 0 75 0 33 25 23 0 0 46 0 52 70 57 23 51 13 0 0 26 14 0 1 0 20 0 0 0 89 0 0 0 38 31 8 0 45 12 0 0 0 0 14 0 21 93 0 68 90 0 0 0 0 0 0 46 0 15
 0 25 0 0 0 10 41 20 0 40 0 27 0 51 50 75 0 0 0 32 0 0 45 0 0 0 0 0 0 1 0 33 19 0 0 46 0 0 59 88 0 0 0 0 49 0 69 35 0 0 21 0 20 29 62 0 0 0 0 10 0 0 0 0 0 35 0 55 0 25 21 40 0 10 48 42 43 0 0 0 11 0 0 41 33 0 0 0 44 63 0 65 0 0 76 66 33 0 0 0 4 24 70 65 0 0 0 0 16 23 0 0 0 0 0 35 0 21 0 16 2 32 6 14 4 0 0 0 77 61 27 0 0 0 1 56 38 0 0 0 17 87 0 4 13 46 0 0 0 0
 0 0 1 41 9 0 0 0 0 47 15 19 1 34 84 52 0 22 70 61 23 0 1 9 0 0 0 0 52 0 0 11 28 0 27 0 18 0 0 74 26 0 7 0 28 0 70 0 0 0 76 0 0 5 0 28 0 0 31 0 29 5 0 37 17 0 0 59 78 0 0 16 20 0 11 0 0 4 0 13 0 0 0 28 0 13 64 28 0 0 76 7 48 33 0 0 65 32 7 0 17 34 34 0 81 24 2 12 0 0 35 0 8 0 0 0 0 0 48 0 0 0 0 0 0 0 0 0 19 15 0 11 0 0 0 33 36 0 0 20 75 15 5 56 0 20 0 0 0 0
 0 18 0 0 0 0 0 0 0 24 0 0 0 88 22 0 9 0 84 0 55 0 0 35 71 16 0 82 17 66 0 0 0 54 15 24 38 12 55 0 80 0 34 0 0 3 0 12 24 0 0 0 0 23 23 58 57 5 84 2 68 0 0 15 26 0 0 0 0 0 0 25 0 65 0 28 0 0 55 1 0 19 0 0 52 70 26 0 0 0 0 0 0 0 0 0 32 37 69 0 0 74 82 96 0 0 0 21 0 0 39 4 0 62 0 38 0 30 6 0 54 11 61 0 0 31 26 1 70 0 0 0 0 0 22 21 85 0 0 5 8 0 0 46 0 0 56 26 0 14
 0 35 0 46 0 38 0 12 0 0 66 0 56 8 0 64 10 0 11 47 0 0 0 25 0 0 0 0 15 12 0 0 0 0 66 0 2 0 43 0 4 24 56 0 0 69 47 0 0 14 19 0 0 6 0 89 0 0 0 48 0 0 45 0 0 51 1 0 0 67 23 11 43 38 0 25 20 70 62 0 47 0 32 43 0 0 0 0 0 28 1 0 0 0 0 2 41 0 0 27 0 60 0 0 34 0 10 6 0 100 0 0 0 0 16 0 0 0 34 61 43 0 92 0 0 0 0 36 0 18 0 59 0 65 51 61 0 0 0 29 0 0 22 5 49 4 21 34 19 0
 0 0 0 35 0 34 43 10 66 0 0 0 34 0 7 35 0 31 0 0 1 29 0 0 0 5 50 49 13 0 0 72 0 0 16 73 3 2 0 0 0 0 0 17 0 0 0 0 44 22 0 84 0 0 41 26 1 11 37 57 0 0 21 0 8 74 21 46 45 0 59 0 28 0 0 45 25 0 54 0 0 0 74 0 39 0 46 40 35 0 23 0 0 0 21 4 27 11 0 32 18 18 73 22 0 5 0 0 2 10 0 13 0 0 19 0 62 0 0 14 0 4 0 0 85 77 14 0 31 0 30 0 0 7 0 0 34 0 0 0 51 0 0 30 0 9 21 23 59 0
 0 89 0 0 0 0 0 0 18 0 5 50 79 0 59 37 4 2 11 0 32 0 51 76 17 0 0 0 0 0 0 0 0 31 0 43 18 0 0 15 22 18 19 17 0 71 0 17 0 0 0 68 14 0 0 0 0 0 0 26 12 73 13 0 49 0 28 0 69 0 57 0 0 22 0 0 25 11 17 0 51 9 0 22 0 0 0 76 71 27 60 0 66 19 0 56 0 0 0 38 2 10 0 0 0 55 45 0 36 0 0 1 51 0 24 12 0 0 5 46 0 96 47 0 0 0 0 0 10 16 26 0 75 0 0 17 0 0 61 23 83 67 66 0 0 0 54 44 57 0
 36 31 0 11 35 0 8 4 0 0 25 53 24 0 0 23 11 85 60 32 17 0 69 0 0 7 100 0 0 0 22 23 0 0 0 63 0 23 0 59 5 0 0 0 17 0 0 0 71 0 0 2 0 0 23 44 0 35 25 0 0 30 0 0 0 48 7 28 0 2 52 23 25 0 35 0 77 0 89 80 0 0 0 52 13 21 0 0 3 0 2 0 87 0 33 0 0 0 0 29 71 0 48 85 2 0 0 0 69 0 6 48 0 24 8 12 0 3 20 0 0 48 0 0 11 0 0 1 0 25 17 0 33 8 0 68 40 0 0 0 0 51 0 0 0 0 0 56 0 0
 0 37 21 0 8 0 32 16 0 0 14 35 0 28 0 27 69 0 86 44 49 0 93 0 4 38 2 0 0 0 0 0 0 33 50 55 38 0 21 0 10 19 29 20 0 0 73 0 81 0 0 0 0 0 15 0 0 24 16 0 20 0 2 38 0 0 75 0 41 0 13 25 0 19 0 0 1 0 0 0 0 35 0 7 11 0 17 85 4 0 26 0 0 0 0 0 0 0 0 0 0 45 0 27 0 55 55 0 43 0 24 0 37 62 16 59 37 0 0 0 0 0 0 0 0 35 17 0 35 0 0 0 0 0 0 0 0 27 52 26 19 29 63 30 0 0 0 15 11 0
 25 15 3 0 0 0 22 1 37 0 0 0 0 4 54 0 0 9 0 31 0 32 40 0 0 0 28 18 0 0 0 0 0 0 38 7 0 3 12 0 42 0 0 14 0 0 46 0 0 75 0 0 39 0 0 0 40 25 20 0 0 37 0 18 33 34 24 0 0 0 0 0 0 0 0 70 0 66 35 41 76 75 0 0 0 5 0 0 0 12 28 0 38 0 0 16 0 34 42 44 83 0 10 0 0 64 0 0 30 49 16 0 0 0 0 16 0 28 97 0 22 70 15 9 0 0 31 64 29 46 59 0 20 0 0 0 2 0 0 59 0 76 5 0 14 34 46 4 44 60
