200
 13 9 43 48 0 32 0 24 51 77 72 39 0 0 9 0 74 0 0 0 7 0 47 42 53 6 0 25 55 0 0 33 0 0 0 0 35 0 0 0 0 13 0 0 0 0 0 69 40 0 1 19 57 0 0 47 37 30 0 0 39 0 32 17 5 0 0 21 25 1 0 30 10 0 26 0 0 0 0 0 38 9 29 57 0 27 0 34 0 40 77 76 0 0 61 48 44 2 11 0 45 0 14 30 49 0 0 0 0 0 58 0 0 22 60 22 0 0 1 16 6 18 52 0 0 19 0 2 26 35 15 55 55 0 0 9 0 41 0 0 0 0 0 19 1 0 0 6 23 0 0 0 0 12 4 0 0 3 17 0 0 14 5 0 0 47 50 0 4 40 44 38 0 0 0 0 0 0 24 31 0 0 53 0 0 37 11 49 2 13 84 36 64 48 22 72 0 0 0 10
 0 38 0 0 0 36 0 97 32 29 18 39 1 0 0 79 0 0 6 0 0 0 0 0 89 44 47 0 75 0 40 0 9 0 0 28 0 0 0 0 94 32 0 41 65 43 0 1 3 0 0 0 0 0 34 0 44 16 0 0 0 69 0 0 1 0 0 0 23 0 20 0 94 27 77 75 59 20 0 0 31 0 12 75 57 46 66 0 0 65 48 37 0 1 0 0 75 27 0 1 14 18 0 53 0 0 0 0 0 5 17 22 0 0 42 0 1 0 0 0 0 0 0 18 57 0 0 0 1 21 0 0 0 0 0 37 55 0 73 24 0 0 28 32 0 11 10 0 29 0 0 47 0 0 9 82 57 0 48 0 16 39 0 0 0 0 42 0 26 79 0 71 0 16 22 44 0 0 0 24 28 0 0 0 0 35 0 54 0 0 25 0 0 33 55 0 27 19 0 0
 0 62 34 9 0 0 0 0 28 8 0 0 0 6 39 0 0 3 0 0 0 0 0 0 41 0 26 0 0 40 26 0 0 0 0 0 0 54 40 0 0 26 0 68 5 14 16 0 25 14 0 0 77 58 32 0 0 51 0 0 11 36 8 0 0 0 20 0 0 2 0 26 44 47 0 55 0 17 11 68 0 0 0 51 22 13 2 0 0 0 42 0 58 3 0 0 34 65 42 12 0 70 0 26 0 0 34 20 10 5 0 0 0 9 10 0 12 0 25 0 0 0 0 0 86 0 0 71 69 58 0 0 0 0 29 0 0 11 0 0 0 0 0 18 3 0 38 41 31 0 0 0 0 0 1 2 2 24 67 0 0 34 0 0 79 24 53 22 68 32 0 0 0 10 22 0 44 16 0 0 19 7 27 50 0 0 0 5 3 0 85 0 12 13 5 74 4 15 0 38
 0 53 0 41 46 7 0 0 45 39 0 0 18 0 79 43 30 0 0 0 58 36 36 37 29 28 11 0 0 0 0 0 0 15 13 0 0 66 0 0 0 35 0 0 0 0 0 0 0 0 29 45 0 37 0 0 20 0 20 28 86 0 0 0 10 0 0 16 56 63 0 0 0 0 25 0 14 51 53 0 45 53 1 0 39 0 74 13 18 93 0 48 0 0 52 34 68 0 24 0 2 0 0 0 4 0 57 7 0 0 39 0 5 17 0 30 56 0 0 57 0 73 14 65 0 0 43 0 42 16 56 17 11 0 46 0 51 4 0 0 0 0 13 61 15 0 29 1 0 0 11 0 0 0 0 0 56 0 5 0 20 0 0 57 2 0 0 28 0 26 42 0 31 2 0 0 0 0 0 18 0 43 18 38 0 43 0 0 0 0 0 0 0 0 14 14 0 0 0 0
 59 14 82 0 33 11 2 0 0 0 64 14 0 0 0 0 0 23 6 0 0 0 0 0 22 0 0 22 0 0 1 13 0 0 0 0 63 65 41 21 0 0 17 59 0 54 0 70 0 41 25 46 0 0 21 47 0 7 22 4 16 0 60 0 52 0 35 0 7 0 0 61 0 0 0 15 0 0 0 21 0 91 0 0 95 0 0 0 37 0 39 70 4 15 37 0 0 0 0 41 29 66 0 9 35 40 0 3 33 27 0 11 10 24 34 0 16 22 0 21 29 0 50 0 29 0 0 9 0 7 13 0 13 48 0 0 45 4 0 0 30 0 64 0 78 20 13 0 73 0 0 12 27 38 92 71 34 33 0 0 3 97 27 1 78 6 20 3 7 10 0 0 0 0 26 0 0 0 0 0 18 20 0 39 20 40 0 0 0 46 0 0 0 0 74 0 68 0 0 0
 0 0 34 0 0 79 0 0 0 0 57 0 24 0 0 0 0 0 0 0 5 38 0 0 2 23 7 82 67 0 0 19 4 0 0 84 21 12 0 21 43 0 4 0 55 26 1 0 13 48 0 32 0 75 37 0 0 14 9 56 43 67 0 0 33 0 46 9 42 0 12 27 42 0 0 42 0 0 0 0 2 60 25 0 40 0 0 0 49 40 0 31 7 66 64 0 0 28 0 36 26 0 0 2 24 0 0 0 54 60 0 16 6 30 0 0 0 9 31 0 0 0 67 0 0 40 0 0 0 0 0 0 0 0 0 4 55 0 28 0 48 21 23 0 0 1 34 0 65 0 24 0 85 0 46 32 0 70 0 0 0 11 0 0 6 29 0 41 0 0 0 1 0 0 15 0 0 10 0 0 0 9 1 16 0 0 48 15 0 0 0 0 17 33 30 0 21 28 3 58
 3 8 0 58 0 6 68 5 31 0 0 35 54 0 5 0 36 9 28 0 0 0 22 0 45 17 35 0 0 10 46 0 26 0 37 0 57 0 52 0 0 73 0 0 11 0 35 1 26 40 0 0 0 33 20 1 0 28 37 15 59 7 4 3 0 0 5 0 37 0 27 56 0 58 0 41 0 41 5 0 65 0 8 0 0 52 79 9 0 52 54 9 0 13 74 52 32 0 0 0 0 0 0 61 61 0 0 20 0 0 8 0 0 40 0 14 37 0 82 71 82 57 2 0 0 0 0 86 32 0 0 0 0 80 0 0 49 0 11 0 83 0 33 0 0 52 11 0 0 22 53 0 23 0 70 0 0 59 0 7 0 80 84 10 0 0 0 13 30 0 63 0 7 28 0 0 0 65 0 0 69 0 13 0 7 57 0 0 51 0 42 24 0 3 1 63 3 45 31 56
 0 0 11 42 0 39 0 23 0 0 43 0 8 50 72 0 71 72 0 25 80 0 0 0 0 64 41 18 0 3 28 0 17 71 0 0 0 0 0 25 27 0 31 22 41 31 0 0 21 6 37 4 41 52 47 16 0 0 70 93 0 0 18 2 0 38 0 0 0 0 10 28 0 0 0 63 29 2 0 29 0 8 80 0 5 33 22 14 0 26 0 8 0 32 0 6 0 92 4 0 0 0 23 0 0 29 6 20 0 0 55 19 10 69 0 32 5 1 0 42 1 0 0 0 0 0 0 0 38 0 0 53 15 0 95 0 0 30 14 6 0 0 29 0 0 0 0 14 0 43 0 0 27 0 0 0 0 16 0 42 61 23 28 0 0 42 0 0 4 0 0 35 27 0 60 37 23 0 60 0 0 14 37 0 7 44 0 0 47 0 17 21 0 0 0 74 49 0 4 4
 0 0 0 0 44 18 0 50 60 12 17 0 0 44 0 74 34 2 83 0 0 0 0 6 20 30 23 0 14 47 19 0 0 3 25 96 0 0 0 94 0 0 0 30 0 24 63 28 16 0 0 0 0 0 13 7 0 55 0 29 8 0 47 2 0 1 0 21 26 0 73 48 0 0 0 3 0 54 39 0 71 9 2 7 0 0 0 84 41 11 0 35 0 14 0 70 44 27 0 0 78 0 0 18 38 0 0 0 0 0 5 0 1 86 17 0 0 22 30 22 0 0 24 23 28 68 14 3 2 97 0 0 0 0 0 0 70 0 39 34 37 0 0 38 0 27 59 0 0 37 0 0 96 0 0 0 0 0 0 0 15 28 41 54 0 0 0 0 88 33 0 0 0 0 0 0 20 0 0 64 35 0 35 9 0 0 0 18 80 17 0 76 0 0 0 0 0 0 38 10
 0 0 0 0 53 33 71 82 0 78 0 1 30 80 0 0 0 48 0 57 0 16 0 13 49 0 12 38 8 55 48 62 56 0 44 0 0 0 28 0 31 0 0 0 0 0 9 39 30 8 38 0 0 19 41 0 0 1 1 54 0 0 8 5 30 14 67 32 0 0 0 15 50 48 0 50 0 14 0 36 0 0 0 0 0 0 0 0 0 4 0 43 52 0 81 0 14 0 0 6 12 0 0 3 0 0 15 69 0 45 59 0 0 38 0 0 39 11 1 0 37 5 24 0 8 32 0 77 0 92 0 0 40 15 8 2 17 0 53 57 0 0 0 0 0 0 72 0 39 4 0 72 0 21 0 0 48 0 41 0 46 12 28 0 0 30 17 75 0 39 0 50 67 24 6 47 33 0 0 0 66 0 0 0 36 30 5 0 36 0 0 0 0 43 80 24 0 0 6 0
 0 0 11 87 0 0 96 0 0 10 50 45 22 0 0 0 0 0 72 15 18 34 0 24 13 27 0 0 26 83 0 0 0 0 11 0 22 10 0 71 0 37 23 9 4 0 0 90 0 0 0 0 48 17 75 0 78 66 0 11 0 45 74 0 79 21 1 37 0 0 40 0 27 47 53 0 28 0 14 0 20 11 20 0 0 0 0 39 15 5 0 0 16 4 29 19 51 0 0 0 48 0 0 73 12 0 0 0 0 0 0 0 0 44 40 37 43 4 84 11 38 29 0 25 0 82 0 55 0 27 32 0 0 0 0 31 0 0 55 30 0 42 11 0 0 66 0 0 14 10 40 0 0 0 13 0 0 84 0 26 0 45 68 0 0 43 0 70 38 2 23 75 13 48 17 0 48 0 0 0 1 35 34 0 0 20 0 6 79 0 26 0 0 18 53 30 0 27 28 0
 0 0 25 38 0 1 0 9 28 0 0 85 65 0 0 0 0 50 61 0 38 25 0 7 47 0 5 0 0 11 26 79 22 42 0 25 0 7 0 14 0 81 25 0 0 21 2 0 0 39 31 76 0 0 0 77 58 1 0 16 0 0 37 0 0 0 14 0 0 27 70 0 41 4 0 19 18 0 33 26 0 5 0 0 41 0 28 0 0 0 25 42 0 0 0 0 30 14 24 0 15 0 57 0 1 0 28 0 0 6 0 0 71 67 0 19 42 69 0 63 0 0 0 10 45 0 70 0 57 0 23 4 0 0 0 0 39 0 54 0 0 0 0 0 0 0 0 0 0 33 74 54 65 0 33 0 49 27 0 36 0 78 0 6 0 0 0 0 0 15 0 0 0 10 17 0 0 0 0 0 0 10 0 55 11 0 40 45 25 0 0 0 28 0 53 88 0 0 19 0
 32 0 21 0 65 0 0 0 31 0 0 0 95 22 5 0 0 65 18 0 0 0 49 73 0 18 38 0 54 0 43 0 37 23 8 2 0 0 43 62 0 23 0 3 16 51 52 20 0 0 77 0 0 10 0 0 28 0 0 0 0 0 0 93 4 1 0 17 11 36 90 0 0 4 0 6 26 0 0 57 0 6 45 0 27 0 53 48 29 39 53 8 18 0 41 23 0 0 0 0 0 15 34 22 28 20 0 0 10 0 0 58 0 0 42 0 34 37 4 67 31 0 0 29 22 33 0 0 0 19 70 66 21 47 17 0 0 57 0 36 0 88 91 0 0 0 3 4 73 0 0 0 0 0 0 0 27 77 0 13 0 0 0 0 0 0 0 33 54 0 0 0 19 89 1 0 31 0 0 0 94 0 0 53 0 0 0 51 9 0 0 0 0 0 12 0 32 0 0 3
 10 17 0 6 17 74 3 0 0 0 50 57 0 30 36 18 0 0 0 69 0 35 16 38 0 23 0 48 25 0 0 69 58 0 45 0 0 0 0 0 23 0 0 0 69 10 0 0 0 30 0 21 29 35 50 77 71 50 12 0 0 0 0 49 9 0 40 0 0 0 0 0 0 22 0 24 21 0 18 0 0 15 0 0 0 0 32 47 0 0 17 0 0 0 42 0 94 38 0 0 0 0 0 55 0 0 0 54 32 0 24 0 59 0 16 4 0 0 28 59 0 0 0 0 0 69 43 0 25 85 0 0 0 68 0 0 0 41 4 52 46 13 59 33 0 18 0 0 41 59 39 0 45 0 0 0 0 0 0 0 54 2 0 13 0 0 0 0 0 10 57 0 0 44 0 59 0 0 0 24 0 73 52 0 24 0 33 79 23 0 0 32 0 4 43 0 0 32 0 0
 0 51 0 0 25 15 0 0 73 41 47 79 0 0 7 0 0 30 0 18 25 0 73 72 13 0 0 0 17 0 56 1 0 0 7 0 8 47 42 36 0 0 55 0 19 0 52 40 43 10 43 59 9 37 4 48 1 0 0 10 0 10 1 3 0 78 0 0 0 0 31 37 0 11 0 0 0 0 0 24 35 6 0 0 1 9 28 51 4 52 8 0 65 0 32 14 0 0 0 0 3 24 13 77 18 0 2 14 0 50 0 0 0 66 14 0 0 29 20 80 0 22 0 0 0 0 0 0 0 0 0 34 0 0 0 0 0 3 20 17 52 0 0 67 16 0 42 0 0 0 0 8 0 0 25 0 88 15 0 44 7 22 0 0 0 4 0 6 0 0 0 30 0 6 16 0 7 25 5 38 42 4 40 50 0 34 0 0 0 0 31 0 0 44 74 21 0 23 0 0
 28 0 29 0 9 39 58 41 0 31 79 19 34 0 36 77 47 7 26 20 38 63 0 51 36 2 0 0 0 0 0 0 55 7 32 54 2 73 0 41 48 8 63 15 0 47 49 54 29 0 74 31 0 0 0 0 13 0 0 69 65 0 0 57 50 6 0 22 0 14 0 38 0 0 4 49 0 0 43 0 0 0 22 37 48 0 0 0 12 0 10 75 18 0 0 0 0 0 85 45 0 0 34 45 0 0 84 17 3 0 35 38 0 0 47 0 35 61 0 2 0 80 0 0 28 0 1 23 27 0 0 0 5 27 4 0 0 1 0 0 20 30 5 0 36 61 2 0 0 0 0 0 0 0 0 0 0 0 0 0 0 0 0 23 37 0 0 27 0 0 71 0 0 0 0 0 40 0 77 0 0 0 8 0 5 0 11 86 43 12 0 68 33 29 17 2 0 19 36 4
 0 42 45 0 16 45 0 0 0 37 50 66 53 10 15 0 43 0 54 12 0 0 0 0 13 0 0 0 27 12 0 0 20 0 0 0 0 34 0 36 4 0 0 0 0 0 0 0 0 55 0 16 0 0 37 63 0 0 0 0 16 0 27 11 0 0 25 14 12 0 0 0 0 11 0 0 49 0 53 51 0 5 0 0 0 0 46 24 0 0 3 35 70 0 0 0 0 17 0 15 0 46 0 0 28 20 6 28 2 49 56 0 0 40 0 9 81 0 18 0 36 0 21 31 5 0 83 0 0 0 48 1 24 1 18 0 13 5 0 28 7 69 27 0 63 0 0 0 0 0 0 32 0 66 0 33 6 0 28 23 0 0 61 52 68 0 16 7 0 0 0 62 0 15 49 30 0 49 33 40 15 0 0 0 0 0 40 0 14 11 0 0 0 13 0 0 0 60 0 0
 46 69 0 57 0 51 0 0 0 0 15 0 0 53 0 0 22 5 2 36 0 55 0 26 0 0 0 0 0 45 52 24 59 11 15 0 34 0 16 0 3 49 0 36 21 0 17 2 23 0 75 90 0 0 0 50 0 4 0 0 0 0 3 39 0 0 46 0 0 58 8 0 0 0 78 10 64 0 0 3 12 3 34 0 48 0 0 0 28 16 0 51 0 0 25 47 0 0 0 0 0 4 41 0 23 45 0 44 0 45 59 0 32 52 90 0 36 0 33 2 17 0 0 20 0 13 0 4 34 0 0 27 48 36 61 0 16 24 0 12 0 0 0 0 60 23 27 0 86 0 14 0 0 3 17 0 0 0 35 2 0 0 0 0 30 10 49 0 0 11 0 0 37 9 0 0 43 12 50 0 17 13 12 35 79 0 0 0 25 27 0 33 0 30 0 0 0 66 3 0
 91 0 58 3 0 30 0 50 0 45 0 0 0 58 59 0 0 0 43 0 60 0 0 61 20 0 0 1 58 71 54 0 19 20 0 0 60 3 47 0 0 0 25 2 57 0 0 75 0 0 70 0 0 61 0 61 15 0 2 0 0 0 39 0 0 7 10 0 0 0 23 64 0 0 0 60 53 17 0 0 0 46 28 0 6 35 0 29 39 33 80 54 95 7 0 8 0 0 18 0 41 10 0 0 0 2 0 8 34 0 0 0 8 31 0 0 34 0 0 0 23 0 50 92 14 11 18 11 39 0 0 46 0 20 0 41 13 0 7 0 38 61 8 0 0 0 0 1 0 13 0 0 10 2 0 24 8 66 8 0 0 0 42 0 39 45 13 0 1 0 1 0 0 0 0 16 0 0 0 0 0 0 0 10 0 10 0 0 0 15 39 0 13 0 0 5 50 0 0 65
 17 67 60 1 38 34 25 0 7 0 0 81 81 0 0 0 0 0 8 74 0 24 37 0 0 7 69 34 0 20 19 0 0 0 0 0 4 2 0 26 48 55 22 44 10 0 15 0 0 0 41 13 54 73 4 36 0 0 53 0 0 24 19 0 24 0 17 7 27 0 21 0 0 0 0 36 0 0 6 65 0 0 9 90 0 0 0 0 0 0 0 0 62 9 0 8 0 0 16 33 0 0 40 15 10 9 53 0 0 0 0 0 19 39 27 23 57 70 0 0 0 0 0 1 0 29 0 0 0 0 38 0 0 0 0 0 0 47 0 0 5 38 53 0 0 0 0 0 0 27 10 34 0 0 0 0 17 18 0 0 0 0 0 0 77 34 10 0 25 44 0 21 22 4 0 0 29 0 16 37 15 17 0 0 52 0 70 58 91 20 97 0 93 67 64 50 0 12 29 0
 0 8 37 0 8 0 58 0 50 63 0 0 75 2 0 0 1 20 0 36 38 46 0 0 0 11 0 16 0 28 0 66 18 0 32 0 0 57 0 37 22 0 0 0 79 0 0 0 0 0 0 10 0 12 14 11 0 1 0 29 0 0 0 77 24 0 0 0 0 2 0 10 94 0 0 0 55 0 0 0 0 31 0 26 3 36 0 0 3 31 48 0 22 15 50 34 8 0 49 0 30 13 41 0 40 0 44 0 0 0 0 35 0 45 0 10 0 0 0 0 46 0 0 4 0 0 0 0 59 28 24 34 34 0 0 0 15 84 2 73 48 0 0 0 0 0 59 0 24 0 0 38 0 82 0 73 87 0 0 0 3 0 0 70 0 43 6 0 0 31 14 15 0 0 0 19 31 48 0 9 0 0 0 11 0 43 0 0 5 0 0 0 0 0 0 32 20 38 0 0
 8 21 40 0 43 0 66 27 26 0 0 0 24 0 6 0 1 0 32 0 0 94 1 0 0 0 0 21 5 31 21 0 79 55 0 0 0 0 0 24 8 0 0 0 33 0 0 0 0 0 47 26 27 0 0 10 0 13 0 74 0 3 0 37 64 0 61 0 12 21 0 21 0 0 5 0 45 31 24 23 0 60 14 6 0 35 22 57 0 0 0 0 0 0 81 0 75 0 64 58 27 28 0 0 0 73 13 0 34 0 44 42 7 0 0 38 0 24 0 0 3 18 0 0 11 0 0 2 0 0 0 15 31 66 0 9 0 44 54 0 13 0 88 0 0 0 0 0 0 8 0 0 7 31 0 0 0 0 0 20 0 26 23 0 26 0 8 0 22 1 28 0 0 0 0 0 0 0 6 1 0 57 24 15 16 81 27 0 0 72 43 0 26 0 9 81 0 0 0 31
 0 12 25 0 40 57 0 38 10 42 18 92 0 0 0 15 21 45 8 0 64 0 42 0 0 14 23 21 47 42 39 50 0 76 62 44 0 0 44 19 45 0 47 59 11 67 0 26 0 17 11 0 2 62 56 0 42 0 6 10 32 0 27 0 0 0 19 10 0 50 0 11 45 14 0 17 2 0 0 0 0 19 82 0 0 0 13 0 0 21 0 0 0 0 30 37 0 0 0 0 0 55 0 0 43 23 29 0 1 56 0 9 0 0 0 0 5 0 0 10 46 84 0 0 45 0 20 12 24 14 21 18 46 0 6 0 16 0 0 51 0 27 52 37 0 0 0 0 36 0 0 0 88 0 0 0 0 0 57 0 0 0 31 0 17 43 69 26 10 11 0 0 27 0 0 0 0 30 0 0 13 0 1 0 33 0 0 12 54 39 51 0 16 24 0 0 4 32 11 0
 0 32 5 0 5 51 33 67 0 0 0 0 0 0 0 0 44 0 0 5 11 20 66 90 51 12 0 0 0 24 2 42 0 0 0 21 0 43 0 0 26 0 0 25 7 0 0 0 16 0 0 64 0 12 33 12 0 58 0 0 0 15 0 0 20 9 0 0 0 0 45 0 49 0 45 54 28 47 44 0 0 0 8 0 11 7 0 0 10 34 32 20 59 0 0 0 25 0 0 24 31 0 0 89 0 0 0 0 37 0 7 43 0 0 0 11 0 0 41 42 0 0 0 45 14 0 56 0 23 0 72 0 0 5 8 0 44 0 0 96 11 0 46 77 28 77 8 23 6 0 0 32 0 25 45 0 14 7 36 6 76 13 82 76 55 53 0 0 43 21 27 53 0 0 27 25 35 60 32 40 0 0 0 0 13 59 30 0 7 0 38 0 0 59 89 0 0 0 0 78
 0 0 0 0 0 0 0 64 0 0 0 0 36 33 0 0 0 67 0 41 5 33 44 0 70 0 0 29 0 0 0 0 74 20 23 23 0 0 11 0 22 34 35 56 0 0 0 0 25 0 37 15 0 0 30 0 0 13 36 0 0 7 0 37 53 0 0 0 0 0 0 62 54 0 0 72 3 0 51 16 0 21 23 11 0 0 0 0 45 0 4 33 0 51 0 0 0 0 8 39 0 52 20 0 47 24 0 0 0 49 0 0 1 28 17 6 22 28 0 56 5 0 54 0 0 0 4 41 0 2 16 0 40 48 0 0 0 0 0 0 0 0 53 9 0 0 23 90 0 18 12 0 0 0 43 0 0 0 67 34 0 53 0 55 3 0 0 13 0 0 7 57 7 0 76 10 27 43 0 38 0 0 54 18 0 0 0 16 0 0 0 0 0 0 44 19 0 0 0 75
 0 0 68 0 40 0 0 0 0 6 0 74 0 0 3 0 2 1 37 0 0 24 0 0 16 11 60 63 71 0 22 0 42 32 6 29 92 0 0 0 0 39 49 0 0 11 0 0 11 51 0 3 0 3 0 0 0 74 0 26 37 0 0 35 57 0 0 55 50 0 0 0 0 0 29 0 54 41 24 52 71 0 0 0 6 29 0 40 75 0 66 0 0 4 45 0 63 59 59 0 0 0 7 0 0 0 17 0 41 0 0 0 57 31 0 38 0 0 0 0 87 0 0 47 0 32 17 21 0 0 0 41 0 0 62 0 62 0 0 0 0 28 0 51 32 0 0 2 0 21 0 0 1 86 18 0 0 35 10 14 2 0 0 23 0 70 27 87 0 35 64 65 0 29 8 0 0 0 0 46 0 55 50 0 0 0 0 0 37 14 0 0 0 0 31 78 84 4 15 0
 46 0 0 0 21 0 0 0 0 0 55 0 0 14 39 18 10 12 51 0 1 80 0 21 69 0 33 32 38 48 10 31 23 0 0 67 9 0 75 0 19 24 0 2 0 40 75 1 0 5 14 0 0 0 0 0 24 0 0 3 20 0 15 0 9 36 9 0 0 0 0 0 44 46 32 0 12 15 0 25 0 0 94 0 17 0 37 22 0 0 85 41 7 49 17 3 32 0 31 33 37 11 44 44 3 0 26 82 0 0 12 0 0 0 0 0 60 0 0 0 68 0 0 35 55 19 56 76 19 20 6 14 21 70 0 0 0 68 2 72 38 0 0 34 45 0 6 32 0 0 61 0 35 25 52 23 0 0 0 1 3 60 0 0 0 0 11 0 2 0 0 0 61 22 29 18 0 30 0 0 47 0 13 0 43 0 0 75 37 0 0 0 12 0 42 32 58 53 75 9
 0 68 7 31 0 0 73 0 16 0 48 4 90 0 21 26 67 57 0 0 0 0 0 64 0 0 0 2 42 0 29 53 30 0 0 59 0 0 0 0 18 56 0 0 25 37 80 0 23 4 35 0 2 75 23 49 64 0 27 0 0 3 0 0 58 0 29 0 0 14 27 0 23 75 0 41 48 34 36 26 23 45 0 79 11 0 30 0 4 10 0 8 0 21 25 48 63 51 0 0 67 92 0 0 21 0 0 18 70 0 0 42 0 50 0 0 75 16 0 0 0 0 0 0 31 0 91 0 89 41 28 23 0 0 51 61 23 0 52 0 75 0 2 0 0 0 0 10 0 36 36 22 0 0 14 13 0 0 0 5 0 0 0 46 0 54 6 66 34 0 35 7 24 0 0 0 55 65 27 0 56 24 0 8 1 55 78 0 94 33 21 25 78 0 13 0 48 41 0 0
 0 0 52 21 19 0 89 7 0 0 0 27 0 0 0 19 0 4 0 8 43 0 0 11 19 0 0 0 23 0 0 7 0 26 0 0 34 31 0 0 38 0 0 1 0 0 43 0 0 28 0 51 0 0 0 31 0 0 0 66 0 0 0 0 16 55 0 9 0 0 9 0 0 72 4 53 0 0 0 0 10 22 15 0 36 0 54 11 0 49 0 0 0 0 25 21 0 4 0 0 0 42 43 0 14 0 0 0 50 0 0 0 0 0 27 25 48 64 20 12 86 60 0 7 11 40 26 18 0 0 9 0 0 2 24 53 0 0 0 0 0 20 0 99 7 83 17 60 0 69 0 15 0 33 57 0 9 0 0 30 14 86 36 44 0 0 0 27 0 0 0 0 0 20 81 39 0 0 11 18 0 50 0 0 3 70 0 28 0 36 75 82 0 31 21 42 54 69 36 0
 59 49 0 25 37 48 0 0 0 0 0 0 77 4 65 28 0 0 0 0 0 0 0 0 44 31 0 32 13 37 71 21 12 88 6 0 39 0 0 0 0 1 0 0 20 0 27 0 58 0 7 0 0 55 0 69 37 0 89 0 0 0 0 0 0 37 0 0 1 0 0 9 25 0 0 0 61 0 0 9 43 0 65 0 0 0 95 0 22 0 0 0 0 22 0 0 0 0 0 0 0 1 0 42 0 19 31 27 36 42 0 64 0 45 57 0 0 18 0 26 20 0 0 50 76 0 0 23 0 4 38 0 0 0 31 31 0 42 15 0 0 52 0 0 0 0 0 24 0 0 26 0 0 57 0 49 65 15 75 0 51 0 0 0 58 73 0 0 8 0 19 78 0 17 0 0 0 37 90 13 76 0 23 0 65 59 4 0 0 14 80 16 10 2 0 20 0 1 49 0
 58 0 0 8 0 41 0 0 0 0 9 0 0 51 0 22 17 0 0 0 28 0 0 0 31 0 0 0 1 0 74 20 0 25 50 17 0 0 0 9 27 73 0 0 0 0 0 0 7 86 0 0 40 0 3 0 0 20 48 37 0 43 79 0 35 30 0 55 18 0 24 0 0 28 12 75 70 0 31 0 0 0 0 38 0 0 0 0 56 7 21 51 53 0 38 0 18 0 51 10 34 0 15 4 40 53 0 17 0 23 54 46 0 0 40 59 0 0 0 0 0 0 0 0 82 0 47 56 0 4 19 22 62 0 0 44 0 0 0 0 0 13 0 69 34 0 35 25 60 0 0 59 0 4 4 20 0 44 27 15 0 0 0 81 0 0 28 0 0 0 76 0 14 0 22 0 0 0 0 0 0 0 26 0 41 0 28 10 5 0 0 77 40 0 40 0 9 0 56 0
 0 29 8 21 0 0 14 7 10 0 54 0 60 0 0 48 5 0 33 0 0 57 0 0 19 59 0 0 0 0 0 10 49 41 38 20 43 2 45 51 0 24 68 20 38 0 6 39 0 0 53 45 0 0 1 27 0 25 24 45 57 0 0 10 0 0 0 0 0 31 0 55 20 0 0 0 42 9 0 0 13 0 0 0 2 0 0 0 30 0 0 14 8 0 36 9 0 0 0 75 0 0 67 0 0 0 18 17 0 0 0 0 0 21 41 38 31 0 25 0 0 1 0 0 0 0 41 37 16 0 0 58 0 0 0 96 84 26 0 26 10 61 0 0 41 0 0 0 0 24 61 71 21 24 38 0 0 24 0 0 0 0 0 0 40 82 12 0 0 60 30 4 85 16 0 60 0 51 0 24 0 0 0 27 0 0 0 0 17 0 10 20 0 0 41 38 0 0 43 39
 19 0 38 38 25 0 0 0 18 0 67 0 0 0 82 0 0 0 0 16 0 0 18 14 0 0 0 0 53 0 5 0 100 61 68 0 12 0 0 27 36 0 39 0 0 33 2 31 34 13 57 40 57 26 3 0 7 1 0 0 29 28 0 33 0 0 22 0 0 28 10 6 30 8 0 0 0 0 24 0 18 37 0 20 0 43 13 61 1 66 0 0 0 3 0 26 0 0 67 31 41 93 0 17 17 0 16 34 65 3 0 8 30 0 0 0 20 24 65 0 76 0 51 50 0 16 65 0 0 52 0 0 0 20 80 27 0 25 0 19 0 0 0 6 25 0 0 29 0 0 77 28 0 44 14 0 66 0 19 0 0 55 24 0 1 0 24 45 17 0 0 0 6 55 61 21 14 0 0 0 51 10 0 0 2 0 0 26 0 0 2 0 11 0 0 0 38 90 3 31
 28 73 59 0 25 28 43 0 0 71 0 0 0 2 31 0 65 0 0 10 50 0 0 71 0 0 40 4 0 0 0 0 0 39 0 0 32 30 0 0 17 46 0 17 0 0 41 0 78 30 0 21 2 22 0 0 16 92 55 39 14 0 64 1 25 27 0 43 0 65 0 18 88 18 0 0 0 29 0 0 11 26 22 57 0 17 0 20 0 46 25 32 57 0 4 29 12 4 17 70 0 0 0 54 0 0 7 54 26 0 0 0 2 0 0 0 0 0 4 0 66 0 0 0 0 0 0 14 0 46 16 11 0 30 11 14 0 32 35 51 1 0 0 0 0 0 0 0 11 6 0 6 30 0 59 8 0 8 11 0 0 0 21 0 41 21 5 0 3 0 0 40 68 29 0 51 0 21 21 0 27 0 65 24 47 10 76 14 0 26 32 0 0 34 15 0 41 64 23 6
 6 12 7 0 43 18 0 28 0 0 0 68 0 0 0 0 51 0 7 5 0 21 0 16 0 0 37 23 34 0 0 0 0 47 13 0 0 16 35 0 3 76 0 49 35 4 26 0 0 21 0 0 9 36 0 4 0 7 8 18 56 62 13 0 5 0 0 0 0 43 0 55 0 13 13 0 0 21 0 31 0 49 14 0 0 0 24 51 1 7 0 15 57 71 0 0 0 9 88 0 0 19 0 0 0 0 23 12 0 18 0 0 29 0 6 0 31 0 46 4 0 0 0 0 32 41 17 31 0 0 11 0 0 0 0 78 43 22 4 8 30 0 0 0 47 0 0 0 0 23 0 10 0 0 17 31 0 68 31 58 0 18 0 57 42 0 21 0 25 0 0 0 34 0 0 0 0 0 0 35 0 0 11 62 0 84 0 0 0 0 0 36 0 27 9 0 36 79 2 0
 61 0 26 49 10 0 36 77 0 16 57 0 0 36 1 0 18 1 17 31 39 13 0 0 0 0 0 0 47 15 0 0 34 18 23 47 31 21 0 21 0 2 0 0 42 62 0 0 0 8 8 0 24 0 0 35 11 0 0 5 0 39 0 26 0 0 0 0 32 0 0 0 0 27 27 0 8 60 0 0 32 64 38 32 94 8 49 89 0 70 0 14 7 41 0 1 0 11 0 0 0 11 0 0 0 0 0 0 0 62 56 0 0 0 21 0 22 68 52 0 0 0 0 0 69 61 0 0 0 24 10 46 0 42 0 28 53 0 0 32 0 24 0 42 0 0 0 38 0 19 0 0 0 3 0 2 35 0 0 20 13 0 0 5 60 29 0 40 0 0 0 0 79 28 51 0 0 0 0 0 35 34 16 0 5 0 0 0 85 0 7 0 0 0 0 29 0 17 0 0
 0 20 3 42 0 0 0 35 19 17 0 17 51 75 0 0 84 0 0 0 22 1 75 16 87 0 0 55 0 0 48 0 0 0 8 0 82 0 0 40 0 15 8 0 0 0 0 37 10 34 19 1 0 0 47 27 0 0 27 0 1 0 0 68 0 8 24 0 0 1 0 0 42 17 73 38 0 0 0 0 0 5 6 0 0 30 0 13 0 0 0 33 0 0 0 0 13 0 0 1 0 0 0 0 63 0 0 95 0 46 8 57 86 0 9 0 16 35 25 0 0 0 37 19 0 13 14 76 12 20 31 33 0 0 0 0 10 8 42 0 0 26 11 0 0 0 66 2 0 0 0 0 0 27 63 0 0 0 0 0 0 0 0 0 0 0 0 70 0 59 0 0 4 15 21 19 0 20 77 0 16 8 11 0 19 0 18 0 26 0 15 7 50 0 83 0 24 0 0 6
 33 83 0 0 0 0 61 58 18 21 0 0 2 3 0 0 0 51 0 0 0 42 59 0 59 4 15 2 0 59 9 0 47 0 0 0 30 83 21 6 12 0 3 14 0 63 0 54 0 52 59 0 33 0 0 0 17 0 0 0 13 43 0 49 35 0 23 7 2 41 5 0 66 0 17 35 0 87 1 0 33 48 29 0 0 0 0 0 0 0 0 9 0 1 0 5 7 0 30 16 0 47 12 0 38 50 0 0 0 47 0 64 0 28 0 2 0 8 0 60 0 0 0 0 54 0 52 0 55 63 33 28 79 56 21 18 0 0 0 57 0 0 0 0 0 4 0 60 0 0 23 4 0 3 60 30 0 37 45 21 0 28 0 77 75 0 37 34 29 35 0 21 0 2 74 0 8 0 13 0 69 64 2 0 0 0 0 21 71 0 29 10 24 54 0 0 96 0 0 0
 42 42 0 0 0 56 0 9 55 0 34 75 0 17 0 23 10 0 0 19 31 26 0 51 0 84 0 19 45 20 44 0 80 69 0 78 44 0 48 0 15 7 23 29 27 0 2 14 24 0 0 0 9 55 19 0 9 0 41 0 10 0 66 0 51 2 22 0 8 0 0 25 24 38 4 0 0 25 0 0 0 0 2 14 0 15 0 7 0 5 0 0 0 0 62 61 0 0 0 40 58 61 0 0 0 18 0 9 0 0 30 86 0 0 0 0 45 10 0 0 34 0 0 35 0 0 98 28 0 29 0 0 0 0 0 0 25 0 16 12 20 0 48 0 84 42 0 21 0 0 0 0 0 13 0 6 28 0 42 0 0 0 0 20 0 3 93 51 0 54 0 43 0 36 26 0 85 29 56 8 65 0 0 1 0 0 0 0 0 22 0 2 0 0 0 0 0 50 17 0
 39 0 2 75 0 0 15 0 0 46 0 0 0 32 0 0 0 3 25 0 0 0 0 44 45 69 17 5 9 23 0 0 0 2 33 0 0 0 45 39 13 0 0 23 0 16 0 52 0 0 0 0 0 0 42 0 16 0 0 17 60 9 12 6 48 0 0 53 86 0 74 6 25 42 40 0 60 0 19 8 0 46 0 12 0 0 0 0 39 1 0 7 46 0 39 1 7 0 0 0 6 24 0 0 0 0 4 36 0 40 0 0 1 0 0 42 22 0 72 8 0 9 0 74 32 47 54 0 36 9 6 0 0 0 59 0 0 0 0 0 0 20 0 0 0 3 17 0 0 0 64 0 53 0 2 0 23 2 77 0 0 0 59 35 59 0 5 0 0 0 0 16 9 27 0 0 24 46 0 74 0 40 0 47 0 25 0 61 23 0 15 0 0 0 20 65 0 10 0 0
 75 0 6 26 24 0 8 0 27 0 77 17 12 0 66 0 0 0 35 0 0 0 0 0 0 38 0 0 0 19 0 87 0 0 0 5 42 0 0 0 37 0 0 0 63 0 0 11 17 7 43 61 70 0 14 0 5 1 3 36 0 0 0 0 17 0 11 29 0 41 0 0 30 10 0 6 40 0 0 50 0 0 5 0 9 74 23 0 0 45 0 20 0 0 0 1 0 64 0 40 75 0 0 0 0 24 61 0 0 81 32 44 22 0 0 0 0 0 0 0 0 15 0 0 0 0 0 0 3 17 21 0 35 0 0 0 0 0 0 52 6 0 0 30 38 64 77 34 60 0 32 0 0 29 25 5 13 0 9 26 0 0 0 34 0 0 48 1 0 71 0 64 33 0 31 58 0 54 0 0 27 0 0 0 14 10 41 0 0 8 67 0 50 0 22 38 64 0 35 0
 0 0 0 0 87 13 0 19 75 2 0 0 0 60 47 0 82 0 19 0 85 48 53 51 0 0 0 0 46 0 0 0 35 0 0 0 0 37 0 36 23 69 69 1 65 0 46 0 3 10 0 56 22 0 1 0 0 6 35 30 0 0 0 77 0 39 0 0 0 6 0 28 0 74 28 36 72 0 91 13 0 38 0 0 39 26 30 21 0 18 6 0 13 0 0 0 50 39 65 0 0 0 49 0 11 0 0 32 73 55 0 0 0 4 0 0 0 56 0 29 0 0 82 0 1 0 18 0 44 0 36 0 0 0 86 0 0 0 0 5 14 86 31 2 26 0 1 0 0 26 0 18 0 20 0 18 15 63 26 64 1 25 0 58 0 0 0 4 36 0 31 69 0 0 0 0 45 19 21 19 0 16 24 12 30 0 33 47 8 4 0 0 0 23 0 0 18 2 0 45
 0 30 30 23 0 0 14 0 2 78 0 0 37 35 0 0 39 47 0 0 27 56 0 22 0 0 56 33 1 20 26 0 0 39 57 29 0 0 0 41 77 0 9 41 59 0 0 81 0 0 47 0 0 43 6 4 0 30 0 0 0 15 55 16 0 0 0 38 17 0 0 0 34 4 0 56 54 0 84 19 0 54 0 76 48 0 31 0 0 0 0 0 0 66 0 0 13 0 0 7 2 0 72 51 0 30 0 29 0 0 47 34 0 0 68 0 0 0 0 0 22 26 0 10 0 33 67 46 0 65 46 33 0 0 14 0 13 40 0 0 37 74 60 0 35 23 0 0 32 0 30 35 10 0 2 41 14 7 0 0 22 0 0 57 0 30 0 78 0 26 45 0 0 20 57 1 0 0 0 12 53 53 5 70 0 18 0 46 0 0 0 0 0 0 0 29 10 22 0 77
 10 0 0 55 0 24 39 0 0 37 0 21 0 44 49 0 14 0 0 0 46 36 0 0 0 27 0 63 0 3 16 0 25 0 0 18 19 0 0 0 23 0 0 22 0 69 41 29 38 12 0 0 0 23 0 0 0 0 0 0 54 0 47 36 39 33 46 0 0 0 0 68 0 0 0 0 0 46 57 17 95 0 68 0 0 81 0 0 25 53 0 0 0 0 0 14 0 0 0 0 0 36 34 34 0 15 34 0 87 0 0 0 0 0 21 82 0 72 0 0 45 53 63 75 0 33 0 27 46 0 0 0 0 0 77 0 8 3 85 21 66 0 44 0 83 15 56 0 0 17 4 26 38 14 57 0 0 23 0 2 19 0 40 0 13 0 71 0 55 3 0 0 0 57 0 23 63 0 0 21 50 4 39 11 10 58 0 0 19 0 0 17 0 0 24 3 10 0 0 63
 1 0 0 14 6 0 0 0 34 14 0 14 0 0 0 59 6 0 0 0 0 0 0 0 84 81 14 0 24 0 16 0 32 40 0 0 26 21 0 12 0 0 0 47 13 0 0 19 0 3 4 0 4 53 2 0 22 89 0 7 0 0 0 0 8 0 0 15 15 0 64 0 0 0 0 0 2 36 19 0 41 13 0 83 0 16 0 39 50 0 0 68 89 0 2 0 6 6 42 0 0 14 12 16 20 14 78 0 0 18 63 10 7 37 85 0 0 19 0 11 0 2 0 0 4 63 0 0 0 4 12 51 0 18 38 15 0 0 39 63 0 65 38 0 17 0 90 0 26 0 0 0 12 5 0 0 31 84 0 88 4 5 0 0 3 0 69 0 42 9 0 39 40 68 12 0 19 0 0 4 0 0 0 0 0 14 0 62 0 0 0 24 0 0 67 46 0 0 0 9
 13 0 0 13 0 0 24 0 0 46 6 0 0 0 5 0 55 5 19 9 20 46 0 35 60 0 0 0 3 0 26 33 0 10 0 0 58 0 10 0 49 1 32 0 21 40 55 60 3 44 0 42 0 46 21 0 16 0 24 30 0 0 0 12 11 0 17 23 33 66 10 0 84 18 0 10 0 0 36 0 0 25 89 0 86 0 13 39 8 0 35 14 40 64 0 0 30 2 48 0 0 70 27 15 0 13 33 57 7 0 0 6 0 0 28 0 0 59 0 75 2 22 0 78 37 53 0 6 0 4 0 0 0 0 0 52 0 0 58 0 0 0 0 55 0 0 59 79 1 0 28 18 35 40 0 0 0 0 0 0 76 1 0 0 0 0 21 0 23 0 0 50 0 0 0 0 27 20 0 33 0 42 23 0 2 3 67 34 0 34 23 3 0 16 35 0 0 27 38 0
 43 30 0 13 17 0 0 9 0 0 4 0 0 3 0 0 21 0 17 0 37 30 25 68 17 55 0 0 0 0 35 0 0 0 0 67 28 6 0 8 27 0 5 0 43 0 25 16 8 0 45 0 20 84 11 44 66 0 0 50 0 32 86 74 0 25 4 0 7 2 16 6 43 50 0 0 13 31 0 25 32 34 0 0 57 10 0 0 0 6 25 0 0 0 65 7 0 0 0 0 5 0 0 15 55 45 31 0 23 0 27 100 0 0 0 0 0 4 0 40 42 39 70 0 9 47 0 0 48 0 83 0 6 85 25 13 0 0 12 69 0 0 32 64 27 0 0 27 0 51 0 0 27 0 15 0 15 69 19 11 48 82 33 3 0 81 3 0 77 54 0 0 48 16 0 59 0 0 41 0 79 0 15 42 0 24 0 0 14 1 1 40 14 6 83 0 0 0 5 0
 0 0 87 2 0 6 0 79 0 0 0 46 0 0 0 0 33 0 0 17 15 5 0 97 40 38 0 13 41 1 81 0 0 42 69 7 0 0 0 0 0 45 0 0 0 0 0 30 67 4 0 14 14 1 58 0 60 0 0 30 0 36 0 0 0 43 0 7 0 0 21 18 0 4 16 75 0 26 36 38 0 0 0 9 0 0 0 3 0 16 0 8 23 0 0 22 3 25 10 46 78 69 82 15 0 0 0 0 38 0 22 50 0 48 49 17 0 36 0 15 0 62 21 8 31 47 22 0 84 0 0 6 0 33 0 0 0 0 0 80 0 0 20 28 0 81 90 40 39 26 32 27 66 0 0 16 0 0 0 68 0 0 0 28 0 28 30 37 0 31 54 0 57 4 71 0 35 46 26 0 9 0 0 0 4 0 29 0 0 70 10 78 69 10 0 0 36 0 30 35
 0 0 0 19 15 0 0 0 0 0 7 65 52 60 0 0 7 0 7 28 7 13 2 0 0 0 64 0 84 0 0 48 0 0 39 76 0 25 0 13 0 0 28 0 6 0 0 0 96 90 0 0 71 64 0 20 0 0 35 70 0 0 0 35 38 14 93 0 0 0 0 0 0 0 0 0 0 0 0 14 69 0 0 0 0 0 63 17 0 53 0 0 0 0 0 1 0 25 35 0 0 29 39 9 5 58 0 0 0 14 34 0 5 20 4 0 27 0 0 0 0 0 0 0 7 0 48 5 0 0 0 31 36 0 73 0 0 0 33 0 0 53 44 52 17 30 0 0 0 55 52 0 53 9 0 0 37 68 0 0 0 0 49 9 0 0 0 0 30 17 0 0 0 0 0 0 18 13 23 0 0 0 0 4 0 0 0 20 0 0 0 8 0 0 80 30 0 0 59 0
 0 41 0 12 0 0 0 0 23 0 56 0 84 0 0 10 0 8 21 48 6 33 0 29 13 0 0 0 0 62 0 25 0 0 0 0 0 0 1 72 0 0 17 0 0 0 32 0 0 46 6 0 5 0 0 0 41 0 16 0 13 0 84 0 23 0 0 0 0 0 0 16 0 37 0 53 1 8 17 0 0 7 0 78 65 0 11 0 55 0 36 0 31 0 0 24 56 0 0 1 0 0 0 87 6 4 0 0 4 0 0 46 0 0 0 56 4 77 86 56 5 63 35 0 0 35 0 0 26 60 2 0 62 0 12 0 19 58 1 0 0 45 0 0 22 26 44 0 0 0 0 0 49 22 14 0 14 0 98 0 0 0 0 74 0 6 14 39 44 45 41 66 0 11 0 21 0 0 0 8 0 19 0 14 58 0 0 0 14 21 56 72 49 18 0 0 0 0 0 6
 0 0 48 0 0 24 87 0 10 0 31 0 0 72 0 0 35 0 0 0 61 0 0 20 0 85 0 0 56 0 28 0 0 13 26 0 0 0 5 1 0 54 0 16 0 9 0 67 35 0 50 1 0 57 0 61 18 0 0 32 0 7 29 32 0 0 0 0 76 0 9 0 5 3 82 46 47 0 0 77 60 0 0 0 11 49 0 4 0 23 14 45 4 0 23 48 63 0 0 0 0 0 0 0 0 74 0 35 0 77 0 13 0 10 49 53 14 0 0 0 0 11 0 0 0 0 0 0 44 2 0 0 63 22 30 96 0 0 0 9 1 0 0 0 0 18 0 41 0 15 0 0 0 0 13 0 21 10 0 0 5 44 0 16 2 0 16 0 0 39 43 0 79 59 0 1 10 5 64 0 0 11 52 8 0 14 26 25 0 18 36 9 30 76 0 0 0 0 0 71
 0 54 4 0 0 0 12 0 71 36 35 0 33 0 0 0 0 0 42 0 0 0 25 0 0 0 52 11 0 75 65 0 0 0 92 43 0 3 79 0 0 0 9 23 60 0 31 0 73 37 0 44 49 60 0 0 9 0 45 70 0 0 0 15 0 0 7 0 0 0 15 0 47 0 0 0 1 0 0 0 0 0 46 0 0 0 0 0 17 26 0 62 13 19 72 0 0 15 0 60 2 0 21 0 0 0 0 0 18 0 66 0 0 3 44 39 0 0 69 0 0 7 0 0 0 0 0 0 59 35 37 0 46 0 0 0 0 21 77 0 0 0 0 0 0 80 3 6 0 4 7 32 0 0 0 18 0 0 0 0 0 0 6 21 0 23 36 0 2 0 35 52 0 0 77 0 0 0 0 0 0 0 78 0 69 8 0 0 54 73 0 0 11 73 65 20 0 49 17 10
 0 23 0 68 14 40 15 0 52 34 0 1 9 0 0 13 44 46 13 0 80 0 0 38 20 17 29 0 7 12 0 22 0 0 0 0 65 0 0 32 0 0 19 34 0 54 0 0 0 0 75 0 79 10 25 0 49 0 0 0 0 0 0 13 42 19 0 51 0 0 0 0 0 0 0 8 0 0 74 17 82 0 2 36 28 55 0 0 0 6 74 62 75 0 44 0 0 27 47 0 0 0 0 20 0 0 30 23 0 25 3 0 0 0 10 8 0 0 55 11 0 0 36 19 0 25 81 0 83 21 27 23 54 0 0 0 34 0 18 0 2 0 0 7 66 0 51 0 0 0 0 0 0 0 0 0 0 0 73 29 0 18 0 0 0 51 69 0 86 26 25 0 62 45 0 0 0 7 0 0 36 52 6 24 0 0 0 0 3 2 51 0 0 0 0 0 3 0 0 0
 50 52 0 0 47 0 0 0 66 0 0 54 0 0 0 10 11 0 0 0 0 60 0 0 15 0 29 0 14 0 12 26 0 0 0 40 39 55 0 20 29 4 0 0 0 0 0 0 0 20 0 0 0 78 39 0 43 79 0 16 10 32 0 0 0 0 0 6 31 75 17 2 31 0 44 0 0 0 0 0 0 0 55 22 82 79 17 0 28 12 9 19 100 0 0 40 0 16 0 0 1 0 28 0 0 12 0 0 0 49 0 0 30 50 62 0 0 25 0 38 0 0 13 0 0 0 0 15 0 32 0 28 80 33 19 0 34 0 0 25 0 0 1 16 0 8 17 5 57 0 55 66 28 38 0 16 0 58 0 13 21 0 27 0 55 0 0 0 8 5 0 0 0 0 13 12 0 0 0 36 0 37 79 0 39 19 22 0 0 0 0 34 88 79 0 0 24 17 0 0
 58 0 0 30 0 0 0 0 0 0 0 16 16 0 0 16 0 12 45 0 0 88 0 0 0 11 53 0 9 37 0 0 0 55 5 46 0 1 0 0 0 0 0 36 0 0 0 0 27 54 36 55 0 0 52 52 0 0 0 0 81 0 6 0 68 0 0 32 2 0 0 78 53 0 0 2 89 0 34 0 0 28 63 0 45 1 0 21 77 0 0 82 0 0 36 0 0 0 0 0 11 0 0 0 0 38 0 0 0 0 0 0 0 67 0 0 0 0 41 15 11 67 89 0 4 0 0 41 29 0 0 0 0 19 15 33 75 33 0 55 49 39 20 55 0 0 2 0 0 2 37 0 1 41 16 14 0 49 41 0 44 35 0 2 0 48 33 38 64 0 0 24 0 0 0 27 0 0 0 0 98 59 17 67 0 0 33 0 98 0 0 78 0 49 0 0 0 0 0 0
 0 3 1 16 0 14 0 0 0 12 1 0 57 0 0 4 0 0 0 0 0 0 61 0 28 43 22 0 0 0 6 0 7 70 0 0 0 23 11 19 11 22 0 47 42 14 0 81 0 6 0 21 19 15 0 97 0 1 91 15 0 10 61 0 0 0 0 0 9 13 54 0 55 38 0 0 0 2 19 66 0 2 41 49 22 26 0 41 0 0 17 54 0 0 31 77 0 17 0 0 30 0 47 7 62 0 13 0 0 20 0 32 36 0 61 31 6 0 47 0 0 0 92 75 0 0 1 0 75 43 0 0 8 0 71 0 0 43 0 0 3 4 29 89 20 24 0 0 0 35 0 11 12 0 46 0 0 0 6 0 1 6 0 0 6 14 0 0 11 5 0 28 50 86 51 69 0 8 0 0 0 0 33 28 0 0 26 27 0 0 0 0 19 0 28 33 25 0 55 0
 0 0 19 0 25 19 5 10 55 71 0 0 0 0 0 0 39 15 0 51 38 39 0 27 46 78 0 0 6 0 68 45 0 0 31 0 9 0 0 0 0 34 74 35 0 0 0 0 22 0 0 0 0 0 48 33 65 68 0 43 25 0 0 0 16 44 6 0 5 0 0 36 39 28 32 0 51 21 0 0 0 0 33 3 17 0 14 13 34 0 15 85 25 20 13 0 0 32 0 44 71 26 15 52 53 28 0 9 0 8 0 63 10 39 61 0 8 30 39 60 79 38 0 0 0 0 0 0 34 0 72 48 0 0 44 52 0 0 30 15 0 12 0 38 43 0 0 8 71 0 34 0 0 0 0 1 0 24 0 0 0 50 0 0 81 29 50 1 0 15 0 0 95 0 2 0 0 0 19 2 0 0 0 32 0 1 40 0 0 0 19 0 0 50 0 0 0 0 7 18
 0 0 0 3 0 0 0 55 0 0 0 0 91 0 63 5 43 0 7 53 0 0 2 0 0 0 8 80 57 31 0 0 0 0 0 59 64 43 48 5 0 0 0 2 0 67 74 67 14 17 0 25 35 0 78 0 0 97 7 0 44 0 0 0 0 0 2 0 45 0 0 0 1 0 3 0 13 2 0 21 25 31 59 47 0 8 27 70 1 11 16 0 0 41 36 0 0 0 13 8 68 21 0 12 0 62 0 1 0 0 22 3 0 0 0 22 16 20 18 35 20 0 12 45 0 1 10 0 46 12 48 0 0 0 46 0 0 0 71 0 0 0 0 0 0 0 0 74 77 0 26 0 8 0 6 1 11 0 24 0 40 18 5 54 76 0 22 0 45 0 0 40 2 0 59 31 0 5 6 17 47 6 68 5 31 0 16 0 33 73 0 35 20 25 3 0 12 9 0 25
 54 20 43 0 0 0 0 0 37 0 44 20 46 0 62 70 17 6 0 0 32 25 0 59 0 17 18 0 66 0 0 0 55 0 0 13 0 5 0 20 0 0 25 64 15 0 8 52 0 0 9 0 53 59 10 0 34 0 30 1 0 0 0 0 0 0 19 71 82 0 0 26 50 0 0 0 0 43 0 0 5 0 71 0 0 11 44 7 75 0 16 0 0 88 0 0 27 67 19 0 0 21 0 0 0 15 0 0 2 40 0 0 27 0 50 48 43 11 65 40 0 0 0 6 61 0 0 0 0 0 50 0 11 21 13 18 0 1 18 0 0 30 0 0 58 33 0 17 38 0 0 48 0 0 0 35 83 0 0 0 0 0 0 31 18 0 3 32 30 0 0 0 7 0 29 33 0 66 0 70 22 86 83 22 10 2 27 0 32 42 0 2 8 0 42 10 0 0 0 62
 27 47 68 0 0 0 0 0 0 0 0 0 29 72 0 0 49 65 5 82 0 0 0 28 36 0 0 40 0 59 0 0 13 0 0 0 50 10 24 0 0 0 38 48 0 0 0 0 0 1 0 0 17 0 8 0 0 25 0 81 0 42 26 68 0 0 0 84 0 0 0 34 0 0 0 6 0 17 0 0 4 12 0 26 0 4 28 33 0 0 0 10 9 0 0 0 12 8 0 44 31 23 79 0 0 0 23 0 0 0 0 0 14 0 0 94 0 0 0 78 62 47 0 0 0 0 64 72 16 38 0 48 0 26 0 0 0 0 42 0 6 29 0 45 0 0 0 0 70 17 0 24 21 67 0 28 87 0 51 0 8 0 0 44 0 0 35 0 45 25 32 27 0 0 26 19 0 0 0 20 76 0 0 0 0 0 0 20 0 63 23 0 0 60 17 97 23 17 0 0
 0 60 0 0 0 0 0 98 0 10 0 41 20 56 5 0 0 28 30 3 25 13 0 49 14 0 0 9 16 48 37 0 0 0 0 52 0 0 0 0 25 48 15 0 67 46 35 9 73 0 5 56 42 0 0 45 0 0 29 63 37 45 0 26 17 10 0 32 0 8 95 40 21 0 50 13 30 0 36 0 68 0 0 73 0 0 52 33 5 0 89 0 16 33 43 24 0 79 0 0 74 0 6 0 0 0 0 0 0 0 0 1 0 11 0 0 0 54 0 34 27 18 0 0 6 0 54 60 0 0 0 32 50 32 0 0 0 89 0 0 47 0 0 50 7 0 0 32 59 0 54 0 0 0 40 0 0 26 28 33 22 0 0 0 14 0 55 0 20 0 0 0 0 19 1 0 15 0 20 86 5 0 38 25 0 0 0 0 30 0 56 0 0 0 5 35 28 0 0 0
 58 0 0 31 53 0 0 42 66 26 0 43 63 57 0 72 23 23 74 0 57 0 59 0 0 10 43 0 41 6 0 6 0 13 0 0 8 0 81 0 1 50 0 42 12 31 0 0 16 33 0 8 12 0 23 0 45 96 15 0 0 29 14 0 21 0 21 0 0 0 0 0 8 5 0 0 12 19 0 5 0 2 0 7 3 26 0 0 7 0 1 0 0 0 69 0 19 79 0 0 47 12 0 0 11 0 2 0 0 0 24 0 0 0 0 17 0 0 29 0 0 0 22 0 63 14 21 0 50 0 35 80 0 42 0 0 0 56 0 0 0 71 38 69 0 0 26 53 0 62 5 0 0 0 0 0 0 5 29 46 0 9 0 0 23 39 83 0 0 0 61 0 0 0 17 0 76 38 22 0 17 14 50 0 87 0 0 0 0 0 3 9 0 46 0 11 0 0 67 0
 0 6 0 16 0 13 0 0 0 0 0 0 16 19 0 13 0 0 0 0 76 32 0 5 69 20 0 23 42 0 0 78 18 0 0 10 34 75 0 0 10 55 0 0 52 47 0 9 74 0 0 40 21 3 0 0 77 7 6 0 8 0 78 10 0 0 33 0 17 0 33 0 24 0 0 0 28 9 0 17 0 78 36 0 12 0 10 10 1 0 0 0 0 0 0 0 35 12 0 28 0 21 37 16 14 70 4 1 34 27 23 0 75 7 19 2 0 0 37 0 6 0 0 79 15 14 0 0 29 29 64 63 0 19 15 13 6 1 44 0 0 65 0 0 3 0 0 0 35 10 0 34 0 0 61 0 15 0 46 15 94 9 0 12 11 77 37 5 0 0 61 0 14 0 0 0 38 0 16 0 0 0 43 0 56 0 0 48 0 17 15 50 0 0 0 15 30 27 0 18
 0 55 25 1 51 35 0 0 0 0 5 50 0 0 0 0 0 0 24 59 0 0 78 23 0 0 67 27 14 38 36 0 0 0 86 0 0 0 72 0 40 0 0 0 6 0 0 52 0 5 0 0 0 32 8 3 25 0 14 0 0 9 0 3 0 0 0 0 0 46 0 0 27 0 28 55 0 0 0 0 1 0 0 83 4 28 0 9 26 7 0 25 6 5 0 0 0 0 70 0 9 0 43 0 0 0 0 2 0 0 14 0 34 0 32 0 0 0 29 0 0 44 0 0 47 79 3 0 0 0 23 0 87 0 39 30 4 0 18 0 0 0 17 0 0 0 12 0 2 0 11 0 1 0 64 38 0 0 9 6 0 0 0 0 0 85 78 31 30 0 0 0 78 0 55 0 0 43 40 19 52 62 0 85 0 0 0 0 52 0 1 0 17 0 0 47 4 19 0 5
 0 0 26 0 0 0 6 44 17 0 0 29 0 0 34 0 69 34 20 0 0 0 6 0 0 0 0 0 0 81 0 56 7 0 0 40 31 0 0 0 0 30 3 0 0 0 26 26 0 0 27 80 0 73 0 0 0 4 4 69 0 0 29 16 79 11 62 20 0 0 51 58 0 0 15 0 34 39 1 14 78 43 0 73 0 86 0 0 14 78 0 0 22 0 0 43 72 12 33 8 28 7 0 0 46 51 0 21 0 0 0 39 23 33 0 5 0 0 0 0 3 4 0 0 0 0 0 0 0 42 0 20 56 5 0 26 0 10 0 0 4 26 2 29 0 0 0 0 5 0 25 0 0 76 0 0 69 0 0 64 0 70 0 0 74 5 0 0 36 0 0 26 2 25 0 0 0 67 22 22 49 0 1 0 71 0 45 66 0 59 0 56 0 6 47 75 38 0 35 30
 9 91 35 20 49 44 83 0 0 0 0 12 0 13 0 0 13 28 0 18 3 37 2 0 55 14 0 38 0 0 0 74 8 0 27 39 0 20 0 37 7 0 3 0 82 6 0 0 0 44 56 10 0 12 9 82 0 31 42 1 0 76 48 31 0 69 0 0 0 1 37 5 30 33 0 53 69 18 33 67 0 24 0 56 0 38 42 9 27 5 0 0 0 0 0 56 4 71 0 26 62 0 35 2 0 0 0 0 42 0 35 55 0 0 12 42 0 19 12 27 0 55 0 0 0 0 32 47 63 61 20 35 6 28 35 0 20 0 11 28 39 0 3 0 0 0 44 0 0 0 16 0 0 1 50 74 0 45 13 0 0 0 0 7 0 4 0 0 0 0 41 83 0 73 0 12 0 12 1 0 32 35 0 0 7 27 12 0 11 58 0 0 18 0 0 11 25 0 35 28
 16 8 0 65 0 0 0 21 55 0 0 0 1 0 56 66 0 0 0 0 63 0 0 12 34 11 0 0 16 79 57 46 0 36 23 29 0 0 0 54 0 12 66 0 14 0 0 87 0 27 19 0 34 3 1 3 0 0 0 20 5 0 0 8 0 37 16 0 0 28 4 0 8 0 0 12 0 0 0 0 0 0 0 73 0 0 0 12 0 0 0 0 0 7 0 0 0 0 39 0 63 0 22 0 0 19 40 59 0 0 0 3 11 48 0 36 3 0 62 0 0 79 21 0 0 0 0 16 2 0 48 0 41 0 0 0 0 25 21 13 48 62 0 5 9 0 18 16 0 27 82 11 0 0 0 0 0 0 2 0 0 19 0 0 0 8 29 63 0 11 0 48 0 0 49 12 0 7 0 0 62 13 8 19 0 31 0 0 31 68 0 6 0 0 35 21 0 51 0 0
 0 11 31 0 48 0 1 49 0 0 0 42 0 65 24 0 0 38 7 0 56 1 0 18 27 0 20 92 0 63 0 40 15 0 16 28 46 0 35 0 0 29 0 68 0 0 25 0 49 1 68 82 0 0 0 10 56 61 0 0 0 1 44 27 0 89 32 90 0 8 3 0 20 0 0 55 0 0 0 54 4 0 26 45 9 0 0 8 12 0 29 0 16 0 0 30 84 39 0 0 0 0 27 0 0 0 0 65 7 13 17 0 13 27 0 0 0 0 0 0 40 0 0 37 47 0 36 0 60 0 0 0 0 44 25 0 61 0 98 54 29 0 0 0 17 46 0 71 0 0 0 19 0 0 0 12 0 0 0 0 13 0 27 2 0 26 69 0 0 0 0 0 0 65 0 1 78 0 0 0 0 0 0 0 54 63 75 8 29 20 0 40 0 49 63 0 22 32 10 0
 0 0 15 0 0 0 0 1 0 68 67 38 0 19 17 43 0 45 4 0 89 0 1 82 57 0 37 32 42 0 0 43 37 38 75 0 31 0 0 0 29 32 0 30 0 0 0 47 56 8 0 1 31 0 0 0 0 0 0 46 58 25 0 23 34 61 15 73 40 0 14 34 38 76 13 0 41 0 31 0 0 0 1 82 12 11 0 0 0 40 69 0 0 36 55 6 0 0 29 21 23 5 1 27 0 0 0 0 0 0 30 48 9 0 0 29 40 86 24 59 44 0 0 10 0 0 43 47 43 7 32 0 15 61 37 9 0 7 0 0 70 0 0 0 0 0 73 25 25 0 0 67 70 41 38 98 37 34 6 29 5 34 1 44 0 12 0 1 19 19 57 15 8 0 0 45 0 80 0 79 27 2 53 54 68 6 51 0 54 40 55 11 0 64 0 73 4 0 0 0
 0 16 0 0 23 4 78 59 27 47 11 0 0 26 13 0 44 0 56 75 0 0 0 85 3 30 34 0 2 85 0 0 0 0 0 29 0 0 26 25 0 0 59 16 68 0 0 43 55 20 14 83 6 0 47 0 9 17 91 6 0 45 71 0 91 0 0 0 61 13 36 0 10 0 27 0 0 14 28 0 0 55 0 0 0 0 14 53 81 0 63 0 0 0 0 1 11 0 24 0 33 5 1 0 0 20 4 0 0 11 0 0 73 0 50 0 0 0 13 1 34 0 0 57 0 0 4 35 0 0 0 0 37 0 0 46 0 0 0 12 9 69 25 47 40 5 15 0 72 11 16 30 0 28 0 0 6 18 0 0 0 0 0 52 25 70 0 0 0 0 38 45 0 0 0 40 93 0 0 63 0 40 0 0 18 1 0 0 0 0 0 38 2 27 79 0 63 51 61 25
 53 0 7 65 73 0 0 0 0 87 0 0 0 33 0 34 55 0 0 0 61 6 61 0 52 66 50 0 0 66 0 30 0 52 23 7 55 0 43 0 70 20 45 41 0 0 0 0 38 9 0 0 22 0 85 0 6 24 22 36 0 76 0 10 0 0 0 0 0 0 51 0 47 0 0 0 0 0 0 0 4 5 53 21 0 0 42 39 27 0 66 0 0 0 0 63 0 0 0 49 38 0 63 14 18 0 0 60 0 0 18 25 0 0 1 24 13 78 10 66 0 0 0 49 0 0 9 0 0 0 0 61 0 0 48 0 19 0 0 16 0 0 53 3 0 27 47 86 46 0 2 75 33 48 35 13 12 0 56 0 5 0 0 67 0 0 27 0 19 0 24 14 2 7 5 0 14 0 65 39 22 0 74 0 32 0 0 0 62 17 74 0 1 0 0 0 52 28 35 0
 0 30 0 14 0 0 0 0 0 0 80 63 55 25 0 0 13 9 0 29 0 0 0 17 0 53 59 10 31 0 12 0 0 0 0 38 32 13 0 0 37 0 37 0 9 89 0 0 23 0 67 7 19 0 0 76 0 15 0 0 0 85 22 6 0 0 51 15 0 58 30 77 8 0 94 51 0 0 0 0 3 0 0 0 79 0 0 0 80 0 33 47 20 4 16 62 17 0 0 0 0 47 0 0 0 0 0 27 31 33 0 1 0 33 0 54 0 0 14 31 35 27 32 4 0 0 35 0 79 0 0 72 0 71 65 76 0 5 0 54 0 4 81 10 0 0 2 0 0 0 37 0 6 0 0 0 0 34 56 0 37 2 0 0 0 0 22 41 39 78 18 0 0 70 63 0 92 0 37 7 67 0 0 38 50 0 48 4 0 16 0 0 0 49 0 0 0 0 13 0
 0 0 0 77 21 0 46 11 27 0 0 0 88 0 17 36 28 64 27 21 0 59 0 0 0 79 0 0 36 0 19 0 0 0 51 82 0 0 0 0 0 14 0 48 15 0 0 10 40 24 0 0 23 0 0 0 0 0 0 34 0 0 0 0 43 0 0 0 0 0 0 0 36 44 53 4 72 1 67 0 0 0 5 27 0 45 0 0 0 23 3 4 15 41 10 56 14 35 15 0 0 17 9 0 44 0 53 51 4 57 0 3 0 0 0 0 19 0 4 70 42 30 0 47 0 14 0 38 0 9 0 0 18 0 10 0 0 0 0 28 72 5 0 56 98 33 50 38 0 51 0 0 81 0 49 48 0 0 0 0 0 86 11 0 19 0 21 0 0 71 0 81 44 68 0 0 0 0 0 52 0 0 10 3 29 18 3 0 0 99 59 5 49 0 0 0 0 0 21 0
 11 0 0 7 52 26 0 13 1 0 0 0 0 0 0 44 0 8 84 30 26 36 0 3 58 11 0 0 0 10 0 54 0 0 0 0 0 62 0 0 0 0 0 15 54 0 0 0 36 0 0 0 78 18 26 0 0 7 0 16 22 0 29 2 34 0 0 10 0 5 62 50 0 35 11 0 0 0 11 66 0 0 8 51 0 10 0 0 43 38 14 66 31 8 11 0 2 50 42 5 0 74 0 23 30 33 0 16 12 0 69 0 0 6 0 0 0 8 0 3 0 0 0 67 0 0 0 25 13 30 0 0 61 0 9 16 0 78 43 51 56 0 33 40 0 39 44 12 0 0 0 6 0 41 0 0 0 0 39 0 0 13 0 0 67 1 0 75 0 0 9 40 0 0 0 0 33 0 0 81 0 68 0 11 0 73 3 78 80 0 14 32 0 0 0 0 0 0 57 41
 0 0 4 0 34 31 2 16 9 16 0 63 57 92 52 0 70 0 25 39 48 0 27 0 3 0 0 23 0 2 0 23 47 4 0 0 0 0 0 0 10 0 84 16 4 4 66 0 59 5 0 63 22 0 20 10 0 0 54 47 0 27 22 0 0 11 38 39 0 0 0 0 0 0 54 0 0 54 0 0 9 0 50 0 24 0 8 16 0 75 0 0 83 25 0 0 0 0 21 87 42 40 0 0 0 0 25 32 63 8 80 0 1 0 0 18 36 4 0 0 26 0 9 0 0 0 0 0 0 0 0 4 0 0 0 0 0 43 36 62 30 0 0 0 1 24 11 19 0 0 0 31 0 47 0 0 0 11 96 26 0 0 63 0 6 12 11 59 0 37 36 0 0 0 0 70 1 0 0 0 0 3 0 0 13 7 57 23 0 70 0 0 0 0 0 45 0 55 21 0
 59 0 0 22 0 0 0 0 0 0 61 0 0 0 31 0 39 0 0 0 46 8 0 0 0 1 26 0 0 7 0 34 49 56 43 29 0 0 17 46 0 0 0 81 24 0 51 0 7 0 0 35 0 2 0 45 17 20 15 0 0 23 17 0 52 0 0 0 14 15 21 0 0 93 73 68 0 0 60 22 0 39 6 12 32 0 0 0 7 17 0 0 0 0 41 11 3 0 0 0 34 0 0 0 0 46 0 30 28 0 33 0 6 64 50 35 0 2 23 40 96 68 43 0 41 0 20 11 80 22 58 0 69 0 5 27 2 0 2 0 0 52 0 0 60 0 0 0 46 77 0 25 0 46 0 80 0 0 33 0 0 0 0 0 19 0 0 0 0 4 7 50 19 59 2 4 60 6 23 0 0 0 37 14 80 29 0 0 0 0 52 24 0 0 0 0 0 0 83 0
 46 0 12 0 39 49 17 0 23 24 0 0 0 0 0 41 0 0 0 56 0 0 0 0 0 0 0 0 16 0 0 0 23 12 29 0 19 58 72 0 0 0 0 76 0 19 0 20 25 0 0 0 11 20 0 29 0 0 37 8 0 0 0 25 0 0 0 19 0 12 42 74 0 57 26 46 99 42 64 0 54 36 0 32 0 39 33 0 70 49 15 85 0 0 0 0 56 0 0 0 63 8 20 0 0 0 0 88 33 0 14 18 0 16 35 0 0 21 0 0 53 0 0 0 0 0 0 4 23 0 77 5 0 0 0 39 0 65 69 38 23 0 0 0 0 22 20 0 0 0 0 0 61 0 0 0 70 0 0 1 0 6 10 93 0 25 0 32 10 0 32 46 0 1 14 50 45 0 11 26 0 0 6 0 54 99 0 42 4 33 0 3 5 55 57 22 0 93 8 0
 0 0 0 0 54 23 0 0 0 0 28 53 70 95 19 80 79 34 0 41 73 0 21 0 14 0 0 0 71 36 76 0 16 0 0 0 16 0 0 11 14 17 15 0 0 86 0 0 2 0 22 68 25 40 51 0 0 0 0 0 13 0 0 9 0 0 20 11 71 0 14 11 0 67 0 58 0 79 10 12 43 0 34 62 64 0 29 0 25 0 38 0 0 83 67 49 0 53 0 0 71 21 0 0 0 0 2 79 0 0 15 68 38 0 3 0 2 10 0 0 12 0 5 0 51 0 0 57 0 58 0 0 0 2 0 7 3 48 55 0 20 0 63 14 0 0 0 26 3 0 0 0 0 0 0 0 37 0 0 0 0 0 20 14 16 0 16 30 38 0 0 1 0 0 20 80 9 40 0 36 16 0 22 34 27 8 0 0 0 7 0 0 51 8 13 0 0 0 71 28
 73 53 0 0 78 8 0 17 0 12 0 0 54 0 46 0 0 11 35 0 27 0 20 0 0 0 3 0 53 13 0 30 0 0 60 47 15 0 51 0 38 0 0 0 0 0 12 0 50 0 11 59 0 24 0 0 18 12 52 69 0 16 0 67 0 0 0 48 0 0 48 17 0 0 34 0 0 0 63 36 0 44 0 19 67 73 0 0 0 73 0 14 0 0 0 0 26 41 0 0 25 45 0 0 0 39 5 10 7 0 91 27 0 0 4 62 52 41 0 63 0 0 0 0 72 0 0 0 7 0 0 0 0 0 9 3 0 0 0 0 37 35 70 0 0 4 0 0 0 71 0 0 15 0 14 0 73 61 6 24 0 0 0 0 10 42 0 0 31 41 74 35 0 19 4 0 0 0 9 0 91 0 6 0 0 0 7 18 0 47 0 47 0 5 14 0 0 13 0 0
 51 51 0 5 0 10 27 0 48 0 30 0 0 8 0 74 0 0 38 0 5 0 65 29 0 0 0 0 11 0 60 5 3 44 0 22 91 5 4 0 0 0 0 0 53 69 0 0 0 25 0 63 0 55 7 0 56 0 24 23 1 0 0 70 0 0 37 0 64 4 9 2 76 0 8 0 42 0 0 36 0 0 0 12 0 0 2 45 4 0 45 0 0 0 51 0 0 0 3 0 0 50 0 0 40 0 0 87 0 0 0 0 41 38 0 0 0 0 20 5 31 24 0 0 61 0 0 0 0 0 0 9 0 0 38 0 0 0 14 41 29 6 53 0 24 70 0 8 0 0 0 3 52 0 24 46 0 55 0 86 51 0 0 16 0 0 29 0 0 57 2 65 0 53 53 0 81 0 0 44 28 0 45 16 0 0 0 2 0 30 23 20 12 0 6 0 21 0 0 5
 0 0 29 0 30 0 0 25 0 87 0 25 48 37 0 11 19 0 37 20 60 26 7 12 50 0 9 0 0 0 27 0 0 0 37 0 28 0 22 24 3 58 5 0 0 58 0 70 0 16 0 54 0 48 63 18 27 0 0 0 0 17 3 0 0 6 84 0 0 4 0 0 37 49 0 28 0 0 31 36 56 0 0 16 32 0 30 61 27 0 5 48 0 0 5 0 4 0 40 10 0 0 31 38 18 36 4 48 0 38 17 30 46 0 95 0 11 1 0 40 0 0 0 0 35 77 53 5 32 0 46 0 0 22 0 0 0 0 0 42 0 0 24 53 0 0 50 10 0 0 52 0 25 41 0 0 0 0 0 90 0 0 0 0 36 49 0 5 24 0 0 10 0 0 53 39 10 70 24 0 0 0 0 0 0 41 91 0 0 45 0 39 39 88 0 66 0 11 0 0
 0 39 61 0 0 0 43 0 0 0 0 0 0 0 0 73 0 0 0 34 0 0 0 4 0 61 26 0 0 14 48 56 0 0 0 0 0 0 88 0 81 0 0 10 0 0 0 9 79 0 67 79 18 12 0 0 21 0 7 0 11 0 0 40 0 0 79 29 17 0 0 20 13 21 45 0 0 47 0 7 4 8 1 1 0 16 0 1 5 0 65 25 0 6 0 0 26 67 0 22 0 51 27 3 28 0 21 55 7 0 0 0 0 77 6 42 0 0 0 16 63 0 92 83 11 0 51 93 0 78 0 0 78 0 45 11 0 0 23 0 0 13 0 0 74 13 20 29 0 0 3 0 0 0 2 26 0 2 0 0 0 34 0 0 0 50 6 0 0 11 0 0 0 0 45 0 0 46 35 0 0 39 47 0 28 0 20 15 0 0 38 59 13 0 24 0 40 21 63 61
 0 0 7 0 53 0 0 0 0 2 0 56 0 8 34 0 11 0 0 0 66 0 0 0 0 37 0 71 0 0 30 66 11 0 0 0 0 0 0 48 0 37 5 0 16 0 78 0 80 2 48 0 0 0 0 0 0 0 0 44 3 14 0 58 29 49 48 0 0 8 0 35 0 0 0 0 96 0 73 1 0 0 10 0 0 47 0 0 42 54 0 93 0 0 79 0 0 21 0 0 85 15 0 0 48 0 0 18 0 0 29 0 15 2 35 0 0 45 36 0 12 43 0 62 0 0 0 0 33 0 9 51 4 2 0 21 74 25 8 0 0 0 25 79 14 53 36 0 34 0 0 24 13 0 0 46 4 0 9 0 19 0 33 18 4 0 23 10 3 0 0 5 0 11 5 0 15 2 22 31 43 0 8 13 0 0 42 0 0 0 0 0 41 11 23 0 13 0 0 49
 0 0 0 15 30 15 19 35 0 78 10 95 44 21 80 0 5 6 68 0 0 0 1 23 0 9 21 0 7 1 0 11 0 0 30 0 4 6 0 0 20 68 0 24 0 7 21 0 49 0 38 7 0 0 4 0 0 0 0 0 0 0 27 0 0 0 0 0 0 8 0 11 0 0 66 0 0 0 0 0 0 0 0 32 0 24 0 14 29 68 0 94 0 26 0 77 0 6 0 0 0 17 0 61 0 0 25 57 46 34 20 14 74 8 32 0 10 70 39 11 32 18 33 27 32 27 51 0 95 33 51 0 79 16 4 0 62 0 0 0 3 68 71 55 78 0 25 0 0 0 0 0 0 1 0 0 0 40 0 0 66 0 31 4 10 7 60 22 27 36 0 0 55 15 36 52 0 2 0 6 53 0 21 2 0 37 18 0 32 0 7 40 5 0 51 0 0 7 10 0
 43 0 0 0 0 0 20 0 51 51 61 0 0 8 0 0 30 0 0 5 0 12 51 0 9 0 0 0 0 57 45 0 1 39 65 0 5 7 43 55 0 0 0 36 66 0 0 31 5 0 0 35 0 0 0 0 0 73 4 26 16 0 0 0 29 6 36 0 0 31 89 0 49 6 0 0 12 0 0 67 0 16 24 7 86 20 0 5 45 0 0 0 26 8 21 0 0 0 66 0 18 0 0 14 0 11 0 7 0 4 0 19 0 0 0 0 35 14 0 14 12 24 20 0 0 0 0 0 0 11 0 0 0 0 6 0 0 0 22 63 62 0 10 76 0 0 42 5 0 0 0 37 0 0 0 0 0 0 50 41 1 0 31 0 0 37 32 0 57 0 2 3 0 0 38 0 0 30 80 0 0 22 0 20 24 71 20 0 0 0 0 0 0 0 0 69 0 0 15 0
 0 0 0 8 18 35 0 0 56 24 20 78 10 23 0 20 25 10 0 21 0 0 47 0 61 0 5 18 14 33 45 53 0 0 18 0 0 16 0 17 0 0 13 0 0 42 0 19 31 25 0 56 0 0 0 0 31 0 0 0 2 0 35 0 0 0 45 25 0 61 24 13 0 0 22 78 0 85 0 40 14 0 0 0 0 70 10 41 36 0 24 0 67 24 0 49 18 26 55 0 0 0 0 78 0 0 17 0 0 0 0 39 0 46 31 5 0 70 0 62 0 33 42 0 52 0 0 0 48 4 0 5 16 0 7 0 27 14 0 0 0 32 57 55 60 0 24 28 93 0 0 45 0 56 0 0 0 0 0 28 0 46 0 71 17 0 0 36 55 0 1 0 62 48 16 5 0 43 0 1 60 24 6 6 18 43 62 0 5 44 0 0 0 0 0 24 0 0 30 0
 57 0 0 0 44 36 0 0 1 38 18 0 0 0 0 15 0 15 47 3 48 0 0 40 54 20 0 0 0 0 5 18 0 11 0 0 34 19 21 43 0 0 0 66 65 0 55 54 0 0 14 10 21 0 47 41 0 0 0 0 0 37 0 59 60 0 27 24 4 0 0 56 9 29 0 63 0 0 37 0 0 31 26 3 38 0 48 53 0 22 16 0 0 0 24 76 44 14 13 0 32 0 17 0 0 34 0 0 0 0 57 0 59 0 51 0 0 65 13 86 8 0 0 0 0 46 29 0 33 0 0 87 49 0 0 0 64 8 0 0 0 3 0 16 22 0 11 40 0 0 0 6 0 7 0 43 37 2 0 0 68 14 21 0 36 38 0 37 51 0 0 38 44 0 58 19 51 0 14 0 0 0 1 2 0 0 86 49 32 17 63 0 53 0 0 0 0 11 0 0
 0 56 75 0 19 20 0 0 0 3 0 38 0 0 0 40 0 42 0 47 24 0 36 25 12 0 0 63 0 19 46 10 0 0 0 0 0 63 0 42 35 0 6 35 0 0 61 0 0 47 0 23 22 5 0 0 0 0 0 0 0 24 0 0 37 0 0 0 25 0 0 71 42 13 0 48 37 40 22 0 0 0 43 0 0 0 0 98 0 0 57 75 0 0 0 71 3 6 43 69 41 52 26 0 73 39 0 66 0 49 34 0 0 0 0 0 0 14 5 0 0 50 0 0 0 0 0 59 0 54 0 28 11 0 23 49 42 0 30 0 0 0 59 0 0 36 42 0 0 0 30 45 73 0 71 0 0 0 79 0 0 0 0 14 0 8 0 0 0 0 0 0 9 25 0 0 10 47 0 0 11 0 19 0 14 23 0 68 63 0 0 0 0 46 15 0 86 0 14 20
 5 65 0 0 0 0 87 70 0 81 0 0 0 78 0 0 10 0 0 5 0 36 52 0 0 0 16 0 31 0 0 0 0 33 0 17 17 12 38 0 0 33 33 0 0 0 76 46 46 0 59 0 17 0 0 7 0 0 0 12 0 0 0 0 0 0 12 0 0 0 0 0 37 0 37 0 0 0 0 0 0 0 0 0 0 0 25 23 95 0 47 0 0 0 54 0 0 0 67 12 0 62 3 0 0 0 6 14 0 38 0 0 88 0 0 0 24 0 5 0 12 0 0 0 17 14 45 43 16 0 0 4 0 0 0 0 0 70 0 13 0 0 0 50 0 54 0 0 54 0 64 13 0 12 50 12 0 39 58 71 0 16 67 0 6 14 37 47 0 0 15 78 61 0 0 0 0 0 0 0 0 0 55 0 0 46 0 21 26 64 0 0 0 0 20 2 0 0 0 0
 0 0 25 0 15 0 0 0 0 0 0 33 0 9 0 18 31 0 0 44 0 15 0 0 4 2 22 0 0 52 0 65 0 0 0 0 40 51 0 0 0 0 24 0 33 9 0 0 0 34 0 0 0 0 42 76 55 0 19 34 46 33 82 0 0 0 52 45 0 56 53 53 0 0 0 0 0 36 0 67 79 36 0 0 22 27 0 35 30 90 0 31 0 7 17 0 21 41 21 0 74 0 32 45 0 0 63 0 28 0 0 42 19 0 54 2 64 68 63 0 0 9 0 0 0 0 0 59 0 0 48 4 35 0 4 45 85 0 2 12 0 56 61 14 74 0 3 0 0 45 42 42 78 0 48 71 5 2 0 54 19 34 0 0 0 0 0 0 11 0 7 0 1 64 0 21 0 41 33 0 0 0 0 80 26 0 46 20 40 14 0 0 0 43 0 0 21 31 2 13
 0 0 0 42 0 54 0 34 15 8 40 0 0 0 0 0 0 42 0 37 0 46 29 0 0 0 0 9 2 63 0 14 0 0 25 21 23 24 15 15 21 0 49 44 13 0 0 22 71 0 0 8 0 0 30 0 0 0 0 17 0 0 48 2 2 35 74 0 0 0 0 0 0 0 22 42 0 0 5 0 0 0 54 3 16 0 0 0 0 9 20 0 53 0 64 63 36 0 0 48 0 66 38 0 0 52 0 56 0 31 13 38 25 51 48 29 38 0 22 0 0 0 0 0 0 6 0 10 0 11 13 13 0 0 19 0 27 0 50 0 0 89 0 6 9 38 0 45 6 17 59 0 0 0 42 0 0 0 21 31 0 0 0 0 0 0 0 14 0 0 57 0 2 35 0 0 12 2 6 45 0 70 24 0 0 49 2 14 0 69 31 28 7 0 0 53 0 77 0 52
 0 0 18 0 0 0 0 0 0 0 68 0 0 54 31 0 0 0 0 34 72 1 11 0 0 2 0 0 13 1 0 0 3 0 0 0 0 0 26 0 0 41 40 13 0 0 0 0 47 11 0 0 0 0 0 0 0 35 28 0 45 78 13 0 46 68 53 35 23 8 22 0 0 0 11 20 0 30 0 47 0 0 0 0 86 13 59 0 15 0 2 96 9 0 0 0 0 0 0 0 0 0 33 37 0 0 57 0 0 0 0 0 0 11 0 23 94 0 5 0 61 45 30 0 42 71 45 58 0 0 43 81 67 0 69 9 15 15 0 80 0 51 20 35 0 0 0 0 59 0 0 8 34 51 0 8 0 64 0 0 8 1 0 0 0 45 54 0 0 14 62 0 32 0 56 0 62 1 13 62 0 5 20 1 0 0 0 23 0 0 43 0 0 24 25 0 25 76 0 0
 1 43 0 14 0 0 12 0 11 0 0 63 0 65 0 0 0 8 0 0 0 10 62 0 21 53 0 29 44 64 0 0 20 0 0 0 10 13 47 0 5 0 62 17 0 0 47 0 34 0 0 0 0 0 62 31 0 93 21 0 0 11 8 0 0 55 24 0 17 82 2 0 0 0 0 3 3 8 76 20 1 0 37 8 0 0 19 1 13 8 0 0 25 6 13 0 70 12 4 0 51 22 81 57 25 41 0 27 35 0 47 0 0 0 0 0 24 40 0 0 0 0 75 17 0 55 19 0 43 35 0 0 0 0 0 0 0 63 0 0 6 62 12 0 0 13 53 60 0 0 0 58 0 33 0 3 28 69 19 24 53 93 0 3 0 0 0 0 60 0 0 90 0 8 0 2 15 27 0 14 83 83 0 17 0 0 58 0 33 27 40 10 41 0 0 84 42 27 0 0
 21 0 0 80 0 0 0 0 0 23 0 21 0 42 64 29 34 4 0 0 0 44 28 11 0 0 0 0 66 0 25 19 0 65 0 0 50 0 16 37 9 42 0 6 13 0 63 21 20 7 29 0 4 38 61 1 0 0 0 0 0 20 74 0 24 48 0 39 0 10 31 0 0 0 0 33 23 0 90 46 32 0 11 0 0 0 33 6 42 0 45 20 0 60 6 0 0 0 41 90 0 0 14 1 21 0 0 0 0 47 0 88 0 27 0 8 33 0 4 0 0 21 3 5 16 0 0 0 0 6 0 0 20 0 18 0 0 0 47 42 67 0 0 16 0 25 0 97 0 14 0 24 54 1 4 0 0 13 0 38 7 0 75 12 4 0 43 37 0 0 49 57 4 44 33 0 19 28 3 91 0 0 13 0 12 0 0 21 0 0 31 89 74 0 38 0 6 0 0 0
 0 31 18 0 0 0 0 60 29 0 0 68 0 0 0 16 16 0 40 10 0 0 0 39 19 0 0 0 0 2 0 0 69 0 30 19 24 63 0 0 32 98 49 56 0 68 0 22 59 20 0 0 0 94 0 0 0 0 57 14 0 0 12 17 6 40 25 43 0 5 64 0 0 0 32 0 31 0 74 0 0 32 0 58 0 85 0 7 0 0 0 13 0 0 76 48 0 0 0 25 0 24 24 6 42 61 0 0 0 23 0 0 13 43 41 0 30 0 0 32 16 46 45 49 31 0 0 10 0 26 3 21 58 33 0 0 0 0 0 0 33 0 0 0 0 65 0 0 0 70 0 0 52 26 0 13 51 2 58 0 0 0 0 20 52 0 19 0 29 83 24 0 0 4 0 0 0 74 0 0 63 0 52 0 56 11 0 0 4 12 0 0 0 0 0 37 19 0 0 25
 0 14 31 0 6 53 0 0 0 19 0 32 0 21 0 58 11 0 0 0 0 10 0 77 21 10 0 0 0 12 21 0 0 0 80 0 38 0 0 0 0 54 1 0 59 7 0 0 0 0 0 5 40 0 66 0 21 11 72 68 0 5 67 29 0 0 8 0 0 0 0 0 0 35 30 0 22 0 0 43 30 65 30 0 21 0 0 0 7 31 0 0 7 37 0 90 0 30 0 62 0 0 0 0 0 0 0 10 0 0 10 0 0 0 0 0 16 64 48 25 4 0 0 0 0 75 0 84 6 31 0 0 0 53 38 20 0 0 47 0 40 0 0 26 21 57 21 0 9 4 4 39 38 18 12 57 0 0 42 54 0 37 0 8 0 0 0 0 15 15 0 0 21 0 0 0 0 27 17 0 0 0 0 0 0 0 0 0 0 0 0 7 0 0 0 8 0 15 0 10
 0 0 0 0 8 18 0 2 0 0 0 0 30 0 59 9 9 22 13 77 0 0 2 0 17 0 0 0 30 29 0 8 30 0 23 88 0 0 10 0 33 0 0 16 0 0 43 0 46 0 0 61 43 37 57 31 38 0 0 0 16 0 0 24 0 0 62 0 0 0 20 0 0 0 14 0 0 39 0 4 0 0 45 47 58 0 0 0 45 0 0 48 0 26 41 47 0 0 0 59 0 0 0 0 0 63 0 44 31 0 25 41 0 11 0 0 0 0 21 0 21 32 26 36 0 24 9 51 0 0 0 0 33 0 55 0 33 0 0 0 0 0 2 80 0 71 0 0 0 27 43 20 0 0 0 24 8 25 0 0 0 0 0 42 19 15 0 0 0 0 48 0 69 0 0 34 0 0 0 3 0 39 0 0 6 0 51 34 26 15 0 0 0 28 84 0 54 0 22 62
 0 0 0 76 50 0 43 0 0 29 36 0 15 0 13 40 0 36 19 4 14 38 4 79 22 0 25 0 0 7 22 36 32 0 0 0 47 0 56 33 0 0 21 46 0 0 70 0 0 2 70 0 0 0 52 0 0 45 0 0 0 0 0 2 0 0 47 0 45 8 61 18 0 0 22 10 20 0 0 14 30 0 0 0 89 0 0 0 0 0 0 29 0 33 32 0 4 97 0 31 7 0 56 0 0 44 71 19 0 0 2 0 48 31 20 0 0 0 12 15 43 37 0 0 0 25 0 49 0 0 0 5 16 0 56 4 0 2 71 0 42 0 62 42 13 0 0 0 24 0 0 18 70 17 71 0 0 0 49 0 0 37 0 64 0 0 0 0 0 0 0 23 0 41 64 0 0 13 0 0 0 34 34 66 32 0 0 22 55 0 35 27 0 53 57 0 54 0 4 57
 0 28 0 0 5 32 30 0 60 65 16 0 15 65 55 0 5 28 0 0 0 0 4 79 0 0 0 31 47 93 0 10 0 0 0 26 51 0 2 47 50 0 31 57 0 0 70 0 0 31 25 3 0 62 20 43 50 0 0 61 97 18 10 0 0 19 0 54 0 0 33 22 0 0 0 20 46 15 17 0 0 25 51 21 0 0 0 0 0 0 75 17 0 0 65 77 54 56 15 90 0 51 37 0 0 0 0 39 29 5 11 34 0 0 2 34 3 20 42 0 0 24 0 0 0 67 0 0 0 0 29 0 0 49 66 0 92 0 0 38 0 23 0 0 0 0 0 17 0 3 0 0 0 20 19 13 31 1 0 57 29 0 0 34 14 0 21 37 36 30 0 55 0 32 25 0 33 10 41 43 33 0 0 0 46 17 56 0 8 0 0 24 59 0 0 28 76 19 0 85
 0 0 0 27 0 0 10 31 28 0 25 17 73 65 26 0 0 28 76 0 30 0 14 0 0 90 0 50 46 31 0 0 0 0 16 1 0 0 0 15 0 3 0 47 59 15 9 0 81 0 14 0 13 13 19 35 0 0 32 0 21 73 0 14 0 0 25 56 0 2 0 5 20 0 0 23 54 17 7 14 0 0 7 27 80 53 56 0 0 0 0 9 35 0 0 0 0 0 0 25 0 25 0 0 10 0 46 12 0 29 0 9 82 0 4 0 17 0 20 2 0 0 13 0 0 35 0 0 51 0 0 0 28 0 0 0 13 35 0 14 0 36 0 50 0 0 0 5 50 0 0 11 0 0 0 0 4 0 46 36 0 0 31 0 34 0 31 97 19 0 0 0 12 0 86 0 57 0 0 0 37 0 0 0 9 0 1 44 0 41 0 0 0 23 30 0 67 11 39 24
 0 0 13 0 0 0 49 30 0 0 0 0 19 11 0 22 52 8 0 53 0 0 77 0 83 23 0 0 55 9 0 10 0 86 6 72 49 39 0 0 0 44 0 17 23 74 0 0 26 39 37 0 41 0 0 0 0 0 66 0 0 0 31 0 0 0 0 23 0 0 0 48 20 16 0 0 0 0 0 2 14 72 0 25 0 8 0 0 14 0 3 74 0 2 10 28 62 0 18 24 57 65 0 5 0 0 0 0 0 56 0 19 5 98 65 0 0 0 0 0 0 0 42 0 19 18 11 0 0 17 0 91 0 0 0 0 34 11 0 12 17 22 23 0 0 15 10 0 52 14 0 0 0 0 62 0 0 51 62 42 35 0 0 0 61 45 18 0 0 2 36 15 48 0 0 78 0 0 25 0 0 35 0 0 21 15 0 0 0 30 28 0 0 27 0 19 0 63 15 0
 43 0 0 5 0 21 69 37 17 89 53 41 0 51 0 28 0 0 0 8 0 0 0 69 0 30 0 0 0 0 2 48 0 38 0 0 88 0 0 0 50 47 5 0 0 0 56 0 0 11 54 37 31 7 8 33 0 0 0 0 26 0 0 74 0 77 33 86 0 0 38 0 0 0 0 71 0 0 0 0 1 0 0 0 58 28 78 0 0 50 0 43 0 26 0 74 5 20 0 0 0 81 0 0 0 0 0 0 0 0 0 73 7 0 0 23 0 0 0 0 0 6 0 0 28 0 0 61 10 0 58 0 0 0 47 25 0 0 14 0 20 68 19 4 64 0 61 30 0 54 0 0 21 0 65 0 0 0 0 0 0 84 0 0 0 0 70 0 71 0 0 36 45 0 28 0 0 0 9 0 19 26 0 42 82 9 56 16 0 26 88 0 38 33 0 4 9 0 15 0
 0 50 16 8 22 71 45 0 31 46 17 0 0 34 0 0 22 0 6 0 0 31 33 6 0 0 0 0 0 81 0 0 22 12 18 22 26 0 17 19 35 0 0 0 0 0 48 0 0 49 1 0 16 0 4 0 0 7 65 0 0 4 0 0 21 0 0 0 0 0 0 25 0 41 34 81 0 30 84 3 0 0 69 35 41 41 0 0 0 0 0 0 0 0 0 2 0 0 0 3 75 71 67 0 14 0 34 60 47 64 16 33 0 0 52 0 19 0 0 0 0 40 1 0 0 50 58 0 0 2 23 0 9 0 0 0 0 15 0 0 21 0 34 69 38 77 0 10 0 86 0 0 0 0 0 0 0 96 0 43 0 0 12 0 0 0 0 16 35 0 0 39 0 0 0 0 0 0 0 0 32 0 0 0 0 0 5 17 7 0 23 88 56 0 20 0 0 1 0 55
 0 0 0 18 0 0 0 14 0 0 0 56 0 0 0 0 18 29 46 0 1 12 40 0 41 2 0 27 36 0 0 33 0 0 44 32 1 14 20 43 41 55 0 0 0 0 0 0 0 0 27 14 0 20 42 0 0 0 41 46 43 28 0 28 20 0 19 21 0 1 0 13 1 0 57 45 35 8 28 9 0 0 40 0 0 0 38 5 11 0 6 0 0 0 0 61 2 41 41 35 0 12 25 42 0 0 0 0 0 8 4 48 0 0 0 0 0 64 0 0 51 51 4 0 38 17 49 0 53 0 0 15 19 0 93 0 9 0 5 0 38 0 65 44 76 2 57 24 0 0 0 19 0 79 0 0 65 56 11 67 3 0 14 0 0 83 16 0 0 56 0 69 0 14 43 0 0 0 28 0 39 0 0 0 0 0 0 0 0 5 0 58 0 8 0 33 0 36 0 0
 0 19 40 0 0 0 0 78 0 28 0 0 0 27 0 0 0 0 14 0 0 19 0 52 0 48 0 0 0 20 0 37 0 49 30 37 0 0 79 10 22 0 41 47 0 77 0 40 0 0 29 15 72 40 65 0 0 27 8 16 53 0 0 53 0 5 10 22 38 68 0 48 0 0 1 8 31 60 8 0 0 0 0 13 6 37 44 0 50 20 23 8 0 0 0 18 11 54 52 0 78 37 0 56 3 0 31 4 0 0 0 37 0 4 51 63 36 0 0 51 0 3 0 29 30 17 41 0 19 3 0 62 7 7 31 52 0 32 0 30 0 36 0 6 0 31 0 10 13 10 0 8 24 25 30 0 15 0 17 50 63 22 80 43 0 37 0 0 73 12 0 0 0 74 28 0 35 0 0 0 0 0 0 0 0 0 3 42 12 33 89 0 0 0 0 55 0 0 65 36
 10 29 87 15 0 56 46 0 8 67 6 40 0 25 19 39 0 0 0 0 58 0 0 49 0 3 24 41 74 0 0 22 50 14 21 78 25 0 0 97 0 86 0 0 0 0 0 10 0 0 0 77 64 0 0 53 0 0 0 3 15 43 0 26 0 47 0 43 15 0 49 18 32 0 26 0 65 48 0 51 0 13 5 4 0 86 0 0 42 21 0 62 0 31 0 11 0 0 57 8 7 68 66 5 82 78 31 24 0 32 53 0 0 54 0 35 0 21 0 0 0 0 41 0 0 0 0 0 25 31 0 0 53 0 0 0 0 0 4 0 8 0 0 0 14 0 91 12 20 77 0 39 16 37 0 0 68 32 0 0 0 48 0 55 20 0 0 29 57 0 0 39 40 0 42 53 0 18 0 0 41 24 0 53 0 0 25 18 6 0 17 69 0 0 39 0 93 0 0 0
 5 5 0 0 62 65 17 0 7 0 49 0 39 22 0 0 0 65 24 0 0 0 0 1 27 0 0 52 62 0 58 0 0 0 0 10 21 35 11 0 0 23 3 0 0 0 0 41 7 23 57 1 0 5 68 0 21 31 17 0 74 0 0 57 71 12 0 24 29 0 8 43 0 8 0 10 23 0 0 8 0 0 26 0 73 0 10 38 0 0 2 0 27 24 4 12 21 0 63 0 49 16 0 26 0 0 43 5 62 0 0 0 0 0 0 15 0 15 0 0 14 23 5 79 0 0 0 0 0 0 0 26 0 0 0 0 0 0 0 0 46 12 0 22 18 73 43 0 0 0 0 37 4 58 0 0 27 64 38 22 0 0 0 0 0 0 0 9 0 19 20 86 0 0 59 62 23 0 0 0 0 26 0 39 0 21 0 0 3 19 0 0 0 34 0 29 0 20 0 0
 41 3 0 0 0 13 0 0 45 0 70 29 31 0 0 0 0 0 0 74 11 36 43 14 5 53 0 0 48 0 0 0 0 0 0 10 0 99 0 0 22 0 0 21 35 0 8 44 54 5 0 64 0 7 29 78 0 0 47 7 49 1 0 0 0 73 0 0 20 22 0 0 0 0 0 0 0 0 0 0 0 0 0 0 0 19 83 0 0 13 0 86 0 43 43 0 0 0 0 0 3 75 0 31 0 0 0 42 0 0 0 24 49 0 1 0 0 57 65 25 0 0 0 0 27 48 0 16 84 31 0 0 0 35 55 38 0 0 0 0 52 20 32 16 0 52 0 55 55 54 0 0 0 49 40 2 0 60 67 4 0 44 32 0 0 0 21 67 0 81 0 8 0 25 0 18 10 32 0 36 24 27 0 28 0 17 88 0 0 17 0 0 0 0 0 0 0 0 43 0
 14 29 0 86 0 0 5 39 40 11 22 34 0 0 56 0 0 41 0 48 52 0 0 0 37 0 2 0 0 0 13 27 0 0 16 58 10 15 37 57 40 0 63 0 4 0 0 0 10 0 46 0 59 72 6 54 39 67 0 78 6 68 0 31 18 0 32 0 98 18 65 0 0 0 0 0 0 8 0 22 23 0 84 0 44 23 72 2 44 0 33 58 0 79 49 14 0 8 0 76 33 1 0 54 67 4 0 16 52 0 0 29 81 92 26 43 0 46 1 0 0 76 0 59 10 2 22 16 60 0 0 0 0 0 0 0 3 0 0 23 0 41 0 0 0 0 0 0 0 12 0 0 0 39 0 38 13 77 36 65 11 0 0 12 0 0 0 0 0 0 0 8 0 0 1 0 12 0 0 70 0 26 0 19 0 51 41 0 0 0 6 0 5 34 0 9 0 0 0 0
 74 0 0 26 0 0 18 7 36 0 67 0 16 1 0 31 0 0 17 3 9 50 0 63 0 5 76 13 36 0 0 23 0 66 0 0 0 0 14 0 0 0 24 20 0 50 8 25 0 52 0 71 0 0 54 0 0 73 0 16 14 10 0 21 21 11 15 0 4 0 12 0 0 7 0 69 18 37 25 26 0 10 21 0 0 2 5 0 0 37 0 17 23 0 0 62 72 78 0 0 0 41 0 0 5 0 8 29 8 91 8 0 0 0 0 0 19 0 22 0 17 69 0 37 20 91 0 31 16 45 0 40 0 0 2 10 64 11 21 29 0 0 7 16 22 0 52 0 0 0 68 0 22 0 0 0 47 0 2 12 2 0 0 2 43 0 39 0 0 0 0 0 33 0 0 8 17 87 0 0 3 31 20 36 59 0 34 42 0 37 0 0 31 14 4 0 0 0 0 0
 0 0 5 0 36 35 0 0 0 0 29 54 9 0 35 0 0 0 35 3 10 0 32 0 15 8 0 39 1 3 0 68 13 21 52 0 0 28 0 23 0 4 0 13 0 7 0 0 0 47 19 0 0 47 3 41 4 0 36 15 54 0 0 0 47 0 34 0 0 78 0 11 10 0 0 0 0 0 0 76 0 13 0 0 14 3 0 0 16 76 0 7 0 6 50 0 0 0 0 32 57 45 0 0 1 0 21 14 78 0 83 15 0 0 0 63 2 31 4 0 9 42 0 0 58 0 0 0 0 27 11 14 0 0 28 76 0 0 75 0 17 0 0 6 0 3 0 80 13 5 0 50 23 7 0 0 0 0 0 0 0 5 0 79 0 0 10 0 38 75 54 0 29 0 32 62 12 0 41 0 0 0 10 2 19 0 50 0 0 0 95 18 0 4 0 0 0 15 0 53
 15 0 1 0 0 0 78 0 21 0 15 49 0 53 6 0 42 25 55 8 0 0 0 0 27 16 49 0 14 0 0 2 0 71 57 23 0 0 0 14 0 27 0 91 0 0 0 0 7 0 0 16 28 6 52 0 0 0 49 4 0 69 61 0 0 0 0 52 0 17 0 0 0 37 31 86 0 0 0 75 0 62 35 0 0 0 60 27 26 0 0 18 66 0 7 18 0 11 0 0 0 0 0 0 0 65 28 0 0 71 0 11 0 21 0 0 37 71 93 0 0 0 0 0 52 18 0 13 0 12 54 0 16 10 0 37 12 30 13 0 0 0 36 42 0 0 0 0 0 0 0 0 71 66 46 81 0 11 6 47 55 0 0 63 0 0 0 87 0 52 12 0 0 20 1 4 20 0 0 81 0 34 32 0 33 0 16 0 0 80 0 28 23 0 14 0 0 15 36 20
 1 59 71 0 0 0 79 0 0 67 47 0 5 0 56 23 79 0 0 0 29 0 42 72 0 0 21 36 9 55 37 17 0 0 0 77 0 10 2 0 0 83 62 7 0 21 11 46 0 18 17 15 33 0 22 0 0 30 0 0 56 53 0 0 0 33 0 0 0 0 16 15 9 14 0 0 98 0 48 0 0 7 0 0 70 0 0 15 0 0 0 23 39 25 0 97 30 0 43 0 0 0 89 75 42 95 0 0 0 30 12 48 85 0 0 0 40 0 0 0 0 55 36 0 0 22 5 2 39 35 0 19 0 40 52 43 0 0 0 23 0 53 26 0 18 0 0 0 5 0 65 0 0 1 1 0 85 80 13 41 0 0 38 41 0 0 5 38 81 18 0 0 0 28 30 0 0 0 16 47 62 0 4 0 0 14 37 0 0 0 0 0 72 0 0 0 0 0 0 43
 0 91 0 0 0 0 0 0 0 0 0 0 27 34 0 60 0 0 0 0 0 57 50 62 0 0 75 0 31 0 4 0 64 40 20 7 10 0 13 74 4 0 34 15 0 55 25 0 0 1 0 0 61 0 0 8 0 31 12 59 0 70 0 79 0 7 0 0 10 10 62 0 43 0 2 0 0 26 59 0 21 0 0 0 28 0 24 29 0 25 0 0 8 0 0 65 0 0 27 86 0 12 37 28 0 0 22 7 0 43 35 0 14 60 6 83 0 9 56 0 9 25 0 1 33 16 0 37 15 0 0 0 0 65 75 0 32 0 4 51 22 0 6 68 59 0 0 31 3 4 64 0 59 0 0 0 83 8 0 0 43 87 0 2 0 0 0 68 0 0 0 0 0 0 0 10 0 0 0 80 0 13 32 0 0 1 85 28 0 0 0 0 2 0 0 1 0 54 54 0
 0 0 0 0 0 45 63 34 0 26 0 3 0 0 0 0 66 0 66 0 32 88 53 60 0 64 20 1 0 0 0 0 14 2 0 0 0 27 15 7 64 15 0 0 0 0 17 0 0 2 0 0 0 0 77 0 0 42 0 32 8 31 0 0 47 0 13 36 32 0 0 0 8 17 66 0 0 0 0 0 0 0 0 0 11 0 0 73 11 0 0 34 25 15 0 21 25 0 0 0 0 3 0 15 0 7 86 0 0 32 5 11 21 0 12 0 0 58 0 27 0 51 0 42 0 0 0 0 27 0 7 18 3 0 41 16 0 0 27 88 55 0 0 59 0 0 0 0 0 0 44 70 0 50 0 5 13 67 3 12 51 0 0 0 0 0 0 0 43 36 0 62 0 0 0 7 33 0 18 15 0 0 0 2 9 0 0 3 42 0 0 0 2 37 4 0 0 25 0 25
 0 8 64 0 70 3 0 0 9 61 0 0 3 0 37 16 0 27 86 0 0 0 26 0 0 0 2 35 0 68 0 0 16 10 29 6 7 0 49 0 56 22 16 0 14 74 20 0 46 0 0 0 0 45 20 0 26 0 0 0 9 0 0 4 0 0 0 39 0 18 0 0 43 23 0 0 28 87 0 39 5 0 38 42 0 0 46 59 39 0 0 0 52 0 35 44 12 22 0 63 7 0 53 12 0 0 0 51 0 65 0 63 23 0 68 21 72 29 43 0 59 28 68 35 28 0 4 0 0 0 41 70 64 5 8 12 13 20 0 29 1 0 13 37 30 0 0 0 0 0 0 27 15 47 0 0 0 51 33 7 0 0 41 0 18 0 58 0 36 0 0 31 32 0 14 0 0 22 48 30 44 0 0 16 0 23 40 0 33 74 0 28 0 0 0 0 5 8 64 35
 42 0 0 0 0 40 0 0 53 0 0 0 0 29 12 0 0 0 0 0 49 55 0 6 0 58 0 0 0 7 84 0 0 60 0 0 0 7 0 0 7 70 24 9 61 58 22 36 0 0 0 59 57 78 9 0 0 0 0 51 30 93 16 33 33 43 0 35 0 67 0 24 0 33 0 20 13 0 0 11 0 4 28 0 0 35 34 28 0 0 0 0 0 0 0 0 7 12 0 0 11 7 0 28 0 24 53 40 8 0 0 0 0 38 21 0 51 0 15 22 42 40 63 46 26 22 0 0 41 28 17 58 83 67 25 0 0 0 64 43 16 0 63 9 0 0 24 0 31 13 0 0 0 4 10 0 21 0 45 30 23 68 20 11 0 0 11 62 44 0 0 0 0 3 0 0 0 4 18 28 0 0 51 0 42 0 0 48 0 0 0 0 0 0 0 49 0 87 0 0
 38 12 35 33 0 0 13 0 0 0 0 0 0 7 0 0 5 8 44 0 17 0 5 66 0 12 59 0 0 0 50 72 0 21 7 0 0 0 0 15 85 0 16 0 0 0 0 0 17 0 22 46 14 0 14 2 0 0 0 53 0 73 60 2 38 0 35 44 0 54 0 76 24 0 0 0 0 0 0 2 0 13 0 0 0 0 0 0 66 0 51 11 0 23 11 0 26 1 0 21 42 53 19 0 1 0 0 0 0 54 0 0 32 0 0 0 32 48 0 67 35 0 0 62 0 70 0 0 0 51 9 0 0 50 0 0 0 35 0 0 0 2 52 62 0 0 23 41 0 26 0 0 0 0 62 17 0 51 9 22 3 0 26 0 87 10 0 0 0 0 0 0 13 0 0 59 29 0 47 0 0 28 0 63 0 36 21 9 0 0 5 2 31 4 0 0 0 64 0 54
 0 31 0 0 53 0 0 94 0 0 0 79 0 0 0 40 0 0 7 48 12 18 50 0 39 39 19 28 0 26 31 0 0 0 0 0 0 34 12 0 5 7 1 32 62 46 8 37 8 0 37 0 0 73 0 0 0 0 0 84 20 0 0 0 74 0 0 3 0 0 0 0 0 13 16 0 40 42 5 0 23 48 0 0 36 36 0 0 0 0 0 0 13 0 24 0 0 0 0 0 21 26 37 37 57 18 9 0 0 0 0 0 44 0 26 0 0 17 73 0 0 0 2 63 0 22 26 79 18 59 63 0 41 0 0 0 74 38 0 24 0 12 0 71 18 0 0 0 0 23 16 8 0 10 0 0 0 63 40 74 41 15 0 1 0 3 0 0 2 0 53 57 83 35 77 14 33 0 41 70 13 29 60 0 39 1 0 38 0 10 0 0 75 19 92 18 0 0 38 0
 0 33 1 0 0 21 0 0 0 45 0 0 0 0 0 0 14 0 19 33 10 28 0 0 0 8 2 22 0 0 72 19 3 16 0 16 20 0 37 0 56 0 85 30 0 0 0 0 25 0 13 54 0 0 0 48 0 0 0 0 0 9 54 96 92 0 3 66 0 0 0 0 0 0 30 0 20 76 0 0 0 0 24 0 0 0 0 7 3 70 12 50 31 73 0 0 5 0 27 0 62 5 44 29 0 33 61 0 3 23 13 41 3 11 0 46 0 0 21 10 0 0 67 39 0 0 28 0 29 30 0 88 27 0 44 2 28 8 37 0 24 66 11 17 0 0 0 27 0 18 0 0 0 0 39 0 0 16 0 0 0 54 43 0 17 0 0 0 0 41 44 0 44 0 0 37 74 0 0 0 0 0 0 0 15 0 0 0 31 51 0 0 0 0 0 51 0 15 0 30
 0 61 12 82 0 32 0 0 23 0 0 14 0 10 9 50 0 0 0 3 0 0 0 18 0 0 0 12 0 0 82 21 0 0 28 6 8 5 0 30 39 3 0 0 2 0 0 93 56 0 65 26 0 37 0 39 0 0 75 0 0 60 0 37 0 11 56 0 0 0 32 0 0 3 0 0 0 0 3 0 27 0 0 0 0 68 0 15 0 6 39 0 64 12 0 0 0 0 8 7 25 3 25 0 31 28 0 97 31 0 0 35 2 0 56 0 0 0 79 62 20 0 11 0 42 0 45 7 0 7 0 26 0 0 0 0 0 37 0 14 53 0 8 0 0 24 70 87 36 37 20 21 0 8 11 0 0 0 11 10 68 16 31 6 0 0 0 0 30 51 12 0 0 3 0 0 34 30 50 0 88 17 15 0 27 14 0 23 18 0 0 21 64 0 0 0 3 52 0 0
 0 11 15 0 26 84 0 33 5 0 0 10 9 4 0 0 43 29 22 70 63 0 0 26 16 37 42 14 0 15 8 0 16 35 6 27 31 8 77 0 0 35 0 0 0 0 0 0 39 0 0 0 15 8 0 15 0 55 8 0 0 69 16 0 0 0 0 12 71 29 29 0 0 15 13 0 29 42 22 0 95 18 0 0 0 0 0 0 23 0 51 0 97 0 0 71 0 0 0 26 56 0 0 0 0 25 0 53 0 0 0 49 0 0 0 0 0 7 68 17 72 81 24 0 6 0 0 41 79 0 0 24 46 0 24 8 72 0 51 37 0 0 47 0 18 0 6 3 46 5 0 32 6 0 0 0 0 0 45 0 29 0 48 0 51 89 0 0 0 72 0 0 10 0 80 37 25 6 0 12 0 52 0 0 0 23 45 20 0 0 0 60 0 15 22 35 0 0 0 25
 0 41 96 0 0 0 0 7 0 0 42 32 9 8 22 57 0 0 0 36 13 60 60 75 0 49 31 67 84 42 17 28 0 15 9 73 0 8 49 74 3 0 13 0 29 37 0 0 52 0 22 2 0 0 0 0 40 0 5 64 6 0 59 34 11 4 0 11 59 19 55 0 53 13 0 0 28 0 49 28 7 0 84 0 0 0 16 35 38 22 16 0 0 0 0 74 0 4 41 0 0 42 0 0 27 0 0 15 55 1 14 62 0 11 11 0 0 19 0 0 0 0 55 0 24 0 0 0 53 31 0 0 0 0 0 0 37 38 0 23 37 0 0 10 3 39 27 21 0 0 0 0 0 65 0 14 0 0 0 21 21 0 0 4 0 0 5 16 75 6 0 0 11 0 0 0 0 29 0 0 38 25 0 10 41 0 23 67 29 50 1 0 0 21 14 0 64 0 12 0
 57 0 72 0 37 17 12 18 0 27 0 0 0 55 2 46 0 0 0 0 0 9 88 0 24 0 0 58 0 0 0 35 0 5 1 5 0 26 0 0 30 21 0 0 21 0 7 0 40 8 36 18 0 50 23 0 36 0 0 18 2 17 0 73 13 50 3 0 0 0 0 0 0 0 29 38 35 17 76 80 40 0 0 0 0 36 28 12 6 14 37 39 0 0 0 40 0 0 5 4 18 33 24 33 0 54 0 30 0 0 20 9 58 0 0 0 0 0 0 0 23 77 7 59 0 33 1 0 0 0 79 4 34 4 7 0 60 0 3 0 7 0 0 0 44 0 33 17 0 12 0 66 6 0 0 0 0 0 33 0 0 0 0 0 0 0 20 0 0 0 9 52 60 0 0 0 42 5 0 0 0 23 0 0 66 0 42 92 0 30 34 2 9 67 0 10 0 0 0 8
 30 0 0 34 0 63 57 11 0 0 39 0 0 6 57 0 0 50 0 6 25 0 0 0 23 30 0 0 0 0 0 23 55 43 0 0 12 0 38 0 0 0 0 51 0 0 0 0 0 47 13 57 22 9 0 7 4 17 0 45 0 0 0 0 12 68 19 0 13 8 60 11 22 9 48 0 2 0 0 0 0 0 0 0 44 0 0 66 0 53 27 0 47 0 0 48 11 29 82 18 0 0 60 0 0 31 14 0 0 0 0 0 7 0 3 0 0 8 18 51 0 0 0 43 33 0 21 0 0 31 71 0 0 0 0 0 80 0 0 30 4 0 66 0 8 14 0 0 32 0 59 72 27 35 0 70 0 0 0 0 0 0 0 0 0 8 0 0 0 22 35 0 0 0 6 37 0 58 30 0 0 0 0 19 90 0 0 0 9 0 0 24 30 81 0 0 55 0 0 0
 0 1 45 5 34 0 18 3 0 0 0 33 0 0 34 2 36 0 0 0 17 12 64 18 63 0 0 33 0 35 53 43 0 13 0 0 0 59 39 0 8 31 0 0 0 0 0 0 70 0 18 10 0 73 10 14 9 0 18 5 38 0 0 0 9 12 61 45 4 41 0 30 0 30 40 58 45 13 74 40 0 7 25 0 20 54 0 0 0 50 0 0 0 18 58 0 0 0 0 0 0 79 0 0 0 17 3 0 0 0 1 0 0 0 30 50 0 0 0 61 0 22 62 0 13 64 0 0 0 0 0 0 0 25 0 43 0 57 21 34 0 19 88 26 9 6 0 35 45 0 0 0 35 1 21 0 19 0 0 0 0 0 28 0 15 0 49 0 17 36 0 82 1 0 15 50 3 63 36 0 60 13 0 0 0 0 32 12 7 12 51 0 0 0 7 25 0 0 0 1
 36 29 48 0 29 65 13 91 0 17 42 0 12 0 61 0 0 44 0 9 51 49 0 0 0 0 0 0 0 3 0 0 0 22 0 72 0 0 0 0 54 0 0 7 1 51 13 0 0 12 21 4 0 24 75 0 3 0 22 0 0 0 21 0 8 0 18 0 0 0 0 0 35 27 72 0 34 12 13 9 0 0 32 0 29 4 0 15 0 56 39 0 0 44 80 2 0 80 48 63 0 40 0 0 0 36 55 30 0 2 7 19 0 24 57 0 44 12 0 0 0 15 5 0 0 74 49 18 0 23 17 34 0 73 91 0 6 6 51 19 0 12 36 32 0 51 20 25 0 4 17 6 29 27 6 50 0 0 26 10 0 0 0 18 51 0 41 0 0 0 56 6 7 0 0 9 0 13 30 0 60 4 0 0 0 0 0 62 89 0 0 0 45 22 38 48 0 35 0 11
 0 0 0 61 0 28 0 19 0 0 0 21 37 8 25 0 30 0 0 3 23 0 0 24 0 0 0 18 0 0 0 0 19 0 0 64 0 37 0 88 46 10 0 0 32 0 77 63 0 41 39 51 4 0 0 42 72 82 16 0 0 56 40 39 10 0 0 33 0 0 33 34 0 0 21 0 0 0 35 60 0 0 46 10 0 68 36 0 0 0 0 0 80 65 0 0 0 0 15 22 51 0 60 20 37 46 2 0 0 0 48 0 0 0 7 12 2 19 0 37 0 0 13 85 61 49 0 46 0 0 0 0 0 0 0 0 26 0 0 0 0 32 0 0 30 84 35 61 8 30 1 0 0 64 26 0 0 0 13 0 0 61 1 37 0 0 11 69 12 24 94 62 0 0 19 31 16 0 57 34 38 13 2 27 39 0 0 0 0 11 0 0 0 7 39 43 0 0 35 0
 0 0 0 0 26 45 0 0 0 13 36 0 38 0 36 0 53 0 0 20 0 32 0 0 60 53 0 0 11 24 15 0 18 21 7 47 0 0 38 0 0 0 27 0 46 16 0 0 3 0 0 0 0 32 0 0 0 0 5 0 13 0 0 16 6 0 0 0 0 63 51 0 15 0 1 0 0 81 0 20 0 30 0 0 1 0 0 46 0 23 72 10 0 5 9 0 28 10 60 0 0 0 33 0 0 0 25 0 0 0 39 29 0 0 0 34 0 12 0 0 66 0 0 23 20 10 19 37 10 56 4 96 60 0 21 0 0 0 0 33 0 95 0 69 0 0 43 0 52 12 0 16 47 40 46 0 0 0 28 0 0 24 0 49 0 0 37 77 0 0 0 0 0 10 0 0 0 79 0 0 0 59 0 0 0 44 0 22 0 0 0 13 0 0 1 10 0 0 73 27
 0 0 0 0 0 78 9 33 0 0 0 2 0 0 6 31 25 14 25 4 0 20 0 30 0 62 0 0 46 0 0 73 0 0 43 0 0 0 0 0 0 9 0 19 0 0 39 50 7 0 0 0 0 0 67 0 11 0 4 0 81 28 0 11 0 0 66 41 0 28 28 15 0 0 4 0 12 0 75 11 12 0 59 0 0 0 41 0 14 15 0 73 0 0 0 0 23 48 84 22 0 5 0 9 0 0 28 0 60 0 0 0 0 25 13 64 0 0 0 0 0 29 0 32 0 85 0 44 0 36 0 0 60 0 0 0 53 29 14 46 0 24 16 11 0 36 30 0 33 27 0 0 0 78 0 0 55 0 0 77 0 0 98 0 0 6 0 40 12 87 0 0 0 37 0 16 0 0 0 0 6 55 0 12 19 32 0 62 0 0 0 0 0 54 51 46 0 83 56 33
 0 22 42 0 0 10 26 29 13 19 0 0 0 5 90 11 0 38 32 0 0 1 0 0 0 43 0 0 0 0 0 30 81 0 0 0 0 0 14 0 0 0 0 54 0 60 0 44 20 0 52 0 0 54 53 45 0 0 0 32 38 0 0 0 3 0 0 87 0 64 40 39 33 1 40 0 0 34 40 84 0 71 0 0 42 9 13 70 16 0 0 0 64 59 0 3 1 27 0 19 88 0 0 2 13 79 1 32 15 95 0 0 36 22 0 0 0 0 0 93 53 42 60 0 0 27 0 73 0 30 31 42 29 45 10 43 12 7 0 41 73 0 88 36 7 2 0 0 76 3 87 0 0 0 43 0 54 0 26 0 8 0 23 0 73 0 20 44 13 0 0 0 9 65 0 0 9 0 0 22 0 0 0 37 26 0 0 43 95 31 18 56 5 0 38 31 0 47 0 0
 0 8 12 0 53 76 16 0 78 32 61 0 0 30 0 43 0 0 0 26 0 0 0 37 7 0 0 0 28 0 0 0 5 0 30 0 0 0 15 23 66 57 0 17 0 2 35 0 0 69 29 24 0 0 37 35 0 21 50 0 0 0 0 7 0 0 12 11 41 51 0 0 6 40 0 1 0 5 18 0 22 34 0 21 22 0 0 0 0 0 0 0 2 7 0 4 22 0 19 54 0 69 10 0 0 66 0 28 74 0 0 7 0 28 0 0 0 52 25 0 0 0 15 0 40 25 0 96 0 62 0 70 0 7 0 79 51 0 38 1 0 53 16 0 3 30 0 0 84 37 0 18 2 0 24 78 0 11 17 45 0 0 0 58 0 0 27 0 18 0 0 0 0 74 52 0 0 0 54 0 29 10 0 0 8 14 53 3 39 0 5 23 25 6 25 0 0 0 10 26
 0 2 35 0 0 30 19 0 66 0 7 60 0 23 14 0 0 0 0 15 0 0 0 47 0 11 0 20 1 46 0 38 18 41 46 38 66 0 40 46 0 61 75 12 40 61 0 9 0 0 0 0 0 0 31 0 51 53 0 44 0 40 8 0 0 0 0 9 0 0 11 45 0 0 47 0 57 6 5 32 6 0 0 0 34 0 0 0 41 0 53 0 33 0 0 49 0 0 86 0 25 3 0 0 0 0 4 45 0 63 56 0 59 68 0 0 0 85 0 0 20 0 17 0 72 42 21 14 0 0 0 7 100 0 0 0 15 0 57 18 51 0 18 0 0 8 0 0 0 65 27 0 23 0 0 0 26 0 0 36 0 0 0 0 18 41 0 0 3 3 15 53 0 0 0 7 47 24 0 0 56 18 0 43 36 55 59 47 0 0 0 28 64 0 0 0 45 0 6 0
 45 37 42 68 0 3 0 22 1 0 35 60 0 0 17 0 0 0 0 77 22 0 40 0 0 53 0 39 0 42 17 27 0 0 66 0 13 0 20 21 65 76 39 26 0 46 0 0 22 59 0 8 66 0 0 32 47 44 0 0 0 0 0 15 0 0 71 0 0 3 78 0 17 40 43 58 19 0 45 8 0 35 0 0 36 6 20 16 18 8 6 43 48 25 0 0 7 46 0 7 22 54 33 62 0 13 81 0 14 68 96 0 0 0 52 0 0 0 52 24 59 41 31 0 13 0 0 65 2 70 0 0 38 39 0 0 0 0 0 0 0 0 0 0 0 0 11 0 6 4 54 0 24 0 0 62 0 0 28 31 52 0 47 23 0 0 0 0 0 0 21 0 0 0 0 0 12 11 34 0 0 10 55 55 46 56 0 36 6 2 52 0 1 5 50 5 50 82 84 0
 24 32 0 0 41 1 36 0 46 0 33 19 0 40 13 0 0 0 56 81 35 32 0 0 85 0 75 0 0 0 5 85 0 0 41 53 20 0 15 0 9 0 0 0 0 6 0 52 0 0 0 5 81 0 0 0 0 0 0 7 31 1 0 0 13 0 78 0 0 48 0 0 0 0 24 0 23 17 0 0 26 0 26 0 0 0 43 0 27 0 0 0 7 0 11 0 0 0 0 46 75 0 44 0 0 9 10 0 2 0 0 11 0 0 0 0 0 57 0 0 11 0 49 0 34 16 0 20 0 16 0 46 93 6 15 67 21 0 0 0 28 16 0 0 50 17 0 36 17 0 0 0 18 61 44 0 0 0 0 19 58 0 0 51 12 0 7 28 0 39 0 61 4 13 0 9 0 0 86 0 0 23 0 0 0 14 29 31 0 36 24 10 0 0 0 0 0 0 16 0
 0 0 66 7 30 0 31 10 7 0 0 90 32 32 23 34 17 81 0 2 49 0 16 5 12 27 44 0 0 0 0 0 0 0 0 0 8 0 41 66 17 40 56 5 0 0 0 54 30 43 0 50 39 6 0 7 0 33 0 13 29 24 0 0 0 26 22 30 0 0 24 0 70 0 20 0 0 0 0 44 3 0 0 44 12 1 26 0 6 0 9 0 34 3 57 0 40 0 17 17 71 0 85 6 0 11 69 0 50 0 0 0 0 17 0 0 53 25 39 0 40 0 60 37 37 0 34 2 90 28 0 0 52 83 0 49 0 0 0 31 0 62 19 53 0 0 0 37 0 0 9 51 19 51 0 0 0 12 0 1 0 8 45 28 61 20 49 12 22 84 0 0 0 0 0 28 33 0 27 14 0 0 0 34 36 0 22 21 0 0 7 12 0 5 72 52 0 1 0 37
 33 0 8 0 0 0 0 7 0 0 56 0 29 19 63 54 0 0 0 37 0 13 0 0 3 0 74 0 88 53 14 0 20 34 0 0 0 67 0 41 35 23 0 0 84 37 10 1 24 0 12 15 0 0 0 0 90 16 80 53 13 17 0 0 14 0 74 0 13 54 0 9 50 82 86 0 29 0 47 60 26 36 0 0 15 0 0 0 55 0 0 0 53 42 16 72 0 47 0 0 0 17 6 0 52 12 19 3 0 0 10 0 47 0 5 0 13 37 0 0 58 0 0 0 0 6 0 0 42 0 0 0 0 13 0 60 7 20 76 70 26 0 0 0 89 54 9 7 0 27 4 0 49 0 84 10 0 0 0 14 0 0 30 21 0 20 0 0 0 0 8 0 0 0 12 0 0 9 0 46 0 33 40 0 1 0 73 9 51 58 16 0 1 0 0 26 11 19 44 0
 0 29 0 0 0 4 38 0 23 0 30 81 0 0 0 0 0 0 78 0 0 0 13 70 7 34 0 31 49 0 65 0 0 0 0 31 0 39 53 63 48 10 0 0 32 10 56 58 50 0 1 0 27 63 0 0 30 48 0 31 0 0 0 9 0 4 0 21 0 22 40 0 31 0 0 39 0 0 77 25 26 21 0 13 7 0 0 2 0 14 1 0 0 47 17 67 29 0 7 0 0 12 0 20 0 2 22 47 16 0 74 0 33 57 6 0 6 0 0 0 0 42 0 43 46 0 0 54 27 0 0 4 34 2 20 16 0 47 22 0 32 0 0 0 66 28 0 0 4 37 23 0 0 0 68 0 0 47 81 18 68 0 0 0 0 0 0 11 18 33 37 51 0 29 0 0 0 11 35 30 0 72 43 54 46 0 62 0 0 49 0 0 0 0 0 37 0 0 50 25
 2 0 9 14 71 0 0 0 0 0 0 0 64 0 0 14 7 51 0 10 0 0 19 13 69 11 0 0 65 0 9 74 12 0 0 39 0 74 0 67 0 85 66 0 0 0 0 24 0 0 67 0 0 3 36 5 0 0 0 0 9 60 0 0 65 0 0 0 23 7 8 93 69 0 0 0 0 0 38 0 23 0 0 55 0 42 20 0 79 0 0 28 28 0 65 0 82 0 30 26 4 0 29 0 28 0 4 60 97 0 0 0 83 0 0 15 0 27 50 0 41 0 40 0 9 0 0 10 52 0 27 0 0 64 6 86 0 0 73 76 27 0 0 0 14 0 28 25 37 0 31 65 1 8 0 26 0 43 8 0 0 0 0 0 0 0 62 32 0 0 0 0 16 0 50 15 0 38 84 12 0 0 49 0 0 7 0 0 26 51 35 57 0 0 45 0 0 0 0 10
 49 0 39 6 65 25 17 0 0 0 0 29 0 0 0 44 0 0 15 28 0 56 0 0 45 69 0 23 62 49 5 0 0 0 0 0 1 0 0 19 0 0 20 0 0 17 0 0 45 9 0 80 12 0 0 1 0 33 45 0 4 42 47 86 42 0 0 0 37 0 0 0 0 0 0 20 0 29 16 0 0 34 45 37 0 53 41 74 0 0 38 0 2 0 27 8 29 26 0 0 0 19 59 61 0 62 46 11 0 0 8 8 0 0 0 0 0 12 0 49 0 0 0 47 0 0 0 15 0 0 0 0 0 54 19 0 0 8 0 48 25 0 0 0 13 22 64 18 0 0 3 14 0 54 0 0 0 60 0 29 3 0 0 0 71 0 0 0 22 0 0 15 54 0 11 0 0 0 0 0 5 41 0 35 50 87 0 66 0 0 39 67 0 4 61 71 27 0 0 0
 49 55 21 84 0 0 0 43 0 80 38 18 15 0 0 0 0 30 0 0 0 0 32 0 23 55 0 0 2 82 49 0 31 0 0 57 44 57 0 32 0 0 0 0 66 34 8 27 13 1 0 49 0 17 0 0 40 10 73 0 0 1 49 28 0 0 0 0 0 0 23 60 0 0 0 43 0 0 0 0 16 13 90 0 0 55 38 11 53 2 89 26 0 0 0 0 44 0 0 68 0 0 0 0 83 0 0 0 18 22 0 15 42 0 0 0 0 6 86 0 0 52 0 0 0 19 30 63 49 52 0 12 0 76 0 50 0 0 0 0 39 6 0 0 46 20 0 28 0 0 24 40 0 13 90 41 0 0 8 0 59 0 24 0 0 0 5 7 82 21 42 34 0 35 11 38 0 0 8 36 2 0 0 0 78 78 0 43 0 0 32 0 10 24 6 68 4 85 0 0
 57 62 34 26 27 0 52 9 34 28 0 72 0 0 43 0 0 24 0 0 61 65 0 5 18 0 31 5 0 0 0 0 39 50 21 0 0 35 28 0 15 0 0 35 0 31 10 41 0 0 28 12 57 20 0 0 0 0 0 0 1 0 0 35 0 38 0 24 29 0 1 0 0 55 34 0 5 19 0 0 31 0 65 0 14 0 0 41 80 0 0 0 0 19 7 77 18 29 0 0 0 0 39 68 0 19 0 0 0 15 60 60 0 42 34 94 87 0 0 0 7 18 6 11 11 0 0 0 0 0 0 0 17 13 0 0 78 54 3 46 0 35 0 0 22 20 0 18 0 0 0 0 8 18 27 0 0 2 0 0 0 34 46 0 65 0 0 30 17 0 67 0 28 0 0 74 17 0 34 7 62 0 0 0 21 18 0 58 21 0 25 0 23 0 0 0 0 90 77 53
 24 0 54 0 0 0 0 0 2 2 0 25 0 0 11 0 0 3 0 0 80 0 0 0 0 21 11 0 15 6 52 32 70 86 2 20 0 36 0 13 60 0 0 0 0 81 0 0 0 44 0 21 13 0 0 0 25 23 18 1 12 0 10 0 0 0 2 39 35 0 0 0 4 0 67 50 11 0 0 0 0 58 0 0 0 0 1 0 32 0 31 0 0 26 34 62 0 0 7 28 0 0 0 0 19 12 40 0 74 0 12 0 0 0 26 0 0 0 3 0 0 0 5 10 0 0 0 22 9 0 0 0 0 23 53 0 3 26 17 42 1 70 48 47 0 0 2 0 0 46 22 0 0 23 31 0 0 0 0 28 0 0 13 64 10 57 3 51 16 33 3 0 48 0 39 0 5 22 0 0 27 55 0 46 0 92 0 0 0 22 0 0 0 0 11 0 0 0 15 0
 0 0 0 0 40 62 65 3 0 2 64 45 71 0 0 66 8 53 4 34 33 68 0 0 0 0 0 5 0 7 0 24 0 7 20 0 47 10 60 10 0 0 41 3 14 0 0 0 0 27 3 19 0 0 0 0 0 6 46 0 0 0 15 31 0 86 0 36 17 0 0 0 0 0 4 18 7 0 83 6 0 43 0 0 0 0 0 57 0 0 0 0 74 0 37 0 0 0 29 0 6 0 0 0 0 23 0 0 74 0 0 0 70 0 0 0 0 0 0 0 91 84 0 3 5 0 0 61 0 0 0 48 64 66 59 0 21 23 36 81 13 33 0 57 0 76 60 27 0 1 21 0 0 30 0 95 0 0 0 38 0 0 0 0 0 0 0 0 25 60 0 10 5 0 51 0 53 9 39 0 5 28 52 33 0 0 0 77 82 0 0 0 59 25 61 0 0 44 0 45
 0 19 0 0 0 24 10 27 5 47 64 28 54 12 0 0 0 0 31 30 15 43 79 0 50 0 0 12 0 17 0 0 0 39 0 29 51 1 0 37 0 0 0 0 0 52 0 9 0 0 29 26 0 31 25 0 0 41 0 62 0 69 0 0 39 32 0 0 4 0 62 82 0 40 0 0 49 17 11 0 15 0 0 0 25 0 0 23 41 0 0 20 27 13 83 0 0 0 21 21 47 0 0 0 24 0 0 3 36 0 17 1 0 0 87 0 27 46 0 43 6 0 0 0 0 0 26 0 62 59 0 0 37 14 0 49 0 0 0 0 0 0 24 51 71 39 0 0 0 46 0 19 0 0 0 0 28 0 8 63 0 22 33 0 86 11 0 0 0 0 53 0 0 42 0 19 71 0 8 49 0 4 45 69 0 0 0 63 9 30 0 0 0 76 0 43 0 0 0 14
 28 0 27 4 0 0 0 18 0 72 0 17 8 0 77 0 12 0 35 29 39 0 16 0 42 76 57 4 0 53 21 6 37 21 11 92 19 0 0 0 0 76 0 0 18 20 69 0 0 0 0 0 2 0 4 0 50 63 0 78 89 50 33 29 2 20 81 0 55 0 0 0 0 0 0 63 0 50 0 0 36 0 0 65 8 71 87 0 0 22 0 35 0 0 0 0 0 4 25 30 0 46 0 0 0 0 0 0 9 15 0 12 2 27 28 19 81 52 3 41 0 1 0 37 0 0 0 0 50 0 0 0 0 45 0 38 0 0 32 0 0 0 4 0 0 97 0 14 0 16 0 55 47 0 0 0 31 0 0 0 40 0 14 3 8 73 63 0 0 0 21 0 0 0 16 37 9 0 0 48 20 0 31 6 40 59 0 82 0 20 83 26 0 25 49 0 33 42 8 69
 4 0 0 0 0 0 0 8 0 0 13 6 0 7 0 0 33 0 7 1 0 29 48 0 0 7 0 18 0 27 0 4 5 29 9 61 0 0 13 0 0 0 56 0 0 0 9 0 21 0 46 0 0 0 0 14 4 19 74 53 52 0 60 0 6 0 0 31 0 0 0 0 0 0 0 4 0 77 9 65 0 0 0 0 0 0 0 0 81 0 26 58 0 55 31 0 15 18 26 53 0 0 33 0 3 0 0 44 37 0 75 58 13 1 0 23 0 0 10 63 0 0 0 0 64 45 0 0 0 0 15 14 45 0 21 1 0 46 0 0 3 28 0 0 6 9 94 33 0 0 54 43 16 65 28 34 0 0 0 0 0 0 1 0 76 0 90 25 43 37 0 19 0 0 0 0 41 70 35 11 31 1 96 63 0 92 0 82 44 0 60 21 10 0 0 76 71 56 7 0
 0 1 0 0 34 0 57 0 18 44 61 47 0 14 0 61 30 1 0 41 18 10 77 0 0 0 0 0 0 0 0 67 0 2 15 0 0 0 0 18 0 40 40 12 6 0 0 0 33 53 0 0 6 0 27 87 0 0 0 58 0 0 2 51 12 59 0 0 0 8 0 77 0 0 0 58 1 0 46 0 0 0 7 5 0 0 0 50 16 21 0 50 0 0 50 23 48 69 0 0 8 0 0 0 0 0 35 0 65 4 0 0 80 0 2 47 17 0 47 0 0 0 0 0 45 0 0 0 0 62 29 10 14 40 0 0 0 8 0 0 0 0 12 0 76 0 0 40 0 0 48 52 0 0 0 67 21 0 0 54 0 19 0 0 27 0 0 18 1 36 0 24 63 0 0 30 0 0 28 0 77 0 0 0 19 21 0 0 0 76 2 0 51 0 0 9 37 0 0 0
 0 0 0 19 0 0 6 27 50 0 0 90 0 0 10 32 9 0 13 76 0 5 0 0 44 75 6 8 55 17 0 20 58 0 37 26 88 14 1 21 0 42 0 29 0 0 19 0 54 33 3 15 77 0 37 32 0 0 0 0 0 11 0 0 0 7 42 10 0 0 0 56 10 44 18 0 76 0 41 54 19 79 0 35 41 0 81 36 0 13 0 0 51 9 0 0 25 0 32 0 0 31 0 53 0 0 90 0 15 16 0 58 0 0 32 37 0 73 2 38 0 0 72 62 0 0 22 0 0 0 0 0 62 0 0 45 32 0 0 18 49 62 38 64 32 17 24 29 5 52 39 0 0 3 39 0 0 0 63 55 63 42 30 0 2 0 14 43 0 0 15 0 49 11 1 0 0 17 0 17 51 96 0 0 19 41 0 16 37 0 27 0 0 0 49 23 0 0 4 42
 42 14 6 24 1 30 0 0 0 0 0 0 39 0 65 49 2 36 0 0 18 0 34 8 0 0 57 0 0 62 91 0 58 0 0 0 24 10 1 86 49 0 31 0 10 40 0 0 0 4 0 0 18 23 0 0 84 42 51 0 60 0 0 18 92 12 0 21 86 0 19 18 0 2 44 0 53 67 0 32 44 5 1 21 2 73 69 68 0 0 0 6 22 0 0 0 0 45 0 19 0 0 0 35 0 0 47 0 0 69 0 14 57 0 15 36 0 0 0 0 0 0 49 0 13 38 0 0 0 0 0 0 0 0 35 70 0 0 0 88 60 73 0 0 0 0 0 33 0 79 0 10 0 0 0 52 40 19 20 42 0 19 0 0 0 0 0 7 2 0 37 0 35 0 35 51 27 41 7 0 63 0 0 0 0 0 12 0 5 5 0 75 0 0 37 0 37 0 0 0
 21 10 16 0 75 0 0 91 78 6 0 0 29 0 3 78 48 0 64 0 0 3 26 57 0 1 0 0 65 0 30 0 0 34 11 88 10 0 2 0 0 75 0 0 48 0 69 0 0 6 36 0 3 0 0 6 0 0 63 63 0 0 25 0 0 0 0 46 47 0 0 0 0 44 10 68 72 67 0 72 0 0 2 74 36 22 27 0 0 0 0 63 38 27 13 0 0 55 4 37 19 10 26 49 72 23 15 70 32 0 11 57 0 0 0 13 13 11 0 84 0 19 16 0 0 17 0 0 74 23 0 30 0 0 87 0 0 0 0 0 0 8 0 0 45 33 0 0 0 32 96 50 57 42 25 18 0 0 0 0 59 0 68 15 17 38 0 0 23 0 0 0 62 0 0 0 13 0 0 0 0 0 20 1 0 0 0 0 0 0 80 0 12 52 2 22 0 0 7 22
 19 0 11 9 0 77 21 13 84 0 11 0 49 87 0 13 0 18 31 0 0 71 51 0 70 12 17 0 0 49 0 0 0 0 0 7 3 0 4 47 62 0 0 0 32 0 66 0 60 74 34 0 1 0 30 0 8 46 0 0 22 20 0 64 18 21 0 0 0 0 0 53 25 0 0 0 75 37 22 0 6 33 0 33 0 0 0 0 0 0 17 0 0 0 54 0 0 0 4 0 9 45 77 0 0 0 0 3 36 24 0 0 4 18 0 0 5 55 0 16 0 0 9 0 0 11 0 14 0 39 23 0 10 85 22 0 44 0 0 0 0 11 9 8 0 0 0 0 53 0 0 72 1 21 0 48 77 0 0 0 0 0 0 0 54 76 0 0 10 0 58 26 0 0 0 0 43 0 49 0 3 13 0 0 0 0 78 20 36 0 5 0 0 0 0 0 0 0 0 0
 46 14 1 2 0 0 0 0 0 76 35 0 21 0 43 47 4 16 0 4 26 0 0 22 24 0 0 8 5 26 11 0 33 0 36 19 2 59 24 0 12 23 0 0 0 0 0 0 0 0 47 72 20 0 0 0 48 0 44 0 1 41 57 0 12 38 63 69 0 36 0 0 0 40 21 22 0 14 0 0 0 10 0 22 20 7 43 0 32 0 5 0 0 0 0 0 14 0 26 2 4 0 25 28 0 0 0 17 19 0 0 0 75 0 15 0 28 50 15 68 4 0 25 0 0 0 0 3 0 36 2 0 0 0 0 0 0 32 0 1 2 0 14 13 5 0 0 11 10 22 0 0 6 0 43 0 7 0 6 83 10 84 38 0 0 36 0 28 0 0 0 0 0 46 0 11 7 60 0 0 0 65 1 0 18 0 0 0 79 77 71 15 59 0 44 39 0 0 62 20
 0 30 83 20 0 19 15 11 46 0 5 82 2 11 12 65 0 0 0 49 0 0 16 0 80 0 0 4 0 0 0 0 0 12 4 0 0 0 0 26 0 0 38 0 0 0 25 18 0 0 51 8 9 0 0 72 28 29 77 0 59 12 27 81 0 0 72 30 0 0 0 0 5 0 0 0 9 49 38 36 0 34 57 0 40 0 0 4 0 0 67 0 0 0 0 0 20 0 0 38 39 60 20 0 0 0 0 0 0 1 0 0 0 53 0 0 0 14 0 57 0 15 0 20 0 0 0 0 0 0 34 15 18 94 0 0 15 12 0 0 0 0 0 0 24 50 0 80 0 15 0 0 3 30 0 55 0 0 37 0 0 0 0 58 0 3 0 0 0 0 0 56 91 22 0 0 0 50 0 0 0 0 5 0 28 0 63 0 0 28 77 0 15 0 0 90 0 0 42 40
 0 0 0 20 0 0 0 34 32 10 0 0 54 44 0 6 86 0 10 16 52 58 0 0 0 0 0 0 0 39 0 0 0 0 0 75 0 0 39 0 0 21 0 0 73 59 0 57 28 0 0 73 4 42 0 0 78 0 64 77 0 27 0 0 69 0 5 2 0 18 0 40 0 20 1 97 12 21 0 0 38 0 28 19 13 76 32 0 0 0 0 91 15 0 26 0 10 0 0 11 0 0 44 99 0 49 54 0 18 54 55 0 0 0 1 23 0 0 49 0 0 25 42 3 6 0 0 0 0 58 0 0 22 18 0 24 0 0 24 65 0 0 0 40 72 97 0 41 0 6 0 14 0 58 48 7 0 0 0 0 58 16 26 0 61 18 46 30 24 0 41 46 0 33 0 0 81 33 19 18 0 0 0 33 0 0 0 9 48 0 37 0 10 62 0 4 0 0 18 0
 73 0 0 23 0 0 50 13 10 15 20 9 9 2 54 16 0 18 0 38 0 6 7 22 19 35 0 0 17 0 0 75 61 0 0 0 43 0 0 0 0 0 0 38 80 32 51 0 73 19 23 0 11 0 0 14 0 0 0 0 1 5 8 0 25 0 36 0 0 18 0 52 0 86 39 0 46 6 25 0 57 0 0 13 33 29 0 69 0 0 19 0 0 31 0 0 0 29 0 42 54 2 13 59 11 50 35 0 0 42 47 0 6 71 0 57 54 0 47 10 31 44 0 7 0 31 0 23 41 35 15 0 2 0 8 47 0 8 0 3 0 17 68 0 1 75 0 0 22 0 0 0 70 0 0 94 0 60 0 14 26 68 0 46 12 18 0 0 0 67 60 30 47 0 0 9 0 0 0 10 14 26 72 0 44 29 0 62 46 0 38 33 0 65 0 58 0 0 59 0
 14 0 0 0 0 76 46 56 11 0 2 0 0 17 0 3 0 25 0 0 0 68 6 0 6 8 73 49 0 0 61 61 0 30 17 0 39 7 0 0 0 0 0 41 0 35 0 10 0 0 0 9 13 33 46 38 83 0 0 0 3 0 0 10 0 31 34 8 0 0 0 20 17 27 62 16 0 0 0 27 38 96 0 73 39 28 0 3 10 0 23 48 0 9 0 66 0 46 0 0 2 46 38 0 0 0 0 19 0 0 62 54 0 0 0 28 0 50 68 26 91 16 19 67 12 0 51 4 9 0 0 60 0 51 52 76 32 69 2 25 21 4 44 23 0 0 91 0 35 0 39 0 0 0 24 51 77 57 0 0 44 1 0 0 81 11 46 0 15 8 0 33 2 0 0 0 0 0 0 0 0 0 88 9 0 8 79 72 0 4 0 79 93 0 31 35 0 16 13 72
 0 62 0 15 0 0 0 0 28 60 0 0 0 9 0 37 58 6 0 0 13 36 36 0 13 0 18 22 92 0 0 0 45 0 0 33 47 0 22 0 9 0 0 0 0 25 0 78 0 84 0 2 78 0 0 2 0 50 6 20 0 0 22 46 64 0 44 35 0 0 12 0 23 6 0 18 36 2 0 0 26 0 84 0 29 47 0 49 0 0 2 0 0 0 0 60 0 21 0 21 0 47 0 0 50 0 0 0 0 95 72 0 0 0 0 0 1 0 0 0 17 6 2 36 22 56 26 16 14 37 22 0 87 48 44 0 43 0 0 0 71 0 17 27 22 1 89 13 66 0 14 50 39 11 34 0 0 8 0 38 0 0 0 0 0 71 0 18 13 0 0 0 48 0 81 28 83 0 0 0 13 0 0 75 83 36 0 0 30 12 12 26 62 66 27 13 48 0 0 0
 0 0 0 0 25 11 35 40 3 0 58 39 16 18 22 3 0 0 0 20 61 15 0 0 0 0 53 36 36 0 0 13 0 0 0 31 51 0 0 0 0 0 1 12 77 18 0 18 15 0 64 13 0 1 0 0 44 0 44 0 0 0 0 0 3 0 0 81 0 55 0 0 1 0 0 0 23 20 0 12 16 56 0 6 0 11 28 0 0 95 0 4 0 53 0 0 17 0 38 0 0 11 16 0 0 26 0 0 0 0 2 0 0 21 0 0 0 0 0 7 0 0 12 0 12 24 0 0 0 37 0 0 33 0 76 26 17 0 0 27 0 11 37 2 0 29 16 74 0 0 78 44 0 0 25 19 4 27 17 35 0 0 29 0 0 0 2 0 0 33 0 13 21 0 0 0 0 96 2 0 0 22 35 0 0 44 41 0 0 0 90 0 0 0 0 0 0 21 57 0
 71 10 74 5 47 45 0 0 73 27 0 0 0 6 0 54 0 0 36 78 18 0 21 0 0 0 0 0 0 33 0 31 26 63 0 0 42 0 50 2 0 0 5 0 0 67 0 0 53 9 29 71 0 0 48 78 29 11 10 17 0 0 0 0 0 66 11 48 0 25 75 10 12 78 0 42 0 58 0 0 0 40 17 22 0 0 76 29 0 0 0 4 0 0 36 0 3 12 0 0 0 12 0 0 0 69 0 0 0 0 47 0 0 26 0 0 0 0 0 49 0 51 0 17 74 11 0 12 11 0 53 0 0 0 0 0 0 0 0 0 23 41 0 0 0 32 11 0 0 0 34 63 0 6 12 0 87 0 0 86 0 0 0 45 0 9 79 0 12 0 0 0 31 31 66 12 55 15 0 0 35 66 12 0 0 9 0 0 0 46 58 0 0 0 0 19 0 0 50 0
 19 0 55 0 0 10 13 0 0 0 21 79 33 0 0 56 64 26 28 7 0 6 86 0 83 0 0 38 0 0 24 37 52 2 39 0 37 8 12 19 17 0 0 0 0 0 0 47 76 18 0 69 57 0 0 0 35 0 41 0 0 41 0 58 44 72 49 0 0 13 0 0 31 42 19 7 27 92 48 0 0 30 0 0 0 8 0 53 41 0 30 0 0 0 88 9 12 23 0 40 0 60 3 0 0 22 10 40 0 0 22 0 33 0 0 7 0 0 0 16 0 0 0 27 18 23 50 79 12 37 0 57 94 0 0 30 6 0 8 0 0 63 0 2 52 0 25 30 0 4 0 73 0 68 0 0 0 33 10 42 58 18 7 0 87 18 0 0 0 14 0 0 0 0 0 1 10 0 0 0 18 0 91 41 9 0 52 0 61 87 11 65 53 0 0 0 12 68 0 81
 0 0 0 8 0 0 0 0 0 0 0 0 46 0 0 7 76 40 42 19 9 0 66 0 0 3 0 14 0 2 24 0 0 6 0 17 11 0 19 18 20 0 2 20 0 0 0 17 3 60 0 56 0 37 0 0 0 0 5 48 69 0 0 17 0 5 0 40 0 3 15 0 0 0 42 9 0 24 7 49 46 0 82 13 81 0 0 44 0 0 80 0 0 55 12 0 78 0 30 32 71 0 56 24 0 0 26 0 43 29 0 39 16 0 43 30 0 8 0 0 0 74 92 77 79 16 37 0 0 7 50 16 24 31 29 0 26 24 41 40 8 0 5 48 0 34 19 0 0 0 72 58 0 46 0 0 0 21 51 47 0 44 10 9 21 0 0 75 14 21 0 38 0 0 0 74 3 3 17 0 27 0 0 30 4 6 0 46 0 0 0 47 8 0 79 34 60 11 56 8
 0 36 2 16 0 24 0 0 0 0 0 49 16 80 61 67 0 47 0 64 19 0 0 0 76 46 70 35 0 10 18 76 0 0 17 7 71 88 11 0 18 92 42 0 10 11 0 24 0 11 16 0 53 0 56 57 32 0 14 71 30 33 27 21 52 23 88 0 0 31 7 6 0 28 0 3 0 0 2 12 81 69 0 0 0 0 0 33 0 30 9 54 9 0 74 13 30 40 48 0 49 54 0 0 0 26 25 0 12 3 6 68 0 4 20 0 0 0 92 0 0 0 78 8 81 0 13 0 7 0 0 6 14 0 86 0 0 54 66 58 0 0 0 18 0 0 0 51 0 65 0 17 0 19 0 22 19 73 0 3 0 0 87 0 11 15 36 0 43 0 25 20 0 25 0 84 0 0 0 2 36 0 14 0 42 54 41 38 74 0 0 28 0 2 0 0 0 0 29 49
 34 70 20 0 0 54 0 11 0 8 30 0 21 0 9 0 0 59 52 17 0 78 15 0 0 0 4 0 0 27 0 44 2 58 0 0 16 0 0 0 0 0 0 56 68 6 0 0 0 0 0 0 42 75 0 56 26 0 0 0 43 44 0 0 45 0 97 0 0 0 0 25 29 38 31 38 0 0 16 0 68 77 0 0 12 0 68 0 2 2 57 52 0 0 0 0 0 0 0 54 22 20 66 9 0 0 67 63 0 0 0 0 0 0 54 56 0 26 0 47 0 63 0 21 4 23 0 0 0 78 48 0 92 0 0 0 0 12 39 44 6 74 0 2 49 0 5 32 24 27 0 1 10 0 3 0 6 24 28 0 28 0 29 27 0 0 80 0 10 20 0 0 29 17 0 16 0 0 37 15 0 0 1 10 0 20 0 0 0 0 13 0 0 0 37 61 0 0 34 25
 9 12 0 0 0 0 1 58 54 55 19 3 12 37 45 0 0 0 0 0 79 0 0 0 0 55 32 75 46 0 5 0 0 0 0 0 8 0 37 0 11 23 12 0 0 23 44 4 6 24 0 31 32 0 76 0 0 0 0 24 0 0 0 17 0 35 61 19 5 0 57 65 0 0 0 0 22 0 0 79 0 57 0 0 30 0 0 38 0 56 10 82 18 0 0 75 0 12 0 0 0 26 16 8 18 0 3 2 39 0 9 0 72 7 32 0 11 0 32 0 61 0 15 24 7 0 0 59 25 23 0 11 0 44 0 0 45 76 38 0 47 0 0 26 0 0 0 0 0 16 0 0 36 29 0 0 0 62 12 54 0 0 0 69 44 0 40 25 91 0 2 17 0 57 5 0 0 0 43 0 0 29 58 0 2 47 94 6 0 0 0 46 10 28 62 0 15 0 0 0
 0 21 0 29 0 0 10 0 35 0 0 17 63 25 0 29 23 0 0 0 0 45 0 0 40 0 4 0 16 0 61 0 2 0 14 0 5 32 0 9 7 52 0 16 87 50 0 0 59 0 51 0 0 14 0 0 0 26 23 7 56 0 0 0 0 0 0 0 0 0 10 15 7 0 0 40 0 3 0 14 0 0 1 0 0 3 0 0 0 1 47 0 54 24 17 17 0 30 65 22 0 69 95 0 0 16 38 28 40 20 49 67 35 67 6 21 57 0 0 42 67 0 38 67 0 90 10 85 38 0 48 40 0 9 25 0 0 23 32 19 52 29 0 11 0 0 84 12 25 2 0 0 0 0 0 0 0 0 10 0 0 12 0 11 66 98 26 60 50 0 20 10 0 50 13 0 0 0 16 31 0 0 0 45 0 0 18 0 0 0 16 0 0 0 17 71 6 49 43 19
 0 0 0 17 0 33 46 85 55 0 32 41 31 18 17 38 0 0 0 0 0 0 0 10 22 0 0 0 44 75 0 0 0 0 0 4 31 0 0 0 0 36 3 0 0 0 0 0 10 0 0 0 0 3 0 24 0 0 0 0 0 0 0 0 8 64 0 0 35 31 0 0 0 62 0 39 24 0 10 0 5 0 0 0 0 10 35 29 0 14 2 0 77 0 0 50 31 63 0 0 0 0 25 0 7 8 2 0 54 0 0 38 0 18 72 0 0 37 58 28 87 37 0 0 27 0 0 0 0 6 0 0 20 19 0 0 6 69 0 6 0 42 0 36 3 0 0 3 0 1 4 31 14 2 0 80 0 63 0 0 5 11 0 0 0 0 63 0 12 0 2 40 0 0 0 4 56 0 0 0 64 0 4 0 18 0 0 0 0 0 0 4 0 0 1 0 46 0 0 21
 37 30 0 0 0 0 0 11 91 0 0 5 0 70 0 0 0 25 66 47 76 36 0 35 0 0 4 0 0 10 38 40 0 31 20 0 0 0 0 19 0 0 0 51 18 68 77 0 30 0 31 2 25 37 0 56 0 42 0 26 11 2 0 0 34 2 0 29 0 5 16 0 1 0 0 5 0 0 26 5 0 39 0 0 33 0 0 1 0 19 0 45 2 0 36 34 19 57 0 0 60 24 0 3 37 0 0 0 60 65 59 0 0 0 48 38 0 55 2 31 6 33 0 5 49 15 43 0 0 0 0 91 4 37 0 0 19 0 0 13 0 0 0 6 31 44 0 0 0 0 42 37 0 6 0 36 13 0 25 21 87 0 22 79 0 0 16 62 0 2 0 0 0 68 0 44 24 0 27 0 81 0 0 5 27 0 0 40 0 62 29 0 0 8 0 11 0 12 0 0
 0 0 0 52 0 54 0 0 0 46 0 11 0 73 64 39 8 12 0 0 47 0 0 0 49 53 0 0 81 0 12 48 0 0 0 24 15 0 53 13 37 0 2 0 0 0 0 70 0 0 56 0 0 0 0 0 45 0 0 0 0 79 42 0 0 73 74 76 0 1 0 0 4 56 17 70 0 0 0 49 0 6 0 0 0 0 0 8 10 0 41 14 0 34 0 0 19 26 0 0 22 0 0 35 0 0 67 61 13 76 0 3 0 14 0 0 0 1 0 76 0 41 0 62 32 0 37 0 67 0 0 0 0 26 37 0 32 0 79 0 0 0 0 0 33 56 0 0 74 0 0 0 27 7 0 34 0 0 23 0 1 0 0 0 0 0 0 16 44 19 25 88 0 0 44 49 2 33 2 16 7 9 30 57 0 0 2 2 23 0 0 49 0 15 19 0 0 54 0 30
 0 0 0 0 0 37 7 90 0 0 0 0 43 0 19 38 20 0 8 0 0 0 0 0 63 0 59 53 63 3 1 0 8 41 30 13 0 0 0 41 0 23 0 0 0 21 0 0 0 0 0 15 0 0 21 0 0 23 37 0 34 40 20 79 70 61 0 79 0 37 79 0 0 25 0 0 23 17 0 0 40 0 2 0 63 95 7 86 68 38 19 0 24 1 0 0 42 46 0 24 0 23 81 0 0 54 0 0 56 37 0 0 0 26 0 22 13 1 31 0 0 0 0 96 0 0 6 0 93 0 42 31 0 7 0 0 3 0 31 28 0 41 0 0 29 57 0 0 7 26 1 43 73 44 31 0 0 16 0 14 0 0 11 0 8 44 8 0 0 94 66 0 4 26 0 27 0 0 0 41 36 0 0 24 3 0 0 0 29 25 16 0 0 0 0 36 0 55 22 53
 0 71 18 0 25 57 0 92 35 37 0 33 89 0 71 0 44 43 0 21 0 0 7 0 0 0 68 0 24 0 0 0 41 6 65 43 4 54 49 22 35 0 0 18 2 41 15 0 9 0 0 0 0 68 2 15 6 4 56 0 3 0 0 46 20 0 30 8 0 0 0 0 54 0 0 0 0 2 0 0 5 25 37 32 0 0 65 15 0 0 0 0 10 0 0 49 0 20 5 27 0 7 59 29 52 13 0 7 84 29 0 0 78 2 14 24 5 11 0 0 0 40 58 0 0 3 0 0 9 17 57 79 0 0 44 11 0 0 4 7 0 0 0 46 0 0 86 7 0 0 18 0 13 23 0 0 88 74 7 76 38 14 0 11 0 0 0 54 0 0 81 20 3 44 0 7 1 48 0 53 0 23 0 49 0 0 63 12 0 57 0 43 46 0 6 0 13 0 50 44
 0 0 41 7 3 0 26 0 7 0 0 47 15 46 0 27 0 43 38 0 0 47 32 0 0 0 13 0 68 0 52 0 25 0 70 72 26 0 0 0 0 0 26 68 0 0 67 61 58 0 14 0 3 39 0 0 42 0 69 0 74 57 95 1 0 0 0 80 0 0 0 51 0 0 50 0 0 0 0 0 0 48 0 72 0 85 0 56 0 6 77 38 0 0 11 63 76 0 0 26 0 0 0 0 4 0 0 0 0 19 13 3 35 54 0 0 8 41 0 37 59 39 8 0 56 0 0 0 89 5 16 23 0 44 0 51 0 0 68 0 0 2 90 0 39 82 0 0 13 86 3 0 0 0 0 0 0 53 0 61 4 0 0 22 0 0 0 12 0 69 0 67 52 80 41 9 47 0 16 14 22 0 0 0 0 0 44 17 11 47 0 0 0 0 0 35 0 0 0 0
 45 66 39 0 20 46 0 0 6 0 0 3 0 11 24 28 85 0 21 0 1 31 0 21 0 2 0 0 54 32 0 0 0 0 0 0 0 6 11 0 0 62 23 42 0 42 0 0 34 19 0 93 0 0 33 0 0 0 0 19 53 9 0 0 0 6 40 51 0 12 0 70 0 43 49 0 12 72 19 40 22 60 77 0 0 0 0 0 0 0 0 0 7 0 28 0 0 69 1 0 0 0 17 0 85 0 72 57 48 0 0 16 33 89 43 0 48 0 0 0 11 0 0 0 20 0 0 45 44 40 0 20 26 71 0 52 8 4 0 0 36 0 0 0 3 39 6 0 0 0 0 2 8 0 51 0 0 0 0 0 49 46 36 0 3 15 37 30 39 0 0 0 33 33 0 16 0 0 0 24 50 0 30 21 52 0 34 10 0 0 0 50 0 18 0 0 0 0 60 0
 54 0 0 0 35 78 0 69 3 0 0 0 0 0 0 70 0 0 16 0 62 27 34 49 53 0 0 17 0 0 44 0 0 0 17 0 0 0 0 0 55 52 0 0 0 18 0 0 39 0 0 39 0 12 31 0 5 60 20 63 0 45 15 57 0 0 84 0 53 28 0 0 0 20 13 0 0 15 0 0 86 12 0 0 38 0 13 0 26 0 0 18 0 0 0 17 60 0 0 56 13 4 28 0 0 1 13 0 42 69 38 0 0 32 5 24 0 12 0 68 0 54 29 3 38 51 53 47 0 0 0 0 2 43 0 10 57 0 73 43 0 54 18 59 0 6 23 14 0 3 72 62 0 0 0 30 45 79 49 0 7 3 0 0 0 0 21 0 32 0 0 0 0 14 27 0 40 0 6 90 9 79 0 12 2 7 68 0 14 0 1 9 0 21 11 55 0 0 0 0
 56 0 0 40 0 0 82 0 85 0 0 0 0 10 0 21 0 13 75 7 7 4 30 0 0 0 0 50 0 4 0 0 0 2 58 0 0 0 0 77 0 62 0 36 0 30 42 0 38 37 61 0 76 0 61 0 0 0 0 0 0 0 12 0 52 53 0 53 42 48 0 0 67 46 12 0 0 0 0 0 0 0 0 0 0 0 0 42 20 54 60 0 39 0 14 75 35 0 0 0 35 0 61 0 0 0 0 41 0 52 0 0 0 21 29 0 13 18 0 13 36 0 12 43 0 0 43 0 82 12 1 0 29 18 21 17 0 11 0 0 0 0 0 0 29 0 59 48 0 0 23 68 42 43 14 46 69 0 8 0 17 62 0 48 0 0 4 36 0 57 5 0 9 0 49 0 31 0 0 0 0 0 0 52 0 52 0 81 54 30 0 0 0 34 65 0 0 1 51 8
 30 0 46 2 59 17 11 0 80 0 47 26 38 0 50 37 0 34 0 60 0 31 48 0 0 13 0 0 0 46 41 0 0 0 12 53 0 29 25 14 0 5 0 0 37 30 0 69 26 0 0 11 38 0 0 0 30 0 0 0 2 74 58 62 57 0 0 0 0 0 37 26 18 7 0 0 0 0 20 39 0 60 8 0 15 0 0 23 18 0 33 51 0 31 43 56 0 24 56 15 0 58 54 73 6 0 0 0 49 0 0 0 2 0 0 13 64 0 0 0 56 0 9 62 0 0 0 0 28 0 19 67 0 24 0 0 15 38 0 36 0 0 23 27 0 0 5 0 58 0 13 41 0 62 61 0 2 0 19 0 0 0 0 0 39 27 0 0 0 0 0 0 0 7 31 12 36 0 87 52 0 9 58 34 0 8 0 0 0 0 59 6 0 0 36 0 0 0 43 0
 47 53 0 69 3 54 9 0 0 0 0 46 0 28 0 0 16 0 9 0 0 6 56 0 0 7 13 0 24 25 53 34 0 76 74 10 17 0 0 0 18 0 3 0 0 0 25 0 0 18 0 46 69 29 47 30 20 28 60 31 0 0 0 85 43 62 13 0 36 0 0 0 20 0 0 0 0 0 64 0 0 33 0 61 25 4 0 0 17 28 0 0 0 0 52 91 61 0 0 0 4 26 13 8 0 14 0 0 0 0 0 0 3 12 0 70 2 0 0 0 0 0 6 0 45 0 6 0 12 5 0 12 0 0 8 0 78 52 18 43 13 0 0 0 0 0 0 4 5 0 0 0 0 17 0 41 23 0 21 0 0 0 2 30 42 16 0 0 0 8 0 0 57 0 0 0 85 41 79 1 36 0 38 0 0 3 0 18 20 0 19 85 0 0 0 13 0 72 0 15
 69 0 0 1 29 0 0 13 10 42 19 42 46 32 0 3 0 0 27 21 0 54 0 0 0 21 0 0 36 0 32 0 44 0 86 22 0 1 0 0 0 0 6 13 36 0 44 0 0 48 0 25 0 62 75 0 20 0 0 64 34 0 0 0 0 0 0 36 0 10 45 34 57 41 7 0 21 0 3 35 0 0 0 0 0 0 24 0 47 0 0 0 0 0 0 0 40 0 0 30 0 9 13 39 16 0 3 0 30 0 50 13 26 18 19 0 0 53 27 22 0 0 0 0 0 0 0 35 0 62 8 45 0 0 26 0 0 0 0 83 19 37 0 0 65 19 0 33 0 0 51 18 0 0 0 26 10 77 0 0 7 0 76 18 3 22 24 50 0 14 0 51 6 28 28 18 0 77 29 0 0 0 0 0 0 0 0 0 7 87 32 0 0 60 4 90 16 12 0 0
 0 60 5 32 13 4 15 0 14 4 26 0 36 2 0 0 0 0 6 0 0 0 64 0 65 49 90 0 0 0 28 1 83 0 6 30 0 0 0 6 58 0 83 40 81 28 0 0 0 7 0 47 44 4 4 22 0 0 18 11 0 0 0 0 0 0 54 23 32 16 0 0 26 45 21 0 0 0 0 0 0 0 0 74 0 11 0 31 31 0 0 0 26 0 5 0 12 1 0 8 0 0 49 0 38 38 38 13 30 28 0 14 0 19 0 0 0 0 0 41 0 10 17 30 0 0 0 0 76 57 53 0 15 0 0 0 45 0 0 14 0 0 21 0 0 7 0 0 23 0 5 0 12 17 0 7 18 20 0 91 32 0 12 0 0 0 11 0 0 13 76 0 38 0 57 0 0 0 37 0 0 47 0 36 19 34 12 0 0 0 0 1 0 0 0 1 0 0 0 0
 0 0 7 0 1 38 6 24 0 20 21 18 53 0 0 23 0 31 6 0 0 0 15 0 0 0 19 9 0 0 2 0 12 6 0 70 6 24 0 0 59 0 0 0 0 0 29 24 69 0 6 15 4 0 3 81 0 0 0 0 0 63 31 0 0 17 21 69 0 0 0 0 0 0 83 52 0 0 25 0 42 27 0 0 10 0 18 10 40 4 0 0 0 0 7 40 0 16 0 67 46 45 44 28 52 60 64 0 0 39 7 0 0 0 0 0 0 67 0 4 28 0 33 23 63 54 89 0 65 17 0 53 76 4 4 0 0 0 0 9 0 0 8 12 0 0 0 31 0 54 80 11 31 44 0 0 37 45 34 80 80 54 0 0 41 0 10 35 0 0 0 0 0 0 51 0 0 83 20 21 0 0 0 0 26 0 0 60 0 18 96 0 0 0 0 13 18 0 0 21
 19 0 0 42 0 54 0 24 0 0 0 32 0 63 0 28 0 0 17 0 7 4 0 19 32 50 0 0 1 0 78 10 0 0 46 0 0 0 0 32 0 10 0 0 5 14 0 0 52 29 40 1 0 1 0 89 27 0 0 0 0 0 14 0 0 0 0 25 0 36 0 0 27 35 66 21 52 0 0 0 97 68 0 0 31 0 22 0 30 9 31 32 0 1 0 41 27 7 0 0 56 0 0 0 25 0 7 0 44 0 13 4 0 8 22 0 1 47 0 3 0 25 0 37 9 0 0 0 19 0 41 0 0 33 9 30 14 6 44 0 0 0 0 0 14 0 0 0 0 0 16 0 91 86 2 0 23 0 43 0 0 0 0 64 37 61 0 0 0 0 50 0 0 0 59 43 0 17 45 15 50 18 58 0 4 9 0 68 19 0 0 67 10 28 45 0 8 83 21 14
 21 32 0 0 0 0 4 0 15 14 0 0 32 0 0 54 14 0 77 0 40 0 57 18 78 0 8 0 0 47 79 0 0 63 26 0 0 0 40 0 47 0 0 0 22 0 49 22 25 0 0 40 0 0 0 12 39 0 0 39 44 0 22 0 48 0 0 23 0 0 81 79 12 0 0 19 64 40 19 47 44 0 75 15 0 0 47 32 68 28 0 0 0 12 15 45 0 0 6 47 0 0 46 25 11 0 0 0 0 0 42 0 5 0 48 22 10 0 0 47 0 0 0 0 27 0 0 0 0 0 59 0 0 0 0 6 0 0 49 0 28 70 0 0 0 11 0 57 0 4 5 0 0 1 14 0 1 9 0 0 81 23 35 5 0 18 2 10 0 3 0 75 20 0 55 0 13 66 0 86 0 51 0 0 8 0 0 16 0 6 0 0 0 49 9 0 16 77 36 41
 0 22 0 0 4 0 0 0 0 36 0 45 8 0 0 0 31 0 64 51 11 0 0 40 0 0 0 78 26 0 0 8 49 0 0 0 0 0 16 63 47 0 0 0 56 0 0 67 30 55 0 0 0 0 0 0 40 0 0 63 0 0 0 11 0 27 0 42 0 1 0 0 0 8 9 0 0 0 0 0 4 0 0 0 34 0 0 0 0 49 0 0 55 0 0 29 54 0 53 0 24 26 5 59 11 15 33 37 53 0 0 0 0 0 80 2 0 55 0 21 0 46 17 3 33 72 47 0 3 26 45 1 22 0 62 2 0 0 0 39 1 27 39 0 0 0 0 59 48 61 0 6 0 0 7 0 0 69 0 0 0 11 0 0 0 59 0 23 0 33 67 7 0 4 32 0 0 52 76 2 0 1 88 0 0 0 3 8 20 0 0 0 7 0 0 0 0 0 88 0
 2 35 0 0 0 0 42 29 0 66 31 0 0 0 0 11 1 0 0 69 0 0 12 0 0 14 82 0 27 55 29 0 51 0 0 28 0 48 0 0 36 0 0 0 28 0 0 32 0 0 0 19 0 60 0 0 0 0 0 78 0 54 96 0 51 46 0 79 0 64 17 0 0 0 8 0 8 0 21 0 50 3 0 0 0 0 0 77 19 0 3 0 0 56 34 5 55 0 17 67 27 0 18 10 30 0 0 0 0 0 0 39 21 79 0 0 2 0 15 94 43 88 0 6 0 4 16 0 0 0 0 56 0 0 6 0 34 0 28 0 52 0 0 0 0 0 0 17 34 44 0 92 33 30 0 39 0 0 0 2 0 0 12 0 45 0 53 0 0 0 0 19 0 0 0 0 10 13 0 37 24 52 46 28 0 0 15 11 37 0 24 83 58 55 0 69 0 55 43 0
 76 55 17 20 0 1 0 0 13 0 64 0 24 0 42 0 15 0 36 0 2 0 0 0 1 52 0 0 0 0 0 45 0 0 57 0 0 57 39 65 0 0 41 0 78 0 16 0 16 0 40 0 17 0 13 12 1 0 0 18 29 0 0 29 0 0 40 0 0 0 0 0 0 38 0 0 0 0 27 46 12 0 60 45 0 0 45 0 35 0 2 68 15 0 0 45 0 0 0 0 0 0 14 18 78 38 32 15 70 0 0 0 25 17 0 40 0 0 0 0 0 30 0 0 0 36 73 0 6 0 0 0 0 0 76 0 0 0 48 0 0 0 38 0 43 0 15 0 0 6 56 36 0 0 20 0 5 0 18 59 0 0 0 34 0 0 0 0 35 0 24 57 0 0 24 36 27 42 0 0 0 0 43 25 68 72 0 11 0 76 30 7 0 68 0 14 11 28 13 0
 0 0 41 0 0 28 0 0 22 0 0 24 22 27 0 12 18 22 0 28 0 0 11 0 62 57 19 0 0 0 6 64 11 0 0 36 36 67 29 0 0 20 0 0 0 0 0 91 14 54 0 0 24 0 6 44 0 65 0 24 19 20 10 51 33 0 0 0 0 0 20 9 0 0 0 0 0 0 29 71 0 33 22 0 0 0 23 0 0 52 0 8 47 44 0 61 6 12 0 0 0 0 61 76 71 5 0 0 0 72 15 67 0 0 18 0 32 0 0 31 0 0 74 12 2 54 53 72 0 0 33 0 0 0 0 13 28 1 0 0 0 0 0 65 85 0 0 0 0 39 24 23 62 11 78 0 0 0 0 0 34 0 0 0 0 2 33 24 38 2 47 11 8 0 0 0 0 33 0 62 0 56 47 12 0 73 0 0 0 0 44 85 63 82 49 0 0 19 0 18
 0 46 39 73 42 0 9 50 21 0 7 0 23 0 52 0 0 10 47 0 28 0 28 0 48 64 60 0 46 0 0 26 25 0 26 16 0 38 58 18 0 0 27 86 29 0 68 0 27 77 0 22 44 0 0 0 0 0 0 92 38 70 1 32 0 0 46 0 0 40 67 0 0 0 0 48 13 54 0 43 0 0 0 0 0 0 0 39 2 0 0 1 0 2 27 31 0 17 0 0 31 0 0 8 0 0 15 0 0 0 0 0 0 0 17 0 1 0 15 16 34 0 0 0 17 0 80 16 37 19 29 0 0 21 0 0 0 0 27 6 41 24 39 74 75 53 32 64 37 0 48 0 81 0 18 58 0 27 0 85 0 47 0 56 0 0 33 11 0 23 0 0 0 0 33 71 19 78 0 2 32 3 0 0 14 49 30 0 21 16 0 25 81 0 0 41 0 0 0 0
 0 0 0 15 75 0 17 61 0 36 0 0 0 0 9 0 42 54 10 0 28 3 0 4 0 15 0 21 0 63 0 38 0 0 6 2 28 0 4 0 45 0 0 3 0 0 24 15 0 8 0 80 30 23 92 0 31 49 41 0 18 4 0 84 0 52 6 0 15 65 90 0 27 0 0 24 0 17 0 0 33 0 1 36 38 76 0 0 0 0 0 0 38 0 54 49 0 0 19 0 27 0 0 42 0 0 19 30 32 0 58 65 6 0 0 42 0 0 0 37 0 0 0 0 64 0 0 23 0 0 0 0 0 0 0 0 0 13 63 0 0 0 45 0 0 0 0 21 0 28 64 0 10 65 0 0 0 25 36 14 51 0 0 38 0 3 60 0 0 38 0 0 0 62 0 0 0 3 49 0 0 0 0 0 0 21 23 26 77 17 26 0 0 0 0 15 76 0 0 0
 0 86 0 80 6 7 0 0 0 0 0 0 0 0 44 0 0 0 23 0 0 22 0 0 8 0 0 0 10 10 0 0 21 77 45 0 0 0 9 0 15 0 0 0 21 7 0 1 6 0 22 0 0 63 0 8 21 0 0 32 0 46 76 0 20 0 0 0 0 83 0 8 9 0 38 33 0 7 11 23 58 7 21 0 20 0 0 0 0 0 65 72 0 15 0 33 0 0 0 5 56 17 0 53 0 0 0 61 50 10 16 13 30 42 0 0 49 9 28 0 0 37 0 65 0 0 0 12 33 2 0 0 51 0 18 66 0 23 0 36 23 0 17 0 0 28 0 3 0 0 56 0 0 21 0 0 10 0 39 24 0 69 0 46 1 13 70 72 0 0 19 0 3 0 0 18 0 0 24 27 0 1 0 0 16 30 0 0 79 74 0 0 6 67 22 0 0 0 0 0
 0 28 40 37 0 56 3 22 0 34 7 7 37 71 4 0 0 0 0 0 15 0 0 32 35 0 36 0 0 0 9 19 25 0 17 32 13 5 0 32 0 0 56 63 21 0 0 0 5 0 0 0 0 27 89 60 28 0 0 0 12 65 0 11 0 0 0 0 0 45 0 0 0 40 0 16 0 0 0 0 0 16 44 56 30 0 0 35 0 0 0 49 0 13 0 6 0 13 13 0 0 0 0 0 0 5 0 0 90 0 98 0 7 7 17 0 33 29 0 0 33 13 0 0 24 0 37 0 33 3 0 19 17 0 0 28 0 0 0 16 48 42 0 62 0 0 58 0 32 0 51 24 0 0 37 81 0 0 70 0 0 1 1 5 6 33 59 0 81 0 0 0 67 61 0 68 70 0 20 0 40 0 40 17 0 5 0 0 0 66 0 0 40 0 0 0 0 0 0 48
 0 0 0 58 43 52 0 0 1 3 0 25 52 71 0 11 77 10 0 0 14 0 0 0 88 42 4 0 0 0 31 0 0 0 55 0 0 0 9 0 0 19 56 31 1 0 0 0 21 0 0 2 0 15 45 72 0 54 75 0 0 0 0 0 60 61 44 30 0 38 0 62 0 0 21 0 9 7 9 0 31 0 41 0 56 15 0 53 70 34 0 0 0 0 44 50 7 0 30 22 0 0 0 31 0 0 32 42 0 3 0 31 23 59 60 66 61 0 19 49 1 4 0 0 28 0 36 26 61 12 0 0 20 0 0 0 0 20 0 0 0 0 36 59 43 0 0 0 0 47 0 0 0 0 0 0 4 0 0 0 0 25 99 0 46 0 25 0 65 0 19 56 6 0 28 0 0 0 26 0 36 23 13 0 0 0 21 0 41 15 33 0 0 41 49 5 0 0 26 0
 0 12 45 3 3 18 0 0 0 45 90 44 51 0 7 0 0 0 68 22 73 5 57 33 4 28 40 0 0 0 0 0 40 7 0 70 0 0 0 55 39 9 83 0 0 0 0 0 0 0 0 39 12 0 0 20 16 0 0 64 53 0 0 17 0 64 0 0 0 0 28 32 0 0 8 0 0 11 0 0 0 0 1 0 15 3 0 49 33 1 0 16 0 0 58 0 4 0 0 83 28 0 0 0 71 0 46 79 3 32 0 0 24 2 33 0 56 0 2 47 0 0 79 0 0 17 0 33 0 52 0 0 0 63 0 0 20 15 0 0 31 52 28 27 65 0 0 46 57 0 45 30 0 40 6 0 0 0 87 11 0 0 0 34 0 53 0 8 0 8 0 24 0 0 8 0 0 18 0 70 0 60 40 0 0 0 0 74 24 7 36 55 37 0 79 0 0 0 0 62
 0 59 0 16 13 0 51 9 9 17 40 0 12 7 8 0 29 32 0 0 35 0 0 58 49 36 0 0 8 0 0 54 0 89 48 2 0 0 77 31 0 39 74 70 12 22 0 0 13 0 0 0 92 0 25 0 65 0 0 30 28 43 10 0 8 0 20 2 15 0 0 69 0 60 43 34 0 0 64 0 0 0 0 0 13 25 0 29 30 43 0 37 0 0 27 95 13 6 0 28 15 0 0 25 74 6 13 12 0 0 3 0 0 0 0 42 12 0 0 71 0 49 42 0 0 76 0 37 83 51 0 0 0 0 0 47 0 15 24 33 0 0 9 0 0 42 0 0 15 30 0 45 0 0 0 12 0 0 24 19 0 0 6 6 0 47 55 16 5 26 0 22 9 14 38 26 27 37 34 74 0 4 0 0 9 0 0 54 0 0 16 0 89 0 30 41 0 0 0 0
 0 0 0 19 6 0 0 0 1 0 0 45 88 0 0 0 0 0 27 0 40 41 0 0 61 43 36 40 0 0 40 16 31 0 0 57 27 0 40 38 4 0 1 41 40 0 0 0 33 0 0 0 49 0 0 19 0 0 27 0 1 0 8 31 0 11 8 0 0 0 2 0 52 28 84 30 0 0 0 25 0 36 0 25 23 0 78 0 53 0 33 0 26 40 38 5 0 0 15 0 0 0 13 0 17 0 0 54 0 0 0 61 60 26 0 44 71 0 0 70 39 0 0 0 0 56 0 0 1 0 97 0 32 0 43 0 12 5 80 0 0 26 60 0 0 0 28 7 33 28 0 1 45 13 0 0 21 0 80 16 64 39 0 23 0 45 64 0 0 11 18 14 0 0 0 20 82 0 90 58 0 0 4 0 0 0 16 43 0 12 0 3 15 85 24 82 69 28 7 22
 0 0 0 0 0 0 0 13 24 0 0 0 0 0 0 0 62 16 81 0 0 0 8 0 0 0 0 0 0 18 0 0 48 0 0 4 0 17 5 0 0 15 35 0 0 0 0 19 0 41 6 0 62 55 50 0 21 0 0 0 0 20 26 13 0 37 0 0 83 0 77 18 21 42 83 27 0 0 0 0 69 0 0 0 24 31 78 0 0 79 26 0 3 0 36 65 0 0 51 0 13 5 0 75 17 0 3 32 20 0 19 0 70 11 0 70 36 58 0 95 6 0 0 4 1 0 0 0 0 0 0 0 63 0 55 0 0 51 0 0 0 10 0 0 29 0 46 51 0 0 0 40 0 25 19 16 0 0 23 90 10 0 33 0 0 0 0 4 0 52 0 45 7 0 0 0 79 0 6 61 0 0 26 39 61 0 47 8 0 20 0 0 0 0 37 0 0 12 5 0
 0 28 0 0 21 57 0 0 59 0 0 0 58 5 0 0 38 83 0 0 0 0 68 2 0 0 0 92 0 0 36 0 20 10 13 0 42 56 1 0 0 43 0 0 0 21 67 57 0 5 48 0 39 66 16 0 3 36 0 0 0 0 0 0 0 0 0 75 0 41 6 44 33 59 0 38 0 27 5 32 0 25 19 5 0 0 63 63 0 49 0 79 0 28 0 0 76 38 0 66 0 0 2 0 0 40 0 24 0 62 51 59 18 0 35 9 0 63 0 0 10 0 5 0 4 0 0 0 0 0 0 27 23 0 4 0 0 0 17 0 0 48 59 39 0 46 0 0 0 11 0 77 0 0 0 0 0 0 19 0 91 0 25 0 7 0 15 0 49 0 62 0 13 0 26 15 0 0 0 0 17 18 27 0 0 81 0 0 5 69 0 70 0 0 38 2 85 27 0 11
 41 0 0 31 0 0 0 0 26 1 4 28 0 25 21 18 38 75 0 38 0 45 0 54 24 0 0 0 0 63 0 32 0 0 0 22 0 0 55 15 0 0 0 0 4 13 55 0 25 41 16 5 0 0 15 0 19 0 24 0 0 60 0 0 0 0 30 0 0 0 0 46 31 34 19 46 19 15 47 0 11 0 0 49 44 68 53 0 23 0 35 0 0 0 0 3 0 0 0 0 1 0 30 51 4 0 14 4 15 13 20 27 49 30 61 0 86 37 52 49 0 53 0 54 0 27 21 22 31 12 35 0 0 0 23 19 0 48 39 0 0 36 1 43 18 0 0 0 7 0 19 40 1 51 84 26 80 0 61 30 0 0 10 4 0 0 0 38 72 25 0 21 12 77 38 46 43 0 24 0 0 0 6 6 0 32 7 0 28 61 17 11 40 0 19 0 27 0 0 0
 40 0 0 48 34 0 0 31 63 6 0 1 38 0 0 0 0 0 9 0 0 76 0 16 32 0 0 0 0 0 57 59 0 0 0 0 35 58 0 0 22 0 0 36 43 0 20 15 52 23 21 0 31 0 44 37 5 0 28 0 25 2 0 0 44 14 0 0 63 0 0 11 17 44 0 42 0 28 0 82 0 0 9 0 15 0 0 76 33 0 0 0 0 15 38 0 19 40 0 0 0 40 0 0 61 27 0 23 14 13 0 0 47 0 0 0 0 0 33 0 0 3 7 38 1 26 0 39 62 0 0 77 69 0 56 0 0 5 61 37 0 0 27 0 14 0 0 66 37 15 16 27 19 40 17 14 0 3 0 73 0 0 38 47 9 0 58 0 0 0 20 43 24 12 0 26 0 0 18 22 0 0 70 0 0 0 19 33 6 56 42 24 83 0 0 0 26 19 12 0
 37 65 15 50 5 0 0 0 0 0 0 0 17 28 4 0 7 0 34 0 24 64 0 21 69 0 0 40 0 0 0 0 0 0 0 26 47 9 0 11 0 82 31 19 37 0 0 0 0 3 20 0 4 52 49 0 0 30 19 58 50 0 26 39 0 0 38 0 18 0 0 0 0 0 0 0 0 0 37 16 9 0 6 0 0 0 5 0 20 0 0 32 9 55 55 1 0 0 39 0 0 0 86 49 0 68 1 0 32 17 53 0 43 0 34 0 8 3 0 82 13 52 0 12 7 75 75 0 0 0 29 0 0 0 0 22 0 0 3 18 45 0 0 10 7 0 0 20 0 59 0 36 0 0 0 0 0 28 0 0 12 0 0 0 86 0 77 59 42 0 0 32 0 45 0 0 47 84 69 24 0 0 0 0 0 11 39 89 48 29 0 24 27 0 0 20 34 0 14 62
 0 77 0 4 13 0 0 0 0 15 2 3 0 36 39 0 22 47 0 0 70 0 88 0 0 17 0 40 30 76 20 0 0 0 3 7 0 36 36 47 12 0 0 0 0 14 7 0 83 0 0 0 30 14 10 18 0 0 0 23 59 44 0 0 0 0 31 90 31 0 25 34 87 0 56 25 29 0 13 0 21 0 0 25 31 13 49 0 18 0 0 34 6 50 0 0 0 0 0 0 28 72 0 61 0 8 4 18 21 56 0 0 0 39 0 0 1 0 22 0 29 0 2 0 14 0 0 68 0 0 64 0 23 23 68 0 9 0 0 35 53 0 33 0 0 0 39 14 0 23 0 40 0 0 10 8 0 38 36 31 0 0 0 0 35 0 0 16 0 0 0 22 12 23 0 13 0 8 9 0 0 0 15 17 12 0 54 6 28 0 49 0 20 0 9 0 17 49 0 2
