150
 58 40 2 12 20 6 0 0 5 0 0 35 0 0 0 73 0 52 0 12 0 0 47 12 0 0 31 61 13 13 15 0 0 2 0 14 0 34 0 29 16 31 5 12 27 45 0 8 0 4 51 0 0 0 74 40 0 33 0 0 79 0 75 0 0 3 0 0 0 14 56 0 64 0 0 0 0 76 0 2 47 20 0 0 0 0 0 67 0 38 0 0 0 0 0 73 0 88 0 38 20 42 44 6 0 20 38 0 0 74 30 0 0 0 5 11 0 53 0 0 0 0 10 0 0 26 26 52 7 21 18 0 83 54 20 0 0 0 0 91 42 0 0 0 76 4 47 54 29 10
 0 41 93 0 33 0 0 0 0 5 16 7 0 2 0 0 0 24 59 0 80 0 63 0 0 70 19 0 23 32 8 9 10 0 0 0 11 0 34 10 22 0 3 8 0 7 40 28 60 42 71 2 32 29 47 0 0 0 4 73 0 0 54 0 12 33 0 50 48 0 8 51 32 0 31 28 8 0 8 0 0 0 0 0 44 0 0 2 0 0 12 0 0 34 0 10 0 79 46 0 43 0 53 75 5 0 0 0 0 0 0 0 39 37 0 66 0 0 41 0 0 0 7 0 0 0 0 0 0 0 0 0 0 0 0 0 0 0 0 0 0 12 0 0 77 0 24 36 22 10
 0 0 91 18 3 60 0 0 39 0 0 40 31 0 8 0 4 0 32 55 64 22 0 12 16 11 0 37 0 14 42 39 0 0 16 0 0 3 0 0 0 0 55 9 0 73 0 64 53 0 0 6 0 0 7 0 11 0 0 0 0 0 0 23 65 63 3 0 0 17 22 22 51 0 20 0 0 31 0 0 0 83 0 1 0 41 69 0 0 0 0 0 21 0 6 0 56 0 0 0 0 0 10 0 0 0 23 19 1 0 54 0 0 0 34 88 0 0 0 0 55 0 1 0 0 0 0 24 0 37 0 0 0 0 0 0 0 0 20 6 0 34 55 9 0 0 0 0 19 37
 0 20 0 85 0 0 0 0 0 17 0 9 17 0 0 23 22 0 18 25 13 0 0 0 1 0 2 13 0 0 0 0 0 0 2 39 0 0 64 13 69 0 0 0 11 17 7 21 2 0 0 0 0 67 0 46 0 41 6 48 13 0 0 55 43 12 18 0 56 0 0 0 0 0 57 20 0 34 46 69 0 58 27 0 0 6 90 0 0 51 0 52 0 0 58 76 0 27 0 0 0 24 0 0 0 0 0 0 10 5 0 0 0 1 25 39 0 1 31 0 9 0 38 42 0 0 0 16 55 0 27 0 0 0 0 77 31 0 0 0 32 0 7 39 32 0 52 18 8 0
 0 0 0 64 50 74 0 43 11 13 0 20 0 0 0 0 41 31 2 0 7 3 0 0 0 15 18 0 0 21 28 11 0 5 91 82 2 0 55 0 0 0 28 16 69 0 0 0 0 45 29 0 31 7 37 0 12 0 65 26 19 0 0 0 0 47 0 1 0 0 24 41 0 0 29 0 0 0 0 1 11 0 34 0 37 36 34 35 39 0 48 38 16 37 0 0 0 13 28 0 0 40 0 0 0 9 0 18 0 33 54 0 66 14 73 40 0 0 0 0 0 0 0 37 0 54 43 0 0 74 2 48 0 17 0 20 0 0 67 17 4 44 47 0 75 17 17 77 0 33
 0 54 0 46 0 35 0 0 0 21 26 0 0 3 52 0 69 0 0 0 62 0 0 0 0 0 22 31 14 0 0 58 0 1 0 0 0 57 53 0 0 27 0 0 28 46 0 75 0 78 0 23 0 0 0 0 0 0 47 33 22 0 0 60 0 0 0 0 27 0 0 59 23 0 0 62 24 63 0 58 0 3 82 12 0 1 11 0 0 3 0 22 50 43 15 14 0 0 70 0 0 0 0 2 23 0 10 33 54 0 5 0 2 0 0 0 5 39 47 0 0 0 76 3 0 39 0 0 0 0 0 48 0 0 26 0 0 11 15 35 68 0 41 5 71 0 92 0 58 25
 30 8 46 38 4 16 77 75 21 33 8 16 0 0 45 0 0 0 0 0 6 15 0 0 0 57 0 10 27 0 21 0 23 0 29 2 0 8 0 22 0 0 0 17 48 0 0 15 0 44 15 14 41 0 0 7 41 12 0 0 0 0 84 0 0 0 15 28 0 74 0 0 32 0 5 74 0 0 38 0 0 0 0 33 0 44 0 8 0 6 44 0 57 13 30 0 24 2 0 35 94 47 17 0 10 4 9 0 0 87 12 0 19 64 0 0 0 67 0 0 2 0 82 0 0 0 17 41 0 53 0 65 0 0 4 3 0 48 16 0 0 15 0 49 68 5 0 0 0 0
 32 52 30 7 0 4 0 96 46 5 0 19 0 0 0 0 0 0 0 0 0 0 66 37 63 0 0 8 0 0 85 0 24 7 29 44 0 0 0 0 0 0 37 0 17 0 40 6 0 37 0 4 16 0 24 59 0 0 0 0 0 0 26 0 33 0 0 0 66 0 0 0 0 0 39 11 0 24 60 0 29 0 0 46 0 31 0 33 0 18 71 0 55 30 20 33 54 0 0 49 0 0 0 6 0 0 0 0 0 92 85 47 61 0 8 0 0 0 0 0 51 0 48 28 49 20 0 0 5 14 53 0 67 0 91 0 0 0 0 8 34 14 24 63 0 0 0 28 32 70
 0 3 0 20 0 33 0 0 81 0 0 0 27 6 0 3 11 0 42 0 21 42 58 0 0 0 14 42 66 63 20 8 32 0 0 4 15 16 21 0 0 44 0 41 26 33 0 0 18 15 0 12 0 23 0 0 0 0 0 66 45 0 0 21 50 12 72 0 0 0 0 0 0 1 14 77 0 0 0 0 69 76 0 0 14 0 8 9 16 0 76 64 14 0 0 1 10 0 43 47 0 32 25 0 0 33 51 48 0 6 0 0 46 0 0 1 0 5 0 31 0 58 45 0 55 0 0 23 68 0 0 48 23 0 6 22 0 19 0 34 12 32 10 37 0 0 32 21 0 0
 22 0 72 0 0 0 0 0 39 54 17 33 39 0 46 10 0 0 3 0 60 0 0 0 19 0 0 30 0 0 71 14 0 1 0 87 0 0 0 0 17 0 12 0 42 0 0 0 0 0 0 0 0 0 0 24 8 27 6 0 0 0 44 0 72 0 0 0 64 71 0 30 0 93 0 21 0 4 0 0 0 6 0 0 58 0 0 0 0 0 0 52 17 0 14 0 59 0 0 7 0 52 0 7 0 0 0 0 0 7 0 33 0 46 0 43 5 0 70 25 46 22 31 5 5 41 19 0 47 0 25 0 0 33 0 3 0 0 0 52 0 0 0 0 0 48 0 0 0 52
 45 0 10 60 76 0 0 56 1 0 96 0 0 50 0 0 34 16 0 0 0 0 9 24 5 70 40 4 23 92 0 6 0 0 0 27 0 0 0 0 10 0 11 6 21 0 26 0 0 73 0 35 13 35 33 0 0 20 0 59 0 0 58 3 0 0 0 48 21 56 10 40 0 61 0 0 0 0 0 0 7 0 39 0 0 0 78 0 0 0 0 87 62 18 0 41 0 54 22 0 0 0 0 54 0 68 8 53 19 28 35 0 41 26 46 0 0 6 0 0 0 15 0 0 15 9 0 2 25 1 0 13 81 31 0 0 17 70 11 0 30 0 0 0 23 21 0 14 41 0
 0 0 0 0 0 36 0 0 60 0 76 6 0 0 0 0 58 0 0 0 0 59 41 7 0 37 0 71 3 0 8 86 0 10 34 0 2 0 0 0 42 19 0 29 23 30 53 0 0 0 0 0 21 23 0 0 39 28 0 0 0 43 0 32 0 39 0 4 0 0 18 0 0 0 0 0 0 23 0 76 16 0 34 45 0 1 42 0 0 22 40 45 0 0 0 0 43 56 0 6 0 0 0 0 0 76 0 0 0 39 0 4 0 8 75 0 37 0 0 0 0 0 0 0 62 0 26 0 0 0 51 42 50 0 0 0 32 41 0 0 0 0 0 0 69 0 30 0 0 0
 10 58 0 0 78 17 15 96 0 0 54 38 25 0 52 0 0 15 0 0 71 13 0 34 0 0 11 0 53 0 0 56 0 0 0 0 25 0 0 50 0 8 0 42 63 0 0 0 8 0 6 0 1 0 0 0 17 2 4 0 0 81 4 0 0 0 57 12 9 71 78 0 0 0 0 0 0 0 0 22 0 0 0 61 51 0 0 0 10 0 72 0 0 66 29 0 17 56 0 0 0 76 3 81 0 0 12 0 0 14 27 0 0 0 0 0 33 38 0 5 63 59 0 0 10 61 0 3 0 97 30 0 0 0 0 14 16 13 0 0 0 12 9 0 0 15 0 38 20 64
 19 0 18 39 73 0 6 54 0 45 0 18 1 25 0 20 0 0 29 0 0 4 70 42 15 0 0 0 3 31 4 68 0 0 8 0 0 3 57 40 1 0 0 1 0 77 45 48 0 0 0 0 26 0 0 19 53 0 0 72 0 9 0 7 0 35 17 3 0 0 24 47 0 61 0 0 0 22 0 0 8 44 50 34 0 0 0 0 0 0 6 48 0 0 36 0 2 41 0 36 0 43 0 68 6 0 0 31 0 11 10 0 0 0 0 13 0 0 39 50 21 0 0 0 13 51 34 81 68 0 0 0 42 0 0 9 23 71 0 0 0 0 0 53 67 0 26 50 0 0
 26 19 0 56 42 0 0 11 31 0 15 25 0 61 69 0 0 69 9 0 69 2 38 0 0 0 0 10 0 0 0 69 0 0 63 0 0 0 78 19 0 0 0 0 0 2 31 0 85 34 49 63 0 26 0 4 0 42 3 0 71 23 0 0 67 0 0 0 30 24 0 42 0 0 62 1 0 15 0 0 42 22 0 47 13 15 0 0 2 14 0 0 0 0 8 7 0 11 15 37 0 0 59 0 2 23 0 27 53 26 71 33 0 23 5 64 7 52 0 33 0 0 41 1 0 0 0 21 0 76 27 0 3 0 9 0 0 0 57 0 0 39 0 0 0 58 0 15 0 0
 0 1 52 0 64 39 72 58 0 0 70 49 49 0 13 17 10 0 0 33 89 0 40 0 0 14 0 0 64 71 0 34 0 1 0 13 34 0 0 0 0 86 0 45 0 0 9 0 0 0 0 0 0 76 73 0 0 26 0 37 0 18 22 0 40 0 0 0 0 0 8 19 3 24 18 0 83 96 0 0 26 0 0 0 0 13 47 38 0 50 0 0 0 42 7 80 26 43 0 0 0 0 15 27 0 56 20 84 0 76 13 0 13 39 1 94 0 87 64 0 0 9 50 0 77 43 15 0 64 0 0 49 48 0 0 40 83 0 0 0 5 0 0 0 44 25 13 56 28 12
 18 27 0 0 0 0 10 14 0 66 0 0 29 35 4 0 13 15 69 0 0 23 0 0 0 0 65 0 0 0 50 33 0 0 0 0 27 0 43 0 15 0 2 3 45 0 46 61 0 0 19 37 2 15 0 0 24 20 0 59 30 0 0 0 13 26 0 29 20 0 0 26 6 0 31 48 6 45 0 0 0 57 33 0 63 6 0 0 22 31 9 76 56 0 30 90 31 0 63 0 0 3 31 0 0 0 0 0 42 48 3 0 4 0 27 16 15 25 28 0 39 0 0 53 0 23 15 26 20 42 0 0 46 0 51 0 31 0 11 0 0 38 28 3 17 0 0 0 0 72
 0 0 24 38 0 24 55 52 11 44 0 0 0 63 0 65 0 28 0 0 0 0 40 0 0 0 12 0 0 43 0 0 20 30 0 0 58 11 0 90 17 0 0 12 30 69 11 1 7 22 45 0 0 30 35 0 0 0 0 6 0 0 65 3 0 44 50 4 13 0 0 55 35 0 0 42 42 0 0 9 0 22 0 0 50 48 5 0 0 0 59 70 0 0 48 0 50 0 32 0 0 0 7 4 0 0 17 6 49 11 43 43 57 0 27 84 0 4 5 72 0 36 0 0 0 0 27 63 35 0 0 40 0 0 10 0 0 0 0 31 57 0 24 26 52 0 0 0 0 12
 10 0 0 0 0 9 43 6 0 0 31 79 50 0 0 11 0 33 7 0 69 0 8 0 5 0 19 63 56 38 20 21 61 0 46 35 0 65 0 18 0 0 0 0 0 0 0 6 0 0 0 0 79 13 7 0 0 42 29 77 0 0 66 0 0 22 0 41 89 0 0 39 25 0 1 40 0 24 13 20 9 0 0 11 0 5 3 69 0 34 22 62 0 15 0 2 38 86 0 77 0 3 0 0 0 0 65 0 55 0 0 19 53 25 62 0 0 72 67 0 24 53 5 31 68 70 19 0 32 33 0 30 16 0 0 0 0 20 8 0 54 0 0 20 0 16 36 3 10 0
 0 63 0 0 0 17 8 19 46 26 3 3 23 85 51 0 6 30 8 96 0 91 13 0 40 37 0 0 25 0 3 0 67 0 0 0 0 0 15 0 8 0 22 0 0 62 12 33 0 17 0 0 0 0 0 0 64 0 0 10 47 34 0 0 27 1 0 7 45 0 32 0 18 0 0 0 18 0 36 48 35 0 0 8 0 0 0 14 5 53 0 0 0 35 0 0 0 0 40 0 41 17 27 45 26 0 0 0 6 64 40 13 21 46 25 0 5 0 0 6 0 0 43 0 0 0 0 41 0 0 2 0 0 13 0 41 3 13 12 8 2 0 22 0 0 0 0 0 0 54
 5 0 0 0 0 0 0 29 0 0 57 66 0 9 0 0 68 49 0 41 64 37 53 5 0 61 0 5 0 10 0 0 52 18 61 0 0 26 0 0 0 0 0 0 0 0 10 0 0 1 12 36 0 40 0 0 0 20 53 40 0 5 0 0 30 0 3 0 61 0 0 42 0 12 65 17 62 0 0 0 36 0 0 0 44 36 16 0 18 0 1 53 0 0 18 64 0 0 12 64 0 15 49 0 27 2 9 0 34 54 0 0 74 0 0 49 11 0 11 13 0 3 0 44 70 0 0 21 11 0 8 71 43 0 0 15 63 46 50 5 54 0 42 76 47 0 62 0 48 15
 7 10 0 32 0 43 0 65 0 5 100 0 0 0 0 60 0 66 72 0 0 24 51 0 44 0 0 0 35 0 0 61 17 0 23 31 0 0 0 72 11 16 0 0 14 0 0 0 0 0 0 66 47 22 0 38 0 26 0 80 0 72 0 0 0 0 0 0 56 26 9 0 53 0 21 26 14 49 1 0 0 66 26 0 0 49 0 0 0 0 0 0 0 6 0 5 0 10 0 51 0 0 0 0 99 88 0 0 45 87 19 0 64 0 0 18 0 62 0 0 0 0 6 74 7 67 41 0 0 0 0 0 34 32 0 35 0 33 16 0 23 25 0 8 0 35 12 72 5 43
 0 0 24 27 4 33 11 0 0 9 0 0 53 0 0 0 74 0 0 0 0 0 59 0 0 0 23 0 34 1 31 0 67 0 0 0 16 42 32 28 0 10 0 0 0 16 0 72 0 8 0 0 0 16 0 21 0 4 0 0 0 0 0 0 28 22 45 97 0 0 24 66 48 0 0 71 0 0 29 11 0 14 1 0 0 0 55 21 34 61 58 43 0 0 0 9 47 25 50 11 0 0 53 1 69 52 0 0 0 0 0 54 69 12 0 35 1 0 0 25 0 0 0 0 0 0 36 0 34 31 0 7 84 32 44 7 16 0 0 17 0 52 0 0 0 0 0 63 47 58
 0 6 0 30 70 21 19 0 55 56 0 0 0 0 25 52 7 22 17 25 0 4 15 49 0 0 0 55 1 14 24 48 6 0 3 30 0 66 0 42 83 0 0 24 0 30 27 3 0 40 0 0 0 0 24 25 72 0 49 0 0 0 2 0 53 4 0 21 15 0 22 12 0 0 0 50 0 0 0 0 53 21 0 8 43 32 48 0 20 72 0 0 11 0 32 0 0 0 92 32 0 16 0 24 53 0 39 0 0 0 15 30 0 31 32 0 4 17 0 0 32 20 15 16 43 16 0 12 65 41 0 0 59 0 0 0 0 69 0 4 0 0 38 0 21 50 0 63 0 32
 5 5 0 0 74 37 1 0 33 0 0 81 2 0 34 24 32 34 0 0 4 0 53 81 18 84 0 0 0 15 34 39 56 52 0 0 37 7 27 65 0 67 16 0 0 0 6 0 0 68 0 31 83 2 0 23 0 0 34 0 63 21 65 26 52 19 0 0 0 0 55 36 0 0 3 0 36 0 0 0 43 19 23 41 14 24 55 0 23 59 34 0 0 0 53 40 0 0 0 0 0 39 0 30 0 0 71 0 0 0 0 2 0 0 0 10 0 1 8 70 59 0 0 0 0 0 0 0 0 0 80 0 0 22 0 54 0 0 0 51 26 52 34 59 0 10 68 0 39 0
 73 0 0 13 0 74 0 59 72 12 0 0 55 59 22 0 19 21 38 0 0 11 1 20 0 76 22 45 51 42 29 0 9 69 57 42 54 0 0 0 9 5 0 0 4 22 0 1 0 17 0 0 21 26 26 45 0 36 0 12 32 0 53 26 0 35 25 0 0 0 0 7 0 0 0 0 40 37 20 98 16 0 0 0 56 17 10 20 6 47 0 15 7 87 10 0 0 0 67 0 0 0 11 47 0 26 0 0 0 17 0 0 46 0 0 19 0 18 6 25 32 0 0 0 18 0 47 19 25 81 0 0 0 3 14 27 23 20 7 29 30 0 0 0 0 0 0 0 23 0
 0 0 69 0 0 0 7 30 0 42 0 8 0 70 38 10 0 0 0 60 46 5 0 61 29 0 44 71 0 53 72 0 2 11 0 0 0 0 0 51 95 0 37 5 0 0 38 0 23 0 80 0 0 0 45 67 0 42 0 0 35 38 0 0 12 54 37 47 0 0 0 29 0 0 0 76 5 6 0 0 7 0 0 0 39 44 0 9 0 0 0 39 0 24 44 69 0 0 0 0 0 0 33 0 0 0 0 60 12 58 21 41 0 0 0 0 2 18 0 5 29 0 37 11 0 10 78 79 30 66 24 0 0 0 0 77 0 0 17 50 0 0 0 2 0 0 7 0 4 57
 0 46 0 0 39 0 0 0 0 0 0 0 12 55 0 9 45 59 0 14 0 81 5 0 55 0 0 14 26 0 0 0 0 85 0 13 68 16 3 1 37 7 0 30 0 19 0 0 0 53 83 0 0 0 0 13 0 0 25 0 22 0 0 5 29 0 2 0 0 59 0 14 80 0 0 0 0 14 0 0 27 79 0 39 42 0 15 0 0 0 62 0 0 0 0 0 95 26 0 9 9 30 20 0 46 0 0 0 49 0 22 0 0 7 0 0 52 2 0 50 0 26 0 0 0 0 74 46 66 0 61 77 0 0 44 31 0 22 0 0 7 78 0 0 42 8 80 4 30 0
 0 0 15 19 47 0 0 6 0 45 0 0 0 0 56 0 21 43 0 0 2 0 0 0 5 0 52 0 30 0 0 0 0 0 27 0 30 12 14 95 35 18 0 0 0 34 15 94 17 46 4 0 0 2 0 49 0 0 0 41 40 3 39 8 0 5 0 0 0 0 8 0 9 29 2 0 28 0 0 0 43 44 0 62 39 79 0 13 0 0 0 28 14 41 66 0 0 5 26 0 30 0 0 0 0 16 0 35 12 0 0 0 4 0 0 56 23 3 0 0 31 0 7 2 23 28 99 25 0 0 3 19 0 0 27 25 0 0 0 0 55 70 7 35 11 51 0 0 12 65
 0 0 0 1 0 24 16 11 0 14 0 61 34 0 4 0 52 0 0 64 0 21 0 0 0 0 0 0 3 83 0 0 8 0 42 53 92 0 14 28 15 0 0 15 0 0 41 0 0 14 2 47 0 0 58 29 0 58 46 84 22 27 0 0 0 0 22 0 44 8 25 21 36 20 0 10 35 0 0 23 9 10 0 0 0 50 0 3 55 82 0 5 55 0 0 0 0 0 15 0 0 0 0 0 15 0 0 0 0 0 37 0 75 0 0 19 0 0 0 52 2 32 0 0 23 0 16 10 0 0 0 30 16 0 0 0 0 62 63 21 24 0 8 65 12 0 21 0 0 0
 0 0 0 40 0 89 0 0 0 0 52 0 0 0 28 41 0 57 0 0 12 6 0 0 0 0 0 48 14 55 63 0 0 10 22 0 56 82 0 0 0 1 21 0 0 0 0 0 0 0 33 9 2 44 0 0 0 0 0 43 0 19 10 0 38 0 45 0 0 24 0 0 56 0 9 83 15 0 0 61 23 67 0 21 0 0 0 33 7 30 72 52 0 62 0 0 0 0 0 19 0 0 0 0 24 0 71 60 0 0 5 53 64 0 35 0 0 0 54 64 0 29 0 0 65 0 0 23 92 26 0 0 0 40 19 16 0 0 1 19 0 84 31 34 0 0 72 0 23 22
 22 0 0 63 0 0 22 4 0 0 0 0 0 0 0 0 0 73 0 9 25 0 45 0 0 9 33 2 13 91 2 98 0 0 0 7 7 0 8 0 0 66 0 0 19 11 0 0 1 0 34 9 0 0 32 0 36 39 0 0 0 0 28 0 0 62 0 6 2 0 0 9 0 0 0 0 10 0 0 69 3 28 49 0 63 0 0 0 0 0 0 54 0 1 0 0 29 84 0 24 43 24 39 5 32 0 0 56 0 0 18 30 0 28 0 38 0 44 0 0 35 75 68 40 0 48 10 17 27 0 18 0 0 44 43 0 16 0 0 69 24 0 0 45 0 4 39 0 0 0
 34 0 8 40 6 37 0 0 0 75 67 68 33 33 24 13 66 0 0 0 0 0 0 0 0 0 0 56 58 0 75 27 50 5 0 41 35 0 0 12 0 54 95 21 55 0 47 0 51 33 0 43 6 50 24 0 1 0 24 0 4 11 70 0 39 0 0 51 6 34 0 0 0 25 59 7 3 6 19 70 0 0 0 0 0 61 79 46 0 0 9 10 0 24 0 0 61 0 57 17 51 32 0 3 14 0 0 20 60 0 0 58 0 4 14 0 0 43 0 0 0 18 63 45 40 0 5 30 6 58 0 0 24 0 60 0 0 55 0 29 40 0 0 48 0 9 44 8 0 62
 0 13 48 17 0 0 75 0 1 0 11 0 39 21 14 0 57 0 20 40 0 4 56 4 0 0 0 0 24 85 0 64 0 24 29 27 0 25 0 15 14 0 15 19 18 0 0 0 0 0 0 0 0 0 0 77 0 0 0 0 3 0 0 11 0 0 5 0 10 53 57 38 40 0 0 81 0 0 0 50 0 29 0 0 9 48 37 0 18 0 0 25 0 26 14 0 0 9 0 11 11 0 51 47 0 0 0 0 0 0 41 0 0 0 0 0 17 27 31 0 20 25 0 59 0 42 7 0 16 0 44 2 55 0 42 0 58 0 83 0 69 0 0 89 0 2 0 0 0 5
 0 12 0 0 0 1 0 0 35 0 1 0 55 0 0 41 54 5 0 16 0 0 23 0 20 0 49 30 0 0 0 3 63 0 17 0 13 0 7 99 33 0 0 14 0 4 0 0 0 9 0 0 45 31 53 27 25 29 14 0 69 30 0 0 21 0 0 100 0 39 20 14 0 1 16 0 3 0 0 0 0 0 29 20 0 70 0 28 80 29 0 0 0 0 0 0 40 13 72 0 29 0 0 18 0 0 0 4 73 1 0 0 0 28 28 86 0 0 0 0 0 17 0 0 0 0 5 62 20 0 0 14 52 0 53 69 90 0 34 0 6 95 43 0 45 24 24 23 84 0
 0 69 4 0 0 33 0 0 0 0 0 12 46 12 2 0 0 58 0 14 11 0 31 0 37 0 8 0 76 0 43 0 0 0 10 8 54 26 0 12 12 6 0 0 4 0 0 49 44 26 5 21 0 0 36 25 81 0 0 4 0 56 0 19 0 0 0 25 0 7 0 0 0 21 69 0 0 91 3 0 15 0 0 0 0 0 32 59 42 0 13 0 0 0 14 81 6 0 54 29 0 0 0 0 1 29 0 20 53 0 54 0 11 0 0 0 60 0 71 0 0 0 0 81 0 0 10 0 57 0 11 54 47 0 14 48 0 31 0 1 2 0 0 0 7 39 65 6 0 36
 49 0 62 28 0 36 20 36 0 89 34 0 0 49 5 0 0 0 8 34 79 19 0 1 0 0 16 0 0 0 0 0 0 13 0 0 56 0 0 0 32 0 0 0 68 15 38 0 13 0 0 20 0 0 48 37 39 0 57 0 56 0 67 0 60 63 0 0 40 0 0 0 0 5 59 0 5 0 0 5 19 45 0 13 44 0 0 0 77 0 47 11 0 41 16 72 0 0 0 0 0 0 0 0 8 0 69 0 0 0 0 28 0 0 85 0 0 58 9 0 73 0 0 0 12 0 0 26 0 0 0 0 5 55 59 0 0 0 17 53 0 43 27 0 0 22 41 47 0 47
 0 31 0 3 37 0 0 21 0 9 74 71 38 0 5 37 8 0 0 34 0 85 0 0 0 81 52 0 0 17 0 75 7 0 16 0 48 23 0 57 5 0 0 52 13 0 13 0 36 0 0 0 0 0 0 71 0 67 0 0 30 31 0 0 80 0 27 38 25 0 19 0 0 41 71 0 36 0 6 0 0 18 12 42 0 0 0 69 68 74 54 0 0 0 30 0 0 15 0 6 0 0 50 0 35 41 34 75 30 34 0 84 57 51 0 8 3 0 1 41 0 12 35 0 0 0 0 0 21 0 25 0 67 17 21 0 0 52 0 0 0 0 0 0 34 13 18 30 36 33
 16 0 27 0 0 0 45 5 0 66 70 34 75 0 0 0 0 1 14 0 18 22 0 39 0 51 49 0 0 0 75 0 50 54 0 27 7 2 78 0 46 0 38 0 0 90 0 0 0 0 0 0 0 74 0 50 54 0 18 6 0 13 8 0 10 0 0 0 0 0 79 63 0 0 0 0 2 0 0 4 0 0 0 67 55 29 39 0 0 71 0 0 0 0 28 38 0 66 26 0 0 6 10 80 0 0 74 37 0 0 64 75 0 0 0 0 50 5 0 0 38 22 64 26 0 13 28 0 35 39 25 30 5 41 13 0 0 0 0 54 0 62 36 0 17 0 7 39 0 0
 0 0 20 0 39 45 0 3 56 43 16 4 0 0 0 26 49 0 0 12 9 0 0 0 0 32 0 0 0 0 41 50 0 0 0 0 26 0 58 40 0 0 0 96 0 2 43 0 0 9 0 26 0 0 0 0 0 24 31 0 0 0 2 0 0 0 0 0 0 0 0 0 0 0 25 27 0 0 51 0 0 53 0 25 21 74 0 0 15 29 0 0 5 0 0 27 0 21 0 12 80 75 0 0 0 0 0 57 0 0 64 0 0 27 0 0 0 38 0 0 0 65 9 0 26 85 33 52 34 34 0 0 0 0 34 23 0 0 41 0 34 0 0 0 0 0 34 0 12 53
 0 0 55 0 14 27 35 1 45 0 0 0 29 0 48 11 0 0 59 0 47 0 19 0 37 0 0 0 0 0 33 5 20 0 0 0 0 0 0 3 70 43 0 38 7 42 26 0 0 51 0 0 0 17 64 45 50 0 0 0 2 36 20 0 4 60 0 0 6 0 0 11 12 27 0 54 19 0 0 0 8 0 17 0 27 5 19 32 35 0 0 60 10 0 7 0 19 31 0 1 0 0 68 0 35 0 68 36 42 0 34 0 0 12 31 23 25 1 6 0 56 0 51 0 8 28 0 0 0 0 37 43 27 0 0 30 54 0 0 22 0 48 0 0 41 85 0 0 30 0
 0 6 70 7 32 0 9 59 0 35 18 0 0 10 50 0 52 67 41 41 88 0 0 4 0 0 15 0 0 11 0 0 0 10 2 0 57 7 12 38 0 47 44 57 0 0 0 6 0 0 0 0 36 0 0 24 71 66 40 43 22 0 3 41 41 0 3 30 0 27 0 0 53 2 33 0 35 10 32 86 44 21 8 4 21 0 0 0 0 91 50 33 89 0 27 0 1 41 0 10 2 47 0 83 76 0 0 15 0 50 42 0 72 0 4 28 66 0 0 7 0 0 0 0 48 2 13 55 0 79 18 0 93 0 46 10 14 0 31 2 0 61 0 0 48 30 0 2 0 0
 0 0 0 36 0 1 74 0 7 0 0 21 44 13 44 32 0 19 55 0 47 26 47 30 0 1 0 0 1 0 0 34 0 0 15 1 45 47 0 64 26 0 64 0 0 40 0 0 0 0 24 0 7 72 69 41 21 0 51 0 0 49 0 0 0 0 51 0 0 0 0 34 26 0 0 0 35 0 0 59 0 37 0 0 0 93 0 57 56 0 0 0 68 1 11 0 56 19 0 0 0 20 6 0 19 50 0 65 49 0 20 11 0 0 0 9 3 44 0 61 0 0 26 0 0 0 0 19 89 0 83 75 11 0 0 0 0 35 0 0 0 38 0 0 10 42 21 0 0 20
 0 0 0 18 0 13 0 4 0 40 0 0 0 0 46 0 0 0 38 78 8 15 79 0 71 42 0 0 41 0 33 12 0 0 0 3 23 0 17 0 0 0 16 2 29 0 0 98 0 15 0 16 38 0 0 0 0 0 0 0 0 6 0 5 0 0 0 44 19 22 26 8 0 0 21 0 0 0 15 0 20 0 54 0 0 0 0 36 0 0 0 9 50 80 39 20 0 0 0 47 21 0 37 0 0 22 47 0 2 75 10 0 37 6 56 1 0 0 0 0 0 0 39 3 32 0 13 0 81 0 0 29 9 0 0 0 0 0 0 0 54 0 0 0 0 0 0 0 92 0
 0 17 72 0 0 0 0 0 0 0 0 0 0 8 2 67 0 0 28 31 3 0 7 29 19 0 91 33 53 18 17 0 0 0 34 0 0 0 2 12 0 36 1 0 71 0 72 31 0 34 13 0 24 37 79 0 74 8 20 23 11 0 34 41 5 0 42 25 14 0 99 47 0 0 0 5 33 0 65 19 24 93 30 0 75 0 5 2 29 0 0 9 83 28 80 0 0 0 76 0 0 0 31 2 18 0 56 0 6 0 21 48 41 0 28 20 0 0 0 0 0 0 0 15 0 29 0 0 42 0 0 19 37 0 70 54 46 74 0 11 0 18 0 0 28 0 28 0 32 57
 0 0 0 0 23 0 66 12 0 39 68 0 89 0 0 63 24 0 16 0 17 84 0 0 27 0 15 0 0 46 40 0 50 7 0 26 0 32 0 0 0 69 0 15 68 29 3 2 0 40 0 3 0 0 18 37 0 50 0 32 33 0 0 0 82 0 81 18 0 0 18 0 33 3 0 5 19 0 0 0 24 45 0 0 30 0 32 3 45 0 9 47 0 0 51 0 44 72 63 0 28 35 9 24 0 0 14 0 0 0 0 0 0 0 0 0 0 0 0 0 0 0 39 0 11 0 0 0 0 0 17 29 45 0 38 0 0 16 41 0 0 31 0 0 0 46 42 0 0 82
 0 0 37 0 29 15 51 0 6 24 0 0 87 0 0 0 0 0 29 0 0 40 38 0 0 20 0 12 0 0 6 60 0 0 28 17 0 0 7 0 0 2 51 9 0 0 0 0 0 34 0 0 0 0 36 3 0 9 61 7 20 66 26 45 18 0 0 0 0 33 74 56 0 0 0 45 0 0 6 0 56 0 0 0 76 15 31 0 0 0 0 62 0 0 0 18 0 0 15 85 0 39 0 0 0 11 0 21 46 22 0 0 91 0 0 1 44 20 11 0 54 71 5 17 0 26 0 24 4 0 0 12 22 0 0 0 0 0 56 0 18 0 20 11 0 0 0 0 0 18
 0 0 0 0 10 0 0 0 7 3 6 19 15 0 25 22 0 0 0 0 35 47 0 0 45 0 49 22 0 15 71 18 57 24 9 0 43 19 21 24 0 0 49 0 0 0 52 30 0 0 0 21 1 0 75 0 10 0 0 0 0 0 0 25 55 0 0 0 31 0 0 37 0 0 21 0 0 0 39 0 0 0 24 25 4 0 0 0 33 30 13 0 3 0 0 37 0 32 89 88 0 5 31 0 18 18 0 11 0 2 36 47 0 0 16 0 0 0 2 0 0 0 0 25 25 0 0 0 0 68 28 0 54 59 30 0 13 79 0 0 0 0 68 41 23 21 0 28 0 0
 25 0 0 0 0 48 13 4 0 45 7 86 0 43 0 30 7 0 42 36 33 26 80 7 46 13 0 7 0 69 19 0 0 24 27 0 0 0 42 59 53 23 59 47 9 32 33 86 22 0 0 0 29 0 3 0 0 0 18 0 15 0 0 0 0 18 0 28 0 0 6 0 25 0 15 18 15 67 0 0 56 0 0 68 0 0 0 0 0 92 36 0 64 0 0 0 0 0 20 53 0 9 24 0 0 0 12 0 0 4 0 0 0 0 0 15 0 0 3 2 0 0 21 43 63 0 20 0 51 49 13 5 0 0 24 0 0 0 60 42 0 16 0 0 10 0 96 60 29 0
 0 0 17 1 0 0 0 0 0 39 0 8 46 5 0 10 4 0 3 0 0 24 0 0 0 0 9 0 0 0 2 38 0 63 0 0 10 81 5 0 0 17 6 0 0 0 0 72 60 98 72 83 22 9 38 24 0 0 0 0 0 82 79 38 0 65 66 45 35 54 0 0 0 31 0 0 0 58 51 8 0 58 19 83 0 0 23 58 0 0 4 0 0 0 40 69 44 41 0 27 16 30 0 56 0 50 10 0 0 0 30 0 61 0 17 0 0 55 34 0 20 0 0 0 34 33 0 0 2 0 47 0 0 0 27 0 0 63 8 0 25 4 42 6 0 0 0 8 41 16
 0 0 36 5 0 69 0 22 11 38 66 85 0 58 0 15 0 0 60 3 0 51 32 77 29 33 0 0 0 0 0 0 68 38 11 0 30 55 38 21 41 30 0 15 0 39 19 9 92 0 61 0 42 23 33 0 70 0 70 0 24 0 1 0 0 17 0 0 0 0 0 50 0 40 8 68 0 0 0 0 68 2 0 37 81 33 53 76 67 31 14 62 64 0 0 0 43 0 0 24 0 0 7 0 18 55 60 0 75 33 0 0 0 0 0 0 11 0 0 0 0 31 10 0 42 0 0 0 0 42 0 20 0 0 0 0 29 0 0 0 0 0 76 0 5 8 0 60 46 21
 39 0 0 37 40 0 0 0 0 17 0 44 43 60 0 80 0 26 52 79 0 0 8 4 0 31 45 51 2 0 0 0 0 68 10 0 0 44 69 0 10 57 93 0 32 0 35 0 61 0 51 52 4 0 0 8 63 0 36 51 71 82 0 0 18 0 0 0 24 2 1 0 2 0 0 15 44 3 0 0 0 0 0 0 0 76 36 89 90 12 36 0 26 0 73 26 0 0 3 0 10 3 0 0 55 39 84 0 11 0 0 0 83 60 0 31 0 13 36 24 0 13 0 0 0 29 52 0 56 0 0 0 2 49 56 54 0 28 0 0 17 0 60 0 31 78 0 0 0 0
 33 0 31 98 0 7 0 0 10 70 0 0 0 0 65 32 0 2 0 47 9 0 8 5 0 0 19 22 4 12 0 68 0 63 0 92 6 8 37 58 15 0 0 0 0 62 8 0 0 0 0 0 53 3 0 0 9 0 28 0 0 35 22 65 10 0 0 39 6 0 0 0 0 32 40 11 22 0 31 0 0 0 0 24 0 7 69 58 4 62 0 0 1 0 0 0 0 0 64 0 0 66 0 49 28 7 0 51 0 0 0 28 20 16 47 0 0 0 0 0 0 41 0 63 26 21 0 0 0 0 0 0 0 63 43 0 21 64 0 70 30 0 0 0 38 0 0 50 0 0
 53 0 38 0 0 19 83 40 0 19 0 0 3 66 0 0 0 0 0 51 0 0 0 53 0 0 40 47 0 58 0 39 0 9 0 0 39 13 0 23 0 2 0 26 0 43 61 67 26 0 0 8 0 89 0 1 0 0 12 28 0 2 0 0 2 1 27 0 0 17 0 29 4 0 18 77 0 0 47 0 0 0 56 12 0 32 8 0 10 0 27 37 51 41 20 21 48 2 74 9 0 13 25 0 0 0 10 30 0 23 46 9 0 0 0 68 0 0 3 0 34 32 0 50 0 0 0 4 0 9 31 0 36 0 26 0 13 0 28 9 0 0 16 56 0 0 3 0 0 0
 0 0 0 51 0 29 53 0 62 91 0 60 49 51 20 0 38 0 0 1 17 62 36 0 8 0 0 58 29 0 47 0 0 51 0 0 0 88 10 5 0 55 0 6 0 0 0 0 0 0 0 70 48 18 14 0 0 0 0 0 0 18 0 0 72 31 0 0 0 7 0 0 0 19 0 0 1 58 8 0 0 55 0 17 0 0 1 17 0 36 0 8 0 51 0 52 19 33 0 0 0 0 44 0 0 0 0 0 1 38 0 0 44 39 59 7 0 0 0 0 34 0 13 7 0 0 0 0 38 46 0 2 0 0 0 0 42 79 32 51 23 0 0 0 2 0 0 0 52 63
 0 44 20 0 9 89 0 0 18 0 88 29 35 0 0 72 86 17 8 5 6 0 0 0 0 0 0 0 0 0 46 34 56 0 0 0 0 0 0 7 0 0 0 60 3 0 0 75 4 0 58 0 20 0 52 14 71 0 0 7 44 5 54 0 27 25 21 1 91 33 0 0 72 0 76 27 57 0 6 61 0 0 0 27 0 26 0 16 28 53 17 0 0 0 48 0 68 0 0 15 61 64 0 39 0 4 65 0 16 63 0 43 0 0 0 20 49 0 0 53 0 0 0 0 60 78 0 0 0 36 0 0 0 0 0 23 34 0 1 87 3 0 0 34 78 5 0 0 52 31
 46 42 0 26 0 22 0 58 18 0 4 0 0 0 18 37 0 6 2 0 10 90 11 0 58 74 24 15 9 8 23 0 0 31 0 0 0 43 0 20 0 0 0 50 0 29 60 0 56 26 0 0 0 48 8 0 42 0 13 9 27 33 61 0 8 0 44 69 33 46 0 0 26 0 11 0 33 0 0 0 91 47 23 40 57 29 0 0 78 0 0 0 0 5 88 37 0 0 0 46 24 0 0 13 1 0 7 0 0 4 50 0 0 0 55 50 0 48 0 0 10 35 18 0 0 0 0 0 9 0 0 0 34 0 0 0 0 0 24 42 0 28 43 22 0 75 0 48 2 0
 0 23 16 0 33 45 0 24 63 0 0 0 0 8 0 0 0 12 0 35 0 0 0 0 12 0 0 19 27 0 3 0 5 0 0 55 1 0 10 0 69 0 9 58 0 0 0 29 88 30 15 3 27 27 23 48 5 56 0 24 0 0 4 14 0 43 94 0 14 72 32 0 11 0 0 0 0 10 18 1 22 3 0 0 41 44 7 6 0 21 0 15 0 0 0 76 11 19 0 0 0 0 0 33 56 25 0 0 0 8 0 0 44 69 73 66 39 0 2 28 5 0 58 89 0 40 19 32 0 0 0 57 0 19 0 37 5 0 1 0 0 0 26 8 41 4 0 10 0 0
 0 0 39 0 0 0 91 9 7 0 50 48 0 63 0 21 76 31 0 8 0 42 40 0 0 63 19 0 31 0 18 42 0 90 0 0 0 30 0 0 39 0 0 27 0 34 0 41 0 1 0 0 0 0 58 18 0 89 44 13 0 0 46 0 34 42 25 51 7 0 33 0 1 0 46 34 7 0 0 0 0 21 0 32 0 0 40 5 23 56 0 0 0 0 12 0 0 0 0 0 0 14 21 0 0 0 0 2 64 0 0 30 22 0 57 0 0 45 41 87 0 0 0 0 0 37 0 0 53 28 0 18 0 0 53 5 57 15 8 47 7 0 36 0 0 71 70 0 0 55
 13 0 90 0 0 0 84 67 0 24 0 0 89 0 67 0 0 0 0 0 0 0 47 74 10 0 30 12 0 0 0 53 63 16 20 0 65 79 0 9 45 0 50 13 0 0 0 34 91 33 11 0 31 0 5 0 0 0 0 32 15 0 9 0 0 4 0 0 15 0 0 10 47 54 10 0 0 0 0 28 0 0 5 50 0 46 0 0 9 19 27 0 41 19 57 0 0 12 0 2 48 48 0 37 57 67 0 58 0 0 0 21 17 7 51 0 0 21 67 0 8 0 89 0 0 25 74 0 16 0 13 0 0 0 21 0 75 0 1 0 0 32 42 18 47 64 23 1 61 0
 0 65 44 0 0 0 20 73 0 4 68 68 20 34 0 33 0 5 21 0 55 37 22 7 0 0 0 0 0 0 2 40 0 0 0 11 0 0 8 6 0 0 31 4 0 0 0 62 0 72 0 0 1 89 61 0 0 7 36 0 0 46 40 0 0 24 0 34 20 0 0 31 0 3 62 0 8 30 0 9 27 0 0 0 0 80 43 65 0 40 0 65 74 0 7 0 12 22 8 8 0 74 0 0 32 0 0 85 45 0 22 2 31 0 0 0 20 47 0 38 0 23 8 20 57 8 34 44 0 0 0 82 38 86 59 0 0 0 85 69 0 0 27 52 35 0 98 0 4 14
 4 25 55 37 9 40 7 24 53 80 65 0 0 0 0 0 10 92 66 0 0 0 38 25 0 35 0 11 0 0 0 80 0 29 0 0 0 0 0 30 0 37 0 0 41 71 0 56 46 0 41 0 0 0 0 0 0 24 52 66 0 53 42 23 79 1 0 20 0 10 0 0 0 0 64 0 0 0 0 64 32 0 53 4 0 8 0 78 5 54 42 0 0 0 10 83 0 0 0 43 17 0 0 93 36 0 0 0 0 0 5 9 19 0 37 4 0 0 0 58 0 0 0 0 50 31 14 91 24 0 0 4 13 25 63 0 0 0 0 52 13 0 0 8 29 0 32 34 0 20
 0 0 37 66 3 2 0 0 2 0 0 3 0 24 78 0 18 0 0 9 76 65 80 0 0 0 88 29 0 1 0 0 0 8 72 17 0 78 0 0 0 0 10 73 0 18 0 19 29 0 0 6 0 2 48 0 0 0 0 0 0 0 29 51 0 53 1 0 0 0 42 0 30 20 49 0 0 0 44 0 0 0 62 28 0 0 0 64 17 0 0 45 24 0 53 0 8 0 0 0 21 81 0 0 0 41 0 31 0 30 0 0 0 0 63 5 48 0 61 0 0 31 0 36 56 0 0 0 82 0 52 0 0 0 56 22 0 37 0 61 13 22 16 0 0 0 0 2 0 18
 65 27 0 0 63 0 1 47 0 0 0 0 33 0 27 40 13 0 22 20 72 34 20 11 0 0 2 0 0 41 10 23 4 0 35 0 33 100 83 0 9 0 8 0 0 26 0 0 62 0 4 39 0 49 42 8 10 0 96 18 14 0 0 37 0 20 0 0 67 92 0 0 0 66 0 0 0 0 53 71 0 40 38 0 4 0 59 0 14 0 14 0 2 0 0 0 61 55 3 0 15 63 6 0 37 0 0 0 66 30 31 0 0 95 49 0 40 8 0 28 0 0 14 27 5 24 33 70 23 75 0 0 60 70 59 0 17 0 0 0 0 19 12 40 61 61 19 0 0 18
 57 0 0 0 55 31 29 0 0 0 68 78 24 28 0 0 0 52 50 0 0 90 0 0 0 25 0 0 1 34 0 6 0 35 0 47 0 0 0 67 0 0 15 35 0 0 0 0 56 58 21 0 0 0 0 0 0 35 0 44 1 0 18 40 64 47 41 39 22 58 0 0 0 29 0 66 0 0 0 29 0 91 0 72 0 0 10 34 0 0 0 0 0 41 0 34 55 52 12 0 89 89 48 0 3 0 0 0 15 0 0 4 0 76 2 54 11 0 0 0 0 0 0 0 10 51 42 0 0 0 39 0 0 79 0 0 49 0 0 0 59 0 0 2 0 0 46 36 0 10
 0 0 0 0 0 19 41 49 0 34 33 0 65 0 2 57 0 0 0 0 56 31 0 0 0 0 0 38 0 38 51 0 20 41 41 10 0 16 50 3 0 42 4 8 37 2 3 4 0 0 0 39 41 0 0 0 1 0 0 0 0 0 0 0 0 99 23 32 72 7 0 0 0 0 71 0 75 87 0 0 0 34 0 30 6 38 0 0 0 0 0 25 0 0 23 86 1 0 0 63 38 0 0 0 0 0 0 0 0 82 13 0 33 38 0 9 29 47 12 0 74 0 53 44 0 25 0 0 0 57 34 0 0 0 0 59 0 0 0 73 34 68 0 63 0 33 6 0 0 30
 26 21 0 0 8 6 0 69 0 40 47 56 0 0 24 27 84 0 83 35 0 61 0 21 36 0 0 0 44 0 0 7 57 0 55 15 89 0 14 72 69 0 0 14 0 0 83 24 47 0 23 26 31 0 2 0 0 0 0 64 15 13 0 38 0 0 63 46 26 0 20 0 0 2 69 0 0 0 0 15 62 3 0 0 77 11 6 0 0 0 34 0 6 43 16 38 0 0 16 16 0 41 0 0 64 59 8 75 55 9 30 80 0 12 0 27 0 0 90 0 52 25 18 40 27 0 0 19 43 0 13 0 58 0 38 35 68 40 23 0 10 2 47 0 0 0 0 0 35 0
 55 0 49 77 0 18 0 40 78 65 0 0 0 0 59 27 0 0 0 0 9 12 0 0 45 22 0 19 38 12 5 0 0 4 0 0 82 0 38 73 62 0 23 0 0 0 13 0 0 0 46 32 0 3 62 0 0 18 0 37 0 0 22 71 0 0 0 3 0 32 7 0 0 45 0 0 57 0 0 53 63 0 67 11 25 0 12 0 0 39 0 0 0 18 75 57 24 0 0 0 0 40 0 56 6 0 7 0 2 29 0 5 12 22 0 64 3 31 19 0 21 14 0 20 0 0 58 0 52 1 29 0 0 0 51 30 0 0 37 0 50 0 0 0 0 0 0 0 0 0
 68 0 43 0 14 0 28 0 25 0 0 26 0 19 0 16 0 0 0 0 0 0 27 0 30 51 65 37 55 0 26 0 0 0 53 14 0 0 50 68 0 1 73 0 0 16 16 0 25 0 31 0 0 54 20 0 0 0 0 0 0 69 80 0 0 0 0 43 63 0 38 0 0 50 38 38 0 0 0 38 0 1 44 0 32 1 0 0 0 0 16 0 0 34 0 25 14 0 5 0 0 68 3 0 10 0 0 0 0 33 0 0 11 0 46 0 6 20 39 80 0 2 0 16 0 0 0 0 0 52 33 0 20 0 0 0 20 0 0 0 29 11 19 0 0 0 8 0 0 0
 0 67 0 42 3 1 0 31 56 0 0 6 0 7 0 0 18 36 80 54 11 0 5 80 80 54 49 0 52 0 0 37 0 0 0 0 2 16 55 21 87 0 48 0 30 20 0 39 53 0 35 0 81 0 0 0 0 0 45 21 5 0 3 0 0 0 32 0 15 84 12 16 5 0 31 0 0 27 25 0 2 0 0 18 31 0 42 43 0 0 45 0 0 0 47 53 25 28 0 62 24 3 7 37 0 35 29 0 10 37 45 0 0 0 0 4 28 29 0 0 32 12 12 0 0 45 0 0 31 0 3 0 42 11 0 0 82 51 83 0 19 80 94 0 0 0 0 25 51 0
 0 0 0 11 0 37 7 41 58 14 0 0 0 0 84 0 60 51 56 0 40 0 0 0 0 11 13 38 0 0 58 5 41 0 0 8 30 0 0 30 39 65 50 0 0 0 0 9 0 5 31 0 24 54 52 68 48 0 0 41 36 72 0 15 21 60 0 0 0 0 25 0 0 0 0 0 1 4 0 19 0 51 38 48 10 37 86 39 19 23 0 23 22 0 0 3 59 6 0 0 0 29 0 0 0 0 0 60 68 0 7 0 54 50 0 0 0 40 50 0 0 52 0 0 0 31 69 34 0 49 0 0 45 64 33 16 19 0 0 31 0 19 64 0 42 13 0 0 0 11
 39 0 0 15 0 0 38 7 41 0 0 41 47 0 0 0 0 0 0 60 0 64 0 0 0 0 0 0 23 0 30 0 15 0 0 24 14 25 0 82 0 28 0 0 0 64 0 0 13 13 0 3 25 0 71 4 73 37 33 0 0 31 32 6 97 54 13 35 86 0 65 3 42 0 20 3 11 0 5 0 0 21 0 0 0 0 27 3 0 0 0 0 65 0 22 0 0 18 0 0 0 79 51 0 0 49 45 63 0 0 55 44 0 42 51 17 0 2 0 0 0 0 54 0 47 0 0 0 37 64 7 0 0 8 56 15 69 77 69 0 80 13 0 0 0 0 0 21 6 84
 0 0 0 2 35 0 0 42 73 19 14 34 43 47 71 0 0 0 0 0 59 0 0 23 10 12 1 0 0 0 0 48 36 0 48 79 61 26 52 19 0 0 0 55 74 0 20 66 0 11 43 0 8 0 53 0 0 0 0 0 2 2 0 62 47 19 7 73 16 0 69 0 33 0 53 0 0 0 0 1 78 0 15 0 0 51 0 0 2 52 47 0 0 22 0 66 0 0 19 58 0 0 45 43 61 24 48 21 35 0 89 17 0 34 0 20 0 92 53 0 27 0 0 0 0 0 0 10 10 0 0 0 0 32 4 0 84 59 1 7 0 35 29 26 74 32 0 0 0 25
 6 41 34 48 24 40 0 39 0 0 0 41 70 0 1 0 7 5 2 35 0 1 20 55 57 32 7 12 0 0 34 66 0 20 0 0 0 0 20 62 0 0 32 14 47 0 40 53 9 0 0 75 0 42 0 41 45 61 43 0 0 17 0 0 0 30 0 0 0 38 44 2 16 69 23 0 0 62 83 0 3 0 22 0 0 46 31 47 0 0 0 0 0 0 0 8 0 0 57 68 0 0 0 0 0 0 0 45 2 0 0 0 0 0 0 62 0 8 0 0 0 0 74 30 7 0 0 0 20 0 0 0 0 44 0 0 31 37 96 75 10 0 0 42 0 0 0 0 0 56
 27 0 0 0 0 70 0 0 0 19 61 26 2 70 0 0 0 32 0 22 0 0 48 17 0 26 32 25 0 32 0 16 0 33 0 0 0 0 6 0 58 0 72 0 39 21 65 0 0 12 0 27 0 0 9 0 0 16 0 0 0 0 0 9 47 0 0 7 0 0 65 0 0 0 65 0 0 0 0 27 0 64 0 0 34 36 0 29 0 0 20 22 0 0 3 22 0 0 34 60 23 10 0 0 0 0 26 0 16 0 6 0 45 20 0 0 0 33 0 14 48 0 0 0 0 23 0 0 12 28 0 0 67 3 0 23 13 24 0 0 87 29 0 0 0 0 2 0 6 0
 7 0 1 0 22 0 0 0 0 0 63 32 49 35 0 0 0 0 0 22 0 0 0 0 31 25 0 38 27 0 0 44 0 0 69 79 55 84 34 0 0 7 58 41 0 0 0 54 0 39 0 0 0 0 2 0 19 25 0 24 8 13 30 14 0 22 27 68 0 16 27 0 11 87 3 37 0 0 0 35 20 3 0 0 34 10 14 68 51 0 0 0 30 34 0 23 0 46 0 0 0 0 0 0 53 33 7 89 0 0 8 9 40 0 0 0 0 47 24 0 58 0 68 43 40 0 48 0 23 0 43 37 62 13 84 13 12 0 0 0 22 52 0 5 0 56 0 0 0 0
 62 0 57 54 61 0 32 72 4 3 0 2 6 10 30 0 0 0 43 0 0 0 41 42 0 0 0 54 0 0 0 0 0 8 0 19 0 0 0 16 0 0 0 8 0 0 74 34 0 22 83 0 0 6 0 0 0 25 0 77 0 30 49 5 25 0 57 0 49 56 0 0 34 13 33 37 2 6 8 76 0 0 0 0 23 46 7 46 0 79 0 0 0 56 0 0 35 70 0 0 0 0 26 1 0 0 85 48 34 0 39 49 51 10 0 14 0 88 28 0 8 0 16 41 0 13 52 0 78 70 25 0 52 39 59 0 55 56 2 61 38 61 42 19 29 0 61 0 50 0
 0 44 0 0 11 0 38 0 5 0 10 0 3 0 0 0 0 63 0 67 15 0 81 72 11 0 0 0 33 74 7 30 0 45 4 0 20 88 26 67 0 0 51 31 56 39 11 5 0 0 41 0 64 43 0 19 71 0 15 91 0 43 0 62 20 0 6 83 50 0 0 7 58 0 43 54 0 26 18 0 26 19 20 53 74 40 10 0 0 77 0 0 2 0 59 7 0 73 0 11 0 0 72 0 40 0 60 0 34 0 13 7 0 0 18 46 96 0 37 0 0 10 6 9 42 0 0 0 42 0 20 0 17 0 0 8 0 0 16 85 0 0 0 49 0 0 53 0 0 37
 35 0 25 0 16 47 0 0 46 4 14 13 4 19 27 95 6 51 0 0 65 0 0 47 9 0 13 76 3 27 18 22 0 96 67 0 22 0 41 0 10 0 43 0 0 79 0 0 19 0 54 58 0 0 0 0 12 0 40 5 39 69 0 0 2 67 9 24 32 0 84 0 40 0 33 28 0 0 92 49 0 0 48 58 0 0 0 0 68 12 0 8 86 0 0 0 0 97 0 28 0 0 0 24 68 0 0 0 19 0 13 0 25 44 0 0 0 5 0 0 0 13 23 21 0 0 46 32 0 8 0 0 40 13 9 13 13 0 16 4 40 7 0 0 0 0 0 0 0 6
 0 9 35 0 0 0 0 96 55 12 2 0 0 59 49 43 60 0 0 0 9 9 0 39 64 0 5 41 18 0 0 0 0 0 75 13 0 73 0 23 52 0 0 88 0 13 51 64 59 0 14 15 74 11 98 0 34 0 0 0 0 0 64 0 0 37 0 0 0 13 0 10 0 19 0 0 0 5 0 37 71 22 0 18 46 31 0 55 0 67 40 0 0 10 0 0 25 29 0 32 0 0 0 30 2 0 30 0 0 0 0 0 4 7 0 0 0 50 17 0 0 1 0 0 90 0 0 63 15 0 19 0 0 45 26 0 7 0 0 0 43 43 14 0 32 12 71 80 0 67
 0 0 38 4 0 10 48 0 0 70 0 0 17 0 0 0 30 4 0 0 0 3 6 0 0 0 0 0 0 0 0 0 21 25 7 0 0 17 20 8 0 0 11 0 0 0 0 54 0 1 0 73 4 18 12 38 0 0 49 51 0 0 85 32 13 65 0 0 84 0 18 36 0 0 2 0 13 0 58 0 27 0 0 3 43 27 0 0 28 42 0 15 0 0 0 7 0 0 0 24 27 5 0 4 20 22 18 0 41 0 4 42 3 49 0 82 0 0 0 0 0 0 0 19 21 0 1 0 10 0 0 0 23 8 27 0 0 0 82 0 80 0 69 0 42 33 0 7 0 0
 0 57 0 0 53 0 52 27 0 0 14 41 2 0 0 33 0 0 15 47 15 0 0 0 0 30 58 0 0 0 0 0 9 0 33 86 0 0 13 0 1 0 0 0 0 0 42 21 51 0 0 38 0 45 0 18 0 0 0 54 4 18 24 0 0 0 0 46 0 49 0 0 33 8 0 0 85 0 37 0 53 64 40 13 6 0 34 10 20 42 0 57 4 15 0 0 4 54 0 3 0 0 0 7 0 0 0 0 7 0 0 0 0 65 7 0 48 38 70 4 0 27 26 57 28 5 79 0 32 0 6 0 0 14 32 0 61 5 0 0 0 70 14 47 72 0 54 28 0 80
 22 28 67 0 0 0 16 4 0 26 0 0 59 0 29 85 0 25 25 13 11 0 0 0 0 6 23 31 81 94 39 0 5 46 0 9 33 0 36 54 0 0 38 0 0 26 18 0 49 0 2 81 42 0 1 53 0 35 71 0 6 0 0 0 36 28 9 0 0 11 0 50 0 0 24 17 51 0 0 31 10 0 0 21 6 1 2 19 0 30 0 0 0 39 13 59 47 0 0 0 0 26 13 0 0 0 49 0 0 26 0 39 11 0 27 0 16 0 0 0 10 0 12 68 0 46 0 0 0 0 0 0 0 0 51 0 0 0 4 15 43 34 25 36 66 67 3 40 1 0
 25 94 0 11 57 0 0 0 13 18 33 0 0 0 0 13 22 8 0 0 79 33 24 0 0 10 81 0 0 56 0 2 62 41 0 28 0 0 0 0 8 0 24 91 44 23 21 0 0 0 0 16 0 0 0 0 0 22 0 0 4 0 0 12 0 0 65 0 36 0 0 1 27 67 19 44 66 0 0 0 0 0 0 33 61 0 43 0 65 12 0 2 10 0 23 2 0 0 0 0 49 0 0 36 0 64 0 0 70 0 0 0 58 49 0 8 6 61 55 73 40 44 9 0 34 11 24 0 0 25 7 24 95 47 22 0 0 27 0 69 12 0 43 52 34 75 56 32 27 42
 6 0 25 21 0 11 20 4 0 0 74 16 0 56 0 12 0 0 3 5 0 30 6 0 0 0 0 0 0 64 32 0 16 0 47 44 0 1 0 0 0 0 2 12 0 0 0 0 42 5 0 24 33 24 14 20 0 0 9 55 20 8 16 0 20 0 0 0 0 0 0 59 8 27 0 0 0 0 53 0 0 0 0 0 10 0 8 40 0 14 88 43 43 0 29 24 9 28 5 8 0 0 0 26 9 0 30 51 21 75 18 16 0 22 0 36 67 0 38 0 0 14 0 0 0 60 0 0 60 0 0 14 21 0 0 5 15 0 9 22 0 0 0 13 0 38 54 0 19 0
 20 69 0 0 0 0 0 0 24 28 14 0 48 23 0 0 0 0 0 64 0 0 11 0 0 0 0 36 0 0 7 53 0 0 0 31 69 9 0 0 0 40 0 37 13 17 0 64 23 7 0 0 0 0 17 0 0 0 18 0 0 0 27 31 25 0 0 88 0 28 0 26 0 0 0 0 0 0 87 0 0 7 0 6 70 59 0 24 0 0 69 61 43 0 4 0 52 25 0 0 1 0 6 26 0 22 3 0 72 0 54 69 0 0 0 50 0 36 0 0 0 23 73 13 20 0 0 66 33 0 29 67 86 65 68 0 38 37 0 1 0 5 0 0 3 1 0 0 0 0
 3 18 0 0 0 0 9 32 0 19 0 0 11 71 6 0 56 0 0 73 0 58 0 0 0 0 0 0 21 33 3 3 0 0 26 0 97 0 0 35 0 3 33 9 0 0 0 19 60 0 0 0 0 0 0 49 35 0 0 11 0 30 31 0 0 13 0 0 43 0 0 0 70 0 18 0 0 0 15 2 16 0 0 0 0 15 15 1 0 33 12 0 0 55 43 8 0 0 10 0 0 9 0 5 0 7 17 0 0 72 0 0 57 7 54 0 49 55 5 0 12 23 0 0 0 0 0 7 3 40 87 25 25 0 19 0 41 0 0 11 25 0 0 0 39 0 29 44 75 0
 0 0 10 47 0 18 0 0 0 19 38 6 74 28 58 0 2 52 0 0 15 28 0 5 96 0 0 29 0 0 0 3 0 15 0 0 2 0 1 44 0 62 0 0 0 0 4 66 40 0 0 0 0 7 0 0 59 0 0 43 0 0 0 9 0 85 34 6 25 0 0 0 7 0 0 0 0 79 3 0 24 0 0 71 0 0 0 64 0 0 0 43 0 2 0 0 0 1 0 74 0 0 65 0 6 21 0 19 28 0 0 0 0 1 0 0 0 0 39 0 0 0 0 0 0 0 36 0 9 0 0 8 26 7 65 42 0 0 0 3 0 0 0 0 0 19 25 31 0 23
 42 64 59 33 0 78 8 82 0 58 10 72 0 89 0 16 0 26 55 0 0 12 0 0 0 0 28 19 68 0 0 26 83 0 0 0 0 0 17 0 0 45 0 91 0 0 45 0 10 15 0 0 0 0 15 0 0 38 0 0 7 0 0 0 16 25 10 29 16 36 0 21 0 99 71 0 9 28 0 22 0 0 81 0 63 88 94 42 23 48 66 8 0 0 97 61 0 11 0 39 4 0 5 0 0 0 0 22 0 0 2 0 0 23 23 1 8 0 0 0 0 21 49 76 6 0 20 0 0 0 0 47 37 0 34 0 0 7 16 63 36 54 28 0 0 0 15 0 0 0
 0 64 42 0 72 0 0 0 24 92 37 0 70 51 0 0 0 38 0 0 28 10 0 0 0 0 5 10 9 0 0 63 52 25 0 22 30 0 0 0 44 0 10 69 1 67 21 0 0 53 0 0 0 58 0 0 0 0 0 0 0 0 9 93 80 53 61 0 18 3 0 14 0 87 59 35 0 0 0 0 0 0 0 0 0 71 0 18 0 78 0 59 5 0 0 0 0 0 24 15 32 0 0 18 71 0 36 0 0 0 0 8 4 46 0 35 81 20 0 0 0 0 0 0 44 0 0 0 0 0 0 0 4 39 0 10 0 33 54 0 0 0 5 32 16 0 69 10 11 17
 7 0 38 49 0 24 0 0 0 86 45 0 0 0 5 91 0 0 0 57 0 35 0 22 0 63 29 0 29 68 0 64 0 45 35 0 0 0 28 37 47 0 25 71 4 0 36 0 0 0 0 0 37 0 70 0 15 45 9 0 30 0 87 0 42 25 0 21 0 0 40 34 0 6 0 5 17 34 62 0 28 39 76 10 0 0 0 18 0 26 21 17 0 21 0 0 45 0 0 0 0 97 17 0 36 0 0 27 0 5 0 61 18 20 0 0 0 22 30 12 0 0 0 0 0 0 26 0 0 0 0 0 0 0 14 21 76 0 47 0 0 40 58 0 32 12 0 11 0 0
 1 46 64 0 0 0 85 46 0 0 0 0 34 0 63 32 0 0 0 15 0 26 0 1 33 0 0 31 0 0 0 0 0 0 65 73 0 14 2 20 0 0 30 0 0 0 0 56 47 37 0 1 71 0 0 18 51 0 25 61 0 12 0 23 15 0 39 37 2 6 0 17 44 12 0 13 26 12 0 49 0 0 24 0 0 0 42 0 0 0 0 19 0 0 0 0 2 0 0 74 0 0 0 4 61 0 0 21 0 0 0 67 63 0 41 79 41 14 81 0 0 0 0 0 72 26 44 0 0 1 22 0 0 0 40 20 21 38 0 0 35 0 7 8 0 38 0 0 8 0
 7 14 0 10 0 0 0 0 0 0 0 80 4 10 8 10 0 30 25 51 40 4 37 0 30 0 19 20 0 0 2 21 77 33 27 25 29 77 24 0 0 0 0 0 0 15 29 0 0 3 0 0 0 0 11 20 2 42 61 0 0 16 0 0 8 16 0 6 27 17 0 0 50 52 19 0 38 0 0 32 85 0 38 0 0 0 29 22 48 0 20 27 43 6 65 39 59 0 0 0 0 0 0 0 38 0 12 0 54 30 27 17 0 14 4 0 0 57 29 67 61 30 0 23 0 0 18 0 0 0 84 21 10 14 47 0 0 0 26 0 0 0 10 7 0 0 0 0 0 0
 58 0 37 7 0 0 0 0 33 45 0 49 0 25 71 0 19 47 0 0 16 0 42 27 56 0 0 27 0 19 0 0 0 0 39 16 0 8 6 65 64 55 0 0 0 38 41 29 25 3 26 18 21 0 0 69 0 43 38 0 18 32 5 37 0 0 0 0 0 81 50 21 0 24 20 0 0 1 65 0 1 0 0 9 51 43 0 0 29 72 0 15 0 96 0 0 24 0 0 57 0 6 0 33 35 0 0 34 24 0 0 0 0 0 0 0 47 11 0 2 0 29 0 39 8 0 0 0 8 9 6 3 0 0 20 18 0 0 0 0 0 0 0 0 0 22 0 0 0 0
 16 3 0 0 9 0 0 0 73 0 55 53 0 0 0 0 0 0 41 2 0 25 56 0 0 0 0 11 0 69 32 24 39 0 79 0 0 0 0 33 0 0 0 0 0 0 48 9 6 0 67 0 33 0 40 0 0 65 0 0 0 0 0 60 72 0 0 0 9 0 7 0 1 3 0 60 3 0 64 37 19 14 0 0 0 0 0 2 0 36 32 9 0 23 15 33 29 24 59 0 0 0 1 44 0 9 45 0 39 0 0 35 7 27 0 0 54 0 0 0 0 14 0 0 0 0 0 71 0 17 0 30 71 5 0 0 0 0 0 48 0 10 0 16 9 14 0 42 35 0
 0 0 38 0 65 0 94 0 0 43 0 30 51 10 0 0 0 56 0 73 0 0 0 66 0 15 0 14 18 49 41 6 34 10 38 0 0 31 0 0 14 14 36 0 17 61 0 0 16 0 27 0 65 0 0 53 0 0 7 25 58 0 46 0 0 0 0 0 0 0 0 21 0 0 0 0 31 0 9 2 0 29 0 0 0 50 0 54 0 3 41 40 0 63 0 65 52 31 0 8 67 0 1 0 12 0 2 18 2 0 63 0 27 2 36 97 0 0 0 13 33 0 23 0 66 7 0 0 35 61 0 0 0 0 86 63 0 0 0 73 10 18 22 0 8 25 0 25 0 0
 34 0 0 23 28 8 0 0 0 0 20 0 0 0 70 0 0 0 0 0 13 4 0 37 41 39 74 0 33 4 93 0 0 12 0 0 17 0 36 71 0 0 0 31 39 0 39 11 81 0 0 45 57 0 0 0 4 0 51 26 0 49 0 0 0 0 36 0 0 0 0 39 61 36 47 24 0 43 32 0 3 0 0 96 0 0 2 74 68 94 0 0 0 0 0 0 11 0 0 0 0 36 0 0 0 0 11 38 0 0 0 8 0 61 0 4 0 29 0 0 0 13 8 0 0 63 0 53 0 0 0 0 0 0 37 0 0 69 8 2 18 8 2 56 39 68 0 46 0 0
 0 0 47 0 0 4 0 52 26 11 0 0 0 0 0 0 28 21 0 13 11 0 0 68 16 51 19 0 0 71 34 0 30 0 0 57 1 0 0 0 0 0 0 4 3 0 14 0 46 0 34 33 12 0 0 59 70 0 71 0 0 3 25 0 0 0 42 50 26 0 0 0 80 14 82 0 0 0 0 0 6 0 13 41 0 0 25 0 0 39 3 48 5 58 0 0 2 77 0 0 0 0 0 0 8 23 3 34 0 0 0 2 0 0 0 0 9 0 98 0 0 84 78 10 0 0 0 17 79 0 0 45 77 0 0 0 0 0 46 29 0 0 0 0 0 0 0 0 53 0
 71 0 7 58 0 0 55 7 0 26 0 2 25 4 0 17 0 0 14 0 0 2 0 0 30 0 29 61 0 0 41 5 0 33 0 0 10 0 0 83 69 37 31 30 0 0 0 0 0 18 9 0 0 0 59 4 35 15 4 57 0 56 7 0 0 10 0 59 0 4 23 65 0 0 0 59 1 36 5 41 30 47 26 30 0 14 0 93 70 0 0 22 4 4 0 7 9 77 19 0 22 0 46 15 0 0 0 0 27 72 30 80 0 0 0 0 0 0 0 0 0 0 28 6 0 41 0 0 0 0 0 0 17 0 40 0 0 36 0 53 0 0 56 11 14 0 16 0 3 44
 0 7 15 11 5 45 0 0 0 0 60 0 55 0 0 28 36 16 0 44 0 0 0 0 39 25 18 0 11 17 0 0 0 0 34 0 62 0 3 0 0 0 58 0 75 2 0 0 0 0 0 8 31 0 64 0 0 45 41 0 0 0 89 15 23 0 0 25 8 0 35 23 0 0 0 4 36 0 0 0 0 0 25 37 0 69 7 0 0 0 31 0 1 0 96 0 12 5 46 17 55 51 45 0 0 0 0 0 0 0 0 63 0 65 0 0 0 28 0 0 44 0 0 0 17 53 64 6 0 12 0 0 51 0 17 7 79 0 0 0 0 8 0 0 0 19 0 0 0 4
 0 0 1 12 50 31 0 24 0 31 34 0 34 8 4 22 34 56 89 0 7 6 10 47 23 58 0 0 0 15 25 0 0 0 0 32 2 25 20 0 31 0 51 0 47 0 0 30 54 0 17 0 16 43 31 0 0 26 16 0 51 0 0 0 0 0 28 82 37 0 10 52 20 4 0 7 35 56 1 23 0 66 9 0 7 0 10 11 0 0 97 35 5 3 38 0 74 5 0 0 43 17 58 0 5 0 16 76 59 0 0 27 0 0 0 0 63 31 0 0 0 0 0 0 25 0 0 30 0 0 23 0 41 0 18 0 24 0 11 65 30 20 30 0 11 0 12 0 0 0
 0 16 53 0 0 24 0 12 0 0 22 32 0 0 43 25 0 79 0 0 0 75 80 0 0 70 2 0 25 4 66 0 0 7 64 14 47 8 0 0 4 0 0 8 2 0 0 0 0 0 6 0 0 0 39 0 17 44 0 0 0 74 0 0 0 57 0 0 0 0 0 0 37 48 0 84 36 53 22 26 0 52 0 16 53 79 0 10 46 67 0 40 7 0 4 84 0 30 39 0 0 64 42 14 0 0 2 0 0 63 66 0 13 0 0 0 16 0 75 70 0 16 0 60 62 20 0 34 0 4 4 0 0 0 2 0 3 0 8 5 0 53 0 57 0 45 0 3 24 4
 0 0 0 22 52 69 0 23 0 4 2 7 0 14 0 0 0 0 53 0 0 33 0 30 3 0 0 0 59 51 60 0 74 0 47 60 15 0 0 61 0 56 0 0 0 0 39 0 0 21 0 10 28 0 0 16 51 32 0 23 28 10 78 0 0 6 6 80 0 0 3 0 0 41 58 19 0 0 76 81 15 25 0 17 15 0 35 0 0 17 0 24 58 29 0 0 26 39 0 0 0 0 78 7 9 28 0 0 0 0 10 0 0 33 21 55 55 91 10 0 0 0 7 20 0 0 0 12 17 53 15 0 0 0 10 0 31 58 65 52 0 0 0 20 0 22 43 51 0 64
 0 0 21 39 7 0 18 0 22 0 0 65 0 0 61 0 8 0 16 0 31 52 0 0 0 0 8 48 38 27 26 0 0 0 0 29 39 7 0 8 65 0 58 8 0 0 25 36 10 0 61 7 0 7 47 0 0 0 5 0 13 0 42 39 22 0 69 0 52 0 38 11 0 59 42 42 0 3 0 0 0 0 52 0 0 0 0 74 75 0 60 0 19 0 0 83 54 1 0 12 57 0 0 22 0 0 0 0 43 0 0 25 51 0 7 61 28 0 0 0 0 0 0 35 32 0 0 37 56 0 0 48 0 6 5 0 10 0 46 60 14 13 25 24 0 0 38 41 41 89
 16 0 52 1 9 0 0 45 43 16 31 55 3 0 0 14 46 12 53 0 0 0 0 0 3 49 29 0 42 0 0 0 0 48 27 0 0 0 54 23 0 0 0 23 0 30 3 0 3 6 0 0 0 49 46 67 0 0 73 0 0 0 34 0 0 63 0 0 0 20 18 16 0 5 8 0 38 0 0 0 0 26 41 12 0 18 9 0 12 0 0 0 0 0 52 0 21 0 20 22 0 65 0 41 2 0 4 61 1 35 0 8 11 0 74 27 49 54 3 0 21 4 0 8 5 0 0 18 40 80 0 0 0 0 1 0 0 0 0 0 0 0 0 0 0 0 0 94 16 0
 0 2 38 13 0 44 0 68 0 63 0 0 49 71 0 0 21 52 9 52 0 0 0 5 37 0 6 41 0 77 18 3 8 18 72 0 22 0 9 81 86 43 0 0 20 4 0 0 44 0 0 0 0 61 51 0 2 0 40 0 49 21 0 93 53 71 0 25 20 0 35 0 0 38 15 0 73 52 17 21 0 12 62 0 49 0 0 0 3 37 80 23 79 25 0 0 6 0 2 8 49 25 0 7 76 81 0 86 88 0 0 91 0 0 17 1 0 27 21 46 18 0 9 0 0 23 0 7 0 0 60 9 24 0 0 0 3 14 0 49 0 30 0 5 10 0 11 0 31 31
 0 14 0 22 46 0 0 16 0 2 0 7 0 53 2 0 9 0 0 88 0 35 53 0 0 12 25 37 63 14 0 37 0 37 19 3 0 0 0 38 0 13 9 0 0 0 0 1 0 0 0 0 21 0 15 0 0 54 44 3 18 21 67 38 59 85 0 0 31 0 4 0 0 21 0 0 0 0 54 0 0 22 0 59 0 0 0 9 31 0 14 40 0 93 0 0 0 0 50 37 0 0 84 2 0 21 100 0 23 0 0 0 0 0 7 0 3 52 72 11 57 0 58 56 0 10 21 44 0 5 0 0 52 0 85 7 0 4 0 20 0 0 0 0 0 0 0 0 45 0
 66 44 0 3 0 0 27 41 0 36 0 40 19 0 0 0 16 0 35 32 42 35 71 4 45 13 0 23 0 80 0 0 0 28 0 0 21 0 0 0 0 0 0 15 13 70 0 0 34 27 14 5 0 0 7 36 8 34 0 0 0 29 0 87 35 21 0 30 21 44 0 0 0 0 0 0 0 22 27 99 0 33 42 32 0 9 0 0 0 69 0 0 57 0 48 0 0 0 3 29 0 27 57 54 0 0 73 95 0 0 29 0 75 84 0 8 29 0 0 4 0 0 0 0 0 20 19 0 36 0 0 0 0 4 0 0 0 0 1 0 0 17 0 0 0 16 0 0 48 17
 13 28 0 0 58 0 29 24 15 32 0 4 41 3 0 34 0 0 0 0 0 0 28 40 60 29 0 0 0 32 44 17 0 67 0 0 45 0 14 45 0 6 0 0 0 5 0 5 28 51 0 0 10 8 0 0 47 33 0 1 0 23 58 0 0 23 0 0 88 0 0 46 0 0 0 67 0 0 0 42 0 0 56 0 0 0 11 0 9 31 65 78 0 0 0 0 67 6 0 33 0 21 35 0 0 0 0 64 3 26 0 20 15 8 2 2 0 58 0 21 0 0 0 1 0 0 0 2 0 0 0 0 67 0 0 0 0 0 0 0 59 6 3 0 28 10 0 0 0 0
 0 14 6 0 0 22 0 0 0 0 0 0 0 0 0 0 0 0 53 0 0 0 22 10 10 0 0 3 70 77 23 24 18 13 0 28 9 0 18 6 31 0 49 0 72 21 0 0 0 37 0 33 6 0 0 0 0 0 44 89 19 52 0 0 9 0 0 0 0 0 48 72 1 60 25 78 24 27 64 72 58 54 0 57 0 44 0 24 28 71 0 21 0 59 29 11 15 25 0 34 55 0 45 71 0 16 8 24 0 37 0 41 35 16 0 0 6 0 77 14 0 0 75 0 0 0 0 16 0 38 30 9 0 82 0 13 0 0 0 60 8 41 0 23 0 18 48 0 0 0
 0 22 0 69 0 0 0 0 19 2 0 39 0 0 0 0 0 0 78 0 83 0 16 0 0 77 0 0 45 0 0 0 64 0 53 0 9 70 0 0 0 0 0 0 0 70 8 0 11 0 59 49 5 0 20 2 0 29 18 4 0 0 6 0 69 0 0 49 49 0 0 0 0 45 0 0 0 0 0 89 0 19 21 3 0 0 24 1 0 49 81 55 0 64 35 0 78 68 0 16 88 0 0 43 26 54 74 0 7 61 93 1 0 18 0 85 0 0 0 4 4 25 0 28 0 0 60 0 0 13 70 0 0 37 0 85 0 1 30 2 35 20 27 0 0 96 6 48 0 8
 16 75 22 25 33 20 6 0 40 0 72 0 5 82 0 49 13 0 0 0 19 87 0 0 0 50 0 29 14 79 0 0 0 36 14 39 0 0 0 84 35 78 0 23 0 2 63 0 67 2 7 55 0 0 3 0 34 16 0 0 0 0 39 12 0 38 0 0 25 75 57 0 0 4 58 0 0 0 44 46 0 64 0 26 0 0 4 52 32 0 0 0 0 59 0 52 0 0 0 0 0 6 77 0 0 0 24 33 0 0 0 15 16 0 0 9 0 28 18 0 2 0 0 0 0 4 0 9 0 23 71 0 3 0 0 16 14 19 72 50 0 6 0 14 0 29 0 46 0 0
 86 0 27 40 0 0 0 0 0 16 0 46 19 24 59 0 0 0 0 0 0 0 0 12 57 0 5 31 0 0 0 30 8 53 57 0 39 0 0 28 39 0 28 0 0 8 0 44 39 0 7 0 0 64 0 53 6 0 0 0 0 0 67 18 17 0 68 0 0 28 0 16 13 10 0 0 0 19 0 0 0 34 0 0 45 14 0 38 43 0 0 0 26 45 0 0 61 29 29 7 37 0 2 0 0 30 0 0 0 0 3 0 44 2 27 0 41 0 0 15 0 77 0 0 7 0 0 39 20 0 0 0 0 50 20 74 73 28 0 30 0 0 47 0 0 9 20 0 2 0
 11 0 25 0 0 17 0 48 83 0 0 0 33 62 0 0 38 32 0 0 13 5 0 0 17 34 44 0 27 14 1 0 0 12 0 60 10 0 7 0 0 65 54 0 83 20 90 10 66 41 70 0 0 33 0 30 25 0 5 0 10 35 34 0 0 0 0 0 50 28 0 0 0 81 0 30 0 70 0 0 0 0 4 0 0 41 0 0 0 0 0 26 0 40 0 0 0 37 14 0 44 27 0 7 56 31 47 0 0 0 0 49 0 83 0 0 43 0 0 0 58 0 72 13 8 16 0 0 42 24 12 0 0 21 40 0 0 30 0 0 0 3 22 10 45 14 3 0 0 0
 0 6 0 0 0 73 0 0 9 11 0 0 21 16 0 0 0 0 0 0 8 14 8 0 47 18 35 5 31 15 0 84 0 9 0 27 0 20 23 5 0 0 55 0 0 5 2 0 41 0 53 27 0 5 0 98 0 0 0 0 28 0 0 0 0 74 85 15 0 72 35 0 55 2 5 52 37 0 37 26 10 0 0 44 9 66 0 13 0 44 12 0 0 14 74 0 41 14 28 58 91 4 0 0 0 0 0 11 0 5 56 8 0 11 64 0 8 41 0 64 1 35 0 0 0 25 58 29 24 56 0 1 0 50 0 75 19 0 57 0 57 0 0 0 0 9 16 30 58 46
 0 0 0 0 0 72 58 25 0 0 74 15 4 0 0 0 0 0 46 36 0 0 0 71 0 0 44 38 0 0 23 0 55 56 0 2 0 0 40 15 0 0 0 0 0 26 0 89 0 27 1 0 10 0 0 0 0 0 28 54 35 0 0 20 0 0 0 0 13 0 37 0 0 0 59 66 0 0 46 6 0 22 3 0 0 0 17 77 0 0 31 0 30 31 3 0 0 27 30 0 72 69 0 0 0 0 43 0 0 22 0 0 0 15 0 12 0 0 1 58 10 0 0 56 0 56 16 0 26 0 60 43 0 0 0 0 28 0 35 33 0 0 59 75 19 37 0 0 0 34
 61 61 16 5 22 0 43 89 15 0 26 0 0 42 0 76 0 6 3 0 0 47 0 0 9 57 0 0 0 64 42 15 31 0 15 0 7 0 0 48 0 0 0 23 55 49 0 55 48 44 0 27 8 64 48 0 54 0 24 4 0 5 0 0 0 0 2 0 0 0 38 47 37 34 34 42 41 0 22 35 26 0 0 0 0 26 0 36 0 0 25 0 38 0 0 18 5 0 77 62 0 0 0 0 0 39 0 0 40 0 57 65 0 0 0 19 86 0 10 77 11 0 21 0 0 0 0 0 0 21 0 0 5 0 0 51 3 56 0 72 32 11 0 0 0 0 26 53 22 0
 0 25 9 0 4 0 0 22 0 25 0 68 0 16 0 0 0 0 0 45 43 0 14 0 0 0 0 0 0 17 29 0 0 0 26 14 0 77 0 0 0 49 0 73 36 12 0 2 46 0 12 0 91 34 27 33 0 19 0 0 0 43 95 0 20 0 8 0 0 0 0 0 0 0 0 0 0 16 0 0 76 0 88 0 50 0 0 68 2 0 0 0 0 0 8 18 0 13 48 0 0 78 0 59 0 0 0 22 0 6 54 0 9 40 0 24 2 78 0 0 73 0 0 10 37 59 8 0 40 6 2 0 27 0 0 45 47 0 0 58 0 0 0 0 0 0 5 27 19 31
 2 0 14 0 29 0 9 66 51 0 85 46 18 0 36 0 0 0 0 48 0 3 52 66 0 0 65 18 60 9 0 10 67 0 22 0 0 0 57 13 0 35 11 19 3 31 0 0 0 0 7 0 13 0 46 38 1 0 0 0 68 15 0 7 12 0 0 0 0 2 0 43 0 36 9 0 0 0 1 0 58 0 47 0 0 10 0 0 6 19 0 0 0 49 18 80 12 0 32 21 0 0 0 52 0 0 0 12 53 0 34 0 27 55 26 0 0 44 86 0 0 0 16 0 0 84 32 31 20 0 16 98 13 25 0 0 25 0 0 0 2 0 71 0 59 0 0 0 0 0
 69 8 33 37 18 39 5 14 0 0 45 50 0 0 0 16 35 0 68 0 0 22 0 81 0 0 0 0 38 0 0 40 28 86 22 24 33 0 28 5 6 0 0 12 0 22 68 34 0 7 74 0 31 36 9 0 4 0 0 79 0 0 95 0 24 3 2 27 0 37 15 54 61 96 0 8 7 15 27 0 14 0 67 0 26 14 40 21 83 39 0 37 0 0 18 0 46 16 6 31 18 0 69 14 4 0 0 0 0 0 0 37 0 20 0 0 0 43 82 43 54 0 46 46 72 26 38 0 0 0 34 0 10 0 0 49 0 28 31 72 0 0 31 65 0 0 58 13 19 64
 66 5 0 0 15 15 0 0 92 0 69 4 0 0 13 85 0 35 0 3 3 12 25 0 0 0 0 39 0 0 63 0 20 0 4 68 0 3 0 53 0 1 60 39 0 8 0 74 52 0 55 61 27 0 0 9 0 0 8 0 0 18 5 39 25 0 0 0 84 0 32 44 0 2 0 0 0 77 28 1 33 77 0 0 19 39 0 55 8 59 18 6 0 30 71 0 23 84 23 0 44 11 2 84 0 0 0 76 10 15 0 0 16 0 0 0 0 0 11 0 89 9 23 18 12 1 91 37 42 0 0 0 43 0 4 31 0 23 0 17 61 0 13 75 0 0 73 0 0 0
 10 51 35 39 47 23 54 13 0 0 0 21 0 37 34 0 8 0 0 32 0 1 47 0 72 69 25 0 25 0 0 0 0 0 0 12 6 0 0 0 43 11 27 34 83 21 0 33 53 45 0 0 0 0 70 12 0 79 40 56 0 13 0 41 30 50 0 0 0 0 0 70 95 72 60 50 55 0 0 0 28 0 6 0 0 0 0 35 0 18 10 24 0 0 0 86 0 0 49 14 47 0 81 64 0 16 17 50 33 59 0 0 0 82 0 54 16 83 60 88 0 84 39 1 51 0 0 15 4 0 70 0 0 1 3 13 0 55 0 40 0 25 0 46 14 0 0 0 0 0
 0 0 0 0 1 0 0 0 0 0 46 56 37 11 0 0 41 34 0 0 18 0 3 0 10 36 0 23 0 34 66 0 0 6 0 8 0 0 0 0 0 29 0 0 8 0 0 7 0 20 0 4 32 2 0 28 0 0 66 0 0 54 47 0 40 0 0 16 45 0 19 0 4 0 27 0 0 0 0 8 38 0 0 0 23 0 41 22 0 0 12 43 3 34 0 0 0 0 0 32 62 41 0 1 14 0 0 18 73 0 52 14 0 0 27 53 0 20 0 0 0 0 47 0 0 53 0 0 38 0 15 0 44 36 0 9 0 0 0 0 15 0 31 50 74 15 22 0 2 0
 47 8 0 0 0 0 12 0 39 0 40 34 14 47 0 26 0 77 0 30 0 0 91 0 55 31 0 30 0 64 9 0 0 0 62 0 10 51 0 6 36 27 12 0 0 47 0 0 0 1 8 59 0 0 0 15 59 0 3 15 0 71 0 0 0 0 0 0 0 40 62 46 11 0 61 0 0 0 0 50 0 0 0 79 8 0 21 21 0 1 24 53 0 0 15 74 2 0 0 2 17 0 0 0 0 18 0 27 0 41 0 36 8 0 36 0 60 0 66 0 0 0 34 83 12 0 0 0 0 0 0 42 18 59 0 0 0 0 47 0 0 17 49 0 29 0 21 31 0 0
 37 5 47 24 17 61 20 0 0 0 0 0 0 0 18 0 59 13 0 22 0 0 1 0 41 0 48 64 0 0 0 66 0 85 11 7 0 71 14 0 0 0 4 0 33 0 52 0 0 0 0 42 0 61 15 0 11 27 41 76 0 0 0 0 0 61 0 69 5 18 24 0 17 0 37 0 81 0 34 0 0 0 6 0 45 0 94 24 0 0 23 0 20 0 79 0 2 13 89 0 0 0 8 0 0 11 15 6 81 39 17 68 0 0 59 67 13 0 14 0 0 0 0 0 1 12 0 0 0 75 83 19 0 0 32 57 0 19 16 1 0 0 0 0 0 0 0 45 37 0
 0 11 3 69 0 0 11 0 29 0 0 12 0 0 48 0 0 42 0 37 27 0 30 0 87 74 0 16 0 7 28 0 34 0 63 52 18 10 0 0 0 0 40 42 0 20 0 80 30 0 4 0 0 85 9 0 43 0 0 0 0 0 45 0 0 0 0 17 51 0 0 7 8 26 0 23 0 24 0 17 82 0 0 0 0 49 18 38 2 7 33 0 38 42 76 0 0 72 0 0 16 0 0 52 32 0 0 0 62 20 46 0 57 0 0 0 5 0 0 0 0 33 0 53 0 30 0 33 45 44 24 4 0 51 29 12 0 0 1 55 35 0 0 80 0 7 31 0 0 0
 0 71 16 75 0 69 0 7 51 0 6 0 73 0 19 0 0 0 0 7 50 0 0 85 21 0 0 0 0 0 36 0 0 0 0 0 3 27 0 0 13 0 0 0 38 36 95 44 0 71 4 0 73 11 36 55 46 0 11 0 0 0 25 0 0 47 1 0 10 70 0 21 27 42 56 0 0 8 0 44 0 0 22 0 58 6 31 0 0 1 0 0 0 36 64 19 12 63 25 0 65 42 20 6 64 39 0 0 15 22 0 20 53 44 0 0 29 0 0 0 0 62 23 10 43 35 93 31 0 17 0 26 0 8 7 0 59 0 48 0 0 0 0 0 30 76 0 17 3 8
 0 18 0 0 56 28 0 16 0 25 0 44 0 0 0 2 0 0 0 0 0 43 39 0 25 0 0 0 0 0 0 0 0 29 0 60 0 12 20 0 14 0 0 54 13 92 0 60 56 14 11 22 18 0 91 0 9 0 6 35 0 0 25 0 87 19 0 24 15 44 0 48 0 2 32 5 16 28 0 0 25 41 32 39 28 0 0 41 48 16 3 5 32 65 0 9 0 0 80 0 0 0 0 0 0 0 0 22 0 0 59 0 0 2 0 22 10 94 0 50 0 0 75 37 54 0 0 68 0 0 7 14 9 0 0 32 0 0 0 55 5 0 34 14 0 58 9 36 17 0
 0 55 28 0 66 39 68 0 0 0 0 30 9 0 3 0 0 0 0 56 0 28 0 0 8 0 0 0 24 10 0 0 0 0 0 0 46 0 0 0 13 60 0 0 0 49 0 59 0 0 15 0 62 3 0 69 0 4 0 0 20 0 0 0 66 2 0 0 37 0 5 0 0 0 0 0 0 0 67 0 0 0 34 19 0 0 0 0 60 64 3 0 3 0 47 0 7 0 73 79 27 3 0 0 0 18 35 0 24 26 58 70 0 0 0 0 16 0 0 37 0 0 0 25 0 0 53 95 97 87 0 0 0 37 43 48 0 45 2 61 7 0 0 4 0 0 0 32 0 0
 0 74 0 17 0 66 0 0 15 11 0 32 0 27 0 16 0 22 0 6 58 0 0 0 11 0 0 10 99 51 0 46 0 28 60 12 15 24 0 0 56 0 15 8 23 2 80 0 0 72 0 31 3 0 0 0 67 54 0 26 43 52 40 0 21 0 83 0 0 40 0 0 74 17 0 15 0 62 0 45 62 5 40 0 2 42 0 55 3 47 27 0 19 0 0 0 20 1 37 0 62 0 0 40 0 1 0 23 17 0 0 0 39 0 0 30 0 0 47 28 12 28 57 81 0 0 0 3 0 90 91 0 0 8 0 0 0 0 35 0 0 0 1 48 0 81 8 79 0 87
 0 8 10 0 0 20 10 0 38 0 51 0 0 16 0 67 10 11 12 0 0 35 20 6 0 17 0 0 0 21 10 0 20 0 20 0 33 0 0 17 0 0 0 2 47 0 53 0 0 0 58 25 32 0 25 3 36 9 82 0 21 26 0 92 0 0 0 0 0 0 4 0 18 13 39 0 0 0 26 0 39 0 49 0 49 0 0 9 4 34 47 0 0 0 65 21 1 52 34 7 0 0 0 14 12 0 13 41 56 0 0 0 24 0 46 0 36 0 0 0 14 0 0 22 0 0 58 0 58 0 14 0 41 33 0 17 6 0 74 0 0 0 4 22 0 7 18 61 24 0
 26 27 59 62 0 0 0 59 0 25 0 0 17 11 42 0 12 0 0 75 0 16 0 43 23 76 48 0 0 0 52 40 13 0 0 0 76 3 0 19 0 25 0 0 0 0 0 79 0 9 0 26 4 17 0 63 63 0 0 81 0 0 71 37 87 23 60 43 4 65 58 36 3 55 19 0 22 1 66 65 20 24 43 0 0 0 0 0 0 27 18 38 0 0 0 14 6 0 72 65 10 34 54 0 4 0 32 25 47 0 57 49 18 13 0 0 39 24 0 8 3 29 5 0 0 0 0 0 1 52 56 66 0 19 28 0 0 0 0 0 6 0 28 23 0 64 42 0 1 13
 0 20 73 33 58 44 9 0 0 42 0 0 55 0 0 0 0 38 0 0 0 0 0 0 9 93 10 7 8 0 66 75 0 0 0 0 0 0 0 31 0 0 0 0 0 0 0 0 11 17 17 0 31 0 8 42 0 59 50 32 0 0 7 0 94 7 0 9 0 0 0 58 11 22 0 0 0 0 0 66 0 77 56 0 0 0 0 0 0 0 33 37 0 21 0 48 17 0 0 0 0 14 44 8 8 0 0 85 0 78 6 0 91 49 8 40 0 0 0 0 0 30 0 0 3 73 36 0 18 66 0 14 71 0 19 0 0 0 0 0 40 0 0 0 63 0 31 0 8 0
 0 17 39 88 0 20 58 13 5 0 0 62 4 24 11 8 63 29 39 0 18 0 0 10 0 0 20 15 24 43 0 0 1 19 14 38 0 0 0 39 2 75 63 20 49 79 25 0 13 26 7 0 0 56 43 42 3 0 42 23 0 0 21 0 0 31 47 45 34 0 0 0 0 0 0 0 0 80 0 0 0 0 4 0 66 0 20 0 10 0 7 2 0 62 0 61 20 75 31 69 9 44 62 0 3 19 25 0 41 0 0 52 0 0 0 1 5 25 0 41 13 0 0 0 13 0 0 36 0 0 0 0 3 22 44 0 16 0 42 0 0 9 0 0 21 3 11 0 0 73
 0 3 77 50 50 0 0 0 0 34 61 25 80 4 0 25 0 0 83 43 18 22 0 60 73 0 23 0 0 9 0 0 0 0 0 0 0 0 0 0 46 0 1 23 0 0 53 0 0 0 62 0 0 0 88 37 60 31 0 0 0 0 0 0 75 75 0 0 27 8 0 0 0 74 38 0 0 30 0 0 0 0 0 0 22 0 0 0 0 0 0 0 0 0 30 0 0 22 0 0 0 0 0 0 0 22 0 8 20 45 29 12 0 0 47 51 28 18 47 27 0 0 4 19 0 0 0 37 0 15 3 0 0 0 100 0 0 36 0 0 47 0 52 0 0 64 63 0 21 0
 45 41 10 0 0 28 0 60 0 0 13 34 0 0 62 0 54 12 3 0 0 0 0 76 0 0 0 0 0 32 0 63 44 27 0 0 7 62 5 0 0 0 65 78 0 65 1 20 1 64 12 0 56 19 80 0 24 0 0 77 9 24 0 22 36 0 0 0 3 80 0 0 14 3 0 0 23 0 0 13 63 14 42 55 0 33 48 0 47 0 0 0 82 0 21 0 4 25 83 0 46 11 54 0 10 19 0 35 78 0 0 0 0 30 0 13 0 0 5 0 0 0 0 82 0 0 51 0 0 65 0 17 25 9 80 34 0 0 0 0 0 11 33 0 22 0 62 0 8 0
 56 53 3 0 8 16 62 29 24 21 0 0 0 0 42 0 0 8 7 0 0 5 0 62 0 0 25 55 22 15 41 0 31 0 0 24 32 69 13 33 0 0 15 24 0 49 17 0 12 48 0 16 0 0 0 0 46 0 0 0 19 62 63 0 0 47 0 15 0 0 0 0 0 0 0 0 0 23 0 0 70 0 81 42 0 0 0 56 41 51 0 0 2 28 69 4 53 17 4 0 0 0 0 0 33 0 8 4 75 75 49 0 0 16 0 0 0 0 0 42 92 19 29 5 8 4 0 67 43 2 0 47 65 0 11 22 69 0 0 0 0 0 0 49 0 0 0 0 0 0
 45 63 33 0 63 0 0 7 0 35 0 0 0 0 60 38 36 4 0 0 0 0 16 0 85 0 5 0 86 0 27 50 0 0 30 0 1 0 36 40 5 49 0 24 0 0 58 0 25 0 66 0 0 28 0 6 0 1 0 19 68 90 0 11 34 24 0 67 52 0 12 0 0 0 0 31 0 89 51 62 88 0 21 0 40 0 21 20 0 0 1 0 64 40 49 65 0 27 0 11 56 65 0 31 58 0 0 1 16 62 0 0 0 0 27 15 0 63 19 0 0 0 7 0 0 28 36 18 0 64 14 19 16 0 0 12 50 29 0 0 16 0 53 0 0 84 0 82 63 0
 53 43 0 10 0 0 0 24 17 39 0 47 54 5 0 31 0 12 0 0 0 0 7 39 24 0 0 11 27 0 0 22 60 0 0 19 0 9 10 0 36 0 47 14 12 0 0 37 0 0 36 45 68 0 0 0 0 0 0 0 0 33 41 74 21 26 0 0 8 0 48 0 0 0 6 34 0 0 0 34 0 48 0 16 0 25 16 31 0 0 0 22 0 64 37 27 0 0 12 1 0 0 0 0 76 41 82 0 57 25 0 0 44 49 0 0 19 29 78 0 11 22 14 0 0 0 0 12 0 0 0 5 19 0 81 56 34 10 13 31 0 0 35 0 39 62 18 36 78 22
 0 10 0 25 0 0 39 0 0 0 3 77 14 3 55 78 5 0 21 0 0 63 0 0 0 0 0 48 76 0 0 0 0 29 25 0 0 26 0 0 0 0 53 13 0 29 14 22 0 48 1 21 0 0 0 0 0 54 0 17 0 0 0 48 5 0 6 32 25 40 0 43 0 0 20 83 0 0 0 41 38 78 0 0 0 0 0 0 0 34 0 10 30 22 0 0 0 0 0 69 0 0 0 0 47 0 0 66 60 0 0 0 0 31 37 0 0 0 22 0 0 0 13 30 0 0 32 0 0 34 23 15 55 0 15 73 28 81 0 14 21 0 25 15 42 31 2 0 93 11
 0 22 43 0 0 0 62 0 0 82 0 34 7 39 33 0 1 0 0 0 0 0 0 44 0 0 12 0 0 0 22 0 0 0 0 0 32 29 5 0 51 84 8 0 22 28 0 11 5 0 6 0 0 80 0 0 67 10 0 43 6 0 0 5 0 0 0 0 0 0 9 0 69 0 0 0 0 62 0 0 0 11 0 0 25 35 0 14 0 68 14 0 55 18 52 0 0 51 46 48 0 52 25 0 57 2 32 70 0 0 0 1 14 52 0 32 0 3 0 29 0 40 0 37 62 0 2 0 0 7 24 0 0 4 0 49 8 0 60 0 43 0 0 0 13 0 0 50 89 0
 63 0 0 36 0 53 0 0 0 84 23 24 0 1 0 23 0 24 3 16 20 0 0 40 0 42 32 0 0 7 0 11 45 31 0 77 0 45 0 19 0 0 0 37 0 0 29 31 0 0 1 7 68 31 21 29 0 44 17 0 1 8 0 0 19 0 0 2 0 0 0 0 0 60 0 0 0 4 0 0 10 0 0 24 66 0 11 13 0 11 0 14 77 38 0 0 0 64 75 0 0 0 50 0 15 0 25 0 0 0 0 0 19 0 5 3 0 42 12 8 5 0 39 0 27 38 30 15 34 4 5 33 46 0 73 0 91 10 77 11 44 40 0 0 43 0 0 43 10 23
 71 3 0 0 0 0 22 0 0 32 63 9 0 31 36 10 0 0 16 0 0 20 52 0 0 7 13 10 0 0 0 9 9 21 0 47 0 16 0 45 19 28 5 11 64 23 0 0 77 0 0 0 27 0 4 11 0 0 0 0 0 13 0 0 38 46 0 40 0 0 0 87 0 52 15 48 0 66 7 0 0 0 0 0 4 76 61 1 0 0 0 0 0 3 0 0 0 26 0 37 0 47 51 0 33 89 53 51 0 2 0 37 0 0 92 0 41 9 0 0 0 11 0 0 48 78 40 0 45 0 0 0 50 32 0 0 46 0 0 0 22 41 28 45 0 57 3 16 37 2
 4 42 0 0 56 0 0 0 0 59 52 36 28 0 18 88 0 0 0 45 0 0 4 36 0 78 0 5 0 0 0 0 0 0 1 27 0 12 9 22 49 60 56 74 17 50 0 0 70 0 4 71 65 0 8 0 0 0 21 0 0 0 17 0 0 0 27 72 55 18 2 9 0 0 47 0 0 0 7 18 9 0 0 0 0 16 23 20 65 0 31 0 0 17 0 57 0 45 0 14 61 0 0 0 42 0 52 2 32 0 90 0 14 0 45 0 41 29 20 0 0 0 0 54 15 0 34 0 0 0 0 0 63 0 48 82 0 2 23 0 46 64 0 36 0 0 0 49 0 0
 0 0 73 0 0 0 0 30 19 74 0 0 67 0 69 0 0 0 74 11 0 18 51 0 3 46 27 0 0 0 42 25 55 8 0 0 32 0 0 2 0 0 0 2 0 17 34 0 0 82 0 0 0 34 0 0 85 0 1 0 0 0 27 0 17 0 33 87 50 38 0 24 0 2 42 28 0 28 6 0 0 0 0 0 40 0 0 48 6 0 0 16 62 76 0 0 0 39 0 44 0 60 10 17 20 0 60 49 0 86 35 31 7 0 30 0 14 27 0 59 39 0 0 0 39 28 0 33 21 14 0 52 0 0 0 0 3 17 0 0 0 0 27 39 36 0 0 57 0 13
 0 23 40 69 0 18 0 49 17 0 0 37 0 0 0 0 16 35 0 4 15 0 69 0 0 44 7 0 0 49 17 0 0 0 0 0 0 0 54 37 0 0 0 38 2 0 4 0 18 42 0 0 1 3 48 0 0 0 0 0 24 20 31 0 10 0 39 23 49 27 0 11 0 61 19 0 9 66 50 0 0 71 0 0 0 0 36 0 18 61 0 0 13 0 0 0 0 7 50 0 71 0 0 42 94 22 4 0 0 0 0 0 0 0 0 0 52 3 20 39 6 80 0 18 28 0 0 0 61 0 0 0 56 0 0 11 27 0 0 0 29 47 0 17 90 80 0 0 52 0
 0 0 32 0 0 0 16 31 0 11 68 0 86 0 61 0 58 24 0 31 0 0 39 14 0 1 0 0 0 0 0 0 0 17 0 0 0 0 0 0 47 90 0 18 0 0 42 87 0 34 85 10 47 0 42 10 50 82 0 0 0 0 48 0 0 0 42 22 0 20 27 24 33 7 0 46 0 0 50 0 39 0 0 0 0 8 0 0 0 0 71 53 4 50 10 36 56 37 0 54 0 55 0 0 28 0 77 27 18 0 0 48 0 0 0 49 0 0 39 0 0 45 0 0 31 0 42 0 67 0 0 0 0 0 0 0 33 18 0 0 77 8 0 63 15 22 96 35 0 0
 0 0 23 0 0 51 14 0 0 16 0 34 0 0 0 0 41 52 0 45 69 0 0 0 4 21 19 0 20 2 8 4 0 21 0 0 0 0 0 65 26 0 6 9 1 67 34 0 0 0 0 2 0 38 26 0 0 0 42 0 68 0 0 28 0 66 54 77 30 0 37 0 39 21 71 21 6 70 30 0 0 0 0 0 27 13 0 0 71 0 0 24 24 12 0 0 0 40 29 40 0 0 0 0 0 73 34 17 64 5 0 0 5 15 0 0 0 0 2 0 6 7 17 0 0 16 0 0 0 0 0 37 19 5 34 29 28 0 0 63 0 0 0 0 0 4 0 36 0 0
 0 0 0 0 43 0 21 0 17 42 0 38 0 50 21 0 80 43 0 72 0 0 0 2 0 0 0 0 0 25 0 15 56 42 0 76 68 0 25 0 0 36 14 0 0 27 30 8 0 0 0 24 25 22 0 0 0 95 21 0 0 14 41 3 79 13 0 50 42 0 44 0 7 30 0 28 0 19 15 13 36 21 0 0 0 21 0 25 2 0 18 0 76 33 0 44 18 0 0 4 11 0 58 0 0 0 0 0 64 26 13 14 0 23 0 59 0 0 12 0 15 22 0 66 0 47 0 0 25 6 0 0 0 67 0 0 5 0 0 0 0 0 0 53 66 0 12 20 85 30
 0 0 0 61 0 0 2 0 80 0 51 21 0 12 13 0 0 0 75 0 0 0 0 0 42 63 0 49 0 45 0 69 0 0 48 0 0 0 45 0 47 17 0 78 0 0 0 34 9 0 0 35 16 49 0 0 2 5 0 60 0 0 0 0 0 0 8 67 17 77 0 0 0 0 75 2 38 0 0 0 71 0 46 0 8 4 67 0 49 0 8 58 1 49 43 45 65 20 0 0 76 0 0 0 22 0 65 0 10 2 0 44 30 19 0 0 25 0 6 0 85 46 0 36 31 3 0 75 3 0 10 0 53 0 37 9 18 2 0 0 13 0 0 40 0 47 14 53 0 6
