150
 33 0 0 20 0 33 0 2 8 0 43 0 20 62 0 70 39 0 2 44 1 0 0 37 61 59 0 8 44 92 0 52 34 0 0 10 56 55 1 8 0 0 60 0 0 49 0 35 0 0 0 11 0 0 8 0 31 0 26 0 0 24 0 54 0 42 0 15 0 37 23 27 14 44 87 0 0 41 42 0 41 0 0 0 40 0 12 0 0 0 0 1 58 0 0 52 0 0 17 0 15 33 0 0 29 54 3 31 0 5 16 7 0 0 19 0 51 35 22 54 13 0 43 44 65 0 19 0 26 0 0 0 28 27 4 0 0 0 6 22 0 0 0 27 42 74 0 0 5 8
 17 46 0 32 28 9 0 0 65 0 7 13 54 30 0 41 0 0 43 0 0 64 0 0 0 29 0 14 0 26 91 47 0 0 12 0 78 0 54 0 0 66 0 31 17 59 0 15 19 0 63 12 0 52 8 0 13 0 32 21 0 13 0 0 1 0 0 25 2 0 0 0 31 0 5 2 0 0 0 38 0 0 93 24 38 3 26 29 33 71 0 0 52 0 0 8 0 21 0 25 0 0 25 0 20 33 7 0 0 0 0 8 0 0 12 0 0 39 15 0 51 12 0 23 76 0 0 21 0 0 81 0 0 36 0 63 0 9 0 0 15 0 25 20 0 0 17 30 0 17
 17 18 68 50 52 4 0 13 42 0 39 0 11 0 57 0 0 27 0 0 0 3 2 64 49 0 0 0 0 0 0 43 0 0 11 0 0 58 0 20 0 41 33 0 14 0 91 0 0 63 0 0 0 0 39 0 57 71 0 5 0 0 54 37 0 0 0 0 27 0 43 0 0 5 51 0 0 3 49 2 45 0 0 0 0 0 0 0 0 0 27 0 0 12 11 22 42 59 0 0 61 37 0 0 0 6 0 20 0 29 0 6 31 41 79 39 0 0 0 11 59 0 6 0 7 0 0 0 51 12 0 0 23 0 7 0 48 12 72 21 0 10 18 0 0 0 6 2 1 0
 0 0 0 21 15 21 6 0 7 0 56 0 0 0 0 86 0 69 0 2 0 0 26 13 0 0 60 0 0 6 0 0 0 17 8 33 0 0 41 0 14 33 0 26 0 24 0 0 0 13 0 0 0 0 0 33 0 23 19 0 37 62 0 0 39 59 0 43 0 0 3 0 0 0 44 0 37 0 6 63 5 0 0 0 85 64 0 0 59 83 0 7 0 46 52 14 0 24 13 47 43 86 33 34 0 0 0 0 0 51 3 57 0 7 79 48 0 0 1 9 0 0 0 6 1 0 5 0 0 41 14 5 68 40 12 0 81 0 20 47 0 63 12 18 24 11 38 28 55 0
 39 0 0 0 54 10 49 85 36 14 17 0 14 72 0 46 28 13 30 4 55 0 0 14 41 82 14 0 0 50 0 0 0 0 0 39 67 0 9 26 62 0 46 50 70 0 4 0 41 0 0 73 0 19 0 0 0 0 0 91 0 11 0 18 0 0 18 14 0 0 11 0 9 0 31 0 59 37 0 5 26 35 0 19 0 0 31 42 0 0 0 39 0 6 35 0 15 2 0 42 0 35 0 54 0 0 0 28 23 0 21 10 0 0 20 85 0 0 19 5 19 27 34 0 0 29 0 0 11 86 0 0 0 0 0 27 50 0 8 26 51 12 89 0 60 0 0 0 72 0
 0 0 0 0 0 71 54 82 0 35 0 70 27 0 12 0 0 32 0 0 0 38 0 0 0 42 54 0 48 24 0 0 0 0 0 0 0 0 0 0 0 0 0 0 0 54 33 0 0 0 0 0 0 0 0 68 0 0 0 0 22 8 0 41 76 0 0 0 63 0 3 41 38 14 0 0 0 16 36 0 62 0 34 0 7 0 0 0 0 0 0 0 62 0 0 52 0 0 0 18 12 0 84 75 0 0 18 0 31 0 0 0 41 0 0 84 12 0 26 0 0 45 0 0 0 53 0 0 0 0 0 0 0 15 8 0 0 81 0 77 0 23 0 0 20 0 51 3 0 13
 20 47 26 0 0 0 17 0 23 0 0 0 91 0 14 0 72 0 0 28 0 22 0 0 0 39 0 50 0 66 0 0 32 0 0 0 0 0 0 0 48 93 17 0 88 24 0 0 1 0 0 58 49 77 59 0 0 0 0 0 28 0 0 41 0 29 0 0 56 7 0 0 0 46 0 5 0 5 2 22 10 0 13 0 0 5 68 54 4 0 50 6 3 56 60 28 0 24 79 0 0 38 0 0 0 18 0 3 0 26 0 0 65 8 0 9 0 0 0 64 0 0 83 44 0 0 0 0 27 7 0 47 50 31 0 6 6 85 0 77 0 58 0 82 53 38 21 0 0 0
 0 3 0 77 0 0 45 36 81 0 21 16 8 0 77 0 8 67 0 0 55 0 0 0 62 0 0 0 9 82 0 33 9 0 0 23 8 0 39 14 0 18 38 18 53 1 14 0 0 13 6 0 91 20 7 8 5 0 27 0 0 38 0 0 0 25 6 0 0 43 42 0 36 0 0 75 71 19 0 40 34 0 0 72 0 0 35 45 26 0 39 20 0 77 56 0 0 0 0 1 19 0 37 0 65 0 0 29 0 0 0 0 0 59 0 26 87 0 0 0 0 33 0 0 58 16 0 35 42 75 0 8 65 32 45 0 0 0 43 0 0 0 0 28 79 0 75 30 0 0
 0 0 0 0 0 38 0 0 100 0 55 0 0 0 51 33 9 0 39 0 0 41 20 28 0 47 0 68 11 57 0 21 22 0 37 44 0 0 0 0 9 48 75 0 0 0 34 37 75 67 8 0 0 20 38 46 0 39 0 39 53 0 45 0 0 38 0 1 0 0 0 66 18 94 17 0 23 0 0 42 0 25 14 19 9 8 0 0 85 0 0 0 6 0 3 72 0 0 0 53 0 11 0 26 7 21 0 0 42 0 12 32 0 7 61 0 5 0 0 0 15 0 9 0 63 0 7 50 25 0 0 17 0 35 51 0 8 0 0 0 0 30 60 15 0 0 0 25 0 91
 25 0 50 22 0 0 45 60 66 21 61 0 6 72 0 34 21 0 0 0 0 0 69 0 0 2 64 0 43 0 48 0 67 0 0 0 0 0 0 16 1 28 4 0 28 31 0 42 0 0 0 0 12 34 40 24 0 27 0 0 0 20 20 55 0 0 0 19 0 0 0 0 0 0 0 0 9 0 38 71 24 2 0 7 54 74 0 80 0 0 0 0 34 33 0 17 12 0 0 0 30 11 0 0 0 53 50 0 0 0 57 0 0 11 0 4 8 0 0 0 48 0 0 0 29 0 16 61 26 0 0 0 0 36 0 0 0 0 74 29 0 8 60 0 0 37 0 19 0 0
 0 0 0 0 0 17 76 0 0 0 85 2 0 0 11 63 0 33 0 0 0 47 0 47 0 0 38 56 34 40 75 0 54 0 22 0 0 44 0 3 0 0 14 40 94 21 0 0 93 18 0 50 38 0 6 64 0 0 0 0 44 14 0 0 79 0 0 0 0 25 73 68 9 0 6 34 14 0 2 29 0 5 4 15 16 89 20 5 68 83 0 92 0 0 47 18 0 0 55 0 0 0 28 0 0 0 71 0 0 0 0 34 51 15 65 0 0 0 7 0 16 0 0 0 0 0 0 0 0 86 25 0 0 0 5 0 55 90 0 0 41 0 0 82 54 0 0 65 0 56
 8 0 14 9 19 0 68 0 13 77 0 7 0 0 26 71 34 45 13 0 0 46 0 15 7 6 16 4 6 0 0 0 0 1 38 0 0 65 33 0 37 0 20 0 88 0 16 0 22 0 52 0 0 0 0 8 27 74 12 33 0 11 0 1 58 41 14 0 0 0 55 51 0 0 73 2 24 0 0 0 0 0 69 95 0 16 0 0 5 0 39 17 0 0 0 4 89 0 44 0 0 10 0 0 79 0 0 1 81 0 32 0 18 0 0 9 38 42 0 0 43 0 13 0 0 74 25 15 0 0 0 27 0 3 34 0 0 0 87 14 0 0 28 76 6 0 0 0 0 14
 0 0 0 10 0 0 0 0 23 0 1 13 46 0 0 11 0 59 17 35 0 0 74 0 7 0 2 25 23 0 0 0 0 75 7 41 42 0 0 0 0 0 0 63 13 0 61 32 2 20 0 7 0 24 52 52 17 0 0 43 5 0 0 0 4 22 1 23 0 21 0 44 0 7 0 41 0 0 17 25 72 69 29 0 0 0 14 0 48 0 0 0 0 23 31 60 40 32 1 0 28 0 0 7 44 0 0 72 68 37 71 15 0 0 0 2 0 45 0 0 17 61 35 26 0 28 0 9 0 0 0 0 49 2 0 0 8 0 0 0 0 44 31 66 68 0 58 21 0 0
 0 0 8 16 0 29 50 31 71 0 61 12 12 95 4 47 20 8 61 0 0 0 10 1 11 34 0 25 0 0 18 0 0 0 52 58 0 35 0 0 0 31 0 67 26 77 53 0 26 43 0 30 0 11 0 0 0 0 0 0 0 0 0 0 0 21 0 0 0 56 0 66 34 0 0 24 0 0 75 2 77 0 0 19 0 6 19 0 38 15 24 31 70 76 0 41 3 24 0 42 7 0 14 72 25 0 45 0 11 0 12 0 0 24 0 0 0 55 0 0 0 0 0 0 5 0 32 3 1 4 0 70 50 0 0 1 75 0 0 0 0 0 77 0 45 20 0 3 92 21
 34 5 0 75 33 0 0 0 0 20 0 0 43 0 56 11 0 4 0 43 0 0 74 46 29 89 24 29 0 0 42 0 0 0 0 0 0 0 0 0 22 24 0 64 11 31 0 9 16 0 1 64 0 0 9 0 0 79 0 42 47 0 0 30 7 0 0 0 0 0 0 43 10 30 26 32 0 33 41 22 14 37 0 33 21 0 0 0 0 56 0 0 0 0 0 7 0 22 0 37 1 0 0 0 29 0 0 23 0 32 18 0 0 22 46 0 0 6 36 8 0 18 23 0 0 0 0 0 60 9 52 52 0 0 68 46 0 0 0 25 0 48 9 0 0 40 38 0 76 0
 0 0 38 0 0 28 59 63 0 0 0 0 0 0 0 69 0 0 0 2 0 68 0 0 0 9 0 53 87 0 5 2 0 22 5 6 20 39 0 0 27 22 0 0 0 16 0 0 0 0 0 0 57 5 10 30 33 0 25 50 41 31 44 0 0 19 0 0 0 35 11 33 24 0 64 0 56 0 3 0 0 23 0 0 0 47 0 95 0 0 41 0 0 0 0 0 52 20 0 0 37 0 0 11 0 0 0 0 85 78 66 28 0 34 24 0 0 0 0 0 44 0 0 0 75 0 0 0 13 0 0 0 68 28 54 0 0 0 0 0 0 0 4 0 0 60 43 17 0 0
 0 19 22 36 0 30 0 0 0 0 27 0 18 0 63 8 95 87 1 0 0 0 0 0 0 8 0 0 46 11 55 0 0 25 0 32 0 0 37 28 88 58 0 0 0 69 88 0 0 0 0 21 45 60 14 0 0 16 0 0 62 31 2 0 0 0 0 0 9 94 0 0 0 76 0 6 0 0 67 0 29 0 54 4 95 0 68 62 42 95 54 0 29 0 0 21 0 0 71 62 28 35 30 0 0 0 0 0 0 0 29 39 0 0 13 52 0 0 31 0 4 50 0 0 0 23 0 36 67 41 18 5 0 0 10 31 25 0 0 0 22 0 31 0 0 0 0 8 0 16
 37 17 0 0 0 0 15 0 34 16 0 0 0 0 0 62 0 53 42 0 0 0 12 9 0 32 69 15 0 0 12 0 91 0 32 0 0 0 0 0 0 34 2 0 0 0 0 0 0 0 0 85 29 63 0 0 0 0 0 0 58 2 17 72 0 0 0 54 89 0 21 22 15 22 50 39 0 34 0 91 0 8 7 71 2 0 0 67 73 54 60 42 0 23 4 0 0 8 0 0 32 17 0 0 66 73 53 3 27 27 0 78 6 7 40 0 0 49 9 6 0 0 0 22 0 49 40 0 90 0 0 0 22 0 36 81 0 66 17 24 65 0 20 0 0 0 38 0 15 67
 0 0 7 64 0 4 39 53 0 7 56 0 0 0 5 19 0 0 21 0 0 76 27 24 0 0 0 30 50 0 18 0 24 17 0 39 0 0 28 10 87 0 15 8 0 68 17 64 0 68 0 0 0 0 0 16 0 24 12 0 33 14 1 0 0 0 0 0 0 0 0 46 20 0 11 0 0 0 0 0 53 38 2 66 0 0 0 2 0 3 76 21 0 70 59 0 0 0 0 20 0 0 92 26 0 0 11 0 0 18 0 40 27 0 28 29 0 0 0 0 24 0 0 38 52 0 0 97 74 21 0 52 0 35 0 69 14 0 0 0 43 0 28 0 0 1 0 0 39 13
 0 87 59 0 0 63 0 41 24 14 19 30 0 18 0 0 94 85 26 92 7 0 0 0 0 75 0 0 45 19 11 64 26 17 0 25 0 1 0 0 0 0 24 0 0 15 23 66 21 0 20 47 19 0 0 0 93 20 0 11 43 13 75 0 0 0 0 0 0 22 0 0 0 8 5 11 18 0 0 0 0 53 80 0 74 60 44 10 32 0 0 34 0 40 0 26 0 10 0 74 30 0 13 0 87 45 0 0 59 0 68 0 15 67 0 0 18 38 0 64 0 0 21 0 44 0 3 52 0 0 0 0 19 45 0 0 0 52 0 67 2 90 52 63 4 0 0 0 55 0
 0 27 51 55 0 38 25 0 62 2 30 57 0 55 88 29 85 64 19 0 29 1 37 12 0 0 12 0 0 0 0 11 23 0 0 1 0 0 0 18 5 55 0 0 0 0 18 84 0 0 16 53 12 20 0 73 0 21 0 66 48 0 79 60 0 21 0 26 0 0 0 0 16 0 0 14 0 0 66 0 39 55 82 0 17 40 11 18 0 0 0 0 28 4 0 9 58 11 0 4 0 20 0 9 0 0 0 10 0 0 71 0 18 0 27 0 0 0 0 68 32 0 0 0 48 0 53 0 0 0 36 0 60 0 0 0 45 0 18 31 1 0 0 0 73 7 19 23 77 6
 12 0 0 49 46 0 0 15 0 39 0 0 11 86 6 0 19 0 0 34 0 70 0 0 30 46 0 0 0 0 0 0 0 0 59 0 0 12 11 4 0 69 0 0 0 0 0 54 46 0 53 0 0 0 1 4 0 0 6 9 0 0 22 32 28 0 47 15 0 0 0 36 0 47 13 36 56 0 0 80 0 0 0 0 0 76 0 0 0 78 0 18 37 0 0 0 62 29 66 3 0 0 0 2 48 29 0 0 5 0 45 0 0 0 0 0 56 10 0 0 2 15 27 0 52 0 59 11 51 0 0 49 0 33 83 6 47 2 42 21 0 69 0 7 0 5 36 30 66 30
 67 0 0 0 78 56 29 72 0 0 31 41 0 0 0 20 47 0 0 16 0 6 78 0 14 65 0 0 8 0 28 85 0 0 1 0 0 0 0 40 0 3 77 24 24 0 0 69 0 0 66 62 0 78 0 44 19 35 23 0 0 20 66 39 47 0 0 0 8 0 22 0 33 8 63 2 57 0 0 16 6 0 50 36 0 93 0 0 47 10 18 0 88 38 5 30 38 28 0 15 0 0 26 31 85 0 0 5 0 12 69 33 0 0 85 0 0 0 40 0 0 34 0 26 34 69 58 5 0 0 34 0 27 36 59 3 0 0 34 44 3 0 0 84 0 0 76 0 73 0
 0 53 0 0 0 49 21 66 0 26 0 0 35 0 0 89 7 0 0 38 0 6 51 41 33 26 23 0 0 0 20 38 11 0 78 25 8 0 0 18 0 0 59 0 0 29 0 0 0 0 25 30 54 75 0 0 18 0 4 42 39 57 9 0 59 0 81 57 0 0 0 0 0 0 0 0 38 0 43 0 0 9 2 0 0 28 50 0 0 0 31 0 0 35 0 0 25 58 0 53 47 0 0 18 0 0 18 0 0 0 0 0 65 0 79 42 32 7 3 0 0 39 0 12 0 0 30 45 32 16 30 63 86 9 0 42 4 0 8 38 0 60 45 26 94 0 16 0 33 0
 0 31 0 65 0 37 28 0 74 5 57 0 0 0 0 63 2 48 13 20 12 0 0 0 36 48 58 69 25 0 14 0 70 0 12 9 0 0 0 0 0 29 59 0 1 0 0 0 12 42 0 17 0 0 2 0 77 0 0 11 0 0 25 0 0 2 0 20 0 0 0 68 0 39 0 4 9 6 0 0 0 0 28 23 63 53 0 0 39 14 49 0 28 39 47 70 37 0 60 0 39 0 42 41 6 0 12 29 51 0 0 42 35 0 28 56 0 0 29 0 20 0 66 6 0 12 42 0 35 0 0 0 0 0 58 0 21 0 0 0 0 0 29 0 64 0 41 41 0 0
 0 0 26 4 0 0 0 34 0 0 82 0 80 0 0 0 0 0 30 0 41 0 0 0 0 12 0 0 0 0 0 0 28 83 0 15 9 0 17 0 0 0 0 0 34 0 9 94 15 0 22 0 0 47 0 51 0 13 38 16 0 0 50 77 48 0 24 0 0 37 30 65 0 33 62 0 45 80 0 63 0 68 37 0 0 13 0 15 8 0 19 78 0 0 19 34 54 0 0 0 0 28 20 58 18 33 69 33 0 0 0 0 0 0 0 0 18 23 0 0 2 0 0 47 23 0 16 42 0 0 85 0 79 0 13 0 44 0 0 99 35 0 45 0 60 0 0 51 0 2
 72 48 17 0 0 0 44 12 69 0 0 0 0 17 0 42 66 0 22 43 0 10 2 0 0 10 76 0 0 0 0 48 1 0 76 53 0 0 0 25 21 13 0 75 35 0 0 0 0 27 0 71 0 22 52 31 0 0 36 52 3 13 41 4 14 0 0 73 64 84 0 0 50 0 0 0 41 0 0 0 7 51 0 0 75 0 1 0 12 24 42 4 0 41 38 35 57 41 0 0 34 95 0 37 9 0 0 26 71 43 52 0 61 31 0 24 36 0 6 0 27 46 44 0 0 0 6 4 40 29 0 0 0 0 0 27 86 0 36 52 0 0 0 0 0 56 0 52 0 0
 0 0 38 14 19 68 0 3 0 57 0 0 0 0 0 0 28 0 0 16 81 78 43 8 0 27 38 65 45 0 0 0 0 56 0 0 0 38 0 0 59 2 31 0 82 29 83 0 0 0 0 0 19 0 1 0 9 0 0 0 0 68 23 7 79 22 0 0 0 0 17 0 56 29 0 48 0 0 3 20 18 26 45 0 0 0 0 0 0 0 24 0 37 6 0 50 0 0 71 0 0 0 27 45 25 0 0 59 0 17 0 70 0 34 0 0 0 25 61 12 47 61 0 9 0 0 0 16 0 0 32 23 0 55 63 56 0 0 0 0 29 5 18 14 0 0 54 0 23 0
 0 21 6 18 12 0 32 0 0 0 0 0 0 23 55 0 0 58 0 0 57 8 0 23 0 50 27 0 55 38 0 60 0 0 36 0 8 0 0 0 21 2 0 36 0 13 0 0 10 0 6 3 0 0 0 0 49 0 62 43 0 8 0 0 3 0 0 60 0 63 94 0 0 0 0 0 0 0 11 0 38 53 1 0 71 8 0 7 0 0 21 0 28 29 13 0 0 0 0 27 4 59 0 0 61 0 33 0 0 6 0 63 33 0 0 31 31 18 0 0 29 1 40 0 0 0 9 0 0 48 0 0 0 54 28 35 0 0 0 0 0 71 0 39 0 10 0 0 0 31
 0 0 52 0 0 0 0 0 0 18 0 62 17 41 23 35 0 1 88 0 26 16 56 35 60 16 17 29 0 4 0 4 0 75 0 0 0 0 0 0 0 0 0 0 18 0 0 73 42 0 0 0 37 0 0 0 0 27 0 58 32 0 0 97 0 15 25 51 27 0 30 82 68 0 0 0 0 91 44 0 0 15 8 0 0 8 2 37 18 12 0 15 6 0 71 0 0 38 0 36 0 0 0 45 0 0 0 0 1 90 0 0 0 0 0 0 0 9 0 10 0 0 26 38 9 26 0 20 21 0 10 9 0 54 0 30 8 0 0 0 50 0 64 0 0 0 81 0 57 19
 21 0 7 67 25 45 42 0 40 0 0 47 8 0 0 0 0 0 0 0 83 13 0 0 0 0 1 42 18 41 89 0 0 28 0 0 0 0 17 20 0 0 0 26 14 0 4 0 0 27 21 37 43 2 0 0 40 0 36 0 16 0 0 0 69 65 73 0 0 34 11 61 0 25 0 0 0 0 0 0 58 7 27 0 14 0 0 28 0 0 38 45 0 72 0 0 0 34 69 84 35 8 84 0 13 47 0 0 0 0 0 0 23 0 51 23 0 0 35 0 4 23 47 29 0 33 0 0 9 20 31 0 70 8 44 0 13 23 2 0 0 25 43 43 46 0 78 8 0 0
 0 0 0 4 0 17 12 0 0 39 60 51 2 23 35 0 48 9 50 0 0 63 0 0 8 36 0 0 0 0 55 35 41 93 37 77 69 0 0 4 5 20 0 2 0 53 0 0 0 0 21 42 0 0 40 43 0 0 27 0 49 0 25 0 2 6 43 0 40 49 3 0 0 38 4 0 0 32 0 0 1 0 0 66 16 0 43 17 50 0 12 0 58 23 9 0 0 26 38 0 0 0 10 0 0 0 0 0 0 0 0 5 11 0 80 0 24 15 0 16 0 12 0 58 0 0 14 66 21 53 0 23 52 0 42 0 11 0 0 0 27 17 0 5 0 47 0 0 48 0
 0 31 12 60 61 22 0 0 0 0 0 7 64 13 17 38 33 0 0 0 0 27 67 0 0 0 0 13 0 24 68 0 41 41 0 0 0 95 0 0 0 84 0 21 0 0 19 18 3 25 0 0 52 0 0 47 0 51 89 8 35 0 0 0 0 0 85 0 0 23 15 10 0 0 46 9 37 6 52 0 0 63 37 0 0 0 0 41 0 0 27 88 0 2 0 43 37 0 16 0 0 0 0 0 63 0 32 0 55 0 3 0 0 0 27 0 0 2 0 33 20 37 23 14 0 11 0 49 0 0 0 0 0 59 7 0 20 90 0 0 0 0 61 0 23 15 0 37 0 33
 27 83 65 0 14 19 13 63 20 0 59 0 0 56 17 0 0 39 0 0 19 33 2 8 31 0 46 0 3 0 0 0 0 40 0 31 0 43 26 2 0 17 50 0 0 0 48 0 66 0 0 20 68 0 5 0 0 0 0 0 0 0 0 0 0 25 0 0 26 55 61 0 0 0 0 0 0 0 0 0 0 0 0 58 40 22 46 0 33 6 19 0 0 0 0 0 13 0 15 22 41 12 76 0 0 0 44 0 2 36 0 1 6 0 0 49 0 33 0 0 0 0 5 29 9 0 21 24 21 0 0 0 0 0 34 0 0 52 86 0 86 18 38 0 0 0 82 0 0 43
 28 0 0 0 45 10 37 13 0 58 0 0 0 0 20 0 68 0 2 76 34 0 0 0 0 4 0 30 0 1 13 0 43 3 7 0 19 0 5 26 0 37 50 17 0 0 58 0 63 0 25 40 0 0 0 40 0 5 0 0 56 55 13 0 29 7 62 0 0 0 36 41 4 0 0 0 54 46 17 54 95 0 68 8 0 43 20 17 0 16 0 0 93 0 13 29 0 13 0 83 0 65 46 36 0 0 0 0 3 64 0 20 0 46 0 0 0 0 20 90 0 0 83 0 5 12 0 69 0 0 0 69 8 0 0 0 0 37 0 26 0 0 0 0 0 0 0 0 0 0
 0 50 32 0 0 19 59 0 0 14 7 28 0 0 13 0 0 27 0 0 0 51 88 0 0 0 0 17 42 22 0 0 16 0 16 89 73 0 81 23 27 57 0 0 0 1 24 18 0 7 40 21 0 11 35 7 0 55 0 0 0 24 0 0 52 7 78 21 24 0 4 22 0 51 26 0 39 0 0 0 48 17 0 49 39 26 10 0 0 0 21 3 8 49 71 8 0 0 0 60 1 0 0 12 0 32 15 0 75 24 0 80 0 0 62 0 0 0 0 45 0 24 0 0 0 0 0 0 0 0 0 0 0 0 0 44 21 44 13 65 58 13 6 0 0 0 68 0 46 35
 0 0 87 5 0 26 68 0 42 10 33 69 0 29 10 0 7 93 2 37 50 43 5 0 50 0 59 11 0 48 2 0 45 3 0 0 45 19 70 47 0 0 13 0 0 0 0 0 0 0 0 0 0 0 35 0 1 40 33 49 15 20 25 0 12 11 67 8 0 0 0 0 48 71 56 0 1 0 41 0 0 0 0 0 20 0 0 0 0 9 0 15 0 57 28 0 0 0 0 0 23 0 21 7 33 0 0 0 0 2 0 14 0 62 0 7 17 12 0 0 0 24 0 0 28 19 0 99 74 0 73 0 65 0 17 82 0 71 0 9 10 0 11 0 13 41 2 78 59 10
 0 86 0 84 27 65 50 15 25 49 0 0 74 0 2 0 15 48 6 0 9 0 43 49 2 70 4 0 4 44 23 63 0 0 19 37 0 15 0 35 81 0 0 0 0 10 50 0 0 0 0 0 0 52 58 28 21 0 0 2 0 2 0 0 45 77 0 0 22 0 0 56 0 46 23 0 0 42 0 0 0 12 62 0 0 27 0 47 0 0 11 59 0 21 7 0 0 0 0 0 59 46 0 0 7 0 0 0 72 47 1 0 28 41 48 0 60 18 24 10 58 46 0 0 25 0 1 9 0 9 0 0 0 5 0 79 27 0 44 37 31 33 11 53 0 24 33 24 0 0
 0 0 33 0 0 3 49 0 43 14 47 0 39 66 33 53 0 32 0 81 47 0 10 8 14 0 52 85 40 67 0 45 71 0 0 0 0 58 53 0 0 0 60 0 79 5 4 21 0 63 28 0 42 0 0 0 0 0 0 0 8 0 0 0 46 0 3 43 0 4 57 0 0 76 0 17 0 0 0 0 3 1 36 0 57 0 51 0 0 0 0 0 0 47 0 0 0 0 8 0 0 0 0 0 0 65 0 0 17 0 88 0 0 70 20 6 18 0 7 46 15 0 0 27 0 12 72 0 45 0 56 0 59 9 0 22 0 0 55 0 0 0 13 48 49 23 60 0 0 1
 0 11 0 26 0 7 10 0 48 0 0 64 6 91 3 6 0 27 0 72 0 0 0 0 1 17 0 7 23 72 0 0 52 0 0 0 0 0 82 94 7 2 72 47 0 1 31 37 0 0 0 0 7 15 0 0 29 0 0 0 1 5 0 0 50 0 2 0 29 0 0 0 12 78 0 15 38 0 0 57 17 0 40 0 0 12 21 0 69 56 0 0 27 0 0 0 0 55 0 9 0 0 0 38 0 0 43 0 4 0 0 0 5 43 0 71 87 29 0 0 0 0 0 0 0 0 31 0 0 75 10 55 0 34 40 0 0 0 10 23 0 6 0 0 64 0 0 76 15 63
 45 85 0 0 0 90 0 17 0 0 7 0 61 28 0 0 0 40 0 22 0 38 29 56 9 33 0 0 0 9 63 0 88 35 55 0 7 0 7 0 87 10 60 0 0 7 0 10 0 51 0 3 0 58 0 0 0 74 21 6 15 0 36 0 0 89 0 0 0 2 0 0 28 8 0 35 0 37 0 0 1 0 0 0 49 0 0 0 5 0 0 33 95 90 0 58 0 70 37 0 24 65 69 12 0 0 0 36 2 5 32 0 1 0 30 0 0 0 0 12 0 43 71 91 19 37 0 22 0 0 0 15 38 0 25 51 0 17 51 19 0 19 0 37 0 78 24 0 9 0
 8 0 0 0 24 61 0 0 0 0 43 59 21 0 0 0 0 0 31 34 0 0 0 15 0 24 0 0 0 33 36 0 0 0 0 0 11 8 13 0 0 34 0 39 0 17 0 0 36 67 32 31 0 0 64 16 0 87 14 89 0 6 19 0 4 23 0 23 0 54 21 0 0 0 53 0 60 80 0 59 0 50 44 0 0 0 53 0 0 0 32 0 0 38 39 0 0 13 0 87 12 6 19 49 0 30 0 0 22 43 5 4 75 17 0 79 49 49 56 23 0 21 46 0 11 0 5 0 0 0 9 17 37 32 12 0 0 39 0 25 0 0 18 5 0 36 53 49 0 69
 0 37 0 7 0 18 0 0 0 0 0 0 14 33 4 28 37 0 0 0 43 28 0 0 0 27 58 0 4 25 0 52 1 0 0 19 0 36 0 0 0 52 71 0 0 46 0 0 23 0 4 35 0 0 89 0 0 5 7 75 46 0 0 31 34 13 70 1 20 65 0 19 71 0 0 22 85 0 19 4 0 10 23 66 28 0 0 5 0 0 0 36 55 20 38 22 40 0 0 0 0 0 55 0 0 23 0 0 0 0 53 59 4 0 61 40 36 34 0 15 0 79 45 72 32 51 32 1 6 0 24 0 0 0 3 0 12 66 30 16 93 36 13 34 0 0 0 0 48 6
 69 0 80 0 0 0 17 0 55 34 0 55 0 0 0 61 38 47 0 10 9 8 0 70 21 28 0 24 0 5 0 0 0 24 0 14 74 48 54 0 19 0 46 54 26 0 37 39 35 14 30 0 78 0 0 0 39 0 0 94 11 0 22 0 0 0 0 0 8 45 29 0 14 36 22 0 29 0 0 47 0 20 43 0 39 14 14 57 0 0 0 12 11 0 43 0 0 0 0 44 0 0 12 0 0 0 0 29 19 77 17 0 24 23 0 48 0 0 10 0 39 85 0 0 54 83 28 0 0 7 29 0 0 0 0 12 0 0 15 23 13 41 23 33 72 32 0 0 9 0
 29 0 0 22 0 47 0 0 16 0 0 0 0 0 0 7 28 55 44 76 0 10 0 19 0 0 0 0 32 0 0 22 5 49 21 3 5 36 0 20 82 56 57 0 59 0 0 0 49 37 0 75 0 9 49 0 33 0 31 0 12 0 43 2 0 0 6 0 0 50 13 0 0 33 78 0 25 0 65 0 0 36 84 0 0 13 48 0 0 12 0 0 0 30 64 0 1 0 0 4 39 0 0 8 28 0 73 0 28 71 0 2 0 0 0 30 0 5 0 64 0 0 23 37 0 9 0 0 0 0 3 0 0 13 0 54 0 71 20 11 2 0 0 12 1 0 0 70 0 11
 0 0 35 0 66 0 0 0 24 0 0 46 64 0 0 0 0 21 0 0 3 8 1 0 59 66 34 0 0 14 26 0 90 44 81 0 33 0 0 0 0 0 0 1 68 60 0 0 86 0 0 0 0 0 65 0 77 0 49 0 41 0 16 0 0 0 0 0 0 9 12 0 18 0 22 37 0 0 49 0 26 11 34 0 1 20 1 0 0 0 10 0 0 0 0 18 0 0 73 7 0 21 0 6 0 22 0 0 0 0 72 0 0 0 0 0 10 0 0 23 0 5 0 14 0 84 66 0 0 95 0 43 31 40 5 34 0 52 0 3 0 12 34 45 21 21 22 0 30 43
 54 33 0 48 0 0 7 0 0 18 76 0 0 0 63 34 0 11 0 0 0 8 47 21 68 0 46 0 29 24 0 8 0 0 0 0 82 0 0 0 13 11 17 0 28 44 64 29 19 7 74 0 72 21 69 2 0 45 0 14 50 0 0 54 0 0 16 38 0 58 0 0 13 0 0 0 32 0 28 23 0 15 0 7 14 0 11 23 29 0 0 0 32 0 0 0 0 50 0 0 0 0 44 0 80 25 4 45 0 25 0 16 0 28 14 0 0 0 32 0 45 0 27 0 0 0 0 15 0 67 0 70 0 42 14 37 0 0 44 25 0 0 0 1 39 0 55 0 0 24
 0 0 23 63 22 17 7 68 0 0 9 47 0 6 0 51 1 50 0 0 0 0 0 68 2 0 8 30 34 0 28 34 0 28 20 0 3 75 0 0 0 60 89 0 48 81 0 55 0 15 30 76 32 0 34 35 0 6 47 0 0 0 0 59 0 0 81 0 81 81 0 65 26 68 0 0 0 9 0 0 48 29 0 0 71 35 8 30 0 78 83 0 0 56 58 18 0 0 0 0 23 41 11 0 0 43 0 64 6 8 0 0 0 2 73 0 5 28 5 22 23 0 0 87 7 2 82 0 37 85 0 12 6 60 0 19 11 0 2 23 0 4 0 37 0 3 0 76 12 0
 31 0 87 45 0 13 0 4 0 16 0 0 0 0 0 10 46 4 62 0 41 0 50 47 0 0 28 61 0 0 38 92 0 0 0 9 37 64 26 34 3 0 0 0 0 0 0 46 17 0 29 39 9 0 0 58 0 0 13 0 0 44 0 0 24 51 17 0 34 14 22 54 28 0 13 0 0 9 2 22 78 23 0 3 0 87 73 42 0 0 0 0 25 92 51 30 0 8 0 0 0 25 76 0 0 0 0 52 36 18 10 26 0 0 0 35 35 0 33 56 54 0 52 21 0 16 8 0 13 0 0 0 2 0 0 74 0 43 59 14 1 6 0 7 0 0 68 0 17 53
 0 23 0 0 84 46 9 0 0 32 0 15 0 0 29 46 12 53 0 31 18 11 57 9 0 6 0 57 2 10 0 47 0 40 30 0 23 63 0 3 0 0 5 0 0 32 0 0 67 3 0 51 24 23 43 0 0 7 0 41 68 0 8 0 0 23 0 82 80 32 0 0 0 33 15 0 0 0 0 0 0 10 0 74 0 74 48 70 19 19 0 0 0 0 31 0 0 58 0 24 0 0 0 0 0 71 0 0 60 0 53 0 10 0 39 43 9 33 8 0 20 0 14 0 0 0 0 0 0 0 28 49 0 2 0 0 0 0 0 38 13 34 73 23 0 0 0 0 28 22
 2 0 79 90 23 29 35 0 0 43 32 0 49 16 0 20 11 47 11 0 0 0 0 0 48 0 10 78 0 70 0 0 18 9 0 0 48 19 0 27 61 0 0 0 6 1 0 0 0 10 42 55 0 0 29 0 0 0 0 0 19 0 90 15 1 0 32 89 11 24 10 49 8 0 0 28 0 0 42 38 15 0 0 0 0 50 10 0 72 0 53 51 71 0 0 0 4 0 0 0 57 0 80 39 59 48 18 0 16 0 72 0 0 0 15 23 14 2 91 0 0 0 7 43 0 0 0 0 54 0 0 8 0 30 53 72 76 0 0 85 0 0 0 0 0 22 18 0 0 0
 0 0 8 9 0 56 0 71 95 7 0 11 0 0 0 3 0 0 35 0 0 2 0 0 0 74 0 37 0 61 0 0 33 0 0 0 44 11 31 27 0 0 0 11 0 28 7 0 0 0 0 58 49 4 22 0 17 52 83 0 0 0 51 40 49 0 41 0 14 93 0 0 0 0 0 29 44 1 66 0 0 0 0 0 0 6 0 70 0 31 54 81 0 0 0 0 0 18 28 0 43 0 0 0 41 0 1 0 5 0 46 0 31 22 0 67 0 56 0 61 0 59 0 0 0 0 0 83 0 0 2 21 0 0 36 0 0 8 49 0 0 59 0 0 2 73 0 0 47 0
 67 21 74 55 41 20 0 0 15 0 0 59 39 57 15 0 0 0 60 0 0 35 40 0 5 15 24 0 8 0 0 10 0 0 64 24 75 31 0 0 7 26 20 0 64 38 0 0 0 0 40 0 68 0 0 0 0 0 0 0 0 0 60 20 52 35 27 0 0 0 42 3 0 14 49 0 0 79 0 19 11 5 0 0 10 0 25 0 14 0 0 0 0 19 0 9 31 0 20 0 0 0 41 33 33 2 61 0 0 21 4 0 0 45 41 6 33 0 63 0 0 49 21 26 0 38 10 0 0 7 0 0 0 0 0 0 0 94 0 0 12 0 0 68 0 31 5 14 0 1
 41 0 36 21 0 31 0 0 0 0 30 23 0 0 15 0 0 0 1 37 0 34 0 0 72 0 0 20 8 35 0 56 46 8 34 0 82 0 53 0 0 56 41 23 0 49 0 35 20 0 63 0 74 53 30 0 0 28 0 0 0 44 0 0 0 75 20 0 0 17 0 0 58 12 0 0 27 36 76 25 0 0 54 54 47 0 26 24 72 4 0 0 0 46 0 42 35 11 19 0 0 11 0 75 45 23 0 0 92 0 0 0 0 0 0 0 0 0 29 21 4 0 37 0 73 0 0 0 59 91 0 0 0 0 0 17 50 13 0 49 0 0 0 7 77 83 0 0 76 0
 0 0 0 3 12 60 0 0 0 0 0 54 0 57 0 0 0 59 24 6 26 0 59 11 0 65 0 0 60 3 42 0 12 0 69 0 0 0 70 16 56 0 0 63 0 0 0 0 26 0 0 0 19 0 78 0 36 0 0 0 0 0 21 0 76 0 35 64 0 0 58 33 94 24 74 0 16 36 0 66 0 63 44 4 21 0 0 33 0 16 0 49 59 0 15 40 17 0 28 0 11 1 27 0 0 0 2 0 62 0 0 41 0 2 24 30 4 64 0 0 0 0 0 5 22 89 19 0 0 3 31 0 17 0 23 0 0 0 17 73 0 59 0 0 10 0 85 32 27 75
 27 2 20 0 46 0 13 0 0 0 0 0 0 23 2 0 43 8 0 31 0 0 0 18 51 0 0 49 21 51 35 0 0 50 0 0 17 0 50 42 64 0 8 57 42 9 0 0 0 17 3 44 46 10 39 87 13 0 0 0 13 0 14 17 10 0 0 0 11 66 0 15 0 18 0 0 68 37 57 0 0 2 32 0 0 15 0 0 0 0 28 0 0 2 51 25 58 11 7 0 49 0 0 62 30 0 0 25 27 54 3 0 0 8 43 0 0 49 0 0 29 0 49 21 46 24 0 49 16 79 6 18 0 10 0 0 0 0 0 0 5 2 1 0 0 0 0 30 0 48
 0 0 0 29 96 31 46 0 51 55 17 0 0 86 30 0 11 9 12 0 38 25 0 0 0 35 22 0 0 33 0 24 84 49 7 1 0 0 25 0 80 6 39 0 0 0 1 51 74 18 6 0 3 22 0 0 49 0 0 41 0 0 0 0 0 0 34 0 0 30 0 0 6 12 66 0 0 0 0 37 52 63 47 53 0 0 0 0 33 0 0 5 23 5 41 58 0 0 0 3 7 35 19 0 0 0 0 58 0 28 64 34 17 0 52 28 16 0 3 0 0 0 0 0 6 47 47 0 0 0 43 35 20 64 0 0 50 46 84 54 0 0 0 0 48 46 0 11 0 0
 15 2 0 0 13 83 64 24 0 0 28 0 48 79 0 51 0 54 0 0 0 24 0 11 3 0 40 42 43 0 37 11 0 12 0 0 0 17 53 49 0 0 0 14 47 87 0 0 29 0 33 0 84 0 80 32 19 31 0 22 0 17 40 56 10 0 0 0 9 0 0 31 0 0 7 25 0 0 0 13 0 0 0 50 0 0 0 0 0 42 0 39 33 11 0 36 0 46 0 57 0 69 17 64 41 0 64 3 0 26 0 39 0 37 31 0 0 0 0 50 0 0 61 70 9 35 0 16 8 0 79 0 0 0 4 28 0 0 0 0 0 0 8 7 0 0 0 0 0 18
 0 0 42 0 50 22 90 0 10 54 6 0 31 41 10 0 31 86 0 69 21 0 0 0 27 0 0 46 0 68 0 0 0 50 48 34 0 73 26 90 0 0 0 2 0 0 30 0 0 9 38 0 4 66 39 87 10 1 7 0 0 28 6 0 0 0 69 5 35 42 38 0 0 0 1 0 35 23 43 0 0 0 0 0 0 65 0 28 0 12 53 16 0 0 55 37 61 0 0 0 25 86 0 26 27 10 0 0 0 37 23 60 11 23 1 0 0 0 0 0 57 68 81 35 0 59 0 47 10 0 0 12 0 0 0 0 20 4 0 78 0 0 12 0 31 0 15 10 0 0
 50 0 0 13 0 17 18 5 0 10 52 0 0 6 0 0 5 60 2 0 0 0 67 0 0 0 0 44 0 0 37 31 0 36 26 22 0 0 60 25 0 0 0 0 19 21 0 7 16 0 21 31 16 12 85 9 0 0 49 5 25 0 9 18 0 0 53 0 0 29 0 24 56 0 41 10 74 0 0 66 92 0 0 0 33 0 0 0 0 0 11 55 0 11 49 0 0 0 0 0 0 58 2 10 32 50 0 0 1 2 0 0 34 0 0 0 0 0 11 0 13 2 36 9 0 0 63 0 0 0 18 5 55 0 0 0 0 0 0 0 68 0 0 0 32 2 44 0 68 0
 45 29 4 0 26 0 0 93 0 58 0 10 0 81 0 0 0 0 0 0 0 6 26 0 13 32 0 33 5 0 0 0 0 68 0 37 0 38 0 0 0 9 0 0 0 0 0 22 68 0 0 25 39 4 31 0 34 75 63 0 7 0 73 9 13 37 18 0 7 0 17 36 0 0 0 0 0 9 0 0 0 0 0 36 0 75 17 49 57 0 0 18 0 23 0 0 81 0 2 0 0 71 6 7 35 82 11 40 0 0 10 0 0 72 22 0 17 12 40 0 13 57 1 0 40 0 0 0 0 59 0 0 80 15 15 0 0 0 0 0 19 0 31 63 0 0 4 52 0 0
 0 0 1 0 0 0 1 0 0 0 0 0 71 24 19 0 0 0 0 0 13 2 0 0 79 37 0 0 0 45 12 29 43 39 0 0 0 0 9 0 53 0 10 10 12 17 32 16 0 10 13 3 60 0 45 39 23 0 0 44 54 83 17 5 0 23 59 0 0 0 41 0 30 75 0 73 22 17 7 0 87 10 0 24 40 7 0 0 11 67 27 0 0 17 0 0 0 0 0 4 7 15 28 37 65 0 0 11 0 3 0 46 35 36 70 4 0 0 8 0 0 63 26 0 15 0 0 52 0 0 0 33 0 0 0 71 51 22 34 0 0 0 74 0 0 0 33 0 49 15
 49 25 0 35 66 21 19 37 0 0 51 21 25 20 34 0 0 0 0 0 0 0 0 0 0 0 0 0 58 56 47 0 18 12 0 50 0 68 44 21 0 0 47 0 0 0 33 39 14 0 0 0 0 53 0 0 40 0 0 0 0 0 27 0 15 0 0 0 0 45 0 1 9 53 9 0 71 67 0 35 0 0 0 0 0 0 1 0 9 0 61 33 7 0 15 0 44 0 0 20 16 0 0 64 0 0 0 4 55 0 0 0 0 11 43 0 0 17 55 24 0 59 0 0 86 0 0 11 0 0 0 70 30 26 0 0 0 47 0 8 27 0 19 0 0 0 10 41 57 0
 0 38 0 17 0 0 0 17 14 0 20 0 18 5 0 56 29 0 59 42 0 0 0 1 28 0 0 0 46 0 83 66 34 19 12 81 2 8 47 6 45 92 0 62 0 6 0 0 25 1 0 0 0 2 5 0 79 0 53 0 0 0 56 72 0 57 0 0 0 0 0 0 0 31 24 0 11 12 6 39 33 14 0 25 18 63 0 0 23 0 35 0 0 90 35 2 0 5 0 0 0 0 0 20 10 74 77 3 0 42 39 31 98 0 0 0 3 33 0 16 0 25 6 43 32 0 55 0 42 0 3 50 0 0 61 0 3 5 46 33 0 0 60 32 0 9 10 0 61 0
 7 0 3 0 18 0 64 3 9 20 0 0 0 58 0 7 7 26 26 41 26 0 0 0 50 0 0 0 0 97 0 0 8 60 0 0 0 0 0 0 22 0 0 50 90 16 25 52 0 35 0 0 0 21 0 0 17 0 39 63 0 10 0 14 74 59 15 0 0 0 37 0 0 0 0 0 27 0 76 0 0 0 16 26 0 37 0 3 0 0 0 0 0 0 0 13 16 19 66 9 1 0 0 0 0 14 22 0 30 0 4 79 0 0 0 0 47 6 0 22 0 11 0 26 38 79 0 33 3 0 27 0 0 0 34 0 86 67 0 0 23 0 0 0 0 0 0 54 16 26
 0 34 57 0 26 80 0 0 0 28 19 0 0 0 44 0 13 47 2 13 0 17 53 29 0 47 50 0 15 0 0 0 69 0 0 0 0 0 18 56 0 0 0 41 60 32 92 5 0 0 45 78 0 0 95 13 72 19 74 20 0 0 2 0 0 24 0 5 10 0 0 18 0 0 1 62 11 0 0 14 30 0 0 0 0 0 0 15 0 0 34 35 35 0 0 0 20 0 13 17 19 0 0 0 70 0 14 0 57 1 79 0 0 0 10 1 26 0 48 58 0 0 49 0 0 0 0 0 0 0 0 31 2 0 0 0 33 0 0 0 0 0 0 0 0 5 0 81 30 2
 2 32 36 10 0 34 24 0 6 46 28 0 0 1 25 59 12 77 43 5 3 0 33 0 80 0 93 15 32 0 0 0 0 81 0 0 0 7 0 0 92 17 0 50 0 36 0 0 0 62 0 0 0 0 0 44 0 31 0 0 0 0 60 30 0 46 48 17 23 47 0 0 38 0 0 0 0 0 4 32 14 0 0 0 2 45 48 0 0 0 33 0 89 0 12 0 0 39 45 58 63 0 0 0 0 0 0 0 2 61 51 33 32 86 0 0 0 0 3 0 62 0 0 10 0 0 0 56 1 0 0 0 0 0 18 0 49 0 43 9 0 0 12 0 21 0 57 0 16 6
 0 0 20 0 0 25 41 27 0 0 10 24 0 59 32 75 43 0 33 3 0 0 8 0 0 8 0 27 0 0 10 32 5 27 1 0 0 80 0 45 37 0 0 13 69 67 0 60 54 0 0 6 4 67 0 4 46 9 0 27 18 72 17 0 65 0 0 68 6 0 64 52 0 49 67 86 10 53 16 0 30 0 17 40 65 40 0 0 0 4 35 25 0 0 0 95 31 47 0 49 0 0 14 8 0 0 77 0 0 18 68 0 40 0 0 14 0 69 40 79 60 0 53 0 0 0 44 0 0 30 0 81 0 0 2 0 54 2 50 0 1 0 85 0 5 0 50 8 0 0
 26 0 0 31 63 0 0 37 79 17 17 34 2 90 47 36 0 0 82 18 46 98 0 39 7 6 0 11 70 0 36 0 31 0 80 0 23 0 19 0 74 52 0 0 54 88 40 0 0 0 0 0 75 76 92 0 34 0 0 22 0 13 24 57 32 0 0 0 54 7 0 0 0 12 0 51 28 0 0 0 64 0 0 47 0 0 6 46 0 0 10 0 0 0 77 0 53 0 77 36 2 0 42 0 77 0 26 14 0 34 16 0 0 57 40 0 0 0 20 81 2 58 0 0 0 52 33 31 0 0 7 0 0 62 0 0 0 0 1 20 0 23 0 0 0 0 0 48 0 22
 0 19 29 2 0 47 0 0 87 61 0 62 0 0 93 0 0 16 30 0 55 20 61 18 63 0 0 40 0 2 0 0 0 0 49 32 87 47 0 20 0 0 0 0 0 0 0 0 0 0 0 0 4 0 14 0 0 74 0 0 25 28 0 2 11 63 0 5 0 62 31 0 4 9 87 0 5 0 28 31 65 13 0 50 0 68 0 0 0 28 0 7 50 0 0 18 0 0 0 0 0 21 32 16 22 62 43 84 0 10 46 52 0 0 59 0 0 0 38 72 0 43 0 0 6 0 0 52 0 0 0 17 0 0 0 71 54 3 0 13 88 0 11 0 0 7 48 0 81 0
 0 2 0 0 0 0 14 0 73 7 0 0 3 0 54 0 22 0 47 62 16 35 0 12 28 0 9 0 0 0 0 0 0 0 0 0 18 2 0 5 46 0 63 0 0 0 1 43 0 16 0 33 0 34 0 5 41 46 0 20 0 0 25 2 0 73 41 0 71 0 36 28 55 0 0 0 19 0 0 0 0 36 1 0 64 38 0 8 39 0 0 54 0 0 28 25 0 0 0 0 0 0 0 10 0 0 0 46 0 0 55 0 0 0 32 0 0 18 0 39 57 0 89 0 50 48 0 47 0 0 0 75 0 78 0 26 51 0 32 5 0 0 0 0 34 0 29 24 94 1
 0 4 44 9 16 0 35 39 0 9 0 0 0 0 0 0 34 0 0 30 31 0 35 0 0 0 32 9 88 0 0 2 0 0 0 0 87 0 11 55 59 70 0 43 1 2 20 0 0 53 0 49 0 61 0 0 10 0 52 0 0 63 0 10 49 0 26 0 46 14 0 37 5 60 0 0 0 0 43 6 0 36 9 1 7 79 39 42 49 0 0 0 0 7 0 16 25 63 0 0 37 0 18 74 0 11 0 5 0 44 0 42 0 0 7 81 0 52 55 0 37 0 0 12 70 13 30 0 0 68 51 40 0 0 26 0 27 0 0 66 70 0 51 13 0 0 74 0 2 8
 0 0 3 2 0 0 15 0 0 5 0 44 11 0 0 0 1 0 0 20 0 64 0 66 89 21 0 0 30 0 58 32 48 50 0 2 0 33 6 0 0 18 0 0 26 0 0 0 0 7 0 13 21 0 0 1 0 80 39 0 45 0 0 8 92 53 0 50 10 0 0 0 53 1 36 3 54 0 30 0 0 0 0 80 0 0 35 0 0 70 0 57 46 0 0 0 69 0 38 10 0 29 63 0 0 23 81 0 0 61 0 0 0 0 33 87 36 21 19 0 5 0 51 0 15 4 0 55 7 0 0 1 0 25 26 17 0 0 3 11 0 39 58 13 8 0 50 20 0 38
 0 44 0 27 35 0 0 19 0 40 17 25 0 12 0 5 0 0 46 0 30 0 0 40 0 0 62 0 14 56 0 0 23 82 87 0 0 0 0 0 0 47 15 0 0 1 2 0 12 0 46 19 0 0 0 0 0 40 8 35 7 0 0 0 12 78 5 0 0 0 21 0 0 76 0 0 19 47 0 45 67 0 21 43 0 0 0 37 0 89 42 0 0 0 28 57 0 0 37 29 0 0 0 20 18 0 0 0 0 0 0 29 0 90 15 0 45 44 9 0 33 59 18 30 0 1 9 12 43 12 0 0 0 79 53 0 52 0 64 0 75 53 0 8 0 0 9 0 2 0
 0 0 0 0 0 38 15 45 0 33 0 0 40 14 0 0 65 0 0 0 24 0 0 2 3 0 21 16 81 45 0 0 0 18 2 0 0 0 45 24 2 0 14 0 0 0 31 14 0 0 0 34 0 39 0 22 0 0 0 0 70 17 0 0 24 0 42 0 30 0 1 22 0 28 17 6 0 0 9 0 10 0 0 0 45 18 0 51 0 0 0 0 38 0 0 0 4 4 13 0 41 63 95 0 13 8 0 9 45 23 75 0 0 0 0 0 0 67 31 0 0 68 40 17 29 0 9 0 14 0 6 0 0 48 0 46 0 12 0 0 0 0 0 39 0 47 36 0 0 0
 43 0 30 29 78 16 0 0 51 82 0 0 0 0 0 74 0 0 76 0 0 0 0 17 0 0 71 0 3 55 13 33 0 13 28 12 21 21 0 0 0 14 0 58 12 0 37 47 8 50 0 0 78 76 18 4 1 0 45 0 73 0 8 8 87 0 50 0 0 25 26 12 0 18 0 1 0 0 0 22 0 0 0 7 47 67 0 0 0 58 54 0 6 10 46 0 0 0 60 0 0 0 0 0 47 0 0 27 0 0 13 24 0 27 0 0 0 0 0 0 65 0 0 0 21 0 0 0 1 0 21 0 17 66 0 0 27 7 0 4 0 0 0 44 42 92 39 0 0 0
 73 2 42 0 0 42 32 0 0 0 0 0 0 12 30 0 19 53 62 0 39 0 0 0 0 0 0 65 38 67 84 75 0 25 0 0 0 22 14 0 34 0 0 0 0 54 0 22 19 68 23 0 36 0 0 0 29 10 0 0 24 0 0 0 0 0 51 0 0 0 0 41 0 0 14 33 25 67 19 0 0 56 43 0 58 0 47 0 24 0 5 0 31 0 0 0 7 0 0 0 0 0 19 0 73 37 0 38 0 0 1 83 0 0 16 55 0 34 12 51 27 0 0 0 0 20 81 36 54 0 66 21 0 61 0 0 18 39 0 0 39 2 0 0 6 40 0 0 59 0
 0 69 0 86 0 0 0 0 18 27 40 61 90 62 0 40 37 0 33 12 26 60 56 20 0 0 0 1 5 0 23 0 0 17 0 0 28 0 36 31 0 0 26 48 53 23 100 0 0 18 6 0 0 0 0 0 84 34 0 20 0 0 0 0 3 47 16 0 1 22 68 17 82 0 11 10 0 80 11 0 0 84 0 0 5 44 0 16 0 24 0 4 0 0 17 29 21 68 56 0 0 23 84 0 0 0 0 0 0 66 11 81 4 32 0 0 27 0 0 0 46 24 33 0 0 0 8 0 48 0 82 0 53 0 0 0 45 28 0 18 0 0 0 52 25 0 0 0 0 0
 0 22 0 0 54 0 0 78 9 0 0 10 0 0 0 0 0 47 68 12 0 48 16 0 12 25 1 0 0 0 24 40 0 6 0 4 0 35 41 30 34 70 0 27 0 0 0 28 0 30 0 0 35 0 46 0 6 64 0 36 8 0 63 0 0 30 0 0 28 0 64 0 0 6 0 76 0 0 81 0 0 0 0 0 6 0 0 32 4 8 0 0 21 89 0 0 0 0 44 21 0 71 0 0 0 40 52 17 0 75 0 24 0 0 26 3 0 0 0 36 0 0 32 0 0 0 2 0 29 33 0 0 0 0 21 21 0 0 23 0 14 0 0 0 43 13 47 0 0 33
 38 0 0 0 0 2 0 0 0 0 0 31 0 0 0 24 13 0 45 59 11 0 0 52 24 0 76 0 43 34 30 46 65 69 0 10 21 35 46 0 25 0 0 0 32 8 0 36 0 13 0 51 0 0 0 10 0 0 83 0 46 10 0 0 89 0 0 3 20 0 26 0 8 0 60 0 54 89 23 65 16 18 51 60 0 27 27 0 0 0 48 0 51 1 26 0 31 0 35 0 0 0 0 0 0 0 3 0 0 63 0 3 0 52 58 0 0 10 0 0 4 0 0 1 0 0 8 24 0 63 0 0 6 26 0 11 0 0 17 0 5 77 12 0 81 62 0 59 0 0
 0 31 0 0 0 0 0 0 46 0 38 29 0 0 0 61 0 93 0 7 0 13 0 14 73 89 0 0 0 62 0 0 10 73 0 0 40 8 0 0 0 4 67 4 29 0 66 0 0 13 0 18 0 4 63 55 0 54 28 0 48 0 34 0 90 0 0 0 0 0 2 27 7 0 0 59 10 86 18 0 62 0 0 44 0 53 93 0 0 0 0 0 23 27 0 4 0 0 0 8 0 29 11 7 4 80 0 65 0 0 0 47 0 0 42 61 0 0 0 69 75 8 24 0 4 32 10 2 13 63 39 22 0 6 0 24 82 0 64 27 0 0 0 17 0 0 13 27 16 0
 46 24 4 14 0 17 25 15 0 0 0 17 0 71 0 0 58 0 0 0 0 85 54 0 10 0 0 0 0 0 0 39 0 21 1 0 11 0 0 37 47 0 0 0 0 0 0 0 0 0 34 67 0 69 0 0 0 84 1 42 18 0 59 0 34 12 30 10 22 0 0 0 67 4 26 40 0 0 10 0 26 77 0 16 0 0 0 0 0 0 5 51 0 0 0 66 33 29 8 0 32 24 12 0 18 0 0 7 0 0 4 13 0 0 0 0 94 0 0 0 0 78 29 1 3 16 0 49 0 0 0 20 56 0 88 0 0 28 0 52 13 0 17 7 0 3 33 0 0 4
 2 0 68 17 15 0 0 8 0 17 0 0 0 16 72 21 0 0 0 0 0 34 0 0 0 0 22 0 0 0 0 30 0 45 0 46 11 0 0 0 15 0 0 0 0 0 10 80 23 0 32 9 21 0 0 0 0 30 43 47 49 39 21 58 0 17 29 0 10 33 0 0 34 0 46 29 0 9 22 0 63 15 50 0 0 0 0 0 0 0 20 32 0 0 0 0 1 0 68 0 0 5 42 0 0 27 0 2 27 0 0 9 0 33 0 96 7 0 75 64 0 4 1 0 24 0 0 0 0 37 0 1 0 0 9 0 0 0 85 0 45 0 0 0 77 0 0 0 26 76
 52 0 16 13 0 5 73 0 0 0 0 0 10 0 0 69 0 0 0 25 38 25 0 37 0 38 36 33 4 58 66 0 34 0 0 0 0 37 66 42 8 50 0 0 64 35 0 16 0 0 57 38 33 0 0 49 0 0 65 59 0 0 9 0 0 21 6 0 0 0 21 0 0 0 2 0 60 24 7 0 0 0 33 100 0 54 0 64 30 0 75 0 0 0 0 0 29 0 75 71 0 0 0 0 0 4 0 46 0 25 49 34 0 50 6 19 0 0 0 25 39 0 0 0 0 0 7 17 71 8 14 74 0 23 66 0 52 67 0 76 0 34 0 0 0 48 0 0 0 31
 0 0 15 0 20 0 56 11 0 0 0 6 12 31 0 25 0 0 2 0 0 10 73 35 0 15 0 62 0 35 0 0 7 0 37 0 0 15 0 50 0 3 0 0 1 0 0 0 64 47 6 3 0 0 0 63 51 26 10 0 41 0 18 0 40 29 0 0 43 7 0 0 50 68 0 0 0 0 0 7 9 81 67 46 56 0 48 55 19 0 0 33 44 41 15 17 38 40 37 4 0 61 0 0 0 0 0 0 31 0 5 14 0 71 53 5 52 0 0 0 9 0 15 0 0 49 0 0 4 0 7 0 0 0 57 0 0 0 0 10 0 23 0 0 0 0 0 0 9 0
 48 0 11 0 44 11 0 39 0 0 0 0 46 0 14 0 4 27 0 0 0 0 0 0 0 0 42 8 0 0 7 40 19 0 0 0 66 0 21 0 13 35 27 0 0 0 2 0 0 0 0 0 18 14 61 0 9 36 0 66 0 0 27 0 0 77 0 0 64 0 0 0 71 52 0 0 6 0 12 0 0 72 4 0 20 1 0 33 36 0 0 0 21 25 23 0 0 0 65 0 0 58 25 0 0 30 0 7 27 28 35 0 34 42 71 19 0 32 16 0 0 0 0 0 0 0 53 0 17 0 0 0 5 0 64 0 14 90 0 0 67 0 85 0 26 0 0 0 0 14
 0 0 91 16 0 37 0 0 8 50 0 12 0 0 21 22 0 20 59 0 0 46 63 0 49 33 0 51 53 0 43 0 6 0 0 0 29 36 0 0 27 0 45 0 0 0 0 0 0 0 0 45 0 0 3 12 3 68 9 92 0 22 0 63 0 14 0 16 0 34 57 0 0 2 13 7 0 83 10 0 0 0 29 42 0 15 97 0 0 45 78 49 48 0 0 0 86 0 33 13 0 41 22 48 3 0 0 25 61 0 0 0 0 22 42 56 61 34 76 87 78 47 0 32 0 8 1 0 0 0 20 0 58 0 36 30 0 12 29 70 40 0 0 0 66 18 14 0 0 23
 4 0 3 43 0 55 0 0 37 0 0 11 91 25 40 0 0 0 0 0 0 13 35 64 27 0 34 67 0 0 0 0 0 11 0 65 14 0 6 27 3 71 0 0 24 39 0 0 0 0 6 0 2 0 0 92 77 21 0 48 0 75 40 18 0 0 51 16 0 19 0 0 9 0 0 42 5 0 0 7 80 1 1 0 0 0 19 25 0 38 0 25 0 11 6 21 0 0 4 21 32 16 0 56 0 0 25 46 0 3 26 11 36 47 19 17 0 0 0 0 0 0 0 0 0 0 54 0 1 61 48 0 0 0 12 0 40 5 20 0 2 0 0 5 30 22 13 0 0 0
 33 0 21 0 13 11 0 0 0 62 0 0 0 0 51 21 0 0 11 0 6 42 0 30 0 0 0 26 21 0 61 0 73 0 45 14 7 13 17 0 0 41 27 38 26 50 0 34 21 0 0 12 0 0 20 17 0 4 1 50 0 0 0 0 14 26 8 42 53 18 0 0 43 21 26 4 0 28 0 18 28 67 6 0 0 0 97 22 46 0 0 1 0 4 69 22 52 0 38 2 75 3 8 78 11 0 11 8 0 31 31 77 0 23 32 0 0 17 0 0 0 0 66 59 22 56 0 5 89 0 49 0 0 0 15 0 62 0 27 0 0 0 0 1 27 16 0 0 0 0
 7 0 32 0 53 24 46 13 39 42 0 50 2 0 0 25 0 0 0 38 12 0 0 45 0 73 0 0 62 0 60 30 20 0 0 12 0 54 36 0 77 51 44 2 0 69 21 0 41 0 4 0 24 0 0 14 2 0 0 16 6 0 47 56 7 13 74 0 77 0 40 74 0 0 75 0 0 0 0 7 42 48 18 25 29 41 0 0 20 100 28 52 0 0 1 15 0 0 65 17 3 0 18 0 0 0 21 14 24 0 0 84 0 0 0 10 12 47 0 0 0 39 0 0 0 6 0 28 30 0 0 30 43 33 75 49 22 4 42 62 0 31 37 0 49 0 24 0 0 39
 24 20 0 16 1 36 0 0 36 5 38 0 35 0 44 0 0 0 0 10 82 59 0 0 0 0 0 0 0 51 0 0 0 0 4 0 57 0 78 54 54 0 70 55 53 0 23 0 12 20 0 0 60 10 64 0 13 5 0 0 14 0 0 0 11 0 0 0 0 38 12 52 31 0 53 0 0 6 0 0 81 0 0 0 22 35 0 34 52 0 98 0 0 51 27 0 0 13 0 0 47 10 0 29 78 49 2 0 5 11 36 9 88 0 0 15 0 46 0 0 37 28 0 50 0 20 8 4 0 0 22 1 0 0 0 82 83 5 27 1 11 0 40 46 0 33 0 0 44 14
 0 53 56 0 0 39 0 0 4 22 0 0 41 0 50 58 47 0 0 0 1 0 33 67 6 0 0 21 73 0 0 58 0 70 53 0 0 0 19 51 0 68 0 0 22 28 45 50 32 16 0 0 34 20 0 25 0 0 0 0 0 93 0 15 3 0 16 0 5 0 0 4 0 30 22 66 35 0 21 37 1 0 0 76 0 39 0 0 0 0 21 90 0 0 82 0 0 49 0 0 1 0 0 0 60 25 0 0 0 14 0 0 57 60 32 0 50 0 0 0 71 0 0 18 25 0 0 1 0 49 0 0 25 0 48 32 46 33 60 0 0 2 1 61 38 0 0 24 41 0
 0 0 43 38 6 0 0 40 0 0 20 38 55 0 27 49 0 3 70 6 0 0 0 4 0 38 64 0 0 0 85 0 15 47 0 0 21 2 7 0 0 30 0 0 19 61 0 18 0 55 0 19 22 95 0 52 0 0 4 8 34 2 0 48 2 0 0 76 33 0 23 6 0 31 0 0 0 37 0 0 0 64 37 66 0 0 0 14 57 28 7 21 4 0 24 6 72 0 69 30 0 0 0 85 13 0 0 0 48 0 0 0 16 0 0 0 50 0 39 31 64 44 0 0 0 0 59 67 0 44 25 0 10 0 21 0 0 0 0 0 0 13 0 0 5 13 40 0 41 0
 12 15 0 0 0 88 0 0 97 0 3 13 0 0 34 72 41 0 0 0 0 64 0 0 0 37 0 0 0 29 0 0 0 45 2 0 0 0 0 14 0 0 0 8 0 16 44 0 0 6 60 8 0 0 27 0 0 0 2 0 0 0 3 0 31 58 12 14 25 3 60 0 32 70 40 0 42 23 0 0 0 83 21 5 0 0 49 0 0 69 0 66 11 19 7 0 8 15 83 0 49 53 75 0 0 6 0 2 0 44 0 0 83 15 70 20 50 54 12 0 0 0 48 0 0 66 0 0 0 0 0 0 0 55 0 25 3 19 11 0 14 0 46 0 0 0 46 42 9 15
 69 27 0 0 0 37 0 0 0 21 0 54 0 67 12 23 3 0 0 52 25 15 0 87 0 0 0 2 0 0 57 0 13 9 0 0 0 0 10 47 46 0 0 0 0 14 32 0 0 0 60 57 2 35 0 0 0 36 0 0 37 37 0 0 34 25 0 27 0 3 0 11 22 0 35 0 25 0 77 0 9 29 82 37 0 0 52 0 0 0 0 0 0 0 18 14 34 0 0 17 47 11 14 24 0 0 0 0 0 60 19 0 42 0 0 0 0 0 61 0 0 56 42 7 0 67 0 36 3 36 0 0 0 0 29 77 10 51 18 2 0 0 0 0 0 52 6 14 0 0
 0 0 0 0 29 0 0 2 0 0 0 0 0 0 0 63 0 31 2 0 0 3 0 2 0 0 0 0 68 47 92 3 0 23 0 0 61 65 29 22 0 38 0 35 41 0 62 0 0 58 23 26 0 0 0 0 0 0 0 52 40 35 37 0 0 78 42 0 1 0 0 0 27 0 27 19 46 0 3 44 0 0 70 10 0 30 22 0 0 0 21 51 0 30 0 21 0 0 0 0 0 78 59 0 0 0 6 50 0 17 5 42 0 0 0 0 0 22 13 33 25 46 0 32 0 17 0 0 61 13 0 0 0 28 0 0 0 7 0 0 1 0 16 0 0 0 64 0 70 0
 53 9 0 63 0 2 37 79 35 0 3 0 0 0 66 0 29 33 21 37 0 0 0 0 0 0 0 24 22 79 30 33 0 0 35 13 1 16 23 58 64 21 0 56 0 35 51 38 61 41 0 72 0 0 0 0 31 37 0 6 0 16 0 36 0 0 31 0 0 39 2 0 0 61 0 0 0 0 72 0 80 0 0 0 0 28 0 44 0 55 22 42 0 0 0 9 22 13 0 0 64 90 8 0 0 0 18 0 48 0 0 0 0 26 0 0 78 0 0 0 0 0 0 0 26 0 0 21 0 37 58 63 6 0 14 0 30 0 14 0 25 0 0 0 0 4 8 26 0 52
 36 0 0 0 0 0 0 73 78 18 4 55 0 0 0 0 10 0 62 0 0 0 0 0 24 3 0 1 91 0 0 0 30 43 0 28 14 52 23 0 0 0 82 49 59 5 0 9 0 0 42 0 47 0 14 0 78 0 41 13 32 8 54 0 0 30 0 0 59 75 3 0 25 68 0 6 79 0 18 36 67 0 31 27 0 3 10 9 28 7 0 0 0 0 29 1 0 84 0 65 0 0 0 39 0 0 0 0 31 0 0 15 87 0 0 6 53 0 22 0 0 0 42 0 0 42 0 54 0 11 0 45 8 53 7 0 31 0 5 0 31 2 0 0 23 51 0 0 62 0
 0 53 69 0 60 39 0 49 0 32 0 0 0 30 6 21 0 14 44 71 8 0 7 40 0 18 38 0 14 84 0 0 0 0 2 37 3 13 0 17 0 7 27 53 21 0 8 10 37 10 42 0 0 0 0 0 19 57 76 44 0 0 26 42 0 0 0 61 0 29 15 9 0 0 0 0 4 0 0 0 24 0 0 0 0 0 0 0 0 0 23 20 0 0 70 42 19 30 25 24 18 0 34 0 0 50 34 0 0 0 21 0 0 7 27 0 29 4 0 20 0 11 67 0 0 0 0 0 69 0 0 49 21 83 0 18 5 60 0 8 45 13 17 14 31 0 0 36 0 0
 51 0 50 0 0 0 22 0 0 62 18 49 1 0 0 5 0 3 0 0 0 0 0 0 14 42 41 1 0 0 0 25 16 0 0 0 30 26 7 0 13 0 37 0 0 0 1 6 46 0 48 60 25 12 28 29 0 0 45 6 19 0 0 38 0 0 0 0 0 12 52 30 0 0 12 21 2 62 0 83 0 22 16 0 0 47 0 0 0 0 0 21 0 64 0 5 82 0 0 73 56 69 0 77 72 15 0 75 0 0 0 71 0 30 0 0 15 0 0 73 7 22 34 13 0 25 30 0 0 84 0 26 0 22 32 82 0 0 0 24 3 10 34 0 0 0 5 60 5 0
 0 57 0 0 35 0 75 0 49 0 10 15 0 0 0 0 0 0 72 0 2 21 0 0 0 50 0 33 0 3 0 1 41 0 55 0 0 0 28 15 0 0 79 7 0 54 89 0 29 42 0 0 13 92 0 0 0 26 0 49 30 0 0 31 0 0 0 8 0 20 28 0 82 51 0 45 5 42 70 6 36 0 56 13 51 82 19 0 0 0 0 0 36 0 0 33 0 35 0 0 76 15 86 55 7 0 0 43 3 0 36 29 53 0 41 49 22 0 64 0 0 0 0 0 29 35 15 0 18 0 24 6 0 9 86 0 38 0 0 9 63 0 20 7 0 21 0 12 0 62
 0 69 0 0 0 86 0 8 0 0 20 0 13 49 14 52 0 0 30 28 0 5 18 8 52 0 0 51 0 67 0 34 0 0 0 29 16 0 54 58 0 0 67 13 70 0 21 0 0 7 65 48 20 0 0 26 0 0 0 0 0 0 31 0 38 34 40 19 60 0 26 37 0 44 0 79 46 0 0 73 0 0 0 66 0 0 0 0 0 39 0 41 8 0 0 0 0 18 6 0 0 8 49 0 0 0 0 13 0 0 20 33 0 0 0 0 2 0 31 77 36 34 0 0 0 0 0 38 0 0 0 0 0 0 42 31 0 0 0 0 0 60 35 0 43 31 10 0 27 0
 13 0 66 0 33 0 16 0 73 17 0 9 79 0 12 54 0 25 0 0 62 18 0 38 0 0 16 0 10 50 0 0 32 0 0 8 0 48 15 37 0 0 0 0 14 12 0 0 0 31 0 19 0 69 0 9 0 0 6 0 0 0 3 2 68 29 64 0 0 0 51 0 0 34 0 73 0 0 7 35 0 0 0 25 2 0 0 49 0 0 24 41 52 0 0 0 0 11 0 21 0 0 39 0 30 51 20 0 89 91 0 0 0 73 0 31 0 6 46 0 0 4 34 0 39 0 0 3 0 0 2 31 32 0 0 13 0 0 12 8 0 0 0 11 44 0 43 0 72 0
 70 2 32 0 0 0 28 0 0 19 52 9 0 0 70 0 84 16 0 56 0 0 0 0 0 0 0 0 10 0 29 39 21 29 0 0 0 48 3 0 0 0 90 9 0 0 9 11 39 25 0 28 0 0 45 0 44 0 0 0 0 0 0 0 48 45 29 0 1 0 0 0 27 0 40 25 21 38 90 26 0 7 19 51 21 40 0 0 0 71 0 42 0 56 0 8 35 0 65 0 0 33 10 87 0 0 54 0 64 10 0 7 0 26 0 0 0 53 0 0 0 40 0 41 0 18 43 0 0 0 85 87 14 0 21 0 0 0 61 3 35 74 0 0 0 0 0 0 0 0
 0 0 14 57 74 2 38 0 0 56 80 0 0 0 0 31 10 0 12 0 72 0 0 43 0 0 0 0 0 48 0 77 0 34 72 65 0 0 1 40 32 62 4 34 0 9 0 93 2 3 0 0 0 0 28 0 81 0 0 0 0 0 67 0 85 0 31 35 0 0 17 2 44 0 0 0 0 69 30 1 0 0 56 0 7 97 0 27 0 21 0 0 0 22 35 40 24 62 8 0 0 4 0 45 100 0 55 59 6 0 41 0 37 0 1 0 27 0 0 73 0 0 40 0 28 48 0 0 0 0 0 0 26 20 2 19 0 87 27 6 61 0 15 0 0 0 37 0 36 0
 0 0 0 55 74 54 0 77 0 0 67 1 10 47 42 28 33 0 32 0 10 0 0 9 19 0 19 5 24 33 0 0 42 39 32 0 90 69 0 21 30 0 0 31 66 0 0 0 5 0 0 45 0 0 6 6 60 28 0 0 0 7 5 0 0 7 17 60 1 0 16 0 0 95 0 86 0 36 0 5 0 13 0 0 85 0 79 52 27 39 0 0 12 0 37 79 74 2 0 0 33 86 0 24 6 60 66 0 38 0 0 14 0 11 28 0 75 0 0 28 30 30 14 0 0 0 44 0 37 55 0 3 7 0 0 0 0 90 0 9 0 0 1 0 59 0 0 31 27 8
 0 0 71 8 52 0 60 63 49 0 0 40 39 0 40 42 13 0 0 36 6 8 10 0 0 0 28 35 0 34 13 31 0 0 74 0 1 7 86 0 1 56 86 33 0 20 0 48 51 20 0 0 0 18 0 34 34 0 43 29 0 26 11 0 0 0 47 0 0 0 13 6 0 30 45 51 12 41 0 0 56 69 9 44 30 34 32 0 0 0 0 31 13 55 13 0 0 0 0 2 20 80 0 0 0 0 87 12 0 0 0 40 35 0 5 7 0 26 82 57 0 13 15 0 0 0 0 8 21 26 54 0 21 11 0 3 20 20 42 70 26 28 15 0 0 0 0 37 32 13
 0 38 0 37 0 99 0 0 36 8 47 0 0 44 0 21 86 0 18 26 0 86 0 64 0 0 0 0 25 26 65 27 70 9 37 15 69 1 3 28 0 14 57 0 30 3 0 0 0 45 60 48 40 3 75 0 0 0 10 76 0 0 0 0 28 74 2 4 0 0 0 0 41 71 0 0 0 33 0 22 0 0 0 0 5 0 0 0 0 0 19 31 37 0 19 0 38 40 39 0 0 0 13 82 0 14 0 57 2 0 23 49 0 24 0 0 0 0 9 0 0 0 0 5 51 75 14 2 0 2 0 0 8 0 0 0 0 92 14 0 0 42 2 0 2 0 0 39 10 89
 36 52 18 24 0 0 36 47 0 41 7 0 0 0 3 0 23 0 56 0 73 0 55 87 0 35 0 33 7 0 54 38 0 0 0 0 2 0 0 0 0 0 30 0 0 19 26 0 0 0 0 0 18 0 0 0 35 8 53 0 1 72 0 28 0 0 0 51 18 51 42 30 2 4 0 52 63 11 28 43 21 20 0 11 0 0 0 50 8 0 0 87 0 25 44 42 0 0 4 19 0 49 0 0 0 0 18 0 72 68 0 20 0 9 0 39 0 0 0 30 5 0 75 0 0 31 79 4 0 1 0 0 0 0 0 0 10 28 0 27 0 3 0 44 0 4 29 0 66 0
 0 11 0 0 27 11 0 25 65 63 45 10 0 27 0 0 47 0 0 5 9 45 0 60 13 7 0 0 0 0 58 26 16 0 0 0 0 0 2 27 0 0 72 0 0 25 0 0 0 23 11 2 0 14 4 0 0 0 0 0 51 0 19 0 0 0 0 0 0 0 24 0 0 3 0 43 67 0 0 0 92 16 23 0 10 0 9 0 0 0 0 0 10 0 0 0 31 11 77 2 13 33 0 0 13 6 8 27 0 41 0 69 2 41 0 0 30 23 31 0 0 64 0 0 0 0 29 0 40 0 0 31 0 18 13 0 31 27 49 0 0 28 2 0 0 0 43 47 0 0
 0 55 37 0 0 31 20 0 0 0 56 0 0 0 0 0 0 32 74 0 0 0 0 6 34 61 0 82 15 9 10 30 0 14 70 34 39 0 0 47 0 0 0 0 1 0 4 39 0 0 0 0 0 84 43 0 0 6 0 0 0 58 14 0 0 0 0 0 0 0 0 52 54 41 0 0 0 0 29 53 36 0 67 0 0 0 39 0 0 42 0 25 2 26 0 0 14 35 0 23 0 0 42 42 0 56 87 0 5 61 31 28 0 10 0 20 69 0 0 26 0 0 0 15 0 18 2 0 3 0 0 55 0 86 0 0 0 0 45 15 0 33 0 0 0 0 12 4 0 4
 0 0 0 0 0 1 2 1 0 17 0 53 0 2 18 0 0 0 0 34 55 36 0 76 0 68 15 0 0 31 32 0 11 0 0 0 0 44 84 5 0 0 0 44 0 14 0 8 0 8 64 33 9 13 0 45 0 0 0 21 36 0 10 0 0 72 0 28 45 0 27 0 27 0 61 0 0 0 0 0 0 0 0 0 0 71 46 0 0 0 0 40 35 53 47 0 24 0 8 0 0 0 24 0 49 0 0 0 0 0 0 75 0 0 26 6 0 15 0 27 0 0 3 32 0 33 0 5 14 0 0 22 9 0 0 44 96 0 0 28 9 30 3 66 0 2 0 0 6 0
 50 52 0 19 17 0 0 59 3 36 0 0 63 6 83 11 4 0 0 0 0 34 33 0 0 5 0 24 0 41 0 0 8 0 7 6 0 0 11 0 0 0 0 0 7 42 40 19 76 0 52 0 75 33 74 43 0 10 0 0 8 0 68 0 11 13 0 0 34 36 45 32 91 76 19 44 71 0 1 21 78 49 9 5 6 0 3 0 27 9 0 0 0 0 0 58 7 0 19 39 0 32 36 19 0 35 0 15 32 0 27 9 89 22 0 0 0 26 0 43 66 0 0 0 54 0 0 48 13 6 66 0 0 0 20 0 0 52 64 13 1 33 0 0 18 38 0 44 12 63
 26 24 0 0 72 40 0 0 0 0 0 60 21 0 0 0 4 0 42 0 91 1 72 3 38 73 0 0 8 71 4 7 22 53 0 42 0 0 0 0 7 0 11 0 18 80 0 0 50 86 20 0 0 30 0 0 56 0 0 3 0 0 0 37 7 17 0 24 0 7 28 37 38 0 81 0 9 0 31 0 68 7 0 0 0 0 0 0 0 51 44 0 27 0 34 23 0 39 0 0 30 16 0 0 21 0 31 0 0 0 0 54 0 51 3 0 67 49 0 0 0 3 5 0 19 0 0 0 0 0 0 0 73 0 2 1 59 4 20 0 0 0 12 39 0 16 0 8 20 41
 0 0 0 0 0 22 66 14 0 79 0 0 5 19 0 0 0 0 0 92 0 49 0 0 0 18 44 38 9 24 0 0 0 24 2 0 14 0 0 90 0 30 0 91 0 59 0 0 26 0 0 13 0 66 0 0 0 0 0 29 0 0 0 16 37 0 6 79 0 0 0 0 0 0 24 49 0 62 0 0 0 43 30 0 0 0 0 0 0 52 8 0 35 0 17 47 2 31 0 25 0 10 18 25 0 0 0 6 23 58 1 0 50 0 28 0 18 0 0 0 0 0 10 33 71 0 53 0 30 0 17 8 0 63 16 50 0 0 19 33 3 7 0 38 0 58 0 0 0 0
 33 0 0 0 0 0 0 0 8 0 22 0 0 9 24 2 0 56 0 7 27 66 10 0 0 70 0 60 0 75 0 1 32 0 41 27 0 43 0 0 13 0 0 0 0 74 18 27 0 0 0 0 0 60 0 38 0 49 53 40 67 0 25 10 19 0 34 0 11 62 9 0 0 84 32 5 0 21 0 39 0 9 0 0 0 0 0 0 35 0 0 37 45 0 60 54 5 0 27 52 0 40 0 21 32 11 0 13 0 37 0 0 18 11 49 56 23 0 0 59 47 0 20 0 3 0 0 66 15 0 69 0 0 0 58 42 20 1 28 0 50 0 0 0 0 23 0 59 28 0
 0 6 12 88 76 0 1 0 0 0 20 0 64 11 46 21 68 8 34 0 45 0 41 0 76 0 0 61 0 0 97 0 23 10 8 16 0 0 0 0 61 0 0 1 87 0 6 0 0 0 0 0 0 12 0 27 0 28 25 1 0 22 14 0 0 0 0 10 18 30 7 55 0 0 27 21 45 0 50 4 1 0 0 58 0 43 0 41 41 0 45 0 0 0 64 55 0 0 0 0 0 0 2 58 0 0 33 63 25 0 0 46 41 0 0 0 85 0 0 40 21 0 0 0 0 25 0 58 61 0 31 41 16 90 11 10 0 0 84 10 64 6 0 20 0 0 0 31 0 0
 0 0 14 85 20 91 4 16 82 56 27 0 0 0 0 28 45 0 84 0 60 0 41 0 65 0 29 0 0 0 14 0 0 0 8 77 0 0 81 0 44 0 0 40 0 66 26 0 0 0 0 0 69 25 0 0 28 21 41 49 0 37 0 0 0 17 76 0 53 7 0 0 0 0 0 4 0 84 0 0 45 21 55 71 54 0 0 35 0 0 0 62 90 0 14 0 8 26 0 54 15 49 0 0 14 46 0 44 3 0 17 0 0 0 69 48 13 64 50 0 19 70 0 0 38 53 0 0 25 0 44 0 45 0 49 45 17 4 0 0 0 0 0 0 8 18 0 18 0 0
 0 0 79 0 0 0 45 25 48 34 0 33 75 23 0 28 0 0 7 14 18 4 0 0 0 39 0 0 20 24 0 38 6 9 0 45 5 0 0 24 27 0 40 0 65 42 0 0 0 0 0 36 0 0 25 39 0 9 16 0 0 0 0 18 18 0 0 0 0 0 24 0 0 0 0 36 0 4 59 9 29 30 0 14 13 0 0 10 51 23 15 35 0 0 0 0 21 0 79 16 0 0 0 44 40 48 0 0 63 0 27 7 84 38 14 33 1 0 64 90 49 17 47 0 0 0 43 0 0 0 47 99 44 0 0 0 7 0 33 0 41 13 0 7 15 0 0 13 13 0
 0 5 0 0 0 73 0 24 36 13 33 6 18 7 0 59 47 0 0 0 0 78 23 11 4 2 56 0 1 0 76 0 0 35 0 0 16 0 0 49 0 0 0 31 0 0 76 0 0 66 49 0 38 0 21 10 44 0 10 68 34 2 0 0 0 0 11 0 0 0 0 1 41 30 7 73 0 51 0 9 0 10 0 0 75 14 0 41 23 58 17 59 0 7 66 0 76 13 0 0 29 0 54 30 0 0 0 21 0 7 0 0 0 27 12 0 0 5 0 22 2 28 0 0 40 27 0 50 86 28 0 77 38 30 0 27 0 89 0 0 0 31 0 0 52 9 0 43 83 8
 0 0 0 16 0 6 16 7 0 0 0 0 0 77 56 0 0 51 0 53 0 0 87 9 0 0 0 0 0 21 0 39 0 26 24 54 96 0 0 37 25 2 40 0 43 18 0 0 0 0 5 2 2 0 1 0 54 44 0 0 0 14 6 24 14 2 0 0 0 38 0 0 0 0 14 0 0 0 6 0 0 5 49 0 0 4 0 30 24 14 0 0 0 21 18 0 21 59 4 0 20 0 32 28 37 0 58 9 0 86 15 56 0 32 23 0 0 0 0 0 94 73 70 71 20 0 0 44 65 0 6 28 87 16 0 7 36 30 0 0 0 0 31 0 0 0 56 0 7 0
 18 0 17 62 0 0 21 0 76 40 10 51 0 31 0 36 0 8 35 45 7 0 0 0 45 8 0 0 0 71 0 0 0 32 37 0 0 0 39 45 0 0 0 0 7 0 64 14 28 46 14 0 0 12 31 6 19 70 0 0 0 0 0 0 0 51 8 5 0 0 49 35 43 0 0 5 33 0 36 48 0 0 0 35 20 82 0 5 74 0 0 28 0 5 0 0 13 10 0 0 27 0 0 0 74 0 0 3 15 0 18 3 35 0 30 21 31 0 0 0 0 80 64 0 0 37 0 32 0 22 48 2 0 15 0 70 13 13 0 0 27 0 0 15 30 5 10 6 15 0
 0 2 0 29 0 27 0 16 0 19 5 0 0 0 0 17 41 27 70 0 16 0 0 3 0 4 0 39 0 0 0 30 0 0 0 11 61 9 35 16 0 0 0 48 0 31 0 37 0 0 0 41 0 0 31 0 25 0 0 0 0 0 9 0 22 0 85 0 48 7 0 62 0 0 0 59 40 0 0 13 0 0 0 16 0 92 49 9 0 38 7 8 47 0 0 43 21 0 0 0 16 19 0 66 0 0 0 11 0 20 32 0 40 0 0 0 5 22 0 59 0 0 48 0 22 28 0 0 0 6 0 0 42 0 0 0 12 13 0 0 6 0 0 32 0 3 0 52 0 33
 0 0 42 0 5 22 0 18 44 44 67 0 0 19 1 5 7 0 0 24 65 81 0 0 0 0 93 0 63 0 0 0 0 0 35 10 60 41 0 4 0 56 0 32 0 0 51 0 0 25 0 7 0 5 0 0 32 0 0 0 72 73 58 0 0 32 0 82 66 76 63 0 63 0 0 1 10 32 45 0 21 0 43 38 24 69 0 25 0 13 0 0 48 14 0 0 23 37 49 0 18 30 4 0 36 62 26 0 23 27 0 0 1 10 0 5 22 2 10 16 0 5 26 0 0 35 0 0 46 0 0 0 0 0 66 0 0 0 82 49 0 60 0 0 72 49 0 0 52 9
 0 0 0 0 7 39 0 0 0 0 26 60 24 0 70 0 41 4 0 0 0 0 0 45 55 0 20 64 90 0 57 11 2 0 0 32 0 0 65 49 0 0 0 0 28 4 61 0 23 11 64 38 23 0 0 0 0 0 58 2 0 0 0 0 0 10 36 67 15 0 0 0 0 59 0 0 2 9 53 71 0 0 0 1 62 20 80 23 0 16 30 0 9 10 54 83 0 51 52 51 0 53 0 45 0 21 45 0 0 36 17 29 0 0 0 0 30 0 33 0 0 48 0 16 46 0 39 38 2 0 51 0 42 0 0 0 0 0 0 0 0 40 61 56 0 19 62 11 0 0
 61 39 14 37 0 0 35 0 7 34 1 0 0 9 53 17 0 0 39 12 57 4 0 36 0 81 70 48 62 0 0 96 0 27 0 9 0 83 0 91 0 29 0 0 0 0 23 0 0 71 0 5 0 18 0 0 0 0 0 18 89 7 36 6 0 15 90 66 0 10 0 0 0 0 33 20 0 2 29 56 0 0 2 49 0 14 0 20 0 0 0 21 38 0 0 0 15 0 15 0 0 2 10 0 0 66 33 0 0 26 0 0 30 35 3 56 0 0 46 0 58 0 0 0 79 32 0 50 51 0 67 14 0 0 1 0 0 0 0 6 0 0 72 0 0 0 96 73 0 66
 0 9 48 0 42 5 56 72 0 0 16 0 31 0 100 73 37 0 32 0 0 0 0 0 0 0 0 20 0 22 3 0 7 0 4 21 48 0 0 0 3 0 0 0 21 0 49 0 0 35 39 86 0 73 0 31 0 57 95 0 37 37 11 0 7 31 1 0 0 9 66 0 61 0 0 43 0 0 0 0 0 13 83 0 82 0 0 0 73 66 0 10 0 42 60 24 23 12 9 0 0 98 2 0 47 0 60 0 0 0 0 0 33 41 0 8 25 0 0 55 56 39 2 38 0 30 69 5 0 0 93 21 17 0 66 61 0 0 0 0 6 28 54 2 7 55 0 43 0 68
 1 0 45 48 22 13 31 0 0 0 35 0 0 0 35 61 0 55 0 0 5 0 0 0 31 0 0 0 3 0 5 0 0 0 0 23 0 0 17 39 0 0 0 49 16 54 0 33 43 60 66 0 1 91 43 0 6 0 0 13 14 0 0 7 0 40 0 16 0 0 0 76 0 0 29 53 0 55 60 0 0 0 79 0 9 20 98 11 0 0 0 0 0 69 0 7 0 0 52 45 30 0 0 36 23 56 0 0 0 12 83 0 0 30 35 0 0 36 9 0 0 0 62 70 0 0 0 38 21 38 0 0 27 0 3 30 0 70 76 0 0 0 0 27 0 0 47 0 59 0
 0 57 0 19 0 8 0 0 0 0 53 55 54 0 0 0 0 0 0 8 50 0 33 0 0 18 0 78 18 0 0 0 1 0 49 21 0 24 0 85 5 23 0 45 37 22 43 0 0 35 0 36 43 0 4 0 44 0 0 20 54 21 57 0 0 35 0 34 21 16 6 10 0 0 0 0 0 0 0 56 0 26 66 0 0 0 41 0 0 0 4 15 12 10 0 0 37 69 0 15 0 15 17 34 54 0 0 75 70 0 0 0 0 4 0 0 0 0 31 0 0 54 23 0 0 0 69 0 2 0 17 63 0 0 5 0 2 22 32 0 54 0 0 0 0 39 32 67 14 38
 30 0 0 0 0 5 0 0 21 1 0 11 33 0 0 49 0 63 0 27 29 26 33 0 57 8 0 36 0 75 0 0 77 58 11 22 34 0 7 0 8 2 52 0 5 0 0 0 18 92 4 40 0 0 0 0 10 15 79 1 0 9 9 45 26 54 41 0 58 23 40 0 33 0 77 28 76 0 0 0 0 20 0 0 42 8 36 0 14 12 60 0 0 31 0 0 0 0 64 0 17 15 37 42 52 0 0 0 0 97 23 81 0 40 57 11 5 50 54 0 49 0 0 32 31 58 2 0 35 55 38 0 28 42 37 77 0 2 0 0 4 75 0 55 0 55 11 0 0 1
 50 0 52 0 3 71 10 62 32 57 0 0 54 1 0 9 0 4 74 9 0 81 0 0 31 0 11 0 69 0 0 72 7 18 23 30 0 52 0 0 28 0 0 0 0 94 24 19 90 0 13 0 61 44 0 0 0 0 49 0 27 24 25 0 0 50 18 2 0 20 42 0 38 56 0 0 0 0 82 10 0 60 1 0 0 59 0 0 0 17 0 26 0 71 29 1 0 30 38 20 0 15 0 0 10 28 0 74 28 6 58 8 0 1 0 0 0 0 0 12 0 0 14 10 0 0 0 47 0 0 17 0 35 5 0 0 54 14 32 0 0 50 39 0 0 0 14 2 0 26
 8 34 71 0 9 51 0 0 0 31 35 0 9 0 0 32 0 56 0 18 60 0 76 0 43 58 7 0 87 0 36 0 40 42 0 24 26 8 41 0 0 0 91 11 2 0 0 0 68 0 0 0 3 17 88 0 0 21 0 0 28 0 0 0 19 0 35 0 56 0 0 0 0 49 50 5 0 24 3 68 0 0 0 0 61 82 47 68 54 0 0 46 40 74 49 55 0 0 0 0 0 49 0 0 4 0 39 61 5 0 0 0 20 59 0 58 0 32 0 0 0 0 10 32 20 0 0 60 0 54 2 94 71 0 51 15 0 0 0 47 0 1 26 6 0 9 45 69 0 0
 0 56 0 0 24 60 0 0 15 4 7 78 0 0 36 0 74 0 36 0 0 30 0 0 1 0 31 39 35 52 0 0 39 37 0 81 0 6 0 20 0 0 31 41 7 0 0 0 0 27 52 21 46 92 0 46 0 15 78 0 0 37 0 3 14 0 13 39 8 38 37 5 12 35 31 0 88 0 42 0 24 0 2 23 7 0 0 49 41 0 13 0 0 9 13 74 0 0 0 3 8 4 0 0 0 0 0 0 24 2 79 0 2 0 51 39 0 0 0 0 0 16 0 45 0 25 0 0 76 0 0 0 12 41 3 0 0 0 27 81 38 51 41 58 0 56 15 0 64 0
 0 0 10 0 9 0 0 0 0 0 13 0 0 18 36 0 48 4 0 0 37 0 0 0 52 31 9 0 0 0 0 1 0 6 2 62 21 0 0 0 12 0 13 8 0 0 0 0 0 0 0 34 56 49 51 0 0 6 27 63 0 2 0 65 36 53 19 8 0 19 0 36 0 0 0 0 0 17 70 0 0 12 1 0 14 31 53 3 9 0 92 37 28 0 63 0 26 0 0 0 0 48 79 17 0 32 0 65 74 0 0 55 23 10 0 54 0 31 19 0 0 0 14 75 44 31 70 33 14 0 0 37 0 53 43 55 32 0 74 11 0 70 3 27 12 0 44 0 93 0
 0 16 0 0 17 0 74 0 0 45 0 0 28 2 0 0 0 0 22 74 35 0 0 5 0 0 4 0 0 24 0 0 0 0 50 46 0 40 34 0 0 0 0 18 18 0 0 37 0 11 0 0 21 8 0 14 28 0 9 5 0 47 59 0 0 22 0 0 33 47 79 0 0 0 7 37 9 13 0 6 51 0 0 0 0 0 0 0 0 0 51 0 0 24 0 30 0 0 74 0 0 0 6 0 0 55 50 9 11 0 18 2 0 0 0 0 0 0 72 73 6 5 0 0 51 0 0 0 0 0 35 0 0 0 52 38 0 0 0 38 12 0 0 18 0 16 29 50 0 56
 60 0 11 0 0 69 0 39 43 23 47 57 5 0 0 13 0 0 0 46 31 0 0 0 35 11 0 0 0 0 16 89 86 32 66 0 0 0 0 11 0 68 52 0 0 0 0 0 0 74 0 29 13 0 27 1 22 0 45 20 43 0 48 31 23 84 57 31 1 0 0 48 0 82 0 69 1 0 0 0 0 20 64 47 0 2 0 10 30 0 0 0 24 0 0 18 67 88 0 0 19 0 0 27 0 59 0 9 13 60 5 0 18 0 0 0 0 0 15 0 0 0 35 54 81 3 0 0 8 0 1 0 35 0 0 32 0 0 74 21 0 0 24 0 0 15 0 0 0 0
 48 36 0 0 0 62 0 61 0 50 0 49 0 0 67 16 0 35 0 3 0 0 50 0 0 0 0 38 22 0 0 0 0 50 28 0 11 0 70 12 36 27 0 19 37 31 14 0 36 15 0 17 23 0 18 32 0 2 0 38 88 0 43 0 0 0 0 0 74 0 0 0 3 0 10 0 0 0 42 34 0 27 34 0 43 0 2 0 0 0 0 0 58 0 0 68 0 0 0 49 0 40 73 58 28 45 0 26 0 0 51 0 22 0 78 0 51 0 0 47 0 0 0 72 28 43 20 45 0 11 0 43 13 0 9 76 11 0 8 0 22 15 0 4 0 0 0 33 0 0
 63 0 0 4 19 0 0 60 24 29 0 61 45 27 78 70 15 0 22 0 24 0 1 17 44 6 19 31 0 41 0 34 0 0 0 0 0 28 34 20 0 0 0 3 0 0 31 69 0 14 58 0 0 0 68 44 0 88 0 3 17 0 0 0 0 2 27 0 25 0 25 35 27 25 0 0 0 0 54 14 45 0 80 0 5 0 0 0 16 0 0 0 48 0 0 0 34 6 0 6 17 13 57 70 0 0 0 0 0 0 19 42 0 0 85 0 31 0 63 0 0 0 0 10 39 6 6 0 0 0 0 59 95 15 11 5 22 51 54 0 14 0 22 0 48 0 0 48 8 88
 0 48 0 0 0 63 18 0 75 0 35 0 13 36 57 25 1 0 45 42 0 0 0 0 16 29 0 17 20 81 0 29 62 0 12 0 64 0 0 0 0 35 0 0 0 25 0 0 0 18 27 0 27 30 0 59 0 33 4 9 37 0 80 0 24 13 0 0 0 1 0 32 0 0 16 50 2 63 0 0 0 19 0 24 9 37 0 0 0 0 0 0 18 0 0 17 0 0 29 3 84 13 0 0 0 39 0 0 83 0 0 77 0 0 0 0 0 73 0 3 45 4 8 0 6 34 58 0 0 32 0 2 0 0 61 0 0 0 68 0 0 0 73 0 3 29 18 0 0 9
 0 5 0 0 0 0 0 56 6 0 14 0 25 21 0 9 14 0 11 0 0 0 0 0 42 0 0 38 8 77 32 43 35 6 0 0 0 0 1 0 0 0 0 0 0 0 0 0 0 0 0 12 39 0 0 40 0 5 0 53 50 69 0 0 74 24 0 4 0 0 0 0 0 38 17 0 90 0 55 58 0 0 27 0 0 61 0 24 90 0 0 35 26 14 0 1 35 0 0 0 0 50 0 0 0 0 0 1 0 45 0 0 0 61 0 49 0 38 12 30 64 1 23 0 68 0 70 13 46 59 12 0 0 0 0 0 16 26 47 33 0 0 70 63 73 0 1 19 0 0
 54 0 14 44 0 10 36 68 7 46 0 45 4 19 2 28 0 0 0 0 0 25 0 19 9 0 15 0 8 0 14 0 18 0 14 0 0 0 80 37 54 60 0 0 0 18 22 10 0 0 17 1 0 97 5 0 46 19 3 0 0 8 0 61 0 32 25 0 57 0 35 0 20 0 12 29 0 59 0 0 48 0 0 22 6 0 0 0 6 13 0 57 8 0 12 0 0 0 0 0 0 85 46 0 0 26 0 16 53 18 46 0 0 11 0 0 0 37 0 76 36 0 0 9 56 1 0 13 0 0 33 13 0 15 0 46 0 0 7 27 74 0 0 0 0 0 0 0 68 0
 31 76 0 0 0 0 0 60 0 0 1 52 0 31 0 54 33 48 58 0 0 0 12 0 8 3 20 0 0 5 0 0 37 0 93 0 24 0 62 0 0 28 0 0 56 0 22 0 0 0 30 0 27 26 0 0 16 40 74 52 7 66 25 18 3 57 4 39 0 3 3 0 0 0 91 16 0 63 13 0 40 41 3 0 0 82 22 66 52 0 24 0 0 60 30 60 62 0 0 0 50 0 15 0 82 13 0 0 0 0 0 0 0 73 0 21 0 25 0 0 8 31 65 0 0 48 0 62 2 0 0 0 0 0 13 52 0 70 17 40 67 1 27 0 35 37 31 0 0 7
 38 0 0 0 0 75 36 53 0 0 21 0 0 0 0 0 0 0 0 0 60 60 12 0 0 0 40 0 67 0 0 0 0 0 66 0 0 0 0 21 75 0 0 0 42 0 31 2 45 0 7 39 81 33 12 0 27 0 0 42 0 0 0 0 28 60 0 0 11 0 12 0 0 9 8 23 39 45 36 0 54 0 31 22 15 0 49 58 4 0 0 0 59 0 0 0 45 85 0 0 0 0 8 7 0 0 0 0 74 0 38 0 2 0 21 8 20 13 38 28 0 20 43 16 0 0 0 38 28 40 0 0 0 0 29 0 37 0 0 0 59 0 65 0 28 0 46 1 3 18
 0 0 23 0 16 79 0 0 0 14 0 0 0 13 82 63 76 20 49 0 86 0 0 0 4 6 27 0 0 78 0 0 6 51 44 6 3 0 0 42 0 0 0 0 0 0 0 0 0 0 85 4 0 0 33 39 33 0 17 25 0 22 18 0 56 11 13 22 30 3 28 0 0 0 0 0 26 0 8 3 0 0 28 16 6 70 92 0 0 10 0 0 48 49 33 71 39 35 0 29 0 14 0 14 35 5 11 10 0 54 21 0 37 0 0 15 0 18 0 4 25 0 0 0 0 19 0 0 97 0 35 0 0 0 0 18 0 75 64 0 15 32 0 96 0 33 52 54 0 0
 0 31 0 0 0 0 0 0 15 0 0 0 0 0 62 70 23 72 76 0 0 10 31 0 0 0 40 4 9 24 0 15 0 60 43 23 0 23 0 0 42 41 62 0 0 0 0 54 52 14 46 0 41 0 0 6 0 42 0 0 54 1 34 65 25 49 0 0 33 7 0 13 0 17 14 0 0 0 0 0 17 64 0 16 4 0 0 0 0 0 11 0 0 34 8 38 92 0 0 5 37 0 0 83 86 0 83 0 5 58 28 10 0 43 14 34 22 0 0 0 1 0 40 0 9 47 0 66 44 5 90 98 9 0 61 37 28 0 0 0 33 0 0 43 22 0 4 2 77 21
 0 13 9 0 77 28 0 28 6 0 80 31 10 0 0 0 14 39 0 14 0 0 9 31 91 37 0 89 0 22 56 0 0 31 29 51 0 0 0 18 0 0 54 0 9 0 38 0 40 12 0 0 0 0 12 17 0 25 38 0 32 15 61 0 17 0 91 29 40 0 32 68 28 4 0 0 0 12 0 0 1 0 14 0 38 4 0 0 0 66 0 44 0 45 0 26 0 0 19 41 0 0 47 43 18 60 82 39 0 26 25 0 0 0 0 0 66 0 69 0 69 0 0 0 0 2 0 1 0 0 44 0 0 20 0 0 8 31 0 21 5 0 71 0 19 51 0 92 82 0
 9 0 0 0 31 0 0 0 13 17 33 93 0 40 0 0 44 0 33 38 0 0 0 0 0 8 34 0 98 0 0 19 44 0 11 0 0 0 0 3 0 0 25 47 17 0 0 56 0 40 0 45 0 20 0 1 80 76 0 0 0 0 0 0 0 22 0 0 9 0 0 0 0 0 0 0 12 1 0 16 0 0 13 0 35 54 0 0 87 0 63 8 0 0 0 0 0 63 28 0 22 0 0 61 0 33 20 41 0 0 0 62 2 32 5 36 38 30 30 70 0 0 12 42 0 0 17 0 0 0 0 0 0 0 0 23 10 85 0 0 33 0 0 0 0 31 44 47 6 0
 18 0 0 0 15 0 15 0 0 0 0 18 0 0 55 0 0 72 13 4 0 0 26 82 0 0 0 2 31 3 0 73 0 36 41 12 0 0 1 0 31 0 19 24 0 32 31 0 19 24 58 40 0 72 0 0 0 81 0 24 0 7 0 20 0 0 31 0 0 41 0 61 0 11 16 32 2 58 46 0 0 41 0 25 50 7 4 33 72 52 5 0 23 0 0 54 0 32 0 0 0 17 16 37 39 0 0 0 6 0 0 51 0 0 36 0 0 0 0 0 31 0 0 61 0 0 0 7 0 82 0 0 1 16 0 86 0 0 31 0 33 63 0 0 0 0 0 25 31 1
 0 47 0 0 0 29 20 69 20 45 9 2 4 0 0 43 21 0 0 0 0 0 0 0 6 33 79 0 37 0 37 0 10 60 18 0 0 10 42 0 0 56 0 0 61 0 88 0 0 0 77 0 19 0 0 13 3 39 34 0 13 0 0 0 0 0 0 41 28 0 0 0 51 0 67 15 0 20 12 1 0 63 0 33 0 15 34 9 69 30 0 0 0 0 15 0 17 0 6 0 20 0 0 88 0 0 0 0 0 16 20 0 0 0 76 0 4 76 0 0 0 0 48 0 12 54 10 0 0 12 42 55 0 0 46 51 25 0 38 14 0 44 0 2 0 0 0 0 90 0
 0 0 14 54 10 0 44 14 0 80 0 0 14 0 14 11 0 0 0 24 0 0 61 61 40 0 22 20 0 0 0 9 0 0 82 0 0 26 0 0 34 0 0 20 0 0 0 59 0 0 69 9 0 58 0 0 11 0 28 55 50 0 12 41 0 0 0 45 0 21 0 0 0 38 9 77 11 29 0 43 16 0 0 0 25 0 0 18 88 0 0 10 81 0 17 11 0 36 39 36 0 67 32 49 14 0 0 0 50 9 0 78 0 0 43 3 28 29 30 0 37 20 0 0 19 0 0 17 0 0 0 18 21 24 0 3 32 0 0 30 81 0 0 27 0 17 29 0 26 24
