100
 29 0 44 0 0 20 0 81 0 28 0 0 0 56 20 51 0 34 38 0 36 0 96 13 0 2 0 15 0 48 35 13 61 19 29 15 37 0 53 0 49 9 0 0 65 11 0 0 0 48 0 15 22 0 0 14 0 0 38 34 0 0 78 0 1 63 25 0 49 54 72 0 8 0 75 7 44 0 0 8 0 48 0 0 0 25 21 0 0 0 0 0 5 10 0 0 19 54 0 61
 34 47 0 14 0 0 0 0 0 0 0 0 16 0 0 0 0 16 0 28 0 0 28 8 7 22 0 80 0 0 5 0 0 21 22 26 21 0 0 56 0 0 0 3 0 0 64 0 0 0 0 11 21 0 0 60 0 0 33 0 12 0 0 85 72 0 12 25 0 17 32 15 15 0 7 0 43 0 0 78 5 14 23 0 24 18 0 0 0 0 44 36 0 23 0 0 21 0 0 48
 0 78 38 15 0 0 13 0 21 29 0 39 0 0 97 16 0 0 0 16 0 0 0 62 0 7 0 79 0 12 0 0 39 0 72 0 0 0 0 41 0 76 0 27 0 0 36 0 15 58 21 0 0 0 0 0 0 36 38 0 29 0 0 39 53 0 0 23 0 10 0 0 0 13 16 48 39 41 10 0 60 0 0 39 0 0 0 28 34 6 39 0 10 2 53 0 39 43 0 0
 42 0 0 34 0 0 9 0 0 45 0 74 45 0 49 13 86 20 12 29 12 13 0 20 5 22 0 0 0 38 16 0 5 0 32 13 0 0 15 0 0 0 47 16 5 0 0 0 0 1 16 25 69 34 3 41 0 0 0 8 0 43 0 0 16 27 28 0 0 0 0 0 62 0 0 23 17 0 94 38 17 0 0 0 0 0 4 0 0 56 0 21 0 13 0 57 0 0 60 72
 5 27 26 43 32 0 0 0 12 29 0 1 20 10 0 0 0 0 0 0 0 0 3 0 0 87 47 0 42 7 0 30 0 0 19 0 0 0 54 24 0 47 21 12 0 0 0 15 0 48 0 0 31 0 0 0 13 0 98 71 28 10 27 58 30 0 28 24 0 44 12 0 0 9 0 26 44 54 12 44 0 0 0 15 57 0 0 0 4 41 0 0 62 14 0 8 0 0 53 0
 0 10 41 29 8 46 0 50 38 0 14 0 74 8 48 70 0 9 0 0 15 0 0 11 0 5 0 12 0 53 2 13 0 6 1 0 3 0 0 23 0 0 35 0 0 17 8 0 0 43 36 0 0 46 0 0 2 0 0 22 0 19 31 0 9 0 0 0 0 18 0 34 55 0 72 16 0 7 23 0 59 54 2 0 0 3 0 9 53 3 0 0 0 0 0 0 26 8 0 52
 4 57 0 0 53 38 55 0 36 0 20 25 24 0 7 0 0 0 0 0 20 0 0 0 56 0 0 47 25 9 0 0 19 0 0 0 4 28 0 0 0 53 0 70 68 0 35 6 0 0 0 0 0 0 59 64 0 0 61 59 50 0 0 0 42 0 45 27 0 28 0 30 0 17 16 0 0 12 4 0 0 45 48 22 16 0 16 0 0 0 29 0 0 58 15 36 0 77 5 95
 0 7 22 80 54 0 23 4 0 0 23 0 0 13 0 0 20 0 0 64 84 85 0 90 71 60 14 0 35 0 3 0 52 45 0 0 0 41 0 0 1 0 88 0 0 26 9 17 0 18 25 0 0 83 51 20 17 0 0 0 0 0 0 16 12 9 0 0 0 0 0 0 22 0 0 31 52 0 3 0 0 0 59 0 50 0 19 1 0 0 0 0 12 14 28 10 0 0 33 0
 5 42 0 61 0 0 0 84 95 0 0 15 0 72 0 42 37 53 0 71 46 1 40 38 9 0 0 38 96 76 37 17 74 0 20 0 7 0 0 0 23 0 0 5 16 0 0 5 54 0 10 0 0 9 4 0 0 58 0 0 37 0 11 27 0 0 0 0 0 3 0 0 0 0 54 0 23 42 62 0 0 0 0 31 0 0 0 48 0 0 46 9 0 0 56 17 0 0 0 68
 0 47 0 0 0 34 22 6 3 33 5 18 35 0 55 36 0 0 48 0 5 28 0 42 0 0 10 2 68 32 0 0 0 0 3 30 9 45 0 0 51 0 71 19 0 20 48 0 0 0 35 12 39 55 0 0 0 56 35 4 0 53 30 30 0 0 74 0 2 0 0 0 65 0 0 0 0 16 8 7 5 0 66 22 0 87 0 0 0 17 0 82 0 0 26 0 0 0 10 16
 14 30 89 20 72 0 0 0 19 0 73 7 0 0 0 1 23 63 38 15 0 0 0 0 0 44 21 0 0 0 37 43 0 73 10 13 4 0 0 14 17 0 4 56 54 0 0 9 2 17 8 28 0 0 4 53 0 0 0 73 0 0 29 0 0 36 0 6 38 0 1 28 0 57 64 0 0 0 0 49 0 24 54 0 0 38 16 59 0 0 0 15 0 66 23 0 33 0 0 0
 37 65 0 0 0 46 0 59 0 0 0 55 0 0 54 0 0 49 0 58 78 57 0 24 0 14 49 0 25 0 93 46 80 10 0 9 58 45 0 12 53 13 38 24 30 8 0 0 82 0 0 2 44 0 49 74 0 5 0 68 51 48 0 10 27 0 44 0 6 0 0 0 0 0 0 29 40 0 0 0 0 0 0 0 0 13 0 0 0 0 50 72 0 0 0 0 28 63 1 65
 0 0 59 0 0 0 0 76 50 0 5 16 39 13 0 17 0 31 0 42 35 0 0 0 0 0 30 0 0 0 86 0 33 0 0 74 0 0 17 0 0 21 0 0 0 46 58 65 0 0 11 0 10 0 62 0 71 0 0 0 93 14 0 17 0 0 0 0 0 35 55 0 41 0 69 0 24 47 25 9 18 0 0 0 54 3 0 0 0 76 46 0 54 0 0 0 0 17 0 0
 0 53 42 44 0 0 11 0 0 0 41 54 0 6 3 10 0 0 0 0 2 22 0 23 0 52 92 0 39 0 20 13 0 53 0 72 42 0 0 29 20 0 31 0 0 0 13 0 0 0 0 91 1 10 0 12 11 58 56 0 10 0 0 0 35 8 82 0 35 0 48 0 0 0 52 67 2 47 31 0 4 18 10 0 17 0 29 0 77 75 0 14 0 44 35 49 29 17 0 0
 0 30 0 0 14 0 0 20 29 0 9 0 59 0 22 0 0 0 0 0 54 0 1 0 40 0 5 0 0 74 0 0 69 55 0 0 0 0 0 2 0 35 0 0 94 0 22 0 48 0 4 3 35 0 0 0 4 0 44 8 0 15 51 0 47 59 40 0 3 0 4 18 0 0 0 10 61 0 26 0 0 8 76 29 0 23 23 0 0 21 0 30 0 67 20 36 0 23 0 12
 0 33 0 0 4 0 28 9 0 0 0 2 0 0 22 96 26 0 1 0 0 50 7 15 0 19 47 52 0 7 1 0 0 0 54 0 9 0 41 0 67 0 9 0 0 0 40 0 0 42 12 15 60 0 0 14 0 52 5 0 1 7 49 0 44 9 0 66 0 34 98 0 27 50 0 0 0 0 80 4 0 0 28 34 43 52 81 0 0 0 20 0 45 0 43 0 0 0 13 22
 12 36 24 0 68 39 69 0 0 33 0 16 40 18 7 0 5 28 2 0 0 41 13 1 54 0 37 0 19 18 0 3 0 19 0 0 26 35 16 6 38 0 0 0 80 60 24 0 0 7 0 0 0 55 12 0 6 21 0 31 0 17 90 0 0 0 0 0 0 7 23 0 0 0 0 57 0 0 41 43 0 24 0 54 34 46 0 0 25 39 13 48 0 0 0 0 27 12 0 45
 0 0 14 0 50 0 46 41 0 17 0 0 0 7 7 3 0 30 13 58 0 0 0 0 21 17 0 33 81 0 57 0 4 0 0 0 1 0 0 0 0 0 0 43 0 0 2 75 74 0 0 15 0 0 0 11 2 0 23 59 66 47 0 1 9 15 0 0 0 0 3 0 0 36 80 28 5 0 0 33 0 30 0 7 71 0 50 0 0 0 29 0 85 0 0 0 42 0 14 7
 0 43 19 0 42 55 73 13 81 0 0 57 0 1 77 0 0 0 95 35 0 23 15 66 16 0 19 25 56 9 25 10 0 0 0 6 19 0 0 29 34 36 0 13 0 4 80 0 0 0 0 19 23 29 33 33 0 10 0 67 50 0 25 1 13 0 0 28 43 33 21 0 17 0 66 16 0 0 30 0 36 6 0 1 4 37 0 0 0 0 35 0 53 81 0 23 0 38 0 0
 35 0 0 0 44 24 42 0 0 2 0 0 0 4 44 73 49 0 0 100 2 51 0 0 0 25 0 0 46 85 64 0 0 0 0 44 0 2 0 21 3 39 72 78 0 0 16 0 20 2 0 0 9 20 72 0 34 15 0 0 0 0 80 13 0 35 0 3 30 49 17 36 5 0 0 0 49 24 0 0 0 0 2 0 20 26 0 14 0 23 46 8 41 34 0 14 0 0 0 0
 0 59 33 0 54 0 0 0 0 0 7 0 0 0 0 31 31 20 24 0 94 0 32 1 0 0 0 6 46 4 53 4 0 9 69 0 11 0 34 20 19 7 0 0 0 20 34 0 0 4 36 0 21 49 61 0 0 0 0 73 63 0 76 0 0 43 0 45 49 67 0 0 0 79 0 0 33 7 0 20 0 72 0 0 0 0 74 0 0 0 45 0 0 11 0 0 72 32 0 0
 4 17 91 0 4 13 47 0 0 0 20 0 76 0 23 0 0 36 0 0 52 98 33 0 0 3 8 0 0 35 0 41 4 0 11 0 55 19 0 0 0 0 4 67 0 0 0 0 2 0 79 72 44 8 36 0 0 30 62 18 0 0 17 0 25 76 0 46 0 25 0 67 7 0 0 74 0 0 0 28 0 0 0 1 54 0 41 28 0 0 0 0 0 0 34 1 0 0 0 87
 0 0 35 12 0 3 25 48 0 15 36 43 88 36 0 0 0 48 0 80 0 0 7 77 0 24 0 0 0 0 8 0 0 40 41 0 0 0 3 0 59 0 63 74 0 27 36 0 10 0 35 0 0 40 31 0 0 0 0 0 12 0 0 0 0 33 46 0 56 0 0 0 68 34 0 15 0 28 19 9 0 0 0 0 0 66 19 0 0 58 0 71 0 0 0 16 0 41 63 0
 0 0 0 0 12 0 62 0 0 0 7 0 37 0 8 0 0 13 0 17 0 12 0 53 31 9 0 0 0 20 11 0 34 5 67 18 30 1 21 5 0 3 0 17 42 20 71 0 0 41 0 0 0 0 0 0 0 0 44 0 0 0 0 0 0 44 0 0 0 0 0 0 51 76 0 84 85 0 47 0 0 1 0 0 0 66 0 66 36 51 0 0 16 0 55 4 27 2 80 0
 15 0 16 0 25 60 0 0 0 38 43 48 90 15 0 35 0 0 0 50 1 58 27 0 1 0 85 0 0 91 31 33 29 0 30 38 0 14 3 2 20 18 0 0 0 0 40 5 84 12 0 0 0 0 0 58 0 0 0 17 11 0 49 4 0 38 75 0 28 26 0 0 0 16 49 0 2 18 32 0 76 0 4 58 0 0 0 0 0 46 0 0 10 47 0 30 0 0 0 26
 0 0 0 0 0 0 75 0 14 16 0 0 18 0 51 0 72 0 39 0 69 0 0 0 53 71 39 0 16 50 0 2 3 0 0 0 59 25 0 0 0 0 7 7 0 0 1 44 0 0 26 0 21 0 25 0 0 3 0 0 0 0 72 0 19 0 0 0 0 0 3 0 27 0 0 40 0 0 23 53 43 8 39 57 0 40 73 0 0 10 0 0 0 0 0 0 0 0 0 0
 38 39 37 21 0 2 47 0 65 0 0 0 0 0 0 0 0 38 0 47 52 0 6 21 0 0 90 45 0 18 0 24 35 35 20 0 4 0 7 0 0 0 53 12 75 19 0 13 0 0 0 16 12 0 32 0 0 52 27 35 0 47 0 0 36 27 3 55 0 14 28 26 0 0 0 1 0 0 0 0 0 0 28 37 64 28 82 18 6 34 6 19 13 0 66 0 12 0 0 33
 0 0 0 33 35 0 0 40 0 0 13 24 27 25 11 0 27 0 0 38 0 7 16 51 5 60 0 30 4 0 60 74 0 49 0 0 33 34 3 18 14 6 0 23 20 4 37 22 0 47 9 9 27 0 0 14 55 20 0 0 15 91 53 40 17 72 12 0 73 0 65 0 5 83 26 28 0 73 0 29 0 8 29 48 36 58 0 0 24 0 0 16 57 3 0 19 0 0 0 39
 5 22 53 67 0 26 0 0 0 0 14 0 11 0 36 85 0 0 0 0 0 6 33 23 1 0 6 0 76 0 0 0 31 0 0 44 0 0 34 0 33 39 0 0 8 19 0 0 0 0 0 17 4 34 3 0 0 4 0 22 38 0 0 0 22 0 94 0 3 17 2 9 0 0 22 36 0 23 0 0 0 31 53 0 49 57 0 22 0 0 87 43 47 13 5 0 1 60 60 0
 0 29 0 0 0 0 0 46 0 0 2 27 46 56 0 0 0 53 0 0 0 0 17 0 0 0 0 24 41 69 0 71 96 5 36 0 0 0 0 7 0 0 0 0 0 0 0 41 0 0 16 0 58 0 0 0 0 0 3 0 20 12 33 77 0 0 38 18 7 0 23 26 0 14 3 0 0 0 36 0 0 97 5 15 36 0 32 0 30 85 0 9 27 0 19 5 0 0 0 0
 0 0 7 0 55 0 32 0 0 80 0 0 0 0 63 0 10 0 0 0 0 79 0 0 0 55 70 0 32 23 18 79 0 0 14 1 0 63 59 15 0 7 62 38 0 0 0 6 42 3 12 0 25 4 0 0 14 21 66 38 46 0 49 0 0 0 19 0 30 4 0 0 90 0 0 16 21 81 28 0 25 0 0 0 0 0 0 0 51 30 12 0 21 0 18 35 23 0 69 0
 0 20 96 50 0 0 18 61 0 15 0 0 84 0 21 10 0 3 0 44 0 0 56 71 0 0 0 0 60 0 0 96 4 0 0 0 0 69 0 28 0 71 0 34 0 0 0 15 0 65 53 0 59 0 23 24 0 43 0 34 23 0 32 28 0 0 28 77 0 0 0 39 0 10 0 48 0 9 0 10 33 67 0 36 0 0 4 69 5 3 81 0 0 0 0 1 88 21 57 0
 0 47 0 0 69 10 0 0 0 88 61 0 0 15 0 95 40 0 16 41 13 0 4 0 0 0 0 37 0 0 44 0 13 47 0 0 0 63 8 0 81 48 14 0 62 0 0 10 0 0 0 40 0 0 0 14 0 0 0 32 0 37 0 0 34 0 0 0 8 0 0 3 43 65 24 10 16 0 0 21 27 0 0 0 0 0 0 8 0 0 46 0 49 0 1 3 26 0 0 37
 0 0 60 28 34 0 44 0 22 29 0 0 72 0 0 21 0 4 67 67 0 38 0 0 3 22 0 0 35 0 27 12 0 35 70 59 0 0 0 0 22 0 63 58 1 0 0 0 0 0 0 0 9 27 0 23 18 0 0 8 0 22 0 80 0 0 50 0 0 0 0 0 56 0 0 66 58 0 6 0 0 0 31 0 36 0 4 65 27 34 0 72 0 0 0 0 0 0 34 50
 0 0 0 0 0 0 74 85 0 0 0 60 64 7 48 0 8 25 64 2 0 0 0 0 0 89 0 59 42 0 0 37 16 0 21 0 0 0 0 26 0 0 53 78 0 45 0 13 18 0 21 0 0 17 0 37 53 0 0 17 0 0 34 68 47 8 0 12 0 59 11 4 48 29 0 0 23 0 17 0 14 9 0 0 0 0 21 14 99 0 0 37 3 13 0 26 0 50 0 0
 0 0 20 0 50 50 3 70 16 0 0 0 0 0 55 6 42 88 0 0 4 39 45 0 0 15 16 63 0 34 0 38 32 0 49 23 0 48 50 0 0 0 3 21 24 0 60 0 0 10 0 0 0 0 9 2 49 0 0 0 0 0 0 0 13 1 76 0 0 95 1 0 34 2 69 0 0 30 0 0 9 0 17 0 27 11 0 0 78 0 0 0 0 9 25 0 40 0 0 0
 0 0 92 41 45 0 0 32 0 0 0 0 0 0 10 0 0 0 0 25 0 0 2 0 18 0 0 0 53 11 5 37 20 5 58 17 54 0 0 6 0 0 56 89 3 22 0 0 0 0 0 0 36 15 40 0 0 0 0 32 0 7 0 5 0 12 55 0 42 0 65 33 0 46 0 59 15 11 26 0 0 23 29 60 0 0 4 0 59 0 0 0 0 13 0 0 47 14 0 0
 42 18 12 23 22 50 0 0 40 0 37 0 38 0 35 30 0 6 13 0 73 0 21 0 0 0 17 0 38 58 0 0 0 40 34 0 3 97 36 27 0 7 23 0 42 0 0 23 48 0 64 5 35 43 9 25 57 0 45 1 0 77 0 0 0 0 0 0 10 0 8 29 13 70 46 68 22 0 85 70 0 0 21 0 0 0 47 7 70 49 0 33 0 0 0 37 0 43 3 0
 0 50 11 0 0 67 65 65 18 12 6 44 0 33 68 0 0 10 2 19 0 2 0 0 0 61 0 0 0 36 0 1 0 50 86 0 9 0 15 0 0 0 8 0 0 24 0 47 0 0 7 13 11 61 30 0 17 0 0 25 40 0 0 0 0 17 16 25 4 53 0 2 34 0 0 39 17 0 0 32 0 0 4 0 6 0 25 10 55 51 58 62 5 72 24 41 0 0 9 91
 12 0 0 42 0 0 14 30 31 80 0 0 40 0 0 20 0 33 0 0 0 41 69 0 0 85 19 0 20 0 0 0 26 40 0 86 0 0 17 61 33 0 0 0 0 34 36 0 0 18 0 41 0 59 90 19 0 39 0 16 46 52 57 63 0 71 75 30 0 19 0 0 0 58 0 0 53 0 0 0 61 60 41 0 14 0 0 0 0 0 0 8 6 0 4 0 21 59 71 0
 0 46 97 57 17 30 4 0 0 0 0 0 7 0 37 0 0 27 0 0 0 24 0 57 0 0 6 0 0 5 6 21 0 0 31 38 1 73 53 0 52 0 0 0 16 39 91 0 20 0 67 0 71 50 71 14 45 57 0 0 12 0 14 55 0 61 0 0 0 21 0 0 21 0 58 51 0 0 70 0 64 27 4 0 0 0 46 0 24 0 49 0 0 0 0 20 35 49 45 47
 0 84 0 23 0 36 0 27 54 38 77 0 0 53 0 29 14 33 0 0 0 26 10 0 0 22 58 0 0 48 0 0 0 79 27 60 5 0 13 53 9 15 0 0 0 83 2 0 0 0 25 0 0 0 0 0 16 4 0 0 0 0 20 13 0 0 31 0 26 46 0 27 29 0 0 0 51 0 0 0 25 0 49 41 0 0 24 0 0 38 0 0 0 0 0 0 71 0 0 28
 33 27 14 0 0 0 39 0 23 0 0 0 11 0 58 0 29 31 11 0 19 0 0 71 32 0 0 85 36 6 0 28 0 0 0 0 0 0 0 18 57 3 54 48 0 0 31 0 0 45 0 26 32 0 17 1 23 13 14 0 4 0 0 64 20 7 0 0 53 0 0 0 45 16 3 20 47 0 51 0 3 0 0 22 15 0 5 0 91 64 0 0 93 0 6 45 0 45 0 1
 62 0 0 0 0 0 0 3 0 0 0 0 61 4 29 36 48 0 0 0 22 0 0 0 18 0 0 0 25 10 0 0 69 0 0 0 0 13 57 19 35 22 0 12 0 0 0 0 0 26 36 0 38 0 0 0 0 0 0 74 25 0 0 0 59 0 52 0 0 0 0 4 0 0 0 0 68 0 43 0 84 0 0 15 0 52 0 0 34 0 0 32 54 0 36 40 81 0 0 0
 0 34 36 0 32 10 0 71 0 6 0 0 81 46 0 55 0 55 27 62 34 71 27 0 11 24 0 0 0 31 3 73 0 0 92 0 0 0 24 11 0 18 62 1 54 0 0 0 27 23 20 35 0 0 43 0 0 0 9 0 0 44 0 18 71 8 0 0 28 0 0 52 5 0 0 30 0 13 80 1 38 0 39 0 0 0 76 0 0 0 14 32 14 28 38 39 0 0 43 0
 0 19 77 15 50 0 12 0 24 0 27 0 0 15 62 76 0 24 0 57 0 50 0 0 47 49 0 0 0 6 43 26 40 2 0 23 0 10 0 0 0 0 22 49 28 82 75 0 27 0 20 0 6 52 0 29 0 0 0 63 53 0 5 0 0 78 57 19 22 0 0 4 30 0 0 0 7 73 0 65 43 0 42 14 46 3 0 11 0 54 78 0 0 6 92 40 0 0 0 0
 61 0 0 6 22 0 0 0 56 0 38 18 0 0 0 0 0 0 0 0 0 27 0 0 0 0 49 0 35 2 26 74 70 46 22 0 17 10 20 0 0 0 0 2 12 0 60 0 0 34 7 0 22 50 47 0 0 0 2 0 19 0 0 42 0 0 0 0 0 0 16 0 5 0 63 0 44 60 73 71 0 0 0 41 3 0 71 0 0 10 0 0 0 19 16 0 65 23 0 0
 89 49 8 27 0 2 0 0 0 31 0 1 0 19 0 2 56 0 44 77 26 77 73 55 0 0 0 0 20 0 0 0 0 44 0 42 44 0 0 17 11 14 76 20 12 64 72 71 16 30 11 0 0 0 0 48 0 0 0 42 22 0 28 62 0 23 4 0 17 0 0 0 0 0 7 15 0 19 0 21 0 22 0 0 44 0 0 23 0 0 0 0 14 48 14 16 0 46 54 0
 52 64 0 13 56 73 38 3 0 41 0 0 20 39 0 11 64 0 23 0 82 0 0 13 0 1 43 3 54 37 0 69 38 38 0 18 7 0 31 9 0 35 17 43 0 0 69 0 96 27 0 56 5 12 0 0 56 0 44 51 0 0 0 0 86 23 25 29 48 45 22 0 39 73 0 0 25 27 0 0 0 73 0 30 66 0 0 64 57 0 47 0 4 79 21 21 48 32 77 0
 0 90 0 0 0 0 56 0 14 60 0 44 4 42 34 0 0 46 22 0 0 87 19 0 0 22 95 0 9 18 0 0 43 2 38 0 17 30 12 0 61 23 0 0 0 76 0 0 0 97 0 0 42 11 55 2 6 0 48 23 0 11 0 0 7 5 66 12 27 0 0 0 4 3 0 0 0 0 14 9 12 0 2 0 68 71 29 0 0 3 0 0 4 0 0 0 35 16 0 0
 45 58 0 0 45 0 78 0 0 0 0 30 0 98 0 0 93 81 25 72 0 0 0 64 84 0 13 0 5 0 0 0 61 4 0 3 5 0 0 21 0 0 28 0 0 0 0 0 69 54 66 0 0 21 0 0 22 0 66 1 0 0 11 14 0 12 0 51 0 0 56 0 0 77 0 0 0 0 62 0 38 1 27 0 20 0 0 69 80 0 0 58 0 0 0 1 75 73 74 0
 0 0 1 0 15 61 43 2 59 0 0 0 35 0 0 0 7 0 0 44 75 0 73 63 48 29 0 0 0 42 64 69 0 58 67 10 49 0 0 0 29 3 0 73 0 42 39 0 0 8 64 98 10 26 9 10 27 11 55 0 0 0 50 0 0 0 0 0 48 0 32 19 18 25 0 0 0 29 0 0 0 4 0 0 0 29 0 74 10 0 0 0 0 0 0 48 0 0 47 0
 0 0 26 0 0 31 62 26 40 0 49 0 0 0 0 0 51 12 0 0 0 0 0 52 41 0 0 0 0 0 0 0 59 0 10 21 0 0 0 13 0 14 0 0 25 0 0 5 0 0 23 0 41 0 28 0 0 0 32 91 0 84 0 64 0 24 25 0 26 0 0 57 19 2 9 69 28 45 0 41 6 0 7 29 0 23 29 0 0 0 0 0 0 0 0 12 14 0 61 0
 72 0 33 0 71 0 34 0 0 0 63 0 24 0 30 57 0 2 0 0 0 0 0 86 4 35 31 6 0 75 0 82 10 0 0 34 0 0 0 0 0 27 11 22 7 0 0 19 0 0 0 0 6 42 0 47 0 65 26 29 47 20 33 32 25 23 34 0 0 0 0 3 0 0 0 0 15 0 0 0 25 5 50 0 0 9 12 46 7 0 77 40 40 11 64 64 16 2 0 0
 59 17 41 0 3 11 0 0 0 18 0 0 0 61 31 42 0 22 0 0 0 0 0 29 16 0 0 20 0 38 63 0 22 41 70 0 0 0 0 0 0 20 0 5 0 21 0 83 46 0 27 0 0 40 69 0 0 10 35 0 32 0 0 0 0 0 96 44 0 25 19 67 25 16 0 63 49 34 11 64 14 23 0 6 59 31 14 0 0 28 0 0 0 0 0 37 0 0 0 0
 0 0 2 0 54 45 0 0 17 40 0 0 1 0 10 0 41 0 0 35 45 38 33 23 0 21 50 0 68 5 1 0 0 0 0 0 37 0 92 0 0 7 0 34 18 0 26 0 2 0 0 0 18 0 89 49 0 36 0 0 33 0 6 56 43 34 1 0 0 0 26 64 0 77 6 0 0 65 0 54 42 0 53 7 0 36 0 74 0 0 0 0 0 0 0 62 0 5 0 0
 12 28 6 5 0 0 13 0 59 45 37 7 0 0 0 2 0 0 23 0 3 56 30 59 30 11 87 0 4 40 0 47 38 0 0 0 9 0 0 7 0 0 0 79 50 33 28 28 0 0 0 0 84 37 5 51 97 52 0 59 0 0 0 54 5 0 0 65 24 8 47 0 48 62 0 0 0 0 0 81 0 0 3 0 0 0 0 0 0 65 47 0 33 23 0 38 34 12 30 0
 17 1 0 13 10 47 25 20 0 0 33 0 28 0 30 0 0 15 0 0 62 0 72 57 8 0 0 0 0 47 0 0 34 28 46 39 10 3 95 0 0 0 0 0 19 10 43 67 64 11 55 0 45 0 0 0 0 51 0 9 0 75 0 0 36 0 1 7 84 0 0 0 0 19 19 0 0 40 50 13 0 66 1 0 8 39 13 81 3 5 0 2 57 0 0 17 30 0 0 0
 0 0 0 68 0 18 0 51 27 0 49 7 73 0 0 0 43 0 30 52 3 0 37 0 51 31 0 38 32 0 0 4 66 9 13 0 22 0 50 4 41 58 0 6 0 56 0 69 0 0 0 0 0 0 0 24 38 1 2 66 62 41 0 45 51 0 24 0 20 6 5 0 10 0 0 0 0 29 0 21 0 0 61 64 5 0 61 20 0 0 26 10 0 0 0 0 0 0 0 24
 0 11 10 0 0 0 0 1 31 0 0 0 7 25 0 54 0 0 0 23 0 0 66 71 0 23 0 13 0 86 0 0 0 0 0 19 0 0 0 0 34 59 38 0 60 0 23 0 0 0 0 46 0 0 21 45 0 0 0 63 25 97 0 0 0 15 0 43 28 56 59 0 0 33 13 3 0 76 0 0 64 4 69 2 0 86 38 0 0 21 0 21 0 47 35 0 45 45 0 0
 16 0 0 12 0 25 0 35 0 4 57 0 0 0 63 0 26 0 0 92 0 20 0 76 0 33 15 0 0 0 0 0 43 27 3 45 55 40 0 0 0 8 0 0 2 0 0 0 4 47 19 23 76 0 0 0 45 15 0 0 93 18 5 0 6 39 50 0 0 0 0 0 3 0 42 0 20 0 8 0 81 15 0 48 0 7 12 0 19 0 0 91 0 24 69 0 0 80 0 23
 9 2 49 0 0 0 64 15 11 0 1 0 0 49 0 0 0 0 2 41 53 52 21 24 30 20 0 0 18 0 12 22 0 0 96 51 0 0 15 0 9 2 40 30 0 17 48 55 59 0 20 16 0 0 28 44 37 0 0 0 0 31 8 15 0 66 0 0 0 37 0 69 0 8 1 0 4 0 43 0 0 35 27 0 0 0 0 0 44 34 0 11 0 30 0 28 76 0 0 0
 0 41 80 51 0 0 65 34 0 0 0 27 48 46 0 0 0 49 0 0 0 0 6 5 0 0 54 0 47 0 0 0 57 67 0 73 39 0 6 0 0 0 24 24 24 0 59 0 18 67 0 0 42 0 30 0 61 14 0 0 0 0 21 15 24 0 0 44 3 0 11 31 46 0 27 0 0 56 52 83 0 0 32 0 54 32 0 12 20 0 0 0 31 68 43 0 0 33 0 64
 49 0 0 63 0 22 15 0 0 0 17 0 0 70 50 19 82 0 0 0 14 26 71 28 0 8 21 0 88 0 9 0 63 0 0 79 0 67 37 0 0 0 0 30 0 88 0 0 29 8 0 54 0 0 39 0 0 24 0 47 4 0 0 87 56 0 17 5 0 62 38 0 0 0 63 0 0 0 0 3 13 27 9 11 0 6 62 0 0 0 59 0 37 13 0 71 0 0 0 20
 0 0 0 0 0 0 0 0 75 68 4 0 13 0 0 0 80 0 0 15 45 0 18 47 40 0 0 0 0 73 26 3 0 60 0 0 5 91 73 25 58 57 0 0 0 33 82 63 0 0 75 70 7 0 92 0 0 0 0 18 0 13 0 0 66 0 0 75 55 0 61 0 0 0 0 0 0 0 0 0 22 96 0 27 92 0 20 25 0 32 11 0 0 42 1 0 7 66 46 0
 0 56 1 0 35 5 0 0 2 4 0 32 61 0 0 0 43 0 56 0 0 0 0 0 0 45 0 0 18 51 56 54 23 20 0 0 0 20 0 0 0 0 0 14 0 0 2 0 0 0 0 19 0 0 37 0 36 45 40 0 0 0 32 25 38 44 0 79 40 29 1 0 54 0 33 26 0 36 0 0 0 0 0 64 0 64 0 10 64 0 0 0 46 0 90 45 0 0 36 0
 0 0 59 0 0 72 0 2 15 0 55 0 16 0 0 66 4 37 65 64 91 26 0 16 0 12 0 0 0 0 0 0 8 0 18 0 0 61 0 0 6 0 52 0 15 0 48 0 0 0 3 25 0 0 0 0 44 0 0 14 0 59 49 0 77 19 54 3 7 0 1 51 32 63 0 85 31 46 15 0 55 0 52 3 0 34 0 0 0 30 0 84 37 24 0 0 59 0 0 21
 51 0 0 27 0 15 0 39 3 14 0 30 46 0 32 0 14 8 0 0 0 0 51 45 61 12 0 23 20 0 47 0 47 5 0 59 23 42 0 0 14 50 66 33 39 0 50 63 0 0 0 77 11 20 0 40 0 0 13 0 21 74 0 0 0 0 0 52 47 0 0 27 50 0 17 0 0 0 0 17 0 0 0 0 58 0 0 55 0 0 0 0 36 20 17 0 23 15 60 33
 0 9 65 1 4 20 14 30 64 0 0 0 5 0 0 20 16 16 0 0 0 36 0 2 0 19 19 0 0 0 0 7 0 36 34 79 0 0 0 10 4 0 0 29 0 0 36 0 0 0 18 0 0 63 77 21 0 0 0 0 7 8 0 26 0 0 0 0 91 73 56 27 0 0 41 0 0 15 0 0 6 0 0 0 60 23 0 0 0 0 0 0 60 8 10 0 0 53 10 31
 0 0 0 33 0 0 0 43 0 79 3 66 0 1 0 0 0 31 0 0 0 0 8 22 0 24 0 74 0 78 0 10 33 67 0 0 8 82 0 0 0 0 47 28 32 35 24 64 0 75 35 21 16 14 0 8 0 67 0 0 65 0 16 0 29 0 9 37 0 95 65 0 0 1 49 0 0 0 47 14 34 0 8 0 0 37 0 27 0 0 73 0 0 0 0 0 0 0 0 10
 0 0 45 57 0 5 38 55 28 20 0 22 0 0 0 0 0 0 0 0 58 3 37 32 69 0 0 0 0 0 11 4 4 23 0 0 0 0 12 4 2 22 44 24 39 7 0 5 0 40 0 0 32 50 0 0 0 13 0 0 66 16 0 0 0 0 0 43 0 0 88 1 0 15 20 0 0 0 53 22 39 47 0 0 0 0 5 0 0 24 0 0 34 0 0 2 56 0 11 0
 2 0 18 70 13 0 0 30 30 29 0 59 90 38 0 26 37 77 10 0 43 0 44 70 42 0 0 43 0 0 14 0 0 42 0 90 0 0 0 5 85 0 29 0 0 0 48 11 37 27 51 0 0 0 0 0 1 8 86 57 58 0 0 33 56 82 0 0 0 80 0 3 0 0 0 29 0 0 0 0 76 25 36 0 46 0 0 29 0 13 40 0 0 21 45 55 0 25 44 0
 0 0 22 0 62 0 34 0 29 0 26 15 0 2 53 0 62 48 0 0 72 0 0 0 28 0 22 0 42 23 0 37 0 0 0 0 61 0 0 10 0 0 0 4 0 0 0 41 0 0 89 0 0 4 0 22 0 20 0 2 0 16 0 63 15 0 0 0 48 59 27 86 51 22 42 0 57 27 26 18 34 0 0 0 0 58 58 0 42 0 0 0 71 0 0 0 40 38 0 0
 3 0 0 38 0 56 0 10 75 94 0 35 21 9 76 0 45 0 12 36 0 95 0 0 0 21 19 0 37 0 2 0 0 50 0 0 0 0 93 0 75 50 0 71 59 30 29 77 0 0 0 0 0 88 0 0 0 0 27 0 77 0 16 0 55 32 0 88 53 0 0 32 0 20 0 31 0 0 0 32 0 0 0 0 47 25 56 38 37 15 0 0 0 9 0 0 0 19 0 0
 0 0 0 11 47 0 0 18 0 12 0 57 0 0 97 27 53 0 0 12 4 3 19 16 0 11 6 0 0 0 34 27 0 18 9 0 53 0 24 18 0 30 0 14 0 56 0 0 10 69 2 11 0 6 29 0 11 0 39 0 0 0 0 0 71 0 76 0 0 0 0 19 0 19 74 0 0 0 0 22 7 0 13 0 0 88 33 62 56 20 0 42 0 7 0 17 0 0 0 0
 0 11 0 0 0 0 97 0 15 30 46 0 25 0 0 64 0 0 0 14 0 0 0 0 65 0 0 0 0 23 0 0 0 0 18 10 0 0 0 88 0 26 0 24 0 40 14 0 26 77 32 12 0 13 0 1 28 19 39 0 36 84 22 3 17 0 0 15 26 49 33 0 67 0 23 38 5 0 47 0 0 17 0 71 20 29 28 12 1 69 10 0 0 31 0 10 39 0 0 97
 0 0 0 0 0 46 4 0 0 19 29 0 0 0 0 26 75 0 18 0 0 35 28 0 0 6 22 66 22 33 0 27 0 0 0 64 0 0 0 0 69 0 0 0 8 0 0 41 0 27 38 69 0 0 0 56 11 14 10 24 0 0 75 1 63 21 0 26 45 39 3 21 0 57 55 0 6 16 0 26 0 80 0 29 3 5 0 0 22 0 0 57 18 42 83 0 0 0 0 76
 40 83 0 49 0 0 0 5 0 0 24 86 0 0 13 53 46 29 10 0 0 62 0 14 0 10 24 0 0 66 0 0 13 43 4 0 0 19 94 5 21 67 63 9 0 0 0 0 0 10 36 0 0 60 0 0 50 0 0 0 4 36 0 38 33 0 0 84 0 92 50 18 0 26 23 39 0 84 0 12 0 0 22 65 0 51 4 0 45 0 0 0 0 0 0 41 43 9 0 66
 24 16 0 0 0 0 0 0 0 0 19 30 0 0 0 0 0 73 0 5 39 84 0 0 0 0 23 16 46 0 0 29 25 0 0 42 0 0 19 46 0 47 0 0 0 27 0 47 46 0 0 16 10 43 0 35 38 0 48 28 0 0 0 2 54 18 0 20 39 0 0 76 0 14 52 0 18 37 14 76 0 68 32 0 0 13 0 3 25 0 0 0 23 0 0 51 67 0 0 0
 0 0 4 0 0 2 35 15 20 0 0 64 0 55 48 0 0 0 4 37 0 0 0 28 42 0 76 0 1 22 30 0 0 70 31 49 36 0 0 16 24 38 86 60 0 0 0 0 20 0 25 45 0 31 0 0 0 0 0 17 62 32 0 0 0 15 12 0 50 0 0 74 0 0 0 87 0 0 0 32 0 0 15 0 0 25 0 0 0 0 8 40 0 0 55 0 32 45 38 48
 8 0 0 0 1 0 25 4 35 0 41 3 0 0 3 8 44 38 0 3 39 47 97 24 0 0 10 31 85 10 0 0 0 45 0 0 73 35 87 0 0 0 0 0 0 0 24 39 67 0 0 99 0 0 0 0 0 33 34 0 0 45 22 0 0 36 0 66 0 0 0 0 0 17 0 53 13 3 57 27 99 46 0 76 0 0 43 0 32 7 0 0 24 4 0 35 0 75 12 41
 0 0 2 68 33 0 0 34 62 59 0 7 2 0 0 45 0 0 0 16 0 21 2 0 28 0 0 0 0 0 21 0 0 15 0 25 0 18 20 0 0 66 36 33 99 4 8 0 0 13 0 0 63 0 0 33 50 0 52 0 0 0 10 0 0 97 9 55 4 21 0 0 24 51 7 0 0 50 0 3 0 21 43 0 0 0 0 0 0 0 23 0 25 42 30 0 59 0 54 0
 26 0 2 5 77 0 0 0 22 0 0 45 14 0 0 0 9 10 42 0 55 22 50 34 0 0 0 0 0 0 70 73 37 0 22 0 0 0 0 0 0 0 28 62 0 0 0 21 15 0 0 28 0 0 19 0 0 0 0 0 95 0 0 0 10 44 0 27 35 0 16 0 25 14 0 48 41 0 0 0 18 0 34 58 51 15 99 0 0 0 88 77 26 14 0 0 0 0 0 0
 20 29 0 2 0 78 0 67 0 0 25 62 10 53 0 0 0 0 0 46 49 0 13 21 0 0 0 0 4 0 51 0 33 24 39 64 0 49 6 31 55 0 0 0 44 0 0 8 0 65 36 35 0 26 0 0 7 35 0 0 0 70 65 0 0 0 0 19 22 36 49 26 80 21 50 0 0 0 8 0 0 35 0 81 29 0 0 0 0 3 1 68 63 0 0 46 0 44 0 43
 4 0 35 28 0 68 0 0 47 97 50 12 0 0 15 0 0 0 0 0 51 0 53 43 50 37 0 0 0 0 10 24 22 0 37 0 38 20 0 0 10 35 0 35 87 0 0 0 0 0 0 34 49 18 0 55 19 0 0 25 26 46 0 28 0 57 80 0 0 25 22 0 17 0 17 0 0 5 31 1 28 8 0 0 55 0 0 0 45 0 0 16 55 17 0 0 0 34 53 0
 0 0 58 17 21 0 34 18 58 0 0 0 0 45 0 0 0 11 0 0 85 40 0 0 15 0 0 0 0 1 24 63 29 66 19 0 37 36 50 10 7 31 5 0 12 0 19 62 22 0 0 0 0 0 0 0 15 0 0 0 0 1 0 0 47 0 0 35 0 0 61 29 0 0 0 0 0 0 0 0 25 9 0 62 20 61 12 0 0 0 0 0 16 50 71 0 68 0 0 0
 0 46 0 0 14 37 0 0 47 15 0 56 49 0 0 0 78 0 10 48 0 0 0 5 8 0 0 1 27 0 34 0 48 0 0 60 0 0 0 61 0 0 0 11 0 72 0 41 20 0 35 54 0 0 0 18 24 0 0 0 0 41 9 0 0 76 9 6 1 27 0 4 0 0 0 0 2 0 47 1 0 31 0 73 25 0 21 48 0 0 35 0 10 0 28 0 30 27 81 79
 32 33 0 43 51 0 3 0 0 37 0 33 54 14 3 2 44 40 2 0 37 0 28 0 16 1 0 55 0 2 45 0 0 0 0 46 24 0 0 15 87 12 85 36 28 0 73 0 0 29 0 0 44 0 75 0 12 0 0 50 44 25 0 6 0 0 17 0 56 0 54 0 4 0 0 0 7 12 0 1 9 80 49 38 50 20 0 77 0 0 0 45 49 41 0 0 20 5 18 35
 18 45 0 8 0 0 6 44 22 5 59 19 31 0 15 33 0 58 9 35 27 7 11 0 10 17 0 0 68 0 0 0 44 0 0 0 0 0 0 66 0 20 0 0 26 66 48 0 0 51 0 0 47 0 31 34 39 0 47 12 0 0 0 10 28 0 42 57 66 8 28 29 0 0 0 0 0 0 0 86 0 80 23 14 0 7 84 0 5 0 0 37 53 0 0 13 72 26 10 36
 31 35 0 0 0 0 6 12 52 0 49 83 0 0 0 44 0 64 30 0 3 7 0 0 0 0 0 26 6 0 0 0 4 0 62 31 8 0 0 53 3 0 0 68 51 0 0 6 48 0 4 45 6 72 0 86 0 0 2 0 13 0 50 4 0 0 0 23 27 75 0 0 41 0 0 0 37 65 18 14 0 54 42 0 9 24 15 72 68 95 0 9 0 47 0 0 29 29 0 0
 29 0 0 63 49 63 0 1 0 6 42 0 0 30 20 0 0 0 0 0 0 5 56 37 28 5 0 36 0 14 0 0 0 34 24 38 24 37 0 29 0 3 23 14 0 0 37 42 0 24 10 2 36 0 12 55 0 2 0 65 28 29 51 0 0 41 0 5 13 0 8 0 6 1 23 0 21 0 49 0 11 0 0 0 41 30 0 32 31 54 81 12 0 0 44 0 51 50 0 66
 33 0 29 0 52 74 23 17 0 0 0 0 47 0 0 7 0 29 21 0 2 56 0 65 22 68 0 0 0 0 45 78 19 0 0 31 13 0 0 0 10 66 9 0 0 50 36 11 17 55 0 21 0 0 58 25 85 0 0 0 0 0 8 69 23 37 0 10 33 7 80 0 26 10 0 18 0 52 26 0 67 4 0 0 0 0 30 0 0 0 0 38 45 0 0 18 36 0 0 4
 0 31 0 55 0 17 66 0 54 21 27 60 0 70 8 0 11 0 0 0 27 78 55 0 0 11 0 0 0 0 0 21 0 35 0 32 44 17 0 0 21 5 0 0 0 7 20 0 0 0 50 10 20 0 32 37 0 0 40 16 51 2 0 0 5 0 0 0 0 9 0 6 0 29 10 21 0 64 0 36 0 0 0 0 0 0 0 0 0 17 2 0 51 0 40 0 59 0 11 27
 0 0 0 0 0 21 0 0 20 6 0 51 41 0 0 35 66 15 0 0 0 76 15 5 0 51 31 0 0 81 3 1 61 5 0 0 0 44 0 28 85 2 22 51 0 0 0 0 0 21 67 1 11 0 10 27 0 14 58 0 0 0 0 0 0 64 0 0 0 7 9 0 5 0 0 0 0 17 85 43 0 0 0 15 0 0 24 0 45 0 57 55 74 62 7 48 0 0 8 35
 12 9 0 32 9 26 0 0 0 0 0 67 5 0 0 0 1 2 46 2 4 0 21 0 61 17 0 15 0 0 0 56 0 14 45 0 69 21 0 0 30 15 0 0 0 0 0 0 0 33 1 79 37 0 72 40 66 66 36 0 0 75 0 68 0 0 16 0 0 30 10 0 61 35 40 14 0 60 16 0 47 0 10 4 62 0 0 9 23 19 0 41 0 0 41 24 2 0 0 0
 47 74 5 0 0 11 0 0 0 1 13 34 58 0 0 42 21 57 0 0 15 0 0 0 0 25 41 0 9 0 0 0 0 16 0 21 34 0 0 35 0 69 0 0 0 0 69 0 0 78 0 0 0 0 0 0 0 0 24 11 54 0 7 0 60 0 16 33 14 1 0 0 4 22 0 0 59 0 0 78 0 8 57 0 29 67 37 22 0 12 21 0 37 0 0 20 75 0 51 52
 0 0 0 18 2 0 37 69 75 92 0 0 36 0 19 25 0 0 28 46 0 9 6 0 5 0 0 40 0 7 0 0 0 18 9 0 0 11 17 0 0 0 76 0 78 42 0 5 0 0 0 12 0 0 48 40 0 0 26 0 89 0 74 95 0 9 0 0 44 34 0 54 0 52 13 0 85 0 0 0 26 0 13 66 86 0 0 0 0 0 0 0 0 16 0 0 93 0 44 0
 0 10 0 12 63 0 0 46 18 18 61 0 0 0 0 75 0 77 0 71 0 6 0 0 52 0 29 87 0 36 18 0 5 86 0 47 0 0 49 0 0 30 0 43 19 53 0 0 0 0 0 61 16 0 21 0 0 68 23 0 0 17 0 30 0 18 82 0 0 68 60 0 0 0 15 41 60 0 70 0 0 32 27 0 0 71 0 0 0 0 0 1 12 46 9 49 71 48 0 0
 49 41 41 0 0 46 0 0 38 0 71 0 37 14 34 0 36 0 17 56 82 12 0 0 24 6 44 58 0 1 0 0 1 0 63 54 56 0 0 0 0 86 27 34 0 23 21 0 0 2 0 0 0 66 59 6 0 11 8 15 16 31 44 35 0 0 37 0 0 1 0 0 29 4 55 57 10 1 96 0 0 0 53 14 0 49 0 0 0 60 16 71 0 0 4 0 0 81 0 57
 0 0 54 0 23 0 0 11 0 0 58 0 49 32 0 0 0 0 44 29 1 0 15 56 0 8 0 0 71 15 64 0 0 0 32 4 5 13 0 6 0 0 0 36 64 38 2 25 45 82 74 29 0 28 47 23 31 97 0 54 0 12 0 0 20 18 0 0 0 0 50 4 23 6 42 0 0 0 53 0 0 40 16 0 13 0 0 0 0 43 0 0 0 0 31 0 42 57 0 87
