100
 11 0 0 7 0 0 3 0 2 51 0 19 0 1 68 35 83 3 6 1 49 0 0 0 0 12 0 41 0 2 25 8 9 43 7 45 2 62 28 8 23 3 0 0 0 19 17 0 0 86 0 0 0 0 17 0 0 0 4 0 0 57 0 35 14 27 0 0 24 0 0 56 0 0 8 22 0 0 44 0 73 26 13 0 0 27 27 32 88 82 0 0 66 0 0 26 60 0 0 0
 9 43 0 27 60 0 0 0 56 49 5 0 76 45 0 0 0 16 39 50 0 2 72 0 0 0 28 0 6 5 39 0 0 23 0 0 30 0 52 2 54 40 37 42 15 0 0 7 0 0 0 0 0 0 11 23 0 50 45 0 0 0 31 0 0 0 58 0 0 24 0 81 62 0 0 0 0 0 0 0 46 70 0 68 0 64 0 0 27 0 0 6 0 38 42 64 0 0 35 4
 33 22 44 11 0 0 29 32 0 0 27 5 16 16 24 0 0 0 3 0 0 11 0 0 11 0 0 54 3 41 45 0 1 0 0 0 28 22 0 18 0 25 18 0 45 0 0 71 5 12 0 0 84 0 0 28 0 46 0 0 0 19 0 0 86 0 44 0 17 56 18 0 0 7 0 0 0 0 0 0 0 44 8 0 9 0 62 29 0 0 0 8 23 0 0 7 14 41 0 51
 0 0 0 28 0 59 0 29 0 13 0 0 0 0 0 0 0 0 0 5 0 0 1 14 2 44 13 0 12 30 11 58 0 0 19 34 26 12 42 0 24 0 50 0 58 37 0 67 0 89 12 0 0 0 17 0 0 66 0 62 0 39 0 0 62 0 0 24 33 5 49 41 0 9 4 54 0 0 48 13 0 0 0 58 20 7 27 0 63 0 40 0 68 0 0 20 0 24 5 0
 15 0 52 36 18 0 39 0 72 0 0 69 0 54 0 0 0 0 0 0 25 29 30 0 38 13 0 36 0 0 5 0 7 36 8 0 0 7 0 20 38 0 5 67 0 23 81 8 18 0 0 79 28 0 0 43 0 2 0 0 38 58 0 77 66 0 43 0 64 0 24 0 0 0 61 60 0 22 5 0 16 74 61 0 21 0 0 3 0 0 0 0 23 12 0 0 27 52 4 66
 45 41 17 0 31 49 4 40 0 32 28 82 8 4 0 13 1 16 7 0 0 0 12 46 0 14 13 81 4 52 43 0 0 0 0 0 0 38 43 20 12 0 0 9 0 0 2 0 27 0 48 0 0 57 0 80 0 0 0 0 0 19 0 0 18 0 0 0 0 0 24 0 64 0 0 0 0 0 36 0 30 0 0 0 0 0 0 21 0 0 0 0 19 41 21 0 0 2 49 0
 0 43 0 6 0 0 25 10 0 0 0 0 12 16 33 0 48 18 16 0 6 21 16 0 22 0 0 13 0 78 0 0 2 18 5 13 0 0 0 0 0 0 24 0 0 0 17 45 97 41 22 66 0 11 0 18 0 0 0 0 0 20 91 0 73 43 3 0 0 0 15 0 26 0 0 8 41 22 37 0 38 64 2 50 18 33 0 0 0 4 4 0 0 0 0 5 39 51 0 13
 10 64 0 0 14 0 0 45 54 4 0 0 0 77 3 0 48 54 0 27 38 0 0 0 27 7 74 18 32 33 2 0 49 65 88 57 73 0 27 85 0 0 56 0 28 0 72 59 0 43 10 0 0 0 7 0 31 0 0 43 43 51 0 28 0 0 16 19 0 48 0 28 0 5 0 9 37 6 27 78 0 19 0 75 9 0 5 17 0 29 0 0 0 0 9 0 0 21 0 0
 0 0 23 30 0 12 69 0 87 0 0 0 0 42 61 34 0 49 43 3 0 17 0 0 0 39 0 3 0 0 0 0 0 0 0 23 0 0 0 0 0 7 0 0 0 0 40 0 57 16 0 45 0 0 0 13 0 24 66 0 70 0 0 0 0 86 92 0 27 17 0 0 22 24 0 0 0 0 0 23 0 0 34 55 1 0 0 0 47 6 21 0 30 0 0 52 0 19 10 0
 0 0 5 0 14 0 46 0 13 84 7 0 0 0 0 52 0 0 30 8 0 44 51 0 47 0 0 9 77 0 83 0 0 0 0 0 19 70 0 0 11 0 0 1 0 0 0 0 0 82 0 59 0 0 0 0 0 50 0 5 0 4 0 0 25 0 0 0 24 25 0 0 0 0 12 0 0 0 0 0 4 37 68 20 0 10 47 38 0 0 18 79 36 25 44 29 0 0 0 0
 0 0 0 44 26 0 57 10 5 0 50 58 0 20 34 0 0 43 0 13 0 0 0 19 54 0 0 17 0 0 0 52 11 0 23 0 86 58 24 0 0 6 14 0 0 0 2 27 0 25 0 26 23 6 0 0 27 0 42 0 35 14 0 17 36 26 0 3 0 0 0 46 0 11 38 0 77 0 58 0 58 13 0 0 0 0 72 13 0 0 0 0 0 0 59 35 0 0 6 34
 0 6 0 20 0 0 12 31 12 39 0 33 0 0 0 10 12 35 0 0 17 5 0 26 27 50 64 51 11 13 22 0 0 95 0 0 0 2 0 0 30 61 26 18 0 0 0 0 58 21 0 0 0 78 0 44 0 0 0 0 0 72 0 60 16 92 0 34 0 0 0 0 0 88 56 0 49 23 0 0 0 0 0 0 63 0 0 0 0 8 0 3 63 0 28 0 0 0 0 21
 64 0 0 1 84 0 0 17 4 23 70 0 34 0 19 0 42 29 0 22 0 12 55 70 6 38 0 5 23 15 11 0 11 0 0 0 34 0 9 8 53 36 0 12 0 64 26 0 0 0 75 40 0 0 11 24 0 39 61 0 0 0 60 0 91 0 10 48 0 13 5 0 27 16 0 17 41 0 0 42 1 0 39 0 74 0 4 13 3 36 8 0 55 40 0 23 43 18 0 49
 0 0 0 38 0 0 0 0 0 30 0 3 35 19 0 1 53 0 2 3 0 0 0 0 0 27 0 0 0 13 0 53 0 0 0 0 32 0 0 25 0 0 30 0 50 89 0 27 0 0 46 0 0 0 0 12 33 51 85 0 0 0 0 0 81 0 0 36 0 71 2 36 0 54 0 0 40 11 42 0 67 18 0 39 53 0 0 0 0 61 0 20 33 15 0 46 23 20 12 25
 0 35 0 70 3 4 0 0 0 16 0 27 0 31 79 0 28 0 0 21 19 0 21 0 0 10 0 0 87 0 89 0 0 0 32 42 0 0 43 27 0 7 0 0 0 0 29 0 0 36 0 0 0 0 55 0 0 0 0 42 54 0 12 0 39 31 0 0 16 93 21 3 35 0 0 0 0 0 61 0 0 20 14 0 0 31 0 0 3 9 0 20 36 0 0 28 22 0 0 25
 0 3 44 58 15 0 12 59 0 0 33 0 29 0 37 11 0 29 25 72 0 0 98 21 29 9 28 0 0 59 8 41 42 0 49 0 0 70 0 55 0 17 52 36 0 12 52 0 0 83 41 75 0 41 35 15 57 0 0 0 4 0 52 0 1 0 23 0 35 0 0 86 0 92 32 0 0 98 0 0 0 77 0 31 0 14 50 0 0 48 39 90 0 0 52 27 5 0 1 35
 0 23 23 15 3 0 0 0 26 34 49 0 0 0 0 50 58 65 11 28 17 8 26 0 62 0 6 3 0 84 0 0 0 29 21 0 42 0 0 0 70 0 0 80 41 0 13 68 0 32 0 11 46 82 43 0 0 0 34 17 53 0 0 0 42 0 35 58 84 0 0 44 3 17 0 0 49 26 0 58 53 0 52 23 10 27 8 24 0 0 0 0 0 0 85 0 6 10 0 75
 0 0 40 23 9 0 0 0 0 5 0 0 0 16 6 0 0 4 0 23 0 25 0 68 64 0 0 0 41 0 0 0 0 0 81 0 22 56 0 30 1 25 0 0 0 34 88 41 0 44 0 29 0 0 0 38 0 38 12 0 71 53 0 3 0 44 59 49 11 65 8 17 0 48 0 0 20 0 64 0 0 0 0 20 0 0 0 13 74 45 0 16 0 0 0 0 5 0 0 0
 0 0 0 20 8 0 0 2 0 0 8 35 47 0 54 0 0 35 19 57 69 0 45 12 79 51 48 11 0 0 15 59 27 13 0 28 0 52 21 0 0 0 22 0 16 0 51 77 6 0 0 0 0 36 17 0 0 0 4 0 0 34 13 49 0 45 0 22 36 0 12 0 0 0 0 0 0 0 27 18 1 0 0 0 80 2 0 16 0 0 73 0 0 1 0 41 0 0 80 0
 0 0 38 0 30 61 6 0 0 0 0 0 0 0 0 0 0 0 0 6 39 6 47 2 0 0 0 0 0 49 0 0 0 33 0 0 8 9 0 12 0 0 32 0 0 0 0 14 0 66 0 21 0 0 20 55 0 13 0 11 25 0 0 0 27 0 6 0 3 31 57 15 10 2 38 18 0 0 1 75 0 13 0 0 0 0 0 7 17 0 0 0 0 0 0 18 0 0 0 24
 0 17 43 34 0 17 0 0 24 18 6 0 48 17 0 64 0 11 0 0 54 44 0 0 3 4 63 69 0 0 0 0 0 0 6 74 2 8 0 16 0 0 8 0 0 15 70 0 36 57 17 55 0 0 31 0 32 5 0 0 0 4 0 18 86 3 0 20 5 0 0 9 0 21 33 47 35 6 62 44 0 0 0 0 19 0 0 0 16 13 0 0 28 11 0 66 0 27 0 0
 83 0 0 16 0 40 0 37 0 0 6 0 0 11 32 11 0 0 42 0 0 15 68 1 49 0 0 49 42 21 0 25 77 33 0 0 31 6 27 16 0 2 78 0 0 0 41 0 10 0 68 0 40 0 0 0 0 63 0 0 0 56 39 24 0 4 0 24 0 0 56 0 47 71 0 0 0 77 24 24 72 58 0 4 44 88 56 0 0 16 16 0 0 0 39 38 81 6 0 36
 62 0 29 0 0 0 0 33 72 0 50 70 0 30 0 0 0 29 0 0 27 0 13 55 0 0 95 62 0 4 0 0 68 36 69 0 17 3 0 51 0 80 0 0 83 67 0 42 82 0 0 0 0 0 0 0 0 0 7 0 45 3 0 5 0 0 15 60 0 0 0 0 0 29 0 0 0 0 17 37 0 47 0 0 0 19 0 24 42 0 0 0 7 66 0 21 31 0 0 0
 2 14 43 0 55 0 66 1 19 69 0 0 0 81 2 0 0 0 0 0 20 0 0 2 18 11 35 11 0 0 70 0 0 0 0 27 28 21 32 0 0 57 0 6 0 6 0 0 3 0 42 41 0 25 0 9 0 0 0 0 33 0 53 0 0 13 0 18 0 0 0 80 68 29 0 0 24 61 0 31 0 13 0 37 0 3 21 40 0 0 6 84 0 13 28 24 3 37 60 0
 66 40 0 0 0 1 0 0 6 0 0 0 0 46 18 0 0 0 0 20 0 0 8 0 13 99 0 0 0 59 10 0 0 19 46 0 0 31 32 53 0 0 24 0 43 0 72 51 0 0 0 55 0 61 0 1 14 26 25 0 0 0 55 0 40 0 34 27 25 15 0 0 50 0 0 18 0 0 15 1 19 6 0 8 0 49 0 0 54 12 38 0 0 0 18 18 8 0 8 0
 0 4 21 0 0 0 1 0 0 16 31 0 0 0 0 0 72 12 0 12 0 96 0 0 0 84 30 64 15 8 0 0 0 0 0 0 59 0 93 44 0 0 15 84 20 39 0 6 0 64 0 0 0 0 32 12 0 19 0 0 46 0 44 0 10 0 0 0 20 24 0 56 54 3 0 13 83 80 0 0 5 0 0 12 9 64 0 27 0 23 37 0 0 0 0 0 20 0 0 12
 31 0 35 0 79 0 0 0 55 7 31 0 11 41 51 0 0 12 0 71 0 65 0 0 10 0 75 0 0 0 0 0 0 23 18 74 0 59 93 49 0 0 84 29 0 19 0 0 0 0 0 65 0 12 1 0 1 0 0 1 78 0 6 0 46 0 48 55 0 75 0 5 17 24 81 9 36 0 4 5 0 71 7 12 0 0 36 19 22 0 0 0 0 0 0 56 0 0 0 0
 0 16 0 2 0 0 0 0 0 0 0 0 0 67 34 0 0 10 0 20 0 0 0 0 19 0 47 64 0 0 0 0 4 0 0 24 53 0 67 15 13 11 0 0 0 70 0 60 0 8 0 0 0 0 8 68 0 0 0 0 12 36 0 34 32 6 25 5 20 31 0 0 2 36 0 0 0 0 0 0 3 0 0 0 0 0 14 0 0 13 0 50 0 0 2 0 41 0 0 14
 19 0 0 0 7 0 27 0 72 0 3 0 0 78 0 34 20 0 12 40 26 0 29 25 5 0 30 47 79 0 80 28 0 0 0 45 24 5 12 0 0 0 35 52 1 0 20 21 43 0 0 59 60 0 0 0 0 0 0 0 0 51 50 18 48 43 0 3 0 0 54 0 0 70 0 0 0 0 0 31 0 9 11 0 0 23 40 0 10 57 35 0 26 14 28 26 0 2 0 36
 0 0 0 0 43 0 0 0 18 12 15 0 0 0 18 0 0 38 24 0 16 0 0 54 0 0 35 13 45 57 25 0 0 0 0 43 0 46 0 36 0 0 29 8 9 0 7 0 15 0 12 13 11 0 7 0 0 85 1 1 0 20 0 12 12 0 0 17 0 0 18 0 40 0 0 0 0 4 17 12 35 0 4 18 0 6 65 0 4 0 62 0 0 37 19 14 5 17 42 29
 0 0 0 0 0 0 7 0 13 0 73 0 0 75 0 0 59 14 0 18 22 6 46 0 0 6 35 70 0 0 99 0 0 0 31 62 4 0 15 45 18 59 0 0 0 0 0 79 75 0 70 25 0 12 38 50 0 0 0 0 0 0 0 2 0 37 0 0 90 0 0 75 3 0 0 0 0 0 9 5 0 0 9 77 53 61 68 0 2 0 0 43 65 28 0 1 31 0 0 0
 0 5 70 0 50 8 30 7 56 43 0 41 4 0 0 0 30 57 0 75 36 0 7 5 19 53 57 36 0 55 87 36 40 0 0 0 55 4 8 0 0 0 0 0 0 0 0 96 59 72 0 0 0 0 3 0 0 2 2 56 0 0 0 61 0 86 15 6 0 22 0 10 0 7 0 15 0 0 23 43 57 53 0 76 0 0 33 0 38 0 41 0 0 0 36 67 0 28 0 0
 0 53 0 27 0 12 0 0 27 12 0 12 0 37 14 0 8 42 0 86 18 0 0 6 20 20 22 0 73 59 66 0 52 0 25 0 66 44 32 33 46 0 42 0 6 13 0 0 15 56 0 41 0 4 0 0 26 0 2 0 61 0 0 0 0 46 34 33 0 16 32 15 0 0 0 25 0 26 85 0 38 2 0 59 0 0 6 0 15 8 1 9 77 0 71 9 15 45 44 0
 0 0 42 47 0 62 0 0 34 52 69 0 31 21 19 9 0 9 0 0 18 0 0 42 0 35 0 4 65 61 30 60 39 89 26 46 0 55 0 44 45 35 0 29 0 38 0 39 0 51 24 58 0 0 0 0 42 0 34 41 12 0 65 0 0 5 0 0 17 71 0 42 3 0 0 12 53 0 1 25 31 0 84 23 13 0 0 0 87 87 0 48 0 0 36 0 62 1 21 0
 0 20 32 0 0 7 0 0 15 37 0 12 68 45 0 0 0 0 58 8 0 16 0 30 0 5 0 18 56 30 0 49 0 0 12 10 0 0 21 0 88 0 16 95 3 0 71 9 78 39 58 39 54 0 34 19 26 0 11 14 0 0 0 31 0 61 50 0 37 0 1 0 0 27 26 27 13 0 0 12 0 0 4 0 0 0 0 5 31 0 39 0 36 49 0 0 8 30 6 0
 0 12 21 0 7 71 0 0 0 19 32 36 28 8 0 62 26 50 0 45 0 3 29 0 1 49 0 0 0 0 0 23 83 0 0 3 0 0 0 0 60 9 0 11 80 9 14 53 0 71 61 47 0 0 56 0 0 60 56 0 65 0 0 30 2 0 0 39 0 17 0 43 0 59 0 6 64 0 0 0 56 2 0 0 0 0 10 25 0 32 23 0 38 5 0 58 78 0 25 59
 0 0 0 0 86 17 3 0 14 0 0 28 0 0 5 49 0 0 42 0 0 0 0 0 57 0 54 0 0 24 0 0 0 4 51 25 55 0 0 58 79 4 0 0 0 0 0 0 0 48 0 0 0 0 15 40 0 22 9 0 56 9 49 0 0 7 60 0 0 0 0 0 18 0 34 0 0 0 52 0 0 0 45 23 0 65 0 15 0 0 0 54 4 35 58 42 0 0 79 11
 0 41 0 0 0 0 50 4 29 0 0 0 4 54 20 0 12 0 0 0 0 0 0 0 0 28 0 28 0 0 12 0 0 0 17 13 2 66 0 0 63 0 45 0 0 8 0 0 6 0 0 0 0 0 22 22 19 30 0 0 0 0 35 0 0 16 0 0 0 73 0 0 77 29 17 84 7 31 34 22 0 0 0 0 79 9 37 0 82 25 0 0 16 11 14 47 0 24 0 0
 0 0 17 0 57 0 11 0 69 58 0 95 0 48 0 23 79 20 0 37 5 0 36 0 0 0 0 0 0 71 0 0 0 6 0 6 81 95 55 24 0 0 0 0 0 0 16 0 17 0 0 0 15 0 0 45 0 57 0 0 17 55 0 89 22 42 0 0 16 0 13 13 69 0 51 0 0 0 0 0 0 0 0 11 0 91 0 0 36 19 56 16 0 36 12 0 59 71 40 0
 0 0 0 59 0 0 29 0 97 51 41 22 0 0 0 0 21 0 22 0 0 0 0 4 0 0 0 0 25 0 0 14 0 0 4 76 0 32 0 68 32 0 0 35 0 0 0 64 0 38 0 39 51 0 2 0 30 0 0 0 74 0 0 0 82 0 16 56 7 14 0 8 83 0 29 0 0 13 0 0 44 0 25 75 0 0 0 10 65 40 0 1 37 28 0 0 0 72 0 0
 0 0 34 0 0 0 26 31 37 0 80 0 0 15 19 39 0 0 37 22 10 29 12 61 0 20 2 0 7 6 0 31 0 0 0 0 0 0 35 0 29 0 0 0 0 33 0 0 0 0 0 0 0 0 4 0 0 0 0 0 0 0 35 0 1 0 20 24 0 0 12 46 0 0 18 2 0 0 0 0 59 23 0 15 0 0 0 11 0 0 84 26 0 0 0 0 30 0 0 0
 0 0 0 67 25 2 9 15 0 100 0 0 0 19 0 0 6 0 65 41 26 0 0 0 15 27 97 0 18 57 0 14 1 0 6 0 0 71 12 4 23 91 0 32 20 7 18 15 0 0 0 24 0 17 0 0 0 5 11 0 0 12 11 5 42 0 20 0 9 13 30 55 0 0 0 1 0 0 0 0 59 9 52 0 17 0 0 4 90 0 0 0 0 0 69 0 0 38 0 0
 49 0 0 0 0 3 0 0 44 5 0 0 37 0 28 0 25 37 0 0 0 0 81 13 0 0 0 21 0 0 26 60 0 24 0 57 53 0 26 53 45 1 2 0 13 0 24 59 0 47 27 5 36 21 39 0 42 4 0 0 20 0 0 0 0 0 13 67 6 0 0 0 0 28 24 22 43 80 0 22 0 0 0 69 48 0 1 10 0 0 0 0 63 41 30 0 56 0 0 0
 56 0 19 56 0 0 28 49 0 0 25 0 0 24 63 0 0 45 14 55 34 25 3 0 44 0 0 51 0 0 12 23 80 0 0 0 0 5 1 0 37 0 17 43 0 51 0 0 57 0 0 0 0 0 68 0 0 54 30 0 0 0 26 0 0 22 0 27 29 0 0 59 36 0 71 5 0 0 0 0 0 7 0 0 46 0 0 0 0 78 0 0 75 83 60 0 0 0 10 0
 21 0 0 0 45 6 80 0 94 20 0 57 38 0 36 26 0 27 0 10 22 11 0 1 0 0 17 6 0 0 26 71 0 23 0 0 32 33 88 40 26 0 0 38 47 0 17 44 32 7 0 74 3 4 21 0 0 21 0 5 11 32 12 56 86 44 32 0 0 0 6 0 0 37 2 0 0 0 0 0 34 62 9 1 50 38 66 0 53 0 0 0 73 0 0 67 0 0 74 0
 0 72 44 0 0 50 42 32 24 56 30 26 0 0 50 0 71 0 82 14 0 36 0 0 17 0 0 0 55 33 41 3 0 0 80 0 51 0 69 18 0 0 18 0 29 25 32 45 0 0 0 0 0 61 0 23 5 0 0 0 0 0 14 0 0 0 0 0 17 0 40 0 17 0 0 0 20 0 36 12 0 3 51 37 0 0 0 0 0 15 12 0 0 36 0 0 0 0 5 3
 0 35 24 43 0 0 0 0 0 48 0 42 0 26 0 0 0 0 0 56 0 0 6 52 0 20 22 13 0 0 60 5 3 47 0 0 38 48 0 18 24 0 0 54 0 0 16 1 0 0 4 0 0 0 10 96 0 0 63 0 0 11 0 0 0 62 0 0 9 0 62 56 0 0 34 0 0 27 0 0 63 0 0 9 33 0 21 0 73 0 0 0 49 52 46 1 0 0 53 27
 53 0 0 0 0 28 0 0 8 39 0 59 65 0 20 79 0 0 0 0 76 24 0 19 0 0 11 0 0 17 0 0 9 0 0 0 50 28 38 0 7 0 0 47 0 0 0 44 29 0 0 0 37 0 0 14 0 0 15 0 0 46 34 0 40 68 9 0 44 0 0 4 0 59 0 17 0 22 5 0 3 13 21 0 81 42 0 0 0 51 8 28 45 0 0 61 0 0 0 0
 21 73 0 90 0 0 0 33 0 77 53 0 79 56 53 58 13 18 0 28 0 0 0 0 52 10 1 22 0 0 0 0 0 52 0 7 44 0 0 24 69 47 14 0 0 71 78 0 10 40 0 0 0 90 0 0 0 73 0 12 65 48 25 19 0 0 27 0 6 0 0 59 28 51 47 13 15 27 9 16 20 0 0 43 20 19 54 0 0 0 52 84 0 0 62 47 0 0 24 0
 0 22 0 0 40 53 0 0 0 0 0 0 44 68 0 0 0 0 47 0 0 43 1 62 5 0 54 0 43 10 13 0 0 0 0 0 0 28 19 0 27 39 0 91 0 9 18 29 0 40 48 62 0 0 26 0 62 0 31 20 26 57 34 0 13 10 0 70 19 0 0 21 9 0 0 0 0 0 35 0 87 0 0 22 5 21 0 81 0 0 0 23 4 11 37 0 0 0 20 0
 52 21 0 0 1 0 0 0 9 6 76 42 0 0 47 0 70 21 11 48 0 0 58 0 35 11 27 61 8 0 0 57 45 0 0 0 53 4 12 38 10 2 0 51 0 6 0 40 58 0 95 0 19 0 1 32 49 7 0 0 0 0 20 31 72 12 0 8 0 0 23 0 0 0 0 0 0 74 14 0 0 0 0 0 0 0 21 50 37 46 0 60 4 0 0 0 0 57 0 11
 87 41 14 21 0 25 0 4 0 0 0 4 0 80 32 0 0 0 51 0 0 2 11 0 0 21 0 35 0 0 0 39 0 0 0 0 14 79 61 0 25 0 0 17 0 54 1 52 39 0 17 64 28 68 17 0 0 31 0 17 62 0 60 6 0 0 0 0 25 14 81 60 20 0 0 0 0 0 9 2 0 0 43 4 35 0 0 43 0 0 0 0 92 0 19 0 0 0 77 58
 69 44 0 68 0 92 8 19 63 57 0 13 6 26 4 22 0 42 66 27 5 0 28 0 41 23 45 26 0 0 38 39 73 0 0 31 32 6 0 0 69 15 0 29 0 15 11 0 9 48 0 0 58 0 0 28 0 99 49 0 5 0 0 0 0 0 28 27 24 0 42 24 0 0 0 0 0 4 0 0 27 0 0 0 0 0 46 48 0 0 0 30 0 0 47 0 0 7 40 3
 5 25 26 66 76 0 0 43 23 45 0 0 49 9 7 0 0 2 0 14 2 100 49 0 0 55 0 26 2 29 0 4 0 34 31 23 10 43 29 61 56 0 0 11 0 0 24 22 0 28 65 0 16 43 33 0 61 0 0 41 34 73 31 0 92 76 0 0 0 57 0 0 17 74 0 0 0 52 0 48 0 19 0 0 30 37 38 0 0 26 14 0 19 23 0 15 25 23 34 73
 0 0 30 0 1 0 1 0 9 36 81 13 0 20 0 0 0 41 0 0 0 29 48 9 80 0 0 0 20 0 0 0 26 14 0 0 0 0 57 0 0 37 0 0 0 38 0 66 41 0 0 0 6 0 91 29 0 0 25 6 0 0 11 0 18 0 0 0 0 42 37 0 0 0 0 37 13 0 0 42 0 0 56 0 14 82 0 2 44 46 0 0 17 0 27 0 29 0 0 62
 0 0 0 73 0 0 0 22 0 33 37 0 0 0 37 0 46 0 16 0 55 7 2 0 0 0 16 0 7 3 0 9 32 73 0 45 0 0 0 76 42 59 10 41 67 0 0 0 48 91 0 25 0 19 0 53 58 0 40 0 0 0 21 0 83 33 31 0 20 0 0 9 35 12 0 26 0 43 0 0 0 0 0 0 46 0 0 8 20 0 0 0 0 61 0 24 0 0 0 0
 16 63 53 13 10 22 25 0 18 68 0 56 5 0 5 0 11 93 44 1 0 12 41 0 0 12 0 26 16 44 10 31 0 0 0 1 93 0 38 0 5 9 0 50 20 0 65 43 82 0 0 12 1 0 33 0 47 9 93 0 0 71 70 0 36 1 0 0 0 0 50 0 23 51 21 0 54 8 54 30 23 0 57 0 0 0 29 56 0 97 0 51 43 36 8 35 60 0 0 0
 56 0 0 0 0 38 7 39 0 0 90 20 0 0 67 43 4 0 33 0 0 0 40 37 0 0 48 83 1 0 67 0 65 4 51 0 0 0 0 2 31 0 0 0 0 38 25 9 0 32 0 0 0 20 15 43 0 15 75 7 0 0 0 0 0 0 44 57 0 13 6 0 0 0 49 0 51 50 56 13 0 0 0 0 0 0 50 0 0 17 55 0 86 0 0 0 73 0 90 0
 0 0 7 74 24 36 32 21 0 19 0 30 0 0 14 7 0 0 0 42 32 77 0 48 0 23 31 32 0 0 60 0 0 0 0 0 0 64 61 25 2 0 12 0 24 9 0 0 5 0 6 8 0 51 0 0 0 0 20 0 21 0 19 47 22 0 33 0 13 28 0 0 26 0 41 33 0 0 1 0 19 0 0 32 1 0 0 0 45 48 45 38 27 0 0 0 0 22 48 0
 29 43 2 0 50 11 13 0 17 0 38 64 94 1 0 17 0 72 30 0 2 65 50 10 17 81 0 2 20 0 62 0 65 0 0 24 39 68 63 67 49 37 17 34 0 35 72 29 0 0 29 0 13 0 0 54 18 0 26 69 0 0 14 47 0 14 0 0 32 12 0 0 28 54 2 5 58 0 0 0 0 10 0 15 28 0 11 69 0 0 0 0 0 60 35 0 0 0 13 0
 0 45 9 63 0 53 77 0 0 17 0 4 87 38 0 0 0 0 7 0 5 25 0 0 50 0 0 0 16 4 6 20 0 0 6 0 0 5 0 0 73 7 0 25 0 3 53 13 0 0 29 0 0 0 91 86 67 19 0 6 21 35 0 0 0 0 42 0 0 1 0 0 34 34 20 7 71 28 57 42 33 0 38 21 0 0 59 38 85 49 83 68 0 37 0 0 3 62 0 0
 0 35 0 0 0 0 0 0 71 0 0 0 63 17 31 18 40 0 0 42 0 0 0 61 33 76 15 0 0 0 33 16 50 2 13 66 0 12 0 50 71 0 18 63 0 11 0 0 0 0 3 19 22 0 44 52 0 34 19 41 0 99 0 17 82 69 5 0 0 79 0 0 69 0 2 15 0 24 94 0 0 3 56 0 0 0 88 0 0 2 36 28 0 31 32 5 23 74 49 20
 0 0 43 6 19 41 0 21 59 56 8 34 0 62 0 0 1 53 0 42 22 0 34 0 0 0 0 37 0 65 8 36 43 0 60 9 0 0 42 15 0 0 12 0 0 0 28 0 0 0 0 0 41 0 0 0 0 45 0 0 38 46 13 18 0 0 0 0 32 5 0 31 0 24 0 0 0 0 30 28 25 58 21 0 0 0 0 0 0 30 0 0 41 0 0 0 43 0 0 0
 0 64 24 45 0 50 1 0 60 14 0 0 52 91 58 17 9 0 0 64 0 0 0 17 61 18 13 0 0 0 0 0 58 7 0 0 22 19 0 2 8 0 24 24 0 20 71 11 0 16 0 0 68 19 0 66 61 95 0 0 34 0 0 91 0 28 5 0 28 0 0 0 0 51 12 2 31 0 30 0 29 24 0 0 39 0 0 82 21 36 25 0 0 5 78 0 47 23 0 78
 0 25 0 0 0 0 0 59 25 0 0 0 0 0 0 0 0 36 4 0 0 6 75 21 0 0 0 0 0 0 50 6 16 42 70 0 74 54 0 0 0 0 9 30 0 75 32 0 10 0 0 38 28 0 0 0 0 59 0 52 44 0 15 46 91 0 0 0 0 0 0 4 82 0 0 12 0 1 20 26 0 0 0 1 14 0 34 5 39 0 7 0 81 0 44 0 0 54 0 64
 0 47 60 41 34 32 0 31 0 28 0 0 12 26 0 24 30 0 0 26 0 0 10 0 35 18 4 0 0 53 0 0 0 0 0 33 0 0 0 39 13 88 78 0 0 81 0 0 53 0 0 4 32 0 60 0 0 1 22 0 1 0 7 0 11 21 4 0 0 0 0 0 49 0 0 8 20 0 0 0 0 0 40 47 0 26 0 26 0 0 29 0 30 63 0 48 83 4 0 0
 39 0 0 61 0 50 0 0 0 4 21 20 0 2 33 0 0 0 60 0 15 51 0 2 0 16 0 0 48 23 15 0 0 47 0 15 0 60 24 0 0 0 0 5 0 31 9 0 0 2 69 30 0 47 69 0 6 0 0 2 0 0 19 0 27 0 40 6 31 0 4 0 0 0 76 0 0 0 75 44 0 0 16 0 0 0 1 14 13 0 11 0 10 18 0 20 4 1 0 0
 51 0 66 0 11 38 42 0 64 4 0 0 0 0 7 22 0 0 0 44 0 0 0 0 0 16 0 0 0 0 34 0 0 23 67 0 74 32 66 0 0 27 0 0 25 19 39 12 60 0 0 27 0 43 91 19 27 0 78 65 25 48 18 0 75 24 0 62 27 0 0 28 10 0 3 24 0 60 68 67 58 0 0 22 26 0 0 0 49 0 0 0 63 13 0 0 53 0 57 30
 0 12 0 0 0 9 34 33 0 0 76 86 1 8 0 0 0 0 0 0 0 9 12 47 0 0 4 0 42 67 0 11 16 0 0 19 76 65 0 0 51 0 0 0 21 0 0 0 0 0 91 0 0 87 62 0 67 64 0 0 0 12 0 0 20 35 0 0 71 0 0 7 0 0 12 14 5 59 28 71 54 43 0 0 0 76 34 44 0 15 17 31 0 0 0 25 0 97 70 0
 72 0 0 0 21 8 8 0 0 0 10 26 0 0 0 25 20 0 1 0 7 66 39 63 0 0 0 0 12 47 81 0 0 0 35 0 29 0 23 0 26 0 1 1 48 50 8 43 58 45 12 0 19 0 0 33 58 0 0 0 0 0 0 66 22 29 48 41 3 23 0 40 45 4 38 39 0 10 8 0 43 0 24 0 30 22 47 0 0 6 20 0 74 0 0 0 0 4 14 0
 84 33 0 0 0 0 0 47 14 19 11 12 0 0 0 29 73 0 0 0 22 0 76 14 3 37 30 19 0 0 28 1 0 20 0 39 19 32 0 51 0 0 29 47 0 0 0 36 3 4 0 0 0 66 0 14 0 0 26 16 72 21 37 42 52 35 0 23 15 58 44 0 0 18 0 2 0 0 61 40 0 0 28 51 0 0 30 0 42 0 55 0 0 0 7 0 5 0 0 0
 0 0 4 0 3 6 12 0 6 13 0 3 59 0 0 0 0 0 14 0 0 51 82 0 3 0 0 24 1 7 0 0 0 0 32 0 3 13 0 0 0 0 92 0 32 22 0 0 0 0 49 0 0 82 75 0 59 42 66 23 52 22 0 27 0 95 18 0 0 0 28 44 0 21 59 0 0 56 0 26 12 0 23 0 0 0 0 10 28 0 59 0 0 0 0 48 0 83 0 0
 13 0 82 38 31 0 0 40 0 41 24 40 0 1 0 41 0 54 26 0 67 0 14 0 0 0 0 0 56 0 0 2 47 0 57 18 0 0 0 0 0 51 29 0 46 0 52 6 0 0 51 0 65 0 30 0 0 38 0 0 0 0 38 55 0 0 14 0 41 0 11 63 66 0 4 0 0 18 67 0 0 41 11 37 0 9 57 22 0 39 11 25 44 0 0 10 24 22 0 0
 6 77 0 0 18 29 20 0 0 92 0 0 0 0 56 0 0 0 63 0 0 0 0 0 32 0 0 0 0 9 33 0 13 89 0 0 19 0 61 36 89 75 0 34 0 42 34 0 0 38 78 25 51 0 34 0 0 36 10 0 0 0 0 0 50 67 29 6 6 0 0 0 2 80 0 20 51 34 63 15 62 0 18 58 0 0 0 1 0 15 0 54 0 93 4 0 0 57 0 58
 0 24 17 0 0 52 24 64 43 0 0 0 32 21 21 0 17 31 9 0 0 41 45 10 48 70 0 2 37 16 53 32 88 1 0 16 0 0 0 0 0 11 0 0 0 28 0 10 0 38 73 31 46 62 55 51 0 0 0 0 0 0 52 0 36 77 0 0 0 0 1 0 0 19 55 0 5 0 0 27 36 21 31 0 0 34 0 11 75 44 84 13 0 0 0 56 0 31 0 2
 0 58 21 0 0 22 0 0 39 84 4 39 0 92 17 9 11 5 13 0 0 8 8 10 0 0 0 13 34 32 42 0 0 0 0 0 7 0 53 29 0 0 0 0 39 76 57 0 0 41 12 57 78 51 0 0 10 18 0 0 0 0 35 0 0 0 35 0 0 0 0 19 23 0 5 27 34 85 0 20 0 0 38 0 0 93 9 7 0 0 29 0 32 0 0 0 0 38 51 0
 59 9 16 61 16 49 0 0 18 17 0 0 0 0 13 65 0 0 2 21 0 40 42 0 34 0 0 0 4 20 4 16 0 0 0 0 55 0 70 16 9 12 0 13 83 0 5 9 0 10 23 19 30 73 0 23 0 0 2 0 0 74 76 0 32 0 52 11 0 55 59 20 4 0 0 0 40 0 45 0 51 3 60 1 13 14 0 0 18 0 0 0 35 49 15 0 0 0 33 36
 2 16 9 31 0 13 0 0 47 48 82 0 53 0 5 0 0 75 46 60 0 0 58 0 30 0 0 12 15 0 62 74 0 20 32 50 55 0 17 0 24 24 0 38 79 63 0 0 0 20 0 0 0 0 11 0 0 0 47 36 0 0 43 21 0 27 18 0 0 0 11 0 0 0 6 0 11 2 0 68 6 8 0 54 0 18 0 0 0 0 1 9 13 20 49 57 0 0 0 0
 0 81 46 0 0 0 0 0 53 76 0 75 79 0 0 67 67 0 0 0 0 0 0 5 0 49 0 24 59 0 0 0 0 0 2 14 0 0 54 38 45 38 39 8 31 0 16 0 0 0 0 0 15 30 30 12 0 0 0 58 0 0 0 0 0 43 0 0 0 0 0 54 0 0 66 46 0 5 59 0 0 26 53 1 21 18 0 8 60 0 18 72 0 0 16 69 27 5 0 0
 12 28 7 0 95 12 32 0 0 3 6 5 0 5 41 15 0 4 0 0 0 0 0 0 0 22 0 69 0 0 0 0 16 0 0 85 13 0 0 22 60 14 0 2 16 0 29 17 0 72 15 0 23 0 0 7 0 0 4 45 0 0 0 46 0 15 0 0 0 48 0 0 42 0 0 0 1 0 12 49 2 18 4 3 0 0 28 0 0 0 0 52 5 44 0 30 0 0 0 20
 0 0 24 34 0 0 0 27 12 0 0 9 0 0 12 5 0 17 0 3 51 0 33 13 0 0 73 0 32 0 16 0 0 0 70 0 4 61 44 0 0 0 29 12 0 24 0 0 0 0 30 30 0 1 31 13 0 66 0 11 0 55 0 0 60 0 28 0 0 0 30 0 5 0 0 13 0 0 30 0 12 0 0 57 50 74 28 0 0 0 0 31 0 3 0 11 80 0 80 6
 0 0 0 19 0 59 0 0 24 0 0 60 44 0 0 0 14 11 61 0 16 0 0 0 0 71 0 56 0 23 33 0 0 30 8 0 2 4 89 59 0 0 30 0 0 0 65 0 48 100 54 50 28 0 13 33 24 32 19 0 2 0 0 0 47 72 0 55 0 58 88 37 0 12 0 35 0 0 0 0 65 11 23 11 0 57 0 63 0 67 0 29 13 59 72 23 59 24 0 0
 0 29 0 23 0 8 0 16 0 0 31 30 0 50 0 36 0 5 51 27 26 24 63 18 12 36 0 71 0 0 0 28 2 0 0 47 0 73 19 0 22 0 37 30 0 0 4 0 11 23 18 0 23 14 0 13 0 42 53 75 0 0 0 48 10 0 0 16 50 0 0 0 0 0 0 0 0 75 0 0 43 0 60 0 0 0 8 0 0 0 0 6 0 0 0 0 0 45 3 0
 6 0 5 0 2 13 0 0 0 0 0 40 4 0 20 0 0 0 0 42 48 0 14 0 0 0 0 34 21 0 0 0 0 0 2 12 0 10 0 0 0 13 0 3 0 0 0 29 0 0 4 0 56 86 12 33 55 27 0 0 0 50 8 5 0 0 46 0 28 26 0 65 0 0 13 0 0 0 0 0 0 0 6 9 36 24 60 54 0 83 0 0 62 12 0 42 0 0 0 19
 21 70 0 0 0 68 0 0 0 71 9 0 0 0 45 12 0 27 0 20 0 0 60 66 8 0 62 68 72 37 0 42 10 0 10 65 36 0 5 57 23 0 0 0 0 7 0 0 0 0 59 0 57 0 0 0 23 30 0 0 31 18 86 0 0 11 45 0 44 0 54 17 41 1 30 28 0 14 0 52 0 43 14 0 56 0 31 48 0 10 8 61 34 0 0 8 0 21 0 0
 0 0 61 0 37 18 0 32 19 0 86 15 57 32 0 0 0 2 0 69 25 0 0 0 0 0 42 58 0 0 0 9 96 10 14 67 0 0 0 82 97 40 48 43 0 53 27 0 0 0 45 8 52 0 0 26 5 83 20 33 7 19 41 5 73 0 15 48 0 0 22 16 0 11 0 0 0 0 0 18 0 0 37 0 21 28 26 44 0 0 0 0 14 9 0 0 40 0 24 31
 0 31 0 0 38 33 41 0 12 0 0 28 0 30 56 0 0 67 78 11 62 0 11 0 10 28 0 0 0 0 0 0 0 53 6 0 84 0 70 41 15 12 0 55 0 51 0 21 0 27 0 35 0 0 37 27 0 0 78 0 0 0 21 32 0 65 0 0 0 0 0 53 0 37 11 0 39 47 9 0 0 43 0 0 0 0 68 0 12 3 43 0 11 0 0 28 55 0 13 40
 0 10 0 5 0 0 2 0 59 0 0 28 0 22 53 33 0 0 0 0 62 4 0 0 36 0 0 15 7 13 33 15 8 2 0 0 0 94 32 0 0 0 0 38 43 68 21 64 21 0 0 0 0 8 0 0 0 18 20 0 0 26 78 0 0 0 0 3 0 24 3 0 0 0 0 0 30 68 0 50 52 0 7 0 0 0 4 49 0 0 0 27 68 0 65 0 0 0 15 45
 0 0 39 0 12 20 31 4 0 19 12 33 0 39 0 57 46 0 16 0 0 37 0 16 0 61 0 77 0 0 0 0 0 0 0 50 24 0 0 0 42 0 74 17 0 14 0 38 93 4 0 44 33 17 0 0 58 36 0 18 0 35 56 0 0 11 0 0 12 74 0 0 4 58 0 47 0 47 0 41 51 30 29 7 41 2 0 22 46 0 22 0 0 4 59 11 0 0 0 0
 0 8 47 67 9 50 0 0 0 26 75 0 0 0 0 0 24 0 29 91 0 0 44 21 0 0 60 0 0 2 85 52 0 0 11 0 43 0 0 0 11 1 53 0 9 0 78 0 31 71 0 0 40 0 0 44 0 0 0 24 0 0 0 0 21 3 73 7 0 0 65 15 0 0 0 26 41 40 15 10 26 0 57 0 0 66 0 59 45 34 0 0 46 31 0 12 81 0 72 0
 44 11 10 0 82 8 0 8 0 0 68 43 0 35 62 0 56 38 0 28 1 0 76 0 0 0 66 15 0 0 0 0 0 14 0 0 55 44 0 61 0 41 9 70 7 0 35 0 0 3 10 21 81 0 31 13 0 0 0 73 0 0 34 0 0 0 0 4 0 0 0 0 0 2 0 0 39 0 0 13 2 77 13 1 0 31 0 47 0 5 87 0 0 0 4 31 0 67 91 51
 14 0 0 31 38 18 38 29 63 0 49 0 23 0 0 0 78 0 80 10 65 56 31 0 18 25 74 0 74 46 0 10 0 0 6 56 0 82 0 0 0 83 2 22 30 16 20 0 0 0 0 30 0 3 15 7 0 0 0 63 0 0 11 32 40 15 41 3 0 7 46 22 0 0 0 5 15 0 0 0 0 0 0 38 0 52 20 0 62 7 52 22 0 0 9 26 60 17 16 6
 0 91 0 0 0 0 35 29 0 0 19 0 0 0 0 40 47 28 3 16 0 64 0 15 31 50 66 59 0 5 0 5 0 0 0 0 0 0 8 0 16 20 0 0 0 7 0 0 10 0 0 0 17 0 0 35 0 0 0 37 26 61 0 35 0 0 0 0 4 0 1 46 0 70 12 0 0 0 10 0 59 0 52 0 0 0 0 0 72 0 50 16 22 13 9 0 0 0 0 21
 25 0 27 10 0 0 1 25 51 0 27 25 0 0 13 45 8 46 0 27 0 0 0 0 6 63 52 87 0 0 0 41 19 5 0 0 0 0 0 0 22 14 0 0 25 0 0 4 59 0 50 11 57 0 13 0 0 34 37 0 0 0 43 0 16 0 0 0 38 48 57 15 16 0 3 38 0 0 17 0 0 0 36 0 27 0 61 1 0 0 2 18 0 20 0 31 17 62 0 32
 86 0 75 18 16 0 22 0 20 0 0 0 72 31 67 0 0 5 20 8 6 0 18 0 0 26 49 0 0 0 7 0 0 0 35 0 0 0 0 60 50 0 0 0 29 15 0 84 0 0 32 0 0 24 0 36 0 5 20 0 34 0 16 0 0 15 86 43 0 67 0 39 78 0 42 1 0 0 0 77 45 0 49 7 26 36 56 0 0 30 0 0 0 9 92 0 0 28 37 0
 0 0 0 0 49 92 0 10 0 0 0 90 0 0 0 0 34 65 0 0 0 0 0 0 0 40 0 31 0 0 0 0 0 36 59 0 0 0 23 29 12 17 81 24 0 37 0 0 0 5 24 83 29 0 23 0 0 69 35 20 20 0 47 31 7 0 0 1 0 27 71 0 0 47 0 15 1 0 0 0 0 0 31 0 0 1 0 3 0 0 0 0 53 0 1 40 64 61 0 0
 0 1 0 6 0 19 0 68 12 42 0 14 0 0 0 0 0 0 2 0 3 0 0 0 0 0 49 0 69 0 0 49 0 0 0 0 71 44 0 39 0 7 0 9 95 25 18 1 54 10 42 58 0 0 0 37 0 0 12 20 0 0 0 0 31 0 0 0 55 31 0 54 0 4 15 6 24 3 0 5 0 0 36 1 12 0 0 14 29 0 8 0 20 0 50 0 71 0 0 0
 38 39 0 0 0 0 0 0 0 18 2 30 0 0 18 49 0 41 23 12 0 0 24 0 20 38 38 67 0 0 31 0 0 0 0 21 7 0 0 0 49 0 31 48 64 27 57 15 30 2 0 44 0 0 73 13 43 13 0 33 0 0 12 0 0 0 0 76 0 0 84 0 0 0 0 0 41 44 0 21 27 0 0 63 0 10 17 25 18 58 0 0 51 0 0 0 5 84 0 0
 7 0 73 0 0 0 5 34 0 3 0 16 60 0 56 0 15 23 0 68 9 27 66 0 0 23 26 29 30 0 25 54 0 0 0 0 0 61 0 12 62 10 10 0 0 0 0 71 0 0 17 0 0 0 42 25 85 0 0 0 20 0 31 57 1 2 23 0 0 0 58 71 69 60 54 0 0 9 80 12 0 6 0 88 14 0 0 0 28 0 0 0 4 69 0 39 22 87 78 0
 6 0 0 7 0 5 0 53 11 88 0 0 0 0 0 0 0 2 45 0 72 0 38 9 42 0 16 0 0 0 25 5 44 45 69 0 0 22 0 25 7 35 65 48 80 0 0 11 52 3 0 0 0 0 0 34 26 60 54 58 55 0 86 0 0 34 54 0 60 32 48 42 78 0 0 66 0 42 57 0 0 22 49 0 1 0 0 0 23 16 0 0 0 0 1 70 29 17 13 78
