100
 9 0 0 0 0 0 8 0 19 0 0 0 58 0 0 0 0 33 0 0 0 0 0 0 0 81 0 0 0 0 0 0 46 0 42 21 47 1 0 0 50 52 0 0 0 0 0 0 0 0 39 63 27 0 0 0 57 0 29 7 28 95 41 0 10 0 0 21 22 38 0 10 0 0 0 2 30 43 2 0 2 0 45 6 92 32 44 0 0 3 0 94 0 0 49 69 0 50 0 12
 5 99 0 0 0 11 0 0 58 0 0 96 32 0 37 0 0 34 0 16 44 2 34 33 61 0 12 64 27 21 0 90 0 46 26 14 60 14 14 7 0 0 16 46 0 63 0 0 0 23 2 0 14 0 24 21 0 2 12 72 17 39 31 0 29 68 0 60 0 0 0 43 0 3 0 0 40 0 19 0 56 9 0 0 18 0 0 0 0 0 26 0 0 0 10 0 11 14 78 0
 0 77 47 21 41 49 21 73 66 24 0 11 10 0 0 48 0 60 0 0 0 40 0 0 0 34 2 0 0 0 0 0 0 0 90 0 0 0 0 0 30 20 0 0 73 0 7 16 41 18 0 0 11 0 32 23 47 0 0 18 40 0 23 6 0 0 86 0 0 50 18 0 67 0 61 16 92 4 0 0 0 0 5 25 0 0 74 0 88 0 81 0 0 0 0 0 0 21 0 0
 44 26 0 2 74 0 0 2 0 18 40 10 22 8 13 79 37 7 19 0 0 0 79 0 0 46 0 57 0 2 37 9 33 0 24 41 0 0 40 47 2 49 71 0 3 70 0 0 3 0 0 0 0 0 49 0 40 0 2 0 0 58 0 0 23 18 2 0 25 0 25 9 0 16 15 0 0 0 1 41 0 0 0 22 90 0 0 73 0 0 0 0 17 68 2 0 0 21 0 13
 46 71 0 0 81 0 0 0 0 0 40 46 6 93 0 39 0 5 40 0 0 0 59 0 33 38 0 0 0 1 64 0 75 7 55 0 0 55 0 0 0 33 8 57 4 89 0 0 56 0 0 45 6 9 0 14 9 25 0 2 0 0 15 35 63 0 92 0 0 0 4 38 30 25 57 0 0 5 21 0 0 0 27 52 0 0 55 0 68 0 35 21 20 0 37 0 51 26 6 0
 19 0 0 10 32 53 0 0 94 0 10 39 41 0 46 0 3 79 0 0 0 33 0 27 0 21 0 0 32 29 4 0 50 61 0 15 0 0 72 0 12 0 0 0 0 0 25 0 46 41 38 0 8 57 0 58 0 22 0 0 38 0 73 35 0 0 0 39 42 0 72 0 0 0 42 0 19 0 0 0 0 23 3 0 76 69 0 58 12 2 58 31 9 26 0 1 52 0 0 0
 0 19 0 11 33 8 32 23 11 51 0 6 0 58 0 5 51 63 10 0 0 0 85 0 53 0 59 0 58 12 58 20 0 0 48 0 0 0 20 0 0 0 0 88 0 0 19 0 43 7 0 58 0 0 82 51 23 3 26 0 0 0 0 0 0 0 0 7 26 0 0 38 49 77 10 0 0 0 75 31 0 85 53 61 0 0 0 2 37 0 0 0 36 13 0 65 0 0 48 0
 63 4 0 0 17 87 0 66 0 0 0 0 0 29 83 51 0 26 43 26 0 23 1 0 0 0 18 44 0 0 0 0 0 0 11 2 0 80 13 0 0 34 0 0 69 0 0 0 0 16 0 0 14 0 0 26 0 69 0 41 0 17 0 0 0 81 0 15 0 0 0 0 70 0 46 63 26 19 0 0 13 0 33 49 0 0 48 0 42 0 0 0 0 0 14 62 5 77 21 2
 0 0 0 79 60 0 0 27 90 24 0 71 80 23 24 28 35 0 23 50 0 0 3 34 25 12 0 0 0 52 39 0 0 28 11 0 0 0 0 21 47 35 17 17 72 0 10 53 73 0 35 20 0 0 0 0 63 0 0 0 0 25 0 0 81 0 11 5 0 69 4 43 39 0 30 14 0 0 1 0 0 38 0 0 0 0 22 3 0 20 4 25 0 46 36 33 0 90 51 0
 28 9 0 0 9 28 0 16 0 97 0 68 54 0 71 0 0 82 67 35 0 13 49 0 42 1 0 0 0 0 13 0 43 0 33 15 0 0 55 0 4 0 0 0 0 0 0 0 68 0 0 0 0 14 0 22 40 0 0 0 0 0 52 0 0 0 0 41 0 23 0 0 34 7 25 61 18 65 57 25 48 16 0 0 35 0 5 0 0 0 0 0 0 56 34 57 27 47 37 0
 18 65 10 0 0 0 40 31 9 7 36 55 0 60 62 0 0 44 44 37 0 20 0 81 18 0 44 31 0 7 0 0 50 57 38 0 34 0 0 0 4 0 41 36 0 3 28 53 0 0 0 0 36 0 0 36 0 0 31 58 0 0 0 0 0 18 40 0 8 87 5 48 50 25 0 0 0 0 54 0 18 8 0 0 0 52 0 0 0 0 0 6 16 0 0 1 0 25 16 75
 9 0 0 0 0 0 0 44 0 0 0 24 28 0 19 20 25 0 25 0 21 45 5 0 35 16 0 34 0 0 63 0 24 0 0 58 49 0 41 42 0 0 0 0 36 15 0 0 0 0 38 0 0 0 0 0 37 0 28 10 8 7 7 12 57 0 10 0 0 0 0 0 0 8 0 7 48 86 25 0 13 3 0 0 76 0 18 0 0 64 79 0 0 0 0 3 0 0 0 6
 0 0 0 0 0 0 59 23 0 0 38 0 58 0 0 46 0 5 34 6 74 0 22 0 0 0 3 37 4 0 0 73 63 42 0 0 56 0 52 40 16 0 0 0 0 0 42 60 0 0 0 0 89 19 0 0 0 19 0 0 51 30 0 40 0 0 0 25 0 0 29 0 35 0 65 0 8 0 44 0 42 0 0 40 0 10 42 0 0 0 28 0 0 0 0 5 53 0 0 6
 7 4 48 0 0 11 0 0 0 2 0 0 27 51 12 54 69 48 13 19 0 0 22 27 0 38 0 43 0 0 56 0 0 3 0 0 69 59 0 0 0 0 66 0 0 0 0 33 1 47 0 52 36 0 0 30 0 0 0 72 0 0 16 27 94 16 0 31 2 0 37 63 0 0 0 0 70 0 0 19 0 0 20 24 0 34 0 40 28 37 0 0 70 94 2 0 3 0 0 38
 20 0 12 0 74 0 37 0 0 0 0 0 40 0 61 0 27 48 0 13 0 0 0 82 0 83 0 0 9 0 33 0 0 19 54 49 32 83 19 0 0 0 14 0 0 0 0 0 6 55 42 0 0 0 0 37 10 59 0 23 0 0 0 33 0 94 59 32 60 89 37 0 0 17 58 0 0 0 35 50 0 0 0 22 45 0 0 3 0 12 32 18 0 6 5 42 0 23 4 0
 40 23 0 0 0 2 0 0 0 25 44 0 0 0 49 35 0 37 55 0 6 0 30 0 0 0 46 0 59 0 0 4 29 1 5 75 83 0 40 0 0 0 21 41 0 20 0 1 0 0 0 0 0 0 4 71 3 35 0 0 0 0 26 0 17 46 5 4 0 0 43 53 0 0 0 42 35 49 0 17 0 0 0 0 72 76 12 0 0 5 31 66 8 0 0 0 0 0 0 1
 30 8 4 0 44 0 0 31 0 45 16 0 13 0 0 40 35 0 54 74 53 2 17 0 30 47 21 5 0 0 52 45 0 0 1 53 70 0 32 48 0 0 30 51 0 5 0 49 0 14 36 33 79 25 54 0 0 35 37 57 51 25 0 0 0 0 0 0 0 19 38 0 0 0 0 9 41 0 43 13 0 0 33 45 0 0 66 0 35 0 0 0 2 0 38 8 23 0 5 0
 0 0 0 0 0 0 0 0 21 0 0 24 0 0 0 0 57 7 0 12 97 0 27 0 35 12 0 17 86 0 0 73 0 0 41 68 20 0 6 0 0 0 35 0 0 0 0 41 64 0 77 0 0 61 10 1 85 60 72 0 0 0 0 0 39 0 10 75 0 0 0 0 27 27 0 27 0 16 2 33 20 0 0 0 46 0 86 26 0 0 0 0 18 28 31 29 0 0 67 25
 37 32 2 0 0 28 0 0 0 0 0 0 0 0 23 0 0 19 39 0 21 0 10 8 41 9 15 0 0 34 4 5 0 0 0 9 0 11 0 9 0 99 0 16 2 11 11 0 65 0 5 50 77 0 4 56 0 40 0 12 34 15 49 16 0 15 55 0 3 0 0 0 0 4 19 11 44 0 37 0 0 31 28 27 51 0 24 47 52 30 19 21 19 44 19 1 0 20 55 9
 53 0 24 21 61 65 46 0 0 0 0 23 0 0 0 12 0 0 1 66 90 0 6 57 21 0 38 0 0 0 0 0 0 0 11 0 26 12 0 65 0 69 18 0 0 66 11 3 0 29 0 16 54 53 86 0 40 0 67 0 0 0 24 15 0 6 26 38 7 0 86 38 0 45 0 0 0 0 0 0 0 62 0 43 0 1 69 28 36 2 60 43 0 2 9 0 1 30 0 0
 23 0 56 22 11 27 25 60 66 13 14 0 0 3 0 0 0 0 0 0 58 0 4 32 0 0 0 9 0 20 0 0 0 55 0 0 0 22 29 3 35 0 60 0 41 0 6 0 62 33 53 0 0 45 4 45 0 0 31 2 0 4 28 0 19 0 0 0 0 0 26 64 0 73 0 0 0 0 12 7 0 0 0 25 88 0 0 31 1 10 0 10 14 27 12 0 0 2 33 9
 40 0 0 70 52 0 14 0 35 0 0 0 67 23 1 56 0 75 18 7 31 58 0 16 0 0 0 17 0 0 46 30 0 42 0 1 4 11 74 74 28 0 0 0 0 9 5 0 34 0 6 22 0 0 20 0 0 0 0 88 0 0 33 3 0 0 0 81 51 0 0 0 0 0 8 30 89 40 0 23 0 62 0 0 0 0 0 13 0 21 0 0 7 54 5 0 43 0 29 11
 52 0 66 0 0 56 0 0 0 0 26 0 0 0 20 0 0 0 0 0 0 26 92 0 3 49 0 19 2 0 0 0 0 45 28 5 0 0 22 0 45 47 39 5 0 0 0 0 20 0 73 38 0 0 23 1 0 0 0 5 0 22 19 0 26 8 0 38 18 0 0 9 51 0 0 0 21 0 64 0 31 52 69 0 34 99 0 0 0 3 0 0 54 13 0 0 31 49 0 0
 21 0 38 36 22 0 54 46 0 63 0 33 19 0 0 37 40 65 0 0 0 0 35 26 15 72 51 0 0 0 31 0 47 0 49 14 0 45 54 0 0 0 52 45 62 25 0 0 58 0 44 44 39 36 21 48 9 45 0 0 58 6 0 73 54 0 0 97 0 0 0 0 4 62 0 7 0 63 0 0 17 37 83 1 63 7 0 3 0 0 0 0 2 0 0 0 20 50 0 0
 41 0 27 22 0 58 0 57 0 0 0 0 42 69 1 52 0 0 0 0 3 76 0 0 77 0 0 37 21 24 0 7 45 31 16 0 38 24 0 0 0 74 0 0 63 0 0 14 0 0 28 38 0 7 13 11 0 37 72 8 34 10 68 0 69 16 0 32 0 7 17 0 9 0 38 0 0 0 3 3 36 0 0 0 8 3 2 31 89 90 0 0 0 0 0 19 28 0 1 0
 0 57 0 0 0 0 40 53 0 0 15 0 75 0 0 4 0 0 0 20 20 20 0 0 3 2 4 0 0 48 0 16 0 3 23 36 0 0 36 7 0 0 0 0 61 33 12 34 5 61 0 0 8 0 0 55 0 0 0 0 16 0 12 25 0 67 0 35 0 10 36 0 34 26 0 0 0 3 2 21 0 0 0 19 0 0 27 0 0 0 76 0 0 2 27 0 11 0 11 0
 69 0 0 84 59 24 0 0 10 41 0 26 0 54 15 0 0 83 0 0 83 88 18 0 29 0 100 15 0 4 26 38 24 21 0 6 0 10 51 0 48 29 6 5 0 28 32 7 74 0 0 80 69 0 9 22 0 66 4 25 0 55 0 43 15 15 0 0 41 62 18 0 46 72 0 0 24 17 9 58 0 11 0 0 2 0 0 84 0 94 51 0 75 5 20 0 16 80 0 0
 16 0 31 0 15 21 9 0 5 4 0 0 0 0 27 66 0 0 16 24 0 0 0 35 0 22 0 31 7 0 0 26 0 22 4 3 0 0 0 34 36 60 60 0 0 62 88 3 0 0 48 15 0 0 84 2 0 0 21 44 0 0 25 0 0 0 0 38 0 0 0 20 0 0 2 0 0 11 0 0 0 0 3 39 0 63 51 0 4 15 10 0 0 9 60 1 24 0 74 0
 2 0 20 44 1 0 0 15 18 38 26 27 0 45 0 0 21 0 84 82 26 81 0 9 0 56 34 0 10 0 0 0 0 0 13 34 80 57 0 0 0 0 81 0 46 0 19 35 0 0 34 0 62 51 0 0 60 67 0 2 79 0 35 40 34 0 0 0 61 0 35 23 0 0 0 0 0 0 0 0 31 0 97 0 5 52 0 0 0 12 0 0 54 23 27 0 20 0 0 0
 3 0 83 0 0 0 0 72 0 8 0 1 2 46 49 13 20 31 0 51 0 17 5 36 0 0 0 12 62 79 46 44 0 6 0 21 16 0 58 70 9 0 66 59 0 8 0 0 1 6 73 0 4 5 7 0 0 0 0 0 25 0 0 0 0 0 3 0 0 0 0 26 0 0 0 0 0 2 69 11 0 21 1 79 0 0 0 0 0 0 0 0 8 0 0 0 23 0 18 0
 56 16 16 0 0 0 0 0 0 0 90 0 18 0 0 33 0 37 0 55 1 0 18 0 21 41 0 35 11 0 87 0 0 0 0 0 11 16 0 30 7 0 0 20 0 1 0 0 0 11 63 0 0 16 20 0 17 9 23 0 31 0 18 6 0 0 0 58 0 0 88 23 29 0 41 0 0 0 0 2 0 0 26 44 0 36 11 0 0 43 7 0 0 0 73 29 5 0 0 49
 18 0 58 0 60 9 0 8 37 33 83 62 0 64 20 0 0 0 0 47 3 0 30 47 0 0 0 0 48 0 51 77 30 60 49 0 0 0 9 75 32 0 63 0 0 0 0 0 0 0 0 35 0 4 49 24 70 0 0 73 55 22 0 0 0 0 0 0 26 21 41 0 0 100 0 0 6 0 35 0 0 0 23 58 8 0 34 76 0 14 14 48 0 0 29 0 84 0 0 0
 0 19 41 0 0 0 21 3 33 0 0 0 0 33 14 0 45 30 67 77 7 54 42 0 0 64 0 88 36 9 69 0 53 0 41 54 0 0 17 0 54 0 0 57 52 0 48 0 4 0 0 7 7 11 46 0 2 30 0 80 0 30 63 4 0 0 0 50 18 3 42 0 1 64 0 0 79 0 16 60 80 0 23 0 5 4 27 0 55 14 0 0 0 42 0 0 0 9 0 0
 5 0 28 84 0 0 36 3 0 68 0 46 0 0 0 0 6 13 69 36 0 0 0 70 0 0 0 0 1 0 57 0 11 67 40 0 0 0 0 32 23 26 0 61 0 73 0 0 15 0 0 0 34 0 0 0 0 0 24 0 81 0 0 0 0 65 3 74 0 30 54 0 0 19 40 0 8 49 28 0 33 46 0 30 63 14 39 0 0 12 0 6 0 22 49 0 27 22 0 0
 0 0 0 0 0 37 0 0 0 0 0 17 35 68 0 0 0 0 71 0 38 56 0 0 0 0 61 0 0 2 34 0 0 0 100 0 0 0 0 0 0 38 0 40 47 0 3 66 31 0 6 0 48 17 0 0 0 0 22 4 49 0 60 0 33 0 0 3 13 0 14 0 0 83 0 8 0 84 18 0 63 0 0 2 50 0 0 0 0 0 13 44 0 45 46 39 0 0 0 0
 0 0 62 0 19 0 60 0 2 0 37 0 12 44 0 0 0 0 0 33 19 0 0 0 27 0 0 0 0 0 52 54 0 48 52 19 0 31 82 30 0 0 16 0 7 0 0 0 0 19 0 72 0 0 0 0 0 27 0 0 38 0 44 46 12 13 28 0 2 0 0 30 38 29 3 2 0 0 83 64 30 0 0 0 73 0 0 0 50 0 77 7 61 0 0 0 0 2 0 0
 0 0 22 38 35 8 5 2 20 81 0 0 0 0 0 0 0 0 42 0 19 0 60 14 0 67 19 31 0 0 0 55 26 8 13 50 61 0 0 0 12 0 0 6 0 0 20 42 0 34 0 52 0 21 0 0 0 73 35 0 0 59 0 3 0 31 75 0 45 0 24 0 41 0 63 0 0 0 68 0 0 12 0 0 24 0 0 0 18 30 28 34 7 0 23 0 54 0 0 2
 0 0 88 17 0 42 22 0 40 24 57 42 15 0 0 16 92 88 0 0 0 0 28 0 0 17 0 15 0 43 0 34 47 44 27 0 22 6 15 0 65 27 79 38 0 24 6 76 0 15 11 0 0 0 0 0 0 0 3 0 0 48 71 0 0 0 0 0 61 0 0 0 18 0 0 37 22 33 0 0 52 0 0 28 0 2 22 0 57 0 13 0 42 16 0 4 23 0 63 0
 55 0 10 0 3 0 0 0 76 0 5 0 0 1 0 0 0 0 50 22 0 0 0 0 18 0 0 45 36 0 36 0 0 12 2 0 28 0 87 56 0 1 0 0 68 62 0 22 41 19 35 0 12 19 0 1 0 0 0 43 0 51 0 0 60 54 0 69 30 0 19 11 0 67 31 0 0 0 0 33 0 0 0 0 54 44 3 15 0 0 0 65 0 0 5 10 0 6 33 0
 58 0 31 0 36 28 73 20 0 85 81 0 0 22 67 3 0 9 0 0 0 0 60 37 4 0 19 0 0 0 0 0 68 0 19 0 36 55 0 84 19 0 40 0 37 21 0 0 31 0 8 0 0 0 59 72 25 0 19 63 0 0 33 10 0 0 20 0 17 0 13 32 0 0 16 0 95 61 0 83 44 21 32 0 3 21 0 40 6 0 0 60 0 33 61 0 0 0 0 0
 0 32 0 0 39 0 55 26 0 0 0 37 0 3 84 25 80 2 65 9 0 0 0 6 25 21 0 0 52 0 0 0 0 0 34 72 0 0 14 0 38 54 26 19 0 0 0 0 24 0 0 0 0 0 0 12 0 0 0 0 29 0 27 0 0 0 12 0 0 0 0 8 0 0 31 0 0 0 3 19 66 33 63 0 40 0 23 0 0 9 22 13 5 19 0 26 60 41 15 0
 0 63 0 0 0 32 92 0 0 45 57 29 46 14 19 10 71 6 0 0 83 8 0 12 0 18 0 0 21 57 25 17 27 0 0 69 20 0 0 85 0 82 0 0 0 0 0 0 0 0 11 12 0 47 34 0 18 0 0 0 34 0 13 31 62 46 56 0 0 0 8 38 0 5 28 57 49 0 0 0 0 0 0 0 22 36 75 52 0 10 56 27 21 20 0 75 27 24 76 0
 68 0 52 0 0 22 58 28 0 30 0 70 64 0 0 0 0 0 39 0 0 40 0 0 60 23 0 0 0 0 15 0 9 76 77 0 43 0 9 0 0 3 11 6 1 0 20 0 80 15 0 0 1 0 3 35 0 0 41 0 39 43 0 22 17 0 0 0 0 0 53 0 0 57 0 0 0 0 0 0 0 68 0 55 0 4 27 50 22 63 0 0 0 0 20 42 0 12 3 0
 4 0 19 74 0 45 0 64 0 10 0 38 43 0 2 0 0 80 0 38 36 52 0 0 57 21 0 30 19 0 0 18 0 0 0 23 0 0 22 18 0 1 0 3 35 0 0 0 32 0 44 28 27 68 20 37 0 0 66 11 0 2 0 26 0 0 95 68 52 65 0 0 33 0 0 0 0 0 0 0 0 0 26 0 0 37 23 0 0 58 0 39 38 0 0 0 0 0 9 0
 74 12 0 0 0 93 21 0 0 46 6 0 5 34 9 72 73 38 0 83 0 24 4 0 0 0 41 76 0 52 22 12 0 9 0 0 56 15 0 0 34 31 0 0 30 0 0 32 20 35 18 43 36 28 4 0 5 14 0 0 32 0 2 42 0 0 59 60 16 18 58 29 0 0 95 70 0 0 0 0 52 8 0 0 0 0 0 90 0 26 14 35 0 55 43 0 0 0 0 18
 21 0 33 0 0 72 29 6 15 70 0 0 10 0 14 0 0 32 0 0 4 0 91 0 83 0 0 0 17 0 0 15 25 0 43 3 1 0 0 0 35 6 33 73 58 31 0 12 24 0 32 0 1 37 54 18 0 38 0 0 0 5 59 61 0 0 16 66 0 0 0 0 46 51 0 91 31 16 0 0 0 79 0 30 0 0 0 0 36 95 68 0 84 0 0 0 53 0 22 0
 49 10 0 49 64 0 0 55 0 14 0 26 0 45 20 13 50 8 0 0 0 0 17 16 32 0 0 0 0 23 23 97 0 60 0 16 0 0 5 11 87 32 0 13 43 33 35 0 0 72 6 22 0 0 0 45 0 0 0 0 73 0 15 0 31 83 38 0 0 0 22 0 0 0 41 19 0 0 23 35 0 3 0 27 0 60 0 0 0 0 44 84 0 0 79 27 0 0 0 22
 22 13 0 63 17 12 17 49 0 19 0 2 0 0 43 0 0 0 9 0 52 25 24 65 0 0 0 0 0 9 25 1 10 1 0 24 0 0 0 66 26 4 99 15 0 0 75 22 53 0 0 21 0 0 0 0 0 28 0 71 8 14 8 0 0 0 68 1 0 37 87 0 62 0 0 71 0 0 51 8 0 1 0 0 0 0 0 0 10 62 0 0 0 58 0 45 0 58 19 0
 2 49 0 0 0 0 0 12 0 0 15 46 22 0 0 8 67 0 0 38 0 0 0 0 12 0 0 55 73 0 59 14 0 0 0 49 34 57 0 0 0 18 0 0 0 0 62 0 20 0 0 33 0 0 0 0 0 29 0 0 0 0 0 0 0 0 0 0 15 0 0 0 0 30 0 2 0 0 40 0 18 0 22 0 0 20 49 3 3 35 0 0 0 34 0 0 8 20 0 1
 9 0 0 4 21 0 0 0 29 29 46 12 28 0 0 39 0 0 31 0 0 62 12 49 46 0 24 37 2 0 0 62 55 69 52 0 0 0 0 11 14 7 0 26 0 2 0 69 25 70 0 25 2 58 0 0 19 0 0 28 53 0 0 0 26 4 4 40 61 22 50 0 0 0 0 0 0 0 44 22 0 57 0 59 0 0 2 65 69 3 0 0 8 36 24 0 59 0 57 36
 0 0 46 90 30 0 30 53 0 35 79 0 9 8 0 47 0 0 0 68 0 0 0 0 0 79 41 0 0 0 0 1 35 15 0 41 28 0 0 0 11 0 23 0 0 0 0 4 58 1 53 35 45 0 39 0 0 62 0 48 0 29 46 0 0 84 57 0 0 0 0 73 0 0 0 0 0 0 73 79 0 0 20 0 5 26 6 14 4 62 0 38 16 28 36 52 4 0 0 0
 0 25 73 51 0 92 0 15 0 44 11 9 4 0 21 5 0 6 0 0 45 0 0 0 0 37 0 0 32 18 10 0 0 50 19 0 0 23 28 23 6 0 37 0 0 34 0 0 0 0 0 21 26 0 28 0 81 0 2 32 0 70 0 0 39 0 0 11 24 0 40 64 0 70 0 41 0 0 39 0 45 93 0 0 58 49 0 0 53 72 0 0 0 0 0 24 0 0 29 0
 0 0 0 16 0 0 37 0 49 61 0 5 0 0 30 2 0 27 0 0 90 64 17 0 38 0 0 39 0 0 18 19 0 0 0 2 34 41 0 13 19 8 0 0 0 0 70 27 53 0 0 0 41 0 0 14 66 10 13 0 50 41 0 0 9 5 77 0 0 0 0 1 0 10 16 0 0 15 22 0 0 57 0 0 61 14 19 18 70 12 0 0 6 0 0 0 45 0 0 26
 6 67 9 28 0 0 27 49 6 0 51 52 0 25 28 32 0 0 0 0 0 64 5 0 0 64 34 26 0 0 0 0 0 6 0 67 0 68 0 30 2 0 39 0 0 0 35 6 14 0 52 17 47 97 89 0 22 14 0 0 0 79 31 0 8 17 11 0 33 23 0 0 8 67 0 0 19 0 0 0 33 0 0 0 0 0 0 0 0 0 0 0 79 0 0 0 33 27 0 4
 9 0 0 0 79 34 0 73 27 20 39 40 11 59 22 0 0 0 0 0 0 0 0 0 0 50 0 0 38 0 0 0 0 28 31 14 6 67 17 0 21 0 0 0 0 0 47 39 21 16 0 0 60 0 33 45 0 51 39 55 17 0 22 49 6 38 0 0 0 36 21 0 0 0 16 24 28 0 0 38 0 23 15 59 8 0 74 7 21 23 0 0 0 40 0 0 11 60 0 50
 1 0 0 27 0 0 0 0 62 0 0 22 45 0 0 0 12 0 0 28 0 31 0 0 0 0 0 0 36 69 13 0 39 72 21 1 70 4 0 0 0 38 0 0 8 0 0 62 27 60 29 16 0 45 0 0 1 8 0 0 87 0 0 0 0 62 0 68 0 0 67 0 0 0 0 61 81 26 0 0 32 0 0 0 0 11 6 0 0 0 0 6 0 43 0 0 0 0 40 25
 0 12 0 0 0 17 0 11 0 0 34 0 11 47 0 0 31 0 7 0 11 24 38 0 12 31 5 33 0 3 0 0 0 20 50 43 21 81 4 0 23 0 61 77 0 9 41 29 60 0 30 0 0 0 43 0 2 0 42 0 58 0 0 6 0 0 24 90 57 2 17 58 0 2 22 0 0 37 54 44 45 0 0 0 0 9 0 5 61 0 0 46 16 61 36 1 6 0 82 0
 0 0 52 24 0 0 0 0 35 4 36 16 0 95 0 0 0 0 0 38 24 44 64 0 0 15 0 61 0 34 0 37 0 22 96 0 0 42 65 12 53 16 75 27 0 0 51 0 0 37 0 24 0 0 0 0 77 55 47 0 0 44 0 6 0 0 0 20 0 74 0 51 38 0 8 56 35 0 15 0 77 5 0 18 6 0 89 0 0 0 38 0 0 0 0 34 0 10 56 0
 0 0 80 0 26 73 0 19 69 4 0 0 13 23 18 22 0 0 13 0 0 12 40 10 0 50 0 0 6 1 0 21 71 0 0 60 0 0 72 0 19 56 0 0 26 18 81 27 40 8 12 0 0 97 0 55 0 0 1 90 40 71 0 31 0 1 0 0 0 3 37 19 0 23 30 28 0 21 38 24 9 0 29 2 0 0 83 0 69 0 6 35 0 0 0 0 37 0 21 4
 0 0 0 27 0 45 0 0 7 9 0 0 37 0 0 25 0 34 0 47 0 0 0 23 0 3 0 0 0 17 3 0 0 37 0 6 2 65 0 0 19 5 47 0 67 22 20 0 35 0 0 0 83 21 0 60 85 27 0 15 19 0 67 0 19 46 43 0 0 0 0 0 8 0 55 23 85 11 10 0 0 58 0 11 0 0 0 47 0 9 0 0 0 0 0 10 0 15 0 0
 0 0 0 50 57 0 66 35 0 21 50 0 0 37 33 8 0 44 0 68 60 5 54 0 0 0 36 23 0 0 0 0 54 0 0 0 67 6 40 35 0 0 0 36 0 9 0 0 17 0 26 18 0 42 0 0 0 44 0 0 46 17 0 0 0 0 4 13 0 19 17 66 36 70 0 51 32 0 19 58 21 50 0 0 0 0 0 10 21 85 98 29 26 0 0 0 13 22 85 0
 0 0 13 0 31 81 12 0 0 26 99 0 0 41 25 42 0 76 0 0 0 28 0 0 0 38 0 42 2 66 35 0 0 4 68 21 0 0 0 9 22 7 0 0 17 0 95 0 15 0 0 0 0 0 78 23 30 0 0 3 0 65 69 0 0 0 30 27 1 30 48 0 0 54 7 57 29 0 0 76 78 35 54 65 0 0 0 0 0 0 28 0 32 0 0 0 0 23 0 0
 0 0 0 27 0 0 12 5 23 0 14 0 9 0 11 0 25 30 0 0 0 0 0 52 0 0 48 0 0 70 0 53 0 59 0 0 26 0 62 0 0 0 32 14 0 0 0 0 38 31 0 4 54 0 0 70 36 58 6 0 61 0 63 0 0 5 65 0 0 31 28 2 0 0 23 0 74 0 78 0 0 0 20 16 0 0 0 0 19 75 40 0 0 0 62 0 37 22 0 48
 26 52 0 16 0 0 3 55 63 35 54 0 0 0 0 21 12 5 0 0 16 0 3 0 58 0 0 30 0 7 0 66 0 17 31 0 0 11 42 0 40 0 0 0 0 0 5 69 56 61 5 36 36 16 0 59 0 0 0 55 1 7 5 66 0 0 42 0 53 48 0 10 0 0 35 0 17 0 0 0 0 86 0 9 0 0 0 0 0 0 72 33 0 0 23 29 0 0 0 67
 0 0 44 0 0 3 28 39 0 36 68 0 25 0 18 0 18 0 35 62 0 6 0 0 0 22 0 4 0 0 10 14 4 13 0 0 4 46 0 2 51 0 0 22 7 3 0 64 2 0 20 0 0 0 0 1 22 8 34 0 6 42 24 5 55 22 54 0 2 0 0 0 50 67 6 0 0 53 0 0 4 74 71 0 16 0 17 0 25 23 44 23 41 0 0 6 8 0 0 64
 29 0 66 0 6 88 0 0 30 13 0 8 81 0 0 0 4 11 0 0 53 40 0 84 0 0 0 58 13 88 65 36 62 0 28 0 0 77 0 40 21 0 15 17 94 30 0 71 23 0 0 85 0 0 0 0 18 30 0 0 44 34 0 34 0 8 9 73 0 57 9 0 0 0 10 5 41 0 0 2 0 8 47 0 0 42 21 0 31 47 0 0 0 0 87 0 0 9 0 57
 10 38 0 0 0 20 57 38 0 42 0 0 28 13 0 0 26 0 0 0 30 12 22 16 40 66 21 17 66 0 19 28 15 0 54 0 0 1 3 0 0 0 4 0 0 0 0 0 11 0 0 2 0 0 8 49 0 43 74 0 0 0 0 0 0 0 52 0 0 32 0 0 44 67 0 0 69 58 0 0 67 4 19 38 0 0 82 0 19 95 0 52 0 6 0 0 38 38 4 0
 0 0 71 7 43 0 0 0 0 0 69 57 0 0 0 0 6 0 0 0 36 0 0 0 0 0 18 0 39 72 0 1 0 0 0 18 29 65 0 3 77 28 87 0 0 0 17 0 24 0 20 0 6 18 1 0 0 0 2 19 0 0 63 34 31 0 77 76 10 0 17 0 0 50 0 75 52 0 54 59 0 0 57 0 0 0 90 0 0 0 0 0 6 0 51 2 0 26 20 0
 0 26 25 0 25 0 0 30 23 0 0 50 2 0 0 0 0 9 0 0 6 0 0 41 2 1 0 55 0 79 17 0 0 59 0 0 0 0 0 0 21 37 34 0 0 37 45 16 0 0 16 0 43 0 48 93 0 1 10 4 12 0 57 0 0 29 4 0 4 31 0 0 0 0 0 0 0 0 15 6 0 0 37 0 0 0 59 0 81 0 0 19 0 14 21 0 0 0 0 31
 0 62 0 48 36 38 5 34 0 0 0 39 44 23 0 2 0 13 19 2 17 23 2 52 0 0 0 26 55 64 74 0 0 0 68 8 20 2 4 37 48 26 48 0 0 11 44 0 78 0 37 1 7 0 0 70 0 0 0 51 0 0 0 0 26 0 0 19 0 41 70 0 35 30 28 23 19 0 0 65 68 47 53 0 76 16 0 0 8 0 0 0 0 20 0 0 0 0 0 0
 11 19 0 0 0 0 43 2 0 23 0 60 0 0 0 0 0 25 78 0 0 44 4 78 0 0 0 53 0 12 0 0 0 0 0 16 0 27 0 0 50 0 0 3 0 5 0 0 6 0 54 0 9 14 0 0 0 9 0 34 0 0 0 22 15 0 29 0 39 0 39 0 0 0 0 0 38 0 0 0 45 77 45 2 63 0 0 5 44 0 4 0 35 14 27 25 0 0 0 0
 0 0 13 0 0 33 0 34 0 9 0 3 24 0 69 0 26 9 11 0 0 24 0 26 28 1 19 0 0 0 0 55 57 18 48 0 19 54 0 0 0 0 22 72 0 87 3 83 36 33 0 0 0 70 33 31 0 0 0 63 0 14 0 0 52 3 44 12 17 20 15 36 46 40 0 0 22 4 0 33 0 59 71 40 0 85 46 25 0 1 16 0 83 0 10 0 26 0 0 39
 60 17 0 26 0 32 0 0 0 0 0 77 0 12 15 52 58 0 27 26 29 95 0 0 0 0 0 19 76 54 0 7 0 2 20 0 0 0 3 6 2 16 27 0 1 0 15 0 14 27 61 3 46 0 9 71 45 0 23 0 0 27 79 0 0 53 0 32 4 0 55 0 33 52 82 0 24 62 0 0 33 0 0 31 3 16 49 32 0 73 19 2 0 30 0 53 0 25 0 0
 17 0 76 0 0 21 0 11 4 0 0 0 26 37 0 19 0 0 0 0 0 8 51 0 41 0 0 30 28 43 29 0 0 0 0 0 6 52 0 52 8 0 0 21 57 0 51 31 0 5 11 0 0 0 54 54 0 29 0 5 0 0 51 0 0 17 0 0 53 0 56 0 0 84 0 0 67 8 0 39 93 0 30 28 60 0 3 29 62 0 0 0 0 0 40 9 0 0 26 6
 76 10 0 0 0 0 0 0 0 0 70 16 0 88 0 66 70 11 0 48 28 0 73 14 0 52 48 0 20 34 0 18 17 0 44 0 0 27 0 0 0 0 9 31 0 32 0 37 23 38 30 33 0 6 0 17 0 0 0 0 50 0 0 0 0 0 27 68 28 0 19 17 0 5 95 44 66 8 0 0 36 0 5 0 0 0 25 0 0 0 0 0 0 21 0 0 65 54 26 0
 0 30 0 44 55 48 41 0 0 0 40 0 24 62 59 0 0 0 0 0 48 0 60 0 1 44 29 2 17 62 12 38 55 23 0 0 41 0 24 36 18 0 29 7 0 0 0 0 0 21 48 0 38 76 0 0 29 0 0 0 0 0 54 9 10 0 31 0 45 0 10 12 5 9 0 37 8 0 0 21 5 0 10 0 0 0 0 61 0 0 0 25 89 44 0 3 38 0 0 0
 0 0 0 64 55 0 54 0 46 0 7 0 0 0 22 0 0 72 0 29 15 0 0 5 16 15 0 3 76 45 0 0 0 0 15 34 3 0 27 0 56 0 24 42 8 0 4 8 4 87 5 58 19 0 0 0 56 0 34 0 0 0 0 0 11 0 0 0 1 0 0 0 0 0 0 0 50 19 28 44 39 0 23 0 0 60 54 23 0 13 0 0 15 44 6 0 88 0 0 66
 0 45 0 45 0 21 73 0 96 0 48 0 33 3 10 0 69 0 56 10 14 0 33 0 38 0 0 0 60 0 11 1 40 0 0 14 35 0 65 0 56 14 24 31 37 0 79 7 77 39 35 77 0 67 70 0 0 31 0 0 30 12 31 84 0 11 0 1 9 8 38 0 0 0 0 19 0 49 0 0 33 0 19 34 10 42 22 0 0 61 0 20 54 0 8 28 25 0 57 9
 0 0 3 0 0 40 0 22 0 0 0 0 0 32 0 41 0 0 0 28 0 61 0 30 0 0 0 14 33 0 16 0 0 0 0 0 0 8 29 9 0 5 44 2 30 14 0 0 0 0 0 0 0 41 2 0 0 0 0 0 0 20 0 27 18 41 38 0 0 32 18 35 4 50 26 70 0 16 94 0 0 0 31 50 0 45 58 30 0 0 0 0 22 0 63 0 7 45 27 0
 19 15 1 0 1 24 0 11 73 0 18 56 79 0 0 0 0 0 52 15 0 0 53 53 0 0 0 81 1 0 0 49 0 82 56 0 79 68 0 0 0 18 0 7 33 3 0 0 8 0 0 34 20 79 0 4 0 71 0 22 0 0 49 18 9 0 24 0 0 0 8 0 32 0 12 0 0 46 72 20 0 43 0 9 29 14 36 0 60 0 0 13 0 0 95 0 0 57 0 0
 0 0 21 6 17 4 18 0 6 0 0 0 0 16 0 25 5 0 58 26 8 1 0 0 0 29 63 36 0 15 26 56 0 0 0 0 48 0 24 0 0 65 34 41 0 78 53 25 0 21 54 0 44 0 5 0 0 0 0 5 0 0 33 78 0 5 0 10 16 0 0 78 0 0 0 0 0 0 53 17 100 0 0 11 24 66 3 0 59 0 50 24 7 0 65 54 72 25 9 0
 51 0 29 3 44 0 0 2 0 0 0 0 19 55 16 24 82 38 0 0 26 0 0 0 47 33 0 23 7 0 45 80 40 0 7 43 0 0 14 0 0 17 0 5 0 0 0 0 32 0 42 0 0 19 0 8 42 0 77 0 0 0 70 0 0 0 0 6 43 0 0 0 20 63 39 5 48 17 4 0 18 51 0 19 75 0 29 28 61 64 0 33 34 25 0 0 15 0 0 9
 0 33 0 36 0 0 0 0 52 9 66 20 38 0 24 78 0 36 0 9 80 66 0 0 54 20 5 0 0 0 0 0 0 48 39 2 5 4 63 0 0 55 46 0 84 27 47 39 0 19 0 19 27 18 0 87 30 67 0 46 43 0 0 11 0 0 0 0 0 0 0 0 39 0 0 0 0 0 0 39 72 11 50 0 0 0 26 0 1 0 20 39 0 51 0 0 0 4 0 0
 0 12 0 0 0 54 0 0 20 46 23 38 0 0 0 10 0 32 0 0 0 8 14 0 58 0 24 0 57 0 0 0 4 0 0 42 12 0 29 54 33 17 0 0 8 0 0 2 5 0 5 74 8 3 0 7 38 0 0 0 13 0 0 0 48 53 0 10 0 73 0 0 0 0 7 18 7 0 0 0 0 0 25 30 0 0 52 6 24 0 0 0 0 1 0 55 0 0 0 0
 0 0 13 0 21 0 10 3 76 0 35 0 10 24 0 0 75 0 0 4 0 29 0 0 0 56 0 43 0 100 33 0 0 0 0 0 0 0 0 0 0 0 92 7 14 57 54 33 8 21 0 0 0 33 0 41 7 0 2 10 16 23 66 54 0 2 2 10 24 0 0 71 0 0 25 46 11 0 56 0 0 0 29 20 75 19 31 0 0 5 11 46 66 0 0 24 6 0 16 0
 0 26 91 13 27 0 33 26 58 23 0 10 0 0 2 0 9 55 25 0 38 28 0 0 0 1 57 0 0 73 0 12 0 0 3 23 78 0 0 0 6 0 0 0 6 0 0 13 0 30 0 0 0 22 9 0 0 75 22 23 43 7 44 38 42 0 14 9 47 0 28 0 0 80 20 69 0 0 0 0 0 0 4 14 0 57 25 0 39 26 0 0 21 73 0 0 0 16 69 0
 0 55 0 38 0 8 44 0 0 0 0 0 0 42 19 0 0 0 0 0 7 27 39 28 0 0 56 0 34 4 0 0 0 0 14 68 28 0 0 39 0 0 0 0 7 23 18 65 0 0 0 24 0 51 0 0 18 0 0 39 1 20 77 82 0 0 0 0 0 7 43 0 0 0 0 16 0 0 0 0 0 0 0 0 0 0 95 44 0 0 0 0 46 60 4 16 78 42 0 0
 76 22 19 0 39 0 0 43 0 45 13 56 72 0 0 33 28 0 0 0 0 0 36 0 0 29 0 44 69 78 64 0 18 16 7 36 5 17 0 0 9 0 0 60 0 76 2 9 0 0 0 62 0 22 0 44 0 35 17 0 0 14 27 20 36 42 26 66 47 6 0 0 0 0 59 0 0 48 0 27 72 0 43 0 16 49 0 14 4 3 0 0 19 0 39 0 21 0 0 9
 47 5 0 6 0 0 0 0 6 67 59 15 57 0 27 66 0 15 0 0 0 11 20 16 0 41 15 0 22 5 28 28 0 11 44 0 0 0 71 0 94 41 0 65 38 0 48 0 0 0 0 0 0 38 0 18 0 21 0 36 0 7 0 29 0 0 0 57 0 0 0 9 19 0 19 3 62 66 28 0 0 0 0 0 70 0 24 0 80 0 65 0 8 0 0 17 0 0 0 9
 0 7 48 71 11 0 44 59 0 65 59 0 4 0 0 0 21 10 0 0 0 0 0 9 0 21 0 0 0 14 0 0 0 0 47 7 0 46 46 16 0 0 0 0 0 0 29 0 0 0 0 0 0 10 0 6 36 2 66 0 0 2 0 53 0 0 0 5 33 41 60 0 0 34 65 3 0 0 49 31 30 0 35 32 0 0 29 0 10 0 59 0 0 14 0 0 64 21 0 0
 18 0 0 24 0 0 15 54 0 50 49 0 0 59 0 0 32 41 0 0 20 91 22 58 37 0 0 0 23 27 0 0 1 22 0 0 0 0 6 9 0 0 63 7 0 0 0 1 18 56 66 22 23 48 75 39 55 0 0 40 0 0 0 0 0 35 39 68 61 32 0 0 0 13 45 23 55 82 3 37 0 40 0 59 0 17 61 3 0 0 40 13 55 0 20 2 0 0 0 0
 0 89 8 50 0 0 31 16 0 29 0 15 45 22 0 0 11 29 0 0 0 3 16 55 3 27 22 13 40 46 9 0 22 0 0 0 0 19 0 0 0 0 67 0 0 3 0 19 2 22 0 20 42 49 10 0 0 49 0 4 0 54 38 0 0 15 0 52 0 21 3 26 0 0 5 0 14 0 73 0 0 0 0 50 0 14 54 12 70 43 0 27 13 0 79 0 48 0 0 35
 66 6 2 0 0 0 0 57 36 31 0 49 26 0 37 0 0 0 0 23 0 0 0 0 71 83 0 29 0 0 6 50 49 53 37 0 0 0 20 62 0 0 71 0 34 0 10 21 36 0 0 30 0 0 26 35 0 76 22 1 0 0 3 95 0 18 49 0 45 66 0 0 36 17 23 0 0 0 0 23 0 0 30 0 0 0 0 0 0 63 0 0 4 0 0 19 48 25 51 13
 54 18 16 0 55 0 0 25 0 0 2 3 30 0 0 0 35 0 0 0 0 0 0 15 26 0 0 0 0 16 14 25 0 0 0 21 60 0 11 0 0 0 2 90 0 22 3 0 0 0 0 60 7 12 0 0 0 5 8 49 74 11 61 12 18 46 0 28 0 0 0 24 0 8 0 0 0 1 13 8 9 0 0 0 23 0 0 30 6 0 25 83 32 87 80 0 4 21 0 0
 0 0 11 0 0 8 65 0 0 0 27 64 37 0 0 35 0 0 0 0 0 0 93 93 27 0 0 0 0 34 0 0 51 0 0 36 0 8 0 0 3 29 0 30 0 52 0 30 13 0 0 45 36 56 52 11 0 52 40 3 4 11 0 0 1 0 35 0 0 56 0 0 77 0 5 13 0 0 0 0 0 43 35 23 5 43 0 0 84 9 0 0 39 0 23 68 43 0 0 0
 0 20 40 38 26 0 0 0 0 0 0 0 0 4 0 38 0 0 0 26 26 0 10 39 0 93 22 0 42 97 0 64 22 69 0 37 42 0 0 44 0 0 0 98 61 48 0 0 57 3 0 0 51 25 24 25 0 0 32 0 43 23 36 0 0 22 32 0 68 42 0 11 0 0 5 0 71 0 59 33 0 1 30 0 0 24 0 6 0 38 0 20 0 48 0 7 51 0 0 3
 43 0 18 45 0 0 16 0 3 0 21 9 0 0 14 89 0 20 22 0 9 0 0 0 0 0 0 0 0 0 0 0 34 0 17 19 0 0 18 22 0 0 51 21 5 0 63 0 0 0 0 46 0 0 0 44 0 18 0 21 0 32 0 44 0 48 0 6 57 28 7 0 0 50 0 0 0 0 0 13 0 0 85 48 0 17 0 0 73 0 44 0 0 0 0 0 69 0 0 0
 0 0 0 0 0 9 8 0 0 0 0 66 2 27 0 10 60 39 0 0 0 6 0 0 1 29 0 10 85 27 41 2 0 0 16 0 47 19 0 90 0 0 0 1 20 7 62 0 0 4 60 34 35 0 0 6 31 0 21 0 0 0 0 12 48 0 0 0 28 68 22 29 0 23 0 7 33 45 0 0 0 54 0 31 4 0 0 20 7 0 70 57 0 0 3 10 10 85 0 69
 19 0 23 30 0 9 0 0 0 0 0 9 10 32 0 88 0 0 0 12 0 0 8 37 0 0 48 0 7 0 14 22 46 55 0 27 2 0 0 48 0 0 0 0 17 0 43 0 14 0 60 0 21 58 36 0 0 0 0 67 0 57 23 52 18 53 0 0 12 38 2 27 42 0 0 8 2 0 0 0 0 71 28 56 0 0 35 30 45 21 19 22 0 14 41 9 21 48 39 33
 0 53 45 0 51 5 4 0 13 49 0 0 0 0 7 0 9 0 0 8 0 0 66 16 34 89 41 15 59 24 0 8 8 18 57 23 0 30 50 12 2 34 52 15 0 53 0 4 0 0 28 0 0 0 0 0 59 40 0 30 64 13 0 0 0 0 34 12 0 25 79 0 28 0 20 13 0 0 19 8 45 0 77 38 39 10 12 0 0 4 14 0 0 21 14 0 46 0 0 75
