200
 29 0 70 0 0 0 0 78 0 8 16 4 0 20 0 68 59 54 52 2 55 0 82 0 0 0 0 0 0 47 0 73 26 54 50 40 60 16 47 0 51 0 0 0 0 0 0 0 0 0 34 0 76 0 0 0 24 10 0 14 0 0 97 0 30 23 16 0 54 45 86 0 0 0 59 0 49 0 17 54 0 22 9 0 1 23 57 0 0 0 0 0 52 0 0 0 0 74 26 35 23 0 0 0 0 0 0 0 2 0 0 0 42 0 29 0 25 62 27 45 0 0 0 25 71 19 0 71 0 0 0 8 0 5 35 0 0 12 0 0 30 0 10 58 0 10 81 32 0 0 4 20 40 0 0 46 0 6 35 0 0 95 0 94 59 23 0 30 0 57 0 0 0 68 94 24 17 0 26 68 14 0 0 48 24 31 0 0 0 0 40 26 0 0 53 0 0 46 0 0
 28 96 8 0 0 0 0 0 9 0 0 7 0 0 62 57 0 0 4 0 0 0 0 52 0 21 0 63 0 20 70 0 43 0 6 2 0 0 28 1 0 71 0 0 0 0 0 14 72 22 3 0 2 6 28 0 23 44 40 0 64 0 0 0 6 5 0 42 0 18 0 0 0 0 0 0 32 26 0 7 69 17 0 29 0 0 6 0 29 0 21 14 29 27 0 13 25 98 0 0 0 0 0 0 4 0 62 0 0 0 0 32 30 0 48 48 79 18 0 82 0 51 0 60 0 9 0 8 0 47 12 11 0 0 20 0 0 0 70 0 0 0 2 0 0 0 0 0 23 59 34 35 81 0 17 0 30 0 4 44 0 9 0 0 0 50 27 0 0 0 0 0 7 32 47 24 24 0 31 7 0 12 0 0 0 0 14 0 60 0 0 68 6 84 0 81 0 0 0 56
 0 0 98 21 0 0 0 10 0 16 0 0 18 11 0 0 0 31 0 0 0 20 4 78 0 31 33 0 0 0 0 0 0 0 0 0 0 0 32 57 20 85 0 14 0 0 0 86 0 0 0 2 50 10 31 0 0 34 31 0 0 0 50 0 0 0 0 0 0 28 0 10 0 0 27 28 0 62 0 89 0 0 0 0 0 0 7 0 0 0 24 14 53 67 0 0 22 0 0 41 0 0 63 65 0 0 0 53 82 13 0 0 16 0 76 11 0 0 0 8 90 77 0 38 0 29 11 26 0 43 0 0 37 24 59 0 0 0 0 0 52 0 0 2 0 1 0 51 0 0 0 0 0 0 0 33 2 2 0 47 0 60 61 0 53 0 0 0 12 0 35 0 0 0 0 30 0 63 0 0 0 2 0 0 0 0 30 0 30 0 0 0 0 51 0 16 0 0 0 56
 19 22 0 78 0 34 26 64 82 0 31 7 46 0 0 0 0 0 0 0 0 0 11 0 0 0 9 12 0 0 0 0 66 0 0 0 79 0 0 57 33 29 19 16 0 0 0 0 35 0 0 18 0 2 78 3 0 0 9 0 0 0 0 0 23 0 53 0 35 0 0 14 0 0 0 0 0 0 24 0 0 22 33 15 25 2 27 43 62 0 16 0 0 5 0 0 0 54 0 61 0 0 30 14 34 16 7 0 0 0 0 17 0 0 0 3 1 0 0 0 0 9 0 44 66 41 31 0 65 0 13 3 0 0 0 0 0 17 0 28 51 0 20 0 0 91 71 34 16 16 14 43 0 55 38 89 0 0 0 0 20 0 0 15 0 13 0 0 0 0 0 1 19 0 0 73 30 0 0 38 0 0 38 0 0 0 26 0 29 0 4 0 0 21 5 25 0 27 21 0
 38 8 43 12 47 0 0 69 21 0 0 0 0 39 0 0 15 50 0 40 5 78 0 18 0 32 1 0 98 92 49 0 57 0 33 44 0 0 56 38 28 0 34 0 75 0 0 60 54 6 0 11 0 30 0 0 0 26 29 0 0 14 6 24 0 0 30 0 0 8 0 0 14 0 0 0 0 15 15 0 2 0 23 0 2 8 0 36 0 0 4 0 0 0 0 0 0 0 0 0 0 26 31 15 0 27 56 0 47 18 0 69 0 12 50 42 0 0 20 0 78 0 0 26 40 0 0 0 8 33 13 0 0 14 3 0 6 26 0 0 67 19 15 48 0 2 11 11 24 0 32 0 0 4 0 30 38 11 28 0 45 63 15 0 0 0 8 9 55 0 0 0 0 1 17 0 0 83 69 71 46 0 0 11 0 74 0 35 0 0 23 24 0 0 0 24 0 10 0 15
 21 30 79 0 30 4 6 5 42 0 0 5 7 0 0 24 28 38 8 0 0 48 0 42 0 44 36 13 0 0 22 31 0 18 0 29 0 26 16 70 60 0 0 0 64 0 0 40 14 0 11 48 14 0 0 15 0 0 0 40 0 29 69 0 21 28 0 0 1 9 15 0 0 0 0 0 31 0 0 53 0 0 94 0 0 44 0 5 10 23 0 3 23 0 19 0 8 24 6 0 9 18 0 0 0 50 0 20 0 39 0 33 0 0 62 0 0 55 0 0 0 7 0 3 0 39 0 44 21 33 3 12 61 0 0 0 72 0 0 0 79 0 91 41 0 0 0 92 68 0 33 0 8 0 57 9 41 0 12 10 43 66 17 0 16 38 52 0 0 0 0 0 0 25 0 0 46 0 0 0 50 0 0 0 0 12 4 0 52 0 0 0 34 41 0 0 5 72 0 44
 5 25 50 0 22 0 68 48 0 0 16 0 35 0 8 46 0 0 0 17 57 0 0 30 0 0 0 0 49 15 83 0 32 0 0 3 0 0 57 0 35 56 8 0 0 0 0 20 0 0 0 0 13 42 72 57 2 39 0 0 24 0 0 43 0 0 0 0 0 0 0 0 0 0 56 0 60 0 23 69 72 0 0 0 65 0 0 0 31 2 0 0 0 2 0 0 0 51 0 0 0 38 0 68 0 0 28 0 0 17 0 74 29 0 54 4 2 0 18 4 42 61 10 44 4 59 78 0 74 0 56 25 0 2 0 29 14 46 51 57 59 0 2 0 0 0 0 0 27 0 0 84 0 75 18 24 0 0 48 0 0 0 0 0 26 40 33 42 12 50 0 0 0 24 68 55 12 0 0 0 0 0 0 0 0 0 63 47 66 40 0 25 0 4 28 0 29 0 0 0
 0 44 0 0 0 0 0 64 0 1 38 0 66 14 0 0 62 0 0 0 0 17 0 0 0 0 0 65 0 0 0 7 64 48 0 0 0 0 0 90 0 51 7 0 13 0 68 0 0 0 23 6 26 0 0 56 0 0 57 34 0 2 0 0 35 0 22 0 0 68 39 37 0 0 0 0 7 30 62 0 0 26 65 12 0 71 0 0 11 7 69 0 0 0 0 13 0 13 0 0 0 36 62 13 0 0 0 0 0 0 29 0 24 7 0 89 46 0 0 11 0 9 0 30 36 53 0 0 0 15 0 0 0 0 83 0 0 15 85 33 83 13 1 0 0 0 20 0 0 31 33 23 0 0 31 0 0 69 0 0 0 13 46 0 65 0 0 3 0 0 14 8 7 87 21 0 54 0 0 73 53 0 28 0 23 20 2 0 0 0 0 0 0 0 21 0 10 0 0 35
 37 0 5 0 0 0 38 40 51 3 56 29 24 0 67 0 0 0 10 0 0 10 0 0 57 0 0 0 13 0 29 0 0 0 0 0 22 34 97 17 0 0 0 0 46 69 15 33 0 0 0 0 26 0 13 0 0 0 9 20 36 0 76 0 0 0 0 0 11 91 82 0 12 0 6 9 0 0 19 69 0 26 0 27 5 2 0 0 33 74 67 0 6 5 51 5 11 0 0 40 0 12 8 0 70 0 47 91 6 47 0 0 0 45 94 0 0 0 53 18 0 23 0 0 0 76 0 37 85 0 31 0 40 0 0 0 17 0 0 0 0 0 0 30 9 0 64 6 0 0 0 86 1 40 0 0 0 18 2 46 25 25 0 0 9 0 0 0 26 51 0 0 0 35 88 50 0 4 0 48 0 0 0 0 53 0 47 0 0 0 0 8 29 0 0 7 83 0 6 0
 0 0 0 35 3 23 86 0 0 10 0 38 0 36 60 0 0 0 11 33 0 57 0 43 0 0 12 4 0 0 2 45 0 0 0 35 84 0 0 0 10 43 0 0 0 9 48 21 0 0 28 0 85 9 2 70 0 28 6 16 4 0 0 0 8 0 0 0 31 29 0 8 68 0 0 71 0 13 0 0 47 0 0 94 0 0 0 0 40 14 0 0 0 52 0 0 0 3 23 6 49 0 0 13 0 0 39 0 0 0 0 0 0 78 76 70 0 0 2 29 0 0 0 0 0 0 0 0 37 36 43 0 0 19 47 0 0 10 36 17 0 0 42 76 0 0 0 0 0 0 0 0 0 0 62 0 31 0 0 20 0 22 64 0 0 40 0 13 0 67 78 84 43 0 3 0 9 0 29 0 77 0 9 0 30 1 0 0 0 44 56 0 0 46 41 5 0 0 0 32
 0 92 74 0 26 5 0 0 0 70 53 0 7 29 0 67 28 67 0 0 51 0 48 0 0 0 0 54 0 0 8 11 0 0 48 0 0 0 1 0 0 23 0 14 0 27 2 39 3 0 0 0 41 0 5 0 6 0 62 15 50 0 6 0 18 7 0 43 62 36 0 0 0 83 0 18 31 41 0 0 0 63 0 19 0 7 19 0 0 16 12 0 40 26 0 4 87 57 0 43 68 4 0 0 0 27 36 0 12 0 44 0 76 0 0 0 0 60 0 0 9 35 19 36 0 32 26 22 30 30 0 89 0 0 36 54 17 24 0 0 9 0 21 47 8 14 1 0 63 0 0 11 10 57 27 0 0 63 11 25 0 0 0 51 12 27 21 0 0 0 0 0 44 0 75 36 0 0 0 0 0 0 2 32 46 0 2 12 0 0 0 8 0 0 36 0 0 0 0 0
 0 0 13 0 55 0 47 58 0 0 48 71 37 46 9 50 0 23 3 33 1 0 0 16 54 0 83 13 0 0 41 0 32 32 79 0 68 0 0 0 11 0 63 8 0 48 0 0 4 0 62 0 38 0 0 0 0 0 0 0 0 0 60 0 4 74 33 0 76 0 0 10 46 35 0 33 0 44 71 0 0 5 39 2 0 41 30 0 0 61 0 42 0 0 0 0 0 21 60 0 0 69 0 16 43 0 27 0 0 0 31 0 0 7 0 0 0 14 0 10 0 64 0 31 0 0 0 7 65 83 0 0 15 39 32 38 2 0 51 5 2 25 0 7 0 0 32 7 0 50 0 0 0 0 18 0 0 0 0 0 0 4 0 0 0 43 0 0 26 0 22 0 0 79 0 34 5 0 69 15 0 0 0 38 6 8 0 6 12 0 12 0 0 33 20 20 0 0 35 11
 2 54 0 0 65 0 0 0 0 11 0 0 100 0 0 82 0 0 0 13 0 0 5 45 0 0 19 65 20 20 64 0 0 49 22 62 73 52 24 61 0 0 0 0 0 17 48 63 18 0 3 0 0 58 3 31 0 0 0 22 0 0 56 0 0 2 0 0 73 0 7 0 0 36 58 0 0 7 0 12 45 6 0 67 0 0 38 0 0 46 0 0 42 74 0 55 26 0 2 34 25 19 36 0 0 0 14 0 21 16 14 20 61 0 23 0 0 2 0 0 0 12 12 0 15 7 22 16 76 67 0 0 7 44 0 0 35 0 0 0 0 10 8 82 26 0 32 40 18 0 25 27 0 7 0 0 0 0 0 43 8 0 58 0 0 0 22 0 0 0 19 38 19 14 0 58 0 0 0 0 32 0 53 22 0 67 0 0 0 0 18 0 24 0 0 0 5 30 80 20
 0 67 0 22 0 31 2 0 57 0 0 0 0 7 25 0 0 48 0 0 24 14 23 0 0 0 41 0 0 76 0 20 0 75 43 54 0 4 0 0 0 19 79 0 79 0 0 47 41 0 0 0 3 0 65 12 0 62 0 16 0 75 0 0 0 61 2 43 0 19 0 31 0 21 13 10 0 44 19 4 5 0 0 29 44 1 83 35 0 27 13 54 33 56 0 0 31 7 0 0 0 0 0 69 17 30 0 31 0 0 19 0 0 24 30 0 44 0 0 25 47 10 0 0 36 0 0 0 0 0 23 4 0 43 0 0 19 58 53 9 64 0 0 79 33 0 6 5 0 0 0 23 0 64 2 0 0 56 4 0 32 18 7 0 67 57 0 0 40 0 0 22 0 62 0 89 0 58 0 0 0 0 39 10 57 25 1 0 59 6 0 13 79 65 32 21 0 0 6 0
 23 0 49 24 7 21 0 36 0 0 17 0 53 0 49 3 67 0 0 0 0 0 57 35 41 15 0 63 71 0 0 34 84 6 9 0 0 0 73 0 50 32 0 45 23 0 0 13 6 0 0 23 25 15 12 0 0 0 36 12 0 0 18 0 15 19 0 0 68 3 26 0 19 0 7 5 0 0 0 0 0 0 16 14 63 58 0 60 0 53 56 5 0 0 34 0 16 0 3 0 0 46 36 3 0 0 52 12 0 0 6 33 63 16 0 0 0 69 0 0 0 0 0 38 0 0 2 17 0 0 3 42 15 32 0 0 0 0 44 0 21 0 20 34 0 29 53 0 0 0 0 32 66 0 0 0 34 0 0 0 38 0 76 29 0 37 20 0 53 0 31 36 0 0 0 0 47 0 13 19 0 17 0 37 42 33 73 0 82 0 56 0 34 0 0 38 0 0 0 0
 0 0 0 14 11 0 0 29 23 58 0 0 0 20 0 33 0 0 13 0 0 66 0 0 0 5 86 0 45 64 0 60 13 0 56 27 31 0 5 40 0 43 25 69 0 11 22 6 53 0 2 0 5 62 0 9 9 0 65 0 65 11 0 39 0 24 75 0 65 25 6 0 23 0 0 0 0 16 0 0 59 0 0 8 0 0 0 0 66 5 0 20 0 0 18 17 8 30 58 0 53 57 2 29 36 4 0 71 0 62 0 0 88 22 75 0 0 0 0 0 0 35 0 33 0 0 33 8 84 16 0 9 0 9 26 30 0 84 0 0 35 2 0 3 0 11 0 0 0 0 0 0 0 14 0 59 0 0 0 0 0 17 0 90 79 25 87 31 0 0 0 0 0 0 42 8 44 69 0 0 15 52 0 44 0 6 68 0 13 87 85 5 0 0 0 0 78 31 26 0
 0 8 21 4 0 0 63 0 10 72 0 2 5 26 0 17 59 10 5 0 78 13 58 0 0 0 0 2 67 0 3 25 0 15 0 0 0 27 0 33 0 0 35 0 61 0 0 0 0 0 0 73 0 39 65 29 20 33 0 58 0 0 0 0 60 0 1 7 19 0 68 0 31 67 12 0 0 0 0 0 24 50 32 0 37 9 0 13 0 0 13 25 50 0 15 9 0 0 53 48 0 0 58 44 14 34 0 0 0 10 0 0 55 0 0 0 0 0 0 35 0 7 0 0 2 3 0 11 9 0 57 19 0 0 41 40 0 0 0 17 43 0 81 43 0 58 0 0 0 0 0 0 0 0 0 83 73 0 13 0 0 60 0 60 0 34 38 30 0 0 0 0 60 0 0 31 48 50 83 0 0 0 16 0 0 0 35 0 0 22 0 38 32 0 1 0 0 1 11 3
 0 16 0 22 0 0 0 6 29 36 0 0 85 0 93 1 0 50 21 5 0 6 0 0 14 1 26 48 35 0 66 40 6 0 0 0 0 22 0 0 0 0 86 58 0 82 17 0 0 0 25 0 0 0 0 7 22 0 0 41 39 0 22 77 0 0 0 2 49 0 18 0 0 34 0 0 15 0 0 0 0 35 7 0 0 5 71 39 50 0 49 5 0 10 0 36 0 0 0 21 0 1 34 36 0 0 0 6 19 0 16 0 0 0 41 0 20 3 3 28 0 18 21 0 0 36 74 23 0 20 0 41 23 0 15 19 37 33 44 0 0 0 0 4 0 0 0 0 0 0 0 0 7 55 0 0 38 0 0 47 0 0 0 0 0 0 61 0 0 69 0 0 10 16 3 72 0 9 23 0 0 30 0 0 28 0 0 15 18 0 0 0 0 0 0 14 18 37 0 34
 0 0 63 60 41 0 7 49 0 0 0 0 56 42 17 0 0 0 76 0 0 0 54 24 36 0 0 2 26 0 47 64 0 0 75 18 0 39 0 39 30 0 57 28 23 24 2 0 0 0 0 0 37 37 64 0 9 0 0 0 10 69 0 45 0 8 29 32 29 8 70 26 0 30 0 29 28 6 52 0 0 0 0 59 38 0 4 0 30 0 0 0 0 54 0 0 16 0 0 0 15 70 78 0 0 92 0 0 58 5 41 0 12 22 0 41 3 0 13 0 68 0 29 0 43 12 0 0 67 36 0 15 0 0 0 0 48 60 0 0 0 0 0 0 46 64 40 0 0 0 0 42 66 54 26 57 36 0 68 0 0 28 11 0 0 42 3 27 0 0 71 0 91 18 0 7 22 3 98 43 2 14 64 0 0 0 33 0 0 49 44 19 0 16 11 0 5 0 89 0
 0 37 20 23 0 4 0 51 52 0 48 0 0 38 86 30 31 0 21 79 44 0 0 10 81 0 0 33 7 26 0 7 28 33 90 0 0 0 0 2 0 5 34 0 8 28 13 0 3 0 0 0 0 39 0 0 7 0 0 71 18 55 82 0 0 6 35 25 52 0 34 15 61 0 28 18 0 0 0 8 0 0 77 0 12 0 0 21 63 3 30 45 0 17 35 0 11 0 33 91 2 0 34 46 0 0 43 0 4 54 39 0 43 23 59 41 9 32 8 30 0 35 0 0 0 86 0 0 59 33 0 0 0 29 0 47 0 0 29 0 0 0 0 0 1 8 0 58 0 21 0 39 0 15 57 0 17 0 6 0 11 31 0 56 43 0 32 14 0 0 54 58 0 27 9 0 4 19 0 60 4 50 23 0 33 19 0 0 0 0 0 1 0 0 63 0 15 4 57 0
 0 45 57 3 0 46 0 13 6 22 0 0 61 0 98 7 0 65 11 0 63 6 0 55 0 0 20 57 0 0 46 88 0 0 26 0 0 71 52 13 0 0 0 0 50 40 0 0 3 0 39 22 69 61 71 0 13 13 4 0 18 57 0 34 0 51 83 28 0 24 38 0 16 0 80 17 0 0 34 0 29 25 48 0 42 0 51 0 10 0 48 0 3 0 0 14 6 40 46 24 0 16 0 27 10 0 0 70 32 15 0 0 46 14 0 66 12 14 0 0 45 20 0 43 0 0 30 0 0 15 59 0 0 20 19 24 49 0 0 56 4 0 0 0 16 4 57 0 0 9 0 0 0 0 0 77 19 0 18 0 0 47 0 17 0 39 18 0 32 20 0 48 0 0 0 40 0 0 0 0 0 16 59 14 0 0 29 0 12 32 0 0 0 0 59 0 0 29 0 39
 4 67 0 13 0 0 69 0 0 0 42 46 15 0 34 0 0 0 30 4 0 87 0 39 0 13 0 84 0 63 0 60 58 0 9 0 0 0 54 0 0 0 20 19 0 34 18 0 46 0 0 1 0 0 0 32 0 72 1 0 0 0 0 43 6 49 0 0 0 0 0 0 81 0 0 32 45 0 0 0 5 0 11 44 0 0 17 0 15 6 0 0 12 12 0 46 7 68 0 0 0 0 0 0 0 0 0 0 0 0 4 0 0 11 29 0 9 0 0 0 34 0 0 52 22 23 0 42 31 1 0 0 33 0 0 0 0 19 24 2 14 0 0 0 0 0 0 0 30 5 32 0 47 1 0 0 0 5 54 72 0 0 17 0 17 28 17 16 0 0 0 0 11 0 0 16 38 0 75 0 87 1 0 0 38 63 35 18 6 13 21 6 1 0 11 35 7 0 0 39
 0 47 0 0 26 14 0 57 62 23 0 5 0 0 0 29 0 26 0 69 75 66 71 10 0 22 0 9 55 11 3 3 0 22 68 0 52 0 44 5 0 0 24 9 0 0 16 0 20 51 23 75 0 0 62 0 0 0 0 0 80 8 50 47 0 0 15 0 6 9 22 10 0 0 0 59 0 0 16 0 0 0 0 0 0 0 61 0 0 0 49 0 22 36 0 33 1 28 10 23 0 11 46 0 36 27 32 41 29 31 0 0 0 78 58 29 0 0 5 0 20 22 0 0 18 44 53 0 0 37 9 0 0 0 0 12 0 49 0 0 0 0 54 6 54 76 0 0 0 0 7 0 19 29 47 33 28 21 0 32 68 66 0 0 0 0 78 20 22 0 0 0 0 31 0 0 15 38 30 74 0 0 51 47 10 60 0 57 0 37 46 0 0 0 42 0 0 0 0 0
 70 0 0 42 0 0 0 9 56 0 89 0 0 39 0 25 28 59 0 0 0 0 0 13 0 0 0 8 0 72 0 36 0 0 0 0 13 0 46 0 0 0 12 0 52 0 22 0 24 68 8 0 0 53 0 0 27 0 0 0 28 1 9 68 0 13 31 0 25 0 13 0 17 0 86 0 0 65 82 73 15 33 0 17 0 0 48 0 0 0 0 0 7 34 66 0 77 44 24 0 86 96 37 23 0 33 0 12 10 4 90 74 14 70 0 62 53 0 55 54 66 68 6 32 48 0 8 0 19 0 13 2 0 61 0 0 0 0 12 72 0 0 51 75 5 37 82 0 0 10 0 0 0 38 0 0 0 0 0 74 0 0 0 16 0 0 29 0 0 0 0 13 0 0 26 0 0 41 0 40 19 9 0 0 0 3 25 17 6 0 0 71 37 4 25 0 0 47 32 0
 18 18 31 38 46 73 86 14 0 56 15 0 22 77 0 30 66 0 0 0 52 35 4 86 7 0 18 0 57 0 13 63 0 56 0 0 0 0 17 23 0 71 0 9 0 0 35 0 65 10 0 0 0 0 21 0 15 0 53 10 0 1 9 7 0 28 0 0 56 0 0 0 71 0 53 0 0 0 0 0 0 51 15 9 0 49 0 59 57 0 85 0 86 1 7 0 4 0 15 0 0 89 4 28 6 0 41 79 0 28 0 2 0 0 0 0 0 57 14 24 0 14 21 32 23 0 44 27 0 0 0 0 0 3 31 0 0 21 0 0 69 0 0 0 0 35 7 0 4 70 0 13 57 0 45 0 0 0 52 0 0 0 0 9 13 0 20 65 11 10 34 0 75 13 0 1 0 24 0 0 0 33 0 13 8 65 77 1 0 23 34 0 0 18 0 0 11 0 0 0
 29 0 0 71 0 0 23 36 2 23 53 53 1 64 0 0 53 0 75 23 0 0 0 62 28 31 79 12 0 0 0 0 88 0 0 30 0 0 0 35 0 4 14 1 0 0 0 0 52 0 11 0 44 0 0 58 6 0 15 0 32 0 44 21 0 0 61 46 0 0 32 36 0 83 0 2 14 0 24 25 0 23 39 26 12 0 0 65 12 0 0 0 8 13 0 20 0 66 79 0 0 26 16 12 17 0 61 33 13 0 1 0 60 0 28 56 4 0 0 61 35 0 88 12 8 31 0 0 42 80 13 54 14 2 83 0 84 5 3 9 36 0 0 43 0 31 12 23 0 15 18 14 0 24 0 0 4 0 3 0 20 6 44 22 0 0 15 0 0 9 72 99 0 0 53 0 18 30 2 0 0 32 0 6 0 7 19 14 0 0 0 0 0 0 0 61 78 0 57 0
 55 39 0 0 0 0 33 0 37 0 70 0 0 0 21 0 61 0 54 28 0 12 81 50 0 0 82 7 0 11 24 0 68 24 4 6 0 0 21 0 0 62 6 54 0 13 28 55 0 0 45 0 6 26 49 33 5 0 10 31 6 39 0 19 44 45 3 0 0 0 0 31 0 0 80 37 77 69 0 34 0 0 8 83 23 0 0 0 0 0 0 0 0 0 0 3 0 0 15 92 19 29 49 0 0 10 61 0 25 0 19 0 68 15 0 0 0 37 0 0 0 3 0 49 39 0 3 8 0 45 49 9 0 29 0 27 30 0 21 0 1 0 0 9 27 0 0 6 5 0 5 0 9 0 20 35 13 60 10 22 65 27 0 37 0 0 0 18 0 0 0 5 0 0 74 43 12 0 0 0 30 71 32 0 0 24 0 28 58 0 46 41 0 0 14 67 3 42 0 29
 39 0 91 0 37 0 26 0 26 0 0 0 0 21 0 51 0 0 0 0 0 0 0 0 55 0 0 47 35 0 67 1 35 43 52 16 19 39 0 0 0 28 6 0 0 0 0 0 26 0 28 0 0 81 60 0 0 0 0 0 39 46 33 0 0 0 81 1 4 53 0 53 3 40 0 90 0 0 22 47 8 0 28 42 3 0 0 0 0 0 0 0 7 34 13 26 8 12 0 0 31 0 0 0 7 90 0 45 75 0 0 0 37 45 62 0 0 0 19 0 41 3 78 69 0 33 8 0 67 0 8 41 41 13 0 0 41 0 23 0 72 20 43 1 0 0 0 0 39 0 83 5 36 35 0 0 0 18 7 20 41 0 0 54 36 33 55 0 45 34 0 19 47 60 4 0 25 48 0 5 0 12 13 75 42 3 0 59 0 0 0 0 13 6 0 27 0 0 13 0
 23 33 0 37 0 63 0 16 0 24 19 37 0 7 0 0 0 0 0 0 1 0 0 16 0 26 14 0 11 15 44 0 66 80 0 0 0 0 47 0 0 3 18 53 0 55 95 0 0 0 11 0 88 64 11 30 41 4 0 33 0 8 2 77 34 15 47 64 51 0 46 0 7 44 5 0 31 0 0 68 0 0 0 22 0 0 0 0 0 31 4 0 8 23 0 56 26 15 40 0 7 0 0 0 9 46 0 7 18 0 0 0 33 0 0 25 27 33 10 0 0 0 69 50 22 0 39 35 0 0 0 0 0 0 42 0 2 0 48 38 0 6 35 0 11 11 20 6 27 0 26 1 0 0 0 0 3 0 0 60 0 54 39 0 0 0 0 50 36 0 0 75 25 0 21 67 0 84 14 0 0 34 0 0 0 52 0 86 44 0 0 0 1 20 0 0 41 0 0 0
 0 0 20 12 0 40 0 16 71 25 46 2 0 0 11 0 63 3 39 0 27 0 0 0 14 27 0 48 0 11 0 0 0 50 0 37 0 17 0 20 46 27 0 52 0 6 15 59 0 0 0 0 14 0 0 0 32 0 0 21 71 0 18 45 0 42 32 21 34 49 29 0 0 0 0 0 17 15 0 0 8 0 72 47 0 24 72 18 3 0 0 10 29 0 1 0 25 27 0 0 0 0 57 0 0 48 2 9 0 0 0 5 0 50 0 48 15 0 0 40 0 0 28 49 0 42 5 42 0 57 0 0 0 0 0 54 0 0 38 12 8 0 0 0 52 0 0 0 0 0 0 44 0 0 0 67 0 35 0 0 0 36 19 0 0 21 6 0 29 51 60 16 0 18 0 61 0 8 25 33 54 13 18 87 8 84 61 0 0 62 0 67 0 69 47 0 50 31 0 14
 3 0 66 52 0 0 0 49 0 0 0 0 0 39 49 39 0 0 0 61 0 17 0 12 0 27 0 0 0 29 44 29 0 24 0 19 70 62 21 0 0 0 33 0 71 0 44 2 0 46 24 14 0 0 3 4 5 0 0 0 10 0 0 1 0 0 90 0 0 6 14 0 0 0 4 0 0 23 0 0 40 0 0 42 0 51 0 10 0 0 0 39 0 0 14 14 0 0 30 1 0 15 17 0 0 0 46 30 53 0 0 0 0 20 0 42 28 0 0 72 0 91 26 72 0 19 0 0 7 39 29 15 0 10 31 1 26 0 89 0 0 0 52 0 0 83 66 5 4 16 0 59 0 0 44 10 39 0 12 0 21 26 0 0 0 47 0 0 25 27 0 22 0 0 19 0 59 0 13 0 0 97 0 0 13 53 0 0 0 49 0 52 0 3 0 12 59 0 0 0
 0 44 22 69 42 0 87 0 49 0 0 64 5 0 0 0 0 0 0 0 0 0 0 0 0 17 55 0 16 51 0 9 10 28 0 82 45 7 3 0 0 0 35 7 74 41 2 0 43 66 62 27 0 0 48 0 77 53 74 10 0 0 0 0 51 3 0 23 0 1 35 0 75 11 18 0 0 54 0 79 0 0 0 0 60 0 0 0 0 0 0 0 0 61 70 34 0 0 0 42 36 0 0 56 0 8 0 0 0 0 23 0 0 14 11 0 47 0 0 0 9 0 0 0 69 14 42 0 62 0 11 0 84 0 0 41 25 20 0 0 0 0 5 0 29 2 8 0 0 4 0 23 0 0 24 0 0 0 0 0 57 0 0 47 19 0 17 0 0 89 80 0 0 0 46 70 0 46 0 0 0 0 22 0 0 28 23 0 51 42 58 0 34 59 0 48 0 1 0 0
 0 0 32 0 0 43 0 0 74 71 7 0 6 6 0 0 77 0 11 0 97 0 65 12 28 0 0 0 0 1 3 0 62 24 0 0 0 95 44 42 28 4 0 0 0 0 86 0 0 7 0 37 53 0 56 0 0 0 0 19 0 0 0 0 55 0 0 0 15 0 0 20 22 0 0 66 0 3 0 0 0 47 0 39 85 0 60 8 0 83 84 0 0 59 0 8 0 41 0 0 25 50 37 0 0 26 0 0 15 0 0 21 54 0 0 4 0 0 62 36 0 0 0 0 3 29 67 0 0 51 0 85 0 62 37 0 26 43 0 0 0 0 71 40 0 0 0 0 0 2 0 0 33 0 51 0 9 75 44 0 0 0 5 18 22 0 0 3 0 48 38 0 4 0 0 36 10 0 0 15 0 0 19 54 11 61 0 15 91 0 0 6 33 0 52 40 0 0 0 0
 0 22 11 31 46 0 15 0 41 10 43 0 0 0 0 35 0 36 33 0 20 33 0 35 0 45 0 0 0 0 0 0 0 47 22 0 0 57 19 0 9 0 76 0 40 0 0 0 0 3 26 5 0 20 0 10 79 59 34 34 44 43 6 0 0 33 33 13 32 30 0 25 52 0 0 63 22 0 0 44 3 0 96 0 2 0 0 32 0 0 0 5 61 0 49 0 0 0 0 27 73 0 14 20 0 0 0 0 0 40 0 0 0 14 33 15 9 0 0 15 0 0 0 74 0 0 0 0 0 0 40 11 63 38 57 0 0 20 0 30 0 0 39 17 0 0 0 81 0 7 0 40 0 46 0 0 0 85 56 3 0 43 0 0 0 6 75 8 0 0 0 40 72 0 0 58 0 0 0 12 2 0 0 0 7 0 9 14 0 0 55 0 0 0 0 12 22 2 20 0
 0 0 36 72 0 27 26 6 7 71 0 0 0 0 0 0 45 78 0 0 0 0 0 3 45 15 0 0 90 17 4 22 46 0 97 49 0 0 43 0 30 0 0 0 7 0 39 0 0 0 17 13 0 24 55 16 37 0 0 0 0 85 0 0 0 27 44 13 0 51 72 0 0 0 23 25 0 38 0 9 4 19 25 0 62 57 0 27 0 0 0 0 39 0 0 0 0 93 39 0 0 74 0 17 0 0 0 41 46 62 0 21 2 0 24 0 0 28 0 0 0 0 0 0 17 0 0 23 5 11 0 0 0 63 0 0 52 17 0 26 0 0 31 0 48 0 6 40 0 27 0 0 4 0 16 0 0 15 57 0 84 0 0 0 0 0 0 0 0 57 2 0 24 15 4 29 0 0 40 25 0 0 0 0 0 84 0 10 0 0 66 33 28 0 59 0 0 0 0 23
 0 0 24 19 0 0 0 33 33 0 2 7 0 0 3 0 47 50 0 46 36 50 7 51 21 0 0 0 46 0 0 0 44 54 0 55 0 45 0 17 46 73 39 8 43 0 0 22 29 3 0 0 0 0 19 0 0 0 49 0 0 69 4 0 0 68 0 63 0 0 63 14 0 0 0 0 11 0 0 0 19 32 0 0 0 0 0 3 0 34 0 0 0 0 27 32 47 4 44 0 0 0 25 81 0 0 0 0 0 36 0 49 3 8 16 33 30 2 0 13 0 0 0 52 48 51 0 72 0 0 0 0 0 63 0 5 0 0 12 52 76 0 33 0 0 24 66 15 49 0 42 20 33 0 0 0 0 59 33 6 54 0 26 0 25 35 0 0 0 1 40 0 0 0 6 0 9 0 0 0 0 0 0 18 0 0 46 0 0 0 42 0 43 22 57 21 32 0 20 0
 0 40 20 0 81 0 24 45 0 0 22 0 0 16 61 0 58 17 10 42 42 49 0 0 9 7 36 0 28 6 0 0 18 1 4 8 76 22 0 0 0 6 0 50 0 0 15 0 40 13 32 0 0 39 0 0 0 10 0 0 0 0 28 39 49 0 52 0 0 63 0 27 0 1 32 0 49 0 49 66 79 0 46 0 16 0 12 23 58 0 0 0 21 0 0 12 14 9 0 14 0 37 32 82 0 0 18 0 20 24 0 9 60 46 0 0 53 39 0 34 0 63 41 0 5 0 36 0 11 0 27 0 0 0 0 0 0 0 53 12 37 90 0 0 0 63 65 84 13 0 0 22 18 15 37 0 0 8 0 0 34 0 0 0 21 44 0 65 23 72 0 19 0 0 0 0 0 17 56 0 0 9 6 0 13 0 6 0 0 0 0 0 0 24 56 0 0 46 0 0
 0 17 22 48 42 0 37 46 0 1 18 5 0 0 68 21 0 0 0 47 0 74 48 9 22 40 25 0 26 0 0 0 0 0 72 0 0 42 65 29 0 0 21 0 29 0 0 0 77 0 0 0 79 19 42 0 26 36 37 0 0 0 0 0 12 0 19 0 0 0 7 0 2 0 63 0 30 0 0 0 87 0 18 2 52 8 13 52 0 30 16 42 70 0 0 0 51 37 0 0 0 0 0 0 0 2 39 48 20 34 59 13 93 0 6 28 0 6 0 49 0 0 0 0 61 0 29 56 0 15 25 0 0 0 0 68 0 4 0 22 0 45 0 45 14 0 0 0 0 31 13 16 0 0 0 0 40 22 65 5 48 7 0 48 6 1 0 0 45 0 25 0 87 0 35 7 0 0 0 0 0 17 0 0 0 17 0 0 0 74 0 0 0 0 14 58 49 0 0 75
 0 0 0 15 0 0 0 20 0 17 0 45 0 49 0 0 4 10 13 27 0 0 0 0 0 47 0 63 0 36 0 0 0 0 0 24 8 0 4 0 0 0 0 12 0 20 0 51 0 0 77 26 24 0 0 39 16 0 0 8 1 46 78 13 12 0 25 1 0 51 30 41 0 0 33 0 0 9 0 0 4 84 0 56 68 0 47 6 38 40 15 86 40 28 55 0 0 0 39 74 0 78 0 14 0 23 1 10 0 36 0 78 0 12 20 32 60 91 97 0 27 79 0 0 0 0 61 0 0 49 0 32 0 33 0 53 0 0 8 0 48 60 23 3 0 0 0 0 0 0 64 0 0 57 28 0 0 34 0 0 38 0 1 51 35 0 0 81 44 51 0 0 0 8 0 34 0 0 3 0 9 0 15 13 0 15 63 0 58 0 0 0 0 12 2 0 0 0 0 0
 43 0 0 0 0 0 18 0 0 21 13 51 0 11 4 0 0 37 0 0 0 54 0 48 0 0 57 68 2 0 66 54 0 89 27 0 14 0 60 51 21 40 0 0 0 7 0 0 55 8 0 0 0 0 71 1 5 0 0 22 0 36 0 0 8 4 34 15 51 0 0 18 12 21 0 0 0 67 0 0 0 16 0 1 0 0 0 0 0 67 0 18 11 0 16 42 64 0 0 0 19 0 6 8 0 0 7 70 0 8 0 50 64 54 3 20 36 43 0 57 0 0 6 43 74 0 87 0 0 0 0 11 0 45 0 47 14 0 26 0 53 14 87 70 0 11 0 0 0 0 92 0 0 32 0 0 0 0 0 0 11 15 0 0 0 51 5 16 0 0 0 54 49 0 19 47 5 0 0 12 30 10 30 38 0 37 11 15 0 0 21 43 0 0 5 0 0 0 0 42
 0 12 0 0 0 0 0 14 13 0 18 0 9 1 0 40 16 52 0 52 27 3 37 74 14 25 41 43 46 0 7 50 0 0 0 0 71 59 16 0 1 0 0 0 0 0 3 29 87 19 0 87 0 17 0 0 0 57 40 0 0 9 0 0 0 0 35 0 0 0 0 0 23 0 10 57 0 38 56 44 94 20 8 0 0 0 0 0 32 83 34 0 11 0 19 38 0 19 13 16 15 0 59 23 21 9 0 25 37 29 0 0 0 0 0 60 0 0 0 7 0 0 20 27 65 0 0 0 0 0 0 0 46 0 0 10 0 37 53 0 0 18 3 64 60 50 30 0 0 17 0 36 7 57 0 0 31 0 65 10 0 17 0 0 0 89 0 0 0 0 1 0 19 30 28 1 0 0 0 0 9 0 50 6 71 0 0 0 13 0 15 0 30 0 45 0 51 13 0 38
 77 0 0 0 72 81 0 0 42 0 0 43 2 0 0 0 9 23 1 0 17 15 58 4 0 0 0 0 0 0 51 46 0 7 20 0 0 8 82 0 46 14 0 69 0 22 0 0 23 0 0 0 0 27 0 0 0 0 0 0 66 52 0 0 11 17 22 49 21 0 0 12 28 32 43 0 35 15 0 37 13 0 0 26 0 52 67 10 51 0 87 57 0 13 0 0 0 0 0 0 47 76 49 0 0 0 0 0 7 0 0 5 16 0 66 0 0 0 38 43 62 0 36 35 0 0 0 18 72 42 26 19 48 53 11 89 0 0 1 26 0 0 0 0 0 0 39 58 20 15 66 67 0 0 11 74 56 0 0 0 11 47 60 0 17 0 0 2 22 14 35 25 21 0 50 0 26 0 0 35 0 42 16 13 0 21 0 0 12 0 0 0 45 29 0 27 0 21 4 0
 62 2 8 0 0 10 0 0 48 62 32 0 17 0 27 0 0 0 0 0 26 0 0 0 16 0 0 0 0 1 0 0 79 0 55 0 30 0 7 12 24 31 51 31 84 9 70 0 0 0 13 0 27 55 0 50 38 0 0 8 19 74 0 0 0 2 13 0 0 57 54 2 0 0 5 0 53 0 6 0 0 70 9 1 3 44 35 0 0 22 11 92 0 44 0 0 0 84 41 0 39 0 7 25 73 0 63 5 0 2 48 0 55 0 0 0 0 78 0 0 98 70 0 1 21 0 0 0 22 0 0 75 46 15 45 0 0 0 0 0 0 29 0 0 0 5 26 62 41 0 0 54 0 24 0 0 0 0 27 0 38 8 0 0 11 0 0 0 0 9 15 20 0 0 0 0 6 0 16 12 0 0 14 43 12 0 64 33 0 0 0 16 6 64 81 0 45 0 0 0
 71 20 0 0 20 2 24 10 47 24 0 0 17 44 0 0 58 0 0 32 15 0 0 10 0 0 0 35 0 0 34 0 54 29 17 0 0 24 0 26 19 0 0 53 16 10 0 33 28 5 89 93 22 0 27 0 0 1 0 0 0 0 0 0 11 43 0 41 42 0 0 31 0 24 0 1 18 20 39 0 46 57 0 75 0 74 0 80 0 0 11 9 66 0 10 0 12 60 88 19 33 0 0 0 2 0 0 0 0 74 0 50 21 0 0 0 0 9 19 0 0 5 2 0 75 40 0 48 0 16 16 0 0 0 15 0 0 0 0 41 57 0 14 47 37 0 74 15 0 0 0 0 50 0 2 0 0 0 2 26 40 34 0 0 41 0 31 15 41 0 49 0 0 0 12 0 0 0 21 61 0 10 78 0 0 32 0 33 0 0 39 72 0 45 22 1 24 0 0 12
 0 29 15 10 0 0 66 0 0 0 34 33 34 0 0 42 0 67 0 0 0 5 16 0 2 16 1 22 0 53 0 0 67 0 0 0 27 0 15 72 20 54 0 0 96 13 47 23 0 40 0 0 89 41 0 0 0 21 59 0 0 0 0 16 64 0 0 52 0 16 0 18 0 0 0 0 0 0 0 58 11 38 82 66 0 0 21 0 0 0 0 38 18 0 0 15 40 0 16 0 0 0 18 0 0 0 6 56 44 9 38 47 0 0 48 66 16 70 93 0 45 0 0 0 0 0 7 0 8 0 0 66 0 30 7 35 0 0 0 13 0 0 0 67 82 27 1 58 77 0 0 33 0 0 0 27 0 0 0 0 0 22 0 35 38 0 0 0 0 49 0 5 0 0 5 0 0 76 48 0 46 63 75 0 70 0 0 14 10 1 0 29 50 0 70 75 81 5 0 0
 7 1 12 51 24 40 13 51 0 0 0 0 0 3 51 0 72 0 0 0 0 0 53 78 25 36 0 18 0 0 45 0 1 24 45 24 77 5 0 0 21 0 0 0 0 14 51 37 0 40 6 0 27 0 0 46 0 0 0 0 0 48 47 11 49 36 7 19 65 0 0 14 0 0 66 0 88 0 55 0 0 36 0 0 58 0 0 79 0 0 34 0 0 0 2 0 52 15 0 66 0 0 81 26 34 0 0 12 0 0 0 0 10 0 0 66 0 46 0 0 0 0 26 0 0 6 0 0 2 0 51 0 59 0 0 0 0 0 0 0 5 53 0 16 0 0 45 9 15 0 0 0 0 0 0 29 11 0 60 29 0 0 0 0 15 44 0 0 64 0 11 0 53 0 2 0 40 57 23 0 96 25 0 0 22 5 54 0 0 0 11 0 0 16 28 72 48 25 0 0
 23 30 23 46 33 29 19 0 0 0 0 57 0 84 5 0 36 0 0 0 1 0 0 0 0 91 0 3 0 0 0 0 0 6 0 14 0 7 10 24 0 66 0 16 0 0 63 0 58 0 69 0 73 0 17 0 0 0 0 0 0 22 5 0 10 0 0 45 38 0 0 27 0 0 0 0 0 40 0 15 60 51 0 9 25 0 9 0 0 94 0 0 0 0 0 0 0 0 44 0 0 0 76 57 39 68 0 24 0 0 0 83 29 0 9 0 5 0 0 0 26 8 0 60 0 6 27 43 0 40 18 13 0 50 0 57 0 0 0 3 22 0 0 32 0 0 0 27 0 0 26 0 22 0 18 47 56 0 33 0 0 0 0 0 13 56 0 0 0 6 0 0 0 0 0 0 0 19 6 37 0 0 7 28 1 13 16 0 0 0 26 18 24 21 0 45 0 0 0 21
 31 0 0 10 0 0 0 13 0 0 0 86 0 0 0 0 19 0 74 7 32 24 33 22 55 44 0 4 9 0 0 79 14 4 49 0 53 3 0 2 0 54 17 0 0 0 35 79 6 60 9 8 4 0 14 12 64 72 49 0 0 0 0 70 0 0 79 0 0 4 0 0 35 86 63 0 0 77 0 0 28 28 13 8 52 0 0 0 17 52 0 69 20 0 0 59 22 0 0 0 30 22 0 17 0 0 0 25 0 42 0 0 11 41 0 59 0 43 0 0 0 49 0 0 10 0 68 0 0 7 8 18 0 0 0 39 9 0 0 6 0 76 0 0 29 0 39 0 5 50 28 0 0 9 0 0 46 0 10 0 66 12 0 0 6 0 6 26 0 0 36 0 3 0 0 50 2 0 20 76 0 0 54 0 69 64 0 0 0 92 0 0 14 0 0 4 16 0 31 30
 26 0 11 0 0 0 90 30 73 59 0 0 0 0 0 0 17 27 44 0 0 0 0 0 0 0 28 0 32 52 49 0 41 16 66 0 0 0 32 0 0 0 73 0 65 14 0 0 46 11 4 67 0 5 77 0 7 34 51 0 47 0 71 8 0 0 0 0 51 21 0 9 10 73 26 9 92 10 0 27 31 0 74 76 92 0 0 11 0 0 6 18 0 30 47 0 19 0 38 0 8 80 13 0 62 0 0 60 0 29 70 16 0 0 10 54 0 26 0 55 0 53 0 0 37 32 23 76 0 0 61 0 43 36 26 25 0 0 0 31 2 0 1 23 71 0 0 15 0 0 0 50 12 0 30 0 0 93 33 3 0 0 0 62 0 56 0 0 0 39 23 0 24 0 75 6 39 14 19 0 12 0 0 0 0 0 28 0 0 0 0 9 31 44 28 0 65 0 0 0
 7 0 23 9 0 68 33 48 29 1 35 12 28 76 19 52 60 10 61 87 63 9 0 0 0 38 83 49 6 77 0 0 0 0 10 0 0 26 13 0 0 81 43 0 0 0 35 0 0 18 0 0 0 2 49 40 29 0 12 0 27 45 26 51 0 0 83 0 0 0 57 17 17 92 74 79 0 35 80 0 34 1 38 39 0 52 0 28 0 18 88 51 0 40 0 0 0 63 0 0 0 0 0 0 78 21 0 0 0 0 57 0 42 19 0 30 45 47 60 57 15 0 0 77 0 0 3 7 0 0 8 0 33 0 67 66 0 0 0 0 0 63 21 37 38 18 0 8 18 20 21 27 43 49 90 0 6 72 0 30 28 10 0 0 0 39 47 0 36 28 32 0 58 0 0 0 0 0 3 34 0 49 0 0 67 0 0 0 0 0 0 0 17 11 0 0 0 32 0 56
 0 0 34 17 33 0 82 0 1 0 34 0 0 15 2 0 48 0 24 2 0 25 0 0 38 0 0 0 0 31 0 0 1 0 0 21 0 74 0 50 57 40 0 0 22 0 0 0 0 5 49 81 0 0 69 57 17 0 24 4 0 56 9 0 0 29 0 0 0 0 0 0 30 43 10 0 0 0 63 0 17 0 0 0 0 7 0 0 32 3 0 0 0 86 13 0 0 0 23 34 19 0 90 0 75 84 13 0 0 17 84 30 0 0 0 0 0 31 55 46 0 0 70 0 0 0 0 0 22 45 26 0 0 62 29 46 66 24 13 85 0 0 0 0 14 24 5 0 0 0 0 0 0 74 78 72 0 0 72 11 0 0 92 9 39 0 0 0 0 86 23 1 35 53 0 0 0 0 0 33 53 7 0 55 6 0 0 16 63 32 0 0 34 0 25 81 11 11 19 35
 10 2 0 0 0 0 6 0 44 64 78 68 56 2 0 42 0 57 18 15 0 0 0 31 1 16 6 40 61 39 0 0 0 0 0 4 57 3 0 21 0 33 15 0 51 39 19 0 0 44 0 29 20 0 42 26 24 20 50 0 31 0 28 3 0 0 28 13 18 0 19 55 18 19 50 0 0 0 0 0 0 0 0 12 22 27 0 37 86 31 0 1 0 59 90 0 0 85 0 0 0 69 40 48 54 0 0 22 0 0 21 36 0 42 0 0 0 0 0 0 0 32 11 59 0 0 6 4 20 41 2 6 0 51 0 0 45 0 45 0 53 0 55 0 0 0 25 45 17 0 1 0 19 0 0 0 0 0 26 0 0 15 28 0 13 68 0 0 0 0 73 53 11 0 31 75 13 12 10 14 80 0 60 68 12 22 0 50 0 0 0 0 0 34 20 0 40 67 74 9
 0 0 0 21 44 0 0 0 0 0 0 0 32 0 0 0 15 34 0 5 0 14 19 22 64 0 0 39 0 0 4 18 0 55 28 63 31 0 0 24 37 68 0 0 0 0 0 0 53 57 0 0 33 0 21 11 2 0 4 28 42 0 12 40 0 46 36 26 12 0 57 5 10 70 0 31 0 48 16 0 65 36 0 2 0 0 0 57 18 0 68 0 0 0 0 0 50 0 25 0 0 0 0 0 0 0 0 0 33 0 0 56 0 32 6 34 0 47 0 0 35 16 22 33 15 0 0 25 0 0 0 83 0 30 18 0 0 0 0 13 21 0 33 13 0 46 11 0 0 38 15 0 57 16 9 0 0 0 84 16 0 0 25 49 10 0 0 0 0 56 39 3 0 0 17 8 48 18 40 36 78 4 40 75 0 0 0 0 0 72 23 0 55 0 67 23 0 24 0 59
 14 0 0 0 0 11 0 85 5 0 21 12 0 20 0 0 0 24 0 0 0 75 7 0 47 12 0 0 0 22 13 39 42 0 0 9 0 0 75 11 0 0 0 1 0 53 39 65 0 0 53 97 64 50 4 0 0 0 0 0 0 0 18 0 0 0 33 0 7 19 0 0 67 36 6 0 0 23 5 20 0 20 14 0 25 38 52 0 0 69 33 19 0 0 40 0 37 0 0 0 0 13 0 0 0 0 0 0 36 0 0 61 11 0 0 18 55 17 0 0 0 31 73 0 30 83 0 89 9 0 0 21 53 2 92 0 27 5 0 12 0 0 15 18 82 0 37 0 0 31 25 13 12 78 33 7 0 0 0 0 13 0 0 36 2 68 28 0 49 0 21 0 3 0 0 34 28 11 66 0 0 16 0 0 0 33 0 0 8 4 6 0 10 0 0 4 55 0 18 0
 30 0 0 0 0 24 0 68 0 0 0 21 0 0 0 9 0 52 0 52 0 24 0 24 0 70 0 0 0 11 0 0 0 82 0 0 20 0 63 0 68 25 9 0 5 20 0 0 0 0 0 0 0 0 48 8 64 43 12 6 0 19 0 47 9 21 23 79 11 0 0 0 24 59 23 55 31 4 0 35 37 0 2 0 0 0 0 0 0 79 0 27 3 0 0 8 0 0 0 83 59 5 0 0 0 0 7 49 0 1 56 0 31 0 0 63 0 15 91 0 50 0 16 0 0 89 0 0 0 0 25 97 0 47 31 80 0 0 0 27 0 35 84 33 56 0 80 0 4 0 58 0 0 0 36 0 0 42 0 52 20 32 0 1 0 0 71 0 81 0 0 45 0 0 0 19 12 0 54 74 0 0 0 32 0 35 0 14 47 0 44 53 0 17 64 22 5 57 0 0
 28 40 8 0 31 0 0 0 23 0 31 19 0 0 30 0 0 0 56 88 7 0 9 75 24 0 0 82 0 43 0 93 32 0 0 94 6 77 0 0 76 68 0 53 31 0 12 0 30 0 0 0 0 54 0 82 7 0 17 7 0 0 0 21 49 41 19 7 0 16 0 23 0 7 5 4 48 33 83 8 52 0 21 0 0 80 0 51 42 12 0 37 0 9 0 12 0 0 21 0 4 25 0 7 52 42 0 3 72 0 20 26 0 0 0 0 68 48 0 87 0 62 0 0 0 0 53 31 0 73 61 0 53 11 61 13 0 0 0 28 0 0 27 0 0 47 14 0 8 0 58 0 0 0 85 0 0 0 0 0 0 0 55 31 0 25 39 0 0 6 69 29 0 0 0 0 0 0 0 38 47 0 0 0 32 0 0 0 31 0 1 76 19 0 0 2 0 29 59 0
 0 0 74 61 20 21 0 9 14 15 0 84 63 75 83 0 0 0 0 0 0 4 27 0 0 0 0 34 0 0 0 0 44 0 0 4 55 0 0 0 21 96 0 18 38 2 23 0 0 0 0 0 0 37 0 0 75 0 21 0 0 44 0 1 68 4 34 11 5 0 0 0 57 58 12 27 68 22 11 16 11 15 88 18 0 33 0 37 7 0 74 0 0 5 0 85 2 67 0 4 20 0 5 0 14 0 0 37 0 14 0 0 0 72 0 37 0 0 26 49 0 0 0 69 41 19 2 72 0 41 33 0 26 0 22 0 20 91 0 0 0 15 7 0 0 0 0 0 0 0 0 0 0 3 0 56 61 0 3 0 26 0 51 0 2 0 59 0 0 0 16 0 35 14 2 90 15 20 23 10 69 0 13 0 22 0 38 0 0 0 0 24 74 0 0 0 0 0 72 18
 0 0 0 13 0 67 0 15 1 0 93 87 45 0 19 35 0 50 26 5 0 0 37 40 6 70 63 25 0 41 6 0 35 0 73 2 0 0 52 83 0 55 24 0 0 33 44 0 0 83 35 0 2 22 0 9 61 29 0 84 0 0 0 0 57 26 0 0 0 39 0 0 0 0 9 0 0 0 80 37 21 5 0 70 0 25 62 26 0 17 47 0 38 53 52 49 58 10 15 0 0 30 34 0 0 0 70 19 10 0 21 47 0 58 51 0 0 0 0 0 0 0 0 0 0 83 0 39 0 89 0 55 0 23 0 15 0 61 15 0 38 0 0 0 3 0 4 0 28 90 0 27 11 14 11 0 3 0 0 0 19 2 0 0 0 9 0 0 53 0 11 47 43 77 0 89 0 0 0 3 0 0 20 26 0 0 22 0 60 59 0 66 0 0 0 0 49 51 60 0
 46 0 0 0 0 21 91 0 0 0 0 17 15 64 0 0 2 28 47 94 0 0 41 5 0 0 0 18 42 61 40 0 31 0 12 0 8 0 7 37 0 17 5 56 0 45 9 0 0 0 0 0 0 83 0 0 0 77 65 0 0 0 5 0 0 33 29 33 0 55 0 7 0 0 7 0 0 59 0 0 10 50 67 56 0 59 0 21 64 31 32 22 41 31 40 0 0 0 0 0 50 14 0 67 0 45 0 0 0 0 27 0 56 4 0 0 0 49 51 0 85 0 4 0 0 55 23 38 53 12 0 24 20 0 1 0 79 0 3 25 0 0 0 0 0 9 90 1 4 5 0 17 0 5 0 52 61 0 41 0 15 42 52 18 0 7 0 16 0 7 0 0 3 0 0 0 0 0 0 0 47 0 40 0 42 6 0 68 0 11 29 0 0 0 52 43 22 0 54 39
 0 45 1 23 59 0 75 0 0 0 0 61 0 0 0 11 0 0 28 0 16 12 13 3 0 73 0 88 0 0 36 0 0 0 41 89 7 19 0 0 13 27 0 36 30 3 49 1 28 29 0 14 0 2 0 0 70 0 42 100 1 0 25 0 46 0 0 0 0 46 14 68 0 0 25 0 0 0 0 0 7 0 0 0 0 10 0 82 13 27 0 0 40 0 37 0 29 0 0 28 79 0 0 0 25 0 0 0 0 0 0 51 1 0 43 0 0 14 0 5 0 0 30 0 0 0 0 43 8 4 19 31 0 69 31 65 0 26 0 67 0 18 0 1 0 0 0 0 0 0 0 11 30 10 11 0 18 23 42 24 0 26 0 0 0 0 34 53 0 34 0 16 10 23 0 0 38 0 22 0 6 0 90 36 80 0 0 0 0 30 54 0 0 0 0 33 90 0 0 0
 45 0 34 10 0 59 0 60 0 0 0 42 42 92 53 0 50 0 0 0 0 2 0 0 50 0 0 0 42 0 0 3 5 0 28 14 7 4 0 24 43 0 0 52 29 16 6 77 0 0 46 0 0 2 5 15 15 44 57 0 11 24 24 0 10 0 6 0 14 41 0 0 5 0 81 7 14 62 0 0 37 2 0 40 0 0 0 0 19 0 34 5 58 41 0 0 0 0 65 0 0 0 23 80 38 0 46 0 54 86 13 0 1 6 38 0 0 18 0 21 0 4 0 0 0 49 0 0 0 3 0 49 0 7 0 0 0 0 30 26 22 0 85 0 0 8 24 4 16 0 16 2 33 44 0 71 41 21 7 85 0 0 0 50 0 0 0 0 44 18 24 0 27 0 0 0 27 0 11 5 0 0 0 41 0 68 15 0 0 0 11 37 20 0 0 6 72 2 0 17
 20 43 5 13 0 0 11 0 14 8 43 77 49 0 5 0 39 92 0 0 0 14 0 0 0 53 0 0 0 9 9 31 21 0 0 0 9 32 0 0 0 0 0 24 79 0 0 11 45 0 0 32 20 38 0 65 0 5 44 25 0 15 0 0 3 1 0 25 0 7 0 0 48 0 9 0 17 0 0 0 38 0 0 0 16 0 44 20 0 0 0 0 8 0 0 6 0 0 14 67 0 11 65 62 0 0 0 11 0 0 0 0 2 39 83 7 0 0 0 22 0 11 8 33 0 64 23 58 0 0 0 27 38 0 0 0 26 0 1 0 92 0 33 0 0 0 10 0 0 0 55 0 0 40 7 5 34 55 0 0 0 15 0 24 0 24 8 3 33 0 56 11 40 12 96 0 3 0 81 10 59 0 0 0 13 6 16 0 59 72 0 73 13 0 0 73 0 0 6 0
 0 82 0 5 0 0 53 33 0 58 0 0 0 29 0 31 29 0 15 0 81 9 0 0 0 0 8 0 0 0 8 32 32 0 26 0 0 68 0 42 59 23 17 65 43 0 0 29 0 0 0 0 0 0 4 23 23 40 0 0 0 21 25 0 17 9 0 0 44 12 8 26 0 0 0 0 0 0 9 15 0 0 5 15 38 31 35 0 60 0 11 0 48 0 0 4 0 18 0 0 0 0 62 61 48 61 2 11 0 14 0 0 0 16 4 0 63 1 0 0 5 23 8 0 30 0 82 25 27 0 25 0 73 0 12 0 39 69 77 0 0 47 0 0 0 0 48 0 0 10 35 0 0 51 0 64 0 0 6 20 16 27 16 26 0 81 49 38 0 76 25 55 0 28 0 73 0 0 0 1 64 0 0 0 48 20 0 73 0 0 0 28 56 28 0 40 25 0 62 0
 21 39 2 30 0 19 0 34 65 57 12 85 5 10 89 0 16 0 0 10 0 0 0 0 0 0 0 24 0 0 0 1 36 42 25 34 0 1 0 22 63 4 8 68 0 0 58 0 0 0 25 0 0 54 0 0 0 18 43 31 51 26 65 6 38 58 0 0 0 24 14 3 62 0 0 0 15 38 10 17 81 15 0 27 0 0 0 36 0 0 0 54 0 0 20 0 74 62 0 13 0 0 0 0 0 0 0 18 38 57 12 0 0 0 53 38 2 47 0 71 0 0 27 0 17 0 10 46 0 46 52 58 0 11 0 27 33 51 0 67 0 0 5 0 8 53 0 24 31 52 72 55 41 86 0 0 0 37 59 65 24 0 48 14 62 18 0 48 0 33 70 0 0 0 0 0 91 30 74 72 44 0 31 0 0 0 42 5 0 75 13 0 0 48 0 47 50 0 5 0
 0 0 23 0 40 0 22 0 14 0 0 0 23 28 0 48 0 2 25 19 28 0 5 62 2 6 0 95 0 21 2 0 0 7 70 68 0 0 0 0 44 0 9 0 0 0 0 96 51 59 84 10 48 11 0 0 0 0 74 0 0 0 0 0 25 53 27 2 0 41 7 3 0 0 40 0 0 0 0 29 35 0 15 0 9 0 4 21 0 61 9 0 8 0 0 0 0 0 0 0 56 0 0 0 75 48 5 0 0 76 0 0 26 0 0 0 25 8 41 0 0 16 0 0 0 0 54 40 0 18 0 0 33 37 0 0 0 5 14 0 0 0 5 0 48 20 0 0 45 0 0 30 0 0 15 25 2 15 0 0 0 64 0 55 8 0 0 0 22 4 28 0 0 43 44 0 2 0 0 0 0 0 0 17 0 29 11 24 42 0 6 8 41 17 54 27 0 0 46 0
 0 0 61 48 19 0 55 3 56 26 0 0 0 0 0 0 23 13 0 0 0 0 20 0 0 65 0 16 0 0 19 0 31 0 0 0 65 3 11 0 0 0 0 0 3 0 7 60 0 58 0 41 0 9 0 0 0 0 0 8 47 0 0 0 0 24 0 5 0 44 39 37 30 0 92 0 0 30 81 0 0 0 0 50 0 0 18 59 0 18 0 0 14 54 0 31 34 0 0 37 0 77 24 0 44 59 2 0 0 0 20 0 45 16 24 46 65 0 0 0 0 20 14 19 0 43 0 11 38 22 11 0 21 10 3 58 26 52 0 0 7 0 0 17 42 34 20 19 0 0 0 19 0 0 15 0 0 55 0 0 3 33 3 50 14 0 0 33 0 0 0 45 0 31 0 0 90 53 12 77 0 24 43 76 0 0 32 0 87 0 0 46 60 0 22 38 61 0 0 0
 0 10 7 0 0 7 48 0 68 58 58 0 4 0 3 0 0 7 0 0 0 28 0 0 37 0 0 0 0 0 0 42 46 0 0 15 0 0 0 0 0 0 0 5 45 0 43 0 70 0 33 0 0 0 0 0 0 16 0 22 0 20 15 50 0 78 83 0 0 45 0 27 27 20 6 0 7 58 0 0 80 15 0 0 0 0 3 0 10 30 77 0 12 0 37 0 0 0 49 44 0 0 41 55 0 28 69 48 0 0 0 0 0 0 38 0 51 0 68 0 0 33 3 0 0 0 0 0 29 27 10 40 0 0 0 57 0 0 0 0 22 0 52 33 20 0 0 17 6 0 0 0 42 12 50 0 0 8 0 0 38 0 0 0 7 0 4 39 55 47 42 0 6 0 50 35 24 0 3 0 0 0 16 0 1 0 0 0 0 33 0 18 0 0 15 0 0 0 0 0
 30 0 10 26 22 16 15 68 39 9 0 34 33 0 67 24 0 0 0 0 0 14 5 17 58 0 57 0 0 0 20 0 2 0 0 0 32 57 0 0 9 0 61 0 0 0 0 39 84 0 51 0 0 76 0 0 0 96 0 14 22 0 57 43 0 0 22 46 33 12 0 43 3 0 0 37 66 0 0 9 0 0 0 30 29 21 16 40 53 58 0 58 0 0 0 19 0 0 14 17 39 4 24 0 0 0 21 42 0 21 5 27 9 4 54 49 0 0 3 0 34 1 6 0 23 69 0 0 0 31 10 20 52 32 17 17 0 54 0 0 0 0 0 0 9 45 0 0 36 5 35 0 0 10 0 54 0 39 0 9 0 42 56 12 42 0 4 0 0 0 26 2 0 13 58 8 11 0 0 31 0 35 20 27 0 0 57 0 74 28 0 11 0 0 0 0 0 0 43 48
 0 30 23 0 89 0 4 28 0 0 0 0 0 24 0 0 0 0 0 0 31 4 0 0 0 44 17 0 0 0 30 70 0 0 4 52 0 10 12 0 40 0 76 0 25 0 0 89 0 43 26 0 0 0 0 34 0 12 7 36 0 66 0 17 9 57 76 0 1 0 0 0 8 14 0 0 18 2 0 72 22 3 0 0 0 0 0 0 9 39 0 0 4 10 0 0 56 3 33 17 0 20 0 37 20 0 0 0 0 0 0 64 8 5 71 86 0 0 47 0 0 37 56 64 75 0 0 13 11 0 0 34 0 0 0 68 0 39 0 28 34 0 10 19 12 2 38 13 0 62 0 0 52 0 0 16 55 84 0 24 0 0 0 13 45 0 18 20 0 0 43 0 58 11 0 58 5 41 0 0 0 0 10 27 0 0 0 16 35 0 0 0 60 0 0 0 0 27 0 3
 0 0 0 62 0 0 19 0 0 0 0 72 27 0 0 0 26 29 0 6 0 47 0 57 38 81 47 0 16 0 0 0 61 0 0 72 0 28 0 10 59 28 0 0 0 73 10 0 0 77 30 3 20 0 11 0 78 0 0 0 0 0 0 0 0 0 0 0 7 76 0 19 16 51 2 26 0 22 0 24 0 0 51 0 7 0 0 0 27 0 0 42 0 49 0 0 21 50 73 15 0 0 2 24 61 0 14 0 83 0 66 0 36 0 10 17 26 22 2 3 40 0 0 4 43 16 0 54 0 0 0 79 0 66 4 3 57 0 21 0 0 12 22 17 0 15 0 16 17 0 27 21 0 42 36 0 0 0 31 81 28 0 0 0 43 0 36 0 0 50 0 0 0 9 0 34 0 39 0 0 14 0 0 0 0 34 28 37 0 0 37 4 66 35 46 27 10 29 75 0
 0 78 24 44 15 0 16 0 0 22 2 48 0 19 0 0 0 0 0 0 0 92 0 0 30 0 38 13 0 0 0 0 9 48 0 0 8 0 0 9 6 1 0 44 22 4 72 27 28 0 42 0 0 45 8 17 16 22 73 0 38 84 0 0 0 0 0 78 81 5 26 0 36 50 17 8 28 0 54 21 0 22 21 0 0 0 11 0 80 0 0 0 61 46 59 0 59 54 9 0 18 23 3 0 0 0 0 0 0 6 3 1 0 32 20 16 49 7 0 0 7 0 0 0 43 0 53 6 0 0 0 0 0 46 0 69 1 0 33 1 37 0 16 5 60 0 0 54 0 48 0 0 10 0 63 0 22 36 38 10 10 35 15 1 37 35 55 33 0 58 0 0 27 0 77 0 0 0 0 0 0 0 38 28 0 0 0 76 0 0 45 40 10 0 0 74 50 0 0 0
 8 19 0 0 6 58 94 0 5 0 79 0 40 0 20 69 78 76 0 0 33 47 0 51 35 0 0 0 8 48 75 20 0 0 26 0 0 5 0 0 0 0 0 0 0 0 0 57 0 0 26 0 0 3 2 0 49 66 0 0 25 12 0 0 0 0 0 0 72 0 88 52 11 0 51 87 0 0 51 31 0 60 77 0 20 0 0 2 50 0 0 0 69 0 80 30 22 71 0 0 0 54 48 49 84 0 12 32 0 23 21 43 0 29 0 26 32 0 22 0 0 0 0 0 47 18 21 43 0 0 0 54 0 0 0 0 31 21 0 0 0 21 0 16 37 26 2 60 0 0 55 0 0 0 38 0 0 0 26 0 0 3 51 21 0 0 22 0 61 0 0 0 91 67 31 32 4 75 0 0 0 0 20 40 0 0 0 0 0 0 33 0 29 0 0 0 0 62 8 0
 53 54 58 1 0 4 24 48 0 0 5 0 61 24 0 0 0 18 52 0 0 0 67 0 0 34 35 0 0 53 58 0 0 0 8 14 11 0 41 0 0 0 63 17 6 40 93 0 0 0 0 0 0 0 0 36 0 49 57 58 0 0 8 0 60 0 0 0 0 0 0 0 97 12 20 22 0 0 0 12 19 40 0 77 0 0 0 0 50 0 67 14 21 58 42 1 0 7 0 63 0 0 0 1 0 0 0 19 13 1 0 0 33 31 0 37 0 0 0 0 0 12 0 47 0 33 52 9 12 51 0 45 15 21 10 0 0 0 60 76 48 0 0 50 22 23 44 0 6 17 28 36 0 0 28 65 0 0 0 17 0 64 0 84 5 0 62 22 82 0 0 4 0 0 66 0 0 58 48 0 43 49 0 34 0 4 27 0 0 8 0 69 0 46 0 32 11 17 62 0
 15 0 82 21 20 8 32 25 12 5 0 0 0 0 57 18 0 0 0 49 70 69 63 25 5 0 2 0 0 63 50 0 31 8 31 19 0 54 9 0 51 0 39 0 47 2 25 0 0 0 0 0 0 0 0 0 0 84 23 46 35 23 43 14 35 56 0 35 0 0 0 31 0 66 27 46 0 0 12 0 27 35 0 80 0 65 0 0 22 7 0 0 29 25 45 0 0 50 0 78 0 0 70 0 0 0 50 0 0 19 77 0 54 42 0 12 0 0 63 0 15 53 45 25 0 0 70 0 0 4 3 42 0 11 0 0 79 0 0 34 0 0 0 43 0 0 0 0 0 0 0 0 12 67 23 39 50 27 30 0 69 0 26 0 76 16 0 0 17 16 0 32 4 83 0 8 0 33 4 0 8 66 35 31 50 0 10 2 83 47 0 0 17 37 0 0 0 16 0 43
 0 42 0 26 11 2 0 98 0 13 70 10 0 0 0 56 0 15 66 0 0 41 50 0 0 82 0 68 0 40 0 0 9 9 0 26 0 0 0 8 0 0 0 13 80 0 14 0 0 0 0 0 24 0 0 0 0 0 0 0 0 0 60 29 0 0 0 33 63 0 0 0 0 0 41 22 58 3 39 19 87 2 43 0 66 65 0 32 77 21 0 0 0 0 0 8 0 6 0 0 0 0 19 33 0 0 0 0 78 10 0 0 0 0 15 47 26 0 0 90 50 0 78 11 31 34 0 58 48 0 0 10 6 0 0 0 0 14 6 0 0 31 39 0 28 16 0 0 0 24 2 0 0 36 24 35 66 11 0 0 0 0 0 75 0 80 16 42 31 80 0 40 51 60 7 0 0 0 0 0 0 0 16 3 80 0 0 1 37 37 6 17 0 0 0 20 0 58 0 0
 93 21 0 15 15 0 20 5 0 0 0 0 15 0 0 0 37 80 0 0 0 0 0 67 64 0 0 0 5 38 1 42 0 0 0 21 55 44 43 79 0 2 6 0 29 70 69 26 0 0 3 51 0 38 0 0 0 1 75 49 0 33 12 35 20 19 23 0 76 0 0 0 0 0 0 10 0 84 30 0 0 0 0 0 0 41 0 16 0 0 0 0 0 0 0 0 0 0 67 0 15 0 38 3 16 21 60 12 0 4 28 17 0 0 0 26 0 0 0 36 0 0 28 0 72 0 60 50 0 0 0 46 0 0 0 35 10 40 0 0 0 6 0 0 0 65 9 0 0 27 43 26 0 0 79 69 27 18 50 10 0 56 60 16 42 0 0 0 5 27 0 0 0 0 0 0 0 0 0 9 26 0 78 30 0 0 36 41 30 0 0 61 2 32 0 30 39 0 0 0
 0 0 8 75 8 0 0 0 50 42 0 45 21 40 51 6 29 0 0 28 68 0 73 18 19 0 0 4 0 0 2 3 73 0 3 0 0 0 88 14 19 0 0 0 22 0 41 2 0 20 29 1 21 61 0 0 0 74 52 6 0 0 2 0 55 49 0 0 0 79 0 40 39 23 0 23 41 12 19 52 0 0 30 0 0 50 11 0 68 0 0 0 0 43 0 0 31 23 0 21 0 0 0 0 51 0 0 0 54 8 40 0 43 18 0 80 0 0 0 23 21 63 0 58 42 5 30 1 15 14 34 45 0 0 0 54 0 21 51 53 36 0 9 0 0 0 45 62 21 0 0 24 27 41 0 0 10 3 0 0 26 0 14 43 19 0 0 0 15 1 0 0 8 0 0 0 8 39 0 0 80 0 0 0 19 0 0 0 0 38 0 0 85 0 1 0 0 52 0 0
 34 0 0 12 0 56 49 0 71 0 0 0 0 0 37 0 77 38 0 60 56 14 37 0 30 15 0 11 35 0 0 0 0 14 0 11 3 64 0 0 0 0 28 0 49 74 0 0 0 0 16 37 0 0 0 0 0 38 0 1 0 34 58 0 16 0 0 6 0 0 48 10 33 23 0 0 0 95 31 18 27 56 0 21 0 23 76 73 83 0 55 0 27 30 0 25 0 12 18 13 0 44 0 0 28 0 0 84 0 0 86 25 0 0 0 0 6 64 0 0 3 10 16 0 1 26 3 23 25 30 0 49 0 0 0 90 5 0 48 0 35 0 23 35 50 2 0 48 9 51 0 0 0 0 23 0 18 0 12 9 14 0 0 42 21 0 0 0 0 0 0 5 55 34 0 0 0 9 54 80 60 0 11 16 0 0 0 0 67 65 0 0 36 1 0 18 57 0 0 0
 0 45 70 0 0 5 0 0 0 42 33 0 53 0 30 4 34 13 0 44 0 21 0 0 19 0 36 0 24 21 22 28 24 42 12 3 0 42 1 35 0 28 0 0 12 0 36 31 11 0 0 1 0 0 8 0 0 0 39 27 28 5 0 0 11 0 17 83 7 62 0 0 61 0 0 0 0 0 66 16 2 0 0 0 38 0 0 0 0 61 45 0 0 0 86 39 0 39 0 45 0 0 72 0 16 0 61 67 42 44 85 7 0 26 76 0 18 2 4 0 0 18 66 13 34 12 52 7 0 5 44 0 0 0 0 0 57 30 0 0 10 80 10 64 55 51 11 37 19 0 0 14 9 0 0 54 0 53 17 0 7 0 0 26 0 29 27 29 0 0 0 43 11 31 10 0 18 0 0 0 0 0 61 2 0 0 6 18 2 0 0 30 0 28 0 0 74 0 64 0
 0 0 0 39 44 0 0 7 0 68 72 37 0 0 90 9 63 19 77 0 51 29 14 0 9 0 0 0 0 20 90 0 16 0 0 55 0 4 65 9 0 0 47 14 0 54 0 58 0 20 38 15 9 0 0 0 0 0 20 7 35 11 0 0 0 34 36 0 0 0 0 0 0 40 0 28 0 0 0 24 0 0 0 0 78 0 2 75 33 0 0 28 0 18 0 33 0 0 17 48 0 10 0 36 44 41 21 0 85 13 0 55 76 0 11 3 56 0 73 0 0 0 0 3 60 0 0 0 0 91 22 0 0 0 33 0 0 31 27 3 15 0 1 8 10 5 0 21 6 0 0 87 4 0 14 10 0 23 0 0 7 0 0 0 1 0 53 31 19 21 0 61 12 61 82 36 0 44 0 0 0 32 0 37 0 46 11 16 32 0 0 24 0 0 15 8 0 38 34 0
 78 0 16 19 0 25 0 17 11 0 43 45 0 0 24 0 0 60 31 32 0 0 9 0 56 26 50 0 1 0 0 55 7 0 0 0 0 0 0 45 0 0 27 0 0 18 0 0 0 0 0 39 0 15 0 0 0 0 0 0 0 0 14 0 0 23 0 96 0 18 11 1 0 0 0 32 44 0 0 23 34 59 0 57 93 0 21 26 0 83 0 0 0 61 0 0 65 0 42 14 38 18 30 4 0 6 0 7 0 0 12 0 37 0 0 0 7 0 71 30 62 0 62 80 23 0 18 0 0 0 0 6 77 0 82 0 0 0 6 0 0 0 0 6 68 49 0 0 54 0 24 0 0 31 12 0 0 0 0 0 43 56 0 5 0 0 0 55 0 0 15 0 30 28 0 25 0 79 14 0 0 50 69 0 0 0 0 0 0 0 0 8 0 71 23 45 0 0 0 0
 0 0 35 0 62 4 62 0 0 49 0 0 0 7 20 44 0 0 29 24 0 68 99 0 0 0 12 50 15 10 35 74 0 6 0 0 49 51 0 0 0 37 0 0 0 0 0 0 33 0 10 10 0 0 23 92 0 0 0 53 0 38 21 0 18 55 0 35 0 4 0 0 0 0 0 8 3 0 32 11 0 67 0 0 15 0 42 0 0 0 0 44 32 54 0 28 0 0 0 0 0 56 0 0 27 0 0 0 19 0 0 10 0 0 9 2 18 0 68 0 21 21 3 63 0 0 0 0 62 0 61 5 46 21 31 0 0 9 3 0 0 0 9 23 45 67 14 31 0 42 12 0 47 27 42 24 75 0 0 27 0 54 0 25 14 18 0 0 0 0 0 0 35 0 13 0 67 0 42 0 48 22 64 0 0 67 0 76 0 0 0 67 15 0 0 12 19 19 0 31
 0 53 44 0 0 0 30 0 4 19 41 0 13 10 0 25 0 0 25 0 0 0 36 8 0 0 0 0 15 0 86 54 27 0 0 82 0 0 6 32 0 10 0 1 0 12 58 0 0 0 8 2 44 0 0 0 0 21 0 24 15 14 0 4 0 32 69 4 10 0 0 0 42 3 0 34 0 22 60 20 32 13 4 0 0 17 46 91 0 0 0 0 0 0 23 22 0 14 0 14 33 27 0 65 83 61 47 0 8 29 0 54 0 0 15 15 39 3 0 0 0 35 52 25 0 0 22 40 0 33 0 5 0 16 0 32 0 0 0 76 60 41 0 30 0 0 0 99 0 3 4 0 68 35 23 28 0 41 0 29 41 0 0 29 4 50 30 0 60 0 19 49 0 5 0 5 67 79 37 0 0 0 0 34 1 39 0 1 51 0 28 23 1 0 8 0 63 0 0 0
 33 0 33 0 27 19 10 0 0 0 0 0 0 0 0 0 4 17 0 46 62 0 49 0 0 0 0 0 0 0 0 0 0 71 22 76 32 0 0 0 1 0 0 0 0 90 0 0 0 0 21 0 0 65 38 4 0 0 0 71 0 46 0 0 7 0 12 0 55 13 26 3 0 0 3 56 28 0 22 2 0 67 19 82 0 0 0 24 61 0 56 0 0 67 0 0 19 81 0 60 21 0 7 43 83 4 0 0 0 0 8 51 67 0 27 0 32 35 0 0 4 17 0 49 0 0 13 20 0 2 0 0 0 69 0 36 0 0 48 0 0 0 0 0 24 26 0 0 29 0 0 6 7 31 21 59 0 6 0 15 0 53 9 44 79 34 0 0 59 0 39 0 0 0 52 0 0 11 0 0 21 0 41 0 0 79 0 0 46 0 5 0 1 58 0 38 56 0 0 0
 0 80 3 0 0 58 0 2 0 18 4 32 43 0 0 69 0 6 0 0 0 28 15 10 10 0 0 0 61 64 6 0 0 0 0 33 0 0 0 77 8 6 0 23 25 0 0 0 0 10 8 0 78 0 29 64 28 12 12 21 3 0 0 6 0 50 49 0 58 0 10 0 52 35 0 14 39 0 0 0 0 0 5 45 32 37 0 0 0 40 0 29 7 0 0 12 22 36 0 14 33 40 0 0 18 0 0 4 10 15 45 36 5 23 45 2 24 0 62 0 0 0 62 26 0 0 15 0 0 0 0 0 80 0 24 13 0 3 27 47 0 60 10 12 47 0 40 0 0 83 30 19 0 0 0 96 0 17 40 80 0 0 64 29 43 33 0 0 88 0 37 76 37 22 46 0 0 51 0 0 41 0 0 19 0 0 41 2 0 28 7 9 0 28 0 8 0 0 6 20
 0 78 0 0 0 0 24 0 0 1 0 0 80 0 0 60 0 0 25 13 35 55 39 28 0 17 46 22 54 0 0 5 40 26 0 19 7 0 17 51 24 0 0 0 5 40 9 40 54 0 0 0 49 0 17 0 0 0 0 0 21 3 0 27 21 83 87 0 21 16 50 34 18 0 0 0 0 0 64 38 62 44 0 6 0 6 74 0 71 16 0 0 29 0 18 0 0 0 0 56 23 0 0 0 0 19 0 0 0 0 48 0 76 0 41 73 27 11 55 16 29 0 0 0 0 5 20 0 61 0 8 0 0 17 0 0 0 0 61 0 13 0 0 37 78 0 0 0 13 36 9 2 21 0 13 18 1 0 0 0 19 69 50 0 23 0 0 0 13 0 11 5 57 0 0 43 3 0 0 2 31 0 0 0 48 31 0 19 0 0 0 0 0 31 0 47 0 0 33 20
 0 0 0 0 12 15 8 2 50 4 0 0 0 0 49 84 13 0 0 12 0 0 0 0 44 6 24 16 18 0 67 39 0 9 32 3 0 0 0 12 3 0 0 47 0 21 0 56 14 35 16 19 35 0 65 0 33 0 18 74 49 0 0 68 0 0 0 0 10 20 0 16 50 61 49 60 0 0 90 0 0 0 0 26 8 0 56 0 1 0 44 0 0 0 0 82 0 0 2 0 10 16 0 43 21 11 0 1 0 11 0 0 0 0 39 0 0 1 52 14 0 0 23 0 0 96 0 0 44 0 74 0 52 23 0 0 43 0 0 0 9 0 0 5 0 0 0 0 13 65 0 0 0 33 0 61 0 9 0 0 26 0 5 28 22 15 90 0 34 0 0 43 0 37 86 12 0 55 0 51 0 0 0 87 0 0 0 0 0 36 0 76 55 43 0 1 7 17 0 0
 14 41 36 0 0 0 3 9 71 54 16 0 1 0 0 53 0 0 4 0 42 63 4 55 0 0 5 1 69 0 0 1 0 0 0 0 0 0 0 1 9 0 8 0 17 0 49 14 0 0 4 0 0 27 64 0 0 0 0 0 83 0 8 0 0 0 33 0 46 17 13 0 22 71 0 0 8 0 10 0 0 38 0 0 7 11 2 66 29 0 82 0 0 0 0 31 13 29 14 25 33 0 51 0 0 0 0 10 0 19 4 17 68 69 2 0 0 37 0 2 0 71 30 0 12 0 0 0 2 0 0 0 14 0 0 41 55 33 49 0 37 30 0 73 0 72 0 67 22 0 50 57 0 0 0 0 0 16 31 17 44 0 0 0 28 48 0 0 0 23 0 80 0 26 0 0 14 46 0 33 0 0 0 0 0 2 0 0 27 0 0 0 45 0 0 0 38 0 0 0
 28 0 15 0 34 0 0 0 0 0 39 29 71 1 25 0 72 0 0 0 0 0 1 11 0 0 16 18 27 0 31 3 7 69 74 69 0 3 0 6 0 0 11 58 45 28 72 0 6 32 0 0 0 50 65 0 0 5 0 0 0 80 0 45 17 42 0 0 0 0 0 0 0 0 0 34 0 0 4 0 66 40 61 0 29 0 0 0 83 55 28 76 25 0 0 0 0 50 38 18 21 0 45 54 0 49 0 0 58 0 0 0 0 0 0 33 18 0 0 13 44 0 9 64 6 0 0 48 12 46 0 32 0 0 0 0 66 0 12 0 0 0 80 53 22 0 0 0 0 12 0 0 0 11 68 0 0 0 0 0 0 26 42 3 0 0 16 0 7 3 69 34 0 35 0 4 33 80 0 0 55 8 43 0 19 50 0 0 20 39 49 6 22 0 4 4 0 53 13 45
 6 1 9 11 28 0 0 0 0 0 0 0 0 0 0 0 77 65 16 0 40 0 41 24 56 91 0 25 0 1 3 0 0 31 44 0 88 0 0 0 0 34 0 65 57 17 0 0 20 0 0 0 18 0 0 0 22 0 0 0 1 21 64 18 0 0 0 0 0 16 42 68 5 0 0 15 2 6 0 2 0 56 45 3 0 0 32 26 0 52 19 83 0 0 39 76 76 43 0 3 0 56 0 0 38 57 0 29 0 0 0 0 0 0 0 3 7 0 6 0 23 16 0 0 0 0 43 10 53 11 0 0 77 0 13 15 0 0 47 18 17 0 18 0 28 0 39 9 48 0 0 0 0 17 0 0 0 91 28 0 0 7 0 29 61 0 11 64 0 0 0 34 0 0 23 0 0 12 0 38 0 0 0 0 0 64 0 20 0 0 8 24 0 45 54 0 61 0 0 0
 18 0 0 0 0 0 3 0 0 41 0 53 48 0 0 12 0 0 5 0 0 61 0 14 0 78 24 33 0 37 2 72 0 42 35 19 56 0 0 79 0 0 0 0 38 0 15 42 0 0 81 12 0 0 66 12 0 0 0 17 0 7 0 23 0 31 0 7 8 10 77 50 0 9 51 93 51 0 0 10 5 71 73 0 3 18 0 0 0 0 39 0 0 5 31 0 61 0 0 11 90 37 88 11 0 0 70 0 0 0 25 42 38 0 12 66 0 0 0 0 0 26 4 0 40 62 0 56 0 37 9 0 5 0 0 0 30 0 0 46 0 23 4 4 0 4 70 32 0 25 0 39 92 0 9 49 0 27 9 0 49 13 18 0 0 53 14 7 23 45 0 61 3 0 39 28 0 33 8 29 0 0 38 1 23 0 0 0 17 0 0 0 44 32 0 0 0 5 24 83
 78 0 0 15 26 0 25 2 17 35 51 0 67 0 0 0 0 0 32 0 19 84 17 7 2 13 91 80 47 0 0 85 29 0 6 66 16 0 0 0 50 0 0 0 0 34 7 0 0 0 4 0 39 0 0 0 16 26 0 49 0 45 42 0 8 25 37 0 6 0 56 12 0 93 77 77 25 30 10 0 85 0 11 40 0 47 1 59 0 0 13 22 0 23 0 0 0 0 0 50 30 0 0 13 95 0 0 35 0 0 41 0 0 36 0 24 0 0 0 2 91 26 49 44 31 24 0 55 33 0 0 69 0 33 0 0 19 0 28 0 17 22 0 15 9 0 7 0 18 21 14 79 50 0 84 13 27 0 6 0 0 33 19 0 0 3 3 0 6 36 30 5 39 0 0 89 0 44 0 18 76 46 44 18 0 13 13 6 0 0 0 0 0 0 13 0 44 44 30 23
 0 0 0 18 62 0 26 74 0 34 0 38 0 0 16 19 0 25 74 49 0 0 0 0 0 0 0 0 0 0 12 35 19 0 0 18 0 0 0 0 0 24 1 0 0 90 11 0 7 42 8 19 18 44 0 6 0 0 0 0 0 0 0 25 0 0 0 15 0 5 0 0 0 0 35 44 49 0 32 27 15 0 24 13 0 0 51 23 0 25 9 15 66 63 0 19 0 44 48 65 0 11 60 2 57 0 0 18 13 0 58 0 57 46 0 12 10 32 27 42 13 61 32 16 1 23 0 0 59 16 47 69 0 10 39 15 0 0 0 0 0 0 17 0 0 4 31 0 40 41 0 59 46 10 8 0 2 92 0 5 58 0 0 7 0 0 0 0 0 0 0 20 0 6 63 0 0 0 0 0 45 52 0 0 0 0 27 0 33 0 0 1 0 0 0 11 0 44 8 32
 81 0 0 0 52 27 0 14 0 0 0 3 0 0 0 5 90 0 0 0 35 0 0 0 0 0 12 0 0 2 24 0 0 18 35 2 78 23 0 61 29 0 0 63 35 23 1 23 0 0 0 0 76 58 12 0 0 0 0 17 0 80 17 43 2 0 6 16 0 0 0 8 0 0 49 19 0 0 67 0 0 0 8 0 3 15 55 66 17 5 0 0 0 28 0 0 18 13 47 0 20 0 0 12 0 0 42 0 83 0 71 43 8 0 0 0 0 2 0 35 8 0 38 0 0 0 0 21 43 0 64 13 10 39 0 0 23 0 18 30 0 0 29 70 0 71 0 60 28 0 16 53 58 0 48 0 0 0 0 0 0 0 0 46 0 2 0 0 41 36 21 48 66 39 48 0 0 0 20 0 0 0 0 0 0 0 0 0 64 15 11 1 0 0 0 88 37 43 0 0
 61 31 17 13 19 0 32 26 0 57 7 16 34 8 0 0 0 29 45 0 93 67 15 0 0 35 41 0 35 0 0 0 94 0 83 0 6 16 0 0 0 9 14 0 15 0 7 3 0 9 0 0 18 0 6 5 90 0 0 0 37 6 77 0 39 23 0 20 16 10 0 0 0 0 44 44 42 50 0 9 56 61 0 38 80 0 6 67 3 0 0 42 23 53 96 18 0 0 0 0 4 0 0 25 0 4 0 83 0 0 0 38 0 0 0 0 43 0 17 16 68 0 0 31 0 42 0 0 0 0 7 23 60 28 63 0 33 9 0 0 81 74 42 51 0 6 0 75 37 0 2 0 0 43 0 0 0 0 48 0 0 42 81 0 0 30 0 0 0 0 0 0 48 59 0 0 0 56 6 8 0 68 0 2 0 0 23 38 0 0 57 22 0 24 25 0 31 49 0 0
 17 0 28 44 8 30 85 0 0 15 0 32 0 18 38 0 0 0 35 31 0 0 0 80 29 0 0 0 0 48 0 0 0 11 19 0 0 62 46 0 0 50 55 19 0 9 8 0 49 26 32 11 7 45 0 0 0 0 25 5 42 0 0 65 18 0 2 0 6 0 74 0 0 54 0 34 42 0 0 0 5 0 0 62 0 33 0 0 33 0 43 39 0 21 0 16 1 0 0 0 0 0 0 74 60 0 0 0 31 9 1 0 1 0 0 0 0 11 0 25 0 0 0 0 0 0 0 55 0 35 49 80 44 21 36 1 60 4 59 0 0 32 0 23 44 0 0 20 0 0 9 0 0 16 0 0 0 80 65 28 0 23 12 65 36 34 11 14 0 67 0 0 0 18 0 0 0 0 71 12 0 80 0 0 37 14 17 0 0 37 4 17 0 0 0 38 0 0 40 0
 1 0 0 40 12 0 42 17 0 25 0 22 0 0 0 0 17 27 0 0 0 0 0 0 0 1 34 0 0 0 68 28 54 6 7 0 0 0 34 0 8 3 37 0 0 0 4 0 0 31 32 41 0 0 14 37 0 0 30 0 19 0 26 0 4 0 68 86 0 0 0 0 58 26 89 39 0 36 26 23 0 22 80 0 0 26 2 0 35 0 0 31 61 0 2 0 70 25 0 14 36 0 0 0 33 47 0 0 0 0 6 0 0 61 56 61 34 20 66 17 0 0 5 0 0 6 28 0 0 48 0 56 0 22 29 0 0 3 0 0 0 38 0 10 54 5 15 14 11 0 10 0 84 82 15 0 0 55 0 64 0 0 88 32 79 0 0 2 30 0 19 0 51 0 41 0 0 0 25 50 0 38 47 0 36 19 3 0 3 0 67 10 0 0 62 0 1 32 0 14
 0 0 63 0 21 0 0 0 10 0 0 0 56 0 1 0 23 3 9 42 0 0 0 0 36 0 12 0 0 0 10 17 0 99 0 0 0 0 19 14 0 0 0 0 14 0 46 22 69 0 92 0 30 23 5 46 0 0 18 34 50 3 0 0 27 68 74 29 0 0 0 0 0 0 0 58 0 0 0 35 25 99 0 0 0 46 44 0 0 0 12 28 0 0 52 41 0 100 0 0 88 0 0 0 42 0 25 0 47 24 36 51 0 71 53 0 1 0 0 10 18 56 0 0 0 13 0 0 0 15 76 0 91 0 8 29 60 0 0 0 0 11 31 14 0 19 0 0 0 24 0 39 63 63 23 31 0 0 1 0 56 22 0 62 0 0 25 0 5 0 0 84 0 3 0 71 0 0 0 59 0 0 0 0 27 56 0 9 0 0 35 0 0 32 0 73 49 0 37 73
 0 3 3 13 47 0 43 6 63 0 33 0 0 32 0 0 0 7 45 0 0 64 0 0 0 0 0 54 0 82 0 58 44 44 0 0 26 59 0 51 0 64 0 0 0 14 0 4 0 90 0 9 0 31 51 0 34 0 73 2 0 0 1 0 36 94 0 0 0 0 0 10 46 23 6 0 97 0 54 0 0 24 22 11 9 9 0 0 0 71 2 67 0 0 15 5 44 52 7 42 0 28 49 0 0 0 32 35 35 0 54 0 15 64 24 0 0 84 6 7 0 0 14 0 6 0 0 0 0 0 0 48 14 13 0 0 0 0 0 54 0 0 0 0 33 50 0 0 0 55 38 14 28 0 0 0 0 0 0 0 0 19 71 0 8 63 36 47 15 9 0 0 0 0 0 21 0 18 11 0 0 0 2 17 0 0 47 75 9 30 0 22 0 0 34 0 0 0 18 10
 0 83 0 0 15 50 42 15 0 0 0 48 0 30 7 75 0 0 59 0 0 28 0 6 44 91 0 40 51 29 0 0 18 0 6 3 0 39 0 43 0 7 36 0 25 0 30 14 74 0 0 57 5 5 0 49 0 30 52 0 43 0 9 0 21 0 0 0 0 0 13 32 0 0 90 65 0 0 0 0 0 10 0 0 0 0 26 0 0 0 0 0 0 65 4 8 0 57 0 73 45 0 0 0 0 4 6 0 90 2 0 44 19 14 0 13 40 0 0 6 0 5 0 0 2 0 28 0 0 25 0 0 0 33 0 0 25 32 22 21 0 26 0 0 0 24 9 0 0 48 58 18 25 1 0 0 0 0 9 0 0 6 80 0 0 42 11 63 85 31 0 0 0 26 40 40 38 15 0 19 0 0 16 23 7 40 0 0 0 0 0 0 17 0 0 86 25 0 0 57
 0 2 49 38 50 0 7 16 16 0 0 58 0 88 6 0 10 19 0 0 55 32 7 0 7 96 0 0 0 50 49 0 0 0 52 67 3 97 10 0 0 0 0 0 12 36 29 0 0 66 0 20 21 19 0 0 0 98 0 0 22 12 14 12 0 10 40 0 7 15 0 24 32 41 13 0 42 47 14 84 0 24 0 0 0 0 0 0 0 3 0 0 5 0 0 91 0 0 4 0 97 17 0 24 0 0 41 63 0 0 27 0 0 0 9 36 76 0 17 0 63 74 0 32 0 7 15 34 48 61 0 22 0 0 22 2 41 0 0 57 0 16 46 0 47 0 0 59 30 0 0 0 0 0 21 18 0 0 35 0 0 0 34 24 8 5 30 15 41 72 0 57 7 32 36 26 0 31 43 0 86 0 0 0 32 55 85 14 1 27 0 79 36 0 0 0 0 20 32 0
 2 47 57 22 0 0 0 0 0 38 0 0 0 71 0 0 39 0 0 43 0 31 0 0 0 0 0 53 49 29 0 29 0 76 0 83 0 36 0 15 67 0 37 15 11 72 33 0 0 96 46 0 7 0 0 0 7 0 0 63 13 0 26 19 35 0 25 0 0 59 0 0 7 7 47 3 26 0 42 0 0 0 0 57 0 25 0 21 6 0 0 89 0 24 42 21 57 20 0 69 0 49 0 13 55 0 0 0 65 45 75 29 84 0 3 0 0 21 82 72 55 83 32 54 0 60 15 33 70 0 0 0 61 31 34 59 13 0 87 8 0 0 19 0 74 0 0 37 0 7 0 0 0 11 0 32 0 0 9 22 30 55 0 0 0 45 26 23 0 28 72 0 0 79 5 19 0 0 0 0 14 0 0 69 89 33 0 0 0 43 29 0 0 0 0 0 22 0 51 0
 33 65 0 0 0 25 16 0 0 29 4 57 0 53 0 0 0 0 0 0 56 54 0 0 0 0 0 52 2 0 0 32 0 0 11 0 0 13 6 0 0 0 0 3 0 0 0 16 0 6 0 0 22 7 58 57 0 0 41 48 0 0 0 36 7 0 0 0 63 0 0 0 28 0 0 0 27 61 0 20 0 28 42 0 95 25 10 0 0 59 0 63 0 38 2 19 62 18 0 31 70 7 42 21 49 0 55 0 24 0 9 0 65 30 0 0 14 14 96 4 45 0 59 23 0 0 0 0 0 0 0 3 44 16 0 0 0 0 10 31 0 0 0 1 0 37 23 0 0 19 31 58 43 0 0 0 10 0 0 0 19 53 0 30 0 0 46 8 0 71 0 0 0 53 28 9 0 77 0 40 0 23 92 0 25 0 29 0 24 32 35 63 0 40 0 0 0 52 0 48
 1 2 0 0 0 67 0 0 17 0 9 0 8 0 0 0 0 0 14 0 0 2 28 0 0 0 42 29 39 2 50 0 17 0 0 0 0 48 0 0 0 24 0 0 90 0 0 0 7 11 41 0 18 44 12 0 13 20 0 33 0 0 0 65 30 80 0 13 0 0 12 0 0 28 0 0 58 23 27 0 0 17 0 0 24 34 0 18 0 4 0 0 0 0 0 0 3 1 57 34 0 0 0 66 4 0 61 0 13 0 3 17 0 0 0 65 0 8 39 3 37 32 27 40 19 0 0 28 59 14 10 0 0 4 55 65 31 9 34 0 0 0 35 1 0 0 0 0 3 1 0 0 0 55 62 1 0 53 0 0 38 99 0 0 0 0 22 61 0 46 0 52 0 0 0 34 21 0 0 50 0 7 6 0 8 22 66 38 0 49 0 88 75 0 1 0 32 52 0 0
 82 0 41 0 54 11 1 7 0 6 41 0 77 0 70 0 0 24 37 8 0 9 0 7 0 0 13 0 0 7 4 82 26 42 26 25 43 18 64 15 0 19 0 0 31 0 0 5 0 0 0 0 43 20 5 0 0 35 42 0 0 43 0 24 0 0 6 22 0 0 60 0 47 18 58 0 0 0 0 0 39 0 0 0 0 43 0 15 64 0 35 0 0 59 35 0 0 0 1 39 49 0 0 0 84 64 0 54 0 0 0 2 0 33 0 0 0 0 29 0 16 0 48 0 62 66 0 0 65 0 0 0 0 22 0 0 16 0 0 63 5 0 0 60 0 0 0 0 1 0 0 0 4 0 13 41 0 56 29 0 0 77 0 0 10 24 6 0 0 29 0 0 24 13 0 0 0 40 48 0 33 0 0 0 0 0 29 0 0 48 30 24 20 20 0 0 0 0 75 0
 64 8 36 0 0 0 30 0 5 26 0 7 2 0 50 0 0 18 0 84 31 23 0 0 95 13 0 0 0 0 45 0 0 25 12 14 14 0 0 55 0 9 44 3 2 13 0 4 72 0 0 17 73 12 26 0 46 35 0 12 3 23 0 9 0 0 0 18 24 32 19 2 62 1 11 0 25 19 18 0 0 29 0 0 22 0 0 63 0 0 16 24 28 58 0 15 0 33 23 0 3 50 0 14 0 30 41 24 8 0 0 67 0 5 0 0 8 5 0 16 0 58 0 0 0 0 0 0 60 0 0 28 10 38 0 2 0 21 40 0 41 0 0 71 38 24 26 58 67 0 53 27 19 0 0 8 0 0 58 0 0 19 0 9 0 58 0 0 0 21 0 0 0 0 0 90 6 10 0 36 0 5 0 0 15 0 11 0 7 0 0 58 0 2 27 0 0 0 0 10
 12 0 31 0 0 14 0 23 0 0 0 0 0 29 0 62 41 33 78 0 43 30 0 15 0 0 0 62 47 0 0 37 65 24 44 5 0 0 0 0 17 30 0 20 0 4 6 43 95 1 0 3 47 4 0 7 1 0 16 16 0 72 0 75 0 0 0 0 71 0 31 0 2 0 15 0 66 51 0 0 51 31 0 49 78 31 5 14 51 29 0 38 15 0 56 10 60 0 0 0 0 16 0 0 58 0 95 0 31 0 62 34 0 17 15 7 47 14 8 7 0 1 0 4 8 0 0 0 0 9 0 0 52 0 41 0 0 7 0 7 0 0 0 0 0 0 35 21 0 46 0 0 0 0 0 12 34 18 0 21 39 0 0 32 0 0 40 8 0 0 35 0 25 0 25 0 13 7 17 0 0 0 0 0 0 53 20 0 95 64 21 0 0 0 41 80 0 16 59 19
 49 74 0 22 78 0 71 30 0 25 55 33 5 0 0 0 6 0 88 23 0 24 0 0 0 0 29 0 0 0 0 62 56 24 0 23 40 0 0 0 0 14 0 1 0 0 0 0 0 52 18 0 37 6 0 0 0 0 88 16 33 0 0 0 40 66 0 0 63 7 80 0 0 72 49 0 2 0 0 9 0 48 64 70 0 72 0 0 0 0 9 0 0 22 0 9 58 7 0 39 0 20 20 26 0 0 40 4 0 9 0 5 38 23 0 16 0 29 0 0 0 0 0 0 0 0 52 0 14 6 19 0 0 16 0 63 33 29 0 0 33 32 16 46 70 0 56 0 0 19 0 16 32 84 50 26 0 4 15 16 0 0 0 69 41 0 0 32 0 0 16 5 23 28 27 39 0 0 24 31 0 1 84 40 0 0 43 0 0 47 31 43 6 61 1 8 0 0 29 74
 0 39 0 8 0 15 77 67 0 5 0 27 0 12 19 9 52 0 0 0 0 44 0 0 20 0 0 0 0 24 0 56 0 4 0 2 0 0 17 52 0 0 15 41 0 79 77 14 21 0 44 44 0 0 46 0 12 0 15 56 0 85 65 0 50 64 77 16 12 0 20 74 0 45 0 40 0 29 0 0 13 0 0 52 0 3 17 9 0 0 62 18 0 0 58 0 24 0 0 0 3 0 0 0 23 0 0 37 92 34 81 14 0 58 22 0 0 34 28 62 0 0 3 74 0 60 40 0 0 0 0 19 0 38 0 20 0 0 0 0 0 9 24 30 15 51 33 32 5 0 9 0 70 0 3 76 0 60 0 72 1 0 60 42 75 6 48 4 29 42 36 0 66 0 0 0 0 0 0 0 0 0 8 0 0 0 0 5 0 0 0 0 32 32 24 0 0 0 51 0
 58 25 0 26 0 0 0 15 0 24 52 16 0 1 63 0 0 48 0 0 0 15 0 0 0 62 6 6 66 0 10 52 15 0 0 0 0 0 0 0 0 29 0 0 0 78 16 0 0 96 0 21 65 0 0 19 0 2 27 27 0 10 0 0 0 43 20 0 6 4 0 0 0 0 0 0 0 21 0 0 6 37 0 21 0 15 0 0 23 2 27 37 51 8 42 0 27 0 34 0 51 0 28 23 4 13 4 0 0 18 37 7 0 23 0 31 0 0 0 0 0 0 8 62 0 0 0 0 48 3 0 0 19 0 24 50 25 70 0 0 0 6 11 0 27 0 0 0 17 0 57 0 0 0 0 0 0 29 0 0 0 0 22 70 18 0 0 22 20 0 0 0 10 13 12 0 0 0 27 0 0 2 0 0 0 0 16 0 4 69 30 0 33 0 0 0 0 0 31 0
 51 29 65 7 8 21 17 0 36 38 0 0 0 0 0 29 16 0 0 0 16 0 8 0 6 0 0 34 44 45 38 0 27 86 60 40 1 0 29 93 44 7 0 68 0 64 73 41 0 0 0 0 28 15 0 0 21 0 0 60 0 45 64 0 24 0 44 0 7 0 0 0 76 0 10 0 0 0 0 33 0 3 54 0 0 0 44 0 41 37 0 0 0 0 38 0 0 0 0 48 0 0 0 0 34 51 0 62 0 0 24 74 0 0 0 0 0 41 51 57 0 10 33 32 72 40 0 60 36 0 0 0 12 0 59 62 30 0 0 12 0 14 54 87 0 17 80 0 0 10 0 3 50 0 0 0 35 0 71 0 0 0 51 41 18 60 0 0 0 0 0 13 68 13 0 0 0 0 37 16 60 0 0 0 84 0 66 88 39 0 0 0 0 0 45 32 32 0 18 6
 74 0 65 0 0 0 0 29 24 38 44 3 0 19 0 26 40 73 27 3 47 61 25 0 0 47 71 35 1 0 31 78 0 46 0 0 0 0 0 0 40 0 48 0 0 35 0 27 0 40 0 0 0 0 83 0 7 0 22 0 22 5 10 14 17 44 17 0 0 22 0 0 64 34 24 0 29 0 0 0 53 0 0 0 0 43 3 0 67 16 0 28 56 0 0 33 16 0 52 0 12 0 45 0 0 0 0 0 0 0 0 70 54 23 30 0 0 45 91 0 2 0 38 3 0 62 0 23 1 11 58 0 0 25 55 14 19 0 26 67 0 45 0 0 0 0 3 22 0 0 42 38 4 48 0 0 0 12 0 16 0 0 0 0 0 0 0 15 53 1 0 25 0 67 0 17 9 39 41 16 61 0 7 74 0 0 0 0 0 14 21 0 0 0 35 16 0 0 0 0
 0 0 0 39 53 46 0 0 41 16 0 10 0 2 0 0 0 77 0 0 0 10 92 0 22 0 0 0 0 20 19 18 0 12 0 0 0 0 57 0 55 0 0 0 23 0 0 0 45 0 54 57 17 0 0 33 46 9 0 0 0 0 50 24 0 0 59 0 0 0 70 36 0 0 12 1 0 41 64 0 0 63 64 0 0 0 8 0 9 27 0 61 0 0 23 0 90 19 0 0 76 0 0 9 49 6 30 0 3 76 56 0 12 17 0 0 39 10 0 8 0 0 0 6 0 0 12 18 38 0 58 11 0 17 0 9 0 14 0 0 0 29 68 5 0 62 18 11 38 68 0 0 0 58 0 0 51 0 0 58 95 61 4 15 21 21 0 0 0 1 0 19 0 0 55 0 0 22 74 10 0 57 0 0 18 27 0 6 30 0 0 0 48 8 0 79 4 8 0 24
 76 25 55 16 0 27 42 0 0 0 23 0 73 0 0 0 29 65 0 0 0 0 0 0 50 58 0 0 68 0 0 0 43 0 7 0 0 64 0 0 88 34 17 7 8 1 9 0 34 0 49 0 0 6 7 20 0 0 0 91 0 0 0 17 37 0 16 0 0 22 0 0 0 0 7 55 0 79 0 5 46 27 30 9 0 32 25 0 3 19 11 0 0 17 2 12 0 0 0 0 6 54 0 34 0 0 0 0 0 0 11 0 0 49 0 73 26 0 0 0 91 0 0 54 0 21 0 55 0 18 38 0 75 28 0 21 20 0 0 6 0 28 16 49 49 74 0 0 67 0 0 0 20 0 38 39 0 0 7 3 0 58 39 41 53 0 0 0 89 0 26 0 0 27 66 30 34 41 0 0 0 0 0 48 26 39 17 0 19 62 0 0 47 0 0 0 0 24 63 0
 0 0 0 6 0 0 0 44 0 0 10 20 0 0 50 0 25 0 3 0 15 0 0 60 46 0 48 0 28 9 27 0 2 0 0 0 1 0 0 0 16 0 27 4 0 45 0 38 0 24 0 28 0 10 59 27 67 0 42 0 0 0 0 0 2 0 0 0 0 0 0 85 50 13 0 27 27 35 0 0 74 0 0 0 0 0 0 0 20 32 0 3 39 10 14 39 0 0 0 56 0 0 4 8 59 10 0 19 0 66 15 0 39 38 87 74 8 37 31 0 22 0 0 0 0 19 37 0 5 0 0 0 6 3 0 0 56 0 0 3 8 0 0 0 0 0 7 55 0 8 0 77 0 0 0 5 18 0 62 4 25 2 0 0 0 0 21 0 18 26 43 73 0 0 0 29 68 0 0 0 22 28 40 0 73 0 16 0 93 0 85 55 0 0 66 37 78 0 4 39
 29 0 0 0 0 7 0 0 44 0 6 21 52 28 33 1 10 73 0 0 0 32 0 0 18 0 32 32 0 0 0 57 0 0 26 0 20 0 0 0 0 45 75 54 0 0 28 0 0 0 20 10 0 0 0 14 0 30 16 38 76 0 42 0 15 0 21 0 0 0 0 0 0 0 0 0 0 25 56 0 17 0 0 49 0 0 69 4 0 0 0 0 0 19 79 48 0 21 41 0 0 66 44 0 70 66 0 0 2 0 76 63 83 0 0 61 2 0 5 26 26 28 74 0 27 0 39 0 32 0 0 66 5 38 54 0 30 0 0 0 0 0 0 8 0 0 0 24 0 6 0 0 0 0 23 81 0 0 15 0 0 0 29 96 0 0 3 44 31 0 16 14 21 37 26 15 42 46 3 62 7 43 0 42 0 0 0 8 0 23 27 16 0 73 18 35 0 45 20 23
 0 0 63 0 0 56 0 0 4 17 14 51 9 0 86 61 15 0 0 0 0 0 2 0 35 0 25 20 0 0 0 0 28 0 0 0 0 55 0 0 77 40 14 11 0 17 0 63 7 0 38 78 16 0 25 0 23 86 55 54 20 32 0 0 0 0 0 66 25 0 0 0 27 28 0 7 8 0 0 0 0 0 0 0 0 0 46 27 0 0 0 44 0 0 0 27 0 0 61 0 0 56 0 1 12 0 0 58 51 5 4 31 0 0 0 0 56 41 17 0 13 33 0 22 0 0 0 0 0 0 43 19 58 4 0 49 36 0 0 8 55 25 0 59 0 9 6 0 0 0 0 0 5 0 50 60 0 1 8 0 78 0 25 0 75 0 0 5 0 0 51 0 0 0 0 33 0 0 0 0 0 35 13 0 0 0 31 0 0 0 24 2 0 16 0 0 0 31 43 49
 0 0 15 41 61 0 3 20 35 63 0 0 0 11 0 91 32 0 14 0 0 23 39 79 0 4 0 79 0 24 23 10 0 35 0 0 0 0 0 0 73 30 0 0 0 0 39 0 0 0 0 56 0 0 0 0 26 10 0 0 0 62 0 0 0 16 74 37 14 0 0 48 27 73 16 15 2 0 0 66 17 24 0 0 20 0 0 0 1 5 32 35 0 0 32 0 0 26 0 29 25 0 0 0 1 0 0 0 0 6 0 0 0 11 0 27 0 55 0 0 0 3 31 45 0 9 89 25 0 24 81 0 0 0 0 58 0 83 0 0 48 0 9 53 0 51 0 0 45 0 9 78 0 51 0 58 69 6 4 15 78 34 40 45 30 0 32 0 0 37 0 1 0 0 79 0 0 0 0 0 13 60 0 0 0 52 0 0 0 0 70 0 0 0 0 52 0 16 0 43
 0 0 0 28 0 55 0 58 0 0 50 18 23 45 75 36 17 0 0 0 79 54 0 0 0 57 90 0 0 69 23 67 0 3 79 37 21 18 0 54 59 0 9 0 0 14 62 48 47 0 0 34 22 20 0 50 0 36 0 7 31 38 5 17 0 38 0 0 0 0 17 0 44 0 68 28 45 13 0 0 0 0 11 21 0 0 0 76 22 0 13 42 0 61 0 24 0 65 0 57 0 0 0 0 0 48 0 12 0 18 0 0 32 46 0 0 0 74 99 0 31 41 0 0 24 0 50 10 64 0 18 0 55 0 0 12 0 5 0 0 85 0 0 0 51 0 29 0 83 82 57 13 0 22 0 10 45 0 36 0 5 0 7 12 0 7 0 22 20 0 46 46 0 0 54 0 0 18 5 17 51 68 0 82 0 0 24 30 50 0 25 0 0 0 0 24 55 1 5 33
 0 0 0 1 62 2 0 0 0 0 72 0 63 0 59 37 0 0 12 0 53 60 27 0 0 0 34 28 58 0 0 89 0 0 0 0 0 0 72 0 0 0 10 55 46 64 39 0 0 0 0 91 40 11 17 0 0 8 12 0 0 0 47 0 41 9 31 3 42 0 40 42 47 44 0 0 0 35 12 13 0 70 27 69 70 0 0 0 0 91 55 0 0 0 0 0 0 0 0 0 81 0 0 0 52 0 0 35 0 19 0 18 0 13 23 0 17 29 89 44 0 26 33 53 0 0 0 2 0 90 9 29 0 0 36 38 0 0 12 0 0 75 21 9 0 63 19 0 52 53 0 0 15 0 0 50 20 1 0 3 14 31 6 66 19 0 0 62 0 0 30 36 23 11 0 0 55 37 0 0 0 0 32 10 0 25 80 57 0 56 0 1 0 0 77 65 48 0 73 19
 28 11 0 2 0 0 0 26 26 72 0 61 19 0 78 0 0 29 0 28 0 0 0 0 60 0 68 0 29 47 21 0 45 63 33 41 27 28 0 73 85 0 0 38 0 3 0 18 36 0 46 20 0 11 0 72 20 36 0 53 19 42 0 36 34 17 16 0 32 0 0 6 20 0 0 19 0 0 3 29 0 0 20 0 6 0 14 6 0 0 13 0 0 0 0 5 7 0 44 22 0 0 0 0 0 31 15 33 21 15 44 0 15 0 0 0 0 12 0 64 22 36 14 0 64 0 0 0 36 0 14 0 0 0 2 14 0 0 17 65 0 10 11 0 0 22 9 44 22 13 27 0 38 16 0 0 80 74 0 62 0 11 0 0 43 0 0 0 21 0 0 0 0 73 0 14 0 47 22 47 0 7 0 2 0 0 59 0 0 0 6 38 0 11 0 0 37 0 15 30
 21 0 0 0 22 0 0 0 0 24 0 0 0 0 18 0 0 0 81 0 0 13 0 0 0 65 0 0 40 46 0 5 83 40 5 7 0 68 0 74 9 25 0 0 43 2 0 0 0 81 5 0 0 0 59 0 51 72 44 14 0 0 0 36 0 0 0 0 0 8 21 17 0 0 85 3 0 0 0 22 62 0 0 0 50 4 7 0 28 0 0 0 0 17 72 46 14 0 44 0 0 0 26 0 6 0 0 3 10 18 0 54 59 54 29 0 0 0 0 0 0 63 0 29 0 0 0 10 22 0 81 4 3 0 0 0 2 0 27 0 0 54 5 2 1 42 63 0 76 0 0 6 0 0 30 0 79 0 68 7 53 0 0 0 0 0 2 65 10 62 31 25 0 0 35 0 0 0 31 0 27 0 50 87 0 0 15 0 26 40 0 8 0 0 23 0 0 0 0 0
 10 24 6 8 51 15 0 33 58 9 0 98 0 40 30 16 20 0 0 4 23 25 37 0 0 0 25 0 0 0 0 10 48 4 50 23 0 39 34 0 0 0 53 0 16 0 26 9 12 44 0 0 0 0 0 16 33 9 0 0 16 0 0 0 63 0 0 0 0 48 41 50 16 0 0 0 12 0 0 68 0 0 0 73 0 35 0 0 0 33 0 0 0 0 5 18 0 29 0 54 18 0 0 0 0 10 19 54 0 0 0 0 0 28 75 0 59 0 40 0 0 44 48 0 6 0 0 80 73 18 0 0 48 0 0 0 32 0 14 0 0 25 14 0 4 46 0 39 51 0 0 0 0 0 0 26 6 0 0 25 0 0 0 67 34 42 27 0 0 0 0 0 68 90 0 0 0 20 63 0 81 8 0 41 41 0 48 0 73 75 25 6 0 0 56 0 65 0 22 0
 0 0 0 0 0 0 0 0 64 18 0 0 49 21 0 0 21 21 13 38 0 0 76 0 0 0 0 0 0 0 0 42 47 0 46 0 16 75 64 0 0 0 0 53 47 2 0 31 88 0 89 0 0 17 4 8 0 10 12 28 36 0 38 18 36 0 19 3 0 0 28 5 0 0 0 21 0 34 0 0 0 0 0 0 0 15 40 35 0 38 18 0 0 18 0 0 40 66 32 4 0 0 0 0 55 21 0 54 0 0 0 0 0 0 16 18 0 0 40 0 50 0 40 28 0 0 0 36 36 4 9 0 0 0 5 52 0 19 0 0 0 0 0 21 45 18 41 10 0 0 0 0 0 86 0 17 11 17 0 0 0 60 95 21 20 53 74 28 11 0 0 0 48 0 0 0 0 0 0 0 0 0 0 0 48 0 0 0 21 16 67 0 1 0 0 23 0 20 0 0
 0 40 64 0 0 68 0 0 39 41 59 6 0 0 59 15 0 7 0 20 25 0 0 0 0 0 0 1 0 33 7 0 0 7 0 0 0 0 11 0 0 36 0 0 26 50 20 0 0 26 11 11 0 0 60 10 0 93 47 84 19 74 0 0 22 25 30 0 0 0 0 0 4 10 0 0 0 0 0 0 0 39 8 32 8 0 68 0 0 11 0 0 0 71 5 9 25 5 0 0 10 9 18 0 0 12 0 8 11 16 0 74 82 46 33 0 31 2 0 7 0 48 0 0 27 62 19 0 0 15 0 53 0 0 0 0 0 8 0 0 45 0 35 53 30 0 0 60 0 19 0 0 19 0 0 74 26 0 20 30 24 0 0 57 0 27 0 11 0 0 0 28 0 43 0 0 0 0 16 41 0 15 9 0 0 26 0 0 0 16 9 0 0 0 0 0 37 0 0 23
 0 0 0 0 25 0 0 0 0 14 0 4 0 20 52 0 0 0 0 0 16 0 0 1 24 0 13 0 41 0 0 0 0 54 28 0 14 19 3 75 6 34 34 0 9 0 0 11 0 12 72 18 20 0 0 20 0 0 0 1 0 0 14 69 39 0 29 0 57 0 1 0 0 81 0 38 0 0 0 42 1 36 9 18 36 0 0 59 78 47 0 0 0 69 0 45 0 0 16 10 0 0 24 74 0 52 22 30 0 14 0 0 76 0 0 20 1 0 39 18 19 3 25 45 0 20 0 62 28 0 28 14 34 0 0 12 0 16 25 0 0 0 0 0 0 9 0 0 16 6 46 20 7 32 61 0 0 40 4 58 38 0 40 37 11 19 0 0 0 0 0 5 65 46 34 0 0 2 54 0 0 61 0 0 21 48 0 0 0 4 0 1 0 0 52 0 31 0 0 0
 38 6 0 0 21 1 0 36 72 67 0 4 0 43 0 0 30 0 14 55 0 22 0 0 0 37 0 0 0 0 23 0 0 64 16 28 0 0 0 0 61 32 1 15 0 38 0 0 0 0 45 0 42 49 59 0 0 34 0 0 35 0 0 0 0 59 0 80 62 39 0 0 0 0 57 0 0 0 0 47 0 43 0 0 0 0 27 94 82 0 12 29 16 91 32 38 0 1 73 0 0 0 27 58 8 16 21 0 0 5 6 31 0 32 0 0 9 0 0 50 12 20 50 70 0 67 16 2 0 0 0 27 13 0 0 0 22 0 0 88 0 0 31 0 0 0 0 80 0 44 33 24 0 0 0 35 19 0 0 0 32 33 0 42 21 12 6 5 0 0 68 0 0 0 0 0 37 39 1 0 0 0 0 0 14 0 0 24 0 7 0 3 31 3 26 0 0 24 0 0
 0 0 0 44 31 0 27 26 0 50 0 0 0 64 0 0 0 0 50 50 60 0 1 17 0 28 0 57 0 0 59 67 62 32 0 0 3 0 85 67 33 0 11 0 51 2 0 5 0 0 47 0 0 0 20 0 0 0 0 0 28 0 0 0 0 0 11 49 0 0 0 0 0 46 0 0 0 0 0 39 41 7 0 0 6 36 6 36 0 0 0 0 14 0 0 0 56 54 26 34 0 0 36 0 30 41 37 45 40 18 0 0 0 0 50 9 16 0 0 0 16 0 0 0 48 0 0 40 0 40 0 0 33 10 0 0 0 4 0 4 0 0 22 0 73 93 68 0 0 0 30 85 71 0 0 29 85 37 48 0 89 0 62 53 21 0 6 0 0 11 19 0 0 0 78 0 0 10 17 22 0 0 0 74 0 14 13 2 7 0 40 28 0 0 0 14 0 73 0 0
 29 1 51 0 0 0 0 49 0 0 0 0 0 1 34 0 0 29 0 0 70 0 66 0 10 0 74 0 14 46 0 0 44 46 0 37 0 51 12 23 17 0 0 11 0 0 29 32 22 12 0 0 2 0 62 5 17 16 0 0 3 8 0 25 51 0 0 6 0 33 67 12 0 28 0 52 0 0 44 27 46 0 19 13 38 0 0 0 0 0 34 0 0 0 11 12 32 29 30 48 0 0 68 0 0 0 40 0 24 0 0 0 0 9 0 0 39 7 0 26 0 0 0 0 4 0 41 54 65 0 38 6 0 0 72 0 0 0 14 53 0 41 0 0 0 98 0 0 0 0 0 0 0 0 61 9 0 0 0 0 9 0 0 0 66 2 0 0 8 0 24 0 58 0 14 0 0 0 0 78 0 0 69 0 12 0 0 2 0 69 0 0 29 47 0 14 9 21 0 0
 9 0 0 6 0 0 23 0 55 0 0 0 0 8 13 0 24 0 0 0 0 0 0 56 22 0 0 69 38 0 0 47 0 4 0 43 26 0 0 25 71 0 21 0 47 26 0 0 8 79 0 0 59 58 51 0 0 0 0 0 0 74 36 0 0 0 0 0 2 53 62 37 0 0 45 2 0 0 0 0 60 13 0 0 39 23 23 19 0 0 0 30 0 24 14 0 0 0 45 0 0 44 8 0 83 37 0 0 0 0 34 0 30 0 29 79 33 0 30 0 3 1 0 0 0 37 28 0 46 19 0 73 30 0 0 64 41 0 12 28 0 0 43 0 48 0 48 35 0 0 39 0 56 33 6 40 72 0 25 0 38 13 25 22 0 0 0 0 77 0 32 8 53 0 0 12 23 0 0 0 76 0 72 0 0 3 0 0 66 40 9 0 0 19 27 7 30 1 32 36
 53 0 9 0 0 0 0 35 0 0 45 65 48 0 0 46 0 48 18 15 0 26 0 0 23 0 0 0 56 58 0 0 4 0 16 51 0 0 25 0 20 0 10 0 8 0 0 0 0 0 0 0 12 6 0 0 0 82 8 0 39 53 0 0 35 0 0 0 21 6 1 49 38 0 17 17 0 15 0 0 2 0 29 16 2 0 0 87 18 25 0 81 0 0 0 0 30 0 34 39 66 30 6 0 38 87 15 0 31 18 4 0 0 0 21 16 0 0 0 0 0 0 20 0 16 0 23 5 0 12 50 42 0 25 37 2 0 87 4 0 0 0 0 0 0 0 41 0 52 0 54 50 35 0 0 1 34 34 0 0 0 0 0 3 50 36 0 42 3 0 0 0 46 0 15 0 23 16 0 65 0 0 15 67 2 65 38 22 0 0 11 23 0 0 0 0 15 0 3 61
 0 0 2 0 36 0 0 30 68 74 0 20 19 0 0 0 0 0 0 11 2 6 17 0 50 0 0 0 42 34 0 3 0 0 75 13 89 71 0 0 39 0 0 14 0 7 0 0 26 0 94 0 0 0 0 45 41 0 0 0 0 0 17 0 24 46 0 0 0 0 49 0 0 0 0 0 0 0 9 13 0 0 0 18 14 57 41 76 0 68 77 0 0 0 0 0 0 8 0 47 0 60 0 60 15 0 18 39 0 57 73 36 0 4 27 0 0 30 91 0 9 0 38 26 0 0 0 89 0 0 0 23 41 26 40 0 0 32 0 0 25 32 2 0 96 0 0 0 0 0 0 78 0 9 3 0 38 47 0 17 29 42 28 0 18 0 0 0 0 0 62 0 7 0 0 0 0 0 0 0 1 0 0 0 14 3 0 0 61 24 0 0 3 0 0 0 51 0 0 0
 93 12 0 31 93 0 59 6 0 62 19 0 0 34 0 19 70 0 52 31 5 0 0 12 50 0 13 0 9 10 26 0 9 0 14 71 24 18 18 39 0 0 0 6 85 0 36 45 0 0 20 4 56 0 49 0 0 9 0 16 19 0 0 85 0 0 2 0 61 5 0 39 0 36 0 2 4 0 20 23 0 0 42 22 0 7 0 0 6 0 0 3 11 0 0 0 11 0 0 4 87 0 0 73 10 0 0 3 60 0 0 43 5 0 0 0 0 11 0 11 56 0 0 5 8 0 0 0 26 0 1 0 100 0 0 0 1 50 0 0 0 54 0 76 0 0 9 45 50 0 0 26 0 0 46 0 30 0 0 0 0 0 71 49 0 0 50 0 53 0 15 0 0 4 40 0 0 0 0 0 0 0 0 51 0 10 0 0 30 3 0 12 20 45 0 0 25 37 46 40
 0 2 0 12 0 1 0 0 48 0 45 0 0 0 0 0 0 49 19 0 0 46 3 0 0 0 0 0 47 89 0 77 0 0 0 0 11 10 0 0 47 0 0 92 0 81 0 26 0 45 0 0 0 0 0 0 22 0 3 0 0 56 95 0 0 0 66 0 78 0 0 5 0 0 68 22 42 8 11 49 52 0 0 0 27 0 0 34 15 64 13 0 0 0 0 0 0 4 0 0 41 0 0 0 0 0 20 0 0 4 0 0 0 0 0 0 0 63 14 15 25 54 83 53 10 69 33 0 21 25 0 0 53 53 0 0 0 0 0 15 0 13 0 0 5 0 3 87 9 0 0 0 54 5 41 20 27 0 0 0 12 16 35 25 0 2 69 0 0 65 8 14 0 7 55 61 0 44 53 0 17 0 0 14 3 0 71 22 0 56 56 0 40 0 0 0 54 0 0 12
 0 0 0 71 0 30 85 0 46 0 0 0 24 19 25 0 0 0 11 44 0 68 29 0 0 0 53 26 0 13 0 42 0 0 30 62 19 9 16 15 14 0 0 0 0 28 77 26 0 0 0 53 0 0 0 0 0 2 0 0 7 48 0 16 38 0 31 0 55 0 13 30 0 6 45 0 54 3 74 0 0 0 27 35 0 60 40 80 62 0 81 20 0 27 0 0 0 0 40 40 0 0 22 0 44 8 0 78 4 0 0 0 39 1 8 0 16 33 78 0 0 41 28 0 7 18 36 56 0 22 0 0 32 45 75 71 28 17 0 11 0 0 0 10 0 0 0 59 34 31 0 23 0 49 0 0 0 0 0 0 11 0 0 0 0 0 0 0 0 10 75 73 66 0 0 27 0 0 18 0 0 79 28 30 76 0 20 56 0 56 0 0 0 0 0 0 72 0 0 75
 45 46 66 41 17 60 0 30 71 11 0 0 37 31 40 0 0 0 32 0 0 15 0 2 58 22 0 85 36 0 0 0 31 17 93 0 27 0 0 0 0 0 13 3 0 7 0 0 0 0 0 22 31 6 0 0 54 0 8 0 4 11 28 0 20 0 0 0 0 0 0 38 82 33 70 0 0 0 19 47 21 41 0 0 0 19 70 0 8 0 4 33 0 15 6 0 87 0 31 14 0 0 43 0 20 0 49 0 0 0 0 0 0 0 71 50 0 0 0 0 0 26 73 0 7 0 62 41 34 0 0 19 85 96 0 23 59 0 0 0 13 19 0 74 53 62 0 0 61 34 28 3 50 0 0 33 0 0 61 8 0 0 48 0 0 0 0 0 67 18 6 0 0 57 29 56 0 0 63 0 0 0 93 4 0 5 10 59 0 0 0 23 15 0 5 0 50 35 0 0
 6 15 19 38 0 0 0 29 0 10 0 0 0 0 77 63 53 0 0 21 0 58 9 23 46 0 0 0 0 93 0 0 0 12 0 29 33 78 63 0 14 7 35 56 23 4 46 0 86 54 0 0 48 0 26 24 0 0 0 81 39 0 0 0 8 0 49 61 30 0 0 0 40 0 8 0 66 0 0 5 80 4 20 44 25 46 0 0 0 50 0 0 66 0 0 0 33 0 52 0 0 0 10 0 0 32 10 0 78 0 0 0 59 0 0 0 0 24 94 12 78 0 0 15 11 33 0 11 13 0 17 5 0 20 0 0 37 0 0 20 11 0 52 0 14 38 15 39 0 0 0 6 6 59 0 0 0 0 0 0 8 0 0 0 31 55 6 55 24 21 0 0 0 17 39 0 32 0 2 36 0 0 0 1 52 0 14 93 8 43 63 9 20 0 4 0 0 0 53 0
 0 16 17 0 0 21 0 0 4 0 0 16 38 0 68 0 53 0 0 7 20 0 0 79 0 0 28 39 5 67 56 0 0 0 0 6 36 0 70 16 0 2 17 47 6 99 25 80 58 16 0 29 31 0 43 28 0 0 43 0 22 43 0 0 0 0 59 0 0 17 28 0 71 42 0 0 0 18 0 0 59 0 41 39 0 4 3 0 60 70 2 12 18 15 0 0 0 34 2 0 1 34 16 0 0 0 0 0 61 0 13 20 0 8 30 33 42 0 0 68 32 29 76 0 0 0 8 0 2 12 0 0 0 47 0 20 1 16 40 0 0 0 0 0 0 0 64 0 57 0 0 43 0 0 36 0 0 0 71 25 0 14 7 18 9 0 44 0 0 8 5 0 2 3 0 0 47 11 0 4 50 0 0 0 12 27 10 0 4 46 0 0 0 2 19 38 0 5 0 0
 47 0 21 4 36 69 0 0 16 0 68 0 59 0 0 41 21 0 10 0 35 0 24 0 53 0 0 0 0 0 0 9 9 45 0 0 0 32 0 0 0 0 10 6 6 82 57 20 3 8 0 0 13 42 54 4 63 0 0 14 0 0 0 77 0 36 25 8 53 0 0 83 0 43 0 53 0 0 84 0 0 0 27 0 0 0 23 0 0 0 3 0 0 0 54 0 14 42 1 0 28 0 0 0 30 0 23 82 54 1 52 0 20 38 2 11 13 3 28 0 0 0 0 14 3 0 33 28 0 0 0 67 35 37 7 34 1 0 70 48 64 92 0 0 0 0 6 44 0 2 21 83 9 0 0 33 0 0 0 52 29 2 36 0 0 88 25 9 0 0 31 8 0 0 19 0 0 28 27 9 0 48 0 0 10 9 21 30 0 0 0 35 42 0 27 0 54 0 39 0
 10 7 4 0 46 25 0 0 40 0 93 0 62 0 32 22 0 71 11 24 0 0 36 0 15 0 46 33 0 0 45 38 27 0 0 0 0 0 15 5 57 0 24 0 0 82 0 0 0 46 0 52 0 0 0 0 0 73 0 0 0 3 13 0 15 69 39 33 0 23 0 74 0 0 70 22 0 0 49 0 20 73 0 87 0 0 69 78 8 0 0 8 75 0 7 47 25 15 0 0 0 0 0 7 0 26 0 51 6 17 0 0 13 0 0 11 0 47 38 85 0 4 58 8 8 19 0 0 0 0 25 2 32 0 0 1 0 39 0 61 9 16 46 0 0 0 22 15 0 53 69 0 0 0 11 2 5 0 48 0 40 4 15 2 23 0 0 0 0 18 0 0 0 9 6 0 0 64 0 0 41 35 0 0 42 9 0 0 0 6 8 0 17 46 0 31 31 52 12 65
 0 39 0 0 0 0 0 0 19 24 0 0 36 0 0 0 0 77 27 11 0 0 15 65 0 0 0 0 85 0 0 16 37 2 45 0 0 21 0 0 8 23 0 0 57 0 0 17 0 11 88 0 0 3 29 77 11 0 54 20 0 0 51 59 50 0 0 68 0 67 0 50 0 14 14 1 0 0 0 0 7 58 0 43 32 0 0 0 49 0 3 0 26 19 0 40 46 8 54 5 72 17 44 40 0 0 7 0 21 3 14 17 78 30 0 0 0 0 0 20 13 24 62 23 0 25 13 10 47 35 63 0 17 4 46 0 0 1 0 0 25 5 8 0 0 0 0 0 11 0 0 0 51 0 0 0 25 56 0 0 60 0 45 43 0 0 0 81 44 0 0 0 6 0 31 57 0 0 0 25 0 0 0 47 0 40 15 0 0 43 0 23 20 0 0 13 0 76 0 7
 16 18 51 37 0 38 37 0 2 1 72 0 0 63 42 0 73 66 55 88 20 52 88 32 0 7 38 0 0 25 31 69 3 7 36 28 0 0 0 0 0 93 0 14 77 0 33 0 10 0 15 61 27 36 0 48 0 21 17 0 3 27 0 2 13 52 51 13 11 0 19 0 22 44 0 0 64 64 0 17 17 15 0 3 0 36 68 0 12 7 0 0 68 21 0 0 0 0 25 0 0 29 87 26 29 8 45 0 0 0 0 0 0 0 48 69 0 77 56 0 0 0 0 63 29 15 13 83 0 19 41 0 0 0 24 0 36 50 0 0 0 38 80 0 7 0 35 0 3 0 0 0 26 39 0 0 0 0 0 0 11 0 12 0 0 47 0 76 16 0 0 33 0 0 0 30 9 55 33 0 42 31 41 47 36 81 0 0 0 0 28 23 39 0 85 0 57 42 0 89
 0 0 47 0 0 0 0 0 47 0 0 57 0 3 0 10 0 0 53 14 32 58 0 0 77 90 69 0 0 13 0 0 0 0 0 0 85 43 0 0 0 22 35 0 73 42 29 17 0 0 67 0 0 0 0 0 0 8 37 46 0 0 48 0 0 29 0 60 0 0 0 53 11 59 0 66 0 0 0 0 34 0 21 10 0 45 26 25 0 0 0 28 0 0 0 16 1 0 24 46 0 0 22 0 20 68 50 0 0 0 0 40 0 0 21 12 83 0 27 0 0 0 0 4 0 45 0 0 6 0 26 0 2 4 0 57 0 38 77 0 0 0 67 46 47 39 2 47 35 9 58 76 47 23 0 0 58 0 7 0 0 38 53 0 0 0 0 46 0 0 0 0 84 0 0 37 40 39 43 67 0 52 0 3 7 0 0 68 28 0 0 24 0 85 57 48 24 0 0 18
 0 3 0 35 0 0 82 50 0 0 0 0 0 0 0 0 0 0 38 51 49 15 0 0 81 0 0 0 21 17 12 50 0 0 8 13 9 0 0 0 0 36 42 0 0 0 0 54 0 0 9 43 0 0 0 66 25 21 46 0 73 31 3 53 65 0 0 6 0 0 0 0 0 0 42 43 45 0 0 0 0 0 0 18 0 0 0 0 0 85 0 0 8 0 0 0 0 0 17 16 21 66 0 0 0 0 54 0 0 57 0 1 0 0 51 0 0 0 25 0 26 0 33 0 0 4 46 32 64 28 64 65 0 30 0 0 54 82 46 14 31 82 0 54 18 93 0 0 68 0 0 72 0 0 0 0 54 0 23 0 22 0 25 49 69 6 2 6 0 0 58 6 0 0 0 26 31 0 0 0 0 80 2 0 0 0 0 79 48 84 63 63 75 57 0 54 0 4 37 9
 39 23 7 66 23 2 52 40 0 37 0 12 0 0 13 57 21 22 0 0 0 7 0 0 40 5 0 9 0 0 9 0 3 35 0 79 3 0 25 31 0 14 45 0 0 36 29 0 0 0 0 31 67 0 0 25 9 0 31 45 24 17 7 0 0 0 0 0 0 75 0 0 0 11 0 12 80 0 0 0 0 0 36 0 0 0 95 29 0 0 36 0 74 22 3 0 0 60 0 12 0 0 79 29 2 0 6 0 0 0 46 22 21 0 47 7 7 1 0 63 9 0 0 0 0 22 35 0 58 0 19 0 64 0 73 0 0 16 23 53 29 0 0 0 57 7 9 26 3 0 0 0 0 0 0 25 0 0 9 0 13 0 0 0 0 0 0 22 0 0 0 84 60 25 0 7 0 79 16 36 6 2 14 17 0 0 0 0 58 20 13 0 0 72 0 0 25 0 0 0
 0 11 0 0 0 27 8 66 7 55 0 59 29 4 0 0 0 8 0 0 0 59 0 0 0 0 45 7 0 13 0 0 46 49 48 0 0 12 64 0 0 55 0 19 0 7 19 29 10 0 0 35 0 62 11 0 89 90 0 35 0 31 17 0 0 0 74 0 0 0 15 0 0 14 0 0 42 0 0 0 0 0 63 0 8 27 24 0 18 15 0 40 0 0 0 0 0 0 0 0 19 11 0 18 11 0 41 38 0 61 0 64 0 0 46 78 0 0 33 0 0 0 0 0 26 0 5 0 0 37 40 0 48 58 12 0 0 19 22 66 7 13 0 0 0 32 74 0 30 0 17 16 0 0 14 0 0 7 25 0 20 0 0 1 11 52 18 0 8 0 0 0 41 22 59 0 0 0 23 0 48 0 0 39 6 0 0 63 0 16 0 0 6 0 0 44 0 0 0 0
 0 24 57 0 0 0 18 0 0 12 0 0 0 0 0 80 26 19 0 6 0 27 10 0 0 0 49 10 0 53 0 0 29 24 0 0 0 15 50 23 0 0 0 0 0 0 70 0 43 37 0 0 0 0 0 0 32 0 0 51 0 0 0 37 36 0 11 30 0 10 86 0 0 6 13 0 0 27 0 1 43 0 48 34 0 73 41 68 53 0 0 0 0 9 7 53 0 27 20 0 10 31 0 24 78 0 0 0 0 70 0 0 0 78 0 53 0 15 0 0 0 0 9 0 71 82 6 0 15 0 0 22 0 0 47 32 0 0 0 0 75 0 0 2 0 0 88 0 61 0 13 44 0 2 0 0 21 0 9 40 60 17 53 7 0 14 0 0 8 36 0 0 0 22 53 0 64 80 0 0 24 79 38 36 0 0 14 0 65 0 0 20 9 4 56 0 51 7 0 49
 0 32 0 0 0 0 24 3 0 31 52 0 0 0 13 1 58 25 2 0 5 20 2 6 79 0 0 32 0 46 0 73 37 0 0 0 0 9 31 44 85 0 0 0 0 0 0 68 0 0 5 0 54 28 24 82 15 16 0 31 0 29 3 0 0 0 0 16 0 0 0 0 82 17 10 86 0 0 0 0 83 0 0 5 16 75 55 0 90 0 0 49 22 0 0 0 0 28 15 5 0 0 39 4 15 0 0 40 0 17 2 0 0 47 0 0 1 68 88 23 0 75 0 0 0 18 0 33 23 0 47 72 0 0 0 13 0 5 0 0 18 56 0 27 0 59 23 54 0 24 0 41 20 5 35 0 66 16 41 2 0 64 60 0 0 0 12 0 0 0 0 0 47 16 5 44 20 70 0 0 11 0 59 0 74 0 7 36 46 0 0 28 0 30 50 81 0 0 49 0
 24 0 41 0 0 0 0 35 11 43 0 4 0 79 49 59 46 11 16 30 18 0 24 20 0 35 0 0 0 78 0 32 13 48 52 0 0 50 16 34 49 0 0 50 0 0 50 0 43 0 0 0 26 48 0 0 78 0 0 32 0 22 78 0 0 15 0 0 10 0 38 11 0 43 69 32 0 0 0 0 0 33 91 0 24 0 0 0 63 0 54 0 0 0 0 33 0 63 5 56 0 20 23 0 0 0 30 61 0 0 63 13 0 0 49 88 36 0 0 0 0 0 0 15 81 0 10 35 20 62 0 14 0 0 0 0 21 0 30 9 0 0 0 0 0 0 0 38 99 25 0 0 59 34 0 0 0 0 0 16 24 71 24 50 13 38 0 39 10 0 86 42 0 0 32 0 30 24 0 0 0 3 0 0 0 0 68 22 0 14 0 0 0 8 20 0 33 0 72 40
 86 0 32 0 46 19 14 0 68 48 74 0 33 12 80 23 0 34 23 0 0 0 5 0 0 0 32 65 41 41 0 0 0 0 0 33 36 0 9 28 0 0 71 8 14 16 27 0 62 0 3 12 0 0 95 20 61 0 0 76 8 36 0 0 5 50 4 0 0 79 0 88 0 37 0 0 7 0 34 16 9 0 0 29 0 0 0 71 0 28 0 0 0 63 83 2 56 0 0 0 87 0 0 0 22 16 0 0 3 28 0 0 0 22 0 0 74 9 0 0 0 32 3 57 0 0 0 58 75 5 33 40 66 53 0 0 93 0 0 0 87 28 0 15 23 6 11 0 0 57 0 6 19 0 8 0 22 24 0 47 50 47 0 22 57 45 14 0 43 8 26 41 0 28 0 0 0 0 26 2 0 34 10 0 1 80 0 50 61 50 16 0 84 0 64 61 0 67 0 0
 0 0 21 0 0 0 69 0 43 42 6 44 0 10 7 3 20 10 15 39 17 0 0 73 57 0 0 0 0 74 32 21 33 1 12 0 3 0 0 0 14 0 24 41 4 25 0 0 47 0 2 0 0 0 0 0 25 7 71 30 0 0 0 0 30 0 61 0 32 0 71 0 0 58 0 0 28 68 61 36 0 0 0 37 0 0 21 0 36 11 20 0 27 0 0 0 0 35 0 0 29 10 0 15 25 0 53 19 0 0 37 0 19 31 51 34 4 0 0 76 0 16 53 26 57 0 0 0 37 0 0 7 78 1 24 0 12 13 0 0 9 96 0 27 29 0 0 69 14 69 26 5 16 37 0 0 0 87 4 0 0 33 16 0 16 0 0 0 0 0 0 11 0 66 0 73 0 42 12 0 0 0 39 0 4 0 13 0 24 20 0 0 4 0 0 0 35 0 17 0
 0 0 45 0 16 6 0 0 0 42 0 8 0 0 0 64 20 19 0 0 0 52 23 44 0 0 73 0 0 0 0 0 4 0 5 0 0 0 1 0 0 0 0 47 0 2 10 65 0 0 41 28 14 0 25 32 10 0 0 0 0 90 2 0 0 0 48 47 74 0 56 20 0 12 79 0 0 63 0 0 46 8 34 0 0 0 70 0 9 65 0 0 0 0 56 1 36 0 0 0 24 57 0 14 26 0 30 0 2 78 0 0 50 13 0 27 39 0 0 60 49 0 1 23 18 0 0 0 14 24 0 0 0 13 0 0 0 0 0 44 56 70 0 0 35 0 0 0 41 0 0 81 12 0 44 26 32 0 0 17 38 0 0 5 0 30 0 43 42 0 0 8 0 81 38 0 0 3 51 55 4 4 8 0 0 69 5 60 28 0 84 44 28 0 0 76 0 0 0 75
 0 0 60 23 18 0 15 29 0 28 0 14 64 19 0 23 6 0 0 61 2 0 0 15 0 30 0 0 43 47 59 62 0 9 0 0 0 43 70 21 0 34 34 0 73 48 0 9 0 0 17 0 0 0 15 20 29 0 53 0 0 41 32 0 32 7 0 30 0 16 0 52 9 0 75 25 0 25 0 0 87 0 0 0 30 0 36 5 11 37 0 0 0 0 49 40 0 0 0 0 2 46 0 14 0 0 30 0 0 65 0 0 29 0 29 12 0 14 3 0 0 39 37 6 0 0 48 0 6 0 0 22 39 0 23 0 0 14 0 52 0 0 0 82 13 71 0 0 0 0 0 0 34 0 59 0 0 0 5 0 8 0 0 0 0 0 22 0 15 23 0 0 13 0 65 0 0 0 8 27 0 0 0 17 21 0 0 0 18 0 4 0 15 2 0 34 71 29 18 0
 22 12 26 0 0 46 0 3 0 58 0 32 0 0 34 0 8 0 0 0 60 0 0 0 39 0 29 0 11 26 35 34 13 0 11 24 0 9 0 0 0 37 0 17 7 63 19 0 3 0 0 56 0 0 42 6 0 0 0 0 0 0 0 0 16 1 0 0 42 0 48 7 99 0 0 65 0 37 21 0 0 0 0 0 22 50 0 6 0 0 13 19 0 78 0 0 0 0 34 0 88 0 43 0 17 9 19 0 25 56 44 0 0 20 19 1 14 0 0 78 0 85 25 0 49 0 6 63 31 0 32 0 21 0 0 82 0 1 48 73 69 0 0 53 67 82 0 0 0 32 0 15 5 14 26 6 0 50 9 45 44 55 34 0 0 0 0 0 11 53 0 0 0 9 0 0 12 31 0 21 0 28 18 43 0 12 0 15 0 0 3 18 19 0 42 64 0 0 60 3
 8 0 19 0 20 0 0 0 47 0 0 0 5 0 7 15 58 11 0 0 19 46 0 63 0 19 0 1 38 23 0 0 0 2 0 71 0 39 0 81 71 0 4 0 16 1 0 17 0 0 0 75 0 0 0 0 34 0 34 0 4 0 65 52 0 0 0 57 33 0 0 0 0 0 0 0 65 0 38 0 0 0 0 0 51 0 46 22 0 79 0 0 0 0 11 11 0 0 27 23 0 55 63 0 0 11 41 0 0 63 30 10 49 0 5 0 0 64 12 44 12 0 24 28 56 0 18 63 0 0 49 0 0 0 54 64 22 0 19 0 17 38 12 8 6 0 1 0 8 0 30 0 0 0 69 0 0 0 87 0 0 0 9 28 0 0 0 9 0 7 0 0 26 0 10 8 50 0 0 0 21 0 0 0 0 71 0 0 0 38 4 0 82 2 28 26 49 77 0 0
 0 16 0 0 0 0 0 17 17 43 8 3 10 6 24 0 0 40 0 17 0 21 0 8 69 35 0 47 54 0 0 69 49 27 0 48 4 82 48 31 6 0 35 19 0 0 0 62 57 26 0 11 67 0 27 1 0 56 0 36 0 0 0 41 0 48 20 0 0 50 31 5 0 0 0 0 62 56 0 0 62 0 0 0 0 0 0 55 26 13 0 0 27 6 29 43 3 0 9 0 0 0 65 0 0 0 0 0 0 16 82 43 42 0 0 0 0 0 0 0 68 53 0 0 0 81 0 0 0 0 0 32 45 0 11 0 2 84 0 0 45 26 34 2 0 20 26 54 12 72 9 0 89 0 69 81 0 8 0 6 0 0 29 0 9 0 56 18 3 57 0 0 19 12 0 36 0 28 22 21 0 0 0 0 0 64 0 5 0 29 0 0 18 21 26 6 0 88 36 0
 61 0 0 34 0 0 19 52 41 0 12 40 27 14 0 54 0 0 0 0 0 35 0 57 6 0 0 9 0 52 0 48 0 34 31 9 25 0 4 44 0 0 41 39 81 0 0 0 3 0 25 1 65 15 68 61 0 0 0 0 0 0 23 8 0 29 7 12 0 67 0 14 67 0 0 0 0 0 30 41 15 0 21 14 25 0 60 19 42 60 30 0 0 77 60 64 38 21 7 33 45 15 0 13 43 22 0 5 50 11 0 29 0 7 0 22 25 0 0 0 0 0 0 0 0 4 0 0 24 0 0 0 0 0 24 46 49 9 65 0 0 39 0 0 37 69 0 0 44 0 4 0 78 50 31 2 33 0 0 30 0 0 0 0 15 0 0 0 0 3 0 15 47 52 0 0 59 12 73 0 3 0 0 0 0 7 0 49 0 36 44 5 0 27 0 33 42 41 42 29
 0 62 0 23 0 43 14 0 0 41 0 45 33 0 65 3 12 36 60 10 14 0 0 23 57 15 0 0 38 0 56 17 0 0 0 0 0 0 0 44 47 30 84 30 50 25 48 41 0 0 57 2 28 6 0 31 16 6 69 0 0 0 46 0 0 0 0 0 0 41 0 36 66 0 0 0 0 49 0 0 11 17 0 0 0 59 0 0 47 0 0 44 0 38 33 0 0 17 23 41 39 23 29 0 0 20 0 0 0 0 18 0 77 4 86 75 0 0 37 0 0 60 7 0 40 0 17 0 59 34 0 0 19 5 32 3 2 3 71 10 0 41 49 17 32 0 17 0 29 0 0 63 81 0 2 0 50 95 0 66 12 0 0 15 0 0 76 74 2 0 0 0 19 0 34 0 85 0 13 62 0 17 57 63 0 0 59 25 0 0 16 62 71 33 0 0 33 28 0 78
 0 0 10 49 0 0 0 1 0 15 0 11 55 0 61 78 0 41 0 0 0 0 44 45 0 0 0 0 50 72 0 31 0 0 0 0 68 0 75 88 0 52 0 0 0 0 0 0 0 39 0 0 0 85 37 22 0 18 0 0 0 4 0 0 84 28 77 20 12 0 0 0 28 0 26 0 6 0 0 2 56 4 22 0 0 30 38 0 86 0 0 0 68 55 0 0 17 0 50 0 0 0 17 12 0 0 12 0 4 76 0 27 43 0 0 0 0 0 0 25 10 0 13 89 0 0 34 0 4 0 45 57 34 14 37 0 78 0 41 0 23 37 0 0 0 0 0 0 24 31 0 56 0 0 0 40 65 73 96 14 0 0 0 52 0 0 82 0 14 0 29 52 55 0 0 79 53 59 0 42 0 29 6 1 59 26 31 3 0 0 0 10 84 12 51 1 9 67 0 41
 16 0 0 46 3 0 20 6 0 0 0 89 0 17 21 12 50 0 5 51 25 0 0 0 31 36 0 0 0 26 57 1 0 0 51 0 28 0 92 26 0 7 3 0 46 0 53 26 0 0 0 39 0 57 0 34 32 29 20 0 0 33 0 0 11 2 46 0 0 0 0 3 0 39 33 0 37 0 7 13 70 0 0 0 0 36 8 0 1 35 13 15 0 27 81 0 0 12 25 2 20 0 2 78 47 40 0 0 0 24 38 0 0 0 0 1 36 0 42 0 0 0 0 13 0 0 32 50 1 3 76 0 2 14 29 0 16 0 0 32 80 5 8 26 20 18 0 0 0 0 53 0 59 0 60 0 0 0 0 80 11 0 79 0 23 25 4 0 0 17 20 0 0 6 0 0 67 0 0 28 61 2 40 46 0 0 0 0 0 3 3 18 14 0 58 0 0 44 0 14
 29 18 45 0 0 0 3 17 0 7 8 63 0 0 0 7 9 73 36 0 81 12 0 10 23 0 0 0 13 15 0 0 37 5 0 0 0 0 0 0 38 0 0 0 71 43 11 0 3 0 23 64 22 0 0 5 0 0 0 2 30 41 0 0 29 0 0 67 19 0 0 55 18 0 29 10 0 0 0 0 0 40 0 28 49 0 0 0 4 11 0 52 0 62 11 25 45 0 18 39 45 0 0 0 18 37 0 45 0 50 31 12 0 45 0 8 0 0 0 0 6 0 13 12 0 0 0 0 0 0 23 0 14 0 0 15 0 18 0 0 0 0 26 0 0 0 0 32 0 0 13 0 0 0 4 22 9 0 69 0 83 0 9 0 4 0 0 0 0 7 3 27 18 18 42 41 0 4 26 0 0 0 0 0 22 25 0 75 0 13 0 11 5 9 0 48 2 6 0 6
 0 0 0 22 0 0 66 0 0 0 22 0 10 0 25 0 0 58 0 0 0 74 0 33 28 0 0 13 0 0 0 31 37 0 29 48 3 0 11 0 0 0 0 0 0 7 48 0 62 0 19 0 47 44 0 43 3 0 0 0 48 0 0 0 0 0 25 0 80 14 0 0 0 65 24 0 78 13 46 0 0 0 55 0 3 0 1 12 0 0 0 0 55 64 0 0 42 0 0 0 0 0 0 0 0 0 55 70 42 24 18 88 0 0 0 95 6 0 41 0 0 34 30 0 8 14 0 51 9 0 55 0 39 0 0 66 21 0 0 0 3 16 0 94 22 3 0 0 0 0 0 46 72 0 42 69 66 2 7 3 20 29 47 6 9 49 0 9 61 2 46 6 0 36 0 0 0 0 21 38 0 56 0 42 0 11 0 14 8 25 0 0 0 33 41 39 56 0 22 40
 71 73 0 59 0 0 58 0 29 0 11 41 0 0 0 55 67 42 0 6 30 0 34 59 67 0 24 69 0 0 42 2 0 13 10 0 41 29 0 48 80 0 33 61 10 34 46 17 45 50 0 0 0 30 14 0 0 21 0 27 37 17 0 0 37 0 65 0 9 0 0 0 20 0 49 0 0 21 36 31 76 64 28 0 0 0 0 67 0 32 0 0 48 55 0 0 0 19 0 0 0 45 0 2 3 68 42 13 0 0 0 7 0 0 5 0 0 0 0 0 31 16 88 0 70 0 20 0 68 0 63 0 0 0 39 0 27 0 0 0 0 0 0 0 50 52 0 0 0 24 0 7 80 0 0 0 44 17 56 0 0 0 4 1 0 0 0 27 0 0 25 0 0 0 9 0 0 0 0 11 47 0 53 6 15 75 6 0 79 5 0 17 44 0 16 0 65 26 0 0
 0 1 7 0 35 60 29 35 27 36 0 3 1 3 0 0 0 92 43 0 0 88 50 0 0 0 0 0 19 56 29 0 0 82 64 47 50 0 0 71 45 40 1 58 0 0 19 79 0 22 0 58 0 0 0 0 65 8 0 13 0 0 0 0 0 0 47 0 0 8 0 0 0 1 0 0 0 0 0 28 0 0 0 0 0 9 0 46 0 0 62 32 0 0 40 0 0 0 27 20 0 29 0 3 59 0 0 0 0 0 0 18 0 0 6 0 26 0 0 0 2 36 0 0 0 0 0 0 8 0 0 0 0 0 17 61 63 0 0 0 0 28 4 0 56 0 0 45 0 0 12 0 19 55 0 34 30 0 0 60 29 0 0 31 22 19 0 4 38 0 2 0 0 0 0 0 9 0 0 0 71 67 72 0 29 24 30 7 47 0 0 0 29 0 0 0 0 0 0 3
 0 54 0 36 17 0 0 0 0 43 0 23 4 0 51 0 48 1 27 0 49 0 30 41 0 3 13 0 30 19 67 0 0 59 7 0 0 0 0 5 80 0 0 0 0 0 0 0 94 57 0 0 0 0 51 12 0 38 6 63 24 60 12 0 0 0 0 0 0 0 0 23 0 0 0 0 0 0 81 0 19 0 0 0 0 0 0 0 28 0 71 10 13 53 4 0 0 24 0 62 0 60 16 12 0 48 91 0 0 0 0 39 0 0 15 15 0 0 73 0 0 0 0 0 76 0 0 0 0 2 0 0 32 13 3 11 0 0 48 0 23 4 71 0 7 0 22 85 0 0 0 25 46 46 4 0 0 34 82 0 0 0 4 0 37 30 10 38 7 0 0 14 4 0 0 0 66 2 0 17 0 0 0 0 0 0 0 20 28 48 60 0 0 18 52 24 20 39 0 0
 0 0 37 0 14 0 0 43 51 0 0 0 11 0 0 0 0 2 0 1 0 0 13 5 12 41 1 0 30 0 0 28 19 0 31 0 0 0 36 0 0 35 40 28 3 0 0 67 0 0 86 0 22 0 46 0 72 0 0 6 16 0 0 0 35 17 30 61 1 56 0 4 10 0 0 36 32 4 0 7 26 0 0 0 0 54 0 0 17 19 0 0 30 0 0 0 31 56 0 0 0 0 33 3 0 0 35 42 0 31 0 49 0 28 11 70 20 69 0 43 27 18 0 0 0 0 0 9 0 20 0 69 49 0 35 58 0 54 0 32 83 0 48 0 12 0 0 10 0 0 8 0 16 22 82 71 23 62 52 0 15 0 53 0 0 48 0 49 63 27 69 0 70 55 0 31 0 0 8 0 6 0 13 29 0 0 0 32 18 25 0 0 0 0 0 0 7 27 6 53
 14 0 58 17 0 0 0 8 4 62 0 22 0 63 0 0 0 0 0 0 0 0 0 0 0 0 3 0 11 0 23 0 7 0 31 62 32 38 4 0 4 41 16 0 10 2 3 0 9 0 25 40 58 0 0 0 0 29 37 0 52 0 0 10 3 77 0 0 0 0 0 0 0 2 0 22 13 53 0 0 11 6 0 2 4 30 0 23 0 0 0 0 29 34 12 0 13 0 0 0 0 0 0 0 0 16 0 41 0 41 79 64 38 4 0 0 45 0 29 42 9 0 0 0 14 63 0 0 36 32 42 47 0 0 79 25 0 0 0 46 5 4 59 0 20 0 14 0 0 0 17 0 0 40 32 0 31 0 0 0 34 36 50 9 0 27 100 0 63 7 0 0 32 59 0 9 27 0 0 0 20 0 0 20 1 0 1 0 24 0 17 0 24 0 3 0 0 17 54 0
 0 39 64 68 0 15 0 0 19 0 1 19 76 49 52 0 0 43 0 0 21 0 0 9 0 9 0 27 0 30 63 84 0 0 21 39 0 5 0 0 24 0 40 0 26 27 84 0 16 42 18 67 20 29 43 14 29 4 0 0 41 0 0 0 21 0 0 2 0 54 0 25 0 22 0 17 32 49 0 0 0 9 18 38 38 6 14 69 10 0 0 2 62 22 35 0 0 40 0 0 0 0 0 0 18 19 0 0 0 0 48 0 60 55 76 0 0 46 0 0 55 0 33 0 0 8 0 4 5 76 0 12 8 60 3 40 0 52 0 3 0 0 0 0 0 5 19 12 0 12 30 0 44 12 0 0 29 0 69 23 50 0 0 0 0 0 68 44 31 21 76 0 74 20 0 0 0 59 0 20 1 7 37 0 4 8 9 0 37 0 43 11 0 37 0 0 0 20 0 33
 15 4 0 64 0 77 0 65 0 22 12 0 10 0 0 0 72 17 77 55 0 69 0 10 0 27 74 0 0 0 0 76 0 16 42 54 0 0 0 2 42 0 40 0 8 0 14 25 9 0 56 52 4 0 0 63 36 0 10 28 0 0 58 71 0 75 0 36 37 16 87 0 0 0 0 0 0 29 25 0 19 64 0 0 0 0 0 3 0 32 0 0 31 0 10 34 0 0 0 0 0 33 12 7 84 3 80 4 0 0 29 0 41 0 0 0 13 28 0 39 0 0 36 0 8 24 17 2 0 0 0 45 0 43 0 0 0 10 50 75 0 0 76 48 73 0 0 73 0 0 31 0 0 0 39 0 2 0 0 18 77 0 29 0 0 0 0 0 10 0 49 16 0 0 83 0 0 0 35 4 0 42 6 0 0 0 68 51 0 0 0 0 0 0 27 57 0 5 42 29
 0 41 25 78 77 42 0 42 0 0 23 59 16 30 62 22 34 0 3 10 0 7 8 1 0 0 83 0 69 0 0 0 0 73 0 0 0 4 0 2 52 0 0 47 0 7 0 54 0 0 0 16 0 10 42 0 10 21 0 0 0 13 0 0 0 84 0 12 23 0 0 77 43 0 0 0 0 33 24 0 3 64 20 54 15 51 28 0 0 23 0 0 51 0 27 0 12 27 0 0 0 0 0 0 0 0 30 84 0 4 33 0 0 16 0 81 61 0 10 1 77 0 67 9 8 18 35 0 51 40 67 2 27 0 0 0 0 0 0 0 1 33 17 22 63 56 0 92 15 0 26 10 0 0 0 0 0 16 36 0 0 0 3 24 10 0 0 0 2 56 2 0 24 59 37 36 0 4 42 0 30 39 19 0 0 0 23 77 0 16 45 0 0 34 0 0 18 0 19 4
 7 7 0 38 39 41 21 0 12 0 26 0 0 29 0 3 28 26 0 0 16 52 5 10 0 0 29 39 21 0 1 0 0 47 0 0 52 0 8 1 0 0 0 0 11 0 25 0 0 0 0 0 0 0 21 0 0 0 22 9 0 0 0 0 0 20 0 0 0 23 25 46 26 41 51 48 73 23 47 12 0 7 0 0 0 0 80 20 0 42 54 0 22 0 18 13 0 34 10 30 30 0 4 57 21 3 0 0 0 25 26 18 20 0 0 0 0 0 0 0 12 0 49 9 79 23 0 0 0 0 53 0 0 0 0 0 56 0 0 23 16 34 10 0 23 11 21 54 0 0 11 1 45 12 56 11 9 21 0 0 0 0 0 0 25 0 40 0 0 0 58 0 63 27 39 0 77 0 0 0 0 0 0 9 54 6 0 0 0 0 0 47 15 0 0 0 0 0 0 0
 4 73 23 0 19 73 55 0 56 0 21 35 0 0 0 21 47 9 10 0 0 37 24 0 0 0 0 0 0 0 0 9 54 0 88 64 0 41 11 0 90 0 0 9 0 47 65 71 38 64 0 0 0 13 0 0 33 0 14 0 2 0 0 64 27 0 38 0 76 32 5 27 0 0 0 29 16 0 0 0 62 50 0 3 0 0 0 0 0 0 0 0 0 0 50 46 22 0 5 1 0 73 38 0 46 7 30 0 60 17 0 0 0 15 0 0 28 0 0 0 27 0 14 88 0 0 42 4 22 0 82 7 15 0 0 4 23 54 0 51 42 0 48 0 0 19 17 21 0 0 0 0 25 2 11 72 0 25 0 14 0 0 45 45 0 67 51 9 0 41 53 1 0 32 0 73 0 0 26 0 0 60 44 0 15 0 0 0 0 16 0 42 4 98 0 0 34 0 0 0
 16 0 5 0 2 38 56 0 64 0 0 25 0 10 15 70 0 0 0 59 44 0 39 26 0 28 38 0 0 18 61 76 0 0 0 61 6 0 12 0 0 0 4 51 46 0 64 0 0 0 0 0 58 0 18 50 0 0 0 0 0 0 22 40 79 56 0 81 0 26 0 0 70 0 0 50 0 0 0 0 0 0 6 7 0 0 14 58 35 97 0 0 60 0 0 6 0 68 54 6 0 16 21 0 0 3 0 0 0 0 0 6 2 11 23 0 69 15 4 0 15 4 0 0 6 0 25 69 0 0 0 0 16 77 0 30 0 0 14 13 0 27 0 12 0 0 18 0 27 4 5 10 0 6 0 0 0 0 0 3 0 48 49 45 0 0 0 0 19 0 0 55 52 0 48 0 18 0 0 0 25 0 12 4 2 0 0 0 0 0 0 0 27 0 0 47 0 16 0 0
 0 0 22 10 0 0 0 0 0 47 32 0 0 0 61 73 80 0 0 0 54 32 0 20 0 1 35 0 1 0 66 68 13 58 0 65 30 11 0 17 0 9 16 16 0 38 43 11 9 18 0 17 26 17 34 53 0 0 7 0 5 0 0 36 0 0 11 0 0 0 5 0 49 0 0 81 39 0 0 0 0 21 0 6 0 27 0 0 0 86 8 35 0 0 0 0 57 0 13 0 0 0 0 73 0 51 6 0 10 0 0 0 1 0 10 0 23 74 23 0 0 4 0 13 0 0 25 7 46 23 15 54 0 0 42 0 0 0 53 0 16 3 35 77 0 0 0 0 0 0 0 0 23 0 31 0 0 55 38 0 0 0 10 96 0 0 0 0 26 0 0 0 7 44 0 76 5 21 25 0 6 0 17 0 25 8 0 29 25 79 0 1 39 0 34 0 0 0 14 0
 0 0 19 3 0 14 0 0 0 0 0 19 49 3 32 0 76 0 10 0 75 26 19 0 86 0 0 0 0 22 0 0 59 36 0 0 87 0 8 0 0 0 23 0 0 0 42 89 0 29 60 0 0 0 28 8 0 60 47 10 23 0 14 50 0 39 0 0 56 2 0 0 0 81 0 42 60 84 0 0 6 0 34 0 0 44 0 43 47 0 0 18 0 0 62 19 0 51 39 0 0 0 0 72 2 40 0 0 69 0 24 30 0 0 15 0 97 0 0 21 47 0 9 16 11 0 45 0 0 36 0 10 0 0 26 0 0 64 0 0 0 0 1 37 26 0 0 0 0 83 80 0 0 52 0 84 58 0 13 9 0 37 0 55 0 81 37 61 0 0 0 44 0 57 4 66 0 0 0 0 0 0 0 0 13 0 0 0 0 0 0 0 0 34 2 50 0 0 22 15
 0 0 0 0 44 16 0 57 0 52 0 0 0 0 3 0 0 0 0 8 0 0 39 32 0 16 0 92 0 0 37 0 0 0 0 37 10 0 0 0 0 25 3 38 62 48 20 0 0 95 5 0 0 0 0 26 0 0 10 3 12 73 0 36 58 1 0 0 0 0 33 0 27 0 21 21 2 52 38 0 0 27 0 53 4 0 0 55 0 74 0 0 1 60 23 15 93 0 0 0 0 0 0 0 4 0 10 0 21 51 16 0 74 0 0 0 0 66 16 20 0 9 53 34 22 79 16 29 45 0 74 4 39 0 0 0 1 41 63 75 0 0 0 0 0 74 39 0 0 27 0 58 37 17 0 0 14 24 0 19 0 23 21 21 36 0 0 73 18 0 95 0 26 0 0 95 40 23 0 11 0 0 12 9 65 65 0 32 0 84 16 0 59 0 0 97 0 65 0 29
 0 0 62 0 12 0 0 0 35 0 41 0 39 76 0 0 0 50 0 0 14 0 0 3 86 0 0 0 22 46 0 29 0 39 9 0 43 51 26 0 47 0 0 38 7 0 51 0 0 68 35 0 0 0 0 41 0 86 10 0 0 0 7 0 0 0 0 0 0 27 42 0 67 65 7 63 0 27 0 3 31 0 0 23 0 0 28 0 0 13 48 29 80 8 4 50 62 40 7 0 1 1 34 0 3 0 0 40 2 37 68 0 17 0 0 0 62 15 8 0 68 24 15 10 18 30 0 44 27 0 0 14 26 30 8 80 0 0 0 19 2 0 0 0 11 54 0 0 0 23 41 7 49 0 0 76 0 0 0 0 53 87 27 0 0 53 0 26 8 28 0 22 0 0 31 0 78 0 0 0 0 0 43 0 0 69 39 36 33 36 8 0 81 28 5 24 0 63 0 61
 12 45 0 22 0 36 13 13 0 53 76 36 33 0 85 0 0 0 0 0 8 1 0 0 0 0 58 0 0 0 13 0 41 27 90 42 0 29 0 3 9 70 30 66 0 0 0 18 0 25 3 0 0 0 58 18 0 15 81 1 1 18 56 0 22 0 90 36 0 0 59 0 0 0 55 61 0 0 64 0 0 9 0 0 0 78 0 0 0 0 0 0 8 90 0 77 8 13 0 0 0 17 0 50 0 0 0 10 84 43 25 0 0 0 32 0 13 3 0 0 0 76 0 6 0 0 0 0 30 77 0 62 14 0 38 31 10 0 0 0 9 0 0 3 0 9 0 0 0 59 0 0 1 0 8 0 0 14 0 40 0 88 71 8 0 17 55 0 59 0 16 48 68 0 21 0 29 64 0 0 57 41 16 0 0 40 0 0 7 0 0 0 0 0 0 0 23 21 59 3
 0 0 50 34 0 19 24 0 2 0 66 0 10 9 0 29 0 0 0 75 91 0 0 63 42 0 14 54 0 0 0 54 63 35 0 9 0 29 0 11 4 27 0 0 0 0 0 0 0 0 14 0 0 0 0 4 0 44 65 0 0 0 83 0 41 0 0 33 9 55 8 60 0 0 32 37 60 0 33 11 0 0 0 22 24 69 58 57 50 31 0 23 4 0 0 0 0 24 0 43 0 13 23 31 0 51 0 0 0 0 0 0 0 12 5 0 45 58 0 12 0 0 0 40 0 0 0 0 51 77 18 45 20 0 0 0 0 21 0 58 25 0 0 45 0 0 9 71 3 0 0 0 0 60 57 0 0 0 16 53 0 0 35 90 31 0 26 25 0 0 3 0 1 0 79 80 30 26 65 0 0 3 0 0 0 0 0 4 72 0 0 64 0 0 0 0 33 0 39 25
 0 0 72 0 0 53 42 0 0 40 38 0 11 42 0 18 73 77 0 0 1 4 0 0 26 43 34 0 52 0 16 94 0 0 0 14 5 14 15 0 14 0 0 0 7 38 0 0 36 0 0 0 0 3 0 0 0 0 19 2 0 0 0 0 67 0 45 0 67 32 18 15 19 30 14 0 6 0 31 3 30 15 27 88 16 0 0 0 53 0 0 0 59 6 0 0 0 0 61 0 84 11 0 0 2 0 20 0 16 76 0 0 0 19 64 0 14 14 0 13 0 70 23 10 0 5 10 0 0 39 0 28 61 65 6 1 0 0 0 69 0 31 0 39 0 23 70 20 54 0 47 0 0 0 30 0 10 0 0 0 85 0 0 42 0 68 85 0 0 63 46 36 46 38 34 0 26 75 16 41 27 0 0 14 0 0 24 0 0 25 0 9 29 44 50 0 14 65 71 26
 0 34 38 17 0 0 14 0 16 0 47 38 0 46 13 0 55 43 0 0 55 0 6 0 11 15 0 41 8 0 33 1 37 0 53 5 35 68 0 0 0 70 7 18 0 0 84 90 0 100 0 0 0 11 39 0 0 24 0 0 18 0 0 0 29 42 18 19 8 0 1 30 0 0 90 0 0 0 20 29 29 0 52 0 0 0 16 10 0 7 90 0 0 74 27 10 55 9 48 37 0 0 0 25 0 1 25 50 40 38 0 0 82 68 0 0 3 0 0 13 79 0 0 57 42 16 10 10 10 0 17 0 12 0 35 41 64 0 41 0 34 0 31 81 0 0 0 0 47 11 20 0 59 57 0 89 0 33 10 0 92 33 0 0 5 0 0 0 57 0 52 14 0 0 7 49 47 0 31 0 19 0 9 26 0 6 0 28 0 51 47 0 0 13 0 0 0 0 8 0
 53 0 0 44 63 64 42 19 12 73 17 6 29 40 0 0 15 0 0 0 0 0 20 0 0 0 0 0 0 0 0 30 60 79 16 65 0 0 43 0 31 0 88 0 0 0 17 27 5 0 0 39 0 0 4 4 13 25 48 41 9 27 24 23 9 0 63 0 32 18 9 48 0 0 15 36 33 10 7 0 0 0 5 80 6 7 10 17 0 11 4 0 0 60 0 0 0 42 6 14 59 14 0 0 66 0 39 0 25 0 7 31 0 17 0 0 0 0 0 19 0 1 0 42 0 0 3 0 54 53 2 35 85 22 0 5 52 44 0 0 7 0 0 0 0 22 0 45 0 0 87 0 45 0 62 23 15 0 0 0 52 0 23 0 2 51 54 0 0 0 24 0 35 34 9 90 29 0 0 64 40 87 0 0 0 0 0 18 19 0 0 36 43 0 11 28 0 46 52 62
 35 26 1 0 1 12 39 0 34 0 0 8 0 0 8 25 0 25 0 0 0 5 0 14 76 4 0 0 49 0 12 0 0 56 33 19 0 6 0 0 0 0 0 0 0 87 0 0 40 8 18 0 0 24 67 31 0 0 0 0 28 5 94 0 83 0 0 0 0 50 0 0 4 0 0 0 43 0 0 15 0 0 8 0 57 17 65 47 0 25 0 0 8 12 22 16 0 15 0 0 18 39 0 0 37 62 75 0 0 57 6 0 22 55 0 29 0 5 31 0 25 0 28 33 0 73 0 18 0 0 0 66 6 60 0 0 3 39 27 36 41 0 2 0 0 24 0 0 17 0 0 0 36 0 35 72 49 0 0 0 63 5 0 0 24 0 0 0 0 0 34 0 0 0 30 0 0 0 36 62 0 53 87 42 0 78 0 0 3 0 0 67 0 7 0 0 64 0 0 72
 0 75 65 66 0 73 84 11 16 75 0 0 0 0 0 0 7 24 25 58 0 2 0 22 0 0 13 0 32 0 10 6 0 34 56 0 4 10 0 0 0 0 0 26 52 23 0 80 74 21 0 0 0 0 0 29 9 0 57 0 0 58 21 29 0 0 36 0 0 51 0 0 0 0 0 0 67 0 0 0 0 69 0 26 0 24 0 45 56 2 0 0 34 80 0 3 12 9 0 0 31 0 35 32 18 14 0 0 94 78 24 0 90 0 62 0 10 73 0 0 0 0 0 90 12 75 36 0 19 17 0 13 0 0 0 0 0 15 34 17 0 0 0 19 0 0 0 2 70 16 14 90 0 0 15 2 6 0 0 0 58 0 0 2 7 0 0 5 44 68 0 10 0 20 51 0 5 8 56 0 0 18 0 57 0 0 1 0 0 0 65 8 0 4 21 72 3 0 7 22
 0 83 19 20 1 6 12 0 0 0 0 0 15 0 0 60 26 0 7 0 29 0 0 5 0 56 12 0 29 0 0 46 0 0 23 0 0 53 10 1 0 23 0 13 0 0 0 0 15 0 0 0 7 4 23 0 0 6 0 0 13 0 0 63 12 19 0 57 43 19 77 8 42 0 0 19 0 6 32 42 0 52 0 36 59 0 9 7 0 11 0 15 24 28 35 0 0 0 0 0 0 0 0 0 54 0 76 5 29 3 0 70 0 0 0 46 82 12 45 43 11 2 0 0 22 0 0 45 0 90 0 0 0 0 0 32 0 0 0 0 56 0 0 51 10 0 23 0 16 0 0 74 0 37 91 76 52 15 0 64 0 1 0 0 3 3 0 0 49 19 0 0 0 0 0 0 16 2 75 52 27 7 18 0 34 0 42 72 41 22 2 83 3 13 34 6 87 0 9 7
 0 27 80 65 0 0 34 0 4 0 19 0 0 0 0 0 86 18 5 0 19 0 0 0 0 0 0 0 0 0 0 0 0 32 0 0 14 0 0 0 70 0 38 0 14 0 0 0 5 74 92 0 76 0 0 7 61 49 0 33 0 0 0 6 0 42 34 43 5 0 83 57 0 58 47 18 38 68 26 0 11 0 0 0 20 0 38 0 0 0 7 0 8 20 52 0 0 0 21 0 0 0 49 0 12 18 0 65 25 5 24 0 0 0 49 7 49 0 12 0 1 51 51 4 0 0 27 0 27 0 0 0 0 1 49 0 79 0 0 0 0 0 46 29 28 27 9 2 61 0 0 0 44 0 0 0 0 3 0 61 0 0 0 0 53 0 23 0 13 49 0 56 5 0 15 0 0 0 6 58 0 40 0 29 0 50 0 64 74 82 0 0 23 1 21 58 3 65 10 0
 19 0 0 0 14 0 0 0 0 74 0 6 11 0 0 0 0 50 0 64 0 0 73 0 0 0 12 37 15 0 46 0 16 0 23 0 0 21 0 0 11 80 0 47 30 0 0 3 0 13 40 28 32 9 64 76 0 0 8 41 0 0 1 0 0 0 8 0 12 0 2 10 0 0 26 0 15 13 0 0 13 22 0 40 0 94 32 72 4 42 2 0 0 49 0 0 0 37 0 81 0 0 0 0 0 0 0 0 11 0 0 21 58 0 0 54 0 12 0 0 0 0 0 19 30 33 60 0 45 7 0 9 3 0 0 0 0 0 0 15 0 45 22 46 25 39 0 0 0 46 0 0 45 96 11 61 46 0 0 13 54 8 0 0 18 36 0 0 0 0 16 18 57 28 20 41 0 0 3 0 45 2 17 0 0 23 33 0 21 0 3 0 48 0 23 0 0 1 14 50
 19 41 29 19 0 28 0 25 9 70 0 0 2 21 13 12 7 0 44 22 48 0 0 0 0 0 0 0 0 71 57 30 0 0 0 1 8 30 24 0 45 17 0 0 0 8 73 37 38 77 0 0 17 33 0 20 8 80 0 26 23 39 0 0 0 7 11 2 0 0 0 35 33 0 0 0 58 4 0 0 78 0 0 49 0 0 0 3 25 0 67 0 13 40 0 44 12 0 0 33 0 8 27 0 7 1 9 2 0 13 0 24 0 26 66 0 26 48 0 0 67 37 60 16 85 51 0 0 0 84 0 8 11 0 0 0 0 23 0 22 28 28 0 0 8 0 65 0 0 0 32 0 30 0 49 0 0 0 0 31 0 0 48 0 0 0 19 1 0 0 19 40 24 0 17 0 0 38 0 37 0 0 73 18 0 0 71 73 0 28 41 0 0 0 0 10 2 0 0 43
 14 0 0 0 86 0 0 39 57 71 41 0 64 0 0 0 16 0 9 1 0 0 91 0 60 23 0 77 0 13 2 0 0 75 58 26 5 6 0 21 0 0 4 64 0 90 20 41 18 52 0 1 88 0 0 0 11 0 35 91 45 0 5 37 0 0 42 0 0 29 5 35 4 0 0 0 6 0 0 0 14 7 0 0 32 5 39 0 0 7 0 13 0 0 42 81 0 40 0 27 0 7 0 62 69 0 0 16 20 0 0 38 0 0 0 21 32 83 0 19 36 0 0 0 10 89 4 0 26 0 53 0 0 26 53 17 0 0 36 79 42 16 0 0 0 48 0 0 31 0 0 0 0 49 23 42 22 31 82 33 89 0 0 0 0 0 0 0 28 49 58 54 63 0 21 11 0 0 0 1 77 0 0 21 0 0 0 21 78 0 21 44 0 60 0 0 0 0 83 11
 1 33 5 23 8 61 0 71 42 0 33 14 12 0 11 0 0 49 0 36 0 0 0 14 0 40 31 2 28 0 0 0 13 57 1 61 14 0 5 61 69 54 56 19 0 5 52 0 17 35 0 41 0 0 23 36 59 0 0 0 83 0 37 0 88 55 0 0 13 2 28 36 0 0 0 46 0 0 69 29 62 41 14 34 0 83 0 66 0 20 69 40 53 0 10 0 14 39 0 70 0 0 0 0 0 38 0 0 53 0 15 0 47 0 59 0 27 21 4 0 47 0 0 0 0 0 0 15 0 0 56 0 0 0 0 84 0 0 3 0 0 4 6 0 0 0 27 22 0 0 0 30 44 13 0 0 0 13 7 0 0 0 0 59 0 0 32 7 39 0 1 0 34 0 17 0 0 43 40 0 0 0 30 21 0 0 75 0 85 32 2 12 8 0 18 49 0 0 0 42
 0 47 75 0 0 49 0 54 22 0 5 0 0 7 0 0 17 30 0 48 48 0 0 18 0 0 0 69 52 79 22 0 14 0 0 0 82 53 32 0 0 11 19 0 45 0 0 30 30 30 41 42 0 0 0 0 0 78 0 0 0 27 4 0 0 8 5 35 6 0 0 0 29 23 0 82 23 15 68 31 44 25 0 0 0 2 34 62 0 0 9 40 63 0 0 0 0 0 31 9 26 0 0 45 0 26 0 0 26 0 23 0 11 43 0 0 0 0 0 31 0 15 0 0 0 71 88 0 3 0 0 87 5 0 49 58 0 84 13 0 33 0 1 0 0 23 1 32 9 0 27 0 0 0 0 11 0 0 45 0 1 61 2 77 0 43 0 0 34 0 51 69 67 56 34 0 0 30 79 1 0 51 20 0 0 95 0 0 0 0 94 0 0 39 3 0 20 31 0 61
 0 0 71 49 0 23 0 30 0 37 0 9 40 0 9 0 0 64 0 0 37 0 56 0 26 73 0 52 52 0 0 25 0 15 0 31 56 16 18 0 14 9 0 0 0 21 0 10 0 13 13 5 35 1 0 0 0 0 56 31 0 0 0 69 0 0 0 0 43 0 0 81 0 13 0 0 21 22 0 0 0 0 0 12 0 40 0 51 0 0 13 20 0 0 0 0 0 24 0 11 0 34 0 0 0 0 59 0 44 36 30 33 60 14 0 0 0 30 30 0 0 0 0 3 22 0 0 0 61 11 0 23 0 4 12 0 0 46 0 10 0 0 0 0 82 31 0 0 34 53 66 0 17 0 42 23 0 0 0 0 0 7 0 64 39 29 61 0 11 28 0 0 38 0 6 47 31 28 0 0 18 0 0 0 0 3 70 37 0 0 43 79 0 0 3 76 0 43 0 0
 50 0 2 68 9 0 64 27 0 8 62 11 0 0 0 44 0 58 55 52 1 0 21 0 28 34 16 0 0 47 38 0 0 9 0 0 71 41 86 20 0 0 0 22 0 0 0 0 0 0 0 25 0 0 16 0 0 7 50 25 0 0 0 77 0 0 35 54 0 0 0 0 13 0 12 0 0 0 20 30 22 0 0 0 5 26 0 0 0 23 0 37 53 53 94 77 7 28 91 0 0 5 38 0 0 44 19 0 0 0 80 23 0 0 0 8 9 10 10 29 20 46 56 0 8 0 0 15 0 59 30 0 0 0 17 0 0 4 0 0 0 0 42 0 8 0 0 27 27 0 0 0 0 0 0 0 47 0 0 0 0 16 0 0 2 33 0 32 19 23 0 0 0 0 29 0 0 36 9 0 13 0 0 5 0 0 0 7 0 0 31 35 2 26 0 0 40 0 51 27
 12 0 0 0 64 0 0 25 3 0 59 0 94 0 48 31 35 14 0 31 94 97 11 0 0 72 7 0 0 0 0 0 37 42 12 0 0 0 0 57 23 0 0 0 41 0 0 8 0 0 59 0 25 8 0 45 15 4 17 8 4 31 0 0 0 17 21 48 2 0 88 30 0 0 18 0 34 0 0 13 0 10 80 0 0 0 0 87 27 0 0 14 20 27 0 31 22 0 22 29 27 33 0 43 0 0 22 0 0 37 42 40 0 52 73 0 0 17 7 74 0 3 14 69 5 81 0 28 0 0 3 35 0 48 33 41 26 0 56 0 16 14 0 0 0 37 0 0 0 0 66 18 0 82 0 0 0 0 0 3 0 0 14 25 0 35 28 0 54 0 75 0 33 13 0 6 0 28 0 0 0 29 0 0 0 0 58 7 0 19 0 0 0 22 56 10 0 6 3 0
 0 37 45 0 57 37 0 0 72 0 0 0 1 0 4 13 0 54 0 0 0 0 0 0 37 12 0 21 40 0 41 23 0 3 0 0 0 0 0 0 0 2 0 0 0 0 81 9 0 35 0 0 0 66 0 27 14 53 0 20 42 81 11 24 0 0 0 48 19 0 53 16 19 4 36 3 0 12 35 0 0 52 0 28 19 30 1 34 0 0 16 0 0 15 0 4 0 24 0 14 30 0 63 0 23 0 0 0 0 16 0 0 29 33 0 0 11 15 8 0 42 0 0 61 18 0 0 41 67 0 21 16 4 85 39 0 0 0 0 29 12 0 0 45 14 6 0 0 0 0 12 9 8 0 0 0 12 74 0 0 16 0 0 27 0 73 0 8 0 23 37 7 35 0 0 39 0 2 32 0 2 0 30 0 0 0 0 17 8 0 0 0 30 0 59 29 0 0 9 0
 2 0 0 0 0 45 6 31 0 0 10 0 68 0 0 39 8 0 1 10 21 0 11 58 20 0 0 0 26 75 0 0 0 0 13 0 44 0 11 14 33 0 16 0 0 0 0 0 1 6 0 41 0 0 0 0 61 47 0 0 0 0 0 0 0 0 29 77 6 0 0 40 0 38 0 0 2 0 6 0 0 0 2 0 0 0 0 38 0 64 36 32 0 0 72 0 31 0 43 0 0 71 4 87 15 22 0 0 84 43 0 0 0 11 0 0 29 0 0 0 1 39 24 0 84 44 13 0 0 0 49 60 36 44 24 39 60 0 28 0 0 90 0 0 3 0 11 0 6 0 4 0 0 0 0 0 0 11 0 45 0 0 72 26 0 47 13 7 0 65 72 37 0 4 0 0 0 18 27 4 34 0 25 0 0 0 59 0 73 0 50 0 74 0 0 66 59 24 0 0
 17 0 49 65 25 0 0 0 0 43 19 23 0 33 20 0 14 0 0 0 18 0 4 60 0 0 0 44 0 0 0 25 48 0 90 0 24 0 15 34 0 22 0 0 0 0 50 0 0 4 0 0 44 0 0 34 20 0 0 0 0 73 0 0 3 0 7 13 80 0 0 7 0 44 52 0 32 0 0 91 60 0 0 0 6 44 0 0 71 0 4 0 49 0 0 18 0 0 72 0 15 0 1 0 38 65 52 0 8 3 0 22 0 22 0 87 21 23 0 0 0 59 0 38 0 0 25 17 0 0 0 0 0 0 0 0 10 47 0 0 34 0 0 99 0 19 0 34 0 0 0 4 0 46 0 7 0 0 0 16 0 0 0 50 0 0 49 11 27 0 47 0 27 6 19 19 18 0 0 0 32 3 0 0 0 0 23 0 45 62 0 31 0 46 16 0 3 0 12 36
 0 64 32 0 0 0 36 9 5 81 23 67 0 86 5 0 0 0 11 0 0 70 10 0 22 44 0 71 24 0 68 0 12 0 35 51 0 16 75 20 0 0 58 43 0 0 58 72 1 0 0 0 0 46 0 0 0 0 72 60 0 46 31 47 3 58 5 33 0 0 8 0 0 0 0 47 0 25 24 0 58 0 31 64 82 78 0 43 0 57 0 0 0 0 0 19 0 1 70 16 0 65 0 0 24 24 0 35 53 13 44 30 0 0 17 0 0 0 0 6 48 49 13 0 21 7 0 0 0 0 9 6 0 67 23 0 39 0 16 0 0 0 42 0 45 1 0 16 9 0 13 30 0 68 0 0 0 0 0 0 0 66 0 7 0 0 0 0 0 11 23 75 0 56 11 0 0 0 45 0 73 0 72 17 30 0 0 63 20 56 0 0 63 0 29 0 43 93 0 0
 11 19 13 0 28 73 34 11 0 9 53 0 0 0 8 0 0 12 0 0 1 41 24 0 16 0 58 0 7 52 49 23 41 0 64 0 0 59 3 1 5 0 17 8 64 54 28 0 30 64 0 0 42 0 16 0 0 0 0 5 42 0 0 0 0 40 1 0 0 0 22 0 0 35 44 12 48 40 0 0 2 53 39 52 0 0 17 19 0 12 0 0 0 41 31 0 50 0 0 33 0 0 17 50 0 0 0 0 0 0 0 14 18 0 0 0 0 17 0 0 0 50 0 69 17 81 12 26 5 0 0 69 0 14 80 14 0 99 0 0 66 25 23 0 49 5 16 0 0 27 0 0 0 0 54 0 0 29 19 62 27 0 49 13 21 0 0 3 0 0 54 12 8 0 0 27 15 0 0 0 0 0 2 0 0 0 0 23 0 1 39 5 0 0 0 87 0 39 80 0
 30 0 0 54 0 0 46 0 14 0 2 0 0 15 2 20 0 0 26 53 0 0 27 14 54 21 0 20 87 0 2 3 39 5 0 0 81 0 12 0 0 25 76 0 62 86 0 0 15 0 0 0 0 69 47 40 0 38 0 13 0 33 11 53 61 30 48 0 0 12 77 41 4 0 26 66 18 30 23 13 17 0 39 61 0 0 22 57 0 73 0 0 0 19 18 34 0 0 0 0 37 65 0 2 92 0 0 0 13 71 0 1 0 15 0 0 0 0 0 0 0 64 7 61 0 9 64 15 50 0 0 79 0 0 0 14 0 66 56 0 0 0 0 0 62 2 0 41 0 25 79 0 54 0 20 38 0 0 0 0 0 0 34 0 10 0 8 0 0 0 66 60 21 69 0 0 0 0 0 0 38 0 0 0 0 57 0 0 0 0 0 68 0 33 0 20 0 59 12 45
