200
 10 12 48 0 0 42 1 11 0 46 0 73 8 7 0 0 6 0 0 0 0 0 0 21 40 0 0 0 85 0 65 0 32 52 25 0 0 52 16 64 27 5 2 29 0 17 13 4 0 64 27 0 0 0 51 3 84 4 0 0 0 0 22 8 0 55 19 0 0 52 0 0 50 59 0 63 0 0 14 1 0 0 0 0 14 58 6 0 36 0 0 0 0 0 0 0 20 0 0 0 32 0 47 6 0 47 44 0 8 68 46 9 6 35 0 29 2 65 0 53 0 0 0 82 59 22 43 0 0 0 0 0 0 0 7 0 0 49 37 41 0 4 0 0 0 16 0 57 0 76 0 57 0 0 0 18 43 11 0 0 0 35 0 0 78 0 31 16 0 51 0 0 3 19 35 0 33 0 39 21 0 0 20 23 16 75 62 0 0 0 0 4 0 12 0 0 0 0 12 0
 0 5 39 0 0 22 0 2 42 25 0 20 0 25 34 0 58 0 28 42 0 24 0 29 0 18 59 0 41 39 0 7 0 0 0 0 0 16 0 37 0 0 0 44 0 21 70 0 13 0 0 0 0 0 60 0 0 3 70 77 7 73 31 0 0 0 28 0 80 71 44 45 9 0 60 81 91 36 0 0 36 63 0 7 29 0 35 55 0 3 47 38 0 5 0 26 34 0 5 55 0 0 0 23 57 48 36 22 0 0 0 34 0 1 0 0 0 63 0 0 0 19 0 17 0 0 54 27 27 0 0 0 0 0 0 11 53 14 20 0 0 24 36 4 48 96 44 0 0 39 11 0 12 49 0 38 0 59 0 3 0 22 8 0 81 72 53 0 65 0 19 69 31 81 0 20 29 0 0 24 0 0 0 0 0 0 19 0 9 17 3 0 76 0 43 26 23 0 13 15
 0 0 41 0 0 0 0 0 79 0 86 0 34 32 30 20 14 0 13 85 0 14 0 0 19 0 0 4 0 16 69 0 59 0 46 0 39 65 0 0 21 14 0 0 55 69 54 0 0 44 99 0 48 0 0 0 92 60 76 0 0 21 0 0 0 17 0 49 0 0 0 28 0 0 77 0 0 48 0 0 77 0 48 0 54 0 46 0 71 27 0 28 0 0 44 26 0 54 70 17 39 0 22 0 0 0 39 0 0 0 5 2 18 0 76 0 0 0 0 0 32 0 0 0 0 24 0 54 0 0 0 0 80 68 12 8 0 0 28 30 0 61 0 0 0 0 0 78 25 5 0 53 19 21 13 19 0 51 47 0 51 0 88 39 4 0 0 0 0 0 0 6 42 0 0 28 0 0 59 28 89 0 39 0 0 0 0 26 0 50 0 0 0 24 8 25 8 0 0 0
 65 83 15 15 40 0 0 0 13 15 0 30 0 0 0 0 44 0 0 0 3 0 7 0 0 46 0 46 0 0 67 0 8 0 0 7 0 14 15 0 0 0 0 0 0 36 8 63 0 47 6 0 0 0 40 30 0 22 0 62 21 33 35 9 0 11 27 0 0 80 0 0 0 41 0 0 39 0 0 0 28 35 63 0 0 0 16 29 0 41 0 42 5 0 0 22 0 26 16 0 0 36 6 0 8 53 0 0 0 1 53 22 9 0 29 0 6 0 1 62 0 59 0 14 0 22 71 0 20 0 21 0 0 12 0 14 61 15 38 38 0 33 0 31 22 0 49 54 2 28 80 10 21 33 17 0 23 0 7 52 9 0 21 71 0 31 25 1 0 22 13 46 0 0 43 11 0 0 85 0 53 0 9 0 0 15 0 24 0 40 0 44 46 0 0 90 32 0 0 0
 74 44 67 0 18 0 6 0 0 0 0 5 0 0 87 56 17 28 15 0 30 20 70 0 17 0 0 0 0 95 0 0 0 0 0 0 0 0 27 17 0 22 34 24 30 0 35 18 18 37 0 18 0 37 87 47 0 11 0 0 0 25 62 32 0 56 3 37 0 14 19 0 48 39 0 0 16 25 0 31 0 0 0 0 0 53 40 0 0 0 0 97 0 0 0 0 0 5 24 0 36 0 38 0 0 0 85 33 32 0 0 0 0 10 0 0 0 71 26 21 0 28 0 0 0 0 0 26 0 75 23 0 0 0 82 68 0 36 46 14 42 12 6 0 0 66 52 7 0 11 0 0 0 26 45 0 49 0 20 0 0 0 44 18 0 0 12 0 3 45 8 0 0 19 24 0 47 0 0 0 35 0 6 1 17 0 10 0 0 0 21 0 0 50 0 63 70 0 13 16
 0 0 64 39 16 54 0 2 0 0 41 55 50 0 0 10 68 69 0 0 18 0 0 52 0 0 0 0 0 0 20 0 44 0 0 12 74 39 64 45 40 0 75 18 0 0 53 0 0 34 0 0 44 0 0 41 0 49 46 38 10 0 0 0 27 0 0 0 75 5 0 38 0 0 54 54 17 60 28 54 0 7 23 10 67 0 37 46 52 0 15 0 26 0 34 0 0 10 17 0 0 0 0 0 0 19 22 24 58 61 0 0 0 0 43 27 0 12 0 0 60 6 32 5 0 10 0 0 23 55 23 42 0 42 48 4 51 6 0 12 85 14 49 0 0 0 0 0 82 54 24 0 0 0 0 0 0 0 0 14 0 80 56 69 4 0 0 64 0 0 11 0 7 20 85 0 30 79 9 0 0 78 60 0 0 0 67 0 0 14 0 0 1 0 12 8 34 0 0 0
 0 6 2 15 0 17 0 24 48 64 61 19 21 0 63 0 0 0 34 26 64 14 0 5 47 5 56 0 0 0 0 29 0 69 0 0 57 0 0 53 9 0 0 0 45 23 44 17 0 0 33 57 0 0 41 60 56 0 25 0 0 0 0 37 0 43 23 32 0 19 0 0 46 24 51 0 35 44 0 14 0 0 25 1 0 13 9 34 0 62 0 0 58 0 18 0 0 0 0 2 0 35 0 0 0 21 0 0 0 27 0 37 32 0 4 10 41 0 0 0 26 54 35 0 33 0 0 0 9 26 27 0 43 29 0 0 0 43 44 0 10 94 0 0 21 0 70 29 17 56 4 0 16 13 34 49 35 79 13 0 0 0 3 63 0 72 0 0 0 0 0 69 0 0 16 57 0 81 0 57 0 43 0 3 0 0 0 14 0 13 37 24 0 39 1 0 0 0 0 91
 0 0 11 7 29 0 0 26 0 68 0 0 31 24 0 10 0 0 76 46 0 0 31 57 0 58 0 0 7 0 16 1 43 0 0 0 58 59 18 0 4 0 0 39 0 60 24 0 25 0 34 21 42 10 0 0 30 43 2 0 5 34 48 0 0 0 15 31 36 31 52 0 0 36 0 55 35 5 0 0 0 51 0 16 37 0 71 56 0 0 0 45 0 10 7 0 31 0 0 0 0 0 2 30 0 5 0 0 22 42 0 49 51 64 81 0 13 21 22 15 0 0 56 0 0 70 32 0 0 43 0 0 3 22 40 0 0 10 21 12 0 6 1 0 33 12 0 0 0 84 0 4 0 0 0 0 0 0 0 26 30 0 53 0 72 43 7 0 0 26 56 25 8 10 0 0 0 0 0 0 0 32 0 0 0 0 0 0 50 0 0 19 0 16 0 43 32 0 0 0
 0 0 0 0 23 7 0 39 50 0 0 9 33 21 53 0 15 0 0 0 11 1 0 5 0 0 0 40 26 0 0 0 0 67 68 0 0 0 17 5 0 62 0 0 0 0 43 16 0 0 56 11 0 0 0 0 0 4 45 78 0 0 42 30 0 17 0 0 0 3 0 0 52 33 0 54 0 15 0 0 69 0 76 15 0 0 0 20 0 0 0 0 0 84 0 0 0 0 77 43 21 7 4 0 0 0 58 0 0 36 9 47 50 10 11 0 0 0 0 23 0 49 2 11 0 62 0 75 32 31 0 22 0 0 33 10 0 22 0 68 0 9 0 0 0 42 33 38 0 6 0 23 0 0 52 0 0 0 0 57 6 71 1 0 0 31 0 59 72 0 15 0 59 60 0 0 0 42 0 12 16 16 0 7 10 1 23 0 0 0 0 74 0 0 0 0 11 0 0 0
 0 0 35 0 26 10 0 0 17 94 75 55 16 0 0 30 0 77 0 0 80 61 36 36 56 0 0 0 0 38 0 40 1 23 66 0 20 59 47 0 0 0 0 5 0 0 7 0 0 0 0 0 63 84 41 0 20 23 0 35 16 0 4 0 2 0 9 0 0 0 13 0 7 28 18 0 0 0 9 0 14 6 21 0 58 0 38 7 0 66 36 21 0 0 0 33 2 25 38 64 0 14 0 26 0 0 0 68 0 17 0 18 69 0 0 7 70 78 0 27 15 0 49 26 68 0 0 0 0 3 0 0 0 6 0 0 31 42 50 0 18 9 6 0 54 0 0 0 46 70 40 83 39 55 56 0 0 0 0 44 35 0 33 0 0 0 0 0 33 37 0 0 0 0 44 0 0 0 9 4 17 19 62 0 47 36 0 0 56 0 0 0 0 0 4 23 0 0 0 37
 37 62 0 51 1 0 0 47 26 0 76 0 16 0 0 0 0 0 0 57 17 27 0 0 0 0 0 0 16 67 0 0 0 0 14 0 2 26 46 0 18 51 0 27 27 58 55 4 47 38 0 8 0 56 0 0 7 0 0 0 0 26 0 0 0 0 0 18 0 0 0 0 18 0 14 0 0 0 22 0 0 36 0 0 0 43 86 0 31 2 25 0 0 0 10 32 0 30 89 71 0 0 22 0 0 0 94 55 95 16 0 3 64 0 0 0 33 37 74 16 0 0 46 0 6 0 7 48 0 0 0 0 63 0 0 21 32 5 1 0 0 0 33 0 0 76 0 0 42 6 0 0 0 0 0 16 0 0 80 23 0 27 46 24 0 0 0 59 0 13 0 0 12 75 11 0 0 32 0 30 0 29 0 12 0 14 0 36 0 52 0 25 0 0 31 0 6 0 0 0
 0 0 16 0 0 0 0 14 0 0 59 59 0 21 51 75 0 0 15 58 14 0 36 0 0 42 0 0 18 5 69 27 0 72 31 0 0 64 29 0 9 0 0 86 0 42 0 7 35 0 81 0 0 0 0 0 0 0 3 19 61 0 0 0 0 0 33 38 0 0 0 30 0 0 8 62 0 0 12 75 0 0 0 0 0 0 66 0 0 2 73 23 0 0 12 89 0 31 0 0 11 0 50 28 6 0 53 0 0 38 0 0 0 15 0 0 0 0 0 39 57 43 0 0 27 57 33 0 0 0 0 0 0 0 0 0 91 26 70 0 4 0 32 0 4 0 0 0 0 19 54 0 0 74 27 0 47 0 84 0 0 0 0 25 10 0 0 0 39 0 10 0 20 0 4 0 0 0 52 39 0 43 46 0 0 43 15 0 46 17 0 0 12 0 22 73 10 41 11 0
 0 20 0 69 53 0 0 0 0 0 0 9 84 0 0 0 0 9 0 9 4 0 20 43 0 27 0 0 23 0 0 25 0 0 0 0 0 9 33 39 0 39 4 0 6 36 5 0 1 0 0 0 0 26 0 0 35 0 0 0 0 0 47 0 12 0 0 0 0 0 43 5 74 0 21 0 0 0 4 81 0 38 78 26 0 0 0 9 0 0 0 0 19 19 17 21 49 0 65 30 67 74 17 15 0 30 54 31 0 23 16 40 10 39 0 23 51 0 9 61 33 0 0 0 0 16 9 0 35 0 25 0 0 42 0 0 41 0 0 63 0 0 29 30 40 8 31 64 2 6 42 0 0 0 0 28 1 44 0 56 39 0 0 24 38 0 15 6 29 0 20 53 0 0 0 0 64 0 27 66 8 0 33 0 0 27 23 0 60 0 5 52 0 0 0 10 0 1 0 6
 0 0 0 34 2 16 48 0 0 31 31 0 24 96 0 20 31 0 47 42 0 0 0 0 70 0 59 68 0 50 0 0 22 0 0 23 0 0 0 0 56 47 0 0 0 0 0 22 18 0 0 13 59 0 0 19 0 0 0 0 0 0 0 0 75 17 0 0 0 0 72 0 0 0 0 63 0 0 0 11 0 0 0 40 0 0 0 38 0 0 0 16 39 0 44 39 14 0 50 51 7 0 13 54 0 3 36 37 0 0 64 25 66 69 0 33 0 0 0 18 1 17 6 53 36 0 20 70 0 3 30 0 0 0 0 0 21 15 49 4 57 35 0 0 45 0 0 0 0 0 1 0 0 36 0 0 0 0 0 0 0 57 0 0 79 0 0 0 0 8 0 0 24 0 0 0 0 40 0 0 8 0 0 0 0 0 0 0 33 79 6 8 0 0 0 39 0 0 0 0
 3 0 0 56 0 48 0 61 0 17 42 0 74 30 80 0 0 20 17 0 0 0 0 68 3 0 80 13 0 0 0 62 34 0 0 0 47 0 38 47 61 23 65 0 84 64 48 0 0 15 48 0 34 13 33 0 0 17 23 2 0 0 11 39 0 0 0 0 0 48 0 0 0 42 7 4 0 0 46 8 0 35 0 59 12 25 46 32 23 47 56 0 14 0 0 57 31 22 35 0 46 34 0 48 49 60 0 34 0 74 6 33 9 3 0 0 0 0 12 14 0 0 75 3 63 26 0 45 0 31 24 0 33 0 0 45 66 13 42 26 0 20 16 26 24 0 0 20 0 59 0 73 42 27 0 19 1 0 13 31 53 16 0 0 0 0 0 0 4 0 18 8 25 22 0 0 11 75 11 0 0 0 1 0 32 0 1 0 63 16 0 38 0 0 0 28 36 0 0 0
 23 51 0 16 0 0 78 0 46 0 43 0 79 0 4 9 0 4 17 15 0 0 37 0 0 0 10 11 15 0 0 0 0 39 0 10 0 51 4 0 0 0 30 0 0 71 41 69 25 7 4 37 0 40 0 28 74 0 0 0 51 0 9 14 0 68 68 27 51 60 6 0 0 0 0 44 0 0 0 0 60 0 11 0 0 0 11 0 24 25 17 0 0 1 12 66 8 0 75 0 0 0 0 0 29 11 0 3 36 57 0 28 54 59 14 0 39 29 7 3 0 27 14 8 0 58 0 6 8 0 66 43 0 26 0 0 42 0 51 0 94 23 0 0 29 0 0 69 0 21 9 31 0 60 0 27 24 75 52 48 0 0 18 56 63 22 29 83 0 0 16 77 10 8 0 21 0 58 0 19 55 0 0 79 62 7 41 62 20 33 34 21 0 65 27 1 0 0 18 0
 0 0 0 0 0 0 7 48 0 24 61 29 31 0 3 61 62 0 22 0 0 0 0 0 20 39 0 63 0 0 80 0 88 33 0 30 0 4 0 23 0 0 0 30 80 0 32 42 0 82 0 0 8 7 26 0 0 1 2 3 2 0 0 0 91 0 22 0 43 0 31 0 0 19 4 35 0 0 11 0 72 10 0 48 0 0 0 0 0 62 0 0 0 0 0 2 0 29 65 42 34 23 37 0 0 0 42 46 3 0 0 0 0 21 0 0 0 0 0 0 0 0 42 0 10 9 4 59 8 0 0 0 0 15 83 0 0 0 0 49 0 0 8 0 0 14 4 0 0 26 0 2 36 4 0 0 67 0 8 1 0 0 16 0 65 1 0 28 2 7 0 0 0 13 0 24 0 12 13 39 0 28 0 0 0 27 18 0 0 0 39 7 30 42 39 20 0 0 3 0
 25 1 7 43 0 0 38 34 49 0 18 39 0 29 0 0 72 1 0 0 0 0 0 73 62 0 0 17 0 21 21 0 0 17 0 0 33 0 6 19 0 86 0 54 0 23 0 34 46 54 0 1 0 0 65 79 0 0 0 13 0 34 13 0 83 48 0 8 0 25 47 40 32 0 60 0 0 0 0 50 60 0 59 80 63 20 14 84 6 0 0 23 57 0 0 0 20 74 48 0 0 2 0 7 0 0 0 0 0 68 87 74 0 17 39 50 0 0 4 0 0 0 15 18 0 6 0 24 65 1 14 53 0 0 15 0 31 47 62 0 39 37 0 76 0 0 0 44 0 35 2 0 0 27 0 0 0 20 49 19 2 0 27 0 11 26 0 72 27 1 2 11 0 71 0 32 0 19 0 0 0 0 37 0 29 72 0 0 15 0 19 15 0 0 0 0 0 0 0 14
 3 0 0 20 0 4 0 0 54 16 52 0 52 0 0 0 0 39 93 0 0 76 29 0 0 9 68 0 96 4 11 0 34 77 0 55 17 39 0 35 72 17 0 25 0 0 26 15 28 41 0 0 0 0 31 46 1 23 68 85 18 9 0 0 12 30 15 80 0 0 0 38 0 0 0 54 0 0 58 0 0 0 42 21 26 0 13 0 0 51 82 0 36 0 55 0 0 14 0 0 0 8 0 0 65 0 0 21 28 0 0 42 0 71 14 0 0 0 0 13 58 37 0 16 4 24 63 13 27 0 36 0 0 17 0 0 0 5 0 9 52 0 0 0 37 0 0 0 48 0 0 78 54 0 0 0 85 37 0 0 0 49 10 45 67 0 26 0 29 55 91 0 61 0 43 4 0 0 47 0 0 0 75 43 14 81 14 19 0 0 0 5 0 44 7 66 6 0 0 24
 8 0 0 71 39 12 0 0 7 40 0 0 0 0 43 0 76 4 76 76 0 4 42 0 0 0 70 0 0 0 10 0 0 26 24 0 11 0 73 0 0 63 46 72 58 58 14 12 33 0 46 17 4 0 0 34 0 0 49 50 0 95 10 34 0 0 58 81 4 11 0 47 0 9 61 0 0 0 68 3 0 10 40 0 0 67 74 0 11 0 14 0 0 0 39 2 34 17 0 0 0 0 73 55 0 0 42 0 19 0 49 0 13 0 0 0 0 0 27 0 0 10 0 42 0 0 13 0 69 9 0 54 0 0 16 0 0 0 0 0 0 82 45 26 72 0 0 4 32 3 0 32 0 0 53 0 68 60 0 0 0 77 36 20 0 32 71 20 76 0 0 23 0 0 8 0 21 0 0 45 12 0 9 14 1 0 1 35 0 59 58 20 14 0 20 1 58 0 0 34
 54 12 25 0 0 0 0 34 0 0 0 0 0 74 17 69 5 39 13 26 87 0 0 0 0 21 22 0 53 0 0 4 7 25 0 0 1 10 0 0 4 19 0 12 21 13 50 0 57 6 0 95 0 11 0 48 0 24 0 52 0 46 22 22 0 0 35 0 2 72 0 63 42 21 30 0 0 33 0 0 0 32 55 55 0 49 32 0 3 65 30 0 45 38 28 55 13 0 9 0 20 28 43 52 0 32 0 0 0 0 0 0 0 0 0 0 0 31 21 27 0 53 0 17 62 0 0 3 0 24 0 6 0 0 0 18 0 0 0 27 0 14 0 0 81 22 1 11 0 0 0 19 0 0 0 5 0 22 0 57 0 39 39 0 37 0 20 0 22 0 0 0 0 29 0 54 0 0 0 0 16 56 0 56 0 46 18 17 17 0 0 0 0 0 8 0 22 0 35 0
 66 0 0 19 0 40 0 55 0 0 0 4 45 47 54 39 31 32 0 0 1 38 20 0 82 63 23 82 0 0 0 0 0 0 59 50 0 0 0 0 0 0 0 25 0 0 26 90 83 53 61 0 47 45 56 0 15 42 49 23 1 19 0 37 2 65 0 2 0 77 11 1 0 0 0 46 0 0 51 83 73 0 0 30 61 5 0 4 14 0 96 16 77 0 0 0 0 3 34 8 10 47 5 68 7 45 0 0 42 36 50 0 20 0 15 19 0 0 0 63 0 61 6 31 34 10 40 8 0 0 0 0 0 10 0 37 0 1 5 0 0 0 0 0 2 68 0 45 11 0 0 0 0 0 44 5 0 21 0 0 0 14 0 15 0 79 28 0 49 0 52 0 51 5 0 0 18 0 0 0 30 34 0 0 10 17 0 0 0 0 0 0 10 14 0 51 0 8 77 25
 39 19 21 0 0 89 11 0 58 0 20 0 0 57 12 0 60 3 0 0 13 0 3 0 0 0 0 9 69 0 62 0 0 31 0 0 0 0 0 67 81 33 38 0 0 36 50 0 0 0 0 38 0 0 0 11 34 0 0 0 0 0 7 0 0 0 52 48 11 15 0 0 11 18 47 31 48 37 0 0 49 0 47 0 31 29 0 27 0 0 32 31 14 8 0 0 23 0 0 0 0 0 22 0 17 2 0 0 0 51 45 0 0 65 22 0 0 0 0 36 0 0 0 0 0 0 0 30 0 22 20 0 0 21 4 22 0 55 95 0 21 13 0 33 8 0 0 0 0 0 17 0 71 17 0 0 54 33 0 14 56 0 0 0 40 0 76 15 18 68 0 0 0 0 0 0 6 0 46 0 43 0 0 0 55 0 0 74 3 32 9 0 0 35 59 66 0 25 53 48
 0 0 18 1 33 0 0 0 0 0 47 60 0 91 0 10 4 0 50 76 56 54 14 90 53 53 77 0 0 0 49 0 61 10 0 0 69 0 7 17 92 0 50 49 6 1 14 0 35 40 0 0 0 3 60 0 6 46 20 0 0 0 35 77 15 3 37 0 0 0 0 0 0 0 0 0 0 82 25 6 0 66 0 30 12 59 0 0 0 21 6 27 0 35 14 10 0 0 0 0 8 0 46 0 0 67 54 56 0 0 0 0 0 0 0 0 11 51 17 20 0 58 0 0 30 0 31 74 26 8 0 36 0 38 73 0 0 0 0 2 14 13 12 79 0 44 17 22 25 0 0 0 0 0 4 0 0 25 49 0 27 12 66 0 6 10 0 0 0 34 47 13 17 0 56 0 0 0 0 0 0 0 0 0 21 23 0 67 1 6 24 0 0 0 65 63 37 0 35 0
 0 6 0 64 0 15 0 9 55 0 31 90 42 0 0 6 0 0 22 65 8 0 83 0 15 8 0 0 29 31 34 0 0 0 17 0 0 62 0 14 0 0 31 0 0 4 48 0 34 0 9 60 0 0 0 59 6 16 82 0 21 0 0 29 0 0 0 38 10 6 0 79 62 0 78 0 7 48 14 0 45 82 0 8 62 0 0 0 0 32 8 0 10 18 5 7 0 32 51 8 16 0 29 0 0 58 0 0 7 0 26 0 0 58 0 4 9 29 0 22 0 27 0 0 63 37 47 9 34 0 0 5 78 7 40 34 7 0 54 29 21 0 32 0 4 0 78 21 26 0 0 0 0 30 0 0 0 9 15 7 0 4 22 0 0 18 36 0 29 0 9 31 50 1 19 58 0 63 0 48 0 0 34 12 0 0 0 0 0 0 5 2 59 91 3 8 0 31 0 19
 75 0 37 0 11 45 0 0 35 18 70 0 0 61 30 23 0 43 0 83 0 0 20 0 0 20 75 21 0 0 57 7 0 35 11 0 61 13 41 0 0 15 57 0 0 0 0 28 0 53 29 48 0 0 0 63 77 0 58 45 84 0 54 35 98 0 18 10 0 0 0 58 0 0 17 0 59 0 65 24 80 6 11 53 12 0 95 21 0 39 30 0 61 56 21 0 0 0 50 35 0 51 27 0 0 54 3 2 20 0 27 28 0 19 23 0 93 28 0 28 0 51 55 0 0 44 0 0 19 6 0 33 15 35 0 18 0 0 14 0 0 0 27 11 0 82 0 0 26 0 0 0 55 45 51 0 0 32 27 0 68 90 23 2 0 21 25 48 37 51 1 50 33 38 0 43 0 0 74 0 0 62 0 29 0 22 7 0 0 0 80 0 0 0 0 0 8 0 0 0
 60 0 24 65 56 11 0 3 17 17 46 57 94 0 0 0 58 84 0 0 0 0 15 0 56 0 84 0 0 10 0 3 53 15 0 0 72 0 60 16 0 12 0 0 0 54 68 52 0 0 0 34 6 0 28 0 45 51 0 0 0 52 17 30 18 29 7 0 30 37 16 0 0 0 83 34 0 0 61 17 22 38 0 13 48 0 37 35 0 3 0 60 32 38 0 0 0 36 40 0 11 22 0 0 0 0 0 91 0 0 35 0 0 0 0 0 24 72 0 32 27 35 91 17 40 49 0 51 80 10 0 57 0 0 0 52 47 1 0 0 0 0 0 0 0 20 0 0 0 21 2 22 47 0 0 28 20 14 0 0 49 38 0 0 0 0 60 56 35 80 31 24 19 77 2 9 0 0 0 0 0 0 0 8 0 0 0 0 0 95 44 0 0 9 0 0 40 24 0 0
 2 25 0 0 22 37 44 65 0 23 29 92 22 0 0 0 0 0 85 30 12 0 0 38 56 0 72 30 23 0 0 0 96 49 0 2 0 0 33 0 85 0 17 0 19 47 15 76 0 0 66 0 0 12 0 20 33 43 58 19 0 0 0 3 21 0 28 58 12 0 7 33 19 5 0 20 0 0 0 58 50 28 0 0 17 0 0 0 66 54 5 0 0 26 0 0 34 79 17 9 0 74 0 43 0 0 0 68 0 0 0 14 56 0 0 0 55 27 0 64 24 0 0 58 17 0 19 20 0 55 67 0 31 31 95 0 74 0 0 33 0 6 0 0 0 31 61 19 13 7 0 0 0 19 38 1 50 0 16 0 17 58 0 66 0 0 0 2 0 29 0 0 65 11 0 0 0 0 0 0 39 28 58 0 0 0 29 7 29 19 0 13 3 0 68 18 23 0 0 0
 0 0 47 82 20 14 60 0 0 48 0 0 0 8 45 0 45 55 0 7 0 3 0 5 0 2 8 0 2 38 47 0 0 0 10 2 0 0 0 0 0 66 0 0 0 0 2 0 0 16 0 0 0 2 0 0 0 0 0 45 12 42 73 4 0 0 33 2 0 0 0 2 0 35 0 11 0 0 5 79 35 58 6 0 10 0 45 0 0 0 0 36 55 9 45 0 12 10 0 0 81 71 0 0 0 0 29 55 0 48 0 0 18 62 20 30 26 70 0 0 35 0 0 0 7 0 0 0 0 0 1 0 60 38 8 0 0 23 41 0 0 0 0 27 57 0 36 0 0 0 0 0 0 0 45 2 50 2 22 37 24 17 78 0 0 0 23 23 28 0 0 0 0 0 0 2 0 0 0 55 25 2 31 0 6 0 25 67 15 78 0 57 22 3 44 31 0 12 23 0
 21 0 0 16 0 0 18 71 26 0 0 0 5 0 11 59 20 0 0 16 54 28 34 31 0 49 0 87 0 61 4 0 23 0 35 0 52 0 69 0 31 16 21 0 0 0 13 0 0 35 0 32 25 0 78 0 44 2 0 24 24 34 88 0 0 0 0 0 0 0 0 0 33 26 0 35 0 4 0 0 0 3 0 0 46 15 0 18 0 0 68 30 0 75 39 0 60 6 4 0 21 0 47 12 40 27 30 0 60 79 21 18 0 0 67 0 0 0 20 52 68 0 37 0 12 18 0 0 0 0 0 0 51 23 0 17 60 27 0 0 37 0 0 0 3 0 0 0 15 96 35 0 0 0 0 13 0 0 66 0 11 0 27 0 0 0 70 0 23 52 79 0 66 0 48 0 0 0 0 0 16 0 0 26 4 30 0 40 0 40 14 0 11 65 0 37 49 0 3 0
 0 38 0 0 54 0 18 0 2 4 55 0 34 36 51 64 0 0 0 0 45 58 0 0 0 0 1 12 0 0 54 39 83 0 0 13 12 0 0 1 0 2 17 65 0 0 0 0 0 70 0 57 16 0 3 1 0 75 0 0 29 0 0 49 5 0 89 22 34 0 0 34 40 0 0 0 96 0 0 18 0 0 9 13 29 0 0 0 0 0 0 86 7 0 0 89 0 3 18 3 0 44 0 0 0 0 30 25 0 72 36 0 6 4 14 0 0 49 0 51 0 0 24 0 0 31 0 0 28 25 0 74 0 0 59 5 0 0 20 0 8 0 25 0 1 0 0 0 0 9 0 0 24 0 0 0 62 47 0 9 66 0 0 0 0 49 40 45 16 0 0 0 0 52 0 0 50 6 3 0 0 0 11 0 65 0 0 1 0 0 63 5 0 0 0 0 0 35 18 40
 3 0 12 41 44 50 0 0 53 0 84 0 0 34 0 27 33 22 46 7 0 15 93 28 75 0 0 66 1 10 0 9 9 0 44 0 62 0 0 0 54 33 27 59 0 34 12 0 74 50 0 2 5 18 50 93 20 0 19 0 15 0 20 55 70 0 0 0 0 0 0 0 0 0 0 8 0 18 19 9 0 44 0 27 31 16 80 0 0 0 37 0 30 60 47 34 0 4 85 3 72 0 0 0 0 4 0 0 0 0 0 0 10 16 1 40 32 79 16 0 51 0 0 15 49 0 16 28 34 5 0 0 0 26 27 0 10 0 94 0 0 0 0 17 44 0 0 14 38 23 27 87 36 2 0 0 37 39 0 30 0 0 0 96 0 0 0 8 0 0 26 16 0 73 0 6 3 42 36 29 0 0 29 0 0 24 1 0 0 62 10 35 0 45 0 8 76 16 43 0
 0 46 0 0 84 0 81 0 1 0 35 32 50 0 0 76 0 59 0 34 0 40 47 0 66 58 0 0 10 0 0 0 83 0 0 0 0 41 0 0 92 0 0 0 27 0 0 26 60 41 8 0 0 0 0 70 47 50 13 39 21 19 0 1 13 0 15 11 0 4 24 4 0 0 74 0 58 0 0 0 5 0 0 0 17 0 42 1 19 0 47 0 8 40 0 0 0 32 0 9 34 0 0 70 49 43 0 0 0 19 0 63 27 0 4 57 0 67 69 0 0 77 22 0 0 56 55 69 36 26 28 60 0 13 55 0 0 10 0 54 0 65 0 0 0 15 0 0 24 21 43 33 22 2 0 45 38 54 11 0 0 13 18 0 0 39 6 0 0 54 74 69 1 35 61 0 0 32 51 1 0 0 2 0 0 0 44 0 0 0 0 60 0 0 23 33 0 0 0 54
 0 12 27 96 17 7 0 34 0 0 36 0 53 67 21 0 0 0 0 0 0 60 0 0 13 0 0 0 9 67 24 27 73 4 0 43 0 1 0 49 79 0 9 0 15 36 60 29 0 0 0 27 25 0 49 71 0 17 41 30 40 22 0 74 42 14 3 0 0 0 0 0 0 82 0 0 0 67 20 0 0 15 0 68 41 61 57 84 68 84 39 43 0 1 66 41 0 38 94 0 24 46 0 20 15 21 32 0 0 3 0 0 0 0 0 27 51 21 0 87 0 31 31 68 0 45 90 3 19 0 0 31 0 19 0 0 2 0 0 40 0 0 0 2 0 0 15 0 25 4 13 64 0 7 0 0 19 5 41 7 0 0 74 54 17 0 0 66 0 0 46 0 0 0 0 9 9 11 0 0 55 33 47 0 91 0 0 37 12 0 0 0 0 0 31 34 0 1 0 0
 0 2 0 2 13 37 70 0 0 0 0 0 34 2 31 38 15 53 7 0 87 0 34 21 0 0 6 56 0 0 12 0 1 49 5 13 0 68 40 22 21 64 45 0 18 0 8 15 0 0 0 0 32 0 17 0 0 19 0 0 0 0 17 0 42 24 2 0 0 0 0 25 1 71 9 30 0 0 43 64 3 0 29 13 60 0 8 53 29 0 5 0 0 0 0 67 0 15 4 0 0 0 0 17 45 29 0 0 0 0 32 5 0 41 21 0 21 31 0 0 0 0 63 40 30 13 0 11 39 23 65 1 0 0 15 53 30 87 0 8 0 17 0 4 0 64 0 5 0 13 53 3 11 0 2 50 0 19 9 1 0 23 12 0 8 0 0 0 34 8 0 0 0 0 29 0 0 0 0 47 0 0 23 32 20 36 70 39 27 0 0 0 44 40 10 0 0 0 83 0
 7 27 16 0 57 0 30 30 26 46 2 1 45 0 22 0 0 34 0 42 91 0 35 88 51 10 77 0 0 30 0 8 8 0 0 29 15 5 42 17 32 0 0 55 0 0 0 0 0 0 0 5 0 0 0 77 0 41 0 0 0 24 10 0 23 0 0 98 65 0 0 0 48 90 0 41 0 0 0 0 0 3 0 36 0 56 11 0 0 0 23 36 79 0 11 15 28 45 18 0 0 0 0 0 83 0 0 0 3 47 7 40 21 0 2 25 0 0 76 0 0 0 0 0 8 0 0 24 0 20 18 78 3 0 0 47 0 0 0 49 0 45 9 0 60 25 21 73 21 0 48 3 5 0 74 72 0 0 0 0 0 53 0 0 0 49 51 27 33 0 0 0 11 67 1 0 0 0 0 73 0 63 19 0 0 0 3 82 0 60 0 50 0 0 0 0 0 18 69 0
 27 12 0 52 6 0 0 0 29 0 0 47 62 23 0 7 40 0 0 0 0 35 73 0 8 0 0 58 5 0 0 0 60 36 17 0 62 41 0 28 0 11 0 0 84 29 0 0 0 0 0 91 55 7 10 0 8 0 0 0 64 44 0 48 0 65 34 53 0 40 23 0 44 29 60 75 0 0 0 24 33 0 20 0 15 52 43 0 0 0 4 0 0 0 39 59 0 0 50 53 13 0 0 46 0 43 9 0 17 0 0 28 0 46 0 0 0 40 0 0 58 0 0 48 0 25 0 0 0 19 10 0 0 25 0 0 0 65 63 0 32 0 0 0 4 0 0 61 4 0 3 53 53 0 100 0 0 8 0 0 8 0 0 27 42 52 0 54 22 22 20 28 35 0 0 26 20 13 2 0 0 22 12 0 33 0 0 0 0 0 0 0 0 40 0 29 19 0 54 0
 0 0 0 0 42 0 10 0 2 0 0 0 0 32 15 0 0 25 0 3 0 11 36 4 0 0 9 16 51 69 32 53 0 0 0 0 0 1 12 0 0 0 3 60 0 76 0 82 26 7 89 0 17 62 49 13 0 37 12 67 42 0 0 0 7 7 26 12 0 0 19 0 0 0 56 17 0 65 0 0 22 13 0 0 0 36 12 0 44 4 0 62 12 25 27 61 23 23 0 0 69 82 0 0 8 0 14 0 0 0 12 15 31 0 6 28 0 32 0 86 0 0 29 0 0 0 0 46 8 38 83 39 0 58 0 0 0 0 42 0 0 0 22 0 0 3 0 0 0 0 0 46 0 6 0 21 0 0 52 0 0 0 0 0 12 0 0 0 38 0 0 6 28 0 0 21 4 52 0 9 0 13 40 0 37 27 19 5 36 0 19 0 94 0 26 2 0 50 33 53
 0 2 44 0 0 0 53 0 0 0 0 0 0 33 0 0 1 0 16 0 26 24 54 0 12 0 0 0 64 0 49 26 26 13 0 0 5 0 44 0 46 47 51 0 0 0 0 35 27 0 18 0 0 50 64 33 35 0 0 0 0 73 27 52 0 67 53 56 41 71 37 0 30 0 0 34 52 29 45 73 0 7 36 0 29 14 0 0 64 22 0 44 42 6 0 38 13 0 25 0 0 0 5 38 0 0 0 0 52 0 0 0 0 2 79 2 66 42 3 0 0 61 0 0 26 0 28 4 24 0 0 0 16 24 18 2 0 0 17 0 0 0 46 17 0 57 52 31 0 0 0 0 3 0 0 27 0 63 16 0 0 0 22 22 37 0 0 53 0 68 29 0 28 29 0 0 0 0 80 17 0 79 25 43 62 0 53 22 0 16 0 9 41 13 0 47 0 0 24 0
 0 0 23 67 0 0 0 15 0 34 3 14 0 70 0 62 0 0 0 25 42 65 0 0 0 55 0 57 25 37 0 29 52 0 0 0 0 92 19 4 0 20 0 0 33 0 14 17 19 9 0 68 1 0 0 1 0 0 69 0 0 52 0 2 14 47 6 72 20 55 0 0 0 0 0 23 0 11 2 0 37 22 0 34 22 19 0 7 0 3 0 0 70 75 7 49 0 0 0 25 0 0 0 12 50 0 0 0 0 1 70 2 77 24 0 0 6 27 0 0 26 0 0 0 44 0 48 5 0 29 0 0 20 0 24 0 33 0 0 67 0 23 11 42 7 0 10 37 0 1 1 4 68 0 16 0 32 62 90 26 0 0 0 0 0 0 0 49 46 0 0 30 51 0 7 61 46 0 33 61 31 0 95 0 0 21 21 0 14 37 0 0 2 10 0 2 48 0 75 0
 0 17 0 17 9 0 0 0 31 12 0 0 63 0 0 45 31 21 0 65 0 23 0 0 20 36 54 0 6 0 81 0 0 0 0 0 22 49 0 4 11 43 16 23 0 0 0 0 39 41 0 0 0 0 39 0 21 0 0 9 0 0 0 55 0 39 9 41 38 0 0 0 0 0 47 21 7 0 0 0 34 33 30 79 0 0 0 0 0 52 84 0 0 2 2 0 30 79 0 12 85 0 15 62 0 35 32 0 0 22 3 0 0 0 0 0 43 0 0 10 38 0 0 0 25 8 0 0 7 0 0 41 0 17 19 0 0 0 40 0 77 34 52 0 0 27 25 6 69 0 33 59 32 49 83 68 70 0 63 5 0 52 0 20 49 32 58 0 0 69 0 82 0 0 57 0 0 0 2 2 1 0 0 8 0 0 0 22 0 0 17 0 0 7 58 0 1 36 56 25
 0 16 0 12 0 56 86 15 0 93 0 61 0 0 0 4 26 0 0 0 0 39 0 27 38 0 0 6 0 0 0 0 22 78 0 27 0 26 0 0 0 74 47 0 1 27 39 0 12 0 0 47 0 0 98 0 0 18 28 0 4 37 0 48 6 0 0 1 18 30 0 15 0 0 46 23 0 0 67 0 72 0 65 0 15 16 5 26 8 0 57 26 0 74 0 0 8 35 0 75 33 56 48 0 8 17 4 0 0 0 48 52 0 0 6 53 0 20 11 64 0 0 0 78 13 0 0 39 10 51 27 25 60 0 0 19 0 0 0 0 0 0 0 0 16 5 0 0 21 0 54 0 0 18 44 86 14 0 0 10 0 0 23 71 23 0 0 0 6 12 0 25 0 8 0 0 0 63 0 0 0 7 44 0 0 89 0 5 16 0 0 31 27 6 0 35 87 72 0 45
 0 26 92 37 0 0 77 55 36 3 71 69 0 13 0 0 90 17 3 0 61 8 0 0 0 0 79 0 51 0 0 0 9 0 0 2 6 0 0 21 0 0 100 42 0 0 97 0 0 0 0 7 33 0 15 0 0 0 0 54 11 30 0 30 0 33 0 0 0 27 26 0 10 0 0 2 91 35 94 49 0 42 0 0 0 75 0 23 0 0 17 0 0 23 0 0 0 41 63 0 0 0 0 13 0 0 8 47 0 7 0 69 0 0 0 0 25 11 22 5 0 0 78 40 0 58 0 0 66 0 0 67 63 55 47 62 0 5 0 23 0 61 0 0 26 0 5 0 38 13 13 0 49 26 24 0 10 32 0 36 52 48 70 0 0 11 82 44 38 30 0 37 6 25 0 20 0 0 69 9 0 0 0 0 62 45 0 1 0 22 26 13 46 0 66 0 0 0 0 0
 0 0 34 44 0 0 21 0 20 0 0 0 29 32 39 72 0 0 0 0 0 0 53 0 23 40 22 16 19 44 0 0 1 66 10 0 9 0 59 33 0 46 0 34 0 0 22 0 35 18 42 0 0 72 50 0 21 0 25 0 42 0 0 0 2 0 10 0 29 0 0 0 79 21 12 7 59 0 0 0 6 5 0 0 13 0 27 47 0 53 0 0 23 19 0 0 47 75 19 82 0 31 0 15 0 66 0 52 25 49 5 6 0 0 48 2 19 0 46 39 4 0 0 28 15 3 0 58 2 17 31 0 0 50 0 0 0 0 0 0 53 0 0 0 5 0 3 57 21 0 46 8 35 19 0 67 1 35 21 0 0 23 48 8 0 0 0 24 6 0 0 0 89 7 66 0 4 0 36 30 0 0 65 0 0 36 57 51 0 0 0 0 34 0 19 80 0 0 51 0
 13 22 0 5 0 17 0 93 35 65 0 7 0 53 0 14 0 7 27 0 0 56 59 0 40 55 39 0 28 81 4 16 0 0 0 66 0 49 26 0 19 0 30 13 48 0 39 43 29 0 74 0 0 0 0 8 0 0 0 62 0 15 58 39 0 0 44 0 26 0 67 0 64 8 93 14 4 47 0 0 30 0 0 35 0 0 0 71 67 0 50 0 38 0 30 30 87 0 0 0 61 0 36 0 48 0 7 0 17 0 24 0 0 0 0 26 0 5 0 0 94 37 0 52 0 0 0 1 41 41 0 34 20 34 0 76 0 0 0 5 43 0 12 6 0 32 35 0 0 26 26 0 66 51 44 0 0 0 0 82 0 0 22 49 51 0 0 0 50 19 0 0 45 1 35 0 0 15 0 0 0 0 0 76 0 0 45 9 0 0 33 0 27 0 0 0 0 0 22 17
 0 0 0 0 18 41 0 0 34 55 0 0 0 29 0 0 39 0 43 0 0 31 0 0 0 22 0 0 25 45 0 0 29 0 13 36 0 0 29 19 29 0 63 8 5 29 26 63 49 0 0 51 0 0 0 25 26 11 0 0 44 31 0 26 30 0 51 0 24 22 45 53 0 0 12 0 0 19 7 23 0 0 0 38 64 7 62 0 2 26 36 15 25 0 75 1 14 19 0 10 39 21 14 61 0 0 0 34 0 45 43 0 0 0 0 61 32 0 0 0 36 34 71 0 0 43 0 0 16 0 89 26 0 0 0 28 0 0 1 0 21 40 33 26 0 47 40 0 0 43 30 0 0 0 0 55 0 0 45 0 0 30 0 13 40 0 28 40 0 59 0 0 2 0 38 45 0 32 2 38 80 0 0 0 21 0 80 0 0 0 0 79 0 0 0 49 33 0 63 0
 0 0 0 0 0 0 0 0 0 0 0 6 0 60 0 0 0 7 0 0 0 0 0 0 0 41 0 0 0 0 41 0 63 0 0 67 34 0 35 0 19 0 0 0 0 0 88 59 0 70 2 47 0 10 0 0 0 43 34 41 50 0 0 0 51 0 73 0 10 0 90 0 0 20 72 19 0 92 31 18 80 0 61 0 36 11 0 3 2 40 18 0 0 0 12 0 0 40 0 46 0 1 0 33 43 70 0 69 0 0 0 35 0 0 0 0 23 8 0 22 12 0 0 0 0 0 0 21 0 59 0 0 0 76 0 15 5 18 0 52 87 0 0 8 72 0 69 6 0 40 0 0 0 16 10 51 0 21 10 0 0 0 13 0 0 20 13 0 9 5 15 0 53 0 0 57 0 14 0 0 0 0 0 5 20 0 0 0 31 0 50 0 6 85 0 0 0 0 62 24
 0 0 42 0 0 35 0 1 0 72 0 0 24 0 49 0 0 0 0 0 29 0 5 2 6 0 0 0 35 26 27 19 0 0 0 30 2 0 0 0 29 1 14 7 0 0 0 5 26 0 0 9 0 27 78 53 0 0 0 27 0 0 0 0 0 0 0 10 0 24 1 55 48 64 59 0 0 0 0 0 42 12 0 14 0 0 0 0 0 0 16 0 0 0 64 17 36 0 77 0 0 0 12 0 23 0 0 15 0 0 34 31 48 67 49 0 9 68 60 3 0 0 48 0 0 24 0 0 10 38 11 9 0 0 61 0 0 81 23 0 0 26 0 0 0 32 50 0 69 28 45 0 44 40 0 0 0 4 0 61 0 11 0 0 0 0 45 60 52 53 0 24 1 0 0 55 62 39 0 0 19 11 17 0 0 32 54 0 31 0 56 0 0 0 10 0 56 38 7 0
 19 0 9 83 0 25 51 0 98 83 0 0 0 0 11 0 48 0 0 0 0 0 12 0 0 9 9 10 14 64 0 0 0 59 41 3 7 0 0 0 0 0 11 0 0 0 6 0 72 32 27 0 76 0 22 6 12 56 0 0 0 10 0 72 8 9 64 51 0 0 0 0 0 10 0 0 0 71 16 0 0 17 0 0 8 31 6 79 6 0 0 0 0 0 17 0 8 38 0 0 0 11 0 11 0 0 11 43 0 0 0 11 0 80 0 0 0 42 39 32 68 0 3 0 17 16 0 85 0 54 11 0 58 27 17 39 0 0 0 0 56 0 0 19 0 2 0 0 4 0 0 5 47 0 0 0 0 0 0 0 26 0 0 0 20 15 0 0 21 1 5 0 0 18 69 27 9 0 0 0 43 9 4 0 13 0 16 0 0 0 0 0 38 60 12 49 17 63 5 0
 0 64 0 0 0 0 91 3 15 9 0 3 22 25 0 0 0 0 0 0 0 0 1 0 45 0 78 36 0 0 0 0 0 64 45 48 9 0 49 0 0 32 20 0 1 9 0 20 0 42 7 9 0 44 25 0 0 0 45 0 0 18 0 0 0 0 35 16 49 0 0 0 0 3 56 61 0 0 0 33 57 0 26 0 0 58 0 90 0 0 39 31 23 7 43 18 0 50 0 38 26 14 0 0 0 0 29 14 0 0 0 32 0 0 0 0 1 40 0 0 0 36 0 0 12 28 0 15 0 0 83 63 0 0 1 0 0 0 11 0 30 0 0 2 45 21 53 78 17 5 0 41 50 28 0 0 0 0 18 77 0 27 46 3 3 0 0 63 0 31 0 0 0 0 0 33 0 0 34 0 25 0 0 13 0 0 0 3 0 11 0 0 62 1 0 32 0 0 87 0
 0 0 0 0 45 13 0 0 0 40 9 0 44 5 0 0 17 42 1 0 38 0 6 17 0 0 45 0 12 66 6 57 0 4 47 20 7 0 0 35 12 78 14 0 0 85 0 7 0 0 56 57 3 49 25 71 30 59 13 63 80 70 6 0 0 0 0 0 13 0 76 49 0 0 5 27 0 0 32 48 31 0 40 52 9 25 32 0 0 0 0 26 0 0 35 0 48 38 0 0 0 6 0 31 0 0 0 80 0 0 63 51 2 7 0 32 0 30 9 12 1 77 15 15 11 0 4 0 34 0 34 0 36 0 0 85 0 64 20 0 0 0 0 0 0 66 31 10 51 7 0 0 14 15 25 0 0 0 35 40 0 59 10 0 0 10 0 18 14 26 0 0 0 11 0 11 13 38 0 0 0 39 0 19 1 83 0 0 0 77 0 18 4 0 0 0 39 17 0 0
 23 25 12 85 0 3 0 0 0 17 0 10 32 0 29 0 71 0 8 0 0 83 0 44 0 0 0 4 1 0 0 0 50 0 51 0 0 8 82 0 15 0 0 50 49 0 0 0 37 0 0 37 51 0 0 15 48 0 0 62 4 0 14 0 71 0 40 38 0 0 36 0 0 31 0 0 38 51 40 0 23 0 0 7 0 41 0 0 0 0 6 0 0 0 0 48 42 35 7 2 0 7 0 34 2 11 11 0 54 51 9 0 44 64 0 12 18 40 2 0 32 0 0 0 0 0 0 44 16 15 35 0 0 94 38 0 57 24 0 0 92 0 0 0 11 34 0 0 15 66 0 0 0 0 0 0 0 72 0 0 0 30 0 0 62 0 54 27 0 0 0 6 0 0 0 76 0 0 0 0 29 38 0 44 0 62 0 85 0 12 6 41 11 35 19 1 11 6 29 0
 1 10 0 61 57 0 64 0 31 0 11 12 7 0 0 71 0 16 51 0 12 0 37 21 42 20 0 41 28 0 0 0 66 0 0 23 0 0 58 0 24 61 0 58 100 6 41 28 0 50 0 0 93 78 0 0 35 0 0 2 36 2 36 11 0 17 0 18 0 29 0 55 0 0 0 0 18 8 0 34 21 38 0 0 3 74 0 0 0 56 0 0 0 0 22 41 39 82 16 1 45 0 0 38 0 0 55 0 0 1 0 10 0 0 0 16 41 56 81 0 76 0 0 78 5 0 73 0 0 0 21 8 7 0 25 63 32 26 0 53 19 0 0 0 0 0 57 16 6 48 0 0 7 0 6 30 0 42 55 0 11 0 25 0 0 66 0 0 16 0 28 54 50 0 0 45 0 0 12 0 0 0 0 13 0 48 13 0 0 29 11 4 0 51 50 0 49 0 0 0
 1 39 38 12 0 57 1 0 13 0 0 22 0 1 0 0 0 15 17 32 0 0 36 0 18 0 22 0 0 37 8 0 74 41 3 29 0 0 0 29 27 65 14 0 17 23 0 0 14 0 0 7 0 84 0 30 0 2 0 0 43 49 0 0 10 35 0 0 0 0 33 1 36 30 0 15 0 34 0 65 0 0 37 0 0 0 43 52 0 38 0 0 47 0 0 0 0 0 0 67 0 0 0 0 45 27 0 0 55 0 0 0 33 0 0 0 0 0 55 0 22 22 0 14 0 43 0 0 45 26 0 0 0 0 8 70 11 0 20 33 0 0 1 0 0 34 36 5 54 0 62 40 41 3 9 0 0 0 0 0 22 77 4 59 11 0 0 0 44 0 0 39 0 0 69 8 0 0 0 7 0 0 6 0 0 0 0 0 18 59 19 0 0 10 61 31 12 9 27 55
 0 0 82 0 0 57 0 42 51 0 0 0 35 57 0 16 0 0 0 6 58 0 57 0 29 84 0 32 45 0 0 0 61 0 0 98 0 0 0 60 0 0 0 0 57 42 34 0 0 0 0 50 15 27 2 0 0 0 67 21 0 42 8 38 0 0 0 0 0 0 0 0 18 18 34 0 0 10 63 11 7 0 0 0 11 80 34 37 8 86 0 55 0 0 28 0 8 0 0 36 70 0 8 0 0 0 0 0 31 63 0 18 21 0 0 0 0 0 0 0 37 67 55 0 0 54 0 0 14 1 37 0 0 82 0 0 69 11 0 49 50 0 22 0 0 0 0 73 11 66 46 0 50 0 79 4 86 0 0 34 0 0 43 0 75 67 0 0 61 0 0 0 0 64 0 0 0 54 31 31 14 12 0 14 5 26 0 33 0 1 54 6 0 35 0 0 19 0 0 10
 0 7 92 0 0 0 0 21 20 13 5 30 80 0 22 0 17 0 0 0 0 66 0 23 0 0 47 0 41 41 0 0 0 0 34 0 31 0 0 0 25 65 31 45 0 0 4 0 0 22 0 0 8 0 63 71 0 13 29 0 2 0 35 0 11 0 81 0 40 0 0 37 0 0 0 0 0 0 32 0 4 0 0 24 0 0 20 0 0 34 42 0 42 0 0 0 33 0 21 0 27 10 11 69 37 0 6 0 71 0 0 64 16 0 22 49 3 15 0 78 28 7 0 42 14 0 0 27 0 0 25 43 0 0 0 32 0 0 42 34 0 0 0 59 0 0 0 52 0 0 0 6 0 43 1 26 0 77 0 26 0 0 0 0 1 22 91 0 0 40 0 7 0 39 56 5 0 0 32 0 12 3 0 0 0 0 55 66 0 0 0 0 0 16 0 8 4 35 24 0
 0 2 0 65 80 76 0 0 23 0 0 6 0 45 33 0 68 40 0 36 8 0 0 0 0 0 0 0 3 0 6 0 0 41 69 65 0 20 0 39 0 44 75 0 70 0 55 12 0 7 0 0 0 28 87 63 72 47 29 0 2 51 0 6 23 4 0 0 0 0 11 63 0 47 18 0 0 38 0 0 51 0 0 0 3 0 0 0 13 19 0 0 0 7 0 0 0 0 7 59 0 0 27 0 13 0 0 46 68 0 36 5 15 4 0 19 0 84 0 42 0 31 10 68 0 21 0 0 65 0 0 0 0 26 0 4 0 0 22 0 0 0 0 0 0 0 45 0 31 0 0 0 26 0 0 0 39 0 0 0 59 9 0 0 0 67 0 0 0 0 0 15 0 2 0 0 0 15 0 75 50 0 0 0 0 24 59 0 88 45 0 0 0 54 0 0 18 54 44 0
 0 0 0 0 0 0 8 0 0 0 64 5 2 44 0 3 0 32 0 30 0 0 31 0 0 18 0 0 60 0 0 12 0 0 0 0 44 0 33 53 28 0 53 3 14 0 0 56 0 8 0 46 0 0 24 0 0 22 21 86 58 32 0 13 9 64 50 3 12 11 0 34 0 0 0 20 63 0 0 0 0 0 0 0 0 45 0 0 0 16 0 0 37 52 0 0 20 24 31 0 41 21 0 66 4 45 28 13 0 21 39 0 13 0 28 4 0 27 0 31 0 0 8 0 59 90 0 10 6 25 0 0 34 21 0 15 0 0 48 31 0 0 44 45 16 41 0 0 0 6 0 66 23 0 11 0 14 35 0 0 0 0 34 0 0 0 65 76 0 0 0 0 41 0 0 0 0 83 63 0 36 22 0 28 0 0 0 39 33 0 78 0 0 0 58 0 0 32 0 0
 47 0 0 66 6 0 0 0 0 38 28 0 2 55 0 34 0 6 0 0 73 0 1 0 0 0 11 0 1 9 2 0 0 0 16 25 10 0 39 0 28 0 34 0 20 8 0 12 75 0 0 64 24 75 0 0 0 0 24 44 15 58 50 0 32 6 38 0 0 0 71 16 0 67 0 0 79 9 0 53 17 21 0 0 16 9 0 0 0 0 0 84 7 0 48 6 0 0 0 0 37 0 15 16 41 0 0 16 4 0 0 5 35 0 0 54 66 58 26 31 0 0 0 68 64 0 0 0 0 0 0 67 35 0 0 0 0 0 0 10 42 0 94 0 0 0 81 0 0 17 0 0 0 0 0 9 0 7 54 0 0 0 59 0 16 0 81 0 0 0 0 41 59 0 0 0 0 0 75 0 6 31 38 0 0 40 0 0 0 0 0 0 11 57 2 0 14 0 0 0
 71 0 41 0 11 0 81 51 0 0 60 0 46 25 0 18 0 0 0 0 0 0 3 23 34 0 22 0 0 0 47 46 0 0 31 42 60 0 55 74 0 54 0 47 0 40 0 0 7 45 0 0 0 31 0 4 14 0 0 61 0 49 0 0 0 0 37 0 0 0 0 0 0 29 0 57 0 94 0 48 53 0 76 11 0 0 0 0 0 0 0 1 0 0 20 18 0 0 0 0 60 27 0 0 0 0 0 90 0 41 7 71 0 27 0 0 0 0 67 62 33 27 0 7 0 32 77 85 0 0 0 0 9 11 17 0 60 2 0 0 4 0 0 0 0 0 0 8 40 45 34 0 40 66 0 57 0 27 0 76 0 0 0 0 6 66 0 31 27 42 0 35 0 0 0 0 37 0 27 19 21 0 0 0 0 25 20 55 0 27 0 0 0 0 0 32 26 31 0 5
 35 0 11 0 33 0 49 0 20 0 4 0 32 3 24 0 0 65 0 5 78 0 32 19 0 0 16 16 0 0 0 0 0 0 16 0 0 0 10 73 67 0 0 0 13 0 0 31 6 69 0 0 0 0 37 0 0 0 0 2 26 45 3 0 0 0 0 0 0 19 32 58 0 40 0 92 67 44 86 17 51 0 7 0 0 0 0 67 0 45 0 42 0 0 50 48 10 10 3 0 0 0 0 5 0 18 3 44 0 54 7 0 1 16 0 0 25 0 47 0 0 0 7 45 0 88 16 57 26 0 0 0 61 56 0 0 15 0 37 0 0 0 0 75 96 0 0 0 0 0 0 2 44 8 29 57 0 2 0 16 19 18 0 0 72 12 58 0 0 0 0 59 14 0 4 0 0 51 60 0 34 0 0 53 0 0 0 53 0 0 60 50 90 0 0 0 8 41 23 10
 27 0 0 0 0 80 1 0 48 0 0 51 9 44 6 34 10 0 0 0 0 0 79 32 47 30 0 13 0 0 58 19 0 0 30 0 0 61 0 0 38 0 0 39 0 0 34 76 0 0 0 63 0 0 0 57 0 0 0 0 0 48 0 23 0 0 56 2 31 53 0 9 48 0 0 55 26 0 54 0 0 0 0 0 11 0 0 44 34 65 2 0 0 0 0 33 0 0 50 6 0 0 0 45 38 0 0 0 0 5 0 0 7 40 0 57 0 0 7 52 76 0 17 76 0 0 0 19 0 71 0 10 13 12 13 36 0 52 0 0 0 0 30 0 67 86 0 6 0 0 0 10 0 37 11 16 65 56 0 0 27 85 33 68 0 0 8 5 52 0 50 0 0 0 0 0 37 11 0 14 35 15 31 0 0 57 48 0 9 61 16 21 47 0 0 67 0 55 67 49
 0 0 1 0 0 2 14 0 0 0 15 33 0 62 0 0 3 0 11 0 0 46 0 0 64 0 0 6 0 0 34 0 31 46 0 0 57 51 0 53 51 33 7 71 0 5 30 27 20 75 0 0 0 1 0 0 2 24 0 16 0 51 31 0 0 10 0 5 0 0 0 0 5 38 0 0 21 43 43 0 77 0 90 19 41 0 0 30 20 0 0 0 0 0 9 25 0 0 0 0 0 0 0 31 0 2 27 73 0 0 2 0 32 20 8 16 0 94 64 0 0 11 0 54 0 0 0 0 0 0 0 2 16 0 0 0 0 0 0 0 3 0 0 0 40 55 0 67 0 0 17 43 0 7 0 0 0 13 0 71 40 11 8 0 78 32 0 0 0 15 47 0 23 0 0 43 53 84 0 0 47 82 40 40 0 7 7 16 35 43 0 43 0 49 0 0 0 11 25 0
 0 26 84 0 0 81 0 3 0 49 73 0 32 8 0 0 65 68 15 0 0 0 22 0 0 0 0 0 0 89 0 0 0 0 50 57 0 54 0 0 0 0 0 26 0 0 5 51 0 18 29 3 0 41 0 91 0 0 23 10 14 0 39 6 30 0 17 68 0 50 0 14 10 1 0 0 0 0 0 0 0 80 56 27 0 51 80 36 64 0 93 88 3 0 0 59 0 0 3 21 0 0 0 0 0 0 0 26 0 28 0 5 0 0 50 0 0 0 88 0 0 57 0 0 0 0 0 9 13 0 0 52 16 18 4 3 12 43 65 60 68 2 24 0 57 0 60 19 0 0 0 24 36 0 0 0 0 0 0 34 0 0 0 0 0 0 66 0 0 25 11 0 63 0 0 11 0 0 60 0 31 0 1 34 0 86 0 79 64 0 0 0 65 27 24 3 43 0 0 36
 18 71 18 9 23 0 32 17 50 0 4 16 0 0 16 32 0 0 0 71 6 0 55 0 32 0 0 0 31 77 0 0 0 0 0 0 40 0 14 0 2 0 30 0 0 0 0 2 0 3 62 0 1 0 43 0 0 0 0 3 29 24 33 0 41 0 70 13 20 5 3 14 0 0 0 42 0 0 27 0 0 0 0 9 0 0 0 16 0 7 0 25 0 0 1 0 0 57 0 0 0 14 0 30 54 2 11 0 49 0 32 46 62 0 0 12 0 0 51 26 0 66 0 22 0 0 30 25 0 60 14 0 0 14 0 0 24 0 0 16 14 0 17 36 0 0 0 0 0 0 46 0 60 0 37 0 16 0 36 70 0 0 0 73 0 33 49 0 0 0 0 0 0 26 32 0 0 0 23 16 13 9 0 21 41 0 0 0 0 1 0 0 24 52 0 0 0 39 16 0
 0 24 0 0 0 27 0 24 0 36 7 12 95 0 2 0 26 0 0 62 29 0 16 0 45 43 0 3 37 49 6 23 11 0 0 5 0 0 0 0 0 53 0 72 70 17 75 47 0 1 6 29 0 0 71 86 0 0 0 5 20 48 0 70 71 87 30 22 37 0 0 0 59 54 27 0 0 41 0 0 0 0 6 3 0 23 53 35 0 11 0 0 0 0 41 2 54 79 16 3 0 13 21 0 0 0 0 0 67 0 6 0 33 67 0 38 0 57 0 64 56 0 0 0 0 0 29 0 3 0 0 0 33 0 0 7 31 63 55 0 1 0 13 36 0 0 27 0 0 0 76 0 21 79 19 39 0 0 0 44 0 0 0 2 75 0 13 0 59 21 0 0 8 28 0 17 3 26 0 0 0 49 58 0 0 0 0 0 6 0 0 47 0 61 0 0 0 0 31 45
 0 0 77 0 0 74 0 0 1 0 23 0 62 17 12 0 0 15 0 0 0 57 0 0 41 0 0 0 0 44 0 5 0 0 0 17 0 0 0 0 0 53 16 0 0 0 0 12 0 0 90 0 5 51 4 0 1 0 0 0 36 0 0 0 0 0 32 13 0 0 0 51 0 0 0 12 0 0 15 0 0 0 34 14 0 45 43 0 32 50 0 0 0 0 22 0 0 77 0 0 49 0 31 75 5 0 0 76 59 26 0 0 22 3 0 65 16 40 18 0 83 40 0 0 70 0 0 1 53 8 0 4 0 28 0 74 0 0 0 65 30 17 89 17 0 48 27 0 26 0 2 0 0 58 0 32 0 0 69 0 2 5 29 0 35 0 6 84 8 0 0 37 0 0 22 19 2 23 0 0 4 46 67 0 1 81 43 49 62 0 20 28 50 75 0 80 40 35 20 0
 17 3 0 54 0 29 0 0 42 42 0 0 33 18 4 0 24 0 0 0 0 0 0 52 0 0 85 0 0 74 0 63 0 41 26 0 0 0 0 0 0 0 45 11 12 2 35 0 0 0 4 0 0 28 15 2 49 0 20 46 13 0 0 0 0 0 0 13 0 0 0 8 0 0 17 0 18 0 74 9 0 5 0 56 0 70 0 0 0 38 0 0 4 46 0 5 33 6 0 25 0 15 41 0 0 0 20 0 42 13 0 45 0 24 0 0 13 63 65 0 26 18 0 74 0 0 0 0 0 64 68 53 22 0 38 0 0 0 0 94 49 23 25 0 47 0 24 2 18 0 55 17 41 67 0 59 28 0 0 22 0 0 3 6 0 0 0 22 35 27 0 0 51 0 0 44 0 0 0 41 0 31 0 0 31 44 9 27 66 7 57 10 0 19 0 9 50 0 17 0
 0 0 1 59 16 0 32 0 44 26 25 3 21 40 36 0 0 59 52 0 0 87 0 5 0 4 0 0 73 36 0 1 9 36 5 0 4 16 0 0 0 0 11 0 0 0 0 95 0 0 0 85 2 66 27 0 23 0 2 1 76 0 40 13 0 0 8 22 65 0 0 50 0 0 2 0 8 11 31 38 24 0 0 0 7 10 41 76 0 0 24 0 34 0 0 16 37 0 0 0 65 16 12 0 24 64 25 0 0 0 32 13 5 0 1 65 57 28 28 51 0 0 44 29 0 73 0 0 0 0 0 0 0 19 0 6 41 0 17 0 0 49 30 0 67 72 0 86 14 0 0 55 37 51 35 0 0 14 56 0 0 0 0 0 0 37 15 52 24 63 50 0 52 0 3 11 0 0 0 0 0 1 0 0 0 0 0 60 46 0 12 0 0 21 14 9 0 0 70 28
 0 0 23 0 0 0 0 0 0 30 9 25 39 52 0 0 3 0 5 0 0 0 0 2 0 7 0 19 44 50 18 33 0 3 54 0 0 30 0 0 39 0 0 47 4 0 48 0 13 17 5 52 0 1 5 25 52 0 72 68 0 0 14 0 0 71 16 34 31 24 94 0 0 37 78 0 20 6 0 46 0 4 0 92 0 7 7 68 0 0 26 0 64 37 39 28 15 0 50 0 6 41 0 0 0 0 26 0 85 0 30 8 0 0 13 37 0 50 0 4 7 15 57 80 0 0 0 0 33 0 63 11 0 50 0 0 0 44 0 15 0 66 11 0 0 14 6 0 0 0 0 17 0 9 0 0 0 0 0 27 0 0 0 45 26 48 0 71 14 42 41 0 0 0 57 64 0 0 0 0 0 0 0 0 0 0 51 18 0 19 16 24 0 0 0 0 0 12 0 0
 62 0 10 52 0 45 7 0 87 0 20 86 0 0 68 0 0 0 6 18 60 0 61 18 52 41 0 0 0 44 57 50 0 3 27 10 0 0 0 27 72 28 0 62 0 0 0 0 47 66 0 0 68 0 14 56 0 49 0 52 0 66 44 68 0 17 1 11 42 0 69 0 0 34 28 5 48 82 0 0 1 0 0 1 0 0 0 0 0 7 0 33 0 1 73 0 21 53 15 0 0 58 58 0 11 69 0 0 0 52 0 6 37 0 25 0 0 0 0 0 55 23 0 0 0 0 0 31 27 0 0 25 27 0 50 22 37 0 68 0 63 11 4 0 0 0 0 0 81 0 35 0 38 0 0 31 82 0 0 31 0 0 0 2 8 0 27 33 50 0 0 0 7 30 0 0 0 36 24 36 2 20 0 10 0 0 19 0 0 1 0 0 45 0 9 62 0 0 8 28
 14 0 0 41 75 0 38 52 40 22 7 0 0 4 66 8 54 0 0 0 0 0 3 11 0 0 35 0 0 33 0 9 0 29 0 17 35 13 30 8 43 0 51 87 36 0 14 0 6 59 0 58 0 0 40 0 0 0 0 45 0 0 2 0 0 28 0 0 0 11 25 73 64 40 0 0 14 0 0 29 67 60 45 23 0 9 64 27 0 26 44 0 0 0 0 0 0 0 72 70 76 41 7 0 0 66 0 26 72 65 0 2 78 0 0 0 0 54 71 22 0 0 21 29 0 0 3 0 22 0 0 0 63 71 0 37 1 0 64 0 38 0 3 8 0 13 0 0 0 0 16 0 0 5 8 18 0 9 0 0 0 0 0 59 0 1 0 68 0 0 64 0 0 0 0 80 72 0 0 0 34 9 0 0 36 7 0 0 0 18 55 80 77 4 0 24 0 3 21 44
 0 0 4 26 0 47 0 56 0 0 0 26 0 40 28 53 48 0 23 6 0 8 0 5 0 11 13 0 82 0 0 75 72 9 0 0 0 68 0 50 55 9 0 0 0 59 15 0 44 16 4 12 80 0 0 41 45 56 2 21 66 0 0 0 62 0 13 24 28 52 41 0 83 0 61 24 1 9 0 0 50 3 47 39 0 3 0 0 0 12 36 0 0 52 0 9 0 11 0 45 0 79 27 56 0 0 28 27 24 0 35 45 52 0 0 0 75 0 3 0 51 81 38 0 0 56 0 0 0 1 70 40 0 62 53 16 51 0 35 0 0 0 0 2 0 58 8 0 13 0 0 0 58 30 60 0 33 10 28 0 0 68 15 8 0 0 0 44 15 71 0 54 0 31 0 5 0 0 0 49 0 0 83 0 0 0 58 0 10 0 0 0 0 0 42 10 0 0 21 9
 0 0 53 0 0 28 0 0 0 0 12 54 12 4 0 69 0 54 52 0 0 46 0 23 22 44 63 0 0 0 35 76 36 0 0 0 0 32 5 18 30 29 3 0 0 56 0 0 0 0 66 0 20 0 0 32 0 24 0 0 0 14 0 0 40 0 30 48 53 0 0 0 40 19 0 96 0 0 84 89 51 9 0 0 7 52 17 16 41 39 64 0 47 19 0 25 0 19 51 33 88 11 22 0 19 0 0 47 56 51 0 26 23 0 0 37 0 59 0 90 64 22 20 0 0 0 0 62 0 18 41 44 56 0 0 0 0 32 0 78 0 13 0 0 3 0 0 0 0 0 70 0 36 0 0 56 0 67 4 63 1 22 34 0 0 0 0 0 0 0 4 0 0 0 0 3 12 0 0 0 25 8 0 0 39 45 74 37 63 0 0 8 89 0 7 30 73 0 0 31
 16 0 0 7 15 0 0 31 64 0 0 0 0 18 0 22 0 0 7 0 0 9 0 55 0 0 0 44 33 48 41 83 0 3 0 57 0 0 27 72 0 0 2 0 0 0 0 0 19 0 0 2 27 30 0 52 0 13 1 19 48 82 60 1 7 0 11 0 0 0 0 6 0 2 29 0 0 19 50 53 29 92 76 2 0 25 45 21 0 0 0 65 12 57 7 1 0 28 91 0 20 41 0 38 0 0 0 0 28 17 0 2 42 0 0 0 16 0 0 14 12 59 39 0 52 0 0 0 32 0 4 13 0 0 0 89 10 32 40 0 0 0 0 0 0 16 0 46 56 0 2 0 0 0 0 0 29 0 0 17 0 0 34 0 0 94 32 0 75 0 9 0 0 0 0 0 90 13 26 11 60 0 71 46 8 0 37 0 0 0 0 0 0 0 97 0 5 7 0 57
 0 0 17 16 22 0 4 0 0 56 40 0 44 0 0 0 0 72 0 82 29 0 0 6 24 20 0 0 0 0 51 0 67 38 0 0 0 0 0 0 0 0 0 0 0 16 0 45 3 0 0 6 38 0 22 60 37 0 24 0 0 0 47 41 0 25 0 25 0 33 0 1 0 0 52 3 31 0 1 0 13 80 23 18 0 0 0 23 94 0 0 0 0 3 0 0 0 23 28 0 0 0 0 55 36 0 9 0 19 20 0 58 0 68 0 0 0 11 0 0 6 0 2 3 0 7 67 0 0 27 15 0 0 8 0 0 0 0 0 73 37 0 0 18 0 25 0 46 5 0 0 0 0 0 10 54 0 6 0 55 0 0 0 0 0 61 0 15 0 22 6 0 0 0 16 33 46 1 0 0 58 63 0 82 0 0 0 0 41 0 71 0 6 0 0 0 31 0 59 0
 27 0 25 0 0 0 0 0 59 23 84 21 13 36 77 19 46 11 4 94 51 6 0 17 0 0 64 32 33 47 0 19 0 34 4 60 2 7 0 19 0 13 0 0 0 4 4 31 34 0 28 0 0 62 45 66 39 0 0 69 0 0 0 20 10 32 60 0 0 0 0 0 0 31 14 0 32 5 11 7 45 0 2 25 0 77 0 55 0 0 62 90 59 0 0 2 53 0 32 0 5 25 0 0 9 0 0 19 24 0 0 53 0 0 14 29 48 40 71 12 0 0 0 36 79 9 26 0 54 0 8 16 17 75 66 71 0 30 59 0 0 21 0 18 47 14 47 0 0 15 68 0 11 50 7 0 39 79 66 0 0 9 41 6 36 2 0 0 0 18 40 81 43 0 8 0 7 34 0 0 0 0 50 0 0 45 0 83 8 76 4 0 0 0 4 0 0 33 0 0
 19 0 0 74 0 0 0 0 0 66 1 54 32 48 11 70 21 3 9 21 0 19 0 0 0 74 32 6 24 0 1 0 42 0 1 14 9 0 0 0 23 45 0 2 0 0 0 57 0 35 27 0 0 0 0 63 0 62 0 0 0 54 0 27 60 0 28 29 0 0 0 87 0 50 0 47 0 91 0 28 0 88 0 0 10 0 0 7 0 0 0 0 0 0 6 0 35 0 0 76 0 2 15 0 63 0 64 22 0 45 0 33 0 68 34 0 0 58 16 0 14 0 0 0 0 19 15 0 16 8 0 64 0 72 57 25 0 46 0 8 2 56 19 0 6 61 78 0 0 0 0 52 0 0 0 0 0 21 22 8 0 0 48 18 26 0 54 18 0 11 16 35 0 70 66 0 0 0 83 0 51 0 22 0 43 0 0 22 0 0 59 0 0 68 0 4 49 0 0 70
 0 69 49 37 45 0 1 79 14 0 0 0 0 5 0 87 0 34 0 0 19 0 66 0 0 0 0 42 0 33 9 0 33 0 0 46 24 55 0 0 33 0 0 24 24 0 0 74 0 5 0 0 36 40 0 0 63 65 19 67 0 0 0 67 0 31 0 0 0 45 53 54 33 0 0 0 0 12 48 0 0 9 0 62 0 53 19 0 22 0 0 47 46 0 0 57 0 13 0 40 0 0 0 0 8 25 1 0 0 0 0 70 0 0 73 0 26 0 1 17 24 24 64 5 0 0 0 70 23 60 52 0 67 0 0 26 19 0 0 0 0 66 34 12 0 0 30 51 0 0 0 0 0 1 0 70 10 0 0 28 0 0 18 33 6 0 13 13 0 0 0 0 0 22 41 11 43 0 74 0 0 0 61 0 20 13 0 1 57 9 51 0 0 16 0 41 86 0 0 32
 0 12 48 39 0 0 0 0 51 48 55 0 0 0 0 60 32 0 14 0 28 0 20 0 47 0 0 0 0 48 0 0 27 1 0 14 0 74 0 54 15 82 0 49 34 0 0 75 58 0 0 5 0 0 0 1 25 9 0 0 0 8 41 38 68 25 30 0 0 0 41 0 39 0 0 5 0 0 19 21 0 13 0 0 0 0 6 0 0 1 72 0 49 0 0 36 51 4 0 41 56 0 2 9 0 88 0 1 0 0 3 7 0 0 27 0 0 0 0 0 0 0 65 69 15 14 2 0 0 0 0 77 0 0 0 7 0 50 26 11 0 18 0 12 0 0 0 57 0 4 21 0 0 55 15 0 0 0 12 7 0 0 0 0 0 2 0 0 20 0 62 0 21 19 0 31 0 41 4 0 79 0 0 77 0 16 0 28 72 45 0 0 0 0 16 0 0 63 0 17
 17 0 0 0 81 44 81 22 0 0 54 77 12 47 6 0 0 0 77 49 22 0 0 10 0 0 0 0 0 22 16 11 0 22 0 50 0 0 22 0 0 0 6 0 0 18 0 0 95 0 0 0 0 48 0 0 0 58 0 0 0 11 0 34 4 72 8 47 0 62 0 0 0 0 0 0 0 33 61 56 68 18 0 0 62 0 21 22 0 0 33 100 0 0 31 59 0 66 0 0 0 21 0 23 30 0 18 0 0 0 0 0 0 0 0 0 45 0 2 59 62 72 0 0 0 36 0 0 0 91 0 0 0 0 0 0 0 49 0 0 0 0 31 84 0 65 33 0 56 36 38 24 42 10 1 0 60 0 0 0 7 0 47 10 66 0 19 25 54 7 0 28 6 21 54 25 0 0 2 11 0 31 0 0 31 74 0 0 40 22 0 8 3 0 0 17 48 0 0 18
 4 0 0 0 21 0 31 0 72 0 0 28 0 72 0 13 0 1 66 0 0 11 1 0 0 0 0 0 0 0 6 0 8 0 43 0 13 0 0 0 0 8 0 0 33 37 30 0 0 25 12 21 0 43 38 81 11 33 0 16 12 23 2 0 20 29 75 0 12 0 4 0 0 0 0 0 30 0 0 0 0 66 0 0 0 13 58 0 44 0 0 0 0 6 36 0 37 67 0 0 43 0 47 59 0 0 0 0 17 0 0 18 62 4 0 0 0 37 0 3 53 21 0 0 60 0 30 0 40 0 0 66 0 0 0 0 1 15 52 32 0 0 53 2 15 0 50 12 0 0 0 0 0 0 33 22 52 0 29 0 38 0 0 63 0 0 51 0 49 0 63 43 0 46 3 0 0 15 0 0 6 33 0 23 74 62 0 33 0 99 0 6 0 41 0 0 7 0 0 0
 47 38 0 0 39 0 0 78 0 0 36 83 0 26 52 0 32 0 0 0 0 20 0 50 29 0 13 4 0 12 0 52 48 50 0 6 0 43 0 52 0 0 19 53 11 76 0 58 16 0 0 27 31 0 19 65 4 19 55 0 0 31 0 0 29 0 0 7 16 21 63 0 0 68 0 0 0 41 21 42 62 50 31 0 0 0 0 0 0 0 38 56 0 0 0 62 35 56 0 18 18 0 0 10 0 25 0 0 4 2 71 37 2 65 33 11 71 0 0 0 37 0 24 0 98 51 20 18 22 36 84 82 0 0 0 14 21 0 0 43 0 0 0 0 58 45 31 2 69 80 2 35 16 46 0 0 93 0 47 0 19 0 61 65 0 0 0 33 4 12 0 0 0 0 0 22 49 39 31 25 0 0 0 0 26 0 0 0 0 0 7 0 27 0 0 18 0 22 0 0
 26 0 10 89 30 0 0 0 0 56 69 29 0 0 0 5 0 0 0 31 0 0 16 0 0 0 0 24 71 53 0 0 93 0 0 0 29 15 43 0 0 66 35 71 0 0 7 0 56 6 0 0 67 19 19 0 30 42 51 0 33 61 0 0 0 0 0 0 9 0 0 0 0 53 0 0 0 15 0 90 3 66 3 58 0 0 78 0 22 75 0 0 0 0 33 0 11 0 17 0 19 0 0 0 0 0 0 6 44 0 53 0 0 19 0 0 24 46 8 14 0 0 0 0 0 0 58 0 36 91 55 0 0 0 36 24 0 0 0 9 27 0 0 29 0 40 0 39 0 7 0 39 0 1 22 18 0 0 28 49 36 2 72 0 80 8 0 0 58 0 0 0 34 0 23 0 27 28 38 0 0 42 0 47 0 48 0 35 0 0 13 0 0 0 43 13 0 5 0 1
 0 0 0 1 61 0 53 0 60 0 23 0 71 4 0 0 48 0 0 54 56 0 0 0 0 0 0 0 0 0 0 0 0 0 0 3 0 8 0 0 2 0 21 0 53 0 0 47 0 62 0 30 0 22 0 68 0 23 0 36 0 0 0 5 16 88 61 56 0 73 9 21 6 0 48 40 65 0 97 30 0 45 85 11 90 8 0 48 31 0 16 0 38 0 32 1 0 0 56 0 0 0 0 31 4 51 77 0 2 0 0 0 0 0 0 19 56 0 11 16 0 0 0 5 0 0 0 21 28 0 13 6 0 0 15 0 0 3 0 87 0 36 54 36 60 0 0 89 0 47 0 0 0 0 34 12 26 53 93 0 33 0 0 37 13 0 1 0 18 0 0 0 0 65 0 0 0 0 6 87 0 9 22 0 32 0 37 0 0 0 0 0 29 51 71 29 31 0 0 0
 0 33 0 31 0 26 0 27 21 50 0 13 65 9 0 4 11 0 45 0 0 0 0 0 44 3 16 34 30 0 15 0 18 0 16 0 0 0 0 0 6 0 0 16 60 0 0 20 0 0 0 0 0 24 0 51 8 0 0 0 71 10 32 0 23 0 0 0 0 0 58 0 0 0 0 20 0 24 0 71 20 0 12 63 0 46 0 0 6 42 0 0 0 0 0 0 0 0 0 0 0 31 26 1 11 0 0 0 0 0 14 0 0 41 26 0 0 0 0 9 0 0 0 0 1 14 0 73 18 0 23 85 16 0 4 19 0 40 9 67 12 0 11 1 27 0 0 0 62 0 11 0 36 0 0 0 43 40 64 1 40 23 55 71 0 19 46 0 25 0 37 0 0 0 0 0 0 0 20 5 70 1 0 18 36 20 0 0 0 26 52 0 0 0 37 0 0 0 62 0
 0 0 0 0 0 0 0 0 2 0 0 0 9 2 0 0 32 0 0 0 0 33 10 47 55 0 0 49 0 23 40 0 0 0 0 0 0 0 28 39 7 0 40 0 48 0 39 1 0 24 0 28 35 0 0 0 75 23 34 18 74 7 4 0 97 0 0 36 0 0 54 0 6 0 0 8 54 35 0 0 0 0 2 0 11 7 92 0 0 0 50 91 18 56 0 0 0 0 12 67 0 60 0 2 53 20 0 44 0 0 60 0 61 89 32 0 0 0 0 4 24 12 71 63 0 33 40 20 4 18 2 49 49 88 25 8 4 49 0 0 0 0 0 0 56 36 0 46 26 0 0 0 10 44 81 76 26 13 35 0 0 0 0 0 0 0 0 0 0 0 10 0 14 0 0 53 0 6 22 38 11 0 0 57 0 14 0 63 0 90 3 0 0 5 97 74 69 0 0 0
 15 0 16 0 4 0 0 0 0 0 89 2 0 0 0 14 55 0 12 3 20 0 0 1 42 0 0 56 8 0 0 66 0 0 0 1 62 5 0 0 12 0 0 0 0 33 0 77 0 0 11 21 1 0 0 39 0 35 2 22 0 0 0 0 0 0 25 47 0 0 95 0 18 0 0 0 0 0 18 3 0 72 34 75 0 38 14 94 0 0 0 4 15 0 44 0 0 12 0 43 0 0 0 0 0 0 49 3 0 76 89 0 0 0 12 0 30 0 0 16 22 8 0 79 0 17 0 0 0 0 55 85 63 31 0 6 0 0 33 16 0 0 0 0 13 0 0 0 0 0 0 74 16 0 52 0 91 50 0 16 53 45 0 37 0 0 0 0 2 0 0 0 0 2 46 0 0 31 0 19 14 0 40 0 40 0 6 66 36 25 38 2 0 8 0 87 12 0 19 32
 0 52 0 1 25 0 91 63 34 38 0 26 9 20 0 0 37 0 59 0 0 0 3 7 19 43 9 0 65 7 19 7 0 0 0 12 83 0 0 38 0 0 15 26 0 0 0 17 0 2 26 14 37 38 0 12 0 64 72 67 20 0 0 0 7 8 0 15 70 85 41 1 22 0 68 0 37 97 0 16 44 0 38 0 0 0 12 32 19 37 0 0 14 55 0 0 1 0 0 5 0 32 75 0 25 15 25 0 0 0 0 0 30 47 10 56 16 0 0 0 0 5 57 0 0 30 0 38 0 0 0 22 0 24 4 34 14 0 0 61 43 0 11 8 0 18 0 54 0 10 2 0 0 0 45 0 38 80 83 35 0 25 5 0 0 0 0 19 11 53 22 0 47 12 34 12 0 40 18 18 22 0 0 0 93 0 0 20 0 11 0 27 53 0 0 0 28 5 0 0
 29 0 0 0 33 15 0 66 17 0 0 0 29 4 0 0 0 29 0 39 0 67 3 0 0 0 0 0 34 18 58 31 10 0 6 26 45 0 0 0 0 13 15 0 8 0 0 16 21 58 20 9 0 0 0 0 0 0 32 77 0 0 26 60 0 0 0 0 65 41 0 0 0 0 13 42 33 5 23 0 16 18 3 0 35 0 4 23 0 15 0 0 0 0 31 0 0 66 79 42 0 0 0 0 0 8 10 79 10 90 45 36 30 0 0 19 0 16 19 8 4 40 44 3 45 17 0 0 15 0 7 0 0 0 0 0 0 0 21 0 74 0 3 0 12 16 8 9 40 4 0 0 80 0 23 0 0 0 0 0 64 18 90 0 12 0 0 0 28 5 28 65 0 0 0 0 13 0 0 22 26 4 0 37 0 0 0 0 26 0 0 0 1 54 0 0 0 0 0 40
 18 0 51 26 0 0 0 61 1 0 0 0 38 11 0 0 7 98 0 0 0 0 0 0 0 0 26 0 21 0 17 0 0 0 0 0 0 15 34 35 0 0 0 28 0 0 0 0 14 0 72 0 68 40 39 0 23 43 52 51 64 0 16 0 49 71 1 51 0 0 43 0 0 0 31 29 0 30 7 0 0 36 0 29 0 3 0 38 75 4 37 0 14 0 0 10 0 0 0 56 0 35 14 48 0 27 0 37 19 8 0 0 31 0 0 56 0 0 0 0 11 65 0 9 0 20 6 9 18 11 0 41 51 0 87 65 0 0 0 0 0 50 0 0 86 25 85 0 0 22 0 25 8 0 0 18 0 0 55 44 0 0 30 13 0 3 0 0 34 0 0 11 0 85 0 0 61 0 72 0 26 29 43 10 0 30 31 11 40 0 36 0 0 0 0 47 13 58 0 3
 66 0 0 0 0 16 6 0 14 0 32 0 64 0 40 68 19 0 7 22 16 0 0 0 34 40 0 33 0 0 0 38 38 0 12 0 35 0 0 8 8 0 23 3 5 0 2 22 18 0 0 6 50 17 0 40 1 10 0 0 0 12 38 0 0 51 14 49 71 5 0 23 7 59 0 7 0 60 0 32 0 6 0 52 41 8 0 0 71 29 31 85 0 0 0 0 0 15 0 0 0 56 0 0 15 0 0 38 0 41 37 85 42 0 46 0 0 0 0 56 23 53 0 53 0 0 34 62 23 48 0 35 63 3 28 44 42 67 27 0 0 17 13 49 74 0 0 38 3 45 0 27 0 2 76 14 36 0 0 69 0 18 0 0 4 20 0 0 0 55 0 0 2 2 59 0 0 0 58 13 7 0 40 0 52 0 0 7 0 0 0 83 0 0 22 56 0 26 0 38
 27 24 57 0 63 0 0 0 49 23 7 10 0 0 0 63 44 0 0 77 0 0 0 14 0 0 0 59 0 12 0 0 0 11 18 0 19 0 0 0 7 23 15 0 0 0 70 38 82 0 88 44 69 0 25 0 66 0 0 35 62 66 0 0 66 12 26 0 0 0 18 4 68 0 0 73 0 25 0 0 35 34 21 59 0 44 0 0 0 7 0 80 98 6 38 12 17 33 7 0 0 0 0 0 25 0 15 3 0 57 0 62 23 0 0 0 50 24 0 48 1 35 0 60 25 0 57 6 0 0 53 0 0 24 0 26 0 18 0 0 51 0 8 36 18 29 28 0 0 14 0 0 0 79 28 64 98 36 0 0 73 27 68 0 0 20 16 32 3 0 15 43 0 0 0 0 27 30 88 15 11 42 0 0 0 4 58 7 52 0 36 0 18 0 14 2 0 12 71 52
 72 0 38 16 32 32 2 0 0 41 51 29 0 23 19 0 49 17 39 62 0 74 0 0 0 0 0 0 0 0 82 0 0 0 53 39 34 0 0 0 0 0 0 0 15 30 4 31 29 0 25 2 16 5 37 78 0 0 26 29 82 1 29 4 26 24 21 0 22 0 0 44 0 0 0 0 18 25 28 33 55 0 22 41 18 1 0 23 0 50 17 2 0 41 34 0 0 0 6 0 83 0 19 0 0 82 0 0 8 0 8 43 42 22 13 92 51 0 0 0 0 0 0 3 53 0 28 38 0 0 0 0 15 0 0 7 24 0 0 47 0 27 0 0 0 9 10 0 0 0 11 22 0 0 0 63 3 75 34 0 17 0 0 0 58 0 0 0 10 0 0 0 0 0 0 51 0 0 0 0 56 71 87 44 62 0 0 0 0 34 25 0 0 2 0 22 70 50 0 36
 55 26 0 38 63 0 0 0 4 43 0 0 0 0 19 0 50 0 0 0 0 64 13 0 0 0 46 0 0 0 19 0 36 0 3 0 0 0 30 0 0 60 28 37 0 0 0 0 0 0 0 12 0 5 0 50 40 35 0 0 0 1 0 81 0 0 0 24 78 0 0 1 40 2 0 2 1 0 47 50 0 0 0 0 0 16 11 0 26 0 11 13 0 0 21 0 0 0 0 97 0 0 46 34 30 14 0 34 0 0 0 57 19 0 0 0 0 0 48 0 61 1 30 23 0 3 0 36 44 0 56 0 20 0 0 7 17 0 0 24 50 0 0 0 20 0 0 26 11 6 31 25 0 0 0 90 0 0 82 0 39 0 0 6 64 0 0 0 73 0 12 64 0 0 7 0 56 0 51 0 43 33 34 7 0 0 56 0 71 4 0 42 0 0 0 33 8 32 26 10
 50 0 0 0 43 44 48 3 88 0 0 0 0 0 0 0 0 5 39 0 0 35 4 0 0 21 58 49 38 59 0 0 73 0 0 0 0 0 0 0 16 41 83 53 0 0 51 0 5 0 7 0 0 43 12 64 13 49 0 0 0 0 0 0 1 0 5 0 0 0 84 3 0 0 0 61 0 17 0 0 0 25 0 36 0 25 69 58 29 1 0 7 0 22 42 72 39 0 0 0 26 26 0 0 0 0 0 52 0 0 10 0 0 1 35 70 18 51 9 0 5 13 14 0 10 0 0 0 16 11 0 6 0 0 63 6 40 0 6 0 57 0 15 0 0 88 2 0 40 48 0 78 54 0 0 33 0 21 0 0 0 0 1 38 0 46 0 0 0 9 65 0 0 0 9 24 23 0 82 0 31 58 20 46 93 0 62 2 0 2 0 29 86 0 0 0 8 0 1 13
 0 0 39 60 25 75 34 0 10 0 15 0 0 0 0 0 37 0 14 0 0 33 0 54 29 65 54 0 0 0 52 75 27 31 11 0 4 0 0 0 0 0 33 0 0 0 5 0 0 68 0 0 0 2 0 0 30 0 6 10 0 34 0 38 32 0 11 0 0 0 0 49 26 23 14 4 0 0 44 0 36 0 0 0 0 43 7 14 0 44 4 14 0 13 28 0 70 0 0 0 0 13 0 2 84 4 10 31 0 3 0 34 0 0 0 10 0 6 0 0 38 0 0 31 0 0 23 0 38 0 0 22 10 0 0 0 0 0 10 0 0 0 0 47 0 0 0 14 36 17 28 0 26 42 0 0 0 0 1 0 20 24 34 50 19 0 0 0 0 56 16 0 41 0 0 31 35 0 38 60 0 33 14 47 8 0 0 0 27 80 4 0 72 77 76 0 26 0 0 67
 66 71 0 0 0 0 7 40 39 0 0 0 41 28 0 72 0 0 0 0 51 0 72 21 0 20 0 0 0 0 0 0 0 0 0 0 12 0 53 51 0 0 0 0 67 0 0 3 0 0 0 0 0 30 28 38 19 0 70 5 0 49 38 31 0 0 0 0 69 69 0 29 0 0 0 0 74 23 0 0 0 0 0 87 7 75 39 0 84 0 51 0 0 20 56 53 1 68 64 19 0 0 0 0 7 79 0 6 0 0 0 0 0 0 0 12 17 0 37 0 76 62 0 34 0 3 0 37 0 74 0 50 0 0 0 53 21 0 0 0 0 32 52 0 23 63 53 0 69 77 0 2 65 0 4 0 47 0 56 16 0 2 0 43 46 36 17 0 34 0 0 44 0 0 0 0 39 75 0 0 0 0 8 0 68 0 0 28 43 0 0 0 9 20 0 21 36 3 0 0
 40 0 0 0 0 0 21 46 0 0 0 32 0 0 0 0 0 0 10 16 0 0 82 12 0 0 0 0 19 0 0 0 24 0 0 0 0 23 0 6 66 39 0 0 3 24 68 0 79 33 22 0 0 2 54 0 0 0 18 29 0 0 9 0 12 0 67 2 68 0 0 0 4 0 0 0 0 60 45 20 5 90 59 0 0 2 0 82 37 0 35 39 0 0 1 24 68 0 90 59 0 0 0 0 43 36 62 0 0 1 0 14 0 0 0 0 12 66 0 16 0 0 21 4 0 0 32 47 0 0 0 41 6 0 56 82 60 5 0 49 56 0 38 0 15 0 0 0 58 20 53 0 36 0 12 0 0 0 0 0 0 20 0 4 52 0 18 11 26 0 57 0 34 11 2 0 0 2 12 34 0 0 0 16 0 0 0 17 51 20 0 0 11 0 0 46 16 0 12 46
 80 0 0 17 25 44 0 10 0 0 0 80 0 0 72 5 0 7 27 9 29 0 28 0 0 0 73 0 23 27 0 0 0 36 69 81 0 85 18 0 0 0 21 0 22 0 0 78 29 0 12 0 0 0 0 64 0 34 50 86 37 0 2 0 1 0 5 0 4 80 24 0 0 0 32 89 33 0 0 0 85 29 0 68 45 95 0 0 0 0 0 79 11 25 0 75 24 0 0 55 37 58 71 0 0 0 44 83 0 21 0 0 46 0 2 0 0 74 17 0 2 0 0 0 1 0 21 72 0 7 24 0 0 50 4 0 0 17 17 0 34 0 0 0 0 0 7 11 0 33 23 15 26 0 0 0 0 0 13 0 0 0 5 0 5 34 0 0 0 23 0 9 0 0 65 79 28 56 0 21 10 22 0 0 3 19 0 0 0 0 0 0 0 0 15 0 7 0 0 30
 0 4 0 2 0 11 70 31 0 17 17 0 0 0 0 6 0 78 14 25 0 0 49 0 0 20 0 16 0 0 12 0 0 0 21 21 0 0 37 60 0 0 43 28 0 0 14 4 54 0 36 61 0 65 0 0 18 0 0 0 62 85 28 49 74 61 0 30 0 0 23 0 22 0 0 24 0 3 27 0 61 0 0 0 68 39 7 24 83 23 31 5 64 0 7 0 21 0 66 0 46 0 0 0 0 0 28 47 15 4 0 9 51 13 0 0 76 0 21 19 47 0 0 50 20 40 0 0 27 21 16 0 0 9 44 0 1 0 30 0 0 37 38 18 0 0 0 0 0 35 0 0 0 0 43 0 16 11 38 64 0 0 0 0 28 21 27 37 0 0 0 0 0 47 0 0 0 81 0 0 0 41 0 8 14 3 70 0 0 20 41 22 20 0 0 8 0 0 0 0
 61 10 22 0 15 44 0 16 0 0 60 53 0 1 0 46 0 0 0 45 0 0 13 5 10 0 0 0 0 67 0 19 11 0 68 6 60 0 8 13 52 0 9 0 76 0 0 63 0 0 0 0 20 26 16 0 14 0 27 0 18 67 35 19 0 0 52 0 0 0 0 0 0 0 0 26 0 0 74 87 0 0 56 14 2 0 0 11 0 14 0 0 23 14 5 0 0 4 1 0 71 44 0 24 37 89 0 84 88 5 0 1 17 27 80 8 49 0 0 0 0 0 10 12 0 0 0 15 0 0 0 0 0 0 50 0 56 0 27 0 0 0 0 34 0 13 46 5 20 28 0 0 0 0 24 32 5 0 83 0 0 0 21 12 19 28 0 44 11 87 24 83 0 0 0 12 69 0 0 0 1 68 39 36 12 33 11 22 30 16 0 0 0 12 0 0 15 27 0 60
 0 22 0 0 0 32 11 0 0 52 0 0 0 0 7 37 0 44 37 0 0 0 0 0 0 0 35 43 32 0 0 1 4 76 70 20 19 41 0 3 0 0 21 45 0 0 33 0 2 8 16 3 33 22 0 0 0 45 0 3 12 74 40 67 21 0 0 0 0 42 0 0 0 0 15 62 27 0 9 0 86 0 5 13 62 0 54 41 0 27 0 54 74 0 0 44 73 11 14 0 3 4 56 0 0 14 0 0 13 0 0 17 0 0 23 26 4 45 0 0 0 35 0 0 13 11 51 0 0 0 0 0 0 0 71 51 0 0 0 0 19 0 0 0 0 0 0 28 0 0 0 41 38 18 61 7 0 15 8 65 0 16 13 22 0 100 48 29 0 14 52 0 75 69 0 0 29 24 55 0 0 0 11 0 0 14 0 52 0 0 0 3 0 0 5 0 91 0 5 0
 0 0 19 47 6 0 80 0 20 0 32 0 0 0 0 52 14 0 37 0 0 0 45 20 9 9 36 0 23 0 34 6 0 0 0 47 0 33 0 0 0 14 0 0 20 0 0 26 0 15 0 0 0 10 44 0 26 0 0 22 0 0 0 79 0 27 0 51 13 0 22 39 0 29 0 0 30 49 30 0 0 0 0 55 0 0 0 10 76 42 0 6 14 27 0 26 0 7 24 43 66 0 61 36 24 26 0 0 29 0 0 36 43 0 0 9 0 17 0 0 0 0 0 41 80 9 9 30 0 44 15 18 0 92 0 7 0 0 0 8 0 74 0 23 26 0 0 0 10 0 69 5 9 0 0 63 0 0 0 16 0 19 6 4 0 0 70 48 8 0 94 0 24 0 12 0 0 72 0 0 17 0 0 0 38 15 0 59 0 1 0 0 53 43 49 0 51 0 0 37
 26 0 19 0 17 54 39 34 77 20 31 0 21 33 0 0 54 44 0 13 54 0 0 46 8 27 5 22 13 0 8 39 0 0 0 0 24 0 92 0 8 0 51 2 0 100 0 0 17 23 48 0 60 0 49 0 0 0 0 56 10 0 37 51 0 50 0 43 0 34 0 85 0 0 4 0 0 0 0 13 0 37 48 46 0 0 0 7 0 5 65 0 0 95 0 13 0 0 0 52 11 0 3 0 96 39 12 23 0 40 45 38 0 91 77 91 28 0 0 71 0 76 28 0 0 0 21 0 32 23 0 0 39 35 0 0 12 38 0 3 8 0 0 22 0 23 0 0 0 0 0 0 62 10 0 16 0 45 12 0 22 0 0 13 0 34 63 53 0 59 0 13 38 74 0 0 40 0 87 72 0 0 0 0 0 0 0 10 26 34 8 0 23 0 14 0 0 31 0 10
 0 0 22 0 29 0 0 0 58 7 18 13 0 0 0 0 40 62 91 27 0 0 0 0 0 0 62 82 54 0 47 0 0 0 0 33 0 22 23 79 0 0 47 0 14 19 0 7 57 66 30 0 21 0 31 45 6 0 23 31 0 29 0 79 0 2 34 36 0 7 0 0 46 54 27 1 21 69 0 0 17 20 0 85 0 10 0 36 0 0 0 26 20 0 0 42 0 0 0 1 21 0 0 0 0 50 0 0 37 0 0 0 17 50 6 4 0 0 0 45 48 31 12 39 0 26 0 9 6 0 21 0 32 18 0 0 0 0 0 6 0 86 0 2 0 0 69 0 0 33 0 0 0 0 0 70 0 0 74 0 46 47 0 0 0 0 26 0 21 0 0 40 0 73 47 0 83 0 0 0 0 23 0 5 0 1 0 13 0 33 61 0 12 0 51 0 0 5 17 0
 0 0 0 15 0 0 72 21 0 6 0 0 0 0 28 72 0 3 54 0 5 50 35 0 10 0 24 73 0 0 0 39 57 0 73 37 0 0 47 1 0 0 0 8 0 70 48 91 0 0 0 0 0 52 57 0 16 0 29 12 0 57 0 36 0 28 53 0 0 0 12 34 0 46 29 0 9 0 0 59 0 49 55 8 0 0 73 0 0 0 17 63 0 11 12 36 0 48 0 0 0 64 9 35 0 68 34 0 23 28 55 48 0 0 0 45 0 3 47 45 0 49 93 27 12 65 47 0 0 53 0 7 0 0 0 0 74 1 0 33 0 0 62 0 26 58 20 0 38 0 37 17 23 0 0 0 0 0 37 48 55 30 10 87 0 24 0 35 0 23 24 59 59 47 0 0 0 0 71 0 65 0 15 71 47 0 20 0 0 0 26 0 0 0 59 0 1 6 83 4
 23 0 23 9 0 0 4 41 62 0 0 22 0 0 0 0 0 88 0 7 13 82 16 0 9 0 0 0 0 5 0 47 77 32 39 27 0 15 20 34 0 21 0 0 35 0 0 0 0 0 0 50 40 95 31 14 0 0 0 0 0 7 0 0 24 3 0 46 36 6 40 0 0 0 6 0 0 0 1 0 19 10 11 0 28 63 0 0 67 0 0 0 0 64 0 0 0 0 14 0 0 0 96 2 0 74 2 76 2 0 0 0 68 0 0 0 16 4 69 28 0 3 55 8 0 0 0 0 36 0 0 35 0 14 42 41 86 0 46 21 0 0 73 0 0 18 0 0 4 0 0 0 0 74 31 49 0 7 5 0 58 17 0 36 0 0 14 0 0 0 24 42 21 0 0 8 26 71 0 17 0 1 0 28 19 23 21 0 28 66 0 0 13 37 0 1 19 0 0 41
 0 52 85 39 0 0 13 0 82 28 0 57 57 6 73 0 0 18 0 0 2 0 50 30 0 0 28 35 37 0 34 65 26 15 71 0 0 42 0 1 5 83 0 0 0 78 65 2 13 43 55 0 47 0 0 0 0 23 0 31 33 3 72 3 0 0 0 0 55 0 61 0 0 0 0 0 0 53 42 15 70 0 0 0 0 30 5 68 24 0 0 71 23 0 40 17 10 74 2 1 0 0 0 0 23 0 0 0 66 0 0 27 49 0 9 17 58 52 46 42 19 91 0 10 0 22 0 8 0 3 0 77 0 0 19 0 0 26 0 0 0 0 1 60 39 24 31 0 31 69 0 0 0 0 42 51 12 0 0 0 43 56 20 51 17 22 34 4 65 0 0 17 0 15 0 0 41 0 46 14 17 4 0 46 0 0 43 18 14 0 2 35 27 54 15 1 52 23 0 4
 0 19 97 0 53 0 0 0 0 0 0 0 0 42 0 0 16 0 65 53 52 0 0 1 31 16 1 35 0 0 0 53 0 0 80 0 34 44 29 0 0 81 0 0 1 0 45 4 97 38 70 0 0 10 0 0 48 0 49 0 0 0 72 0 29 31 0 0 81 36 0 0 35 0 0 0 7 0 37 7 56 4 0 31 6 83 51 0 17 0 0 0 0 15 13 3 0 76 0 0 0 0 69 7 0 19 0 20 0 61 63 0 46 0 0 65 25 0 0 7 0 0 34 21 0 0 0 28 57 60 50 0 26 85 0 0 1 60 0 17 0 0 0 0 24 67 0 0 15 0 8 0 31 0 1 0 0 42 7 0 0 14 0 0 58 0 7 52 0 0 9 0 0 4 9 0 29 0 51 0 0 59 0 38 0 20 30 14 20 8 37 13 0 28 79 0 33 0 58 39
 0 13 0 0 10 37 35 63 0 81 5 8 0 0 0 47 7 0 7 0 13 0 0 5 0 0 0 34 4 0 0 30 25 78 0 0 1 0 76 0 0 0 29 0 0 0 83 0 23 22 0 0 81 0 18 22 0 0 63 0 0 49 0 4 0 0 90 71 0 0 45 13 0 27 3 51 30 8 12 0 23 17 0 0 33 0 0 0 30 0 20 0 67 0 1 0 19 20 88 16 6 38 6 44 0 3 0 75 43 0 0 3 0 0 0 0 29 7 28 0 0 71 0 10 29 9 0 12 8 18 39 0 0 18 9 0 14 0 21 0 56 0 8 0 15 0 0 95 59 0 56 0 58 0 0 0 0 0 0 24 0 0 0 16 0 0 0 0 9 0 6 52 0 0 0 43 19 12 28 59 73 0 0 52 0 0 1 0 0 0 6 0 0 0 0 0 0 77 11 61
 0 0 0 0 39 26 0 0 0 0 0 13 0 0 0 0 14 0 0 1 44 12 29 34 25 0 1 0 12 0 86 35 0 20 0 0 0 0 58 0 14 0 0 0 33 9 0 0 0 0 0 54 0 77 0 0 0 47 0 0 60 52 73 0 0 48 39 0 0 0 0 0 0 0 0 0 0 0 0 0 19 0 0 58 33 77 50 91 79 0 12 0 0 0 0 19 0 10 0 13 0 0 0 0 0 16 0 47 0 35 0 10 0 57 0 0 0 0 0 49 0 0 0 0 0 59 39 0 9 32 0 0 3 0 0 0 11 66 23 0 77 0 57 0 0 33 3 0 63 0 1 76 0 0 36 0 10 17 0 0 54 0 64 4 46 0 0 0 0 5 0 7 0 21 0 0 78 0 0 12 0 44 0 0 10 9 61 69 83 39 0 64 0 43 66 65 42 0 0 29
 0 42 0 0 37 2 0 0 0 0 0 2 0 0 0 0 15 51 45 0 5 0 30 64 57 9 10 0 0 1 0 0 0 69 30 0 37 0 29 0 43 6 50 32 34 28 33 0 61 39 0 0 32 0 0 0 0 0 0 31 0 0 0 58 0 0 0 3 0 9 0 0 0 0 0 90 55 19 53 11 25 0 0 18 66 64 0 45 0 0 0 0 0 0 0 20 25 30 72 0 0 0 31 0 28 0 69 0 0 0 88 5 90 11 0 0 15 58 0 0 40 0 0 13 0 42 0 0 31 0 15 0 37 21 22 58 65 21 0 20 0 0 69 0 21 73 20 73 72 0 3 0 0 29 22 0 0 0 2 28 31 0 28 11 42 37 10 60 49 4 30 18 22 31 0 0 54 0 7 12 0 59 0 49 0 0 0 0 0 0 56 0 35 52 74 0 54 7 0 16
 0 0 13 65 0 6 57 0 0 53 7 0 0 0 0 0 0 0 0 58 44 1 0 44 0 0 57 67 0 5 0 0 23 4 0 52 0 75 0 0 25 5 3 31 68 23 14 0 0 82 0 0 30 65 16 23 0 37 50 0 0 0 0 27 21 0 0 0 10 25 84 14 7 42 24 0 23 0 3 44 25 0 0 0 44 0 0 10 0 62 53 19 30 0 13 0 10 9 19 58 0 0 77 21 0 0 0 73 70 49 20 0 0 52 0 0 9 33 0 15 28 0 0 32 15 0 26 0 0 0 0 0 0 76 16 0 5 0 44 59 0 0 0 24 60 61 0 55 16 18 82 0 0 0 0 24 0 49 27 0 27 49 0 41 0 66 0 0 77 0 23 8 2 28 58 46 0 0 0 0 86 0 30 0 0 0 20 39 0 0 11 0 6 0 0 0 34 56 90 0
 0 16 0 0 26 0 0 0 0 72 73 19 6 71 10 0 8 0 0 38 84 0 0 21 45 0 14 49 0 0 0 0 0 18 0 0 27 0 0 57 46 0 6 0 9 5 65 0 26 27 57 56 37 55 20 0 40 0 9 37 88 61 0 0 5 49 32 30 0 0 0 34 14 5 28 67 0 0 0 0 21 75 0 66 72 0 0 0 0 18 21 0 25 0 36 0 59 36 71 0 66 0 0 77 0 0 5 8 0 2 14 24 58 49 22 45 0 28 51 38 31 0 31 0 3 3 0 33 50 38 17 18 0 0 4 0 70 31 0 0 34 19 0 0 1 31 0 6 17 17 6 0 0 60 0 1 0 0 30 0 0 19 0 0 81 0 30 0 63 0 53 47 0 0 16 91 0 0 3 18 0 29 0 28 34 1 0 0 0 90 0 0 9 8 0 38 0 11 13 0
 0 9 95 65 20 0 0 7 8 0 17 77 0 0 81 79 31 0 11 2 46 0 10 15 0 92 75 34 0 50 2 0 0 0 55 0 57 0 0 27 46 0 36 0 0 0 29 44 12 23 0 0 0 64 26 0 0 0 0 12 29 0 0 44 0 0 0 13 0 0 75 39 14 0 30 33 0 6 5 75 30 21 0 23 0 33 45 2 0 0 0 4 66 0 5 0 0 0 55 33 42 0 0 0 0 0 0 4 0 0 49 15 7 66 0 40 30 4 61 6 17 3 38 0 0 0 32 0 26 0 0 1 47 4 69 0 33 0 0 86 0 58 20 58 0 0 40 6 9 0 0 0 0 9 0 0 2 0 22 0 11 0 77 0 54 0 28 0 0 73 16 0 21 16 41 33 0 30 0 16 79 46 0 0 21 76 66 19 0 55 34 18 0 0 27 0 0 0 58 0
 0 51 52 0 1 9 0 0 16 0 0 52 0 36 62 0 33 34 13 0 13 41 73 0 0 0 0 0 0 68 67 0 8 0 0 1 1 36 0 0 0 84 0 0 16 0 0 0 48 0 10 0 0 36 19 0 31 39 0 68 0 38 52 34 32 26 0 0 0 18 7 15 0 27 0 53 0 57 0 52 0 8 0 0 0 83 42 0 0 8 33 39 0 0 33 0 5 0 0 29 0 0 0 16 0 33 11 0 0 0 0 21 0 0 22 0 93 0 21 0 0 0 0 9 2 0 57 0 0 0 0 9 72 0 44 22 0 0 0 82 0 0 13 0 67 35 37 51 0 0 0 0 0 0 64 17 0 0 0 47 0 75 18 0 0 18 16 70 0 0 1 73 0 24 0 12 0 52 0 35 42 0 0 0 0 7 0 0 0 0 49 0 0 54 58 29 22 19 0 0
 0 0 47 79 0 0 17 0 37 0 0 78 7 66 55 0 1 17 24 12 0 73 78 0 0 0 0 0 0 87 0 0 0 0 0 12 0 0 0 0 13 0 0 64 0 36 0 0 0 0 0 0 0 23 19 0 0 0 0 13 18 92 0 61 83 0 0 0 0 0 21 0 67 0 58 0 0 0 12 13 57 0 10 0 58 30 27 40 14 0 29 56 0 34 41 0 0 89 0 0 22 19 0 0 10 3 0 0 0 60 0 47 0 0 0 0 28 74 0 0 28 15 0 0 0 52 0 12 0 64 19 52 0 49 6 0 33 4 0 0 27 6 6 0 0 0 1 0 0 16 0 0 42 0 0 13 15 14 0 60 0 0 8 0 81 32 0 82 0 33 60 0 0 0 0 0 0 84 0 76 12 75 29 0 27 9 39 0 0 38 84 71 0 0 0 0 0 0 0 0
 41 11 53 0 0 16 14 0 44 19 0 1 0 17 0 0 48 0 31 0 0 18 46 0 74 24 20 23 51 0 6 0 0 12 31 0 17 55 0 37 0 0 0 0 23 61 8 0 0 33 0 0 0 0 13 23 24 60 0 0 0 0 0 0 0 30 0 0 0 24 35 0 0 6 2 50 0 0 0 8 0 78 42 0 0 60 56 18 29 0 8 46 7 37 0 0 37 0 15 0 0 47 31 56 5 1 0 0 0 62 0 12 7 40 0 0 0 2 87 0 29 0 61 35 30 21 87 0 19 0 0 57 22 0 0 25 16 69 48 0 0 70 10 56 0 0 33 0 0 53 0 0 0 29 34 0 19 0 7 2 0 16 0 22 0 15 6 0 0 0 3 0 10 0 38 0 0 64 89 0 0 39 12 70 21 6 93 0 0 0 0 0 9 0 0 0 7 0 0 8
 0 0 7 0 0 8 45 0 0 0 0 0 0 0 0 0 39 25 0 19 0 0 0 0 0 0 0 0 41 0 0 5 14 0 2 27 55 0 18 6 0 0 0 0 15 7 0 0 0 29 0 83 76 16 17 0 0 0 0 0 24 0 6 81 0 0 9 9 0 0 8 0 20 0 0 3 0 14 0 48 0 0 14 0 0 0 0 0 22 0 22 0 0 86 5 42 10 18 0 52 0 40 24 15 0 0 0 0 0 0 34 0 0 0 0 0 33 54 69 23 24 0 34 0 0 0 57 0 96 12 34 0 40 13 0 0 0 24 0 8 0 9 0 0 0 0 71 0 0 20 83 0 45 0 0 15 37 0 28 0 54 0 0 0 1 23 0 59 0 15 0 14 0 34 43 32 28 0 44 0 32 50 1 0 39 18 0 70 0 25 13 0 0 14 53 0 18 57 0 0
 30 4 0 7 21 0 0 43 25 0 13 0 0 0 47 6 48 74 0 9 5 31 12 25 8 58 0 0 0 0 13 0 78 11 83 2 0 20 39 0 0 38 41 0 0 0 0 72 0 76 0 0 0 0 0 0 17 1 5 0 44 0 77 16 32 0 0 0 12 0 0 23 0 0 0 0 18 0 0 58 0 0 0 56 11 68 0 0 10 0 0 0 0 70 0 0 0 0 15 0 0 0 25 54 60 0 0 9 0 80 47 32 0 0 0 0 61 0 0 0 78 0 73 5 0 36 0 26 7 8 73 46 0 0 0 9 0 18 0 66 0 0 0 0 8 30 0 4 34 42 0 0 32 4 21 56 0 3 21 0 94 19 68 14 0 0 0 0 0 0 0 0 0 0 0 75 0 0 10 0 20 52 59 35 38 0 22 92 0 0 0 0 42 36 12 0 12 77 0 20
 69 0 24 0 0 0 0 6 0 23 85 0 9 0 55 0 37 34 0 0 0 0 54 0 0 0 0 89 26 14 17 14 0 0 35 10 11 15 0 20 43 65 59 20 0 0 51 62 23 0 0 45 34 0 0 0 0 10 74 0 18 15 0 0 0 27 0 0 33 0 0 4 0 0 0 41 42 6 0 40 0 0 75 27 33 89 0 0 0 0 0 0 0 46 0 0 3 0 3 61 3 36 0 10 0 0 0 0 0 44 0 73 25 13 57 0 35 0 19 65 60 12 31 46 42 0 0 0 44 52 0 0 9 6 0 0 0 45 44 0 0 28 0 0 42 5 70 0 0 7 0 0 0 59 0 0 8 0 0 94 0 45 0 32 37 42 77 0 0 0 0 0 0 0 44 31 0 0 0 26 13 0 0 0 0 0 0 6 0 0 27 63 0 0 0 48 0 40 58 11
 9 5 10 18 19 0 0 0 0 0 0 10 65 0 0 0 0 0 34 46 30 0 18 29 58 0 0 68 50 0 0 50 0 0 0 0 18 0 38 30 63 61 0 21 29 0 22 0 0 13 0 19 0 35 0 96 0 0 75 6 0 0 36 83 95 50 4 13 0 0 71 0 0 0 0 0 42 18 0 0 26 15 0 12 21 38 0 62 0 0 31 46 10 40 0 0 67 0 0 15 71 0 3 27 0 0 0 0 72 0 17 3 62 68 0 0 57 0 0 0 0 0 100 0 61 0 0 35 8 13 0 0 0 51 12 0 11 48 0 53 18 67 0 0 26 36 27 32 0 66 18 29 0 0 0 68 0 8 0 0 56 0 47 0 9 0 59 6 61 2 32 26 0 0 0 0 43 0 0 0 28 36 9 77 0 0 0 0 0 34 76 4 19 0 49 66 0 0 0 0
 0 0 94 0 24 0 78 83 0 0 19 30 31 0 0 0 29 0 0 0 0 0 53 47 36 5 0 0 49 35 21 0 25 0 0 15 0 0 8 13 24 0 0 0 0 29 11 44 5 38 0 2 0 0 20 0 0 32 0 0 0 0 0 0 0 24 71 0 0 0 23 0 4 12 4 0 0 6 0 0 69 36 32 48 0 56 0 0 21 0 0 0 0 0 0 62 0 0 0 22 0 0 74 0 15 0 0 0 0 0 0 55 0 0 51 52 0 68 0 31 0 0 59 11 0 12 0 0 57 22 0 0 53 0 0 0 0 2 0 27 0 39 0 0 53 0 23 21 0 0 18 0 8 51 6 0 0 52 0 31 0 15 0 7 0 56 0 0 0 12 0 0 0 1 94 39 73 0 6 30 0 63 0 0 19 11 27 0 81 25 0 69 8 0 0 3 0 0 82 0
 0 78 25 83 18 22 0 40 89 0 0 0 27 0 0 74 0 6 0 41 0 0 22 0 0 19 0 0 0 0 42 0 8 37 0 0 46 60 0 0 0 0 17 0 16 48 37 44 0 0 0 77 0 13 37 0 6 0 0 42 8 5 67 24 8 3 0 32 21 69 34 65 33 20 0 30 0 16 25 0 44 0 0 20 8 0 12 42 65 0 38 21 0 0 40 0 2 62 29 0 0 65 0 0 42 37 0 56 83 21 0 40 22 0 0 2 0 25 0 60 28 0 0 33 92 41 41 94 0 30 51 0 75 0 12 21 13 0 60 0 15 0 26 0 28 0 0 35 18 0 27 81 0 2 20 0 59 86 27 0 0 52 4 47 7 0 0 28 0 7 0 0 10 24 31 30 10 22 0 0 0 0 0 0 0 83 37 0 27 11 40 5 0 22 9 0 0 0 3 9
 0 85 0 0 26 0 42 0 0 86 29 0 0 54 0 0 0 0 0 32 35 0 4 28 0 0 0 53 0 0 0 67 0 0 0 25 0 52 28 79 0 22 0 0 20 0 68 0 0 0 42 3 13 0 0 29 0 0 52 0 0 63 24 80 21 42 2 70 0 43 25 29 0 17 34 0 0 0 63 0 0 63 0 31 43 0 0 0 0 0 0 4 93 36 0 1 86 0 29 14 0 43 0 0 81 0 0 72 0 31 0 0 0 40 0 12 79 0 0 10 0 83 21 0 0 18 0 33 25 0 0 24 0 0 76 30 0 0 0 20 6 0 28 78 0 25 0 11 0 17 0 44 24 51 0 0 0 73 12 50 0 0 0 0 0 0 0 0 0 0 96 22 0 4 29 25 0 0 0 55 35 29 0 70 0 59 23 0 0 17 60 16 0 0 0 0 0 0 0 14
 0 0 18 0 2 9 88 0 21 34 0 0 0 0 51 62 0 8 0 0 66 0 10 0 0 0 28 0 84 6 2 0 0 0 46 84 10 0 0 0 15 17 27 7 15 54 57 100 34 15 0 17 0 3 5 29 14 14 5 0 0 13 5 65 0 0 81 50 10 3 47 0 17 46 14 0 0 0 1 0 63 0 0 0 9 46 0 7 9 26 0 0 0 0 21 82 0 14 0 0 22 5 0 0 0 20 0 80 44 20 56 0 38 0 60 0 0 15 0 0 48 15 57 15 0 62 71 0 7 60 50 0 28 18 0 0 3 34 0 20 25 13 0 0 14 0 0 0 84 56 87 42 0 0 88 59 10 0 0 65 7 45 0 45 0 44 63 42 0 46 9 14 24 0 70 0 62 0 0 0 42 0 82 7 0 0 8 51 0 0 0 9 0 39 0 0 0 8 21 0
 2 0 0 6 0 8 51 9 0 40 0 59 70 0 0 0 0 0 0 9 0 0 0 0 0 21 0 0 46 24 79 0 0 0 0 0 25 0 0 0 7 0 53 0 0 49 0 26 0 0 11 0 73 38 25 0 49 0 0 0 0 0 35 0 0 54 0 46 58 20 0 2 67 0 63 19 15 27 0 84 64 39 0 74 0 0 0 80 0 17 0 0 0 0 0 3 6 0 0 0 88 0 42 0 5 0 8 43 0 0 0 38 31 57 0 14 4 0 58 33 0 58 0 21 0 0 97 69 0 0 0 33 0 0 6 0 53 50 38 18 57 25 2 0 17 0 0 98 0 32 33 0 22 0 0 0 0 0 58 0 0 5 0 0 0 0 0 55 29 37 15 71 0 35 0 57 0 64 9 0 0 0 3 11 28 0 60 26 0 42 0 0 36 0 34 36 9 0 17 59
 10 0 6 0 19 0 0 57 0 12 45 41 0 37 8 0 0 0 0 0 14 39 17 0 0 0 0 9 8 48 0 0 0 0 0 32 18 0 0 8 0 0 0 0 0 0 13 0 40 31 0 0 9 0 0 64 0 0 96 10 0 62 6 0 13 0 0 19 14 0 0 0 2 5 0 29 0 0 0 27 19 0 0 0 0 0 0 43 37 0 0 0 33 2 0 0 0 78 12 10 0 25 18 18 0 0 78 0 62 0 0 0 0 55 0 0 33 23 0 0 0 0 0 0 52 0 0 15 81 0 0 0 0 20 57 5 0 0 0 0 18 0 0 57 0 41 0 46 10 66 18 53 65 18 0 0 4 0 0 33 5 0 0 9 12 0 0 47 35 34 0 0 55 0 14 33 0 0 0 0 34 0 0 45 48 69 7 46 42 0 31 1 0 0 0 19 63 0 0 36
 3 16 1 5 0 0 0 0 0 0 43 24 8 0 0 10 4 0 79 0 0 44 0 0 29 0 0 0 29 37 0 0 0 30 0 0 0 0 91 0 0 0 48 0 0 22 0 0 0 26 37 0 11 0 0 5 51 0 30 9 12 0 12 7 0 18 0 0 41 90 26 22 0 0 47 0 12 0 0 97 0 31 0 0 32 47 0 16 9 65 0 0 45 72 51 0 21 0 24 0 0 43 88 0 0 25 0 17 0 0 0 0 20 30 0 39 5 0 92 0 0 0 0 0 0 37 0 29 53 42 0 14 58 26 0 55 0 60 7 0 75 0 55 49 0 0 85 70 37 0 48 0 32 4 0 7 23 14 0 0 16 7 1 24 42 0 6 44 9 34 1 0 0 59 17 0 0 6 19 0 0 0 0 0 0 0 23 0 8 6 0 30 0 23 41 0 0 35 0 25
 2 11 69 0 0 0 0 8 2 62 32 80 0 0 0 0 21 0 0 43 20 26 0 34 63 75 13 0 0 11 56 33 0 72 0 0 0 0 85 1 28 0 29 0 35 0 13 0 0 0 0 0 0 23 0 0 33 12 90 58 32 3 3 53 0 88 6 0 81 0 5 20 0 0 0 0 0 5 0 5 19 28 0 0 0 0 0 0 95 0 13 5 0 26 0 38 77 32 77 0 0 6 22 0 34 0 59 8 23 0 0 28 0 34 0 21 65 0 5 0 0 42 25 0 0 6 0 31 77 8 33 23 0 0 54 0 0 0 0 35 51 33 0 0 75 30 0 0 0 65 1 29 0 0 0 3 38 56 16 0 60 0 0 18 0 34 30 0 0 0 28 17 46 6 0 50 31 0 0 0 0 0 58 92 0 0 79 20 0 43 61 0 0 0 0 0 7 9 0 0
 81 37 8 9 94 0 36 10 0 1 97 39 16 37 10 0 34 0 42 0 0 43 30 0 0 0 0 28 40 5 0 35 0 0 0 0 54 0 16 48 0 0 0 47 0 0 27 0 10 0 59 72 0 16 3 0 28 62 0 6 66 0 0 0 33 76 0 0 6 0 0 29 0 0 0 1 0 0 14 0 40 0 0 30 0 0 0 0 0 20 0 0 1 64 63 0 0 0 0 60 18 4 18 0 24 25 0 0 0 21 6 69 1 28 0 0 0 0 0 35 0 42 40 2 49 0 55 0 23 0 0 47 0 0 44 12 60 0 66 35 89 0 0 61 45 5 0 0 0 13 0 0 0 0 0 79 0 0 68 29 48 37 23 3 0 0 0 10 0 0 16 3 12 7 0 45 0 3 0 0 52 0 0 12 0 0 8 0 12 0 55 39 33 11 0 0 0 44 0 21
 16 3 0 56 20 40 0 0 1 59 0 18 63 22 0 0 19 66 29 86 3 68 77 73 0 0 18 0 0 0 89 18 28 39 35 0 2 6 0 0 21 0 0 79 0 14 1 35 0 1 0 17 0 10 4 17 51 0 0 0 0 0 0 0 49 0 57 0 11 23 0 0 1 0 5 30 0 68 0 15 29 38 4 9 1 0 0 0 53 0 0 0 10 0 0 84 0 42 0 13 23 20 28 34 0 0 10 6 9 0 44 0 0 8 35 0 0 22 0 0 74 0 5 0 0 9 0 1 2 0 27 19 43 0 29 79 0 39 0 0 0 22 51 80 0 15 11 0 0 0 59 0 0 14 0 63 3 21 1 0 0 0 91 18 25 7 0 0 18 49 0 41 29 0 0 0 37 30 0 0 70 0 3 0 6 0 0 58 0 11 19 12 0 7 9 0 2 26 44 50
 12 18 0 0 37 0 0 0 42 0 26 73 0 8 42 0 0 86 0 42 22 0 0 0 0 0 44 0 0 0 3 0 0 0 54 63 0 0 0 7 0 27 0 0 0 24 0 7 0 6 3 0 4 9 0 82 0 0 58 0 0 0 20 0 0 58 0 70 0 0 22 0 0 29 29 0 0 0 37 7 2 33 32 40 19 22 0 0 0 39 10 0 0 43 2 31 19 10 70 0 0 71 61 0 0 0 63 0 43 0 0 4 0 0 11 0 10 0 11 0 57 0 0 9 63 59 0 36 0 0 42 16 71 13 4 0 0 0 0 0 0 0 18 0 0 0 50 0 0 0 73 32 32 10 0 81 0 0 0 0 0 0 0 18 5 0 0 0 0 0 0 0 73 0 78 42 2 0 0 0 0 0 28 0 0 81 26 0 51 0 0 38 24 55 15 0 37 37 0 0
 0 14 0 53 0 0 27 0 0 29 13 35 26 39 4 2 0 0 2 0 5 1 0 0 0 45 28 0 0 58 0 0 0 2 0 10 11 74 0 0 0 49 0 15 12 75 15 0 0 0 54 0 0 0 28 26 15 5 34 0 48 0 20 0 31 21 22 0 38 16 0 78 0 4 56 16 0 0 16 67 0 13 25 0 0 0 0 20 0 58 0 0 25 65 80 0 4 21 0 0 0 0 0 85 73 81 31 0 0 59 0 2 0 0 0 0 0 0 63 57 1 47 0 54 0 0 43 0 0 27 0 0 0 0 99 0 90 0 0 0 0 21 0 0 32 20 0 87 9 0 0 31 45 0 61 46 0 0 0 0 62 0 55 35 0 0 0 27 1 45 0 0 6 0 0 35 54 0 0 8 0 0 0 30 0 0 23 44 0 0 0 26 0 0 0 44 0 0 10 0
 41 0 0 0 0 0 63 2 0 1 0 21 91 11 0 58 44 19 23 24 0 0 0 15 0 0 0 3 18 0 0 63 42 17 0 0 37 30 0 14 41 0 0 46 0 0 0 76 0 34 0 3 0 0 41 0 0 0 76 5 58 0 51 0 31 0 0 4 0 9 0 0 0 22 0 20 0 0 0 0 61 21 0 0 14 0 0 0 0 16 0 0 0 0 0 0 38 0 0 55 99 6 0 0 34 29 30 0 69 25 47 30 0 8 33 1 0 58 0 20 0 12 67 70 0 0 37 24 0 0 51 0 0 14 45 88 50 0 0 30 0 44 3 53 0 0 0 0 53 16 12 0 77 79 0 0 0 0 0 0 15 0 14 0 0 66 0 49 0 30 56 8 31 71 66 0 81 0 24 0 0 40 30 12 65 14 9 19 26 0 0 0 27 0 23 21 32 0 0 50
 0 0 17 0 15 0 2 7 2 0 0 0 0 0 0 0 19 0 57 27 18 44 24 31 0 42 0 0 34 0 68 0 19 0 0 10 13 11 0 0 72 40 1 22 23 8 0 32 71 70 53 0 0 0 0 60 21 24 4 0 0 46 32 0 0 0 54 34 0 41 0 0 0 19 0 22 46 81 0 5 38 0 0 7 29 36 0 81 0 14 13 0 39 0 0 0 44 0 0 14 0 0 49 21 0 48 0 0 30 0 0 0 0 0 0 0 43 0 0 70 51 29 0 23 0 60 0 0 6 25 30 0 33 43 0 0 15 0 0 0 0 0 0 18 0 8 0 0 31 15 0 0 8 47 47 35 0 0 10 0 0 0 41 18 0 7 0 53 0 0 16 0 60 0 0 36 0 0 0 87 55 0 86 57 0 16 11 0 0 20 32 12 0 20 4 0 0 0 55 0
 0 0 0 0 0 0 0 0 0 0 0 0 24 0 0 82 31 0 0 60 18 0 0 68 30 18 0 20 0 0 0 44 0 18 0 19 0 27 31 46 52 26 0 46 90 11 0 0 28 6 0 0 0 33 0 57 6 4 4 0 43 0 17 0 78 0 1 24 57 0 48 1 70 0 0 78 0 0 25 0 0 0 56 1 0 0 0 27 3 6 10 0 0 4 46 66 52 18 0 0 18 28 10 26 0 21 0 27 0 0 2 0 0 9 0 37 5 0 0 0 0 0 0 0 50 39 0 0 8 0 12 80 0 96 63 21 13 31 3 0 5 34 0 0 0 64 0 0 0 0 4 0 0 23 19 3 0 41 0 6 13 0 34 0 0 0 17 77 0 0 15 0 0 39 0 9 0 4 73 0 0 0 8 0 0 0 80 33 0 0 0 0 0 76 0 36 30 36 89 0
 0 0 0 0 0 65 0 0 40 0 0 0 15 0 0 0 29 0 17 49 37 0 0 9 0 0 13 1 0 14 0 0 6 18 17 36 0 0 0 55 0 24 28 7 44 0 32 0 47 0 0 7 9 0 35 0 0 0 59 30 0 34 46 0 55 0 70 20 0 51 0 0 0 75 0 91 0 74 33 0 24 0 12 38 32 0 69 0 13 0 18 0 18 24 66 0 0 62 18 0 0 0 40 2 41 37 15 0 19 21 0 0 86 0 33 12 33 14 0 49 2 0 38 9 0 7 12 0 51 0 2 0 16 37 74 16 18 0 18 78 12 22 0 66 0 0 32 51 0 0 11 56 58 0 0 0 0 2 0 7 28 10 0 5 31 42 13 29 0 0 0 13 0 0 8 21 0 0 3 0 58 43 0 16 66 15 10 0 38 0 80 14 0 0 9 90 0 30 0 26
 0 49 0 0 0 0 4 0 0 52 4 51 0 0 0 42 0 45 0 34 0 18 33 0 0 31 28 0 24 64 75 5 0 0 0 0 54 46 43 0 69 78 0 7 0 3 0 1 82 39 95 39 0 0 0 0 22 0 0 11 35 52 44 0 0 5 0 0 37 0 19 9 9 0 67 0 38 0 0 0 81 0 0 0 0 0 56 0 0 16 5 92 12 0 0 67 43 5 0 38 4 37 0 0 0 0 0 0 6 0 32 29 0 0 16 0 0 2 48 0 0 5 0 0 16 0 0 0 21 44 0 0 76 28 19 0 29 59 0 17 37 0 0 0 0 0 0 38 54 7 0 0 39 0 0 0 0 1 23 15 48 35 56 0 72 8 20 0 16 0 94 91 47 0 0 21 85 95 60 0 12 85 0 25 67 0 18 0 0 47 0 89 0 16 19 0 83 0 0 53
 29 26 30 50 0 0 0 5 14 0 38 0 8 0 36 0 4 0 0 64 16 20 0 0 0 20 2 79 12 0 0 16 32 15 4 4 0 6 54 2 0 9 60 0 0 0 0 6 0 0 31 0 0 11 0 81 35 15 0 0 28 67 0 0 0 0 0 0 64 7 0 0 16 41 64 0 83 0 63 67 30 48 71 0 70 0 38 21 0 0 29 83 0 77 0 0 56 19 0 0 24 16 0 54 0 11 23 44 65 59 0 0 21 55 0 25 41 0 6 71 98 26 0 19 0 0 0 0 0 0 0 0 21 91 13 32 60 0 0 0 9 42 56 0 0 12 22 0 76 58 0 20 0 0 0 9 0 0 0 0 0 65 15 47 0 0 59 61 31 0 39 0 33 5 0 55 18 64 18 0 8 52 9 0 28 0 0 23 0 1 0 48 0 30 0 0 23 0 0 0
 0 0 0 0 0 0 0 0 0 0 9 26 80 0 0 0 29 0 36 0 0 23 0 0 18 9 38 0 71 22 13 96 0 21 0 0 36 1 82 0 0 21 0 6 49 0 53 0 44 6 48 27 39 67 8 16 55 70 37 47 74 13 7 0 82 48 0 0 0 0 0 15 1 0 5 20 0 0 0 0 88 18 13 43 0 32 15 29 72 38 0 0 23 0 0 13 18 0 7 46 0 57 84 0 41 0 36 78 91 39 27 40 36 1 0 0 22 0 0 0 4 0 0 0 49 57 0 0 21 62 0 31 0 21 0 0 86 0 0 46 0 56 2 0 31 0 0 25 0 50 0 83 0 5 0 34 0 2 0 0 0 8 0 36 0 25 0 0 0 0 16 45 0 94 19 5 0 2 0 0 49 23 0 0 0 0 26 60 9 0 45 12 28 24 0 0 42 0 0 0
 32 0 62 77 0 0 39 0 58 0 0 0 0 17 0 22 0 14 7 0 39 56 7 0 0 0 32 80 38 32 0 5 19 71 6 0 69 0 0 0 0 20 39 15 0 0 14 37 20 50 63 45 65 0 0 28 20 0 0 45 2 0 13 0 0 0 0 0 0 0 0 0 60 0 34 22 6 0 0 8 0 0 13 61 0 0 30 91 0 0 17 0 0 53 12 0 4 0 0 37 0 15 6 16 10 10 0 0 0 58 0 0 0 32 8 0 0 0 0 13 36 33 94 78 0 0 56 0 22 0 39 24 0 0 53 0 28 1 72 66 0 0 69 0 0 0 0 21 0 0 55 0 44 61 0 0 0 0 56 0 2 0 0 0 1 0 28 0 0 0 33 0 59 0 0 28 19 33 0 0 0 49 0 0 0 0 52 0 27 0 13 6 0 0 0 0 0 10 29 0
 15 0 5 0 13 44 80 36 1 48 39 45 0 54 0 35 19 0 7 0 2 19 0 0 13 0 8 27 0 26 14 0 0 0 0 53 50 20 0 0 56 2 23 23 0 0 0 60 0 0 9 17 78 15 96 0 24 0 3 33 0 34 33 21 0 0 0 58 14 22 48 0 0 30 1 0 0 37 0 0 0 0 69 0 0 0 13 50 0 39 46 0 0 25 35 37 0 49 36 82 0 0 6 0 0 0 41 11 0 54 54 93 11 0 57 0 66 17 0 6 45 82 58 76 54 0 72 44 0 0 37 0 0 16 17 0 0 74 0 22 13 41 44 81 0 0 0 0 45 66 0 0 37 0 80 0 0 5 0 0 49 80 0 0 0 0 25 0 64 0 0 5 43 27 0 35 34 0 17 13 0 0 14 0 76 30 7 38 0 0 33 57 0 15 54 4 0 6 0 0
 20 0 20 0 9 11 0 0 54 0 56 0 0 0 0 0 5 60 0 0 0 0 0 57 0 41 6 47 0 0 0 0 16 84 34 0 0 6 20 0 24 0 0 0 11 69 0 33 23 0 33 0 79 28 11 27 50 0 9 41 0 0 0 0 17 62 47 0 0 67 37 21 20 0 23 17 0 0 10 17 32 0 0 89 0 0 0 0 86 0 0 0 0 82 0 19 37 0 0 40 13 32 34 0 36 32 0 24 0 0 0 36 0 0 0 5 0 44 10 28 0 0 0 0 0 45 0 0 1 77 0 0 25 30 0 23 27 1 2 9 21 0 4 41 4 0 14 0 0 29 38 9 0 0 0 0 21 14 21 55 55 0 10 0 0 39 0 36 19 0 0 38 0 0 11 22 0 31 15 0 33 10 65 38 0 0 0 0 65 1 0 10 0 16 25 0 0 2 0 0
 0 0 46 24 0 62 65 0 0 51 0 37 0 79 57 46 0 1 33 32 0 0 31 0 29 0 0 0 73 66 39 17 0 40 0 0 79 0 0 32 0 0 3 35 0 0 51 0 0 0 0 0 49 0 58 28 33 0 35 48 7 0 0 6 12 69 0 49 0 0 4 0 0 13 0 0 0 0 15 47 0 57 0 0 5 25 0 6 0 0 0 66 0 0 13 0 1 0 11 35 65 0 58 61 0 73 0 0 0 0 17 0 0 0 0 56 0 62 31 76 0 0 0 4 69 0 5 40 0 7 0 0 0 8 0 26 0 0 27 14 0 43 61 33 1 80 25 0 36 0 14 4 15 0 0 0 0 5 0 0 0 0 0 0 0 0 0 0 0 0 71 0 0 60 0 0 0 44 47 23 81 31 43 0 0 0 0 8 0 0 17 84 0 23 15 0 0 0 0 0
 22 0 22 0 0 62 0 22 0 27 42 1 0 14 99 1 0 13 36 6 0 56 25 0 0 60 31 0 0 12 44 29 56 0 8 0 52 27 0 0 0 65 0 0 0 0 0 0 55 0 0 24 0 0 15 23 0 5 0 32 40 67 10 0 20 0 0 0 1 0 38 15 0 21 50 52 0 0 0 48 0 0 0 33 64 74 41 5 51 0 0 3 0 0 82 0 37 0 1 0 13 0 68 30 71 0 0 16 0 67 81 0 0 20 36 0 0 0 0 0 7 0 0 0 21 40 34 60 7 0 40 10 0 0 11 4 49 0 0 43 0 60 12 78 0 0 14 0 0 0 0 0 0 20 0 0 15 45 0 15 0 14 0 0 71 17 8 0 57 29 24 8 43 14 19 0 47 0 0 0 0 0 0 0 0 43 74 0 39 1 0 83 0 31 9 0 18 0 0 0
 0 2 0 0 0 50 0 89 0 28 2 61 0 26 0 0 24 0 63 0 0 0 77 0 0 14 31 0 66 0 96 0 14 1 0 0 0 21 0 0 0 51 25 0 21 41 0 78 44 0 0 4 0 0 0 0 7 23 47 0 53 0 0 0 51 58 74 0 0 20 16 17 20 36 0 0 5 26 0 0 9 0 0 0 0 3 0 12 0 0 17 0 30 39 0 4 0 75 45 0 14 0 0 17 58 8 13 23 0 22 0 2 0 0 0 0 0 76 36 22 0 19 0 0 0 0 53 0 0 0 46 15 29 29 0 25 31 12 0 0 6 0 0 15 53 51 7 56 62 0 0 22 0 0 23 54 0 19 8 32 14 8 0 6 0 0 0 15 5 0 43 40 85 0 47 15 0 16 0 0 0 0 28 0 32 48 0 0 20 46 0 0 0 15 0 13 0 1 30 0
 21 44 0 0 66 0 0 31 10 0 0 26 0 80 34 5 46 61 0 0 16 0 62 0 0 0 39 0 95 0 5 0 0 0 23 0 0 7 32 25 0 0 0 0 42 11 53 0 0 0 0 0 0 0 0 56 0 20 25 0 46 39 7 61 71 8 0 0 0 61 0 25 0 48 0 0 26 21 42 58 0 12 0 23 56 0 0 72 28 0 28 0 6 73 0 0 0 0 0 54 2 0 10 0 11 60 0 0 0 0 0 0 0 0 0 0 10 29 38 3 0 83 22 67 0 46 0 37 0 0 46 42 46 66 0 0 0 23 3 0 0 9 94 0 6 0 49 0 53 0 0 41 35 0 12 16 0 0 0 0 16 7 3 43 5 43 15 0 41 30 0 3 0 58 19 31 0 65 0 0 0 0 0 24 5 76 0 24 11 0 0 0 72 49 46 19 49 0 9 17
 0 0 0 0 0 0 0 0 0 0 0 0 0 40 0 0 0 0 23 0 38 71 1 68 46 71 0 0 82 0 0 0 0 0 0 0 46 48 59 0 17 69 0 15 0 0 0 0 1 0 0 0 0 20 0 26 47 0 0 0 16 14 0 34 36 0 7 68 6 48 37 1 71 19 17 27 0 48 21 0 0 39 0 0 0 60 75 43 0 0 0 0 0 43 0 0 0 0 0 0 0 0 14 0 5 0 3 27 0 4 29 15 22 0 0 18 10 0 0 0 0 0 0 49 40 0 0 0 0 23 0 0 18 23 23 0 0 54 21 0 0 0 1 0 0 65 32 60 4 85 9 3 0 0 0 59 18 0 0 72 0 0 70 0 0 2 0 50 0 46 17 31 34 57 0 0 13 0 0 0 0 75 28 18 0 0 55 0 38 0 59 0 0 79 10 80 70 19 28 15
 85 0 60 0 7 0 0 13 31 0 27 0 0 0 14 0 1 0 52 5 27 80 0 6 15 33 0 20 13 0 37 0 0 0 0 0 0 10 91 0 0 0 0 0 0 0 14 0 18 91 82 55 3 0 0 31 3 1 15 0 17 19 0 0 0 0 0 0 25 66 0 0 78 0 0 64 0 54 22 0 0 77 0 19 33 0 13 35 0 9 27 38 28 0 0 63 0 30 0 0 11 87 71 0 51 0 0 50 19 0 0 0 0 0 0 42 12 38 0 0 4 5 0 0 0 42 0 0 0 0 0 29 0 0 45 0 28 0 0 61 2 0 0 6 0 0 29 91 20 0 39 5 32 2 44 35 0 0 85 0 9 29 51 22 100 9 51 78 0 0 21 0 53 32 8 19 0 0 3 0 0 34 26 0 0 32 8 0 27 29 0 0 32 60 2 0 0 30 23 0
 0 63 0 0 35 52 16 0 0 0 8 43 46 20 0 0 0 2 0 0 0 25 11 30 25 16 0 12 1 36 30 0 0 0 0 0 0 0 18 0 0 40 7 0 27 26 48 31 0 0 32 24 50 0 54 0 15 0 34 35 0 0 0 0 5 57 32 0 0 0 13 9 38 82 0 62 19 0 43 15 0 31 0 0 2 19 89 0 30 38 0 0 52 0 0 0 75 0 18 0 43 26 0 0 38 9 0 21 36 65 17 0 11 6 23 31 24 1 15 40 22 25 0 67 0 0 0 38 0 79 0 2 62 0 0 44 67 15 0 22 0 0 35 70 0 0 24 0 0 0 0 54 38 98 61 23 7 22 62 62 49 0 0 6 12 63 0 1 0 93 45 0 0 63 2 0 9 34 41 69 62 0 0 61 15 54 4 21 0 45 0 0 63 0 2 0 0 29 14 0
 69 0 0 0 12 46 0 17 6 0 16 36 49 41 0 59 0 27 0 44 7 83 0 42 7 0 0 40 59 53 0 0 0 78 0 0 0 77 0 0 0 16 0 0 0 7 4 0 0 0 0 85 0 0 0 33 0 0 8 0 0 5 25 0 0 0 42 0 0 26 0 36 0 0 30 66 0 55 29 38 0 56 0 24 37 0 0 0 38 0 0 55 57 40 37 0 0 0 0 0 26 4 0 0 0 76 0 3 35 0 0 41 47 35 53 13 33 0 22 0 0 63 26 0 81 0 11 0 0 0 43 29 19 0 0 0 0 1 0 0 7 60 0 0 33 0 40 62 0 22 0 0 23 60 0 29 15 3 73 5 63 0 0 0 0 44 0 0 26 15 0 0 69 76 0 3 4 0 14 0 0 0 74 0 0 0 7 0 0 0 0 0 3 82 28 33 59 55 41 4
 63 0 0 0 0 36 0 49 82 0 60 0 38 0 0 0 0 0 35 30 30 7 0 98 0 0 28 0 95 11 83 0 0 0 6 4 64 0 10 10 0 0 0 0 0 35 0 0 37 0 0 35 71 0 39 0 32 20 91 0 0 0 0 66 24 0 0 0 0 0 44 0 0 62 55 7 0 47 0 0 0 70 0 0 5 34 0 92 10 53 2 0 0 14 10 8 0 43 34 32 39 14 0 73 0 12 2 0 23 3 6 44 0 36 0 0 90 13 0 40 0 0 34 0 0 0 4 10 0 0 53 38 0 0 8 0 0 0 35 47 4 0 0 46 25 53 0 69 6 49 0 0 0 85 0 49 0 7 53 0 22 13 0 0 63 0 0 0 0 46 27 0 0 12 63 67 5 1 67 5 0 0 21 30 0 53 0 49 32 0 47 47 40 34 0 0 25 0 0 0
 12 2 0 0 0 38 0 11 0 0 3 0 59 77 33 20 25 17 5 0 14 0 51 0 44 0 50 0 0 7 4 50 21 45 0 0 0 18 61 0 0 0 0 5 0 26 0 69 4 3 0 25 0 0 0 0 49 0 20 8 0 0 18 35 0 0 18 13 0 24 3 0 0 33 44 0 0 3 44 0 0 0 13 0 0 46 0 0 0 0 0 0 0 36 48 64 7 0 0 23 0 0 0 33 62 6 5 0 0 0 45 0 0 44 31 1 0 31 0 55 0 20 67 0 0 4 0 30 48 41 39 1 75 3 0 77 0 0 39 87 68 36 58 0 21 15 20 0 0 20 0 0 57 31 45 0 0 0 41 0 0 0 27 70 21 0 0 44 76 0 11 8 0 0 43 37 0 0 0 39 0 7 0 90 44 63 48 0 47 58 49 0 0 36 0 0 0 73 0 0
 0 0 0 3 54 33 0 0 14 12 0 46 0 17 0 0 29 4 42 8 0 0 24 59 62 48 0 0 0 0 27 8 0 76 0 0 38 0 0 51 0 0 5 0 48 0 0 24 24 22 7 13 0 57 0 0 29 63 0 0 0 0 15 55 48 0 0 0 15 69 0 0 76 0 5 0 44 72 0 66 22 0 4 0 0 58 0 15 44 40 0 0 0 0 0 0 27 5 27 38 28 0 0 0 0 0 65 0 0 19 2 12 17 0 0 34 0 0 0 0 0 20 0 87 3 31 0 39 4 0 0 0 0 0 0 50 0 0 42 8 0 0 8 70 28 56 58 0 0 0 0 0 0 0 2 2 32 3 0 1 0 76 0 49 0 5 5 28 0 0 0 4 52 0 33 0 52 5 0 32 20 53 15 0 19 23 61 0 60 0 0 28 63 0 0 0 18 34 0 12
 0 6 73 0 0 8 0 56 40 37 8 0 0 63 0 0 0 22 0 0 13 45 0 6 37 23 0 0 0 16 0 0 0 0 1 29 73 12 71 0 0 0 0 0 22 54 59 20 35 30 20 6 60 83 0 0 0 0 60 28 60 0 9 45 0 31 28 0 30 24 0 14 0 17 0 76 0 12 0 10 0 0 0 4 0 0 0 0 0 68 20 0 0 0 21 17 14 0 7 49 0 0 29 40 35 48 29 43 0 32 25 0 21 13 43 0 56 0 0 0 0 0 77 41 0 32 0 63 0 0 0 36 0 58 9 12 59 56 10 3 18 43 7 51 0 71 0 28 15 0 19 0 0 46 49 0 33 48 39 89 37 68 0 19 0 86 0 76 26 0 61 67 2 0 0 0 26 52 41 24 6 21 5 56 0 0 58 0 0 0 31 7 84 0 28 43 83 43 39 0
 0 0 0 7 18 19 0 42 29 19 24 59 0 71 66 0 63 0 0 0 0 0 0 0 0 0 0 7 0 27 0 0 0 0 0 53 0 73 0 0 54 21 0 0 8 31 0 0 22 57 7 0 0 8 41 0 7 0 0 0 0 0 0 9 21 73 47 21 0 4 14 0 0 0 11 0 0 0 28 49 42 5 67 24 0 0 0 0 0 2 36 35 0 0 46 0 18 4 1 12 0 42 0 12 0 2 27 0 32 0 1 0 5 0 36 25 65 0 22 39 0 56 0 0 0 0 4 42 1 0 0 49 0 60 51 32 48 0 0 0 60 0 71 0 0 0 0 0 37 87 26 0 0 0 0 0 0 8 37 0 0 26 0 4 2 0 44 0 0 0 0 0 44 20 0 0 92 50 3 25 0 0 17 0 33 0 0 55 0 62 0 0 0 0 0 91 51 0 8 6
 18 26 0 0 0 65 0 80 48 78 0 0 38 16 0 0 0 0 1 18 63 24 91 0 0 0 67 0 0 0 17 54 0 0 0 7 10 0 0 0 0 30 33 0 71 0 0 54 14 0 0 40 0 33 21 20 8 21 0 82 8 72 77 26 0 74 0 14 0 98 4 10 0 0 31 15 0 0 61 0 45 0 0 0 0 0 0 12 0 46 0 56 24 0 0 17 0 0 21 0 0 0 0 44 0 0 0 0 81 0 11 23 0 0 0 0 49 36 0 0 0 58 12 44 0 0 20 0 6 9 0 0 0 30 36 39 0 48 5 0 9 45 0 19 0 32 22 0 3 8 0 0 0 0 0 1 0 0 82 38 0 43 0 0 0 0 10 4 16 27 0 0 24 0 32 9 0 0 21 0 43 0 28 21 0 17 13 0 31 0 15 0 0 0 39 0 0 33 0 34
 26 0 5 0 62 0 7 0 0 0 0 35 0 32 0 0 0 0 41 18 0 0 0 5 0 53 19 36 0 80 0 0 15 0 0 30 5 32 5 0 0 0 0 40 0 92 20 0 25 0 0 1 6 21 0 0 5 36 9 0 0 15 0 0 0 0 18 0 78 0 0 4 63 0 0 0 44 0 0 0 41 55 33 0 66 0 56 0 0 13 0 0 22 4 4 59 64 0 15 2 0 56 0 0 42 59 0 25 42 32 0 11 0 35 39 20 0 0 0 2 9 0 21 0 60 0 0 87 0 10 41 0 0 3 13 83 21 0 0 0 22 25 60 7 0 33 0 0 20 0 2 0 0 9 27 0 0 56 0 60 55 11 0 1 0 5 0 0 38 13 0 0 0 0 0 64 19 0 8 35 46 44 0 0 19 0 0 50 0 0 50 0 28 0 24 22 30 0 0 15
 12 33 0 0 65 8 11 0 0 0 9 30 0 10 0 44 76 0 40 59 31 8 0 0 2 0 0 0 0 0 0 8 7 34 15 14 0 14 11 37 0 7 0 7 2 38 67 21 0 47 20 3 0 0 37 24 0 33 34 34 0 0 0 44 32 17 0 15 4 51 29 9 13 0 18 54 6 2 28 7 0 0 0 0 0 0 46 0 37 0 16 60 0 0 0 50 0 54 66 38 0 25 1 50 0 0 0 0 0 14 95 0 0 0 42 0 16 60 47 0 0 6 0 73 2 62 0 13 0 0 0 0 27 35 0 0 41 0 0 0 14 34 0 0 0 22 10 0 0 15 0 0 0 0 8 74 0 22 61 0 48 0 0 0 33 73 45 0 38 0 3 0 0 0 0 0 16 0 58 18 76 0 14 0 0 13 0 0 0 0 0 48 27 0 33 0 0 0 43 0
 0 0 27 25 2 0 50 56 0 74 0 51 71 0 0 17 12 22 0 0 0 0 35 0 0 0 0 0 0 21 55 24 0 29 0 0 20 46 12 14 0 11 0 0 66 0 8 0 76 0 0 0 3 0 27 21 0 73 46 26 0 0 0 4 18 12 0 22 23 47 30 97 0 0 0 52 0 12 33 9 28 14 44 0 88 0 11 0 0 0 35 0 0 13 40 72 0 0 0 0 48 34 0 0 39 0 0 0 0 0 14 6 13 0 0 76 0 71 0 18 0 0 20 0 0 5 0 0 29 0 24 0 61 69 59 69 18 27 0 0 0 0 18 0 67 41 0 0 0 26 0 11 28 0 13 0 0 0 0 0 27 50 0 0 0 0 0 0 0 0 0 20 0 15 79 54 0 15 0 17 0 7 0 0 0 34 0 65 0 10 25 81 0 25 0 13 0 0 9 0
 38 0 0 0 0 0 0 0 0 0 0 51 54 15 33 0 0 0 0 0 0 74 15 0 0 0 37 11 0 0 43 21 0 0 0 6 78 5 0 47 54 0 0 0 0 9 0 83 36 0 0 57 0 0 0 41 58 0 0 17 27 0 0 59 31 78 0 0 7 6 55 26 0 0 0 11 0 0 0 45 0 40 0 0 81 0 49 39 0 0 0 11 0 32 31 0 0 55 19 0 33 0 0 0 70 27 0 13 0 42 68 0 0 14 54 0 0 0 8 59 0 24 0 12 0 35 67 43 7 0 4 0 0 24 0 0 0 0 3 0 0 20 42 57 0 27 39 14 0 0 0 16 33 24 0 2 75 33 45 63 14 47 26 0 13 0 0 0 36 40 17 0 0 0 0 72 0 0 4 31 0 0 0 0 0 89 0 27 31 27 2 0 5 22 0 58 0 0 2 0
 14 54 0 0 0 0 0 67 67 20 0 0 0 56 82 0 27 67 0 0 1 0 27 52 25 0 70 0 55 40 34 0 44 0 11 32 0 29 0 60 0 0 3 0 0 0 52 6 53 0 34 25 28 0 18 39 26 8 8 13 65 0 33 68 0 0 46 0 20 0 0 0 0 63 27 33 0 0 0 75 0 0 0 22 0 0 8 0 17 57 0 13 5 13 0 0 0 0 0 16 19 0 0 0 0 12 0 0 0 5 0 0 0 0 33 39 72 75 0 64 0 0 5 0 0 36 0 76 0 0 0 0 0 0 0 19 0 10 0 48 0 0 77 88 89 38 61 0 0 19 0 0 10 56 0 0 0 0 21 0 7 33 47 25 0 20 0 32 0 0 0 47 0 0 28 0 60 21 0 48 68 27 0 81 0 67 41 18 0 6 51 38 0 0 0 74 0 58 58 0
 0 0 0 27 7 0 3 0 48 36 28 0 0 0 39 0 0 0 0 24 0 52 0 0 86 31 5 14 8 25 36 13 55 0 0 92 0 0 0 7 0 0 31 3 0 0 8 14 0 0 26 0 2 0 0 0 18 6 0 0 0 12 0 7 85 0 0 18 21 0 0 75 25 64 60 26 0 0 0 13 0 5 32 0 0 11 6 7 87 0 47 0 44 0 0 44 0 0 0 0 0 0 67 31 7 50 33 11 0 0 8 0 0 28 0 0 21 0 16 0 90 0 0 86 0 9 20 16 0 0 36 17 0 0 25 49 70 75 0 0 3 4 0 32 70 4 0 16 0 43 0 0 21 0 0 34 49 0 18 49 0 17 0 57 70 0 48 35 18 0 0 45 27 11 0 26 35 0 0 0 43 0 49 0 0 31 0 0 32 0 4 0 72 0 16 0 11 0 45 0
 1 0 1 0 77 24 0 0 0 62 48 76 29 48 22 0 0 0 57 0 61 0 4 0 0 0 19 24 49 7 0 25 0 14 52 0 0 50 22 2 0 24 0 90 9 11 0 80 0 87 0 38 0 79 0 0 0 82 44 0 0 44 0 28 0 33 51 23 0 0 38 0 60 65 0 0 0 49 29 0 42 68 34 0 28 0 15 43 48 19 0 0 0 12 59 0 0 0 23 0 0 0 0 38 0 14 0 46 0 48 14 2 0 0 50 30 0 0 0 0 47 0 43 0 11 78 0 18 58 57 0 33 0 10 17 0 0 33 0 0 54 0 17 29 0 27 0 44 0 0 0 0 0 50 55 0 0 62 21 0 0 55 11 0 30 100 0 28 29 27 0 8 0 25 47 5 0 70 0 0 0 0 0 0 18 0 48 32 74 0 25 62 13 4 0 0 0 0 19 0
 0 0 26 0 0 97 10 0 3 61 50 56 0 86 52 0 6 39 0 0 0 0 0 36 0 0 0 21 0 0 0 62 0 16 34 0 23 0 83 0 0 14 0 25 55 0 0 0 38 7 10 0 72 9 12 0 0 0 0 57 0 0 41 0 0 0 0 55 0 26 0 5 35 37 0 44 11 0 0 6 0 0 53 35 0 0 51 4 48 47 16 52 0 39 4 30 32 0 0 36 0 27 0 0 0 0 53 0 0 0 3 31 0 83 0 0 0 21 0 39 41 0 0 15 17 12 0 21 5 0 0 55 70 4 9 48 58 0 0 0 0 28 0 0 54 7 0 6 0 38 0 8 22 28 71 0 59 0 0 54 0 74 44 27 0 54 73 0 63 0 0 0 32 0 36 70 0 72 52 48 69 0 30 0 16 0 0 0 0 0 32 61 11 0 0 0 2 24 47 0
 0 29 73 0 0 0 28 22 0 63 0 13 0 34 68 0 0 0 30 0 30 35 0 47 61 0 0 0 0 45 0 0 1 0 85 0 0 20 0 0 37 45 0 0 13 0 24 0 82 0 0 0 13 1 22 35 64 0 4 0 18 0 58 59 48 28 0 0 0 0 0 0 0 66 59 0 36 0 0 45 0 54 0 33 63 6 42 19 0 82 95 1 0 8 29 31 16 89 0 32 0 0 0 0 0 63 0 45 0 0 37 41 0 47 55 26 0 0 1 0 1 5 0 52 0 32 0 0 0 0 26 0 21 6 0 0 0 0 0 12 0 28 1 42 0 4 51 0 3 0 0 0 62 65 0 0 0 41 0 61 9 43 8 0 0 0 33 74 62 18 0 0 18 61 0 37 0 0 0 0 72 0 0 0 0 71 12 5 0 0 0 30 50 40 0 13 44 2 50 0
 66 0 21 39 0 12 7 36 0 0 43 0 0 4 0 7 0 0 0 0 0 0 0 55 0 0 0 37 0 0 0 19 16 84 0 0 0 0 22 0 41 0 0 0 0 14 0 0 0 47 0 2 0 0 0 4 18 4 19 0 55 0 20 40 49 0 0 0 0 0 0 70 0 11 0 16 40 29 6 0 0 0 0 0 0 0 0 0 0 0 0 38 0 0 0 62 32 0 0 0 43 0 14 0 9 0 50 7 0 96 0 64 0 0 0 88 10 50 32 60 55 16 0 21 0 28 43 0 0 0 37 76 0 32 0 46 37 65 52 0 0 8 49 0 0 34 0 0 0 3 8 29 0 61 0 27 0 67 0 0 0 49 0 49 0 0 0 0 33 0 3 0 0 25 0 0 0 44 0 0 0 0 0 0 0 0 22 0 30 6 0 0 0 0 99 0 0 0 0 0
 0 5 64 0 0 32 27 0 53 0 0 87 47 0 12 19 0 0 0 51 86 14 0 0 79 0 0 0 69 0 5 13 0 23 0 10 0 50 0 58 0 0 0 77 0 0 0 0 0 0 0 12 76 12 59 0 63 0 68 0 26 71 0 0 9 0 29 0 0 0 60 18 0 1 78 0 0 0 3 50 0 0 0 3 63 17 0 46 0 0 21 0 46 20 30 0 0 59 26 0 10 0 0 0 0 0 0 80 16 51 29 0 0 25 62 0 19 0 25 0 35 61 0 0 0 4 0 0 0 0 90 49 0 32 0 0 0 29 14 2 18 36 71 8 24 17 0 39 0 0 39 0 0 0 26 96 1 57 0 0 74 84 0 25 18 0 20 0 28 28 66 12 22 26 13 48 0 0 88 0 0 2 13 13 0 0 40 0 0 0 0 10 16 0 0 0 49 6 22 7
 7 0 28 0 0 0 55 0 0 0 81 0 0 45 0 0 21 0 0 84 8 0 82 0 0 0 0 67 10 0 12 0 0 0 7 28 0 13 0 2 7 84 9 5 38 9 0 25 0 3 20 10 0 49 37 33 20 40 63 63 9 0 0 0 86 43 36 44 0 0 53 0 12 0 0 0 0 0 28 0 20 0 32 39 54 0 0 31 0 0 53 44 0 47 0 0 0 29 0 30 23 0 0 0 30 19 0 0 3 0 0 30 0 0 0 0 0 0 0 4 73 91 0 51 1 0 0 0 2 0 0 0 17 25 27 0 0 0 17 0 0 0 0 56 44 0 0 0 7 0 0 0 24 0 0 17 0 18 66 63 0 30 0 5 39 18 20 19 0 0 81 0 19 0 0 5 12 35 0 62 29 53 0 24 46 0 74 21 15 26 4 20 0 0 26 0 1 4 87 0
 44 0 0 0 70 12 0 0 69 1 52 44 0 80 0 0 70 0 8 0 5 38 35 0 0 0 0 40 27 20 3 0 0 31 26 21 0 0 29 0 0 0 0 29 0 39 0 0 2 48 43 0 0 0 12 0 0 31 0 0 0 2 89 71 22 33 0 52 49 16 20 10 0 88 10 49 0 0 73 51 0 0 0 29 10 49 34 79 8 0 0 53 0 78 0 31 53 0 67 0 2 0 12 61 0 0 0 0 0 9 0 0 0 0 0 5 0 70 18 0 40 47 0 29 26 0 0 0 38 60 0 0 0 58 41 0 40 58 0 0 17 0 99 0 0 22 0 0 0 0 24 34 29 95 0 0 0 72 23 29 85 0 2 0 0 0 50 1 70 0 3 61 0 0 76 0 0 38 65 0 27 57 0 73 57 0 0 48 0 0 0 9 0 17 0 0 22 10 0 18
 0 0 0 0 0 0 35 0 0 15 0 0 1 0 0 0 6 29 0 35 11 0 49 0 0 0 0 0 17 0 13 40 0 15 40 0 0 0 0 0 24 34 0 0 0 0 0 0 44 5 81 41 0 19 15 17 32 0 0 23 0 26 0 0 9 0 10 0 0 9 0 43 3 72 51 35 0 9 32 0 0 16 53 0 12 6 0 65 0 47 35 0 0 31 24 1 0 26 0 38 10 54 0 0 0 24 0 0 9 36 9 24 0 0 16 0 38 24 0 4 6 3 40 67 0 69 0 82 0 33 0 0 0 0 0 0 0 17 2 0 0 31 0 0 27 49 0 0 22 0 0 49 0 60 50 0 0 0 0 47 59 52 59 24 0 68 0 0 27 0 0 1 45 0 4 0 90 0 0 0 0 4 12 2 8 0 0 20 0 0 0 0 4 0 37 0 79 0 0 87
 0 0 10 35 0 0 13 0 0 22 0 32 8 35 0 0 0 0 14 72 0 0 80 40 0 0 0 0 13 65 0 0 0 21 28 0 75 50 0 23 12 0 0 0 0 4 22 50 0 37 0 53 70 29 0 0 0 67 12 8 64 99 31 13 0 0 20 22 30 32 0 62 0 22 22 6 86 0 0 0 0 0 55 8 0 50 5 0 0 26 0 0 15 31 7 22 32 69 0 93 0 5 0 78 0 0 0 5 0 0 15 0 0 0 39 0 0 63 21 0 57 17 43 0 0 0 37 0 28 0 0 0 48 12 13 0 76 0 12 59 0 0 7 0 65 0 0 37 0 0 0 0 0 0 8 38 14 0 41 8 56 0 10 5 0 0 42 0 0 0 64 93 23 84 12 12 0 0 0 0 15 0 17 37 11 0 2 13 29 0 0 4 0 0 11 0 6 0 10 3
 0 53 90 0 0 0 0 9 39 0 0 0 28 48 6 34 7 53 0 0 8 45 0 0 0 40 0 0 72 0 14 51 0 77 0 0 20 27 15 0 0 9 30 0 0 0 21 24 0 20 62 38 25 0 47 0 0 21 29 43 0 8 60 10 0 0 0 21 0 0 76 59 17 8 8 0 0 0 0 28 0 0 84 0 71 14 62 0 0 12 9 0 33 13 0 0 24 75 0 0 15 21 71 0 24 0 61 46 1 0 16 15 9 0 0 0 12 20 0 0 26 0 51 0 0 0 0 3 0 0 0 7 30 0 51 0 58 21 0 10 19 0 10 46 0 33 0 0 0 31 0 0 4 0 0 0 3 48 0 62 54 0 17 0 11 0 0 3 84 0 42 0 0 0 20 0 50 21 24 27 34 57 0 0 0 16 48 0 28 49 0 17 0 65 0 0 34 23 0 34
 22 0 0 0 41 47 0 44 14 16 31 23 57 50 43 0 0 0 0 26 0 23 13 37 0 0 0 23 0 34 56 0 5 0 60 33 0 0 17 0 54 45 0 51 59 0 0 0 0 0 0 0 0 0 46 0 60 64 92 25 5 22 0 0 35 0 0 0 0 0 40 0 0 0 15 0 2 10 0 0 0 58 0 81 45 54 0 56 0 3 39 44 47 0 61 0 0 37 36 0 23 0 58 70 32 6 13 0 22 57 0 52 29 0 0 0 0 35 6 0 0 0 1 0 0 0 19 0 0 29 0 0 25 0 0 28 0 0 0 0 0 0 0 0 0 5 24 0 0 74 0 66 0 0 0 76 76 55 0 0 24 0 0 27 0 0 0 0 52 0 0 13 17 0 17 87 48 0 37 12 0 38 0 5 0 0 0 0 0 0 2 53 8 0 0 45 13 0 8 0
 0 0 8 4 0 0 53 13 32 21 81 35 0 60 0 23 5 7 19 0 15 0 0 33 6 18 13 19 20 20 0 0 24 0 77 78 0 0 33 0 51 51 29 0 41 38 84 0 0 33 0 50 63 52 8 20 59 47 44 0 64 0 0 82 78 0 0 49 5 44 26 0 38 0 0 0 0 65 0 13 61 35 0 0 19 57 36 19 30 0 0 4 0 29 0 0 0 0 49 0 5 0 0 27 0 0 50 0 0 0 0 0 0 15 62 40 65 40 23 0 80 34 0 0 0 9 0 20 56 31 0 38 0 0 0 0 36 33 19 0 0 40 0 0 12 46 0 12 17 0 21 0 0 0 19 0 0 0 51 0 0 49 69 0 0 48 14 0 35 3 0 54 0 89 0 0 38 12 0 0 7 9 0 0 0 0 0 0 0 0 0 0 0 16 0 40 0 0 0 0
 4 24 21 75 45 0 0 12 0 64 0 59 29 0 0 0 0 0 14 88 2 46 56 67 0 10 0 65 60 26 0 0 0 0 6 49 0 0 87 39 39 0 70 15 0 0 0 0 36 24 0 12 33 52 0 42 0 0 30 58 0 0 0 75 33 0 0 43 39 13 0 14 22 30 0 0 0 59 15 0 33 0 0 0 53 12 0 0 0 11 48 51 0 18 45 42 25 0 0 0 0 13 0 0 64 83 14 0 53 12 0 3 53 81 27 0 0 0 0 0 26 53 58 12 0 26 7 0 44 0 39 0 0 15 19 36 44 0 15 0 0 0 0 42 0 0 14 0 0 13 13 0 15 0 35 0 0 0 50 23 22 0 3 0 11 0 0 65 0 21 0 0 23 34 0 5 0 6 28 74 0 0 0 10 0 24 39 48 0 0 9 0 0 0 32 2 6 0 0 0
 0 61 0 0 28 0 22 11 73 0 35 0 0 8 0 52 0 24 0 35 21 41 0 35 16 0 84 83 7 75 0 0 0 46 74 26 0 31 0 0 0 34 0 0 44 0 8 52 32 0 47 3 0 46 0 0 48 0 0 0 0 62 34 0 0 36 17 70 77 37 0 18 28 55 0 80 26 0 0 0 0 13 0 0 0 0 0 20 0 54 0 0 0 8 0 0 0 35 0 14 45 38 0 3 0 19 0 2 0 0 0 10 0 47 0 77 41 30 0 0 0 65 30 0 54 25 0 0 75 0 13 41 38 42 11 0 16 0 0 0 0 13 48 0 0 0 91 76 35 40 0 0 0 0 2 13 0 0 0 0 0 64 0 10 19 29 0 50 27 0 26 0 3 21 0 0 67 0 83 69 68 0 1 0 38 0 0 0 23 44 11 5 0 13 49 56 0 50 27 0
 0 0 0 13 13 86 0 3 0 0 0 0 0 70 0 0 0 13 37 0 49 91 30 11 0 12 58 36 0 8 32 0 0 24 0 0 45 0 0 0 0 1 0 0 7 0 42 2 45 64 68 7 42 0 0 11 0 26 6 0 24 0 12 36 0 70 55 0 44 26 0 3 0 11 0 8 18 17 13 1 0 25 0 35 0 0 0 0 0 0 65 0 0 68 36 33 0 40 0 0 23 81 16 65 0 20 13 0 0 73 0 0 0 48 0 0 0 0 1 30 88 0 22 0 74 0 10 37 46 50 40 4 65 17 0 58 0 38 80 63 6 57 93 0 23 0 54 13 65 60 16 0 35 0 0 0 0 0 29 0 0 0 0 0 50 26 0 70 2 35 0 31 31 41 0 0 37 0 0 37 79 8 64 20 15 0 0 0 46 63 13 0 0 0 70 8 0 26 37 0
 31 34 0 0 0 73 8 96 0 0 25 71 0 0 20 0 22 37 16 0 0 0 0 39 76 18 36 0 0 0 29 27 1 0 72 5 56 9 7 0 0 35 65 17 56 0 30 0 0 0 2 0 32 2 0 0 0 0 0 0 0 0 0 0 0 60 0 71 58 44 0 0 19 0 0 0 34 0 76 0 96 0 73 84 3 0 0 0 0 0 0 0 0 0 0 0 54 34 29 0 27 0 30 0 26 94 0 40 0 34 0 27 28 0 20 0 0 0 8 0 0 0 0 7 63 0 0 81 0 33 14 0 0 16 73 37 0 14 0 0 0 0 44 32 0 0 88 44 44 85 43 0 22 71 18 0 0 76 0 0 0 75 4 0 0 84 0 0 17 13 0 0 41 0 0 45 0 11 0 0 84 39 0 36 0 36 0 0 0 0 0 0 0 0 4 0 65 0 0 60
 26 11 60 59 42 0 0 0 0 0 0 0 70 28 18 55 0 26 35 9 0 0 96 16 72 0 40 0 0 67 15 1 11 0 13 0 0 0 0 23 22 0 54 49 67 9 38 0 0 17 0 0 10 10 0 0 45 0 0 3 83 0 0 10 0 0 0 0 0 36 0 0 46 0 24 0 64 50 28 21 0 0 35 0 0 0 36 39 52 0 0 58 0 0 0 0 0 30 3 0 0 0 49 47 42 0 80 0 0 0 15 0 0 43 0 0 39 0 0 0 0 29 0 0 73 0 39 10 37 8 32 49 46 65 58 0 74 16 0 0 0 0 0 70 0 0 78 44 38 0 0 5 30 0 0 0 0 31 61 0 1 0 25 0 44 28 31 6 40 0 0 0 0 14 0 0 0 24 49 0 0 71 0 28 0 13 33 77 25 15 35 0 0 0 0 0 76 36 0 45
 0 11 0 0 0 0 82 7 23 0 7 0 0 18 0 60 35 0 0 0 83 3 7 38 0 2 9 0 0 9 0 0 0 0 0 0 0 0 0 0 11 0 34 0 35 56 26 0 0 14 10 61 59 0 23 5 17 64 0 47 45 0 0 0 5 0 0 69 66 28 50 39 0 41 0 18 0 0 0 32 43 3 12 66 0 44 8 0 0 64 0 0 50 0 0 0 0 0 25 22 5 0 0 12 1 53 0 8 7 40 18 36 78 0 4 8 49 0 0 0 0 39 0 22 25 55 0 0 30 65 0 56 0 0 6 0 0 0 68 2 0 2 33 0 0 0 38 0 65 0 0 12 0 0 35 0 0 0 0 39 0 24 12 16 0 5 0 2 12 0 8 40 0 0 39 20 27 50 0 0 30 30 49 62 0 52 31 0 0 0 46 79 73 66 5 10 0 0 0 0
 0 51 36 14 0 1 0 26 0 85 0 4 72 59 1 0 37 0 0 0 0 11 42 0 0 0 0 6 46 0 24 13 2 55 0 9 39 33 0 36 0 63 35 25 0 45 0 64 2 0 0 0 0 21 0 6 14 0 10 72 0 16 0 0 0 57 45 23 38 37 0 15 68 21 0 0 61 62 71 0 16 0 28 0 39 0 0 44 6 0 0 36 90 0 0 0 0 24 0 35 0 0 54 71 19 0 0 0 0 0 0 50 0 67 0 13 24 20 0 53 0 54 0 40 8 0 0 0 0 31 0 0 57 68 0 0 0 7 0 0 9 44 19 27 0 32 83 4 0 0 14 0 65 0 0 43 0 20 0 47 63 20 22 0 40 42 71 1 31 0 0 0 0 0 57 0 34 0 9 0 0 0 0 32 20 0 16 27 0 8 85 0 0 0 80 14 0 0 0 0
 0 77 35 68 0 32 25 38 0 0 75 3 4 93 0 0 31 0 0 0 36 0 0 0 2 39 77 13 0 0 0 66 29 0 0 54 0 0 0 61 0 9 0 15 58 0 0 5 0 10 0 10 42 12 0 36 10 37 2 51 15 24 94 58 0 32 0 0 25 84 40 0 38 0 0 0 61 0 0 59 0 0 0 39 0 0 14 0 0 56 11 0 16 0 12 0 0 0 48 0 0 0 31 0 70 21 0 0 31 70 71 0 41 18 0 0 44 0 0 0 0 27 10 0 8 38 48 0 0 11 3 29 0 2 70 0 27 43 0 0 0 16 29 0 32 36 39 0 0 14 58 0 1 31 0 0 29 0 9 0 47 33 26 41 39 0 0 52 3 25 0 0 0 0 64 11 63 5 0 0 4 30 55 0 56 4 59 0 11 0 65 1 26 13 0 72 89 0 66 15
 0 32 3 0 37 45 15 16 0 0 0 0 0 20 35 0 0 0 0 1 0 0 26 0 57 0 26 49 35 0 98 0 33 45 0 30 46 0 88 0 28 0 0 0 11 21 69 0 78 93 0 0 0 14 0 74 0 7 0 0 27 0 0 0 1 34 0 0 15 5 73 0 8 0 44 10 0 18 0 0 0 0 29 0 6 0 0 13 44 52 0 77 0 10 76 33 12 14 16 0 0 0 0 0 59 0 15 0 36 0 1 0 48 44 0 0 0 0 0 0 56 20 18 0 0 0 46 5 0 3 86 28 32 0 31 0 0 11 0 46 45 39 51 0 91 11 0 0 0 67 0 0 15 0 0 0 2 57 0 61 0 0 0 0 0 25 38 0 4 17 4 14 45 47 0 10 40 0 17 41 0 0 0 3 0 60 0 0 0 0 0 34 0 86 0 43 3 74 49 47
 0 0 8 60 0 0 60 17 0 73 31 0 0 14 0 0 0 44 0 0 0 2 12 46 47 0 14 0 0 13 32 0 0 23 0 0 39 0 0 0 25 40 76 0 0 0 51 0 0 24 13 37 0 55 31 0 0 58 20 0 61 0 0 45 13 66 0 0 76 0 0 35 0 0 0 39 62 44 41 61 22 85 9 34 0 25 81 0 10 68 0 31 0 0 0 0 8 23 30 63 0 0 68 32 7 23 0 0 0 0 0 0 39 0 7 0 11 0 0 10 0 40 71 0 0 0 0 0 0 0 0 0 46 0 0 0 0 0 0 0 9 0 0 0 2 60 0 29 66 0 0 0 0 27 0 0 0 39 0 1 14 76 35 0 17 0 82 0 0 0 0 51 33 0 0 14 28 0 14 68 58 0 0 0 0 5 58 0 0 9 0 52 26 54 0 0 79 0 78 22
 25 35 0 0 17 21 0 49 20 10 0 3 75 37 43 0 81 5 0 0 0 17 0 0 12 85 76 0 0 0 0 2 11 0 0 0 56 0 0 29 0 0 0 0 0 0 64 68 22 0 23 0 3 14 0 0 37 0 6 0 0 39 0 0 33 48 0 0 0 0 60 10 20 0 14 44 0 0 0 0 39 0 34 0 45 27 0 0 0 20 0 0 0 8 25 0 36 0 0 58 50 0 0 0 0 0 17 18 0 0 45 0 34 0 38 0 13 26 33 0 0 0 18 74 25 36 0 0 0 16 0 67 0 64 0 0 68 0 0 64 0 0 23 0 30 0 8 8 0 59 55 0 22 0 5 29 83 0 28 0 38 0 0 0 26 0 12 0 0 41 0 0 0 0 74 66 38 0 57 38 43 0 35 0 0 72 78 64 54 0 0 0 0 0 87 0 25 48 12 63
 52 0 16 4 4 66 19 0 0 0 36 0 0 0 0 0 15 0 73 75 0 82 0 0 5 86 60 0 0 19 18 49 36 0 0 2 25 0 30 0 61 0 26 46 17 10 0 0 0 25 16 31 19 0 60 8 0 0 55 20 44 0 0 0 7 0 0 0 0 52 17 33 0 0 2 0 0 36 0 0 0 45 33 32 12 33 1 0 38 0 0 40 0 25 0 42 0 0 0 20 20 0 20 13 0 27 32 0 0 0 44 0 19 9 18 40 23 39 25 64 17 41 3 0 0 7 2 9 0 0 28 0 53 0 29 0 17 72 0 1 64 0 0 75 0 39 0 0 0 0 0 16 13 0 0 0 50 4 0 23 83 4 0 44 0 0 43 68 0 0 0 1 6 0 0 46 36 20 0 0 31 0 46 89 0 17 63 0 49 56 0 49 37 24 0 0 0 30 0 0
 10 0 0 0 25 0 0 7 79 42 0 0 59 0 0 0 8 48 12 0 23 59 0 0 1 22 0 0 0 0 38 0 61 12 92 0 49 55 0 0 54 69 0 86 3 69 33 12 40 0 0 0 0 0 0 5 0 64 48 0 3 0 0 18 0 38 29 0 63 0 0 0 36 76 64 42 0 77 0 0 0 0 10 41 42 0 0 0 0 9 76 7 41 0 0 0 0 11 0 27 0 0 1 0 0 0 51 0 12 0 12 0 44 56 0 0 40 0 55 0 71 18 0 0 0 0 6 0 6 0 0 31 0 24 19 5 0 45 7 0 0 0 22 18 0 81 0 0 43 89 0 0 23 4 0 39 28 0 6 26 53 0 0 0 5 84 16 21 0 61 0 8 65 9 0 5 34 92 0 0 35 0 52 0 58 31 0 32 0 82 0 19 0 49 33 14 0 86 34 88
 14 0 7 79 0 33 0 25 39 76 19 13 0 0 26 0 0 0 77 0 60 6 0 0 0 0 0 78 18 0 0 0 57 44 43 7 18 0 87 60 0 46 0 70 0 66 0 0 85 60 7 0 0 0 0 39 23 0 2 18 0 0 14 21 59 9 0 0 0 0 49 0 15 80 18 0 0 0 0 20 20 62 0 0 59 0 0 0 70 28 0 88 0 0 1 4 0 56 68 58 0 44 17 15 0 0 0 33 0 0 0 44 0 0 7 0 0 0 26 0 73 0 0 39 0 0 26 45 0 66 0 0 0 59 43 1 0 1 0 7 41 0 0 0 28 0 39 76 26 0 36 43 12 0 0 39 0 18 0 0 59 0 0 0 0 0 0 8 31 1 0 39 4 63 79 0 22 0 0 0 12 0 0 0 0 57 79 18 6 34 28 11 0 39 0 16 82 60 0 5
 0 29 63 0 62 2 0 0 0 14 0 3 0 0 0 0 0 0 0 0 33 38 5 39 0 43 73 0 0 15 0 0 0 60 7 0 38 3 0 20 29 0 0 0 26 0 53 42 15 2 0 0 0 6 0 32 85 28 30 73 0 0 0 54 32 0 0 0 5 0 61 0 21 0 15 56 19 15 7 7 0 0 37 71 4 22 49 0 0 65 3 0 17 25 0 0 4 87 38 51 0 55 0 3 5 81 15 47 0 0 10 0 25 5 2 0 75 0 81 3 32 0 0 0 0 0 0 41 0 0 1 0 0 0 0 67 0 30 0 0 0 0 0 0 0 0 0 36 63 6 57 8 77 0 9 0 0 32 40 29 0 0 63 0 51 0 0 0 35 0 0 0 61 0 0 0 8 37 0 29 44 0 0 0 0 0 0 16 0 0 0 66 63 61 0 0 0 0 0 0
 27 0 3 0 39 0 55 30 46 20 45 0 46 20 50 21 0 23 17 0 9 0 44 41 0 2 70 0 0 0 19 31 57 11 0 25 1 0 0 0 21 0 0 0 0 36 0 12 0 0 0 0 31 49 14 32 73 68 0 77 0 0 59 0 0 1 0 9 29 17 0 0 64 0 52 0 18 17 85 13 0 1 0 23 0 2 6 60 0 0 27 37 0 2 68 0 0 0 0 0 0 8 53 0 0 0 30 0 0 26 52 59 0 0 0 22 39 58 0 30 0 45 0 0 45 10 45 0 28 44 68 0 23 0 42 0 5 17 42 22 11 0 33 6 3 10 8 48 0 74 0 0 0 0 35 0 0 12 38 0 0 82 0 1 0 0 0 0 3 0 38 30 0 61 86 0 86 13 52 72 50 15 0 67 0 2 0 8 0 1 18 0 38 0 4 51 6 24 0 0
 0 92 0 47 0 23 0 0 81 3 55 16 8 50 53 0 0 40 0 36 40 0 0 15 0 3 0 54 0 0 1 0 25 52 0 63 0 7 0 0 0 0 48 0 24 39 0 38 0 0 68 0 0 0 0 0 0 13 0 16 29 1 0 0 0 0 0 0 0 3 46 0 77 16 53 22 6 0 0 16 78 0 39 2 0 31 0 0 61 0 22 17 11 0 21 14 0 0 38 29 47 0 16 0 17 32 51 0 0 0 20 0 0 24 0 0 0 26 22 0 0 48 51 51 0 27 0 3 13 0 29 0 0 0 33 9 0 0 44 0 0 0 68 0 0 0 0 0 0 0 0 22 0 0 0 12 47 24 32 8 43 0 0 20 8 0 4 0 4 12 52 0 38 26 0 15 0 42 0 44 1 14 0 20 0 0 0 47 0 0 0 0 72 44 34 0 0 0 47 0
 42 0 0 67 42 0 0 13 30 0 0 0 30 53 55 0 0 79 0 0 0 66 0 0 0 11 40 0 0 49 3 65 0 0 0 16 30 0 65 12 0 92 0 0 1 6 31 0 0 40 38 0 0 0 33 47 50 0 0 32 34 1 28 0 2 21 41 9 0 36 0 33 0 0 0 42 0 19 79 0 36 6 97 0 0 0 0 20 5 41 66 0 0 59 27 55 0 63 0 0 31 56 0 0 0 0 0 28 0 0 20 0 0 47 28 0 0 23 30 0 0 4 0 60 0 23 3 0 4 0 24 44 0 0 3 0 0 10 0 0 86 3 23 0 0 0 0 63 0 0 0 0 0 45 45 78 0 54 0 0 0 29 9 23 0 45 4 4 0 43 0 62 0 0 29 0 8 0 0 0 0 59 0 0 69 35 15 0 69 0 6 40 0 0 61 0 0 36 0 0
 27 0 0 0 0 0 3 0 15 0 30 0 0 0 0 0 0 36 0 0 10 0 0 0 0 11 21 0 0 0 28 0 0 0 71 29 0 0 0 0 10 0 5 0 19 0 61 23 0 0 38 0 95 0 8 0 29 41 79 0 23 0 2 0 50 46 0 0 0 37 0 0 0 0 10 40 88 0 0 41 0 9 0 0 0 16 0 0 63 40 0 0 0 0 0 67 36 0 0 49 0 74 47 36 27 8 3 0 0 67 19 0 80 43 0 16 0 50 34 52 65 0 0 0 30 2 0 0 0 76 66 73 25 59 0 0 30 0 0 20 70 80 60 0 2 10 12 0 0 0 11 74 0 67 53 36 0 0 22 0 7 0 0 0 25 32 11 0 61 62 13 9 15 64 21 0 0 0 0 0 21 18 0 0 0 0 0 8 24 0 0 14 0 20 4 2 17 7 0 5
 48 0 0 0 0 0 5 0 0 7 0 0 57 3 0 92 14 38 0 0 0 25 64 0 66 0 0 0 6 0 5 0 14 88 30 84 0 69 26 0 0 0 23 8 55 0 34 0 0 43 0 0 0 0 0 0 0 38 0 0 0 36 33 0 87 36 0 0 31 30 2 3 9 0 0 0 34 0 0 63 0 0 45 16 0 7 0 0 0 87 0 87 9 0 0 0 0 0 0 0 61 0 0 0 62 17 0 0 0 0 55 0 0 0 31 5 0 16 0 0 0 16 51 10 13 44 4 0 0 66 0 84 0 0 55 0 51 0 64 0 0 0 42 49 29 35 0 8 0 0 42 36 0 0 23 0 0 0 50 0 9 2 8 3 0 60 0 0 33 0 0 0 0 0 0 0 46 0 27 18 0 0 35 60 0 0 0 0 64 45 0 59 0 14 32 0 80 0 0 51
 48 74 89 18 54 55 53 20 21 4 27 0 0 18 47 38 23 55 35 0 60 0 0 27 0 37 0 27 0 3 0 0 45 0 42 0 76 0 22 42 0 0 32 7 42 14 0 0 0 59 0 0 15 0 6 0 0 0 9 0 0 0 0 28 0 45 0 38 8 0 27 0 36 36 0 59 0 7 34 0 37 10 0 0 5 25 79 87 0 21 0 0 0 0 0 74 15 0 64 6 46 0 20 15 0 0 0 12 0 68 0 1 0 0 0 60 0 55 5 0 0 0 2 30 0 44 0 24 35 0 0 0 0 0 19 11 24 0 0 20 96 63 0 0 0 11 7 0 96 0 0 0 0 59 0 0 0 39 0 52 62 3 73 0 40 2 0 0 89 0 0 0 44 31 0 75 66 26 0 0 58 0 1 14 38 0 55 0 0 0 0 12 0 51 0 0 15 65 0 9
 0 0 49 99 0 40 31 25 5 8 12 0 33 8 7 0 0 4 47 44 0 0 0 0 5 17 61 74 0 0 0 0 22 9 0 0 0 0 0 0 0 53 15 0 0 0 0 0 0 0 43 0 36 0 39 0 0 23 12 20 0 0 0 60 0 0 0 0 0 60 0 0 0 58 18 0 40 7 30 84 84 6 37 1 46 0 14 0 10 95 27 56 0 14 0 0 44 30 0 32 63 11 0 3 32 0 0 20 48 0 0 50 53 0 0 0 61 27 2 7 28 0 25 0 0 55 0 0 36 24 72 18 0 57 0 23 0 0 63 23 43 36 0 91 10 19 90 0 0 0 0 0 0 4 39 16 0 0 19 6 0 0 0 0 0 0 0 0 74 0 0 24 12 0 28 0 26 75 0 0 43 32 15 13 0 0 0 0 47 0 29 60 41 0 52 47 26 19 87 0
 3 0 5 32 0 67 0 79 6 0 21 84 0 89 47 44 5 0 0 0 37 0 0 58 0 40 55 26 75 77 0 37 0 53 58 0 40 0 32 28 0 0 1 60 0 41 0 61 57 64 45 42 4 0 0 22 41 69 31 0 0 0 83 0 33 0 83 13 0 13 0 0 0 0 0 9 3 0 0 0 0 16 44 0 15 17 68 0 33 0 0 0 0 0 0 0 0 8 0 0 58 0 68 0 0 4 0 0 0 0 0 0 0 19 7 48 51 7 0 17 0 0 21 42 0 0 61 0 0 0 17 0 0 24 22 0 2 12 0 0 54 21 59 26 0 77 20 29 0 0 58 11 0 6 26 0 41 0 0 0 56 34 29 1 30 28 19 58 39 0 9 0 0 0 0 33 81 58 76 27 0 0 33 9 0 0 0 0 0 0 0 21 16 5 44 0 0 0 0 61
