200
 0 82 45 7 36 5 0 0 0 0 0 34 0 61 0 0 21 17 70 0 0 42 0 0 0 44 0 0 1 0 0 39 0 27 16 31 19 0 13 0 39 59 0 0 29 0 0 0 0 0 0 74 20 0 9 0 5 62 0 0 0 0 0 0 0 0 36 0 0 0 63 34 57 24 5 0 86 0 0 0 0 12 17 0 24 0 37 23 0 30 32 36 0 3 0 20 0 23 33 0 25 29 40 17 0 29 5 33 0 34 0 17 0 0 46 21 25 0 72 10 33 17 0 16 0 49 0 0 83 28 69 0 0 4 40 0 13 0 8 71 0 66 0 22 49 0 0 0 0 61 13 0 0 0 0 0 0 46 54 58 39 0 72 0 8 45 0 44 0 0 19 35 0 49 0 0 0 0 0 0 39 32 85 0 0 0 0 0 0 0 39 0 0 12 0 0 0 42 0 68
 0 15 43 31 13 0 0 0 0 16 30 0 33 0 0 0 37 85 0 0 0 0 0 0 0 22 4 34 8 0 11 45 0 48 0 9 0 0 28 0 0 43 0 75 0 18 23 0 0 68 27 5 15 2 18 0 87 69 0 0 35 22 0 15 0 19 0 0 18 61 18 0 0 91 61 32 17 0 0 56 0 0 11 17 1 0 0 0 83 34 0 54 5 0 41 0 32 29 16 0 0 19 0 0 23 58 2 12 0 0 0 0 0 10 84 0 0 0 67 0 48 5 0 0 0 51 0 36 46 0 0 38 26 86 0 0 0 0 0 49 19 16 0 0 0 0 16 29 0 0 94 0 18 19 38 0 29 0 50 0 0 0 0 0 29 0 55 43 15 13 50 34 0 0 0 0 0 0 0 0 0 41 0 30 30 6 0 0 0 76 10 0 22 0 20 0 0 21 6 33
 0 0 61 59 58 19 0 29 0 10 0 38 0 0 0 3 0 13 0 0 0 0 27 50 0 0 0 23 0 0 44 27 18 0 0 57 0 64 27 0 0 0 0 8 0 20 0 0 8 86 0 62 4 0 11 21 62 4 0 68 14 0 0 0 0 0 0 31 27 0 0 25 58 23 84 0 0 10 34 13 0 0 0 87 0 57 55 0 0 0 0 30 0 0 0 0 0 0 68 0 0 0 0 40 30 0 40 0 0 76 0 59 0 0 0 8 50 23 0 60 29 24 0 29 0 17 20 0 19 0 25 19 0 44 0 0 0 72 0 14 0 17 13 36 73 0 27 13 80 5 0 0 32 0 0 0 93 0 37 19 7 0 0 31 0 1 34 18 2 0 0 0 0 0 0 0 0 45 0 0 0 58 0 0 0 0 23 0 69 18 17 0 31 79 0 11 12 0 9 18
 0 0 0 38 0 65 16 49 0 0 42 76 32 43 2 96 0 37 0 0 81 25 0 0 0 26 0 11 17 0 10 0 13 21 85 2 0 0 0 0 0 0 39 0 6 0 41 0 0 14 74 11 0 11 65 0 0 91 0 25 0 0 0 69 85 0 22 10 0 0 65 0 15 6 55 64 0 0 0 37 67 0 0 7 0 23 2 46 58 0 0 14 0 67 54 0 0 0 62 0 0 0 0 0 8 0 29 0 0 12 0 0 51 44 12 0 36 47 0 66 9 0 0 0 0 60 42 14 23 0 72 0 14 38 11 0 0 0 29 40 0 3 37 0 15 51 9 0 0 0 0 0 25 12 0 0 0 0 8 0 0 11 0 0 0 0 35 0 23 21 0 18 34 29 70 0 16 0 0 0 41 5 0 12 0 54 0 4 25 27 0 80 0 0 0 19 0 7 3 0
 0 0 0 58 92 4 89 0 40 0 0 0 34 0 0 0 36 5 5 15 0 27 0 7 0 68 15 3 0 17 0 11 0 0 0 2 31 9 0 0 6 0 11 0 5 0 16 51 0 48 0 0 0 27 0 25 0 0 0 0 0 56 0 68 31 56 0 0 0 5 59 36 0 27 28 0 48 10 0 0 0 19 28 21 0 0 0 0 0 80 16 0 47 0 0 78 50 0 67 10 43 0 0 0 0 0 0 9 46 0 69 0 0 0 61 0 11 0 19 0 0 0 53 79 0 0 24 29 62 0 65 18 25 0 0 47 0 0 0 10 0 0 0 0 0 31 48 0 9 0 66 55 27 0 0 0 0 67 47 0 4 0 0 0 0 0 0 33 0 44 0 20 69 7 0 4 0 0 0 0 0 0 0 16 0 16 9 11 18 0 3 0 0 0 73 0 0 5 91 16
 0 59 0 0 0 11 0 0 0 15 36 5 0 34 23 72 0 0 48 22 44 18 0 0 0 6 0 0 0 0 5 51 0 0 13 0 0 0 47 0 30 14 41 12 14 32 0 53 10 0 0 37 32 0 6 30 24 0 38 0 0 48 39 0 24 14 35 28 0 50 41 0 9 32 0 0 17 0 69 7 0 36 0 0 0 13 0 0 6 29 19 0 61 5 0 0 52 77 79 62 0 0 0 36 0 0 11 0 15 64 0 25 76 62 0 0 0 0 0 17 51 5 26 0 9 4 76 0 88 0 0 0 0 45 0 0 73 0 15 39 15 0 20 75 0 65 61 0 0 0 3 0 44 0 0 0 19 64 0 62 0 0 0 47 30 0 0 0 0 38 0 22 11 0 55 0 0 0 0 0 8 2 45 0 17 65 97 0 9 0 25 82 71 26 0 0 0 33 0 0
 63 36 15 0 0 34 84 35 0 25 0 0 51 27 1 0 0 18 8 87 28 9 37 44 0 28 6 60 5 4 10 28 5 0 77 0 53 30 0 0 0 63 0 0 24 0 65 71 0 37 0 0 0 0 0 0 0 13 0 36 0 31 50 0 0 0 0 58 44 0 0 0 0 0 0 0 38 5 73 0 21 0 25 0 20 0 7 62 0 12 0 0 31 0 15 0 0 0 71 0 0 0 0 0 3 38 0 57 0 0 0 0 0 0 0 0 25 12 17 0 42 26 0 9 0 52 2 0 72 37 0 0 0 0 1 65 43 1 0 49 0 0 9 0 14 19 0 0 23 0 9 0 0 70 48 0 0 19 10 0 0 54 32 0 83 57 38 0 96 53 38 35 0 0 0 45 0 0 0 0 0 50 0 54 0 33 15 16 8 0 36 19 0 38 39 0 0 49 0 3
 14 57 0 0 41 7 0 76 51 0 0 33 0 22 0 85 53 14 30 0 28 0 0 0 0 0 0 12 58 64 5 0 0 52 0 76 0 85 0 0 0 26 0 25 16 12 0 19 0 55 10 0 0 0 48 0 0 7 38 0 0 46 0 0 0 49 32 28 0 22 0 8 27 42 0 0 64 0 96 0 18 0 0 87 81 59 0 41 0 0 25 0 0 2 17 0 0 9 31 0 0 0 21 25 33 54 0 2 27 0 46 58 0 0 0 0 0 0 57 0 0 27 67 0 73 0 0 13 0 82 37 0 0 0 0 0 33 21 0 24 0 0 0 0 9 0 0 0 0 65 9 0 73 0 0 89 0 34 0 9 0 0 61 0 0 1 0 65 6 0 10 0 0 16 0 45 36 0 0 96 20 29 0 0 0 1 45 68 63 0 0 31 16 0 0 0 80 0 0 0
 81 43 20 30 0 28 15 0 37 23 55 0 0 0 55 5 0 0 10 0 89 0 6 0 0 0 57 9 0 0 40 39 0 0 31 8 0 65 0 44 44 46 0 40 0 2 25 58 71 81 79 36 0 0 74 2 0 0 0 32 57 68 35 0 27 60 0 30 34 0 73 0 0 0 0 25 46 36 43 0 17 0 0 74 80 85 49 0 0 15 0 0 21 41 71 0 23 0 0 81 21 2 27 6 36 1 0 10 0 49 0 0 65 29 0 9 4 0 0 65 86 48 39 14 24 0 0 0 0 49 3 0 0 0 80 0 46 14 0 0 13 15 0 38 0 0 17 0 0 0 0 43 57 26 62 0 1 0 30 0 15 0 62 4 0 46 78 11 24 0 0 0 0 0 60 44 82 0 17 0 45 41 0 15 83 0 0 0 1 0 2 0 0 39 0 1 0 0 38 0
 52 0 0 7 27 0 0 19 0 23 2 0 53 0 16 0 30 19 0 34 17 0 0 15 64 0 0 0 0 0 55 37 50 36 0 18 0 0 23 58 0 0 0 0 0 27 0 0 0 0 0 58 0 36 41 58 26 0 24 0 85 0 22 0 0 8 0 0 0 23 0 39 25 0 1 0 0 0 0 0 40 0 5 0 0 0 0 53 0 0 44 17 0 83 0 2 0 0 0 0 24 67 9 0 35 0 0 42 0 0 0 0 35 0 0 0 0 22 14 11 19 0 0 1 0 0 12 25 0 31 66 8 0 4 0 16 31 32 0 21 9 60 54 0 0 16 28 27 0 43 20 0 38 0 59 0 1 33 0 29 0 0 29 0 0 0 29 0 52 8 0 9 0 28 0 0 6 0 30 37 0 13 0 33 6 3 0 0 0 0 0 34 0 0 0 0 35 0 0 28
 63 0 19 0 39 0 44 40 0 0 71 0 0 0 0 0 8 0 0 40 34 7 0 13 0 0 0 0 0 0 0 8 46 22 0 0 0 8 0 0 11 0 93 0 0 0 0 0 7 0 0 0 40 39 0 29 0 0 0 0 25 0 0 30 37 0 0 0 0 0 16 0 0 0 0 1 31 57 64 25 12 91 71 57 0 8 0 0 0 14 17 64 0 8 0 56 0 0 27 0 0 44 35 30 0 19 0 0 0 29 75 6 20 0 0 0 0 0 0 0 93 0 0 16 15 25 17 0 0 0 62 22 0 0 59 3 0 49 0 0 0 0 0 0 0 0 0 60 0 64 0 0 50 29 50 13 0 0 23 19 0 24 0 0 56 0 0 0 6 0 34 97 4 43 0 9 0 20 40 64 27 39 56 0 5 0 0 0 45 24 0 0 0 0 59 26 0 51 13 0
 0 17 0 0 13 0 54 0 29 0 13 28 0 0 0 19 5 70 48 0 87 95 0 36 44 17 0 6 0 0 0 7 9 0 0 10 0 56 0 0 0 65 0 0 0 11 18 24 56 0 31 0 17 21 5 0 0 4 0 74 3 89 0 0 0 11 0 16 56 2 0 78 23 20 60 0 0 50 1 0 0 72 0 44 0 0 59 0 68 22 0 0 35 23 14 20 17 24 0 0 45 27 11 62 0 0 46 0 76 27 47 74 0 0 0 0 8 0 0 15 84 16 0 0 9 6 0 0 10 6 0 53 0 58 91 0 75 0 50 26 23 13 35 0 51 0 0 0 35 10 0 0 0 27 0 36 45 0 0 30 0 0 13 0 33 2 28 0 0 2 5 0 86 13 0 0 54 53 0 0 0 22 0 0 11 0 0 0 1 0 0 0 8 23 24 0 0 0 54 48
 41 0 25 0 0 10 0 31 46 0 18 45 94 15 99 30 0 27 45 0 51 80 35 0 0 0 0 0 20 22 0 0 0 0 35 0 0 0 44 19 63 23 63 37 11 0 0 0 41 71 48 0 21 54 0 10 38 0 0 50 61 55 0 0 3 39 0 0 14 90 0 8 0 0 0 0 0 0 13 0 0 0 44 50 0 24 0 0 11 45 34 4 81 48 0 49 35 14 25 32 56 35 0 0 0 31 0 2 2 0 12 10 2 0 45 0 0 0 24 0 0 66 49 0 34 0 6 0 89 0 0 7 0 0 18 83 19 0 36 0 24 66 36 0 27 0 46 5 27 75 0 0 63 0 0 2 17 3 6 0 19 37 0 0 0 0 0 45 0 76 0 1 0 27 65 66 10 15 0 0 0 0 77 0 58 0 73 4 54 8 0 34 77 40 48 0 26 0 25 0
 0 19 7 0 59 0 0 0 49 76 21 47 0 96 65 36 0 0 0 0 0 8 0 3 0 0 31 0 0 10 35 0 0 0 0 0 0 0 0 0 10 0 2 0 2 0 79 0 0 7 0 4 0 0 9 0 82 61 0 0 26 0 0 17 33 60 77 0 60 0 43 0 0 87 0 0 81 65 0 32 0 0 20 56 12 13 0 0 0 0 0 17 8 14 76 0 38 0 0 0 0 8 0 0 56 80 0 71 0 0 0 0 0 50 31 0 4 0 76 23 62 0 44 0 3 0 0 0 0 0 0 0 0 0 79 5 42 1 0 49 40 1 0 0 0 0 13 59 0 41 0 0 0 71 43 51 78 36 28 6 0 0 9 0 0 0 0 0 0 0 0 7 36 21 56 74 14 59 11 34 62 0 0 30 20 0 72 0 0 0 52 45 0 0 48 0 0 52 0 55
 8 50 29 0 34 0 0 69 0 0 34 54 0 0 18 14 0 58 0 0 56 53 13 0 0 0 0 0 3 67 21 2 0 0 32 90 0 28 75 0 0 0 0 0 0 0 0 39 0 0 69 0 0 0 24 77 0 37 55 0 0 0 4 64 21 23 21 10 0 62 0 36 8 0 55 46 3 29 0 51 33 23 0 0 0 3 0 0 30 0 4 0 0 3 56 0 44 0 0 52 0 0 17 0 0 13 40 3 23 17 10 0 0 0 0 42 0 0 17 0 0 90 64 0 0 0 10 83 37 0 3 0 0 0 0 23 0 0 0 6 49 0 43 61 0 9 23 23 0 0 0 35 13 0 0 17 0 0 0 0 0 0 12 0 4 0 37 0 4 0 44 0 0 0 9 0 0 0 0 11 0 45 9 0 50 38 20 13 0 17 31 84 42 0 41 0 48 0 0 0
 32 46 0 0 23 0 3 0 0 16 90 0 0 0 0 46 94 0 8 6 76 0 67 6 47 68 28 84 31 0 0 0 19 60 69 0 21 9 0 0 0 0 0 0 4 6 17 0 77 26 0 53 0 4 0 0 60 61 0 0 17 0 0 3 0 0 0 70 0 9 64 0 0 0 14 0 0 27 18 0 0 0 0 0 42 0 84 0 0 13 39 34 0 0 27 70 4 0 26 60 0 7 0 0 0 0 47 0 71 0 0 0 0 1 0 23 0 0 0 0 1 0 0 0 3 0 0 16 0 0 38 41 0 0 11 0 0 0 0 31 21 62 0 0 0 0 0 0 0 0 0 0 13 9 46 0 1 17 17 0 0 0 0 40 0 69 44 0 0 8 27 0 63 59 0 0 19 1 0 54 63 5 0 4 0 24 0 32 41 0 24 17 0 0 13 43 15 0 68 48
 0 0 8 18 0 40 59 0 12 0 0 0 13 63 73 0 15 0 0 0 43 0 0 68 33 0 0 11 0 18 0 0 0 24 0 0 0 0 0 22 57 55 92 0 20 16 65 0 64 0 30 0 35 66 0 30 0 28 0 0 60 0 41 0 0 0 0 0 23 9 0 20 0 63 0 20 39 68 99 0 0 65 0 37 24 17 34 10 0 0 21 40 0 13 0 0 13 53 9 70 11 19 8 0 0 0 40 0 5 11 55 89 0 0 0 0 0 50 7 0 26 68 0 3 34 27 0 26 0 2 0 87 19 22 6 0 0 0 0 11 32 0 0 53 0 33 0 54 0 0 0 0 34 35 0 40 0 39 34 0 40 0 3 38 41 0 7 0 34 0 44 9 3 0 0 84 0 0 0 0 0 76 0 0 0 60 0 6 45 50 16 0 0 0 17 0 0 0 10 6
 0 0 0 0 0 12 0 0 43 0 12 0 0 78 0 36 50 4 5 0 31 42 0 20 54 79 0 0 63 50 0 0 38 0 35 0 0 0 42 0 0 0 0 0 0 0 54 17 17 29 68 30 0 0 5 0 0 0 0 0 0 52 27 0 50 19 27 34 0 0 0 0 0 0 0 78 0 0 0 0 4 0 0 73 93 0 0 0 2 0 0 50 14 0 0 44 0 0 0 0 5 43 1 21 31 0 34 30 51 0 75 28 7 0 39 0 0 7 4 59 0 0 6 0 39 0 0 42 19 0 0 0 85 0 0 44 0 0 69 12 0 0 71 10 44 85 44 0 0 0 7 0 31 17 0 0 0 0 0 20 0 35 22 0 0 0 0 6 15 0 49 37 0 0 0 0 0 0 30 0 0 61 0 0 40 0 67 24 2 4 0 0 70 20 47 0 3 25 0 0
 0 13 53 29 0 0 0 0 0 10 62 0 0 41 2 0 13 0 93 0 63 0 0 0 0 29 0 0 3 14 44 0 15 0 17 0 56 23 0 0 0 35 54 18 0 18 35 24 1 7 3 0 14 0 0 21 58 6 30 0 0 0 17 57 0 49 0 58 20 15 0 88 0 0 34 6 49 0 45 12 4 32 5 29 34 0 0 0 95 28 39 0 9 0 50 0 42 78 0 13 39 35 0 0 0 18 22 0 0 0 25 30 0 22 8 4 45 0 74 8 1 0 0 36 0 0 0 62 0 62 0 70 8 0 0 0 13 0 7 0 25 0 9 0 0 18 35 2 47 74 0 0 76 0 13 0 0 30 2 27 25 0 0 27 22 0 39 21 8 1 0 20 71 73 31 54 0 55 0 64 23 0 0 0 0 23 44 0 0 34 0 0 0 58 0 91 59 0 0 10
 35 29 41 27 0 0 0 34 44 0 0 63 64 39 7 0 39 69 30 43 16 0 84 20 16 0 37 48 59 0 7 7 30 52 14 42 23 49 0 0 31 0 19 0 0 1 0 0 23 14 0 19 0 16 0 66 49 0 0 41 0 24 0 73 12 0 0 89 0 23 56 0 0 0 5 31 0 47 0 0 15 0 54 0 0 0 0 0 23 0 0 11 59 0 17 0 0 10 0 39 31 0 21 8 50 71 42 73 7 51 3 5 0 0 20 62 38 28 2 0 0 0 0 87 0 1 0 0 7 0 0 0 29 44 38 2 1 0 26 0 38 0 0 22 0 36 54 36 54 0 18 0 47 67 0 0 0 0 11 0 0 0 23 0 40 0 0 3 51 51 42 29 0 39 0 0 0 15 4 0 59 0 0 0 4 22 0 0 28 2 0 0 0 0 31 0 0 0 3 0
 45 28 11 0 13 0 0 0 0 0 0 0 0 23 0 0 0 0 0 0 13 0 23 90 40 6 13 15 5 0 0 54 37 22 0 46 19 0 0 11 9 81 0 70 58 55 35 0 0 0 0 0 45 3 10 9 24 0 47 44 0 0 0 0 0 0 0 0 0 51 41 0 0 11 0 45 0 0 40 70 42 14 0 0 0 0 0 10 38 0 43 32 0 40 0 80 0 6 0 0 0 0 0 0 34 0 3 42 24 0 0 0 0 14 27 89 54 0 10 0 0 0 0 0 38 6 25 0 0 62 79 0 24 22 0 0 3 0 0 0 2 64 0 58 0 46 29 64 13 16 0 0 0 12 1 0 0 93 30 0 0 44 0 0 0 11 40 0 0 0 62 0 0 52 0 0 3 2 5 0 0 0 0 0 0 33 30 0 51 0 12 0 19 0 32 59 67 0 41 0
 0 3 10 0 0 0 0 45 37 17 0 0 0 0 0 22 11 0 89 11 64 51 0 0 0 0 0 0 0 0 0 0 0 50 0 0 0 49 0 23 0 0 43 0 2 58 41 45 0 0 0 28 23 0 0 0 45 0 1 0 0 0 10 0 45 0 0 67 0 0 57 0 0 63 26 5 46 47 0 0 0 62 46 99 0 65 25 42 11 0 58 0 20 26 0 50 48 0 0 10 0 38 0 18 0 35 0 7 15 0 0 4 59 0 0 0 23 0 3 7 0 52 26 61 0 13 26 30 0 0 0 65 18 94 0 52 45 0 4 5 24 8 74 11 0 45 2 0 10 0 0 0 16 16 51 13 0 0 0 8 0 42 0 0 0 0 51 0 23 35 0 17 0 0 18 28 24 4 25 0 0 78 39 43 0 22 11 0 0 9 0 0 0 0 0 60 10 0 0 28
 1 14 0 35 24 68 0 20 0 22 7 10 0 45 0 0 40 36 30 0 0 11 3 0 13 0 0 0 0 0 0 0 0 0 3 5 43 0 79 8 0 0 16 0 0 0 75 0 11 0 21 0 10 0 61 0 0 0 29 0 0 2 48 0 22 42 38 47 0 0 54 5 20 0 0 0 12 1 75 29 0 2 0 0 0 29 0 51 80 23 0 0 64 67 50 0 0 0 61 0 0 0 10 0 8 0 67 6 0 6 43 19 66 27 30 0 0 63 0 0 0 42 0 0 0 39 65 21 26 0 31 17 18 0 71 60 0 0 0 23 0 14 0 0 26 0 23 0 22 0 68 0 0 0 0 0 0 0 0 54 48 64 0 0 0 0 54 0 0 6 0 0 16 39 3 62 0 0 33 0 0 0 40 0 8 16 4 0 8 64 45 0 0 0 0 20 0 52 5 0
 17 9 0 10 0 10 0 51 3 0 0 0 6 0 14 0 0 0 4 0 0 45 14 7 14 0 22 0 0 9 20 0 49 62 0 13 17 59 31 27 6 0 0 0 0 0 0 0 0 0 50 33 0 0 77 20 18 0 0 0 37 75 67 61 0 4 0 13 0 0 0 0 0 33 0 85 41 36 0 0 0 84 0 1 0 12 0 0 0 22 0 10 22 63 5 0 0 0 2 0 0 1 56 0 9 0 41 12 0 0 58 7 39 0 0 2 0 38 13 0 4 67 68 10 0 24 0 48 84 0 0 0 0 0 23 0 0 0 20 6 0 0 0 2 0 27 0 0 28 28 0 36 18 0 0 0 56 23 23 31 45 0 34 73 11 0 0 93 24 33 0 1 43 74 0 0 12 0 31 21 70 52 0 11 46 38 73 36 55 0 0 32 10 0 0 14 0 60 70 0
 41 4 82 18 7 9 30 2 63 0 46 0 32 33 11 0 0 0 36 0 0 50 0 0 87 0 0 42 0 0 55 0 28 1 0 81 72 10 5 59 41 0 0 31 51 0 85 0 0 46 0 0 53 42 0 0 0 0 0 0 1 0 5 8 22 0 0 46 0 0 0 35 0 0 0 0 11 38 0 27 0 0 0 16 17 0 50 0 38 22 0 26 40 45 0 31 47 0 0 34 26 10 0 20 32 0 75 62 0 0 0 0 59 43 0 0 52 0 43 0 0 0 2 11 29 43 5 20 0 0 0 1 0 7 28 0 0 30 0 0 4 0 0 30 0 10 0 0 91 0 29 5 0 0 20 0 41 26 27 37 35 0 2 11 4 11 87 0 0 42 0 0 0 0 33 0 0 0 64 0 0 6 0 0 11 95 27 0 0 0 0 3 77 16 0 49 0 0 0 56
 0 0 19 0 0 0 0 1 16 7 14 0 30 17 33 0 8 0 0 48 0 12 5 13 23 10 0 0 0 91 0 0 0 0 18 24 0 1 0 0 49 1 15 0 55 0 43 0 37 0 26 67 44 0 0 0 0 0 71 0 26 0 0 0 63 15 2 0 27 0 14 0 0 55 27 0 0 36 77 0 0 0 19 0 0 67 0 0 82 27 15 76 0 0 0 1 23 0 23 0 53 55 0 0 0 43 0 0 6 0 0 11 0 0 0 0 41 64 0 0 0 0 7 0 8 19 0 47 0 36 69 0 0 0 0 0 48 0 8 0 56 0 0 2 28 20 0 82 6 0 0 33 0 0 0 38 43 2 40 3 1 2 5 0 0 53 0 0 47 0 0 25 0 0 0 73 0 60 0 0 9 0 0 13 0 21 72 0 0 0 53 10 32 42 82 0 22 17 0 0
 61 0 7 37 0 71 0 51 0 37 23 28 12 0 25 0 21 8 13 0 0 57 9 0 62 33 56 0 32 18 0 39 0 0 64 0 47 10 0 76 21 31 93 50 47 0 0 0 0 42 56 54 0 34 88 0 98 66 43 0 0 0 0 0 0 45 14 12 39 26 0 28 0 0 94 0 18 0 10 25 0 0 8 11 0 8 8 0 0 0 11 18 34 79 74 3 41 44 11 0 0 0 0 46 43 0 14 0 0 82 0 36 1 0 62 81 0 51 57 44 0 3 0 0 26 17 1 64 14 8 21 23 21 21 0 9 0 27 6 0 0 72 0 0 10 0 0 34 0 37 0 10 18 68 23 44 24 0 11 0 5 0 0 41 0 0 29 0 0 0 0 9 0 0 5 36 61 0 0 18 0 0 42 52 0 0 0 0 0 0 0 11 8 7 0 0 0 0 12 0
 14 0 0 0 0 16 0 0 0 2 32 0 10 30 28 0 0 50 10 0 0 30 21 67 0 30 71 98 77 0 62 0 1 25 0 12 0 27 57 22 0 0 0 28 18 0 0 0 6 49 8 48 0 30 22 0 28 8 0 0 35 0 48 0 4 0 0 31 0 0 0 8 0 60 2 75 0 0 40 0 20 0 52 0 0 2 0 82 15 56 66 57 51 0 3 23 0 0 44 79 22 34 0 0 0 88 34 2 12 0 0 44 29 0 0 0 0 0 39 0 0 41 0 5 0 0 0 0 0 50 0 0 0 64 36 33 0 38 2 22 16 0 0 46 18 59 8 15 31 21 0 0 10 49 0 0 0 53 32 0 37 13 28 0 0 0 0 6 0 61 0 10 0 0 8 0 88 69 36 0 0 61 28 12 43 0 32 32 57 0 12 0 0 0 0 0 0 73 53 0
 0 0 61 0 22 6 0 0 14 12 9 27 0 49 0 0 13 0 0 0 0 21 93 6 67 28 0 0 59 17 0 70 78 0 0 6 0 34 25 54 0 85 0 2 0 0 11 46 8 48 0 0 78 0 0 0 0 0 0 53 0 5 27 7 0 32 4 0 21 0 0 0 17 23 0 72 0 4 0 0 18 69 4 28 0 18 0 61 9 28 0 30 0 0 59 65 0 18 55 62 28 24 0 6 0 5 0 0 15 0 17 7 0 5 37 0 29 62 2 27 7 0 0 0 21 35 11 0 9 0 0 67 0 2 42 64 0 0 42 0 0 0 0 35 0 64 11 0 0 0 44 0 0 10 66 25 65 0 0 17 3 0 0 75 0 0 0 18 0 74 35 69 28 0 53 0 1 0 0 0 0 0 0 21 15 0 0 6 23 0 48 0 0 72 85 20 31 0 0 0
 13 76 11 3 0 36 0 0 65 14 14 7 0 0 0 29 0 0 0 60 20 72 24 0 38 0 0 60 0 0 0 0 0 47 56 0 0 47 0 44 0 66 16 56 0 0 0 0 0 23 42 0 32 21 43 81 0 37 19 0 0 0 0 0 0 53 0 0 26 88 67 16 16 0 57 23 0 10 0 80 12 24 22 32 31 8 68 0 0 87 0 91 26 34 41 46 20 0 41 51 40 69 0 0 0 14 0 0 0 5 83 0 0 4 0 0 0 2 11 0 0 82 68 0 0 1 0 13 0 6 0 0 37 20 8 52 44 39 0 0 36 0 0 10 0 7 0 20 30 0 0 20 0 0 57 9 44 0 25 0 0 15 0 0 0 1 0 47 48 14 64 0 0 42 3 87 0 0 0 0 23 67 14 47 54 0 27 35 0 0 38 12 0 32 29 81 0 37 30 48
 3 0 0 0 6 0 0 0 0 0 9 78 15 0 0 52 18 13 0 0 42 1 4 0 0 22 64 0 11 21 79 0 0 47 0 48 2 13 0 0 0 0 0 0 73 87 0 79 65 0 0 0 0 32 0 42 10 36 70 0 30 0 0 16 0 72 0 0 0 0 42 32 0 10 0 36 0 30 0 30 44 58 32 67 0 33 22 0 0 20 0 0 9 2 0 57 28 68 0 0 0 0 26 37 4 73 55 0 0 0 86 10 0 0 28 55 4 9 33 0 0 0 41 0 0 81 19 0 78 39 11 0 0 0 26 35 52 0 0 0 38 4 0 19 53 54 75 61 0 0 0 48 0 24 5 0 79 0 27 0 68 83 0 17 0 0 0 0 6 0 35 0 12 51 29 41 0 20 2 0 0 6 0 0 0 6 0 0 0 0 5 0 0 0 0 0 52 25 0 71
 0 0 0 5 0 0 0 45 0 0 0 0 53 67 0 39 52 49 4 0 0 32 45 48 79 10 0 71 0 4 100 68 30 39 5 64 0 12 0 39 0 9 6 0 0 12 0 58 0 0 5 0 0 0 36 24 2 31 79 73 45 85 36 4 0 12 0 0 0 0 60 0 1 0 0 0 69 31 0 47 0 42 0 18 0 17 0 0 0 0 0 11 0 0 51 53 0 0 0 0 0 23 1 39 0 0 0 70 0 0 2 0 0 50 23 0 41 4 39 33 19 27 0 98 0 0 2 82 0 28 13 0 0 35 0 37 31 78 17 26 0 0 0 57 0 0 0 21 18 57 0 38 0 65 0 13 12 50 14 0 0 0 0 0 35 75 0 0 0 0 0 14 0 0 0 94 17 0 24 3 0 0 0 0 67 25 42 0 0 0 52 0 63 0 0 59 0 25 44 54
 17 44 0 0 27 64 0 29 94 0 0 0 14 12 11 0 48 0 0 0 0 40 92 0 0 13 34 0 0 18 2 0 40 0 0 0 12 28 12 14 0 88 0 30 50 6 36 11 0 0 41 0 0 0 32 0 14 78 0 8 0 0 61 0 10 0 0 0 0 0 13 0 0 0 0 94 53 33 0 0 48 0 60 0 0 22 2 0 79 0 0 73 0 0 86 0 39 32 7 0 24 0 50 0 0 33 47 0 0 0 72 0 1 9 22 13 5 0 10 0 0 0 55 18 0 0 16 55 17 0 9 0 0 0 24 0 0 0 51 42 0 0 6 0 46 0 0 0 26 9 79 0 58 0 38 51 0 7 15 8 0 0 25 0 17 0 0 44 0 0 20 0 0 23 4 65 18 0 18 0 21 18 0 20 26 36 19 34 0 2 0 0 0 0 0 0 66 0 43 0
 0 0 18 0 16 11 53 0 23 0 0 4 32 31 16 0 0 6 83 0 0 0 32 0 0 80 23 0 23 0 0 0 10 32 0 32 32 16 27 0 9 0 43 0 0 0 0 0 0 0 0 10 0 0 0 0 0 22 23 0 51 91 2 57 0 30 0 3 0 0 0 84 0 46 0 6 0 0 0 0 22 27 25 0 0 31 0 0 2 0 33 0 22 0 0 30 18 0 30 0 9 23 0 0 0 23 62 0 19 1 0 44 43 0 27 38 0 44 2 48 0 0 0 0 37 33 0 0 0 0 0 0 46 1 0 0 0 0 0 0 0 34 72 26 0 0 0 11 0 44 38 0 0 0 0 25 0 27 0 77 0 19 22 0 0 12 0 0 7 0 0 12 0 0 0 0 19 5 0 16 0 0 11 39 0 0 0 0 83 0 97 81 32 36 0 0 35 0 16 5
 0 28 1 0 35 0 0 34 0 4 5 2 0 8 0 0 72 0 0 0 59 36 0 31 34 0 0 18 12 0 47 0 64 21 95 0 14 0 65 34 0 0 26 0 0 22 22 13 22 56 1 77 30 0 43 2 40 0 0 22 0 0 0 29 0 0 5 53 0 0 0 36 86 59 39 0 41 0 0 74 63 0 0 68 1 53 50 0 0 32 0 0 6 0 0 0 56 0 0 0 0 19 0 0 0 0 64 0 22 0 62 0 34 65 0 57 71 46 52 19 0 64 85 0 41 0 61 0 68 0 0 0 24 0 3 0 68 8 27 0 0 0 0 0 1 0 47 0 18 0 0 0 4 7 17 0 12 0 0 22 0 20 30 0 11 64 52 0 84 32 85 60 77 15 0 53 49 0 0 50 11 0 22 0 17 12 52 0 0 0 0 0 0 82 4 0 32 3 0 0
 0 0 0 0 0 44 39 0 0 0 30 0 80 30 0 2 46 37 40 0 0 19 0 0 0 0 49 0 0 49 0 0 47 0 41 90 13 5 0 96 0 72 53 0 20 0 68 4 0 0 0 25 73 0 0 0 0 51 24 0 0 29 89 0 20 54 17 0 52 0 59 0 87 14 0 0 4 27 0 0 3 0 28 41 0 0 15 58 0 83 0 18 64 15 0 0 0 0 0 0 0 95 72 17 57 27 23 0 25 0 68 18 0 0 0 0 0 0 0 0 0 17 0 14 0 0 17 20 0 21 47 0 70 5 0 0 25 48 79 56 0 37 10 0 61 0 0 0 8 0 0 0 0 0 0 27 0 41 0 32 21 0 7 0 0 20 10 22 0 0 0 0 51 0 34 42 0 0 42 0 0 54 62 0 0 0 13 0 0 0 57 3 21 21 98 63 0 0 0 8
 0 48 62 2 0 1 0 25 28 35 22 8 33 53 51 0 21 11 0 0 0 47 0 0 0 17 0 53 23 15 0 0 0 0 0 0 7 2 0 38 1 66 24 0 0 85 0 0 0 31 7 32 0 0 10 28 22 0 0 31 84 0 0 61 0 18 0 22 13 0 0 66 7 33 0 17 0 33 0 0 0 0 0 1 0 14 81 0 0 0 0 0 0 2 0 25 0 75 56 76 0 52 0 0 0 0 45 0 0 24 0 61 0 0 84 0 30 0 29 23 0 9 0 0 0 0 29 0 0 25 0 0 60 0 0 27 62 0 56 0 0 16 59 14 0 0 0 0 0 52 0 0 57 0 0 0 3 1 6 75 12 75 0 28 14 0 63 13 10 0 0 46 30 19 46 51 0 3 28 0 0 8 42 0 11 74 0 57 0 26 10 0 39 0 0 30 10 49 0 6
 72 50 0 19 0 22 0 0 0 88 0 0 77 18 0 0 7 21 0 0 11 0 17 0 0 0 0 0 0 0 0 0 0 0 8 0 0 92 33 0 68 0 0 0 0 0 14 0 10 62 0 30 0 83 31 0 73 31 0 0 0 25 14 38 0 24 0 96 10 51 10 14 0 28 0 0 2 28 0 28 14 0 0 0 67 69 0 0 47 54 65 0 3 27 24 69 31 44 0 0 73 0 43 6 17 84 45 0 46 0 27 38 0 0 0 0 25 23 26 27 0 0 0 73 1 0 0 9 0 0 0 0 0 0 0 23 14 0 0 0 14 0 50 0 4 0 0 76 0 0 7 0 3 1 13 0 26 0 58 1 10 0 61 42 9 0 51 34 12 4 16 0 78 46 0 0 0 56 45 0 0 25 34 44 14 32 0 0 16 14 0 16 41 0 73 90 6 58 0 15
 0 0 0 4 74 0 2 12 13 0 62 31 0 24 0 16 20 0 2 44 38 52 0 0 0 26 32 0 0 13 58 17 0 0 0 99 60 0 89 0 65 44 0 0 6 0 0 0 0 17 0 46 0 0 56 0 24 0 26 26 0 0 0 0 0 48 19 0 33 8 0 0 12 8 0 0 56 9 0 0 0 0 0 65 47 0 75 18 0 51 24 0 52 0 37 0 0 43 33 17 0 0 0 0 0 0 0 20 1 28 1 0 4 15 56 0 0 84 67 0 44 35 2 29 0 0 57 38 9 3 0 23 69 62 47 0 32 83 64 0 22 43 27 25 14 1 42 56 8 19 0 8 0 26 36 0 0 0 82 24 43 0 0 1 8 34 0 30 0 50 0 24 0 54 0 0 59 0 30 23 14 0 0 0 20 0 60 20 0 0 66 70 0 89 22 0 0 0 0 0
 1 15 46 97 13 70 50 1 0 0 3 39 0 0 1 23 0 3 44 51 0 0 0 0 0 54 0 0 0 0 46 0 0 47 0 0 0 31 60 46 82 0 13 0 55 38 0 0 0 58 0 68 0 37 0 0 8 0 0 0 24 0 61 95 33 52 55 0 22 3 12 17 0 0 0 26 0 0 0 0 48 0 56 0 51 53 0 18 37 0 42 32 67 29 10 0 0 8 49 73 0 0 41 0 0 32 0 58 34 38 0 29 13 0 7 6 0 0 0 0 0 0 0 0 27 64 18 25 0 48 13 0 35 30 43 0 30 13 0 0 2 0 31 60 30 29 0 31 43 18 0 0 0 0 0 0 8 0 0 18 44 0 71 0 44 6 0 13 5 0 58 0 0 23 0 0 25 41 0 85 30 0 0 7 3 0 53 0 60 76 0 14 0 0 75 32 0 4 1 26
 0 43 25 51 0 0 83 11 0 2 0 23 0 0 70 67 0 22 37 0 0 7 7 0 0 0 0 10 79 72 44 56 56 0 4 49 0 0 0 0 54 42 0 17 4 43 0 0 25 0 56 57 0 0 0 16 0 40 0 45 29 18 12 45 69 46 8 2 0 23 89 0 22 30 11 0 0 16 11 20 0 24 75 0 0 0 59 0 55 0 0 0 0 3 60 19 32 77 0 0 0 32 42 0 30 34 59 0 0 0 22 26 6 0 5 10 0 34 0 68 1 0 32 0 0 4 4 0 0 0 0 0 0 0 0 57 25 0 0 0 76 2 9 74 32 65 15 0 0 36 1 0 0 17 0 7 0 0 0 0 0 0 59 0 9 0 0 64 0 44 25 0 0 0 0 3 0 24 0 0 64 19 0 0 0 0 16 0 47 0 19 0 25 0 0 33 0 0 0 0
 0 0 23 17 18 0 0 0 0 43 73 0 0 20 27 5 0 79 0 6 0 62 3 24 16 0 0 80 0 0 85 0 0 28 40 0 0 13 0 25 0 27 70 0 0 0 72 73 55 16 0 0 0 75 10 0 79 0 0 9 0 0 0 0 0 0 0 62 68 0 11 0 12 38 35 12 89 15 0 63 0 17 11 20 3 0 80 69 0 0 0 0 0 72 0 14 32 3 0 0 23 0 30 22 0 32 0 4 0 0 28 26 2 48 0 0 27 0 78 85 15 46 12 0 0 0 0 11 0 0 17 0 0 95 10 2 0 0 31 30 69 9 92 23 0 0 0 67 24 0 49 0 0 0 0 17 0 46 22 20 0 0 0 11 0 90 28 0 4 62 6 0 4 25 6 0 25 0 0 13 0 5 47 32 6 0 8 12 41 0 49 14 22 66 10 48 0 0 0 44
 40 6 89 0 0 0 48 48 14 32 0 70 0 0 17 29 0 17 0 0 81 0 0 22 0 0 0 42 29 0 62 0 44 0 0 0 0 82 6 0 49 0 36 0 6 20 66 0 23 41 0 0 0 23 65 43 0 0 0 40 0 9 0 0 0 0 0 28 23 42 1 32 48 35 0 0 0 22 0 3 45 0 0 21 0 0 15 0 0 0 12 78 0 34 0 0 0 63 0 28 12 0 0 68 59 20 0 3 0 0 0 0 38 61 0 56 80 26 31 28 0 56 73 56 0 0 2 0 9 48 20 6 79 0 39 0 41 5 0 43 0 0 0 0 0 27 15 5 24 24 0 0 79 0 35 1 0 23 38 0 0 0 0 85 78 82 58 6 37 0 0 0 0 0 0 48 0 0 0 0 0 8 0 20 0 11 0 0 0 42 32 73 0 37 14 0 41 11 0 0
 53 0 0 9 39 0 42 0 0 40 62 11 0 88 62 5 8 75 0 19 0 45 7 33 0 64 0 0 0 0 27 28 0 46 33 72 90 17 30 2 0 27 1 34 0 28 0 15 0 0 14 0 56 0 0 0 0 0 0 21 49 0 4 0 61 52 0 0 0 0 0 0 0 87 0 0 0 0 17 0 40 0 0 42 12 61 81 0 51 0 0 12 12 6 30 52 0 0 0 0 22 30 62 27 44 71 5 0 47 0 8 0 0 0 0 41 0 22 77 0 8 0 0 0 8 56 0 25 43 65 0 0 0 0 73 0 1 0 3 26 5 0 0 26 8 24 0 24 24 0 0 0 0 17 80 45 0 0 60 0 0 0 47 46 0 0 0 19 2 11 12 0 9 80 7 74 32 0 0 0 0 0 74 0 0 0 0 0 0 50 28 37 15 0 0 0 28 0 0 55
 0 54 35 0 0 0 0 0 23 26 68 45 0 0 6 0 0 16 92 78 0 0 21 55 0 0 0 0 66 65 0 8 0 36 67 0 43 28 0 0 0 48 0 43 2 19 12 0 1 28 23 0 0 1 0 0 0 0 0 0 0 21 0 0 0 0 0 39 19 35 0 18 59 0 4 36 0 0 0 0 39 0 53 11 0 0 0 0 47 0 41 0 38 0 18 89 0 0 7 78 0 1 41 16 16 94 0 0 0 58 0 10 29 0 0 0 0 23 76 0 0 35 0 0 14 0 0 0 26 5 0 0 0 0 0 0 0 0 0 77 43 22 3 0 21 7 10 0 7 0 21 29 0 2 0 0 60 74 0 49 0 1 0 74 36 6 60 36 11 61 0 0 0 0 0 57 0 84 74 0 38 24 0 4 0 37 47 0 41 0 0 0 44 0 0 0 26 0 0 0
 57 0 0 10 15 0 18 0 0 0 16 0 10 11 15 0 0 30 0 0 0 0 39 67 53 87 58 53 2 39 0 0 0 20 0 55 0 54 27 0 0 52 0 0 0 98 17 0 0 0 0 0 0 22 0 0 5 42 0 0 0 0 0 0 0 0 48 0 21 0 0 0 0 19 41 0 0 35 0 14 0 0 68 21 0 25 0 42 0 0 17 0 0 67 0 9 0 0 0 0 0 16 9 0 59 74 13 32 20 28 0 45 11 0 0 0 0 0 1 31 46 15 0 6 0 0 0 29 1 100 0 0 23 30 0 0 0 21 27 37 16 0 48 0 58 0 30 0 81 0 0 0 81 23 38 0 0 0 28 0 31 66 0 0 17 16 42 53 0 0 62 1 40 36 7 52 11 1 0 0 92 0 16 0 25 0 11 0 0 6 0 8 0 56 33 15 0 0 9 0
 45 0 41 0 0 6 0 17 0 20 71 0 73 0 17 0 0 0 0 35 0 0 0 70 0 0 63 53 0 15 20 46 0 2 0 0 7 0 22 23 14 0 0 8 0 0 36 50 0 21 0 0 0 63 27 26 0 0 0 0 0 46 0 67 0 81 0 86 29 49 0 0 0 1 13 53 0 0 43 23 0 40 23 17 45 25 0 7 0 0 0 75 21 9 43 24 46 37 0 8 0 0 0 45 0 8 32 0 0 0 0 0 25 0 0 0 0 0 0 5 47 0 0 0 0 0 31 32 22 14 0 0 73 38 0 26 0 14 16 0 0 6 0 19 51 70 0 54 0 0 0 70 14 0 0 0 0 0 0 0 75 0 0 0 52 74 0 16 0 0 0 37 0 45 0 28 39 0 1 0 52 7 51 25 0 4 15 0 0 0 21 85 0 0 34 33 31 0 17 0
 35 35 23 18 0 0 0 0 0 29 35 0 62 42 0 45 43 0 0 52 11 0 55 47 15 82 39 12 0 33 0 0 0 66 0 0 3 22 30 31 59 0 24 0 58 80 0 76 0 0 61 17 36 83 49 13 0 0 0 0 40 22 70 0 18 0 0 28 0 0 72 0 14 0 30 39 51 77 9 0 0 77 61 1 15 0 40 0 0 37 34 0 14 0 48 52 60 1 39 0 21 1 0 11 0 0 36 0 0 0 0 0 88 68 0 16 0 0 0 0 30 0 6 0 13 24 22 0 0 24 81 0 5 0 0 0 6 79 0 14 0 79 15 29 76 85 0 0 90 0 0 0 0 0 0 6 65 0 74 4 0 19 19 0 0 0 38 0 40 9 13 0 0 6 4 44 89 55 37 1 10 0 0 0 0 21 0 44 0 0 0 0 6 0 88 0 0 0 32 81
 26 9 0 63 41 0 45 8 0 15 0 0 0 25 5 0 0 0 0 0 20 63 0 56 16 0 20 0 0 13 0 63 6 37 0 69 40 0 41 5 0 0 0 1 0 4 30 42 10 0 0 0 24 0 0 48 20 0 8 0 5 0 1 0 0 0 71 66 5 0 0 47 48 32 53 0 32 10 0 12 10 8 14 42 0 0 0 30 39 10 0 0 22 0 32 71 0 0 31 0 0 0 31 24 15 0 0 14 0 32 3 31 0 52 58 0 0 0 0 1 0 41 83 0 40 0 0 33 23 0 0 2 0 31 0 14 0 0 72 31 14 0 21 0 0 0 2 0 39 23 0 6 0 21 40 58 12 30 0 0 67 0 68 50 64 0 6 0 0 0 0 61 0 7 0 16 0 0 0 0 49 65 27 45 0 1 1 0 0 1 0 0 0 0 0 0 13 83 0 0
 50 0 0 0 0 56 0 0 0 67 95 37 0 0 49 0 16 0 0 0 11 59 1 9 0 42 0 0 0 0 74 37 75 10 0 28 0 0 0 0 27 0 0 74 0 21 0 27 32 40 39 22 0 0 12 73 0 15 0 0 44 0 64 16 0 0 0 50 0 0 67 3 9 22 0 58 29 12 0 16 76 0 0 0 0 0 72 14 0 0 0 0 26 0 0 55 0 0 15 0 66 43 63 0 12 12 0 0 60 0 6 0 0 21 62 0 80 0 42 32 16 18 15 27 0 0 78 4 0 0 0 16 0 16 44 0 1 0 0 0 0 0 38 0 0 0 0 0 0 0 44 0 70 17 22 0 0 0 0 0 54 0 0 0 9 0 41 16 43 18 0 0 68 0 6 21 0 3 19 13 0 0 19 0 0 22 0 0 0 0 0 0 11 0 47 40 0 0 11 52
 15 0 22 0 7 79 68 0 0 26 4 0 0 15 0 53 0 0 0 57 10 4 0 0 2 0 0 0 21 0 6 0 0 20 0 30 0 9 2 31 0 4 8 0 0 38 41 0 76 0 75 19 0 10 23 0 0 0 36 71 9 66 4 0 0 0 37 0 86 9 0 0 0 0 0 54 0 3 0 0 0 51 29 0 48 0 97 0 0 96 26 0 0 58 0 0 0 0 11 0 26 40 13 0 0 0 9 40 7 0 0 0 8 0 56 8 42 74 29 56 0 2 89 47 0 6 68 30 69 0 0 58 0 18 0 0 44 0 3 18 0 0 0 0 26 0 88 0 32 0 0 61 0 0 60 0 0 0 20 0 91 20 2 10 0 0 0 3 0 0 19 45 0 42 0 5 29 0 28 0 26 0 0 22 0 0 5 0 0 0 3 0 19 0 0 11 0 0 0 0
 0 0 0 0 20 0 6 80 0 0 28 73 46 0 17 0 84 0 47 0 6 0 62 0 2 0 0 0 26 56 25 73 12 0 0 0 0 0 0 0 0 14 76 3 13 30 10 0 36 0 0 41 0 0 5 11 0 0 0 63 0 0 38 0 0 0 0 33 0 0 0 0 0 0 0 44 0 9 0 13 68 47 0 60 0 11 87 0 4 55 16 2 0 5 0 71 0 0 17 0 0 52 0 68 0 71 75 51 46 52 22 0 76 0 0 82 0 0 0 0 0 52 0 0 8 0 0 0 24 50 18 36 33 0 0 0 80 16 19 66 4 26 11 0 0 0 0 0 25 0 27 0 0 0 0 36 0 0 33 0 26 44 84 18 0 0 20 0 2 0 0 33 78 0 35 27 0 0 15 84 47 1 0 0 28 0 41 0 0 9 0 50 23 5 2 0 0 0 27 0
 0 0 0 6 54 0 7 9 40 12 0 0 0 31 26 52 0 46 0 28 0 0 0 43 0 0 14 5 0 0 62 0 45 18 0 0 12 55 81 58 63 4 45 0 2 13 23 0 0 51 39 23 10 0 0 0 0 12 14 0 0 0 0 0 35 18 93 0 0 0 0 0 0 0 0 52 0 0 0 0 67 37 16 0 45 18 0 9 0 49 11 59 11 0 0 47 68 59 7 85 62 0 0 0 0 0 58 0 0 38 0 0 38 0 0 8 0 2 20 49 9 72 39 10 9 1 0 73 27 0 0 24 7 32 0 0 17 5 86 0 26 15 0 0 0 91 45 19 0 0 0 30 35 0 94 31 10 12 0 0 0 72 0 51 0 0 3 69 0 25 0 0 0 12 0 6 96 34 0 34 0 0 0 90 59 0 0 0 2 0 81 0 5 0 46 11 0 0 55 36
 0 0 9 0 0 34 42 48 20 0 0 0 0 26 76 0 0 5 56 0 0 13 19 13 0 0 0 0 10 0 0 62 25 48 47 11 11 0 2 0 8 0 0 70 0 0 0 0 85 40 0 14 2 26 0 0 0 0 40 18 0 0 37 0 52 0 27 0 0 0 15 0 19 0 22 35 0 15 27 35 73 0 0 0 1 38 0 18 0 72 60 0 7 28 47 0 65 13 48 0 21 0 15 0 0 0 0 0 55 0 0 88 0 0 38 19 70 0 21 22 0 16 0 0 46 0 0 0 0 0 43 69 0 0 34 22 0 0 33 0 0 0 27 0 0 65 0 0 14 0 0 25 0 16 50 67 10 36 0 0 0 3 0 13 0 43 38 0 66 0 0 26 43 17 28 14 25 0 30 0 47 3 0 0 0 0 22 0 0 0 14 52 0 60 0 0 0 40 89 10
 0 0 0 0 64 0 4 0 0 0 75 0 58 0 0 11 25 0 57 30 0 53 0 0 97 74 0 0 24 0 11 0 0 35 0 47 0 0 0 7 5 0 0 38 76 44 0 0 40 0 0 0 22 27 42 42 93 42 0 0 64 0 71 0 0 41 8 4 4 66 0 0 9 0 0 20 18 15 0 12 0 0 0 0 0 1 0 13 0 0 36 40 53 76 81 73 23 0 69 0 12 87 0 22 0 0 0 0 0 0 16 0 0 25 0 0 22 0 53 0 48 6 0 48 0 0 3 0 0 0 69 0 0 0 11 16 0 56 9 0 0 0 57 44 4 0 0 58 12 14 3 14 0 10 9 0 1 0 0 28 9 12 0 0 40 35 0 0 4 17 75 9 54 31 0 74 0 0 0 44 0 65 0 22 59 0 0 0 4 0 14 0 2 0 11 14 35 0 0 0
 23 68 0 40 0 0 36 5 0 0 0 40 0 47 0 7 0 43 0 0 0 4 5 0 18 16 15 10 51 0 0 0 68 0 0 23 0 24 64 34 0 0 0 51 38 34 0 0 0 0 63 0 35 2 0 20 16 42 14 97 60 32 0 56 33 32 0 0 0 0 12 0 71 0 0 0 29 0 63 4 0 0 16 7 53 0 8 82 71 84 3 1 0 39 23 71 49 0 2 57 0 18 39 0 0 0 4 0 0 0 0 0 14 0 0 0 0 0 36 0 67 2 34 0 17 36 4 45 25 0 0 80 95 38 0 0 0 0 63 0 62 0 32 1 0 0 0 0 0 0 9 0 41 50 12 12 0 0 0 5 6 67 9 62 62 25 58 51 42 3 0 0 0 18 0 0 0 0 0 0 60 0 0 35 0 0 0 0 40 46 64 0 0 7 0 0 55 0 0 27
 0 0 0 10 19 0 26 16 9 0 20 51 0 0 12 0 7 18 0 0 0 0 14 0 10 43 0 0 53 76 0 0 0 12 0 14 0 0 0 0 0 0 11 22 0 0 95 45 0 95 92 22 1 16 0 0 16 0 92 4 84 18 0 4 0 0 80 0 0 3 0 0 15 12 1 83 0 0 0 7 0 0 0 0 31 2 0 16 18 0 3 0 57 0 0 0 7 9 47 6 0 0 0 0 27 19 0 0 0 0 75 24 0 0 27 6 56 38 16 15 85 0 33 0 19 0 0 0 45 68 55 0 9 50 0 0 0 38 25 15 14 0 0 0 0 0 0 43 77 0 56 91 0 0 62 0 0 34 40 14 59 0 11 68 70 0 57 25 0 0 0 0 0 0 0 0 0 0 8 9 5 82 26 61 0 0 46 0 28 51 48 47 0 0 0 0 0 20 0 26
 0 0 0 0 36 19 0 0 56 7 4 0 1 0 0 0 0 12 0 43 1 62 1 66 69 8 0 0 16 0 0 0 0 0 19 0 6 0 10 40 0 9 53 13 42 0 28 80 3 0 20 44 0 64 0 0 12 75 45 0 20 17 0 0 20 18 0 36 0 0 0 47 0 0 44 38 66 0 61 25 53 0 76 46 22 0 56 0 0 33 0 0 36 0 36 17 48 0 100 48 20 0 52 0 61 0 0 24 0 0 0 0 0 33 59 0 10 48 0 0 32 34 0 14 0 12 14 34 35 0 0 38 0 0 0 1 35 23 17 36 0 61 7 31 21 0 10 21 40 0 4 0 12 39 0 74 51 0 0 0 40 0 0 27 41 38 29 2 0 27 0 37 0 0 12 0 6 0 29 1 0 61 17 0 0 0 45 0 20 6 40 71 0 2 0 0 54 0 0 10
 39 63 94 16 9 0 74 0 12 0 0 3 37 7 0 40 37 52 0 44 0 0 0 38 46 0 0 22 0 0 0 0 29 0 6 0 36 69 0 26 79 60 4 51 62 42 50 24 0 9 0 3 0 0 38 0 0 0 86 42 0 5 44 10 0 90 0 0 0 15 0 18 22 0 0 60 61 0 0 0 0 52 15 0 49 0 36 0 3 10 34 0 0 0 0 0 44 0 50 23 0 91 10 18 0 2 0 46 16 33 53 0 0 17 0 0 0 0 62 0 25 83 12 21 19 0 38 51 16 40 42 0 0 40 0 0 0 58 41 0 33 0 36 0 0 0 11 0 23 2 0 77 5 33 0 37 48 68 0 0 36 29 12 31 4 18 44 0 0 0 1 0 71 0 0 0 23 74 0 10 17 0 0 0 0 20 0 1 15 0 48 32 0 0 52 2 0 5 19 14
 56 25 0 0 28 31 0 13 0 56 28 0 0 41 60 36 58 63 64 0 0 81 28 23 51 68 18 19 0 2 94 0 0 23 0 37 0 51 0 6 0 0 0 0 32 21 53 42 19 81 0 0 35 0 86 0 0 2 0 18 0 9 50 0 22 0 11 50 75 41 0 0 7 5 7 0 19 0 59 0 52 0 82 5 0 0 33 0 50 53 0 0 37 62 77 71 17 0 0 0 0 67 16 0 0 0 0 30 0 57 0 50 0 0 0 53 12 0 69 89 0 0 16 25 36 0 0 19 0 0 18 27 0 0 0 81 0 55 11 0 0 0 0 18 0 0 0 0 0 21 0 1 29 0 42 3 0 11 20 77 7 11 0 34 67 35 10 28 22 0 22 45 43 42 0 30 0 0 0 82 25 52 3 44 18 12 0 28 0 76 80 11 41 35 29 0 21 0 11 0
 17 0 0 67 6 36 21 74 0 0 0 0 0 0 19 0 0 19 8 63 11 2 29 0 0 0 81 0 20 9 0 0 57 0 21 43 0 3 74 0 0 15 68 0 46 2 59 0 0 0 0 41 28 16 0 0 0 0 47 13 58 0 0 19 40 7 0 87 2 22 0 0 0 0 19 30 41 0 85 0 0 0 32 0 0 0 37 21 0 0 0 22 74 0 40 21 0 30 56 0 0 23 0 0 0 74 0 11 0 0 59 5 0 11 0 0 14 3 8 49 46 0 11 0 80 0 0 16 84 63 0 52 39 35 0 52 0 78 10 9 0 68 0 0 63 0 58 18 0 40 0 13 0 19 37 1 3 0 0 72 24 0 0 0 42 0 17 20 50 0 11 8 0 0 0 27 37 0 0 0 0 20 0 84 8 0 37 0 58 35 0 91 14 6 28 0 0 0 46 0
 44 0 21 52 0 0 0 0 0 79 42 0 0 34 20 72 10 0 16 0 8 61 0 0 56 37 50 81 0 3 46 0 13 0 80 0 1 0 52 19 0 8 0 53 0 21 0 0 36 2 0 54 5 78 15 0 0 0 0 0 58 40 0 81 5 0 16 58 28 69 0 0 0 0 0 0 0 79 73 60 0 52 0 49 1 12 84 0 72 21 22 0 18 38 30 0 0 33 0 41 0 0 0 0 22 0 0 0 18 8 0 23 15 0 23 0 0 0 3 0 31 26 86 0 60 0 33 0 24 0 0 0 0 59 3 8 0 21 57 0 0 44 50 0 50 0 0 0 0 2 0 0 31 0 4 78 14 0 40 30 0 0 0 9 0 44 0 71 0 17 65 22 33 0 0 0 15 35 0 70 47 46 0 80 41 0 6 13 0 55 88 66 10 47 0 1 0 0 46 0
 18 23 26 21 8 0 0 46 0 0 57 57 58 21 0 9 0 0 0 26 41 0 0 0 0 15 41 0 0 66 14 0 0 0 1 0 21 0 34 0 0 12 24 0 10 32 75 0 0 0 0 0 21 0 0 30 13 46 0 0 13 33 80 0 20 50 0 29 0 67 45 0 0 31 0 16 5 0 0 70 0 28 12 0 83 54 32 0 0 0 0 11 16 35 0 5 4 7 39 0 8 16 0 21 0 57 8 63 0 0 0 23 0 4 0 63 0 2 0 20 0 0 0 67 0 58 0 0 9 0 0 0 0 0 0 15 0 15 0 45 32 0 0 26 32 0 16 0 0 15 19 0 0 0 0 46 0 0 0 0 5 0 0 0 0 6 46 0 0 9 0 0 28 5 0 0 6 0 58 2 0 0 0 8 54 13 0 33 0 0 0 25 51 0 0 0 0 78 0 0
 4 0 65 0 0 30 5 57 95 60 0 49 42 0 0 0 61 37 0 0 37 3 26 0 0 49 36 7 0 13 0 0 13 0 0 14 0 0 69 0 0 8 0 70 89 23 0 2 53 0 40 71 43 68 21 0 0 56 0 48 0 0 75 11 0 0 0 0 44 1 2 54 41 8 37 0 40 15 0 0 0 28 0 0 12 79 0 89 34 0 0 0 34 0 0 3 3 0 0 0 36 37 0 7 11 5 32 0 45 17 14 0 36 20 0 0 0 20 0 0 0 18 18 0 0 0 0 0 0 7 0 16 10 0 0 5 0 0 3 51 78 0 43 0 0 0 43 9 8 53 0 13 1 0 0 27 8 34 0 0 0 37 41 0 51 0 0 0 0 0 70 0 0 0 0 61 62 0 0 21 65 35 0 60 0 43 0 19 41 79 34 0 0 0 32 0 58 4 0 0
 14 46 53 0 0 0 41 95 0 29 0 31 0 0 0 15 3 0 73 0 7 0 0 17 0 0 50 0 21 54 15 65 0 26 46 0 7 64 59 0 0 15 51 0 9 48 54 0 20 8 2 60 0 0 20 0 14 0 16 0 0 0 0 8 42 0 32 29 0 42 1 0 55 66 53 29 19 36 77 6 34 0 82 31 4 22 56 0 0 0 0 14 0 0 72 0 28 11 0 0 17 3 75 0 0 50 52 41 0 0 0 17 63 0 1 0 0 57 7 0 58 67 1 1 36 7 52 71 0 0 54 0 0 34 0 0 33 39 0 0 51 0 18 7 0 32 12 0 21 42 26 0 0 0 0 1 75 0 0 0 7 0 0 0 0 0 0 0 69 25 0 0 24 0 25 37 41 55 62 14 0 14 0 0 0 0 0 21 18 0 0 0 0 68 29 57 0 13 65 41
 7 0 20 15 0 0 84 0 0 0 21 0 0 0 0 17 23 0 0 0 35 18 0 0 42 0 0 5 0 0 0 0 57 0 81 0 0 0 0 0 0 18 53 0 27 14 0 50 12 11 65 12 0 9 0 0 4 0 0 69 0 3 0 45 46 28 76 0 0 0 53 0 0 0 0 20 0 40 0 0 0 0 0 0 14 38 0 11 0 66 0 18 28 11 48 4 0 27 0 0 15 0 14 46 0 0 7 0 22 0 0 0 52 9 0 56 9 0 0 0 0 0 2 48 0 0 0 0 39 0 0 35 10 0 26 0 0 59 28 0 45 0 46 38 0 23 69 83 0 63 0 20 75 0 0 62 3 53 0 2 0 36 41 15 0 4 0 47 15 28 0 17 1 28 0 0 0 0 0 34 48 0 14 8 2 33 0 6 29 0 40 100 0 47 0 60 0 0 0 28
 0 13 61 0 8 0 52 0 20 48 26 43 4 0 0 73 14 0 55 30 6 16 0 57 58 0 0 5 0 57 27 13 93 78 0 0 21 10 0 0 0 87 21 23 13 0 62 35 0 25 0 6 0 0 0 27 0 12 6 0 27 0 15 5 0 0 49 0 33 6 0 15 0 0 10 0 0 4 0 37 0 22 0 0 0 2 34 1 0 80 0 3 83 5 0 0 0 33 0 0 34 47 13 0 16 76 60 67 75 0 82 0 45 0 29 0 0 0 36 0 0 0 23 43 0 0 0 0 0 10 59 6 61 0 29 31 55 0 34 0 0 0 74 0 43 37 0 0 0 27 0 21 43 13 0 0 0 0 0 34 0 49 62 12 44 33 0 41 0 39 53 0 2 5 72 10 0 5 0 0 35 0 0 0 0 0 0 15 27 16 0 0 34 0 63 39 42 33 0 20
 53 38 0 0 33 0 0 0 0 15 32 0 45 48 0 0 36 0 0 0 16 0 0 0 0 0 0 0 2 79 13 21 32 0 0 58 0 0 2 72 0 0 0 22 0 3 0 0 0 0 51 0 31 27 0 56 16 0 23 0 0 0 0 56 0 27 87 15 0 0 9 21 16 31 13 69 9 9 52 33 15 0 0 0 58 12 0 0 0 0 30 0 0 1 54 26 0 53 0 11 0 0 41 20 0 0 0 3 0 48 0 0 0 34 0 0 31 57 14 0 0 0 0 0 0 0 0 59 39 57 0 0 33 0 0 0 16 0 38 6 0 17 0 79 21 0 0 0 13 0 0 0 0 17 17 0 16 57 0 0 27 1 72 0 0 17 0 0 0 0 0 0 18 0 6 23 0 0 25 0 56 0 0 0 0 8 65 0 4 15 65 0 0 0 0 0 0 0 0 12
 36 0 0 29 16 21 0 46 0 54 13 0 0 0 65 21 0 16 0 34 11 75 39 13 49 0 0 12 0 0 2 83 15 34 93 0 0 0 0 0 32 0 0 19 0 0 0 38 0 55 0 16 45 32 0 4 13 57 6 0 0 0 73 0 8 10 0 8 83 0 0 75 0 43 10 0 55 3 62 0 56 0 59 59 0 0 0 6 0 0 34 0 0 0 50 26 25 42 9 7 0 0 0 7 17 9 0 1 0 0 13 0 0 86 0 14 54 3 57 0 82 0 55 49 3 78 19 0 0 0 0 18 58 0 0 38 0 80 17 0 16 57 0 0 0 0 67 0 0 73 0 0 0 0 42 0 0 18 0 0 21 48 20 12 35 0 41 13 0 0 0 0 0 21 28 0 0 0 0 30 1 0 9 1 0 23 0 6 69 0 0 0 13 0 57 0 0 36 13 15
 0 0 10 51 0 0 62 0 61 0 93 0 0 59 0 0 0 16 0 0 0 38 50 27 18 14 0 33 79 0 26 6 78 20 82 11 43 0 0 0 0 29 0 50 0 31 0 64 31 48 0 1 80 34 0 29 0 32 0 0 0 0 0 0 0 38 0 68 3 78 0 0 16 0 0 46 0 0 0 0 0 2 0 9 0 0 39 22 12 0 39 0 30 74 0 0 34 0 0 36 15 4 1 0 61 0 9 0 0 0 0 0 84 0 43 19 0 0 0 62 65 0 0 0 16 14 8 0 85 0 0 76 40 0 53 0 0 0 72 0 0 0 34 68 27 49 1 58 0 0 42 0 65 35 0 0 0 46 59 0 6 0 23 8 0 4 51 70 0 36 0 48 0 0 0 18 0 0 87 0 61 0 0 59 10 0 6 3 88 28 52 0 60 0 0 0 0 22 0 0
 0 0 6 0 0 0 4 5 0 12 0 18 44 0 45 0 50 7 46 0 0 0 0 5 50 0 22 30 43 0 0 0 0 30 50 0 34 0 26 0 0 0 0 32 24 54 60 0 4 0 74 7 20 0 77 0 43 32 35 9 7 62 0 0 0 0 54 0 7 22 73 34 0 17 26 6 0 45 0 0 20 16 26 53 19 84 0 0 0 0 0 30 34 27 16 0 35 0 39 0 0 32 83 0 5 70 16 15 11 0 19 0 0 30 0 0 7 82 0 0 30 0 0 29 58 81 48 0 0 55 0 46 48 10 16 0 0 28 23 21 76 60 0 0 52 47 66 0 6 19 0 55 0 42 0 71 87 18 14 0 39 0 0 1 57 26 1 54 0 1 46 13 0 12 0 17 0 63 40 0 43 49 0 0 0 0 2 0 92 0 48 19 16 91 2 39 14 0 78 0
 0 7 0 44 0 91 2 0 91 0 56 0 0 55 0 68 0 66 0 34 18 12 0 11 0 3 0 0 0 0 0 49 6 0 0 79 0 0 9 0 26 14 0 3 0 16 48 65 0 0 40 6 8 8 14 15 14 0 0 84 20 24 13 0 81 84 0 0 0 4 0 21 12 0 13 0 0 0 46 26 0 4 6 59 76 9 6 2 0 0 88 53 0 0 0 0 0 0 0 0 46 0 1 0 0 0 22 27 0 21 10 0 0 68 23 0 0 12 0 0 0 5 6 38 20 24 42 5 0 0 0 0 0 3 62 54 0 58 53 0 15 0 10 10 0 0 48 0 0 0 0 0 14 13 51 0 0 0 62 0 0 0 0 44 48 0 8 0 4 12 0 0 0 46 0 40 8 0 21 0 71 63 0 9 13 0 0 82 12 0 0 0 49 19 14 12 10 0 0 0
 0 18 0 0 30 0 11 0 4 0 42 0 72 39 0 26 38 2 36 18 23 76 0 19 28 43 42 22 0 0 39 0 3 1 0 0 0 49 0 33 0 0 0 25 0 28 35 0 0 0 20 82 35 0 0 0 0 0 0 0 41 48 41 0 0 57 11 0 2 0 32 0 28 30 0 0 79 48 75 0 41 0 0 12 80 51 33 61 0 26 0 0 50 66 0 9 67 0 0 46 0 0 0 0 0 0 8 19 0 0 0 48 32 17 94 23 39 0 13 68 0 0 0 0 61 5 4 35 5 9 0 0 35 0 22 42 51 68 3 0 0 0 0 14 39 12 0 18 32 34 0 0 0 2 0 0 0 47 32 0 35 0 66 54 12 3 52 0 11 52 6 0 0 32 8 0 0 0 53 47 0 0 0 20 0 0 47 81 86 0 29 0 0 54 0 0 49 7 0 12
 0 0 0 0 0 0 38 0 16 2 15 0 11 0 69 24 0 56 46 65 0 0 51 0 17 0 75 0 0 6 0 52 11 0 0 0 0 0 0 42 0 0 0 0 84 0 0 9 0 0 45 7 1 40 1 0 0 94 23 0 17 6 0 0 0 21 71 0 0 47 0 68 0 87 10 18 0 0 47 0 0 0 14 59 18 0 23 31 0 0 13 0 18 40 4 0 0 0 0 0 0 0 36 34 0 0 15 0 0 0 0 56 33 0 78 0 0 26 0 21 0 0 20 13 0 0 0 21 0 19 0 0 45 9 0 43 0 0 0 0 6 0 45 25 0 57 3 0 0 28 0 0 16 4 45 0 45 11 6 0 24 0 70 21 0 74 0 28 0 1 0 0 9 1 0 24 20 6 97 45 0 0 0 69 30 12 32 0 0 86 7 17 31 39 76 0 48 0 46 0
 0 0 0 0 0 23 28 6 31 0 30 0 64 0 0 0 8 66 0 0 43 0 10 46 38 0 0 0 39 0 3 10 3 14 0 3 52 16 12 25 0 0 67 9 0 0 0 0 0 52 41 44 34 0 72 10 0 0 62 0 0 4 26 0 0 5 0 0 0 19 0 0 20 0 92 0 16 21 0 50 0 13 19 2 0 0 13 7 0 8 20 5 0 0 0 15 0 0 5 0 0 50 0 0 21 70 0 0 0 0 22 0 79 81 0 0 67 0 0 0 49 0 20 14 10 0 13 0 0 85 0 5 7 0 0 9 0 18 0 46 38 0 50 100 0 0 24 11 0 0 43 2 48 0 57 0 0 46 22 0 0 53 0 29 9 0 0 0 24 0 0 64 15 0 14 0 5 0 28 37 44 0 63 0 0 0 49 0 0 0 8 21 4 39 0 0 14 0 0 0
 5 0 4 0 62 44 31 60 0 37 0 4 54 63 0 44 0 0 0 0 0 0 20 0 34 11 46 0 0 0 0 6 0 0 19 38 0 43 49 0 62 0 29 69 0 39 0 0 79 0 0 0 0 0 0 52 0 0 0 39 0 86 0 16 0 0 62 0 14 0 0 22 25 0 62 82 52 0 53 0 23 0 0 64 0 0 3 18 12 0 0 0 14 34 20 43 0 0 12 0 48 0 38 9 0 22 0 54 5 20 29 39 44 80 3 67 7 31 35 0 0 0 15 0 17 45 24 81 7 0 16 0 0 0 0 35 21 47 32 0 0 0 67 0 44 45 0 0 0 6 0 14 0 36 0 22 28 7 47 79 26 0 2 20 11 0 8 25 0 88 0 38 0 0 0 0 42 35 33 0 0 0 18 29 0 13 1 3 3 24 0 22 0 0 0 0 84 0 0 0
 0 0 5 21 0 0 0 0 0 0 0 7 36 0 0 9 0 15 0 1 32 0 0 0 0 68 0 10 41 4 51 0 0 50 0 0 53 0 0 87 4 0 9 9 66 69 77 0 0 0 39 26 29 35 0 0 28 0 0 0 0 38 0 0 0 53 35 0 0 33 13 26 0 34 0 0 16 22 0 18 12 0 0 35 0 0 16 7 75 0 13 0 0 0 0 0 0 62 0 0 0 3 7 0 0 10 0 0 44 57 78 0 6 78 0 47 0 24 0 16 57 0 0 0 0 15 70 39 0 24 0 0 36 42 19 31 0 0 0 0 30 0 33 0 33 33 0 0 0 0 34 0 0 0 14 15 0 0 34 0 0 8 65 0 46 0 0 5 0 2 0 0 0 0 54 0 47 0 34 40 0 0 0 0 39 0 0 47 44 0 0 0 0 1 0 31 0 0 41 0
 91 17 0 11 0 2 0 9 0 8 0 0 27 0 0 0 0 32 5 0 17 0 0 0 0 0 17 38 0 0 0 0 0 40 62 0 0 0 0 25 0 0 0 10 36 0 9 0 0 0 0 0 1 0 0 11 37 19 16 22 29 0 17 0 0 0 0 0 0 15 0 29 0 8 0 1 0 74 83 0 0 0 13 81 0 14 0 30 0 0 0 0 25 93 16 0 23 15 56 0 2 0 6 30 0 0 0 0 0 5 0 0 0 0 91 21 66 0 28 0 66 26 9 56 22 0 0 0 0 0 0 14 0 54 22 0 0 20 0 0 0 37 0 0 0 0 0 25 66 83 0 0 15 0 0 0 0 0 88 0 57 19 17 0 0 83 0 34 0 0 6 0 47 0 24 0 0 60 95 56 0 0 64 18 0 37 57 0 0 0 0 15 5 0 27 0 0 0 9 0
 61 73 0 48 16 0 0 0 0 7 0 0 0 50 58 0 0 23 0 64 0 29 0 23 12 0 0 0 51 45 6 23 34 9 5 27 9 20 52 24 0 57 10 0 54 6 0 0 36 9 46 14 58 0 0 0 55 0 27 0 0 0 39 34 0 10 31 0 0 31 38 0 0 0 41 0 48 0 35 45 0 43 0 0 38 0 78 14 0 0 15 0 0 26 0 35 0 6 1 0 0 82 71 0 17 0 24 11 38 64 1 14 0 0 47 0 84 20 33 53 0 19 0 0 66 0 0 0 56 0 46 0 0 0 0 0 0 32 0 45 62 13 0 5 48 0 0 60 20 0 0 0 0 0 9 0 0 0 0 0 47 4 78 0 8 4 0 0 66 15 0 0 0 0 33 48 0 0 27 0 32 0 0 31 0 0 41 72 0 58 66 0 66 0 0 0 43 89 26 22
 62 0 0 0 9 0 54 9 21 20 0 34 21 0 0 81 36 30 0 18 0 29 0 54 0 34 0 17 17 0 0 0 66 42 0 10 74 0 28 60 0 0 0 49 0 0 0 49 0 0 13 0 57 0 0 0 0 0 40 25 61 0 0 39 0 80 0 0 50 19 30 0 7 73 0 46 0 44 0 38 0 0 12 0 0 29 0 0 0 0 5 20 27 0 7 54 14 1 56 0 0 22 49 0 79 0 20 1 73 0 4 0 51 56 7 0 19 57 0 0 34 39 16 0 30 25 12 0 0 36 0 0 0 0 0 0 47 0 0 64 0 51 71 0 0 0 36 0 18 0 21 0 0 33 5 0 31 0 0 0 0 14 31 0 0 6 0 0 0 8 0 0 0 0 0 0 50 20 32 0 0 0 56 59 20 0 56 0 36 47 53 76 0 53 0 16 54 29 0 0
 35 39 49 0 15 86 0 0 0 0 0 41 17 1 0 1 72 0 0 0 0 9 25 77 13 2 36 0 0 0 0 48 0 0 0 0 68 0 11 0 5 30 0 0 0 18 34 6 0 0 6 0 0 0 10 14 49 0 75 0 0 15 8 6 0 50 48 0 0 17 0 36 0 71 18 0 0 82 2 28 64 66 0 9 0 22 0 0 3 0 0 18 48 71 66 0 0 0 0 68 0 0 0 17 53 46 0 0 4 31 51 0 46 0 22 14 0 0 0 0 36 0 15 0 29 15 64 22 0 0 9 0 0 46 34 0 0 20 0 0 0 52 24 12 8 0 0 0 0 65 17 0 28 34 12 69 0 0 1 67 18 0 57 4 0 0 0 0 0 0 0 0 0 94 0 34 9 0 61 16 9 29 0 55 24 21 19 0 9 0 0 56 0 22 0 0 0 36 0 5
 0 53 64 21 0 0 49 83 13 25 0 0 14 0 0 2 0 9 0 21 0 0 0 0 28 10 22 2 0 0 0 0 29 0 40 12 20 55 38 11 0 0 24 7 61 22 0 0 0 30 0 0 0 26 74 11 45 27 0 56 9 0 0 0 74 75 0 74 26 0 0 0 77 27 0 74 0 68 0 20 0 57 14 0 54 0 0 43 0 90 0 0 0 71 0 36 23 4 0 0 0 32 0 0 6 0 0 58 18 16 0 33 0 33 0 0 0 5 0 0 0 0 23 0 0 52 11 0 42 27 0 0 0 0 0 12 70 60 12 31 0 0 13 47 52 0 0 20 0 54 81 0 16 58 37 0 0 5 0 72 0 0 0 0 71 18 47 28 0 0 0 7 0 91 3 0 0 0 0 0 40 0 0 0 38 24 34 0 0 0 54 17 0 0 0 0 0 0 46 0
 0 0 3 21 0 62 0 69 7 0 0 25 0 0 16 9 67 39 0 0 29 0 18 14 20 0 0 0 0 0 0 61 0 0 62 0 39 0 11 0 0 0 0 37 0 0 0 0 0 84 0 49 0 23 15 0 30 0 0 0 0 41 0 27 0 14 6 30 0 14 0 0 55 0 0 30 37 0 11 0 14 0 89 30 0 12 89 18 88 0 58 0 13 43 12 19 0 0 0 46 24 53 58 0 0 0 3 8 30 0 0 0 77 0 41 0 0 0 43 98 10 27 31 46 10 0 56 74 17 44 83 0 0 0 0 76 0 0 0 0 0 0 30 0 12 69 0 54 0 12 39 10 0 83 0 18 0 18 21 0 0 17 8 0 0 0 0 85 6 66 5 0 0 0 29 44 34 7 9 42 0 0 50 15 0 0 84 0 20 36 10 0 52 0 16 0 3 0 0 7
 57 0 0 0 0 36 58 0 0 27 0 0 0 0 25 59 0 0 0 1 21 0 8 0 0 79 0 41 0 0 0 0 23 2 0 0 0 14 0 45 3 0 0 0 0 0 0 0 0 46 61 0 8 15 18 0 6 0 11 0 55 0 52 13 0 85 21 27 0 0 0 0 0 0 0 0 0 0 21 53 0 17 0 98 0 4 4 4 36 0 0 0 42 97 8 0 0 60 68 12 0 0 0 0 63 47 0 0 55 1 69 15 89 1 0 0 23 0 56 0 70 0 84 58 30 0 0 46 6 0 0 0 19 38 0 0 0 0 0 0 0 7 0 0 13 16 21 0 7 44 0 0 22 34 0 0 54 0 0 0 45 38 4 20 0 49 20 8 17 0 77 0 49 0 12 93 0 3 29 67 0 0 7 41 0 19 0 18 0 36 5 0 0 0 12 9 0 0 28 0
 0 0 5 54 64 13 0 0 0 7 14 85 38 0 32 0 0 0 0 43 2 2 0 95 0 15 2 16 27 0 35 56 11 61 0 3 24 0 0 0 4 0 3 0 53 0 0 0 57 35 0 26 0 0 67 0 0 0 0 40 18 0 0 0 0 0 62 0 44 18 0 0 0 0 44 7 33 46 0 0 36 0 20 33 31 1 0 9 58 0 0 0 34 0 0 0 3 89 0 0 73 0 0 47 56 0 0 41 0 0 0 0 65 0 0 67 0 36 18 0 7 0 52 0 27 9 64 38 8 0 0 0 0 0 0 0 4 0 19 22 0 0 20 9 0 0 0 53 0 0 0 43 8 0 0 0 0 0 0 47 21 0 0 0 83 0 33 0 0 22 0 10 25 0 5 25 33 51 80 32 29 26 53 0 0 0 0 24 0 19 28 0 0 0 64 0 0 0 0 75
 22 81 0 0 26 0 60 0 0 6 0 54 0 0 0 71 0 6 65 21 23 0 0 0 42 0 0 0 0 0 0 0 0 0 0 44 0 0 37 0 20 41 8 0 12 0 0 46 86 71 8 0 0 0 0 70 0 13 19 9 14 0 0 0 0 0 0 0 15 82 0 0 0 74 66 1 58 0 46 0 0 69 0 0 0 75 64 0 27 0 0 0 0 23 46 0 21 0 78 0 0 11 0 0 0 0 77 0 1 0 0 0 0 31 0 0 9 21 0 0 73 0 0 0 41 0 18 0 10 0 0 0 34 14 0 0 30 59 0 50 0 24 0 60 0 37 0 25 37 0 79 16 14 50 74 0 0 11 0 0 0 29 0 0 44 0 0 0 13 18 25 34 64 0 0 0 61 0 44 10 0 0 46 0 27 0 29 0 0 0 0 0 0 0 33 18 69 77 86 0
 0 7 0 0 34 63 0 21 0 6 9 0 11 30 65 0 0 38 65 54 0 0 48 9 0 42 0 29 17 0 0 49 0 13 0 0 0 19 0 84 0 0 0 0 5 65 36 0 7 0 0 0 23 11 26 0 18 0 0 0 0 0 0 73 0 38 0 27 77 0 65 0 0 0 0 0 0 79 0 4 37 39 0 0 47 0 50 0 88 85 0 19 0 0 1 0 29 16 0 53 27 73 50 0 43 0 51 31 0 0 8 0 0 0 0 1 4 0 7 17 0 1 22 0 0 20 0 0 0 30 19 29 0 0 52 92 0 0 0 85 19 65 37 0 0 0 16 0 32 0 19 2 35 31 0 39 0 0 4 23 3 25 0 0 5 0 0 54 0 0 42 84 58 12 21 0 0 6 0 84 17 0 0 0 36 0 5 0 0 36 11 0 50 47 0 16 0 13 0 0
 0 49 2 0 48 25 0 0 50 0 61 25 1 31 19 34 0 61 90 41 0 0 0 41 20 57 80 0 0 19 87 87 44 84 10 0 14 52 0 0 67 0 71 11 11 0 0 7 0 0 0 79 0 0 0 0 0 6 50 12 0 33 33 0 18 0 0 19 0 0 50 0 0 0 0 0 0 0 0 7 25 0 0 0 0 23 6 40 0 5 67 0 28 42 0 0 0 0 0 81 0 0 0 66 27 50 0 8 77 0 0 0 0 0 0 72 58 61 0 28 0 80 39 0 41 75 0 0 0 7 0 0 10 0 0 0 28 68 0 46 0 61 37 69 0 0 0 0 0 14 54 20 70 0 25 8 0 83 6 0 0 0 0 10 0 0 5 0 7 3 5 28 84 44 0 0 23 0 0 0 35 8 21 0 0 0 17 25 11 0 16 6 0 83 0 74 12 12 1 9
 64 0 58 0 0 0 35 43 22 66 65 0 0 47 0 6 28 0 0 0 0 0 0 43 0 0 10 0 0 3 18 63 0 0 4 64 2 0 24 0 0 51 73 0 0 28 67 54 0 19 57 0 2 10 12 0 0 37 0 0 51 0 0 0 39 69 18 13 8 0 39 59 27 12 6 0 0 68 1 34 0 27 0 0 0 0 0 9 21 25 26 12 0 42 37 0 0 17 0 81 0 0 0 22 33 0 27 9 0 0 27 0 30 57 31 5 0 0 45 0 0 8 0 0 0 0 0 36 0 93 0 65 0 0 68 64 0 31 36 89 0 0 44 45 12 62 0 52 0 55 0 23 0 71 44 0 16 18 27 34 24 51 0 25 0 0 15 0 0 0 0 61 58 0 0 0 17 0 5 7 18 0 33 2 10 99 41 0 0 0 76 4 0 11 0 0 17 0 8 4
 0 0 37 52 0 0 0 10 0 42 0 0 0 12 28 0 77 37 0 13 8 49 0 0 0 0 1 0 0 0 0 19 26 22 0 0 7 0 0 59 23 37 54 82 41 75 44 0 0 11 0 0 0 0 52 0 50 0 0 0 39 0 59 56 96 0 0 33 21 3 17 54 0 13 0 75 64 3 27 39 61 0 0 27 60 47 0 0 0 76 56 0 10 12 0 59 0 31 0 48 0 0 0 51 57 0 18 0 71 0 0 0 56 11 27 0 0 23 1 4 35 0 44 0 21 0 0 0 54 11 0 58 0 0 37 0 16 70 0 0 0 6 0 0 16 73 0 0 43 0 0 0 0 0 0 32 47 11 29 7 0 0 0 0 0 0 0 75 59 42 14 38 0 0 0 0 42 0 0 36 0 0 0 63 47 0 0 11 10 66 0 0 19 19 6 0 0 0 68 0
 0 27 9 47 0 0 9 0 45 0 0 24 0 9 0 0 0 37 0 70 0 0 8 89 33 0 0 0 0 2 22 8 25 0 33 61 70 0 0 0 43 10 0 25 0 0 26 0 78 8 0 0 0 0 0 0 0 12 0 72 22 0 42 32 49 44 29 0 0 0 11 0 51 0 0 45 0 24 0 0 26 22 0 52 20 70 34 0 0 0 38 0 0 19 0 57 7 42 95 23 0 55 68 12 40 0 0 5 0 25 31 0 37 37 25 2 0 1 11 68 0 14 7 0 25 0 0 0 0 94 55 26 11 0 32 29 28 0 0 0 34 17 0 59 9 0 0 60 12 10 0 3 0 56 65 0 0 39 66 0 0 0 0 1 0 7 0 44 73 7 25 0 11 0 0 5 28 20 0 19 0 0 47 0 37 15 0 0 16 52 0 62 46 0 3 38 0 23 13 24
 0 0 0 0 65 38 83 47 11 0 0 12 0 0 11 0 0 0 24 0 0 5 45 0 0 0 0 0 0 0 3 0 0 65 9 0 54 55 11 0 42 24 0 0 2 23 0 53 11 59 26 0 0 17 0 0 6 25 30 48 0 13 0 25 0 0 0 8 44 51 0 0 17 19 0 3 36 10 15 0 0 37 27 12 10 31 0 72 0 71 10 92 0 0 30 0 25 46 0 0 0 21 64 22 0 41 0 25 48 10 20 13 0 23 0 43 20 64 5 67 0 70 34 7 30 0 0 22 0 29 0 0 10 0 22 46 0 25 0 24 10 81 52 40 15 0 69 32 96 0 0 4 0 40 0 0 0 0 0 0 0 0 0 0 0 24 10 0 0 7 0 0 0 0 50 43 33 0 63 0 0 0 0 0 0 17 0 36 0 0 75 20 12 23 0 0 0 30 18 41
 35 0 0 37 0 0 0 21 0 4 19 0 0 0 63 61 22 0 0 0 31 0 0 0 0 79 0 0 12 0 0 5 63 0 0 0 31 0 0 0 21 49 46 0 0 25 0 0 0 0 42 64 0 0 0 0 0 0 22 0 0 0 0 0 9 0 0 65 8 0 0 12 0 0 56 0 76 0 20 0 0 4 0 0 0 27 1 0 65 0 34 62 90 0 30 0 41 0 0 15 0 0 0 0 0 32 62 29 76 0 47 0 0 18 9 0 0 0 84 40 26 18 0 0 0 0 0 45 24 0 11 2 23 7 55 0 0 66 0 3 0 0 40 36 0 2 0 0 78 0 48 12 84 0 38 0 6 45 0 0 0 0 0 0 0 4 38 42 61 0 0 0 0 3 0 23 38 19 44 42 76 0 0 9 0 33 13 0 2 71 10 0 12 0 75 22 7 0 58 38
 0 58 51 0 27 0 54 0 0 0 0 0 0 0 0 61 0 5 17 10 0 0 0 0 0 12 0 27 29 0 0 35 43 67 16 0 0 0 21 0 0 0 0 0 27 0 0 0 80 0 0 0 17 0 0 0 29 87 41 0 54 0 0 41 14 0 0 0 12 0 0 12 0 0 0 0 57 0 0 32 0 0 0 0 59 0 47 0 0 0 0 22 84 91 13 19 0 39 25 0 45 0 0 0 0 0 25 18 0 1 0 64 0 23 34 93 35 0 0 49 0 26 55 49 0 44 3 64 35 0 67 0 82 0 0 0 78 53 0 0 0 51 61 0 22 33 0 0 1 35 0 14 10 0 0 1 0 0 0 0 40 77 3 61 32 3 0 30 0 0 13 0 14 0 30 10 0 0 29 0 0 50 70 0 0 0 15 0 0 41 0 17 0 0 0 0 0 84 20 0
 12 0 0 0 54 7 0 0 0 27 46 0 24 0 0 0 13 28 0 0 19 7 0 0 7 3 0 0 0 0 25 0 0 48 17 52 57 0 0 0 0 61 48 0 0 36 0 0 0 89 14 10 20 0 0 0 24 0 44 0 0 0 28 22 0 0 58 0 0 0 0 39 57 0 47 0 4 0 23 0 0 33 0 0 13 0 0 24 0 80 72 0 0 0 17 42 33 63 0 75 18 0 0 8 18 40 18 39 79 0 74 52 0 25 8 56 37 22 0 17 28 78 0 23 0 0 42 28 36 19 0 0 0 43 35 38 0 16 17 0 0 0 5 0 38 21 0 0 0 0 0 24 25 0 18 0 0 0 0 16 0 23 33 7 13 0 11 0 45 0 52 0 0 0 31 0 25 0 59 0 43 0 0 32 78 0 0 0 28 72 0 0 0 0 17 0 3 50 5 0
 0 31 59 32 0 3 17 93 0 0 0 0 0 3 2 0 66 0 20 71 0 0 26 27 0 0 0 0 0 0 0 0 18 0 21 79 0 0 45 7 0 0 2 0 0 0 0 0 0 0 47 0 0 68 0 0 30 0 86 0 0 47 0 0 60 0 3 0 0 16 2 72 0 66 0 0 4 98 0 0 9 0 0 53 24 4 22 5 2 0 0 12 40 0 0 80 2 80 0 0 0 0 25 0 0 16 0 0 12 0 0 37 0 0 17 0 0 31 0 0 7 7 0 0 54 0 69 29 13 0 0 74 70 7 4 38 42 22 0 0 11 4 0 0 57 0 0 0 0 10 1 0 2 0 88 65 52 2 40 11 11 0 2 0 0 0 10 7 22 0 0 0 0 0 0 0 23 0 0 2 1 12 30 2 31 0 69 42 21 18 81 18 0 0 60 0 0 0 0 0
 2 0 12 66 0 0 11 29 0 27 58 0 0 0 0 0 0 39 0 39 48 0 37 64 0 0 0 32 5 0 0 8 0 0 0 43 20 0 10 29 0 0 52 28 43 14 0 0 57 28 44 47 0 0 0 0 0 0 0 0 18 19 0 0 0 65 82 49 0 0 0 4 0 16 20 60 37 0 25 0 58 0 59 1 0 0 0 81 39 15 0 0 0 15 0 0 36 0 0 0 0 49 0 0 0 0 0 14 47 0 0 0 41 0 44 0 58 0 26 61 0 0 7 0 0 0 0 9 0 0 10 17 0 0 28 0 18 7 30 90 31 42 0 48 25 0 1 0 13 30 0 77 19 0 0 19 25 11 82 0 69 0 0 44 32 3 0 0 0 28 0 43 0 0 0 0 0 0 59 0 0 0 0 4 9 46 43 30 0 57 0 0 0 16 13 11 0 25 0 0
 0 0 9 27 52 0 31 0 60 8 88 0 0 60 17 16 0 76 0 0 0 22 11 9 75 47 0 65 0 39 0 18 0 50 0 6 0 0 0 0 0 0 0 62 6 2 0 0 7 23 6 40 0 0 17 22 0 64 72 39 0 0 0 2 0 0 0 0 0 72 29 20 10 32 1 15 0 0 0 0 14 0 4 0 0 24 0 45 0 0 0 0 6 0 0 0 32 54 0 48 38 0 0 51 31 0 34 0 12 54 0 45 0 24 0 47 51 27 21 40 0 0 71 0 0 76 26 0 27 0 23 0 67 4 0 13 0 0 49 55 0 0 60 15 0 24 10 45 0 0 0 0 0 0 0 0 0 77 0 37 0 39 7 0 0 56 0 0 37 20 0 0 43 27 43 0 0 0 0 0 0 0 0 0 32 1 0 0 0 39 0 0 13 26 0 85 0 0 0 27
 0 0 0 0 0 0 0 0 8 52 0 15 0 9 13 0 0 44 88 30 42 17 0 0 38 0 0 0 0 0 24 34 0 0 35 59 0 16 0 0 65 35 67 16 0 5 52 0 0 0 0 0 0 0 0 0 0 0 0 59 0 36 0 44 4 45 5 0 0 3 0 17 16 19 0 0 37 0 0 0 32 55 4 0 6 0 26 55 63 14 0 55 26 0 45 42 54 6 47 30 0 0 0 7 35 44 33 0 53 61 23 0 7 13 4 0 0 0 20 20 11 21 77 0 0 0 0 23 71 14 0 56 0 0 0 43 0 0 16 67 0 5 3 0 56 76 0 0 0 0 0 0 65 0 0 83 0 0 15 26 0 0 2 26 0 21 0 0 0 10 63 52 0 0 0 0 53 43 19 0 0 16 0 0 0 26 0 0 61 16 16 0 0 0 5 48 15 0 28 41
 25 28 3 48 0 0 19 14 0 23 46 56 0 2 0 0 0 12 0 0 8 0 63 29 0 10 22 0 0 0 37 32 2 54 17 21 0 38 0 0 37 26 0 36 0 19 0 36 5 51 55 50 0 38 30 0 0 0 0 61 54 0 66 4 3 49 24 0 0 0 28 10 0 37 44 70 31 4 26 39 0 35 0 0 9 26 0 0 0 0 0 27 0 13 0 27 34 0 0 50 14 41 0 0 86 24 2 41 0 10 0 32 0 0 11 0 6 4 20 0 14 20 13 61 25 62 0 92 0 2 0 10 0 0 6 49 7 38 0 0 28 0 0 89 85 4 0 13 60 30 5 17 4 4 0 26 86 8 40 0 0 20 41 0 3 0 34 90 2 0 28 0 58 41 0 0 37 0 0 78 0 0 42 25 0 32 46 0 38 0 14 43 0 0 34 0 20 0 62 28
 0 11 43 54 0 36 34 52 0 0 13 0 0 8 50 16 0 0 0 0 10 32 18 27 0 0 39 0 0 0 37 15 0 0 12 39 61 0 36 5 14 0 0 0 36 77 18 0 1 0 0 71 0 0 0 14 3 0 33 43 83 44 0 0 0 0 0 7 82 0 8 0 2 55 86 0 29 0 58 87 4 37 0 20 0 26 0 58 29 3 50 26 9 0 0 4 10 0 45 0 40 23 0 3 0 4 9 0 0 14 39 0 0 56 0 0 0 75 39 0 54 12 0 2 0 52 0 11 27 0 0 70 0 46 0 41 0 0 67 23 7 0 0 0 0 53 0 26 79 0 25 0 40 18 0 0 99 0 29 14 59 21 0 0 24 0 44 47 0 26 0 0 0 0 26 1 85 0 0 26 0 54 60 14 22 0 0 0 13 0 2 0 0 47 20 0 0 0 11 0
 0 0 23 64 41 29 22 35 0 0 0 0 0 0 19 0 0 0 0 6 50 0 26 0 0 0 23 0 0 0 28 0 2 0 0 0 0 2 17 32 0 40 11 0 0 0 44 0 31 0 0 0 62 17 0 0 57 28 0 0 0 60 0 0 0 13 0 29 30 0 0 15 48 7 0 29 0 25 0 0 27 0 0 15 41 0 0 14 21 17 0 0 21 30 45 7 0 44 56 0 0 77 0 16 48 0 0 1 0 0 0 4 54 0 0 0 0 0 59 81 0 0 0 26 35 0 0 0 0 31 0 15 51 0 0 0 0 5 0 0 30 29 34 3 0 85 0 0 43 11 2 0 0 55 27 0 23 0 11 0 9 36 89 0 0 0 56 0 71 0 34 0 46 18 58 0 12 12 29 0 0 2 56 4 0 36 8 0 0 0 37 0 33 39 91 45 0 62 32 0
 0 15 0 6 28 47 21 0 0 0 0 0 22 70 0 6 0 0 8 0 43 33 0 0 37 74 62 20 35 10 0 0 0 5 4 0 1 0 0 0 0 0 43 0 0 0 8 14 0 0 0 54 83 0 18 0 71 0 0 0 40 59 73 53 0 0 0 0 41 0 0 0 15 0 36 0 0 0 0 0 27 31 0 62 45 50 0 59 27 8 0 0 24 1 12 0 32 0 69 6 39 5 36 16 0 11 0 0 26 0 0 0 30 0 0 45 0 30 0 0 67 0 6 6 17 47 29 0 0 25 2 0 0 0 0 38 0 57 0 0 68 47 0 0 79 0 31 36 0 0 46 0 0 49 0 0 0 0 0 22 0 53 4 34 0 10 29 6 0 71 0 53 0 9 7 0 48 0 59 9 39 0 0 21 0 57 0 28 16 79 0 27 20 29 15 0 0 0 90 43
 0 3 0 2 68 0 22 0 0 36 0 0 47 11 29 22 17 0 44 0 9 0 5 69 0 13 0 78 0 30 0 0 12 30 11 0 5 0 6 4 50 0 0 0 0 57 0 0 0 15 25 0 34 48 0 3 44 84 0 19 27 27 0 0 35 0 25 0 0 57 4 70 27 0 26 0 67 0 68 42 0 35 2 52 0 39 21 0 0 0 0 0 24 11 0 38 36 0 0 39 0 0 0 57 0 39 37 0 33 63 0 0 54 0 62 0 68 0 0 23 41 26 23 53 42 9 0 0 1 34 0 0 0 0 38 86 25 35 0 64 35 43 0 58 11 53 0 71 59 66 22 44 10 42 0 61 0 23 51 35 0 0 0 50 0 9 25 0 0 29 28 6 0 4 45 0 8 7 56 0 47 32 0 0 0 7 0 21 0 17 69 0 0 0 24 0 41 0 26 48
 60 0 0 0 18 8 0 0 0 0 2 32 49 0 34 70 9 0 87 0 0 26 0 0 0 16 0 41 37 3 0 51 74 77 30 0 5 0 12 21 0 47 0 0 0 0 51 13 0 0 58 32 65 64 34 60 0 0 15 33 2 0 8 0 23 45 0 7 0 0 0 2 35 22 0 12 28 19 0 0 0 0 41 0 0 41 0 0 0 0 0 34 76 25 0 55 28 0 0 0 34 0 35 31 45 0 8 8 0 58 0 7 0 0 77 0 22 14 40 44 0 0 0 0 0 59 7 26 0 0 0 31 0 60 15 8 0 46 0 3 0 23 0 55 0 0 0 40 9 0 0 0 40 0 0 0 0 19 0 0 0 44 0 0 43 0 0 19 0 0 7 49 0 0 0 16 0 0 0 0 11 14 3 11 8 0 53 0 37 25 23 56 12 0 0 2 0 16 0 0
 0 0 64 11 47 71 0 0 0 26 0 1 0 0 0 33 98 66 0 0 19 0 72 3 38 0 25 0 0 0 0 52 0 0 12 0 2 0 2 0 0 0 0 0 0 0 0 21 92 0 11 0 17 28 64 69 0 11 0 57 0 93 0 0 0 15 0 18 0 29 0 11 4 0 0 0 0 22 3 13 0 93 24 0 23 4 16 0 5 8 13 0 0 53 0 0 21 46 0 0 0 65 0 0 31 5 0 35 2 34 55 56 2 0 64 12 0 1 0 0 0 0 0 29 0 0 0 2 0 0 0 0 0 0 33 0 0 0 54 73 56 85 0 0 43 0 0 7 58 0 0 0 0 0 0 19 0 0 0 0 61 59 2 0 0 30 0 30 0 38 60 19 47 0 21 0 38 21 24 13 23 62 0 0 33 39 0 31 9 0 62 25 45 0 62 37 58 49 0 11
 0 0 0 0 77 0 13 38 18 17 1 0 48 15 0 0 0 0 0 0 0 51 0 0 0 27 0 0 6 39 0 53 0 0 0 0 0 0 65 58 0 67 58 0 15 0 0 0 61 45 0 0 0 21 8 0 79 16 1 49 31 34 0 0 0 0 0 0 78 0 0 0 0 0 18 32 30 2 0 0 58 43 0 7 86 0 0 16 0 0 8 14 0 0 0 1 17 0 0 0 0 40 23 0 0 3 86 0 49 0 45 0 0 23 0 0 78 0 17 8 2 7 3 33 0 0 0 67 4 0 17 95 54 29 33 0 48 10 11 19 4 42 0 21 0 0 58 0 8 0 25 35 61 32 0 38 0 8 66 37 23 52 29 75 0 0 0 25 8 0 50 46 0 25 28 0 47 0 61 0 0 87 23 0 13 10 20 13 0 0 11 0 0 0 0 0 0 0 30 0
 0 0 38 37 0 60 0 0 0 0 29 19 0 0 0 33 9 0 56 0 0 0 0 0 0 8 29 0 10 17 83 0 73 18 25 10 10 7 0 0 21 0 0 59 15 0 2 20 0 30 0 0 17 25 98 11 11 0 0 0 0 1 0 23 0 4 0 0 0 35 0 0 0 55 62 0 16 31 0 0 3 0 0 25 0 40 0 0 0 45 0 0 0 0 0 2 0 8 32 0 19 0 70 16 0 0 39 25 21 44 0 55 0 28 30 0 0 0 0 5 78 19 46 0 71 0 51 0 33 0 0 0 0 15 0 25 6 18 0 39 0 0 0 0 0 0 0 0 0 0 0 47 0 63 0 17 0 6 36 2 0 26 43 0 0 16 0 24 0 1 0 36 0 12 83 3 0 18 30 0 0 0 0 23 0 1 48 0 41 0 0 0 0 0 11 7 0 24 0 0
 23 61 52 10 0 0 14 0 7 10 30 0 0 53 0 0 0 0 17 0 0 0 10 85 42 0 53 0 0 10 39 33 63 0 0 0 62 0 0 0 30 32 89 0 43 0 80 0 51 0 0 0 32 0 17 41 46 20 0 4 40 0 74 0 9 0 0 1 35 30 0 56 6 13 63 0 0 11 0 0 0 0 0 0 19 0 7 0 57 0 29 0 0 18 0 0 0 0 0 3 12 8 0 0 2 0 0 0 19 0 25 20 43 0 0 20 22 0 0 0 0 0 58 0 75 0 0 75 0 0 0 0 0 68 4 0 0 6 0 51 0 0 15 1 7 0 5 18 1 0 35 21 1 29 18 0 17 29 0 76 0 73 39 0 17 31 27 0 0 0 24 0 13 1 66 20 25 0 56 16 0 44 0 4 34 21 0 30 0 0 4 45 0 0 6 4 0 0 0 0
 0 77 0 0 32 0 40 87 0 41 0 0 49 30 0 41 0 23 2 0 67 47 0 83 49 81 0 16 70 0 13 23 5 0 55 15 0 23 0 0 17 9 25 24 0 0 48 8 0 88 40 0 0 11 50 61 11 55 0 0 15 0 7 0 71 30 83 0 7 11 1 0 49 8 85 0 0 0 0 61 0 0 40 0 10 10 17 72 47 13 0 0 72 0 9 74 41 0 0 0 0 30 39 0 0 0 12 0 80 74 0 3 0 0 42 63 0 24 0 3 0 0 0 43 70 25 23 0 0 0 30 20 67 31 0 75 3 23 33 62 15 0 0 48 73 85 0 0 36 0 23 25 0 19 0 17 2 8 0 0 40 25 0 11 1 8 0 0 45 23 54 0 0 67 12 0 35 41 0 39 27 0 0 7 0 0 0 66 0 0 1 0 26 31 49 93 0 26 0 0
 75 16 43 32 0 17 4 0 47 66 0 0 0 30 0 10 0 0 0 0 21 19 0 0 83 25 48 28 0 0 0 0 0 6 0 0 21 0 0 17 0 0 75 0 13 4 12 2 0 0 41 0 2 12 0 24 0 49 0 25 0 11 76 0 36 26 0 0 0 73 0 0 54 35 0 0 0 63 0 0 0 14 17 0 12 0 0 38 0 3 0 0 0 43 0 42 33 93 0 26 0 15 55 58 51 0 0 66 0 13 15 14 0 33 17 31 22 6 0 0 13 0 0 0 22 8 0 0 0 71 55 0 0 0 0 0 33 47 0 60 7 0 31 10 0 17 18 42 0 33 0 8 15 0 0 24 0 0 4 0 30 0 27 0 0 8 58 0 0 36 56 48 0 50 35 0 0 0 51 0 60 23 0 0 59 0 56 72 17 0 0 54 19 0 0 78 0 0 0 0
 0 18 0 14 40 0 81 0 27 2 0 0 0 13 22 15 0 0 0 0 18 0 0 0 48 0 0 0 0 5 0 3 10 0 9 0 0 0 66 0 0 0 12 0 0 0 22 22 0 47 61 34 0 0 58 26 0 42 45 0 0 0 0 48 0 3 92 2 67 60 56 85 0 0 72 0 23 30 0 15 7 0 10 0 43 51 51 26 28 60 82 0 35 0 0 0 28 0 76 0 51 0 11 13 0 0 1 0 0 0 0 80 0 0 0 29 0 21 42 0 0 0 41 26 0 0 0 18 21 36 13 83 0 4 0 0 0 0 43 0 7 39 2 77 40 76 0 0 0 0 0 0 0 0 95 0 12 5 0 0 32 0 0 0 0 0 0 6 55 0 0 26 5 3 0 62 17 69 2 0 65 35 0 53 0 8 0 6 0 0 0 70 39 66 22 0 16 4 13 1
 51 8 32 0 55 0 6 27 0 0 0 12 0 3 66 13 56 0 7 9 38 0 0 0 0 8 0 0 16 11 66 89 0 0 0 38 54 50 0 0 0 0 0 11 0 0 0 0 72 11 0 0 0 32 31 0 7 10 46 19 3 0 36 0 0 0 0 15 13 0 13 55 0 0 0 0 0 8 31 0 0 12 0 0 0 78 80 41 0 0 0 19 52 8 44 32 0 15 0 22 46 0 0 0 42 0 7 61 0 54 13 3 31 6 68 30 16 0 3 0 0 0 10 0 0 55 20 0 0 54 2 57 8 54 0 33 93 0 6 0 0 28 0 56 69 61 4 27 0 63 37 0 30 85 0 0 0 0 2 19 7 51 0 14 17 0 0 55 20 0 0 57 0 0 0 0 24 38 75 0 12 0 0 1 8 0 30 0 0 72 0 0 34 0 5 72 0 0 79 90
 11 0 40 0 6 0 10 34 0 45 0 97 52 0 37 0 6 26 0 12 0 37 0 30 0 64 45 34 0 0 28 0 0 26 0 50 67 31 0 88 6 0 0 8 32 5 14 0 0 0 61 1 41 31 0 29 30 0 0 41 0 24 0 0 45 0 8 0 0 58 0 0 0 69 0 0 0 18 25 0 20 0 34 0 36 0 26 56 0 0 0 0 0 0 0 48 33 0 0 24 0 12 16 42 3 1 0 0 18 94 0 36 0 76 0 80 0 45 0 38 78 0 21 0 33 16 0 0 9 0 0 73 0 0 0 0 0 0 0 0 31 27 42 0 0 0 0 81 0 31 89 0 0 0 2 0 0 31 0 9 90 0 26 0 0 22 0 0 40 0 24 26 35 0 52 56 81 0 0 16 73 0 0 0 0 40 0 0 47 0 0 8 0 0 0 36 0 0 0 13
 0 0 11 0 0 66 15 15 60 11 3 83 0 0 73 39 52 0 0 0 0 93 0 11 54 27 0 27 0 14 0 0 0 0 44 3 0 31 0 0 0 5 12 45 53 27 54 15 0 0 0 11 12 0 86 57 0 0 22 79 22 0 30 21 0 41 0 16 30 0 7 0 0 0 28 0 79 0 0 0 0 38 0 6 14 16 58 84 0 0 0 34 0 0 0 0 0 42 0 0 71 50 4 0 0 0 62 0 16 0 0 18 0 5 50 19 0 11 0 18 0 47 0 0 10 0 65 0 0 0 65 0 26 7 0 0 28 31 0 0 0 14 0 0 0 9 0 37 0 7 1 25 0 0 0 0 0 0 0 3 0 0 14 17 83 0 42 0 0 0 0 0 0 0 33 0 1 98 0 0 22 0 6 0 0 0 29 66 56 0 48 0 0 0 0 0 6 0 0 12
 0 3 0 36 0 30 26 2 0 59 13 5 80 12 0 0 3 15 0 0 0 6 14 0 27 72 0 11 7 77 0 16 0 0 0 23 6 11 20 0 0 2 0 0 53 9 70 0 28 30 0 0 0 0 27 65 0 5 86 0 0 18 0 77 57 0 39 16 0 0 6 53 0 2 50 0 0 0 71 28 0 40 66 42 0 14 0 0 0 16 0 0 63 0 0 8 47 0 63 66 26 9 0 44 17 0 1 67 0 0 0 0 0 0 0 52 0 9 24 0 28 0 0 0 39 0 16 27 0 8 0 0 0 14 45 65 0 22 38 10 0 0 0 0 0 0 0 60 0 87 0 15 0 16 64 25 0 16 0 45 48 15 19 73 0 0 28 21 0 0 0 32 0 15 29 0 0 0 16 0 0 0 0 7 16 36 0 4 0 46 0 19 0 0 0 51 29 17 0 0
 0 7 0 0 0 33 0 43 0 22 36 0 43 0 2 26 76 30 0 0 0 0 36 34 0 0 46 12 0 55 0 0 0 1 0 10 0 0 52 65 73 0 0 52 43 3 51 13 39 0 0 21 0 0 0 11 0 0 12 0 0 10 72 22 40 0 29 0 0 0 0 6 0 2 0 0 61 0 0 0 18 9 39 0 12 0 0 0 13 20 87 0 68 0 0 21 0 0 7 0 38 25 21 0 0 27 0 56 0 87 0 71 0 39 55 9 78 18 0 0 0 0 28 0 0 0 74 43 0 74 14 0 53 0 0 41 0 34 21 14 0 0 37 40 0 13 0 0 6 0 0 14 0 0 0 0 0 0 56 0 0 0 0 0 24 8 52 0 5 1 0 62 0 32 0 41 60 0 9 0 0 1 0 24 50 19 0 0 10 0 33 0 0 3 0 79 23 62 38 0
 53 38 0 0 24 19 0 45 33 0 16 19 37 16 15 20 0 0 16 0 48 36 0 0 15 0 0 89 0 0 0 0 35 0 0 34 80 0 0 10 0 35 0 0 0 59 55 91 28 11 0 20 0 80 70 38 0 0 61 36 0 23 0 0 0 6 1 0 0 11 0 0 34 0 11 0 0 54 0 0 15 0 26 7 0 0 32 0 25 0 0 0 7 18 0 0 51 0 27 0 0 20 0 58 0 0 16 1 39 0 0 0 40 0 0 0 0 75 39 25 35 4 38 0 65 0 0 0 19 0 0 29 0 5 7 0 5 0 13 0 30 0 0 22 0 0 5 70 1 11 11 0 65 68 9 0 0 0 45 0 0 0 14 32 69 10 0 0 0 0 0 0 76 0 0 48 0 52 0 31 0 33 20 0 12 3 69 3 38 2 0 45 8 31 0 22 0 63 62 0
 0 0 33 81 0 80 0 0 8 0 33 13 0 0 0 44 0 0 0 0 0 0 46 0 0 27 0 0 0 0 0 0 0 0 0 12 0 0 0 31 49 0 0 0 0 0 59 90 32 0 0 59 0 0 0 0 0 49 0 0 0 0 72 3 0 47 0 0 0 53 42 15 0 60 7 0 61 0 0 24 62 9 0 0 0 10 0 23 0 0 0 0 0 59 2 42 0 0 0 0 0 0 7 82 0 63 0 23 25 80 6 0 0 51 3 0 44 0 51 0 39 19 11 0 28 5 9 0 0 0 0 0 26 20 12 0 0 0 41 0 0 0 0 33 56 9 0 34 44 64 37 0 7 0 14 25 81 8 0 0 56 34 80 0 0 0 0 0 0 0 20 10 7 1 81 24 0 0 40 0 13 76 11 51 13 0 0 21 0 43 86 73 0 18 0 13 0 0 25 0
 0 40 0 0 8 0 3 17 0 0 66 0 30 0 69 28 70 0 0 26 33 0 55 58 15 30 0 1 0 67 0 0 68 0 0 4 0 0 62 62 0 0 0 74 15 0 0 16 0 0 0 27 0 0 53 56 0 50 3 0 0 34 0 5 88 15 33 46 16 0 5 12 0 0 52 58 0 26 0 31 75 67 0 63 32 69 0 0 3 0 0 0 0 0 0 43 0 0 0 18 9 0 29 0 0 65 0 0 24 0 6 68 3 0 0 8 5 0 22 59 0 0 19 54 20 5 0 0 8 50 1 0 36 0 13 82 0 0 0 76 0 0 57 0 17 38 70 44 0 0 0 0 83 0 69 36 0 0 0 28 0 0 10 61 0 0 12 0 28 44 14 14 0 0 0 10 0 9 2 45 49 0 24 0 0 0 0 0 9 43 0 16 74 45 10 62 50 3 8 16
 0 0 0 0 41 0 0 19 0 0 0 0 30 0 62 0 0 63 0 1 26 45 79 0 78 15 52 74 0 94 56 0 33 54 49 1 67 84 0 19 0 0 57 0 18 0 0 0 0 0 31 31 0 16 0 0 0 0 0 71 0 0 49 48 0 29 77 12 0 0 0 52 31 65 0 29 0 0 22 0 0 73 0 0 0 0 18 49 15 0 26 47 0 24 0 0 34 15 0 0 0 15 0 0 53 16 0 0 45 45 0 69 18 0 21 0 42 0 0 39 29 0 0 0 31 50 54 0 20 55 84 0 31 0 0 0 0 0 23 0 82 0 3 5 0 21 0 38 3 0 7 39 28 13 0 0 0 1 73 0 8 0 39 0 6 0 29 28 0 34 0 38 0 73 9 0 0 60 0 0 6 0 16 0 0 0 0 72 0 5 80 15 18 2 5 0 30 8 0 22
 0 0 0 26 64 0 0 0 0 28 6 0 0 63 0 59 0 2 32 72 13 0 0 0 16 53 0 0 15 0 13 0 4 49 0 0 0 2 0 1 38 0 0 17 0 0 42 33 0 0 0 0 0 0 0 0 39 0 0 57 41 0 14 0 0 40 47 55 25 7 8 0 19 47 27 15 35 0 0 0 21 27 0 39 1 38 0 0 0 55 0 0 0 0 0 0 47 14 0 0 0 7 60 0 43 48 0 0 37 85 3 47 6 12 0 41 68 0 0 40 21 63 0 0 0 0 23 21 40 55 6 10 0 2 61 32 0 0 0 12 0 47 0 33 0 47 23 0 0 0 10 0 58 26 9 61 0 0 0 0 0 0 0 29 0 0 21 34 71 0 73 18 0 0 0 0 0 9 0 49 21 4 30 0 80 0 0 13 35 0 0 0 0 0 15 7 21 0 49 0
 10 12 24 30 0 0 41 0 0 9 75 70 0 0 0 16 97 0 38 59 26 0 21 0 0 0 45 24 51 0 0 5 0 55 0 4 82 65 0 80 0 0 0 48 66 10 28 0 0 0 0 46 0 34 65 0 0 57 0 0 0 0 59 0 0 0 0 73 0 5 62 0 15 0 0 0 66 0 40 0 0 0 0 0 0 8 0 0 2 0 0 0 52 0 5 7 0 0 0 0 34 35 0 0 91 54 0 0 0 18 9 0 0 0 23 58 0 0 0 0 0 85 18 40 0 0 0 14 76 24 50 0 60 0 0 0 48 16 31 0 0 0 11 38 64 54 49 0 49 0 0 33 54 28 0 33 24 34 52 0 12 0 0 3 20 0 3 4 3 0 0 0 24 15 3 0 9 0 0 88 10 25 0 37 18 0 20 75 0 0 0 0 39 8 31 11 0 84 0 33
 0 22 0 16 0 60 0 33 0 0 0 48 72 11 1 21 0 10 0 0 7 0 71 0 0 8 65 0 37 22 82 0 0 10 18 0 78 0 0 14 44 26 0 95 15 0 8 33 0 0 0 28 0 7 0 5 1 0 0 0 2 7 0 35 0 0 0 83 0 17 0 0 28 0 0 29 2 0 21 60 29 51 0 0 64 50 20 39 13 36 35 0 13 0 0 13 3 24 22 0 0 0 0 0 25 0 0 10 29 0 33 0 18 3 42 37 30 22 47 0 49 66 0 92 0 0 32 0 39 0 0 0 55 0 36 73 0 23 55 1 24 0 64 13 0 27 0 12 13 24 0 0 0 0 6 0 0 30 90 0 0 48 43 0 0 28 0 0 0 24 41 92 0 60 0 94 0 0 0 0 5 97 0 0 31 14 4 0 39 67 0 0 80 18 23 87 43 0 0 0
 9 6 46 49 10 0 18 0 0 80 0 0 0 0 69 0 0 0 64 73 0 9 61 0 0 0 0 84 0 80 62 59 76 0 0 23 14 0 74 0 72 53 48 0 0 55 24 0 0 14 1 0 0 0 26 0 0 33 0 0 0 0 3 50 0 16 44 21 0 0 0 0 0 19 0 0 48 0 0 0 0 2 0 0 0 0 21 0 1 0 0 0 18 7 58 0 63 14 13 0 53 0 0 0 27 79 15 0 0 0 0 9 47 0 0 0 57 0 0 0 0 16 55 39 83 0 0 78 0 0 0 39 0 0 0 0 20 18 12 13 0 77 82 6 14 0 0 31 0 61 0 0 0 0 68 0 0 0 0 51 4 60 0 0 30 19 0 14 16 0 11 25 0 32 0 0 45 42 0 10 47 0 23 46 0 81 0 0 55 0 0 0 0 35 14 5 0 0 35 40
 0 0 0 0 2 0 0 71 42 86 0 0 3 6 32 69 0 62 88 0 0 0 0 0 0 0 0 20 0 0 0 6 41 0 14 73 79 32 3 0 0 27 59 0 19 71 89 0 11 54 0 67 0 62 37 0 14 0 22 7 67 22 0 35 0 25 4 30 0 0 0 0 0 16 79 0 0 46 32 0 0 0 19 0 0 73 0 0 3 91 48 46 52 0 16 38 58 0 2 0 0 27 0 0 0 5 73 0 64 0 0 7 0 0 82 11 58 56 0 0 0 25 3 0 25 70 96 0 0 16 0 37 0 0 20 0 21 0 14 0 77 72 0 0 37 34 73 0 0 39 0 2 0 0 12 0 0 35 17 0 10 17 26 66 40 0 59 0 29 0 0 59 0 0 68 0 0 0 0 0 0 19 0 0 0 0 0 92 0 0 3 52 67 0 47 32 69 0 30 0
 14 25 0 0 0 0 0 58 15 0 0 6 0 86 0 15 33 48 8 48 0 0 0 22 0 65 0 37 0 27 0 0 0 34 0 0 0 27 0 0 0 48 0 4 46 20 0 0 38 0 0 46 71 36 0 0 3 0 0 33 15 0 69 14 0 73 37 29 0 0 0 0 0 56 0 0 0 42 42 0 0 0 0 14 0 0 9 54 11 7 66 79 32 0 0 0 32 0 76 61 1 85 0 33 0 1 42 0 3 0 9 1 0 11 0 0 0 38 0 26 0 0 8 0 4 0 89 63 0 28 0 37 2 72 0 26 0 19 0 22 0 0 0 70 55 0 76 0 0 2 68 1 0 0 0 0 38 68 6 0 80 0 28 0 37 58 32 22 15 0 0 48 0 70 47 16 42 17 17 0 0 5 59 0 0 0 64 10 0 41 0 0 55 0 0 17 66 0 0 12
 44 0 21 0 0 19 16 0 26 0 1 39 37 44 0 0 0 0 0 44 1 0 0 0 0 0 0 7 20 0 10 0 0 28 3 0 37 0 0 0 22 0 74 0 1 0 0 52 0 0 0 87 0 58 22 0 6 0 0 0 0 6 62 10 0 97 57 0 0 8 12 0 0 0 62 0 0 11 39 10 0 1 0 0 0 57 30 4 0 70 10 0 0 0 0 0 0 11 0 0 0 35 34 33 0 0 0 17 0 79 12 0 13 8 66 0 0 1 22 51 37 0 0 39 0 16 0 0 3 0 0 36 6 37 55 39 0 12 20 24 71 28 44 0 0 0 0 50 0 0 28 71 0 0 0 31 19 6 0 47 33 0 0 34 41 0 0 0 8 0 19 0 19 5 0 38 0 0 18 45 0 0 0 0 69 0 0 26 0 0 14 17 41 0 30 0 0 0 0 4
 0 0 0 0 0 0 0 15 42 32 25 0 0 5 0 89 26 0 63 0 46 15 0 0 74 22 0 92 0 82 0 30 0 19 0 15 5 3 0 12 22 54 0 0 0 0 0 6 0 97 0 0 0 11 41 0 0 0 0 65 0 0 0 0 24 0 10 0 41 0 83 19 0 36 29 0 28 10 0 85 24 0 0 0 0 0 8 64 2 0 14 82 0 0 0 0 21 0 0 47 0 2 8 0 0 68 0 0 40 69 2 0 0 0 3 2 33 0 61 0 0 0 0 0 11 44 52 0 77 0 0 0 26 0 1 53 27 18 0 0 0 0 41 0 2 22 10 0 28 58 0 0 55 0 72 8 0 0 0 77 96 0 0 0 27 0 33 7 0 0 0 4 76 0 0 44 8 87 33 11 0 0 27 0 0 0 82 0 3 44 20 0 4 8 9 0 0 0 0 56
 0 29 84 10 3 35 0 0 0 0 41 0 15 38 9 87 0 48 0 5 0 17 38 7 82 0 0 0 83 0 0 0 32 59 9 0 0 0 0 0 22 68 0 0 0 0 0 0 65 66 64 0 15 40 4 45 0 5 0 50 0 42 29 0 32 30 0 0 50 22 0 12 0 0 0 22 0 60 26 0 55 0 0 63 24 36 0 0 0 0 0 0 56 35 0 40 88 0 0 0 86 0 0 0 9 31 51 23 85 64 0 0 0 88 59 0 0 22 67 0 0 0 0 9 54 0 0 36 21 20 22 32 0 0 0 0 16 30 15 0 0 0 0 26 0 50 0 0 0 0 28 0 0 0 0 0 11 14 0 0 31 7 0 18 0 0 34 0 0 1 0 0 0 0 0 53 0 0 48 0 0 59 36 0 34 42 0 20 4 28 87 77 0 0 29 36 0 7 22 0
 0 62 0 0 0 28 19 0 0 0 0 90 31 42 0 0 44 23 53 6 0 24 0 38 9 0 0 0 28 93 0 0 0 15 15 0 66 2 24 0 47 0 0 91 38 63 36 0 21 27 53 0 8 0 0 24 0 60 0 0 12 58 2 4 0 18 0 40 49 21 24 74 29 31 5 0 21 3 0 12 0 52 0 16 51 57 0 11 46 41 0 6 0 0 23 19 0 0 28 3 15 28 0 12 84 1 0 44 20 0 0 0 0 4 0 16 0 16 44 0 0 0 0 29 54 33 2 78 25 0 70 0 17 60 0 0 0 21 0 47 0 0 0 63 12 27 0 0 0 7 46 7 0 19 58 38 0 83 12 0 0 32 0 0 60 21 0 19 0 0 1 0 88 0 66 39 0 0 30 51 6 0 0 0 69 0 8 0 0 0 0 39 40 0 0 0 9 14 50 79
 16 0 0 6 0 68 27 20 31 0 0 0 0 11 48 0 0 61 0 3 59 0 0 14 0 9 0 0 0 73 66 10 6 86 35 1 2 18 0 41 81 47 0 6 30 45 3 27 0 0 0 0 0 0 0 0 32 0 7 0 0 6 1 0 25 0 0 75 0 0 0 8 66 56 0 25 2 0 35 0 13 53 67 36 41 25 0 2 0 0 0 0 0 7 26 0 0 34 0 0 0 0 80 9 0 0 0 3 9 0 45 0 0 0 10 21 46 0 20 45 3 0 44 23 0 0 0 0 23 0 12 34 32 9 0 0 0 0 0 0 71 0 0 0 0 16 0 2 22 0 48 0 0 26 0 0 36 0 0 0 0 0 38 0 0 0 0 0 0 0 0 30 4 0 0 12 0 2 33 0 11 0 0 0 0 51 0 0 0 23 0 0 0 0 0 42 8 34 20 70
 51 0 69 0 0 57 50 24 72 2 31 34 20 40 11 46 0 0 0 0 0 0 0 15 7 80 0 62 74 0 25 30 12 0 0 0 0 51 0 0 64 13 0 18 20 0 0 0 46 2 46 0 0 15 48 0 0 49 43 57 0 14 9 0 69 0 0 0 0 0 0 2 0 0 0 7 0 54 69 32 47 9 66 0 38 0 77 0 3 31 0 0 0 0 66 0 27 0 17 84 33 0 14 23 12 54 0 20 33 0 54 0 0 21 0 18 0 1 0 0 0 11 0 0 5 12 0 0 0 24 0 0 79 51 15 30 0 96 66 0 0 0 0 15 56 14 0 0 74 0 8 0 0 0 0 16 34 46 0 0 28 77 90 22 58 0 0 0 47 58 0 0 0 0 0 24 0 0 0 0 85 0 0 45 23 0 19 0 0 46 39 53 20 24 0 82 2 18 10 17
 0 0 0 0 30 0 70 72 14 0 2 0 21 45 15 40 0 22 36 0 0 0 20 13 0 14 0 0 0 0 35 0 44 0 68 0 83 15 0 0 1 0 13 12 41 0 0 5 0 0 0 8 0 5 6 0 0 39 0 92 0 0 51 0 0 4 27 33 38 19 0 0 46 0 66 10 0 0 39 48 0 4 7 0 0 0 25 26 23 25 56 27 0 98 0 0 75 0 24 13 0 33 4 15 0 7 0 0 0 0 22 0 0 49 0 0 18 0 0 79 59 0 11 55 68 45 0 0 26 35 0 0 0 65 8 26 0 7 81 0 17 0 6 0 0 83 0 18 0 0 2 0 57 0 0 0 31 0 12 0 0 23 7 5 23 1 47 0 11 0 0 36 0 0 0 14 67 49 0 0 0 0 0 56 30 1 58 6 29 55 0 0 5 0 0 0 2 21 19 19
 0 23 47 0 36 42 0 11 0 58 0 0 0 0 45 0 0 51 16 0 61 49 0 0 0 87 10 0 0 0 0 48 0 20 0 12 15 10 0 0 18 0 0 0 26 50 77 47 77 0 34 90 46 0 0 1 33 81 14 17 19 0 29 15 6 0 0 15 58 0 0 0 0 15 25 20 0 0 67 5 0 31 48 82 59 9 0 35 0 0 0 0 0 73 0 0 0 11 23 0 32 51 58 0 0 0 0 31 0 25 56 26 2 35 0 0 0 0 0 0 5 0 28 0 6 0 69 0 0 19 10 53 0 0 100 23 52 0 0 50 0 0 0 8 40 66 55 53 0 0 0 62 47 0 0 20 5 7 24 72 40 19 79 4 73 57 13 0 28 47 0 0 0 0 19 0 72 15 18 0 27 69 28 11 0 0 13 10 0 4 46 18 3 61 30 0 5 61 0 0
 22 53 28 75 0 30 0 11 57 0 0 37 0 0 0 42 63 0 38 0 7 0 0 59 12 64 0 0 0 0 0 0 19 20 35 17 0 0 56 43 0 0 8 97 16 64 0 24 0 34 5 27 14 0 0 21 21 0 16 0 0 0 0 0 35 10 0 9 0 60 55 0 0 0 0 0 0 9 48 19 36 0 0 59 3 8 0 16 0 38 0 0 40 19 0 0 57 0 0 0 0 25 0 0 0 10 0 0 58 0 27 45 0 11 28 0 0 11 68 0 33 0 53 0 18 3 0 0 0 0 28 34 0 0 0 77 7 0 0 24 10 0 0 4 14 0 0 71 0 35 0 41 16 0 14 0 0 56 8 0 0 0 23 0 0 0 45 0 5 25 0 40 0 0 29 30 14 7 0 0 0 26 0 0 0 26 15 0 0 29 0 0 0 0 40 0 92 35 25 0
 0 14 33 3 50 0 0 0 0 0 51 0 0 0 5 45 7 24 0 0 0 0 16 78 37 0 3 70 35 0 0 0 27 44 0 0 0 0 0 0 0 47 0 0 8 50 14 0 76 0 0 0 0 80 33 2 34 0 13 9 46 34 48 11 0 29 0 0 11 64 19 25 0 39 10 0 32 18 40 0 7 0 27 54 0 0 2 0 30 0 0 39 47 0 62 0 0 7 37 0 19 24 76 0 0 48 0 0 53 0 0 69 0 47 0 39 9 0 8 13 79 59 0 56 0 0 45 80 0 0 23 64 67 49 0 0 81 50 0 55 44 0 71 9 0 0 46 67 0 76 48 20 10 0 0 0 0 0 0 13 0 38 35 0 0 0 0 0 54 4 0 0 59 0 0 33 15 30 0 81 0 0 23 0 0 19 0 0 12 0 0 0 4 0 0 0 28 0 8 0
 16 38 0 18 14 93 0 0 0 0 0 20 13 0 68 46 29 39 83 16 36 4 23 58 0 66 0 0 39 0 0 0 15 6 0 0 3 17 0 0 93 38 0 8 26 0 0 0 21 21 22 0 0 26 0 14 0 0 0 0 0 0 0 58 0 0 28 26 0 27 0 0 0 2 0 0 22 0 0 19 0 0 57 23 68 0 48 0 0 0 55 0 0 0 0 0 0 33 25 0 62 0 0 0 0 40 0 0 0 0 0 54 10 17 0 0 0 48 68 51 39 17 0 0 0 10 0 0 0 0 0 18 0 0 19 67 0 36 44 0 21 9 5 2 7 0 66 40 0 85 0 0 0 0 0 38 0 10 31 4 0 0 62 40 0 10 38 14 0 23 0 1 0 26 0 0 23 0 27 0 0 19 70 29 28 24 24 34 0 0 0 0 28 2 9 9 13 19 0 19
 0 34 58 0 52 0 11 25 37 29 12 0 0 31 35 38 19 0 0 0 33 0 46 0 79 0 0 0 0 2 19 0 0 67 0 0 0 37 0 11 60 0 14 0 31 0 0 30 0 58 0 0 0 0 0 0 0 0 0 0 0 0 70 0 6 0 0 0 0 0 0 0 0 17 35 0 3 11 44 25 5 0 31 46 0 29 3 17 0 55 69 22 68 45 0 73 0 0 0 76 0 86 24 17 21 0 0 21 58 0 47 0 0 67 85 0 0 0 0 9 0 10 0 0 0 0 22 0 77 0 32 4 0 0 93 74 22 0 27 59 13 32 0 68 26 53 47 17 0 0 0 0 1 0 0 0 0 36 44 44 0 0 18 0 0 0 73 0 0 1 0 0 0 0 52 0 21 4 42 21 15 0 0 47 0 0 0 7 0 21 0 0 0 17 0 0 0 0 38 9
 0 0 0 0 0 0 0 0 25 0 66 0 18 0 0 0 0 0 43 42 30 0 0 0 4 57 7 0 56 28 33 0 0 80 2 0 53 39 46 56 25 0 0 0 0 0 5 0 0 8 0 0 13 3 36 38 0 0 18 83 0 37 0 0 66 31 7 0 9 1 0 70 19 38 0 30 32 4 0 0 18 0 16 76 0 0 0 0 0 1 35 0 0 19 1 71 0 0 0 23 0 35 45 0 0 0 0 0 0 0 0 46 22 7 20 0 0 15 21 0 45 0 7 0 0 65 0 0 76 30 0 22 6 16 0 0 0 11 0 17 0 0 63 19 0 2 0 17 0 0 38 2 0 62 2 0 13 93 0 0 0 0 37 31 0 0 0 25 0 38 0 58 0 32 12 2 0 0 0 0 39 3 43 0 11 24 35 0 0 0 0 0 0 0 0 25 0 30 45 0
 31 0 45 44 14 0 12 4 0 0 7 0 0 0 0 0 0 31 0 0 0 0 18 53 0 0 24 0 18 0 0 1 12 0 25 89 56 0 0 0 0 0 17 0 0 0 32 1 0 23 37 0 0 59 5 0 0 71 0 50 48 69 0 0 0 0 2 4 0 2 0 0 22 0 0 68 0 34 0 1 34 13 10 5 1 66 0 10 52 8 0 0 7 26 93 0 0 38 77 0 0 0 0 0 25 0 0 77 7 0 0 0 9 0 7 4 69 0 1 48 0 5 4 0 18 0 16 0 0 6 50 0 9 0 39 0 0 0 0 0 99 78 39 8 0 0 0 9 3 0 0 35 78 20 0 0 0 0 0 0 25 0 0 0 0 4 76 14 39 13 8 0 15 44 13 24 0 0 0 61 0 14 55 7 0 23 0 11 0 0 0 0 0 0 64 0 0 0 0 47
 0 0 0 0 74 18 50 39 0 0 0 0 0 0 47 0 56 79 53 44 0 0 0 13 27 24 0 40 38 37 0 73 1 0 37 0 0 23 0 7 0 0 19 67 0 13 0 0 21 4 93 0 0 48 8 14 8 0 39 68 0 0 12 36 42 25 17 0 0 7 0 44 25 10 21 14 2 0 0 0 0 53 80 0 62 0 0 0 74 0 0 0 25 0 38 0 0 9 0 69 57 0 0 0 0 0 0 38 9 10 12 0 0 0 0 25 3 36 29 33 70 0 9 49 0 0 11 0 33 9 4 58 22 52 51 6 43 0 0 91 0 5 45 40 40 0 64 44 25 14 31 0 0 0 31 18 0 0 51 0 31 64 96 0 20 0 5 18 0 0 0 44 29 0 34 0 55 0 0 0 0 66 64 0 0 0 7 34 2 0 0 14 0 39 0 0 18 0 0 0
 31 18 0 0 92 0 0 34 33 0 8 0 0 31 0 38 14 0 0 46 12 0 69 65 6 35 19 68 13 17 20 23 0 0 72 0 0 0 0 0 0 0 12 64 0 0 21 0 0 0 5 0 30 0 0 0 11 0 0 13 3 0 59 0 0 0 0 40 66 0 48 0 74 0 0 0 0 62 49 0 0 0 0 65 0 16 0 0 0 20 3 0 0 0 0 73 35 0 0 11 16 0 5 12 3 20 15 1 0 23 0 0 12 0 4 72 0 82 66 0 0 57 0 0 0 10 6 0 0 46 42 82 11 0 12 23 0 0 24 0 0 0 3 52 48 0 9 53 28 2 11 0 79 0 42 0 0 0 0 86 0 1 4 50 0 0 0 0 0 0 0 0 0 46 0 0 22 35 78 0 13 0 8 81 44 0 52 0 0 0 22 99 0 0 0 43 0 0 0 0
 0 2 0 6 36 0 70 59 0 20 23 19 19 47 0 54 0 0 35 0 0 0 44 0 0 0 25 0 0 0 0 0 63 0 85 29 0 1 0 0 0 0 52 0 20 28 0 0 44 22 60 17 14 2 0 0 11 0 20 0 24 29 0 68 0 0 8 0 45 0 3 0 0 0 0 37 7 41 0 50 0 0 6 31 0 0 50 0 0 1 0 0 0 18 22 8 0 0 18 0 32 0 78 0 0 5 0 9 0 0 0 0 0 22 22 27 0 0 0 25 0 0 0 0 0 44 0 1 17 0 0 39 0 1 0 0 0 0 0 0 0 0 0 81 41 14 30 9 0 47 40 0 64 0 69 0 0 0 37 0 0 0 0 0 0 0 86 20 13 75 0 40 0 0 0 0 8 0 33 2 0 24 0 0 7 0 0 0 52 0 80 0 0 43 0 5 9 20 0 11
 0 1 0 0 74 33 0 0 29 91 55 0 0 42 3 66 38 0 3 12 79 47 0 84 18 0 0 0 5 83 0 82 0 0 0 0 28 0 0 0 0 69 19 0 0 0 0 0 24 34 0 17 0 43 0 7 19 0 82 8 0 0 0 50 26 76 0 0 43 0 0 4 0 27 66 0 0 21 0 46 0 0 0 0 68 9 41 80 0 0 0 0 39 0 0 0 0 14 0 0 30 14 0 0 69 0 33 42 0 0 72 0 0 26 28 12 2 56 0 0 22 48 0 6 0 0 0 36 0 20 0 9 0 42 0 0 16 0 0 74 19 0 0 0 94 49 0 0 0 22 0 29 13 44 0 50 0 0 0 0 55 21 0 0 0 70 0 0 0 0 6 9 17 0 0 0 0 60 7 84 61 21 0 0 0 72 8 0 0 0 47 0 27 56 1 15 51 0 24 0
 8 54 37 0 0 0 0 53 67 0 86 37 34 60 0 70 0 0 0 0 0 0 47 0 0 0 50 0 0 0 0 32 4 7 2 54 40 19 0 0 0 15 0 0 0 16 0 0 57 63 27 26 0 0 70 33 12 43 1 77 9 72 16 4 0 0 0 19 19 0 0 38 0 0 2 0 0 38 22 30 22 52 0 0 20 0 15 13 0 0 60 54 0 0 0 7 17 0 0 0 0 0 52 0 41 26 2 4 75 0 0 0 0 29 0 14 0 39 0 0 0 0 0 0 7 0 6 17 0 0 0 0 0 0 0 69 36 25 0 0 50 59 35 0 0 64 0 82 44 0 0 0 0 0 16 12 43 0 0 0 0 0 0 0 0 6 23 0 0 0 0 31 43 34 2 39 13 48 40 4 0 40 32 26 50 22 0 0 0 43 34 35 0 52 0 0 0 36 0 0
 7 0 0 0 0 0 5 40 0 0 0 27 0 0 0 19 19 0 0 0 0 0 0 25 6 6 70 0 0 31 0 20 50 24 0 8 26 66 0 79 0 71 0 12 0 0 21 25 0 37 0 34 0 16 43 44 29 0 0 35 0 44 0 0 0 0 33 7 0 0 0 0 14 0 0 19 1 39 4 0 80 46 54 0 28 53 0 42 46 4 51 0 27 4 56 17 0 0 2 2 45 16 0 10 11 80 0 2 0 31 0 42 0 21 0 18 18 0 32 0 2 0 0 0 50 0 0 32 0 66 28 90 51 16 0 53 0 0 0 8 65 0 0 0 13 56 3 0 7 0 52 0 44 48 0 0 0 0 0 0 20 29 0 19 35 9 36 0 55 0 0 5 0 0 0 1 0 17 85 0 24 0 2 0 0 0 0 5 0 0 45 34 77 29 44 77 19 0 0 0
 46 0 0 68 38 10 6 39 11 0 0 20 0 0 0 23 0 31 0 0 0 76 12 51 13 0 0 0 2 0 0 0 22 0 19 55 24 0 0 0 67 0 0 0 7 11 0 25 10 51 14 20 0 40 0 80 0 0 25 42 0 45 43 0 2 0 0 8 38 0 8 2 0 70 0 25 93 0 0 83 63 0 0 78 0 0 50 50 0 10 0 0 63 12 12 77 14 0 11 0 0 39 0 0 0 0 55 7 0 73 0 44 0 0 0 0 42 0 0 0 0 6 1 0 0 24 6 0 32 0 41 0 6 0 0 0 0 0 0 0 0 0 0 0 52 0 12 64 0 53 70 31 70 20 0 0 0 0 17 27 25 6 0 0 46 14 0 0 0 0 8 82 0 0 0 59 18 0 0 36 88 57 1 32 0 72 0 0 28 0 0 28 0 31 49 0 26 14 0 0
 18 25 0 73 0 56 0 63 18 18 6 0 0 46 20 43 33 43 0 0 0 0 0 0 0 0 87 0 18 0 8 0 0 23 0 0 59 3 0 0 10 0 0 0 0 0 12 0 0 18 0 0 4 0 0 39 0 0 0 10 60 26 31 0 0 50 19 0 25 40 0 14 0 55 0 61 14 0 0 0 45 48 37 0 7 0 0 29 20 0 0 0 0 0 8 72 0 51 29 0 0 0 5 0 0 0 0 17 0 0 1 9 88 89 43 37 0 0 0 5 0 22 0 0 31 66 9 94 0 38 15 0 0 72 54 21 43 36 49 12 0 0 0 1 68 0 0 2 49 0 0 32 0 0 0 24 0 0 60 3 0 0 22 43 32 0 10 87 6 31 0 34 43 13 0 0 26 13 12 0 0 0 8 0 25 0 0 0 5 0 0 0 0 0 2 5 0 0 0 0
 0 26 0 18 36 11 42 0 34 0 0 0 0 0 4 17 52 23 0 40 0 44 82 0 20 7 0 0 5 10 22 0 0 0 17 34 0 20 0 0 0 40 0 17 26 36 6 69 0 45 51 3 52 67 0 52 85 34 0 0 0 0 0 0 0 0 0 24 0 57 0 27 0 0 39 0 16 0 2 13 0 0 0 0 69 76 48 0 0 0 0 34 2 0 11 0 0 23 3 0 54 0 14 0 11 16 42 22 4 84 0 19 0 0 0 0 57 0 0 14 22 39 3 0 0 0 0 24 0 11 0 41 36 6 9 0 0 0 15 60 82 0 0 0 0 0 34 0 37 75 0 7 0 0 0 0 56 0 77 0 0 0 40 18 0 0 0 8 0 31 49 24 56 41 12 33 48 48 3 12 0 0 16 74 0 0 6 0 0 0 28 0 16 0 1 69 34 0 0 8
 0 0 1 23 0 0 0 0 4 0 50 4 9 2 13 7 15 0 7 0 11 29 0 39 0 34 35 10 0 8 54 55 0 0 25 67 20 0 65 6 0 0 39 5 0 31 70 20 51 0 38 0 2 56 0 0 0 0 7 25 18 54 0 4 0 24 25 36 41 0 33 19 73 4 0 14 0 58 37 0 0 0 0 17 3 0 0 0 35 71 2 10 0 56 68 0 16 7 10 0 0 0 0 0 15 72 0 0 0 0 48 12 0 0 0 1 8 0 0 16 0 0 18 33 29 18 0 0 6 0 0 0 0 0 58 68 0 41 2 0 40 0 0 0 0 37 0 0 15 4 11 0 46 0 4 0 0 10 41 0 4 0 22 0 0 67 11 4 0 20 0 0 0 15 12 0 0 0 0 35 0 0 0 91 0 0 0 33 18 0 9 7 26 0 0 0 40 0 0 0
 23 47 11 17 0 57 26 2 0 70 71 82 9 7 0 35 15 14 24 24 85 2 60 0 0 0 0 26 75 0 0 0 41 19 50 52 19 32 0 74 1 24 2 42 0 4 0 16 0 35 0 68 0 0 0 47 0 36 0 0 0 47 87 0 68 0 0 65 10 6 0 17 34 59 0 0 32 22 14 79 96 34 0 17 0 0 0 0 0 52 0 0 0 0 0 18 0 56 17 0 44 48 10 0 81 21 0 0 0 0 0 50 67 38 0 0 0 10 47 56 0 52 0 30 52 0 0 0 68 0 0 8 22 40 0 0 0 46 15 0 0 25 7 1 0 9 8 0 0 0 35 67 0 0 33 0 56 44 40 31 0 16 0 0 13 0 0 66 0 32 44 0 32 47 14 26 0 10 59 38 0 0 0 43 0 11 0 0 46 24 0 58 74 0 49 0 0 0 0 5
 23 0 0 0 0 0 7 0 0 0 0 47 0 43 0 0 0 0 0 0 46 0 49 0 21 39 0 0 11 3 25 19 0 1 0 10 0 0 76 39 37 9 0 28 22 0 0 1 59 0 21 78 0 2 22 0 25 0 0 0 84 0 63 0 32 0 0 9 34 0 15 0 14 0 0 36 28 0 37 24 0 0 20 0 0 0 0 0 2 11 11 17 0 0 0 0 0 65 0 0 0 45 56 0 0 21 0 22 0 3 0 25 0 3 17 22 20 0 0 0 0 0 0 17 71 27 23 0 0 12 14 54 9 0 0 0 0 9 0 78 0 43 0 0 0 63 0 0 1 62 0 68 42 28 0 4 39 0 0 0 0 84 0 26 0 0 0 10 0 0 11 0 0 20 0 48 0 0 30 0 6 0 0 29 0 37 42 0 0 0 43 0 57 19 19 10 0 0 64 28
 29 0 63 0 40 8 0 8 0 12 0 0 32 0 12 0 0 0 80 0 0 0 67 18 5 6 0 0 0 17 0 0 59 13 0 28 19 0 0 13 0 4 8 0 0 0 30 40 0 0 30 53 6 0 0 0 71 0 0 60 0 18 58 24 9 18 0 0 45 0 0 0 0 0 17 0 17 34 28 0 0 0 0 0 9 0 0 3 0 35 0 0 34 38 50 7 19 74 86 0 0 0 0 0 84 16 0 0 0 0 20 28 0 21 37 0 17 0 33 31 0 0 0 49 10 56 31 15 11 23 0 0 1 16 54 0 91 49 24 0 0 5 54 14 0 62 0 0 19 63 50 55 0 6 0 46 58 23 0 0 66 0 0 53 0 1 19 65 13 57 0 15 13 17 1 35 27 48 0 46 54 3 0 41 24 31 0 15 8 76 0 0 0 23 63 49 0 1 0 0
 63 0 55 62 66 69 0 41 0 0 0 42 4 0 10 0 20 9 0 35 0 0 25 44 0 26 0 81 0 0 0 10 0 4 0 71 19 0 0 73 72 48 0 0 78 0 48 30 0 0 0 51 0 0 0 0 0 26 53 0 0 0 6 12 88 11 32 0 0 11 56 0 15 0 0 5 0 86 0 0 0 0 17 46 67 0 72 0 0 68 0 87 0 39 0 0 20 99 0 32 7 0 74 86 67 25 1 8 0 80 4 0 78 0 13 0 30 0 0 0 24 0 12 0 0 0 3 86 0 76 0 15 12 81 29 0 27 45 45 0 10 0 0 0 40 0 28 11 1 28 0 0 38 34 23 7 3 0 0 65 11 0 0 0 0 6 0 55 58 0 54 77 0 0 0 0 66 0 58 36 0 0 0 13 43 0 0 73 0 56 0 57 0 0 60 10 22 0 0 0
 35 2 40 60 9 44 8 0 75 23 0 0 0 0 0 0 0 48 40 11 20 0 1 37 30 0 0 41 0 0 13 0 0 0 89 0 66 7 17 60 0 0 0 0 52 11 68 0 0 56 11 0 0 0 36 0 42 0 0 0 0 0 0 0 0 0 43 56 58 27 0 43 1 36 25 0 0 40 5 0 0 12 0 44 2 43 0 0 36 0 6 10 12 0 74 0 0 22 0 0 16 52 18 0 3 0 0 0 32 0 0 1 8 25 13 0 22 61 0 0 4 0 0 27 32 4 7 0 0 17 0 10 0 16 0 36 63 0 1 32 69 0 72 40 0 0 18 16 0 63 42 14 0 0 0 8 14 39 28 49 0 24 0 53 53 0 58 65 0 0 71 40 0 0 0 12 0 27 13 0 23 0 9 0 0 8 0 0 33 45 0 9 0 46 29 60 0 0 15 13
 11 0 0 49 64 0 56 51 0 0 78 0 0 0 18 0 19 23 12 13 52 3 80 0 0 0 0 69 0 0 0 0 29 6 0 0 0 0 35 0 7 41 15 48 0 43 35 0 0 49 73 6 0 0 0 35 58 0 0 26 0 0 53 0 0 0 3 0 23 22 0 0 49 0 45 0 64 1 19 0 94 30 59 0 32 62 91 22 0 0 3 18 0 31 29 0 0 77 29 0 0 0 28 23 1 29 53 20 0 0 9 0 35 23 55 31 29 4 0 74 3 71 0 10 22 75 0 0 72 0 87 0 0 0 0 8 44 35 35 0 94 49 51 6 38 0 32 42 69 0 44 0 0 0 0 0 77 0 8 44 22 34 0 0 0 12 0 38 0 3 2 0 73 0 3 0 0 7 54 0 7 0 17 11 0 0 0 0 37 83 7 24 0 0 0 0 0 85 0 1
 0 47 44 36 0 0 0 0 18 0 31 73 0 0 80 0 0 15 0 50 0 21 47 0 0 0 3 0 2 89 69 0 0 0 76 0 0 50 20 13 34 0 0 31 0 71 4 21 0 6 6 34 0 0 21 29 0 59 0 0 3 90 56 0 86 0 46 0 0 0 0 33 0 0 0 0 9 39 18 13 43 0 0 66 43 0 22 0 0 0 0 0 0 39 12 0 0 0 28 0 51 17 26 0 0 12 0 0 0 0 18 0 13 0 15 0 40 92 0 75 0 60 0 0 9 0 0 0 7 0 0 43 0 17 0 0 33 0 0 0 53 10 52 5 6 0 3 50 5 57 0 0 54 0 63 0 42 51 25 40 0 5 0 5 0 0 0 51 15 0 0 0 58 17 66 13 25 0 0 56 0 0 0 0 0 18 33 0 20 1 22 0 13 27 22 0 2 0 53 0
 0 0 0 0 0 14 0 73 0 17 0 65 0 0 16 0 0 34 0 0 0 12 20 0 0 0 0 0 22 0 0 0 0 66 23 17 0 0 0 61 0 0 0 0 33 0 74 0 16 1 0 0 17 99 42 26 0 61 28 0 21 0 3 8 58 8 12 11 18 0 0 0 0 0 0 0 0 0 61 51 0 21 0 9 47 63 0 0 0 0 0 28 6 2 0 0 0 19 0 0 0 0 24 0 22 35 0 0 42 86 0 38 0 37 10 10 0 0 44 12 0 51 0 0 4 0 0 14 65 42 0 40 32 0 0 0 37 0 0 49 41 0 66 0 11 74 18 0 0 0 0 0 1 45 33 0 0 0 49 0 0 0 59 6 12 47 0 24 50 0 0 0 0 48 0 52 60 8 88 75 19 38 43 84 0 61 0 0 17 0 58 18 86 0 0 20 0 0 10 0
 0 13 0 30 95 0 57 0 76 0 0 0 90 0 7 37 62 0 0 38 24 0 0 0 0 0 55 1 0 25 38 15 0 0 0 0 0 0 0 0 30 0 83 5 0 0 63 0 23 37 39 27 39 81 0 0 0 64 34 0 0 0 49 13 13 0 0 88 16 66 13 26 0 85 52 0 1 83 21 12 0 0 38 67 0 52 0 7 0 0 40 4 76 51 0 0 54 0 0 8 0 16 0 0 75 9 0 0 0 50 25 32 0 0 0 0 20 5 13 0 12 59 38 18 0 1 19 0 0 35 73 66 4 17 0 8 0 0 0 6 16 46 0 89 24 14 54 0 0 49 17 0 58 9 0 0 0 0 61 75 38 0 0 0 0 39 8 1 16 30 15 46 0 61 0 21 0 37 83 0 0 6 0 35 55 0 0 0 7 19 0 0 0 0 59 0 22 0 0 0
 0 9 0 25 0 1 14 14 0 89 11 44 0 42 9 21 0 31 0 58 3 33 0 0 0 0 0 0 0 6 0 26 17 6 89 0 0 0 0 0 57 48 40 10 38 0 0 16 0 0 0 0 31 8 0 0 0 0 0 0 0 40 0 57 0 9 46 0 0 0 0 18 0 0 9 0 48 0 0 79 0 15 24 0 0 22 0 5 0 63 14 17 87 0 4 0 0 63 33 57 0 0 12 26 37 0 0 64 38 0 0 0 0 0 22 0 54 35 0 4 0 58 0 39 0 0 0 0 0 0 11 35 0 39 0 51 20 66 0 54 0 0 54 0 0 58 0 0 24 46 0 32 99 0 0 26 0 1 34 0 27 25 0 26 0 0 14 42 29 67 0 19 24 0 0 20 0 0 0 0 19 0 17 0 0 0 84 0 58 26 2 0 0 28 0 0 14 84 10 96
 30 4 1 0 0 19 0 55 39 89 0 47 0 48 20 24 16 0 13 9 0 0 0 4 5 0 25 0 5 0 0 50 23 0 0 57 0 29 14 25 25 20 19 20 0 0 51 0 65 21 0 0 0 0 0 0 2 22 0 0 33 42 35 0 34 0 0 0 0 50 4 27 57 71 0 57 0 0 0 0 64 66 0 0 48 0 0 59 0 69 6 42 88 0 0 58 24 0 26 0 0 0 0 39 0 0 0 0 0 0 12 39 0 71 16 0 41 3 0 71 67 18 65 0 0 0 16 7 11 0 0 12 0 0 0 7 0 20 3 31 19 0 0 22 0 22 0 0 14 17 45 0 0 16 58 0 0 0 0 24 0 25 0 74 22 0 0 42 61 0 51 82 23 0 0 0 0 16 34 0 14 5 0 79 31 29 37 0 45 81 0 0 37 0 34 52 16 14 0 33
 0 32 4 48 3 48 0 0 0 0 36 0 19 0 0 22 0 0 4 0 17 20 0 0 0 0 23 0 18 38 1 63 0 0 0 0 23 0 46 0 0 46 3 0 15 62 88 0 0 19 0 0 9 27 72 0 0 16 0 81 47 52 44 0 2 0 0 0 0 0 15 7 0 0 16 0 0 0 0 0 0 70 0 0 45 78 0 30 57 30 33 34 87 0 0 0 7 0 0 0 31 0 0 64 63 0 0 0 0 23 0 6 75 0 0 0 38 0 0 0 0 5 54 0 47 0 0 50 25 29 72 0 0 0 0 0 0 0 0 0 21 0 0 16 38 16 17 54 0 0 0 6 14 21 59 12 77 35 0 2 65 9 98 0 14 0 0 0 0 22 0 7 0 4 0 0 37 0 28 9 0 19 0 13 33 52 8 0 0 6 72 19 22 49 0 0 49 9 0 0
 62 28 0 95 11 0 3 21 0 84 44 6 24 75 30 0 0 16 0 12 3 22 46 0 0 5 0 22 0 43 0 7 27 2 42 19 0 0 0 8 5 0 0 0 0 0 3 24 0 72 0 0 0 0 30 0 0 0 0 0 62 0 31 17 100 0 0 54 0 0 0 0 0 0 0 0 0 55 52 12 0 50 13 0 16 28 29 0 0 24 0 30 18 0 0 31 0 28 0 6 14 23 0 0 62 54 0 49 19 0 75 22 0 10 0 0 0 0 15 0 34 0 0 19 67 0 19 0 1 0 28 20 0 0 0 1 27 0 14 0 17 43 0 0 43 51 0 64 0 0 18 42 0 0 32 0 13 0 0 8 0 0 32 48 0 83 0 0 0 85 25 0 0 0 5 0 0 0 0 23 0 53 0 57 0 4 42 47 33 23 0 15 45 0 0 3 37 60 28 0
 0 0 61 63 34 0 0 53 35 59 0 0 15 68 0 16 0 4 0 0 20 55 9 0 0 17 11 47 25 77 15 0 0 14 0 55 0 0 0 0 0 59 0 63 0 0 0 18 0 0 31 60 37 42 0 0 0 0 0 0 0 51 1 0 36 65 0 29 0 72 0 0 0 14 0 0 0 20 0 12 0 0 27 14 0 0 0 61 2 68 45 16 29 0 0 22 0 5 32 0 0 33 1 43 0 6 33 23 0 0 9 57 0 39 0 20 0 0 26 72 0 40 0 61 0 0 0 0 0 60 0 25 0 0 0 22 10 35 10 21 16 0 9 89 0 3 0 0 0 40 1 0 20 16 1 0 3 24 0 39 55 0 0 26 51 0 20 44 53 19 0 0 8 0 69 0 5 76 0 0 56 0 0 0 26 34 34 0 0 0 0 1 8 0 0 0 0 61 82 52
 0 21 0 47 70 40 0 0 0 13 64 0 59 28 32 0 39 19 11 45 0 33 30 23 0 0 62 70 9 0 20 0 9 0 0 0 37 18 0 0 48 0 0 18 0 0 0 11 40 56 30 61 5 0 0 0 8 0 0 0 30 0 0 36 1 0 0 0 5 0 0 22 0 0 9 0 2 0 0 0 5 0 2 0 27 7 37 13 14 35 0 0 0 0 22 44 0 0 0 11 73 42 0 0 15 0 68 0 0 0 0 35 53 0 10 81 0 0 7 27 73 33 52 0 0 59 0 61 59 6 0 39 19 0 0 76 26 0 8 46 0 6 31 5 0 0 0 0 6 15 0 14 48 0 0 61 0 35 0 0 64 21 65 0 4 100 37 32 46 0 76 10 4 0 0 0 0 44 0 8 0 69 26 0 0 27 51 0 49 0 38 0 35 0 67 47 19 0 0 31
 59 0 0 0 12 20 0 32 0 0 9 0 42 51 0 0 0 72 0 52 0 0 0 52 0 10 0 10 36 1 32 52 61 48 0 0 0 0 42 82 19 0 0 45 0 0 1 0 0 0 79 0 0 0 50 0 0 0 0 0 0 24 0 10 10 20 15 47 0 0 0 0 0 31 21 0 63 35 60 15 29 0 33 0 0 29 3 0 0 61 27 0 0 27 0 0 10 5 46 0 0 0 0 0 29 4 48 47 0 37 0 69 32 49 0 0 0 20 58 0 0 0 0 23 24 0 0 62 0 0 12 3 53 0 0 0 6 0 0 16 0 0 95 0 14 0 0 35 0 16 0 21 6 0 62 0 15 81 7 0 0 9 1 27 0 0 21 1 11 56 0 0 4 0 29 0 55 41 0 0 24 2 14 77 0 0 39 0 0 91 0 0 20 76 75 0 0 0 2 0
 0 0 0 55 0 24 6 0 0 61 25 19 0 61 70 41 9 0 0 0 2 10 74 0 18 1 23 0 0 0 53 77 0 35 47 0 0 0 0 0 0 18 0 0 0 0 0 17 57 0 0 28 0 21 7 0 0 0 27 0 0 0 59 81 47 0 0 48 0 0 0 4 80 0 12 0 0 0 21 11 14 0 0 0 46 25 0 10 52 0 0 19 0 0 59 0 8 46 11 0 0 85 0 25 0 0 0 0 51 49 3 0 0 55 5 0 1 12 42 22 0 0 0 96 0 50 0 2 0 7 0 12 12 45 14 29 50 0 28 0 0 0 70 0 3 0 11 66 0 0 0 0 0 0 0 0 0 0 0 0 0 0 39 54 0 0 0 6 0 0 12 0 13 32 0 0 15 0 12 37 63 0 0 0 0 1 8 36 30 0 0 0 0 53 0 0 0 0 45 42
 44 0 0 0 5 2 0 0 0 0 0 16 20 51 0 17 0 0 0 0 6 0 23 0 11 0 49 8 38 0 0 49 11 0 0 33 0 0 14 0 20 0 0 0 0 58 45 0 17 0 47 0 5 0 0 0 9 34 36 0 0 10 1 13 0 0 11 56 28 14 60 0 0 27 0 5 53 78 0 21 16 11 0 0 2 0 64 0 10 0 0 4 0 41 0 0 12 0 36 0 17 0 82 55 78 16 0 27 50 0 17 0 0 0 34 54 0 80 8 0 54 0 0 9 0 0 0 0 31 75 46 53 0 0 0 0 0 3 27 86 0 95 50 0 5 2 0 21 0 9 88 13 22 0 0 67 25 0 0 0 0 0 14 18 0 0 0 15 47 0 13 53 0 0 0 0 0 43 32 0 0 0 49 19 0 0 32 76 46 0 0 39 11 0 19 3 0 7 32 73
 19 0 15 0 0 0 0 29 40 0 11 0 0 60 8 0 61 18 0 0 34 0 0 0 0 5 3 0 0 0 49 32 47 71 0 75 77 0 0 65 0 0 53 0 0 17 22 0 41 0 5 11 0 48 0 0 2 0 67 0 38 0 0 37 0 0 0 3 25 0 0 0 0 0 55 0 0 11 0 0 39 10 0 7 0 0 7 0 29 0 0 0 70 43 12 42 0 0 0 2 0 62 0 0 21 0 93 0 74 0 0 21 44 4 74 36 0 10 76 0 0 33 41 0 3 44 20 31 28 0 47 32 0 88 0 0 0 0 0 0 0 85 14 0 15 3 45 26 0 0 0 0 15 0 8 0 0 24 38 0 0 44 0 0 0 16 0 19 11 13 2 24 11 40 65 25 0 0 0 0 6 1 48 55 64 1 0 0 5 21 1 24 0 0 58 28 13 7 0 1
 0 0 48 18 3 12 0 0 29 33 0 0 53 36 0 0 0 0 24 0 0 35 51 42 73 18 71 64 0 0 0 67 0 13 0 59 53 0 19 0 0 0 48 0 50 0 1 0 66 33 0 19 47 71 0 48 25 11 0 0 0 0 19 0 66 21 0 42 82 28 0 37 0 23 6 18 9 0 12 58 20 11 0 0 7 0 0 0 31 0 0 16 27 0 0 3 31 17 0 0 39 0 56 0 0 0 0 34 0 0 0 32 24 0 9 81 52 15 0 0 37 0 0 0 0 10 38 0 46 12 0 0 78 52 23 22 8 34 9 9 0 33 32 2 0 60 51 0 7 0 21 0 0 80 0 0 0 33 48 0 0 0 40 0 39 0 4 0 0 0 73 6 41 0 0 0 4 0 0 52 14 0 30 40 0 68 0 0 52 0 47 0 0 0 81 0 0 8 17 76
 0 0 2 0 0 0 0 30 49 0 0 1 0 0 53 49 0 0 0 0 64 0 25 0 52 0 0 0 0 21 57 0 47 0 0 6 0 9 0 0 34 54 56 28 1 0 0 82 0 70 0 0 92 0 0 85 58 0 5 0 0 0 4 73 13 0 62 9 20 0 0 27 25 12 0 0 68 37 3 31 4 0 20 18 0 0 0 0 0 0 61 14 66 0 12 10 0 42 0 47 12 65 0 0 0 0 0 0 13 17 0 0 0 0 1 0 0 51 0 0 0 0 76 0 0 0 0 75 0 9 30 0 34 0 6 0 55 0 8 0 76 0 36 0 0 0 0 0 0 0 80 38 60 0 0 0 88 18 38 0 0 0 0 9 15 0 19 45 0 0 0 68 0 2 0 0 0 0 30 53 41 34 26 0 74 0 0 56 34 26 0 15 0 0 43 54 15 0 0 19
 6 20 40 0 0 0 33 65 5 59 0 0 3 0 62 0 0 2 0 27 63 51 0 0 18 65 68 42 0 82 0 0 61 26 0 0 0 0 66 12 50 0 13 0 24 0 10 6 22 0 17 0 59 0 0 28 17 62 0 0 43 0 0 6 0 0 0 0 68 23 7 62 18 0 0 12 94 0 56 69 16 48 17 0 0 0 0 0 0 11 0 17 66 0 27 1 11 0 43 0 26 0 32 24 70 0 8 12 0 17 47 0 7 0 5 19 23 0 0 15 58 41 0 46 50 60 88 0 0 61 0 0 11 87 41 6 0 3 5 36 0 0 89 58 0 0 54 40 0 0 49 0 25 0 69 67 0 0 86 77 0 0 6 70 0 0 0 0 33 0 0 23 68 82 0 22 34 60 0 0 10 0 19 44 0 57 0 0 24 0 15 0 48 0 0 0 0 78 20 0
 0 12 63 0 0 9 82 0 9 0 0 0 0 0 27 0 4 82 0 0 0 69 0 0 6 29 18 4 38 0 0 80 0 28 0 17 0 0 0 0 5 0 35 0 0 0 0 0 0 17 0 5 0 0 0 0 0 30 86 0 64 56 0 39 39 0 0 79 0 22 0 0 0 0 19 14 43 60 4 41 0 0 13 23 34 17 0 0 58 27 2 77 0 62 55 21 41 0 9 0 52 0 0 0 40 55 0 0 0 0 0 0 54 16 38 0 0 2 0 19 0 63 0 0 0 46 0 0 10 26 29 42 76 88 44 36 35 0 52 0 0 56 0 38 18 0 55 31 0 0 0 0 0 0 2 7 5 0 0 0 17 15 0 74 10 11 29 0 60 0 34 0 0 25 23 0 76 0 0 0 0 10 0 0 20 63 7 0 0 43 97 36 0 0 48 23 22 0 0 0
 10 4 44 0 64 0 8 67 0 17 1 26 0 0 0 11 19 24 0 24 68 0 0 52 0 14 0 0 0 0 0 18 0 46 50 0 0 23 29 2 81 0 74 0 65 0 33 0 73 0 66 0 71 0 69 40 37 0 12 3 3 9 4 15 0 27 0 0 0 32 64 1 0 8 0 45 0 0 0 11 27 0 0 0 0 33 0 25 14 20 17 0 53 0 0 7 59 0 41 66 0 0 0 0 30 0 0 0 0 0 0 47 53 0 0 0 7 22 0 87 0 14 0 2 11 0 0 27 25 47 0 17 61 68 0 0 32 28 0 0 0 0 18 38 25 0 50 17 0 0 0 0 52 0 35 14 0 0 4 8 54 3 20 0 0 40 0 1 21 0 1 4 15 0 15 45 0 0 48 61 46 9 46 51 0 0 21 0 30 0 0 0 12 37 13 1 0 2 0 0
 10 35 65 38 0 41 0 0 0 41 0 43 0 0 77 43 0 3 0 83 32 0 0 68 53 0 0 37 21 0 0 0 0 39 0 0 0 5 81 10 0 14 0 0 0 0 0 0 0 0 0 0 0 0 0 33 43 0 17 0 0 29 2 0 0 42 0 0 69 0 0 0 85 0 55 51 12 40 0 47 0 19 0 0 0 16 60 30 21 40 0 0 0 0 36 25 8 50 8 48 0 36 24 64 0 9 39 0 0 33 20 0 67 0 53 3 0 0 0 0 16 13 56 0 71 28 0 0 0 0 0 0 0 0 37 0 0 23 21 0 0 4 27 36 5 0 0 0 38 0 22 0 0 0 53 0 53 0 0 0 0 12 8 39 15 64 61 56 58 0 48 17 0 16 0 48 0 54 15 32 80 0 0 0 0 0 36 17 6 0 73 32 0 0 0 7 80 23 25 8
 35 2 34 0 9 13 11 0 0 0 38 0 0 0 33 0 4 55 55 42 0 0 16 0 60 56 0 0 0 24 19 0 0 0 0 2 5 1 0 0 38 0 12 0 50 0 0 0 45 69 0 17 0 0 64 12 20 0 0 18 0 0 0 0 0 67 27 48 11 42 12 0 69 0 0 0 0 49 45 0 0 2 0 43 0 0 1 0 0 0 0 0 0 28 0 0 33 28 0 0 0 0 0 0 23 0 0 20 0 0 75 0 0 0 0 52 0 1 60 82 89 1 0 4 0 65 0 33 0 9 41 26 61 0 0 0 0 0 0 30 74 0 0 0 8 0 6 0 0 0 55 52 2 0 0 23 34 0 0 40 72 50 0 33 0 56 0 0 54 2 0 24 0 0 65 0 91 23 8 4 0 11 26 0 0 22 0 0 44 33 0 11 9 91 0 71 3 0 0 0
 0 5 0 37 38 2 22 13 22 11 0 0 0 0 6 0 27 40 0 0 0 0 24 23 28 0 1 0 21 12 0 67 78 0 27 10 0 0 42 0 0 62 58 8 0 0 29 0 14 0 2 79 0 29 7 3 55 32 0 0 20 0 38 5 0 29 0 83 0 67 0 68 17 0 56 0 53 0 4 0 25 56 0 0 0 55 0 51 2 51 0 84 0 6 26 5 66 37 0 36 27 0 24 0 34 0 82 0 5 0 81 0 0 31 0 11 34 0 12 0 0 0 36 16 0 40 0 77 0 49 63 0 6 0 0 0 0 45 0 78 44 32 0 62 0 0 0 16 0 0 6 0 5 0 42 0 0 20 0 0 8 0 59 11 0 0 0 11 0 53 62 34 0 26 26 0 0 86 0 32 0 10 48 0 0 0 27 54 0 52 0 12 0 1 0 31 44 0 0 35
 48 43 17 15 21 12 90 49 0 0 0 4 6 0 83 13 27 0 27 0 0 0 0 0 0 69 5 0 54 7 0 0 0 56 9 0 0 0 0 20 21 47 55 51 0 11 0 0 15 0 0 0 12 0 20 36 0 0 42 77 26 5 0 28 0 68 39 0 3 0 0 0 0 0 0 0 0 0 0 0 0 70 0 0 0 0 16 13 0 48 69 0 0 0 0 24 0 56 0 2 35 0 0 0 9 0 0 0 0 59 0 0 0 2 19 0 0 19 0 0 27 38 33 48 4 56 0 0 0 0 0 0 45 38 0 11 75 0 0 30 26 28 0 0 0 0 0 15 0 0 58 0 0 39 0 0 0 79 0 0 36 0 0 16 63 10 12 0 0 5 15 0 28 48 0 0 0 67 21 0 0 0 50 0 0 0 58 0 26 0 59 0 0 63 11 0 79 0 0 61
 68 25 84 11 8 17 63 0 2 0 0 29 38 0 0 0 41 39 0 46 34 49 21 0 19 17 0 38 68 42 6 0 40 0 0 6 29 17 0 0 61 0 69 23 47 75 34 0 27 0 31 0 0 23 0 24 0 0 0 0 34 0 0 0 0 0 7 75 0 26 69 18 0 0 0 4 0 0 9 33 0 22 0 0 0 0 0 71 0 0 0 33 0 26 84 0 35 34 22 0 0 33 0 35 47 0 0 44 0 0 30 33 50 0 74 64 36 0 8 0 21 0 0 51 0 4 41 0 0 25 0 6 33 50 52 8 0 17 0 1 0 49 51 0 0 0 18 0 49 0 0 0 17 0 0 31 65 0 0 59 30 42 0 0 15 0 59 0 5 57 0 0 48 30 0 0 0 0 1 5 0 32 0 0 28 0 0 29 0 0 12 49 0 0 0 30 0 14 0 0
 0 31 19 0 54 0 28 0 0 41 0 17 19 0 14 0 29 40 0 0 4 17 36 0 20 0 19 6 26 0 35 81 0 14 0 70 40 9 0 0 0 32 8 58 0 0 0 0 0 21 0 0 6 0 19 0 0 29 0 0 17 0 53 0 41 0 0 0 0 0 0 0 65 18 0 9 79 29 0 31 0 0 29 7 0 16 0 0 0 41 29 59 0 63 0 0 92 2 31 7 2 29 0 0 0 0 10 73 65 0 0 0 0 0 0 51 18 81 0 0 0 0 0 0 0 58 32 60 93 26 0 0 0 57 0 51 79 36 0 0 17 55 0 25 0 48 0 0 19 25 38 6 0 0 49 0 0 50 0 37 0 0 80 6 0 52 0 0 5 0 0 0 0 37 0 0 43 7 10 33 60 48 56 42 0 0 64 8 0 54 64 0 0 5 70 46 0 68 0 0
 0 0 0 0 8 0 0 0 0 0 0 0 10 26 0 0 0 0 19 72 75 0 52 0 0 30 14 0 11 0 0 16 0 33 19 0 0 0 19 15 0 0 0 45 0 33 0 19 0 15 4 0 45 0 0 72 0 0 35 0 0 0 46 0 0 17 37 2 0 70 0 0 36 50 10 69 2 0 48 25 0 12 40 51 0 13 25 0 13 43 45 41 12 0 49 0 1 80 0 43 0 0 26 0 0 0 0 29 0 93 0 0 48 1 51 25 0 0 0 15 42 0 0 0 57 0 0 62 31 0 84 50 23 87 0 0 25 0 38 0 0 0 51 0 0 0 15 0 31 86 34 8 29 0 21 2 15 20 0 0 15 0 0 0 28 0 0 82 5 0 5 0 15 0 0 62 0 0 47 0 0 80 0 0 56 0 18 16 0 36 70 0 27 0 0 29 0 0 2 0
 0 17 1 23 44 0 39 20 7 0 0 45 0 33 0 42 49 10 20 30 69 0 0 35 72 37 0 0 4 0 90 20 0 0 0 0 0 0 54 6 85 0 49 0 82 0 0 30 0 0 62 57 14 2 70 74 0 0 37 0 16 65 39 24 32 0 22 20 0 53 77 50 4 17 0 0 63 0 35 0 22 38 0 0 0 0 33 0 0 32 0 24 52 0 42 0 57 9 13 0 0 0 45 22 0 7 0 75 26 30 54 40 24 13 0 14 2 0 0 0 0 0 75 4 0 10 0 15 0 0 25 40 14 8 0 9 0 0 21 0 0 0 0 9 54 0 0 0 0 0 44 28 70 42 45 0 0 30 0 27 0 16 12 7 29 0 0 72 0 0 0 0 0 2 0 66 0 0 0 46 0 0 35 0 73 0 25 73 4 0 18 65 70 0 0 0 36 30 0 25
 5 0 76 0 0 6 0 37 0 0 65 22 3 0 44 0 9 3 57 20 25 0 64 0 1 0 0 0 0 0 10 12 0 0 0 49 67 0 29 0 16 0 0 76 0 57 0 11 0 4 0 2 0 4 0 0 0 51 81 0 0 0 0 0 23 0 60 10 0 0 6 0 0 0 7 0 4 0 0 0 0 28 0 0 5 8 48 8 0 0 22 49 0 20 0 0 0 83 66 0 0 0 0 24 0 45 29 0 0 0 3 0 0 3 58 0 0 34 0 13 29 46 0 8 0 53 7 18 42 21 2 38 0 0 0 0 76 0 0 10 0 86 0 23 20 0 49 0 18 0 0 0 0 0 0 72 0 36 0 0 72 0 0 0 51 24 0 75 0 0 0 81 0 8 0 48 95 11 29 33 0 37 42 54 32 0 44 0 0 0 0 23 0 0 0 11 4 94 0 0
 4 0 67 66 81 0 14 28 0 0 0 0 0 0 0 77 41 0 63 0 25 37 0 0 0 31 74 0 0 0 18 0 0 20 0 21 0 0 0 0 0 0 91 17 61 0 67 4 35 5 32 0 0 83 0 26 48 39 7 0 0 0 0 7 12 0 41 11 46 0 11 0 5 0 62 16 0 14 35 0 0 0 19 32 32 0 0 53 0 0 0 79 17 56 0 0 0 0 32 34 0 70 34 9 0 0 0 42 0 21 0 55 0 18 37 0 0 0 0 15 44 0 0 0 21 31 71 0 6 0 0 3 0 0 26 13 23 0 81 0 39 22 0 0 73 0 70 73 0 45 0 42 76 0 0 27 43 41 16 0 77 0 0 26 0 22 81 8 84 0 3 0 12 0 12 27 4 87 67 0 39 0 0 0 89 0 0 0 21 70 0 0 0 58 16 0 0 0 0 0
 32 0 37 0 0 0 0 0 49 0 81 40 49 37 0 0 0 14 0 0 0 0 0 0 0 0 88 46 13 15 0 0 0 3 0 32 0 0 1 67 0 61 0 12 0 7 0 0 0 0 54 50 16 14 12 32 95 12 0 0 33 20 0 0 66 0 48 0 0 58 14 42 9 0 39 0 13 0 8 38 0 0 53 0 52 3 19 31 0 3 0 0 0 35 21 1 0 0 0 0 4 0 0 0 36 0 0 0 0 47 68 0 32 0 37 0 0 0 98 55 22 26 40 0 0 17 7 74 19 0 13 0 8 0 3 0 0 0 30 0 0 19 43 28 0 0 45 0 9 12 56 0 0 0 28 0 18 0 0 16 91 0 0 0 0 0 56 0 48 0 0 30 0 0 13 65 0 86 71 54 16 20 32 19 51 71 9 0 58 69 25 64 0 0 0 0 60 0 0 0
 21 3 0 86 0 0 0 0 69 44 31 17 0 0 0 8 46 0 0 12 0 0 0 0 0 0 25 0 84 0 14 0 0 69 0 0 6 63 0 0 0 0 0 4 0 0 0 46 0 21 0 0 21 0 34 8 0 0 54 13 0 0 46 33 33 30 0 0 86 0 0 7 0 0 0 0 26 0 0 0 0 0 0 23 16 0 0 0 0 21 58 44 0 0 36 0 0 14 15 0 17 0 76 56 0 30 0 0 66 48 0 66 0 33 0 55 7 0 22 51 32 45 0 0 21 76 0 42 0 33 0 8 0 0 0 0 11 0 38 0 28 0 0 74 0 19 38 11 1 0 53 86 0 30 24 22 17 0 5 57 0 0 0 0 0 0 0 0 0 35 18 0 60 0 0 0 16 0 0 86 0 0 0 0 16 0 75 0 42 73 36 0 11 25 0 76 66 0 18 0
 58 0 51 0 0 33 0 0 57 2 13 85 0 13 0 0 0 0 68 19 59 37 28 0 53 49 78 0 0 0 20 51 0 72 70 29 0 0 0 28 29 0 88 68 18 6 37 0 25 19 49 81 20 45 23 29 36 12 0 0 27 0 0 0 0 0 0 63 0 0 78 0 0 26 65 0 0 57 0 46 15 53 12 0 0 39 39 0 0 0 37 0 63 37 15 0 0 13 9 24 3 85 0 0 49 0 0 27 0 0 0 0 64 67 0 0 38 0 0 44 0 0 0 14 11 0 0 0 21 0 22 25 14 0 0 40 52 0 0 33 0 0 23 48 86 20 0 16 33 48 0 16 80 0 0 40 30 5 54 14 92 31 6 0 78 56 22 0 0 23 33 0 8 13 40 0 58 0 8 0 0 0 0 33 20 40 3 90 10 0 0 22 19 0 0 0 0 18 23 0
 16 14 0 0 0 0 0 0 0 2 0 0 0 65 4 0 0 0 61 0 0 27 0 0 73 8 39 0 0 30 70 22 52 0 56 2 40 0 36 0 0 0 60 49 0 21 36 29 28 19 3 54 0 10 0 0 0 0 0 47 0 9 28 0 0 0 0 0 0 0 0 0 0 49 20 0 0 1 18 0 0 45 0 47 29 14 4 0 51 0 0 10 0 0 0 0 33 13 0 0 0 23 0 16 0 0 14 0 7 34 0 53 25 0 0 50 0 0 12 0 20 0 39 0 0 35 62 33 0 0 51 29 4 0 40 32 0 51 85 20 10 0 55 0 69 14 2 0 0 46 0 0 90 0 47 0 0 0 0 0 0 0 24 0 3 0 34 0 0 0 0 0 0 59 0 0 0 86 0 2 30 10 0 40 0 0 0 0 39 96 0 85 0 4 0 30 0 0 23 0
 18 0 0 0 39 33 12 84 63 11 0 36 0 6 0 26 0 0 0 0 35 0 0 7 14 25 64 30 50 25 21 15 0 59 5 1 0 0 21 0 44 29 0 0 47 0 12 42 0 64 70 0 23 11 39 0 0 0 82 0 0 0 32 0 0 22 0 0 6 0 69 41 6 0 18 0 16 6 0 0 7 3 0 0 0 74 0 2 13 0 0 18 0 0 0 0 0 0 0 72 2 16 0 0 0 7 7 4 15 50 52 56 0 50 75 0 1 0 0 0 0 50 81 0 26 15 0 38 0 0 3 0 0 0 0 0 58 1 0 9 74 52 48 30 67 0 23 80 1 33 2 0 42 0 0 0 0 0 6 0 0 0 0 0 51 15 0 13 52 0 27 0 81 0 49 71 0 0 23 30 0 0 26 33 0 0 0 34 0 5 0 11 0 0 0 8 0 0 35 44
 0 0 0 9 0 0 0 76 0 26 20 12 35 0 0 0 0 14 20 17 0 61 0 89 58 0 28 0 0 0 0 0 5 0 47 0 0 60 0 79 0 0 0 0 9 56 0 94 11 46 0 30 0 0 0 0 0 0 0 0 59 0 52 0 69 0 55 0 9 0 0 37 0 0 0 5 2 52 0 0 62 0 0 0 0 36 0 0 0 46 83 0 0 58 100 0 34 29 0 0 0 0 11 0 0 0 0 78 0 0 20 9 2 29 0 50 0 30 0 51 0 51 24 78 52 0 14 0 0 0 19 32 0 90 0 9 44 45 43 71 57 22 0 0 0 0 0 58 10 0 0 36 0 64 56 44 0 0 0 29 0 43 0 55 31 0 10 21 44 0 0 9 0 0 37 0 78 5 0 0 0 0 0 47 80 0 0 89 68 60 62 82 0 7 0 0 39 41 46 13
 23 60 44 0 8 0 0 0 14 0 82 18 0 0 0 0 0 32 48 18 7 53 22 0 0 0 0 17 11 0 51 46 62 0 17 0 7 0 0 0 24 0 0 0 44 0 0 39 65 46 14 0 28 0 6 11 0 0 0 0 0 0 0 52 3 0 59 59 27 24 0 29 35 0 0 0 62 0 30 0 0 0 49 35 43 0 63 0 0 42 0 0 87 0 59 0 8 93 72 0 13 43 0 52 0 0 87 23 0 48 0 0 48 0 10 0 25 0 0 0 0 58 41 13 21 0 12 0 97 0 0 24 0 58 0 8 28 40 47 25 48 0 0 47 10 0 0 0 8 26 0 0 24 16 0 0 0 27 0 59 39 18 0 0 0 30 11 12 0 0 5 0 38 0 4 0 0 0 71 0 74 27 0 0 42 0 62 0 0 0 0 30 0 65 0 28 0 83 0 26
 85 0 0 17 27 0 14 0 21 64 35 0 0 0 0 35 31 0 9 49 0 19 10 0 0 0 0 18 52 25 40 0 23 0 20 0 0 0 29 15 0 0 12 0 0 8 25 0 18 0 0 0 0 58 0 47 70 25 68 0 0 0 0 10 26 37 0 23 0 0 0 0 65 0 0 22 37 0 0 41 45 23 0 0 17 8 0 1 50 0 0 0 0 43 34 61 58 0 36 91 74 0 0 23 0 0 38 0 18 0 0 0 0 17 10 38 20 0 0 0 0 80 0 0 29 0 0 0 0 22 0 26 0 0 0 39 0 0 7 4 24 42 60 35 0 36 0 45 50 0 0 0 0 44 18 4 52 0 0 79 28 0 0 0 0 0 0 18 0 1 17 57 0 15 0 28 0 2 53 29 50 0 0 58 58 40 0 0 37 72 46 24 73 23 0 1 0 0 65 0
 0 9 0 80 5 0 0 27 0 0 12 0 0 24 4 15 13 0 0 20 41 37 8 60 0 0 0 47 0 0 43 18 42 0 0 0 49 61 0 17 45 0 0 98 15 0 5 51 29 37 32 0 78 0 62 0 10 0 3 0 0 0 55 28 0 0 20 24 91 56 0 0 0 0 0 39 0 7 27 0 0 46 35 37 23 36 0 0 0 0 44 0 27 44 50 56 0 0 10 40 0 0 0 4 62 79 31 67 79 0 25 0 23 66 22 52 0 0 0 0 0 41 0 0 0 67 26 33 0 40 56 6 0 9 0 81 3 0 0 5 4 0 43 0 0 0 0 0 55 20 29 34 0 0 40 0 17 0 67 37 0 57 0 56 21 51 0 0 59 35 49 16 14 51 0 27 0 0 0 66 0 62 1 42 0 42 0 23 0 30 0 0 0 43 0 9 64 0 0 0
 95 0 71 51 0 62 0 32 44 2 0 0 0 0 0 0 0 0 3 0 0 26 8 29 11 0 21 73 0 0 26 60 16 68 0 0 66 0 0 0 43 0 0 13 72 0 0 0 30 0 62 0 0 75 0 45 75 41 0 0 0 20 6 0 0 22 0 4 0 3 0 0 17 0 17 67 13 0 0 20 8 10 0 0 0 0 37 28 40 0 0 1 0 29 0 0 0 66 0 0 0 0 0 0 0 0 12 0 0 0 86 0 0 68 21 28 11 18 55 0 0 0 0 0 0 0 2 0 0 0 20 24 25 51 0 0 20 0 44 8 0 88 2 64 0 28 0 0 0 0 68 0 0 0 0 0 26 0 0 0 18 0 68 6 83 0 0 78 0 0 0 0 64 0 0 5 35 52 0 7 0 10 35 18 0 22 15 84 13 19 46 1 42 7 69 42 0 0 32 62
 38 24 0 0 43 34 20 50 0 80 0 7 36 7 47 0 14 19 0 28 0 0 0 0 0 5 3 1 0 0 64 0 40 13 54 0 0 0 4 0 0 0 55 18 36 0 0 35 3 0 0 11 0 88 0 5 9 19 0 34 32 0 27 55 0 0 0 26 43 65 0 0 37 42 42 28 0 12 24 0 67 78 22 0 21 0 0 0 11 10 0 36 0 71 19 58 0 0 0 31 6 0 55 58 0 0 31 0 0 0 0 26 0 0 63 0 0 0 0 0 8 0 0 0 0 0 0 73 39 0 38 0 0 8 20 39 71 0 11 0 9 35 0 0 0 38 0 40 0 0 9 30 0 0 0 0 41 23 0 40 85 0 36 0 17 0 1 14 0 0 21 0 18 0 0 0 0 0 9 0 0 0 17 0 34 44 0 51 0 0 19 0 0 0 0 41 0 96 0 5
 15 19 0 15 1 35 57 0 22 0 32 36 0 18 0 0 84 0 0 18 0 0 17 60 84 0 39 18 0 19 0 58 0 0 0 26 0 0 15 34 30 26 0 0 0 8 0 40 0 76 46 30 2 48 0 0 11 0 77 0 19 30 3 0 52 19 0 8 5 6 0 0 0 0 0 0 62 11 0 0 86 55 0 0 81 0 7 0 0 44 62 2 0 6 0 16 22 16 0 0 12 51 2 0 28 0 34 53 77 25 49 0 8 49 0 0 0 24 5 0 0 0 63 0 45 0 0 23 23 1 0 0 0 0 0 0 0 0 6 8 9 0 18 0 0 73 0 0 0 0 0 66 11 80 0 21 47 0 7 0 0 0 0 0 36 0 41 32 52 0 4 0 18 0 10 0 0 0 0 4 8 40 0 0 0 0 0 42 50 95 0 42 71 0 9 43 24 0 14 0
 0 0 26 0 0 0 0 39 13 77 0 91 33 0 28 1 5 0 12 21 20 34 0 0 1 0 61 0 38 0 0 0 33 0 0 47 0 0 39 0 37 12 0 19 53 33 11 20 0 2 54 1 18 0 17 71 0 27 0 11 58 5 0 0 0 12 0 0 0 0 4 37 0 37 35 27 12 70 0 0 0 5 3 5 40 0 0 0 68 19 0 0 28 0 0 34 0 2 18 0 91 0 22 3 0 0 15 0 76 0 23 0 16 35 9 0 0 0 12 0 0 24 0 27 68 68 61 75 10 0 0 0 0 0 0 0 29 0 70 0 18 29 50 0 15 0 87 0 21 18 62 59 32 0 13 67 0 5 38 50 0 0 0 0 0 52 66 8 0 0 0 52 0 5 0 0 37 14 10 0 0 22 0 0 74 12 12 0 73 12 0 0 57 18 65 0 42 55 0 0
 30 0 0 0 0 23 33 73 0 14 0 0 0 78 73 0 0 70 37 0 0 26 0 0 91 82 0 0 15 0 31 0 0 0 77 50 37 24 39 0 68 24 46 9 5 0 0 0 47 0 35 0 0 0 47 13 45 40 0 0 0 0 7 29 0 18 13 55 0 13 0 20 26 0 20 18 0 0 0 42 3 0 8 0 36 0 85 0 0 0 0 0 0 0 0 11 66 70 0 0 0 0 0 0 64 29 0 38 55 14 18 0 0 10 52 26 0 0 0 0 16 0 87 10 0 0 46 32 29 0 0 0 0 0 50 0 0 36 0 0 0 6 36 37 0 32 7 39 68 22 61 7 0 37 6 0 68 0 0 51 0 39 47 0 0 31 0 0 0 37 0 7 0 54 25 0 80 92 42 71 60 0 5 1 23 37 0 0 0 0 0 73 0 19 0 7 0 47 70 0
 0 0 0 56 0 9 0 3 52 0 12 0 39 0 22 0 0 35 0 16 0 0 26 5 0 54 2 25 47 0 0 0 28 0 40 0 0 0 45 0 38 0 36 0 16 48 7 0 39 0 7 17 0 0 25 0 0 0 0 8 26 54 61 3 0 0 0 0 0 8 38 82 0 20 28 8 26 0 0 12 0 7 0 10 0 45 22 0 0 44 0 0 0 3 20 2 39 0 0 0 30 0 0 0 74 0 58 13 6 76 63 0 0 0 0 4 34 4 6 0 0 19 0 54 0 38 0 0 0 33 0 0 0 0 6 56 68 0 0 43 0 52 8 0 8 64 63 11 22 0 10 0 0 96 3 0 0 48 38 67 0 0 35 9 0 0 65 0 0 0 0 0 7 54 20 0 61 0 0 44 52 31 0 48 34 20 72 76 5 0 0 0 25 78 0 0 23 38 28 82
