150
 81 20 0 0 0 0 59 73 0 13 0 4 7 1 64 37 16 8 0 0 56 6 18 74 0 0 0 35 76 17 0 0 0 23 40 37 20 0 0 17 0 0 0 0 12 41 0 28 0 21 0 0 0 0 0 0 0 0 14 0 63 15 67 0 5 33 0 0 0 14 0 10 54 0 0 0 0 2 18 31 12 0 0 38 16 0 0 0 0 0 0 8 65 12 26 0 14 93 0 70 23 40 16 80 0 0 45 54 0 0 0 0 0 0 48 21 0 24 2 11 0 0 77 0 0 0 0 0 0 0 0 49 40 30 72 0 0 0 41 0 13 5 0 0 56 46 4 0 0 0
 0 29 58 48 0 24 0 74 0 15 0 0 0 10 0 0 70 0 0 12 57 45 0 77 90 0 31 16 4 48 52 0 76 0 18 5 0 60 0 0 59 14 9 21 42 34 0 0 96 11 63 53 1 8 0 80 9 15 45 44 0 0 16 18 29 10 0 0 14 0 74 0 53 0 0 29 60 41 14 0 0 0 0 0 74 0 57 0 31 30 12 0 36 12 0 10 0 0 0 0 70 0 16 46 0 60 6 14 6 0 0 0 0 49 0 34 0 23 61 0 54 0 40 0 31 23 40 13 61 42 9 0 26 89 0 44 0 55 0 0 0 88 39 45 0 7 0 50 0 0
 77 0 19 0 39 0 53 0 5 0 27 1 54 24 9 0 42 0 0 23 0 69 4 0 0 21 0 0 0 0 36 49 67 0 83 18 32 0 29 5 20 69 0 55 21 21 9 14 0 0 0 0 0 0 66 42 11 31 0 0 7 53 25 0 32 36 11 0 0 33 0 0 0 0 0 98 0 6 64 77 90 6 33 0 0 20 0 52 38 0 0 0 0 0 18 56 0 0 0 61 21 0 0 0 24 0 0 3 48 0 0 0 0 0 0 6 13 93 0 0 5 0 11 90 0 64 34 0 12 52 75 0 0 5 0 0 0 7 0 0 0 0 0 0 68 21 55 50 0 0
 26 0 62 55 0 15 56 0 3 35 0 0 14 0 3 0 0 0 0 29 0 0 0 0 12 0 7 3 16 39 0 24 61 9 11 71 0 0 0 0 12 3 47 2 0 97 12 36 0 88 0 16 41 74 30 42 28 39 44 72 14 0 23 60 49 20 30 8 41 53 24 1 47 12 0 0 38 0 0 19 0 38 0 0 0 0 76 29 47 0 33 3 8 0 41 72 75 0 0 0 15 13 0 0 0 0 12 13 0 20 0 0 23 30 0 0 14 0 30 0 0 24 0 39 44 81 8 9 1 63 0 48 0 18 62 0 0 0 0 15 9 0 68 0 0 78 0 0 0 0
 11 38 0 14 66 90 31 17 0 1 24 28 0 0 0 20 0 0 0 0 0 0 11 40 3 10 43 0 63 82 17 0 61 0 0 0 36 66 0 0 73 0 0 15 7 0 42 31 0 0 25 66 1 15 20 0 50 91 23 0 47 0 0 4 0 0 25 0 0 0 0 6 0 56 5 0 5 0 0 0 0 11 84 0 0 0 0 0 31 7 7 0 37 0 0 9 0 0 0 46 43 0 42 0 0 72 10 0 20 36 70 22 0 30 67 36 66 0 0 2 33 16 0 66 26 57 0 0 29 6 4 0 0 46 21 4 64 0 48 0 0 9 0 0 67 56 43 40 0 0
 51 0 42 0 0 25 0 0 4 0 0 0 0 24 57 0 19 0 0 4 0 0 0 76 0 0 0 0 44 14 11 0 35 41 2 0 65 0 0 22 0 2 0 0 0 29 0 0 0 0 47 60 0 0 0 0 0 52 7 68 9 6 0 27 17 32 22 0 0 0 0 67 0 53 0 0 0 0 84 0 0 48 0 0 0 24 0 0 0 31 57 0 24 0 57 0 1 0 6 0 27 6 54 0 6 77 0 36 31 0 86 0 75 0 0 21 0 64 55 15 8 0 34 0 15 19 94 0 0 10 0 23 0 0 0 39 60 3 8 12 0 10 0 0 0 0 0 0 28 84
 0 7 0 0 0 52 41 0 86 26 11 0 0 15 11 0 0 0 0 28 0 19 0 0 0 26 11 74 0 78 0 0 61 25 26 13 0 0 29 0 0 0 32 0 0 0 0 45 46 0 0 10 56 0 34 15 18 75 0 0 0 3 0 67 0 83 0 0 64 0 36 0 34 45 0 0 0 0 1 61 0 46 0 0 10 30 22 10 25 55 34 0 0 0 0 10 0 0 0 83 0 38 9 32 0 0 0 29 7 96 34 17 26 0 18 6 0 87 0 0 97 0 28 11 0 0 0 0 27 0 0 0 19 41 0 14 77 82 0 0 0 6 26 32 0 52 12 0 0 0
 0 0 7 47 0 2 12 77 20 0 0 7 27 15 60 0 0 18 0 9 0 0 66 20 0 56 11 0 19 15 83 38 0 0 13 0 4 76 0 0 5 27 0 0 0 3 2 16 0 0 3 0 0 0 9 0 0 0 0 0 39 1 0 16 3 30 38 0 14 0 0 0 0 0 0 18 14 0 24 7 0 0 0 64 0 0 7 0 0 62 2 0 0 0 16 61 0 16 8 21 0 0 56 0 0 0 5 0 0 9 0 0 24 0 0 14 0 0 31 0 0 59 0 21 67 0 0 0 0 20 5 0 3 40 0 34 0 31 4 45 0 0 0 18 51 7 0 3 0 0
 22 21 0 0 20 0 0 0 34 22 48 0 0 0 1 14 41 17 0 21 0 0 4 27 0 94 60 0 78 0 59 34 0 0 0 0 20 93 45 0 0 0 23 0 0 29 0 0 0 0 0 41 0 0 0 0 14 0 0 0 0 2 44 0 58 0 0 14 0 0 1 0 3 53 12 0 0 0 15 24 15 0 0 60 60 0 78 14 0 61 51 1 0 11 14 23 49 11 7 4 0 0 0 0 54 0 0 0 72 41 68 6 21 0 0 26 0 4 13 0 8 0 0 16 0 0 0 36 0 0 10 0 26 29 41 12 0 0 0 0 71 18 0 34 0 0 1 8 97 8
 0 0 33 0 0 16 0 0 0 81 41 0 0 55 4 0 8 0 23 17 0 42 25 89 0 0 17 8 0 9 0 28 0 13 23 0 76 0 41 0 0 30 30 0 0 0 8 33 0 0 89 59 62 0 69 0 0 0 0 0 64 18 0 16 32 3 36 0 0 0 0 67 10 0 16 0 0 7 72 0 0 0 0 18 54 29 16 0 0 0 0 25 61 41 27 75 0 28 14 0 0 68 9 0 59 13 34 20 24 0 0 57 21 0 0 22 0 79 2 0 0 65 0 0 0 17 21 8 1 0 26 0 0 0 0 16 69 11 5 0 67 40 0 12 0 31 0 0 50 0
 55 59 0 12 0 30 0 47 0 0 25 0 82 32 0 56 0 0 11 20 44 5 0 9 0 38 0 19 17 0 0 0 54 2 18 46 13 0 0 0 1 11 0 42 38 0 0 10 21 0 0 0 57 0 0 0 0 21 0 44 67 0 0 0 32 60 0 0 58 27 1 0 0 0 0 9 0 0 0 41 0 0 0 0 54 61 41 0 22 22 17 0 0 36 19 67 0 0 23 62 17 22 0 10 15 73 30 45 60 41 0 8 48 0 0 4 0 11 0 0 0 0 3 50 0 0 0 71 35 0 0 0 0 10 60 0 0 0 0 22 62 14 0 42 0 0 0 33 0 37
 0 31 0 9 0 3 6 0 17 23 6 39 11 0 0 0 3 91 87 6 45 0 0 0 0 0 0 0 0 0 0 0 0 26 0 0 43 0 15 0 0 0 0 0 0 42 0 0 2 9 0 39 81 27 62 0 0 0 50 19 26 0 57 46 0 29 0 51 0 0 0 10 1 0 0 9 0 0 23 0 54 0 9 17 15 0 44 36 0 52 0 0 0 70 11 11 0 48 0 0 0 0 60 0 0 85 13 0 14 0 14 0 0 33 0 0 0 34 17 14 0 9 0 19 0 59 84 0 32 49 0 0 0 0 0 20 0 0 62 0 0 9 31 0 0 0 44 19 0 12
 0 39 0 0 6 5 8 0 43 22 0 0 94 40 0 0 0 0 0 20 0 32 0 0 0 11 31 0 43 40 4 4 35 87 0 91 17 36 0 4 47 59 68 0 0 0 33 4 19 0 0 0 0 0 12 60 13 0 0 0 38 0 0 38 7 0 0 0 57 58 0 29 12 21 0 0 0 0 31 0 0 14 0 0 0 0 55 0 0 18 56 61 7 0 0 68 77 13 0 42 0 0 0 0 0 85 82 0 0 0 0 42 0 27 81 69 0 14 24 10 0 15 66 0 61 89 0 0 76 0 0 0 8 0 0 0 10 0 7 0 91 28 0 0 0 0 0 47 70 63
 0 0 0 49 28 0 0 0 23 0 0 39 0 30 0 0 39 0 0 0 2 29 18 69 13 0 10 0 5 0 10 0 6 18 26 2 2 57 0 0 0 0 0 21 89 10 21 5 78 50 66 34 0 33 0 60 0 51 0 0 0 81 0 0 16 20 24 0 0 3 29 71 24 0 49 0 73 28 0 0 19 0 0 0 0 73 13 0 82 0 0 0 0 0 28 45 0 46 1 4 0 64 0 0 14 45 33 0 0 15 0 0 0 0 0 5 49 0 0 0 0 0 16 24 0 0 0 0 0 0 0 27 82 11 0 49 3 15 0 0 48 34 90 55 15 0 12 0 0 0
 0 8 0 0 41 0 0 0 0 0 25 34 9 34 70 74 51 44 27 0 0 0 0 61 30 8 45 0 24 31 61 0 17 0 40 0 0 0 3 24 0 82 0 0 77 0 0 0 7 45 0 26 15 25 0 0 0 12 3 50 16 8 0 0 17 16 0 0 0 26 43 0 0 0 22 0 0 77 0 13 2 13 3 72 0 49 69 26 74 0 61 77 4 0 0 0 0 42 0 0 37 1 0 25 0 0 9 2 0 24 2 0 0 72 46 0 0 19 0 27 0 1 4 19 28 0 0 40 19 51 0 0 0 0 0 4 0 4 71 0 0 37 0 0 0 0 0 6 58 43
 0 22 33 31 0 75 50 18 0 76 0 1 43 54 0 12 21 0 0 46 0 0 10 0 0 0 21 84 0 52 0 0 0 62 10 0 32 23 0 69 13 50 68 35 45 30 6 0 0 17 10 36 47 62 0 0 30 10 0 0 0 0 0 33 0 0 0 0 0 0 2 0 0 0 0 0 5 16 10 3 0 0 0 32 0 68 0 0 43 75 46 0 0 11 5 34 70 0 35 89 4 70 7 0 0 0 0 0 10 0 0 39 0 0 0 0 0 29 1 39 0 0 0 0 34 4 44 0 0 0 0 0 0 3 3 0 7 8 19 0 0 0 0 0 0 57 0 0 0 0
 0 0 0 20 63 0 3 16 0 0 36 0 27 0 0 0 1 53 0 75 25 13 0 4 0 0 71 0 57 0 0 0 5 11 0 0 0 0 80 53 0 63 0 0 0 0 11 43 0 30 0 0 89 0 0 0 0 10 14 22 34 0 0 54 0 0 0 17 28 0 0 0 64 22 85 93 71 8 0 0 54 72 0 0 0 0 33 0 0 0 38 36 70 0 0 6 45 0 18 0 0 0 0 0 1 36 27 52 0 0 28 31 69 0 5 0 50 0 0 0 90 17 0 0 0 71 0 0 13 8 0 64 0 24 0 17 0 0 0 50 28 52 3 15 22 41 8 0 0 2
 0 9 80 60 6 62 59 0 0 77 62 0 22 44 0 46 0 45 0 51 0 0 0 0 60 50 0 75 15 0 0 6 6 56 0 39 74 0 30 0 39 11 10 35 0 31 42 40 0 48 14 36 34 16 0 0 16 66 12 46 2 0 0 24 0 33 37 0 89 28 0 19 0 60 0 0 0 0 38 3 0 0 0 0 0 0 0 0 23 0 30 0 0 0 10 75 0 46 0 0 19 0 52 0 63 0 0 0 0 0 0 0 0 73 0 0 8 17 1 0 8 1 0 0 18 0 61 0 0 43 21 0 0 0 10 36 72 0 0 0 0 0 0 0 91 62 20 11 48 8
 36 75 10 44 5 3 0 34 15 0 0 0 56 52 0 62 86 50 64 18 0 0 0 0 0 10 0 1 30 0 0 0 37 0 62 0 65 74 8 0 29 42 0 51 0 5 0 21 0 41 0 30 30 0 25 66 11 0 0 6 54 76 0 26 0 100 0 75 0 67 45 0 0 79 0 0 0 26 86 19 56 47 49 0 0 0 0 39 0 15 0 0 61 0 51 0 3 64 0 0 0 40 0 0 2 0 20 0 40 5 0 73 0 0 26 71 0 0 33 73 0 0 0 4 36 9 0 44 0 0 0 0 33 0 75 0 1 0 46 13 39 0 46 0 0 10 0 34 0 31
 37 0 0 0 76 0 0 0 0 0 0 0 0 68 71 0 0 0 0 24 45 4 0 19 57 0 6 0 0 4 0 0 0 18 12 15 38 0 0 49 0 47 0 54 25 0 0 0 6 0 0 0 27 0 16 0 0 15 57 0 8 18 0 0 0 0 35 5 48 0 0 7 0 0 0 0 2 0 62 46 57 0 55 0 0 0 0 9 0 1 69 47 0 47 16 0 0 0 0 0 31 75 17 39 49 1 0 0 4 0 21 17 0 0 26 63 39 23 0 0 31 0 0 0 0 0 0 0 0 7 0 0 3 30 25 0 0 19 0 0 0 16 0 17 0 0 17 77 0 0
 0 0 17 63 58 0 55 39 10 39 0 0 10 0 48 25 0 11 24 0 29 0 3 0 0 39 20 0 8 0 69 46 0 44 33 3 0 0 0 30 0 0 0 29 0 0 35 83 0 40 0 1 0 1 70 7 63 6 39 0 0 7 0 0 0 0 14 32 0 0 0 58 0 0 32 18 39 0 14 59 24 45 3 0 0 0 0 0 66 87 59 0 0 3 0 0 0 0 0 0 0 33 0 0 0 25 0 8 70 0 6 0 0 0 0 0 28 59 67 7 10 29 0 0 39 0 67 50 0 0 0 49 53 0 0 27 0 13 0 0 0 0 34 4 0 0 0 71 16 30
 0 0 0 33 28 3 0 11 56 0 0 50 0 0 28 36 0 40 13 0 76 22 0 56 0 0 0 0 79 16 0 15 43 21 0 16 0 14 0 33 36 51 0 14 0 59 0 28 31 0 24 6 21 0 0 0 0 0 12 35 22 0 44 0 19 0 3 23 0 0 0 30 0 0 0 19 77 41 0 22 37 32 0 4 0 72 26 0 58 6 0 0 1 10 24 37 0 0 6 3 0 2 19 0 0 36 0 0 28 22 55 0 27 55 0 72 39 0 66 73 0 0 0 53 28 0 0 49 0 30 0 37 3 72 0 22 18 35 2 0 33 38 9 25 0 0 7 0 37 93
 0 44 0 2 0 14 17 0 0 0 59 56 60 0 17 0 23 26 49 38 0 8 61 22 13 0 0 28 54 13 0 20 0 0 58 90 0 0 48 57 66 82 0 0 0 0 0 0 31 0 32 0 3 49 10 34 42 0 38 0 0 82 65 31 22 0 40 73 87 11 0 0 0 0 20 18 4 46 0 0 0 71 0 0 0 0 0 0 66 0 0 11 0 0 56 0 17 82 70 43 9 0 0 0 0 0 87 90 32 41 0 0 0 0 0 20 0 40 88 0 64 40 63 13 0 57 0 5 57 43 47 0 60 0 50 43 22 67 0 13 0 50 34 0 0 0 65 20 0 56
 0 0 24 31 0 0 1 0 0 0 0 0 13 0 0 34 0 79 1 0 80 0 0 45 0 34 0 9 6 0 0 21 42 10 0 38 44 0 14 0 36 85 0 3 0 95 18 0 0 0 0 6 14 0 0 0 44 6 0 32 19 0 0 43 0 5 25 25 13 0 38 66 0 0 72 28 12 20 0 79 0 0 0 5 61 11 0 29 6 7 0 0 0 45 0 23 0 51 37 0 3 8 9 0 21 0 0 0 0 0 66 0 0 0 0 59 11 0 3 2 0 0 47 75 3 23 0 0 34 0 13 20 29 13 71 0 0 31 0 0 0 0 0 71 0 0 0 0 36 0
 74 0 44 0 0 18 17 45 0 32 19 58 39 0 0 75 62 0 2 0 41 41 0 63 97 32 0 76 0 20 40 42 58 0 0 0 83 39 55 0 0 0 93 0 44 10 4 6 27 0 5 0 14 44 0 90 31 53 0 62 6 0 71 17 0 0 63 41 0 7 0 1 0 74 28 64 0 0 0 24 0 37 0 40 0 0 2 0 0 50 0 0 1 0 0 0 34 1 0 10 33 0 61 53 40 3 0 1 0 0 0 0 0 79 0 48 0 37 0 40 95 0 0 0 0 65 32 0 0 0 16 44 0 15 0 0 0 0 25 2 71 0 0 75 0 10 0 0 0 0
 23 29 0 48 0 43 0 0 0 38 0 17 0 59 0 9 34 0 0 23 0 79 28 0 0 41 75 0 18 0 37 15 54 0 22 0 21 0 0 0 13 60 0 0 0 0 54 58 0 65 0 86 18 7 0 0 6 22 62 4 0 0 0 3 0 13 0 60 0 0 0 0 0 0 0 53 0 0 4 0 49 29 34 0 14 52 0 19 23 0 5 0 0 20 0 45 0 0 0 0 0 0 59 23 0 20 0 0 0 0 66 0 0 10 0 35 0 1 0 0 7 67 0 0 61 22 0 0 13 0 0 0 0 0 39 0 30 0 11 94 53 11 1 36 0 0 29 0 0 69
 55 0 46 0 0 22 0 0 0 0 21 23 0 0 0 0 0 46 23 0 0 43 59 6 57 0 24 0 0 24 0 0 22 0 47 55 1 60 0 15 0 24 0 0 66 20 0 0 0 0 0 0 0 49 0 0 0 0 51 24 0 69 0 38 0 50 15 34 6 0 0 35 22 0 0 0 20 0 0 0 28 16 0 0 0 39 82 17 0 0 0 66 0 28 0 0 0 0 0 0 3 30 84 0 34 0 0 0 0 0 0 0 0 0 4 5 0 42 0 0 0 68 27 27 0 76 0 2 0 9 13 44 0 0 0 0 0 0 14 0 0 84 24 59 0 0 77 0 11 0
 0 0 36 0 59 26 0 32 60 0 0 48 12 8 63 0 82 0 0 46 4 51 0 0 0 25 15 41 38 38 55 47 0 0 44 0 0 0 0 60 0 0 47 0 0 76 62 0 25 0 0 0 0 0 0 0 21 0 0 0 0 39 0 16 0 41 0 0 0 45 59 0 0 0 0 0 6 49 70 0 12 0 78 23 42 0 0 26 0 0 0 0 32 0 0 14 58 0 6 0 3 19 0 58 29 0 4 2 0 38 33 0 0 2 29 27 0 42 0 0 21 29 11 19 0 0 0 27 31 83 0 0 0 36 0 12 7 0 7 0 0 0 16 0 9 36 0 59 28 37
 0 0 36 0 0 0 25 0 0 53 0 18 0 0 0 44 0 0 0 71 0 0 0 0 1 0 9 0 59 0 60 43 0 52 32 24 12 75 0 26 0 0 16 47 0 0 38 36 0 42 0 0 0 0 0 0 0 0 40 54 0 47 38 52 9 0 0 0 0 0 0 0 0 0 57 3 0 0 0 0 57 35 0 64 0 2 21 45 17 15 0 0 0 49 0 0 0 42 0 15 23 23 0 35 41 6 13 41 18 0 75 0 29 15 0 0 0 0 0 0 0 0 0 46 0 26 3 6 45 0 0 7 17 50 41 0 0 29 15 0 0 0 0 57 63 0 0 0 29 0
 0 0 33 0 0 0 0 0 21 0 58 4 0 3 0 0 83 56 33 0 36 0 0 37 0 0 0 0 37 42 0 0 0 37 29 0 11 1 82 41 1 7 14 49 61 45 0 63 0 0 0 12 0 0 0 22 29 0 40 0 0 4 80 0 0 0 0 56 0 15 0 61 0 68 0 0 19 68 7 0 49 52 51 0 0 30 0 0 67 44 0 0 0 75 19 9 0 0 55 0 0 0 17 32 0 0 0 0 13 0 50 36 56 9 18 11 78 48 20 0 13 0 0 0 19 93 0 18 0 14 62 13 0 28 0 43 0 36 0 0 32 0 0 0 0 0 51 0 0 0
 33 0 0 6 0 0 46 0 0 8 61 70 0 0 0 25 78 11 6 13 0 2 12 46 0 0 75 0 0 19 5 0 0 77 0 0 32 33 0 0 43 21 0 37 25 0 5 80 0 45 0 22 0 31 12 0 0 19 8 60 9 0 39 0 0 10 0 6 0 33 18 0 16 0 61 86 0 0 13 80 24 28 0 24 34 0 66 75 17 3 0 62 50 0 66 41 33 0 15 0 7 0 12 5 14 0 0 78 6 0 0 0 34 49 6 0 0 0 15 81 20 72 0 49 33 0 80 14 0 7 12 48 5 50 0 0 0 0 0 0 18 55 0 9 0 14 43 43 1 0
 11 14 0 0 9 3 96 0 0 0 56 47 0 49 2 4 77 0 10 14 0 0 0 0 0 0 44 0 0 41 21 2 0 15 0 0 0 45 43 0 42 3 0 0 11 51 5 0 0 13 11 23 0 95 0 34 4 4 0 0 59 43 0 22 0 96 0 48 0 11 93 8 46 52 45 78 0 10 0 24 0 0 2 63 0 0 6 53 0 45 89 31 63 0 21 0 6 0 0 0 11 13 0 2 0 0 6 57 58 0 0 69 0 0 0 0 0 0 0 0 0 0 0 0 0 0 10 0 44 0 1 41 62 0 17 23 3 12 60 18 0 3 21 1 0 0 0 46 0 0
 37 0 0 0 0 0 0 69 32 66 0 5 0 0 0 0 0 0 0 7 7 0 32 0 0 0 0 26 56 84 17 83 91 0 51 59 20 64 27 0 0 0 0 0 0 34 0 41 28 1 0 0 28 0 58 49 51 0 0 0 0 27 0 0 22 44 0 0 0 0 24 0 11 45 0 13 0 55 67 40 0 0 0 0 0 0 0 25 8 0 0 16 53 17 9 0 24 0 0 86 27 23 23 39 0 20 0 2 0 0 0 46 0 0 10 48 0 8 0 0 64 7 71 10 0 88 36 0 0 36 0 49 0 11 65 24 0 0 29 3 58 0 7 31 0 55 0 0 6 0
 0 42 27 0 59 0 0 59 38 0 0 0 0 0 31 0 0 0 6 0 0 0 26 0 27 24 66 46 0 0 0 0 3 94 83 0 68 0 0 0 53 0 6 15 0 0 0 39 61 0 0 0 0 85 0 52 0 0 0 0 40 24 13 0 0 41 54 19 0 34 0 83 32 5 38 17 0 0 8 0 0 0 32 0 0 0 47 0 30 0 38 0 0 0 0 0 65 14 0 4 8 0 2 4 0 0 47 61 0 0 17 78 0 0 0 0 0 49 5 0 3 14 0 0 0 10 38 0 0 0 0 0 0 0 23 0 0 0 34 0 0 0 0 13 0 72 0 0 36 0
 0 0 0 0 40 0 0 0 7 0 0 30 0 0 0 0 21 1 0 0 0 35 0 2 25 0 0 0 0 0 57 67 0 0 51 0 0 11 0 78 0 0 24 0 0 0 0 16 68 21 51 0 27 0 0 1 21 0 0 0 0 76 0 39 16 36 0 0 0 0 0 0 0 0 0 0 14 10 0 81 49 0 0 0 0 0 9 0 0 0 0 78 39 0 5 0 11 0 0 0 0 36 6 16 0 10 0 56 58 0 34 16 34 52 27 18 0 0 41 13 17 53 0 0 0 0 0 0 15 30 25 14 0 0 0 0 0 78 0 45 15 88 11 0 26 34 85 0 9 0
 0 0 0 0 38 64 0 27 7 25 0 16 0 0 7 81 53 0 24 0 0 0 0 0 14 30 0 78 0 26 12 38 0 41 16 12 48 49 0 4 46 52 0 0 13 42 69 44 0 0 0 64 0 1 0 12 0 25 24 8 12 0 0 0 0 0 0 39 58 0 43 0 0 36 39 61 6 26 0 8 19 82 0 28 0 0 0 27 0 0 0 0 64 0 19 48 0 79 32 0 0 3 0 31 0 31 0 57 15 1 45 2 0 14 61 37 0 58 0 43 0 32 64 0 0 0 60 8 0 0 76 0 0 0 42 0 37 0 0 7 0 0 0 20 0 0 4 1 19 0
 0 5 0 37 0 0 9 0 0 0 0 0 0 0 47 0 47 0 0 0 23 18 0 0 0 0 0 35 0 0 0 21 0 0 67 0 31 0 29 0 19 26 43 38 0 0 10 16 0 84 0 0 35 0 0 0 0 0 0 54 71 0 40 0 28 78 0 0 61 0 32 0 15 0 92 4 19 6 29 0 0 0 0 0 0 11 0 0 0 58 38 0 22 3 31 29 72 40 0 0 0 12 28 0 41 10 20 0 47 0 0 32 65 0 6 26 4 0 16 0 24 45 0 0 19 0 0 2 0 0 0 20 64 7 0 0 0 67 0 0 0 27 85 42 8 0 11 0 58 75
 44 0 10 71 0 8 5 0 0 31 16 7 0 0 49 0 3 8 0 50 69 0 33 55 0 24 0 37 0 0 0 0 0 0 0 0 12 96 70 63 0 6 12 10 0 88 77 0 0 0 11 63 0 49 0 43 0 0 35 28 0 53 64 31 0 22 51 6 0 44 8 68 0 0 0 2 0 0 0 0 28 44 0 16 51 3 3 71 10 0 52 16 20 0 21 10 24 0 41 90 75 52 57 0 30 0 0 58 32 0 0 0 54 36 0 18 0 31 0 56 8 24 9 0 0 22 19 36 14 0 0 0 29 0 0 24 28 0 69 0 50 0 23 35 0 0 15 9 0 0
 8 20 0 73 64 56 0 26 0 0 58 0 22 66 0 48 0 0 0 23 65 10 0 0 0 70 33 63 82 0 18 0 0 32 5 30 0 0 45 22 20 0 21 29 0 0 80 0 0 0 61 16 30 30 23 0 3 10 99 20 0 57 0 63 0 7 21 0 59 0 0 0 30 80 18 0 0 0 36 21 23 0 43 75 67 38 8 6 0 22 22 52 14 55 0 58 45 0 4 37 0 0 38 0 0 0 0 26 0 34 58 20 47 81 29 7 61 8 0 0 51 44 0 39 34 0 0 0 43 27 9 19 0 0 63 58 0 0 21 0 9 42 17 0 0 0 0 0 0 0
 0 66 0 10 25 0 2 48 45 47 21 7 0 42 0 0 0 18 0 0 0 0 0 23 10 80 0 0 0 0 47 13 17 53 0 0 10 0 0 66 34 56 41 61 0 38 40 0 14 0 0 0 0 0 0 0 0 19 1 29 24 0 0 78 0 0 18 0 12 0 26 12 0 0 0 0 12 0 11 0 0 0 14 0 0 71 0 0 86 6 21 39 0 0 37 0 0 0 0 0 47 0 45 49 0 95 4 38 27 0 38 30 0 38 0 7 0 0 69 0 7 0 0 0 15 72 0 22 0 23 35 0 0 31 86 95 59 37 10 68 0 0 31 4 9 65 19 48 6 20
 13 0 0 0 0 47 38 0 12 53 0 28 0 34 33 0 4 0 0 12 81 0 0 0 30 0 48 2 59 0 0 0 21 0 27 0 0 11 0 0 4 8 0 0 8 65 33 5 29 56 0 58 0 85 0 23 0 35 0 70 3 0 0 55 29 44 0 16 51 0 0 0 0 0 24 0 17 0 47 0 3 3 91 0 0 0 15 0 23 0 0 0 29 69 6 60 24 0 40 0 55 0 0 0 0 0 0 84 0 48 0 0 47 0 73 0 0 53 0 6 0 50 0 0 26 0 27 85 0 18 0 0 0 14 0 84 0 0 39 61 0 19 40 0 65 0 0 0 45 59
 9 0 0 0 56 0 3 0 57 0 0 4 0 8 0 0 0 0 0 0 24 0 0 0 33 0 0 5 29 0 0 0 2 6 95 0 0 0 51 0 0 22 65 15 0 0 16 0 23 0 0 0 84 0 0 0 7 0 16 10 0 8 0 12 0 0 0 0 0 34 0 0 17 0 5 63 0 63 13 5 45 1 0 0 35 0 53 60 36 68 11 71 0 31 42 6 28 25 0 0 42 0 0 9 38 25 0 67 0 0 0 0 0 0 0 16 54 73 23 0 0 4 44 23 47 0 9 22 0 0 8 75 0 9 25 0 10 0 80 29 39 0 0 0 20 0 0 0 0 0
 20 0 92 0 30 35 0 37 0 0 32 34 0 49 26 0 13 0 44 16 12 27 1 60 0 10 35 0 0 0 26 27 49 0 0 41 0 0 0 0 51 0 72 25 0 0 0 15 46 0 15 49 0 0 0 0 0 0 3 28 0 0 0 11 39 39 45 0 20 14 29 0 8 4 17 0 0 42 0 33 5 13 38 0 6 20 0 0 43 51 2 33 90 1 0 15 10 0 0 11 0 0 55 19 17 0 32 9 0 52 0 0 0 8 0 0 64 0 0 0 0 0 1 53 59 64 0 0 21 0 0 0 24 21 19 90 5 0 17 0 49 32 0 32 21 4 18 0 0 38
 66 0 0 0 0 49 2 48 63 37 0 3 7 0 7 0 33 0 0 0 0 0 14 0 7 8 46 41 0 0 0 24 9 0 7 3 0 0 0 0 35 0 0 37 10 16 72 50 0 58 46 42 0 47 0 0 0 22 0 28 10 0 0 20 0 30 0 0 55 0 25 0 0 0 0 85 0 0 0 0 5 53 0 27 0 0 25 25 32 0 0 0 49 0 0 57 0 0 1 0 0 45 49 0 0 0 7 5 0 61 25 41 22 0 0 72 2 55 0 15 34 0 0 0 0 0 0 44 0 67 0 0 0 0 30 85 0 3 56 19 31 0 31 61 0 90 11 0 26 1
 0 0 0 85 0 21 13 55 24 22 0 12 36 0 0 0 61 44 44 0 65 44 43 25 0 35 0 7 29 0 0 0 22 41 48 0 29 42 84 37 0 91 60 0 88 92 77 1 0 41 0 0 14 0 86 60 32 73 13 18 8 43 70 0 31 0 0 39 20 0 0 0 0 13 83 24 19 0 17 39 0 0 0 0 46 94 0 0 18 0 29 14 59 0 0 0 19 85 61 0 60 76 22 0 0 0 0 11 0 5 0 0 21 0 10 0 0 0 4 0 58 0 15 30 36 14 0 0 22 21 0 54 13 3 0 39 0 55 5 24 0 9 0 0 73 0 0 16 0 68
 0 0 0 0 65 0 41 0 0 84 70 0 0 0 17 0 7 0 0 34 39 0 51 0 0 40 0 0 55 0 65 0 0 24 84 0 81 0 98 0 0 87 72 0 0 5 0 51 44 0 0 12 27 0 0 32 3 35 52 0 10 16 14 0 0 0 64 0 0 0 0 16 14 79 0 7 0 0 0 65 0 35 23 0 8 37 0 0 0 1 0 6 6 0 0 0 0 6 0 0 5 33 0 21 11 52 50 69 0 0 0 0 0 16 0 25 16 0 9 0 25 65 66 34 4 64 0 46 0 0 0 7 21 0 28 15 11 0 42 18 0 73 80 29 0 0 31 0 0 0
 1 27 0 0 0 30 12 0 14 0 48 21 0 0 44 0 0 0 6 68 0 14 47 0 0 0 28 0 0 65 0 0 15 43 33 0 0 0 0 0 0 0 60 0 0 5 25 9 0 0 0 54 0 0 71 28 0 36 0 7 11 0 0 0 30 30 0 0 35 0 0 0 0 62 0 0 58 0 19 7 16 15 0 0 17 0 0 0 50 0 53 0 43 0 8 0 14 44 75 0 48 44 0 0 0 0 0 16 28 0 17 56 0 0 3 0 0 0 56 0 14 16 0 44 0 0 0 58 73 0 4 14 0 0 65 24 24 9 0 22 0 0 0 79 0 14 0 60 0 29
 0 22 0 0 0 32 0 0 18 0 0 0 0 0 17 62 0 0 0 17 0 0 36 33 0 0 0 13 0 0 0 14 0 0 0 0 0 84 12 32 0 28 0 0 0 0 0 42 28 26 0 13 59 0 28 0 0 0 0 13 29 1 0 2 11 33 0 3 2 16 0 29 0 45 1 3 11 15 45 4 68 27 0 24 50 0 0 0 60 19 0 29 0 30 47 49 0 6 0 10 6 0 0 37 0 11 63 0 40 1 2 0 22 0 0 79 50 65 0 34 66 27 12 0 0 47 2 0 0 70 0 0 0 52 29 24 34 0 0 0 0 64 0 29 0 46 20 0 0 0
 5 0 78 67 28 66 0 24 66 40 0 0 0 0 0 41 18 5 28 0 19 0 0 27 0 27 59 0 44 52 26 47 0 0 0 32 54 6 7 0 0 0 0 16 15 0 62 0 13 0 0 0 0 0 0 0 0 14 54 0 0 6 6 39 0 10 0 0 0 0 0 0 0 41 0 46 0 33 89 9 0 4 9 27 10 0 0 0 0 0 87 6 1 14 5 0 32 0 0 12 0 28 0 16 0 15 0 0 52 0 0 0 0 74 13 0 0 71 0 1 4 0 1 0 0 0 0 0 0 47 85 0 0 9 0 14 0 18 0 0 30 0 15 4 0 0 64 13 24 0
 0 0 20 0 14 43 21 6 6 41 15 0 7 0 0 0 0 0 0 2 0 30 32 44 17 0 41 10 0 42 0 0 0 24 0 41 0 25 8 10 0 7 18 0 0 44 11 0 46 96 0 13 0 19 0 0 0 0 0 17 26 0 83 0 0 24 24 79 0 0 3 87 0 0 0 63 4 37 13 9 0 53 33 0 0 75 0 4 88 0 0 9 35 0 0 0 0 28 0 4 9 9 0 46 14 0 0 1 34 76 0 0 0 0 0 0 0 3 19 8 0 42 0 38 0 9 95 0 33 24 65 19 0 0 0 7 15 0 0 0 60 0 0 0 56 1 0 0 66 0
 63 0 14 13 0 0 48 0 0 0 64 17 36 0 24 0 12 0 0 65 3 0 0 27 0 45 53 38 27 59 43 0 38 30 0 92 8 0 0 37 13 17 0 0 17 64 37 52 16 11 0 0 31 0 8 29 11 0 37 0 0 13 0 0 31 92 0 25 7 0 6 8 46 0 0 10 21 21 53 34 0 0 0 50 11 0 0 0 0 0 51 39 0 13 0 0 0 82 0 0 0 0 61 67 0 32 0 0 0 0 45 0 60 65 0 30 0 0 2 0 18 46 0 48 0 0 0 0 0 0 0 17 0 0 8 0 6 0 64 25 0 82 0 0 0 0 0 0 0 28
 31 0 4 0 0 0 0 78 0 0 59 0 72 0 0 0 79 0 0 22 0 0 6 0 25 0 26 71 17 0 0 0 23 35 65 0 4 0 0 7 0 2 0 0 50 0 0 0 2 0 75 81 3 6 29 16 0 89 50 0 81 54 31 21 19 66 13 0 0 0 56 0 0 0 0 44 0 0 48 0 26 38 47 0 59 0 0 0 16 0 53 47 17 0 0 13 14 0 0 42 0 0 56 0 0 0 24 71 21 42 0 29 18 0 48 0 53 54 15 45 48 17 6 13 0 0 51 0 0 0 0 67 0 45 35 35 0 15 38 50 28 0 0 0 58 18 0 0 19 38
 22 0 92 0 0 62 0 12 13 0 0 0 61 56 0 0 0 0 0 0 13 0 0 0 0 0 49 47 18 65 11 14 0 3 0 7 0 29 0 55 55 0 13 77 0 0 55 0 22 24 0 0 73 50 0 24 18 26 29 51 0 0 0 0 0 0 36 33 0 0 0 91 0 0 0 70 0 32 0 4 0 0 10 0 0 0 0 0 4 0 0 0 0 0 37 17 0 19 7 7 0 0 0 53 1 50 0 0 0 0 0 0 12 94 0 14 49 0 52 0 20 0 0 32 0 0 1 53 0 0 20 19 0 35 5 0 19 0 0 25 0 35 0 0 30 18 1 0 0 11
 50 0 65 0 0 83 9 36 7 80 17 0 66 0 0 0 62 0 7 1 0 10 0 14 0 0 0 46 17 28 0 0 76 0 37 0 83 0 0 16 0 28 46 0 13 59 17 25 27 0 20 0 0 14 0 7 0 0 45 0 0 0 4 0 0 39 0 11 3 6 3 50 0 30 23 6 17 0 0 0 0 0 0 0 0 14 12 0 34 24 52 0 58 0 15 8 2 0 9 43 38 84 0 31 24 0 7 0 0 24 0 42 24 32 46 51 34 86 37 0 0 0 0 16 29 30 37 0 0 1 0 63 85 17 0 0 55 49 0 0 0 0 8 0 0 0 30 0 0 48
 77 48 0 0 0 27 0 0 0 0 29 0 0 13 45 51 13 13 0 0 0 11 0 66 32 13 34 89 35 50 0 30 0 27 11 41 88 5 0 21 48 19 8 80 0 25 0 0 48 34 0 0 11 28 60 0 38 18 0 45 25 2 0 41 64 0 25 0 0 63 0 69 0 17 30 12 30 0 0 0 0 16 55 8 8 0 3 0 4 17 37 0 0 0 13 39 8 66 0 5 0 0 11 0 46 22 66 0 62 0 0 0 25 44 0 0 0 8 0 11 0 31 57 0 0 5 66 13 0 42 59 55 0 28 66 57 0 50 0 0 17 0 0 0 0 0 19 0 0 0
 23 0 0 0 61 57 0 50 5 0 14 74 0 0 6 14 30 8 0 81 0 15 0 21 0 38 15 32 0 0 36 0 0 0 0 0 0 0 55 1 0 17 49 24 0 0 0 4 20 19 0 0 0 0 32 1 42 5 22 42 0 0 14 13 32 2 31 0 0 0 0 0 0 0 0 0 0 36 52 0 15 27 0 44 0 57 12 0 59 0 0 59 84 0 49 0 0 3 43 0 0 14 0 41 9 31 61 0 0 51 0 6 25 24 64 28 0 25 0 37 0 11 0 0 71 0 0 0 13 0 77 28 9 0 3 20 0 0 0 28 0 0 5 0 0 0 0 0 0 72
 46 0 0 0 0 33 0 22 0 67 18 5 0 20 34 0 23 0 0 55 0 6 0 0 0 0 12 0 30 0 17 0 0 20 0 7 3 2 0 58 37 0 21 34 0 0 58 27 61 33 0 28 0 44 0 0 84 50 0 30 0 0 52 0 1 0 9 0 19 59 0 0 3 0 0 0 11 10 0 0 0 0 24 0 0 28 43 6 0 0 0 0 38 0 0 0 0 22 64 0 0 55 70 0 0 29 0 0 31 0 0 0 0 65 36 0 0 63 10 0 0 0 0 0 91 38 16 44 73 58 0 0 0 1 0 57 26 27 0 0 12 76 7 35 61 62 0 39 30 34
 30 0 0 0 0 0 0 73 6 29 0 1 61 0 0 0 0 0 14 0 0 4 13 0 0 0 28 22 57 36 0 0 11 0 51 0 6 41 0 0 0 10 23 0 0 0 0 0 0 95 1 0 0 13 0 0 0 75 0 51 12 0 72 0 0 48 21 0 0 8 0 53 0 21 4 0 28 63 0 0 70 35 29 0 0 13 1 0 81 38 0 88 0 0 0 0 65 53 0 0 60 0 47 32 0 49 7 19 0 38 66 0 0 0 0 1 0 0 0 0 9 4 29 0 33 0 9 0 0 0 25 0 0 0 40 0 20 0 16 13 0 0 0 46 22 0 20 0 0 0
 0 0 12 0 0 0 21 56 4 22 51 0 70 11 0 5 0 0 31 0 0 0 0 29 6 0 0 3 0 0 0 78 32 8 87 0 30 0 0 0 28 0 0 25 0 0 29 14 0 89 0 0 0 0 6 0 38 50 6 5 0 0 15 0 0 56 20 16 9 45 50 0 0 0 26 0 0 40 7 34 0 0 26 77 49 10 0 0 9 55 0 0 0 54 6 54 78 60 0 67 8 63 0 53 0 77 12 36 0 0 18 27 0 14 0 44 0 25 58 54 36 64 0 6 27 0 5 29 51 0 30 0 47 50 0 6 12 0 0 0 0 0 0 0 81 0 31 30 0 21
 8 0 96 0 56 0 42 9 14 19 0 0 73 6 0 37 0 0 0 18 4 0 23 0 0 0 0 2 0 22 0 40 19 1 22 0 0 0 0 0 0 0 0 0 0 43 0 0 1 0 5 50 0 4 0 0 0 0 0 9 61 0 6 0 0 66 36 0 0 22 80 3 56 70 11 26 22 5 13 51 0 12 88 0 0 24 25 0 0 54 39 31 13 19 0 0 0 10 0 0 0 34 0 0 0 85 0 0 0 0 54 11 0 32 22 53 86 0 6 30 0 38 0 2 86 0 5 0 0 1 28 20 0 0 19 0 1 12 0 47 8 0 0 51 42 0 28 7 79 2
 0 1 0 0 0 0 22 0 65 0 0 0 0 0 0 21 0 0 0 0 11 0 35 0 0 35 44 11 26 43 0 0 83 0 2 0 0 1 59 0 0 27 2 0 0 0 0 0 42 0 3 0 17 40 0 96 8 0 27 0 32 0 0 0 2 0 0 0 0 0 57 0 6 0 0 29 27 0 33 3 0 0 53 33 52 31 21 2 27 3 0 0 77 60 12 0 46 19 0 0 29 0 0 5 55 0 28 0 0 22 40 44 0 0 0 0 0 0 86 53 0 0 50 19 27 0 0 24 0 0 74 0 0 12 8 24 39 0 0 0 19 17 3 0 0 0 0 54 59 0
 0 77 0 58 16 0 0 0 0 0 27 10 2 0 0 47 28 5 0 0 0 30 0 29 8 17 0 0 0 0 53 0 0 0 0 6 11 0 0 8 24 0 35 4 0 0 52 0 0 35 0 0 20 47 0 38 93 27 54 72 37 18 0 0 4 0 15 0 89 0 87 0 19 0 0 41 0 62 0 22 49 57 60 0 4 0 0 22 71 0 0 0 0 0 0 21 15 10 0 0 0 14 0 0 0 0 19 0 0 64 28 0 61 0 41 0 0 0 37 0 10 7 0 59 60 0 0 68 81 0 26 4 0 64 0 10 40 0 0 41 0 0 45 0 47 0 0 8 9 65
 0 0 0 0 18 11 8 19 0 74 39 0 13 91 4 14 5 24 13 63 16 0 0 39 0 59 2 19 0 0 0 2 51 0 42 26 0 0 75 62 75 26 5 72 0 0 8 53 0 0 28 0 35 0 18 0 0 0 0 0 19 47 64 8 54 0 0 59 20 9 0 19 15 74 77 0 33 49 28 2 13 0 32 29 0 23 19 0 0 36 37 0 0 0 0 0 0 26 22 0 0 5 0 0 0 0 59 0 0 0 0 0 44 0 8 0 5 63 29 6 0 0 0 0 0 0 73 55 6 61 65 1 0 0 55 0 33 0 44 0 17 5 21 20 0 41 0 0 0 36
 85 0 0 0 0 0 0 0 46 0 13 0 0 90 25 0 0 0 0 38 41 2 0 0 0 0 0 0 0 60 38 0 53 55 0 1 2 0 0 0 0 0 0 0 5 62 16 0 0 53 88 0 2 47 0 0 22 35 2 3 16 34 0 68 58 29 65 0 0 0 8 0 18 81 52 27 0 0 0 15 5 0 17 65 71 71 0 0 25 49 60 70 42 32 8 17 54 13 20 6 0 20 0 0 44 43 0 55 69 0 68 0 34 35 85 1 0 22 0 0 0 12 62 0 0 0 0 8 0 0 32 4 0 0 0 19 0 0 4 8 0 0 0 0 57 0 0 31 30 0
 0 0 0 0 49 0 18 0 0 0 0 18 0 0 0 64 5 45 23 37 27 0 0 6 1 20 40 55 0 62 14 3 0 49 0 6 0 84 55 25 0 27 0 67 0 78 0 0 54 26 0 0 38 12 0 0 0 24 44 40 0 0 0 0 99 0 52 6 0 0 27 0 49 31 0 64 0 0 0 66 14 23 0 0 0 43 0 3 0 29 0 0 0 58 0 0 0 50 0 43 0 3 65 38 0 21 18 0 43 0 33 51 0 0 0 0 0 0 0 0 20 0 0 1 0 20 0 8 0 0 0 0 8 9 0 0 50 15 52 45 6 0 41 0 4 0 5 6 0 6
 0 0 0 0 88 0 0 0 40 0 0 0 23 0 0 4 81 0 0 22 32 41 10 0 28 0 0 0 69 26 0 0 0 0 0 64 0 0 0 17 0 50 0 0 15 9 0 0 0 0 0 0 15 0 76 0 0 0 0 0 38 10 33 0 14 9 0 0 0 0 0 41 92 0 0 4 0 0 9 26 0 9 0 0 41 0 10 18 39 13 0 51 0 21 0 68 0 5 42 24 0 0 37 43 0 30 34 58 0 0 70 39 28 0 0 51 0 0 25 6 5 32 0 40 0 0 18 0 0 14 70 1 0 83 0 39 0 22 30 0 0 0 0 0 0 81 15 46 7 27
 15 15 0 0 0 0 59 0 83 0 47 68 11 0 23 12 17 0 6 0 0 0 0 0 0 30 0 12 33 49 12 3 47 0 17 9 7 0 0 0 5 43 0 11 20 0 0 70 7 0 78 0 0 64 0 0 0 0 0 0 41 0 23 0 0 55 50 16 7 7 93 0 65 70 2 8 2 59 0 0 53 0 0 0 0 0 0 0 26 29 11 0 0 0 0 53 0 0 0 0 20 0 0 0 0 46 13 0 0 0 17 4 0 0 0 0 5 58 0 1 0 0 0 0 17 0 0 0 0 0 47 30 0 0 0 0 0 0 51 0 72 39 0 47 0 0 0 18 0 16
 46 71 43 0 50 77 67 53 0 77 33 0 0 40 17 92 0 0 0 0 0 0 0 0 0 0 0 95 15 0 0 0 30 0 7 0 5 0 53 61 0 22 5 44 0 1 71 0 30 0 0 33 0 0 83 2 54 21 0 16 66 60 0 47 0 27 0 12 0 0 3 0 0 0 0 0 6 0 0 0 0 36 17 0 0 0 0 28 51 9 0 0 11 0 21 36 10 83 0 65 0 0 22 0 12 0 31 0 77 0 0 8 8 65 29 61 32 0 16 27 0 2 25 37 63 39 25 0 0 0 39 0 0 19 0 18 0 34 1 0 0 23 11 35 0 0 34 10 2 57
 71 0 51 0 84 0 0 0 9 46 0 16 0 22 6 58 0 0 29 0 11 17 0 0 15 16 0 37 5 91 72 0 77 12 2 0 0 44 0 0 0 30 0 0 0 30 0 0 64 16 0 11 16 0 5 58 0 6 0 50 23 0 0 17 78 44 0 48 78 0 18 3 0 0 11 28 18 0 0 65 52 33 0 72 0 24 0 26 0 36 0 0 0 23 0 0 57 0 47 0 0 0 54 0 0 0 85 0 0 0 0 0 52 18 0 0 0 0 31 2 0 0 15 0 5 0 69 24 5 48 14 0 0 0 0 0 35 0 0 25 0 0 0 0 0 1 20 0 0 32
 0 5 0 0 40 45 32 7 12 66 0 15 0 0 0 6 31 0 0 55 12 25 0 40 0 2 38 0 86 0 0 0 34 0 85 16 47 0 53 16 15 0 0 11 20 27 5 0 1 12 11 23 70 0 0 9 0 0 0 0 46 68 0 65 5 43 0 10 54 41 0 0 0 35 47 0 11 0 44 0 0 13 78 49 0 34 29 0 34 0 0 0 0 20 56 43 38 40 0 0 0 26 8 0 14 0 0 32 0 26 0 7 0 22 29 67 0 0 0 1 0 63 16 0 0 40 0 0 24 77 0 0 71 0 14 0 0 29 7 11 8 80 11 0 0 0 0 0 25 0
 19 0 39 0 41 58 0 32 0 39 0 13 65 0 0 0 4 67 0 8 19 57 60 0 2 45 18 0 50 9 0 0 0 50 92 0 0 0 15 0 17 25 0 0 56 70 31 9 8 0 0 0 1 0 45 4 29 40 0 0 0 0 6 0 0 94 0 0 0 88 99 0 4 0 0 14 38 0 64 30 26 0 42 67 23 17 29 0 12 0 5 0 74 4 58 0 32 0 0 0 0 5 72 0 0 1 0 62 16 69 0 12 34 54 0 42 90 11 0 17 0 25 0 39 0 4 0 0 0 0 60 61 56 0 0 55 74 14 22 0 2 0 0 0 41 0 0 24 0 25
 0 0 1 0 0 0 44 9 11 0 77 0 0 0 86 69 28 0 80 0 0 0 60 0 0 15 0 95 29 0 45 0 30 0 2 40 25 0 30 0 23 24 38 10 16 0 8 0 3 0 0 30 0 0 0 11 3 0 31 0 7 6 0 59 56 0 47 38 0 36 40 92 37 1 72 0 33 47 15 0 0 43 0 67 0 0 68 14 0 22 0 9 0 0 44 0 28 19 72 0 59 0 40 1 29 10 34 33 0 0 25 47 37 19 0 30 0 0 0 0 0 1 0 0 13 1 0 53 0 32 52 0 8 0 75 0 0 58 1 0 0 0 0 0 0 0 0 80 27 45
 0 0 40 0 25 7 0 62 0 0 41 0 0 0 14 36 0 33 5 18 1 87 7 37 4 4 0 12 62 26 0 0 0 0 93 25 0 12 0 65 73 0 0 56 50 0 38 24 20 60 0 5 23 17 60 61 0 16 84 0 0 0 0 0 0 0 0 23 49 22 0 0 77 36 44 0 70 29 0 0 0 0 0 59 42 0 6 7 0 29 32 5 0 0 17 82 70 61 11 0 0 0 24 0 0 0 0 4 11 0 16 65 63 69 2 0 0 43 0 27 57 28 57 31 0 39 53 28 74 0 0 0 1 0 0 0 0 0 16 31 19 57 36 0 0 26 0 0 20 0
 43 10 40 0 0 0 0 39 0 37 13 13 0 40 26 6 0 0 0 34 43 36 52 2 0 6 68 6 28 0 5 0 0 0 40 0 15 14 0 7 5 9 0 58 0 0 0 0 0 15 10 41 31 0 0 49 58 0 50 0 19 18 0 0 0 32 0 28 8 0 45 0 0 84 0 51 11 10 38 4 0 0 12 16 0 0 13 81 0 48 0 12 0 0 0 0 0 36 4 17 0 40 67 22 0 0 0 6 59 18 20 72 65 0 22 7 75 0 30 9 0 0 6 82 6 0 0 5 65 0 0 0 67 17 0 0 0 0 0 85 39 0 0 0 25 0 0 31 14 0
 10 64 16 43 0 40 45 18 0 0 11 17 3 0 0 16 0 20 76 31 0 8 0 0 0 58 35 26 0 41 0 0 27 0 46 0 0 35 0 71 0 0 0 13 0 42 40 0 65 80 85 6 36 0 0 64 57 0 0 0 4 2 0 0 18 47 0 16 0 0 42 0 0 48 5 66 0 79 0 24 61 0 0 39 3 0 36 0 0 29 14 0 33 0 0 0 23 31 0 0 0 0 0 7 22 0 0 0 0 0 0 0 0 0 0 7 50 0 54 33 2 40 0 2 62 1 16 66 0 0 0 0 0 0 0 89 5 36 0 0 0 0 0 0 23 4 21 17 22 0
 12 0 0 46 42 30 38 0 0 59 0 0 28 29 62 47 0 11 15 9 0 0 0 0 0 0 10 40 0 87 0 0 0 0 67 0 0 0 15 35 35 0 7 0 0 0 0 0 0 0 0 0 0 0 0 64 35 80 2 0 0 0 81 0 0 0 0 20 0 13 0 20 41 0 0 75 8 0 54 0 0 47 0 0 3 0 67 0 0 43 0 0 43 47 0 0 0 0 0 0 0 11 0 0 10 5 67 8 0 60 0 79 0 55 43 0 0 0 51 0 0 17 0 16 0 0 0 14 0 0 0 0 0 0 0 0 5 0 8 61 0 0 0 0 34 13 1 20 8 36
 16 0 5 0 0 47 49 0 19 35 65 67 28 0 69 0 0 43 23 0 0 0 0 0 17 15 0 0 11 0 77 9 27 26 0 0 0 29 12 0 0 15 0 35 0 76 0 0 47 0 0 42 25 0 0 4 0 0 54 0 0 21 0 55 34 25 0 0 0 0 0 0 0 0 21 0 18 24 0 72 8 0 0 0 0 5 0 0 0 0 44 28 48 14 0 90 0 0 15 55 61 0 0 0 55 0 0 0 46 4 80 16 16 0 0 30 45 8 26 0 0 47 0 0 0 0 0 27 0 10 19 18 44 10 24 5 0 65 0 0 24 0 33 0 3 22 7 15 44 40
 0 0 0 25 16 9 32 20 66 0 69 0 44 0 0 0 0 28 0 48 0 0 0 0 54 14 53 0 12 0 9 0 0 10 0 0 0 42 38 75 16 0 0 0 0 64 2 0 0 0 0 37 0 4 62 0 0 0 0 0 8 0 0 19 2 46 0 21 40 48 52 0 0 0 0 11 0 81 0 12 44 0 0 55 7 0 0 30 0 1 0 94 5 0 0 40 0 36 25 0 22 0 15 67 0 0 0 0 0 0 0 0 61 0 0 3 0 1 1 4 17 43 7 0 46 0 32 17 0 0 0 0 36 0 0 0 0 80 34 0 0 0 0 0 0 0 0 5 0 41
 0 0 0 3 35 0 0 0 0 0 50 0 0 34 12 0 71 0 0 0 0 62 44 1 47 0 22 0 42 0 0 20 0 0 31 5 0 21 0 0 0 0 3 17 0 6 0 0 0 0 0 0 10 10 8 0 28 14 0 0 0 96 0 60 0 0 87 36 21 0 0 0 16 0 1 0 63 62 77 27 0 21 5 21 6 63 30 0 0 0 13 20 7 0 67 0 49 4 0 0 0 0 42 55 0 0 0 0 36 0 0 0 0 16 85 0 15 19 27 2 0 72 0 57 0 2 88 0 0 0 0 5 31 0 32 0 57 0 13 77 59 0 0 14 30 5 8 12 0 0
 0 37 0 0 18 1 0 0 0 23 0 39 35 9 0 0 88 0 0 0 0 0 0 0 0 35 65 20 1 25 0 0 0 39 0 0 47 19 0 21 15 0 0 5 0 0 0 0 0 0 0 7 0 45 36 35 5 11 0 0 0 0 0 0 0 0 42 23 0 20 0 63 29 0 0 5 0 0 0 38 24 83 26 21 0 39 44 0 22 28 0 10 32 0 46 36 5 43 13 71 0 34 0 51 0 20 14 20 0 0 0 25 0 0 67 0 0 0 0 0 20 35 35 22 0 0 0 0 8 46 0 6 3 0 34 24 0 0 9 33 0 0 0 0 56 0 0 0 0 0
 0 73 0 41 27 77 3 3 0 7 7 0 69 0 0 89 0 53 0 0 0 0 59 70 9 0 0 0 0 0 0 19 2 1 0 0 15 0 0 61 0 0 0 0 8 57 0 0 53 70 49 0 6 12 45 0 36 0 10 7 9 0 0 0 0 58 0 70 0 3 0 78 50 38 0 57 0 0 13 0 96 0 22 93 0 0 0 7 61 11 0 44 0 10 39 11 55 6 53 0 30 52 0 18 0 0 66 3 20 13 0 90 17 11 23 45 62 22 0 55 22 40 0 0 0 14 69 37 38 0 0 22 0 16 33 0 13 0 0 0 50 0 71 0 0 30 0 0 0 16
 1 14 0 0 0 0 0 3 76 50 0 61 0 4 0 19 0 29 0 5 0 0 0 66 0 0 0 13 0 0 0 3 18 48 8 0 63 0 6 74 0 0 0 0 13 0 0 0 0 0 27 0 51 23 0 0 25 0 25 0 30 0 0 86 0 0 59 0 0 0 84 0 12 20 19 0 43 28 0 0 21 48 48 0 38 0 53 0 0 21 75 17 0 0 53 11 35 0 48 0 0 0 1 0 0 23 0 24 0 0 1 73 20 0 0 0 62 0 0 3 0 77 0 0 0 32 29 3 60 0 13 0 9 89 22 74 0 40 50 1 67 4 0 21 0 37 0 23 0 7
 28 33 0 15 0 92 8 66 25 64 25 0 36 27 0 69 11 12 0 0 0 33 45 38 60 0 9 0 39 0 4 0 14 0 32 15 16 16 0 0 0 2 0 29 29 0 3 14 0 0 15 0 0 33 0 27 0 0 0 0 0 0 0 0 16 66 73 0 25 0 0 69 1 0 37 6 75 50 0 0 0 0 66 14 0 25 0 0 5 0 77 0 0 13 0 43 0 19 0 0 0 9 46 55 0 1 72 0 0 44 0 50 40 56 0 0 37 91 1 30 0 0 82 0 0 21 0 0 0 0 1 80 28 0 0 0 0 61 0 74 58 0 0 30 22 27 29 0 7 2
 0 17 17 2 59 90 15 0 0 0 17 0 39 39 0 0 51 0 7 52 25 0 27 0 0 7 36 0 0 50 0 0 95 33 34 0 62 0 0 34 30 24 49 0 3 73 46 0 0 32 0 9 8 18 0 0 9 42 0 27 0 13 0 0 38 9 57 13 0 0 0 0 0 0 0 50 14 0 0 0 0 9 0 16 0 67 12 0 3 0 3 0 0 24 0 0 0 73 1 17 2 0 10 0 75 3 0 17 19 0 47 0 52 0 0 42 42 40 0 0 29 0 21 35 0 5 0 0 0 0 53 0 70 12 0 34 0 0 84 33 66 23 22 0 81 47 18 13 41 36
 0 0 22 66 61 18 0 43 0 0 0 0 35 73 28 65 17 21 74 26 61 0 34 0 43 0 57 0 65 21 0 8 62 0 49 39 11 0 0 2 14 0 0 42 0 0 0 0 0 46 0 0 41 40 0 0 48 9 0 3 0 0 24 0 4 0 0 39 56 4 0 30 0 27 0 0 17 0 0 3 22 0 23 35 71 37 0 0 0 18 0 0 12 0 13 33 0 0 0 0 47 25 0 0 0 20 0 0 50 65 0 29 22 4 0 0 15 36 34 24 7 18 66 37 94 30 15 0 0 43 83 0 10 55 0 67 0 17 0 11 60 0 7 36 0 34 3 1 0 0
 36 29 0 41 49 0 0 18 14 0 0 35 66 0 0 0 39 60 30 7 37 0 51 0 17 0 0 10 0 0 34 12 26 42 15 48 0 0 0 0 2 30 0 24 0 0 40 52 40 0 21 1 32 0 14 0 0 0 0 0 0 38 0 0 0 12 22 56 0 0 0 48 24 24 77 36 0 86 0 0 12 3 0 0 0 22 0 0 0 0 0 0 0 0 69 0 54 0 10 64 0 0 0 53 42 0 0 26 75 50 24 0 21 5 13 0 77 0 0 43 0 0 23 54 77 39 75 0 4 4 0 0 18 28 0 0 5 0 0 3 0 16 0 0 0 22 29 54 10 5
 16 0 49 0 63 15 0 0 0 0 0 0 0 0 0 42 0 26 55 28 69 0 12 8 0 12 0 7 0 10 0 0 5 0 0 15 25 0 0 1 0 0 37 0 17 27 23 64 13 49 7 53 54 0 0 0 0 0 7 0 0 77 0 39 22 0 13 7 5 0 0 0 0 0 0 0 40 81 0 0 34 0 27 0 26 6 72 0 75 15 38 52 8 12 65 3 16 0 40 75 0 0 28 3 27 0 0 1 32 11 14 0 31 0 0 34 11 0 0 53 14 80 0 7 0 28 64 0 33 0 0 0 15 0 50 0 0 0 0 0 0 0 0 3 39 0 47 0 25 45
 28 29 0 0 5 33 0 49 0 14 56 0 23 39 0 63 96 52 0 0 90 14 25 0 1 0 0 0 0 72 0 0 0 7 3 0 92 0 0 12 24 0 50 0 25 33 32 21 28 0 58 0 18 34 46 8 0 21 0 14 0 0 43 0 0 0 67 0 0 4 30 0 0 0 1 23 71 0 39 42 0 54 33 1 6 57 11 32 0 86 24 1 0 0 0 0 0 0 0 0 0 9 16 0 0 0 54 0 0 30 0 0 0 0 25 7 0 22 19 48 14 58 0 29 18 6 0 0 0 0 46 27 18 3 0 0 0 12 0 40 55 0 0 0 0 0 0 26 0 0
 34 0 0 0 0 11 0 1 37 84 0 62 4 0 0 0 37 0 37 32 0 0 0 0 32 0 14 43 0 0 0 0 0 0 30 40 22 0 4 0 0 0 0 0 0 15 0 0 27 0 64 0 0 0 0 0 77 0 0 27 0 0 25 0 33 0 0 0 16 0 0 56 53 20 17 4 82 0 5 0 0 3 0 0 10 12 0 12 53 33 15 0 0 53 0 27 33 0 25 29 84 64 0 3 0 23 0 0 62 0 0 0 78 0 0 54 0 11 11 0 0 30 11 8 27 37 0 0 28 20 0 0 46 0 0 68 0 33 0 17 0 19 28 24 0 25 49 0 0 0
 28 0 53 53 0 0 0 0 0 47 0 0 0 42 82 0 75 72 0 0 0 0 64 0 0 32 29 2 0 0 0 0 0 23 55 42 0 25 0 0 37 0 0 26 90 0 32 0 34 42 18 16 22 0 0 19 47 0 0 0 0 21 0 0 0 0 0 0 0 60 12 0 0 0 0 0 2 0 62 0 0 0 41 7 0 39 0 0 0 35 12 24 61 0 13 46 18 0 0 71 78 0 6 82 0 91 0 24 0 24 0 63 0 0 0 29 0 53 23 0 57 35 44 26 0 35 72 0 0 0 0 39 0 8 0 0 0 38 69 30 27 26 0 0 0 16 0 11 0 8
 66 0 45 0 0 0 0 0 0 71 0 16 0 37 0 0 0 0 57 0 0 86 0 67 99 0 34 48 30 18 12 0 51 0 18 77 0 0 0 0 6 0 0 10 0 63 0 49 0 52 0 0 4 0 0 25 24 0 5 0 17 58 0 0 7 49 0 1 72 52 0 6 0 36 0 62 0 22 0 71 57 0 0 0 59 68 0 0 0 0 85 0 0 0 0 0 14 0 0 0 4 0 0 73 0 0 23 31 21 40 45 0 24 23 80 27 18 0 0 41 0 0 55 0 39 0 34 54 7 40 0 18 0 0 0 85 42 0 70 10 0 0 41 59 1 32 0 0 0 0
 0 1 9 0 85 62 31 5 0 0 5 52 0 10 0 0 0 2 14 0 65 25 0 61 17 10 0 93 17 62 0 0 0 5 0 3 32 0 0 0 13 0 0 10 0 0 58 0 0 0 0 0 8 21 9 0 3 0 18 0 71 41 22 0 16 0 16 57 41 30 58 0 0 0 66 10 0 0 0 0 0 0 15 12 27 51 0 0 24 0 24 14 11 0 0 0 13 0 41 0 0 48 0 0 26 0 24 0 0 1 2 0 69 73 0 0 59 32 34 0 0 65 0 0 0 0 22 16 0 59 0 22 0 0 9 0 63 51 44 0 23 0 10 0 0 0 0 0 9 0
 0 0 85 0 0 0 47 31 19 0 36 49 0 7 0 54 0 12 0 34 7 0 24 7 0 32 0 0 32 45 0 0 0 6 0 0 0 0 0 66 0 14 0 0 0 0 0 3 0 0 10 0 3 0 22 0 0 33 36 0 0 70 49 0 54 29 59 0 13 16 0 26 20 51 0 0 0 0 0 0 18 24 15 9 0 40 0 32 65 0 61 0 9 38 0 0 0 13 0 87 0 0 0 0 37 0 0 72 0 23 22 0 0 55 29 0 0 0 0 0 4 0 35 0 68 0 71 0 0 0 0 36 43 0 51 10 0 0 4 0 49 0 0 3 0 16 52 0 25 27
 0 0 46 27 43 9 2 18 0 0 0 0 42 4 39 0 30 52 50 0 0 0 76 0 39 0 0 62 0 0 70 79 0 56 18 2 0 14 0 23 0 0 0 23 4 75 7 0 0 38 0 1 10 2 36 52 79 55 0 0 0 39 71 0 0 0 22 28 0 0 0 10 18 55 14 0 0 11 17 83 0 7 0 0 6 67 0 2 0 36 82 4 0 89 0 0 42 82 0 0 46 6 0 90 38 80 81 7 0 63 51 29 0 55 0 0 2 0 28 0 27 0 41 22 0 24 0 62 0 0 0 4 0 41 42 0 29 5 49 44 0 0 0 0 25 0 0 0 50 40
 0 24 0 0 37 0 20 0 0 0 0 0 54 0 82 0 11 0 0 0 15 0 0 14 21 24 28 69 79 0 0 0 0 22 0 0 0 0 11 0 0 0 58 18 81 28 0 0 0 12 27 31 0 0 0 0 1 14 0 68 0 13 41 0 84 42 9 0 56 0 0 0 0 55 77 15 21 70 0 0 0 0 45 32 0 0 0 41 1 0 95 44 96 61 51 28 60 48 0 80 6 9 72 37 17 7 32 60 0 0 0 0 0 0 56 0 0 4 13 0 0 90 49 49 0 0 90 19 0 33 36 3 70 46 0 0 20 0 0 0 45 0 0 0 42 55 48 38 0 0
 10 0 0 0 0 4 0 0 0 0 0 0 0 0 66 0 0 0 25 8 62 0 53 0 10 0 0 0 7 0 0 25 5 12 72 0 0 0 0 36 0 0 0 0 54 45 39 0 0 53 8 0 0 0 0 53 51 7 0 30 6 0 31 0 39 0 0 0 77 0 69 59 0 51 14 16 0 0 59 0 0 0 0 16 0 8 0 30 0 0 40 35 48 11 0 73 0 39 72 0 7 32 0 30 0 59 27 0 94 2 0 0 20 10 0 0 77 41 0 15 55 2 1 0 31 0 0 11 0 40 34 0 9 0 38 0 27 0 0 0 0 19 9 47 0 42 0 13 0 0
 0 48 19 0 60 0 25 35 0 88 2 18 0 25 46 0 0 9 0 15 37 23 0 47 0 52 42 0 3 8 0 0 0 0 0 8 0 0 0 31 0 0 0 28 0 41 0 34 0 26 53 0 42 0 0 12 43 0 0 52 0 0 28 0 70 29 17 0 0 0 0 0 0 26 0 10 42 40 0 0 0 0 13 59 50 0 0 73 0 0 0 0 10 0 0 3 22 0 9 0 0 13 0 0 0 43 2 0 0 57 31 0 71 22 79 0 28 19 0 0 11 0 23 0 0 30 37 0 0 97 17 0 15 47 0 32 0 18 47 0 0 0 34 0 72 25 0 66 0 50
 0 18 23 65 14 9 26 0 0 0 36 0 0 0 0 16 5 0 0 1 32 30 0 0 0 11 9 70 0 8 17 78 3 0 75 0 0 48 0 22 11 0 67 15 0 0 0 0 49 0 0 26 0 24 0 0 0 0 0 0 0 0 0 0 0 0 13 0 3 0 27 0 0 0 0 3 15 0 0 0 0 40 0 0 30 50 62 37 35 28 2 29 0 0 0 0 65 28 0 0 0 48 67 20 0 63 73 19 0 0 0 0 41 0 64 31 0 0 0 0 0 0 59 0 0 0 48 40 15 64 22 0 0 24 0 0 26 54 55 0 41 0 0 0 27 0 0 0 10 0
 21 31 12 55 32 0 13 0 0 0 0 41 52 0 34 0 0 5 2 71 72 0 0 0 21 36 11 0 40 0 0 55 16 5 21 0 58 0 0 9 0 0 26 0 0 56 0 17 58 65 37 0 0 0 50 0 0 5 4 51 0 24 0 0 32 0 40 44 0 47 2 0 0 0 1 49 0 0 40 0 0 0 15 0 55 0 0 65 0 8 4 0 9 43 54 0 0 21 0 29 0 0 0 0 0 0 80 0 0 0 73 0 43 0 0 48 0 23 56 68 0 11 67 1 7 15 41 0 0 31 0 55 6 0 0 0 26 56 21 0 15 0 57 58 0 32 57 0 0 0
 0 59 0 24 0 70 0 0 0 26 0 32 0 0 39 0 63 55 10 81 54 0 0 66 0 46 22 30 0 89 48 17 0 0 19 7 37 0 0 44 49 19 0 65 36 62 31 0 0 0 43 0 0 0 0 49 2 4 0 35 93 4 33 0 0 0 3 0 31 56 0 17 3 0 48 0 0 46 47 0 55 45 32 0 58 0 0 39 0 0 39 67 0 36 0 77 0 68 0 22 0 88 12 81 0 17 100 0 46 0 0 0 54 27 17 6 5 0 0 0 0 0 15 30 0 12 0 55 0 0 5 26 4 14 62 69 63 0 0 0 55 47 26 26 0 0 0 68 0 0
 0 0 0 0 0 0 1 12 62 29 0 41 22 27 0 0 3 0 28 0 12 45 0 0 0 14 0 0 0 30 0 0 0 0 43 28 77 0 43 0 0 0 5 88 0 0 0 0 40 0 11 62 20 0 32 19 35 0 0 78 0 14 4 72 23 15 0 42 56 5 8 0 9 38 66 39 0 0 53 1 0 36 54 0 0 59 10 43 0 0 0 64 30 0 0 0 15 65 5 16 49 84 54 10 52 0 0 35 0 70 0 34 0 0 20 0 4 0 0 0 0 41 27 0 30 0 0 92 59 0 55 38 0 69 0 43 22 0 0 0 0 29 0 42 0 34 0 18 0 0
 0 62 34 0 13 0 0 9 60 0 0 16 13 0 0 0 54 6 0 0 0 0 70 0 89 43 0 0 0 6 47 0 0 74 0 0 0 0 0 74 78 40 10 0 0 0 0 13 0 0 45 44 36 0 11 0 0 17 0 0 25 0 0 0 0 28 73 26 0 0 0 90 24 0 45 0 4 64 5 0 0 35 0 21 0 43 7 0 0 22 16 0 12 0 0 0 0 0 43 0 0 90 0 0 0 41 18 0 31 0 0 0 78 5 25 57 0 6 28 5 0 0 23 35 0 0 0 0 28 38 37 37 0 0 13 0 31 18 16 0 0 6 54 7 53 27 38 0 28 0
 0 0 2 67 0 0 0 0 4 0 0 0 58 15 23 0 43 0 21 0 73 0 28 0 0 0 0 36 10 0 0 7 0 0 0 21 0 0 0 0 83 54 0 0 0 4 23 21 36 5 0 0 15 73 0 22 0 0 66 57 21 47 45 45 0 0 8 0 0 0 0 0 0 0 30 43 62 0 0 34 8 0 0 0 9 71 0 0 86 0 3 58 2 5 0 11 18 0 10 0 0 26 9 76 0 68 4 0 48 7 0 0 0 64 0 35 4 20 9 0 21 67 44 0 0 0 2 0 0 0 35 45 4 0 14 0 41 0 69 0 20 0 0 0 38 9 0 7 24 0
 0 0 13 19 41 4 0 4 54 83 0 31 53 7 0 33 17 64 42 0 38 37 12 47 0 0 23 0 0 0 0 0 0 0 0 0 35 24 2 0 14 0 0 40 6 0 62 0 0 0 0 16 0 0 60 0 25 0 0 26 0 7 53 63 0 0 8 2 18 5 8 0 20 0 0 80 49 0 0 0 0 21 0 23 14 0 0 47 0 0 0 29 7 0 0 0 11 0 8 0 0 35 0 50 0 51 0 0 3 0 2 32 0 12 32 50 79 0 0 7 0 0 89 99 4 0 30 0 0 18 0 0 7 0 0 64 6 32 0 0 46 0 0 0 0 0 64 3 17 3
 59 54 0 29 7 0 82 75 0 0 0 18 23 0 75 17 0 0 0 0 41 58 27 0 0 24 0 0 0 41 0 16 14 55 2 35 0 0 59 77 10 0 0 52 29 0 16 27 44 0 11 46 0 0 0 0 55 40 38 27 0 10 19 0 72 21 9 0 19 0 6 0 45 2 0 0 0 70 24 23 4 23 13 0 9 0 0 15 35 21 57 0 0 0 0 44 92 69 34 77 0 46 2 9 57 0 0 10 0 66 18 0 47 85 3 11 0 0 0 0 0 9 0 16 0 50 0 66 0 0 0 21 0 93 0 0 0 0 0 36 0 17 32 0 0 0 0 38 0 0
 59 0 53 26 0 0 2 42 40 0 0 0 0 0 1 53 0 80 40 0 0 0 39 26 0 0 43 35 0 22 49 0 0 38 0 0 0 47 75 0 53 0 8 5 9 0 23 0 0 24 0 10 0 42 0 0 0 0 0 0 49 51 5 0 0 0 0 70 27 17 0 0 8 31 43 0 22 4 10 0 11 0 0 0 0 2 20 29 0 0 37 42 37 0 0 0 0 0 8 0 50 0 0 0 49 12 61 0 18 0 0 40 0 42 21 0 0 0 0 0 0 0 43 0 0 9 0 11 88 0 0 0 0 78 63 0 13 26 0 0 0 29 1 23 0 49 0 0 23 55
 0 0 14 0 0 58 11 0 35 0 0 0 0 0 0 43 0 42 0 4 1 59 0 1 26 23 60 0 0 13 44 0 67 0 7 28 0 21 8 0 45 6 0 0 47 0 49 0 11 60 45 0 3 0 0 0 1 0 0 7 0 0 0 14 0 0 0 0 0 46 27 0 85 9 55 0 28 55 56 0 0 28 0 7 34 44 23 0 14 28 0 0 21 0 0 0 0 0 0 0 65 0 0 12 24 0 21 0 0 0 19 27 29 21 0 0 0 0 0 0 10 58 22 0 66 0 0 6 0 39 74 76 22 0 0 45 0 0 28 16 3 47 11 0 52 0 5 0 22 4
 0 0 0 0 37 0 0 4 12 0 0 16 54 44 0 15 0 49 37 25 0 69 0 21 0 20 57 0 0 94 0 0 0 0 0 0 35 0 0 0 0 0 0 0 0 0 0 68 42 0 29 0 21 72 15 14 9 0 0 59 11 16 35 0 11 0 38 39 13 0 0 0 0 0 45 0 64 50 29 0 0 0 57 0 16 0 0 20 31 0 0 11 0 0 0 58 14 0 28 52 0 45 45 24 0 2 23 40 92 0 72 56 0 17 0 0 0 24 18 0 0 17 0 0 46 65 85 19 0 0 62 0 0 0 0 28 1 0 30 25 0 4 39 0 37 0 0 0 68 0
 3 0 0 42 0 0 0 7 0 0 0 0 27 37 1 0 4 20 0 0 0 0 0 23 51 62 32 24 0 0 0 0 32 23 0 0 0 0 77 0 49 42 4 67 7 5 0 0 0 0 6 0 45 16 0 46 0 33 14 39 16 18 20 0 0 52 65 0 33 55 0 65 0 0 36 8 0 24 0 29 0 9 7 0 0 0 0 6 0 9 0 34 71 34 15 0 19 34 24 0 31 0 0 0 69 0 7 0 0 5 0 41 0 0 0 0 0 31 3 14 0 0 40 0 53 0 0 0 0 18 0 0 31 0 0 53 1 16 0 0 0 0 66 0 0 0 37 0 9 0
 12 6 2 0 0 5 0 0 0 23 0 76 49 0 0 35 13 6 0 78 82 0 0 53 77 39 6 0 8 51 34 37 5 9 77 0 23 71 0 34 0 61 0 0 0 50 1 0 31 0 55 0 9 0 46 0 25 0 1 28 0 0 35 40 30 41 26 79 33 0 0 2 38 0 32 0 0 41 11 79 0 0 0 69 0 0 0 0 19 0 0 0 0 0 0 0 0 56 75 22 0 81 0 3 0 6 3 0 0 6 0 0 49 0 8 29 0 0 63 24 0 0 0 57 0 0 3 0 81 0 52 25 0 21 49 9 41 0 11 0 0 9 18 1 11 48 22 0 66 0
 65 16 30 6 0 0 0 27 0 37 32 0 51 65 0 67 0 38 19 0 0 0 11 0 10 0 9 0 0 0 37 36 17 0 0 0 69 43 0 0 13 14 10 0 80 6 0 0 26 28 0 15 54 46 28 39 21 0 0 0 0 0 60 0 0 0 0 31 58 56 63 0 0 0 18 31 0 4 66 26 93 0 50 0 1 0 0 31 54 17 0 0 0 0 39 6 0 15 0 17 66 54 26 0 0 1 0 0 3 15 77 27 0 59 20 36 84 0 0 0 21 0 0 0 28 10 60 0 0 20 0 0 31 62 0 0 0 0 62 24 0 0 63 0 36 74 17 74 21 63
 4 48 50 5 0 8 0 24 0 0 0 26 0 35 18 0 0 36 0 0 43 40 0 28 28 64 4 63 6 0 41 0 0 0 0 0 0 4 0 0 47 21 49 0 84 21 0 2 7 37 29 0 28 0 43 0 33 33 0 0 0 65 56 7 0 0 0 0 0 0 0 0 0 0 71 0 0 13 17 0 0 0 0 5 0 22 26 10 42 0 42 89 5 0 42 23 67 0 19 55 0 31 19 0 18 0 0 0 0 10 0 35 0 18 0 0 0 0 0 0 4 3 50 39 0 26 0 0 0 11 0 0 50 0 32 0 2 0 0 0 74 0 75 0 47 59 0 0 7 0
 12 31 11 0 0 0 0 0 0 0 0 76 13 68 40 13 0 26 32 9 24 0 48 19 13 40 35 2 0 0 0 58 13 28 0 1 0 0 0 36 0 10 46 0 0 19 57 0 72 8 0 0 0 0 0 0 50 12 2 2 96 0 0 0 19 0 21 0 0 3 0 0 0 0 0 78 0 0 48 31 0 0 0 0 0 0 0 67 0 14 0 0 13 6 51 0 0 0 0 0 72 0 91 38 0 47 0 33 18 0 49 49 10 0 0 0 0 0 48 0 0 0 0 12 0 0 0 0 0 51 34 0 38 0 0 18 0 0 2 28 19 69 17 0 39 2 0 42 54 0
 4 0 4 0 0 78 21 26 38 46 20 0 0 6 0 14 19 0 2 44 1 0 0 14 0 0 42 0 0 0 0 71 12 38 0 0 54 0 0 0 26 76 0 27 0 0 27 18 0 13 0 44 0 0 0 0 0 17 0 0 28 58 44 0 11 94 32 0 0 0 0 0 0 51 54 0 0 17 0 2 0 40 0 21 0 0 21 28 43 17 0 0 0 0 31 0 0 23 44 0 15 0 0 0 0 0 0 0 5 76 0 0 40 28 0 0 14 27 0 0 3 26 33 89 0 0 0 11 58 0 46 0 7 4 74 0 0 17 0 25 0 0 0 25 10 50 0 0 0 0
 0 4 54 34 0 59 0 14 23 58 20 2 0 77 0 77 0 23 0 0 26 18 25 18 17 36 0 0 26 0 0 54 0 6 0 0 0 12 0 15 0 8 71 10 0 1 0 0 0 1 14 0 90 0 26 0 0 70 82 0 66 0 0 0 15 97 25 0 59 0 30 30 0 0 9 0 14 13 0 0 0 81 8 16 46 0 76 0 14 69 0 36 0 11 0 55 0 0 17 0 0 0 13 0 0 0 83 20 75 0 0 15 35 59 4 8 23 0 26 0 28 0 7 65 4 0 58 14 12 8 0 57 61 3 0 0 0 62 0 0 0 0 6 29 32 77 0 79 39 0
 0 0 0 19 0 0 0 0 0 0 0 61 0 0 14 54 71 13 0 0 48 0 0 0 0 0 0 0 58 0 55 56 0 76 0 0 0 0 0 0 47 0 5 0 3 0 30 0 56 4 0 22 0 0 59 0 65 0 0 0 7 14 25 0 35 0 5 0 11 0 0 0 22 0 0 53 0 0 23 41 0 38 9 0 69 44 0 0 0 0 0 22 69 50 41 34 14 0 0 0 11 0 0 0 0 56 39 8 1 0 0 4 34 88 0 73 0 6 6 36 79 13 0 0 0 28 35 18 9 6 25 0 22 0 0 71 14 25 0 4 0 0 78 49 0 0 3 35 0 0
 79 56 0 0 0 20 60 24 16 28 36 19 58 0 12 31 0 0 18 0 0 0 13 0 74 9 38 23 57 0 34 4 18 67 19 5 0 10 0 6 27 0 0 0 22 0 4 0 51 27 29 0 0 0 36 2 69 53 35 0 35 45 0 12 70 6 0 0 60 5 0 27 47 0 0 5 0 2 0 39 0 0 0 0 0 0 0 17 8 43 0 0 50 0 8 0 0 12 22 0 0 17 0 0 34 81 10 9 13 37 0 43 31 0 0 31 0 33 0 40 34 5 0 0 45 0 0 0 0 0 0 26 72 0 49 11 2 0 0 42 0 0 0 0 8 0 38 12 7 0
 0 0 0 30 8 0 0 54 0 0 0 0 0 25 0 0 13 0 24 0 0 28 0 12 0 0 0 0 32 0 2 19 0 0 66 0 60 0 0 46 0 0 1 0 1 60 54 0 0 0 13 0 14 0 0 0 0 2 0 64 43 15 0 0 2 9 0 56 8 18 0 34 0 5 35 30 0 0 0 38 0 5 0 0 0 13 9 0 0 0 32 0 27 42 0 0 0 38 0 11 5 0 0 60 29 16 10 0 0 97 45 1 35 0 31 0 0 64 32 86 8 0 20 0 0 0 41 20 25 88 0 39 9 13 92 0 9 27 48 62 24 3 41 19 0 29 20 3 0 0
 0 0 12 0 38 0 12 0 0 0 25 0 0 56 25 0 2 0 0 12 0 0 0 0 52 12 14 19 50 0 0 22 3 0 0 1 0 44 53 0 2 0 41 4 0 0 0 77 38 0 0 0 0 0 97 4 0 39 0 0 0 0 0 62 22 0 36 0 0 49 2 1 60 0 0 0 0 0 0 11 77 36 0 22 0 8 66 0 0 0 54 0 35 0 0 15 34 41 0 89 0 0 0 7 34 18 59 0 0 0 5 8 0 26 0 0 53 0 61 0 0 0 6 8 2 0 0 0 0 23 9 0 0 0 58 0 43 69 51 0 58 0 0 0 0 0 0 0 0 0
 0 47 57 84 0 0 84 61 17 9 13 0 0 52 0 0 74 12 0 69 0 0 36 0 0 62 51 7 22 54 0 29 45 64 0 0 41 0 5 20 0 16 9 0 46 41 22 0 0 0 28 0 21 29 0 0 33 54 0 0 0 17 0 0 34 0 0 0 0 0 0 73 0 0 0 76 42 0 0 39 0 0 0 19 0 0 0 0 1 10 0 11 26 3 26 0 35 81 0 13 22 0 44 0 3 13 30 14 0 0 22 17 53 63 7 0 0 0 51 2 0 0 60 16 0 0 0 0 0 35 18 0 2 0 14 0 0 21 56 8 38 56 0 73 47 0 0 37 6 0
 8 0 0 0 0 0 0 4 0 53 4 4 19 34 66 42 0 0 52 0 0 27 0 49 0 0 14 0 4 0 0 35 0 0 0 28 0 0 0 0 78 70 47 0 0 0 0 0 0 48 0 0 0 76 37 48 56 0 0 8 14 0 37 77 0 0 32 23 35 49 36 26 0 8 0 27 3 0 7 0 0 45 32 0 0 49 0 0 29 0 71 46 0 0 49 0 0 23 40 44 19 33 0 83 12 17 0 72 10 38 0 0 9 0 0 0 0 0 4 36 36 0 0 85 37 15 0 0 84 0 28 67 94 0 35 49 8 0 0 3 0 70 0 0 0 13 7 34 39 0
 1 7 43 0 0 38 20 0 44 0 10 0 0 14 0 4 0 0 58 9 0 19 0 66 33 0 0 0 24 10 0 57 0 0 0 0 0 0 0 35 0 0 48 85 3 0 0 0 61 0 0 0 19 6 0 0 43 0 0 0 7 0 44 0 61 0 11 0 53 0 0 0 0 53 0 0 0 0 0 0 0 0 44 29 0 38 0 0 0 0 6 0 4 27 0 0 12 45 0 40 0 8 0 65 0 54 0 0 57 77 12 0 23 0 3 0 0 12 22 63 42 99 85 74 39 61 22 37 0 7 45 78 19 27 0 50 0 0 0 64 0 0 0 0 69 0 0 65 20 0
 0 0 0 97 3 0 0 45 18 1 0 6 0 0 0 11 28 6 9 17 40 48 0 0 76 24 0 0 21 0 7 7 0 3 4 0 33 0 24 21 55 0 0 17 0 0 26 0 0 36 95 0 5 50 0 63 46 0 26 0 0 22 28 0 16 18 5 0 0 0 15 76 0 0 30 15 31 0 19 0 26 19 0 0 0 0 53 61 0 0 0 20 0 0 0 0 0 0 0 0 0 0 0 0 50 0 0 84 0 33 20 0 63 0 0 68 89 0 0 0 29 0 15 0 62 0 48 48 0 29 27 9 10 5 0 8 0 0 48 0 4 0 58 15 2 0 66 0 0 78
 38 24 0 0 0 19 0 0 0 38 0 0 42 0 0 48 40 33 0 52 16 0 0 0 12 30 0 0 0 58 0 30 0 26 3 36 32 14 0 3 4 0 0 24 0 0 0 45 45 0 0 0 0 0 22 12 48 31 0 0 0 0 10 70 0 0 41 0 27 7 0 13 0 0 0 0 65 32 0 0 22 34 15 0 0 0 0 0 0 0 80 80 15 0 0 4 31 41 0 0 17 0 79 0 0 56 7 24 47 0 1 0 0 0 0 2 31 64 0 0 0 0 26 74 30 47 15 0 7 50 12 15 22 0 85 0 85 0 0 0 0 30 0 0 0 0 23 0 35 26
 2 0 27 0 0 0 34 0 19 26 1 60 0 25 0 0 73 0 0 26 0 0 57 0 34 0 1 38 75 0 0 12 37 60 71 26 0 16 0 0 0 0 0 61 0 0 27 4 42 6 5 11 33 0 41 0 0 0 0 0 0 0 72 0 13 6 0 0 0 36 7 0 17 0 0 39 67 0 14 34 0 16 21 59 0 0 1 0 0 54 0 79 0 46 41 0 15 5 0 49 0 2 20 0 40 9 0 0 0 59 0 1 26 40 0 67 0 71 0 2 0 0 0 0 65 0 23 7 38 44 63 47 0 0 0 0 0 46 1 0 9 0 12 19 0 11 0 0 38 0
 44 0 0 0 0 0 25 83 16 0 65 0 0 2 51 0 0 18 0 16 91 46 0 0 0 0 0 51 0 0 7 35 0 0 20 28 38 0 94 0 19 58 0 25 0 0 31 0 61 0 55 83 74 0 0 38 0 36 28 41 24 42 62 25 0 12 44 0 50 0 0 0 0 24 0 45 53 1 0 4 0 0 0 0 0 0 0 0 0 0 59 46 32 0 40 24 0 29 0 0 11 12 34 12 0 0 21 0 55 9 0 0 35 59 40 0 60 22 74 31 0 0 41 0 27 100 37 0 0 53 3 29 39 0 0 17 11 39 2 37 41 0 37 36 0 0 26 0 23 0
 3 0 0 0 16 0 16 13 38 0 69 0 8 11 1 0 17 0 62 11 0 40 26 67 0 21 31 49 0 23 0 0 0 0 76 0 58 0 9 89 0 0 9 85 11 79 30 0 68 0 53 0 0 0 0 10 0 0 0 0 34 22 0 34 19 0 45 0 0 22 15 89 0 26 0 36 40 0 0 5 0 0 32 3 0 0 0 23 33 0 0 0 0 80 0 45 0 0 0 50 38 52 0 0 14 80 8 0 38 0 0 47 10 44 0 0 31 0 2 48 18 0 0 0 0 0 58 0 0 24 0 13 20 48 12 0 0 0 24 18 0 57 50 0 0 0 47 0 32 0
 7 0 13 0 42 12 32 75 0 0 0 57 60 6 0 37 62 6 0 8 0 0 0 40 29 80 0 0 0 0 0 11 3 55 58 0 0 0 14 0 0 0 67 0 63 0 0 18 12 37 31 25 0 53 0 38 0 25 0 24 0 0 0 0 0 34 98 26 0 15 48 0 0 0 0 0 0 0 33 15 0 0 33 39 90 57 31 1 21 22 0 0 26 0 0 0 54 0 89 0 0 2 1 19 0 0 0 0 66 5 30 9 39 0 0 0 33 0 27 7 2 0 0 5 0 23 59 66 35 0 38 42 0 0 37 0 1 0 0 0 58 41 34 0 0 0 0 0 0 0
 22 0 0 0 0 20 0 22 4 0 0 0 0 36 0 19 0 53 42 8 44 19 0 0 39 0 6 0 0 46 58 0 11 24 0 57 42 0 0 1 2 3 0 86 0 80 0 8 47 0 20 18 62 17 15 0 0 51 0 5 21 0 0 1 38 41 18 12 0 0 62 2 0 0 31 5 46 57 68 0 0 0 57 64 16 0 0 17 0 23 0 23 66 48 47 5 18 0 77 14 0 0 0 13 35 0 8 22 1 0 8 34 29 0 0 0 1 0 49 58 0 11 56 0 0 26 30 0 90 2 47 0 20 0 0 0 53 0 0 4 21 7 9 3 59 30 27 0 23 0
 0 0 0 0 0 0 5 0 8 19 5 0 9 33 0 45 0 0 38 0 51 0 0 14 32 71 0 0 25 0 0 10 0 11 0 11 14 12 0 0 0 30 36 0 0 60 41 0 0 0 69 36 25 0 0 83 0 59 10 0 46 11 0 42 17 0 5 27 0 0 31 0 23 27 33 21 0 30 18 0 61 15 61 6 0 0 22 7 0 9 0 0 11 0 0 0 0 0 0 52 6 0 11 0 20 37 0 46 0 36 0 0 0 15 0 0 30 0 0 0 28 0 0 0 0 0 0 65 0 73 7 0 0 44 0 32 0 0 63 28 0 0 0 0 39 8 0 29 1 0
 33 0 0 13 0 4 51 0 0 0 70 18 30 5 21 20 52 0 83 38 15 17 0 0 0 2 0 12 97 0 0 0 13 22 0 0 50 53 0 0 71 0 6 11 45 50 0 46 0 0 8 17 0 22 0 0 56 0 0 0 0 0 0 0 17 0 0 0 0 67 0 0 5 11 19 70 0 32 82 9 74 0 0 0 0 33 38 0 40 31 68 7 27 24 0 0 0 0 66 0 0 0 0 0 20 12 0 0 38 0 53 22 0 0 33 0 15 21 0 0 0 0 0 0 0 0 16 0 0 0 69 20 0 15 66 0 0 31 21 0 67 76 46 0 0 0 0 0 0 18
 0 47 48 0 3 0 20 87 57 39 6 58 62 0 60 58 0 78 0 43 0 0 36 0 0 6 0 64 0 0 0 0 0 61 0 20 0 48 0 18 1 0 38 59 0 0 0 18 6 0 0 0 0 0 0 0 10 0 11 0 25 0 0 0 52 0 0 12 27 30 0 40 9 66 53 6 0 0 0 0 0 75 0 24 49 8 38 0 74 0 0 0 0 0 0 39 56 41 0 0 0 0 0 0 0 1 0 19 75 0 9 34 33 46 0 82 0 0 32 60 0 0 0 0 0 0 0 0 21 2 0 72 0 0 0 39 0 0 0 75 0 28 31 0 11 33 31 84 79 0
 0 0 14 78 55 33 0 0 0 57 42 12 0 0 41 2 48 25 0 0 0 0 0 0 93 62 3 3 0 3 0 0 85 44 30 48 0 0 54 12 92 29 0 21 0 0 61 52 67 83 12 79 51 0 86 0 48 57 0 92 38 50 73 73 0 65 0 10 64 0 0 0 0 0 31 58 0 0 0 0 78 0 0 0 0 0 0 0 0 32 37 33 0 22 0 0 0 41 0 0 23 8 0 0 28 73 0 39 0 38 0 0 0 0 0 0 0 0 12 0 0 0 0 0 63 0 0 32 0 87 6 22 43 50 15 57 26 43 62 28 0 0 0 0 0 54 36 0 0 21
 0 0 0 0 0 44 0 0 0 71 0 43 36 0 40 0 0 30 86 0 3 0 0 0 0 19 43 0 0 0 0 23 0 82 12 60 0 21 53 0 0 0 0 43 0 23 67 0 0 3 38 0 0 0 0 32 0 21 0 20 0 0 19 40 0 0 67 0 3 7 45 11 30 0 73 77 0 28 28 19 0 0 30 0 0 0 6 0 3 0 2 42 57 0 0 8 0 0 68 0 0 25 0 55 0 0 29 24 12 0 0 33 63 0 0 64 5 0 65 27 24 0 0 10 32 14 0 54 8 0 0 22 0 45 0 58 0 0 25 16 55 0 3 29 0 0 0 0 5 23
 0 8 1 0 0 19 82 26 0 17 0 8 39 16 60 0 48 0 0 0 52 41 0 0 56 0 53 17 0 32 54 0 0 0 16 0 2 60 0 0 9 0 0 0 60 0 0 0 27 33 0 0 0 11 0 0 88 0 29 0 0 28 0 5 2 70 61 87 2 0 18 0 44 27 3 47 0 21 0 0 0 0 29 23 0 36 0 40 8 23 51 0 0 0 42 0 76 58 22 0 34 0 0 7 0 0 50 29 8 0 33 0 28 0 30 14 0 0 0 0 0 45 66 0 2 23 0 0 17 64 0 6 0 72 40 14 14 33 0 12 8 2 2 6 18 0 0 6 0 27
 18 0 16 40 0 0 0 0 0 0 54 0 51 0 0 17 0 0 49 42 0 0 0 4 75 33 45 0 39 0 27 0 0 22 8 22 25 0 0 0 0 27 0 0 0 0 0 0 0 0 81 0 14 22 0 0 0 28 0 31 0 0 16 0 13 0 3 0 7 52 0 50 32 7 0 78 0 44 25 0 28 0 12 0 0 72 62 28 0 48 0 15 0 46 92 1 0 15 23 0 0 33 5 0 19 95 0 0 0 0 56 56 0 76 25 0 0 62 10 7 0 0 0 62 50 0 61 35 13 0 75 0 0 0 0 49 77 0 0 0 16 14 0 52 23 0 0 0 2 0
 39 63 36 77 0 0 0 26 56 0 39 75 0 0 64 0 14 0 0 7 56 0 0 37 65 0 15 0 58 7 27 0 6 3 78 0 29 0 41 0 15 0 0 15 29 0 0 0 35 0 0 13 0 0 26 69 0 0 0 0 0 0 0 74 0 81 28 29 0 12 0 67 77 0 0 0 23 52 0 25 0 84 19 95 30 0 12 47 22 44 0 0 4 0 0 0 42 0 0 0 0 0 0 0 41 0 18 0 0 0 8 0 5 42 10 0 0 0 0 10 0 20 22 0 22 0 81 0 0 56 22 14 0 41 0 0 55 0 0 0 31 55 13 0 0 0 0 0 30 0
 11 0 0 72 11 0 0 0 73 0 74 20 4 0 0 0 27 71 31 0 0 0 0 0 73 53 17 12 0 0 7 0 36 27 0 6 0 43 35 0 10 1 81 0 0 67 0 14 0 50 33 0 44 0 0 49 0 61 66 0 38 27 19 19 0 0 33 0 5 0 0 0 42 17 0 10 0 0 3 41 28 0 0 8 0 30 93 0 0 0 69 0 21 0 74 6 0 0 0 25 34 0 39 0 22 0 9 27 0 31 21 6 56 0 0 0 11 0 0 0 71 11 62 13 0 0 72 30 36 15 0 34 0 57 0 5 50 39 31 12 27 12 49 61 93 0 0 79 0 3
 0 58 10 1 0 0 3 0 18 0 42 0 0 23 0 0 2 15 0 18 51 0 6 40 0 0 0 0 0 9 30 0 0 0 85 16 57 0 0 0 0 0 0 0 0 0 68 20 48 84 0 0 86 41 2 12 18 0 31 0 16 71 0 0 0 0 0 0 0 0 0 0 0 37 50 0 45 0 0 0 74 0 39 0 58 23 44 31 32 0 0 0 0 0 15 15 0 0 0 3 37 0 0 23 27 15 0 0 14 0 0 76 0 61 25 12 78 0 0 0 54 73 0 49 0 0 0 17 16 0 0 38 0 0 14 12 42 0 36 0 0 0 20 38 49 31 0 11 0 19
 49 18 18 0 64 0 22 0 19 25 0 31 40 45 81 0 0 13 0 9 17 66 0 12 0 0 24 52 20 17 5 0 0 56 0 0 17 4 61 0 0 0 46 0 0 0 0 7 54 5 0 0 0 14 78 0 9 0 52 0 2 0 32 0 0 31 42 0 0 0 7 7 0 0 22 0 29 77 0 0 4 0 0 0 0 0 64 0 0 0 0 60 17 0 3 37 19 53 32 18 14 88 22 24 0 70 0 0 7 60 0 11 0 0 10 0 0 0 30 0 0 0 64 6 24 0 0 44 0 0 73 0 0 0 0 48 13 0 3 91 0 6 0 0 4 9 0 0 0 50
 0 1 6 0 27 1 53 14 0 0 0 16 0 0 46 87 0 82 0 1 75 0 28 10 0 0 3 65 34 0 0 51 0 23 0 77 10 0 0 52 44 0 0 0 30 37 18 33 0 0 2 0 2 26 0 6 0 4 80 0 0 31 0 0 0 39 0 63 42 0 0 18 0 0 42 38 0 60 0 5 0 0 0 0 0 56 62 0 23 0 23 0 0 25 0 34 41 0 0 0 3 1 0 0 49 23 0 16 14 46 89 0 0 50 60 4 25 0 0 0 57 26 0 22 0 0 48 0 0 29 0 47 46 0 0 0 0 0 4 53 1 0 0 0 41 0 0 0 47 0
 0 0 24 38 0 0 0 89 0 0 0 0 0 0 0 34 0 63 49 0 45 0 0 8 12 0 0 28 3 47 0 0 8 54 0 92 0 0 0 38 0 3 0 2 0 0 52 0 6 9 0 15 0 19 25 23 0 38 15 24 0 35 0 17 16 41 0 0 23 0 70 19 0 53 12 44 39 88 19 32 56 0 37 0 29 0 28 27 0 0 20 16 51 30 15 0 49 57 72 0 0 0 17 5 0 0 0 0 76 0 2 77 0 34 17 24 45 0 16 0 0 30 21 0 7 20 0 0 0 60 0 0 4 36 0 0 0 0 5 0 20 9 40 4 30 30 0 0 0 9
 13 0 27 0 23 19 0 3 26 60 17 0 3 0 28 8 0 3 0 33 0 0 0 47 49 0 0 0 6 23 94 0 0 14 0 0 0 0 0 0 0 18 84 0 2 0 41 73 0 26 1 8 10 0 54 0 0 77 68 11 0 0 0 56 0 19 0 0 8 0 25 63 0 3 44 19 0 62 54 23 0 15 12 0 0 17 93 10 0 25 0 0 53 0 0 0 0 78 0 0 5 0 1 17 0 0 0 0 0 0 0 0 0 72 0 0 1 0 67 14 4 6 0 13 0 0 0 0 0 47 0 0 19 0 0 0 0 0 0 29 28 0 85 0 0 0 77 1 0 0
 23 0 77 39 92 65 0 0 0 0 0 12 18 0 46 1 0 38 96 0 0 0 47 0 0 0 0 68 0 63 0 0 0 0 45 0 0 0 37 0 61 36 0 0 17 0 0 0 0 1 11 35 30 31 45 41 0 0 16 0 20 31 0 50 21 18 0 0 15 45 2 5 8 51 79 25 33 3 0 7 34 0 0 3 0 75 0 8 0 10 0 31 0 46 24 0 5 12 0 0 0 0 29 16 2 0 2 57 15 0 9 46 21 0 0 0 25 0 5 0 46 36 0 23 0 0 15 11 0 10 28 30 0 0 0 0 87 0 0 4 55 0 24 26 42 0 0 6 0 29
 0 12 0 40 0 52 75 0 53 51 11 9 43 0 12 23 0 0 33 15 42 7 37 35 40 3 70 0 0 7 13 25 20 4 0 65 0 85 10 0 0 0 0 15 0 29 13 65 10 0 6 0 0 61 4 27 0 0 0 0 28 0 39 0 0 44 37 16 58 36 0 12 8 0 0 0 0 11 0 0 11 41 0 0 25 21 0 32 19 42 0 41 9 0 0 36 0 0 55 85 16 0 0 23 73 77 0 0 60 0 0 0 0 0 0 75 0 4 1 0 23 0 0 75 84 33 38 44 0 0 16 0 12 48 0 0 65 0 0 0 0 0 44 0 2 0 0 0 0 12
 0 0 0 0 0 0 0 0 43 0 0 3 28 12 16 0 0 0 0 0 92 41 18 38 0 3 14 0 66 30 0 36 0 0 0 22 46 1 64 0 18 18 0 0 3 48 0 0 43 0 13 0 0 14 27 64 0 33 18 15 16 11 0 82 33 0 43 27 0 20 43 24 0 30 0 0 0 18 0 60 0 0 0 0 0 0 60 2 0 0 0 10 0 15 0 0 0 4 0 60 0 0 0 48 60 0 72 16 72 0 0 0 0 0 0 15 4 0 50 49 0 5 61 13 0 7 51 47 0 0 23 0 0 26 50 94 89 38 0 0 18 0 20 23 5 4 0 6 0 0
 0 45 0 65 0 63 0 10 0 28 5 0 8 0 47 15 0 0 20 0 11 0 0 31 12 0 0 31 74 0 0 20 88 76 0 0 0 0 54 0 3 44 0 0 40 0 19 0 0 11 52 23 0 0 0 60 47 0 0 0 44 28 3 48 0 0 0 0 0 48 47 36 22 2 0 0 0 20 0 23 69 60 0 0 0 0 0 14 0 12 14 30 0 16 0 41 63 12 0 21 0 0 13 0 53 9 0 4 0 0 0 43 23 1 2 0 0 0 0 30 0 58 0 0 30 0 0 49 0 65 84 0 0 44 40 33 9 10 25 9 71 30 0 8 30 63 18 3 0 0
 11 0 0 7 0 9 65 0 0 22 0 0 0 78 0 22 21 0 0 0 0 29 0 54 18 29 77 0 5 29 0 0 63 50 4 0 19 0 18 0 35 26 19 23 0 15 0 10 0 52 44 52 43 62 8 21 0 8 0 0 0 0 56 0 0 0 0 0 15 88 0 0 37 0 0 0 0 0 0 73 30 0 15 0 0 0 5 0 52 0 11 2 11 16 0 0 0 31 48 0 0 73 0 0 0 79 62 38 4 25 0 44 0 10 0 0 0 0 60 0 0 0 3 10 92 65 9 53 23 0 41 0 36 65 0 29 1 0 0 47 24 9 0 0 21 0 0 6 0 75
 28 7 3 23 10 0 21 96 0 0 11 4 0 57 0 36 3 0 51 15 0 0 41 0 8 36 0 0 0 24 0 7 0 0 0 0 0 89 3 0 0 43 29 0 8 73 69 31 0 0 61 0 1 11 19 3 0 45 33 0 0 0 43 0 55 0 43 0 82 0 40 0 0 0 0 0 0 75 20 60 74 28 0 0 63 0 0 46 73 77 22 0 0 0 31 16 0 0 69 7 18 0 0 0 21 0 0 0 0 0 0 0 0 64 0 36 0 30 17 0 0 0 35 0 0 0 0 7 0 0 44 0 39 0 92 0 0 8 31 70 0 76 83 8 63 30 71 12 57 11
 65 21 37 11 59 0 18 47 0 20 0 0 0 34 0 58 0 0 0 15 0 0 0 20 68 0 41 0 2 23 51 12 9 18 31 46 0 35 63 0 0 6 0 0 0 55 0 5 0 87 0 0 0 0 29 0 0 62 0 0 59 0 0 8 0 0 0 0 0 9 0 0 35 43 29 0 0 0 12 17 0 0 0 0 92 0 0 28 15 0 20 64 0 0 8 77 0 81 70 62 57 90 33 0 16 0 0 73 32 23 0 40 2 55 55 34 52 6 71 27 11 31 0 0 21 15 37 68 40 29 0 39 0 0 0 67 4 0 0 0 0 0 76 0 0 1 23 0 0 28
