100
 0 39 82 0 42 0 27 15 0 0 25 33 0 51 0 61 0 0 2 0 0 51 4 0 0 0 0 0 17 0 0 9 0 39 58 27 63 0 5 41 0 55 30 0 45 4 0 0 0 0 16 0 0 34 76 0 40 20 8 0 0 0 40 44 0 49 8 11 0 0 84 62 6 47 1 0 15 0 0 0 31 0 78 0 0 0 7 1 1 0 0 66 0 3 0 0 0 0 0 0
 0 54 55 0 0 0 22 57 0 52 0 20 0 0 9 29 0 20 10 0 14 11 25 0 0 30 16 0 26 0 0 0 0 10 97 0 0 20 25 0 21 70 19 0 3 23 0 0 0 59 10 0 0 0 0 0 15 40 12 3 63 0 45 0 0 27 0 13 0 0 90 0 0 0 0 9 0 27 0 0 0 0 59 0 44 0 42 0 13 0 37 6 0 67 0 0 0 42 7 0
 0 0 51 0 0 0 0 7 0 45 77 17 19 0 0 0 38 12 16 0 0 0 0 0 0 9 9 48 0 0 0 75 0 7 0 0 0 9 0 0 0 26 0 48 0 0 48 0 0 80 0 84 36 29 31 0 8 22 0 0 18 0 61 0 0 24 0 18 37 46 86 0 3 63 81 0 1 21 0 11 0 0 4 0 0 8 0 0 6 13 11 59 0 2 49 0 0 0 78 0
 65 25 41 19 0 27 16 36 0 4 18 0 48 36 48 0 0 36 30 50 80 6 18 0 25 34 0 81 15 27 2 18 0 86 0 0 1 4 0 18 30 0 9 34 0 0 0 24 0 0 69 0 0 49 8 32 0 0 16 10 5 34 0 1 32 0 43 13 66 0 13 0 25 3 50 0 11 0 0 67 0 80 29 0 68 0 0 0 0 39 38 0 54 0 29 0 0 0 0 82
 0 6 36 67 87 0 50 0 0 30 21 50 26 0 0 0 82 0 0 0 0 0 0 29 0 19 0 0 0 49 0 27 63 0 0 3 0 62 63 0 0 0 0 36 0 35 4 0 0 35 28 45 0 0 0 20 53 0 0 81 0 0 0 0 0 40 0 13 0 0 0 0 72 8 55 0 0 0 4 36 0 0 0 72 32 14 19 25 0 3 0 0 12 8 26 0 0 4 74 0
 37 27 14 0 14 22 0 2 0 69 0 66 0 0 5 14 27 31 0 2 41 0 0 3 0 8 7 0 8 0 84 0 0 66 0 3 0 18 0 1 0 35 56 0 13 30 25 0 18 24 0 6 3 0 0 0 41 0 0 41 5 0 0 71 0 0 3 2 50 0 0 0 6 0 0 0 34 0 0 0 0 0 51 0 11 0 22 0 56 0 0 0 15 67 0 41 8 14 5 0
 0 0 17 0 0 4 60 34 0 53 0 74 0 79 0 40 9 76 0 0 46 36 0 0 0 39 26 19 42 0 2 0 0 20 22 0 0 0 48 0 0 0 69 22 71 0 14 0 0 0 46 0 0 15 89 0 60 12 0 39 6 0 73 58 16 0 10 0 5 0 45 0 16 0 0 0 20 34 0 67 0 0 30 47 0 0 8 0 59 17 0 0 10 42 88 0 0 0 52 25
 0 0 0 0 44 0 0 6 0 29 0 0 0 0 0 0 8 0 0 12 0 3 0 0 0 52 38 15 0 0 74 56 52 70 28 0 21 19 25 0 0 2 33 34 0 41 0 0 0 0 52 1 0 0 0 25 20 0 56 12 0 41 0 0 0 35 85 0 0 19 35 22 49 64 66 25 0 0 0 0 0 0 4 0 0 29 0 27 20 47 42 3 23 2 2 0 0 0 0 0
 28 5 25 48 77 36 93 47 43 0 20 57 10 4 0 40 8 15 92 7 60 10 21 0 0 42 0 13 2 0 0 0 0 0 0 1 30 0 0 0 25 35 11 0 31 73 29 72 0 37 0 0 7 23 0 14 0 4 0 0 0 69 0 61 0 60 60 0 0 0 17 38 0 25 32 0 67 56 33 7 37 9 6 49 0 41 0 0 0 85 0 0 54 45 0 0 54 0 87 0
 53 0 0 0 0 0 0 0 20 63 45 0 0 59 49 67 68 0 50 19 0 0 46 43 29 31 0 50 15 0 54 67 30 1 29 5 0 44 20 0 0 0 0 19 0 33 0 32 63 31 32 72 40 0 0 0 0 76 43 0 56 0 63 0 48 0 3 42 55 58 0 48 0 16 0 41 31 0 42 0 0 33 0 55 0 30 0 9 14 0 0 0 0 19 0 0 14 0 11 30
 0 53 0 0 0 10 2 42 0 0 51 59 36 7 50 14 0 17 20 63 0 0 0 0 29 43 0 16 0 0 0 82 0 0 0 0 0 0 17 0 83 0 0 23 0 47 0 0 0 8 0 0 0 0 9 33 0 21 0 0 22 0 0 44 38 0 41 68 15 11 5 0 74 18 12 0 12 52 8 0 0 31 0 16 33 27 0 0 0 14 0 0 2 0 0 0 0 41 0 54
 0 0 0 41 0 0 0 0 0 63 0 46 50 60 0 0 0 54 0 0 53 0 0 0 0 25 0 0 5 64 0 0 40 0 1 0 48 0 0 34 70 0 90 8 20 59 62 8 13 0 0 0 0 0 0 0 0 51 45 0 0 0 0 51 0 37 23 0 0 19 2 0 0 0 60 0 11 2 0 21 0 0 41 0 0 51 53 0 0 0 54 0 65 0 0 0 28 0 0 28
 77 34 0 0 0 39 6 31 0 68 0 0 92 0 55 32 0 0 0 37 32 0 53 5 0 47 26 0 19 55 0 0 10 0 85 0 86 47 0 4 0 43 0 0 0 0 0 36 0 0 0 40 17 0 51 35 0 0 0 68 14 32 0 20 7 8 0 0 60 0 0 0 0 17 0 14 29 56 14 0 39 0 22 0 77 0 19 68 0 56 0 0 0 0 0 0 74 0 80 0
 0 36 48 0 17 59 0 5 0 0 0 0 1 4 0 0 29 0 77 0 28 4 0 98 0 50 0 0 89 87 13 0 0 0 0 31 11 0 0 44 2 0 66 0 8 8 0 0 0 0 0 58 0 45 0 4 0 0 13 2 0 4 0 0 58 14 14 0 15 0 0 48 0 0 0 11 2 31 0 22 0 7 0 0 54 0 0 38 0 0 80 70 60 52 0 0 0 0 0 12
 56 0 10 0 31 0 21 57 41 0 0 32 0 10 24 51 40 3 0 12 54 0 32 42 0 0 0 7 66 66 0 6 0 62 59 29 0 66 3 69 62 31 17 65 7 0 0 0 0 29 0 0 0 0 0 57 9 31 21 20 16 0 49 0 0 3 7 0 0 53 33 4 0 0 60 0 73 0 32 0 0 0 0 76 48 37 0 52 0 21 77 38 0 33 30 0 0 0 27 0
 0 0 25 59 32 0 0 7 0 0 0 34 0 4 0 96 0 0 47 0 10 0 0 0 5 3 0 0 0 0 26 22 71 0 0 50 22 0 1 0 33 0 0 0 75 0 33 0 0 57 0 33 15 0 16 49 0 71 0 19 7 0 0 2 0 2 7 17 46 0 0 8 0 0 0 72 0 0 0 46 0 9 50 11 0 0 21 17 81 0 0 59 0 19 0 0 82 0 0 61
 16 13 0 7 0 0 0 0 0 0 28 8 18 0 0 48 48 0 0 0 25 0 25 0 0 29 63 4 65 0 0 37 0 0 21 15 54 0 0 18 9 20 0 6 12 25 8 54 57 28 8 3 0 36 2 24 0 0 0 3 32 26 0 0 3 0 42 65 0 0 0 0 0 0 0 40 45 36 1 0 54 25 4 17 86 14 12 12 3 37 12 0 77 74 0 14 10 0 3 7
 58 0 0 0 4 0 0 9 0 45 0 0 0 20 0 4 4 65 0 17 8 1 0 24 1 0 0 0 0 66 56 0 0 0 86 11 27 11 0 10 79 17 0 76 0 0 0 0 77 0 68 0 40 0 23 0 83 0 36 0 53 0 0 5 45 66 6 0 38 0 0 17 19 75 0 0 43 0 0 26 67 0 0 25 0 0 0 0 8 0 0 54 22 54 2 52 48 0 65 16
 0 0 0 0 55 7 36 43 0 0 0 31 10 0 10 0 46 9 37 0 31 65 0 71 30 0 0 0 0 0 38 2 66 24 5 60 0 0 39 35 27 10 0 0 0 68 0 43 0 0 0 56 0 0 14 11 21 0 61 0 70 0 18 0 18 0 0 11 0 0 0 12 59 0 26 0 45 0 0 34 34 13 23 0 0 0 33 0 0 0 28 27 39 94 0 42 38 53 30 0
 30 46 50 0 29 0 28 0 0 0 0 29 0 26 0 14 46 0 33 61 0 8 66 34 0 6 7 0 0 81 44 0 55 23 29 0 35 45 0 0 26 41 47 19 1 0 50 49 4 17 0 0 61 0 75 9 46 10 6 39 0 3 87 0 0 40 75 0 49 0 0 21 0 26 57 5 0 55 29 76 0 14 1 0 14 12 0 77 0 0 0 44 0 63 0 0 0 0 0 0
 54 0 68 0 19 0 0 22 0 28 6 0 0 0 0 0 0 0 0 52 46 0 0 0 0 41 0 0 0 52 0 33 13 6 9 32 0 15 0 0 10 0 1 0 5 8 17 0 58 0 0 37 7 50 0 49 0 63 19 9 0 0 7 4 36 30 46 33 0 0 75 4 0 68 0 36 0 0 87 27 41 9 79 18 0 18 61 0 9 39 32 48 16 0 0 0 0 0 19 18
 0 0 41 0 8 26 0 0 0 13 37 37 51 0 45 6 17 0 0 0 39 76 0 0 1 0 54 81 0 0 25 37 0 0 0 70 35 53 53 9 17 59 0 0 0 0 0 0 0 48 0 0 21 77 58 0 0 29 0 0 17 7 0 0 23 16 77 24 0 0 61 48 39 22 45 0 0 36 0 4 0 45 16 0 30 0 0 0 0 11 0 0 2 3 64 0 0 0 0 0
 0 0 4 0 5 57 80 19 0 0 40 0 0 0 0 21 0 0 27 0 10 88 37 52 0 22 45 7 0 0 0 77 59 26 18 0 23 55 0 17 0 23 0 0 38 30 0 0 32 45 44 0 13 58 0 0 0 10 0 0 0 40 0 0 0 0 0 24 25 0 0 58 0 71 0 24 71 0 0 18 0 0 28 0 0 0 67 0 42 27 0 0 39 17 0 22 0 0 0 10
 28 19 19 65 0 0 11 8 40 0 60 49 0 0 0 8 44 0 0 0 24 24 0 47 0 0 0 0 14 0 0 37 0 29 0 0 35 11 29 0 0 32 6 0 11 47 54 0 61 0 0 0 0 29 0 27 43 0 0 0 0 10 6 0 25 73 65 0 0 0 42 0 22 26 0 0 42 33 16 0 9 17 0 0 0 0 0 6 0 0 0 23 0 0 0 59 0 0 0 6
 47 24 14 0 16 37 13 8 12 0 0 1 37 71 83 0 47 0 0 21 34 0 36 61 10 0 0 0 0 94 0 0 0 0 0 0 56 0 51 97 13 0 31 65 15 43 0 0 0 18 0 0 0 0 13 74 6 0 0 58 67 32 0 0 7 46 0 3 0 26 29 47 0 17 0 0 0 30 6 2 38 62 0 63 0 36 13 23 0 46 29 29 90 12 22 18 4 7 70 0
 24 0 0 0 0 0 0 0 0 0 0 0 0 0 31 0 0 23 4 0 0 10 0 10 67 92 25 0 46 0 0 77 0 1 0 58 0 51 28 0 72 86 24 0 72 0 0 0 41 7 34 24 27 0 44 9 23 0 56 0 0 7 0 0 0 0 0 23 0 29 0 3 27 40 40 52 21 64 0 0 44 0 80 35 65 0 15 0 59 19 0 36 64 64 10 0 21 0 0 0
 16 0 0 17 27 0 0 0 4 1 69 19 0 41 73 61 0 5 15 0 11 0 0 30 1 0 71 34 30 19 9 0 22 22 30 16 0 0 5 0 17 0 0 0 31 0 33 9 1 43 42 76 0 0 0 4 35 9 40 0 3 0 49 0 5 54 39 0 59 0 34 0 0 22 0 16 0 24 14 3 26 0 26 53 7 0 0 0 0 6 26 0 0 0 36 45 0 0 52 0
 4 13 0 0 42 35 0 0 0 0 0 34 37 51 0 10 0 6 33 22 57 0 0 16 31 7 0 47 0 0 0 17 0 0 67 0 38 0 0 68 25 53 61 0 0 0 47 0 0 0 0 0 33 5 0 74 83 20 0 2 40 0 0 0 0 0 0 0 0 0 0 0 0 69 0 71 24 27 0 0 0 0 0 52 0 0 74 0 0 0 8 37 15 16 32 35 45 28 0 0
 0 0 36 0 66 0 0 34 0 0 11 0 0 0 0 39 0 11 33 61 0 37 8 0 14 0 0 22 19 0 0 0 0 0 25 62 0 48 16 38 0 28 0 0 44 0 74 0 22 0 68 50 0 0 6 77 9 12 58 6 0 0 18 64 28 0 0 45 0 5 0 0 0 6 35 19 21 0 1 52 0 0 29 0 0 13 0 0 22 25 15 0 0 0 40 8 28 21 29 92
 43 9 53 0 0 17 5 5 17 4 53 0 0 0 0 4 48 0 65 0 0 76 59 39 0 0 0 81 6 28 61 34 0 0 0 38 20 0 16 42 73 0 34 41 25 0 0 0 26 51 0 0 54 0 75 0 3 0 50 24 0 0 0 0 14 0 0 0 0 0 0 0 0 3 38 0 37 0 0 17 0 31 57 8 66 0 46 0 0 6 4 0 7 0 21 0 54 13 0 9
 20 30 47 0 27 0 0 0 9 0 51 40 17 0 24 0 24 0 0 0 70 0 69 15 25 58 0 64 77 0 22 0 16 13 55 29 0 11 0 0 0 0 0 10 0 63 0 23 26 0 4 0 0 0 0 0 67 46 0 38 0 0 0 48 20 23 0 57 7 7 48 0 0 13 0 0 0 80 26 0 0 26 0 0 38 0 47 53 37 64 36 45 0 0 50 9 49 0 16 81
 0 13 0 0 0 1 43 0 63 0 0 24 27 74 0 0 0 37 0 10 0 0 0 0 65 0 60 0 0 0 8 82 1 0 2 0 0 0 17 17 0 82 21 0 0 0 8 0 30 10 0 0 0 10 68 0 1 0 0 44 34 0 1 49 57 45 33 15 0 9 69 0 67 1 37 0 27 0 0 24 22 22 12 74 0 0 0 68 22 0 17 0 0 0 0 0 7 0 0 62
 53 12 72 45 0 74 73 0 30 0 27 0 0 37 24 0 15 5 0 0 0 67 0 89 32 23 0 72 56 20 0 0 16 0 0 0 0 13 0 0 20 5 79 0 70 0 7 20 54 0 0 1 52 2 0 70 0 16 10 0 39 0 14 0 53 0 54 0 0 0 0 0 0 4 3 97 37 5 29 0 0 65 9 10 1 0 42 13 0 0 0 0 0 0 4 0 0 11 7 62
 0 0 0 0 42 0 0 0 20 0 8 17 8 45 0 69 10 21 0 0 0 48 0 0 28 0 0 48 16 67 0 35 7 88 0 0 29 0 2 43 42 0 0 0 0 31 0 32 17 0 18 35 18 1 0 0 4 48 0 0 10 40 0 0 21 0 64 16 0 12 0 0 0 32 0 39 0 0 0 0 0 47 0 0 11 0 0 0 8 45 41 0 0 4 0 28 0 8 33 19
 0 0 13 30 61 65 0 0 53 0 36 0 0 81 0 45 0 0 0 0 0 23 0 8 16 24 0 0 0 15 0 0 29 76 60 2 0 70 32 0 0 3 18 0 0 0 84 0 0 0 10 55 0 0 0 0 0 0 0 0 43 0 38 0 60 55 19 9 0 70 0 0 22 0 0 99 0 0 21 0 0 10 0 0 63 19 0 0 3 17 35 30 72 50 40 59 0 16 8 0
 0 39 34 28 0 0 56 67 0 0 32 0 58 0 0 0 0 0 0 9 0 0 66 16 69 0 0 46 0 0 0 14 36 10 0 62 0 7 0 33 0 0 78 27 0 0 0 0 0 30 0 37 28 0 0 0 0 0 33 0 0 4 0 0 0 0 0 63 0 0 0 0 75 0 11 0 0 23 40 7 0 3 62 0 14 69 10 22 20 0 0 28 77 0 0 0 0 0 0 0
 0 14 70 0 72 32 21 0 0 4 69 0 0 0 91 0 0 0 44 0 84 0 0 0 0 38 79 0 53 0 14 33 31 0 54 10 65 0 0 0 0 35 58 0 0 46 0 74 0 24 19 0 38 0 0 74 31 17 36 0 0 0 10 0 0 8 0 49 0 0 0 55 12 0 0 0 24 8 13 0 17 44 0 0 41 0 0 0 44 0 77 43 58 0 50 0 3 85 3 0
 74 0 0 0 0 0 69 0 25 0 60 66 0 48 0 18 8 0 96 0 0 0 0 0 5 0 24 3 0 49 0 44 0 37 0 0 8 2 0 0 0 32 1 18 0 41 26 86 21 8 32 20 5 0 0 0 0 77 0 43 0 21 0 11 8 0 0 87 27 9 0 13 0 81 0 17 0 0 28 35 0 46 0 0 0 56 0 0 0 31 0 0 11 0 0 8 26 0 21 15
 0 0 5 48 0 31 0 0 44 0 0 36 80 15 0 0 40 53 0 14 32 0 84 0 0 0 0 54 0 0 27 0 38 0 0 12 45 5 10 0 0 83 0 27 0 64 0 0 74 81 0 32 0 50 0 39 0 0 56 15 0 65 0 62 26 28 0 79 0 1 87 0 12 0 0 23 0 6 0 26 47 0 76 0 2 0 8 0 24 39 0 0 55 15 0 0 0 0 0 75
 0 12 28 0 65 0 60 10 40 78 19 0 0 0 0 39 0 0 0 37 4 0 0 56 0 20 1 0 0 0 54 0 6 0 12 0 95 6 23 46 37 0 0 0 0 4 48 39 0 0 64 44 0 67 0 0 0 32 0 0 0 0 0 34 0 0 0 20 49 46 0 9 0 29 75 0 1 0 4 0 81 0 0 0 0 47 0 34 19 0 44 0 0 25 40 0 24 0 53 24
 26 0 39 0 29 4 16 18 0 20 0 0 21 0 0 0 0 0 0 0 0 0 27 69 0 0 0 0 7 0 28 57 0 0 27 36 27 51 5 0 49 39 0 0 29 11 41 48 0 5 0 0 30 29 0 6 76 0 62 24 50 0 28 0 0 25 0 0 0 71 33 43 5 55 0 1 0 0 0 43 44 0 0 0 0 0 24 65 44 16 10 32 0 33 0 73 1 20 0 40
 0 0 0 23 12 0 6 0 0 25 37 65 0 13 0 36 0 0 0 0 20 0 0 0 45 0 47 0 0 45 66 0 0 12 0 32 0 0 0 1 0 88 23 0 0 0 0 47 0 31 59 0 0 0 89 0 0 90 24 0 73 32 0 35 0 8 16 0 0 0 0 0 0 0 0 53 0 0 3 0 24 0 0 0 0 14 64 0 40 0 0 0 23 0 35 9 53 11 25 3
 0 0 7 0 31 0 0 0 0 88 9 0 11 0 0 49 90 1 50 0 0 26 20 0 0 0 6 0 7 0 15 0 0 52 0 0 0 0 10 62 79 0 83 0 8 83 37 44 0 0 46 30 0 0 0 78 0 0 23 0 11 0 0 9 44 21 0 0 0 3 6 12 0 0 39 18 43 40 0 0 33 26 0 8 0 0 0 37 28 0 19 0 69 33 0 36 31 0 58 0
 47 10 0 0 0 13 0 0 79 0 0 0 50 31 0 74 0 0 18 0 27 1 12 68 0 25 29 39 9 0 0 50 23 5 17 0 5 0 0 21 20 28 48 26 0 62 91 0 0 0 5 78 0 81 27 0 0 0 0 18 2 0 30 0 0 0 83 51 0 78 0 8 36 0 9 8 74 0 0 0 11 0 50 30 0 84 0 0 0 43 22 0 0 0 0 31 0 0 0 72
 0 0 48 11 40 0 0 49 0 81 48 0 26 0 0 0 0 26 22 0 0 38 0 0 0 0 0 26 0 0 37 23 0 25 17 46 87 5 97 73 0 0 0 14 5 27 60 3 0 49 0 0 0 37 27 0 63 5 2 60 0 0 17 0 0 3 33 5 38 0 3 0 57 31 0 0 42 0 4 43 9 42 77 69 14 0 0 0 87 0 1 0 75 0 0 0 0 74 4 0
 0 0 12 38 0 0 47 0 0 0 0 0 41 0 47 34 0 74 0 22 0 36 0 0 0 50 69 3 47 31 0 49 62 0 48 0 0 0 0 0 0 19 0 0 0 21 88 0 74 0 76 0 30 0 0 4 0 0 11 0 0 0 0 17 0 4 50 0 11 0 5 3 0 43 40 68 0 0 7 3 0 0 55 0 0 29 0 35 25 28 0 41 69 0 0 0 0 69 46 15
 39 76 0 59 0 0 0 42 0 10 2 0 29 38 46 0 0 51 46 0 0 62 55 0 14 6 0 0 0 14 50 0 0 46 0 8 20 0 4 0 0 7 0 0 0 0 10 12 0 0 5 19 13 49 81 0 0 0 0 13 0 0 37 13 0 63 0 10 0 0 0 3 7 53 0 89 69 0 13 5 0 0 0 34 0 30 17 9 15 0 0 0 22 17 51 0 0 0 21 0
 28 16 39 0 31 0 75 37 0 0 1 0 0 10 52 17 0 49 0 0 26 26 14 3 50 21 0 4 38 65 0 36 0 0 27 6 0 0 5 0 0 0 0 10 0 24 0 26 89 32 31 5 68 0 0 31 34 0 56 28 0 0 0 43 0 0 6 10 30 33 0 0 83 72 0 0 20 0 50 0 76 58 0 0 0 35 12 15 55 0 10 31 0 0 0 25 0 37 0 0
 3 38 31 29 2 0 70 2 57 0 23 0 25 10 28 24 0 0 39 0 0 63 0 0 44 0 0 66 0 0 0 0 0 0 17 71 72 0 0 4 27 11 46 34 46 0 64 0 78 0 3 0 0 38 0 0 10 0 4 0 0 0 48 78 24 0 0 72 0 0 0 0 30 51 0 0 5 0 26 6 0 0 0 0 33 0 39 0 21 9 0 0 3 38 0 0 76 0 0 39
 37 0 0 69 0 0 9 67 0 0 0 12 15 9 0 0 0 27 36 0 11 0 0 2 0 0 0 5 0 0 8 0 48 33 1 0 0 0 0 25 0 0 2 41 0 83 4 0 45 8 55 0 0 0 0 0 0 33 60 55 80 2 0 0 8 36 35 0 0 16 0 0 33 0 0 0 0 0 24 0 0 4 0 31 44 6 37 0 0 0 5 0 0 68 12 91 0 0 0 30
 0 0 14 0 0 69 0 0 41 0 79 22 38 16 31 17 0 0 56 51 2 24 0 22 3 0 0 6 0 69 0 22 33 0 0 11 0 0 26 0 43 0 0 0 21 0 0 0 0 0 70 95 0 67 0 0 0 0 0 0 0 7 0 0 36 0 9 0 15 22 42 17 2 46 25 0 0 52 64 0 0 18 0 0 76 34 0 0 19 0 45 81 15 38 0 0 12 0 0 0
 2 34 0 3 0 0 30 0 56 0 19 2 0 0 21 0 0 42 0 12 0 10 9 32 22 0 0 40 0 11 19 25 0 0 0 0 34 0 0 0 25 34 0 0 21 54 0 0 30 5 0 86 0 54 0 27 23 0 58 0 0 24 55 0 0 5 47 0 0 0 39 32 0 0 0 71 0 0 0 0 0 0 0 40 2 27 51 38 37 0 49 0 0 0 2 0 11 0 0 0
 30 10 0 61 63 0 72 28 0 0 18 12 0 6 35 0 17 0 72 0 0 0 0 13 70 0 40 0 49 0 20 39 0 0 38 0 0 0 48 0 0 48 25 34 3 0 0 0 19 48 2 94 51 40 86 10 18 52 19 21 0 0 0 0 18 26 26 0 32 0 0 22 0 0 69 0 18 0 25 47 0 2 25 63 4 0 14 0 0 0 0 0 31 50 24 0 8 27 15 0
 0 4 0 0 5 9 0 22 0 56 0 18 30 0 64 89 0 41 49 23 0 0 0 0 7 31 64 0 13 32 6 0 0 0 75 29 0 24 0 0 0 23 5 0 0 20 0 73 0 28 0 0 0 83 0 0 22 3 0 13 0 0 1 9 22 0 46 9 0 23 0 44 0 31 0 3 78 24 0 7 44 36 0 61 0 0 52 0 0 0 0 0 0 0 0 74 50 0 65 0
 0 40 0 0 10 66 0 41 60 45 0 57 0 13 17 0 0 0 0 0 42 0 36 80 0 0 35 8 0 0 15 0 7 76 27 22 41 54 12 60 24 0 3 0 0 3 0 11 23 30 24 55 0 13 77 0 33 0 8 0 61 0 0 23 0 0 0 0 25 0 15 0 0 77 0 11 0 0 10 13 55 63 0 34 0 0 37 0 47 74 85 0 0 42 0 24 47 0 47 0
 61 59 28 0 0 45 61 0 0 7 0 17 0 0 0 0 0 10 0 0 0 42 15 0 0 0 0 0 0 54 97 27 0 20 32 2 0 28 0 10 0 16 0 18 39 0 50 0 88 1 46 0 0 28 10 7 7 52 0 0 0 42 32 27 0 0 81 0 0 74 0 14 0 27 27 0 71 58 80 19 0 0 0 56 0 0 36 0 48 8 0 8 34 0 0 0 0 10 3 0
 0 0 0 5 0 0 0 0 68 73 48 43 9 77 0 29 8 0 0 0 8 50 48 0 0 0 0 0 0 0 0 0 33 0 40 49 0 74 15 50 0 81 21 50 0 19 44 0 0 16 48 0 0 0 0 0 37 0 2 0 0 0 0 10 8 29 41 23 0 0 25 5 0 44 0 21 0 33 0 0 0 18 0 57 0 33 52 52 7 0 40 46 68 11 53 12 0 45 80 71
 0 0 0 83 13 36 0 42 0 0 0 0 31 31 0 0 46 31 25 0 0 0 0 8 19 59 0 0 0 9 0 37 0 0 49 1 0 0 37 0 31 0 28 37 0 66 52 71 48 0 62 14 0 0 7 0 69 30 0 55 0 68 0 27 0 0 34 0 0 84 12 51 83 0 12 0 0 0 13 0 0 30 11 0 53 0 0 3 32 0 13 51 0 7 85 0 0 0 0 0
 0 0 96 0 3 22 61 0 14 0 9 0 61 0 0 26 13 0 0 0 0 33 28 8 40 0 0 7 0 0 11 48 0 45 66 0 0 43 0 30 0 0 0 22 0 0 33 0 0 0 13 0 0 53 0 42 0 20 70 0 0 0 0 11 14 0 0 0 0 25 0 76 21 13 65 0 0 0 0 63 31 0 91 0 51 0 53 0 27 54 43 48 68 56 62 0 15 42 0 0
 29 0 67 0 0 0 0 0 11 8 79 24 0 0 0 0 0 70 67 0 0 47 22 8 0 87 18 0 0 0 0 0 13 10 52 22 55 0 0 18 0 37 40 0 0 4 0 0 35 0 66 80 0 0 44 0 9 0 24 17 71 51 0 8 1 42 50 0 0 22 68 0 0 0 34 12 0 0 0 0 18 24 1 28 0 8 54 24 0 0 50 0 37 25 8 28 56 18 20 2
 75 0 0 0 51 0 0 28 25 0 0 36 0 51 0 0 0 0 0 86 53 0 23 72 0 3 0 0 3 53 2 0 0 0 0 34 40 47 22 3 0 0 0 0 15 31 13 15 56 0 58 66 11 28 0 46 0 0 39 0 97 0 0 71 24 55 0 0 0 34 32 16 0 0 56 54 32 39 26 0 0 43 12 18 28 81 37 0 34 12 8 0 34 0 0 87 1 26 2 0
 16 6 21 0 21 83 63 0 0 34 12 8 0 0 9 45 0 75 59 0 29 0 0 0 0 0 58 10 11 39 36 0 1 0 44 0 29 0 0 1 59 0 30 10 61 15 16 50 49 0 0 0 21 62 45 0 39 0 48 0 47 97 0 19 0 0 0 0 76 0 22 0 51 0 41 16 21 0 0 27 18 0 0 0 0 11 8 18 0 0 7 0 0 12 0 0 25 44 0 24
 0 0 0 12 19 15 0 66 9 0 30 50 4 41 0 1 23 22 0 0 0 13 97 0 68 78 0 10 0 19 84 0 0 40 0 36 0 29 43 17 0 22 77 0 0 19 0 38 0 27 5 0 68 0 7 0 17 53 55 54 9 10 95 43 0 16 0 0 0 0 0 0 32 0 0 0 34 0 0 0 25 14 19 0 22 41 7 0 0 0 3 59 56 56 21 0 11 0 0 25
 0 83 2 0 35 0 0 83 0 43 0 0 0 23 45 0 51 0 46 88 0 38 50 28 27 17 64 100 0 57 0 0 7 11 19 7 7 0 0 0 20 0 0 32 2 0 0 0 0 43 0 13 22 0 0 0 0 0 0 0 0 0 0 24 5 78 0 0 0 17 0 0 0 0 0 13 76 0 0 0 0 0 0 49 96 0 65 0 15 0 57 0 0 17 0 75 10 0 14 51
 16 22 1 0 19 67 0 89 52 0 0 0 0 0 32 24 0 0 0 2 0 0 85 0 0 45 0 34 0 0 0 0 0 0 0 19 67 0 0 27 14 90 0 46 70 11 37 9 0 0 0 75 0 0 21 8 0 35 0 0 0 53 33 0 62 0 0 0 0 0 26 1 0 0 5 37 62 80 0 0 0 0 6 16 22 0 0 0 32 0 0 27 6 0 11 0 20 0 23 12
 0 0 0 4 0 37 39 0 0 59 17 0 0 0 0 0 11 0 77 0 0 0 46 0 0 51 0 11 40 55 0 0 12 24 0 9 0 52 0 77 0 0 0 10 0 0 0 33 50 0 5 0 0 11 67 48 0 61 36 0 0 24 0 0 30 44 0 0 9 0 0 0 0 66 0 30 0 0 10 3 2 19 0 1 41 0 0 8 24 3 50 0 0 0 23 0 64 0 49 12
 0 11 63 0 66 0 0 0 0 0 0 0 64 0 0 0 0 0 58 0 0 0 41 0 19 66 0 42 22 2 18 0 0 0 0 56 52 52 34 19 6 0 40 0 0 0 38 0 26 0 0 0 0 0 11 0 0 0 16 0 32 73 10 56 44 83 5 0 18 3 0 0 0 0 0 1 0 0 0 8 57 5 72 8 0 0 0 0 10 0 0 0 84 0 0 12 0 0 70 0
 0 0 0 0 0 0 18 8 11 0 0 26 7 54 8 0 0 0 0 36 0 0 0 8 0 0 9 68 0 12 0 0 31 0 0 0 0 0 0 0 15 69 5 0 0 30 0 0 0 7 18 18 40 0 37 13 0 2 9 12 2 58 45 18 24 16 12 61 4 0 0 0 0 45 0 0 59 0 18 55 0 0 0 0 7 5 0 0 0 0 33 0 0 59 0 0 27 0 0 14
 53 31 0 0 4 0 0 41 52 0 0 19 0 0 6 0 31 0 57 0 26 80 0 11 17 1 0 24 24 8 0 24 14 7 61 12 3 0 65 0 26 49 50 2 0 0 25 0 83 14 0 20 0 28 0 18 21 27 3 35 38 0 67 20 2 0 0 0 4 0 0 23 44 8 59 0 14 0 0 52 68 0 0 65 0 0 24 0 0 47 0 41 21 12 0 0 21 14 12 0
 7 54 0 3 62 57 67 0 35 0 0 0 29 21 0 10 70 37 31 7 40 65 67 32 0 0 72 2 0 6 0 0 28 0 0 55 18 0 0 0 0 19 0 0 30 68 13 0 53 0 0 11 7 0 74 0 48 0 0 0 0 75 22 0 75 35 0 35 83 59 44 35 57 58 0 27 62 0 83 64 25 0 54 0 18 3 71 0 0 8 0 0 0 75 31 0 85 37 0 0
 0 0 0 0 52 86 0 0 0 22 0 0 45 33 0 79 16 39 11 15 0 0 48 0 0 30 0 18 58 16 0 0 55 2 23 1 23 8 0 33 0 27 0 1 0 0 44 51 7 53 0 0 79 4 0 7 0 0 5 0 0 0 4 17 0 64 43 9 43 0 100 0 90 73 0 5 44 0 0 0 0 7 33 14 0 7 46 9 17 83 0 0 53 36 0 0 12 68 0 29
 0 5 70 31 44 24 85 0 0 0 82 41 17 0 0 0 14 0 0 0 0 0 0 23 0 0 20 13 39 23 32 27 38 9 85 4 0 0 36 0 0 33 0 0 35 0 0 6 55 23 0 0 0 0 7 0 0 0 0 11 0 15 53 31 0 19 6 30 0 0 2 72 1 0 19 0 0 0 20 0 0 12 14 0 0 0 0 44 8 0 37 27 50 0 92 71 0 0 6 0
 0 4 0 0 0 0 0 0 93 2 0 6 68 2 19 26 37 0 0 18 3 0 23 0 3 0 0 27 2 59 54 0 63 8 0 0 0 13 0 70 0 46 69 0 0 74 0 0 0 0 0 31 5 0 32 26 23 0 0 44 57 0 0 4 8 84 3 73 0 0 0 0 16 59 34 0 0 13 35 0 0 24 0 24 0 0 75 0 0 0 0 0 0 0 8 12 0 47 0 21
 0 15 0 0 0 60 53 0 0 0 0 62 0 4 33 31 16 0 20 0 0 0 0 0 0 0 0 0 0 0 0 0 0 0 16 33 58 0 65 0 0 4 33 49 0 0 0 0 0 82 0 9 42 0 0 0 0 53 0 39 77 19 41 52 17 0 0 0 0 0 0 22 0 59 10 21 0 0 28 23 0 0 0 0 36 33 0 0 7 47 0 0 0 0 0 0 0 19 0 17
 0 49 0 0 0 39 4 0 0 75 0 0 63 52 0 15 50 9 0 0 94 0 1 2 24 0 43 5 0 0 10 0 0 61 9 0 19 53 82 0 65 50 0 0 34 0 0 41 73 18 0 34 0 46 60 0 51 0 0 0 0 0 19 54 0 23 26 73 0 19 22 0 0 0 5 0 0 29 57 10 0 38 0 0 57 67 37 0 36 60 29 1 0 18 0 23 0 60 64 19
 94 0 24 23 5 76 8 0 75 0 26 55 0 0 33 0 0 23 12 0 0 10 0 27 24 0 0 0 0 48 49 41 0 0 0 40 2 0 0 44 0 0 0 0 36 0 0 78 26 41 0 0 31 0 0 36 0 37 11 0 0 0 24 0 0 0 0 72 34 0 0 4 8 0 8 14 56 82 0 19 54 41 0 45 32 0 0 0 13 0 0 0 0 0 34 0 70 65 0 18
 0 27 0 0 68 0 0 50 0 0 0 0 0 0 0 47 0 0 0 47 47 43 0 0 2 0 14 0 0 0 53 0 0 4 13 81 0 40 4 0 80 3 0 0 0 5 0 0 0 59 6 49 0 0 54 0 32 45 87 72 0 0 0 0 0 58 19 0 0 0 0 8 90 43 40 0 99 0 34 0 0 50 0 23 0 0 43 22 34 27 92 0 48 0 0 0 5 58 0 39
 26 0 0 51 8 41 0 80 0 43 0 0 0 0 93 13 0 40 87 0 6 0 28 0 0 0 0 0 44 5 0 23 0 46 63 0 0 4 0 4 40 75 0 46 34 50 33 26 13 87 0 6 1 0 62 0 0 50 39 67 0 27 0 16 0 33 5 21 32 26 21 28 0 35 0 0 70 11 95 7 0 14 7 0 0 0 26 42 0 0 0 18 63 19 0 0 0 4 0 0
 71 39 37 85 0 74 81 87 0 0 0 25 0 31 0 12 0 30 7 0 0 3 11 0 0 20 0 26 0 2 0 19 0 60 0 0 0 0 54 0 31 0 60 17 0 0 0 0 0 0 0 70 0 18 0 0 44 0 0 1 0 10 46 37 69 0 5 0 2 0 13 0 0 0 0 16 0 0 14 0 0 1 50 11 15 73 0 7 38 0 0 64 0 0 80 0 25 27 0 59
 69 23 0 0 0 33 0 71 0 38 20 0 66 0 72 0 3 0 0 0 0 0 0 1 0 73 0 23 0 0 9 0 57 50 3 0 22 0 0 19 0 2 37 61 0 0 0 16 0 14 18 13 0 0 0 0 11 36 0 56 56 0 0 7 29 0 0 0 0 0 59 45 21 0 0 0 45 0 49 99 60 11 0 0 0 0 36 65 84 76 0 56 0 25 28 43 0 41 2 53
 0 17 65 8 0 30 22 28 0 49 5 5 0 39 23 67 0 0 0 12 0 50 41 0 0 0 0 18 17 81 28 0 69 50 50 58 0 4 0 0 0 0 0 0 0 53 63 0 7 12 6 26 21 0 0 17 59 62 0 0 54 0 0 66 34 0 0 8 0 0 61 4 34 89 10 0 90 1 4 0 25 25 21 0 0 15 9 0 39 0 0 0 45 4 66 0 21 29 0 5
 16 11 36 0 56 1 60 13 0 0 0 8 38 0 33 0 0 0 0 0 0 0 4 0 0 6 35 11 4 0 0 0 0 0 0 0 0 0 23 54 39 88 0 12 0 74 6 0 34 0 0 66 0 0 0 37 0 0 24 0 0 32 0 13 49 0 0 35 19 60 0 0 0 10 0 0 0 0 0 0 0 26 0 0 59 36 1 0 51 0 0 0 11 0 0 57 17 0 8 9
 0 0 0 0 1 0 0 0 0 60 50 0 0 45 65 0 0 41 0 0 0 0 0 52 55 0 0 74 0 0 47 0 0 22 68 0 11 44 0 19 16 20 6 0 0 0 50 67 50 77 0 36 0 44 26 29 23 0 0 0 0 66 0 46 0 60 0 77 45 0 0 0 71 19 76 27 41 0 0 50 0 34 36 0 22 17 65 8 0 13 0 0 0 11 0 11 0 0 37 0
 22 16 47 60 0 56 0 17 0 0 0 19 57 34 0 0 0 0 13 11 0 67 14 36 0 0 0 0 24 0 93 0 0 59 17 3 19 37 26 46 76 71 0 0 0 42 0 17 41 0 81 0 0 0 0 0 0 50 23 0 0 3 0 0 0 0 0 10 0 13 0 0 0 6 32 0 0 13 0 71 18 25 54 59 14 0 0 20 0 34 15 43 3 23 0 0 6 14 0 0
 29 0 9 0 0 0 19 60 18 57 0 49 0 0 0 59 0 5 0 0 57 0 54 48 55 0 0 26 71 0 0 65 0 0 0 0 0 51 0 36 71 17 33 47 0 1 74 9 0 0 0 0 0 61 23 14 19 0 0 7 0 27 0 0 0 0 14 0 50 0 27 27 23 0 0 0 8 42 0 1 0 0 0 0 85 28 0 0 9 21 0 22 0 37 5 74 6 77 0 7
 47 79 0 74 0 26 8 0 0 0 0 0 62 19 0 85 0 70 56 0 0 66 48 71 0 40 7 8 0 28 38 23 57 23 0 0 81 0 32 0 30 0 23 0 14 0 0 0 12 0 0 0 44 53 59 31 0 27 80 0 0 0 0 15 4 45 24 0 10 0 0 11 23 0 0 7 6 4 0 21 0 0 0 75 0 78 0 0 0 35 35 28 0 0 68 0 45 33 21 0
 0 0 10 39 0 0 0 41 12 55 59 0 0 43 35 0 0 54 0 68 0 30 0 26 0 0 16 0 46 0 0 45 0 27 48 0 73 43 0 0 0 0 16 19 29 26 0 0 0 0 58 0 0 0 0 0 0 78 0 0 0 0 0 0 39 62 19 47 0 0 0 55 0 13 0 8 0 0 80 0 0 0 0 8 47 26 91 0 35 0 38 21 0 64 38 46 0 0 0 2
 0 40 60 8 0 79 5 0 64 0 60 27 0 0 0 0 0 49 29 0 43 10 1 0 0 56 51 16 34 16 0 0 0 50 76 0 4 35 54 0 0 9 0 12 16 0 0 0 31 12 4 0 24 32 3 22 0 0 54 0 1 0 59 70 12 0 47 61 61 34 0 0 89 34 46 59 0 0 0 0 7 2 0 0 21 5 11 2 0 35 0 2 4 0 17 0 0 0 0 35
 0 0 0 73 46 0 0 0 47 0 0 9 41 41 17 0 0 0 65 41 0 9 0 68 37 0 6 35 0 36 0 0 34 0 0 0 0 63 0 0 0 0 0 47 0 0 0 0 0 68 0 0 2 13 0 0 0 0 0 2 0 17 31 0 0 0 0 6 32 41 0 0 20 0 0 0 0 7 0 0 0 0 42 33 0 55 0 43 96 0 0 7 93 11 0 26 0 66 87 85
 10 74 0 0 0 9 0 0 0 32 0 15 0 33 0 8 0 28 68 3 0 0 0 40 0 0 0 25 0 0 0 10 40 0 0 4 8 0 0 57 0 46 18 0 49 0 1 83 0 16 22 5 21 12 0 0 4 65 0 0 0 22 9 81 9 0 66 43 0 0 0 17 21 0 0 18 0 57 66 0 9 23 0 0 0 0 42 0 29 27 6 0 60 0 0 0 48 26 63 30
 50 0 0 0 50 8 42 0 37 30 11 0 50 0 0 85 0 11 0 62 0 18 68 14 0 91 0 0 0 0 0 0 31 0 0 62 0 69 68 0 0 31 0 0 0 6 34 0 53 0 0 0 58 19 0 2 0 0 0 0 0 0 0 0 7 0 34 0 21 2 22 0 37 24 0 25 0 5 4 48 51 33 81 0 3 0 0 58 3 0 52 24 13 0 0 41 24 0 0 35
 0 0 0 2 27 48 2 0 39 20 77 13 42 0 0 0 20 0 0 0 0 27 56 0 0 0 21 0 18 11 0 9 15 54 0 0 0 47 78 43 0 1 28 20 11 0 23 0 6 36 0 3 57 44 1 0 0 0 0 18 2 69 0 48 0 56 58 1 0 47 7 0 56 15 0 7 37 0 0 0 98 2 4 0 0 0 0 0 0 2 0 33 0 0 68 21 35 1 12 5
 20 21 6 0 0 0 0 0 0 10 0 0 8 0 40 2 0 0 0 61 0 0 0 20 0 0 6 0 54 0 73 77 7 64 0 0 0 0 0 59 84 0 0 12 0 0 0 15 0 0 0 43 0 57 15 0 0 51 0 0 0 9 0 0 0 75 0 1 0 15 0 0 18 30 45 53 0 0 3 70 0 0 50 0 64 60 2 0 0 0 0 31 32 14 72 35 8 3 0 0
 0 0 0 6 0 0 0 0 0 0 10 4 89 0 0 0 0 0 0 0 22 0 0 37 0 0 33 0 0 28 17 65 52 0 0 48 11 10 0 0 0 67 0 17 21 30 0 44 0 0 0 4 0 32 0 21 0 0 0 0 52 0 0 0 21 49 35 0 0 0 0 26 71 53 0 64 41 0 49 0 0 18 0 0 0 12 0 51 0 4 6 2 0 87 0 0 25 10 86 0
 51 50 0 0 0 33 0 0 18 3 33 14 28 30 0 41 3 0 24 35 37 0 4 48 0 0 0 0 0 0 0 15 0 9 0 22 0 44 51 0 20 0 56 50 22 74 0 38 14 0 24 0 0 87 28 10 0 0 0 0 17 30 0 11 0 0 47 10 31 0 41 0 0 78 4 0 41 49 0 0 0 66 47 13 0 0 0 0 16 56 31 0 0 54 99 0 2 21 43 0
 23 74 27 28 42 0 44 26 12 67 17 65 84 53 0 33 0 0 0 5 18 6 0 0 0 31 0 0 0 50 0 14 21 0 0 10 43 0 7 12 0 0 0 0 83 61 20 0 24 0 43 39 21 0 0 14 0 15 39 0 0 12 26 0 48 39 0 18 26 12 59 0 0 6 0 4 51 14 16 0 13 0 0 15 0 32 0 19 0 8 0 0 0 2 42 46 0 44 13 0
 37 47 19 32 22 0 57 28 0 0 28 0 0 19 42 0 0 0 0 13 58 39 15 19 0 0 37 0 0 0 0 0 24 66 47 55 0 0 62 0 0 0 0 10 24 38 64 71 0 50 0 0 0 0 0 46 13 14 0 0 0 0 0 0 0 0 55 0 0 0 0 94 50 35 24 0 0 35 0 53 0 0 47 0 0 0 8 55 43 0 0 0 0 0 0 64 26 0 13 0
 18 0 15 18 0 0 7 32 19 16 0 28 1 32 11 10 52 50 0 17 10 10 12 64 0 10 35 0 0 0 59 40 0 0 0 49 0 27 1 34 0 0 37 29 0 0 37 0 47 4 29 1 0 39 46 0 0 41 0 0 0 0 85 45 44 4 4 12 0 0 0 24 0 0 0 0 0 0 0 0 0 43 78 0 0 0 2 68 0 0 8 0 0 0 0 0 37 95 23 16
 30 0 0 47 0 0 0 6 0 0 14 52 0 40 0 34 0 0 0 72 0 26 20 2 0 29 0 2 0 9 0 14 0 0 0 53 0 0 24 0 59 0 0 33 0 0 0 13 89 39 27 71 0 0 0 0 0 39 18 0 0 53 51 0 0 0 0 2 0 16 47 0 4 18 0 19 45 27 14 0 70 0 0 2 38 0 9 40 0 0 84 0 9 0 0 0 0 0 61 3
 68 26 64 0 24 55 0 15 12 0 0 0 52 0 33 0 0 0 62 2 0 33 0 0 0 17 47 6 0 0 0 0 0 0 45 2 27 0 0 0 0 0 18 0 19 0 3 46 0 0 52 28 15 22 16 10 0 10 13 0 67 0 0 0 0 0 24 0 39 45 0 4 0 0 0 0 0 55 0 0 0 0 39 7 0 39 0 0 0 0 0 0 24 45 37 6 6 0 0 98
