150
 100 0 19 0 77 0 64 0 89 45 20 0 0 0 6 0 0 30 18 0 0 0 0 0 0 0 46 17 51 0 0 51 58 73 0 0 0 0 4 0 70 26 0 71 19 10 0 0 44 43 0 21 20 52 30 0 38 0 0 0 32 41 13 39 3 55 0 67 0 0 0 11 0 46 16 12 0 20 0 86 32 6 49 0 66 38 76 46 0 0 0 8 0 0 0 1 91 0 0 0 34 0 3 0 4 0 7 0 33 71 0 53 0 0 0 0 0 0 50 0 21 0 0 27 46 20 0 0 0 0 0 8 0 0 0 0 13 37 22 30 0 0 96 0 19 0 55 0 47 0
 9 48 3 0 60 0 35 63 13 9 0 27 0 52 62 88 27 2 0 0 54 0 16 0 0 21 0 55 30 0 22 0 0 55 29 31 29 19 0 0 0 55 58 9 0 7 53 0 6 0 0 2 0 0 48 0 24 10 0 0 32 0 0 0 0 44 0 0 0 19 0 0 30 35 0 0 0 8 44 0 34 0 0 0 18 0 28 30 4 87 13 0 0 0 0 49 0 0 0 0 54 36 7 51 24 0 0 31 11 0 2 12 0 0 52 0 62 32 24 0 35 58 0 75 0 22 14 0 2 27 9 12 53 0 0 27 0 0 67 73 0 0 0 0 17 34 31 0 0 0
 0 0 62 0 3 32 2 0 4 0 4 48 46 0 0 0 76 0 65 0 20 0 69 0 0 8 0 0 29 0 0 0 84 41 20 16 73 54 0 46 53 0 35 0 13 51 43 0 0 0 5 0 0 0 57 8 41 43 79 0 0 52 28 10 22 0 0 0 17 54 0 58 39 62 0 13 0 0 0 0 0 0 0 0 0 87 40 0 43 0 0 0 20 0 48 20 14 0 59 8 0 0 0 24 0 0 0 0 0 0 0 0 85 0 31 83 0 0 8 0 22 0 0 0 0 18 48 0 25 72 0 5 0 60 0 0 0 0 24 0 26 0 11 7 0 8 75 0 0 8
 26 51 12 0 3 0 0 0 45 0 0 0 54 56 0 43 52 28 63 0 0 0 25 18 45 70 10 0 0 49 70 0 0 0 0 0 40 8 0 52 22 0 0 20 4 0 0 13 71 16 38 87 41 39 72 0 0 55 0 33 43 0 14 0 0 55 0 0 0 77 0 75 0 0 31 30 39 14 0 0 0 12 57 4 54 0 0 69 7 38 53 17 6 0 0 25 0 0 22 5 0 0 24 40 0 0 0 0 0 0 12 0 33 51 0 0 0 0 28 15 0 52 0 0 0 0 0 0 10 74 30 26 0 69 0 0 0 0 17 10 2 9 10 0 45 58 26 0 44 0
 0 0 0 0 44 0 0 0 35 0 8 0 0 86 33 0 0 0 24 27 9 0 45 6 52 0 45 0 0 43 53 0 49 28 11 42 0 0 54 0 52 10 37 15 7 39 4 0 0 59 0 0 0 78 0 51 0 0 16 2 28 0 0 0 43 33 26 0 0 0 0 0 0 0 32 26 0 59 0 0 38 29 29 0 65 74 29 22 59 0 58 3 0 19 25 23 62 40 28 16 12 0 0 24 0 0 87 0 0 0 30 0 42 22 0 30 31 21 0 0 20 0 38 0 2 0 42 23 28 0 0 16 46 0 0 0 0 0 0 0 0 79 0 43 70 0 0 66 16 12
 2 11 0 44 11 48 35 0 0 64 24 0 0 80 61 12 0 19 54 1 52 0 0 35 16 78 93 54 51 15 0 0 0 61 0 34 53 60 25 0 0 48 70 0 0 37 55 0 0 0 0 0 0 0 0 0 0 80 20 32 0 0 0 37 0 0 9 27 29 0 57 20 32 59 0 5 40 0 16 0 0 0 46 4 0 0 0 38 25 0 2 0 15 58 0 0 0 48 33 33 0 0 0 16 49 0 0 59 14 0 47 46 38 0 0 37 0 59 0 0 3 9 0 0 0 0 0 0 0 0 0 0 0 17 30 10 73 0 2 0 0 0 40 0 0 20 21 35 0 0
 0 0 0 27 0 0 86 76 59 47 10 0 0 15 30 0 96 21 38 17 0 58 5 0 0 0 57 0 0 0 40 38 14 0 81 0 50 0 60 51 4 48 0 30 25 0 19 73 6 0 0 0 0 0 0 0 55 0 0 49 0 4 56 0 9 0 77 0 0 0 27 31 0 0 0 60 0 9 80 0 23 0 67 0 41 61 41 0 0 77 0 27 0 0 0 0 0 0 0 18 0 0 2 0 0 0 27 0 1 85 5 0 0 44 0 0 38 0 0 58 0 4 0 0 0 9 0 0 24 33 0 0 16 4 45 8 22 0 55 0 33 0 50 0 0 0 18 61 19 0
 21 0 93 8 66 64 0 76 34 0 0 60 31 27 0 24 16 17 50 0 5 0 0 0 0 0 36 0 31 0 0 0 36 29 0 0 0 26 0 0 54 0 27 37 0 20 2 19 1 14 0 0 13 2 0 0 0 12 0 0 10 24 76 43 0 0 12 48 0 0 73 0 0 6 0 0 0 0 26 0 24 0 62 0 0 72 0 0 0 0 0 15 0 0 26 0 41 0 9 0 24 0 0 4 0 33 44 27 56 50 35 0 0 26 60 8 5 40 0 68 58 0 0 0 0 0 0 0 0 6 70 77 0 35 55 36 50 33 38 0 63 0 0 0 29 0 44 0 24 61
 0 0 0 0 0 5 0 0 81 43 64 0 28 5 38 27 43 14 0 6 21 19 97 19 9 0 0 0 0 0 0 0 0 6 11 49 0 0 0 0 25 0 10 20 57 0 0 0 0 0 0 0 12 0 3 55 53 0 24 32 70 0 30 0 0 4 0 17 26 0 50 0 88 0 0 44 0 0 0 0 18 71 35 39 0 0 0 36 0 0 44 0 0 0 15 0 0 0 32 53 0 0 0 21 73 0 0 10 0 51 0 36 20 19 0 0 0 0 15 0 75 0 0 0 0 88 25 8 0 0 0 0 33 27 0 0 65 0 0 0 57 7 0 0 0 0 0 0 27 0
 0 0 74 7 28 0 0 29 0 30 0 0 6 27 45 16 13 40 0 11 64 0 0 74 34 2 0 0 0 27 14 0 9 0 43 0 0 0 0 51 13 0 21 0 85 18 0 0 21 65 0 0 21 34 0 42 0 0 0 0 71 29 22 15 31 0 0 0 34 72 0 47 55 0 0 0 19 0 0 0 30 0 52 0 36 35 44 52 45 0 25 33 36 0 43 15 0 7 0 0 45 0 25 21 0 78 17 2 0 62 36 40 8 0 0 15 17 0 16 0 0 0 0 27 0 14 0 43 19 0 22 0 68 89 0 6 3 2 5 0 17 0 0 30 0 53 0 17 6 0
 0 80 0 46 0 0 0 58 0 40 49 27 40 64 43 0 0 0 71 0 50 0 55 0 0 90 45 0 0 30 2 29 0 0 39 0 0 0 0 17 0 0 0 1 0 20 0 0 0 0 0 58 0 0 69 0 0 49 39 0 0 17 0 33 0 0 57 2 36 13 42 0 0 34 0 0 9 0 0 0 0 12 0 0 44 31 0 1 0 56 0 0 0 0 36 61 22 0 0 0 0 10 0 46 33 0 66 46 13 18 44 30 0 1 86 0 0 35 0 1 49 0 0 0 0 17 0 48 5 54 81 0 18 45 0 6 0 0 0 0 1 0 0 75 0 26 73 29 12 13
 51 0 0 16 11 77 1 0 24 57 0 11 6 0 0 56 0 33 46 0 34 26 27 35 8 0 12 33 43 0 0 3 0 7 0 0 0 0 0 0 0 0 0 0 18 0 23 0 0 67 0 0 0 0 0 0 23 0 19 33 25 0 0 0 0 0 0 0 2 67 18 0 0 0 77 8 0 46 0 0 25 0 9 25 0 28 31 0 0 31 0 4 20 8 9 54 21 63 0 0 38 89 30 0 13 0 0 1 24 34 41 70 61 78 72 0 35 48 0 89 75 37 0 43 0 1 0 0 29 0 0 46 0 28 0 0 23 0 36 0 13 0 10 0 0 0 0 0 0 0
 7 9 0 0 24 29 5 0 0 0 0 0 96 0 0 81 0 0 0 15 38 16 4 0 0 0 3 38 0 73 82 0 38 0 0 16 22 28 0 0 91 30 0 0 13 24 0 0 7 0 31 0 0 0 0 16 0 15 9 0 0 22 0 0 0 49 0 0 0 57 12 29 15 0 2 1 0 0 0 0 57 0 61 27 12 14 0 0 0 7 0 0 0 0 0 0 9 25 0 47 16 0 0 23 29 23 0 0 0 0 66 0 66 55 1 0 59 77 0 0 0 17 17 0 0 0 0 91 33 0 51 7 28 0 28 15 0 74 23 53 63 0 0 0 47 0 31 18 0 27
 14 0 13 0 0 0 0 0 0 0 0 88 14 36 51 15 0 14 79 11 19 7 14 0 6 15 0 0 0 0 29 10 0 15 0 33 0 0 0 0 48 3 27 0 58 95 0 26 12 0 0 60 0 0 0 52 0 23 44 31 0 35 16 21 0 20 59 0 75 26 15 0 0 0 0 5 15 0 0 36 0 0 53 71 35 0 0 0 0 26 0 0 0 81 52 0 0 0 0 0 0 40 0 23 95 0 0 72 9 0 0 60 0 8 0 8 0 12 14 0 0 20 0 24 0 61 0 19 0 45 0 0 24 66 32 7 0 0 0 0 24 0 43 20 0 0 0 39 0 0
 0 0 44 32 0 0 0 56 0 0 0 38 26 0 68 24 54 51 0 0 0 0 34 82 27 0 0 55 0 8 75 0 0 15 7 0 0 0 3 0 0 0 0 0 18 19 0 30 0 0 50 0 0 1 0 0 57 0 0 0 20 81 46 4 53 40 27 29 0 9 0 20 0 0 49 41 0 0 45 0 0 18 80 0 3 0 22 0 0 0 0 0 47 0 26 0 0 0 0 0 0 70 16 35 39 0 0 40 0 16 33 0 0 54 0 0 30 60 74 7 0 0 68 29 0 16 0 79 0 0 0 27 0 0 0 5 0 2 0 54 0 18 0 0 0 0 15 0 0 3
 72 0 58 0 26 0 3 0 0 0 2 0 0 0 0 92 0 0 0 0 23 0 23 0 0 0 17 40 11 3 0 0 0 53 0 0 0 3 0 0 24 69 0 39 75 7 0 0 67 0 0 9 59 0 0 0 19 10 1 26 31 0 25 37 52 24 0 57 0 47 0 0 30 18 0 57 0 0 0 36 0 57 0 0 0 25 6 38 62 34 8 67 4 0 0 0 28 0 0 0 0 0 0 48 0 0 0 0 20 52 0 0 0 0 46 5 0 0 0 41 59 42 77 91 0 0 21 46 0 44 11 1 55 2 0 0 0 46 0 0 0 4 0 0 0 0 76 0 11 0
 17 0 0 0 8 57 0 0 0 0 22 18 1 72 0 26 72 0 0 0 0 0 0 0 0 49 37 0 57 0 0 7 0 0 18 11 0 19 0 55 0 86 83 0 0 14 17 0 0 0 0 0 0 0 25 58 8 0 49 0 0 61 21 59 0 0 50 0 56 0 49 59 44 0 25 24 0 0 0 19 11 36 45 2 0 0 0 20 0 24 0 0 0 0 5 24 0 6 0 0 3 0 3 52 69 89 0 35 34 5 0 33 8 0 2 0 44 0 0 0 77 6 0 34 17 0 0 16 0 12 0 5 0 34 25 47 24 70 11 64 28 18 0 0 0 15 40 0 0 0
 0 0 6 0 70 0 0 0 0 0 43 0 55 0 0 29 66 67 0 27 0 84 33 0 0 40 7 8 0 0 35 65 12 14 28 0 0 59 53 0 0 0 1 44 0 14 26 2 0 0 0 19 0 2 0 57 0 0 30 0 0 0 0 0 2 20 0 36 15 0 23 0 41 35 72 48 66 0 0 7 0 78 79 36 0 0 0 47 5 25 1 0 0 0 94 0 42 0 0 0 0 0 0 0 0 0 6 42 76 44 10 70 39 0 0 0 0 5 0 0 0 0 0 0 62 0 22 0 63 0 38 25 0 0 0 0 52 0 0 0 0 0 72 0 35 0 0 0 0 0
 0 53 0 0 0 0 0 0 76 77 0 0 65 0 0 14 2 45 41 0 48 0 0 90 8 0 0 95 22 26 0 0 0 0 19 40 0 0 0 0 83 0 0 0 27 0 0 9 0 54 14 48 0 14 0 0 0 47 24 33 0 0 9 54 0 0 67 0 47 61 0 23 36 0 0 22 0 18 21 58 0 38 56 0 22 0 0 52 0 0 0 36 39 85 0 0 3 0 12 0 44 0 0 40 6 39 0 0 23 0 0 4 0 0 76 0 53 0 0 54 46 11 0 78 31 0 0 30 0 49 0 0 23 9 0 0 0 0 21 0 65 21 0 81 0 23 2 0 93 0
 23 43 48 14 0 0 0 36 0 0 47 65 0 0 12 31 63 0 78 100 0 82 52 32 20 0 58 23 0 56 6 0 0 0 32 63 42 0 0 4 0 17 13 47 52 0 0 71 37 0 0 34 22 0 0 0 82 14 0 0 58 22 0 0 0 0 0 6 0 63 35 0 0 0 0 0 0 0 13 54 0 6 0 0 0 0 0 0 0 0 0 0 74 43 58 0 26 0 0 0 0 54 10 3 0 11 49 0 14 54 0 63 39 0 0 0 0 1 0 40 31 0 29 32 70 0 29 0 0 9 0 0 0 0 0 59 9 36 73 0 0 0 0 0 24 0 31 0 57 58
 32 0 0 23 0 0 78 0 0 0 0 0 0 0 22 0 79 21 0 34 14 0 0 0 0 0 28 0 47 0 19 0 0 0 0 0 0 0 36 43 1 0 31 0 0 30 0 0 0 0 0 0 65 26 43 14 0 63 19 0 67 40 11 0 27 43 0 0 40 6 37 48 40 46 0 70 43 60 73 36 0 0 0 12 41 0 23 0 35 0 32 54 56 0 29 0 0 0 0 33 0 0 0 0 15 14 0 0 0 26 31 7 10 36 16 22 0 30 0 0 0 29 0 0 45 0 24 20 10 0 0 43 0 0 13 0 0 46 19 5 49 0 35 0 67 17 63 57 34 0
 53 54 47 75 38 16 0 47 0 21 58 0 0 0 8 68 28 0 5 0 44 31 0 50 0 0 27 14 11 0 0 0 35 3 0 0 0 59 18 0 37 71 0 42 0 0 13 0 0 25 0 30 0 67 21 69 0 0 81 0 0 37 45 99 0 0 0 0 22 0 13 0 66 43 0 0 51 61 0 0 0 0 0 0 37 0 54 31 36 21 18 47 31 0 44 0 0 0 12 0 37 0 0 33 20 0 15 95 0 74 1 76 0 0 0 6 0 0 0 1 29 77 1 0 40 0 0 24 3 0 0 0 0 0 5 0 0 0 0 0 0 0 55 11 0 68 17 51 0 0
 4 0 0 0 0 76 0 31 0 36 0 0 0 0 0 0 24 0 21 0 6 4 29 0 67 0 45 5 29 0 45 0 0 10 79 60 0 59 0 33 68 0 0 59 8 8 0 0 0 0 56 42 0 13 25 22 37 27 0 2 0 0 69 0 13 0 61 0 0 50 0 37 11 0 0 0 0 26 33 33 0 53 18 0 0 4 5 2 21 90 36 53 0 19 0 0 0 0 0 40 36 27 0 0 0 0 13 0 7 0 56 0 0 0 1 0 45 55 17 7 0 6 52 41 0 0 0 0 0 38 0 9 7 13 0 55 0 0 0 54 0 11 23 0 0 0 0 0 75 50
 27 9 40 0 0 0 39 50 0 0 47 0 52 6 0 3 36 94 0 0 81 0 0 80 0 13 67 26 0 0 0 0 0 54 79 0 0 0 15 0 0 20 0 0 53 0 34 0 42 0 20 0 0 0 0 0 23 0 0 16 0 0 0 0 0 24 0 0 37 0 0 55 0 35 0 37 37 12 34 0 0 0 48 0 0 0 22 0 0 0 0 0 27 0 86 0 0 0 37 44 0 0 0 5 19 0 0 0 94 56 0 59 27 85 0 0 13 38 51 35 17 0 48 2 11 0 0 80 0 31 0 74 0 38 0 39 0 0 25 0 32 59 57 0 59 0 0 0 0 0
 49 14 6 0 0 0 19 54 0 0 1 0 57 0 0 58 54 38 0 0 38 57 0 13 39 42 55 0 0 42 0 55 37 0 0 0 0 60 27 0 0 0 0 0 0 42 0 0 0 21 32 4 0 55 2 0 0 8 0 8 0 0 0 21 6 92 0 45 48 1 0 17 4 17 0 33 0 1 19 0 0 28 0 59 0 0 0 0 64 11 0 3 0 0 0 11 20 0 14 4 0 0 36 0 35 3 0 8 20 0 28 5 6 31 0 0 0 0 0 0 38 0 0 2 2 38 0 0 0 15 34 38 0 67 21 0 29 0 0 14 12 0 60 59 12 6 35 0 0 0
 27 0 0 0 22 0 37 3 36 0 0 21 0 0 41 32 0 0 43 33 39 52 14 0 0 64 68 68 0 19 71 22 0 7 0 0 10 22 0 0 35 0 33 83 45 22 0 81 0 28 46 0 38 0 4 52 0 0 6 0 3 42 20 0 0 0 74 53 66 74 0 0 21 8 0 16 0 65 0 0 3 60 0 0 0 0 5 26 65 78 11 0 6 0 45 0 0 22 87 0 0 0 52 0 0 31 6 0 0 0 0 24 40 0 16 0 0 23 64 31 60 13 17 0 0 0 69 24 43 74 37 0 0 0 0 0 17 26 0 67 0 0 0 0 40 0 6 73 29 80
 0 52 52 0 0 0 0 0 34 13 0 0 0 60 4 0 0 0 76 0 0 0 0 0 0 0 85 6 0 0 57 60 51 0 0 0 0 0 0 18 0 0 5 4 0 41 0 0 0 0 23 0 0 0 0 0 0 63 22 26 0 0 14 0 35 0 0 0 0 0 39 0 0 6 38 89 0 0 21 0 73 0 0 20 0 14 0 2 0 0 0 8 1 60 37 20 55 46 9 40 86 19 0 0 0 0 0 12 0 24 0 1 33 0 82 44 24 21 0 0 21 21 47 43 0 0 0 9 0 0 0 50 17 0 0 22 48 0 0 21 0 0 33 0 0 0 7 0 9 0
 0 0 27 65 18 0 25 61 74 76 8 0 0 8 0 0 28 0 0 0 9 0 0 0 10 0 0 41 69 34 0 78 0 0 0 7 0 0 45 37 48 0 15 1 0 51 27 0 0 30 24 40 81 76 0 37 0 0 0 34 30 0 86 0 0 0 0 22 0 0 52 37 86 0 0 61 0 25 0 0 16 2 0 0 0 0 25 0 48 25 43 47 12 36 21 0 0 63 0 44 0 0 9 73 0 0 0 63 0 4 0 0 36 62 11 0 8 90 2 94 41 46 0 20 0 1 0 0 12 0 0 32 0 0 0 0 0 0 18 41 24 0 49 0 0 0 0 0 9 0
 0 0 0 3 7 0 23 0 36 85 41 0 65 42 8 0 0 1 0 21 0 0 0 19 30 43 42 0 1 7 0 66 59 53 0 0 0 0 0 0 20 49 2 50 0 25 0 0 46 0 0 40 0 0 84 0 0 15 0 62 4 1 11 51 7 44 56 0 0 0 38 0 8 0 0 0 10 0 23 2 6 0 0 44 0 52 0 0 21 0 17 0 0 2 33 0 20 24 31 0 27 0 0 0 1 0 98 19 55 17 0 4 31 16 0 52 0 0 32 18 0 0 98 48 42 0 56 0 0 0 0 0 60 9 50 16 0 16 23 0 4 0 0 0 0 0 0 43 58 34
 18 16 23 0 0 0 35 9 8 0 0 86 0 4 0 0 28 48 0 0 15 21 9 36 0 0 63 0 0 37 0 31 6 15 18 50 0 46 8 0 4 0 30 0 89 0 14 0 6 0 68 0 27 66 54 0 47 49 52 2 87 2 51 0 0 17 0 0 2 0 0 44 36 0 4 0 13 0 0 0 0 0 6 0 0 19 29 0 53 78 0 9 9 73 5 74 2 0 15 0 57 0 0 0 68 13 0 6 0 8 0 0 35 7 0 0 45 29 0 36 40 0 18 35 38 72 12 23 0 0 0 0 0 64 42 0 50 49 58 33 0 73 0 30 10 33 3 0 64 0
 40 0 39 0 0 2 0 10 21 0 0 15 0 0 0 22 0 0 32 0 0 1 0 92 41 0 0 8 39 83 15 43 12 0 84 0 49 32 0 6 46 40 0 0 42 0 0 25 0 6 0 35 0 0 0 0 2 0 0 6 0 0 10 33 0 50 0 70 0 0 0 26 71 19 32 0 0 0 64 33 0 0 0 0 20 50 51 10 26 0 11 29 40 0 73 0 3 20 0 0 0 31 50 0 0 87 0 17 42 10 7 5 8 6 0 51 77 53 0 63 41 0 0 0 60 85 0 71 0 0 59 12 0 4 0 55 0 0 0 0 0 0 0 62 65 70 0 0 70 39
 0 37 19 18 2 6 0 28 39 54 0 0 33 0 56 48 0 0 5 4 44 25 74 60 0 0 0 0 0 0 0 81 0 0 28 76 0 0 0 12 0 0 0 0 33 25 80 6 0 0 19 0 0 0 37 0 0 28 14 0 14 30 53 0 0 14 0 0 0 12 13 0 0 0 0 0 76 30 19 29 67 41 0 0 85 70 46 58 31 7 0 0 27 23 0 0 0 57 0 48 0 0 36 0 0 40 1 17 23 80 0 33 93 33 0 0 0 38 0 15 20 49 34 0 6 44 0 0 11 0 0 20 0 0 0 0 51 0 0 0 0 0 0 0 0 57 34 18 0 37
 0 21 0 16 0 4 0 0 18 0 21 73 0 63 2 25 87 0 9 59 41 0 13 32 0 51 0 41 0 0 0 21 60 0 0 0 0 69 0 0 0 57 38 29 0 0 0 0 24 71 19 0 0 54 70 24 18 52 52 11 46 0 29 0 0 0 1 53 0 0 16 0 0 0 19 0 0 5 26 39 0 73 0 0 63 64 9 0 0 8 9 0 40 0 0 0 17 0 7 0 0 0 23 38 41 0 11 66 0 71 0 73 21 13 75 0 53 39 19 0 19 19 0 0 0 0 0 33 32 0 23 6 0 0 0 0 52 0 0 35 7 9 0 0 0 12 56 0 0 23
 0 0 0 24 0 0 9 0 0 36 52 0 11 0 0 0 55 0 39 38 11 0 0 0 70 0 83 56 0 0 4 86 36 97 0 0 0 9 89 1 0 43 15 0 0 0 0 0 25 0 0 0 15 0 2 68 0 0 0 0 4 0 22 13 44 70 0 39 53 40 18 0 0 0 0 1 36 3 0 0 69 26 0 41 40 0 35 64 0 0 0 0 0 11 0 59 0 77 76 0 0 0 31 92 0 0 0 17 0 2 57 27 0 14 0 28 5 17 0 0 0 0 44 0 0 19 58 61 0 25 36 42 42 0 0 0 19 0 0 2 2 0 14 0 57 0 43 0 0 0
 58 0 0 1 0 31 0 19 0 0 0 69 47 10 0 44 0 0 0 0 61 55 0 0 21 44 83 5 34 0 0 0 13 14 75 32 0 62 60 43 0 19 0 0 0 0 8 14 24 23 77 35 62 0 0 4 0 0 0 0 18 0 4 0 90 0 0 0 0 16 0 23 0 59 1 0 27 14 9 0 0 0 35 0 0 8 0 48 70 27 22 15 0 39 84 0 0 0 26 5 27 12 47 63 20 50 17 30 0 74 0 79 30 0 32 0 0 34 0 0 76 0 36 68 0 40 4 0 0 0 0 0 83 0 0 28 87 0 0 0 33 0 0 0 0 1 68 7 0 38
 63 0 0 8 0 0 53 23 0 3 16 1 0 0 28 2 0 5 0 0 1 44 0 2 14 17 45 0 4 0 7 0 18 41 0 79 38 57 0 6 5 0 3 0 0 82 54 18 23 0 0 0 0 0 72 0 57 15 14 20 41 0 7 37 27 25 0 4 0 0 0 0 0 0 0 0 0 0 0 49 46 0 0 0 0 0 47 0 30 29 0 0 37 37 5 9 14 38 65 0 3 0 1 3 1 0 5 0 66 68 76 4 0 0 0 45 11 46 39 0 0 24 0 39 45 0 64 8 16 0 0 0 0 0 14 0 47 0 0 0 17 5 13 20 35 0 61 9 0 0
 30 0 0 0 49 0 0 62 12 1 16 22 0 7 21 82 76 62 54 0 79 69 1 69 10 0 43 14 6 43 0 33 26 33 17 0 37 37 0 0 0 51 0 0 56 0 0 0 0 5 18 0 0 0 47 0 14 0 23 20 3 50 0 17 87 46 86 11 24 0 0 26 46 0 0 0 0 7 0 52 0 0 13 0 0 33 83 0 0 0 4 29 0 37 0 18 28 68 55 25 0 8 0 0 0 0 0 17 68 78 28 36 0 30 62 0 0 1 15 38 0 0 71 19 0 0 0 4 0 0 0 0 0 13 0 0 37 0 7 0 38 16 0 0 43 25 11 0 0 36
 45 0 0 0 15 0 11 0 68 46 40 56 0 7 69 0 0 0 57 15 35 0 0 75 0 0 13 1 9 0 0 69 0 0 0 0 0 9 0 0 0 0 6 0 44 0 5 14 0 0 0 0 0 59 34 0 8 16 8 18 31 12 9 0 0 64 0 0 0 0 60 15 0 0 0 49 0 44 8 64 27 0 0 0 0 59 0 43 4 0 25 0 0 2 5 0 0 44 0 16 3 0 0 0 0 0 8 24 11 21 12 0 0 4 13 0 20 0 0 22 0 0 0 59 32 35 19 32 0 75 0 0 37 35 0 8 0 0 73 7 67 0 0 0 19 0 55 23 22 51
 0 25 70 80 0 0 0 38 4 11 12 49 34 43 0 38 22 0 6 57 0 0 25 0 0 38 21 0 37 0 38 12 56 0 0 12 22 14 52 12 1 9 0 0 0 23 0 34 14 3 20 0 0 1 0 35 0 8 28 23 0 0 0 0 0 29 0 0 0 0 0 0 0 0 0 0 0 72 33 48 13 15 0 13 22 0 1 0 40 0 0 20 6 0 14 0 0 84 67 63 0 0 84 75 0 76 31 0 0 0 0 6 0 30 88 12 10 0 0 71 0 0 34 0 0 0 0 0 0 70 0 22 0 0 0 47 0 0 15 0 0 0 0 7 0 0 0 0 66 0
 27 22 0 0 27 50 0 21 63 0 0 51 58 21 67 34 0 60 5 0 0 28 0 65 52 35 0 0 41 14 0 0 84 0 0 0 15 2 0 76 42 0 0 53 0 0 0 3 45 7 1 20 13 0 19 44 8 16 41 46 0 58 49 0 0 0 4 0 0 93 0 0 0 10 0 0 0 48 0 0 0 0 0 0 18 19 14 0 16 0 0 25 92 51 28 53 34 16 21 0 15 1 0 0 0 0 0 0 0 36 0 79 0 82 0 25 0 57 0 3 0 16 26 9 20 0 0 0 51 0 19 68 0 84 28 0 23 13 0 16 18 0 83 23 23 39 0 19 39 0
 0 79 0 0 0 26 0 0 0 0 34 4 0 0 50 0 58 0 0 38 0 0 0 66 14 0 72 0 0 0 0 25 34 3 24 0 83 56 0 0 57 0 62 0 0 14 0 0 59 5 2 0 0 0 0 0 17 0 70 32 0 48 19 43 0 0 51 6 29 56 7 37 0 6 40 0 77 30 0 12 10 0 0 0 0 0 35 11 20 0 30 72 93 49 0 32 0 21 24 0 33 0 6 17 31 0 0 0 0 0 0 0 42 73 0 81 0 0 13 13 0 0 0 28 37 0 0 0 78 18 46 26 54 0 9 0 9 0 0 0 14 2 25 0 0 0 28 28 57 46
 0 0 38 29 0 0 0 22 17 1 35 5 0 0 72 0 0 36 65 0 15 0 12 0 56 76 48 22 0 66 0 10 0 0 0 70 0 35 0 0 42 63 4 33 0 0 3 56 0 86 0 24 2 0 6 0 0 0 41 37 27 65 59 74 81 0 73 0 76 0 4 0 22 5 0 0 0 0 0 2 0 59 81 0 0 0 42 38 0 71 0 0 21 16 0 0 7 20 0 5 0 45 0 63 0 0 0 0 3 0 0 68 0 44 0 4 22 11 0 52 0 31 0 14 0 12 1 55 0 45 0 43 0 20 73 0 0 0 0 19 0 21 13 18 0 0 73 0 0 0
 44 0 0 28 0 0 63 0 0 0 37 2 65 0 11 41 0 0 35 0 0 10 3 85 53 0 0 0 0 0 6 20 0 0 13 0 16 0 9 45 0 0 90 0 0 0 0 0 12 0 29 12 0 0 0 3 50 0 0 0 0 41 0 22 0 0 0 38 28 86 0 0 0 0 0 48 22 25 0 0 16 0 46 0 0 6 59 0 0 54 0 0 0 46 63 58 5 0 43 0 0 17 10 51 86 1 62 0 52 0 0 23 52 12 8 0 0 0 0 49 6 0 0 0 0 21 0 1 48 0 0 0 0 0 5 37 0 37 25 0 13 0 0 0 67 0 30 0 58 0
 0 0 60 0 0 7 0 0 0 28 0 36 32 55 62 0 45 0 71 0 21 0 0 66 48 0 0 0 0 2 25 72 0 12 47 44 61 42 21 0 28 0 20 66 0 0 0 0 1 0 0 0 0 0 0 0 7 57 0 0 0 0 45 59 38 52 0 22 4 14 0 0 52 0 47 82 0 0 0 24 0 0 76 0 0 18 54 76 14 0 9 15 19 48 53 8 8 37 16 0 25 12 43 46 0 0 89 0 0 49 0 0 0 0 3 32 0 0 0 58 47 8 0 0 3 70 0 0 22 0 0 0 0 0 0 32 0 0 18 57 0 0 36 27 52 0 0 0 0 53
 0 79 0 0 0 0 0 69 0 0 15 0 0 0 0 0 52 10 0 0 2 43 0 0 33 0 35 7 75 0 0 0 48 29 41 37 0 0 5 32 11 29 40 85 70 0 7 0 79 57 0 0 0 0 0 0 0 0 0 65 0 12 0 5 0 26 36 0 0 0 5 8 16 22 0 0 0 17 0 1 0 28 64 0 56 2 0 0 42 14 0 54 90 52 0 43 0 16 36 0 67 0 0 0 61 47 0 25 72 10 31 0 0 76 0 26 15 0 0 0 10 25 0 30 27 56 0 0 0 87 0 52 0 13 39 0 45 0 0 0 20 0 69 0 0 0 11 0 0 0
 0 0 0 23 0 0 29 0 8 0 0 48 0 0 0 0 0 0 4 20 0 7 0 85 0 0 0 0 0 24 6 0 92 76 43 0 88 4 0 9 0 18 30 37 34 30 1 0 0 0 24 0 0 0 28 44 79 0 16 0 0 0 24 0 37 43 14 20 30 90 33 6 0 0 19 0 0 36 0 0 62 30 0 24 8 0 57 73 0 0 0 24 0 0 74 0 0 1 0 0 0 30 31 0 0 0 0 51 44 0 0 0 44 52 12 0 0 0 31 0 0 2 0 9 17 0 1 33 0 56 19 0 70 1 20 0 0 0 27 34 0 17 51 0 3 18 21 69 0 0
 83 0 0 55 0 0 0 0 30 0 24 0 58 12 15 15 0 0 16 27 28 0 20 0 17 41 6 0 69 0 4 0 47 10 0 0 6 0 57 58 19 0 47 54 0 0 99 44 66 44 0 0 0 6 22 5 35 0 0 0 0 62 0 85 40 46 0 15 35 0 0 0 16 32 25 93 68 0 6 0 0 0 0 0 20 0 86 0 47 24 43 61 0 73 0 33 0 0 31 0 0 36 0 0 7 33 0 23 0 64 10 0 22 36 0 39 93 4 9 0 41 14 2 3 0 1 0 34 0 0 9 0 19 76 23 7 48 0 29 0 0 5 0 33 44 0 0 0 30 0
 30 56 6 0 48 10 0 0 37 64 55 57 0 0 0 47 29 0 0 0 26 39 65 8 11 0 39 19 96 6 0 0 0 49 0 0 28 0 0 0 17 0 21 31 28 17 0 69 18 0 60 0 0 66 0 2 10 0 0 0 0 48 87 26 1 0 0 0 0 1 1 35 63 0 1 0 0 0 42 20 2 24 2 61 0 0 0 16 5 0 45 0 0 0 11 0 0 0 67 0 30 26 0 25 59 0 0 17 42 0 28 15 11 0 0 10 0 66 0 0 0 10 0 28 39 61 37 16 0 8 65 0 0 0 47 23 0 0 9 0 0 0 0 57 54 0 0 0 0 18
 0 0 5 0 45 75 0 0 8 0 20 74 0 0 35 0 31 60 28 0 24 25 12 0 1 56 14 14 0 0 52 17 0 0 0 0 51 91 0 0 0 74 0 0 0 4 0 0 23 44 0 34 0 0 0 0 73 0 3 23 0 0 38 0 0 62 16 3 11 68 75 21 0 0 0 0 0 13 12 20 54 30 0 0 11 0 1 0 8 33 0 38 89 0 0 0 15 40 91 0 42 53 72 72 16 0 42 12 0 20 0 29 0 0 0 35 68 0 0 0 12 69 0 0 0 0 0 0 0 0 0 0 0 28 11 0 0 0 0 0 0 0 15 0 16 7 0 0 46 37
 0 65 28 0 0 6 34 0 12 0 12 0 27 41 35 40 50 19 0 92 9 0 59 15 0 0 13 0 30 5 0 51 0 0 0 79 0 13 0 0 0 0 42 26 0 22 0 7 0 4 0 10 3 14 13 11 20 0 12 43 0 60 0 0 10 26 69 36 12 0 54 0 10 2 0 0 0 0 0 0 0 0 0 37 0 4 23 19 0 72 28 96 12 19 0 0 63 0 40 0 0 45 11 23 0 23 0 0 12 0 23 24 0 71 0 0 53 8 54 31 0 0 65 10 0 2 67 0 0 55 0 15 0 7 0 21 32 0 41 0 43 0 0 0 0 59 4 62 0 0
 87 20 0 0 72 31 91 27 62 49 25 5 0 22 0 8 41 28 0 32 40 30 0 0 0 0 0 0 54 0 69 0 0 7 0 54 0 52 0 0 0 9 0 42 20 0 4 0 34 23 55 0 0 6 0 4 30 0 30 0 0 0 42 32 92 0 52 31 69 0 0 0 0 0 0 0 0 0 18 1 0 0 33 62 24 25 7 0 46 0 55 0 0 0 41 0 48 58 32 43 19 53 0 0 0 0 0 0 31 0 13 14 7 35 0 27 0 10 88 1 0 8 0 0 37 11 0 85 0 6 0 0 31 0 54 24 0 0 0 0 0 46 0 72 22 0 6 28 0 0
 0 0 12 0 5 35 29 23 13 55 0 55 63 0 11 0 12 0 0 0 50 0 0 49 0 4 12 0 0 16 0 5 15 12 0 42 19 17 28 0 14 0 0 48 80 79 8 8 0 0 9 62 2 23 0 42 12 0 0 8 1 88 84 0 48 0 74 0 14 5 0 0 61 59 56 0 38 0 89 0 0 50 10 0 0 0 57 0 0 10 33 0 0 71 22 0 24 33 20 0 5 0 20 0 47 43 0 0 0 0 36 0 0 0 0 0 71 4 0 0 55 0 0 0 0 10 1 72 23 0 31 0 0 0 12 24 48 0 25 0 0 68 26 84 0 0 22 66 0 0
 0 7 56 0 33 6 3 0 0 0 85 3 42 15 4 0 78 14 32 0 0 33 40 45 43 0 31 0 76 0 74 33 67 0 0 18 14 39 60 0 29 0 37 1 32 60 25 34 32 0 57 0 17 43 48 0 0 0 0 0 2 0 0 0 47 0 0 0 2 0 0 0 9 49 77 6 10 0 67 0 0 0 14 24 0 0 0 0 38 0 39 0 0 48 0 3 0 0 0 0 0 5 0 46 0 66 0 0 8 0 7 0 0 3 27 0 16 0 4 43 0 0 0 0 28 12 0 0 0 0 43 44 0 24 0 25 39 49 90 57 62 14 1 0 0 10 32 85 22 28
 0 13 5 0 0 6 50 0 37 0 57 61 15 35 0 87 1 0 0 23 0 0 0 32 0 21 21 0 45 0 29 35 0 46 4 92 2 0 0 63 35 68 4 71 40 49 0 0 51 0 0 0 0 29 0 57 0 52 40 69 0 23 9 0 0 0 0 53 40 0 0 0 27 0 0 2 0 0 0 93 57 60 0 14 0 0 0 21 24 48 0 0 0 0 50 0 38 0 0 61 35 76 11 0 80 4 28 0 60 8 0 0 9 46 0 0 0 0 0 0 0 0 0 0 0 45 0 81 0 0 78 0 48 65 10 31 63 0 69 0 14 0 0 15 9 10 17 0 7 0
 0 0 0 0 45 2 10 20 0 40 0 81 81 31 0 9 0 31 25 27 0 0 0 8 0 0 70 43 0 0 17 0 0 0 32 0 0 0 58 0 30 0 51 79 36 0 0 40 3 0 32 23 0 24 56 0 33 1 0 41 44 3 13 18 28 40 0 0 23 0 49 0 0 0 0 4 29 0 0 24 0 6 0 0 9 42 0 2 0 55 0 0 0 0 42 49 0 0 0 0 0 26 0 0 38 45 0 15 0 0 0 51 1 0 0 0 0 0 16 80 0 25 25 0 42 0 0 0 2 30 0 46 50 26 0 0 5 15 0 0 45 57 0 0 0 4 60 0 0 67
 77 3 0 40 0 82 28 31 0 0 8 33 0 0 31 49 0 0 24 26 0 0 0 28 49 0 4 0 17 58 42 44 0 0 0 41 18 31 0 0 80 45 0 8 58 0 0 0 72 0 0 0 43 0 36 86 64 0 74 0 6 0 0 5 26 20 2 55 28 31 40 68 0 3 37 0 0 41 14 0 6 23 0 0 18 95 90 52 0 0 0 36 18 11 0 52 0 0 34 0 0 0 38 0 38 30 0 24 0 0 35 25 62 0 54 0 28 0 0 0 64 7 0 17 0 0 0 14 17 0 40 2 17 16 3 32 59 0 13 0 21 0 0 64 0 0 27 78 84 16
 0 0 0 53 47 60 0 7 0 0 49 0 42 26 0 0 0 34 28 0 22 26 0 0 19 88 45 8 36 0 0 28 0 68 48 0 0 0 76 0 0 38 0 0 17 0 0 0 0 0 0 0 38 4 0 0 14 0 0 0 0 42 21 15 50 12 0 0 0 14 0 4 0 45 44 31 0 21 0 84 0 67 15 0 0 9 0 0 0 0 0 4 0 0 1 49 3 0 0 0 0 55 0 8 82 0 40 0 0 2 0 0 5 0 75 50 0 11 0 51 12 34 0 0 0 0 64 17 0 37 52 37 20 1 0 37 32 20 21 45 0 28 37 50 0 0 68 47 0 0
 5 0 0 0 63 0 70 0 12 19 0 27 0 0 43 0 65 82 0 0 0 68 0 9 0 79 0 37 0 0 10 0 0 41 85 0 4 0 0 0 64 0 35 0 10 17 31 57 40 28 76 40 44 0 0 17 31 38 54 0 0 49 74 0 17 3 70 50 28 12 0 0 0 0 45 46 30 0 32 0 0 65 82 0 0 22 59 0 70 0 0 85 0 4 0 0 0 0 34 27 0 7 0 25 0 57 58 44 17 16 21 0 0 0 3 24 55 0 0 25 0 28 0 0 0 18 0 0 0 6 26 0 0 0 0 18 16 22 0 0 24 20 16 0 48 48 0 55 0 0
 14 47 0 63 0 0 1 6 0 3 0 0 0 0 58 0 0 0 0 54 0 0 51 8 62 0 0 13 36 0 7 0 0 49 49 0 0 0 0 0 0 0 11 74 95 0 12 43 0 0 0 4 64 0 93 0 8 0 83 0 0 0 8 14 0 0 0 0 0 0 34 0 0 0 93 0 0 0 0 0 11 9 0 0 0 0 0 0 0 0 0 26 1 0 0 0 20 74 11 21 0 0 0 3 0 0 0 0 98 0 0 0 40 24 12 0 58 69 0 0 0 69 19 43 54 40 0 46 92 0 0 49 43 0 0 11 0 0 52 4 56 0 0 0 54 0 6 61 7 0
 5 62 43 0 0 0 0 72 0 40 36 0 49 0 11 0 32 17 0 77 2 1 0 0 0 65 0 0 0 0 0 64 0 59 56 0 0 0 0 0 0 0 57 8 0 31 55 63 0 0 10 0 34 0 0 11 1 23 11 1 54 16 55 26 0 0 12 13 0 50 0 0 44 0 40 39 0 19 0 64 38 0 21 0 4 0 0 5 0 39 0 76 59 20 0 0 0 19 56 0 10 20 0 0 0 55 5 0 94 57 0 0 0 23 82 0 0 3 25 0 0 63 0 22 56 14 0 41 0 7 36 27 0 0 0 0 5 78 8 0 13 0 57 25 0 42 0 0 24 0
 0 0 21 0 0 17 40 0 0 0 36 0 2 40 0 0 88 26 57 0 0 51 5 10 63 0 47 0 0 0 27 0 0 0 0 0 0 0 43 1 9 0 20 55 75 15 79 51 30 17 22 0 0 53 0 0 11 39 58 0 12 0 0 25 1 2 13 66 17 2 35 69 58 49 0 16 23 0 21 0 19 0 0 0 0 3 0 0 87 36 26 0 0 16 0 58 6 0 0 16 60 0 0 0 55 0 0 0 0 0 0 0 10 0 0 4 0 49 0 19 0 14 0 0 0 48 0 18 59 0 23 0 38 27 17 57 30 0 0 21 29 0 51 0 38 2 4 3 0 16
 0 1 0 74 57 6 0 0 41 0 0 66 0 0 0 58 0 29 14 0 0 0 53 13 18 0 41 24 0 0 27 0 10 13 22 36 0 0 13 0 0 0 0 22 0 40 0 0 26 0 22 0 83 0 0 73 0 0 36 0 25 27 56 38 0 1 0 0 0 0 0 0 53 82 0 0 65 0 70 0 0 5 0 46 0 50 0 0 56 0 0 27 0 0 61 6 0 0 0 7 18 0 46 0 44 8 0 0 0 62 0 0 56 45 0 42 7 36 0 94 71 0 0 0 0 0 0 22 0 19 0 0 3 31 0 0 0 57 20 0 0 0 79 67 80 0 63 0 0 87
 0 22 0 0 31 55 0 0 0 0 26 73 71 0 0 0 0 85 0 28 0 0 0 81 37 0 0 0 0 0 0 0 0 0 0 0 16 0 57 0 0 0 24 0 68 0 63 0 0 30 0 0 38 0 0 54 0 0 0 0 13 0 98 0 10 0 24 34 0 40 32 0 0 0 27 43 0 0 0 56 0 26 1 0 81 3 0 36 18 0 0 0 0 0 4 15 0 0 0 0 0 0 0 0 0 0 0 31 20 0 0 0 23 0 65 0 0 0 0 4 75 22 23 47 68 44 0 61 23 0 0 30 23 0 54 0 56 14 0 0 0 5 42 66 0 0 0 62 74 40
 0 6 0 53 1 0 80 0 7 0 0 21 52 0 0 0 0 90 0 20 62 0 1 60 0 66 5 0 0 26 0 86 32 0 55 0 0 54 61 14 0 0 0 0 0 42 0 0 44 82 0 15 68 31 0 0 0 7 0 0 0 0 46 37 24 0 0 0 0 0 0 0 19 1 36 0 29 0 19 0 22 0 0 0 0 30 95 0 7 43 0 36 0 78 0 0 46 0 0 0 49 0 37 35 0 62 7 45 16 12 5 16 0 0 0 84 0 50 3 0 0 11 0 0 0 0 0 2 49 0 0 36 0 55 0 0 0 10 17 0 0 0 25 0 63 0 0 0 0 0
 0 1 0 58 0 44 0 5 69 0 27 21 28 27 0 0 5 0 53 42 0 15 0 22 0 2 0 0 0 49 41 14 4 0 0 0 0 47 49 10 14 0 31 0 42 0 0 0 9 0 0 0 0 49 0 0 0 0 96 68 0 32 0 0 80 0 0 0 7 76 0 0 9 0 0 0 0 0 0 18 45 37 4 22 0 0 0 0 16 0 0 0 51 0 37 48 0 0 0 49 9 3 0 72 7 19 0 0 0 0 8 49 0 0 0 50 18 13 37 21 0 0 0 0 86 81 10 41 59 0 80 0 0 72 50 0 0 4 0 21 31 9 0 0 0 31 0 0 2 0
 0 0 0 0 0 24 46 41 0 32 51 10 0 0 0 0 4 0 14 53 0 15 14 0 0 35 25 16 0 0 0 0 30 0 13 0 0 0 0 27 30 60 76 0 0 0 0 16 0 0 52 34 39 34 0 0 0 0 58 51 0 0 28 10 9 65 12 0 0 11 15 6 7 0 0 0 0 6 0 28 0 0 0 27 1 80 0 0 85 90 0 0 27 19 8 0 0 0 0 28 70 0 0 15 42 4 0 0 1 58 91 0 4 30 42 21 0 60 0 50 11 35 7 5 32 0 74 12 0 0 4 0 42 0 62 0 56 0 0 0 0 58 86 0 35 34 0 0 0 36
 58 46 6 22 0 0 0 0 4 36 0 25 2 0 0 17 0 6 0 31 12 64 0 42 12 0 33 11 0 49 12 7 0 3 57 61 0 49 15 0 0 0 30 33 0 0 72 64 0 0 0 0 0 64 21 0 0 0 30 0 0 47 0 5 36 0 52 0 0 5 18 56 0 51 41 5 0 0 0 66 0 15 52 0 0 0 7 4 0 59 0 36 57 0 18 0 47 0 0 56 10 29 0 48 0 0 81 0 12 18 38 0 42 0 13 0 0 0 66 23 28 22 0 6 16 0 24 0 55 49 0 0 68 0 0 9 0 23 0 0 0 0 51 0 0 0 0 47 0 23
 0 2 19 5 46 0 31 0 0 53 0 29 15 77 0 0 35 0 6 0 3 32 24 45 0 0 56 0 60 28 0 12 0 0 45 0 0 1 53 66 0 33 0 0 9 0 0 28 0 0 0 34 71 0 75 0 82 0 12 0 0 23 0 13 35 56 61 33 0 0 0 31 0 9 0 15 67 58 50 0 0 53 0 2 39 0 0 37 0 0 6 0 45 0 0 38 25 0 0 0 7 57 0 0 0 0 0 0 85 0 0 0 10 15 0 0 0 13 0 31 10 14 21 0 0 44 12 4 30 61 55 0 0 0 0 51 0 24 47 0 0 0 0 48 0 76 27 0 0 0
 7 21 0 19 74 0 2 54 0 0 0 0 11 0 40 13 0 0 0 28 0 0 50 0 0 0 49 50 4 0 41 72 22 0 53 71 0 36 41 20 0 0 0 0 0 0 0 61 0 0 0 0 0 0 0 0 49 0 19 59 0 47 41 87 0 31 6 2 20 0 0 18 79 0 18 33 74 0 0 56 0 0 0 0 0 65 0 7 60 53 0 0 0 56 6 0 0 0 12 0 0 50 0 0 0 21 0 0 14 34 0 0 62 39 0 0 6 0 14 7 0 0 32 0 0 0 53 3 0 16 48 0 28 0 20 22 38 0 33 14 26 0 54 27 0 0 10 0 0 15
 31 0 0 0 28 23 23 53 70 0 0 0 0 0 0 0 3 49 0 0 0 15 0 6 0 0 75 22 12 23 9 0 82 0 0 4 73 28 33 0 0 17 0 0 21 0 11 0 0 12 46 0 63 57 21 0 0 0 24 0 0 8 0 35 0 0 0 36 47 74 0 19 0 42 0 0 49 76 11 0 41 67 12 0 7 42 0 0 0 0 0 0 0 0 0 18 31 0 0 0 0 41 0 19 66 0 0 4 0 2 0 0 40 0 0 42 30 0 0 54 78 0 6 0 0 0 20 36 0 37 0 2 0 31 0 0 0 10 0 0 52 17 0 0 0 0 31 34 40 0
 5 66 40 9 27 0 0 0 0 1 0 0 0 0 10 51 0 0 7 0 0 0 6 39 16 38 0 0 0 20 1 0 0 0 35 24 74 0 46 69 0 0 11 2 0 0 45 0 0 0 10 82 71 81 0 0 18 17 0 22 0 80 0 23 18 0 0 74 32 14 62 0 0 44 11 7 0 24 1 0 7 14 15 0 0 3 0 0 0 0 0 0 0 28 53 0 37 0 8 44 33 7 0 16 0 0 1 37 0 0 6 68 0 30 18 25 0 33 27 0 5 68 0 40 16 22 0 0 0 33 0 80 23 0 58 0 30 7 0 0 24 0 0 17 14 14 0 37 0 50
 0 21 0 0 48 0 0 4 51 0 9 4 0 57 0 0 0 8 0 24 0 36 0 0 0 6 40 0 64 0 0 45 13 18 0 7 0 0 65 24 0 4 13 95 0 0 71 0 0 77 32 7 8 10 52 0 0 39 44 62 0 35 6 21 56 0 0 0 0 0 7 39 0 0 48 6 3 0 55 0 0 42 24 31 6 0 39 0 42 52 60 0 19 0 0 64 0 0 95 0 97 0 0 0 42 0 49 0 0 0 19 0 0 29 0 0 0 0 0 0 70 19 0 52 39 86 0 31 60 73 0 0 52 54 0 0 0 0 0 0 0 8 0 0 10 0 65 0 37 0
 20 0 0 80 51 0 5 10 0 0 27 65 0 45 15 0 0 0 0 31 0 0 0 23 0 0 14 0 0 0 0 51 9 66 45 36 0 35 50 58 11 0 13 0 0 68 0 0 34 0 44 0 0 0 9 52 11 31 34 0 0 0 2 0 0 0 11 39 0 80 12 48 90 67 0 0 20 13 4 72 7 0 12 38 57 0 0 0 5 0 0 49 0 11 0 13 35 0 0 29 22 0 2 25 0 0 8 46 0 20 26 0 22 7 0 0 75 23 9 20 0 0 0 58 0 59 0 46 28 0 6 0 11 9 17 18 0 0 32 16 68 3 0 0 49 56 0 0 47 0
 0 0 0 92 75 0 19 0 32 13 0 66 27 48 36 0 3 0 58 72 0 0 21 0 0 0 0 48 64 49 0 51 40 57 0 10 9 12 9 0 0 0 0 7 0 2 0 70 48 0 13 0 0 75 33 0 0 36 14 26 0 0 55 0 16 32 0 0 20 0 0 13 0 86 0 16 94 0 0 9 0 47 50 83 51 43 16 0 22 0 62 0 0 0 9 0 3 0 50 80 0 0 0 0 0 56 55 1 22 42 0 13 12 20 1 7 9 0 0 54 0 14 0 36 0 0 2 80 29 47 4 0 0 0 0 13 0 55 0 0 65 0 37 21 0 0 64 27 55 7
 0 35 44 0 0 4 3 53 16 50 29 0 0 16 0 71 0 0 58 3 45 22 15 32 51 31 0 21 79 0 0 3 0 33 0 82 18 2 41 37 0 18 17 0 6 0 0 0 35 5 13 0 0 45 61 0 0 0 0 0 21 36 0 0 77 86 0 52 0 53 0 0 69 48 66 15 0 57 0 35 0 0 0 23 0 4 0 0 0 0 1 16 44 0 25 0 0 22 38 0 19 0 25 0 2 23 0 0 0 0 23 0 37 0 23 49 0 21 0 0 28 55 1 0 36 88 15 0 0 39 31 60 0 70 29 25 38 0 0 0 10 24 0 43 51 0 7 0 0 0
 0 6 0 0 0 0 0 23 0 1 15 0 0 0 0 0 0 0 0 42 0 35 27 0 0 0 0 0 70 2 37 21 55 0 59 13 37 0 32 10 28 44 0 0 15 73 0 19 31 43 65 19 0 0 0 65 0 0 38 0 0 50 0 29 28 32 0 0 0 29 0 0 63 0 0 8 50 0 64 0 40 0 2 4 0 28 43 0 0 30 0 0 0 0 30 65 0 0 0 38 0 57 14 0 22 30 0 18 0 0 0 0 0 0 24 1 15 41 74 29 8 0 0 2 35 0 0 47 71 47 0 24 18 34 0 0 0 40 30 44 7 0 38 0 0 72 80 0 43 25
 13 45 40 0 63 0 13 90 73 0 0 11 20 0 46 24 0 0 14 16 0 0 71 0 9 14 56 11 0 0 62 0 20 0 0 45 12 44 52 38 0 12 0 29 6 4 0 35 29 32 25 0 0 26 0 13 65 0 7 17 0 0 25 0 2 42 20 0 0 0 27 0 0 0 9 0 8 0 0 4 36 0 0 0 0 17 14 89 0 36 44 0 0 0 1 56 46 0 70 5 0 15 0 0 62 49 0 0 16 32 66 0 0 20 0 45 6 0 46 9 0 98 0 13 0 0 0 12 0 0 17 51 35 0 0 0 0 0 14 39 58 0 23 0 0 0 16 0 86 22
 0 0 41 0 0 44 0 49 33 34 40 0 64 8 26 10 22 23 0 45 0 0 0 0 0 0 37 0 30 52 42 0 0 0 0 8 0 0 0 0 0 39 0 56 0 0 7 50 0 17 12 9 36 27 51 0 0 44 9 0 39 19 66 48 93 0 69 0 83 0 0 31 0 11 0 1 37 81 0 0 0 26 0 0 0 0 0 33 0 0 39 8 44 0 45 18 0 12 42 0 29 8 55 0 0 7 3 0 11 0 41 0 68 0 30 0 0 0 0 4 55 0 5 37 1 0 0 0 0 0 10 22 0 4 55 54 24 0 35 42 0 13 0 59 24 0 0 0 9 0
 47 0 56 32 58 0 0 0 42 25 16 4 15 9 0 11 19 3 0 0 0 8 0 0 0 19 0 22 0 17 0 0 0 18 0 8 63 0 0 24 26 20 44 39 60 45 0 0 0 5 0 0 0 58 34 0 7 0 28 52 0 0 31 0 81 19 22 0 83 0 0 0 0 52 64 0 2 36 34 0 24 40 0 18 57 1 0 0 0 0 91 0 0 0 0 15 0 0 12 15 6 0 25 0 16 0 68 51 0 61 0 0 0 0 45 0 0 0 0 0 35 0 0 37 7 0 0 0 23 7 4 30 0 0 0 28 0 33 0 15 8 0 39 0 1 0 0 0 14 0
 0 2 37 94 27 39 15 45 15 27 29 68 19 0 52 0 0 0 0 0 0 1 0 19 61 32 10 11 0 10 0 0 0 85 63 0 0 0 0 75 0 0 18 0 0 51 57 0 0 65 0 55 59 0 0 47 0 39 4 0 17 37 0 23 0 0 0 14 0 41 71 13 0 0 0 48 0 21 43 57 0 0 0 7 22 0 13 0 20 19 0 61 1 0 0 0 0 2 0 3 42 17 0 0 0 10 22 0 0 6 0 79 43 0 21 31 0 0 38 61 10 0 23 78 0 0 0 0 48 0 0 0 18 0 16 35 67 0 22 0 0 0 8 0 0 0 0 29 0 0
 0 0 20 72 0 40 0 0 0 0 11 0 0 13 41 56 0 74 11 18 53 7 87 29 58 0 0 0 0 28 27 0 1 0 59 0 10 0 0 3 0 55 0 5 9 0 18 0 0 33 52 22 3 0 59 0 3 2 0 0 0 22 48 0 0 1 46 24 4 0 0 14 0 63 49 0 0 36 0 2 62 0 0 16 0 0 4 0 0 27 11 32 0 0 0 33 39 37 0 0 76 55 95 18 0 15 8 0 0 0 58 0 0 49 21 0 0 34 0 0 0 16 47 41 0 0 34 14 0 68 42 76 36 88 0 0 0 0 0 22 0 0 0 0 0 5 14 0 33 62
 0 47 2 0 0 28 35 3 0 6 0 37 51 68 0 0 0 0 0 0 34 61 0 37 0 0 50 0 2 84 27 0 0 0 46 46 15 20 0 35 37 0 34 24 0 0 14 0 0 10 79 0 68 0 0 0 0 0 0 10 42 0 0 32 0 47 0 0 48 0 0 0 25 0 21 43 33 0 0 55 6 47 39 23 0 80 0 41 0 0 0 0 0 5 0 0 54 0 0 5 35 91 36 0 22 0 0 23 39 0 72 0 13 2 0 0 73 14 0 53 0 30 0 1 0 0 0 0 3 0 0 66 0 33 0 0 45 0 26 0 0 74 41 0 0 0 0 43 8 43
 0 48 74 0 0 0 0 0 0 0 23 0 0 0 0 28 0 0 0 85 12 43 0 0 35 34 4 21 35 0 46 50 55 37 0 64 0 35 9 34 73 0 0 0 0 19 53 0 50 28 0 0 0 34 60 37 0 0 46 0 41 34 0 0 0 75 0 83 42 0 0 0 0 0 13 0 63 17 27 26 94 0 19 0 0 62 0 50 68 31 71 2 23 0 0 49 0 67 0 0 51 0 29 4 33 0 3 32 0 0 12 24 0 0 15 0 30 51 40 0 0 0 57 0 0 31 0 0 0 0 41 17 8 1 0 71 57 0 79 37 0 0 0 0 0 23 0 53 0 2
 5 14 1 0 54 0 73 22 0 30 68 0 0 0 22 71 0 0 15 32 0 48 40 25 0 20 0 6 0 39 57 0 53 0 23 24 13 5 0 4 11 85 55 76 12 0 14 0 67 0 0 86 0 0 20 8 79 6 54 9 21 0 2 9 0 0 16 0 42 29 41 0 0 0 0 0 61 10 0 0 0 0 33 42 55 30 0 5 0 38 8 0 57 20 0 15 0 46 0 0 15 0 48 0 0 0 0 0 79 0 0 0 12 24 10 0 15 0 0 0 0 0 35 0 0 0 15 0 0 50 9 0 13 5 23 26 0 15 27 14 0 0 0 63 0 21 0 0 61 0
 0 0 61 0 0 37 0 25 28 0 0 2 0 0 0 37 31 62 0 97 0 0 9 0 48 45 17 36 0 1 0 0 0 0 4 30 7 92 0 0 60 21 11 36 0 0 0 12 0 34 0 39 13 28 0 0 13 4 2 0 19 19 0 4 89 0 11 0 35 0 89 0 0 0 48 75 33 28 0 0 34 17 66 0 88 0 0 0 34 0 33 18 0 84 0 13 48 0 35 0 0 0 0 48 49 44 3 0 0 0 68 0 0 82 0 33 0 87 0 40 15 18 0 0 0 0 0 0 35 0 38 0 0 50 0 0 81 6 0 0 18 0 0 49 11 27 0 18 0 71
 0 40 0 8 0 24 0 0 16 0 0 0 0 76 5 0 55 41 0 36 54 6 0 3 54 59 0 84 0 0 0 0 0 31 0 13 0 0 22 0 66 13 0 0 0 17 34 4 48 0 0 45 0 7 0 0 0 0 4 8 0 0 0 0 63 0 51 1 0 0 0 4 31 0 0 0 0 77 0 10 53 0 0 0 0 42 13 0 0 15 0 0 0 0 32 2 0 46 0 40 8 29 0 16 0 0 26 88 0 25 0 0 17 0 21 0 18 51 37 57 31 0 66 18 0 0 31 0 3 0 5 0 73 23 0 47 0 12 51 0 0 89 81 19 0 33 14 58 0 0
 0 0 0 40 0 77 0 56 21 0 62 0 9 51 0 0 8 70 64 1 0 0 0 0 8 0 19 0 35 0 0 0 0 0 45 0 0 15 0 0 0 0 0 0 63 0 0 70 0 0 0 0 19 51 62 0 4 0 57 39 22 64 18 0 5 41 0 21 68 22 33 0 66 0 48 0 0 11 36 0 0 7 39 2 4 0 88 61 2 47 82 0 0 33 0 10 0 21 28 89 19 0 65 0 45 24 0 2 29 51 0 7 0 21 0 87 15 0 0 0 0 0 0 9 0 21 0 0 0 47 0 47 0 31 0 0 62 0 0 55 20 0 0 25 0 0 32 0 0 0
 0 0 29 0 0 0 72 56 0 0 0 13 20 21 51 0 0 0 0 35 32 0 0 41 36 0 0 45 29 15 0 0 50 0 0 19 20 0 16 42 0 0 33 0 73 0 53 0 13 0 66 14 9 0 0 0 14 3 29 0 51 64 0 56 75 1 0 0 0 61 2 32 12 20 59 1 0 0 46 49 10 0 0 0 49 69 0 57 7 55 30 0 0 0 11 25 0 14 0 0 57 0 0 52 24 43 0 0 0 0 25 0 40 40 0 0 0 14 65 2 0 72 0 0 0 36 7 30 0 5 2 0 34 37 0 25 0 82 18 89 4 2 0 67 35 0 68 0 45 0
 59 0 0 0 0 0 57 17 0 0 0 36 34 57 39 0 8 0 28 9 0 0 0 48 0 0 29 0 0 0 0 0 38 18 0 0 13 0 0 0 0 53 7 0 0 67 0 0 0 49 0 82 0 0 32 22 29 0 51 32 0 0 0 0 0 0 51 12 0 10 4 0 0 0 13 51 0 38 22 0 51 18 0 37 0 56 0 0 40 36 0 0 0 0 0 64 33 0 40 67 0 0 0 0 0 0 33 0 0 0 0 12 0 45 65 0 0 0 0 0 0 80 0 0 0 3 52 0 0 0 0 25 9 0 0 76 77 0 41 0 0 3 13 43 0 0 32 0 0 3
 45 0 14 0 91 13 0 14 75 52 0 0 0 0 37 0 0 0 2 37 20 0 0 28 0 0 41 0 76 0 44 0 0 28 0 0 42 40 23 92 23 0 0 57 0 24 0 74 0 0 24 0 9 0 0 6 4 1 20 0 0 11 45 0 5 0 0 42 0 26 58 0 27 18 2 0 0 1 48 0 0 54 0 0 15 0 0 0 0 50 9 1 0 7 0 78 18 18 81 0 0 20 63 68 0 0 51 0 0 87 0 0 0 29 0 86 53 20 3 0 31 0 0 5 0 74 0 47 81 0 19 22 78 0 22 83 0 0 24 0 0 1 0 0 9 28 0 57 0 12
 5 0 5 0 0 0 24 19 0 0 47 2 66 17 66 0 48 0 3 23 0 0 0 25 23 0 16 0 0 4 0 33 0 60 0 72 0 0 23 12 0 68 27 0 37 85 0 0 37 0 0 0 0 16 47 50 51 29 23 6 0 32 27 80 49 36 59 0 20 1 9 0 26 0 0 46 0 0 0 64 0 22 0 0 0 10 0 0 50 0 22 0 42 65 0 69 0 76 20 27 37 0 46 34 0 37 34 9 62 60 0 50 0 15 0 3 10 0 0 0 0 3 0 0 0 32 0 0 0 0 63 25 0 0 9 0 7 41 0 24 25 0 0 0 0 66 0 22 0 27
 0 15 10 0 0 43 0 0 18 0 38 0 0 50 69 0 24 82 0 24 0 0 0 8 0 13 0 0 0 0 0 26 89 28 0 31 0 34 0 0 0 8 89 0 0 0 0 12 0 0 64 54 40 27 15 0 0 0 0 0 41 0 14 0 98 17 0 48 26 24 48 65 0 67 0 2 79 0 33 0 0 24 0 15 0 3 4 64 36 0 34 86 92 6 26 39 53 28 0 0 0 92 27 0 0 0 0 0 13 9 57 80 62 0 18 52 0 17 46 0 0 0 0 0 18 0 17 0 0 0 0 0 0 62 17 0 56 0 10 12 42 22 0 79 71 0 38 0 0 59
 33 39 0 0 2 0 3 2 2 0 36 0 19 28 0 0 26 3 0 0 0 0 66 0 50 0 0 0 11 0 0 0 0 23 3 0 41 21 0 0 0 0 7 0 0 41 26 42 0 0 24 9 24 82 14 0 30 25 0 0 88 4 26 15 0 0 0 0 33 16 47 0 38 24 0 6 9 0 68 0 40 48 0 0 1 32 10 4 0 35 0 0 95 0 21 40 0 13 0 29 41 17 54 0 0 0 0 23 0 46 4 0 1 14 83 0 0 22 64 48 0 27 0 38 0 0 8 84 0 0 30 17 37 0 7 0 4 68 55 0 0 18 0 33 0 0 75 0 7 0
 34 27 23 19 0 0 28 49 8 58 69 0 20 0 17 65 72 17 0 0 13 14 0 4 4 14 0 0 0 0 61 0 1 0 0 0 0 0 27 0 0 0 0 0 0 12 0 11 43 0 86 0 0 25 55 0 36 0 50 0 0 59 57 0 42 0 31 15 0 22 0 12 0 12 2 15 24 70 37 77 58 0 68 0 0 17 0 49 94 0 0 0 52 54 21 0 24 0 0 26 23 0 52 5 0 0 0 79 32 38 0 0 9 16 76 0 53 16 0 0 0 13 0 0 0 4 53 0 50 0 0 70 0 19 0 0 77 0 0 34 0 75 0 0 51 0 19 0 15 43
 87 10 0 20 0 9 21 0 0 0 0 0 15 0 0 21 0 0 16 0 0 0 41 0 18 0 0 0 0 0 0 44 29 29 0 0 0 0 0 0 38 12 0 0 29 0 40 0 21 5 0 0 32 0 0 47 0 41 1 30 9 0 0 66 0 0 0 4 0 17 0 32 63 0 0 0 0 0 28 11 49 30 63 4 51 0 1 0 3 45 31 0 0 0 46 8 25 51 95 0 26 0 0 0 0 0 85 61 66 0 0 12 0 0 27 3 0 28 0 61 0 12 18 29 0 0 0 0 0 0 20 36 91 15 7 46 63 23 0 0 0 0 33 17 0 8 65 0 0 23
 0 0 0 0 0 26 26 5 82 0 0 0 86 67 4 6 0 29 68 24 89 74 2 30 0 65 0 7 0 0 23 70 38 0 11 0 0 29 34 0 0 72 0 0 0 62 0 65 1 31 87 7 0 9 0 0 0 49 51 29 0 0 0 84 0 6 54 0 57 0 88 0 0 16 82 0 0 0 0 54 0 40 0 0 0 0 0 0 0 0 0 0 0 16 0 51 0 36 0 0 0 0 79 11 52 0 0 88 13 0 54 0 0 0 74 0 1 0 0 0 23 0 0 22 74 8 0 12 0 77 0 0 45 0 17 0 33 0 0 73 0 0 0 62 0 0 0 0 14 10
 0 17 0 24 0 36 34 0 42 10 0 0 0 20 51 0 51 0 0 0 82 23 68 65 0 10 0 85 0 0 0 24 0 21 46 0 0 51 7 0 50 0 0 0 34 66 31 2 0 0 0 0 62 0 40 1 0 66 0 40 0 13 25 0 4 86 0 0 13 0 0 75 0 0 54 0 0 10 91 57 0 0 12 17 0 47 31 30 0 0 27 0 78 0 0 53 95 26 0 14 1 0 17 49 23 0 0 0 0 0 44 0 0 56 0 0 21 0 0 0 0 0 0 39 0 56 0 0 19 34 3 64 0 0 2 0 0 0 0 49 87 0 0 32 18 24 82 70 11 77
 20 15 42 60 0 0 60 8 37 0 52 0 0 18 78 45 0 76 18 11 61 32 31 34 77 0 0 0 0 22 0 0 42 0 74 0 0 0 0 0 0 0 58 0 0 0 70 23 0 12 0 0 57 26 50 71 13 12 0 0 15 36 81 51 47 10 61 10 34 0 11 26 51 25 0 18 22 0 61 0 0 15 0 0 11 0 0 0 19 0 0 0 0 18 0 0 0 2 40 27 0 30 0 0 0 0 17 0 15 13 0 46 0 0 0 0 0 0 27 41 0 34 0 86 0 24 34 42 0 42 0 0 0 0 10 11 0 19 0 26 0 0 51 21 32 55 0 69 21 4
 6 29 0 0 0 0 7 0 0 6 49 45 41 6 71 92 18 15 0 27 82 0 38 0 0 0 0 35 0 0 48 30 0 0 0 0 0 61 0 0 0 3 0 0 0 59 0 0 0 0 0 0 23 60 11 0 3 0 0 0 33 29 62 27 59 9 29 19 0 84 0 0 2 0 0 16 0 0 0 11 33 25 20 29 0 40 0 75 0 0 0 39 67 3 0 58 20 0 69 0 56 52 0 15 34 14 73 0 0 0 0 40 0 0 0 44 72 0 6 55 78 16 48 1 0 55 0 29 24 49 19 0 22 0 0 25 0 12 0 77 2 26 13 48 0 0 61 48 64 0
 38 58 0 0 0 0 0 68 0 38 24 87 0 53 25 50 33 18 50 29 0 26 0 0 0 48 0 0 18 42 19 0 11 72 0 59 0 0 0 11 6 0 8 13 13 13 37 6 86 24 0 35 36 0 14 19 56 0 0 9 0 0 85 56 0 0 0 23 42 15 0 50 0 0 36 0 0 6 0 0 19 0 30 2 0 0 0 64 0 53 0 12 0 0 96 11 0 0 60 59 35 47 24 0 0 31 0 5 76 0 63 0 48 0 42 0 4 0 65 0 0 28 29 22 0 5 0 0 50 55 0 0 0 5 0 0 0 2 17 86 0 15 0 29 0 0 0 0 0 53
 0 0 14 60 0 49 41 0 7 0 21 0 0 34 12 47 0 24 0 81 8 0 0 32 5 10 0 6 0 0 69 61 35 15 0 0 25 0 48 0 0 59 10 0 0 40 31 0 0 29 0 0 37 0 4 12 19 46 6 0 0 0 7 0 0 0 0 0 43 12 0 0 0 8 0 42 17 0 0 0 0 0 0 0 51 0 0 0 56 52 0 0 0 0 0 43 0 30 0 0 33 0 29 0 0 13 0 15 72 50 0 41 0 41 0 0 67 0 25 0 0 0 0 7 15 0 11 0 50 33 18 0 9 11 20 23 0 0 47 0 33 0 0 0 27 0 23 1 0 15
 41 0 9 7 38 15 87 56 21 67 0 0 17 0 0 57 14 39 20 0 32 50 0 14 6 76 0 16 72 30 0 9 10 27 0 12 0 47 4 0 11 0 0 0 51 0 0 0 0 0 0 46 0 0 0 76 0 0 27 0 34 11 15 9 0 18 0 0 0 0 0 40 23 80 7 0 0 0 5 0 0 0 11 14 27 0 47 86 55 0 10 0 0 19 70 33 48 0 0 0 35 61 0 13 48 23 0 0 0 0 0 0 0 24 0 38 0 0 30 0 0 12 0 38 6 1 0 68 0 0 0 0 0 0 0 31 44 0 5 47 0 0 0 0 0 0 0 0 46 0
 0 0 9 0 31 14 0 81 33 0 59 0 7 10 0 22 0 12 87 0 3 52 69 38 0 0 46 0 68 38 0 0 0 0 0 0 80 17 0 3 0 31 0 0 39 0 8 39 0 0 45 0 2 0 5 0 11 64 13 46 23 0 4 0 19 41 76 17 22 25 22 4 0 22 0 0 11 0 0 15 0 0 0 0 13 25 0 41 12 0 0 0 0 0 37 0 0 4 13 0 0 17 14 0 1 64 9 18 0 55 0 0 24 25 0 0 44 5 0 0 55 0 6 0 0 0 7 0 43 9 49 38 50 0 24 39 0 12 77 0 0 0 41 0 0 32 26 8 76 0
 22 0 0 0 0 0 43 0 0 0 0 3 0 0 0 0 0 32 0 0 66 0 43 0 57 5 21 0 46 70 31 64 0 0 0 0 1 8 0 12 0 0 0 0 25 49 70 0 0 0 9 84 0 1 49 57 0 0 0 2 68 2 3 0 0 0 0 1 68 0 0 52 0 52 77 48 70 55 27 28 0 10 0 48 0 0 5 0 6 0 0 13 57 0 13 0 0 27 0 16 31 0 22 28 12 0 93 51 41 0 80 0 0 69 34 17 18 0 0 14 23 47 7 43 51 0 0 20 0 0 4 0 34 0 25 51 43 0 74 0 12 37 0 31 0 68 56 0 33 0
 0 0 11 41 3 0 39 53 0 16 0 0 0 0 0 50 0 42 0 63 0 0 83 0 0 20 9 21 0 0 44 62 0 5 0 0 10 31 41 20 0 1 0 34 0 40 0 0 0 3 5 0 26 0 0 0 0 44 20 2 0 0 5 36 0 0 48 21 4 0 39 0 35 34 0 0 0 20 0 59 52 0 0 11 0 16 0 0 24 37 46 23 2 3 15 0 0 26 0 63 41 0 0 0 24 66 0 32 0 0 30 0 13 0 47 10 0 0 4 0 0 0 8 44 11 68 32 7 43 0 4 0 0 41 46 0 0 70 7 0 0 10 9 81 37 6 65 13 0 0
 11 76 92 70 13 44 15 0 32 0 52 77 0 9 14 17 0 37 0 0 0 42 54 6 0 0 53 12 1 0 0 0 88 33 0 6 80 71 0 20 80 64 0 69 0 96 0 82 47 0 44 0 0 0 0 0 24 0 60 0 75 0 66 0 0 0 35 40 0 60 87 35 10 0 0 0 0 0 48 0 0 43 11 7 0 41 0 0 67 52 0 55 30 39 54 45 49 71 0 0 0 0 0 15 0 55 15 29 69 0 46 68 39 16 15 30 9 0 44 0 25 7 0 0 14 0 42 6 23 36 0 0 52 11 1 40 0 0 0 35 0 0 60 0 68 4 50 0 0 0
 0 33 3 35 0 33 0 0 7 0 0 14 35 29 29 11 40 0 23 0 60 0 0 81 29 0 25 2 0 56 8 0 0 49 0 0 62 0 0 2 21 71 0 0 51 47 12 56 0 18 50 50 63 0 7 48 0 0 10 0 23 5 28 0 24 24 0 18 36 60 0 0 0 0 75 3 3 0 0 0 0 42 0 45 0 0 16 53 0 0 0 39 23 1 0 12 28 0 0 39 13 20 0 0 49 0 28 0 0 53 67 75 35 35 50 0 0 0 69 0 0 0 22 55 0 38 0 0 77 0 0 25 0 59 73 9 0 0 26 60 0 0 0 0 0 17 0 5 0 51
 17 0 47 28 46 0 48 0 0 0 0 0 41 0 0 21 0 0 60 30 14 0 5 6 0 0 0 0 0 0 0 0 0 0 0 11 0 0 8 28 31 22 75 0 0 0 0 0 0 6 8 11 48 12 0 0 42 0 31 4 33 30 0 0 35 21 3 14 42 0 0 0 0 0 17 0 90 50 0 17 46 0 0 40 15 0 0 10 38 19 0 46 0 0 0 0 18 52 31 0 0 17 0 0 0 0 0 38 0 0 0 0 0 7 0 56 0 23 0 17 48 0 38 54 0 0 0 0 0 8 0 0 85 5 0 0 0 0 34 52 78 3 30 23 26 0 0 0 18 0
 0 0 26 2 20 0 0 0 41 14 0 0 37 0 40 0 0 0 0 0 25 10 0 0 0 25 14 39 0 67 0 0 34 3 9 0 0 0 6 58 19 0 0 66 0 0 77 0 41 0 0 56 0 0 33 14 75 0 0 0 19 4 0 0 34 0 0 0 0 12 43 8 22 0 46 25 0 0 48 52 13 0 53 0 5 30 0 72 8 30 0 0 4 0 0 0 16 0 36 0 0 63 5 0 65 0 86 29 31 0 0 0 0 33 0 66 18 0 15 11 9 75 42 0 31 27 79 0 36 0 0 0 51 79 0 31 0 0 0 0 13 16 0 0 0 0 17 63 9 57
 0 10 31 83 37 11 0 0 0 0 0 0 26 12 0 0 0 0 75 0 0 0 63 0 68 48 0 0 0 0 0 0 0 0 0 0 0 0 6 0 41 1 0 0 0 8 0 25 0 26 29 70 17 0 24 41 0 0 12 0 10 0 7 0 15 0 0 39 0 0 60 20 0 0 61 46 0 26 0 0 11 22 12 32 3 0 0 21 14 0 0 0 0 0 25 56 21 0 43 13 0 1 0 20 36 76 0 31 30 75 0 0 0 19 32 0 24 68 29 0 29 0 68 53 60 0 16 0 56 41 9 8 0 78 0 0 14 56 0 0 6 0 28 0 33 0 0 1 3 0
 31 0 29 0 0 0 0 0 12 0 0 0 0 42 0 20 29 0 41 21 0 0 0 60 0 61 76 37 56 34 0 6 7 0 15 0 0 0 82 9 31 12 1 75 0 43 0 0 15 0 0 0 0 74 56 0 46 0 70 55 27 20 4 0 0 0 0 52 71 51 0 0 0 63 0 3 0 0 1 76 0 0 0 47 0 30 68 0 35 21 66 0 0 3 8 0 0 15 43 0 56 85 3 0 0 0 0 14 68 19 85 0 0 17 90 0 0 0 0 12 15 19 0 85 0 26 0 0 0 0 0 22 80 0 0 44 13 0 0 15 0 88 32 35 0 0 0 47 0 0
 0 0 77 46 48 0 0 27 0 0 0 0 78 0 80 13 0 0 0 0 0 0 58 0 0 0 0 39 0 40 0 0 0 0 0 0 0 7 0 0 19 0 0 59 2 82 44 0 0 0 0 0 29 36 0 0 36 49 43 63 52 63 44 0 0 5 1 61 80 27 0 19 81 0 13 31 22 27 23 0 69 41 0 37 15 45 0 19 0 3 0 0 27 20 0 20 19 0 0 2 0 37 35 4 0 0 0 13 88 27 8 50 34 0 37 37 0 0 91 3 0 0 0 0 0 11 0 48 0 0 8 16 33 0 6 0 16 0 0 22 66 0 12 8 0 0 72 40 36 67
 32 33 0 0 0 0 52 51 0 0 3 0 0 19 49 5 0 0 0 0 0 50 33 0 0 0 0 0 0 0 0 0 0 32 0 9 18 3 22 79 0 22 0 39 60 0 0 0 67 81 0 41 76 0 0 0 0 1 0 69 0 0 0 27 14 0 0 0 0 0 8 65 0 0 0 12 5 0 13 0 26 0 97 0 46 0 33 0 19 81 11 0 0 0 12 7 24 8 31 0 21 8 0 40 0 0 0 2 67 5 7 0 98 0 19 39 0 0 0 30 46 2 4 21 0 29 30 0 11 57 61 11 22 0 0 97 0 26 0 11 8 0 0 24 19 57 0 0 13 8
 47 43 9 0 0 21 0 0 0 61 0 0 0 0 0 7 7 71 52 20 0 0 27 0 0 20 52 0 0 0 0 0 0 0 16 73 0 0 0 0 0 0 0 49 0 0 0 52 35 0 0 68 0 0 49 79 11 31 0 0 6 0 24 67 28 0 46 0 0 69 0 0 0 0 10 5 0 33 18 11 0 0 41 0 0 32 0 0 0 0 0 18 0 0 24 55 0 15 21 64 0 0 0 0 1 0 0 0 0 0 0 20 44 24 69 0 10 0 0 0 69 0 0 0 27 0 0 0 17 0 0 80 0 0 0 22 0 0 0 49 0 25 5 77 8 0 12 27 55 0
 50 0 0 9 68 25 14 0 2 22 0 0 0 12 6 0 0 1 0 21 0 98 0 52 33 0 0 0 42 13 3 60 0 29 0 8 0 0 0 41 4 36 0 0 57 0 92 25 18 55 9 11 0 46 64 0 0 0 0 0 30 7 0 6 6 0 0 35 49 15 0 47 18 0 0 0 90 0 0 0 0 10 0 0 40 0 46 7 0 2 62 0 0 0 0 0 19 1 25 0 12 56 14 0 0 0 0 72 34 0 0 0 0 0 67 6 0 0 5 0 0 0 0 16 0 0 13 0 0 0 35 29 81 75 0 19 49 56 42 42 11 0 0 3 0 18 3 0 13 25
 17 11 0 34 0 0 20 0 82 0 65 23 47 0 39 0 78 41 3 12 0 0 69 63 13 29 0 5 0 2 0 7 26 0 63 0 63 10 0 0 0 0 26 0 0 68 0 0 0 61 0 67 2 11 3 41 0 0 53 32 0 0 77 0 0 0 13 19 9 0 0 33 10 0 0 0 0 60 25 0 27 41 23 12 0 12 0 18 39 0 0 0 32 58 0 49 27 0 0 44 33 0 34 0 0 0 54 0 0 31 2 0 0 3 0 41 3 0 2 0 86 0 0 31 0 0 0 32 0 11 20 0 41 0 4 28 62 0 0 0 0 33 0 59 58 0 0 0 0 0
 22 0 18 14 0 10 0 0 23 0 15 0 0 61 0 68 0 6 0 30 11 29 0 0 19 32 0 0 10 0 0 8 0 0 75 0 42 0 0 13 81 0 72 14 0 66 0 2 0 0 76 0 0 14 56 0 66 0 0 16 18 0 34 88 0 19 31 23 0 0 61 44 0 0 80 0 0 73 6 7 84 0 0 0 54 0 0 88 16 0 0 64 42 0 53 0 0 1 0 0 0 23 0 0 8 0 27 11 0 0 80 78 8 0 18 0 28 0 35 0 0 8 66 23 18 0 23 44 0 0 0 80 50 4 60 24 3 0 44 0 0 0 0 34 0 40 2 20 16 36
 22 0 1 81 0 0 16 0 2 20 0 0 0 0 0 31 64 0 10 0 0 65 0 0 51 0 0 0 16 0 0 0 0 0 0 0 0 24 56 0 28 0 68 25 61 0 0 0 46 0 0 0 21 75 56 19 0 35 0 0 0 0 52 0 0 0 47 0 35 20 0 1 0 45 0 0 48 10 14 3 0 0 0 22 0 0 32 0 51 0 52 0 0 0 0 41 16 10 56 36 91 18 0 41 74 14 59 0 10 0 77 90 1 43 6 33 45 84 66 73 23 38 21 34 0 0 22 11 0 7 0 0 12 28 25 0 0 0 48 0 0 55 16 0 18 69 18 0 17 76
 0 0 0 0 59 44 15 38 0 0 0 33 25 0 0 17 28 38 25 1 28 43 0 0 0 0 65 0 0 11 60 15 0 57 13 0 0 23 63 90 0 45 75 55 58 0 0 26 46 0 0 2 0 56 0 56 62 76 26 0 3 17 0 0 0 80 0 26 0 21 0 30 0 56 7 0 0 46 54 0 12 40 0 66 22 0 53 0 15 0 42 0 0 28 63 55 74 0 0 0 0 0 56 26 0 0 0 41 0 0 52 0 42 1 0 0 0 0 90 70 0 0 0 6 4 0 0 48 21 0 3 10 0 76 0 0 0 18 51 0 16 0 66 0 19 0 53 0 0 5
 44 35 3 0 38 60 0 0 43 83 0 0 28 1 0 0 27 37 0 0 40 0 0 0 95 0 15 0 0 0 0 0 35 60 32 5 0 0 0 0 0 0 0 0 13 46 38 4 58 0 0 12 0 29 0 18 0 0 14 22 0 0 0 42 0 0 0 0 0 0 21 54 0 0 17 0 0 0 6 0 1 0 81 22 0 0 21 0 31 34 37 13 0 2 0 53 31 0 0 13 44 46 4 0 18 3 6 0 0 11 0 0 0 48 71 47 6 0 0 2 77 12 37 0 0 0 0 0 23 8 0 52 52 77 0 0 79 0 0 21 0 0 0 59 38 7 51 21 0 0
 0 0 0 37 0 0 10 0 0 37 0 0 21 17 9 0 0 48 0 0 60 0 51 0 0 0 0 0 72 0 0 0 0 44 0 3 13 78 24 18 1 39 0 0 0 0 0 54 0 37 7 0 35 18 43 0 0 11 42 3 45 0 0 53 50 0 0 0 4 0 0 0 20 0 0 0 91 0 0 0 0 3 28 8 0 0 13 27 78 0 53 29 10 17 67 0 12 22 0 34 16 2 0 0 35 0 75 0 0 0 0 50 0 0 18 0 81 0 27 0 9 0 0 33 3 0 0 0 0 0 8 58 0 41 0 0 35 4 0 20 0 0 46 57 48 0 5 0 4 2
 2 0 32 0 30 0 0 15 61 37 6 0 0 0 14 0 0 42 0 9 0 0 0 25 22 0 0 0 58 45 37 0 0 63 70 0 83 27 2 0 42 0 33 0 0 0 0 0 0 15 0 44 20 27 0 0 0 0 0 0 0 35 0 0 6 0 0 0 0 4 0 0 31 0 0 32 0 79 60 37 0 0 50 1 0 66 87 0 0 15 0 17 0 0 0 18 7 0 0 0 3 0 54 0 33 0 8 9 0 6 0 2 0 21 51 77 0 0 18 0 1 8 0 0 67 31 0 7 58 0 77 38 0 41 62 0 13 17 15 0 13 0 46 0 30 0 45 12 0 27
 33 44 68 24 0 5 37 32 2 22 41 39 0 20 0 0 3 12 46 0 28 0 0 0 56 0 0 69 0 0 0 0 22 0 0 2 0 8 0 0 30 25 8 51 10 5 0 30 7 0 32 62 40 1 0 22 48 59 0 31 49 47 0 11 78 0 68 0 0 0 3 77 2 50 0 4 27 0 7 0 0 21 0 0 32 0 14 63 25 94 47 19 8 55 0 41 56 24 0 0 41 25 0 0 0 10 0 0 0 0 52 95 0 6 10 36 0 0 41 0 14 51 85 13 0 0 0 46 33 8 40 58 0 37 2 12 0 0 0 0 41 0 2 90 0 19 0 3 15 0
 0 0 8 1 21 86 74 57 34 0 59 0 12 0 0 0 0 20 0 0 33 19 0 0 0 50 0 0 0 0 29 12 1 1 0 0 0 0 17 0 0 0 27 14 0 0 0 0 72 0 37 19 16 2 2 0 35 8 0 0 13 23 0 13 22 0 0 29 3 50 0 0 0 0 63 0 0 0 0 0 0 0 2 69 28 0 0 19 44 0 11 25 0 43 0 0 0 0 0 0 0 0 51 0 0 15 0 0 23 0 0 54 0 68 0 0 0 0 0 57 0 11 0 21 0 10 0 67 0 0 1 0 0 0 20 0 0 0 33 2 75 24 0 0 0 3 0 83 0 0
 0 25 76 38 0 13 76 48 30 65 74 0 48 67 44 55 0 0 0 0 0 0 8 0 0 90 14 14 0 0 0 0 2 13 41 0 2 0 82 0 0 20 62 0 0 0 3 0 3 55 0 22 0 9 0 29 55 13 0 0 10 49 0 32 0 0 0 75 47 74 0 0 17 2 0 0 46 0 0 9 38 13 4 16 35 38 73 14 14 4 51 0 61 15 19 0 43 7 60 59 0 0 7 0 0 0 3 35 0 0 16 61 21 0 33 28 0 49 0 23 0 0 50 21 96 57 0 11 0 0 0 0 2 37 0 11 0 0 33 0 0 18 0 11 0 1 0 48 0 32
 0 0 0 2 68 19 0 36 0 0 0 0 24 0 0 1 14 85 6 34 34 57 50 45 0 57 78 0 3 0 0 0 38 0 0 31 34 0 22 32 39 0 0 0 0 54 0 0 48 0 0 0 0 0 7 3 7 0 0 0 0 24 0 41 0 6 60 0 27 15 0 0 0 83 0 72 4 0 9 37 31 80 0 4 55 29 0 0 0 0 0 72 25 0 51 0 0 0 0 0 2 0 24 10 0 48 0 13 0 5 0 0 0 58 23 24 24 10 85 27 44 0 43 0 0 27 0 0 66 0 73 9 22 0 35 26 49 20 42 0 0 47 0 2 51 29 4 0 0 0
 67 0 0 1 0 30 20 73 0 75 51 42 10 51 5 0 12 0 2 0 0 23 37 39 12 0 41 58 0 0 89 40 56 0 0 0 4 0 77 19 79 0 2 27 23 0 74 0 36 0 33 0 21 70 65 36 0 49 28 53 39 30 1 50 0 0 0 0 0 0 11 90 0 0 0 11 1 12 13 13 0 35 4 0 17 0 23 0 0 12 2 0 0 0 26 18 9 0 83 57 0 13 0 4 0 0 9 32 0 0 40 55 0 46 0 19 0 0 7 34 5 10 40 4 68 43 30 0 27 8 44 0 40 0 0 66 0 32 6 0 0 0 0 66 0 25 0 19 0 0
 53 14 35 85 0 7 5 10 0 0 0 6 0 0 0 0 0 11 0 46 0 0 39 0 64 0 0 26 36 0 0 12 0 0 61 0 0 0 24 9 33 0 0 49 5 0 0 0 20 20 0 0 30 0 37 0 0 58 0 0 0 0 0 0 0 0 64 0 0 0 3 0 0 0 10 0 0 0 18 29 0 4 25 23 27 9 4 0 1 0 81 29 0 12 26 0 60 0 0 5 22 0 27 0 0 0 66 4 38 54 35 0 48 10 21 0 0 0 0 1 8 0 0 0 0 61 18 87 41 3 0 2 0 18 0 0 0 43 48 7 0 4 19 0 75 4 23 3 0 0
 18 0 0 0 0 86 0 26 33 0 0 0 0 79 35 49 7 0 2 3 0 0 58 14 62 0 16 0 71 4 87 0 0 3 89 0 40 20 2 0 0 1 0 0 49 12 5 51 35 47 81 0 50 25 0 0 6 7 0 58 0 37 0 0 0 26 0 0 21 18 25 0 0 0 44 0 76 67 0 0 72 0 0 6 0 0 10 71 10 0 37 44 2 0 37 22 0 45 0 0 0 8 0 60 0 0 0 0 0 0 18 8 0 0 38 43 35 48 0 0 26 0 0 45 18 0 0 0 63 0 0 40 52 0 0 0 0 0 0 46 19 46 47 46 0 0 78 0 0 0
 23 0 0 0 29 12 0 0 18 56 0 39 53 0 89 0 0 25 0 0 6 41 0 0 0 0 51 6 29 22 22 31 22 0 27 48 28 0 0 3 0 0 67 16 0 0 23 0 74 0 0 22 23 45 0 67 0 0 5 0 12 0 28 14 55 6 0 0 0 0 0 0 32 0 0 0 31 51 0 2 0 76 58 0 52 15 0 0 11 38 30 44 16 33 19 0 0 0 0 0 0 25 0 20 29 0 67 0 25 0 31 64 0 0 68 0 24 0 41 0 35 76 0 53 26 31 0 0 3 43 90 7 0 23 45 0 0 36 62 23 38 0 13 0 6 0 3 24 0 1
 10 0 4 0 42 50 16 0 51 0 0 15 0 53 12 0 78 0 36 8 17 82 16 15 0 0 22 15 15 5 0 15 0 0 43 21 10 16 5 0 0 30 9 23 82 0 0 0 1 59 16 0 0 0 75 0 0 0 1 0 0 14 36 65 0 0 21 0 0 54 19 65 0 0 0 20 0 0 0 41 0 7 0 0 0 0 45 0 55 0 0 23 0 26 0 59 0 42 0 16 0 8 0 0 0 45 17 63 10 0 2 0 0 4 0 0 19 53 0 21 0 0 0 0 84 0 0 69 55 0 26 14 24 1 6 0 1 0 0 0 0 0 31 0 56 0 0 0 0 78
 0 0 0 0 0 80 6 0 84 28 7 0 0 25 0 0 0 0 57 35 0 11 0 0 0 57 0 0 57 59 0 0 0 0 1 26 26 58 0 0 0 0 21 7 0 32 83 66 37 0 59 25 0 20 0 0 0 25 0 0 37 38 0 0 23 88 51 46 51 0 0 7 0 31 0 0 0 0 0 44 0 0 0 50 22 25 0 19 0 0 0 84 0 0 0 25 0 2 56 32 8 21 0 77 39 7 0 36 18 0 0 0 0 0 0 4 0 4 0 0 0 0 0 26 21 0 58 0 0 0 0 1 0 0 0 0 80 40 0 9 0 94 6 0 0 0 0 0 15 23
 43 0 44 5 0 1 0 2 0 0 0 12 0 0 37 0 41 21 0 50 26 3 0 77 68 31 0 18 0 40 36 46 14 0 0 43 5 0 6 18 0 53 32 17 41 0 0 65 45 12 0 2 54 0 0 0 0 48 0 1 0 0 0 9 57 0 0 46 0 9 0 0 0 1 56 0 0 14 79 0 0 26 0 0 38 0 17 0 0 0 33 21 0 26 0 0 42 10 0 9 0 4 0 0 4 0 48 0 0 43 0 0 0 6 0 0 0 0 0 0 20 6 42 7 0 0 0 15 0 19 0 44 28 15 22 15 0 0 0 0 36 0 0 10 0 0 35 0 50 0
 9 28 0 0 28 0 0 0 0 0 0 0 4 0 19 0 0 18 0 7 47 23 0 0 0 29 54 5 0 0 0 17 21 53 67 4 0 0 15 0 48 0 1 59 0 0 0 7 0 0 26 76 0 0 0 0 0 52 14 84 0 0 15 0 0 34 58 10 90 0 5 0 0 50 0 0 23 0 35 18 0 0 0 0 0 0 0 0 76 28 73 0 24 0 0 47 10 45 47 0 0 15 42 3 0 0 0 0 0 0 11 39 63 50 0 72 0 0 0 0 0 0 0 6 0 46 36 0 22 0 0 18 0 11 0 56 16 77 13 55 0 13 0 29 0 0 0 38 32 0
 36 11 7 44 33 0 0 0 1 11 86 21 0 0 17 31 0 73 53 52 0 0 45 16 0 1 62 9 0 0 26 71 11 7 20 0 10 27 70 0 0 0 0 48 0 0 0 0 0 2 0 0 46 0 50 0 33 7 93 50 0 37 0 5 0 0 30 31 0 28 0 14 0 5 0 9 53 0 7 0 76 57 4 0 14 89 8 45 10 0 0 0 0 3 0 0 0 0 46 9 0 88 0 0 0 0 0 43 62 0 66 0 61 26 33 0 0 0 21 2 23 0 0 0 9 0 19 50 5 0 0 3 0 63 64 0 0 4 4 0 0 5 0 6 0 35 0 0 74 35
 71 0 66 57 42 0 0 0 30 0 0 44 0 0 0 73 0 0 60 0 17 4 0 0 50 1 0 6 0 34 0 50 4 29 0 11 11 0 0 15 40 33 0 0 14 25 0 0 19 0 0 0 0 0 44 0 0 0 0 1 0 55 48 25 0 13 0 0 0 46 59 11 0 0 0 55 3 0 0 0 26 61 0 0 24 0 70 0 0 0 10 44 30 24 0 0 46 0 0 31 0 0 0 0 16 0 0 3 0 46 0 7 0 0 0 0 0 51 73 67 64 18 0 15 0 0 0 57 5 31 30 13 0 0 30 38 0 0 0 30 85 23 0 0 24 0 3 7 44 0
 0 35 3 47 12 0 0 0 0 0 1 0 28 61 46 80 0 0 28 0 14 4 46 3 0 0 0 36 24 0 24 0 0 0 0 0 0 29 31 0 0 21 7 42 0 46 0 25 0 0 31 0 0 0 0 0 0 0 21 0 0 42 0 5 16 0 5 25 0 36 0 48 27 14 0 80 33 0 7 0 22 0 0 10 0 15 0 6 0 49 0 0 0 0 0 0 8 78 25 55 38 0 65 0 7 15 15 8 45 0 0 0 29 83 0 0 0 23 51 0 0 0 1 12 9 0 22 2 59 58 0 0 9 0 58 0 77 63 0 66 2 0 36 0 0 0 56 32 20 0
 0 13 86 17 42 13 59 0 29 0 40 45 0 41 0 0 0 19 6 0 0 13 12 1 34 0 26 21 0 0 3 43 34 17 8 23 65 36 51 0 29 42 0 15 39 37 8 29 28 22 6 4 0 77 0 52 0 0 26 0 84 0 0 0 0 35 0 0 20 0 0 73 48 0 82 0 45 46 0 15 8 87 9 0 0 0 73 0 13 11 0 62 0 60 0 54 27 0 0 0 82 5 0 27 0 80 43 45 34 0 7 25 0 2 0 38 7 47 0 31 0 0 3 98 33 0 0 0 23 0 14 0 20 0 0 31 0 90 23 50 0 50 11 0 65 13 11 0 86 27
 0 0 0 0 19 0 0 0 36 0 50 0 0 57 74 18 0 7 0 0 0 0 12 0 45 30 15 0 0 0 61 26 0 0 30 8 0 0 0 64 20 11 0 0 3 0 0 0 15 0 42 0 0 0 6 0 0 75 0 0 90 0 71 0 13 3 28 0 0 12 39 27 0 96 51 0 0 0 87 0 39 0 0 0 32 0 28 0 0 0 24 0 0 20 27 19 10 23 8 0 0 0 0 0 0 42 0 0 8 27 55 1 88 42 0 23 0 0 0 33 4 0 15 0 0 0 0 0 57 0 19 32 9 0 0 24 23 0 9 0 91 35 23 0 32 63 44 18 4 0
 0 0 34 0 52 30 11 5 62 44 48 28 0 13 0 28 0 1 30 14 0 35 0 35 0 0 0 0 80 0 63 48 0 0 25 6 3 0 32 0 18 0 19 0 93 0 27 1 5 7 57 17 0 68 53 2 0 48 0 55 0 44 61 23 0 35 33 29 0 51 17 46 0 52 10 0 0 0 0 69 0 46 0 0 45 70 0 0 68 25 0 0 4 0 78 0 0 0 0 0 35 0 58 92 58 0 0 0 39 88 0 0 0 0 0 44 65 61 19 0 0 40 81 0 39 32 7 0 0 0 32 0 39 0 11 0 0 0 17 45 0 0 14 12 0 83 0 64 0 51
 90 5 0 0 42 17 0 0 0 0 0 0 0 0 27 5 0 1 0 4 0 27 9 0 0 55 79 0 0 2 69 47 0 0 0 0 0 0 2 0 0 69 0 17 0 20 58 17 28 0 62 23 0 0 0 0 6 0 0 0 0 18 5 54 0 35 99 4 0 0 0 2 0 0 0 0 0 29 0 47 59 7 28 54 0 11 0 0 0 64 0 0 45 8 3 56 0 50 0 38 0 42 11 0 59 49 11 0 0 0 26 0 0 59 0 89 22 42 0 5 44 0 0 0 13 2 3 23 0 0 11 55 0 25 54 0 0 26 0 79 82 0 0 0 60 1 33 26 0 0
 3 30 48 0 0 21 7 45 0 54 5 86 13 70 0 0 0 40 0 4 46 17 0 0 65 37 22 51 11 0 38 48 0 1 48 0 0 25 0 61 0 0 10 1 59 0 0 57 70 10 0 0 0 5 0 48 0 0 23 46 41 8 0 0 0 0 63 15 36 0 36 0 0 88 0 56 13 0 20 28 56 0 6 8 21 0 11 0 0 0 19 0 0 0 32 82 30 14 0 0 14 12 66 0 0 6 36 0 0 13 0 6 62 0 19 0 71 0 22 40 29 57 71 0 0 0 50 0 0 9 6 0 32 0 0 0 1 0 0 10 45 90 0 33 0 50 10 26 0 0
 0 71 0 0 1 0 0 1 14 18 9 0 9 0 59 19 15 0 29 14 0 0 0 0 0 59 0 0 60 58 52 5 28 0 30 0 13 71 20 0 0 0 8 0 0 0 75 23 0 0 21 0 0 46 45 1 0 0 2 0 0 0 0 0 55 0 0 40 0 13 21 74 30 0 65 0 0 14 0 0 14 0 18 60 33 0 43 3 0 40 12 18 27 22 0 70 10 0 0 72 42 13 0 29 0 0 13 0 52 0 0 0 14 0 10 58 3 0 0 62 0 0 0 15 7 54 28 0 0 0 0 0 69 67 46 0 0 0 0 0 74 25 56 13 37 15 1 0 0 1
 79 46 0 16 0 1 13 19 39 0 0 18 43 0 24 50 28 5 0 72 49 0 71 37 0 13 7 51 53 0 0 2 28 42 20 0 2 2 0 0 27 0 85 0 70 17 0 0 36 3 0 0 24 0 13 0 0 29 14 0 37 0 0 44 53 85 95 0 0 11 0 49 19 0 0 19 60 0 52 49 8 37 9 0 0 0 0 0 0 60 5 0 0 1 0 0 0 0 0 0 52 36 23 0 0 30 3 0 8 9 0 0 0 0 0 0 0 11 20 0 0 15 0 59 0 0 0 77 0 19 8 80 0 0 0 14 19 41 37 0 77 0 0 14 22 24 5 23 0 5
 0 0 57 0 0 33 44 0 2 63 69 77 0 5 26 17 37 0 1 0 0 37 11 0 0 0 3 44 0 0 0 43 44 0 39 0 0 0 18 0 32 3 0 0 18 0 0 0 0 62 0 49 61 0 38 17 11 0 0 29 0 0 42 0 65 0 39 27 16 26 0 0 0 25 0 6 18 0 0 0 56 7 43 20 0 14 60 0 38 0 4 0 68 0 18 48 0 0 22 43 0 80 16 8 0 0 43 0 60 0 11 22 0 0 0 0 39 0 0 0 0 0 6 15 59 0 7 0 32 0 0 52 73 66 46 0 58 0 0 2 0 14 0 0 64 21 3 0 0 11
 8 0 0 0 76 0 21 53 33 0 0 81 28 22 3 10 0 46 0 19 0 0 38 12 0 3 15 0 16 0 0 0 0 50 0 54 0 69 1 0 47 31 1 8 97 0 64 15 0 0 77 51 0 0 0 3 38 0 29 0 0 40 21 40 0 0 2 0 46 57 0 30 0 18 28 0 31 39 44 52 0 10 0 0 0 0 52 55 67 0 0 35 24 5 0 23 0 0 1 63 61 13 0 0 0 0 0 6 81 57 25 14 0 28 0 17 0 0 57 0 21 47 0 0 0 0 0 0 71 21 2 6 14 72 0 4 20 0 0 0 0 0 0 0 0 28 0 0 54 0
 0 0 0 0 4 0 0 0 3 52 0 54 0 5 0 0 0 2 0 0 0 0 27 47 0 0 0 20 58 0 12 0 0 0 0 0 0 0 9 19 0 0 0 57 0 0 42 22 6 0 0 0 0 0 0 0 0 59 0 25 0 0 44 49 20 42 60 0 0 0 20 0 54 0 0 0 0 19 3 11 0 52 25 62 33 0 0 0 0 52 59 0 0 0 0 76 0 41 0 11 0 19 0 0 0 0 59 14 0 20 86 0 45 0 0 18 0 0 0 0 0 0 23 31 8 0 41 0 0 0 31 25 0 1 4 0 0 0 0 29 0 0 0 0 0 43 16 14 83 0
 52 74 61 58 0 0 0 20 79 0 0 35 0 0 89 14 82 19 43 22 0 0 29 53 54 0 7 0 0 69 32 0 18 82 0 0 45 0 66 0 0 22 28 3 18 0 40 30 55 0 0 0 0 71 6 0 0 0 0 85 0 35 0 23 20 52 0 34 3 0 0 21 27 0 64 34 69 25 13 0 1 0 0 36 0 0 16 75 71 0 0 1 47 18 9 47 0 0 0 11 0 9 0 18 0 2 0 17 0 0 0 0 21 0 86 6 0 10 35 0 27 0 0 0 0 53 0 0 76 0 21 30 53 0 46 0 0 19 0 0 0 0 49 0 12 3 0 20 69 64
 0 0 47 0 0 19 0 0 0 0 0 22 8 32 43 0 2 51 0 0 0 28 0 58 0 0 0 0 0 0 0 85 1 24 35 57 18 0 0 0 0 25 0 2 77 27 0 30 0 17 15 56 0 0 73 0 25 69 0 0 2 17 0 2 0 29 34 38 12 0 80 0 0 0 9 0 0 0 0 8 0 0 42 0 25 31 11 0 44 8 70 87 0 0 42 0 0 0 0 71 12 0 0 0 8 5 6 0 0 0 61 0 0 0 0 25 0 0 31 11 0 7 0 73 68 48 1 11 70 63 20 0 0 0 0 0 0 0 0 24 50 0 80 17 56 0 0 0 76 25
 4 32 0 21 0 89 8 0 41 67 0 43 0 20 0 0 19 7 35 0 26 8 0 2 75 0 46 0 0 4 0 0 0 62 0 27 0 0 0 14 0 34 9 0 78 47 43 0 0 6 32 27 0 26 0 0 57 32 3 14 0 0 0 7 37 0 0 76 0 41 0 11 98 0 54 0 0 3 24 11 0 0 0 82 0 38 5 9 0 0 0 0 14 0 0 0 0 0 40 0 0 4 55 89 50 7 0 4 0 54 20 0 0 49 0 75 0 0 0 20 0 0 71 23 0 49 19 10 59 0 0 0 72 26 0 74 42 0 78 0 37 12 0 0 0 9 23 0 0 42
