150
 13 55 48 40 0 13 0 8 10 35 32 56 0 1 3 3 58 0 0 0 23 28 37 0 0 85 0 36 42 0 6 0 0 36 61 0 36 0 45 0 0 26 67 0 0 46 0 57 45 8 0 22 23 0 0 43 30 0 0 0 0 0 10 67 47 0 25 18 23 20 24 94 0 0 3 0 0 2 10 0 46 0 0 31 0 51 0 19 0 0 85 86 0 0 27 0 52 21 0 83 0 12 0 24 0 37 0 4 24 0 0 0 4 18 24 9 0 0 0 59 66 0 81 0 28 0 24 0 8 0 0 4 0 0 0 0 40 66 0 0 0 0 0 0 0 30 24 0 83 0
 0 20 0 3 0 0 0 0 25 7 10 85 32 0 59 0 27 0 0 0 45 30 0 0 0 0 0 0 28 37 0 0 72 64 0 6 0 0 0 84 79 31 35 8 0 0 0 22 0 0 0 35 33 23 38 0 12 61 0 55 71 54 14 0 5 74 13 0 0 0 44 14 51 7 89 43 65 0 61 38 0 21 47 0 6 24 12 4 13 0 87 42 0 0 50 49 25 0 0 0 81 0 0 0 0 17 0 0 0 0 0 0 4 0 89 0 0 0 0 18 17 20 79 0 48 43 1 1 3 0 0 28 77 0 0 0 15 0 0 36 11 0 0 0 11 0 11 3 0 0
 0 66 10 17 0 0 0 0 0 48 0 64 0 0 40 0 0 0 0 19 0 48 23 76 0 0 0 22 0 36 5 0 19 31 32 46 7 0 40 0 0 0 0 0 0 39 28 0 44 0 10 50 0 0 45 24 19 0 47 0 0 0 22 0 15 0 66 6 19 77 0 94 17 62 0 67 26 0 0 0 56 0 0 0 0 5 0 31 0 0 0 14 0 4 0 0 21 0 0 0 17 29 0 0 0 10 22 67 0 48 0 21 54 69 30 0 0 0 0 11 4 0 0 8 57 0 0 0 0 79 0 0 17 0 76 7 0 52 22 0 0 49 0 49 0 22 66 0 0 0
 0 0 0 61 4 0 0 0 0 0 0 45 0 6 0 7 30 0 2 6 6 87 14 0 16 0 30 0 0 31 2 0 81 84 33 56 0 0 59 0 5 0 54 0 0 0 44 45 0 0 0 0 0 54 0 0 8 55 0 0 38 0 0 22 0 0 0 0 35 0 0 0 0 0 18 0 0 16 32 68 43 0 0 0 0 13 0 0 0 0 14 2 12 0 0 36 0 58 0 3 2 0 20 0 15 80 11 0 81 5 0 44 52 0 13 25 23 38 7 0 0 32 0 22 0 0 34 40 89 0 0 0 0 29 0 0 0 0 0 0 61 0 0 0 0 33 53 0 0 8
 2 41 40 0 58 20 0 0 0 0 3 0 18 15 31 45 0 0 19 0 30 64 0 13 0 47 0 0 0 46 24 0 0 0 24 27 0 44 0 11 0 43 10 0 0 0 60 0 53 0 0 29 0 0 0 76 0 29 25 70 57 29 12 0 44 79 0 0 68 76 4 22 0 39 0 0 3 14 25 0 9 0 0 17 0 1 0 21 36 19 0 66 0 0 36 61 16 0 0 0 0 94 0 0 2 0 12 0 4 18 23 31 70 0 76 4 0 0 79 0 0 41 25 0 0 11 22 0 0 0 40 7 10 0 46 48 11 41 0 0 0 7 0 67 11 63 23 0 14 0
 0 4 22 40 0 51 9 81 70 0 0 0 2 85 50 0 0 0 0 0 0 0 29 0 0 44 4 8 1 0 0 25 0 56 0 28 0 6 0 0 0 0 19 7 0 0 0 0 0 0 50 0 38 0 0 0 26 0 0 0 35 77 0 77 0 23 0 0 34 0 0 0 0 0 1 0 27 38 0 0 59 0 44 38 0 0 20 0 55 18 24 0 9 22 10 10 42 1 0 82 52 0 0 0 0 32 0 26 60 0 18 25 7 0 86 0 47 39 20 0 0 79 8 0 27 42 0 24 0 15 0 1 3 38 54 0 0 17 72 0 0 60 0 0 67 0 20 0 2 0
 36 75 63 26 69 0 29 76 28 23 5 55 0 0 35 0 0 29 0 86 14 19 71 0 35 33 0 72 0 26 0 0 0 70 0 0 5 11 23 0 10 0 54 1 23 10 0 0 72 11 0 8 0 37 21 58 81 6 0 25 0 42 0 0 32 27 80 0 0 63 0 0 2 0 8 0 0 0 0 1 61 50 45 0 0 29 53 0 68 29 0 0 0 0 14 10 15 36 73 0 12 0 40 81 0 0 0 23 0 8 22 0 45 0 0 26 0 0 8 0 6 65 0 0 32 0 19 22 70 15 0 0 0 0 0 37 0 0 0 62 0 0 16 0 37 16 0 3 9 59
 0 60 6 14 46 0 0 44 0 0 0 6 0 34 75 0 47 0 0 52 0 65 35 0 0 0 0 33 0 8 4 0 0 50 69 49 0 0 50 16 0 0 0 51 62 0 0 61 0 45 100 25 0 0 40 0 0 20 10 0 0 0 3 47 31 0 0 9 83 7 0 0 69 27 17 16 0 49 0 0 0 0 0 0 0 0 3 0 0 20 7 21 0 0 0 65 0 0 7 0 71 0 2 0 25 21 0 68 1 0 33 22 0 11 0 86 0 76 13 0 0 83 22 0 22 17 27 34 46 0 0 0 0 24 34 5 10 0 18 0 11 7 53 4 0 0 0 60 47 0
 0 0 39 33 18 0 0 19 55 0 0 60 18 0 0 0 28 7 0 0 11 0 26 15 83 85 53 0 0 49 28 2 0 0 0 12 61 0 32 0 31 0 0 0 1 15 12 0 7 66 0 0 9 0 12 0 61 67 0 34 8 0 0 21 71 0 0 53 0 0 38 59 0 38 77 25 61 11 26 36 38 0 59 0 0 44 48 14 0 1 64 80 0 35 68 45 0 0 0 0 0 0 0 55 44 0 25 0 0 0 68 0 0 24 0 89 84 0 43 15 9 29 4 0 0 4 0 0 39 11 0 0 0 20 1 22 12 0 68 28 43 0 0 0 0 0 0 0 0 0
 0 0 0 66 3 9 0 40 32 84 0 49 19 48 42 0 0 43 72 0 43 57 0 72 0 0 0 0 0 65 42 0 60 0 13 0 0 14 21 11 97 0 17 28 0 48 0 15 54 57 0 0 14 43 3 2 0 19 0 0 0 0 6 0 83 0 53 7 0 53 69 29 43 0 0 8 15 69 0 0 64 0 29 68 1 0 0 0 0 0 0 13 0 25 0 36 44 0 0 38 72 0 74 39 52 0 27 7 18 73 0 0 0 0 13 0 0 3 0 0 3 7 0 1 57 0 9 0 25 17 0 0 52 0 7 7 5 16 0 0 0 76 0 0 0 0 0 1 9 0
 0 0 44 25 0 9 0 30 36 15 83 11 3 28 0 38 24 23 0 10 0 27 19 62 36 0 0 41 19 7 1 78 0 0 12 44 0 66 0 27 0 0 48 0 0 0 0 0 0 29 0 0 86 0 0 49 0 22 21 35 0 0 0 4 16 39 0 58 7 0 0 75 37 0 35 0 60 15 56 46 0 0 0 0 0 40 3 0 0 51 20 21 0 27 2 38 4 0 0 36 0 0 0 0 35 11 14 33 18 32 37 24 0 69 0 74 75 45 51 0 0 0 15 44 37 25 44 0 1 37 2 0 0 0 5 29 12 0 0 35 0 0 0 14 0 45 4 0 0 0
 0 0 0 0 16 49 0 0 0 0 0 25 20 15 0 16 0 10 25 12 42 2 46 23 61 41 46 39 82 0 8 18 53 10 28 11 0 28 6 70 34 0 0 0 0 26 53 45 0 0 0 7 0 45 20 13 0 0 0 0 0 64 0 39 0 35 0 0 65 48 0 3 51 4 32 39 0 19 40 48 17 0 27 5 0 65 0 0 49 26 23 35 21 62 0 0 22 0 0 27 0 0 20 0 0 0 39 19 0 0 49 58 25 46 0 0 0 0 89 13 8 69 68 0 0 0 0 55 0 71 44 0 0 0 0 66 4 30 33 3 25 0 42 50 0 0 3 0 22 51
 20 0 25 17 0 0 9 21 0 0 0 0 85 23 28 0 0 45 0 18 0 42 0 0 0 0 68 93 4 37 43 71 0 11 0 0 0 3 11 0 27 0 0 0 0 0 0 40 0 40 73 0 7 0 0 0 0 24 52 31 0 0 0 0 10 0 9 0 0 26 0 6 28 46 10 67 0 27 0 53 0 61 0 0 46 0 2 5 0 24 6 30 43 0 13 0 0 0 0 0 6 0 34 53 0 0 0 74 0 33 0 0 0 0 12 0 74 80 0 0 8 0 20 10 19 0 0 0 3 66 0 0 0 59 0 82 41 19 85 40 0 3 0 0 0 0 27 54 10 76
 0 49 8 0 0 0 69 0 33 0 0 0 0 44 0 28 0 5 35 41 15 5 10 55 25 42 0 0 77 5 53 71 0 0 5 64 0 0 63 27 0 0 0 0 64 36 1 6 0 0 0 65 0 61 0 0 30 0 29 0 48 38 0 13 0 0 0 0 47 0 55 3 70 6 0 0 0 0 8 23 0 11 0 28 87 0 0 0 34 74 0 42 67 0 82 57 15 54 0 35 6 5 0 0 47 3 29 53 10 47 0 68 27 3 20 0 67 39 0 0 49 6 0 26 5 0 0 0 35 0 0 40 0 42 0 0 6 8 0 0 0 0 0 0 68 40 69 0 27 0
 0 0 0 64 0 0 0 0 61 0 23 56 0 84 48 82 30 1 34 31 0 0 0 28 0 0 0 0 0 0 57 0 52 5 46 0 0 0 18 58 11 89 0 0 0 14 0 0 32 47 30 0 19 0 13 18 38 84 0 0 0 29 35 51 29 19 20 36 56 0 66 82 48 58 0 0 33 0 0 37 0 0 9 0 0 0 27 0 4 18 42 0 0 0 61 52 0 0 37 40 0 1 19 36 28 0 0 3 28 52 0 69 74 0 0 0 3 56 67 0 58 0 0 0 0 0 12 40 1 16 0 76 0 0 0 0 29 0 0 0 0 67 59 6 0 62 0 0 0 2
 0 0 80 0 0 23 56 56 12 37 0 0 43 0 0 60 0 49 0 0 20 0 38 3 0 27 18 0 51 18 5 0 0 0 46 0 41 0 0 15 0 63 0 0 0 0 71 45 37 0 0 0 61 1 60 0 44 0 0 5 14 0 66 53 0 46 9 52 0 34 0 0 0 0 0 0 16 36 0 0 67 12 0 0 36 0 45 0 4 16 0 0 35 0 11 0 21 0 0 16 75 64 78 0 24 4 33 0 0 0 13 84 0 0 0 47 0 0 51 42 0 36 7 0 21 0 0 27 0 32 0 0 12 55 0 0 32 92 0 0 2 4 41 0 0 64 15 58 83 4
 0 0 40 0 11 29 2 0 0 42 0 16 43 62 0 18 9 77 38 0 0 0 0 0 14 0 0 0 73 0 0 0 53 40 74 19 0 1 2 73 0 0 0 0 22 21 27 0 0 0 17 14 57 0 0 0 0 0 0 0 0 0 0 89 24 64 0 17 94 0 65 0 0 0 0 40 0 0 0 63 0 5 82 8 79 0 47 48 29 55 98 6 52 0 11 8 0 0 30 0 0 10 50 7 65 12 0 0 0 0 7 87 49 0 44 0 3 5 50 0 34 0 0 53 0 7 0 0 0 19 69 22 0 56 0 0 12 20 0 84 22 23 90 0 0 10 0 0 10 0
 48 6 22 46 13 22 0 71 0 0 0 0 0 0 0 0 0 61 0 0 0 0 0 60 0 20 0 15 0 0 24 0 0 6 0 0 0 4 0 44 13 0 0 0 20 0 0 6 51 0 0 0 6 33 96 18 7 0 0 0 22 61 43 0 8 29 0 0 0 5 5 37 0 0 0 43 0 67 0 0 14 74 49 0 62 0 0 51 36 0 41 0 0 0 0 0 0 53 0 19 6 40 57 44 21 27 30 30 22 0 0 0 0 50 0 35 27 0 24 0 0 0 29 46 0 24 74 0 0 0 0 0 40 0 0 0 84 3 0 0 43 0 0 0 4 0 95 44 0 0
 52 20 19 0 0 8 31 15 7 0 36 0 41 0 0 23 0 25 93 0 0 40 0 0 0 91 48 60 0 53 2 58 0 40 0 15 0 31 34 0 58 15 41 76 41 23 0 0 8 0 22 0 0 0 43 66 31 0 0 0 0 13 0 6 0 0 0 0 0 13 39 0 0 0 0 5 0 0 0 61 0 12 0 0 0 0 95 67 0 18 0 43 23 32 10 75 0 80 21 0 37 76 0 0 26 0 0 0 80 13 51 93 0 0 0 21 15 36 0 0 41 27 44 0 15 37 20 26 0 5 19 38 0 0 21 0 16 55 14 0 0 0 57 0 56 0 50 52 0 46
 4 26 0 0 4 14 0 0 5 17 0 0 0 0 0 50 11 1 5 58 0 1 0 0 0 2 9 59 0 28 22 41 0 0 0 28 39 39 0 58 0 0 41 0 0 0 0 0 0 0 0 0 24 56 24 0 28 14 0 87 24 9 0 76 3 0 0 58 2 34 0 0 59 19 0 6 0 10 0 40 0 3 0 0 0 63 16 0 0 18 23 22 0 76 21 0 52 0 12 0 13 0 0 18 28 0 56 23 0 13 51 78 0 0 0 0 0 96 0 0 0 90 53 0 15 0 0 33 0 3 0 0 28 28 0 62 0 30 32 0 87 51 54 0 8 31 28 0 2 0
 0 0 65 0 0 48 0 29 0 0 6 0 96 0 24 0 38 64 41 42 43 0 0 12 0 39 21 0 0 0 0 0 0 18 0 51 16 30 0 37 38 0 49 0 0 0 40 45 7 35 32 42 72 69 52 45 1 10 0 4 51 0 0 48 50 0 0 28 0 0 0 43 0 1 38 21 36 0 36 0 42 0 3 7 64 45 0 0 0 48 12 0 16 0 0 0 48 24 0 0 0 28 0 26 0 0 52 70 43 0 64 40 0 0 43 0 19 5 26 0 29 34 0 0 49 7 5 62 58 0 0 0 0 20 26 0 0 26 0 0 33 0 26 6 0 61 0 4 0 0
 0 0 0 0 0 66 0 0 34 0 0 0 0 0 10 2 50 21 0 0 4 48 62 7 2 13 52 6 0 0 0 0 1 0 67 0 5 70 0 0 0 46 0 29 79 0 28 58 12 2 0 3 24 0 0 36 0 0 0 22 42 8 0 0 0 0 0 27 41 0 0 18 0 0 0 0 0 0 32 3 60 21 3 0 0 0 0 67 52 0 31 0 0 0 0 0 0 0 41 69 3 0 0 0 0 48 1 0 0 0 0 0 0 0 0 0 27 57 21 0 0 16 0 10 0 0 0 5 81 63 8 1 19 1 0 36 0 4 0 18 0 0 50 0 26 0 0 0 0 14
 0 19 0 0 3 0 0 0 0 36 0 0 3 0 1 0 17 54 21 27 47 0 100 18 0 0 77 0 0 0 43 40 0 0 50 0 79 0 55 26 9 48 15 0 79 0 0 25 0 78 0 26 0 10 0 0 34 0 24 42 0 2 0 4 9 0 0 0 0 64 0 39 0 80 0 0 15 79 0 1 43 0 0 59 0 0 0 8 32 64 0 0 50 0 0 0 28 30 28 0 2 0 0 35 0 48 0 0 72 0 13 0 0 0 0 43 0 0 71 0 0 22 0 0 0 26 0 0 11 0 10 77 44 0 30 0 5 0 0 60 0 32 0 34 23 22 0 0 4 0
 6 65 0 51 0 44 1 29 0 0 0 0 25 0 0 0 0 0 25 84 0 0 0 65 35 0 57 10 0 0 10 0 49 0 0 0 0 0 56 64 0 71 11 27 0 15 0 3 25 0 13 0 0 0 0 0 0 19 0 82 2 25 0 0 16 6 6 0 30 0 0 5 6 5 0 60 43 0 41 0 0 0 38 64 43 0 38 35 0 90 8 0 0 0 0 71 53 3 28 34 49 0 0 0 20 0 52 14 49 5 0 58 0 0 89 0 0 0 0 0 38 0 74 55 0 0 0 0 52 0 40 31 80 44 47 15 25 0 44 0 0 49 0 28 6 0 0 62 0 0
 13 15 8 0 27 50 0 30 0 78 0 0 16 0 28 38 0 54 2 22 10 0 9 0 46 17 0 64 20 36 17 0 20 0 50 0 33 26 10 0 0 18 0 0 41 25 0 13 0 0 12 0 0 62 4 33 60 0 0 0 0 15 32 0 0 0 37 0 0 0 11 18 20 0 63 0 56 6 0 26 0 16 0 4 0 0 16 0 0 0 0 48 90 0 0 0 50 26 0 0 78 45 0 0 0 57 12 50 59 15 6 0 39 24 0 11 6 18 0 26 86 8 5 89 12 0 42 0 0 0 11 13 42 0 0 24 0 0 0 36 17 12 4 0 0 0 0 62 37 0
 0 8 62 7 0 0 0 18 0 0 3 0 50 0 5 0 24 0 0 0 0 0 7 50 0 91 31 0 49 32 10 0 0 27 0 0 30 38 10 7 18 9 0 20 0 0 35 0 65 74 52 49 0 0 38 24 12 25 0 0 26 90 19 0 0 42 0 0 0 59 3 39 0 1 0 0 73 4 0 32 7 36 0 74 20 25 0 0 0 1 77 5 0 0 2 0 0 0 3 0 0 6 31 14 0 13 0 0 0 0 47 25 56 12 46 0 51 0 0 9 81 13 0 0 8 29 0 17 0 7 16 0 0 57 0 0 59 35 0 6 0 0 26 0 37 0 0 21 12 0
 23 50 32 0 26 0 70 3 0 4 76 0 0 26 37 0 26 21 0 0 0 0 0 0 35 0 10 0 3 28 0 0 0 0 0 15 11 3 0 0 0 47 27 0 0 11 0 0 0 73 0 33 48 0 12 0 0 0 12 0 58 0 0 3 9 9 0 0 0 77 0 0 24 0 0 0 78 0 16 93 62 0 3 0 0 62 0 21 75 16 61 0 25 0 69 91 25 48 24 21 26 0 83 0 0 8 3 2 17 2 12 0 19 7 0 0 0 13 0 78 27 28 0 0 45 40 39 0 0 69 17 0 42 0 45 0 37 44 0 0 43 0 0 34 62 0 0 0 0 5
 0 83 0 39 63 0 0 0 8 5 0 0 0 46 10 5 11 0 0 0 28 0 84 0 0 13 25 26 10 0 0 0 0 0 28 48 50 0 0 24 27 0 1 45 0 11 0 0 0 0 29 0 63 0 90 0 11 54 0 0 74 12 29 0 0 9 43 37 0 52 0 0 38 60 25 0 0 15 93 0 0 64 37 0 0 0 14 27 54 60 67 17 0 12 0 0 26 45 0 7 63 80 39 5 0 0 51 10 0 0 22 0 0 55 4 0 0 0 0 0 7 3 0 0 38 3 0 51 68 0 0 0 0 73 15 25 0 0 25 0 0 0 0 0 78 59 22 0 20 0
 0 0 68 1 52 0 45 34 47 30 0 0 0 0 90 0 0 9 22 53 40 15 53 20 0 0 0 0 93 57 0 0 61 33 19 37 21 0 0 54 36 0 0 3 24 0 0 44 0 0 0 81 0 3 0 0 6 91 0 31 0 0 0 8 0 0 0 0 0 86 0 54 11 0 0 24 0 0 70 13 36 43 3 0 0 0 79 4 0 0 0 2 49 0 82 0 44 0 20 48 76 0 0 68 0 2 37 0 63 0 41 41 61 0 0 20 1 3 0 0 51 4 0 0 0 0 0 39 18 0 85 19 19 4 0 49 54 49 22 0 0 0 42 0 0 63 0 3 3 34
 26 0 0 0 0 60 0 0 0 0 0 67 0 0 37 0 95 2 0 0 6 34 16 34 0 0 0 30 0 12 0 46 19 0 31 55 45 45 0 16 78 3 50 8 25 36 3 0 0 21 0 93 0 0 0 31 0 0 8 57 57 1 16 0 0 25 0 0 12 0 0 71 1 0 0 79 0 0 39 57 0 0 0 43 30 17 0 0 0 68 75 0 9 0 0 0 2 0 20 0 0 26 8 44 27 0 0 0 0 0 60 0 0 0 68 19 0 21 0 0 0 0 37 2 0 0 0 0 16 0 0 0 58 8 0 0 0 11 8 0 4 32 0 60 43 21 0 0 0 0
 0 25 0 0 0 33 0 0 0 0 0 0 0 0 0 0 43 0 0 0 24 65 0 0 0 0 2 42 1 12 24 50 46 0 41 8 0 0 0 0 0 80 35 4 0 0 23 0 48 0 0 0 17 23 0 28 22 0 85 0 0 0 0 57 18 85 49 0 0 0 0 0 14 0 0 41 0 0 0 71 19 2 0 0 50 0 0 10 23 9 68 0 0 0 27 0 0 31 31 0 17 71 0 0 0 0 81 39 0 0 4 31 0 0 0 43 4 0 0 0 5 17 35 41 0 23 28 0 32 35 89 46 4 0 37 11 0 0 0 1 0 0 0 42 0 11 20 0 47 0
 37 10 27 18 3 0 40 9 0 29 0 0 0 0 78 48 16 30 0 0 37 32 0 14 75 35 74 6 56 0 0 5 18 9 0 49 0 5 0 0 10 64 15 47 0 0 6 0 0 0 0 12 0 6 13 4 0 25 23 0 21 0 0 0 0 0 16 2 59 90 0 0 18 0 26 0 62 0 59 0 58 11 0 0 60 23 3 0 0 75 18 0 29 39 0 63 0 0 42 10 0 0 36 89 36 0 0 37 36 0 0 0 29 68 25 6 3 0 0 5 0 0 0 0 41 90 5 0 0 0 0 0 29 84 0 56 13 15 34 0 52 3 0 74 50 0 0 0 17 61
 23 0 0 0 3 38 11 37 9 0 8 0 35 33 0 11 0 15 0 11 20 0 34 0 0 34 13 93 0 0 0 0 88 0 36 0 0 0 0 0 10 11 31 1 0 0 3 0 13 0 0 79 44 30 24 0 0 12 0 0 0 32 0 70 52 0 0 0 26 0 0 6 1 0 0 4 54 0 26 50 24 0 37 0 0 0 0 53 39 0 0 0 29 41 7 59 9 0 12 4 0 58 56 0 63 63 0 35 10 0 0 0 0 8 0 0 67 2 0 37 20 49 2 0 0 0 8 55 0 0 17 0 4 20 0 1 28 0 0 3 0 0 80 54 15 30 69 57 56 29
 0 0 0 0 5 0 0 0 76 41 0 0 0 66 0 23 0 0 0 28 0 76 54 3 69 0 65 36 0 46 9 0 29 60 0 0 0 47 0 2 0 0 0 0 33 25 30 0 0 11 0 0 8 0 91 0 7 0 0 0 0 18 0 0 31 0 24 1 60 0 29 0 0 0 36 0 62 56 0 29 45 0 33 19 0 0 85 5 0 0 0 0 44 46 0 0 0 0 80 64 0 28 0 0 76 0 0 71 8 33 0 35 0 2 58 26 0 59 0 39 0 0 10 51 0 64 20 50 23 32 41 0 27 16 0 35 0 38 77 20 55 0 10 28 38 21 73 79 18 0
 0 34 0 0 0 34 38 0 27 0 0 0 9 0 0 0 0 52 5 26 62 0 0 13 0 48 18 0 0 0 0 54 0 10 91 0 54 0 21 0 0 3 71 72 74 0 43 0 0 13 0 33 0 86 17 0 0 28 12 20 48 0 0 56 0 35 0 0 0 0 84 0 16 65 8 0 0 0 0 61 0 33 0 37 0 0 0 0 0 19 0 0 0 0 0 0 35 0 10 1 17 0 0 0 16 35 0 0 22 20 31 15 0 0 8 11 45 0 36 0 0 44 0 46 77 0 0 1 0 40 0 59 0 0 3 0 0 29 0 2 3 65 0 8 0 44 90 0 0 0
 61 0 0 0 0 0 65 0 0 1 0 0 33 0 9 66 0 15 0 0 0 15 26 44 34 2 0 0 0 0 0 0 39 52 53 25 13 29 0 0 40 80 0 4 8 0 0 31 20 51 0 0 18 31 75 0 0 4 3 0 74 0 0 0 0 86 84 0 5 16 73 0 0 30 28 18 0 71 0 0 0 53 45 95 0 0 0 48 0 17 0 0 0 2 34 19 0 26 0 0 0 0 21 78 13 0 0 20 13 10 3 17 24 0 0 0 37 0 0 0 0 0 0 35 69 76 54 67 0 0 77 15 25 0 97 27 0 61 14 0 0 0 16 4 0 8 0 0 15 45
 0 34 0 44 12 7 0 34 0 16 60 27 80 11 40 0 53 91 70 0 0 0 0 13 0 0 0 0 0 0 7 48 58 51 0 0 9 0 55 0 72 1 0 0 6 0 0 0 0 24 37 16 45 0 46 0 18 0 15 15 8 18 11 8 75 0 0 0 0 72 0 0 34 48 0 29 0 0 71 0 28 50 0 67 56 0 0 0 50 0 0 13 0 55 0 56 46 30 45 0 43 78 0 0 32 0 7 0 11 0 0 3 0 0 0 11 29 17 8 49 0 0 0 0 0 2 52 43 13 0 49 72 61 35 21 0 0 45 21 0 19 38 0 0 53 0 0 0 35 10
 13 21 17 15 0 0 0 11 51 0 0 0 0 50 4 86 0 0 0 0 0 0 50 74 0 0 0 87 41 0 40 0 12 0 13 0 10 3 51 0 100 15 8 0 0 0 13 0 0 0 15 0 55 0 2 0 51 0 0 0 17 16 9 0 0 0 0 0 0 60 41 48 0 70 0 0 0 8 0 0 0 27 0 23 38 30 37 11 43 20 28 28 13 72 0 90 51 22 0 0 0 24 0 16 0 0 44 0 0 67 0 4 0 22 19 0 0 0 0 0 0 0 0 9 31 0 2 0 7 0 11 0 16 0 31 56 55 0 0 87 16 0 0 0 0 42 0 0 0 7
 0 21 0 0 35 25 0 0 0 0 43 0 0 0 0 80 0 46 0 88 64 17 0 0 0 0 75 23 33 9 54 15 7 52 0 42 0 0 23 0 0 23 0 24 19 90 5 79 2 61 24 28 0 0 36 0 0 0 0 0 0 20 0 50 2 0 20 46 0 0 33 0 0 0 57 34 0 0 53 12 18 45 25 0 14 24 6 0 39 0 0 20 0 43 32 0 93 12 0 0 17 29 0 0 0 62 23 0 0 3 0 0 6 1 70 48 9 0 0 5 0 30 42 40 0 15 0 41 23 6 0 87 91 83 0 0 35 0 44 0 0 0 72 0 0 23 0 0 95 17
 29 0 53 52 0 45 84 0 21 0 0 0 34 0 0 0 0 0 11 0 0 0 0 0 48 0 5 0 0 0 11 22 53 0 14 14 73 5 72 4 0 27 0 8 0 28 11 0 0 0 0 0 0 78 0 0 14 22 0 15 32 0 0 0 59 0 74 33 58 0 43 0 0 53 64 5 28 0 41 13 33 0 37 5 21 26 0 39 0 0 0 0 0 0 0 4 0 0 0 0 2 0 0 70 0 0 32 68 72 0 63 0 0 0 44 58 0 79 14 0 47 2 0 32 0 0 0 0 33 34 61 0 0 0 66 0 0 34 75 2 0 0 0 0 0 60 0 0 0 0
 75 0 41 0 48 28 0 56 0 0 26 0 0 3 0 23 90 0 0 12 0 61 0 76 18 0 17 0 0 0 38 0 0 86 65 0 0 0 23 68 76 85 0 0 52 0 28 0 14 19 39 0 0 19 0 4 0 11 0 0 0 0 46 0 5 24 0 8 62 77 18 28 25 40 7 0 28 0 100 0 0 0 0 48 0 5 0 0 0 50 0 0 41 13 60 0 0 0 0 31 54 9 0 0 1 60 0 20 0 0 71 23 0 61 48 0 0 0 0 0 0 0 0 2 28 0 0 49 0 0 1 0 6 22 0 54 0 0 0 25 0 0 0 52 0 38 10 60 92 0
 0 0 11 35 0 21 25 2 3 14 8 18 21 89 0 0 3 13 0 6 41 0 0 0 0 0 0 48 10 0 0 0 0 42 0 0 0 0 0 0 0 82 0 0 5 0 55 0 0 0 0 38 0 54 7 32 21 12 0 0 41 0 77 0 0 2 0 0 21 49 0 39 29 0 0 2 0 0 0 42 0 0 29 20 76 75 3 88 7 71 0 40 16 1 53 0 0 0 10 0 91 22 7 0 2 43 0 0 22 0 54 0 0 31 0 3 0 41 44 5 0 16 0 0 0 0 0 51 0 13 56 0 4 20 0 0 25 0 63 20 0 0 0 0 62 0 42 0 0 34
 0 0 16 0 0 0 0 50 12 0 0 10 60 19 13 46 14 7 0 0 0 0 0 0 32 2 0 0 14 0 0 0 0 37 0 44 83 0 4 58 83 5 52 15 46 60 0 0 0 0 21 73 22 47 58 0 0 52 18 0 0 0 0 0 0 11 14 0 0 17 5 0 17 0 7 36 4 4 54 36 0 44 0 3 3 0 0 3 0 12 0 0 0 9 0 38 4 0 8 0 5 27 0 0 59 18 0 0 25 0 24 2 31 0 22 0 0 20 68 0 3 0 0 47 0 0 15 0 1 56 0 0 31 46 71 5 20 0 0 25 0 28 5 28 0 50 0 63 49 10
 39 0 28 42 70 0 0 0 13 0 46 64 48 12 80 3 30 5 0 29 33 0 42 0 22 0 61 0 0 0 0 0 0 67 0 0 46 81 0 0 34 33 0 49 0 0 0 0 46 70 61 32 0 29 11 31 18 0 35 0 8 0 0 0 23 0 0 0 14 0 44 10 0 0 0 0 0 0 52 47 0 12 0 48 82 0 26 39 41 24 0 0 0 0 12 0 0 62 0 0 0 14 38 0 1 0 0 27 40 0 0 0 0 3 0 0 0 21 0 0 0 0 0 24 0 42 33 0 0 0 0 0 0 0 49 0 0 76 0 2 5 0 4 0 25 0 20 42 1 69
 20 71 34 13 69 33 0 0 0 47 2 4 33 0 63 47 0 0 0 8 65 0 0 43 0 42 51 1 0 0 61 27 24 0 0 0 0 3 0 47 0 0 0 27 21 0 0 0 31 0 0 0 72 0 0 6 30 74 0 0 0 32 53 28 0 0 29 35 0 4 0 74 93 76 22 9 39 19 0 0 0 17 76 19 0 25 20 4 0 0 15 28 17 0 0 51 0 0 47 48 0 31 60 0 0 0 13 0 45 0 0 0 0 0 0 0 28 0 21 0 29 17 54 25 0 0 13 22 64 0 2 0 0 28 0 8 0 21 0 69 0 0 0 0 0 21 0 0 18 40
 0 14 0 58 60 9 0 54 0 0 74 0 31 0 0 1 0 19 0 2 30 88 18 0 0 18 0 0 91 0 41 12 92 0 85 62 32 52 0 0 21 23 0 29 3 5 61 0 79 37 65 0 13 0 9 19 0 9 0 40 42 15 67 0 59 0 39 12 54 0 23 0 31 20 0 0 0 31 29 33 0 0 8 55 0 0 12 0 50 33 0 63 0 84 0 0 87 0 0 27 0 0 0 0 0 17 0 0 86 5 31 0 77 0 26 0 69 31 0 36 57 20 0 0 33 0 0 0 0 27 19 0 71 49 0 0 0 20 6 0 0 0 0 68 0 0 0 28 4 46
 52 29 0 0 0 12 35 5 0 9 3 0 0 0 18 0 0 25 18 6 0 0 74 28 6 0 50 28 78 0 0 0 0 0 0 20 4 0 0 0 0 0 21 42 1 0 44 37 8 16 6 70 0 0 0 0 0 0 32 44 0 0 0 60 34 0 6 0 0 2 0 0 24 0 18 14 0 0 8 0 0 0 26 0 12 41 12 74 11 0 0 0 0 0 0 0 32 88 0 15 7 10 36 27 0 0 81 77 0 14 0 0 14 48 0 0 14 0 35 0 0 56 29 0 0 0 3 0 40 0 21 0 63 0 25 0 0 53 0 23 2 0 0 36 40 16 0 0 19 0
 0 0 59 0 14 58 7 0 51 0 0 0 0 0 28 0 46 0 88 43 0 0 0 0 0 39 28 83 0 25 24 89 20 42 27 0 11 19 0 24 23 14 10 4 28 21 0 30 0 0 0 52 0 0 0 0 0 21 14 73 0 0 0 36 19 0 25 85 93 0 0 0 0 2 91 0 0 0 0 30 0 57 0 69 0 38 77 0 0 18 0 53 13 0 0 0 0 23 0 27 0 34 0 16 0 0 14 0 0 0 25 27 0 0 14 1 0 32 0 0 0 0 78 0 0 0 0 0 0 0 62 0 32 0 55 0 31 33 18 0 0 0 22 0 71 20 0 12 0 0
 0 63 0 3 0 52 0 2 0 0 5 63 32 21 0 0 92 0 0 56 0 0 56 0 65 0 68 6 19 13 0 41 0 6 48 0 33 11 0 86 0 6 62 0 0 0 0 82 16 58 0 0 0 0 0 0 17 0 0 0 21 28 0 58 0 0 55 0 0 0 27 0 5 4 74 22 8 75 0 0 0 58 0 0 53 33 0 4 13 13 0 7 0 0 1 0 34 4 26 0 19 0 35 14 0 8 24 12 0 16 0 24 3 0 0 12 4 19 0 0 0 0 0 0 0 4 7 93 0 0 4 75 0 16 0 24 6 59 54 2 1 55 72 28 0 20 34 0 0 0
 0 47 41 83 79 43 0 0 0 0 0 42 0 39 0 9 47 12 0 27 0 0 0 35 1 0 0 24 64 0 81 60 24 0 0 0 0 2 0 64 0 4 0 0 16 0 0 31 0 63 74 58 0 0 0 40 4 0 6 5 0 0 43 11 0 2 18 21 0 0 5 7 6 0 0 12 8 11 0 0 0 76 14 0 0 26 79 41 0 0 0 22 0 21 56 59 50 67 20 0 19 55 84 0 58 0 0 0 0 9 45 72 0 38 42 13 0 57 0 15 33 0 72 15 44 36 0 0 41 0 58 0 61 0 0 9 12 0 0 0 7 0 49 0 0 56 2 14 41 25
 4 15 0 29 47 0 18 0 60 38 42 5 0 44 0 13 0 68 0 48 0 73 16 0 0 0 3 0 18 70 19 3 7 10 33 24 0 0 0 76 0 18 0 0 60 0 0 92 46 0 97 0 1 0 16 76 0 29 93 62 59 0 0 19 40 0 41 70 0 56 0 0 0 25 1 0 35 0 77 0 51 15 0 0 0 0 0 0 18 30 46 0 36 0 0 33 44 0 25 0 51 40 18 0 0 0 38 1 0 26 59 34 0 20 0 0 31 0 0 0 0 56 6 1 0 48 2 29 60 2 40 0 30 79 0 61 0 0 1 0 10 80 21 23 0 0 0 0 30 34
 0 0 0 2 0 14 0 0 1 63 0 0 23 0 53 49 0 44 34 14 0 0 0 52 17 0 0 17 0 0 20 0 0 13 0 5 0 60 0 24 40 0 0 0 23 12 0 0 3 0 25 95 21 18 0 82 14 32 0 0 0 33 0 0 10 0 66 42 0 0 0 0 0 7 0 0 13 0 0 0 0 79 56 11 0 0 49 9 0 78 0 0 0 0 9 40 0 36 52 0 23 87 19 25 0 24 2 0 0 0 47 10 0 44 0 49 34 11 13 8 0 96 0 33 0 0 53 73 0 21 36 0 0 0 0 0 16 0 0 0 0 29 0 0 33 11 0 20 0 0
 0 0 2 50 23 0 50 31 0 0 0 9 0 65 0 0 0 0 1 0 0 0 59 23 54 26 0 0 36 39 0 14 0 0 12 0 0 0 16 34 29 23 0 27 0 0 42 58 1 16 0 0 19 40 25 0 47 44 0 11 30 0 34 0 14 0 0 0 0 57 65 0 13 87 39 0 39 0 55 0 0 35 29 0 0 0 0 0 0 5 0 46 0 33 2 54 27 35 16 0 29 0 0 0 55 0 34 0 0 0 13 71 0 0 39 21 17 15 76 0 37 54 0 0 35 0 28 0 14 61 5 27 0 28 48 3 0 0 0 63 0 22 10 25 0 40 0 0 0 0
 59 0 34 0 40 66 0 66 12 0 37 0 22 0 3 0 5 0 48 0 0 26 0 1 0 40 70 36 0 58 0 0 0 24 0 0 4 35 12 0 0 0 0 0 50 50 9 66 13 12 46 0 0 39 29 0 0 0 0 0 7 0 0 0 16 12 63 0 0 0 21 2 26 0 14 17 39 13 3 38 45 0 20 0 0 0 0 0 0 31 9 0 15 0 0 0 23 0 30 97 34 47 8 0 5 0 0 0 0 43 25 0 19 0 0 91 55 24 0 0 0 0 40 0 0 1 0 31 0 0 14 0 0 5 58 35 9 0 0 26 34 70 0 13 0 0 0 62 0 27
 76 0 0 3 28 48 0 0 0 0 26 0 42 81 0 0 19 0 0 0 0 81 69 3 0 0 0 0 31 28 43 0 0 0 0 0 0 0 0 52 23 0 0 0 73 0 13 28 17 39 0 13 0 0 99 0 0 29 0 11 0 0 0 61 17 0 32 0 6 35 9 59 39 0 0 35 0 44 19 0 66 0 22 9 76 0 62 0 70 0 29 7 0 0 0 47 55 0 60 0 0 0 46 14 95 58 0 51 53 0 0 0 41 54 35 30 76 0 0 0 35 50 75 65 2 9 48 0 0 7 0 27 71 0 0 58 52 22 79 97 0 0 56 61 37 0 33 0 16 0
 0 16 0 61 0 21 0 46 3 0 0 0 20 58 0 25 0 0 0 43 0 0 7 39 0 0 57 71 31 0 0 0 31 1 49 40 1 66 21 9 0 0 38 0 0 0 35 61 36 0 0 0 48 14 23 1 38 22 91 0 18 24 0 57 22 33 0 0 18 0 34 0 24 49 0 0 0 36 48 0 5 14 0 0 78 0 14 0 0 28 0 91 8 5 0 15 58 0 34 0 0 31 0 9 0 15 0 0 0 67 0 37 0 0 0 0 20 86 27 32 38 43 16 0 0 76 14 44 0 39 0 65 28 0 22 55 2 17 0 15 0 21 25 13 0 41 0 40 2 67
 0 0 0 0 2 0 0 46 0 34 66 28 48 0 0 0 12 0 0 0 0 35 0 23 0 0 21 0 0 40 0 1 7 0 0 11 0 0 15 0 75 0 4 0 0 21 21 59 0 0 32 0 0 7 26 0 15 13 26 0 28 57 24 24 0 33 0 26 35 3 0 21 59 31 0 3 51 12 5 0 33 47 41 14 0 0 5 0 14 0 0 0 0 86 0 31 58 42 0 50 0 0 0 0 0 31 3 24 0 0 44 0 0 51 38 0 0 0 0 0 0 0 22 15 0 71 7 38 0 21 61 60 0 0 4 24 35 50 0 0 42 17 1 0 0 3 0 0 79 0
 23 0 19 0 0 3 0 0 0 0 0 65 0 62 0 55 77 70 22 0 0 24 10 0 12 0 35 0 0 3 78 0 0 88 0 0 4 37 12 0 0 0 0 2 0 0 15 0 52 16 0 0 0 45 0 0 0 58 0 21 45 0 0 49 23 0 38 0 0 0 66 43 0 0 0 8 0 74 30 0 45 0 0 0 0 0 61 55 0 0 80 17 0 0 0 16 0 31 5 0 2 0 0 0 0 0 0 29 0 22 78 0 0 8 39 26 91 0 0 0 0 21 0 56 55 0 0 81 74 25 57 0 83 0 0 80 0 0 0 38 13 0 13 48 0 1 39 18 0 0
 12 13 0 37 0 42 58 0 38 10 0 3 0 0 35 77 21 51 6 9 57 50 0 51 30 34 0 25 38 0 0 0 7 41 0 0 0 15 56 14 5 33 0 0 13 1 0 0 7 0 0 40 42 17 0 0 0 36 56 0 0 25 35 0 0 8 0 0 38 0 0 0 46 0 0 68 0 0 25 10 0 0 15 0 28 37 0 15 2 0 50 59 0 11 0 0 58 0 0 32 32 0 0 0 0 0 0 0 27 0 3 9 2 0 1 79 0 16 0 0 3 23 0 0 94 42 0 0 0 0 21 0 0 52 0 1 0 19 0 1 0 0 0 13 0 0 0 0 0 0
 21 0 71 19 0 1 0 28 0 50 0 29 0 4 6 0 16 26 48 0 0 0 0 0 46 8 83 49 0 0 67 11 32 40 0 17 0 25 38 0 15 54 32 17 33 0 0 0 61 0 0 30 0 36 0 14 96 0 29 93 15 0 8 50 0 0 0 0 0 0 0 0 0 49 94 29 12 0 0 0 0 30 0 0 57 22 0 3 25 83 0 85 33 0 77 0 0 31 85 15 0 0 1 6 0 0 0 4 0 71 15 11 17 0 0 0 76 0 19 0 26 0 76 79 11 6 32 0 0 18 9 0 0 0 0 0 27 34 0 0 0 7 49 8 0 69 0 0 0 0
 28 0 22 0 0 0 4 50 0 17 26 33 16 0 1 0 2 0 30 0 0 0 4 0 52 0 0 0 89 0 48 0 27 66 0 0 0 0 13 0 29 0 48 0 10 0 60 23 0 76 0 2 0 0 8 0 0 0 5 0 4 0 0 54 3 0 2 1 68 62 37 0 0 62 36 15 0 0 77 0 0 2 37 24 20 52 50 0 0 0 15 0 35 47 0 0 83 0 53 0 0 75 60 1 0 46 0 41 9 37 0 56 0 0 69 0 0 55 26 71 9 0 0 47 33 42 32 58 13 0 0 16 0 17 10 93 10 0 39 0 0 0 4 76 6 0 50 0 0 0
 86 0 9 1 0 0 0 9 35 16 25 0 52 0 0 0 16 0 0 0 24 0 0 0 0 0 40 0 21 0 57 4 0 0 23 9 0 0 0 11 26 60 35 26 0 0 37 43 0 29 15 0 31 11 41 0 0 4 0 44 48 28 0 0 8 0 65 0 30 0 37 0 69 75 24 0 21 0 0 0 1 0 63 17 26 51 0 7 0 0 12 0 0 13 33 0 0 0 0 0 27 2 0 21 44 32 87 0 0 0 52 6 17 10 0 4 0 56 0 0 39 0 0 53 10 0 0 6 41 0 20 0 0 0 62 1 0 0 13 49 34 59 40 0 0 46 0 0 0 0
 0 0 0 58 0 66 3 0 9 0 2 28 16 9 0 0 22 0 26 73 11 14 22 7 0 0 19 0 15 0 61 38 58 91 11 58 0 0 21 92 0 0 38 40 0 0 5 62 14 0 6 14 0 48 48 26 0 29 0 0 65 74 37 94 37 6 61 14 24 12 8 0 49 0 22 70 0 0 0 0 0 0 53 0 66 0 0 0 29 12 0 0 0 55 8 0 37 35 60 0 0 0 50 0 0 76 0 22 7 0 0 0 0 39 0 0 44 2 0 0 0 1 15 78 0 10 0 83 15 0 81 9 0 0 26 0 0 4 0 0 19 0 0 0 33 0 0 0 4 0
 0 16 36 0 17 0 48 0 0 2 0 0 19 0 0 0 0 8 0 0 0 25 0 13 42 75 0 8 0 31 0 51 0 19 0 24 0 24 0 6 34 22 37 49 0 58 0 0 0 0 0 57 3 30 0 0 0 0 19 0 0 69 0 56 29 36 0 11 0 32 0 0 54 70 0 0 0 0 44 26 0 0 57 0 14 0 0 0 0 9 0 0 22 0 0 18 26 32 14 9 22 0 0 10 0 8 0 7 0 0 0 0 9 0 0 43 0 0 0 24 0 0 53 82 10 0 0 65 28 58 0 0 0 0 75 0 4 24 8 0 0 1 55 8 26 12 37 20 0 21
 0 0 0 64 0 3 0 0 0 0 0 7 0 39 0 15 0 0 32 0 0 18 0 0 12 63 0 2 24 14 0 75 0 0 44 38 0 55 0 0 0 17 36 0 4 0 0 0 39 47 0 0 0 0 0 0 12 0 0 8 0 0 0 0 93 0 85 0 27 4 0 0 0 17 0 0 72 0 0 9 68 0 0 2 26 0 2 6 13 22 0 25 0 1 0 37 0 25 0 0 0 32 5 43 23 2 29 0 33 0 7 0 0 33 0 0 24 36 0 0 0 4 0 0 1 0 0 0 36 8 0 52 23 0 7 0 0 0 15 0 20 0 20 21 0 32 28 23 0 29
 32 0 25 74 0 0 0 61 3 40 0 0 39 73 0 0 0 0 0 40 42 27 6 0 0 0 0 0 65 0 0 62 40 37 0 0 66 26 38 29 0 0 0 2 23 48 27 1 45 0 36 7 7 0 20 0 0 61 0 38 87 11 0 0 0 72 0 0 61 0 0 38 7 0 0 20 20 14 0 0 0 0 37 33 53 9 0 0 41 21 61 2 9 0 0 0 32 32 0 0 93 0 0 14 2 0 18 39 13 41 74 2 56 0 0 0 39 0 0 6 0 53 0 26 0 68 1 77 39 0 26 0 0 22 37 0 0 0 0 0 0 23 0 8 9 0 14 1 5 0
 0 0 0 30 62 43 0 77 65 0 6 59 0 43 0 0 2 50 80 15 14 22 56 0 0 18 18 0 6 8 0 0 14 0 3 0 52 27 0 0 65 13 0 15 0 0 0 0 0 0 0 0 24 0 0 34 64 0 2 65 0 0 0 84 0 45 96 20 17 32 0 58 52 21 0 0 0 5 38 9 0 23 0 0 95 0 0 4 0 34 3 10 0 0 19 66 31 0 53 0 0 79 47 0 0 55 8 0 0 0 14 0 0 6 0 4 35 0 0 0 0 5 0 6 27 22 0 0 0 17 63 0 0 0 6 0 0 0 0 0 14 90 0 70 0 0 0 66 67 0
 0 34 0 28 5 30 60 0 0 0 0 31 13 42 0 0 0 26 72 0 0 0 7 19 35 61 56 0 77 18 58 0 24 0 0 75 36 23 0 0 0 6 5 16 0 0 54 0 47 0 0 0 33 36 0 17 0 48 4 18 0 38 0 0 23 75 0 47 32 16 0 0 0 24 0 15 6 1 5 77 0 0 59 15 67 29 5 0 0 0 0 0 0 0 0 47 0 10 0 17 0 29 0 0 0 31 15 40 0 0 1 0 0 81 2 0 2 22 0 0 30 31 31 38 0 55 0 3 70 0 3 5 0 15 25 14 18 7 0 19 0 0 33 12 33 0 18 0 0 82
 0 71 0 0 0 0 68 0 17 53 0 0 60 0 0 55 0 0 87 0 28 0 61 0 49 9 51 45 0 0 41 0 0 0 78 0 16 82 68 0 0 0 11 0 40 0 14 0 71 8 7 39 13 30 0 0 0 44 0 53 0 0 0 54 0 0 0 0 21 0 0 0 68 0 0 0 0 3 0 10 32 0 61 35 15 11 17 0 0 0 69 26 20 32 24 0 3 0 1 53 0 33 0 0 4 0 0 0 15 0 59 25 15 0 0 74 0 0 41 0 30 57 0 36 13 0 19 0 0 48 73 0 54 12 17 19 22 19 64 0 5 0 33 0 0 0 92 0 32 35
 0 27 0 10 0 49 0 0 26 0 14 0 0 28 12 0 42 0 0 0 49 22 0 5 87 0 0 0 0 60 6 0 83 53 17 0 0 0 53 1 0 0 0 7 0 16 0 4 15 45 0 13 0 43 0 10 0 49 50 3 0 48 0 0 0 24 0 0 42 15 19 0 9 34 4 0 46 73 34 0 0 67 0 35 0 0 54 10 0 0 16 0 49 0 88 33 0 0 0 0 31 0 51 0 36 0 7 0 5 24 19 0 0 51 76 0 7 0 14 88 0 0 8 0 3 0 0 30 40 2 57 47 22 0 17 76 0 35 0 0 61 47 50 11 73 9 0 19 16 54
 0 0 65 50 0 1 17 1 0 0 87 55 0 0 0 23 0 0 0 5 20 40 7 46 0 0 84 31 11 5 41 1 42 0 0 0 12 0 0 0 0 23 0 0 46 0 67 35 0 0 72 1 0 0 0 0 43 0 67 29 0 0 0 20 35 16 39 18 30 0 53 2 83 65 0 0 0 0 24 0 0 0 0 45 33 0 24 0 6 0 0 0 0 0 0 0 50 19 9 41 0 28 0 0 1 0 0 5 91 0 0 0 0 0 0 22 0 91 0 0 48 0 0 14 0 14 2 0 11 10 30 29 0 0 0 0 40 20 21 64 0 62 16 42 0 22 0 21 0 0
 0 0 0 74 0 17 81 95 0 0 0 0 0 0 0 43 84 0 33 5 0 0 0 0 0 0 35 29 0 0 15 18 0 8 12 63 40 0 39 47 0 0 89 0 0 13 60 19 14 0 17 40 11 0 0 29 0 0 16 36 40 23 37 16 16 0 0 26 23 39 0 60 0 0 0 0 23 17 10 8 0 38 64 29 61 84 0 0 0 45 28 8 6 0 0 0 19 12 17 69 68 59 0 32 0 78 0 70 6 46 0 0 65 0 52 0 0 0 0 0 0 0 0 8 24 85 0 0 0 27 40 49 54 0 0 0 30 0 0 0 17 13 4 40 0 0 0 0 0 0
 19 0 0 61 6 27 0 0 37 0 0 0 0 0 0 30 5 32 30 0 80 52 4 0 0 45 0 0 0 0 0 0 0 0 0 11 0 43 6 26 0 0 0 9 0 0 0 0 0 0 11 57 0 0 0 0 0 17 0 58 7 0 0 0 68 0 0 88 0 0 0 8 84 0 0 82 4 21 0 67 0 8 19 32 0 0 0 5 84 0 0 90 0 0 0 0 0 0 34 0 67 0 1 0 4 17 9 0 0 0 62 0 0 12 0 0 0 0 0 29 26 0 0 0 51 9 0 72 55 0 19 0 0 0 0 82 72 6 6 66 63 0 73 78 0 93 9 62 0 30
 22 0 0 32 0 38 7 0 0 11 38 0 0 0 0 51 44 4 51 0 0 9 0 0 23 0 15 0 54 26 75 41 11 45 0 0 0 0 3 0 0 44 4 5 0 0 35 0 0 58 0 0 0 87 2 0 0 0 2 0 0 0 25 0 0 38 0 0 10 0 0 27 75 7 0 29 49 0 0 0 55 24 24 0 25 0 0 55 13 8 0 19 0 64 8 0 0 0 0 7 0 0 0 64 0 28 0 37 16 40 21 0 0 0 0 0 0 79 83 7 2 0 20 13 0 0 18 30 0 4 0 67 0 0 33 38 0 56 19 0 14 35 0 0 8 1 0 0 0 0
 0 0 36 0 33 0 0 0 0 79 0 0 0 15 50 4 22 13 9 1 0 20 19 52 0 15 12 0 19 29 7 0 50 0 0 0 46 18 0 0 0 6 0 78 0 21 0 0 0 28 0 36 0 0 16 22 22 72 52 0 0 0 0 0 57 70 14 15 33 0 77 1 96 26 68 20 0 10 0 0 0 0 15 0 32 0 46 52 61 6 1 0 0 0 36 39 0 0 47 0 0 0 28 0 0 0 19 0 6 62 0 0 9 0 0 0 0 0 59 56 7 69 0 39 25 14 0 0 31 0 0 59 38 0 58 0 4 0 0 0 0 0 0 47 0 14 0 0 49 37
 66 0 0 21 4 1 29 0 0 0 9 0 0 29 37 62 0 0 0 0 0 24 23 0 30 27 91 0 0 0 0 45 0 35 58 0 0 54 0 0 5 0 0 8 0 17 0 9 0 0 67 64 37 0 0 18 0 0 0 0 0 6 0 31 90 0 14 0 57 19 86 30 0 0 0 56 0 0 21 33 0 0 31 16 0 41 0 0 0 60 12 59 0 0 71 10 0 17 53 0 0 1 0 0 0 45 0 0 0 0 0 0 0 33 60 0 29 3 0 61 0 0 73 0 15 24 34 0 0 0 16 0 18 0 4 2 0 25 37 0 23 0 0 0 40 65 11 0 2 19
 35 0 0 12 0 0 44 42 0 0 0 46 64 16 0 0 25 64 39 64 0 42 0 0 0 0 0 49 19 49 21 0 0 0 9 12 2 44 8 0 0 18 0 8 0 29 87 70 0 0 0 0 0 0 42 2 0 69 12 0 47 0 38 18 0 0 59 0 53 0 9 0 0 0 48 6 32 37 41 0 7 0 0 72 0 0 0 0 0 0 0 0 0 0 0 0 0 39 0 15 78 0 0 20 23 77 0 0 0 5 0 0 0 0 0 69 0 2 56 25 65 0 0 28 0 14 40 0 43 16 25 36 0 33 68 37 36 2 0 0 0 0 2 69 15 0 0 74 26 0
 0 13 37 0 0 0 39 0 0 0 0 0 0 44 71 0 66 0 29 0 30 47 0 4 0 0 54 0 21 67 50 18 72 0 22 0 32 0 44 57 1 30 0 12 0 0 47 90 0 0 53 28 82 0 0 0 0 0 69 28 89 49 31 43 60 0 0 0 0 0 2 0 0 44 0 70 0 11 0 0 0 0 27 16 27 70 0 0 39 0 28 0 58 79 35 0 47 72 0 30 22 0 7 16 10 7 58 55 0 0 0 0 66 2 0 0 0 0 74 0 20 17 0 28 22 0 0 0 0 22 69 16 8 54 38 0 0 62 45 0 0 0 0 73 0 0 0 93 94 0
 0 0 3 0 0 12 31 22 0 55 0 0 22 0 85 20 58 1 20 31 0 0 3 0 42 20 0 0 0 0 80 0 0 12 28 44 0 56 0 0 0 16 0 0 79 0 0 54 25 23 0 36 0 0 0 0 0 0 0 53 0 26 0 0 16 9 0 0 79 0 0 0 8 33 37 0 0 26 82 53 29 1 21 0 23 24 38 0 27 22 0 0 0 42 0 0 0 31 59 72 0 0 47 32 0 0 30 0 0 0 0 0 53 0 6 0 17 33 26 27 0 0 0 28 0 0 0 33 0 61 0 13 0 0 0 14 0 40 18 0 35 2 30 0 0 0 17 12 9 0
 15 0 1 0 26 71 0 65 0 70 0 0 0 0 0 24 0 32 0 0 38 0 0 28 0 0 0 25 0 0 0 38 0 0 0 20 57 16 0 0 7 0 0 0 2 0 45 0 25 16 13 18 4 0 20 6 33 55 0 16 64 94 42 0 0 5 0 0 0 3 36 0 0 0 45 0 27 95 0 85 0 54 0 27 15 0 0 0 16 0 0 13 0 1 0 0 0 4 0 30 0 78 20 0 0 2 4 40 0 0 17 0 0 0 4 10 65 0 44 0 43 50 0 0 4 0 9 0 0 11 36 21 0 0 71 0 0 51 65 21 27 0 26 44 50 90 9 0 0 0
 0 24 0 0 0 0 0 28 0 0 38 0 99 47 29 0 20 0 4 62 0 0 0 34 37 0 0 1 0 5 0 0 0 0 29 79 0 36 0 0 51 66 47 36 4 24 85 4 47 57 0 43 24 0 0 0 0 0 37 26 29 0 5 60 0 76 84 87 0 29 34 44 1 0 56 11 0 67 0 2 99 1 0 12 0 49 9 0 4 0 69 0 0 32 39 83 6 63 0 70 23 38 3 0 0 0 0 0 10 0 0 3 0 25 0 7 0 62 0 6 88 11 0 0 0 0 0 49 46 0 0 0 0 32 65 0 31 36 20 7 0 0 0 45 0 0 0 70 11 0
 36 0 10 22 31 50 0 70 55 47 30 21 0 0 21 0 0 0 0 0 36 0 3 33 0 0 33 0 0 17 0 0 19 51 0 0 0 0 0 5 78 5 0 0 0 19 64 0 0 0 0 0 0 0 42 0 0 26 46 0 0 0 48 37 44 31 0 17 85 0 37 0 0 0 18 7 2 96 0 0 0 10 35 0 0 0 33 0 77 0 6 48 0 0 63 0 12 0 0 0 0 42 11 21 0 0 75 62 74 0 23 0 30 0 32 0 35 0 0 20 0 0 0 0 0 0 30 11 0 0 0 68 29 29 0 19 59 0 0 0 0 0 0 0 37 0 0 0 0 0
 22 0 24 4 37 0 0 16 0 0 4 0 30 23 0 7 0 0 17 79 0 0 64 0 0 49 0 0 0 21 90 67 0 0 2 0 59 79 0 0 27 0 44 11 0 0 0 50 25 0 66 0 0 0 0 6 0 22 0 58 0 0 0 0 41 0 67 0 0 6 52 0 0 0 0 0 15 0 0 27 74 0 90 9 57 0 0 0 2 3 58 0 1 28 0 34 0 0 26 0 12 0 0 21 0 69 0 10 0 0 0 0 0 0 63 0 0 0 0 8 0 36 0 0 14 0 0 40 30 0 0 87 3 7 55 1 0 65 0 27 0 33 0 0 0 53 0 40 0 2
 0 72 63 3 0 0 14 6 23 0 39 0 74 0 40 26 0 15 39 8 0 61 0 0 0 0 21 23 23 0 9 18 15 0 0 0 0 0 54 0 0 0 0 0 0 0 23 0 2 58 33 0 53 76 0 95 0 22 69 22 0 0 30 28 0 0 44 0 0 0 0 0 0 2 28 0 0 0 54 0 0 8 0 42 0 18 52 0 0 0 21 0 33 8 16 0 0 0 11 0 0 25 0 0 37 0 9 0 5 16 42 0 0 15 30 7 20 0 0 0 3 0 0 28 36 24 44 0 5 56 0 0 12 0 48 0 49 57 0 0 30 0 0 0 66 0 26 30 0 58
 71 0 71 23 11 40 22 21 38 0 5 80 0 0 21 0 0 0 37 47 0 33 42 0 24 0 31 29 8 0 0 0 19 48 99 48 0 0 0 0 2 0 0 0 67 54 0 74 0 9 6 22 60 79 0 0 28 43 0 0 0 0 0 0 0 0 0 0 0 89 0 0 40 0 0 21 33 0 0 0 22 3 0 55 70 23 0 0 65 18 16 0 13 0 0 0 0 36 81 0 20 0 0 0 0 5 0 18 8 0 72 38 0 0 4 10 0 0 59 0 0 46 9 0 42 55 0 4 0 0 0 0 0 0 16 0 0 0 9 0 0 0 0 0 0 3 0 13 93 0
 0 0 0 0 0 19 0 43 0 92 0 0 25 32 51 85 70 56 76 0 0 20 74 4 1 0 0 45 3 0 62 0 6 51 37 28 40 0 0 0 0 0 24 23 0 50 0 0 0 0 59 80 21 6 15 16 23 24 0 0 0 0 42 25 0 0 70 0 0 6 35 0 94 20 18 0 52 0 0 15 0 88 64 0 0 80 69 0 48 0 0 0 60 0 37 0 6 10 0 0 85 57 0 14 0 0 23 0 0 73 0 23 2 57 10 57 82 58 0 0 23 31 0 18 37 0 0 26 0 31 16 35 0 10 0 55 0 0 35 17 0 0 0 0 0 45 64 0 18 0
 40 0 53 56 3 0 0 0 0 15 0 8 0 40 0 0 0 48 0 0 25 25 12 0 0 2 8 0 0 64 4 0 43 0 2 63 14 0 0 5 32 0 0 0 0 0 0 0 23 0 42 0 35 38 0 0 0 0 83 77 0 60 28 32 0 25 6 0 0 0 0 35 56 11 0 18 15 50 0 98 0 0 75 0 66 0 64 45 0 10 0 14 22 0 62 17 59 0 54 77 25 18 55 27 35 0 42 0 0 11 0 0 72 82 0 0 0 57 0 0 0 48 47 47 21 5 0 39 0 0 9 0 0 0 37 76 0 0 28 45 90 0 12 0 12 0 0 0 0 66
 0 0 0 62 0 29 26 9 0 39 51 74 0 10 47 67 0 0 0 30 12 0 0 0 33 6 0 0 0 66 0 82 0 0 24 0 22 0 50 0 26 0 0 0 0 57 0 10 0 0 22 0 76 60 64 21 60 0 0 0 7 0 50 52 0 32 0 8 23 0 53 58 0 0 0 36 12 30 11 42 38 49 5 72 16 40 0 40 25 11 4 0 0 0 39 7 31 0 0 15 78 0 0 2 17 42 0 38 0 0 0 6 0 0 51 0 0 15 0 2 16 67 0 18 0 0 0 11 0 0 0 22 0 0 3 0 12 0 39 38 8 0 11 36 0 62 42 0 19 24
 42 0 75 50 0 0 0 42 51 1 33 0 8 0 0 0 0 0 14 14 20 0 0 22 34 14 0 0 36 21 0 39 0 94 45 26 0 0 0 75 15 0 1 0 28 0 0 75 0 17 0 8 36 74 0 31 0 61 0 0 69 28 0 0 0 0 2 16 12 69 0 29 0 0 0 15 39 0 0 0 0 0 0 10 0 0 9 0 14 0 0 0 0 0 0 8 0 0 0 0 22 0 15 0 0 29 54 38 17 21 0 0 14 73 28 61 0 0 18 0 13 17 32 47 0 36 8 0 0 0 0 18 65 0 0 0 0 0 85 10 0 15 0 15 0 0 32 3 31 39
 33 53 11 26 0 0 0 0 0 2 0 0 0 0 0 0 0 44 0 0 0 58 0 0 8 0 0 0 18 0 0 0 3 54 0 0 36 0 49 55 0 0 0 0 19 0 29 0 0 47 0 0 0 0 8 0 19 49 39 0 14 11 0 0 0 0 0 42 37 4 8 0 17 0 0 0 3 51 0 68 13 52 0 4 0 7 0 0 54 1 0 35 0 70 1 0 0 0 52 0 70 53 0 0 0 5 0 56 0 0 35 0 46 0 0 56 34 78 0 60 0 0 85 27 0 55 0 0 0 0 30 0 0 18 0 0 0 0 9 10 9 0 0 11 0 49 0 61 0 18
 0 0 9 0 26 0 36 0 0 36 0 0 0 23 0 54 0 0 49 0 0 0 11 0 2 0 0 0 61 0 0 0 69 3 0 2 56 0 12 53 2 47 24 57 0 61 17 84 13 31 0 66 3 0 0 4 18 0 0 39 0 0 19 53 52 0 0 4 0 0 3 0 9 60 0 0 14 0 10 2 0 0 0 0 0 70 88 0 57 10 68 6 9 6 0 0 0 60 0 0 0 1 56 0 0 16 0 18 0 76 16 0 50 64 46 59 0 3 6 0 78 0 0 3 32 0 35 8 37 64 18 42 7 59 37 0 6 0 26 0 26 27 36 0 0 59 25 30 96 13
 0 0 0 0 0 76 12 0 0 0 0 0 0 0 39 60 0 53 0 0 1 45 52 27 0 0 55 0 0 4 47 4 19 6 29 22 0 0 0 17 18 0 23 33 0 0 6 0 0 0 66 8 0 68 0 0 7 0 0 0 9 79 54 33 0 0 0 33 0 20 80 0 0 0 19 0 5 49 58 0 33 0 26 33 12 17 0 56 1 0 0 62 21 0 15 0 70 62 59 0 0 47 39 4 0 60 0 3 0 0 0 0 3 79 0 0 0 26 15 0 35 0 0 0 0 0 11 87 0 50 0 0 3 28 15 9 12 0 0 41 0 0 0 0 0 79 0 0 42 0
 64 24 73 0 29 0 27 17 86 10 13 0 0 0 66 0 0 4 0 43 0 62 0 82 0 25 0 55 0 0 52 0 0 0 36 41 54 0 12 30 0 0 57 23 0 10 5 0 76 38 0 2 29 0 7 0 34 18 89 0 0 39 18 0 74 0 8 30 0 0 59 0 3 34 28 12 46 0 55 48 11 11 0 0 0 0 0 75 93 34 0 0 4 0 0 0 0 2 54 38 7 14 43 0 0 9 0 0 0 0 0 0 27 10 51 0 0 0 29 0 0 0 53 2 0 0 38 23 22 0 9 0 27 0 0 11 24 53 33 3 64 51 17 15 81 45 7 36 3 0
 24 41 0 27 5 0 8 51 0 0 0 0 38 8 19 73 20 11 0 0 43 33 16 38 13 41 26 0 17 10 15 0 0 0 58 0 0 0 0 34 0 0 0 77 53 0 26 27 38 0 5 7 0 12 73 0 0 23 0 85 0 0 0 8 0 13 16 25 0 14 70 78 76 0 53 12 36 0 0 0 0 13 0 0 26 13 63 35 61 0 0 5 31 57 0 0 0 0 35 37 14 0 0 0 83 0 0 0 43 47 0 0 0 12 0 0 0 25 40 0 36 0 0 0 35 0 40 0 0 0 0 0 54 0 0 8 71 47 4 0 0 0 0 39 0 22 0 0 44 53
 0 0 33 18 0 0 0 51 0 6 0 67 0 0 0 0 0 1 0 0 34 34 14 6 11 0 0 33 0 27 0 17 0 10 38 0 2 23 0 68 0 0 21 0 16 3 70 51 0 0 8 0 0 4 50 10 19 15 34 0 38 0 0 52 9 27 0 19 0 0 65 12 18 0 0 0 30 0 11 8 0 0 57 0 70 0 0 0 59 0 4 0 57 30 10 27 26 29 66 0 0 7 1 13 28 15 0 0 0 0 49 4 35 49 0 0 14 0 0 0 0 29 0 48 0 9 37 3 0 19 0 0 34 35 0 0 0 44 42 0 42 0 82 0 0 23 24 0 41 0
 23 0 17 0 0 0 0 0 0 0 0 7 35 0 0 25 0 46 0 59 39 51 0 0 49 46 0 20 28 11 34 0 0 50 2 0 0 0 13 0 42 46 0 19 0 44 55 40 35 0 0 0 0 37 0 0 0 0 47 16 37 15 31 0 0 37 0 0 64 0 43 52 65 39 0 0 39 37 53 70 0 15 0 27 72 81 0 0 0 42 5 79 40 22 0 63 0 0 0 6 64 0 45 3 7 0 33 86 49 20 28 27 67 0 0 16 0 34 0 58 14 0 25 0 36 0 10 0 0 0 56 0 46 0 63 80 48 0 0 7 0 63 0 0 0 0 4 13 0 0
 0 0 0 36 0 0 0 14 62 0 0 0 55 0 22 0 65 76 48 0 0 13 0 0 0 32 0 0 0 0 12 16 0 1 0 37 0 0 0 13 16 11 0 33 48 0 0 84 0 0 0 18 0 0 0 0 0 14 0 4 0 4 0 0 34 0 0 30 0 13 0 0 9 82 21 14 61 0 21 17 0 0 60 62 2 0 0 0 23 6 14 0 2 31 0 37 35 54 14 5 0 29 0 75 7 0 0 20 1 8 0 0 36 0 11 0 0 0 4 21 0 0 0 0 0 74 0 0 83 0 0 25 0 19 68 0 9 4 21 0 61 35 0 55 88 41 0 61 87 60
 0 36 28 0 84 0 0 42 38 4 4 39 54 0 6 7 64 0 0 65 0 41 0 0 0 27 0 0 34 42 0 24 7 85 59 0 0 0 0 61 39 23 62 0 19 41 0 0 0 0 40 0 0 43 21 61 0 0 12 0 26 2 0 0 0 0 9 0 58 5 0 0 8 1 36 0 0 0 0 0 0 66 14 49 0 0 11 75 10 25 0 0 0 73 0 59 0 89 37 0 13 0 0 53 0 9 0 0 0 21 26 0 62 6 0 0 46 0 7 0 49 21 0 0 25 0 0 5 0 87 0 2 24 51 0 0 24 0 33 20 43 45 0 0 0 0 8 15 37 42
 26 40 2 3 21 86 0 0 73 23 28 32 9 25 0 47 0 69 0 0 5 0 0 0 67 0 0 0 0 0 0 0 0 0 0 42 0 82 6 11 32 0 0 89 0 37 30 48 0 0 0 0 0 0 0 0 11 0 54 0 0 55 0 0 4 94 0 57 0 66 0 0 0 54 0 0 31 2 0 14 2 60 0 0 0 31 0 68 4 0 7 0 0 0 0 9 0 0 78 0 23 0 0 0 11 77 26 21 47 0 0 38 0 0 0 36 0 0 76 53 61 0 24 0 0 0 4 0 42 90 31 6 82 0 0 0 13 2 11 24 0 0 9 11 39 22 71 20 39 0
 0 78 38 0 14 0 3 46 42 0 0 0 5 0 0 0 63 0 3 59 31 0 4 0 48 5 0 0 0 7 13 0 0 0 0 24 1 59 25 74 0 55 35 32 0 0 0 0 76 4 70 27 16 0 14 18 0 27 0 0 89 9 19 0 1 31 64 0 0 39 0 0 58 0 1 34 0 0 0 0 0 13 5 35 44 63 0 0 47 64 31 44 0 0 83 0 0 24 15 56 0 0 0 43 61 0 0 42 25 27 0 0 62 0 7 62 0 47 0 0 10 0 0 0 0 21 72 0 0 0 0 0 19 0 0 5 20 31 8 64 0 27 0 0 0 0 0 0 74 0
 2 0 0 0 18 0 0 0 51 0 57 64 0 0 20 0 0 0 0 0 55 0 0 0 0 11 0 0 0 41 0 17 80 87 0 4 0 6 0 0 0 0 0 4 64 58 0 5 0 0 0 0 0 0 25 90 8 0 0 14 55 0 32 0 22 0 29 1 64 0 8 0 0 63 31 19 0 0 28 58 0 25 0 22 0 0 0 0 0 0 43 15 0 0 3 0 68 0 0 11 76 0 0 0 0 55 46 39 33 0 85 10 38 49 16 0 0 25 23 0 27 57 44 16 0 0 86 0 83 0 80 37 45 0 0 44 0 0 20 4 0 28 0 0 39 0 85 0 23 74
 0 23 0 83 0 29 48 72 52 6 37 23 26 0 0 0 0 0 0 17 0 55 11 18 0 0 17 0 37 0 0 24 0 0 62 28 0 0 0 42 0 0 0 0 0 39 0 0 85 0 0 0 37 0 17 0 74 14 66 49 0 0 27 5 0 55 0 0 0 25 0 0 34 21 64 0 25 6 4 0 0 0 75 0 71 0 0 39 34 0 0 0 0 50 0 5 0 83 83 25 26 7 90 67 0 26 38 16 28 0 7 0 0 0 0 0 11 0 0 7 0 67 0 9 0 38 58 30 38 9 31 25 0 53 0 23 0 9 71 29 0 89 25 0 0 0 71 0 40 0
 74 28 26 0 21 2 0 0 30 0 41 0 0 6 0 0 0 0 24 0 19 45 51 13 31 0 0 0 49 0 76 0 0 45 18 0 7 21 59 27 29 0 26 0 0 39 0 40 0 0 0 0 20 0 0 16 3 22 18 0 0 32 0 10 0 1 0 68 5 0 54 25 0 61 0 63 38 0 0 0 0 0 4 37 10 64 0 44 0 34 0 0 0 39 0 0 40 12 0 29 81 0 8 0 91 6 0 12 0 0 27 15 65 53 70 80 30 0 15 0 24 7 15 10 0 0 0 0 79 81 48 19 0 14 0 0 31 0 0 0 0 53 0 38 18 92 0 11 0 39
 0 72 40 74 85 9 0 44 0 0 80 33 0 43 0 42 0 0 67 0 0 30 0 1 0 0 20 0 0 0 35 0 44 34 33 0 85 0 10 0 6 31 20 31 3 59 0 0 0 37 94 0 18 38 0 0 44 19 34 0 0 0 87 0 0 0 27 17 17 10 68 0 56 0 62 25 0 0 0 12 32 0 0 71 17 0 0 0 27 50 37 0 68 39 0 0 0 0 13 0 7 0 33 28 17 0 44 0 0 11 0 0 0 42 26 0 65 18 92 0 23 39 0 0 25 0 0 0 10 31 0 0 33 0 0 25 2 0 0 38 51 3 43 5 0 31 4 8 74 58
 28 6 48 0 0 31 49 0 0 0 0 4 31 0 0 0 0 0 0 0 82 14 52 0 0 4 17 31 7 0 64 0 0 0 0 0 0 64 12 52 0 0 0 0 14 39 20 28 0 0 84 45 0 0 0 21 4 28 70 86 28 0 20 77 0 0 1 77 0 0 0 60 0 42 51 28 0 0 36 79 14 48 20 0 38 77 0 0 82 27 54 15 7 0 0 0 0 56 0 0 61 36 0 0 24 0 9 47 0 26 10 38 8 31 0 48 0 45 62 0 22 0 40 0 50 0 42 0 7 0 0 0 9 0 67 32 34 0 0 0 0 0 0 0 0 0 0 14 49 20
 0 0 0 0 74 0 12 0 26 25 0 78 25 0 74 0 0 0 6 57 61 0 0 43 0 0 0 23 0 13 43 9 0 15 0 27 85 21 0 16 0 0 0 40 49 0 46 3 0 15 6 0 28 39 0 0 0 22 53 49 0 0 0 0 0 34 0 0 60 9 10 0 0 0 11 0 0 0 48 0 33 10 0 51 0 7 17 0 0 0 0 0 0 0 0 70 41 0 0 54 0 0 0 9 30 26 34 0 25 53 0 0 0 19 0 0 13 0 70 0 15 85 91 7 39 0 0 0 0 35 0 62 0 0 0 8 53 0 60 0 0 0 0 0 0 0 0 36 0 0
 25 40 0 0 0 8 43 90 0 0 0 0 42 0 16 0 21 0 51 0 0 0 14 0 0 24 0 0 0 1 0 17 12 21 1 29 0 0 0 0 16 49 90 7 0 54 0 0 0 19 0 0 0 41 64 22 0 30 53 23 40 0 4 25 0 0 0 0 30 0 29 57 0 48 0 24 65 0 0 0 64 0 75 0 32 0 0 29 0 6 9 24 53 16 51 0 22 2 0 73 0 0 77 0 0 0 5 26 0 43 0 33 74 0 17 26 24 0 7 49 33 66 15 0 79 0 40 50 0 0 0 19 0 43 7 0 0 35 16 0 0 0 62 0 15 17 0 88 0 41
 0 65 0 54 82 0 0 0 38 0 0 0 0 0 0 9 27 0 50 0 0 10 32 0 0 75 0 0 14 49 0 0 0 0 41 0 12 57 21 0 0 54 18 0 11 6 0 32 0 75 0 56 23 43 0 18 0 0 17 0 0 57 0 0 96 0 12 0 3 81 0 0 87 0 39 9 22 0 74 0 81 0 0 17 0 79 9 0 0 0 0 0 12 14 5 0 0 27 0 0 0 0 0 51 0 10 0 60 13 79 0 0 0 18 14 0 0 0 78 0 0 0 0 0 11 67 13 75 0 0 0 0 27 0 5 29 0 0 0 23 0 32 11 31 0 0 9 45 0 31
 0 39 14 0 0 0 37 0 26 0 0 2 38 0 0 46 32 0 0 68 0 0 0 0 0 5 0 4 0 71 15 0 0 0 0 0 0 9 90 0 66 0 0 0 0 0 13 54 81 13 5 38 82 53 0 25 87 6 0 70 0 17 0 39 0 0 53 72 0 0 0 0 39 0 0 45 24 25 30 39 0 0 57 0 0 37 20 0 0 25 89 50 38 0 51 0 0 62 0 0 0 0 9 68 7 0 20 0 61 5 0 0 0 58 0 2 47 0 0 69 12 0 83 65 37 0 75 44 0 62 0 0 75 0 40 0 0 0 57 22 0 0 0 0 35 0 55 3 0 58
 20 50 0 0 0 49 0 37 27 0 0 52 0 0 0 15 25 37 0 0 10 12 4 0 0 4 0 17 55 32 13 29 9 0 0 0 17 0 0 53 31 27 29 25 10 0 0 17 0 0 0 22 14 0 35 0 52 0 42 0 0 28 30 9 31 0 4 5 17 0 27 0 9 0 0 51 0 86 56 24 64 63 85 0 46 0 0 64 0 80 0 62 12 0 54 0 0 0 0 0 57 4 65 0 0 0 0 0 0 46 0 83 0 44 0 51 22 0 38 0 0 24 78 0 0 0 26 0 85 0 0 14 0 69 0 50 0 1 0 27 0 38 35 0 37 0 6 20 0 21
 39 47 23 19 0 0 0 0 0 30 0 0 30 2 38 0 0 65 0 0 0 2 0 36 0 0 0 0 0 0 0 7 38 4 0 0 97 29 47 0 0 0 0 70 65 0 1 0 12 0 0 0 0 0 22 50 0 0 0 0 17 0 64 28 0 0 0 0 0 0 34 75 0 0 65 50 46 23 30 0 40 0 61 0 0 11 73 20 31 0 0 44 89 72 0 0 51 0 75 8 0 0 0 54 0 50 46 58 21 72 81 26 93 0 0 0 0 38 21 0 0 0 10 0 7 14 0 19 0 8 0 0 50 32 29 26 24 0 0 0 12 0 0 2 0 25 0 15 58 0
 82 14 0 0 0 0 35 0 54 5 0 0 70 0 0 0 0 26 0 0 0 43 4 0 37 0 11 17 0 3 0 14 88 0 0 0 0 0 10 30 0 94 0 2 6 18 30 0 0 0 0 0 0 24 15 0 18 54 0 0 0 0 41 45 76 0 48 23 0 24 3 33 30 26 35 10 34 8 32 33 0 47 66 46 0 0 27 0 8 18 54 8 46 6 0 0 36 55 0 25 0 15 0 3 0 11 0 85 77 0 0 73 10 33 0 0 92 47 0 61 0 0 7 0 0 44 0 11 0 74 21 0 8 75 0 0 0 0 0 0 40 27 0 0 0 41 0 0 27 0
 0 0 0 0 0 0 0 21 76 66 39 0 52 0 0 27 0 29 6 3 25 0 34 1 0 0 0 44 0 37 81 0 4 39 85 0 29 13 0 61 41 39 0 40 53 0 0 4 0 9 56 4 28 0 0 19 34 27 0 0 10 0 25 0 24 0 28 25 0 26 70 0 59 4 0 23 14 0 0 81 17 0 72 8 45 0 0 33 0 0 0 0 0 23 0 0 0 0 3 0 0 4 0 6 0 28 0 17 38 15 0 0 26 24 30 0 53 0 0 21 0 0 0 20 0 0 0 56 6 78 0 0 0 0 0 33 16 0 0 0 64 0 0 39 0 0 34 0 11 65
 0 63 0 31 49 36 17 0 0 37 0 0 31 0 24 19 16 0 65 10 10 71 43 31 0 0 0 0 91 20 59 0 0 0 78 13 19 0 0 32 0 0 38 0 5 66 0 36 65 0 0 0 54 89 0 22 0 0 73 22 82 0 0 10 0 88 0 0 6 0 19 2 0 40 90 0 15 0 14 29 0 35 5 0 72 0 0 34 0 18 0 0 0 0 0 59 37 0 0 47 0 15 0 0 0 0 1 0 0 0 58 0 0 18 0 0 30 21 0 0 0 0 0 46 10 65 0 43 0 54 0 0 34 0 0 16 22 4 0 15 0 0 35 15 0 0 31 0 49 16
 0 0 0 0 0 0 22 21 33 0 73 67 0 0 46 23 0 20 28 64 0 46 48 0 54 0 69 0 48 0 53 0 12 0 0 76 7 0 0 0 0 12 0 17 87 0 64 0 56 0 21 64 0 52 0 8 0 0 0 44 0 15 62 94 52 32 49 0 1 0 57 0 66 28 72 0 69 37 0 0 52 0 0 0 0 0 67 0 0 24 0 50 0 66 45 40 0 10 25 0 0 6 0 0 22 42 0 0 33 41 3 30 0 46 72 0 0 43 63 44 12 21 44 12 71 5 7 27 0 0 0 29 26 55 0 9 5 9 60 8 0 0 21 0 2 0 0 29 0 22
 0 92 2 0 0 90 0 0 0 5 0 95 0 68 41 0 59 0 0 7 8 89 0 55 0 27 20 16 0 0 0 0 34 0 0 6 0 35 0 0 4 0 77 4 26 37 34 0 0 0 21 0 0 0 0 11 7 0 0 79 86 0 72 0 30 24 0 73 0 33 0 30 1 20 44 14 0 53 44 0 0 87 24 0 0 0 61 33 0 0 0 30 46 75 40 0 26 45 0 0 21 73 0 52 0 65 0 25 0 0 87 32 67 9 47 57 0 36 0 66 0 6 76 2 0 0 0 0 74 60 0 7 0 0 0 54 83 32 74 18 33 0 0 0 0 0 0 59 0 0
 16 43 45 0 22 0 19 65 0 31 0 44 0 0 0 46 0 0 0 29 0 0 22 5 0 0 59 91 0 35 0 0 0 18 0 0 0 29 0 53 39 29 20 50 0 0 0 50 0 59 0 0 0 0 0 0 4 0 81 0 12 61 0 4 0 0 0 0 11 0 31 13 0 17 4 0 64 57 0 0 15 0 64 0 9 0 14 63 6 0 56 74 68 26 0 35 13 0 4 35 11 0 0 0 4 0 0 81 0 0 29 0 0 0 11 28 25 0 0 0 0 14 41 52 0 0 0 47 34 15 0 0 6 50 0 0 47 0 0 12 11 0 56 0 0 40 54 0 0 0
 48 87 66 0 55 0 42 0 47 0 0 7 0 0 0 66 0 62 0 0 0 0 33 26 0 10 0 64 0 0 85 12 0 0 12 32 0 11 46 0 26 0 0 0 47 0 87 0 0 0 26 0 0 0 12 0 86 84 0 78 0 0 0 35 0 36 23 0 13 8 0 48 40 0 6 0 0 7 0 27 0 40 27 18 73 0 0 0 50 0 0 0 60 0 26 0 30 7 69 0 0 3 43 0 0 91 20 26 1 20 0 0 31 0 0 0 0 47 16 0 0 0 22 0 58 13 0 23 27 37 0 0 0 0 0 0 0 3 61 0 0 0 0 0 0 0 0 60 0 0
 7 47 75 0 0 0 0 0 0 8 0 0 87 84 0 0 0 0 67 33 0 0 0 18 52 16 42 42 27 7 57 15 18 15 0 50 0 49 10 0 44 0 0 1 0 59 0 8 5 6 55 0 0 59 28 0 40 38 89 0 0 30 69 77 9 18 18 65 0 0 10 75 15 0 0 35 0 0 0 0 24 25 56 38 0 56 82 35 0 69 0 0 0 0 18 33 0 0 0 37 0 4 0 0 0 0 0 0 17 0 0 60 36 27 0 5 12 0 45 0 0 0 0 0 0 53 13 0 0 9 48 4 0 0 0 0 36 9 68 0 0 0 29 15 29 28 17 25 0 0
 0 0 0 14 15 69 51 13 0 8 69 0 49 46 1 0 21 92 23 31 22 83 9 10 0 0 0 17 0 20 47 0 0 0 36 90 0 31 0 35 58 0 27 42 48 0 19 60 30 0 63 0 29 3 24 0 69 68 12 26 0 41 4 0 75 0 81 17 73 0 16 52 0 0 0 0 0 83 0 7 0 0 0 21 40 48 37 0 33 0 8 55 60 32 4 0 0 28 0 15 3 0 14 58 0 20 0 22 0 31 25 0 0 26 0 0 5 17 9 7 59 22 29 16 0 7 18 26 1 0 0 0 0 95 7 5 74 32 0 7 5 75 0 0 0 0 5 0 69 64
 0 0 0 5 36 63 0 86 0 0 72 0 0 0 0 37 0 21 0 45 0 47 27 0 0 0 0 0 0 67 0 5 0 40 8 42 55 39 25 0 78 41 0 46 0 0 17 39 57 0 20 75 0 5 0 0 29 39 0 0 0 0 60 26 24 40 11 0 0 11 0 11 0 0 0 43 0 0 36 0 0 10 0 0 52 0 55 0 0 64 0 0 18 0 17 0 26 0 0 0 0 7 0 0 0 0 0 39 0 46 5 7 8 9 0 32 69 20 46 0 59 0 39 0 0 0 48 0 0 7 80 0 0 0 38 61 57 0 1 0 0 18 0 61 22 0 0 19 76 0
 14 0 40 0 0 0 0 0 0 0 4 0 18 0 43 0 23 48 0 0 0 0 0 16 0 0 0 0 0 37 0 10 0 48 0 40 83 49 0 0 22 0 64 33 0 0 0 73 42 28 0 0 0 10 0 0 6 0 0 8 19 11 0 46 0 0 0 0 0 70 7 66 12 42 0 31 15 0 22 0 0 38 0 52 0 0 0 0 0 43 61 38 59 24 0 13 9 0 39 33 0 0 0 0 0 0 0 5 24 0 63 78 1 32 0 0 0 28 10 0 20 30 0 0 72 45 0 60 7 0 48 0 0 0 93 0 3 0 0 0 15 52 18 0 0 27 0 26 0 14
 0 0 95 15 0 0 41 0 0 13 0 0 0 6 38 0 41 0 0 0 80 38 38 0 0 87 76 12 51 0 0 8 0 0 85 1 3 35 0 43 12 11 3 17 0 61 0 0 49 0 0 88 36 0 0 0 0 64 31 0 34 33 0 0 2 73 70 0 29 0 72 1 0 0 23 0 20 34 54 72 3 57 35 18 0 47 0 65 0 0 40 64 0 24 51 0 47 45 0 16 0 49 0 18 0 0 0 66 0 0 0 0 39 30 0 0 0 0 0 0 0 93 83 32 34 32 0 18 0 39 21 0 0 1 0 0 0 0 37 7 0 39 0 78 0 0 31 0 52 0
 4 11 0 0 0 45 5 82 11 0 0 2 0 0 3 69 0 0 12 46 17 0 2 0 0 5 49 71 11 0 0 20 96 0 0 0 87 0 0 0 0 49 0 0 0 50 5 10 60 0 0 0 6 69 0 31 0 0 39 0 0 0 0 0 23 0 0 0 0 23 0 0 29 0 0 64 0 0 0 2 11 48 41 0 6 0 0 0 0 0 0 35 0 0 0 16 15 56 6 6 0 0 0 72 17 0 34 97 0 79 35 21 0 0 0 0 0 49 52 0 29 68 0 44 0 26 0 0 0 9 5 28 0 12 0 0 16 0 0 15 22 4 0 0 0 38 0 13 74 12
 0 0 0 9 27 0 0 0 0 0 0 84 0 0 2 0 15 99 0 0 0 61 67 86 0 0 0 0 26 39 16 0 45 34 0 0 43 0 2 30 0 14 18 22 17 0 33 13 14 0 36 30 0 49 0 14 10 0 0 0 0 0 7 0 0 48 0 53 0 0 27 0 0 7 0 0 23 0 22 0 34 21 0 0 0 0 0 51 35 50 0 48 31 0 6 0 7 0 53 40 44 14 13 0 0 0 0 0 0 39 0 17 1 0 0 17 66 0 5 2 1 0 0 26 96 0 0 0 10 0 0 0 0 0 16 2 0 0 36 0 69 6 0 16 0 47 0 22 0 1
 14 0 53 12 0 0 30 0 0 8 0 11 51 41 15 34 0 0 0 37 0 26 0 37 2 0 0 0 3 33 0 0 19 0 94 0 0 37 0 77 26 79 26 0 1 39 15 47 0 0 0 54 19 0 0 0 0 53 0 0 0 63 0 26 48 0 0 0 21 26 0 0 0 3 0 0 0 38 3 8 29 34 70 0 0 23 0 14 0 0 50 42 37 48 0 68 0 80 35 0 41 0 43 10 15 20 9 0 36 56 0 0 50 0 0 66 62 0 0 0 76 0 0 0 45 29 0 0 10 0 28 55 0 27 0 50 0 0 0 0 16 0 0 0 29 0 0 0 0 0
 0 0 48 0 0 66 0 0 0 0 0 8 27 40 0 6 33 0 0 43 0 0 15 0 0 5 0 14 59 20 0 0 0 0 52 0 0 0 11 10 18 8 0 0 0 28 0 0 0 79 0 0 0 45 0 0 0 55 16 0 0 57 5 8 32 0 41 34 0 11 0 6 18 0 39 0 0 13 10 0 32 0 15 0 68 43 8 30 0 53 0 0 0 0 0 0 66 9 0 0 0 0 25 34 0 29 0 0 0 0 1 39 41 17 0 11 2 17 0 0 0 38 14 63 31 37 9 44 0 27 26 0 2 9 73 84 0 0 0 6 0 0 21 13 19 7 0 0 29 0
 15 0 0 0 54 0 0 0 1 12 69 0 0 8 0 0 7 65 0 0 0 0 3 53 22 0 9 0 0 43 93 14 0 0 0 0 0 7 0 38 0 0 35 70 0 62 28 7 0 3 0 0 8 0 72 0 0 0 42 24 0 0 0 0 24 0 22 0 54 0 10 17 0 0 30 27 14 10 0 60 0 0 0 54 0 0 0 0 40 56 0 0 0 29 0 50 36 0 27 8 5 0 46 5 24 37 0 0 0 57 0 0 0 0 0 32 0 0 61 0 9 0 0 34 3 26 0 65 7 32 0 24 0 0 35 6 0 0 6 35 29 0 0 0 0 0 0 70 0 0
 0 0 51 0 32 91 0 0 0 0 0 33 0 0 0 38 62 3 78 25 0 0 0 0 0 13 42 0 0 0 0 26 38 0 9 85 0 0 0 0 45 9 0 57 0 65 0 0 45 0 0 35 0 76 1 0 48 0 24 70 0 0 0 0 0 0 25 0 18 0 0 7 0 9 0 26 0 54 5 0 0 12 0 0 16 3 32 66 8 29 0 42 0 69 39 8 0 11 0 70 0 0 0 0 0 30 7 12 29 0 72 39 0 51 25 0 0 0 45 0 84 0 4 37 0 0 10 0 12 0 0 0 27 0 45 0 23 0 0 0 17 0 0 33 10 39 0 0 7 9
 1 59 0 42 47 0 0 17 0 0 0 0 0 79 0 0 0 1 0 0 50 0 14 23 28 0 0 9 25 89 0 41 33 0 0 33 14 59 0 0 13 0 0 5 46 0 80 56 17 48 0 0 0 10 0 0 0 0 63 0 3 14 9 0 0 54 0 65 0 0 0 0 42 0 33 13 0 0 0 0 65 48 33 0 5 0 92 21 54 7 0 0 50 13 0 10 63 0 0 77 31 0 0 0 83 0 32 56 0 34 0 0 0 0 59 0 0 0 0 5 0 0 0 0 45 7 0 0 9 67 0 0 0 7 22 0 0 0 55 23 0 4 44 0 46 0 0 94 0 0
 4 3 14 5 0 60 67 66 72 3 0 0 4 4 38 25 0 35 0 5 3 0 0 0 0 0 0 11 0 12 0 38 0 0 6 0 0 0 16 0 0 0 55 27 0 0 0 0 0 0 0 0 0 0 67 34 0 0 0 0 40 0 0 12 73 0 0 0 0 0 0 0 0 79 11 0 0 0 44 0 71 65 71 4 53 0 0 28 41 0 0 10 0 53 19 0 71 0 0 44 0 0 0 17 30 54 22 28 86 84 58 0 30 31 14 0 7 69 0 9 0 0 0 0 28 0 0 52 29 24 6 0 0 15 0 0 0 9 69 35 34 0 63 51 0 0 64 0 0 36
 0 0 1 61 0 0 28 19 13 38 78 58 87 0 0 26 0 19 0 22 83 0 0 0 0 8 9 23 0 10 0 1 1 81 0 0 0 23 0 75 31 16 24 1 31 10 4 23 0 36 47 82 0 26 0 0 0 53 59 47 0 32 0 1 0 17 51 0 10 0 0 0 0 0 0 24 0 0 0 0 19 0 0 64 3 0 1 0 0 12 0 16 28 15 39 42 0 0 0 33 0 0 0 65 15 0 0 54 15 0 18 20 3 63 0 0 24 92 0 27 25 21 39 0 22 0 38 0 55 27 10 31 0 0 9 6 39 0 0 0 1 65 22 47 46 38 20 57 20 73
 43 0 0 5 0 0 22 22 53 0 42 7 7 52 58 0 35 0 80 0 37 0 0 0 0 53 0 3 0 0 0 0 0 0 54 0 0 0 0 21 0 0 0 41 79 0 0 0 67 0 0 6 42 53 0 0 4 0 31 32 66 84 27 8 0 16 8 5 0 0 5 0 24 40 0 0 69 0 7 15 24 0 0 0 6 68 18 10 0 2 0 0 0 0 0 0 10 0 0 0 0 55 22 0 0 74 46 0 0 43 0 0 44 0 0 8 0 43 57 96 60 56 27 43 24 70 0 36 0 1 26 32 96 57 27 4 16 32 2 0 0 0 0 47 0 8 0 21 35 0
 12 22 77 0 23 0 8 0 0 28 9 21 0 0 31 0 0 84 17 0 0 0 13 0 66 0 22 0 0 0 80 0 0 0 36 62 0 65 0 34 0 0 0 6 0 0 0 65 0 0 0 4 0 0 40 41 48 69 0 61 0 43 37 15 29 0 39 0 0 33 50 38 20 9 18 2 0 0 52 32 0 0 0 88 34 0 49 51 6 0 0 0 46 13 0 47 0 0 47 10 61 0 0 15 20 46 0 11 49 0 0 0 14 60 0 9 0 16 27 0 8 44 0 0 1 0 0 7 0 0 0 37 0 76 0 0 25 0 11 0 49 40 34 45 0 39 45 38 24 64
 13 26 0 66 0 0 19 0 0 0 0 64 10 84 69 39 28 0 0 5 0 4 0 0 3 4 0 0 61 41 0 24 52 25 0 0 0 0 24 0 18 17 0 0 19 50 0 0 58 26 8 68 0 0 84 0 0 55 28 62 0 0 0 0 0 0 0 0 0 0 50 11 74 0 0 0 0 0 10 0 0 0 0 0 0 41 0 0 7 11 0 0 63 80 44 0 0 18 36 27 29 50 14 46 0 38 0 0 0 17 0 34 13 4 0 98 1 10 67 0 0 0 17 59 0 78 0 0 0 0 72 0 0 34 51 0 70 0 0 12 0 0 0 0 6 0 0 0 0 0
 43 21 0 16 0 27 0 0 0 0 0 0 0 23 9 37 58 25 40 0 53 0 18 0 0 70 41 0 0 8 0 0 0 0 8 0 27 0 10 39 0 51 0 67 0 25 19 12 0 0 0 36 0 0 0 0 0 0 0 24 0 0 40 84 8 26 38 0 0 0 2 73 0 0 13 0 0 16 0 62 22 0 0 36 61 0 0 5 22 16 20 0 0 0 18 0 60 28 0 0 0 0 48 0 0 0 13 0 1 0 0 39 0 0 0 0 27 31 65 0 0 33 37 16 0 0 0 0 33 20 56 0 0 0 51 46 78 46 13 44 25 0 0 0 17 3 12 12 39 6
 0 0 20 13 0 34 5 0 0 0 0 0 0 0 0 0 0 0 0 0 49 6 0 0 30 0 0 1 0 16 16 0 0 53 3 17 57 0 0 14 70 0 0 5 25 20 7 0 0 0 10 0 91 0 0 0 0 11 8 0 0 86 12 0 82 10 9 0 0 17 0 0 0 22 0 8 0 49 26 27 0 0 38 0 19 78 15 0 83 15 0 0 0 0 9 0 0 0 0 0 21 21 0 0 0 0 22 4 25 39 0 37 0 0 0 0 0 48 0 0 0 0 46 0 31 29 11 2 0 72 14 0 0 0 0 0 6 0 33 2 0 0 77 0 50 0 0 0 27 67
 0 1 0 25 0 0 8 45 1 0 21 0 0 0 54 0 0 0 0 0 0 0 12 40 3 0 0 64 0 0 11 0 71 0 0 0 0 14 82 0 89 78 31 0 0 0 0 0 0 45 7 17 49 17 0 0 0 14 0 0 13 70 0 0 6 8 75 0 0 0 0 50 0 0 27 0 0 0 0 0 0 8 0 0 74 35 7 67 6 34 21 42 0 0 0 8 0 14 0 0 62 0 47 21 27 25 0 17 70 0 2 42 7 0 0 0 14 0 0 0 49 39 0 16 19 41 44 31 20 20 0 94 0 17 23 0 18 7 32 0 0 0 0 0 7 45 0 61 8 49
 40 43 0 3 4 0 49 0 0 18 19 0 0 6 63 54 36 53 0 0 10 64 33 0 14 3 59 0 0 0 55 0 52 0 11 0 0 0 0 0 7 0 82 94 17 0 76 0 0 6 0 79 1 9 0 16 46 51 75 10 0 0 33 0 0 4 65 40 0 25 0 59 0 0 24 0 1 0 0 0 0 33 9 67 0 0 0 0 0 0 0 3 0 0 0 58 0 0 0 0 0 0 9 35 22 0 0 83 0 22 26 24 35 0 0 0 7 0 0 20 0 44 0 21 0 74 51 0 24 0 0 86 0 0 2 0 0 0 100 17 0 42 44 49 4 42 0 27 0 80
 50 0 10 40 39 28 0 75 0 25 0 0 0 15 16 75 0 37 20 64 9 0 0 39 0 0 34 3 11 9 0 44 0 0 0 11 44 0 26 0 0 0 0 0 0 71 0 66 0 37 62 5 0 0 0 0 90 0 0 15 4 0 31 20 27 86 40 0 20 82 0 60 0 76 12 61 19 0 55 0 0 70 0 45 66 0 0 0 0 0 8 0 0 35 23 0 1 0 0 0 0 0 34 0 50 39 23 0 0 0 51 63 2 0 0 0 0 35 27 0 38 53 0 0 12 44 0 0 31 0 0 5 67 7 0 0 0 1 0 69 70 13 0 48 20 0 0 28 52 24
 22 0 66 0 12 16 15 0 0 14 20 0 73 21 14 0 0 0 66 0 0 5 9 47 0 11 0 41 67 0 7 0 81 0 0 65 0 0 60 14 32 1 2 0 2 34 0 7 0 0 0 74 68 0 20 26 0 0 19 65 40 0 0 16 0 23 0 36 0 0 14 0 0 0 68 0 82 33 0 0 10 25 50 0 46 53 0 0 8 0 0 9 0 3 0 33 0 0 43 59 31 48 31 0 51 32 12 18 58 67 0 0 0 35 26 0 0 8 12 0 34 0 49 0 0 0 28 0 0 24 0 0 42 0 3 0 61 19 7 0 47 10 37 0 0 4 82 0 35 65
 31 57 0 51 0 0 12 0 18 0 17 4 0 67 0 0 0 80 66 0 47 38 0 0 0 48 64 56 39 0 9 0 27 26 0 89 0 82 13 45 37 19 0 13 86 36 1 47 0 46 0 0 0 0 22 0 0 3 19 0 46 0 4 0 4 0 0 49 52 0 0 0 11 0 14 35 23 30 0 40 8 5 0 34 50 25 68 42 0 89 0 35 0 47 4 0 0 0 41 0 0 0 0 0 45 44 11 0 5 0 9 0 10 62 18 82 36 31 34 0 0 0 0 0 0 46 1 70 19 0 35 0 24 0 13 33 63 89 0 0 0 10 0 34 0 0 37 0 59 0
 36 0 9 7 14 7 0 0 15 3 40 0 34 7 0 0 0 92 0 0 0 0 26 36 0 0 8 5 0 10 61 55 0 0 16 0 52 15 0 17 2 23 0 0 28 24 41 0 0 0 0 53 0 49 0 0 0 0 92 0 0 0 0 0 0 1 41 0 0 0 0 0 0 59 5 56 0 46 0 0 39 14 13 3 0 21 0 0 4 60 0 2 0 19 0 42 5 4 0 6 45 0 0 0 2 16 0 0 44 0 77 19 15 0 0 13 0 31 0 38 51 0 9 15 27 52 0 5 28 0 0 0 11 0 48 47 0 60 0 13 0 1 61 8 55 0 0 45 0 37
 11 24 0 12 0 36 25 0 68 34 0 0 22 34 0 92 1 12 89 7 0 21 0 0 15 39 0 4 81 0 0 0 0 0 0 0 67 18 7 39 0 69 0 58 35 0 0 41 0 5 0 40 0 0 0 0 27 0 0 0 0 87 5 0 0 0 0 0 67 0 0 0 0 1 0 12 0 0 18 0 0 18 34 59 26 42 90 0 0 0 2 32 0 0 14 26 0 52 0 56 11 26 0 0 50 32 79 0 71 17 0 8 0 0 28 24 40 78 0 30 0 5 0 47 0 73 0 24 0 3 0 0 0 0 15 13 0 19 0 0 37 0 0 25 13 61 59 0 0 0
 6 0 6 70 0 0 0 32 19 42 46 25 16 0 38 30 12 0 0 0 6 0 0 0 49 0 0 0 5 0 40 0 0 0 35 26 0 5 40 7 27 0 50 0 13 27 0 0 63 39 26 0 58 78 0 49 9 55 27 0 0 2 0 0 41 0 2 0 36 0 80 13 31 0 3 0 0 40 21 0 46 0 3 0 21 26 0 0 49 26 55 59 0 81 7 51 0 42 0 75 0 1 0 45 56 21 0 58 0 0 20 9 46 92 0 57 17 40 0 43 0 80 7 14 20 0 0 24 0 0 40 0 23 8 0 0 0 0 0 0 28 15 0 0 61 28 36 0 42 0
 0 31 0 0 0 88 0 77 30 58 0 48 20 0 0 0 0 31 5 0 0 66 0 49 38 18 96 0 0 0 0 66 0 0 0 0 17 0 0 0 0 29 0 9 0 53 0 0 0 0 10 0 0 73 8 0 0 0 15 0 43 0 53 0 0 55 6 43 7 0 0 69 0 0 0 0 57 11 47 0 9 20 0 25 0 0 36 0 20 0 0 0 0 0 0 99 0 6 0 27 3 65 0 0 12 54 0 5 3 88 0 0 55 2 1 62 0 66 0 35 2 0 7 0 0 14 0 40 0 35 27 0 0 0 45 0 13 0 0 16 0 54 24 0 0 89 29 52 12 0
 0 0 0 0 0 0 75 4 47 69 0 0 0 0 2 0 63 0 0 0 16 16 11 32 0 83 1 0 23 38 0 55 0 0 0 11 36 45 47 42 0 0 17 0 66 45 76 41 0 0 75 40 61 7 0 2 43 0 36 22 0 67 10 0 0 0 25 0 0 20 38 17 0 2 11 0 20 0 0 0 27 16 83 0 70 0 25 0 0 0 0 18 0 5 0 0 7 0 0 35 0 0 47 0 93 15 32 0 0 0 38 29 0 0 26 3 0 39 0 0 81 15 0 30 27 49 46 6 34 16 0 0 4 0 17 0 50 23 29 91 0 0 10 0 0 0 14 0 37 0
 31 0 87 15 11 51 0 0 31 0 39 11 0 9 90 0 7 0 0 12 0 45 13 0 0 0 63 6 0 46 13 37 0 0 7 0 16 60 43 1 0 10 0 0 2 0 69 0 17 0 40 0 45 0 34 0 24 0 1 41 1 24 0 0 0 0 0 45 5 0 0 14 0 35 27 23 0 0 0 10 0 3 0 0 0 16 36 5 0 0 0 10 0 67 19 0 0 0 0 26 74 29 0 0 0 0 0 0 0 0 0 60 37 62 0 0 6 0 0 45 0 0 22 0 0 62 37 0 52 0 44 0 0 0 29 0 50 0 0 0 64 71 0 58 35 0 40 77 0 35
 0 61 59 77 0 0 0 0 38 0 58 0 0 0 64 0 0 42 19 0 43 19 0 21 0 0 36 0 0 10 0 0 0 0 39 0 0 12 0 15 0 2 0 0 0 0 0 10 5 0 0 40 71 72 0 0 0 12 25 55 39 59 0 11 37 0 0 16 0 0 51 18 13 22 0 0 0 0 0 35 0 10 0 43 0 0 53 0 0 23 0 0 0 0 0 15 0 0 0 0 0 0 24 0 0 41 13 49 65 89 0 0 0 0 5 27 72 3 55 0 0 5 0 0 68 48 0 32 0 57 36 0 0 0 2 0 0 0 17 0 0 0 4 32 0 0 0 43 27 0
 40 69 30 0 31 25 0 24 38 47 30 0 0 39 0 0 23 72 0 38 17 0 41 36 35 37 0 31 0 63 2 0 0 54 13 0 0 0 0 92 0 0 0 0 0 0 4 16 59 0 0 43 72 0 14 0 69 25 57 21 22 7 5 0 0 42 10 0 0 0 27 68 0 68 0 0 6 14 8 17 41 63 0 0 67 71 0 0 0 0 0 29 27 0 39 45 0 0 8 64 0 32 0 0 0 16 0 0 0 0 76 85 0 0 0 69 60 12 53 0 27 0 36 0 0 41 100 17 0 1 0 0 34 0 70 0 0 0 0 0 0 11 0 2 26 74 2 0 6 0
