150
 85 39 72 0 28 0 0 30 9 92 0 32 0 57 50 0 0 0 2 19 12 0 0 4 27 17 0 56 0 19 0 0 6 71 39 0 14 28 6 0 37 36 0 41 0 0 0 30 59 29 0 0 0 23 18 52 0 54 0 0 0 32 70 0 8 0 41 0 47 0 0 41 7 0 0 8 0 11 24 42 0 7 16 0 0 0 48 0 0 25 10 0 0 0 40 35 0 24 0 73 77 13 36 25 43 8 0 0 0 18 0 48 66 0 0 46 0 62 38 0 0 31 0 22 0 0 0 81 0 0 18 4 0 28 0 0 0 0 0 0 0 0 67 0 0 1 0 3 0 33
 0 60 27 0 88 47 0 0 0 93 52 0 27 0 46 0 0 0 0 0 31 32 0 31 32 0 59 1 42 0 83 0 0 0 0 0 13 23 0 15 0 25 12 0 0 0 63 0 0 50 30 62 19 0 37 24 0 0 0 49 0 13 0 0 0 32 0 5 19 0 15 0 0 0 0 77 81 0 32 35 11 0 72 32 22 47 0 34 0 32 47 16 88 4 38 37 19 0 0 0 0 72 0 15 10 0 0 57 0 7 0 35 0 6 0 0 0 0 3 0 0 0 76 45 22 42 36 0 0 0 0 26 0 0 0 0 0 0 0 10 4 30 16 8 0 58 0 54 52 0
 0 0 5 70 0 0 63 0 0 63 0 0 83 34 1 74 0 7 0 12 24 0 0 33 17 0 3 75 0 0 0 0 87 0 0 9 0 0 6 0 45 10 0 0 0 47 35 8 0 0 0 0 0 31 11 0 46 26 0 0 0 0 11 82 8 0 0 13 0 14 0 0 0 0 4 0 58 28 28 26 0 79 0 27 19 38 71 0 89 4 16 0 57 6 26 0 26 0 0 4 18 11 4 0 14 11 3 77 26 52 0 0 0 25 22 0 0 0 0 0 22 0 0 16 0 0 72 1 6 0 0 61 4 0 0 14 22 0 48 22 0 0 0 41 32 0 26 56 0 43
 36 38 0 15 0 0 0 0 0 0 0 0 44 50 8 0 0 0 47 21 0 0 24 0 14 0 0 0 0 0 0 0 32 0 0 10 0 0 26 61 58 18 46 41 11 0 0 0 0 0 37 0 29 16 4 0 39 59 53 45 3 14 26 0 0 0 75 0 0 0 0 42 43 41 0 23 0 54 49 37 7 0 0 0 36 11 0 28 0 40 0 42 0 0 50 0 0 17 26 18 5 0 27 0 81 18 25 49 0 2 30 6 37 0 48 0 0 0 0 0 33 2 44 28 51 0 47 27 0 23 0 0 5 0 0 0 0 0 28 36 19 0 76 0 7 6 22 23 0 0
 0 0 61 19 91 53 0 0 9 0 1 53 12 20 0 21 69 62 78 0 49 29 17 18 0 0 0 0 0 0 0 63 8 2 21 26 0 0 48 0 18 0 18 24 0 21 0 0 12 7 49 18 10 0 87 84 0 14 0 0 21 0 15 12 11 0 0 18 0 87 35 0 0 46 3 0 0 0 36 0 23 65 0 0 26 12 0 0 0 54 34 8 27 77 13 7 0 0 0 21 0 0 67 48 0 0 15 2 0 34 13 13 38 30 56 0 16 0 0 0 0 0 0 0 0 0 0 0 0 16 0 27 0 0 0 0 0 0 0 27 0 0 0 0 69 32 23 0 23 0
 26 0 48 63 0 89 0 16 0 18 2 0 0 44 16 49 15 0 0 0 41 0 0 20 38 12 51 0 57 0 0 3 0 58 39 0 0 42 15 4 47 0 5 0 10 0 0 0 0 0 7 0 3 0 40 0 0 22 0 5 10 0 0 0 0 41 43 0 0 0 0 38 0 0 0 30 0 47 0 0 37 4 0 14 0 55 0 44 37 0 30 1 0 0 66 0 43 21 69 0 0 4 0 0 0 0 0 77 7 0 33 0 31 10 5 48 0 0 19 0 9 0 59 31 13 0 0 0 47 62 0 0 0 19 20 74 0 0 4 0 0 78 22 0 0 42 0 0 0 23
 70 38 0 27 25 1 26 0 0 0 13 49 9 33 0 4 29 0 85 4 32 44 0 26 0 8 0 0 0 16 17 0 19 73 0 30 58 15 0 0 0 44 0 0 0 29 11 0 0 73 0 71 0 0 57 0 81 0 0 0 0 35 0 26 31 36 19 29 0 0 39 0 59 0 0 0 49 0 50 7 7 0 72 0 0 0 0 27 38 24 0 0 7 29 35 49 0 0 45 53 0 10 68 21 21 0 1 11 0 0 23 0 67 37 47 10 21 0 0 72 0 17 0 31 16 49 0 0 0 0 1 0 35 39 0 0 0 50 40 46 10 62 0 0 0 0 0 49 0 20
 0 44 86 38 8 0 35 30 0 31 0 0 8 0 23 12 0 50 61 0 28 0 60 12 0 0 45 28 42 0 36 0 5 59 0 43 0 59 6 35 42 0 0 0 0 32 0 70 8 0 0 0 0 0 0 36 0 58 38 0 0 28 0 18 62 0 0 0 82 0 0 15 30 0 0 19 0 0 0 0 11 0 0 0 0 0 29 0 3 21 0 22 0 0 8 24 67 61 8 3 26 14 0 0 31 0 0 5 0 0 0 24 0 0 0 0 24 50 0 32 28 62 58 20 49 44 6 0 0 0 0 0 0 0 37 0 19 0 54 0 0 34 0 19 84 12 58 0 41 78
 0 18 74 13 0 12 2 76 80 60 0 0 0 92 0 0 32 0 0 7 0 0 13 0 48 0 0 0 24 0 11 0 14 3 29 83 0 88 0 29 0 9 0 18 0 16 51 0 23 32 0 3 28 0 3 3 0 0 98 0 0 0 32 0 0 11 0 11 0 92 7 0 11 0 16 41 7 0 0 0 0 1 0 0 81 0 0 0 12 26 94 0 0 10 19 0 0 12 0 0 0 31 24 0 0 0 62 0 0 0 43 26 77 0 16 0 5 60 35 0 0 71 72 0 35 0 46 49 27 44 0 4 67 26 28 8 0 11 35 29 0 6 22 50 0 7 0 0 0 67
 0 0 0 68 28 0 26 0 0 91 0 18 0 0 27 2 19 0 0 57 15 0 7 21 27 46 0 52 22 34 7 0 59 65 0 0 2 68 30 13 0 0 41 4 0 0 0 0 18 1 36 43 87 7 0 12 29 0 0 19 0 0 46 47 0 0 23 0 15 0 0 42 18 0 0 7 0 40 0 0 0 0 0 0 2 0 0 0 56 49 0 0 0 0 7 43 82 0 13 0 80 32 0 62 18 0 38 0 0 1 17 0 0 48 0 61 96 23 69 38 37 33 0 0 0 80 39 16 56 32 20 22 0 17 80 0 0 22 36 0 90 0 0 0 0 70 0 0 3 52
 6 0 14 51 0 0 0 21 15 19 82 31 0 25 47 0 0 0 0 11 0 0 0 0 7 0 0 0 40 64 0 0 0 0 0 0 0 30 30 41 0 0 18 42 67 36 0 0 0 0 0 26 0 10 43 28 0 0 0 79 0 0 0 5 14 4 0 28 0 15 0 7 21 27 0 0 0 0 0 0 0 0 0 24 0 0 17 55 0 0 38 27 39 11 0 0 0 69 0 0 20 22 0 28 0 34 0 0 13 55 0 51 2 0 0 0 37 0 15 0 0 26 86 12 0 29 0 0 57 26 44 3 0 73 0 17 0 0 46 12 17 0 73 24 0 15 0 0 0 7
 0 4 74 15 0 86 0 21 9 0 0 93 74 0 14 0 39 0 0 58 0 46 0 64 0 17 56 0 18 11 9 10 72 1 0 0 0 0 74 0 74 0 0 0 0 0 30 0 0 4 88 0 0 23 8 37 0 0 0 28 14 69 0 0 0 0 35 18 84 0 32 76 0 0 34 0 25 3 0 0 6 0 0 0 0 0 0 77 11 43 27 61 23 47 44 0 27 81 0 0 0 50 0 0 0 25 33 0 36 0 0 0 6 29 23 0 0 0 40 17 0 0 3 0 0 23 21 0 0 37 2 0 0 0 0 0 29 0 0 9 29 47 0 41 33 28 0 1 7 0
 22 0 0 0 0 72 0 0 46 18 53 0 54 0 0 0 0 36 0 0 0 0 41 84 66 0 2 72 23 0 0 0 0 0 0 0 8 76 48 79 57 0 16 4 0 3 37 0 67 0 33 0 0 33 19 31 0 1 0 0 92 0 0 28 21 0 0 76 8 46 0 0 0 0 0 0 23 28 29 45 0 1 0 51 8 66 0 0 66 0 6 0 0 11 0 0 13 54 40 29 0 0 7 74 0 11 0 60 0 0 90 49 0 18 0 0 26 54 0 0 33 45 34 0 49 0 48 33 0 63 66 0 0 0 0 0 0 0 0 0 40 9 0 0 0 17 6 0 0 10
 0 13 0 0 0 0 0 38 0 0 0 29 3 78 0 17 0 25 58 71 0 0 71 0 0 0 0 59 14 31 0 0 84 7 24 25 57 0 0 53 92 0 0 56 0 0 42 0 0 0 0 0 0 0 0 17 14 46 0 43 9 0 0 63 38 0 0 0 13 0 0 0 22 26 0 24 40 53 22 0 0 55 0 0 17 0 35 0 17 52 35 15 0 0 13 0 49 0 0 0 0 0 10 0 79 0 57 8 0 6 47 76 0 8 13 0 58 0 10 25 55 0 88 32 0 0 0 0 29 0 65 14 48 59 23 0 0 63 0 0 0 0 30 0 0 26 40 0 0 0
 0 0 0 0 87 0 59 0 31 0 0 0 20 74 30 0 79 66 0 0 76 23 45 6 72 0 0 26 0 0 0 64 53 0 68 0 0 0 0 0 0 0 16 21 55 0 21 1 3 0 0 0 0 41 0 55 0 0 45 44 4 0 3 24 0 0 71 0 0 27 14 21 16 9 20 9 0 56 34 0 0 0 44 0 0 0 72 44 0 45 49 0 62 35 0 12 0 0 59 0 0 2 43 0 0 46 26 18 0 0 0 15 0 0 13 0 16 0 0 0 0 8 7 36 5 57 1 41 36 60 0 0 26 0 0 54 0 0 64 0 43 6 29 5 0 1 38 0 71 0
 2 45 0 64 0 0 0 0 66 0 38 19 11 0 19 20 9 0 0 0 7 5 0 0 23 0 94 46 0 0 0 0 0 20 86 0 0 0 0 0 0 0 79 0 90 11 50 0 0 23 15 20 0 0 0 0 11 0 9 59 0 0 0 82 0 0 0 0 0 0 60 19 64 5 0 0 53 58 0 0 48 0 49 0 0 4 63 0 0 62 0 43 0 45 24 0 27 0 0 0 0 0 74 64 0 0 0 0 0 0 4 0 50 25 0 94 14 7 60 3 0 0 0 0 0 26 26 0 46 1 0 0 4 0 0 0 0 0 3 0 56 0 0 0 75 29 16 0 13 57
 5 30 59 3 0 0 0 47 0 0 17 0 42 62 0 0 62 15 68 0 7 0 7 0 0 0 0 58 0 0 0 7 69 7 0 44 35 0 27 31 0 17 18 69 10 0 53 21 80 10 0 0 0 0 0 7 52 55 0 0 0 4 0 0 3 19 27 0 0 51 0 10 0 0 0 50 54 52 0 61 0 0 0 4 2 0 0 0 32 0 60 40 61 0 18 9 0 0 80 76 42 87 0 0 19 23 13 54 0 87 51 0 0 0 0 0 28 0 0 0 41 12 76 0 5 0 24 0 0 15 11 0 39 0 15 53 75 7 47 15 0 65 56 0 0 0 34 67 0 0
 51 47 0 0 0 6 32 0 22 3 15 58 0 0 0 63 0 35 0 0 4 0 7 9 49 0 0 0 87 0 24 14 0 0 38 90 0 31 0 6 0 49 0 38 18 66 0 0 48 7 38 0 55 17 3 68 26 71 0 26 0 0 0 0 0 0 28 8 0 11 68 21 0 34 0 0 0 0 7 33 0 72 48 44 72 88 44 0 0 0 0 0 0 0 0 0 0 0 41 7 0 7 0 12 47 0 73 24 2 3 0 40 49 0 8 31 0 0 0 0 0 57 0 0 38 67 49 14 0 31 0 56 6 70 0 11 34 0 25 0 50 46 16 7 0 15 47 57 37 0
 0 41 31 0 0 20 0 0 9 72 18 17 19 0 21 55 0 21 71 12 52 0 17 0 0 26 80 23 0 1 19 7 0 0 0 26 0 0 0 0 82 19 53 0 12 34 90 20 1 0 0 55 0 0 22 0 85 0 0 52 82 18 57 38 0 0 70 37 0 0 11 0 0 11 20 0 79 0 0 45 42 0 67 0 37 0 51 10 0 0 28 41 0 35 0 0 34 21 0 44 28 0 0 57 0 39 31 51 0 0 44 0 0 8 0 0 0 0 0 17 0 0 0 35 0 0 0 0 24 0 7 0 0 0 0 0 0 38 0 34 0 16 48 0 0 25 13 56 2 1
 0 19 0 0 3 12 0 56 0 0 0 0 41 0 41 43 7 21 0 50 36 80 9 0 69 6 41 0 0 0 0 61 75 29 0 77 12 0 0 0 72 0 0 72 11 0 60 0 0 0 30 12 25 5 0 3 58 0 0 43 0 0 33 0 0 54 33 0 31 5 0 0 0 6 21 18 0 31 65 0 0 41 5 25 56 62 0 6 29 0 32 0 18 0 0 0 0 0 6 21 0 43 0 0 0 0 4 0 63 1 38 74 0 0 74 3 47 56 71 0 4 10 2 14 7 44 0 0 37 35 0 49 0 0 0 0 0 0 0 51 0 51 0 0 13 0 0 0 21 0
 0 0 0 9 0 0 0 0 14 0 17 36 31 61 0 0 0 0 0 0 87 15 0 10 0 54 0 0 0 0 0 70 38 58 38 0 36 6 1 42 0 22 0 9 0 30 72 0 46 0 0 0 87 17 0 12 0 0 12 90 0 0 12 58 0 1 1 7 0 2 26 0 19 0 0 0 0 9 0 16 0 40 59 0 34 0 0 0 48 0 37 0 0 0 14 0 0 57 63 0 0 80 0 69 56 19 0 0 0 4 0 0 0 31 0 8 10 0 13 0 0 0 0 80 0 19 0 39 0 11 0 10 24 0 27 0 0 0 0 0 38 0 0 2 0 52 76 0 0 0
 35 0 33 58 0 40 0 28 66 70 26 0 11 53 0 0 30 0 46 0 0 22 0 0 76 68 30 12 2 1 16 0 0 0 0 34 78 0 24 77 32 0 0 14 0 0 0 45 13 39 56 7 0 0 0 0 46 0 0 6 0 44 11 0 31 12 0 25 82 16 0 0 0 10 0 0 0 66 27 0 49 0 0 43 12 10 0 17 23 45 36 0 0 0 28 41 0 32 52 40 69 0 77 0 0 28 4 0 36 17 50 64 26 0 0 0 68 0 0 0 40 55 69 0 36 0 78 32 0 0 0 52 0 11 60 0 0 0 1 74 0 68 0 0 0 0 12 0 0 0
 52 8 4 0 0 69 37 0 0 0 13 26 0 0 0 35 0 0 0 0 63 28 48 26 0 46 0 0 13 0 2 0 0 0 58 47 0 0 0 21 7 0 28 0 6 2 27 17 0 0 0 0 80 0 71 0 10 0 29 79 41 0 0 0 0 0 0 18 0 0 12 55 0 0 20 0 0 0 0 47 0 57 0 34 19 28 0 0 0 1 0 52 12 37 0 8 0 0 27 19 0 0 0 0 62 1 0 56 32 19 0 9 0 65 0 19 5 10 0 29 0 57 0 0 0 0 75 0 28 0 0 0 13 3 0 17 0 0 39 37 0 31 63 37 0 0 0 36 0 0
 0 0 0 1 0 0 0 0 50 0 27 0 0 16 0 25 0 0 7 26 0 34 0 96 12 0 0 0 64 4 38 3 24 10 11 0 0 0 1 0 0 31 0 28 0 0 52 48 10 0 0 30 36 14 58 0 0 27 0 54 0 0 0 61 61 0 0 16 27 22 63 0 34 0 75 45 16 0 6 0 0 28 0 0 50 23 0 9 0 0 0 55 0 15 3 24 0 0 0 0 0 0 18 0 7 1 0 5 0 4 0 18 69 0 47 0 0 47 0 41 0 0 0 0 1 24 39 35 0 31 51 0 0 9 20 65 0 0 46 46 2 0 12 2 21 0 44 52 13 24
 0 0 0 0 59 0 79 66 0 0 0 3 0 43 0 0 16 0 34 0 4 0 35 0 33 0 0 0 0 0 25 0 0 13 0 11 3 0 89 42 0 43 55 0 57 0 17 0 36 8 0 0 8 0 42 0 0 0 0 1 0 51 37 0 4 0 0 0 0 62 60 0 0 59 59 10 8 0 35 0 29 24 61 0 14 76 0 1 26 36 0 0 0 0 0 19 63 24 0 0 35 9 0 47 0 0 0 8 0 25 22 46 89 13 15 0 0 66 49 0 0 0 0 34 21 0 28 21 0 74 0 33 76 0 0 35 0 0 50 0 0 26 26 0 0 42 70 0 0 0
 0 34 41 17 10 0 0 47 12 0 10 0 32 12 29 35 81 6 0 0 0 0 0 85 22 86 91 0 4 0 0 0 0 0 0 0 0 48 0 41 0 2 36 0 0 0 0 0 0 0 28 0 0 22 0 52 11 0 8 75 0 67 0 0 0 69 0 0 0 0 0 9 9 0 0 0 82 0 0 0 73 0 45 2 25 0 51 11 0 28 0 7 0 51 20 0 0 0 28 0 9 0 0 21 23 0 29 29 7 0 47 0 0 0 0 0 1 33 53 0 8 0 0 0 27 0 0 30 34 59 0 0 0 0 0 0 50 86 46 0 26 22 30 45 0 55 0 0 43 31
 8 0 0 34 14 0 13 0 39 59 61 0 0 22 36 0 60 65 0 0 64 0 95 63 44 0 27 0 0 48 0 0 53 30 0 0 8 33 53 0 53 0 0 30 4 4 0 0 38 36 0 0 1 41 14 0 34 0 49 0 14 0 0 0 22 22 52 0 18 38 0 0 19 76 22 17 21 0 0 0 12 72 73 0 0 6 0 0 64 0 23 0 0 14 36 0 0 0 0 17 0 3 46 15 0 0 0 17 45 0 52 0 0 36 32 3 0 66 27 40 7 0 0 8 0 69 0 0 0 33 0 26 0 0 4 35 97 0 0 51 0 2 19 5 21 26 2 1 0 0
 0 0 0 67 43 61 12 0 68 0 25 19 0 0 0 0 0 70 0 24 19 0 5 15 20 51 13 52 0 7 54 26 0 20 0 0 51 20 0 37 22 0 0 24 4 0 62 0 0 11 7 25 0 0 0 70 16 0 40 0 19 58 0 35 23 69 0 0 0 1 52 0 5 0 1 36 35 68 83 25 27 60 0 13 36 33 0 29 78 46 0 12 11 20 0 0 18 0 0 70 50 0 47 0 46 0 69 0 0 43 0 0 0 10 0 35 12 0 58 0 0 64 59 0 88 79 0 7 45 0 0 0 2 45 0 94 6 0 0 0 11 0 0 16 26 28 91 0 16 0
 19 0 36 6 13 0 73 0 0 0 0 0 0 0 22 36 26 0 31 38 11 0 0 0 15 0 4 28 45 30 0 0 0 0 27 8 46 6 59 16 0 0 0 0 0 49 75 0 0 0 0 28 0 6 3 0 85 21 16 69 0 20 0 12 0 0 87 0 18 0 55 70 0 5 24 0 69 22 0 67 0 74 38 16 0 0 39 0 16 62 93 36 2 0 0 0 6 0 42 0 0 7 0 0 33 0 86 0 7 14 43 8 36 0 0 0 27 7 0 0 0 0 35 0 34 0 0 0 0 0 24 15 0 70 0 36 0 0 0 45 18 24 0 24 0 0 69 33 0 0
 0 14 20 13 16 6 0 66 65 0 0 0 23 0 16 44 80 65 0 14 18 0 20 0 18 18 0 0 0 23 38 0 0 0 0 73 0 17 0 12 9 2 0 0 0 21 0 43 44 0 17 7 27 0 60 10 0 0 84 0 0 0 5 0 34 0 45 17 63 0 0 73 7 0 0 0 97 16 0 0 15 46 57 0 23 52 0 8 12 0 11 0 0 38 0 42 20 55 7 9 35 77 0 0 2 20 0 0 11 0 0 0 0 0 0 58 43 0 0 0 0 0 35 53 0 17 0 0 0 0 20 70 0 0 48 0 18 34 0 78 0 0 3 0 0 0 17 0 26 0
 78 0 98 43 77 46 0 0 0 0 6 0 16 7 73 8 15 0 0 19 13 0 0 0 0 43 37 0 25 0 89 0 69 35 33 7 0 0 88 12 36 0 0 0 0 39 66 0 60 0 68 0 13 56 0 0 0 11 35 0 0 1 0 13 0 0 0 0 0 0 0 54 0 1 0 0 0 45 0 0 62 0 20 74 55 0 0 0 27 0 0 0 56 0 33 0 23 0 40 0 55 54 0 0 55 71 16 0 0 29 46 0 0 59 0 0 2 81 67 32 24 71 3 0 0 0 0 79 0 0 34 68 17 0 70 0 2 61 69 65 3 0 19 0 0 0 0 0 0 46
 15 3 53 29 0 0 16 1 47 43 29 0 80 6 0 35 0 0 0 0 0 19 53 0 57 18 5 0 16 58 66 21 24 42 48 0 0 9 28 14 37 68 17 64 83 58 0 0 62 0 0 14 0 33 24 36 0 0 5 8 45 19 2 59 19 0 0 10 32 0 0 0 0 76 24 0 15 43 20 23 18 54 1 1 59 0 63 0 0 71 4 0 0 0 35 0 0 78 0 0 0 0 0 0 54 57 7 5 0 0 30 0 0 22 0 56 33 50 0 28 38 0 0 0 8 25 0 0 3 0 0 43 0 8 0 4 82 13 0 0 0 46 0 22 51 0 0 0 13 60
 0 20 0 0 0 26 0 0 0 0 50 0 65 0 0 32 0 56 10 0 0 22 46 0 12 60 0 2 1 18 0 0 10 0 4 0 42 22 39 42 41 0 38 0 4 80 51 0 0 47 25 0 57 50 0 33 0 0 4 0 0 0 48 0 14 0 0 25 0 0 33 0 0 0 0 0 48 13 0 7 57 0 0 0 0 0 0 0 9 21 50 61 0 32 60 0 0 0 0 0 4 52 0 0 0 0 0 46 0 0 73 0 0 0 0 4 0 15 10 0 0 0 0 0 0 39 0 0 4 0 33 0 0 0 0 68 61 0 2 43 0 29 0 0 0 76 91 35 6 48
 0 56 25 78 0 0 0 0 0 0 69 0 13 0 13 0 0 3 51 0 0 56 23 0 0 57 0 0 28 19 0 0 2 15 0 0 9 3 77 0 26 0 13 0 28 0 44 0 1 0 27 0 17 51 31 0 0 0 0 0 17 0 0 50 0 18 27 51 0 0 14 0 1 0 0 0 52 67 50 31 0 0 0 0 0 43 0 31 38 0 0 0 0 0 25 36 0 0 70 0 0 35 0 0 0 0 62 0 76 0 0 0 0 0 0 3 27 33 52 3 46 80 0 0 43 0 15 17 0 2 0 10 46 0 38 9 0 18 0 6 0 0 60 26 0 0 0 24 0 87
 0 9 25 6 0 0 10 0 0 48 80 60 20 0 0 0 60 0 79 24 0 6 0 0 20 43 9 4 0 42 0 0 0 29 98 36 19 0 0 0 0 34 67 66 0 45 15 13 0 29 38 0 3 0 0 53 0 0 0 56 0 0 0 65 14 0 0 73 48 0 1 0 50 88 0 8 0 0 50 16 0 0 0 2 42 74 0 21 0 0 0 0 0 0 7 0 0 0 0 0 23 0 0 50 0 0 9 0 60 0 0 56 0 8 15 0 24 0 0 16 0 0 15 64 87 73 5 0 0 1 0 0 0 0 2 0 63 0 0 42 0 0 0 0 58 0 43 0 0 0
 11 14 0 0 0 56 0 0 0 11 14 57 1 0 54 50 0 0 0 0 21 0 0 50 0 16 30 52 0 0 0 23 45 52 0 62 0 0 0 6 13 55 0 0 0 59 47 60 35 0 19 0 0 3 82 2 0 48 33 0 16 0 0 6 40 7 43 32 0 23 0 0 0 0 0 0 87 6 0 0 0 0 48 38 28 28 15 14 14 48 0 27 3 19 0 11 4 0 0 35 20 57 40 0 0 0 10 0 3 9 31 0 9 51 0 5 12 79 0 0 49 0 0 28 3 0 0 0 30 39 0 0 0 0 23 0 91 51 67 0 56 67 30 56 0 0 25 60 53 0
 0 0 40 37 0 35 0 83 61 0 5 31 0 0 35 46 0 42 9 0 0 0 13 56 0 17 0 0 0 1 2 20 0 0 0 3 91 18 3 45 0 6 3 0 0 0 10 24 11 0 0 2 50 0 0 9 19 0 0 22 0 55 0 21 0 0 4 0 0 0 0 0 0 0 0 87 0 43 6 0 7 8 15 1 38 7 24 0 16 49 0 0 0 92 8 0 24 0 0 0 9 0 0 30 2 18 0 0 52 36 20 0 51 0 7 0 19 32 3 10 0 0 16 0 0 0 0 40 0 0 0 0 0 0 0 68 33 44 53 0 52 40 20 0 15 60 0 0 73 38
 0 0 2 7 23 0 0 0 0 0 0 13 0 19 1 65 50 0 4 63 0 39 63 49 29 0 0 0 0 0 44 0 0 0 34 66 0 53 0 0 44 0 0 57 0 54 38 56 0 0 0 42 0 0 20 0 0 36 23 0 0 22 29 0 0 0 0 30 14 7 0 66 6 49 18 4 0 0 2 0 0 17 52 0 0 0 0 47 0 0 5 54 0 3 0 0 22 0 0 0 24 0 0 21 0 37 0 17 0 0 27 0 0 5 11 35 0 14 0 4 10 74 23 13 23 63 0 65 0 38 0 4 16 11 0 25 1 0 54 0 0 91 22 87 0 0 0 59 0 0
 0 25 0 0 0 0 45 0 1 0 0 0 0 51 16 37 0 81 7 98 0 0 17 0 0 77 0 51 0 80 0 0 0 0 76 36 0 25 20 44 0 66 0 0 13 0 34 5 0 66 0 26 25 0 53 13 20 0 14 0 0 14 15 0 0 0 4 7 3 0 0 0 30 89 1 0 5 0 2 0 3 25 0 0 0 0 12 0 0 0 0 17 33 78 0 0 0 0 0 18 7 0 23 94 10 93 0 0 0 0 35 32 0 0 63 0 55 25 13 0 0 0 0 0 42 35 2 0 12 0 0 0 64 64 18 0 0 0 24 20 34 13 25 0 40 0 34 32 0 0
 40 0 29 0 13 0 5 0 0 0 0 4 0 0 22 2 0 0 6 47 0 0 0 75 0 0 17 0 0 0 0 0 0 4 45 0 0 36 0 8 55 0 35 0 0 0 35 77 8 8 3 0 60 55 46 49 0 0 0 64 0 0 6 0 13 1 51 28 5 64 0 0 38 19 58 0 0 20 0 78 0 0 10 0 0 1 15 12 62 2 14 0 0 10 27 0 36 27 22 0 0 0 35 42 0 0 20 0 66 0 17 0 0 17 51 0 17 0 0 45 68 50 17 0 0 39 0 0 46 0 0 0 0 0 55 0 0 89 0 32 18 26 0 48 0 41 0 0 12 0
 0 27 0 0 0 0 69 0 62 6 4 0 0 0 35 50 98 36 0 0 9 0 0 38 55 30 0 0 54 0 0 0 0 0 64 0 43 0 58 0 46 30 0 0 0 4 0 34 10 63 13 0 0 0 0 0 13 88 50 35 69 0 0 0 9 0 0 0 47 53 23 26 0 0 2 0 29 0 29 0 15 10 0 0 0 0 12 0 30 51 20 14 0 7 0 0 0 17 28 3 0 74 10 0 64 0 0 0 55 0 50 0 32 0 60 0 0 24 0 46 0 0 23 0 14 0 8 22 0 9 63 7 41 0 29 0 39 4 0 19 0 19 0 0 0 26 35 6 0 0
 0 0 0 0 37 53 0 25 0 84 39 54 20 16 54 15 0 0 0 43 0 90 29 0 0 0 44 30 22 0 53 0 53 64 0 0 0 19 0 62 0 51 0 0 50 0 0 22 0 75 0 11 0 0 81 0 0 26 0 20 0 29 3 19 0 0 0 41 0 95 61 35 0 27 23 0 65 39 73 0 44 18 12 28 0 0 14 36 0 0 39 25 0 0 0 31 42 0 2 10 0 0 0 25 0 0 0 11 44 13 0 0 0 0 47 0 11 0 5 0 0 35 0 0 0 62 0 0 4 0 0 0 12 0 63 0 0 39 0 43 83 0 0 0 0 0 1 25 5 64
 22 0 33 0 0 0 21 84 40 0 0 52 0 63 0 0 0 74 0 25 22 53 0 14 0 0 21 88 0 16 11 0 0 0 0 58 0 55 57 0 43 5 65 0 37 8 0 0 0 77 0 90 0 49 0 0 31 17 0 40 61 0 36 50 38 66 0 0 18 39 0 1 0 8 90 5 0 0 0 0 40 36 30 0 5 15 4 41 0 0 58 0 43 39 44 0 38 0 20 0 35 0 29 0 0 1 0 29 15 0 0 67 0 4 46 0 0 22 54 20 0 0 72 0 5 0 41 0 0 6 0 0 0 0 1 0 0 0 0 0 24 0 0 0 0 2 15 5 0 0
 0 12 13 0 0 14 0 13 0 0 0 50 0 0 0 66 0 0 14 0 0 0 8 0 85 18 0 0 80 19 62 0 2 66 0 70 16 0 17 43 31 16 81 56 8 0 0 0 3 28 0 32 0 60 0 0 0 44 31 34 0 0 0 0 0 6 0 0 0 0 22 0 0 13 0 0 0 0 0 11 0 0 2 24 28 49 47 0 6 62 0 80 38 5 0 62 0 28 18 25 0 0 0 0 57 11 6 0 7 59 0 0 25 8 8 0 0 12 29 0 0 0 39 0 0 67 0 0 35 0 0 22 0 39 0 0 21 0 0 1 19 71 19 0 17 6 48 28 0 0
 25 45 27 0 10 0 49 4 1 24 0 24 17 56 0 0 0 0 0 0 40 5 0 37 0 66 0 0 55 36 14 0 0 0 56 0 39 47 0 62 80 0 0 0 66 0 79 19 12 82 40 20 0 0 6 0 81 0 0 0 19 0 0 0 58 0 0 0 9 0 0 28 0 34 4 0 9 0 0 0 50 0 0 9 0 0 0 54 0 0 43 0 2 0 5 14 0 35 0 83 66 0 22 26 0 65 0 0 0 24 72 0 57 0 0 15 0 0 60 0 0 40 0 0 0 9 19 0 18 80 0 0 72 0 0 0 0 19 40 0 40 16 0 35 0 18 29 0 35 46
 36 15 0 20 0 1 0 0 0 5 0 6 0 31 42 0 17 0 0 24 0 8 0 39 1 50 0 9 0 0 0 0 0 49 0 0 8 0 53 29 0 17 0 43 44 57 33 62 0 12 16 3 82 64 0 55 0 61 55 61 12 2 61 0 0 30 56 0 20 0 42 6 0 50 0 0 0 0 50 23 0 62 42 18 13 0 0 41 42 0 0 1 65 70 52 34 58 0 25 0 37 0 27 0 0 0 42 0 0 68 0 0 14 90 73 0 70 46 57 41 54 67 0 0 0 0 0 0 9 85 15 0 25 0 76 0 0 0 0 50 0 1 58 12 70 32 0 59 85 62
 3 0 0 48 48 9 0 50 0 30 70 0 0 0 0 0 0 32 0 0 0 6 0 0 0 74 30 0 0 7 0 43 0 0 0 0 0 0 0 0 35 76 63 25 0 0 6 57 0 7 6 0 23 70 7 48 12 0 0 0 12 0 46 0 53 17 3 79 0 0 80 0 10 46 0 0 0 0 0 31 13 70 45 0 0 0 45 0 0 0 0 0 85 0 0 17 42 87 0 18 0 0 13 0 17 48 0 0 32 0 0 0 55 0 36 0 82 0 0 46 37 56 8 0 0 0 0 36 13 43 0 0 0 58 50 0 12 76 12 0 11 34 0 68 0 0 5 0 0 6
 0 57 0 7 12 16 54 0 58 15 7 40 22 35 0 4 0 20 0 2 67 0 0 0 20 4 16 6 46 0 68 63 81 6 0 0 0 0 0 0 0 0 27 5 0 0 0 18 10 53 0 0 0 66 45 20 55 0 61 1 0 0 0 25 3 0 0 0 0 0 0 0 64 0 0 54 0 4 0 0 0 14 0 0 0 0 0 3 0 21 0 0 0 57 41 69 26 13 25 0 17 0 0 93 1 0 0 23 16 0 7 0 43 45 18 0 0 0 20 26 89 0 0 36 8 0 46 11 20 17 0 14 10 5 80 0 68 17 7 0 0 1 0 9 89 0 26 0 27 9
 0 42 92 32 0 22 38 0 0 0 65 25 0 54 0 5 0 0 0 1 0 0 5 0 0 8 0 9 2 0 0 0 8 0 83 0 0 12 39 0 0 5 57 0 0 1 14 0 41 46 57 0 59 2 57 0 10 90 38 0 6 0 37 24 44 32 0 0 23 0 17 0 0 4 0 69 30 0 0 70 0 28 0 49 11 13 0 7 0 42 0 0 0 0 0 42 0 32 51 0 0 0 0 20 0 0 0 0 0 0 0 57 5 37 0 0 19 24 1 5 0 0 0 34 33 0 0 15 0 50 0 79 0 0 34 0 0 0 1 24 9 60 0 0 60 0 17 0 34 0
 0 0 41 17 0 18 0 56 0 0 7 0 2 34 21 0 0 0 4 66 6 0 33 9 0 0 0 0 57 27 5 29 0 14 0 65 3 9 0 0 0 0 0 0 0 0 0 0 0 63 11 25 0 0 0 0 3 0 11 8 0 0 62 0 0 27 0 0 0 17 19 15 4 13 38 80 0 0 60 0 17 43 9 19 0 25 16 5 0 72 15 15 7 0 0 0 2 27 14 0 29 35 60 78 11 0 79 0 0 0 22 24 13 0 0 0 16 0 0 62 87 0 4 6 24 54 0 14 6 90 5 1 0 0 6 0 2 0 12 0 0 32 0 0 8 53 11 0 0 9
 22 0 43 0 0 0 31 35 32 0 0 0 0 22 71 0 46 0 51 0 21 0 36 2 63 0 70 0 26 0 0 53 0 0 0 0 0 0 6 0 0 41 62 14 0 0 0 39 0 0 74 0 0 0 0 41 28 0 30 0 0 9 0 0 26 0 0 0 34 0 1 0 47 6 0 0 0 4 14 17 56 32 45 37 12 0 40 23 4 0 0 5 0 0 48 23 0 0 0 4 69 0 67 37 0 15 75 25 0 0 35 0 0 15 18 42 0 28 0 0 50 0 4 0 22 0 0 25 0 0 0 16 4 0 0 46 19 0 0 0 0 0 0 49 22 58 5 10 0 0
 58 0 15 0 0 36 0 73 0 0 0 17 44 54 8 0 20 58 0 0 4 0 42 0 64 70 27 0 0 0 29 0 38 86 7 45 0 0 0 55 48 0 0 0 0 0 32 10 14 0 2 93 0 0 79 0 0 12 0 0 67 13 26 0 0 73 45 86 73 0 12 11 14 0 0 56 0 42 4 0 19 0 0 0 0 78 39 55 44 0 52 0 0 28 0 2 0 3 40 23 0 0 0 0 17 0 0 0 0 17 58 52 78 46 0 49 0 2 8 0 51 8 0 34 63 0 0 0 0 0 19 0 0 0 73 46 10 0 0 0 0 9 0 0 22 0 0 18 26 22
 5 0 97 0 0 0 29 23 0 0 8 9 43 54 36 65 30 0 9 0 0 66 0 0 0 11 0 13 49 0 0 26 0 0 0 83 0 34 0 0 27 51 7 8 14 0 0 53 0 31 21 31 55 0 0 85 0 0 0 66 0 74 0 0 0 17 0 10 0 66 6 0 8 0 19 0 18 61 45 1 7 0 0 14 17 0 9 40 0 41 0 18 60 14 0 0 0 18 41 34 0 0 43 21 81 14 92 26 22 17 15 70 8 0 31 0 23 22 0 0 0 88 50 7 3 0 28 0 13 83 0 0 45 0 27 49 39 84 0 11 10 36 3 0 12 0 9 0 0 0
 0 16 0 0 1 31 32 5 32 0 0 0 0 52 0 36 10 0 7 0 0 22 40 0 39 0 0 30 0 69 0 0 0 0 9 0 37 24 4 0 48 75 0 0 5 0 0 0 0 8 34 10 6 14 0 59 3 0 0 70 1 39 15 0 0 0 1 28 0 0 47 15 30 30 5 0 15 41 44 0 0 7 0 4 17 25 33 0 0 10 0 0 5 0 0 24 0 13 19 0 25 0 0 29 14 0 0 69 0 9 0 0 9 0 0 0 0 0 18 38 64 70 0 0 0 26 8 0 0 0 44 0 0 0 93 0 0 0 24 18 68 66 0 17 0 0 19 0 0 0
 0 0 0 0 0 0 0 39 0 23 0 0 0 65 42 29 71 0 0 3 3 2 0 0 0 15 0 2 0 0 7 0 40 0 16 0 22 0 0 0 18 0 63 56 0 7 0 0 0 4 9 0 6 59 13 52 32 13 39 0 0 0 0 0 2 0 0 0 0 24 0 66 0 0 0 29 0 0 2 0 34 0 16 22 2 0 14 5 0 0 31 74 0 0 0 0 0 15 0 0 0 31 0 31 9 0 11 0 76 0 0 0 0 0 0 37 76 0 0 0 0 0 0 35 21 33 0 45 57 30 0 63 61 0 44 0 11 0 0 0 29 17 27 0 0 0 3 0 0 68
 0 0 33 1 0 78 21 0 0 0 0 0 0 0 0 34 0 0 67 0 0 19 6 14 45 0 2 0 53 0 3 0 0 14 0 0 0 41 0 0 62 45 53 28 42 0 0 0 59 42 0 3 0 0 0 53 0 52 0 0 0 71 0 0 0 0 0 0 23 33 0 21 0 0 69 0 14 51 0 50 35 50 0 0 0 11 14 58 0 0 0 0 35 0 0 0 0 0 0 8 0 13 0 0 61 36 0 0 73 0 0 54 1 22 0 78 0 0 0 0 0 0 76 0 62 0 0 16 24 0 0 0 5 72 0 54 36 0 19 0 0 18 15 0 7 20 15 0 0 28
 30 3 0 0 57 6 0 25 15 0 13 91 10 0 28 0 0 0 0 0 42 0 0 57 21 0 0 0 0 85 56 23 66 13 29 16 0 18 0 34 0 92 0 9 0 33 0 0 0 0 0 40 28 0 0 22 87 0 59 73 0 13 0 13 0 79 0 15 0 0 28 63 69 41 0 11 0 67 0 0 0 0 0 0 0 0 87 0 0 0 0 0 0 0 0 0 17 1 0 43 0 59 18 0 88 75 0 43 0 7 4 33 0 0 0 0 0 0 0 18 0 0 0 0 0 0 0 0 0 0 12 0 0 1 6 6 0 0 42 15 0 4 0 3 4 26 48 0 0 0
 0 70 0 0 0 0 27 0 29 86 78 15 0 0 15 65 0 0 2 17 48 17 23 0 53 6 1 79 0 38 0 6 23 35 50 0 29 0 30 31 0 0 0 0 21 0 16 2 0 7 2 0 25 61 0 0 2 12 0 0 3 0 0 0 0 0 3 27 0 0 0 23 0 57 0 31 0 0 0 14 0 31 4 52 0 0 0 0 24 15 36 1 0 0 0 0 0 5 100 0 0 58 56 47 0 0 0 82 30 22 50 7 0 0 42 0 0 0 0 0 0 64 41 0 26 37 61 40 26 58 5 20 0 0 21 59 0 0 0 0 26 28 38 7 0 47 0 40 39 30
 10 6 58 0 22 70 28 0 0 64 22 46 82 34 0 0 46 21 32 11 0 46 0 43 36 0 0 0 0 0 0 0 0 59 43 0 15 0 0 28 0 61 12 0 3 0 15 0 0 0 0 13 59 95 0 7 0 5 66 29 61 26 20 24 5 0 0 0 54 10 9 0 0 78 0 40 7 0 0 0 59 25 0 20 0 0 11 24 0 0 88 0 35 0 0 43 0 0 0 2 0 0 0 18 0 30 8 3 18 6 0 0 3 79 0 0 0 0 34 0 29 10 0 0 50 0 0 79 20 0 0 42 0 0 0 21 0 13 0 0 0 0 69 8 0 32 29 29 0 0
 69 0 6 0 23 0 21 24 36 0 0 0 36 0 0 0 2 0 0 0 0 0 0 0 0 0 24 39 0 20 3 0 60 52 0 19 0 86 16 0 0 0 0 0 73 0 52 0 12 0 59 43 0 0 71 27 0 3 0 13 49 0 83 0 0 0 22 0 57 59 0 0 21 45 0 0 27 7 0 19 0 1 37 0 0 0 71 1 76 39 23 19 0 0 7 0 11 22 11 0 0 11 0 0 0 50 6 0 61 19 1 0 0 0 0 0 0 0 11 98 13 26 0 0 0 2 0 0 79 0 0 0 0 46 10 76 0 18 19 15 0 0 0 0 0 0 0 0 48 0
 48 24 27 0 0 0 46 42 24 28 3 0 0 0 0 46 44 53 0 56 67 38 0 28 46 35 0 0 34 35 48 0 24 0 6 0 8 5 66 7 0 14 0 39 0 0 0 20 0 7 55 0 6 0 4 59 20 0 0 0 94 36 0 0 0 0 22 51 56 4 0 0 0 0 88 0 51 75 24 3 5 0 21 0 0 0 0 0 0 0 29 0 68 56 1 28 61 52 0 0 0 85 33 0 6 35 0 0 0 0 0 4 65 0 37 18 0 0 0 14 0 0 0 41 13 0 0 0 8 0 72 9 49 0 38 70 21 0 0 72 0 0 0 12 0 24 62 76 0 0
 0 0 62 0 67 4 0 0 10 6 80 0 69 15 47 75 0 28 0 67 48 0 58 33 0 0 4 0 0 15 0 0 15 64 27 80 0 0 0 31 13 0 28 23 43 0 30 27 57 48 0 0 0 0 37 0 0 54 0 11 0 98 0 0 10 0 0 0 29 32 11 0 60 1 0 39 0 5 20 17 24 16 46 0 0 6 0 0 10 0 0 38 44 0 0 0 8 8 4 62 68 0 37 0 0 35 0 74 61 30 0 68 0 0 56 9 71 53 3 83 0 78 0 0 69 0 4 5 2 12 0 48 0 0 11 0 0 1 28 0 0 0 37 0 38 86 43 31 79 13
 0 6 0 0 0 81 27 31 0 0 16 40 13 41 0 79 20 6 0 0 0 0 13 19 0 31 4 47 47 0 4 0 0 30 13 45 65 0 0 0 68 0 0 56 33 0 0 66 0 0 86 0 39 0 54 11 49 32 0 0 53 11 96 30 0 17 0 0 0 70 0 0 0 0 0 62 0 55 0 0 78 0 0 0 0 0 25 7 27 77 0 0 3 45 0 25 15 0 67 0 59 0 13 0 8 16 0 9 10 31 83 0 0 63 0 53 0 30 0 0 5 0 0 0 38 25 0 0 12 1 0 37 0 0 46 10 0 35 19 92 57 0 0 0 53 38 41 61 51 19
 68 11 0 9 0 31 0 0 87 0 0 55 0 0 0 0 7 28 0 25 0 41 4 0 3 46 6 0 0 23 0 0 18 0 0 0 0 43 29 63 36 0 0 9 10 19 13 0 0 72 93 19 28 13 88 27 0 23 0 30 7 18 0 66 44 0 12 0 0 59 0 26 56 0 27 17 73 0 0 0 0 25 0 0 17 0 0 0 0 17 46 43 0 35 34 38 58 0 0 33 0 41 0 25 34 4 0 37 3 0 83 48 0 50 33 0 7 56 3 0 57 0 0 0 0 0 0 0 0 17 29 0 21 4 89 23 3 21 4 53 22 14 33 57 0 28 0 0 0 0
 0 69 0 20 0 17 0 0 46 32 0 40 0 0 68 66 0 79 12 3 53 0 24 0 0 54 0 0 87 0 39 0 0 13 0 0 9 5 11 0 0 81 0 5 0 11 0 0 0 57 0 4 21 19 0 55 9 5 0 32 59 0 6 0 87 15 17 49 6 0 13 10 15 14 36 30 0 0 16 35 72 44 11 0 0 33 25 27 0 13 60 0 0 0 0 0 11 0 73 93 0 29 2 0 0 0 28 77 0 0 47 15 25 0 23 0 0 18 0 15 11 50 0 0 0 11 44 0 0 72 0 0 0 0 6 31 32 0 0 76 16 57 0 0 27 0 35 4 0 39
 16 0 73 69 11 0 0 27 0 0 0 68 22 19 37 30 0 68 65 0 0 0 11 55 19 0 0 0 2 5 11 59 31 0 47 0 45 17 17 0 53 16 0 0 8 0 0 18 0 0 36 0 0 26 38 28 0 40 2 24 42 79 0 25 0 100 41 33 7 0 0 0 62 37 0 0 0 4 7 0 0 56 22 31 0 60 22 51 0 0 22 0 0 11 0 26 51 0 0 15 0 41 72 0 0 0 0 0 40 0 0 13 0 8 0 9 17 9 0 0 0 0 33 35 34 0 76 3 85 0 26 26 0 0 0 0 0 0 14 24 0 0 31 48 13 32 0 0 0 0
 0 14 40 0 33 0 0 59 1 0 22 0 45 14 0 31 0 0 0 0 0 39 20 17 73 74 0 30 0 0 85 57 85 0 5 0 0 63 0 0 73 17 18 67 27 0 0 27 20 65 40 0 83 0 70 16 51 0 22 0 0 4 18 0 0 0 2 72 37 0 0 23 0 42 25 0 0 0 0 0 0 0 76 0 0 0 0 19 39 0 12 0 75 70 0 0 0 0 0 71 0 0 0 67 0 0 33 9 0 0 72 78 2 7 0 0 0 53 0 28 0 6 0 0 54 0 37 43 0 14 0 31 49 32 10 20 24 5 0 26 9 52 0 47 0 0 79 4 42 0
 46 0 0 10 0 32 0 35 0 23 0 0 0 13 17 69 92 0 0 37 0 0 0 0 12 47 42 74 21 0 59 0 0 0 0 0 21 0 0 0 60 0 59 20 44 2 0 19 61 46 59 0 0 0 0 59 0 0 28 68 0 5 49 81 0 0 0 9 35 2 2 50 33 35 0 67 10 0 0 0 72 0 0 0 0 84 0 25 0 0 0 45 0 0 42 49 0 56 6 47 0 66 0 19 0 0 0 0 12 80 56 1 6 0 0 83 49 16 31 35 0 0 19 0 0 15 0 0 0 23 0 26 0 0 61 28 0 62 57 68 20 42 28 60 0 0 59 0 0 0
 0 0 63 12 23 34 29 0 25 0 4 0 0 0 42 4 88 16 82 0 46 0 11 0 49 6 0 46 0 0 40 0 11 61 0 4 68 0 0 0 0 30 0 14 0 0 18 69 0 30 0 0 74 73 3 0 29 28 0 0 0 0 66 63 0 0 0 0 21 0 29 0 0 25 0 0 0 0 0 0 0 0 0 8 10 0 47 12 10 100 0 61 15 42 0 48 0 0 0 0 0 0 0 2 0 45 0 36 0 12 0 0 0 52 38 55 8 0 29 0 65 36 18 24 0 21 0 0 42 0 16 0 0 0 0 0 22 0 63 3 0 35 2 0 0 0 0 20 0 0
 30 44 0 19 0 7 61 5 0 40 0 11 0 44 0 30 0 0 50 0 0 0 63 0 0 53 0 0 2 18 18 13 28 18 7 0 57 0 28 0 0 0 0 18 24 18 12 8 8 0 5 82 0 76 0 0 29 19 0 0 0 0 0 0 0 21 20 0 42 33 54 0 1 16 0 45 0 13 32 49 0 69 0 0 68 0 0 0 0 0 0 0 0 0 6 0 1 47 0 0 0 10 76 35 10 0 2 57 50 58 0 21 27 24 26 57 7 0 2 0 39 0 24 12 27 0 0 0 0 0 63 0 19 0 0 23 0 24 75 0 27 0 0 26 8 92 0 63 47 0
 50 0 2 89 0 50 0 51 0 19 71 0 71 1 0 0 5 0 0 44 0 59 0 0 0 44 43 0 0 9 15 29 0 0 0 34 40 1 17 4 0 0 29 0 11 0 0 2 0 0 0 0 0 0 23 25 0 59 0 1 14 0 4 42 0 38 7 0 0 0 45 49 0 20 0 0 22 0 14 26 0 34 0 41 0 0 83 31 74 36 40 0 0 8 0 0 17 56 53 0 3 27 16 29 0 0 0 0 0 0 0 0 4 0 15 19 21 0 0 50 0 24 0 0 0 38 72 0 0 0 0 0 40 68 16 84 8 0 0 0 13 0 0 6 48 0 0 3 0 0
 0 26 32 0 44 0 1 0 69 0 0 0 51 75 0 0 0 0 78 46 21 8 0 57 47 0 24 44 0 0 0 18 10 29 68 1 37 0 24 3 0 0 0 7 0 0 26 29 39 0 27 0 0 0 0 0 0 0 54 41 11 13 5 0 0 33 0 0 12 16 0 70 85 0 0 0 0 0 23 0 28 0 0 18 8 5 0 0 64 0 0 35 29 0 32 61 0 3 40 0 49 0 0 61 0 32 33 0 68 0 37 0 63 13 1 0 0 0 44 17 14 27 0 49 0 0 29 0 0 1 0 9 0 19 0 24 0 1 0 9 0 25 0 0 0 12 0 45 0 0
 0 2 12 0 27 4 0 0 0 0 0 80 92 0 0 0 1 52 39 6 0 73 33 0 65 0 0 0 44 0 0 8 1 0 0 60 7 0 0 0 29 10 2 24 56 82 0 0 75 0 0 0 0 0 25 24 0 3 41 0 28 0 37 0 0 0 46 0 0 0 3 0 33 33 0 81 11 73 0 20 0 86 0 0 80 41 0 40 0 25 0 0 0 0 0 51 77 0 0 0 0 0 21 0 0 0 0 10 0 0 0 0 20 16 0 0 0 0 0 17 0 40 0 0 6 0 1 58 21 0 1 30 0 21 53 3 19 0 6 0 0 0 31 0 2 17 0 0 13 13
 23 2 15 0 0 23 73 26 28 2 0 40 48 0 0 0 29 0 0 0 7 0 74 79 0 39 0 5 0 66 0 0 3 44 0 14 72 0 0 0 31 0 0 0 0 0 0 20 0 0 0 22 69 0 36 40 0 0 0 0 41 0 2 1 0 0 0 0 0 0 0 22 0 83 60 0 0 24 0 41 35 0 0 0 26 0 0 17 22 0 0 0 41 0 0 17 0 24 0 0 43 7 0 36 72 78 19 36 7 0 0 0 0 13 0 0 65 21 0 40 0 0 0 32 31 68 20 1 20 53 0 0 0 14 34 0 44 54 25 0 48 0 35 0 0 17 23 27 13 32
 46 47 0 19 0 19 65 67 0 61 8 0 8 45 0 22 29 3 0 0 40 8 0 0 0 36 0 0 0 47 3 0 82 72 30 7 44 0 0 0 0 0 0 81 0 18 53 59 63 0 12 49 0 0 25 0 25 9 20 43 0 44 49 0 0 88 0 11 1 16 2 8 52 0 76 27 0 45 0 26 0 90 0 86 52 0 44 0 0 0 0 26 0 0 0 5 12 38 20 0 16 0 33 17 0 42 0 0 12 82 8 32 26 11 0 0 0 0 34 0 67 0 0 32 29 46 70 10 15 0 0 22 0 0 73 0 11 12 0 88 14 0 0 0 0 52 0 48 38 5
 0 0 1 0 44 0 71 0 0 0 18 12 18 0 0 23 0 26 43 0 3 21 37 0 0 25 0 0 66 35 38 1 36 11 0 27 0 0 13 15 18 16 0 20 32 23 32 0 0 0 41 0 17 15 0 86 0 0 0 39 32 0 0 0 0 21 8 0 34 0 0 60 0 44 0 42 59 0 0 26 0 31 0 0 48 26 1 0 52 0 0 51 29 17 0 0 0 34 3 57 22 0 0 0 85 35 48 0 0 17 0 0 7 16 0 2 0 0 39 2 0 60 0 0 3 67 50 0 0 28 0 0 0 0 12 27 0 0 0 0 64 81 0 0 23 12 56 0 28 13
 4 0 0 7 0 5 0 20 0 23 71 0 0 0 6 0 0 5 0 37 37 22 19 0 0 0 0 0 0 0 71 0 0 0 27 0 88 11 0 42 0 0 82 30 0 46 28 19 0 75 61 46 0 0 51 0 78 37 0 0 0 16 3 0 21 67 46 0 24 12 0 45 0 39 4 0 80 0 0 29 61 0 0 0 0 33 5 5 7 0 0 11 0 44 35 0 23 0 40 3 49 0 0 0 44 0 23 21 55 0 53 54 28 0 19 20 0 0 31 77 34 0 62 23 0 2 30 0 24 71 29 84 27 27 0 0 0 0 41 0 0 68 10 0 0 14 0 0 34 73
 0 9 0 0 82 0 23 47 15 0 25 0 0 0 0 0 0 5 1 0 0 0 56 21 80 25 12 0 0 0 0 0 0 0 5 0 0 49 3 0 18 0 77 31 4 84 0 0 32 79 0 0 0 0 0 0 0 7 16 0 0 0 0 16 42 0 18 7 34 0 49 18 0 0 0 27 48 95 0 0 54 12 0 0 28 0 0 10 0 0 0 0 0 0 16 0 26 10 0 0 0 0 9 33 0 14 29 0 88 26 0 0 10 91 0 0 0 36 36 0 47 1 0 0 3 0 52 0 0 8 5 0 0 13 68 4 6 0 0 2 0 14 0 0 0 0 0 0 5 0
 0 0 0 0 0 39 0 61 30 8 38 10 0 0 0 10 15 0 37 0 25 0 92 0 0 20 72 0 77 0 91 0 33 0 0 5 0 0 0 14 0 0 40 18 10 0 26 39 63 0 0 0 0 0 0 82 54 35 32 11 0 0 40 88 0 0 41 51 47 0 0 0 56 87 3 27 5 77 88 39 0 0 30 0 1 0 0 0 59 0 20 10 0 37 37 43 0 0 0 0 0 47 0 31 0 47 1 0 15 0 0 31 55 0 0 35 0 0 0 0 0 65 2 15 0 0 0 0 0 51 0 0 16 30 41 12 0 0 47 0 0 65 24 0 0 0 24 72 15 0
 0 0 0 0 17 70 0 45 59 45 32 7 0 30 7 27 0 0 0 0 0 66 0 44 31 46 46 0 0 78 18 0 0 0 0 59 45 54 8 0 17 83 7 0 11 0 0 18 0 10 0 43 0 11 26 0 25 0 28 0 0 0 36 78 0 45 5 50 17 0 0 49 0 0 0 0 0 8 0 35 0 0 0 0 8 40 0 0 89 0 2 1 11 0 18 4 26 40 40 0 0 0 0 34 42 0 0 0 0 0 8 0 0 0 0 12 0 0 0 0 0 0 12 27 65 0 31 0 54 21 5 0 54 0 61 0 29 49 26 0 0 0 79 0 44 0 26 0 1 0
 42 0 75 0 0 0 0 0 12 9 33 0 17 27 86 0 4 66 0 52 63 0 16 68 0 0 0 0 9 0 0 0 0 12 45 39 0 35 0 44 0 0 0 2 0 25 0 32 1 0 0 0 0 7 0 0 50 34 0 29 0 0 0 36 0 18 17 0 6 72 20 0 34 0 42 44 0 0 46 2 88 7 0 22 73 10 65 50 0 0 20 0 0 0 0 0 0 0 31 58 16 4 0 58 77 18 7 28 0 0 13 75 0 47 52 0 61 0 0 51 68 0 0 0 16 80 0 7 16 17 10 86 72 72 0 14 0 57 18 0 0 0 0 0 0 0 0 12 0 9
 0 56 0 84 0 0 30 61 0 26 4 19 0 0 6 12 22 0 32 0 0 65 0 0 0 42 0 0 0 0 21 0 29 4 54 6 0 0 0 38 0 0 0 22 19 0 0 0 0 0 0 43 18 0 35 0 45 0 0 0 51 0 36 0 0 0 2 16 12 0 0 7 0 36 0 0 59 0 53 37 0 25 37 0 0 7 0 62 52 0 26 84 0 60 88 42 0 0 19 62 0 0 0 36 0 36 64 0 55 23 0 0 1 80 26 9 76 0 53 0 15 53 8 0 19 0 38 0 47 0 41 70 0 16 40 55 28 2 0 52 0 0 0 0 0 0 57 39 0 4
 0 0 51 30 25 25 0 82 0 5 54 17 4 20 0 0 2 0 0 0 0 27 1 30 0 0 0 12 0 0 0 0 39 77 5 0 0 0 24 0 15 0 0 0 40 0 0 30 27 0 0 84 17 42 0 91 34 0 99 0 0 0 36 2 0 0 0 50 16 37 35 5 14 44 1 58 34 58 0 28 2 0 49 0 0 0 0 1 0 69 69 13 25 0 36 28 0 0 5 64 0 29 2 0 0 28 0 7 13 33 82 0 0 0 0 0 30 54 0 86 0 0 0 0 37 39 64 0 0 0 23 39 45 0 0 20 0 0 61 0 0 0 30 71 0 42 74 22 0 0
 56 0 0 2 60 0 40 9 11 47 0 20 0 6 59 37 0 0 45 0 34 0 0 52 42 0 69 0 0 70 0 0 7 44 0 0 0 27 71 8 28 0 47 0 0 0 41 9 0 0 0 55 0 0 0 43 9 0 0 41 39 6 17 49 23 0 19 15 0 78 0 0 48 70 0 61 15 31 11 79 0 40 39 88 3 0 0 0 0 0 0 21 29 0 32 0 0 21 0 78 30 0 12 33 11 0 53 23 0 0 0 11 34 0 38 22 0 31 0 0 0 0 0 0 0 22 80 0 16 0 68 14 45 0 0 0 42 0 61 51 5 6 87 0 20 1 55 0 62 0
 70 0 0 0 0 9 49 19 0 0 42 25 0 0 33 28 0 0 0 0 0 0 0 0 0 0 25 0 71 0 0 0 5 62 0 0 0 7 18 50 60 16 0 0 36 0 30 14 0 81 0 12 0 0 0 62 12 67 7 25 30 37 41 0 40 18 7 79 0 0 32 0 0 0 0 0 72 0 0 0 0 45 11 0 57 0 67 0 0 63 0 0 0 0 75 59 55 0 38 7 48 0 0 0 0 0 0 0 0 0 21 50 0 26 0 0 6 0 35 0 62 56 0 0 31 6 0 31 0 0 37 0 49 0 3 11 12 38 0 3 0 34 75 37 41 2 0 0 0 0
 6 0 0 0 0 0 47 20 63 7 37 36 0 22 1 0 75 0 35 0 3 0 0 0 0 25 0 0 30 0 94 58 19 0 0 0 0 66 41 0 66 50 0 0 62 72 56 14 0 0 24 0 6 0 12 0 55 20 69 20 53 0 79 4 0 0 5 0 57 1 80 0 0 14 29 0 0 1 46 0 0 0 42 7 90 23 21 0 43 24 0 25 0 0 0 0 18 0 0 18 0 0 0 32 0 0 0 16 0 0 0 2 41 0 65 20 0 0 36 12 8 50 0 0 0 0 0 0 50 0 0 30 0 0 2 12 0 44 0 0 56 28 0 0 22 0 0 61 20 47
 0 3 0 14 41 90 12 0 50 10 0 6 4 0 0 0 10 0 0 17 4 19 22 14 10 0 1 53 0 59 14 0 32 13 11 0 0 27 0 0 0 0 0 0 26 52 0 37 16 0 0 0 0 0 0 0 0 46 0 0 0 38 0 0 0 0 18 22 0 24 0 73 65 18 0 0 0 90 1 45 0 39 1 23 0 0 41 0 16 47 0 0 73 62 0 28 0 16 41 19 0 37 6 77 0 0 0 0 39 26 0 0 64 34 29 61 0 0 8 66 0 0 0 0 0 60 19 0 0 0 54 0 0 34 39 0 0 0 70 17 31 1 0 30 26 0 80 0 0 57
 81 0 50 0 25 0 0 7 23 70 0 0 1 24 0 57 17 18 0 0 65 0 14 0 0 0 23 0 47 0 29 0 3 0 0 0 13 0 26 0 50 0 0 58 0 0 19 0 0 0 0 0 0 62 0 0 60 15 0 0 37 1 0 73 0 0 0 0 0 8 0 17 0 0 23 20 0 0 3 55 0 0 0 5 52 10 47 16 0 20 17 22 0 0 0 47 0 0 0 38 0 0 23 0 0 0 32 0 0 12 0 69 64 0 8 0 80 0 49 48 0 54 11 15 0 0 20 0 0 19 0 0 22 0 0 29 0 18 0 0 4 0 16 9 0 0 91 75 37 50
 37 60 0 77 82 0 0 0 0 0 15 0 0 0 54 53 0 60 12 0 0 0 17 0 0 9 0 0 0 0 0 57 0 0 52 0 0 59 67 0 0 22 15 0 78 0 80 23 2 5 0 0 17 20 7 15 47 0 7 0 28 0 0 34 11 92 0 33 0 47 0 0 85 0 3 0 0 44 0 0 66 0 51 14 44 0 0 18 10 31 24 0 0 0 16 0 55 0 65 35 41 54 55 6 0 0 38 2 0 62 17 26 2 0 0 8 67 7 14 43 0 59 21 0 32 42 3 0 0 44 22 0 0 14 0 0 28 57 13 0 0 0 9 37 0 2 11 0 11 0
 0 0 0 0 0 36 0 0 0 0 71 0 64 0 0 0 59 7 61 73 47 0 0 67 0 0 8 0 0 16 15 0 0 17 1 0 0 48 47 0 0 1 21 0 22 19 36 0 0 0 38 8 0 0 7 51 47 0 1 0 35 6 0 0 0 69 8 37 0 66 0 2 0 17 50 7 30 48 35 25 77 56 0 38 0 0 0 0 0 26 39 0 0 56 0 0 12 0 0 0 0 0 0 80 0 0 28 0 0 0 14 0 0 0 12 0 36 0 0 0 0 0 0 7 0 29 8 26 0 0 0 24 35 0 0 0 62 0 1 14 0 48 47 0 0 73 0 13 0 0
 0 0 0 18 0 0 30 9 0 5 0 0 0 0 0 22 0 98 0 0 0 0 11 39 39 85 0 12 0 0 71 0 0 79 5 16 16 0 75 0 0 0 0 3 0 69 78 28 42 0 9 0 61 68 0 36 4 0 0 0 0 47 11 0 0 0 0 62 72 89 0 11 39 70 35 55 5 6 0 0 0 0 0 50 10 1 59 0 0 0 19 0 0 0 0 24 0 0 63 0 2 0 46 0 43 0 59 52 3 0 53 13 0 72 10 77 5 0 23 52 42 57 0 56 0 0 76 0 65 0 18 0 0 25 0 10 0 30 0 0 1 0 56 3 0 0 0 22 33 0
 24 0 11 0 0 0 32 0 5 21 0 0 15 0 49 0 0 49 0 61 5 12 0 0 26 0 21 0 0 19 17 2 0 31 6 0 16 0 0 54 0 0 21 0 73 0 43 7 6 0 0 11 0 7 0 45 15 0 80 0 3 0 1 0 61 28 7 0 0 1 27 0 66 16 0 0 0 1 0 0 50 0 0 0 4 0 12 0 23 11 18 33 0 50 10 0 33 0 0 21 34 0 0 17 0 8 0 0 1 0 30 15 2 23 0 44 0 0 18 0 36 44 2 8 0 0 0 52 10 5 41 0 59 0 27 0 0 32 0 0 0 0 20 0 0 0 0 0 0 0
 7 0 0 70 0 17 0 20 69 31 0 0 52 78 0 21 0 24 7 0 29 19 0 30 53 5 19 0 0 42 0 19 9 62 27 0 1 22 0 60 46 6 0 0 0 0 0 6 5 0 22 19 0 0 3 0 0 35 0 17 0 0 0 34 35 34 0 48 0 26 75 0 19 0 3 0 72 24 8 0 5 28 0 0 7 42 0 8 18 15 62 69 77 0 0 50 83 9 0 0 0 0 0 0 17 0 81 18 0 38 0 17 30 0 44 52 0 12 60 20 0 11 0 0 29 0 0 0 0 54 0 0 0 69 44 0 10 1 16 0 0 86 84 0 28 0 8 0 63 62
 28 0 0 47 0 8 0 17 0 73 0 0 0 50 0 0 59 11 0 49 44 22 0 0 28 0 0 0 37 0 56 22 0 60 42 0 0 0 0 0 0 21 0 0 67 0 73 0 34 48 25 0 0 5 32 94 42 77 6 32 0 13 0 0 84 0 0 5 0 16 0 16 48 11 76 0 0 11 0 3 67 0 32 23 4 49 0 24 34 0 65 0 81 58 1 0 0 0 0 22 0 0 0 0 0 0 0 19 0 77 44 0 38 27 63 0 10 66 3 0 0 0 10 0 0 46 49 0 0 0 3 0 0 0 0 15 0 66 1 0 13 0 24 19 12 0 28 0 4 0
 0 0 0 0 0 0 0 0 0 0 72 0 37 0 9 0 0 60 43 2 0 0 16 0 5 0 0 27 77 39 0 0 0 0 0 38 0 66 26 0 7 15 0 11 0 0 6 0 40 48 0 10 17 63 46 22 17 47 37 0 0 58 6 0 45 3 42 0 7 0 54 0 26 54 18 64 0 0 0 0 16 0 0 0 0 57 25 73 0 73 34 0 9 0 41 48 0 0 24 52 31 0 0 29 6 31 0 0 0 71 2 28 16 58 0 24 9 15 14 82 38 0 0 0 0 18 0 35 0 18 0 4 0 52 0 17 0 61 0 7 85 0 0 0 44 0 60 0 0 35
 0 0 63 38 0 0 0 0 26 0 20 46 25 41 0 16 0 78 3 12 19 0 0 0 0 5 8 25 42 0 5 18 22 0 16 0 20 71 0 32 2 0 6 0 0 0 0 0 0 82 0 0 5 0 12 14 11 24 0 66 0 10 0 0 15 0 62 0 0 24 51 0 0 0 0 33 51 66 0 0 34 0 0 24 0 16 0 0 55 66 0 9 0 89 0 14 17 23 0 16 0 3 76 0 4 76 0 0 24 0 0 2 57 0 0 36 0 58 51 12 0 0 51 8 47 84 44 16 0 0 21 0 2 0 0 19 23 0 7 29 0 0 0 0 0 15 29 24 0 18
 3 0 0 19 50 0 19 0 26 0 7 0 0 0 39 0 62 35 0 34 20 37 65 61 0 14 13 0 0 0 0 48 6 11 73 0 0 0 5 0 1 0 0 74 70 0 0 0 16 0 49 10 60 30 13 68 0 24 23 0 0 0 0 0 0 0 6 43 5 0 0 33 0 50 0 29 0 0 20 0 1 36 57 21 0 0 17 20 0 0 47 0 0 25 39 0 47 0 0 0 43 51 41 22 0 77 83 0 0 0 0 65 0 0 2 0 0 45 0 18 58 0 0 20 0 2 59 0 0 0 0 0 0 38 0 0 0 0 0 0 0 69 6 0 66 0 3 0 9 0
 0 19 37 0 31 0 4 0 0 85 0 0 0 60 8 44 74 3 0 82 0 0 50 92 0 14 26 66 5 0 81 0 0 24 0 23 72 37 15 0 0 75 19 0 0 48 0 0 0 0 24 0 0 0 0 49 0 0 0 0 0 0 19 46 35 61 55 0 52 0 0 0 47 0 0 0 48 0 49 0 84 32 33 0 50 74 0 8 33 33 16 43 0 36 66 0 7 25 0 0 0 12 0 45 87 33 71 4 25 37 0 0 59 89 73 31 15 20 26 40 79 0 0 63 31 37 47 55 0 33 0 0 33 0 58 0 0 9 31 0 0 0 49 84 0 13 0 66 7 0
 25 27 58 0 43 0 0 0 9 0 54 24 0 52 0 88 0 0 0 0 0 0 0 7 11 0 80 32 0 0 0 74 80 0 37 45 69 25 61 0 0 0 0 0 3 0 30 0 0 0 55 0 0 0 13 2 9 0 8 0 42 0 0 17 0 63 53 0 79 3 0 0 40 9 0 0 0 44 19 0 0 0 0 1 0 30 0 81 0 54 0 23 77 10 0 19 66 32 44 35 0 9 87 0 32 0 33 21 0 17 0 42 36 10 23 0 68 0 0 0 0 45 49 86 0 0 1 0 72 0 34 55 38 0 35 13 20 12 54 8 29 39 0 69 45 0 1 19 82 0
 0 74 0 0 0 50 0 0 69 25 29 51 0 40 11 8 0 0 0 0 4 0 0 16 8 63 0 0 11 0 10 1 26 17 63 0 17 69 0 16 0 0 76 0 0 72 0 32 16 53 0 0 0 65 81 0 0 6 0 46 86 0 26 0 0 0 0 0 3 14 1 62 58 79 6 0 0 17 0 57 0 0 0 0 0 0 0 0 0 62 16 0 47 0 0 0 1 38 0 96 59 49 86 0 0 0 0 2 9 0 18 0 72 0 0 69 0 0 60 26 47 2 17 18 0 0 28 42 42 0 70 0 8 0 0 0 33 47 15 11 0 0 39 19 0 41 0 53 0 61
 0 24 0 0 50 69 10 0 44 0 0 44 6 73 30 9 0 17 0 36 25 0 16 34 0 0 20 0 42 0 0 58 0 2 0 0 0 0 0 12 26 15 0 10 0 0 23 0 16 0 0 14 31 0 50 8 7 56 1 40 23 0 0 71 2 7 31 38 20 0 0 0 9 0 0 0 0 38 10 33 0 41 8 0 0 23 35 43 0 33 0 0 90 26 0 33 0 45 3 0 31 0 47 0 0 0 60 0 0 41 0 6 63 67 25 7 0 77 0 0 71 0 0 0 0 0 20 0 0 0 0 7 0 0 0 0 0 36 11 0 43 0 21 27 32 52 0 0 0 0
 0 0 0 84 47 0 0 0 0 0 0 0 61 16 0 27 0 0 94 0 0 77 9 20 0 45 0 40 0 0 0 24 0 0 70 0 41 11 0 59 0 58 8 74 16 10 3 64 45 0 38 6 42 35 0 0 0 0 36 0 0 56 21 0 0 0 48 0 12 0 0 33 31 0 29 64 41 2 0 52 0 50 0 21 28 53 0 65 0 25 2 7 0 6 20 0 0 0 0 0 72 33 0 46 3 48 45 55 0 0 0 0 0 13 53 0 0 88 53 2 7 62 0 20 0 0 34 30 0 0 11 0 54 3 8 43 16 42 48 80 64 33 0 63 0 0 14 20 45 0
 0 56 0 0 0 65 0 55 0 12 53 54 0 0 0 0 27 35 34 53 25 0 21 0 33 34 0 0 44 46 77 8 50 0 34 0 26 5 0 0 0 41 0 45 0 0 0 30 23 0 0 83 0 53 12 52 0 0 37 71 0 0 0 39 0 0 20 17 4 0 0 37 0 3 0 9 79 0 16 54 61 12 0 0 63 49 0 0 0 68 0 55 4 16 6 0 0 77 0 0 0 5 77 0 0 21 0 0 0 87 4 0 0 31 0 0 0 19 15 14 0 0 43 18 0 0 0 9 64 0 20 66 0 0 29 0 13 0 45 0 0 66 0 12 11 0 0 9 0 0
 0 0 0 46 0 38 0 3 22 0 0 12 0 10 82 0 49 0 0 69 0 33 72 61 0 0 0 8 81 31 57 11 4 33 0 1 0 0 0 0 16 0 63 9 0 25 73 0 0 0 0 27 0 0 0 45 7 0 0 25 49 4 4 0 29 81 0 0 0 0 0 0 24 0 0 39 0 0 0 0 0 0 6 0 19 0 0 24 0 0 8 0 30 8 0 38 0 0 21 55 17 0 29 0 31 0 73 0 0 0 28 0 15 0 31 0 0 0 17 7 0 5 0 0 70 0 0 0 21 1 0 27 0 0 0 0 34 0 0 46 0 0 1 0 0 0 0 8 0 0
 0 0 0 0 67 9 0 0 8 0 10 17 56 0 32 26 0 0 4 37 0 26 0 0 27 0 39 0 0 0 0 0 54 20 27 28 0 19 0 6 0 12 62 0 40 13 0 0 7 0 29 0 0 0 0 0 0 61 26 9 0 18 0 0 49 24 51 39 4 0 37 24 35 0 27 0 0 51 10 0 0 60 1 0 43 1 32 58 37 19 0 19 0 45 0 0 37 0 0 41 4 0 43 0 36 21 26 0 64 7 0 0 80 0 0 4 71 0 0 2 0 6 28 0 76 1 49 0 0 0 0 0 0 0 60 0 0 63 0 42 30 5 50 29 16 13 19 20 0 26
 0 58 0 0 74 53 26 12 14 97 0 0 0 42 0 55 0 12 0 15 0 0 0 0 7 0 26 44 65 0 0 0 1 27 39 19 0 0 0 22 39 9 0 0 0 9 0 14 93 6 0 45 0 5 48 0 0 46 0 0 0 0 0 0 58 12 57 23 0 24 11 0 5 0 0 0 12 0 0 16 0 0 0 75 27 36 43 9 7 27 12 0 47 61 0 0 0 0 41 96 1 0 0 34 0 22 14 14 15 0 53 0 25 26 14 5 0 55 3 0 0 0 0 36 35 0 0 0 61 71 68 0 0 57 19 0 6 7 70 0 58 5 19 0 40 0 0 0 40 86
 3 35 0 0 0 20 0 41 0 0 63 0 55 0 0 88 0 0 0 0 31 0 77 48 8 0 26 0 0 41 0 0 16 0 0 0 7 39 34 0 2 11 36 0 9 0 32 47 42 0 0 23 0 8 0 8 45 45 0 0 18 46 67 4 0 37 0 28 29 0 45 0 76 0 11 0 0 0 0 42 0 0 73 0 2 19 51 0 0 0 0 31 0 58 91 8 0 0 0 51 0 0 41 0 0 0 22 0 44 54 74 63 6 4 45 0 31 2 24 84 0 0 50 57 32 40 70 0 52 0 45 0 2 0 26 0 34 0 0 0 0 0 31 2 10 88 0 8 10 73
 85 0 0 0 0 0 0 0 5 65 10 9 0 0 0 2 0 0 0 10 11 33 0 0 0 0 0 83 26 99 10 0 0 68 61 2 51 0 1 77 11 0 0 14 60 5 19 0 26 80 0 66 0 0 32 11 0 0 0 7 58 0 0 0 0 3 0 26 0 0 7 41 0 0 53 47 0 22 20 26 0 10 0 0 9 0 23 9 0 64 0 9 0 0 20 53 12 0 0 0 24 0 3 21 89 0 48 58 15 34 14 0 13 20 0 0 55 25 0 63 20 14 67 35 0 0 0 2 0 3 0 0 0 0 0 0 0 0 0 0 8 0 91 0 10 85 0 49 66 0
 17 38 0 11 21 0 39 5 32 5 0 0 45 1 0 31 16 0 3 0 14 0 0 75 39 0 0 2 0 0 28 50 0 0 0 0 0 33 27 0 0 0 0 0 83 72 0 0 53 44 41 34 0 36 0 0 51 0 0 0 3 0 0 0 14 0 9 0 74 0 13 0 25 0 0 44 0 0 0 35 19 0 0 16 13 23 0 31 12 72 0 0 44 56 2 0 82 0 30 0 20 46 79 50 0 0 0 0 52 0 0 0 0 0 0 17 15 0 0 0 54 0 22 0 0 9 12 29 21 20 24 62 0 38 55 0 89 0 34 0 0 0 0 0 43 0 7 0 0 27
 0 0 0 0 0 12 5 60 54 0 0 40 22 0 20 27 0 0 18 0 0 0 0 0 0 6 10 0 0 20 0 31 14 47 48 0 0 44 64 51 40 0 30 0 0 0 74 22 33 23 10 0 0 0 8 64 0 0 0 0 46 0 0 9 56 8 8 0 0 0 58 23 28 15 0 0 11 0 55 88 6 0 0 19 17 48 0 0 0 32 2 63 0 0 0 23 51 0 0 4 0 15 0 17 0 45 0 0 33 5 0 38 53 31 70 0 50 5 5 0 32 0 26 48 0 12 0 22 83 21 0 0 0 26 18 50 0 47 35 57 13 0 0 0 40 14 0 47 14 0
 54 63 3 0 0 0 0 45 0 0 40 68 0 0 5 0 0 27 0 0 38 0 27 50 0 0 0 6 0 40 0 0 0 25 38 0 0 0 0 0 0 16 8 7 0 55 2 0 19 0 0 0 0 40 36 50 0 0 20 0 8 78 0 0 0 3 0 0 56 47 17 0 5 20 0 32 0 14 1 0 0 46 0 41 0 44 48 60 0 0 0 0 15 0 0 51 29 24 11 0 25 76 0 0 10 0 0 0 18 27 43 0 0 63 63 0 44 0 6 0 41 37 0 77 14 0 0 15 0 0 27 44 0 6 13 16 0 64 0 0 2 5 52 0 0 0 28 0 0 30
 0 0 6 0 0 8 28 0 0 30 0 22 0 0 0 23 39 0 26 0 23 0 0 0 0 62 97 57 0 1 21 9 48 19 0 6 43 49 0 14 29 31 0 27 18 1 23 31 0 0 63 0 0 24 50 0 0 0 2 28 0 0 48 0 0 0 0 0 3 0 40 16 21 67 0 1 0 41 0 32 0 42 5 0 0 0 29 0 0 12 0 0 0 58 0 0 0 54 0 2 0 86 49 2 17 4 0 28 50 0 21 59 16 0 5 0 0 5 66 31 36 0 77 0 0 17 46 0 13 35 0 0 63 0 0 13 34 72 0 0 0 4 0 43 60 25 0 0 41 31
 0 10 27 0 0 0 0 39 0 31 0 0 59 41 6 0 22 0 32 33 62 0 87 0 0 37 27 51 0 5 48 44 91 54 14 0 0 87 3 29 0 15 72 0 0 0 0 0 0 0 46 0 0 0 26 0 25 37 0 15 0 12 15 25 0 46 0 0 26 0 0 0 0 34 0 0 0 0 0 2 23 0 6 0 11 0 0 0 0 19 53 0 0 0 0 0 28 0 0 0 0 2 45 0 0 0 0 0 9 0 30 0 66 0 24 0 61 52 0 68 19 0 0 0 0 70 31 18 0 0 73 56 89 0 0 0 0 34 0 9 26 0 0 12 0 27 60 59 0 37
 76 0 0 59 0 0 0 40 69 0 25 0 0 0 1 0 0 39 0 6 0 4 0 72 0 20 0 0 19 56 0 0 34 18 0 0 45 0 81 0 36 32 0 0 2 0 81 0 0 7 0 0 46 23 43 0 44 8 0 7 92 66 0 0 32 0 0 2 0 0 44 0 0 0 0 0 18 0 23 20 0 0 9 19 0 72 0 52 57 27 0 0 12 0 0 7 34 0 0 57 0 0 0 11 77 0 0 0 38 0 0 55 7 92 0 0 46 9 17 0 2 0 0 0 0 0 71 74 0 0 0 0 0 0 0 14 0 0 22 7 0 18 39 18 0 36 0 32 36 0
 59 14 0 0 0 0 0 43 0 61 23 0 17 0 0 3 6 0 31 0 20 8 24 0 0 45 0 21 44 14 9 51 48 49 0 77 0 0 0 0 0 0 0 0 5 0 0 0 74 52 0 18 0 48 26 86 8 0 79 58 0 0 77 0 0 60 73 65 0 0 0 0 76 26 76 22 0 19 42 4 0 0 10 0 75 0 0 0 39 0 0 77 0 0 82 12 0 0 0 73 0 0 12 0 24 0 0 88 5 0 0 0 0 66 69 62 44 0 0 0 10 0 18 0 34 15 11 0 0 0 74 0 43 58 46 0 40 0 54 20 0 24 0 13 0 44 0 0 0 0
 0 34 24 60 29 0 0 61 32 0 47 63 19 17 3 0 31 0 14 0 0 25 0 19 11 58 0 0 35 0 22 0 0 0 41 0 31 0 4 46 57 25 15 75 0 76 40 46 5 10 0 0 69 20 0 0 66 1 12 35 0 0 0 55 99 0 33 0 0 0 0 52 4 9 69 0 0 2 0 0 68 0 27 0 7 0 0 97 0 0 0 0 0 59 0 0 26 0 27 0 0 48 28 2 0 0 34 18 0 58 42 35 13 10 0 7 67 0 49 0 38 34 75 0 17 47 0 0 51 0 0 0 0 0 0 40 21 14 16 0 0 0 13 0 0 0 0 55 12 1
 34 17 10 2 0 49 0 0 0 0 0 76 0 0 0 0 0 41 12 0 0 0 0 70 9 0 80 0 0 0 0 0 12 0 0 0 0 26 0 0 80 0 26 19 25 0 0 16 0 0 20 56 0 31 0 54 52 51 20 52 78 0 3 0 21 0 59 0 0 0 0 45 50 0 14 56 19 16 55 52 0 0 0 44 0 75 5 0 0 0 0 24 59 0 0 5 28 0 0 23 46 33 23 7 0 27 0 0 0 0 0 13 0 0 0 0 67 0 17 0 7 13 0 15 0 0 30 45 89 27 0 15 3 0 0 0 0 14 7 0 6 67 21 37 34 0 0 0 0 61
 0 47 40 21 17 37 82 0 0 0 22 28 0 47 4 0 0 25 41 0 59 40 0 0 0 0 0 55 0 3 0 0 0 0 73 0 0 0 0 19 0 87 0 0 46 0 75 0 0 9 0 0 0 33 19 19 4 0 36 5 80 0 0 0 0 0 0 0 0 40 27 92 31 0 32 11 12 0 86 26 79 61 0 0 19 12 30 53 0 71 20 42 0 0 0 0 0 0 15 29 0 0 0 80 39 0 0 0 9 0 49 0 0 0 6 1 6 9 0 0 7 48 15 0 33 0 67 35 43 0 0 0 29 0 15 0 0 49 0 0 0 0 0 0 93 0 10 28 0 36
 0 0 22 2 2 0 1 53 0 0 0 0 9 0 37 0 54 57 28 0 0 68 0 29 0 0 0 0 1 61 0 0 0 0 8 36 0 80 0 15 7 0 0 0 0 0 56 0 0 81 12 0 14 0 21 22 9 10 0 0 23 0 19 0 8 34 45 0 0 0 7 0 74 74 0 0 0 0 56 48 1 0 56 30 0 0 0 0 0 13 0 0 0 0 0 0 5 0 13 0 12 0 0 0 26 0 0 6 10 0 0 0 38 0 48 0 0 11 20 0 59 0 0 0 0 0 20 0 0 1 0 1 57 0 60 0 14 0 0 0 0 66 97 23 0 0 79 0 0 13
 31 0 43 2 10 31 0 0 39 0 12 0 28 0 89 0 29 4 0 47 49 4 0 0 44 23 0 63 7 3 0 0 6 0 0 31 0 0 53 0 0 5 0 47 61 0 0 0 0 0 36 35 52 0 26 42 0 70 19 0 0 0 23 15 0 36 0 0 11 11 0 0 0 0 11 0 0 51 38 4 0 31 0 30 19 0 0 0 0 5 0 31 0 89 0 0 0 0 19 0 14 0 0 0 0 48 0 0 16 39 55 0 0 46 34 40 66 30 70 27 31 0 18 0 0 0 5 0 14 29 0 0 70 0 44 34 48 0 0 35 0 0 24 28 95 0 0 8 25 0
 52 4 0 0 21 0 22 0 26 0 16 13 0 0 29 7 0 12 5 0 42 0 62 28 24 0 0 29 1 8 0 0 41 0 24 0 56 0 18 0 16 45 25 77 11 0 0 0 57 0 0 0 7 0 24 48 40 25 0 0 53 10 0 0 0 5 32 34 0 0 15 0 20 27 0 18 0 0 76 54 0 0 93 9 0 0 34 39 31 47 0 0 53 0 0 57 0 0 30 0 0 0 82 35 18 19 20 0 0 0 0 0 0 0 0 0 0 0 0 0 48 0 0 0 7 0 0 0 0 0 0 49 1 0 26 9 0 0 6 55 17 13 14 0 69 0 0 0 0 23
 0 28 45 0 34 2 0 0 0 0 0 21 0 18 0 76 0 0 36 0 28 0 0 67 66 15 70 0 16 5 0 15 79 0 44 76 66 0 58 0 49 0 2 60 0 0 0 7 29 3 2 0 0 0 54 28 41 0 0 0 13 0 32 13 0 13 0 27 0 27 0 0 0 78 25 0 13 0 0 53 57 0 41 29 0 0 45 0 0 18 0 0 0 14 76 31 51 4 0 0 77 0 0 0 0 86 38 0 0 70 0 48 58 95 42 0 0 0 20 33 84 71 24 0 0 29 0 0 0 44 57 13 0 0 23 0 0 66 0 16 0 26 0 36 0 78 45 33 4 0
 71 0 36 0 17 0 1 0 0 74 0 0 0 0 0 26 0 13 54 0 12 0 37 53 48 1 75 0 0 0 0 41 11 9 0 51 0 0 32 0 0 90 0 0 63 33 0 37 41 0 0 25 0 26 46 0 23 0 14 37 71 15 9 2 27 0 20 0 0 0 10 18 5 67 21 18 0 49 0 0 35 0 50 32 60 66 40 0 0 40 11 0 4 0 33 0 3 7 0 0 18 7 0 75 0 15 0 0 0 0 21 0 27 4 0 0 57 0 50 0 44 0 41 2 62 84 21 0 0 0 14 0 13 51 0 54 0 0 0 74 0 23 10 66 25 15 2 0 0 60
 0 0 0 0 24 0 0 0 18 11 0 53 47 0 0 41 44 19 0 0 0 24 4 14 0 51 0 44 3 0 23 28 68 5 0 0 1 0 22 36 40 29 6 45 37 0 14 0 0 0 1 0 0 34 0 31 1 2 22 8 0 43 48 89 27 0 49 40 0 0 79 0 74 0 0 82 0 80 0 0 34 77 82 33 52 28 61 0 2 0 0 0 44 27 14 0 0 0 0 0 35 0 0 19 17 0 0 0 28 0 0 90 75 2 30 62 0 6 57 25 27 82 0 35 0 75 0 43 0 2 11 19 0 0 14 50 23 0 0 14 0 0 26 38 42 0 46 0 0 66
 13 0 26 0 60 0 0 0 0 85 69 61 0 28 0 15 0 0 2 0 70 0 34 0 0 0 52 0 0 50 5 0 12 0 0 0 51 0 0 30 0 11 0 79 22 57 48 0 0 0 0 0 0 43 0 0 60 0 0 19 0 0 0 84 52 0 0 19 33 0 2 39 0 0 0 0 16 0 83 0 0 0 0 22 0 13 53 38 0 56 75 12 0 56 24 0 31 0 24 63 1 36 66 0 0 0 0 41 38 26 0 17 27 0 0 0 45 0 35 45 0 21 0 9 7 40 0 0 49 0 11 0 0 11 51 9 63 18 12 0 34 0 0 0 0 0 80 0 52 0
 34 0 79 17 35 6 0 0 36 0 0 0 23 2 0 0 27 0 15 0 0 5 24 0 40 4 0 0 65 0 57 0 0 4 0 0 40 0 0 0 12 0 40 0 0 19 34 9 73 0 11 0 64 0 0 0 20 0 6 0 27 23 0 4 0 44 22 0 0 29 0 38 42 0 0 0 0 1 15 64 0 11 0 0 0 29 0 2 0 0 5 51 43 0 0 0 0 0 21 10 11 12 2 76 0 22 0 25 0 0 1 0 0 30 0 0 19 74 27 19 59 0 0 0 0 12 74 35 34 0 32 0 0 45 1 0 3 0 0 0 0 0 59 38 0 50 0 0 0 30
 2 0 0 0 21 18 62 0 0 0 60 0 0 8 0 0 0 0 27 6 12 0 0 0 0 23 23 31 17 58 2 53 19 0 0 70 2 30 0 11 0 59 0 86 0 91 10 0 31 35 34 46 0 0 36 43 35 0 54 27 6 0 23 34 0 0 0 1 13 15 0 0 0 0 0 0 0 0 76 0 46 0 0 0 49 18 0 0 0 0 0 82 45 0 13 0 0 0 0 0 0 0 38 9 0 3 0 84 0 46 18 0 0 0 0 30 0 0 0 0 40 63 0 45 45 0 88 5 64 4 6 0 0 24 0 15 52 24 39 0 21 3 0 75 0 0 1 3 0 0
 0 7 0 0 17 43 97 25 0 0 7 47 0 71 0 51 66 0 15 65 0 0 90 0 0 0 0 0 31 17 0 39 48 0 31 28 0 0 29 25 0 9 68 7 15 28 0 0 0 0 0 4 35 66 0 0 12 0 0 27 32 0 51 7 38 0 0 68 24 14 29 23 0 0 0 3 51 21 13 20 0 10 5 67 0 63 46 17 31 0 50 0 46 53 0 0 11 0 84 0 21 0 0 30 57 87 42 0 0 0 0 92 0 0 26 59 0 0 45 22 47 18 14 0 21 0 0 88 0 0 0 51 14 42 0 0 45 41 21 0 25 0 10 56 51 7 0 65 26 0
 32 38 0 29 5 0 7 8 0 0 0 24 16 0 0 0 37 46 0 0 46 89 0 0 76 0 71 0 28 25 14 0 0 36 68 0 86 6 0 0 57 0 39 0 0 0 0 0 1 0 28 31 0 55 0 0 8 0 0 0 0 0 0 35 3 0 22 81 0 42 20 25 0 0 0 3 0 74 25 0 0 0 10 0 31 0 24 6 67 37 0 0 30 2 69 14 6 6 0 0 1 13 0 0 7 0 0 18 0 0 68 0 41 33 44 0 0 0 24 0 25 25 16 2 0 0 0 6 19 0 0 9 32 27 0 2 0 14 48 0 24 0 63 0 0 0 55 0 0 0
 95 23 16 0 0 0 8 18 0 0 0 0 0 91 0 0 0 0 44 0 0 89 53 0 0 0 0 2 16 2 61 0 24 0 0 0 22 0 25 44 0 70 0 30 0 0 0 0 0 0 14 12 0 26 0 44 4 0 60 4 2 0 0 0 0 56 0 0 45 34 41 0 47 0 28 0 0 0 0 0 0 18 22 14 35 37 38 0 0 29 3 0 0 61 0 5 28 0 4 37 64 16 27 0 65 0 2 0 0 0 59 0 2 7 21 54 0 59 0 0 54 0 38 0 14 38 0 1 42 70 0 0 0 0 37 0 39 0 3 0 0 2 0 66 0 2 47 75 30 4
 0 12 17 53 17 55 0 1 32 0 0 0 0 0 37 62 0 15 0 10 21 1 59 0 88 19 2 16 0 0 0 77 0 11 30 78 74 20 25 8 0 5 22 86 45 0 48 23 69 0 18 0 61 0 20 12 0 0 1 81 0 18 29 0 72 0 22 5 0 0 4 60 0 22 39 40 0 0 7 0 0 0 0 0 0 6 0 33 0 10 0 0 46 0 8 0 1 64 0 0 29 0 0 57 36 0 0 28 0 5 0 5 0 11 0 36 9 26 57 14 33 0 0 0 0 0 0 64 43 25 65 18 0 0 30 3 9 0 0 71 41 0 0 20 0 30 14 26 0 37
 0 0 0 6 0 31 69 16 0 0 0 47 63 0 45 18 23 0 25 0 0 0 43 34 0 60 0 46 0 0 0 0 75 0 23 31 44 0 12 37 0 7 61 0 5 25 39 0 0 0 0 45 35 30 0 39 44 0 0 71 0 0 0 9 58 0 0 0 2 23 38 0 0 9 0 34 0 55 34 30 0 0 0 0 12 0 1 70 15 0 20 8 39 86 0 20 67 62 0 50 0 84 0 0 47 53 48 32 0 58 0 41 0 53 4 23 0 67 0 34 0 0 76 0 61 6 62 0 0 61 0 3 54 9 0 2 0 0 0 47 60 0 0 15 63 0 0 1 0 0
 59 55 0 0 84 48 0 7 0 41 64 19 9 0 0 0 0 0 49 50 0 21 0 54 0 48 4 0 68 49 0 24 2 0 89 61 16 0 0 68 0 0 20 63 0 0 85 0 54 13 0 5 0 34 0 0 19 53 10 62 0 25 37 0 45 26 0 14 12 0 0 31 16 29 46 19 0 81 0 0 0 39 0 0 0 37 43 0 14 0 19 0 58 23 13 0 31 0 0 0 4 0 78 8 47 43 0 3 4 40 80 0 0 61 0 38 0 0 0 0 0 29 0 78 37 46 34 0 0 6 38 0 21 0 33 34 0 40 0 42 20 1 4 0 40 0 0 46 51 16
 0 72 20 6 26 0 0 44 0 0 0 31 26 0 55 16 43 0 47 65 62 0 0 0 2 79 0 0 0 35 0 0 12 54 21 5 3 0 0 42 27 17 39 0 11 56 0 0 63 20 15 46 67 53 27 0 0 51 25 0 74 42 39 0 23 6 0 61 74 26 0 0 0 0 18 7 0 0 0 33 0 0 21 13 1 3 0 43 0 64 0 43 0 68 0 34 0 18 31 18 16 0 44 34 70 0 57 48 0 0 0 38 8 21 0 90 5 1 21 15 78 11 0 76 0 0 0 0 0 50 19 0 2 34 89 0 37 31 0 0 0 27 16 0 0 16 25 0 52 13
 6 37 1 31 18 0 70 0 0 0 37 6 7 0 7 17 0 42 66 32 0 0 18 0 18 86 0 31 57 0 0 38 17 0 0 0 64 10 0 0 0 0 0 1 23 0 0 0 0 0 80 0 0 0 0 11 0 0 18 0 0 0 0 0 0 23 0 0 24 6 0 16 0 0 0 0 22 0 0 0 5 0 29 20 0 0 0 13 34 13 10 0 0 15 7 38 1 0 0 64 58 0 0 74 0 0 0 95 0 0 0 41 17 19 0 51 11 0 0 0 0 0 26 0 0 0 27 84 24 0 0 9 0 0 9 36 0 0 0 9 22 0 28 0 0 0 0 41 41 0
 22 24 0 14 38 0 60 6 0 4 0 45 14 46 0 37 0 0 6 30 23 3 0 0 0 6 0 0 0 18 1 0 0 0 37 4 0 0 46 40 57 59 28 85 57 34 77 8 6 31 0 0 0 56 7 0 0 0 0 0 0 30 0 0 0 23 0 0 33 0 0 0 0 64 5 0 24 0 0 71 0 0 0 6 0 0 8 0 15 51 0 20 12 0 0 0 50 42 0 25 0 0 79 7 16 14 9 70 78 0 0 0 23 0 1 0 42 81 5 0 0 33 0 0 0 28 0 1 0 50 0 0 0 47 0 61 0 0 17 0 50 67 0 53 0 0 0 26 0 0
 33 40 0 37 40 2 24 0 89 1 14 0 29 76 21 67 0 0 5 37 14 7 13 21 61 0 0 0 41 0 0 0 0 3 0 0 0 0 50 77 0 19 33 0 86 54 0 0 13 0 0 0 0 26 0 0 36 69 53 45 0 43 61 0 0 34 0 77 0 53 0 38 0 0 0 61 55 0 12 0 97 0 1 0 0 17 16 5 0 0 14 16 0 11 75 0 5 11 0 0 27 0 0 0 47 0 0 5 0 11 20 0 54 25 0 0 38 52 0 0 48 52 44 0 0 0 0 0 14 0 0 64 61 0 7 48 18 0 0 0 0 0 0 17 0 0 1 0 4 17
 56 67 59 13 63 6 0 12 0 0 38 47 46 0 14 84 0 15 0 23 15 2 32 6 81 0 63 10 56 0 0 0 30 0 84 0 0 22 11 0 0 0 31 55 0 39 0 0 16 29 75 24 0 25 82 48 56 21 0 0 28 0 0 0 25 74 0 0 0 0 1 0 27 0 0 31 91 27 52 0 0 0 33 10 0 0 16 0 0 24 0 0 0 0 0 46 11 0 0 0 0 0 74 21 0 0 20 43 44 0 0 0 0 4 51 0 0 0 24 17 75 0 11 14 0 7 0 0 0 22 12 92 0 0 69 47 31 44 0 13 0 0 0 47 0 0 0 60 3 0
 49 14 0 0 12 0 0 0 0 0 0 51 18 3 0 0 0 0 70 19 70 0 0 0 0 0 41 33 69 51 0 2 0 64 21 0 0 0 0 5 23 42 49 87 0 19 0 0 0 0 44 23 2 0 31 0 0 72 32 0 43 0 0 0 2 0 82 0 0 0 84 16 0 0 57 1 0 51 0 0 0 8 0 0 23 45 0 46 0 0 74 25 0 0 11 0 16 0 0 0 0 0 0 27 25 0 77 81 0 0 93 44 33 0 0 0 0 50 69 13 0 12 7 42 0 29 0 0 0 0 38 10 67 10 15 0 66 12 24 0 3 0 48 0 0 34 4 44 0 15
 94 0 0 0 0 68 0 6 0 15 0 0 18 11 34 49 0 60 0 0 50 0 0 0 44 6 0 72 0 0 0 37 0 0 0 8 74 27 0 0 0 0 19 0 63 0 4 5 0 21 18 19 0 0 15 23 0 23 12 0 0 90 0 0 0 0 0 0 0 20 79 0 20 12 0 17 67 0 13 20 35 0 66 0 0 8 0 79 25 0 71 1 0 64 0 0 7 22 0 0 82 0 55 0 0 15 40 22 5 0 70 54 0 0 0 9 31 69 15 0 0 0 0 0 23 43 8 48 59 26 0 0 0 17 0 56 26 0 70 68 49 0 0 14 0 66 0 0 12 0
 74 0 23 0 46 53 0 74 34 0 0 0 0 39 0 0 0 0 56 10 0 15 62 0 37 0 24 0 0 23 0 40 24 74 15 0 0 45 0 0 85 0 0 0 0 86 0 52 0 49 53 29 0 0 0 8 49 0 25 28 49 7 0 0 0 87 0 0 68 0 0 13 52 0 0 0 89 0 33 48 72 0 24 0 2 0 0 0 22 21 0 25 28 0 0 1 17 3 0 17 0 0 75 56 0 0 18 0 50 0 0 62 0 35 56 22 0 44 28 33 0 13 17 3 0 12 0 0 0 10 0 0 0 78 0 0 28 0 0 0 5 37 0 0 0 45 0 0 5 0
 0 0 4 5 81 0 0 0 0 12 3 0 0 31 0 24 0 0 0 0 34 0 0 33 0 0 0 53 0 78 28 0 0 10 7 0 0 0 0 0 0 17 21 0 0 0 0 0 0 0 6 0 0 0 0 0 0 0 33 10 66 1 55 0 0 40 0 0 0 18 2 0 15 73 4 0 0 0 0 64 40 19 71 0 0 0 0 53 38 0 0 45 0 12 25 0 0 5 0 58 59 0 0 6 0 0 14 10 61 4 0 0 2 0 0 57 0 33 0 24 0 0 0 56 12 53 0 5 63 0 91 70 0 0 18 0 2 11 5 86 0 75 12 0 35 80 0 0 41 48
 0 0 28 0 76 0 18 31 0 51 0 42 11 0 0 41 0 0 0 7 31 17 0 0 0 0 0 50 8 0 0 7 3 0 40 0 0 0 0 63 24 11 18 0 2 0 0 41 26 71 67 35 0 95 0 0 30 0 0 38 81 0 32 0 9 0 22 0 0 41 7 25 0 0 35 13 0 47 0 0 17 71 0 0 0 34 4 0 0 0 0 0 0 0 60 5 0 0 38 0 0 21 60 0 0 0 0 0 54 36 0 7 6 0 74 0 0 23 0 0 0 13 0 0 76 0 41 0 0 63 3 27 0 0 0 4 43 38 0 39 14 0 55 5 0 0 30 39 6 0
 3 0 0 70 10 10 48 0 0 21 0 0 59 0 0 6 44 0 49 73 0 17 0 0 14 0 0 0 0 20 26 0 7 0 23 0 16 0 8 0 85 17 53 10 0 0 0 0 8 36 0 55 31 0 48 47 0 0 0 2 0 42 29 0 2 0 0 0 55 0 0 55 37 47 11 5 16 20 20 50 33 39 0 64 0 15 0 0 0 44 0 2 8 0 10 5 11 0 0 0 0 0 0 36 0 42 0 30 65 7 8 0 0 0 0 14 0 76 0 0 72 0 0 0 31 0 0 0 76 0 0 0 16 18 19 0 0 0 9 0 12 60 0 56 4 0 0 78 12 42
 74 2 0 0 0 68 66 0 17 7 42 0 33 24 5 0 25 25 42 0 87 30 39 0 47 51 0 0 43 60 57 0 11 0 0 1 0 38 0 51 13 45 10 0 13 0 92 0 0 0 0 0 0 45 3 0 0 34 3 69 36 0 0 62 0 0 35 30 41 0 0 50 0 52 28 0 47 65 69 0 85 26 67 0 0 0 0 31 48 64 4 7 0 0 0 60 0 49 0 35 0 33 0 34 0 0 0 0 0 0 1 0 14 13 18 10 0 0 82 0 0 31 0 0 41 50 56 0 91 56 12 0 0 38 74 39 61 73 1 55 78 0 45 0 82 0 18 0 0 35
 0 0 36 0 0 0 2 0 0 0 0 0 0 0 0 0 44 0 0 0 0 1 14 11 0 0 0 0 39 4 46 18 0 35 11 73 0 38 23 0 0 1 0 0 0 0 12 70 4 0 0 0 45 5 36 0 0 0 0 1 0 0 0 0 56 0 47 19 5 0 14 0 0 0 0 0 0 29 47 11 1 17 0 0 0 20 62 20 0 0 50 25 29 7 1 0 3 0 8 0 0 23 8 10 0 59 0 0 62 0 18 0 0 0 0 48 58 59 33 21 58 0 0 38 49 0 7 0 3 0 0 50 39 0 9 0 55 82 0 0 0 0 43 49 35 46 0 0 7 0
 51 53 0 0 0 38 24 0 50 1 8 40 0 0 0 0 0 0 0 71 0 0 19 0 0 72 0 0 0 0 38 53 0 30 0 0 15 10 0 32 0 0 0 0 0 49 0 0 0 0 0 27 0 0 0 0 0 29 0 20 0 0 0 58 0 31 0 0 38 48 24 62 9 0 16 0 29 54 0 0 0 0 0 0 6 80 0 0 0 43 16 18 0 0 0 0 0 28 0 14 16 0 73 65 0 50 40 44 0 12 0 53 0 16 72 10 16 0 0 67 11 0 0 0 0 40 0 57 0 0 0 46 62 0 20 19 0 11 0 88 4 31 0 60 0 11 14 0 44 0
 0 0 0 0 20 12 0 28 10 24 32 0 36 4 36 4 0 0 0 16 56 42 0 0 0 8 0 11 0 58 27 31 0 0 26 0 10 0 0 20 0 0 0 0 8 0 60 5 41 40 0 0 77 3 50 81 8 0 0 14 0 0 0 6 0 22 0 58 0 0 0 0 7 0 0 5 54 13 0 30 0 0 0 42 6 0 16 0 72 0 0 71 45 13 6 0 32 0 0 0 18 0 0 0 0 39 0 0 5 0 15 12 0 0 6 0 18 0 54 0 64 0 3 6 44 43 0 0 29 0 0 0 0 49 0 0 6 0 0 7 2 14 0 0 12 13 52 3 0 16
 11 0 34 21 0 0 37 0 68 0 17 0 16 51 0 0 25 0 0 0 10 38 40 0 68 0 19 0 0 0 23 0 0 14 66 0 0 55 2 0 62 0 48 16 0 0 52 0 0 21 9 0 24 5 4 36 45 0 6 0 2 0 0 96 35 25 0 48 54 0 57 29 0 0 0 0 0 0 0 0 13 55 20 0 45 0 13 0 0 43 0 24 0 0 23 1 0 0 0 35 24 0 27 70 30 0 0 0 4 0 12 0 9 0 53 0 18 48 2 0 7 0 17 33 0 17 4 0 20 0 18 47 0 0 0 3 0 0 16 0 0 0 0 0 22 0 0 19 10 4
 0 54 0 3 32 0 0 0 0 0 0 10 0 56 45 0 46 7 0 22 42 38 16 0 4 0 41 53 0 23 0 0 0 0 47 5 0 11 46 93 11 0 36 54 0 0 0 0 64 0 11 0 10 5 0 0 7 0 41 68 33 0 0 47 0 34 6 38 11 28 74 27 0 0 0 0 0 34 48 29 0 0 52 55 45 0 0 0 54 45 49 69 0 2 0 0 11 2 44 0 28 35 17 40 0 0 0 36 0 11 0 0 0 34 64 0 0 0 0 83 0 18 0 0 5 0 11 15 92 0 0 16 0 0 7 23 0 65 0 12 46 0 56 0 0 15 18 0 0 59
