150
 20 0 24 11 22 0 0 0 4 3 37 0 58 0 56 2 0 72 0 0 96 50 0 29 0 34 0 0 0 0 11 55 8 18 9 0 39 0 2 0 0 0 0 21 2 74 0 55 0 0 0 0 0 34 17 0 0 0 83 0 0 12 0 0 47 53 55 0 0 11 60 4 0 80 0 0 16 0 36 38 26 14 0 34 43 52 39 4 41 0 0 0 0 0 48 38 30 27 0 0 24 0 44 7 40 0 9 15 0 0 3 49 24 56 0 0 32 0 62 34 0 0 10 57 14 0 83 0 0 0 0 0 0 25 5 7 1 0 0 0 24 71 61 0 0 0 59 5 20 0
 51 48 62 0 2 36 0 0 33 6 0 0 0 29 12 5 23 0 0 0 0 79 36 0 0 0 0 0 31 0 62 0 45 0 33 71 17 23 0 23 24 5 0 0 52 0 0 15 1 0 0 0 85 58 1 71 0 5 57 0 39 13 0 24 0 48 22 0 46 0 0 0 8 0 0 0 67 41 1 0 0 0 41 0 3 23 21 0 0 0 70 60 0 0 0 40 50 0 0 31 0 44 44 17 0 0 0 67 0 0 46 0 0 0 59 0 0 0 0 0 0 32 0 0 0 0 15 60 39 0 0 81 0 0 10 20 0 3 48 0 81 0 36 3 0 74 0 24 43 0
 0 0 38 0 48 3 5 45 67 2 19 77 0 0 7 0 0 0 14 0 3 24 0 0 0 0 22 35 0 58 83 15 7 24 0 0 0 0 8 0 8 6 0 43 60 0 3 60 0 0 0 18 0 0 0 0 0 0 0 59 57 0 0 18 21 38 55 0 0 0 48 0 0 49 34 73 48 42 0 0 65 15 0 0 0 0 33 0 0 41 44 48 0 0 5 0 53 0 0 0 17 0 24 15 16 0 12 0 33 0 0 0 20 0 0 0 0 28 0 0 0 7 0 37 13 97 7 0 9 0 0 0 0 0 0 0 0 0 0 54 0 0 0 38 0 14 0 73 7 0
 0 13 37 58 0 59 0 0 10 0 20 26 3 0 0 43 69 0 0 16 90 0 0 0 0 0 10 59 79 0 0 0 73 0 0 0 0 0 49 14 7 0 0 0 37 21 0 14 3 27 0 21 0 27 36 0 0 0 31 0 0 0 0 0 0 90 46 35 8 0 0 26 34 0 44 0 0 42 48 56 0 0 51 0 58 0 0 79 0 0 0 39 0 0 13 0 49 47 0 2 19 4 0 0 0 0 47 0 0 0 0 33 0 0 22 0 54 0 30 0 4 0 15 35 0 0 46 0 46 42 0 81 24 33 0 0 43 16 53 21 0 70 0 0 0 0 10 0 0 0
 0 0 0 38 73 94 4 1 0 20 0 37 0 20 12 32 17 2 58 0 2 24 50 0 54 62 0 59 1 0 0 50 0 19 0 0 0 0 27 38 1 19 44 30 75 0 27 0 81 7 0 9 19 13 42 67 0 6 43 29 0 0 28 0 19 76 95 0 0 5 16 27 17 10 0 4 33 0 0 0 0 16 0 27 0 16 0 70 0 63 4 0 0 34 0 37 21 0 0 31 0 0 40 0 62 13 0 0 0 25 81 0 0 17 19 0 0 75 11 48 31 5 0 0 0 0 65 0 21 24 0 18 0 0 0 47 0 4 0 31 0 0 0 0 82 0 0 8 37 0
 34 0 0 0 0 94 0 0 4 0 44 31 0 0 0 45 0 0 0 0 0 0 0 0 70 25 37 0 0 0 0 0 0 0 78 38 55 39 55 0 75 0 82 0 34 0 50 0 0 0 0 48 0 34 17 0 4 0 21 36 0 81 0 29 18 0 17 19 68 82 0 26 55 0 47 50 0 42 22 20 3 21 0 8 8 57 59 5 0 0 0 0 16 0 59 0 0 0 12 27 0 0 0 0 32 5 0 32 0 39 0 0 14 0 0 0 0 0 0 0 0 7 79 0 0 4 0 3 32 32 0 0 50 34 22 35 0 0 0 0 41 22 0 13 20 34 0 8 16 0
 1 19 0 35 0 4 40 0 0 0 0 68 0 1 69 77 7 41 3 0 74 0 0 0 57 1 0 28 0 0 7 0 35 19 73 32 40 52 0 0 87 16 0 0 1 45 0 0 0 0 1 0 0 62 79 23 69 0 35 69 46 0 34 23 0 0 0 0 0 9 35 10 37 0 0 64 64 0 0 0 7 23 0 0 0 0 0 1 0 0 24 0 11 4 48 0 7 69 0 2 12 0 0 0 0 45 11 0 0 76 2 83 0 93 0 0 0 61 23 0 12 34 64 29 0 24 53 19 0 13 0 2 0 8 0 13 82 0 31 0 45 72 61 11 9 33 2 0 52 0
 43 5 0 86 0 18 25 13 0 0 26 0 61 25 45 21 55 23 18 34 0 26 61 65 34 48 0 0 28 0 18 0 58 14 22 0 20 0 75 0 0 13 0 0 22 0 21 0 9 0 0 70 0 0 0 0 0 4 17 34 0 0 0 26 57 21 18 65 0 30 40 18 0 0 28 0 0 57 68 71 18 0 16 26 0 0 5 9 0 0 38 0 0 0 58 0 2 28 0 71 0 31 26 13 0 0 0 10 80 35 34 52 0 0 0 0 6 0 46 0 81 0 4 87 49 10 0 0 83 0 0 0 11 42 38 0 0 68 47 0 0 12 20 14 36 0 80 0 7 0
 0 0 0 0 1 0 29 19 58 62 0 50 0 0 0 0 0 0 78 0 67 0 0 0 56 20 0 0 52 59 4 0 82 21 0 0 0 0 0 0 25 6 0 52 0 59 0 0 0 63 0 29 0 88 0 13 54 71 0 58 0 0 0 0 0 0 11 0 0 0 0 0 32 0 0 33 22 0 41 0 0 0 0 0 0 11 0 0 58 0 21 29 0 5 0 13 0 0 71 0 0 0 52 87 0 0 20 48 0 11 0 17 17 0 1 0 0 0 23 0 0 57 71 0 0 0 32 52 57 5 0 13 0 65 0 0 0 0 0 0 60 96 22 56 13 57 26 77 16 12
 0 0 0 41 0 26 17 33 0 29 0 0 0 0 0 0 19 0 17 0 25 0 93 22 29 3 21 0 60 35 70 52 0 0 0 53 0 12 0 0 75 4 0 44 0 22 69 47 0 2 76 0 47 30 6 0 0 0 0 51 4 0 68 12 64 10 0 0 28 44 0 0 52 0 0 9 0 54 0 85 9 97 30 0 0 0 46 18 73 21 0 44 0 9 5 0 0 0 0 35 5 60 0 11 0 10 0 0 6 40 24 12 0 26 51 0 0 0 0 0 0 23 0 0 0 0 0 0 10 0 29 0 0 0 57 65 0 31 81 25 0 0 0 13 0 18 14 0 0 19
 0 16 0 0 8 0 21 0 31 2 11 0 32 0 0 8 42 13 0 14 0 0 0 43 29 27 57 27 0 91 41 0 14 38 31 0 0 0 36 36 35 22 0 75 38 28 0 9 5 0 0 0 0 74 9 45 42 22 15 35 20 0 0 4 0 38 0 0 53 56 43 0 0 0 0 60 28 0 37 30 42 32 11 0 0 91 0 70 0 58 9 13 74 21 3 0 0 0 57 0 72 0 23 28 0 0 62 18 19 0 2 0 83 0 0 31 0 30 6 30 0 0 0 45 56 58 0 0 0 0 0 0 68 10 0 15 35 0 29 39 2 49 0 24 66 0 0 16 0 69
 38 11 0 0 0 0 0 25 0 83 46 17 44 52 65 0 23 0 0 0 0 0 15 20 44 23 0 12 0 0 40 40 0 0 48 3 20 8 54 0 0 0 0 44 0 56 9 19 37 0 20 20 62 0 7 0 0 0 0 58 13 0 19 16 16 14 75 56 0 57 18 9 37 0 0 0 29 0 0 0 5 0 14 38 0 51 16 50 0 0 0 46 0 23 0 0 0 6 68 0 15 3 0 51 61 0 0 0 11 41 42 37 0 0 59 0 0 2 0 0 0 34 0 0 0 0 0 0 22 0 12 25 0 0 0 0 68 0 0 0 26 9 0 0 0 15 0 0 42 0
 0 55 19 0 25 0 26 0 17 30 0 0 35 9 0 0 12 20 82 0 0 43 0 31 8 55 0 9 0 10 16 0 0 73 38 0 39 0 7 0 0 26 0 0 0 0 0 0 0 7 34 0 22 0 0 40 0 33 0 41 0 0 0 45 48 20 10 0 14 54 0 0 48 3 0 40 0 30 1 42 14 11 0 0 0 22 54 0 0 0 0 10 0 0 0 10 0 53 66 0 0 0 0 0 54 0 1 64 0 0 16 61 0 0 0 52 17 0 0 76 36 0 0 65 8 0 75 13 30 14 0 31 47 16 0 1 0 2 66 31 0 16 0 42 7 0 5 51 0 0
 4 0 61 15 0 65 0 0 12 35 80 0 0 18 44 73 71 7 0 53 0 24 0 81 0 6 40 10 3 34 0 62 17 0 32 0 48 0 4 0 0 19 38 0 27 30 9 81 64 33 0 0 0 0 0 25 0 21 44 26 0 19 0 7 0 0 0 0 14 0 9 33 62 0 5 72 0 14 85 0 48 5 56 0 74 44 0 12 30 54 3 23 0 15 14 89 3 0 6 23 0 53 1 32 36 15 40 0 43 35 0 0 1 2 69 0 29 53 0 9 10 45 20 72 3 38 3 0 0 34 27 46 55 99 0 0 4 0 29 57 3 32 0 48 57 6 0 30 0 13
 0 0 0 9 0 9 0 0 4 20 6 0 12 0 42 18 0 12 62 34 0 0 0 31 0 19 6 76 0 0 21 19 84 73 0 42 32 39 77 38 25 7 26 62 43 0 13 10 26 0 16 0 0 20 0 0 25 0 4 0 0 0 0 34 65 0 0 0 0 32 11 12 0 0 8 49 79 33 33 0 68 28 0 19 40 25 15 0 80 0 14 0 62 44 17 0 0 60 0 54 0 0 3 0 6 36 0 64 0 33 0 35 0 49 57 0 49 0 10 20 0 0 27 0 22 0 1 0 12 55 0 0 0 49 40 0 0 11 36 5 0 0 0 0 0 0 4 0 20 0
 0 0 12 0 0 0 0 0 68 35 0 22 76 0 0 2 0 60 0 0 28 15 0 0 0 0 11 51 0 0 0 0 26 0 0 23 77 24 0 0 0 9 0 56 0 4 0 22 0 0 0 0 27 0 22 0 48 28 0 0 23 66 17 11 50 36 0 96 21 0 0 19 54 74 0 10 9 0 34 0 0 0 0 62 9 0 7 21 0 28 0 1 31 0 0 24 5 49 51 77 45 0 71 0 0 19 0 0 0 13 18 0 0 0 45 0 22 13 0 0 0 53 93 0 0 1 43 2 28 0 0 8 0 0 4 83 73 0 27 11 9 0 0 98 0 38 0 0 37 48
 12 0 44 0 0 20 0 0 20 0 0 0 0 0 59 28 33 24 38 0 0 56 40 0 15 0 0 84 81 0 0 58 0 88 0 0 29 19 0 27 57 0 41 64 0 37 2 27 0 33 0 0 13 14 0 0 22 0 0 34 44 0 0 33 0 56 0 0 3 0 0 63 5 0 74 0 0 0 1 0 0 0 0 0 0 35 9 0 0 21 38 50 0 0 11 0 0 29 0 0 52 43 42 36 21 37 0 0 0 0 39 30 0 27 49 3 0 65 27 0 0 0 0 35 0 22 0 0 0 0 0 14 0 21 0 0 0 0 0 0 0 0 0 0 0 5 0 42 33 22
 0 16 57 39 0 28 0 0 28 42 0 54 0 0 0 0 0 77 5 0 0 0 0 36 8 0 0 5 41 0 0 0 0 38 0 32 58 0 35 12 53 6 70 54 66 64 0 30 0 0 0 0 0 0 5 0 0 0 77 37 39 0 0 0 36 24 0 0 0 50 0 0 46 24 5 65 24 35 0 20 0 49 1 0 0 50 59 79 0 58 0 34 0 0 0 42 76 0 0 0 0 0 0 0 0 0 11 0 16 0 18 0 0 0 69 10 36 0 2 0 53 29 69 17 70 2 5 0 0 26 0 0 50 18 56 0 7 0 33 0 0 0 0 18 17 0 63 52 0 0
 32 64 0 53 0 45 0 0 0 0 51 39 0 4 0 9 0 0 17 0 0 0 81 49 36 32 0 27 89 16 90 0 0 0 0 0 0 13 86 0 50 0 0 74 33 13 41 7 0 0 0 0 0 67 0 49 28 38 11 0 9 0 1 0 0 32 67 21 9 0 0 0 0 0 9 52 0 77 0 69 95 0 0 0 12 0 0 17 19 0 0 51 0 17 61 30 0 25 74 6 34 26 53 0 0 22 0 0 23 0 0 22 0 0 8 52 0 0 0 0 40 0 30 32 4 16 72 0 48 9 0 25 41 0 1 0 60 0 17 0 32 51 32 50 0 0 0 25 20 89
 12 81 0 0 62 3 15 0 29 32 0 26 14 0 0 25 5 15 10 87 20 0 79 40 0 0 0 3 37 4 8 0 0 0 29 44 43 38 0 40 0 0 30 0 39 13 18 96 0 39 0 17 0 0 0 39 32 1 0 34 0 0 0 47 0 0 57 0 0 0 0 36 23 14 36 74 0 2 91 14 12 0 0 35 0 0 12 0 59 23 49 0 51 0 0 0 41 0 41 15 0 26 28 0 0 36 13 0 0 0 2 81 0 26 9 0 25 29 28 12 0 25 68 0 11 0 0 0 0 82 0 0 26 0 13 1 71 16 63 0 50 0 29 0 0 0 0 10 23 36
 0 5 0 0 0 74 0 36 0 0 47 53 23 38 28 0 36 31 24 0 78 0 31 8 0 25 67 0 39 0 24 71 10 66 0 0 0 0 8 56 0 0 0 24 0 0 50 0 0 0 0 0 0 16 0 0 0 0 0 0 42 0 37 0 45 54 0 6 0 0 0 0 29 0 19 9 0 0 37 0 0 0 20 68 87 52 0 0 0 82 0 0 0 1 0 17 41 3 56 0 0 1 0 0 0 89 0 0 25 0 39 0 0 0 0 35 13 64 0 15 1 55 53 64 0 0 0 37 0 0 1 51 42 0 32 2 61 3 0 55 39 22 12 17 17 44 13 0 14 49
 0 0 0 70 0 22 47 0 5 42 15 11 0 0 17 0 0 25 55 40 25 81 0 15 0 87 46 0 0 0 3 0 45 59 0 0 83 32 0 81 51 24 46 0 0 28 21 0 0 23 0 50 0 0 0 71 52 0 0 4 1 11 71 0 0 0 38 0 0 0 0 69 0 0 53 73 37 11 2 0 48 0 75 53 68 48 28 15 0 0 0 0 8 0 83 34 0 16 0 0 23 0 38 0 0 9 0 0 0 0 0 25 0 0 52 39 0 55 28 12 53 5 52 5 33 0 0 25 0 8 0 7 0 6 0 59 0 16 19 54 88 0 0 49 6 0 67 0 28 46
 37 0 13 60 0 22 12 0 75 0 56 0 6 54 30 66 0 36 0 0 0 18 22 31 0 9 0 58 22 47 0 4 20 0 52 0 0 0 58 0 69 0 0 8 49 1 0 0 5 4 0 0 21 0 40 0 61 0 0 0 46 43 1 0 0 0 18 0 0 79 37 0 0 0 67 0 0 9 0 0 0 32 0 65 63 0 0 0 0 0 69 0 51 53 0 44 74 0 2 13 0 0 0 0 12 0 55 33 5 56 0 0 0 46 0 53 2 0 0 40 34 0 0 0 96 0 0 21 68 64 43 0 6 7 0 0 59 22 0 5 49 13 16 15 17 7 0 0 0 39
 0 16 67 44 0 95 26 0 21 0 0 0 0 0 0 7 9 0 0 0 0 0 0 6 12 0 0 0 14 30 0 12 22 0 0 0 0 42 0 8 65 41 10 65 0 41 0 36 0 0 80 41 49 53 47 36 43 0 2 85 0 0 37 39 0 0 0 31 15 0 0 2 33 0 55 0 0 19 0 0 0 30 0 0 32 0 90 0 0 0 0 42 26 0 0 4 7 54 0 0 48 0 0 77 54 74 0 0 10 19 9 0 64 0 0 54 0 25 0 0 35 6 38 37 0 0 52 0 0 37 35 51 13 0 0 11 72 0 0 73 11 80 0 0 0 57 48 0 50 35
 48 63 4 5 0 0 0 0 0 0 0 0 0 26 26 3 0 0 0 14 47 31 62 0 30 0 0 0 2 0 0 36 0 47 36 0 0 0 62 38 0 0 10 0 0 4 39 57 0 29 70 49 16 45 0 0 0 0 0 78 56 0 17 54 0 59 0 65 0 0 14 0 47 0 0 36 3 0 0 0 0 0 57 28 0 19 0 60 0 0 16 6 32 0 25 32 0 0 0 67 0 4 0 0 0 23 40 60 6 0 7 0 0 0 19 0 0 4 0 29 14 0 0 0 41 0 0 66 0 0 5 5 0 16 0 0 0 0 45 0 14 0 0 0 0 1 0 3 30 11
 0 8 4 9 0 0 0 0 0 0 0 0 0 0 0 18 40 17 0 3 0 0 0 18 59 69 52 3 0 0 6 0 0 0 24 17 0 2 11 22 48 15 16 56 30 0 8 76 22 1 0 20 7 72 18 0 0 0 0 0 28 69 2 40 0 5 15 38 73 44 59 77 20 50 0 0 34 0 0 61 8 49 9 0 2 0 0 0 19 70 54 0 5 0 41 0 0 0 10 65 0 0 0 0 0 0 0 0 53 3 2 28 0 58 0 20 39 47 0 0 0 19 0 48 0 0 0 39 58 0 81 0 1 0 85 0 13 0 33 15 57 9 78 0 0 54 27 0 0 39
 25 7 0 0 60 0 19 27 63 0 0 5 29 0 0 0 46 46 23 34 0 0 38 22 78 0 46 30 0 0 33 0 66 37 19 31 44 12 21 0 0 22 0 57 5 82 0 0 25 13 30 23 0 71 27 60 18 0 53 0 0 0 45 0 0 49 0 0 8 41 39 0 0 14 59 48 0 32 0 33 7 29 0 67 0 43 0 43 9 0 0 0 0 60 0 32 0 0 19 29 38 0 4 0 51 0 0 26 0 0 2 0 0 0 0 7 28 3 12 0 16 0 0 4 0 30 27 0 0 0 73 0 0 81 60 24 21 0 14 0 0 0 0 0 46 0 0 80 1 39
 33 46 0 0 0 25 0 19 14 62 0 0 0 0 0 0 0 0 0 0 64 53 0 40 3 0 0 71 0 4 0 2 47 87 14 38 41 27 0 8 0 0 11 36 32 0 68 39 80 0 0 0 24 0 16 14 37 14 0 12 0 0 0 0 0 0 22 10 0 33 0 0 0 0 11 0 0 76 78 24 0 0 74 0 0 41 0 0 54 25 78 83 9 61 0 31 0 0 26 0 20 0 37 24 17 0 0 0 33 0 0 18 0 0 82 0 0 0 20 0 38 0 0 0 11 16 23 42 13 0 8 27 68 62 24 0 0 0 78 60 0 0 13 0 64 0 16 9 56 0
 9 0 81 0 0 10 12 0 0 0 29 8 28 0 5 21 0 0 0 0 0 61 0 0 0 30 10 29 92 0 47 76 21 13 13 0 0 0 62 34 0 26 41 37 20 11 0 14 31 0 61 0 0 0 25 39 0 0 9 0 51 0 0 0 0 43 0 9 0 36 62 0 0 0 2 0 62 0 0 62 43 91 27 0 21 0 0 0 0 17 0 19 0 0 0 70 40 18 0 0 17 0 0 1 28 0 51 0 48 41 0 0 0 94 2 10 0 0 38 38 0 0 7 10 0 0 4 36 0 26 0 4 0 0 48 76 90 0 0 11 2 0 39 58 54 13 0 19 65 32
 54 4 0 4 72 9 9 8 0 0 0 59 0 0 75 43 80 68 0 0 25 57 0 0 4 32 28 0 11 93 67 66 37 0 0 0 0 0 0 0 38 11 0 0 23 0 0 0 0 48 5 5 0 16 89 57 2 90 44 36 0 0 0 0 8 23 0 0 97 0 0 17 0 0 4 0 0 0 51 0 82 9 0 0 0 0 63 0 0 0 0 0 0 6 81 8 26 0 2 37 32 0 86 38 39 0 0 0 31 15 0 23 46 0 7 15 0 13 50 41 44 28 0 39 69 20 0 65 14 7 0 14 58 0 16 12 0 0 38 0 0 0 2 26 19 0 0 52 0 0
 0 0 0 56 35 5 0 0 0 0 0 0 0 12 0 78 15 33 0 0 0 0 54 60 20 0 0 38 0 0 52 39 0 10 31 0 0 35 0 43 0 0 30 19 52 0 68 69 0 0 0 53 0 0 0 33 74 0 0 0 0 0 0 85 0 0 42 0 0 68 0 62 1 0 0 0 0 57 53 0 0 0 70 0 0 48 0 41 0 0 38 90 54 18 28 28 10 40 0 0 0 0 0 37 0 15 26 0 75 38 0 0 5 6 2 46 0 10 0 74 0 0 0 88 0 0 0 37 0 0 0 0 0 18 16 64 0 0 0 30 9 0 0 0 0 24 13 0 0 0
 0 40 0 80 0 1 93 24 25 0 11 0 16 0 0 9 0 8 33 9 0 4 0 0 0 49 24 0 0 0 0 41 0 0 0 0 0 10 67 0 0 52 47 4 3 0 24 13 18 0 18 0 0 24 0 56 38 0 0 18 14 85 61 0 74 20 44 5 59 5 23 73 0 0 0 48 4 0 0 50 4 0 24 27 8 4 0 61 0 47 0 0 2 15 67 0 73 32 0 6 48 37 0 0 0 38 0 36 75 37 8 0 21 0 0 51 12 0 0 14 0 0 0 0 31 0 0 35 0 58 14 32 27 60 61 42 0 46 0 0 21 0 0 63 43 15 0 0 0 0
 0 0 0 0 24 27 0 0 0 7 0 17 11 0 0 0 44 11 25 25 0 0 0 0 69 37 0 0 0 0 39 20 86 9 0 0 0 54 53 38 13 41 93 0 0 0 60 0 65 68 0 13 24 0 0 0 53 4 70 61 93 0 41 4 49 0 25 18 0 9 12 32 0 13 0 8 0 0 0 55 0 38 29 70 0 14 0 0 0 36 48 58 18 77 0 0 20 29 22 37 15 17 39 0 0 0 2 0 0 36 0 0 13 0 14 0 12 0 0 0 13 0 14 0 50 82 0 58 0 0 2 0 50 13 66 0 0 0 65 22 9 0 87 0 71 0 0 0 0 58
 0 56 0 59 0 11 0 0 0 41 0 43 0 26 0 18 0 0 72 45 0 0 53 33 0 7 0 0 0 12 0 62 0 86 0 0 48 13 0 90 0 0 0 14 0 42 0 0 0 50 0 43 0 26 91 58 0 36 0 0 27 0 3 0 0 9 3 0 57 27 0 0 14 0 31 46 21 55 20 14 33 31 0 75 0 21 90 50 68 0 41 20 77 4 0 3 0 0 45 0 0 48 9 0 0 0 0 0 19 0 0 0 0 0 33 36 39 73 0 0 0 0 3 0 15 4 47 0 0 0 88 0 80 10 15 62 0 2 41 0 0 0 28 0 59 0 0 0 0 55
 0 0 8 23 18 0 0 0 54 47 0 0 0 0 12 11 19 20 71 0 36 59 0 3 0 0 0 0 0 23 0 72 22 16 28 0 0 0 9 0 9 39 35 3 84 0 0 3 0 36 0 28 0 6 0 5 44 0 0 0 58 0 23 0 0 0 0 0 22 0 41 28 0 47 67 0 5 38 54 0 0 0 0 0 0 76 0 0 9 0 0 67 59 0 0 0 73 0 0 47 82 0 18 0 10 66 0 89 0 58 53 47 6 46 87 0 0 0 0 0 0 38 48 43 0 14 0 0 0 0 0 73 0 0 24 36 46 0 0 11 75 45 47 0 10 0 63 0 34 0
 88 0 37 65 7 0 0 46 11 0 87 0 61 19 0 0 2 0 13 0 76 10 10 46 36 0 0 0 47 64 16 4 3 53 19 25 42 46 45 28 30 0 0 18 74 22 0 43 29 0 0 0 0 0 52 0 10 7 67 0 35 0 0 0 0 28 0 0 49 0 0 47 32 16 0 52 0 0 80 82 4 69 21 2 0 15 27 0 30 0 41 0 0 18 47 36 11 54 27 2 0 0 25 11 4 0 25 81 0 0 19 0 0 23 39 0 4 0 0 0 0 30 12 0 0 0 0 25 0 99 0 15 0 0 3 0 0 0 0 8 50 10 60 0 11 0 0 0 5 61
 0 0 31 21 4 0 0 0 41 0 8 0 0 0 0 0 0 0 93 0 49 0 31 30 19 44 0 0 44 27 88 65 19 0 2 0 53 0 1 0 17 0 21 14 0 0 32 0 0 2 0 0 91 0 4 0 2 0 43 16 18 39 69 0 0 57 16 29 25 9 0 0 0 0 23 44 29 0 0 12 39 83 0 0 2 0 51 0 54 0 0 0 0 0 5 16 43 0 0 15 51 82 9 0 0 6 61 52 0 6 0 0 43 17 0 27 24 0 54 0 7 93 13 0 0 0 28 2 7 22 0 23 30 12 3 43 0 0 0 0 0 69 68 0 28 86 0 9 0 24
 53 0 50 37 78 0 0 45 44 0 4 0 20 53 0 0 0 49 0 0 43 0 92 0 14 0 0 0 0 35 0 0 0 0 9 0 14 28 0 9 0 1 20 0 33 69 26 6 26 0 0 0 11 96 83 0 0 0 0 0 28 0 41 0 0 5 0 0 0 13 0 76 27 3 0 0 27 26 34 0 67 0 60 0 50 50 0 0 0 0 0 7 18 28 56 0 0 0 32 0 2 78 2 0 11 78 4 0 30 17 0 0 0 31 9 0 1 0 38 3 0 38 0 0 0 6 25 70 0 70 0 0 0 40 0 0 17 24 0 0 6 0 70 0 6 0 14 53 46 0
 0 23 0 0 0 0 6 0 53 15 0 0 0 0 0 49 4 0 0 42 0 58 0 37 0 0 0 26 0 29 39 0 0 65 0 0 0 22 76 43 0 33 55 51 19 70 6 0 47 0 20 0 0 0 0 1 93 0 49 0 0 0 44 31 0 0 0 62 0 11 15 0 0 33 13 70 50 0 0 0 0 0 18 0 0 0 43 0 6 0 10 0 22 0 28 0 0 0 0 0 0 0 40 0 0 0 0 0 0 0 11 87 35 0 21 4 0 0 0 0 52 0 0 15 36 0 29 24 0 0 0 74 0 2 40 0 0 19 0 28 0 0 82 0 28 36 12 0 49 37
 37 0 63 0 0 55 14 45 4 30 0 40 28 18 0 2 0 0 1 0 0 0 57 0 0 0 20 0 0 32 0 3 0 0 4 0 17 0 0 56 0 0 10 0 0 20 2 0 71 0 67 0 0 0 0 41 43 0 0 65 0 0 57 0 38 5 34 0 0 0 11 44 49 38 39 0 0 0 37 55 8 31 0 0 12 0 13 67 7 0 67 26 47 14 0 24 0 0 0 0 0 0 23 0 0 19 0 0 0 61 64 0 6 0 0 0 0 47 0 15 57 15 53 0 0 0 0 0 33 34 0 77 22 2 3 49 73 59 5 90 7 9 67 0 0 0 13 44 0 69
 48 0 0 0 0 0 0 26 0 0 0 44 70 21 0 17 0 0 0 45 0 0 0 0 19 0 14 39 21 0 8 50 0 95 0 0 0 22 45 20 88 10 46 20 0 66 6 0 17 0 61 0 60 0 0 5 10 50 40 30 6 18 0 0 0 0 81 0 51 0 23 44 0 0 0 0 0 14 83 0 0 0 88 49 0 1 7 0 0 10 0 30 18 0 16 68 22 0 28 0 81 0 50 0 0 5 19 0 16 0 87 0 18 63 0 0 29 0 0 41 0 0 6 5 0 0 74 45 13 0 0 45 0 55 0 47 17 0 23 0 0 0 3 0 19 0 0 0 0 0
 83 0 0 17 0 20 0 0 0 0 0 25 0 0 0 0 24 0 43 77 19 0 43 0 11 0 0 56 0 0 82 0 0 80 0 68 3 0 0 42 0 46 15 61 0 82 17 0 0 0 45 5 0 0 0 2 56 0 0 0 10 33 0 7 33 0 27 41 57 0 0 16 0 83 13 0 20 0 34 4 45 0 0 0 0 0 11 0 34 0 0 6 0 36 0 0 49 0 0 0 9 29 55 3 0 0 33 0 0 6 0 22 14 12 67 2 0 0 54 0 0 0 0 13 38 0 0 0 49 0 19 1 0 28 0 0 31 0 83 0 35 0 0 2 0 37 47 16 65 0
 82 5 55 44 0 0 16 28 0 31 8 16 27 0 0 53 0 0 16 0 39 0 99 0 0 0 10 0 0 50 0 0 0 63 0 19 0 0 0 0 0 0 57 0 41 30 9 27 33 39 14 19 0 0 7 14 0 17 36 15 37 63 40 10 0 28 23 0 66 0 0 1 0 0 0 29 0 9 70 0 0 0 43 0 0 0 49 0 0 0 9 0 22 39 21 13 18 61 0 74 0 0 0 28 5 1 7 8 51 0 31 0 0 0 0 46 42 4 0 0 0 36 0 0 33 0 22 0 0 11 0 81 0 11 24 8 27 0 12 24 39 0 59 27 0 38 13 43 8 0
 0 59 0 26 0 45 32 9 0 0 0 0 24 79 0 0 0 0 0 68 0 36 0 0 5 0 0 0 0 81 0 0 57 0 0 0 0 67 0 37 0 0 58 10 10 0 73 23 0 0 0 0 0 13 58 1 49 17 0 38 28 32 18 23 0 10 48 5 0 6 0 38 2 25 0 23 5 0 1 0 27 0 6 14 0 11 0 0 0 34 0 0 0 49 0 0 6 0 0 33 0 18 43 0 18 38 28 14 0 39 73 8 0 39 51 0 0 0 24 0 0 5 0 0 0 38 0 0 0 0 5 0 0 24 0 68 0 5 0 0 71 4 0 0 43 30 37 0 0 0
 0 0 0 0 0 0 0 0 55 44 0 18 42 0 0 91 38 0 0 0 47 51 0 14 11 0 0 0 0 0 0 0 54 40 0 0 62 0 0 49 2 30 0 0 23 0 0 14 6 24 3 0 0 0 0 52 0 67 60 0 0 0 64 0 0 0 10 0 0 0 17 50 0 2 27 76 0 0 33 7 26 0 0 35 16 39 52 12 0 23 3 0 70 11 0 0 0 7 0 0 0 36 55 0 0 0 0 11 0 78 0 0 0 0 62 76 0 0 50 9 11 0 0 51 0 0 10 11 11 0 0 5 0 25 8 52 32 0 0 70 27 0 96 0 0 0 33 0 21 10
 0 39 25 0 32 18 0 22 0 0 0 0 0 0 52 0 0 0 0 0 21 0 0 0 0 32 0 70 0 29 68 73 44 0 93 0 16 0 0 0 0 0 0 35 7 69 0 0 0 0 0 50 0 40 5 0 0 0 0 36 44 0 5 0 0 28 6 43 0 0 55 0 15 25 0 0 0 81 32 0 0 0 0 0 0 55 0 0 23 0 0 0 44 0 0 0 0 0 20 0 0 0 88 28 0 54 37 0 0 67 76 57 9 0 49 0 0 0 0 52 79 0 0 5 0 26 0 0 8 3 0 0 0 1 22 81 11 34 0 0 0 37 0 0 0 83 15 18 0 5
 29 44 0 69 0 0 74 0 28 0 21 0 4 0 0 35 0 63 0 0 0 0 59 67 0 0 61 0 3 83 0 0 0 33 9 81 0 0 0 0 0 0 0 0 31 24 4 38 0 0 60 26 42 1 0 23 0 0 26 0 0 0 47 0 0 10 0 1 16 0 21 80 23 0 0 3 0 0 0 77 0 21 0 0 0 76 0 9 50 0 0 51 0 0 0 0 0 0 0 0 0 0 0 71 0 2 0 38 0 0 42 6 0 0 33 16 0 74 0 16 0 0 0 0 31 38 28 0 0 0 30 36 1 34 0 27 0 0 0 39 0 78 10 0 0 0 10 46 0 14
 0 0 0 0 10 45 0 16 44 0 0 0 75 0 0 0 0 0 0 0 61 75 33 0 0 0 52 0 0 65 0 0 1 7 0 0 30 0 59 65 6 50 0 0 0 48 0 16 0 41 10 0 23 10 0 37 0 0 45 0 0 0 12 12 20 0 32 19 0 10 0 53 0 0 61 0 20 0 0 37 0 50 0 53 21 0 0 0 39 0 0 5 38 18 0 73 0 0 88 0 29 71 0 11 0 91 16 0 0 0 0 0 0 0 0 0 0 37 77 0 0 0 58 64 17 0 26 51 24 12 0 7 0 36 0 0 0 25 0 0 0 9 0 65 0 0 49 0 0 0
 52 0 49 0 0 20 59 0 63 2 0 0 37 0 0 15 4 18 2 80 64 22 0 9 90 0 0 0 0 54 38 0 0 73 1 0 45 0 0 0 0 45 0 38 0 10 9 71 93 49 0 38 43 0 0 39 0 3 78 14 0 0 0 2 0 0 4 0 57 72 0 0 28 0 0 0 16 0 86 38 47 0 0 46 50 0 13 63 31 17 0 0 1 40 15 52 0 45 35 0 15 0 1 42 86 0 0 82 0 0 42 0 0 0 0 79 13 0 9 0 23 37 0 82 88 0 49 0 33 0 26 11 2 22 0 0 40 0 20 0 10 36 0 0 53 0 0 32 0 0
 72 36 51 0 0 76 36 21 0 0 33 38 0 0 8 57 0 16 9 0 47 0 0 27 0 0 0 24 7 0 12 10 0 0 0 4 0 59 55 28 14 53 0 58 0 52 80 0 0 61 0 30 30 33 0 17 93 17 66 48 86 0 0 0 76 57 0 0 56 0 3 0 66 80 0 23 54 0 0 67 31 91 5 15 3 23 93 13 0 11 0 3 63 0 54 4 35 37 0 0 53 0 79 0 0 0 1 8 20 0 6 19 38 0 64 9 42 59 11 0 58 22 2 0 0 0 0 0 0 0 84 0 0 0 55 0 0 20 67 0 0 0 29 0 59 0 35 0 0 0
 19 81 34 40 15 2 0 1 8 0 34 0 0 8 0 53 24 51 56 23 3 3 64 0 0 61 0 34 0 0 48 0 39 27 60 27 42 56 0 0 0 0 0 34 0 1 0 0 5 24 85 51 0 0 0 0 0 81 0 0 61 11 57 0 0 0 0 71 68 0 42 0 0 78 87 0 45 0 0 0 14 33 0 8 0 0 0 0 66 0 0 0 51 30 13 45 26 0 0 59 17 0 5 0 89 5 0 81 6 0 0 7 9 0 47 84 0 28 24 0 0 0 0 0 6 20 22 0 0 28 7 0 0 0 24 5 0 47 3 50 0 30 75 52 70 0 96 0 0 0
 14 41 0 0 0 0 53 0 0 48 48 0 67 38 61 64 28 8 10 0 20 0 3 0 0 0 0 33 3 0 0 74 0 0 0 24 15 15 64 1 0 0 0 74 32 0 0 86 0 0 0 80 0 6 0 0 32 0 0 0 32 0 8 30 20 6 47 0 57 0 0 4 82 40 46 0 48 20 0 0 33 44 27 4 8 0 7 0 65 22 0 12 0 41 0 0 0 0 5 27 73 46 0 48 0 0 0 0 0 28 0 0 62 0 0 0 0 59 80 48 0 0 0 0 9 0 21 14 10 0 51 23 23 0 0 49 0 0 0 0 33 0 0 0 0 17 0 0 33 42
 17 0 37 41 0 59 67 28 48 0 17 0 0 33 35 0 0 41 29 25 26 44 0 0 0 0 3 0 76 29 5 55 0 6 32 32 0 0 14 3 0 70 10 29 49 18 0 0 0 0 18 55 22 11 0 29 21 49 0 0 0 33 0 4 12 0 95 6 0 0 0 0 0 0 53 0 0 87 8 0 0 19 26 63 0 39 6 69 0 22 41 24 0 47 34 47 0 0 0 0 0 0 0 30 0 40 0 0 0 70 91 45 0 0 22 16 13 31 0 30 25 0 9 0 0 0 0 1 0 66 0 0 79 58 6 72 0 0 0 0 0 35 0 0 0 29 0 55 7 49
 0 0 3 0 0 0 0 12 0 0 0 3 58 78 0 25 0 85 0 42 0 7 34 0 0 0 0 10 93 0 58 0 99 0 0 9 0 0 30 20 37 47 49 0 41 0 0 0 81 0 90 0 0 100 9 0 21 0 0 27 0 47 0 61 27 91 0 0 59 27 27 0 0 26 5 18 21 24 0 0 0 23 0 8 70 0 24 0 0 0 0 95 0 0 0 0 2 60 3 52 40 9 1 47 25 0 66 0 0 0 0 0 0 0 0 18 0 56 38 0 0 4 9 7 47 0 58 67 0 29 43 0 0 21 45 0 89 0 0 54 10 0 39 36 1 59 39 67 0 0
 0 0 28 0 0 0 0 52 1 0 0 0 4 17 46 0 16 0 13 25 93 14 0 0 18 0 0 0 0 0 31 38 55 0 42 0 0 0 0 25 30 81 0 0 36 0 9 19 17 54 43 19 51 0 50 0 38 0 51 39 61 0 0 0 36 0 54 3 0 0 82 0 5 35 0 0 0 0 0 0 31 0 0 0 0 0 21 0 0 8 0 0 0 0 0 16 0 11 51 0 0 1 0 0 41 0 28 0 6 80 1 0 0 0 1 0 32 20 0 17 60 27 0 16 12 0 31 51 0 0 35 0 0 0 0 17 24 0 0 0 72 0 0 70 0 0 28 3 33 12
 25 0 1 18 0 2 0 50 0 35 0 64 0 0 54 37 84 53 0 0 5 0 46 0 32 2 0 0 0 0 0 0 23 0 0 21 59 3 0 0 0 0 0 0 0 22 0 0 0 0 21 51 0 10 18 39 0 14 0 0 0 2 0 0 0 0 13 0 42 0 63 22 60 0 44 0 0 0 0 59 19 0 0 70 13 0 0 0 0 12 0 0 63 0 0 0 64 0 0 0 0 12 0 3 0 53 34 0 81 34 59 17 0 0 0 0 0 0 47 35 0 28 4 0 0 0 0 54 32 29 40 0 0 38 0 0 26 32 0 0 15 22 27 0 0 81 13 44 33 34
 11 38 26 32 27 0 0 61 0 62 0 61 28 17 0 0 0 19 0 0 30 0 0 0 47 61 0 0 16 0 0 0 0 12 0 0 0 20 0 0 0 0 17 0 11 8 32 20 17 0 20 0 0 0 0 33 13 53 20 40 0 0 0 0 0 55 32 6 0 32 37 58 43 0 0 0 5 0 58 11 0 0 0 0 0 0 0 12 0 10 39 0 0 0 46 27 0 0 7 36 54 14 0 89 73 0 0 1 0 20 79 0 0 38 0 0 24 15 7 0 0 55 8 35 14 44 48 0 15 36 0 0 0 10 0 0 0 60 7 0 0 0 56 0 44 58 5 0 0 13
 4 0 29 4 0 7 19 0 0 61 0 61 0 0 49 0 63 54 0 0 47 4 28 5 29 34 55 0 75 0 14 4 0 0 86 0 33 47 82 17 0 36 0 0 0 43 75 59 0 0 0 6 0 65 34 0 0 51 16 0 11 9 0 33 0 41 18 0 15 0 30 16 0 40 35 0 27 18 34 0 0 0 2 38 28 0 4 64 18 0 0 16 45 2 62 0 81 0 51 33 0 9 0 16 31 0 38 0 0 31 0 0 68 28 58 69 0 0 0 8 28 2 13 0 0 65 0 0 0 9 61 26 0 0 0 0 47 26 0 51 0 14 0 42 0 0 9 0 0 0
 0 0 40 0 0 0 0 0 29 17 0 48 85 0 0 9 6 0 0 6 13 28 51 0 4 4 0 30 0 0 24 7 0 57 34 0 0 28 0 30 0 99 0 1 0 27 0 0 0 0 18 11 0 46 0 8 0 0 96 0 5 0 12 39 47 0 35 0 0 10 0 33 0 13 38 34 33 60 90 0 22 0 0 3 0 0 0 9 92 56 12 0 15 0 38 0 0 12 42 0 0 0 0 31 0 0 3 46 48 0 8 57 27 69 23 59 35 27 0 0 49 7 0 0 40 42 31 0 0 0 0 43 35 0 3 0 0 33 26 64 15 0 21 3 0 0 35 0 21 38
 2 45 0 33 0 0 0 0 0 0 0 0 0 0 73 18 0 0 72 0 53 0 93 0 0 4 27 0 7 0 60 0 0 6 66 15 0 82 40 0 0 1 0 0 50 0 12 2 0 0 2 29 75 0 0 38 0 17 33 8 39 33 66 0 0 0 17 13 19 0 0 0 0 28 0 0 0 0 0 0 0 8 0 61 0 0 0 13 0 0 15 83 58 62 0 0 24 45 7 44 0 14 1 0 0 0 24 0 0 0 0 4 0 0 0 0 29 0 6 18 0 8 0 70 0 0 23 0 0 0 31 34 0 24 0 66 0 45 0 0 0 46 2 26 22 20 31 0 27 4
 68 0 0 56 13 21 0 35 63 0 0 0 32 17 42 0 0 0 0 54 0 0 0 56 0 0 25 8 0 36 64 0 0 0 0 0 0 0 55 44 0 0 0 0 72 0 3 18 43 0 0 0 14 9 0 2 22 0 0 0 96 8 14 39 0 26 0 26 0 57 0 0 73 0 0 0 0 0 0 45 0 62 11 14 0 63 0 0 20 0 30 0 0 0 23 71 0 3 0 0 0 34 0 0 29 9 0 11 66 0 0 7 0 29 14 5 48 0 0 0 21 0 19 0 0 0 24 0 41 62 0 85 0 35 56 13 0 0 19 1 0 0 23 0 0 21 9 0 0 0
 0 0 60 4 67 0 19 2 2 37 36 1 17 0 73 0 85 52 32 35 38 0 0 44 35 0 18 41 2 35 26 0 14 27 4 26 0 3 29 32 0 0 0 0 38 21 65 38 6 27 0 8 0 0 40 0 40 0 57 0 0 11 40 18 0 77 0 0 0 73 53 0 0 0 27 0 31 6 3 32 0 0 0 14 0 0 0 46 0 23 0 36 0 0 0 0 0 48 0 35 80 47 0 40 53 0 2 0 8 22 74 0 15 54 19 88 0 22 20 0 23 0 0 13 4 54 0 20 0 0 11 48 4 46 51 25 0 32 0 2 26 0 0 35 0 0 0 27 9 0
 41 67 31 38 0 7 0 55 28 0 18 0 28 27 60 0 21 39 0 22 0 0 0 0 0 0 0 5 34 2 37 0 0 0 0 91 0 0 0 0 39 56 0 0 0 0 0 0 27 6 0 0 3 3 1 10 56 54 0 0 0 0 74 32 0 0 27 50 29 0 0 0 7 0 31 0 0 0 0 75 1 0 0 0 53 0 46 0 0 0 59 0 0 0 7 1 3 70 0 0 42 0 80 0 0 0 72 5 48 22 24 2 0 0 0 31 0 33 45 0 39 62 69 0 0 0 71 0 20 10 0 9 0 0 3 52 0 10 30 3 29 2 35 0 0 65 1 28 0 0
 48 0 0 23 51 0 0 0 42 0 0 0 0 0 0 0 0 23 95 0 4 27 100 0 0 0 15 30 60 10 0 8 0 28 56 0 37 5 0 56 29 0 0 0 37 49 71 0 0 14 6 0 0 0 80 5 4 0 0 49 0 0 0 94 0 45 44 74 0 0 0 74 1 0 0 25 0 0 10 24 0 51 27 0 0 4 10 0 0 65 0 83 46 0 0 25 0 42 32 57 72 3 47 23 33 0 30 0 44 0 3 0 17 0 1 0 76 0 0 0 7 0 18 1 10 26 0 0 25 0 11 0 0 39 0 0 0 0 0 0 48 0 35 0 49 0 5 2 0 29
 0 80 0 10 0 0 20 0 6 0 29 0 0 14 0 0 12 0 43 15 0 25 58 9 40 6 50 39 20 0 35 0 0 26 47 17 81 47 8 0 8 0 9 19 53 45 4 0 7 0 21 0 0 0 0 40 10 12 0 68 5 20 6 34 92 60 9 7 19 34 0 0 0 0 19 0 0 8 0 0 6 43 0 0 0 0 6 62 0 50 33 0 55 0 10 29 0 26 0 0 0 26 2 0 0 0 48 0 0 0 0 21 0 16 12 2 0 0 36 0 34 0 0 18 0 0 0 0 45 0 0 0 0 2 15 0 0 44 35 0 0 0 54 6 0 0 0 61 4 0
 0 0 0 0 0 64 78 0 83 0 0 0 0 84 30 0 0 0 0 14 0 19 87 78 0 0 0 8 0 0 16 0 2 0 58 0 0 0 68 0 30 27 0 0 0 0 0 49 45 0 48 0 37 0 14 55 0 0 24 69 0 0 67 0 0 70 0 39 15 64 0 33 0 0 0 27 38 6 0 0 0 0 0 0 0 36 0 0 40 19 15 8 10 9 0 24 0 0 61 21 13 0 47 0 52 0 0 0 0 0 20 0 7 0 5 0 17 0 80 0 10 0 57 0 0 8 89 53 0 0 38 0 0 80 3 23 0 31 0 0 34 82 0 0 0 0 0 73 0 0
 0 0 0 0 0 0 20 0 0 26 19 0 0 0 82 74 9 30 0 0 25 0 0 49 32 0 34 0 75 34 0 0 0 0 20 36 0 57 12 0 0 0 0 0 0 0 53 0 0 17 20 0 0 8 0 0 0 0 0 0 43 38 0 0 0 69 27 0 0 0 0 0 0 29 58 0 0 49 60 0 0 0 65 0 39 0 0 0 0 46 41 0 54 0 0 0 55 0 0 29 18 0 67 13 29 0 0 33 45 56 78 0 22 0 48 0 0 0 22 28 26 12 37 0 20 40 14 25 0 0 53 32 0 0 21 0 40 0 0 13 6 52 0 31 2 0 0 0 0 0
 16 11 60 0 18 0 32 0 45 19 11 0 44 61 30 0 1 4 0 0 0 10 33 0 0 0 30 0 0 55 78 0 0 10 43 74 0 48 0 88 29 0 32 0 27 0 0 0 28 80 0 57 0 18 0 6 0 6 45 0 0 62 0 0 0 0 15 46 0 3 29 0 17 25 0 12 71 0 0 0 36 0 65 0 15 0 0 31 0 28 8 0 16 10 0 10 0 29 77 0 0 18 0 0 47 0 87 6 51 0 0 44 0 13 1 1 0 0 0 70 22 34 9 70 0 0 36 38 0 0 9 12 6 0 61 0 0 0 0 24 0 29 0 24 0 65 0 25 62 38
 35 0 68 0 0 0 75 19 1 0 0 21 0 0 9 0 0 17 0 24 18 16 48 0 57 0 0 32 50 0 39 0 44 0 0 0 0 37 20 2 0 0 0 50 64 63 0 58 0 0 0 0 42 0 28 0 19 0 43 0 63 29 0 24 0 0 6 20 99 0 75 0 9 0 0 24 0 86 17 0 5 0 0 26 0 0 95 0 0 59 0 0 0 0 68 0 2 20 1 0 0 8 17 0 0 0 0 55 0 0 0 33 0 23 47 1 0 0 0 40 0 0 71 0 37 0 1 0 6 49 81 38 30 56 0 13 16 25 0 4 72 27 0 54 30 0 0 13 4 79
 0 5 89 33 0 0 0 0 26 0 0 0 0 53 0 35 68 0 22 83 4 83 0 17 28 0 0 0 0 14 0 0 0 0 40 26 0 0 0 19 15 44 45 0 26 37 37 0 0 52 0 51 37 0 14 46 0 49 0 2 0 0 28 60 0 0 20 0 40 43 4 0 62 10 0 46 0 0 29 52 49 9 20 66 0 0 11 0 1 41 66 0 0 43 0 0 1 0 0 35 53 39 33 0 49 0 6 17 0 1 0 7 39 0 0 0 0 0 30 17 0 0 0 0 0 57 0 0 12 0 0 0 0 0 48 0 11 0 31 0 0 0 0 0 51 0 41 0 22 0
 0 31 0 3 0 85 0 0 67 11 0 0 51 0 0 12 85 23 86 22 42 73 0 40 0 0 0 56 0 74 23 0 0 20 0 53 46 14 0 0 0 4 0 17 0 0 0 93 5 0 0 15 31 0 0 0 0 0 37 9 11 0 10 50 65 59 46 0 0 0 21 29 7 18 0 0 0 0 0 20 0 0 31 0 0 4 82 0 0 0 0 51 40 56 28 24 0 0 0 0 3 6 0 34 30 0 6 0 41 28 0 0 32 47 0 0 8 0 0 68 0 0 0 0 0 44 27 0 0 0 0 27 15 0 0 5 34 0 28 59 0 56 0 66 15 37 0 0 59 14
 0 7 12 0 0 0 0 0 52 2 48 0 5 0 0 0 0 78 70 0 31 0 59 0 25 0 27 81 5 0 0 0 0 51 0 0 4 0 45 0 0 0 0 0 0 42 0 0 24 43 52 0 27 20 75 0 0 0 0 57 4 38 79 0 28 0 12 47 63 20 0 19 30 79 6 26 0 0 0 0 25 0 0 0 0 0 0 0 0 21 0 88 10 60 0 0 49 0 0 0 0 0 29 0 26 0 0 0 27 0 0 3 0 0 48 10 74 0 2 30 0 94 0 0 0 0 0 0 0 0 0 5 40 10 0 0 17 52 40 6 9 0 33 47 42 0 0 0 79 3
 3 0 56 0 0 0 0 35 0 0 25 0 0 0 41 0 0 0 10 0 0 74 21 0 0 0 39 39 57 15 0 58 50 0 60 0 58 0 12 0 5 88 6 0 4 0 0 84 0 0 23 0 90 29 0 0 0 45 31 21 0 38 0 0 41 0 14 0 0 0 0 0 34 0 0 17 45 0 0 0 0 83 0 60 0 2 70 0 52 0 37 18 2 32 0 0 0 0 61 7 6 0 0 57 0 0 0 0 4 41 48 57 53 16 35 0 7 0 21 79 0 9 25 55 0 21 34 0 0 0 0 0 0 0 36 0 0 0 0 0 11 32 0 0 0 0 0 0 0 23
 0 6 0 9 0 46 36 23 63 61 3 75 0 84 55 0 36 0 57 0 94 74 3 10 40 0 0 13 83 15 4 44 0 38 0 0 47 0 0 0 2 0 29 0 0 0 32 26 4 0 0 0 4 0 0 66 52 0 0 0 58 18 18 30 1 90 0 0 29 0 0 0 22 90 0 0 27 0 0 7 23 0 29 0 0 91 63 0 41 0 0 0 0 0 75 14 82 83 0 0 30 2 87 0 23 35 25 7 6 21 0 0 0 0 25 10 0 0 0 0 88 81 28 0 63 0 0 0 0 0 0 28 0 0 41 0 22 0 0 71 0 35 0 4 9 7 36 0 5 0
 47 60 0 0 39 0 0 0 19 4 43 43 3 0 0 25 0 0 0 0 0 0 0 0 12 1 0 0 0 0 24 52 60 0 0 8 0 25 0 0 25 0 16 7 0 25 78 0 72 51 0 0 0 0 58 0 4 0 0 9 64 0 0 49 0 36 0 70 0 41 66 0 38 60 72 42 29 0 0 23 0 2 0 0 43 50 15 9 74 0 15 0 0 2 12 0 64 8 77 38 0 21 43 0 0 68 23 36 35 0 0 0 0 15 4 11 31 0 51 0 74 50 33 28 0 0 0 23 0 0 0 0 0 63 20 46 0 0 58 0 48 0 42 20 0 49 0 0 1 43
 32 30 0 0 0 0 0 79 0 0 0 19 0 0 0 0 5 0 0 0 0 0 10 0 0 1 0 33 76 0 31 0 0 0 35 0 0 16 0 73 44 68 0 0 0 30 0 45 54 0 58 11 56 0 5 0 7 47 0 55 70 53 46 0 1 0 26 0 0 0 28 0 0 17 0 84 2 22 11 44 66 12 0 39 0 0 0 8 0 31 0 19 57 69 0 45 6 0 3 0 0 0 25 0 0 21 0 0 35 0 0 47 0 46 0 0 0 0 2 12 0 0 0 18 22 0 33 0 0 0 0 0 0 0 0 0 0 12 4 16 0 0 0 0 12 16 29 0 60 46
 0 0 0 45 0 3 0 17 0 51 0 0 39 18 0 0 16 0 49 25 5 0 1 30 0 0 27 39 0 18 49 0 2 0 0 49 0 0 0 13 13 0 17 0 4 7 80 0 0 0 0 0 19 0 13 28 0 0 0 15 67 0 24 15 48 0 16 0 47 59 46 7 0 0 0 0 75 7 0 0 0 25 5 0 0 5 0 29 0 0 0 0 29 0 22 83 57 92 13 0 0 7 78 0 4 4 7 8 51 25 41 0 67 6 0 0 0 14 0 38 10 0 37 17 15 0 54 0 0 0 0 68 0 26 0 4 30 28 0 0 4 54 23 0 0 55 0 0 39 20
 18 0 0 0 88 0 31 0 28 0 13 54 0 0 0 32 81 0 0 0 15 0 0 0 15 5 0 0 47 30 0 73 1 0 0 1 74 0 5 56 0 42 0 42 59 0 3 72 6 68 88 0 0 0 1 97 87 0 0 11 48 0 44 1 0 0 0 17 0 17 15 0 7 8 55 0 0 47 0 0 0 69 20 23 0 65 37 30 0 72 0 4 0 0 22 35 38 7 0 60 0 75 0 0 54 35 23 0 21 5 0 0 0 30 69 6 32 0 0 64 0 0 17 3 0 13 85 0 0 0 0 0 48 4 9 28 5 0 12 39 0 0 5 0 84 14 0 0 13 0
 0 0 51 0 93 0 50 0 0 26 0 9 0 0 0 0 0 4 27 0 0 0 4 26 32 55 67 0 18 0 0 0 84 0 0 0 29 0 35 0 0 0 0 0 0 0 15 37 0 1 83 12 0 11 8 46 0 0 0 35 14 0 42 0 8 66 0 45 0 0 33 15 13 30 17 0 51 43 75 0 41 0 14 4 0 28 25 14 3 79 0 23 0 0 31 47 17 25 0 0 15 14 0 0 0 0 50 74 0 0 57 0 0 10 18 65 27 0 0 2 0 0 37 0 0 62 0 0 78 0 7 0 0 0 19 76 5 76 0 9 0 0 0 39 0 34 0 59 0 13
 0 19 7 0 16 0 38 0 0 0 0 0 0 4 13 1 61 0 0 0 8 16 8 36 80 0 0 0 0 56 3 0 0 0 26 0 0 9 21 0 7 0 7 13 0 15 0 0 0 0 16 9 63 0 25 0 0 41 41 31 0 0 0 0 32 19 6 28 3 0 0 81 7 0 0 0 41 44 20 20 88 0 0 0 3 32 0 8 0 23 1 9 0 0 0 3 9 17 0 0 12 3 7 0 50 0 56 0 68 6 17 42 0 42 0 0 74 0 13 48 0 8 0 0 0 0 0 37 45 45 0 0 0 0 0 85 17 57 64 50 11 49 0 7 17 0 0 0 0 0
 0 79 0 56 4 0 0 0 48 0 0 0 0 0 0 21 63 12 0 0 37 0 13 25 7 0 0 20 0 0 16 0 14 0 47 0 0 0 82 0 65 0 52 0 0 37 47 21 0 0 0 0 10 61 0 0 2 15 0 53 29 51 0 29 0 55 90 0 0 0 54 0 19 0 87 0 20 16 0 0 68 14 29 0 0 0 49 0 0 0 0 15 49 77 78 35 49 0 26 0 92 0 6 45 0 62 28 39 34 21 55 0 0 68 0 0 81 0 9 57 16 49 22 7 70 0 0 44 60 70 51 0 0 0 20 2 0 38 0 0 41 73 46 5 25 55 0 0 0 28
 0 46 0 5 0 0 0 1 35 0 0 4 0 0 0 71 5 0 50 29 34 65 0 0 79 0 0 5 0 0 90 21 0 0 15 0 0 8 31 0 17 20 3 37 19 20 0 0 48 0 0 0 0 0 34 0 12 79 12 0 0 28 9 0 0 36 11 14 7 0 2 23 0 20 0 0 0 0 6 6 0 42 12 25 0 0 21 4 26 0 20 0 35 0 93 0 0 11 0 0 0 0 42 0 40 53 35 24 0 65 49 9 0 21 29 53 16 26 0 0 38 19 22 12 0 12 3 0 24 0 46 0 14 0 0 0 37 0 0 78 50 9 61 11 0 45 0 44 0 0
 41 0 1 0 24 58 30 0 30 0 0 0 2 0 25 72 68 0 3 56 0 0 38 26 0 0 56 0 0 70 0 0 0 44 3 0 23 0 0 48 0 67 0 0 44 78 22 22 6 0 9 0 0 47 69 27 31 0 9 23 0 45 48 0 13 41 0 0 5 0 0 11 19 0 47 45 0 0 0 5 0 0 79 16 10 50 55 0 56 0 0 31 49 0 73 23 20 0 53 6 0 99 0 19 0 0 2 13 0 65 0 2 0 54 0 0 0 0 0 0 0 61 68 0 31 1 0 0 5 0 66 0 10 48 34 36 11 0 41 42 21 42 0 0 66 0 7 63 53 40
 0 76 1 26 0 0 10 0 22 11 33 0 31 51 0 0 37 5 26 0 0 0 0 10 0 8 0 74 89 43 0 0 0 0 52 0 37 65 52 29 0 87 57 0 0 44 60 0 0 0 0 0 0 0 29 0 36 0 0 0 0 0 51 22 33 44 29 16 0 0 15 64 0 9 3 0 17 0 0 4 44 0 0 12 35 0 72 50 0 0 26 0 72 0 0 0 0 31 42 11 32 22 2 0 22 0 0 44 0 0 0 36 0 86 22 3 6 0 43 20 0 0 0 21 0 0 0 0 0 0 83 0 16 0 17 0 47 0 0 0 25 0 0 80 0 83 0 0 0 0
 0 0 21 0 1 0 20 54 19 30 33 53 52 0 0 0 21 29 0 10 0 0 0 0 10 0 44 8 0 45 13 0 0 53 71 34 0 0 48 0 58 82 29 17 0 39 10 0 0 0 9 0 43 0 24 0 7 0 59 17 3 0 0 55 1 29 0 0 27 32 33 44 58 3 0 95 6 25 6 0 51 4 0 0 23 0 63 19 0 52 0 0 9 0 37 0 0 0 88 33 20 33 6 0 55 0 20 10 55 36 0 0 0 12 46 0 79 0 0 0 7 77 0 0 11 0 0 0 54 27 41 0 0 0 14 47 0 72 0 1 13 0 55 0 46 17 0 0 80 0
 0 0 43 18 0 0 46 65 0 29 0 0 0 0 0 35 0 0 76 64 0 0 38 8 0 0 0 0 20 12 0 0 0 0 0 0 87 0 51 15 0 60 25 0 0 0 0 61 39 0 56 65 0 40 1 15 42 5 60 66 0 26 6 0 62 0 36 5 26 18 0 0 0 0 0 11 0 0 0 0 59 44 0 33 19 32 0 0 14 0 0 31 18 0 0 50 17 1 53 0 0 0 47 0 0 36 0 45 0 33 0 13 0 49 74 29 41 42 5 8 11 50 27 0 17 0 4 0 0 86 29 0 0 0 1 0 0 34 0 0 14 8 0 12 6 0 43 0 27 0
 0 0 0 27 2 0 46 0 46 0 15 0 0 69 0 0 0 0 65 0 62 0 6 0 34 21 12 10 6 0 0 4 23 0 66 0 0 21 0 0 0 0 0 31 0 28 19 32 0 0 18 0 0 0 0 22 16 0 6 52 58 32 0 0 0 90 69 45 0 0 0 68 0 0 0 0 70 0 0 36 0 0 0 0 0 6 41 28 0 5 0 0 0 31 0 15 12 42 0 53 71 38 0 0 62 0 20 0 67 17 52 17 13 6 42 0 36 0 4 2 8 9 0 29 46 47 0 0 31 19 0 0 9 92 53 0 0 0 0 0 0 9 0 0 0 34 75 11 27 12
 0 51 6 0 0 0 0 0 12 0 0 0 22 0 35 0 83 0 0 8 39 0 18 80 0 59 0 35 21 24 0 0 27 0 32 11 23 22 24 0 40 38 24 0 0 64 0 42 0 0 75 68 0 16 22 49 0 0 0 0 51 0 89 7 0 25 57 0 29 6 31 42 52 40 0 0 0 0 0 0 39 0 15 0 0 61 0 16 2 51 54 0 86 17 0 0 0 24 0 0 0 24 0 83 0 0 0 44 33 0 0 0 3 0 13 0 0 0 40 9 20 0 44 0 0 77 56 55 0 0 66 0 0 0 51 16 34 0 10 0 11 0 0 88 16 0 0 38 34 0
 0 11 30 6 35 4 30 3 0 0 37 20 41 0 0 1 26 14 0 0 28 28 43 11 34 0 0 0 63 27 22 4 29 0 0 0 0 19 0 0 3 0 39 85 71 0 0 0 0 56 0 0 38 62 5 41 15 0 0 21 0 23 24 87 15 0 39 60 8 0 48 48 0 0 0 38 51 40 0 65 35 0 0 19 91 0 21 0 54 0 0 25 57 13 0 0 0 0 61 18 0 11 51 4 0 0 34 12 26 0 0 0 0 0 51 0 7 52 0 6 14 6 35 0 0 1 0 11 0 15 0 0 67 1 7 0 0 0 0 0 1 0 19 0 0 0 0 0 16 18
 8 32 0 74 0 6 37 11 23 0 0 43 7 0 4 0 0 0 37 0 0 12 59 49 61 0 9 0 0 64 1 0 0 15 8 21 57 13 49 4 0 14 42 0 0 23 52 34 0 0 36 0 0 22 0 0 0 27 0 19 40 0 67 0 0 0 0 0 0 0 10 0 4 49 1 0 25 0 0 0 36 45 29 29 0 40 0 0 42 85 0 0 87 12 0 61 0 0 2 0 33 0 34 22 0 0 0 50 6 34 0 25 37 0 0 0 8 0 0 0 30 56 64 7 0 4 0 0 12 7 39 46 0 0 32 23 1 0 76 0 0 10 43 0 18 59 26 26 0 20
 23 0 0 5 0 4 0 0 0 18 0 28 5 0 0 62 0 70 66 0 47 15 0 79 0 0 10 0 8 57 0 35 0 0 22 0 10 83 0 0 29 13 0 9 0 7 15 6 12 19 17 26 0 20 29 14 0 18 0 0 0 69 0 82 0 0 0 0 66 0 52 46 0 53 0 47 16 33 15 0 46 0 25 0 9 61 36 0 39 21 43 62 63 5 0 53 46 0 0 0 0 83 5 0 0 0 33 0 0 0 71 16 54 0 0 0 11 27 0 0 46 0 0 1 31 24 0 63 0 21 0 39 0 0 69 1 74 26 18 41 27 55 1 0 0 0 53 0 47 48
 74 0 0 0 96 37 15 6 0 0 0 0 0 0 66 0 0 0 0 63 79 39 67 0 0 64 34 0 0 26 0 56 0 0 0 19 82 0 31 0 0 0 19 65 97 38 0 0 0 0 32 0 0 0 31 81 38 0 14 0 22 0 25 0 54 0 39 53 43 1 0 0 0 1 22 0 9 0 0 0 0 77 0 43 73 0 50 82 0 30 0 77 0 0 14 0 22 0 56 0 0 0 0 27 0 0 0 62 0 0 0 0 0 61 82 0 0 0 0 0 37 31 47 0 0 6 28 60 30 22 51 79 0 44 0 0 64 0 0 0 0 6 51 26 32 16 0 12 0 0
 21 12 6 8 34 0 0 25 58 11 0 76 29 47 0 0 56 43 17 0 47 0 0 0 0 0 57 0 48 56 0 0 0 0 0 38 1 0 0 0 0 11 0 12 0 0 45 0 0 0 0 49 36 43 36 0 0 0 0 0 26 32 74 0 0 0 0 0 36 75 0 0 0 34 37 0 0 47 23 3 0 0 0 0 0 0 61 0 0 0 0 17 100 65 10 23 90 0 0 0 70 0 0 25 0 0 0 0 42 55 0 72 0 7 54 76 0 66 0 0 8 28 17 0 44 65 28 44 0 0 85 6 53 49 0 0 22 0 11 60 0 90 9 1 1 0 0 0 0 0
 60 31 85 55 0 44 0 26 0 0 0 0 60 0 0 26 54 19 0 66 0 14 0 20 24 15 0 0 22 0 0 0 0 0 31 0 37 0 62 0 43 0 0 0 0 3 34 0 0 43 0 0 0 28 5 4 77 0 53 0 4 75 3 81 14 0 20 0 17 0 0 0 0 71 0 0 47 73 19 35 0 54 3 3 5 31 0 0 0 0 0 44 0 37 0 53 0 0 0 0 9 0 0 0 0 58 0 0 39 0 0 23 0 0 18 45 0 0 92 31 0 4 83 0 0 6 56 9 0 0 4 28 45 0 0 0 49 0 0 8 0 0 0 28 54 24 3 1 0 20
 0 11 0 0 16 0 0 0 36 0 0 24 78 0 0 8 0 1 0 1 11 0 71 95 0 0 9 22 17 0 0 0 4 59 33 0 0 0 0 44 0 12 0 96 20 34 40 7 0 0 0 45 0 85 37 24 0 0 0 38 0 33 0 21 0 45 19 14 0 29 0 35 97 0 0 5 0 0 0 38 0 0 0 24 0 17 31 29 39 31 20 0 0 3 49 0 0 76 0 11 0 0 0 41 0 42 0 0 0 83 11 0 88 0 1 0 0 4 57 0 0 0 17 0 34 27 0 0 20 0 0 0 0 0 0 0 5 0 0 0 12 12 0 1 24 0 92 0 10 22
 0 0 15 16 0 37 27 13 0 29 81 27 0 0 47 0 24 0 0 43 0 0 0 0 0 34 0 0 0 0 0 75 4 0 63 0 0 8 17 0 0 8 0 39 23 48 9 0 0 0 0 14 0 50 0 59 0 7 12 72 0 78 0 0 0 0 12 0 47 33 0 42 9 0 22 0 0 0 0 0 0 20 0 48 16 0 0 5 31 0 0 43 0 0 88 6 0 9 69 38 0 46 15 23 18 66 0 0 35 0 8 0 7 9 5 0 0 0 0 20 0 75 9 0 0 0 56 0 0 0 71 19 52 0 60 24 48 0 65 22 64 0 0 27 8 49 35 0 20 65
 0 0 0 0 0 55 0 0 64 90 49 20 73 0 0 0 26 0 17 0 0 18 0 0 8 19 45 54 0 0 0 0 0 47 0 0 0 37 35 12 0 0 0 0 13 13 77 60 19 0 0 50 55 0 54 0 26 0 26 0 41 6 0 34 20 66 0 10 0 0 91 0 15 0 0 0 0 0 0 0 0 2 0 37 89 0 0 10 2 11 0 0 0 14 3 73 3 12 0 0 0 0 0 0 24 0 9 0 0 0 31 0 87 0 97 0 0 0 12 4 0 0 0 4 0 0 0 32 13 0 27 64 0 97 3 76 45 50 64 0 0 44 0 0 55 12 9 62 52 0
 0 58 70 0 52 40 0 0 57 71 70 0 0 25 0 0 0 53 0 26 0 0 28 0 24 30 15 43 0 38 0 0 0 58 72 0 1 31 16 60 52 45 0 62 0 13 3 60 0 0 36 31 77 0 0 10 22 21 0 0 0 0 0 0 0 42 7 0 0 47 30 55 25 0 0 52 0 0 0 0 2 0 53 0 43 0 0 0 35 24 1 22 6 89 0 0 0 4 33 0 39 0 49 0 0 65 0 0 13 0 0 0 0 0 0 0 0 41 22 0 0 16 0 9 6 31 44 7 0 65 0 4 0 0 0 30 89 0 0 0 0 53 0 19 24 0 12 0 0 69
 5 42 25 65 0 0 37 61 0 86 0 0 0 0 25 0 60 50 0 0 0 4 0 7 6 0 0 0 2 0 6 33 0 0 4 0 7 0 64 38 0 74 4 45 30 0 72 0 0 10 42 0 26 0 0 13 0 0 0 0 39 1 37 0 23 0 52 0 0 12 26 41 0 42 0 0 0 26 25 36 0 2 0 0 0 0 19 56 0 0 65 0 92 70 64 0 42 0 23 0 59 56 0 0 77 0 0 0 0 0 0 84 35 21 18 0 0 3 0 0 0 1 27 0 6 0 49 9 0 50 8 0 0 0 0 7 31 36 0 0 0 0 8 0 0 0 20 0 0 0
 8 0 16 0 0 0 0 0 87 0 7 44 58 0 0 0 0 15 0 0 11 7 0 0 0 0 0 40 32 0 69 0 0 5 0 0 0 16 81 17 1 25 0 0 0 32 0 40 0 41 0 0 45 0 14 32 0 0 13 0 63 0 64 0 0 0 0 50 2 0 8 41 0 19 0 72 29 0 32 15 39 11 0 0 0 24 0 51 0 27 24 72 34 4 0 0 69 14 18 14 26 37 0 0 23 0 0 0 5 66 10 0 14 53 0 83 23 0 0 0 12 62 0 0 24 0 0 11 0 42 0 0 73 0 35 55 3 64 10 62 35 0 0 18 0 0 0 9 0 8
 0 48 0 0 69 41 0 10 32 0 0 0 10 32 28 0 0 19 0 9 23 0 1 0 55 26 0 0 0 0 8 0 0 74 0 68 0 0 7 29 0 0 23 72 15 21 26 0 0 0 0 0 60 0 12 5 0 30 54 86 8 0 0 0 31 0 0 36 69 0 0 35 0 0 46 3 64 1 0 0 0 76 21 0 0 37 0 7 24 0 15 20 0 0 63 69 5 0 0 0 53 68 4 7 83 0 0 0 0 8 0 0 1 9 0 11 11 0 52 0 34 25 0 0 32 21 78 0 0 0 0 29 0 0 9 0 0 57 0 0 0 21 0 0 0 30 0 56 48 20
 5 0 84 0 55 50 25 0 25 0 11 0 28 0 61 28 0 40 0 0 0 45 47 48 0 31 27 17 22 10 37 0 0 0 1 12 0 0 11 12 56 0 25 0 0 96 67 0 51 44 7 0 4 0 0 0 0 0 78 0 0 0 16 0 0 54 96 0 0 0 0 1 18 0 0 36 0 0 0 0 27 36 0 0 0 25 0 0 0 89 0 48 22 11 0 0 21 17 0 0 0 18 58 58 0 3 0 0 0 0 3 0 41 0 0 0 0 0 48 0 0 0 35 0 83 13 0 0 42 4 18 56 13 0 0 0 0 0 0 31 0 12 0 0 0 0 5 0 45 31
 0 0 0 9 0 54 76 0 0 51 0 61 7 0 0 0 0 30 0 0 21 0 2 13 70 10 0 0 11 0 12 21 0 0 0 0 0 0 0 0 0 0 44 0 0 0 56 2 0 0 0 30 59 0 3 9 46 82 22 0 32 12 0 0 0 0 0 46 0 0 43 0 9 0 0 0 0 2 65 0 0 0 81 0 0 0 45 25 0 0 0 65 32 43 65 0 18 0 76 34 0 0 98 0 38 7 0 0 0 68 15 45 0 37 0 12 0 25 25 38 14 18 40 60 39 49 0 0 0 0 85 48 34 0 0 0 77 0 0 0 57 6 0 33 23 17 81 41 24 19
 0 0 0 96 50 20 57 0 0 0 0 0 43 0 19 39 0 23 26 39 54 17 33 0 87 71 7 0 0 0 0 73 12 84 27 0 5 21 63 48 50 0 0 12 17 0 0 0 0 21 6 0 0 0 26 0 0 0 0 30 77 0 77 0 43 37 0 52 37 40 0 4 0 11 29 75 33 0 13 4 0 39 0 36 86 30 50 0 0 0 15 0 0 20 0 0 22 1 61 37 0 0 38 42 0 0 0 39 33 0 0 0 18 62 0 0 0 44 62 0 37 0 0 14 77 25 0 0 0 56 29 12 21 54 3 0 0 0 0 57 0 40 3 39 39 59 0 19 0 48
 0 3 0 68 0 0 6 36 24 5 6 0 0 0 0 7 0 20 55 8 43 77 0 0 5 16 0 0 0 0 9 61 97 28 0 0 28 0 43 52 59 57 0 0 61 6 21 57 0 14 0 1 14 0 0 40 0 0 45 57 0 0 0 0 20 0 0 0 81 0 0 0 18 0 50 79 0 0 68 0 10 0 19 0 0 19 0 66 6 7 70 67 27 36 70 0 0 3 0 0 0 43 0 54 97 33 36 13 0 14 8 54 83 59 0 0 0 31 0 62 0 32 0 51 0 49 7 0 65 10 34 43 0 0 0 39 2 29 0 55 0 55 0 41 90 11 48 0 54 2
 15 6 29 17 0 0 0 45 4 0 50 64 6 0 0 0 0 86 0 0 0 0 41 0 0 39 64 41 20 48 0 0 2 82 0 4 0 0 72 0 0 31 0 0 3 0 0 0 30 9 0 20 0 24 17 0 20 62 47 34 0 50 22 14 76 1 0 28 9 54 7 57 74 0 0 0 0 0 36 16 0 0 5 9 93 0 1 9 51 38 69 30 60 0 0 0 68 0 7 18 31 0 0 47 0 15 0 16 18 0 65 11 20 1 54 0 0 0 0 80 0 40 0 0 19 42 53 15 36 42 0 69 31 27 0 10 24 0 20 0 57 24 51 0 87 21 15 0 20 0
 0 29 0 0 16 13 0 9 0 11 0 22 0 0 3 33 6 0 21 0 54 8 0 40 0 8 20 20 0 55 0 55 0 58 66 0 0 0 9 33 0 0 0 0 66 0 30 0 80 0 19 19 59 0 0 0 67 0 0 0 39 0 0 0 0 5 2 0 3 0 0 28 5 0 0 40 0 0 0 0 0 0 0 12 0 27 0 83 0 42 0 31 9 7 89 5 0 16 32 8 19 14 29 24 0 35 62 0 0 0 51 40 45 35 51 1 0 0 0 50 43 29 48 27 26 0 14 0 48 0 0 0 0 1 10 24 36 0 0 0 0 17 0 3 0 14 0 67 5 6
 0 0 14 73 1 0 3 0 0 36 0 21 0 11 0 33 25 25 68 66 5 2 0 36 0 48 0 27 40 6 45 0 5 36 0 0 0 47 29 37 12 25 0 0 0 57 0 41 0 0 0 49 7 62 41 40 0 20 0 41 0 58 0 39 2 44 0 0 0 0 66 72 7 0 0 1 0 74 0 21 0 0 0 0 0 0 92 0 0 0 61 0 51 68 50 21 27 22 51 71 64 25 22 0 0 0 4 95 35 14 0 0 0 0 12 57 13 0 0 13 0 0 0 0 0 0 0 0 36 8 16 0 71 12 51 88 0 10 16 0 0 22 14 41 0 0 0 0 14 7
 12 68 0 9 57 14 16 0 28 0 0 0 8 0 9 62 78 0 0 32 0 25 0 0 0 0 13 0 0 0 0 0 0 0 85 17 46 0 4 47 0 31 0 19 44 43 46 4 13 0 0 15 61 51 0 0 86 12 0 23 0 0 0 0 25 42 0 0 22 5 0 0 0 0 0 0 0 0 5 0 0 1 49 12 0 29 0 0 0 0 48 3 0 0 3 0 18 0 83 0 46 70 79 0 92 0 33 0 26 80 0 0 24 0 0 0 2 0 28 0 1 0 36 77 0 0 38 37 5 0 20 0 42 0 0 0 37 55 11 36 0 81 0 48 0 26 25 1 16 35
 30 27 34 47 0 0 0 0 0 0 31 0 51 0 0 0 43 10 65 9 48 33 0 0 1 0 55 4 0 0 0 0 0 14 0 5 0 0 32 0 3 0 53 0 0 0 22 16 87 19 12 0 0 33 0 0 0 0 24 44 11 0 0 27 34 14 0 19 33 0 0 1 0 0 7 10 0 0 61 0 0 0 0 34 0 0 0 74 5 0 35 25 0 46 0 1 7 60 85 0 0 5 0 59 0 57 17 0 0 62 0 0 28 29 0 40 0 0 72 0 64 0 10 0 37 17 0 27 57 0 31 0 0 52 30 2 0 7 41 0 0 0 0 0 38 0 48 26 0 35
 0 0 2 6 0 35 0 0 5 0 0 0 0 63 35 0 0 0 80 0 0 75 20 0 0 0 0 43 21 17 86 0 8 56 0 0 62 12 0 0 0 4 0 0 2 0 0 57 0 0 6 32 0 50 0 0 0 53 0 61 27 0 0 0 15 0 0 16 56 29 46 24 0 3 22 72 0 43 0 0 0 0 14 66 2 3 0 37 25 16 0 15 81 8 0 0 0 9 39 0 31 0 0 33 0 0 0 0 31 48 68 29 2 0 43 0 34 11 21 0 0 0 0 0 41 0 0 0 0 66 38 4 0 0 70 14 0 51 0 0 0 51 22 90 0 78 65 0 0 53
 0 4 22 0 23 57 0 0 0 0 66 0 0 11 0 56 0 10 0 0 18 0 79 73 53 0 3 0 19 0 44 49 1 70 0 16 15 10 0 9 46 0 88 0 14 0 0 24 1 0 0 18 0 22 44 0 49 31 0 0 0 57 0 88 0 6 2 0 0 0 9 0 0 6 34 0 79 5 6 0 40 0 0 0 36 0 0 60 26 0 0 17 0 0 36 59 33 26 0 56 9 7 0 14 0 0 0 68 29 61 0 66 54 0 0 21 54 56 27 15 47 0 74 0 0 52 46 67 0 0 71 25 5 0 88 5 21 1 53 49 0 3 0 23 10 0 79 61 0 1
 0 18 0 31 44 0 83 11 0 25 0 69 15 0 15 33 32 12 35 25 57 11 30 0 22 15 9 4 37 0 0 0 0 33 0 11 0 67 0 0 0 0 0 28 26 0 5 69 28 0 0 0 49 42 23 10 23 0 0 4 55 0 2 0 9 0 0 5 49 0 0 24 0 43 23 42 0 20 5 37 19 7 3 38 60 46 0 0 2 0 0 45 2 4 0 0 0 19 0 0 0 0 21 0 0 0 0 2 0 0 0 0 52 0 30 29 0 0 33 26 0 25 47 59 85 0 39 0 0 0 0 0 0 0 0 41 30 0 9 39 15 0 21 19 1 0 0 45 88 0
 0 37 7 49 0 7 0 5 51 0 80 40 46 0 0 18 0 11 48 0 22 7 0 29 24 0 56 56 0 0 0 8 98 30 0 0 0 0 4 18 0 0 56 0 46 40 55 60 46 8 35 14 8 16 44 7 0 0 0 21 0 0 27 76 0 29 1 0 0 26 0 32 0 29 0 0 0 0 0 0 0 0 0 0 0 0 0 20 3 60 37 0 0 36 31 0 26 45 0 0 0 2 0 0 0 0 0 71 19 0 68 0 9 60 59 11 50 28 20 83 0 67 0 51 0 0 44 49 0 16 0 21 0 13 0 0 0 0 0 46 0 0 19 0 8 21 22 35 0 26
 0 0 13 0 0 55 10 83 0 0 26 0 38 0 0 0 0 0 0 0 15 0 16 38 0 45 29 0 0 0 0 53 0 0 0 0 51 0 0 0 29 0 7 0 0 0 0 48 78 0 0 76 0 59 0 54 24 0 0 24 0 0 3 0 0 0 0 0 0 22 39 0 0 0 0 35 71 0 0 37 60 0 64 0 0 0 0 0 0 3 49 0 0 0 0 0 0 38 0 20 80 5 96 2 32 0 0 0 19 8 0 28 0 0 100 57 24 0 23 0 1 42 3 0 10 15 3 56 0 0 25 0 0 33 0 1 52 0 18 11 0 0 0 28 27 4 0 64 0 0
 79 13 3 28 29 35 13 8 25 84 0 10 0 10 0 17 0 0 0 32 0 0 0 0 19 0 0 64 0 0 0 0 40 0 42 68 0 14 0 53 11 0 0 11 0 8 0 28 0 0 0 57 0 0 42 35 33 0 0 0 0 0 0 37 0 61 9 0 0 10 29 0 16 0 0 0 7 0 0 37 20 0 93 0 5 0 4 23 55 9 29 49 0 0 69 6 21 24 40 0 0 23 0 38 26 4 0 0 85 0 35 0 0 0 0 34 0 0 0 0 0 3 44 0 0 31 0 2 0 14 22 52 0 16 0 82 0 18 0 34 18 65 0 14 0 0 43 73 7 0
 0 20 43 0 35 49 20 0 21 25 7 39 0 0 0 0 22 0 29 0 0 20 0 7 59 0 0 55 13 8 45 0 0 0 19 0 0 0 86 61 0 15 0 63 55 14 24 42 0 0 48 62 0 62 0 56 0 56 0 0 0 23 41 0 2 0 8 16 22 33 0 0 0 14 0 90 35 0 0 0 0 0 49 0 0 0 0 20 0 0 0 16 86 29 21 53 55 10 12 0 0 7 25 31 21 20 58 0 0 22 0 0 18 0 0 41 13 34 41 90 13 21 70 0 58 0 0 0 0 0 17 47 16 0 0 9 27 11 0 22 0 0 46 0 40 76 23 0 0 0
 2 31 0 77 0 68 0 30 21 38 0 0 9 0 2 0 0 75 24 0 0 0 5 0 0 0 0 10 12 0 0 18 77 0 86 3 60 10 67 0 61 17 0 76 39 47 0 0 2 0 0 0 0 0 0 36 0 0 0 43 61 0 0 67 2 13 65 17 15 43 73 6 36 38 14 23 0 17 54 5 14 0 19 5 3 0 14 14 0 64 0 62 0 6 0 17 13 0 0 11 11 42 0 0 0 0 10 22 1 18 0 0 15 0 57 22 0 88 4 0 0 0 68 39 0 51 0 47 0 18 0 0 0 0 45 16 3 10 0 13 0 10 0 0 0 0 0 0 14 0
 0 23 5 0 0 59 0 0 0 56 0 20 2 43 0 0 0 0 54 0 10 0 50 28 12 19 0 0 0 0 21 22 15 28 11 16 0 0 30 62 5 0 0 0 0 13 13 0 0 0 0 0 55 0 42 0 0 24 38 0 98 0 0 36 0 0 0 2 4 0 6 0 0 62 0 0 64 68 8 0 0 34 45 0 30 0 0 0 47 64 28 19 31 0 0 38 0 0 26 47 0 0 0 0 40 6 64 36 0 0 0 0 0 0 0 32 0 0 33 0 36 34 23 61 32 0 34 0 0 42 0 0 22 0 84 77 0 0 41 9 0 0 0 76 16 0 0 9 69 52
 0 51 60 34 0 70 9 20 3 31 0 31 0 0 0 13 33 41 23 0 0 0 0 1 0 5 68 7 0 0 0 0 15 8 11 24 9 0 10 0 0 14 72 11 0 0 0 27 13 26 70 0 0 74 0 0 2 0 14 0 22 1 38 73 55 17 0 0 0 0 0 0 0 6 7 0 0 0 0 0 0 8 30 0 2 0 0 0 0 29 31 11 47 0 11 0 0 27 30 50 34 2 0 55 0 0 0 0 25 12 0 0 0 0 69 82 0 48 32 22 18 31 0 29 0 0 30 7 65 42 0 0 0 0 12 0 22 0 15 16 3 0 18 21 9 0 0 0 80 61
 47 0 20 0 0 19 0 0 24 18 7 45 0 0 61 14 23 0 0 33 0 0 0 0 0 15 0 0 22 0 17 23 0 44 62 52 0 79 0 0 68 5 68 66 0 0 25 68 0 0 53 76 0 3 0 5 18 0 0 27 0 0 0 0 0 0 0 0 56 18 10 3 38 0 0 6 0 17 4 7 0 0 54 29 0 0 0 0 0 0 0 0 0 30 28 62 62 36 48 0 0 4 0 0 75 10 0 17 0 0 29 0 2 23 0 26 0 12 0 0 20 12 0 0 0 0 0 46 79 28 26 44 0 0 28 42 69 18 60 13 10 26 79 9 0 66 0 39 19 0
 54 0 0 43 0 0 0 60 0 0 50 0 8 0 12 0 34 0 30 0 0 0 23 0 3 0 28 35 12 0 70 15 3 38 0 0 0 0 32 0 26 26 0 0 20 68 37 72 0 0 12 47 37 0 0 0 0 0 0 0 17 50 0 10 3 12 0 0 17 49 23 0 0 0 0 2 59 57 70 0 0 0 0 82 0 0 0 9 0 0 90 0 0 0 61 0 45 0 0 0 0 66 0 1 0 0 0 25 47 18 5 48 0 0 0 0 0 16 0 0 0 43 18 17 9 0 0 19 5 32 0 40 16 0 0 4 43 10 8 0 1 24 0 12 0 40 9 0 0 73
 0 21 38 0 3 0 0 0 0 66 4 39 12 0 0 0 54 0 0 0 0 0 79 0 7 14 8 57 0 66 42 36 0 0 0 0 0 6 36 0 0 25 13 0 12 92 30 0 54 0 48 38 0 0 9 0 0 0 10 52 0 1 0 0 80 0 0 0 0 10 22 21 0 0 0 22 0 0 0 34 0 0 0 20 14 0 15 0 0 0 19 0 0 0 0 0 35 48 0 3 23 0 0 12 84 3 0 12 0 0 8 0 0 47 0 0 0 0 0 48 52 0 33 0 55 0 26 53 16 0 54 0 0 0 70 0 0 0 32 25 11 0 0 74 8 75 0 24 78 4
 0 12 0 0 40 41 0 0 6 64 0 19 0 0 60 54 0 0 0 84 0 0 3 0 44 0 0 54 0 0 0 23 38 93 0 20 21 24 0 28 0 0 19 45 0 0 25 0 0 25 50 14 92 0 0 58 0 38 50 0 43 0 50 0 0 24 43 0 68 53 21 42 0 4 0 0 0 0 13 51 0 0 38 0 25 35 0 47 10 0 0 44 33 22 62 8 0 0 46 13 47 19 0 0 0 53 0 27 0 28 46 5 0 0 7 18 41 0 0 0 57 0 8 23 0 15 44 43 70 0 28 33 0 0 19 20 0 6 8 10 0 6 0 40 44 0 0 52 0 6
 0 62 0 29 95 44 15 0 2 45 0 12 0 0 0 4 0 0 0 0 8 0 0 55 0 33 43 0 40 0 30 0 0 0 9 18 34 80 0 11 9 0 0 3 22 57 0 0 0 64 0 0 34 0 0 9 0 11 0 51 42 0 37 0 69 57 0 11 0 1 20 60 0 0 0 0 0 65 64 37 0 11 0 51 0 0 0 47 36 9 0 21 0 41 0 40 49 0 0 0 0 0 0 0 31 0 0 50 10 0 0 0 0 5 0 25 0 26 0 3 0 0 0 7 7 16 0 0 40 26 53 0 0 0 6 0 0 0 0 0 0 0 0 0 0 0 5 0 47 54
 11 16 0 51 42 0 0 0 35 24 0 33 33 0 49 0 0 0 0 81 7 9 21 29 8 84 0 0 57 0 56 61 0 0 0 8 5 0 54 60 1 10 18 0 56 0 0 7 61 54 0 61 51 86 11 24 0 0 0 30 4 0 37 0 43 0 0 40 57 0 0 4 0 7 56 31 43 0 0 63 38 0 0 4 17 83 0 0 0 0 0 0 0 0 0 36 17 0 23 59 0 0 0 0 0 0 40 13 5 0 42 0 11 11 0 0 9 0 16 57 30 7 35 0 0 45 78 0 0 0 23 42 16 0 0 40 57 25 0 1 0 29 25 0 0 27 34 93 0 81
 0 0 0 0 0 51 0 9 0 31 89 17 0 0 0 0 35 0 0 19 5 28 46 0 48 92 0 0 0 25 12 37 33 0 7 89 0 0 0 2 0 4 0 4 0 10 0 0 0 17 0 0 50 0 0 40 0 17 0 0 0 51 0 27 10 0 0 0 0 41 0 14 0 15 43 0 0 0 8 67 6 0 9 41 15 0 54 0 26 5 8 0 0 0 9 0 50 0 0 53 0 31 72 17 0 0 0 80 0 61 55 0 0 0 0 5 59 44 0 0 21 9 0 0 48 0 80 0 25 0 30 10 0 0 0 24 14 41 6 17 3 0 15 1 0 0 0 51 59 0
 73 0 31 48 45 0 0 5 0 9 21 15 0 44 16 0 41 3 27 1 0 0 0 31 0 0 27 0 0 0 0 0 0 13 23 0 0 0 0 51 0 23 13 25 0 26 0 0 52 0 48 0 0 0 0 0 8 70 35 4 11 0 51 15 12 0 0 0 13 61 74 24 59 59 0 43 33 51 26 0 0 64 36 29 36 36 8 0 0 59 0 0 0 0 69 71 0 0 0 0 17 5 13 76 31 0 21 4 0 0 30 0 47 0 0 0 8 0 21 0 0 0 0 0 10 54 43 45 8 26 17 4 24 29 0 0 52 0 19 0 10 0 0 0 0 46 8 0 0 58
 83 0 0 0 0 0 2 0 0 0 52 0 0 8 0 0 77 58 0 1 24 5 0 3 70 0 21 0 44 0 75 9 8 11 15 68 0 37 30 0 0 0 76 48 0 0 61 0 0 55 8 0 79 32 38 0 0 18 19 18 0 53 0 0 0 51 58 25 0 0 18 7 3 84 2 16 88 7 0 0 0 0 0 0 0 10 0 21 36 0 34 0 0 71 0 5 0 77 46 82 11 0 43 94 0 0 0 0 0 0 7 18 50 19 86 2 14 25 15 0 0 0 0 0 0 84 0 0 5 0 48 0 32 10 0 66 0 25 0 0 49 37 0 0 0 40 61 0 0 9
 32 33 90 0 0 0 0 27 0 28 19 65 0 0 0 65 26 0 0 0 40 0 0 0 15 9 2 0 0 0 48 0 6 4 67 0 0 0 36 0 37 14 0 12 41 0 20 0 2 14 0 19 0 0 78 0 0 0 18 2 0 12 0 66 40 41 1 31 0 45 50 7 61 6 39 51 55 22 68 0 0 3 32 57 0 0 0 6 0 0 0 0 53 9 64 48 10 0 0 0 3 0 20 0 0 0 62 0 13 29 0 43 3 0 56 0 27 0 0 0 0 0 2 39 0 12 69 0 2 24 0 25 0 0 13 0 41 20 42 0 33 0 0 0 35 11 82 19 0 69
 7 67 24 0 12 55 40 22 77 0 34 0 18 0 3 86 18 49 5 37 0 40 0 0 0 0 0 0 11 30 2 0 0 0 62 49 25 24 83 8 17 0 17 0 17 10 0 29 0 0 0 0 7 0 0 0 53 0 35 0 71 0 0 0 27 0 0 0 0 7 29 6 40 24 66 16 14 79 0 0 0 0 0 0 0 0 20 0 29 0 25 0 0 0 47 0 0 21 0 28 50 0 0 0 0 44 18 0 0 0 0 0 41 27 0 0 0 37 30 1 0 15 0 0 0 0 0 0 0 63 67 1 43 0 70 96 48 55 4 0 19 0 16 0 0 64 64 0 6 37
 14 0 71 0 0 31 0 29 0 32 31 0 0 0 67 0 0 30 0 2 0 0 78 0 0 28 30 0 0 0 1 0 22 45 0 0 0 52 0 0 0 0 0 59 0 20 0 0 0 20 26 0 5 31 12 41 23 0 0 0 0 0 0 9 74 4 0 0 0 61 0 0 1 0 14 0 0 5 37 63 63 51 87 25 47 28 2 9 16 0 0 0 0 0 4 0 0 0 29 56 0 0 0 0 0 0 0 18 32 19 0 0 71 0 1 0 0 28 62 39 0 0 83 0 21 0 0 0 28 0 0 44 0 15 89 0 0 0 0 0 46 0 0 0 0 0 27 39 85 0
 23 61 15 0 36 0 36 0 26 55 0 27 0 0 10 39 88 0 0 0 0 4 0 0 14 0 11 0 51 0 85 0 0 0 43 8 0 56 4 0 24 20 26 41 68 69 0 18 0 42 8 0 0 10 100 53 41 36 0 13 39 0 48 3 71 26 47 0 0 28 0 0 31 28 4 10 14 0 2 57 5 0 0 0 30 8 0 2 0 32 50 0 0 0 29 0 64 19 79 0 54 0 0 0 35 0 24 0 0 58 11 0 49 58 21 14 0 40 0 76 12 0 6 8 57 0 37 0 0 29 0 23 0 0 0 0 0 0 0 0 0 0 32 0 4 0 28 13 0 26
 0 2 1 0 9 0 0 0 0 36 0 79 0 0 0 3 0 0 35 33 0 0 0 65 0 40 0 0 4 93 0 0 0 0 76 17 0 0 0 0 0 0 0 0 0 0 0 0 0 52 3 20 0 0 80 0 0 54 58 0 0 0 10 0 0 0 91 25 0 76 71 0 43 4 0 37 0 0 6 14 55 42 0 32 35 95 0 6 0 47 31 0 0 45 8 26 0 37 30 19 30 64 68 0 91 0 0 0 32 0 31 72 40 0 0 0 20 78 9 51 24 2 36 34 10 64 26 0 0 23 17 0 39 52 0 0 0 41 0 52 0 30 0 65 0 9 0 0 0 0
 0 0 50 30 14 0 48 0 38 0 38 9 73 13 0 0 5 0 0 0 0 17 4 22 9 0 0 0 0 0 0 0 0 0 0 0 0 4 0 0 72 66 0 1 0 0 1 66 27 0 0 70 0 0 35 63 1 47 0 0 0 0 0 0 0 0 0 0 2 0 3 11 0 0 0 30 55 0 0 89 0 39 0 0 0 0 0 0 0 0 0 35 17 17 26 0 0 9 55 0 0 12 79 0 43 7 0 0 76 0 0 0 52 84 25 32 6 0 0 0 0 34 0 0 0 57 17 16 11 0 0 0 22 17 60 43 6 65 5 0 0 0 14 23 71 35 0 0 53 18
 0 0 26 31 0 0 0 32 9 0 0 37 0 56 38 0 21 16 22 0 0 0 9 0 5 51 0 78 0 0 0 0 10 0 0 74 0 47 14 0 0 28 0 0 0 0 0 49 89 0 0 0 0 63 0 79 46 46 8 0 0 0 0 83 14 0 23 3 0 31 0 57 5 3 0 24 0 0 0 0 0 6 0 2 0 67 92 0 8 0 0 86 22 18 4 0 0 0 0 0 12 14 17 45 0 0 0 0 17 0 0 0 0 53 0 0 0 0 0 29 0 0 64 0 36 0 0 21 0 56 0 81 1 25 0 88 0 0 85 76 0 0 39 0 11 0 44 0 0 0
 0 19 21 0 13 26 0 51 71 65 0 0 60 0 44 0 28 0 0 0 0 36 0 0 15 0 0 44 0 68 5 51 95 5 0 12 56 0 12 0 0 0 0 41 0 0 81 34 0 77 3 19 25 0 0 0 5 0 6 29 27 12 28 9 32 77 0 60 0 0 0 0 11 0 45 48 0 0 0 0 78 0 0 0 20 4 4 0 36 0 0 0 0 0 0 0 0 0 0 0 54 40 0 47 0 0 0 4 0 25 8 0 0 10 0 65 0 0 17 0 0 0 13 34 18 0 0 0 31 0 0 82 43 58 0 16 50 0 0 46 0 66 71 0 0 0 29 0 0 9
 97 0 45 0 0 18 32 0 8 0 22 1 0 23 0 21 53 12 44 0 0 0 0 30 86 7 18 23 26 7 3 0 36 0 9 55 17 0 0 0 67 8 6 0 78 0 27 0 44 0 0 20 43 31 25 0 0 0 0 0 32 0 0 12 0 0 56 50 0 26 25 0 53 5 44 0 0 19 0 0 0 49 44 3 0 0 71 22 17 14 0 11 42 9 1 40 0 1 0 0 0 7 33 11 0 82 18 0 0 0 0 0 70 76 24 0 0 0 26 33 0 0 44 0 8 0 0 81 0 0 0 13 15 0 0 11 10 0 0 54 26 0 0 28 0 9 0 75 0 0
 12 0 19 0 73 17 0 0 22 0 0 6 0 0 0 0 17 0 0 0 81 0 12 58 0 0 0 0 40 0 18 19 0 0 6 25 44 12 12 0 0 0 0 73 17 9 43 35 0 0 0 12 16 46 18 0 0 2 0 78 0 17 0 22 0 13 1 36 4 0 0 0 45 33 0 0 57 0 29 0 13 91 0 41 34 15 67 0 61 0 0 31 0 12 32 0 0 18 24 0 27 36 18 25 5 0 8 0 0 0 72 0 0 3 0 28 29 24 0 0 0 0 0 0 79 15 0 0 15 0 0 25 20 12 0 0 7 78 19 0 0 54 0 42 0 0 0 0 4 0
 3 30 0 0 0 38 8 64 55 0 0 33 0 0 0 0 72 50 4 55 0 0 0 0 53 0 49 0 0 16 0 3 0 99 0 0 72 60 0 0 5 90 0 47 0 1 0 31 41 18 0 15 39 0 40 54 41 0 0 72 0 0 0 85 33 1 0 0 0 29 0 0 21 0 76 0 74 0 0 0 42 0 0 13 0 4 11 28 7 16 0 26 0 0 59 0 91 50 0 0 25 0 43 0 0 58 57 21 0 45 11 0 0 0 0 0 0 0 0 0 0 61 0 0 33 0 0 14 44 10 14 17 2 0 88 0 0 0 47 64 8 0 47 6 0 0 32 0 0 0
 0 0 8 89 24 0 0 20 0 39 0 0 22 0 16 0 26 60 0 0 0 0 0 0 0 0 48 63 0 20 0 0 0 10 0 0 5 0 10 0 21 0 0 0 0 21 83 49 0 18 41 0 42 0 0 0 76 42 0 6 80 0 0 0 49 0 0 3 0 6 66 0 0 14 0 48 0 17 24 0 0 0 0 0 0 0 21 0 0 66 0 4 41 92 0 0 82 20 58 0 79 23 0 40 34 0 39 54 42 16 2 93 0 52 21 0 4 30 47 0 0 0 0 9 51 8 0 0 0 0 0 0 2 97 14 17 54 0 6 0 41 57 22 0 64 0 33 66 0 2
 0 11 7 0 18 0 0 0 0 24 0 0 0 0 48 3 6 19 0 61 0 23 0 0 42 0 21 24 68 0 25 29 8 79 0 0 0 64 49 0 11 21 6 0 50 0 0 0 0 46 0 21 0 31 41 0 55 0 58 0 46 67 0 30 24 0 0 0 0 70 0 33 0 0 24 27 0 14 72 0 0 0 0 6 23 0 0 1 2 0 0 0 0 53 0 18 0 0 0 54 0 0 0 0 0 0 0 0 0 44 0 0 20 85 66 0 22 0 42 11 0 0 26 0 9 0 47 5 0 48 26 40 14 0 64 76 0 26 0 70 0 18 34 0 0 44 0 0 0 81
 0 0 10 16 85 0 0 0 0 39 37 12 75 77 17 21 3 85 0 0 0 69 0 2 36 0 33 0 0 0 23 41 0 0 0 0 0 0 0 0 0 22 0 1 0 6 0 37 31 0 0 80 49 0 42 0 0 19 0 0 0 11 0 0 0 23 25 6 62 86 59 0 70 61 0 23 0 0 10 16 0 0 30 47 0 87 84 16 0 0 0 0 0 11 54 73 59 46 0 11 36 85 73 0 72 0 62 0 11 51 0 58 0 0 20 36 0 0 26 0 0 65 12 9 28 0 0 46 87 44 0 0 0 90 0 0 0 37 12 0 0 0 73 0 29 20 31 0 8 0
 9 0 0 6 74 0 0 0 0 0 0 56 0 0 20 0 43 0 0 77 0 0 0 67 63 51 6 57 0 0 32 0 44 40 21 46 41 17 32 53 48 0 0 63 68 6 29 0 41 15 0 37 10 0 0 1 17 0 0 0 7 0 37 51 0 69 0 0 0 55 0 0 69 0 0 11 43 16 0 0 0 0 67 0 22 0 68 0 17 28 40 0 0 0 0 0 3 0 47 0 11 47 0 0 0 13 0 0 0 42 0 0 0 54 0 0 15 46 0 0 0 0 0 0 52 54 0 7 35 0 43 8 22 0 0 24 23 0 0 0 20 33 47 0 0 34 13 25 0 5
 45 2 77 19 0 0 0 0 0 25 0 86 0 0 47 3 30 0 25 51 0 0 0 15 63 28 0 0 0 0 9 0 0 0 0 0 0 0 0 11 0 51 74 0 29 13 61 25 0 0 0 0 79 0 42 40 0 18 76 0 43 81 5 0 8 88 0 64 0 0 0 0 72 0 30 0 17 0 33 0 0 17 0 48 0 0 21 0 33 0 49 0 0 0 0 0 0 0 15 22 33 34 0 0 0 0 41 27 39 0 46 0 0 0 0 65 0 24 0 0 36 31 0 0 60 8 20 37 6 0 10 17 0 33 0 0 1 1 14 26 0 16 0 1 46 0 3 58 0 0
 46 0 0 84 61 0 0 41 0 0 0 0 3 0 49 0 0 5 5 44 0 96 0 0 0 0 74 69 0 7 0 0 12 10 12 49 0 12 0 75 12 0 0 0 23 0 36 25 41 4 54 0 0 0 0 0 0 43 10 0 0 30 0 44 1 27 38 0 17 4 0 16 1 0 0 0 0 0 0 50 0 0 2 0 0 3 0 2 25 0 16 0 8 0 27 0 0 16 12 42 0 17 0 0 0 0 0 40 0 92 0 38 27 0 0 10 0 23 55 19 0 0 0 86 66 0 11 0 0 0 0 75 14 0 0 91 19 0 72 50 21 0 0 0 16 91 0 0 0 0
 0 1 27 0 21 6 0 0 0 0 53 54 0 33 0 19 41 0 82 58 0 0 9 0 29 0 2 0 51 5 0 6 53 45 0 9 14 0 0 0 44 0 0 0 0 0 0 0 17 0 0 95 29 0 0 0 0 0 0 0 0 43 0 0 65 18 23 24 52 0 5 11 1 0 83 0 20 56 24 42 93 3 0 20 2 0 0 45 58 0 0 17 19 0 0 0 0 0 0 41 46 0 0 7 0 0 21 4 0 0 0 0 25 0 47 0 0 10 73 17 76 0 30 0 0 0 37 0 0 0 0 0 0 25 56 0 0 11 46 0 0 6 0 0 0 16 41 23 0 4
 0 0 0 34 0 0 92 65 0 17 0 44 0 0 38 54 0 0 0 0 68 27 41 2 0 48 0 0 0 0 21 31 13 24 54 25 0 0 69 0 38 0 0 32 34 0 0 50 0 46 21 77 0 0 0 0 78 1 39 79 0 0 0 0 0 0 53 0 0 12 54 52 28 13 0 57 25 23 0 63 33 0 0 87 82 40 0 0 63 0 10 0 18 0 15 11 0 76 11 0 0 32 0 0 52 1 0 14 0 0 8 0 0 0 0 0 0 12 0 66 0 31 0 0 59 0 0 63 85 0 59 0 0 10 5 6 3 0 78 5 0 69 43 0 0 50 0 71 0 0
 0 0 0 52 0 0 0 0 0 35 89 0 61 24 0 0 0 27 0 0 0 0 16 0 0 74 0 0 0 92 48 39 66 39 0 0 49 0 0 34 24 0 0 6 0 13 89 20 21 6 52 0 0 31 0 0 20 49 0 0 8 0 4 45 0 40 18 0 0 0 0 0 3 0 0 0 0 0 33 8 34 24 0 9 0 0 0 0 0 60 0 44 21 27 0 0 0 40 3 10 0 0 0 71 0 0 0 0 0 9 72 2 0 29 48 0 3 0 0 0 0 56 0 70 0 12 0 40 19 40 0 0 56 33 0 31 4 12 0 61 23 53 0 27 61 52 34 41 3 69
 1 29 8 70 44 48 21 33 0 0 0 68 10 0 25 0 0 33 0 0 0 0 0 0 0 0 0 66 0 26 4 11 0 0 2 0 0 31 0 0 72 28 37 28 0 0 0 37 45 7 88 0 0 25 0 0 0 20 0 0 31 44 80 0 4 66 8 0 0 9 0 0 0 0 0 0 0 2 0 54 0 87 0 24 50 74 0 13 0 0 0 7 62 0 0 0 53 0 15 0 0 0 0 0 0 39 0 0 0 0 0 0 6 0 62 31 22 64 0 0 90 0 0 0 0 0 61 0 0 0 0 6 0 18 0 87 0 34 36 39 0 0 46 0 11 45 0 46 0 61
