200
 20 0 61 0 0 0 16 0 0 41 4 0 6 85 0 53 0 0 0 59 0 22 0 36 0 17 0 0 48 29 24 29 0 13 0 0 32 39 39 11 0 0 0 27 67 0 5 0 0 0 0 1 0 0 0 36 0 58 0 0 0 28 18 0 13 0 36 17 0 0 5 3 46 9 0 0 10 0 21 16 42 26 0 46 35 32 14 32 37 16 0 0 36 0 46 80 0 60 0 0 51 0 96 0 55 50 32 0 0 0 0 79 0 0 77 0 25 16 0 36 0 10 59 70 0 0 17 3 0 44 21 0 50 24 40 0 0 0 0 25 0 12 7 0 0 0 1 15 0 0 43 39 34 0 52 20 0 0 65 32 2 47 4 0 39 0 63 0 0 0 28 74 72 23 0 49 34 0 37 0 0 0 0 0 0 80 0 39 26 88 5 26 6 0 0 0 0 0 62 14
 14 23 73 47 0 63 0 36 0 0 0 52 0 39 0 24 0 0 0 0 0 36 7 4 9 0 67 41 72 22 0 35 69 0 29 38 0 0 0 58 26 6 0 0 74 43 58 0 0 0 37 35 0 0 26 7 1 91 0 0 4 35 0 0 0 0 54 0 0 1 24 0 3 40 0 0 82 51 0 0 11 18 34 37 0 68 0 0 46 5 49 0 23 9 0 34 35 0 0 0 26 0 8 0 15 51 0 0 86 25 17 59 0 32 0 0 0 0 0 7 0 15 67 0 2 0 0 84 0 5 85 84 0 10 19 0 0 0 0 0 0 2 0 28 0 20 0 28 0 0 0 24 8 75 3 0 0 0 0 70 22 0 1 62 0 8 0 0 0 0 4 1 0 8 7 0 61 29 3 0 70 49 18 0 0 0 62 0 0 27 0 0 57 8 0 48 6 0 0 0
 0 0 63 36 18 52 3 0 0 5 0 16 13 24 0 92 0 0 16 0 44 0 0 42 13 82 0 34 29 0 5 0 11 0 38 0 0 0 8 0 0 48 4 62 0 1 0 0 0 0 0 0 18 4 0 80 0 0 81 0 58 3 0 59 33 58 26 0 0 0 51 0 27 0 42 61 17 0 79 57 0 0 76 0 0 0 0 0 56 0 0 0 24 22 0 0 0 0 72 41 0 0 16 15 0 0 0 0 0 0 29 0 33 0 0 53 8 0 23 38 11 0 0 0 21 20 10 27 50 58 0 67 38 3 39 44 0 22 29 0 44 57 0 0 0 24 4 0 0 0 31 0 0 0 0 12 0 0 0 0 0 0 0 0 0 0 40 0 28 57 13 0 17 0 0 0 62 30 0 11 0 12 0 36 0 0 0 0 10 4 0 0 0 0 0 0 51 0 0 0
 11 0 0 84 27 87 0 0 50 73 49 35 0 37 0 79 0 0 7 0 58 55 10 0 87 20 0 15 0 0 21 75 11 73 13 0 0 0 59 7 0 0 7 1 24 0 95 27 0 17 0 62 95 0 59 26 38 0 41 60 0 0 0 11 0 49 48 0 71 16 0 0 1 0 9 26 11 0 0 0 0 13 0 21 0 42 45 48 0 61 27 0 0 15 0 0 30 29 0 53 0 0 32 0 38 0 5 0 0 90 63 0 0 0 33 4 0 51 33 54 0 0 0 44 0 0 53 0 0 58 0 18 0 0 29 0 50 16 0 0 55 0 0 0 64 3 0 0 0 0 29 0 0 0 0 61 0 0 0 0 54 0 0 0 0 73 0 6 0 0 0 0 0 0 4 7 6 0 0 0 0 56 0 70 29 0 48 40 63 0 69 0 7 0 50 0 0 24 0 6
 5 29 0 0 73 0 0 0 27 69 0 72 0 13 48 0 7 0 35 3 0 90 0 0 0 0 81 0 0 0 0 44 0 1 46 14 89 0 0 0 47 0 0 0 79 0 0 0 54 0 0 0 0 0 53 59 0 29 0 50 38 0 0 54 0 0 6 0 24 0 0 24 87 0 0 1 0 0 80 29 0 1 66 12 44 47 0 3 0 0 89 91 0 0 50 0 21 0 75 0 0 0 0 50 0 0 0 0 11 56 6 77 0 0 31 13 0 0 0 0 52 14 0 0 26 0 0 56 0 0 0 0 18 0 58 0 0 33 38 31 0 36 56 41 0 0 0 0 0 13 22 0 0 32 0 24 55 0 14 42 0 0 12 13 11 0 72 52 0 0 0 0 36 0 0 38 51 0 13 0 66 34 14 14 0 0 0 18 0 6 97 30 28 23 0 0 28 12 32 0
 35 0 0 0 47 57 35 0 58 29 0 41 0 73 0 0 0 72 51 36 81 0 18 77 0 0 0 5 0 0 43 0 0 6 28 0 19 0 18 0 15 50 9 58 15 37 9 0 40 0 0 6 0 58 0 0 0 0 0 2 0 32 33 0 0 69 41 31 8 71 0 0 16 38 0 0 0 0 9 11 0 0 80 30 92 0 53 0 26 0 29 18 24 0 40 0 0 20 0 40 16 27 0 0 0 0 1 11 0 58 0 0 7 23 21 0 69 18 0 0 14 28 0 18 34 0 0 1 23 4 0 24 91 62 22 31 68 0 5 0 0 62 0 0 20 14 69 62 0 87 0 37 78 0 0 9 23 0 22 0 0 50 76 33 0 3 16 0 42 28 55 0 0 1 87 25 0 25 49 23 38 0 0 58 2 0 23 92 42 0 0 30 0 42 0 0 71 0 0 0
 0 1 0 48 3 0 41 13 0 19 0 93 2 40 0 8 0 0 81 56 9 62 0 0 45 21 32 0 25 57 64 0 45 64 0 0 0 0 44 0 0 0 9 55 10 53 0 0 0 36 0 0 19 67 46 0 58 72 0 0 0 0 0 19 14 0 39 0 13 0 0 2 9 0 0 23 25 25 17 0 0 0 0 29 0 30 9 0 41 0 0 62 3 0 31 52 0 18 0 0 19 0 57 51 0 29 0 0 0 59 0 26 68 0 0 47 0 6 53 0 19 34 42 30 0 0 0 58 5 0 0 0 18 80 0 17 11 0 0 20 37 87 0 46 0 27 0 38 0 63 0 34 1 62 0 52 23 10 4 27 0 0 2 33 7 0 26 0 0 0 0 0 24 0 0 0 0 0 0 0 77 0 0 0 11 47 0 0 0 3 13 36 0 20 0 0 0 7 61 0
 77 0 21 54 12 13 0 8 41 37 0 0 48 28 57 49 0 0 58 28 0 61 3 0 49 0 0 24 0 65 0 61 13 0 0 24 53 43 0 0 54 25 0 0 0 0 0 0 0 32 0 32 0 0 8 48 0 0 14 0 27 0 0 0 33 5 0 0 25 0 0 30 0 0 24 0 0 0 28 0 28 41 0 13 0 89 11 25 50 0 17 0 0 35 0 0 8 0 0 32 0 23 0 28 56 0 74 0 22 0 0 36 4 0 0 34 0 0 0 7 0 38 0 59 82 4 0 0 51 27 0 40 0 70 2 0 22 18 59 34 0 65 7 9 0 0 0 0 0 0 20 29 0 53 61 0 3 43 0 77 29 0 48 0 0 29 40 0 0 0 54 0 0 0 0 62 3 0 0 40 0 46 0 0 49 44 0 51 0 10 49 0 63 0 0 0 0 0 0 0
 23 9 17 0 0 0 13 0 39 13 0 5 4 0 4 30 0 12 69 0 0 16 0 0 78 75 0 0 0 27 0 1 10 0 0 42 18 0 4 0 34 0 0 0 0 0 0 0 0 7 19 5 0 0 0 0 0 49 24 69 1 0 32 16 0 0 76 0 52 0 0 0 0 31 90 0 0 4 33 0 45 11 6 15 20 49 0 59 21 0 0 0 0 74 17 54 20 45 6 0 0 19 0 0 0 0 0 0 33 0 54 27 49 0 0 9 52 6 17 0 0 0 0 3 0 0 23 4 16 18 0 73 4 0 0 33 0 66 1 0 0 36 0 88 0 15 0 64 62 39 0 34 0 31 5 0 3 41 0 91 20 66 0 18 23 1 0 0 0 19 0 6 45 0 52 0 0 9 0 0 0 16 0 0 0 25 96 0 0 0 0 0 30 0 0 77 0 0 17 0
 0 72 0 0 0 0 0 0 0 32 0 0 0 0 45 0 62 36 46 31 65 40 0 19 26 36 0 0 10 19 47 3 56 18 0 0 0 0 8 27 0 2 0 0 0 16 69 0 26 0 36 0 0 0 7 27 0 0 0 19 17 0 0 37 0 55 52 0 29 0 31 0 0 0 81 34 0 0 34 10 13 20 0 0 0 7 0 0 0 58 0 64 0 0 0 0 0 0 33 0 23 0 0 22 56 0 78 0 7 0 59 12 42 16 10 93 0 0 20 38 36 0 0 30 15 0 63 1 0 0 32 0 0 0 0 55 0 0 41 33 2 38 5 0 63 54 0 0 0 0 21 0 3 24 0 51 0 0 0 29 44 0 0 0 0 14 19 36 75 31 0 0 0 40 0 50 22 0 75 0 0 41 0 0 0 0 78 0 41 27 37 0 55 0 29 81 56 40 86 39
 0 2 47 0 32 33 11 23 35 14 53 75 0 0 48 0 28 1 0 0 0 0 78 8 0 19 0 47 43 0 55 0 0 0 41 36 26 0 22 40 0 0 0 0 6 89 30 0 0 23 0 33 44 16 61 0 28 21 0 0 20 24 54 0 61 0 24 5 0 41 19 0 0 3 0 68 48 0 41 0 0 38 6 31 4 25 42 15 27 47 52 0 0 68 55 0 0 86 0 41 0 26 5 0 0 37 0 0 53 3 0 0 0 0 0 4 0 21 12 0 25 0 0 37 53 44 0 25 2 0 31 0 63 61 0 0 47 0 56 26 39 0 0 2 58 0 32 0 41 0 35 0 37 0 0 0 0 0 0 0 0 0 0 35 0 0 0 22 0 59 29 17 24 0 0 0 34 36 0 0 13 0 0 0 0 14 0 0 74 3 0 0 83 69 2 30 0 51 0 0
 2 0 0 0 0 0 0 49 0 51 0 97 0 60 0 0 44 3 0 0 0 0 90 2 0 0 0 0 26 0 0 0 73 57 13 0 0 6 0 78 0 48 0 26 0 0 52 0 0 73 0 0 4 0 19 0 3 0 12 24 23 63 41 0 0 0 3 2 28 0 0 27 0 0 10 26 0 21 52 0 0 0 50 21 0 34 0 30 25 0 0 36 18 0 0 0 10 0 73 10 0 24 54 18 59 9 0 0 0 0 34 69 14 14 28 21 3 95 0 0 6 49 45 0 0 0 10 0 83 0 21 15 0 74 59 0 0 0 0 15 9 0 0 0 49 29 21 0 0 80 0 0 73 13 27 0 0 0 0 0 0 0 0 59 25 0 97 0 63 0 0 53 55 0 0 0 0 0 0 0 0 24 11 0 0 38 50 0 0 67 0 66 0 24 3 2 23 0 21 78
 0 39 0 12 10 33 0 0 0 37 1 52 64 0 56 0 0 49 0 0 15 11 21 0 0 0 36 72 38 0 0 75 0 44 13 0 5 0 0 37 0 15 38 90 0 0 0 32 0 0 0 0 0 0 21 0 0 0 0 35 41 0 8 0 0 12 0 0 0 0 0 0 0 31 44 0 0 0 63 0 0 31 0 0 0 49 43 2 0 71 20 67 2 0 0 31 0 0 0 30 0 0 10 50 0 0 0 1 0 19 10 0 0 0 12 41 0 17 61 0 44 0 3 32 31 0 27 0 0 15 73 0 0 39 6 0 0 0 42 0 0 12 0 0 0 0 0 85 0 5 0 34 46 20 0 0 0 0 0 17 0 0 0 17 10 0 34 64 0 0 0 0 6 0 18 0 0 11 0 0 16 0 0 0 0 10 55 0 83 69 68 61 44 38 30 76 12 24 40 0
 0 0 0 0 0 0 0 0 68 2 31 0 25 58 55 1 0 0 15 0 38 0 54 43 63 52 0 14 4 15 9 0 50 12 0 48 38 5 0 0 0 83 0 0 0 0 16 37 0 0 14 5 0 0 34 0 0 0 0 0 77 16 0 42 4 0 37 3 55 0 0 2 35 4 58 0 0 41 0 12 0 0 41 42 9 0 27 0 7 0 0 16 0 54 58 0 0 22 0 15 41 0 0 70 0 30 36 0 0 0 16 49 0 20 0 26 0 0 0 0 0 0 40 16 0 15 0 35 21 9 6 0 0 18 12 0 3 0 73 0 66 30 0 18 20 0 54 69 0 0 15 0 0 66 0 45 0 22 0 0 28 47 55 0 0 57 72 0 10 0 0 0 0 30 0 0 29 50 5 20 30 0 0 0 15 0 0 4 0 0 0 0 13 0 58 8 23 31 55 15
 23 32 65 52 0 20 14 0 0 0 0 17 0 0 31 2 27 28 0 0 4 0 0 11 38 28 0 0 60 6 46 35 40 0 5 0 5 0 0 0 0 36 50 36 0 0 0 43 38 51 0 28 22 0 1 0 0 21 51 0 0 6 92 22 0 0 43 15 17 63 14 0 83 57 0 0 0 61 79 0 10 64 0 0 50 81 0 88 0 60 0 0 0 0 18 0 0 36 0 10 0 0 0 14 0 38 0 0 0 31 0 22 0 41 0 16 64 0 18 0 0 0 22 8 29 67 0 0 59 39 24 43 0 0 10 0 0 0 37 33 25 0 0 0 0 6 0 0 79 0 3 0 25 1 27 40 0 18 0 0 38 37 0 14 0 36 0 0 0 45 0 0 0 0 0 0 0 0 12 8 17 0 7 0 13 0 33 36 58 8 25 0 25 4 0 0 0 29 0 3
 0 0 0 0 44 46 0 0 0 29 56 47 40 0 0 24 45 0 0 0 57 0 19 0 3 82 76 0 50 0 23 21 13 0 0 0 0 0 0 25 0 54 14 0 0 0 17 0 32 0 0 0 38 6 2 0 0 0 0 0 0 0 58 0 45 76 26 30 26 8 37 47 0 0 0 40 8 0 41 72 0 0 0 43 43 43 0 0 0 0 0 0 2 0 0 0 34 0 83 0 40 11 43 0 0 74 2 12 23 0 15 33 0 0 0 1 0 49 24 0 0 41 0 74 0 2 74 13 0 1 0 56 43 36 11 4 0 0 10 0 54 8 19 77 0 0 0 10 0 0 0 0 50 7 34 13 12 0 0 57 37 0 0 0 0 35 0 24 0 45 0 27 0 0 3 41 33 17 6 15 0 0 0 17 0 52 79 36 0 15 0 59 9 0 19 30 10 0 0 0
 34 5 15 2 0 3 20 71 41 0 0 0 46 6 0 0 81 13 49 0 0 82 0 3 8 18 43 43 15 8 36 0 3 13 0 0 80 0 56 17 0 0 0 16 44 45 0 41 84 50 69 46 16 10 0 36 23 38 0 0 0 13 2 0 1 0 6 27 22 9 48 66 63 26 0 77 0 20 49 1 28 0 83 0 0 19 0 0 0 88 0 0 0 9 48 0 11 0 47 0 0 0 63 23 0 0 67 0 0 0 52 13 0 32 8 31 0 0 0 0 0 0 0 7 0 0 0 10 35 54 23 22 0 0 0 75 24 0 25 26 0 7 0 0 0 80 0 0 55 0 0 0 0 5 71 0 3 0 0 0 17 6 0 0 0 0 0 0 0 0 19 0 0 55 0 27 0 31 0 0 42 63 50 11 49 0 0 21 0 0 70 0 19 0 0 52 68 0 45 1
 21 14 1 36 14 0 36 31 0 0 0 0 0 50 0 31 0 77 0 0 48 19 2 42 42 0 26 74 35 66 56 0 37 21 0 0 0 75 1 0 23 32 20 0 0 37 78 0 18 28 47 14 34 42 67 90 0 0 51 33 0 4 0 0 0 0 34 0 0 0 23 0 29 0 49 0 0 0 0 66 33 72 0 0 0 0 21 62 0 0 28 68 34 73 0 8 0 0 0 24 36 52 42 9 0 0 72 47 19 91 0 0 61 18 0 0 0 42 78 0 0 18 34 15 9 52 0 71 0 10 0 35 23 0 35 61 5 0 70 0 0 1 69 0 0 9 16 0 0 65 20 0 44 21 39 51 0 0 7 44 21 12 31 0 0 0 0 3 0 15 32 0 10 0 0 0 83 0 9 0 3 77 87 3 0 0 85 54 0 70 0 0 78 0 0 95 45 0 52 0
 48 17 0 0 0 0 0 0 0 0 24 23 34 0 95 29 0 47 12 0 72 31 0 6 0 0 0 0 50 58 15 0 13 52 52 21 56 0 27 21 0 0 44 0 52 34 26 21 0 13 9 38 0 0 0 0 0 0 46 21 56 24 59 49 0 48 0 68 0 0 0 0 44 0 0 37 0 0 0 0 0 0 0 0 16 0 0 32 28 0 15 0 32 24 0 5 0 0 24 46 7 68 13 0 38 25 0 13 0 0 0 0 10 0 5 0 0 73 0 0 0 0 0 0 64 38 0 59 0 12 0 0 6 54 1 68 0 0 27 0 66 49 0 0 22 65 3 75 20 48 0 0 0 33 20 0 57 0 64 4 0 0 0 0 9 8 17 0 0 25 65 0 0 72 49 0 0 46 0 0 27 0 0 0 55 30 0 0 0 26 7 20 17 87 27 0 0 36 0 14
 0 51 18 64 0 0 0 0 8 0 29 58 18 7 23 8 36 15 17 93 34 21 4 0 0 0 51 0 0 14 7 43 39 0 0 33 0 0 43 0 24 0 56 3 65 0 0 21 33 26 0 0 0 0 0 0 0 0 71 70 0 31 13 0 0 0 53 72 44 45 0 6 60 38 5 0 2 16 25 0 6 1 0 0 9 5 32 74 0 0 18 19 1 0 35 50 38 0 0 54 11 30 0 0 21 22 0 0 24 0 0 62 43 0 0 0 78 24 3 64 0 0 0 22 70 0 43 0 0 27 0 0 31 0 0 13 31 56 22 24 0 2 0 21 19 68 0 0 0 0 2 0 63 83 0 4 0 0 18 62 0 0 27 0 0 0 0 11 8 48 0 0 0 26 71 0 0 72 0 26 42 65 25 55 0 48 21 49 0 0 0 0 0 20 5 25 8 67 6 0
 0 64 0 0 77 0 0 58 79 0 35 38 0 0 0 0 99 0 0 0 97 12 44 0 0 5 58 0 0 0 83 36 0 0 0 20 0 0 0 0 0 0 0 0 0 7 0 0 16 50 0 19 40 0 12 14 0 0 3 0 0 0 0 0 11 0 0 0 0 0 55 51 17 24 18 0 0 0 0 18 0 44 5 77 15 58 28 27 0 26 0 0 0 0 0 0 31 16 40 28 0 46 49 2 59 0 74 50 0 0 0 0 24 42 0 4 37 0 33 48 0 0 0 0 63 0 45 67 17 0 69 19 24 0 0 13 0 0 69 74 84 0 27 8 0 0 0 0 44 37 0 21 44 11 29 0 0 5 0 0 0 49 21 0 79 0 0 82 30 51 0 11 0 30 0 34 57 23 62 5 26 9 0 18 0 0 0 0 48 0 0 0 50 0 52 0 0 46 68 0
 0 0 11 0 0 34 0 0 0 0 59 17 0 58 22 65 0 0 0 0 0 71 0 46 52 52 0 88 5 0 26 39 0 0 41 0 0 0 27 0 0 0 40 39 0 0 0 29 68 0 0 0 0 0 0 86 0 0 40 0 68 0 0 0 8 0 0 72 36 91 67 0 0 0 17 0 0 0 0 0 7 52 18 0 40 0 0 0 6 0 0 75 2 32 0 53 11 71 8 0 22 0 0 55 0 26 17 0 0 27 0 14 0 100 0 0 0 0 0 0 0 31 0 5 0 0 65 17 41 9 49 0 0 49 22 76 7 0 0 31 0 0 26 55 50 13 0 70 65 0 32 0 0 64 54 16 0 0 0 0 0 34 52 7 46 0 13 0 0 0 0 83 0 59 19 0 0 0 0 45 1 43 0 0 4 0 0 0 0 0 2 0 0 0 26 0 0 0 5 0
 27 0 6 0 22 0 0 0 59 75 0 0 0 0 55 0 31 0 26 0 0 10 8 30 2 35 0 0 4 0 91 65 0 0 0 78 0 0 31 0 0 0 0 0 19 0 0 0 0 75 20 0 19 0 31 0 0 29 15 0 0 15 0 1 23 36 11 0 48 4 21 34 19 0 14 0 2 26 0 0 0 0 78 0 25 0 0 0 0 27 0 14 47 37 21 16 46 4 0 0 0 0 0 0 36 48 13 0 42 0 0 0 0 0 14 0 2 0 0 0 0 44 59 14 0 40 0 0 0 0 0 3 0 25 69 12 0 11 0 0 13 0 81 43 0 8 93 8 0 33 0 45 0 23 21 49 36 13 0 7 0 0 0 99 0 70 52 0 25 0 0 8 0 53 0 0 0 29 12 0 0 0 61 0 0 54 0 20 0 0 52 23 11 0 0 46 61 35 0 0
 0 0 0 18 50 0 24 12 0 0 0 0 1 0 0 9 0 0 0 27 73 0 0 91 0 21 13 0 0 0 24 0 0 69 0 50 56 0 7 33 0 30 0 0 0 3 0 0 0 10 0 0 0 65 28 0 63 0 0 0 42 9 21 7 8 0 0 4 12 52 0 9 0 52 0 30 0 0 10 0 24 0 0 0 11 21 0 12 31 0 0 43 62 0 0 8 68 4 0 0 0 0 2 47 37 49 15 56 0 0 17 61 63 65 60 3 7 67 14 1 0 52 0 22 6 0 20 0 0 23 0 31 30 39 50 0 0 12 0 44 0 7 0 8 0 0 0 0 0 32 45 24 0 0 0 0 0 7 5 0 86 17 44 29 3 95 0 8 0 0 0 40 53 44 80 0 14 0 9 0 38 8 0 76 0 69 1 3 0 0 0 6 0 81 14 21 61 0 27 26
 7 0 0 0 25 56 0 0 0 0 0 4 27 0 0 0 0 0 13 16 29 0 0 36 88 8 0 0 0 0 26 21 13 0 21 0 0 67 7 7 0 25 48 0 0 4 4 68 21 92 0 0 68 0 0 20 29 45 0 47 66 0 20 0 10 0 0 11 0 19 14 56 7 0 0 0 45 0 0 68 0 33 73 15 0 36 0 0 0 0 36 60 0 55 0 0 0 9 56 0 0 48 34 0 0 0 21 0 0 28 25 51 45 0 0 13 0 0 0 0 0 0 23 0 27 9 16 87 0 22 0 0 0 0 67 52 0 24 26 44 0 0 93 0 4 0 0 0 0 2 49 27 10 74 20 50 0 0 0 47 0 0 0 0 0 65 5 22 1 39 1 0 42 8 0 2 0 0 0 31 0 10 0 0 1 0 40 0 0 17 0 0 17 48 0 75 0 10 0 55
 0 1 0 0 3 9 0 13 0 0 0 14 21 0 0 0 0 63 65 58 0 0 0 0 0 68 0 33 0 13 46 74 0 82 0 0 95 33 42 17 0 32 29 4 0 30 7 0 51 24 0 71 0 0 0 0 2 0 0 0 0 27 49 0 54 0 34 75 28 0 0 0 15 0 39 0 0 0 0 5 90 0 0 23 0 57 0 45 0 0 0 0 28 0 0 55 0 0 0 19 0 0 31 9 44 0 0 37 19 0 16 0 0 19 4 30 1 0 54 14 0 35 0 0 0 0 0 55 0 59 4 27 0 0 0 13 0 0 0 35 0 26 1 0 9 0 7 82 0 0 0 0 0 0 34 0 0 0 1 0 0 0 19 0 0 0 13 0 15 0 52 68 0 55 3 7 85 45 56 0 0 0 33 0 0 20 13 0 0 0 0 0 90 0 0 0 7 0 57 0
 11 0 19 8 0 4 0 52 0 19 42 93 0 40 13 0 0 0 35 0 0 51 77 0 26 3 14 40 0 0 0 13 13 0 0 0 57 0 0 0 0 47 59 0 0 43 57 0 36 0 74 0 55 21 0 0 0 40 0 0 54 22 68 0 0 21 13 12 12 0 0 39 0 90 18 0 21 36 31 60 11 0 0 55 11 0 0 3 1 7 0 0 0 0 11 0 0 0 17 14 0 0 0 15 8 0 7 0 65 0 0 23 0 18 0 15 0 0 0 4 0 20 0 16 0 0 0 0 78 46 0 0 0 0 0 42 6 0 0 0 0 0 0 87 0 0 0 0 0 39 20 8 0 50 0 0 37 75 0 0 0 0 0 13 63 0 0 17 0 0 24 0 5 14 0 0 0 28 0 70 46 0 32 0 26 0 12 0 0 0 40 14 30 0 21 0 37 0 0 19
 41 0 0 0 16 0 1 0 55 55 0 6 0 0 32 1 0 0 45 0 58 0 45 1 69 0 0 17 24 0 23 44 0 1 0 0 50 29 0 3 0 12 10 0 0 33 0 0 0 0 0 0 90 40 0 0 0 0 32 0 0 35 70 0 3 33 63 59 0 54 0 46 0 0 0 34 40 0 0 6 5 80 0 18 48 0 0 0 17 0 64 0 0 0 0 27 42 10 64 85 74 67 0 6 0 0 0 0 13 27 0 25 0 18 0 37 42 0 1 3 15 96 0 0 0 42 0 95 35 22 69 0 0 47 3 79 23 0 0 0 12 17 22 0 90 17 23 0 15 76 43 51 0 0 64 0 0 0 13 0 0 83 79 0 0 0 10 13 0 0 0 0 89 9 15 0 19 0 26 0 0 0 0 0 0 0 0 0 19 0 12 35 52 0 58 0 0 17 0 0
 0 0 0 87 59 51 0 10 25 0 0 0 0 0 0 0 0 0 0 85 31 0 0 9 24 13 91 0 88 0 0 35 51 20 0 71 0 0 0 0 0 32 0 0 51 0 0 0 13 65 30 0 47 32 0 94 0 20 21 0 55 6 0 12 9 0 0 0 32 0 0 11 13 0 0 0 0 48 0 0 0 27 0 57 0 2 38 50 0 15 30 0 5 0 58 30 0 0 67 0 38 55 32 7 21 18 11 0 66 0 29 0 0 20 0 22 11 41 0 74 5 50 0 6 0 0 0 29 0 9 41 0 0 5 0 0 0 0 21 9 0 16 0 23 26 0 0 0 71 0 4 0 0 65 0 0 83 0 33 0 0 56 20 4 0 8 0 48 0 23 9 0 0 0 49 24 29 0 24 35 0 0 8 19 0 0 2 0 0 0 89 17 80 0 72 0 29 0 0 0
 0 0 74 1 7 3 0 0 0 0 27 28 37 0 0 70 0 0 0 0 79 43 17 23 83 0 50 21 12 54 0 71 16 16 70 0 0 0 20 48 6 20 88 0 54 19 0 0 9 43 12 65 19 1 32 40 58 55 0 73 40 44 37 0 10 0 0 50 0 0 0 3 82 0 0 0 70 57 1 0 0 19 0 0 82 15 24 0 0 0 27 0 44 38 0 82 33 0 0 0 40 43 0 0 11 32 59 0 0 0 38 0 0 0 6 0 0 0 44 0 13 76 47 41 46 0 0 0 0 0 0 56 0 0 46 38 11 53 16 0 0 88 0 0 0 44 0 0 7 0 0 7 5 3 0 63 0 0 0 17 39 0 29 0 33 0 0 50 0 98 41 62 88 10 0 0 7 0 33 66 0 29 0 25 57 33 0 95 0 58 53 0 26 12 26 0 0 0 0 57
 0 11 0 0 23 0 0 27 36 0 0 2 60 0 0 0 0 0 0 0 0 0 0 0 0 0 27 0 1 8 32 0 0 92 0 0 0 16 48 0 51 0 97 0 0 0 19 0 11 36 27 0 0 55 2 3 66 11 13 0 0 74 0 45 0 20 13 0 30 72 78 13 0 0 0 0 48 0 4 5 0 28 26 0 0 35 0 0 49 63 0 72 25 0 0 12 0 1 0 0 22 23 7 0 0 19 46 0 0 0 91 0 69 0 0 11 83 0 11 7 0 0 72 52 20 40 23 21 2 0 46 15 0 23 0 35 0 0 0 0 7 8 0 7 0 73 0 0 30 0 95 0 0 0 0 33 0 0 0 62 27 6 38 0 0 5 27 66 38 38 11 3 11 7 0 0 17 0 0 2 87 0 6 7 0 73 84 53 58 10 0 0 2 0 64 0 0 12 0 0
 0 0 5 0 0 14 50 0 0 0 57 12 0 25 0 0 93 44 11 0 0 0 0 62 0 0 0 0 0 0 11 28 0 9 0 0 8 0 31 0 0 0 25 94 27 23 92 0 5 24 0 25 28 0 0 0 0 0 0 0 0 38 21 0 0 0 37 0 2 0 0 33 21 43 29 0 0 0 23 46 36 70 0 28 0 0 0 39 81 0 33 0 71 43 0 69 0 0 8 0 31 40 0 22 0 0 34 14 26 21 0 0 0 0 0 21 0 14 14 0 44 0 51 0 22 0 47 0 5 35 0 0 0 25 33 32 25 33 0 26 29 7 17 8 1 71 0 49 0 7 0 51 14 0 44 6 44 48 15 0 72 26 72 0 0 48 0 21 26 0 0 0 0 0 0 53 0 14 35 31 13 0 14 0 50 71 28 0 0 0 41 0 55 12 0 0 31 0 0 0
 33 0 0 0 54 25 0 0 0 0 21 0 64 0 0 0 0 0 0 0 6 20 4 16 0 19 0 36 0 0 38 71 1 0 66 0 37 46 77 24 58 27 53 55 0 95 50 72 54 0 0 0 0 0 0 20 3 0 0 0 0 0 16 64 17 0 3 0 1 0 54 60 0 0 66 19 15 0 0 25 71 0 58 0 0 40 43 41 0 18 0 0 84 0 9 30 0 0 0 11 0 0 0 8 29 50 42 57 28 84 60 0 21 46 17 59 58 0 0 50 0 4 42 18 80 21 0 0 0 0 43 0 58 5 30 0 0 0 0 13 0 0 0 61 0 0 0 24 18 87 0 9 0 72 0 0 50 0 0 0 77 0 0 22 33 0 0 0 0 0 0 0 18 1 0 0 0 0 4 21 14 0 0 52 23 23 10 0 0 29 20 0 41 0 0 0 79 27 38 28
 0 16 9 0 0 0 0 44 65 0 10 0 0 0 16 22 0 0 0 10 0 80 0 0 63 0 34 0 0 0 0 0 8 54 0 0 0 25 40 49 0 93 0 0 0 0 0 20 36 68 37 0 0 35 18 95 0 80 0 0 0 0 10 0 1 0 88 0 0 51 40 52 0 37 39 2 1 1 0 35 17 0 0 32 0 77 34 50 0 63 30 0 24 21 2 18 0 0 0 80 0 0 0 0 0 0 17 0 42 84 0 46 11 0 6 44 0 0 0 10 0 0 0 0 0 9 53 1 0 0 0 0 0 48 0 0 52 0 0 98 30 0 5 0 0 0 2 12 11 10 0 32 56 0 0 0 0 5 0 28 0 10 0 36 62 0 0 0 24 28 0 0 0 0 62 0 0 2 0 2 86 69 0 21 72 0 52 0 15 30 2 0 2 12 0 68 10 0 35 0
 16 0 0 0 0 0 15 15 13 15 0 0 0 21 0 91 18 48 0 5 9 0 29 10 0 58 63 31 11 0 26 60 0 45 37 0 0 0 53 0 2 6 90 0 9 32 12 0 23 0 26 0 62 0 0 11 62 0 0 0 25 55 0 0 58 0 82 0 0 42 85 0 0 14 0 48 20 21 50 0 0 0 22 0 31 33 71 46 4 0 0 92 0 15 0 16 9 51 0 6 0 0 61 68 9 24 51 0 7 0 30 0 30 72 78 26 6 39 19 0 0 0 0 24 20 32 59 0 2 19 16 48 0 38 6 16 0 6 16 0 0 0 19 0 56 0 0 8 0 0 36 46 1 0 0 70 0 0 69 0 0 6 0 0 61 29 0 75 48 19 0 22 72 33 8 1 0 0 0 3 0 69 56 0 0 27 0 11 45 0 0 41 0 0 0 0 0 58 0 0
 37 0 17 60 0 2 40 0 0 35 0 18 56 0 0 61 6 89 0 0 0 3 0 0 18 52 33 18 0 26 94 24 71 51 24 79 0 0 0 52 0 51 0 0 31 0 0 15 0 0 0 52 0 0 27 0 0 19 0 0 0 9 47 0 20 10 63 0 45 0 31 52 0 0 11 0 31 0 24 74 0 13 30 0 35 0 65 65 53 0 0 53 51 11 0 24 0 5 0 0 0 0 26 43 49 96 37 0 0 0 30 0 0 45 71 0 22 41 0 45 0 0 0 0 66 0 0 0 0 73 0 44 0 49 0 21 22 0 0 0 66 0 60 34 0 0 0 5 55 0 64 82 21 79 0 97 0 26 52 76 0 0 0 0 0 0 0 0 44 0 0 0 41 9 75 22 20 9 20 7 0 18 11 0 10 0 4 0 0 5 0 4 0 0 0 21 21 0 0 2
 0 59 46 7 0 0 20 0 0 28 0 6 0 0 0 46 0 10 0 53 68 13 2 0 65 0 0 0 43 12 22 0 0 29 48 24 63 0 0 0 32 44 0 9 25 36 17 33 2 45 4 15 10 0 0 0 0 0 44 0 11 0 24 0 42 0 0 0 0 56 31 0 0 91 0 0 78 0 48 46 21 0 63 85 40 0 0 68 15 34 33 0 0 0 2 2 0 8 0 1 10 0 0 0 62 0 0 66 0 0 9 11 0 2 0 35 6 70 34 18 0 14 0 30 29 0 0 0 22 11 41 75 0 7 0 0 0 0 0 0 13 64 0 0 80 5 47 84 5 0 31 93 76 0 0 67 93 86 0 16 15 48 0 0 0 0 0 0 16 0 62 0 24 39 0 14 0 0 0 0 45 9 0 0 0 0 0 31 11 26 5 44 0 67 30 76 48 0 0 37
 0 37 13 82 32 1 74 0 87 5 30 0 12 0 45 72 12 0 5 30 30 4 19 71 0 0 45 0 38 50 0 84 0 0 56 7 75 19 0 52 0 30 47 0 0 38 0 0 0 13 73 0 80 0 0 6 62 0 0 0 18 49 50 35 64 65 27 40 0 0 8 62 0 39 0 0 0 15 4 7 46 59 0 0 0 0 0 0 0 10 0 0 37 0 62 27 22 0 0 0 33 27 54 0 0 10 39 0 0 0 57 0 0 2 0 67 32 0 84 0 34 0 34 2 26 68 0 61 0 49 0 0 27 38 53 0 0 0 0 0 22 0 0 27 0 0 0 0 46 17 0 2 0 0 0 36 14 9 0 0 11 0 0 0 5 0 0 18 50 0 66 0 18 80 16 0 46 0 0 8 0 35 62 31 0 0 37 0 44 0 0 0 0 58 62 50 43 13 56 39
 0 6 0 0 47 0 0 12 0 0 0 14 26 3 17 42 0 0 0 0 9 0 0 0 0 0 45 0 28 0 0 0 0 0 0 51 1 98 42 9 25 0 72 30 13 0 69 0 34 0 57 18 0 0 15 0 0 4 19 72 0 0 39 17 11 73 0 0 0 0 0 23 0 0 0 32 8 37 0 0 0 31 0 0 14 5 0 0 60 31 4 0 0 36 0 0 0 71 0 0 0 12 0 0 59 0 0 0 55 0 3 0 62 0 0 86 36 0 49 21 39 20 0 29 30 0 23 22 0 0 7 0 0 27 0 0 79 0 63 0 0 0 0 0 0 0 0 0 0 0 0 0 0 0 6 0 0 0 14 0 0 4 61 1 0 0 0 20 82 0 3 0 0 6 0 0 21 0 64 5 25 2 13 12 0 0 0 46 0 49 1 71 0 0 72 32 0 0 26 46
 0 0 41 0 73 48 76 10 25 0 0 0 0 15 56 0 0 28 0 4 44 4 24 0 0 0 43 0 21 0 19 12 0 0 1 0 3 0 0 78 0 60 11 3 0 0 0 0 0 0 14 11 0 24 0 89 92 36 0 1 76 42 0 33 12 0 49 0 0 20 15 17 0 0 60 0 0 57 0 0 62 0 13 64 0 0 0 0 0 60 58 59 0 55 0 0 0 0 9 0 0 23 2 0 0 0 0 57 0 71 88 58 29 63 22 0 66 27 0 18 80 0 0 0 0 8 4 24 0 0 0 8 0 86 69 86 0 0 0 33 0 0 12 0 0 40 0 17 51 11 0 0 50 35 0 0 24 0 0 3 0 0 12 56 0 0 0 81 0 47 0 0 0 7 0 0 0 13 50 0 81 7 47 0 0 34 35 0 49 0 59 0 16 0 71 19 0 43 80 48
 89 0 63 23 0 0 10 0 0 25 1 45 0 66 2 84 8 0 52 0 66 22 33 48 7 40 5 30 55 0 0 11 0 36 0 10 0 64 0 39 77 18 0 25 0 9 65 1 0 0 0 35 0 51 7 56 39 0 0 3 0 0 0 0 0 0 0 62 3 0 7 0 8 1 16 9 56 0 0 0 45 27 0 0 45 0 35 0 1 71 7 0 0 7 39 53 75 19 0 0 0 44 18 0 0 28 13 38 39 45 24 0 13 56 0 26 36 40 7 7 66 0 0 0 0 43 0 0 0 0 1 73 74 0 0 0 10 0 0 0 96 35 40 0 87 0 35 24 24 77 39 57 8 0 0 45 30 0 14 25 62 18 43 0 37 0 11 0 0 29 61 0 10 0 0 0 0 36 0 0 49 3 0 0 7 73 58 0 17 0 0 0 20 0 0 0 0 23 0 0
 67 0 0 6 27 0 81 0 48 0 63 0 0 0 0 0 63 0 4 23 69 9 61 0 0 0 0 0 0 0 36 59 0 0 0 0 0 0 25 0 0 57 15 23 8 0 15 0 15 0 0 7 0 0 0 0 0 0 0 72 0 57 0 0 21 36 85 19 0 0 0 0 29 0 40 0 0 0 0 0 14 0 31 0 59 3 82 17 0 24 25 0 0 57 0 0 12 0 0 28 24 36 38 27 14 13 0 0 0 21 0 36 41 1 27 0 0 58 64 0 0 30 42 0 1 0 0 0 37 0 24 0 0 31 0 29 33 0 9 24 53 0 56 0 9 0 34 0 44 0 5 0 35 9 45 0 0 26 77 0 62 0 37 18 0 0 0 0 6 14 3 0 0 0 0 27 0 5 0 69 7 0 0 0 0 0 0 21 0 21 0 0 35 88 0 13 39 0 0 42
 28 50 0 0 51 0 0 3 22 84 14 58 0 46 0 0 19 0 0 0 1 0 10 52 0 0 0 0 16 0 0 0 0 28 0 26 17 0 0 0 28 0 75 0 0 15 6 0 23 0 25 8 62 31 0 0 0 32 57 15 0 0 0 0 0 91 29 0 0 9 53 32 65 0 12 0 9 0 4 0 13 0 0 0 0 0 0 3 0 3 0 39 0 0 62 47 0 0 47 70 12 0 19 4 0 7 16 0 0 26 81 0 0 56 0 6 0 0 29 0 0 59 18 28 0 0 0 0 19 23 2 17 0 35 0 3 0 14 7 0 0 0 0 24 81 58 2 0 0 0 0 0 40 45 0 0 29 0 0 0 45 14 0 0 0 0 27 0 0 0 40 48 0 0 66 15 33 0 64 0 55 77 0 0 0 0 0 0 63 0 36 0 75 53 0 0 37 0 0 0
 0 59 0 0 21 0 0 32 26 69 2 0 0 20 0 1 0 25 14 0 12 0 17 46 91 0 63 18 8 3 17 0 0 31 62 17 0 17 0 0 0 0 29 82 67 7 94 57 0 49 0 0 0 0 58 8 12 0 50 1 6 19 77 0 70 70 0 0 0 22 0 19 0 0 38 0 50 0 23 60 61 61 0 0 0 0 46 0 15 0 0 0 0 19 0 35 25 73 0 0 0 0 31 1 0 28 0 0 59 40 0 18 36 0 0 33 0 0 0 48 0 0 6 35 0 69 0 26 82 0 0 0 0 67 44 0 0 0 0 0 0 35 0 28 0 73 41 0 0 10 30 57 39 0 3 14 19 0 24 0 0 0 0 34 0 47 51 0 0 0 14 0 17 70 0 52 19 41 24 0 28 0 0 11 0 1 28 87 0 22 16 72 87 0 0 0 0 0 20 0
 0 0 31 0 0 0 0 11 15 46 0 20 64 23 21 42 0 27 0 0 0 9 0 12 23 13 0 51 0 0 8 0 58 18 0 0 0 10 0 6 65 0 45 0 24 0 2 28 0 31 5 0 20 2 20 0 0 0 0 0 6 0 0 0 23 47 0 18 49 54 70 0 69 5 0 41 7 0 0 9 57 0 0 23 0 0 0 0 49 0 30 0 0 0 50 6 60 0 0 0 17 0 55 4 0 10 0 9 0 0 0 0 39 27 0 0 49 0 31 11 45 0 0 18 0 0 7 0 0 0 15 0 10 63 0 0 0 74 0 0 40 33 41 37 0 0 0 2 0 0 0 12 0 0 0 0 72 0 34 0 21 6 1 61 13 7 14 2 29 0 48 8 0 49 34 0 22 0 0 24 0 50 0 27 0 75 9 69 7 9 0 0 7 35 50 62 0 0 0 0
 6 0 0 80 35 0 0 49 41 0 0 22 17 4 33 7 0 0 0 38 0 12 16 0 0 0 0 0 16 0 22 0 0 46 0 16 0 0 75 74 0 39 0 0 5 1 10 0 0 0 0 0 74 0 0 39 6 0 0 0 16 13 28 19 30 0 0 0 29 35 0 45 1 30 11 0 0 0 37 75 0 27 53 0 64 31 0 0 6 17 39 42 0 0 23 20 1 0 0 0 41 0 0 0 64 41 0 0 34 25 0 28 7 0 0 0 5 0 0 0 0 0 29 9 15 0 0 13 34 28 0 70 36 38 21 47 0 0 0 67 0 39 57 42 38 7 0 23 0 16 48 15 49 0 0 3 0 1 0 2 0 15 41 0 30 0 21 71 80 71 0 0 0 8 75 0 0 74 31 0 44 0 17 51 46 11 0 34 17 0 60 0 30 0 70 0 56 0 0 3
 0 0 63 0 83 0 12 31 48 0 0 0 38 0 14 0 1 0 0 43 26 56 20 53 0 0 0 43 24 1 0 0 0 8 0 7 0 17 0 65 0 0 0 0 0 0 40 25 0 49 24 32 0 55 26 0 68 0 9 25 0 0 0 27 0 13 0 19 26 0 50 0 0 3 0 2 0 0 0 0 47 0 0 0 0 29 31 0 0 7 43 0 0 91 0 10 0 0 0 0 73 87 0 61 0 0 0 45 0 0 29 0 0 19 1 56 29 42 25 0 0 1 5 0 19 13 0 24 43 0 50 0 0 49 3 0 0 8 0 0 24 9 0 0 0 0 0 0 34 74 4 0 28 40 0 0 61 26 3 0 0 0 27 4 0 0 0 38 18 0 0 0 0 0 22 0 0 0 0 53 0 0 0 35 19 0 2 0 0 0 0 0 0 69 8 0 0 0 0 0
 32 17 20 0 32 3 59 86 37 21 54 20 0 0 0 75 0 29 0 0 7 0 33 25 0 30 62 3 33 50 45 44 0 0 4 0 0 11 5 13 0 6 37 0 0 20 0 94 0 0 7 5 44 53 0 0 56 36 65 0 19 0 0 12 0 17 0 52 82 0 1 73 40 53 0 5 10 5 0 0 0 9 0 26 10 0 0 0 0 0 5 66 0 0 92 6 63 64 14 9 0 13 1 0 81 2 9 7 0 23 30 0 27 54 6 39 66 41 27 28 20 9 0 0 33 0 0 0 55 37 0 0 71 0 0 0 0 0 0 29 0 36 3 0 0 0 0 0 7 22 20 94 57 36 8 0 58 0 61 0 0 0 0 0 0 0 53 0 0 0 0 16 37 0 54 61 42 0 57 0 73 0 0 10 51 0 36 0 0 9 0 0 0 0 73 0 33 21 24 75
 10 80 2 6 0 0 72 38 81 0 45 3 2 53 0 0 0 0 85 0 0 0 20 56 0 0 0 64 0 0 0 0 0 0 0 78 0 39 0 30 1 0 0 1 12 16 61 51 58 0 0 20 13 0 3 68 0 0 0 50 38 11 0 10 0 63 11 4 1 41 1 0 0 0 66 63 0 0 28 0 0 7 0 0 0 25 0 73 6 18 98 0 0 58 0 0 0 36 0 0 13 25 41 0 0 4 45 6 11 41 0 61 40 0 18 49 0 36 62 0 31 2 0 0 0 12 32 0 0 12 28 0 0 0 29 83 0 0 1 0 0 15 0 0 0 0 0 39 2 1 0 0 0 0 0 57 38 26 67 28 0 0 48 64 11 0 0 0 16 0 33 2 1 46 0 18 0 0 28 0 26 0 0 0 35 0 18 0 39 17 9 69 16 33 15 24 0 17 62 0
 48 14 56 0 24 23 0 0 0 27 0 0 13 5 0 47 0 0 0 0 0 91 0 0 0 0 91 35 0 0 0 0 6 0 64 20 0 0 90 8 32 15 89 0 0 12 0 5 59 59 39 0 12 0 59 0 0 5 0 5 71 8 0 0 18 0 31 0 2 1 0 0 70 40 0 53 68 64 8 0 0 20 0 37 29 63 0 55 0 11 24 48 56 0 0 68 0 86 0 0 0 0 0 0 0 0 0 6 64 0 64 0 0 61 0 79 87 18 0 16 0 0 0 39 0 23 0 40 57 14 8 0 0 34 38 15 0 63 9 11 5 23 0 11 10 64 77 13 0 39 0 0 0 23 8 0 0 0 42 0 6 48 0 0 34 34 11 72 0 0 24 0 0 41 55 0 0 24 0 0 0 0 86 0 0 0 0 0 0 50 18 0 56 22 0 0 31 0 8 0
 5 0 74 19 37 51 66 79 0 0 38 45 42 0 12 23 0 0 0 46 51 24 0 5 68 66 0 34 0 0 0 16 30 0 0 22 0 0 0 0 28 4 0 18 0 48 0 0 17 0 98 16 1 0 0 0 42 15 58 20 0 2 37 74 71 0 0 0 0 76 0 35 14 0 0 16 48 72 70 0 37 48 0 66 34 8 0 38 0 73 4 0 68 0 0 0 5 1 31 56 0 16 0 43 0 18 0 52 39 14 16 0 0 0 2 0 0 0 0 0 55 0 0 21 13 29 77 5 30 0 42 0 50 0 42 40 31 86 0 0 0 0 0 40 0 0 0 36 0 0 0 80 13 17 5 0 59 15 0 39 5 25 0 71 25 64 0 55 0 49 7 0 0 32 0 8 0 46 0 30 0 0 0 0 16 0 0 0 0 18 0 30 25 28 0 0 34 51 71 0
 0 0 29 0 40 0 24 0 0 29 0 61 39 0 0 34 0 0 0 36 0 45 36 0 74 0 47 26 3 0 47 0 26 33 36 0 0 46 0 0 0 0 0 65 11 25 0 0 0 13 0 37 3 0 38 0 0 21 15 4 66 58 0 50 2 0 41 86 98 0 83 14 0 29 46 18 21 77 19 34 0 0 51 61 20 0 54 6 0 0 0 0 0 2 77 28 0 44 33 0 0 0 0 0 0 27 0 22 0 0 12 55 0 13 0 0 0 0 39 93 0 0 24 0 0 24 36 11 0 41 69 0 54 52 0 39 1 44 0 35 42 14 0 0 62 62 8 0 49 91 2 0 80 0 0 0 0 0 0 0 0 0 0 10 0 0 36 0 0 10 3 50 0 57 17 0 0 0 0 8 5 0 0 5 50 58 71 0 15 0 44 0 28 17 91 0 71 23 0 89
 11 13 0 0 27 37 0 55 34 41 0 0 32 48 0 0 0 0 34 1 0 47 0 15 0 13 0 0 0 0 8 0 11 45 0 5 0 0 69 31 10 7 0 79 0 0 31 0 0 0 0 0 76 0 1 0 54 14 0 57 0 0 14 0 0 13 0 0 45 0 0 0 0 0 0 0 0 0 2 0 0 0 51 0 0 6 0 0 17 0 0 0 0 0 39 0 0 0 0 11 0 10 2 21 49 27 0 0 11 22 39 0 70 0 0 0 86 46 0 0 5 73 0 0 0 0 0 75 0 15 0 0 10 28 0 0 26 0 60 0 25 20 0 0 35 0 0 84 9 40 20 51 85 56 0 0 0 3 64 23 28 0 2 0 0 62 43 0 0 7 0 55 0 25 0 0 26 0 0 25 0 0 0 0 0 2 12 50 0 0 0 53 1 37 0 76 0 8 38 62
 12 61 0 36 17 0 0 10 48 72 0 30 57 55 28 0 0 0 13 83 16 9 4 0 50 69 0 0 0 0 0 18 39 0 10 48 30 0 5 0 0 16 0 66 0 5 0 0 53 8 9 57 48 14 0 20 0 0 42 51 0 38 0 0 0 43 0 35 42 0 25 0 0 0 31 3 0 0 5 0 0 0 0 45 0 43 0 0 53 0 0 0 27 28 0 0 0 0 24 38 66 0 47 10 45 0 0 23 0 63 3 40 37 0 38 19 0 0 81 0 0 0 0 58 0 0 0 2 26 0 0 0 66 0 0 33 26 8 0 0 0 16 0 3 0 0 16 0 0 0 0 3 88 67 76 0 0 0 26 41 50 0 0 0 61 0 20 0 0 5 0 43 0 0 0 26 0 0 20 5 15 57 12 31 0 7 0 21 0 0 0 0 13 2 58 0 26 6 67 0
 9 0 20 0 0 0 0 0 5 0 0 0 0 0 0 0 10 0 66 8 0 36 0 0 6 25 35 6 29 0 0 41 9 0 33 0 44 20 0 8 0 90 44 0 0 12 0 35 0 0 72 0 0 47 51 0 0 67 29 14 0 0 0 43 78 0 0 0 0 0 0 5 0 0 0 3 49 0 29 33 29 3 46 65 0 0 0 0 45 80 51 6 0 16 0 7 0 36 68 0 0 0 0 19 51 0 27 0 0 43 18 73 0 0 10 0 14 41 0 69 0 0 30 80 0 85 17 0 34 2 0 31 0 8 11 0 0 0 0 35 35 32 0 0 0 2 0 0 23 86 0 9 0 0 0 33 0 36 34 87 0 13 0 75 0 0 47 9 75 0 16 26 0 82 0 0 0 7 27 52 13 76 5 0 0 0 0 0 42 12 13 0 50 0 42 0 42 0 30 0
 0 0 0 0 0 8 33 0 73 0 43 49 57 52 16 63 0 0 36 62 0 0 19 4 0 74 32 9 0 0 0 2 0 0 0 17 18 0 57 0 0 0 5 0 23 0 57 29 0 24 1 58 48 0 40 97 22 0 0 61 10 0 31 38 12 13 0 0 0 0 1 37 89 0 75 44 0 0 0 20 0 55 0 0 0 57 0 0 0 0 0 54 0 0 59 0 16 0 0 0 11 13 0 0 0 0 0 0 0 44 53 66 6 0 41 0 0 0 0 0 0 0 0 0 26 14 0 34 0 11 0 18 0 0 0 0 0 37 0 1 8 0 15 28 26 0 45 6 42 56 0 0 21 0 0 0 46 27 0 0 13 52 0 83 0 0 0 40 79 0 3 13 59 40 40 13 21 14 66 0 0 72 0 0 21 0 0 11 58 0 71 0 0 4 44 0 25 34 0 38
 17 0 26 0 0 50 0 27 66 4 0 0 9 15 52 82 0 32 96 13 46 8 76 0 0 0 32 35 53 0 0 28 0 62 0 61 33 0 7 0 0 9 70 0 13 0 0 0 57 18 0 51 0 23 22 0 11 23 0 0 0 0 0 0 0 0 30 0 0 3 2 0 26 2 42 5 0 0 85 67 23 0 40 15 10 0 0 0 10 28 17 48 0 0 0 68 1 0 38 0 14 35 64 10 0 0 13 28 0 3 0 47 34 11 27 0 0 0 8 0 79 0 67 35 35 47 0 0 0 46 48 0 0 36 0 0 90 0 0 0 30 42 37 54 20 3 0 0 0 0 63 39 0 0 0 22 5 28 3 21 0 0 0 0 0 50 0 73 11 0 57 74 0 24 27 0 56 0 0 0 38 0 0 13 0 19 10 18 0 72 0 0 0 0 65 86 0 0 61 14
 0 0 14 62 0 86 0 6 0 23 0 10 43 6 0 49 0 5 57 12 36 32 0 13 0 36 0 70 0 0 0 12 4 0 71 0 7 23 0 0 71 0 0 57 38 31 61 0 48 0 0 0 0 21 0 38 0 46 19 29 4 0 0 40 0 39 0 0 0 43 64 0 22 16 0 0 27 44 0 0 55 0 16 60 34 0 0 0 0 0 63 7 52 0 0 7 0 58 29 0 0 0 35 13 0 0 0 50 50 24 0 0 0 5 0 0 0 18 16 5 42 4 0 0 0 0 0 0 0 0 0 27 1 71 0 0 20 13 6 0 17 46 68 0 0 20 0 0 0 0 0 0 0 0 55 15 39 0 8 7 0 0 0 73 0 0 10 0 0 13 0 75 57 0 69 0 0 0 0 0 0 18 0 2 0 0 0 38 9 26 0 23 28 0 0 0 9 2 0 71
 8 36 0 0 16 70 47 0 0 14 13 0 71 31 0 35 17 0 0 0 0 0 0 24 21 23 28 0 0 26 0 48 63 30 8 6 0 29 0 13 47 1 0 0 14 71 0 0 23 23 0 0 31 0 0 62 18 0 68 52 0 0 0 20 72 10 62 0 0 0 0 0 28 0 0 2 72 24 0 12 0 0 85 0 0 0 0 44 0 21 10 20 0 4 6 0 0 0 39 52 0 10 12 8 0 0 94 0 0 0 13 0 69 0 5 37 11 1 7 0 0 0 0 0 0 6 13 8 12 0 0 0 73 0 0 0 0 0 29 0 0 0 4 0 0 30 10 15 0 57 36 0 0 36 0 51 27 26 0 0 92 52 0 5 35 50 0 0 6 0 0 0 2 4 24 0 64 23 56 0 37 26 35 0 0 0 24 48 0 74 27 0 0 0 0 26 20 0 0 0
 44 83 12 0 0 0 10 29 0 0 1 0 0 2 8 53 39 0 0 0 3 15 23 81 0 60 54 12 71 0 8 11 24 22 1 59 24 50 0 0 0 0 0 0 5 38 0 35 0 0 0 0 0 0 0 0 15 0 0 0 0 0 5 0 0 0 51 0 19 29 40 0 0 23 45 0 16 0 0 41 0 0 0 0 35 0 0 32 38 0 0 0 0 0 14 3 0 0 0 0 0 0 0 4 0 0 0 0 0 0 0 52 0 0 23 0 6 0 55 0 27 21 21 0 0 0 33 48 0 0 65 0 0 0 0 0 22 27 0 0 25 18 45 0 0 18 0 16 0 0 43 0 0 29 53 13 95 0 39 44 30 52 0 10 0 0 98 0 24 34 10 20 0 0 0 0 20 10 0 81 0 0 0 0 0 86 0 0 21 69 0 0 0 94 0 31 0 0 10 0
 23 0 0 40 0 21 30 0 0 0 0 0 0 0 6 6 69 51 0 22 24 0 76 0 0 62 0 41 0 0 3 27 38 20 0 9 0 0 5 0 49 19 31 0 0 0 10 0 0 0 23 0 37 47 36 0 34 0 32 72 50 10 23 0 0 86 82 0 1 0 25 0 0 0 71 0 37 38 0 0 66 12 17 0 0 0 34 0 0 1 0 18 33 22 18 0 50 20 46 0 49 0 4 26 59 11 46 45 0 87 36 16 36 0 0 0 43 0 8 92 0 0 0 70 43 0 59 22 0 83 0 0 0 0 62 40 0 13 6 0 78 46 24 0 30 60 0 0 0 0 0 1 0 67 3 0 0 45 2 0 0 42 0 0 0 11 81 0 13 8 0 1 0 29 0 19 32 55 0 0 83 5 0 31 17 0 0 38 0 0 22 0 59 11 2 57 63 0 39 0
 0 0 0 19 78 0 11 23 6 6 0 0 29 0 0 29 0 0 0 0 11 8 0 0 20 0 0 0 0 0 0 0 0 2 0 0 38 0 2 0 22 0 50 0 60 0 42 43 0 0 0 0 52 0 9 38 57 97 56 16 0 80 0 29 31 37 26 1 15 0 36 23 49 61 0 39 6 0 47 0 0 0 0 0 0 0 0 0 0 6 64 2 65 0 5 0 0 0 0 0 0 0 18 26 0 44 63 15 0 0 0 0 0 0 4 42 37 54 0 1 0 0 85 35 0 0 18 0 35 17 0 13 40 35 0 0 9 0 37 0 4 72 0 0 8 56 60 78 30 14 71 2 1 0 73 0 0 0 80 0 0 0 54 11 0 30 6 0 74 0 0 0 77 0 58 0 87 0 6 6 0 0 0 0 40 0 8 0 65 0 0 0 0 0 0 0 0 0 2 9
 0 28 0 25 0 0 46 4 0 61 0 0 0 8 0 0 0 28 0 0 11 74 43 0 0 0 0 0 65 0 68 0 0 0 74 0 0 0 0 42 41 54 12 0 76 0 12 64 25 43 0 15 0 30 53 0 37 3 93 0 0 10 93 42 25 0 0 0 32 0 0 0 0 7 0 0 0 0 18 41 2 1 0 9 0 41 20 42 24 68 0 37 56 0 0 55 27 0 33 0 0 0 0 0 34 0 10 0 0 0 25 17 89 75 0 0 16 39 0 0 0 58 0 0 0 21 86 1 37 0 0 0 0 0 54 0 25 0 0 13 24 0 5 0 0 0 0 16 19 72 38 10 18 0 34 18 0 12 0 12 0 65 0 74 39 16 8 0 59 35 0 0 0 0 21 0 56 0 0 0 0 0 73 0 0 0 46 47 0 53 12 0 17 53 0 30 0 0 3 0
 51 56 0 0 0 30 0 21 0 0 78 65 43 0 0 54 66 55 0 34 2 2 0 0 5 9 28 12 0 9 0 9 0 5 58 78 40 0 0 0 51 32 31 40 2 0 0 0 0 50 0 0 54 0 0 0 47 0 0 7 37 0 0 68 0 41 0 15 64 31 0 46 0 85 25 98 0 36 18 50 13 0 0 0 0 0 61 37 2 23 41 0 16 0 20 0 0 0 80 52 0 0 0 0 49 0 0 0 34 11 0 0 0 11 77 0 19 47 0 3 0 13 18 0 54 0 0 0 0 0 50 18 2 0 0 46 0 57 0 0 3 0 72 0 75 43 0 0 47 0 0 0 51 48 59 0 3 79 39 89 0 0 26 37 11 0 39 6 41 59 0 0 0 13 0 79 0 0 0 41 11 0 0 0 0 16 91 0 38 0 0 19 66 8 0 0 0 31 18 11
 0 32 0 9 48 21 0 0 8 20 0 61 13 0 86 0 0 35 64 36 0 0 0 0 0 0 68 0 0 0 40 0 0 0 0 0 0 0 0 0 23 0 81 0 0 0 25 16 8 0 0 0 43 22 0 0 20 27 0 54 64 0 0 49 78 41 55 2 0 0 0 0 0 3 98 0 0 0 44 36 65 0 0 0 0 0 0 54 0 80 59 0 0 19 0 16 71 0 0 0 51 0 0 0 0 0 0 0 25 26 0 0 0 8 8 0 21 0 86 14 76 0 0 0 25 0 58 15 20 0 0 0 30 0 63 0 0 28 0 0 0 0 0 0 19 0 0 45 0 0 11 67 53 0 18 5 0 13 65 12 42 84 0 0 0 65 48 46 0 0 0 96 0 7 18 3 0 0 0 0 0 11 0 0 24 0 28 0 0 19 20 0 17 58 0 8 39 0 11 63
 7 25 0 0 8 0 16 0 31 0 45 42 0 40 65 0 30 26 0 15 7 4 0 57 43 34 0 0 79 41 0 24 66 44 48 0 36 0 0 63 32 0 0 0 0 26 0 0 0 16 36 47 0 0 19 0 66 0 0 61 0 0 32 0 0 11 41 0 36 0 11 33 11 46 30 20 7 0 12 83 0 0 29 0 28 1 18 0 0 0 0 0 0 0 32 54 0 20 2 0 36 71 0 43 0 51 3 8 0 10 0 0 37 0 0 43 34 0 64 0 44 52 0 0 0 0 0 0 0 65 0 0 0 4 26 55 0 0 39 54 33 0 68 29 15 9 49 0 5 0 0 37 0 7 7 15 0 0 47 0 12 4 12 0 27 0 0 29 0 0 0 0 45 0 0 78 56 0 0 62 25 6 0 0 0 34 44 0 20 0 0 0 0 56 0 46 1 54 75 0
 0 0 0 0 0 0 0 25 0 0 0 0 7 0 0 0 0 0 28 0 56 89 0 53 59 0 0 0 45 83 0 0 0 0 0 0 11 0 10 0 44 0 0 81 60 35 41 11 0 0 5 0 38 68 71 39 0 16 0 0 0 0 40 58 0 0 79 0 56 38 4 0 0 32 0 0 21 0 0 5 14 31 0 0 61 0 0 36 3 0 0 61 90 0 24 0 11 0 77 0 14 0 59 57 0 0 0 20 86 69 0 0 13 71 39 8 0 49 25 41 49 0 0 0 0 43 0 5 0 0 23 0 58 65 66 73 0 19 0 0 39 60 20 0 0 0 0 0 25 24 0 65 0 0 0 0 3 0 17 9 0 0 15 0 0 16 6 0 3 54 0 0 45 33 34 0 0 9 0 15 0 0 0 12 74 0 0 61 0 13 0 51 30 0 0 0 22 39 0 0
 0 31 58 73 12 0 27 17 21 11 0 0 76 0 0 0 0 19 0 0 24 0 34 0 0 0 0 0 4 0 3 42 17 65 3 65 3 0 11 46 0 0 65 20 0 23 0 0 0 15 41 0 70 0 55 41 20 69 37 9 6 0 16 0 0 38 8 15 0 0 29 72 58 0 0 54 0 0 15 63 37 94 7 0 0 17 0 10 2 0 0 23 83 0 14 0 27 58 0 21 0 0 0 57 0 54 3 0 0 0 14 11 0 0 55 22 0 30 0 0 0 0 0 0 0 0 0 0 0 6 22 0 5 9 14 0 19 4 66 0 0 55 42 0 0 23 0 47 24 0 0 0 6 97 23 0 28 41 0 22 0 0 0 61 11 21 0 0 58 0 78 66 0 0 32 77 52 14 11 47 30 0 0 0 43 68 0 4 67 31 40 41 57 26 14 42 50 0 6 0
 40 79 41 0 0 0 0 0 0 0 52 0 91 0 0 0 0 41 15 0 33 0 0 0 4 0 0 27 0 2 0 0 0 26 76 0 3 13 47 78 0 43 3 18 0 0 0 0 0 0 93 0 0 0 47 81 59 2 42 0 0 0 0 0 14 0 0 43 22 0 0 57 74 0 54 0 28 0 0 1 0 7 0 0 0 0 76 21 34 24 0 0 0 87 16 0 4 0 0 1 21 0 25 0 29 68 12 54 50 0 64 0 9 0 39 39 0 64 40 54 0 0 0 18 2 27 67 22 0 14 0 0 0 11 49 15 0 56 0 43 0 64 16 0 43 0 37 46 0 0 2 5 22 0 0 3 9 0 54 0 0 0 0 0 73 0 30 0 0 57 1 38 18 0 0 59 0 0 26 13 6 43 52 77 14 0 47 0 0 0 0 61 74 19 25 0 30 0 14 0
 37 0 41 0 62 0 0 25 57 20 0 80 65 9 0 0 0 21 47 0 10 0 0 0 0 71 30 0 24 50 0 34 3 0 0 66 0 30 57 0 66 21 0 0 0 0 2 14 0 0 0 9 24 84 83 33 0 0 5 0 8 5 68 0 0 72 0 2 14 85 14 0 0 29 24 0 0 0 17 0 0 0 0 0 0 0 21 0 0 0 0 9 13 49 8 0 80 0 0 0 0 41 7 0 0 0 33 0 68 78 0 71 61 7 0 12 0 44 15 0 25 9 0 0 0 0 20 0 0 0 64 0 36 60 16 0 43 48 28 54 0 0 0 0 0 0 1 0 0 0 54 0 23 51 0 70 4 7 0 0 0 0 86 0 30 34 61 0 0 52 0 0 18 0 80 43 0 0 3 0 0 0 0 38 0 62 55 14 59 61 10 16 0 9 56 0 0 17 0 49
 0 0 0 20 21 4 56 40 68 0 0 26 83 2 0 0 0 0 37 25 0 0 0 77 0 29 13 70 64 36 0 59 0 0 0 0 0 0 18 0 0 16 0 9 0 34 0 0 0 26 55 0 2 0 6 0 0 0 42 0 0 0 92 26 15 0 0 0 4 0 14 21 0 0 0 0 76 0 0 0 27 46 0 0 0 0 67 26 0 19 0 11 74 14 12 51 22 5 0 1 0 30 31 0 58 0 0 0 75 26 0 5 0 0 0 0 0 47 0 0 0 0 89 82 0 0 42 0 37 0 0 30 0 5 16 5 0 0 0 0 0 89 0 81 0 0 23 31 5 0 60 76 0 67 86 20 27 15 0 46 0 16 55 0 0 24 30 0 0 1 0 24 29 0 13 48 0 7 0 63 0 0 0 39 0 38 0 58 8 0 0 15 0 0 0 0 0 34 0 82
 0 26 15 26 0 17 0 0 59 48 32 0 19 0 51 0 0 7 50 0 0 27 0 0 0 27 0 0 0 0 0 0 0 0 51 0 14 0 0 0 0 82 0 0 48 0 87 0 75 52 0 0 48 60 0 0 3 1 12 10 52 0 7 0 7 0 26 0 0 78 0 14 0 0 0 0 5 0 0 0 0 62 0 37 16 0 18 8 0 0 0 31 0 0 37 86 0 0 0 26 7 24 33 44 7 81 11 42 55 46 0 70 69 0 0 0 0 0 0 49 0 9 20 0 2 0 0 0 24 14 0 0 0 40 50 0 7 0 0 2 0 0 0 0 75 0 0 0 49 94 0 8 18 0 0 0 7 0 0 0 27 0 0 0 4 22 0 0 0 4 0 16 12 1 0 29 31 0 27 25 67 0 70 0 79 22 37 0 49 6 27 39 0 20 0 18 23 10 57 0
 0 0 0 0 0 0 0 54 2 32 46 51 58 0 0 11 0 0 0 0 0 25 0 35 0 0 4 54 0 0 70 0 35 57 4 29 15 26 62 62 0 0 0 5 0 0 69 0 41 0 0 25 74 16 55 0 0 0 0 28 19 0 68 4 1 0 1 0 0 60 7 19 28 0 0 1 0 0 0 0 24 59 0 11 78 33 56 17 9 0 0 28 0 0 0 16 0 28 0 0 0 44 0 0 9 0 0 1 0 53 0 20 84 0 46 25 0 0 0 0 0 0 1 0 3 0 16 70 55 56 3 25 0 30 23 63 57 0 0 0 0 10 0 0 40 25 23 91 51 0 14 20 38 0 33 43 0 0 41 28 20 46 16 49 0 22 0 0 0 0 2 26 24 0 0 44 0 19 0 22 0 0 14 45 42 0 89 0 0 0 23 58 0 44 7 13 46 95 0 0
 0 0 84 0 66 0 85 66 0 41 0 15 0 0 0 52 0 48 48 0 0 60 11 0 2 55 0 2 2 30 19 0 48 0 0 41 0 0 19 40 0 44 0 47 0 0 0 0 20 0 65 0 54 5 52 67 0 0 71 0 66 0 0 0 0 0 0 60 25 0 23 3 37 19 0 14 67 54 0 66 0 8 21 0 0 0 80 16 0 0 41 78 0 9 0 7 0 0 0 11 0 12 14 1 0 0 55 0 0 0 0 0 0 0 1 20 0 27 0 0 35 75 0 22 48 62 0 11 22 0 0 3 0 0 0 0 0 6 5 50 0 26 29 30 0 0 38 0 0 53 66 0 0 27 0 44 78 0 0 0 6 0 44 20 35 0 65 0 0 37 62 0 0 0 0 21 0 18 63 71 0 0 0 0 0 0 77 76 2 0 49 0 39 62 0 0 24 0 0 18
 42 71 0 0 57 16 23 0 0 0 6 0 0 0 33 3 40 0 0 0 0 0 0 17 43 0 0 31 38 40 6 0 0 0 8 0 50 86 39 0 0 0 0 0 13 0 22 37 0 25 1 0 22 0 42 0 0 11 78 0 0 19 66 0 0 0 43 13 0 0 23 81 49 62 26 0 0 0 0 0 39 48 0 22 0 0 16 55 87 35 0 0 0 36 58 6 25 65 0 0 0 0 0 0 0 40 0 0 0 0 0 0 35 0 0 7 0 0 0 0 0 0 0 0 14 62 0 0 0 7 0 0 48 27 0 20 0 70 27 4 0 72 0 38 75 45 0 0 18 0 0 0 0 0 10 0 0 0 0 44 59 19 4 62 41 35 8 0 0 0 2 84 9 44 90 0 0 1 0 0 0 0 0 0 9 0 0 46 49 51 3 3 34 0 0 0 0 0 0 11
 8 7 0 0 0 26 0 32 52 0 0 0 22 14 31 0 0 2 0 77 12 32 70 0 2 15 7 0 36 25 17 26 0 0 0 72 15 9 0 22 0 69 49 19 0 72 0 0 0 0 0 0 20 0 0 0 0 29 0 85 67 0 2 0 90 0 12 0 26 7 10 21 0 0 46 69 38 0 0 9 0 25 0 0 0 13 0 0 15 0 8 38 0 43 52 41 0 0 0 0 0 2 0 0 70 0 0 0 0 19 0 13 45 61 0 20 0 0 22 0 72 29 1 0 44 68 71 55 54 0 0 37 43 0 34 0 23 4 0 0 11 0 58 0 0 0 0 92 46 21 20 0 78 0 0 32 0 0 0 0 25 35 0 0 40 0 0 55 0 0 0 63 66 47 55 34 66 0 25 0 97 0 4 16 0 42 0 0 0 0 32 0 0 0 0 22 59 0 60 0
 0 0 0 0 49 14 0 14 6 10 0 11 67 0 24 0 57 33 11 0 41 9 0 51 0 2 0 0 11 0 0 5 0 0 0 0 0 39 0 40 0 51 0 0 0 21 40 0 4 0 0 0 28 19 0 52 6 0 0 0 0 0 40 16 16 0 0 30 0 6 0 0 51 0 63 0 19 0 66 0 33 46 27 0 18 0 0 0 31 0 1 48 2 0 0 9 0 0 0 0 0 29 0 0 0 64 0 0 0 24 66 69 29 50 7 7 9 0 0 0 54 0 54 23 82 19 0 0 45 0 0 44 0 0 0 0 4 47 0 5 21 0 27 0 0 0 11 13 21 0 51 4 55 18 13 86 57 96 0 18 21 0 0 0 6 0 0 75 28 27 86 35 0 0 14 0 0 25 0 2 36 0 25 0 0 0 0 26 0 0 24 81 0 72 0 25 23 0 7 17
 27 0 15 57 9 87 0 25 0 31 20 0 47 0 0 25 0 43 14 0 1 46 0 0 42 17 0 58 0 0 78 17 32 0 0 18 31 0 0 0 7 50 15 34 52 8 69 0 6 0 0 0 59 14 80 47 29 0 0 2 0 31 2 0 4 22 7 13 91 27 24 24 45 0 1 60 7 65 75 0 28 27 0 35 43 0 22 56 7 0 27 0 0 16 6 0 0 37 0 11 0 0 12 0 75 24 0 0 42 9 45 0 62 4 57 50 0 20 0 0 45 47 0 0 0 44 0 0 0 73 0 0 39 0 7 16 0 15 4 10 17 0 0 0 27 0 0 0 6 37 0 0 5 0 14 0 0 0 9 0 0 0 0 47 0 23 0 44 89 1 30 68 28 0 38 1 0 0 0 0 85 0 0 2 45 3 0 0 0 2 23 86 7 60 98 4 0 0 0 82
 0 48 0 80 0 0 0 0 0 0 0 0 0 33 0 0 0 6 50 0 5 50 3 0 53 20 0 54 7 0 0 0 43 29 0 0 0 0 40 33 41 23 0 0 52 0 50 26 0 0 0 0 0 0 0 89 0 25 33 60 26 0 0 0 0 0 44 0 25 0 13 45 40 18 26 40 0 0 84 0 37 37 0 0 0 5 0 73 38 40 2 44 20 2 61 0 0 79 0 20 0 60 5 70 49 0 60 76 0 0 0 21 59 90 48 21 0 2 18 20 0 24 0 0 0 55 47 0 84 15 6 37 0 0 0 0 0 76 46 71 0 13 0 9 64 0 49 33 76 24 0 0 81 8 0 41 0 0 0 0 48 42 27 0 3 12 0 0 21 0 0 61 59 0 0 0 2 0 0 2 0 0 0 11 14 0 0 0 90 72 0 0 0 18 0 0 13 0 0 0
 0 20 0 82 0 0 35 39 79 0 46 58 0 0 16 0 0 0 61 17 0 20 41 36 0 0 0 0 6 11 0 0 0 0 80 0 0 0 21 71 54 46 63 0 0 0 20 16 55 25 24 0 49 80 0 0 0 39 0 0 84 21 0 0 0 0 0 0 0 13 17 35 10 0 13 0 37 61 77 55 0 66 30 82 15 0 0 0 24 34 66 25 34 0 37 51 92 0 60 0 0 11 12 2 6 40 27 20 0 0 0 0 64 0 0 27 7 0 23 0 57 3 0 47 0 0 28 8 1 0 39 0 38 0 54 48 0 0 0 35 0 0 0 0 83 0 66 37 94 41 0 0 72 0 28 0 50 0 0 16 14 14 0 52 0 70 60 0 0 0 0 0 48 7 0 39 0 0 0 0 0 41 32 39 0 0 0 45 0 0 0 57 23 24 23 31 0 0 26 2
 0 0 65 85 7 11 24 0 0 0 42 62 26 85 0 61 0 0 2 0 13 0 20 0 43 0 0 0 28 12 72 0 0 0 55 65 0 0 2 0 0 0 0 0 0 61 0 80 29 5 0 15 72 65 0 14 0 0 2 44 0 33 0 0 0 39 0 0 79 86 0 33 0 32 0 73 0 0 0 23 88 0 0 0 0 0 0 66 8 42 0 9 33 0 26 42 4 82 0 27 0 57 0 47 40 41 0 0 0 48 4 55 85 65 0 12 0 44 0 2 46 88 2 0 0 80 0 0 4 0 0 32 0 0 0 45 87 11 0 0 18 0 81 0 37 0 41 0 10 90 61 17 50 0 2 0 0 70 20 34 0 0 32 12 0 0 77 0 0 0 0 0 17 0 0 2 8 0 65 27 4 0 62 0 84 86 1 0 0 31 0 52 0 46 0 0 24 65 0 25
 0 0 45 0 0 30 71 0 0 0 0 40 0 8 0 11 75 0 33 0 0 0 27 6 0 17 5 0 0 0 0 0 61 15 39 0 55 0 0 3 0 77 8 0 85 0 8 0 0 0 0 30 71 48 0 0 82 12 29 54 0 25 0 42 65 99 0 0 0 41 0 0 0 0 0 0 0 0 0 0 34 64 21 0 0 0 0 0 31 56 10 0 0 0 0 0 0 30 79 16 19 46 78 0 94 0 15 18 0 0 0 0 63 15 42 0 17 24 17 25 37 0 0 69 4 34 0 62 88 0 55 17 48 19 0 4 0 37 0 0 0 16 8 28 0 26 0 24 21 29 27 9 12 24 47 8 0 0 50 0 31 12 49 0 0 0 5 0 37 0 66 26 0 14 0 45 54 0 41 0 0 33 0 42 0 53 0 0 17 1 0 34 0 0 4 0 0 59 3 0
 11 0 0 51 0 0 21 32 0 92 0 0 13 0 65 28 0 12 16 55 0 0 0 47 0 3 28 77 65 65 0 27 0 14 0 0 0 31 98 0 55 0 8 77 3 0 4 4 24 25 25 0 0 1 0 46 0 0 0 26 0 0 35 11 26 0 9 0 44 0 10 53 36 0 44 44 0 27 39 0 14 0 23 24 83 40 0 0 26 0 0 0 0 23 25 0 0 21 41 63 0 0 0 0 0 43 40 0 19 0 0 33 10 44 0 0 1 21 82 58 0 0 37 22 0 0 0 67 0 0 57 0 0 62 0 0 26 37 0 0 0 0 0 0 0 0 0 55 0 11 0 60 0 44 3 13 0 15 51 34 0 0 0 58 0 18 2 80 21 51 0 0 0 0 41 0 0 38 8 0 0 0 21 12 0 52 0 63 28 6 0 0 80 0 70 13 0 0 28 23
 0 0 22 0 0 0 0 0 0 1 0 0 94 0 68 0 14 75 15 44 0 49 90 16 0 0 0 0 0 89 2 0 0 0 28 26 0 93 7 0 16 29 20 76 0 32 21 0 10 0 0 0 67 0 0 28 0 0 10 29 75 31 0 34 59 47 6 17 51 8 10 0 0 71 0 13 54 0 59 0 39 14 0 100 6 0 76 0 10 23 27 56 0 0 92 0 50 0 17 0 12 69 19 0 0 0 14 0 0 9 15 14 0 45 24 38 14 15 48 0 46 34 0 0 0 0 71 0 17 0 14 0 16 10 19 0 0 74 52 14 0 26 0 16 43 14 96 0 0 33 0 12 0 0 19 0 0 40 9 72 0 45 74 0 62 0 68 12 7 34 0 0 3 0 0 41 14 72 0 0 23 0 7 0 2 0 0 0 9 40 0 0 0 3 0 0 20 35 0 53
 0 2 3 65 0 0 65 16 0 59 0 50 41 0 0 0 45 43 0 0 0 0 0 0 27 30 0 0 15 0 16 6 57 36 0 0 0 30 0 20 0 0 27 60 1 0 35 0 7 0 0 0 38 0 25 10 0 0 32 0 53 24 0 7 82 0 0 22 50 16 22 0 0 32 76 9 0 0 11 0 55 19 0 0 80 70 10 89 0 22 19 86 76 49 0 0 1 0 0 0 0 0 0 25 0 0 0 55 5 0 5 6 0 0 0 39 53 24 0 0 0 54 5 41 0 36 8 0 0 71 0 0 0 0 0 0 65 0 25 0 32 0 48 0 65 0 33 36 0 0 0 10 12 32 3 0 0 19 40 36 16 0 69 0 15 7 0 0 20 0 17 2 0 31 0 0 61 35 0 0 23 66 1 32 2 0 0 0 35 0 6 6 21 0 0 26 50 56 20 33
 0 0 59 0 0 33 0 0 0 0 0 0 0 46 0 0 0 32 3 0 0 0 4 0 0 0 50 56 0 0 0 15 0 0 0 15 55 48 0 29 34 0 54 86 34 0 0 1 0 0 0 21 0 0 10 0 30 16 14 3 55 35 0 40 53 0 40 0 28 13 29 84 0 7 0 0 56 24 0 3 7 12 0 14 0 5 0 0 0 44 0 0 0 0 0 0 0 90 0 16 57 0 29 0 16 10 6 0 41 0 12 0 0 0 0 38 0 0 0 0 0 0 0 30 0 21 57 0 0 0 39 64 0 38 0 0 54 0 0 0 0 0 0 0 0 0 0 21 39 0 0 43 0 0 16 85 0 0 0 7 0 35 0 31 0 41 0 11 0 59 0 3 0 33 10 17 46 0 20 0 48 18 18 0 2 0 34 42 0 24 29 0 0 1 32 0 0 57 0 13
 0 52 34 0 69 0 0 0 7 20 0 8 0 0 14 78 6 0 26 0 0 33 29 72 0 5 25 27 0 0 7 16 0 0 0 0 10 29 19 18 0 0 10 0 82 19 0 45 15 3 47 0 46 24 20 12 49 81 59 63 0 28 0 0 28 0 35 12 0 0 0 0 0 0 0 43 1 0 0 15 3 13 67 0 0 59 55 0 45 59 42 0 0 0 0 0 0 4 14 0 0 46 0 0 0 0 73 0 0 0 14 0 0 0 34 78 42 41 0 0 54 40 0 0 41 5 23 24 2 68 0 0 21 0 0 17 16 18 5 13 36 8 0 0 67 0 12 32 63 0 0 0 0 65 3 0 57 21 31 0 17 20 24 32 0 0 0 33 57 0 28 55 56 0 0 17 18 9 0 12 0 70 0 58 0 92 0 0 26 57 0 42 0 0 0 0 41 90 6 20
 0 24 41 0 0 78 31 0 0 14 0 0 0 46 0 58 1 0 0 0 0 58 9 0 9 0 0 78 0 61 34 0 0 0 0 0 0 29 60 4 51 0 0 2 5 90 61 15 0 0 0 0 14 83 64 33 7 29 0 0 33 24 0 0 0 11 0 0 0 58 0 0 0 0 0 57 28 0 0 12 0 26 19 8 0 29 9 64 0 18 0 49 19 27 0 52 52 0 0 53 0 0 15 32 0 73 0 13 70 61 37 0 28 0 0 0 0 0 0 31 8 39 55 8 46 0 0 0 10 10 21 0 21 0 85 17 0 0 0 32 35 52 85 0 46 99 4 30 0 11 0 0 0 58 6 26 0 5 36 18 0 22 0 0 0 0 0 45 40 36 33 16 32 0 14 0 0 23 62 44 0 0 51 0 46 18 55 0 33 11 0 0 0 0 0 0 0 0 14 0
 0 0 0 20 8 0 0 0 0 38 0 0 29 0 3 7 11 51 0 6 49 0 6 0 100 3 0 0 51 69 0 0 61 26 0 0 0 0 0 54 0 62 7 0 0 0 61 10 0 2 75 3 0 0 0 11 0 32 48 0 16 17 0 0 68 61 0 0 0 4 39 20 0 66 0 0 0 0 0 0 0 0 0 0 4 45 0 7 65 0 0 23 0 0 12 14 0 0 47 33 0 0 0 38 0 10 18 0 0 14 0 0 13 18 0 22 0 0 21 0 68 34 0 33 36 48 0 0 0 28 24 0 0 50 0 0 0 1 0 45 19 0 0 7 0 25 34 6 37 0 0 0 24 0 48 0 0 0 20 0 83 62 0 37 0 0 49 5 0 61 13 28 0 25 0 0 44 60 26 0 0 43 19 0 0 9 0 0 2 8 17 0 0 0 0 22 43 0 16 0
 0 0 20 0 10 11 35 7 40 0 0 15 0 39 0 8 0 10 10 22 0 43 0 70 19 67 0 28 0 21 0 27 0 0 17 35 0 0 0 0 0 0 0 4 76 0 0 3 0 0 0 10 41 60 0 7 0 81 0 28 0 0 0 0 0 29 22 83 0 51 0 17 14 60 0 28 63 6 0 0 0 0 56 0 0 0 0 0 17 83 0 12 15 48 0 0 0 39 48 0 2 0 0 24 3 0 0 0 0 0 0 25 0 20 49 0 5 0 51 33 0 20 0 0 0 0 0 0 0 0 28 5 16 0 41 0 30 0 0 0 0 4 29 0 9 3 14 16 0 0 0 0 16 2 0 0 0 0 52 0 0 24 0 0 12 4 0 7 7 0 0 25 0 0 0 0 0 67 71 27 11 0 6 40 44 9 0 56 73 0 69 0 16 53 0 0 35 15 58 57
 88 0 47 0 0 0 22 0 62 44 0 73 0 29 40 7 6 0 0 0 45 1 9 17 0 4 45 0 0 0 41 0 1 0 71 21 0 44 0 0 0 0 1 91 0 0 0 0 0 0 0 83 35 27 0 11 0 0 0 53 11 0 45 0 0 2 38 35 18 27 45 26 37 0 16 0 0 0 0 0 44 0 43 0 0 24 0 2 53 26 49 0 8 30 38 44 36 0 46 0 60 0 36 0 77 0 0 0 12 0 0 0 0 0 0 38 33 64 0 0 8 23 0 20 0 47 0 37 0 8 3 4 0 0 0 51 76 14 64 0 0 51 72 14 0 0 0 29 50 0 8 0 41 40 49 0 0 19 0 36 53 0 0 0 0 0 0 0 0 24 0 8 39 0 0 0 77 1 0 0 57 0 65 12 0 15 0 0 58 0 16 0 0 0 0 60 9 64 0 0
 28 84 75 14 0 0 0 45 22 0 14 0 0 0 59 21 8 0 24 0 19 0 0 0 0 87 70 75 78 32 0 63 17 84 0 0 58 19 43 0 52 7 0 34 66 0 62 0 43 0 1 73 26 51 0 0 0 0 0 92 0 0 0 23 41 7 0 0 41 0 0 0 0 0 0 0 0 39 0 0 0 24 10 0 0 7 92 0 0 0 2 60 0 70 0 0 20 41 0 0 0 0 20 0 0 0 8 0 0 48 20 22 45 0 60 0 70 0 0 24 0 38 39 0 0 69 7 16 0 28 51 30 0 30 29 8 0 52 19 0 20 35 1 83 35 13 0 0 63 0 32 0 0 0 77 0 0 0 0 34 0 0 0 73 48 0 0 37 0 0 48 0 0 0 0 19 21 0 18 0 0 0 13 51 25 0 10 22 0 0 47 0 1 0 0 0 82 0 17 79
 0 0 0 28 22 0 0 59 20 11 95 0 0 85 10 0 19 0 0 0 33 0 0 0 4 0 53 53 0 0 0 0 0 0 55 0 44 0 37 35 2 36 16 36 2 63 10 24 32 0 0 22 34 0 65 47 14 0 57 11 0 0 0 0 88 27 0 0 28 0 0 66 48 20 38 44 0 53 0 0 0 51 46 7 0 43 65 0 28 0 0 49 43 55 0 0 65 0 9 55 53 64 65 0 0 0 0 27 41 0 21 0 0 0 0 0 43 0 19 0 0 55 8 0 0 50 0 0 64 64 0 0 58 0 5 3 10 63 0 0 0 14 15 0 80 17 20 0 59 34 39 0 0 9 0 39 0 7 0 63 47 0 4 0 0 0 1 0 0 0 34 0 0 0 24 76 0 0 18 4 25 0 0 0 60 0 0 0 0 5 49 0 14 39 32 0 0 47 0 15
 28 0 0 0 4 28 4 0 0 34 0 6 81 0 74 48 0 0 0 17 12 0 0 57 0 32 0 15 13 0 1 0 38 0 0 0 48 76 0 0 0 0 37 0 39 15 0 14 0 54 12 0 27 0 0 57 62 36 0 74 0 19 41 59 0 33 2 5 0 0 0 2 7 0 0 0 44 0 0 17 1 65 0 79 0 80 26 0 52 0 0 0 0 94 0 0 0 0 0 48 0 0 17 0 0 0 2 0 32 5 0 0 0 79 0 15 0 0 0 0 0 2 30 17 0 0 3 8 68 0 44 15 0 39 0 0 0 55 0 0 37 0 0 0 0 0 0 0 27 67 66 39 0 47 0 46 47 0 0 0 29 27 31 4 47 0 0 25 26 91 0 0 41 8 31 82 27 24 69 0 9 0 0 0 0 0 18 0 30 13 30 0 85 0 58 0 0 25 31 11
 0 61 36 50 0 0 0 8 0 56 0 11 23 0 0 58 0 96 24 0 1 2 0 83 33 16 0 36 0 40 6 28 0 0 7 6 0 0 31 55 0 19 0 22 0 0 17 0 8 83 21 0 0 23 37 0 47 22 0 0 0 0 65 0 49 0 0 0 0 0 0 0 79 28 0 0 31 0 0 0 0 7 0 0 35 34 69 43 0 10 0 10 28 32 9 52 8 1 39 36 0 59 0 0 0 46 0 0 0 0 20 12 0 0 0 4 47 36 0 11 3 65 1 0 47 0 0 70 15 22 0 17 3 0 0 78 7 27 0 0 0 0 9 0 0 41 0 7 21 0 0 0 0 0 4 53 0 28 0 66 2 33 0 45 0 0 0 0 14 31 8 0 0 0 15 41 0 0 33 86 18 0 0 46 9 0 28 0 0 0 0 20 24 0 11 0 37 0 6 23
 0 0 15 42 21 17 0 1 0 66 49 25 0 0 38 19 56 0 0 0 35 0 0 0 43 0 48 0 0 0 0 0 0 0 0 0 0 0 61 9 0 9 0 0 0 0 0 0 54 0 68 0 17 23 0 14 0 0 11 0 15 6 0 23 0 0 51 39 12 4 0 0 0 0 0 0 0 4 34 0 0 29 24 54 4 4 78 0 0 48 0 8 23 22 0 61 0 0 0 0 6 0 26 0 0 23 0 13 63 0 0 0 11 0 18 47 0 31 4 0 11 0 57 54 0 0 24 64 3 0 0 63 6 0 97 0 0 0 33 63 0 0 0 7 0 27 0 39 14 0 5 23 61 46 47 1 34 0 31 12 38 0 31 0 30 2 36 0 47 0 0 20 0 0 27 62 19 0 0 0 8 28 55 0 0 0 80 0 31 9 35 11 31 0 7 53 3 0 2 70
 42 0 22 0 0 18 2 0 0 61 51 0 13 11 13 0 0 67 49 0 0 0 0 0 15 19 15 0 19 0 60 20 10 28 0 38 0 0 30 22 0 0 48 0 0 0 81 0 29 60 0 40 3 59 79 0 0 12 6 30 0 87 0 62 0 4 0 0 0 0 0 73 95 46 0 11 62 24 5 0 0 16 43 0 0 13 9 0 31 5 0 0 0 11 0 13 74 0 87 8 38 5 19 93 0 0 0 0 66 0 0 0 84 1 0 0 0 0 0 7 0 0 30 0 0 24 0 0 0 0 41 0 63 0 0 0 0 0 0 0 16 0 0 0 9 26 92 0 0 0 3 55 83 0 49 45 0 9 0 30 8 38 37 0 0 24 23 0 29 0 17 77 0 25 9 25 0 0 0 30 53 0 40 23 34 0 0 0 46 0 23 46 0 85 0 0 80 0 0 35
 0 6 11 0 41 0 0 1 0 14 0 47 24 0 0 53 7 30 4 67 0 0 0 0 0 34 11 0 0 50 0 23 8 11 0 0 0 68 0 58 0 3 2 0 24 12 1 0 0 0 0 0 11 14 0 8 46 0 0 26 0 0 74 15 49 0 17 0 3 21 0 25 0 83 0 13 74 0 0 0 0 0 0 4 20 0 0 39 62 0 29 0 14 76 0 62 11 54 0 3 10 36 85 0 0 24 65 89 75 17 0 0 0 0 56 25 15 0 66 51 0 24 35 0 60 0 0 33 0 49 2 0 26 0 49 33 84 22 4 64 0 0 57 32 26 3 4 0 0 0 0 0 0 0 21 22 41 12 74 22 34 83 95 53 33 0 0 0 0 5 0 52 0 43 64 38 45 38 0 8 0 0 0 0 1 28 40 13 31 44 70 0 0 43 59 1 0 0 0 17
 43 20 0 63 0 21 21 42 0 0 3 0 33 16 7 0 0 67 0 76 0 0 17 16 0 8 0 0 0 6 9 0 4 33 19 87 28 64 67 0 33 44 0 8 47 38 52 0 18 22 0 0 38 0 0 11 0 0 0 71 0 15 0 0 13 0 0 36 60 23 21 1 52 18 70 81 29 25 12 0 22 0 0 0 7 12 0 8 0 0 0 64 0 31 0 14 0 54 73 8 21 0 57 1 9 0 84 0 0 18 0 0 67 0 0 13 10 0 0 45 0 54 41 0 99 0 0 13 42 29 0 27 78 0 16 0 20 7 0 6 0 0 0 38 0 22 0 4 5 44 0 0 0 0 0 0 10 0 0 65 0 0 0 0 0 24 0 69 32 0 0 0 0 0 35 0 0 77 0 0 16 0 12 15 68 0 0 34 0 0 8 0 68 0 0 0 8 51 64 0
 51 89 0 0 11 0 75 0 37 38 0 0 0 0 0 34 48 0 0 0 0 69 69 63 27 0 0 0 77 2 86 8 0 0 0 30 0 18 53 25 34 0 0 11 65 76 59 0 39 70 0 59 0 0 56 45 61 51 0 11 25 57 55 0 84 24 47 0 0 55 0 0 71 0 1 9 28 0 0 45 0 0 0 30 28 0 10 0 0 1 21 16 0 0 0 20 0 0 0 8 17 15 17 0 37 25 0 0 0 37 0 0 15 33 0 40 0 0 0 0 6 0 0 34 0 14 0 0 43 55 0 15 0 29 24 49 0 0 22 0 0 0 43 0 0 31 0 0 26 57 0 52 0 7 0 4 0 0 0 64 0 42 0 0 0 0 20 0 10 70 0 42 7 29 33 0 0 0 28 78 0 0 11 32 30 3 0 0 3 31 0 22 0 2 0 27 0 0 18 9
 0 0 25 14 12 0 0 56 74 0 2 9 22 0 46 0 10 0 0 0 28 0 1 21 0 65 55 0 0 0 0 0 16 37 7 30 0 0 37 31 27 0 0 98 0 0 0 33 0 71 97 48 70 0 18 0 0 12 23 12 0 15 24 21 0 0 0 54 0 26 23 0 42 43 64 19 10 20 27 21 69 0 33 0 2 0 29 67 2 0 0 2 0 52 14 0 0 0 0 0 46 0 0 17 49 0 61 13 33 5 3 3 15 9 0 0 0 0 0 41 0 0 0 0 0 0 0 0 0 64 18 0 0 0 0 24 0 0 0 11 53 34 0 0 0 0 51 44 36 0 0 31 2 0 9 61 0 3 0 0 15 0 59 8 3 10 0 0 1 0 0 0 12 30 0 33 66 0 0 52 0 0 21 0 0 0 0 0 38 14 9 0 32 35 66 0 6 66 0 0
 1 31 28 49 18 0 60 0 0 53 0 0 32 16 2 0 60 0 0 0 0 26 25 37 0 76 16 0 0 0 0 0 91 17 12 80 73 0 0 0 0 0 26 42 25 7 0 0 0 11 0 38 0 36 1 0 0 82 0 16 43 61 6 25 67 0 4 44 68 0 0 0 0 0 66 0 0 66 0 0 0 0 40 0 19 82 0 50 18 5 31 4 0 5 0 0 0 0 28 0 8 7 0 39 0 18 59 18 0 0 0 47 0 60 4 14 0 0 31 0 0 0 82 56 0 0 0 0 0 0 20 0 0 0 0 56 21 0 0 28 0 76 39 0 10 29 0 16 0 0 44 0 78 13 0 32 0 0 0 8 37 0 0 50 0 0 0 45 11 1 0 0 0 0 0 14 24 11 0 0 0 26 33 0 0 19 0 78 47 13 0 0 43 0 0 0 45 2 3 0
 0 0 0 0 21 20 0 64 16 10 0 0 0 62 26 0 0 0 0 4 0 36 20 0 0 0 3 19 0 20 0 5 77 8 0 0 20 0 86 0 0 0 0 0 0 52 18 0 0 91 3 3 0 0 15 25 0 0 0 23 0 0 62 1 16 54 0 26 0 0 0 0 17 0 16 54 21 0 0 0 21 0 9 0 13 0 56 0 33 10 0 0 0 0 8 0 0 0 0 0 3 38 22 0 0 1 0 35 0 16 0 0 43 0 0 63 26 0 0 0 0 0 72 0 0 0 48 8 0 0 0 67 30 33 57 0 8 53 7 21 0 0 43 6 84 9 68 0 0 9 31 56 57 0 0 69 78 21 42 29 0 0 0 0 0 31 8 0 0 0 0 0 0 58 26 6 44 95 7 22 0 30 49 12 0 35 0 0 0 27 0 32 53 0 0 40 50 0 87 0
 39 40 0 6 0 29 0 0 1 0 7 0 0 0 0 55 0 0 14 33 0 0 28 0 54 0 0 0 0 5 58 0 0 50 0 0 22 7 5 19 28 0 0 0 0 29 0 44 15 1 0 18 0 0 0 86 0 0 0 0 0 0 25 74 10 0 0 0 33 9 31 0 26 0 73 44 11 50 0 0 0 36 18 9 0 94 53 0 0 0 80 31 40 39 4 6 0 57 0 2 0 0 5 18 44 0 0 0 9 0 0 0 0 0 0 0 71 0 0 10 0 0 81 26 11 0 0 0 31 0 38 0 0 20 5 0 28 0 53 0 0 0 76 31 0 0 42 20 0 0 5 7 0 28 82 0 0 0 13 18 0 0 29 0 0 0 0 0 0 0 0 0 0 0 0 17 61 0 0 0 0 24 4 0 0 0 16 0 26 0 25 21 0 38 36 0 0 0 31 0
 0 0 10 0 63 47 30 0 3 0 76 0 34 21 28 24 8 37 0 0 0 14 0 0 88 0 0 58 0 0 65 52 0 30 0 0 0 34 0 4 35 0 0 56 32 0 26 0 77 23 6 50 0 0 0 45 11 42 3 1 0 50 0 0 5 19 36 22 0 10 0 0 0 1 43 0 55 0 0 0 0 0 46 54 36 0 10 1 4 0 0 83 48 43 17 47 33 24 0 0 0 65 96 0 56 21 0 12 27 54 7 3 0 32 0 50 31 13 0 0 6 0 0 0 42 44 78 0 0 0 0 0 36 0 0 6 76 0 0 0 9 0 0 16 35 19 90 0 0 0 81 0 83 0 0 58 27 0 25 0 0 25 0 2 5 0 25 0 0 0 0 43 42 18 0 1 5 41 0 0 0 0 0 0 44 2 0 6 35 53 0 0 10 12 0 0 33 0 0 0
 0 0 4 34 58 52 0 29 18 17 0 0 33 0 0 0 33 20 0 0 12 0 0 0 39 4 78 26 0 0 0 5 0 18 0 0 60 0 70 8 0 0 0 0 0 0 43 0 0 16 0 0 0 41 3 14 71 23 44 3 0 0 69 31 18 0 39 0 0 5 54 0 28 6 0 18 0 0 3 0 0 6 0 25 48 0 31 0 0 34 1 8 23 65 0 0 50 0 31 0 21 0 0 7 0 26 0 0 55 9 50 27 66 58 0 0 5 0 7 0 0 0 1 88 5 0 0 8 0 3 37 0 0 22 0 25 65 1 64 0 0 77 0 0 52 0 11 52 5 36 0 0 69 0 0 28 0 4 0 58 0 14 30 0 84 0 0 79 0 54 0 7 0 0 61 76 0 16 51 0 14 0 0 49 0 38 3 0 28 0 0 0 0 0 49 26 0 53 53 0
 0 24 30 0 58 0 59 0 43 0 70 8 27 0 14 0 0 0 4 47 0 0 0 0 0 44 0 20 0 0 0 0 0 0 0 0 14 0 17 43 0 71 0 23 25 32 7 0 0 7 6 45 45 38 0 51 0 33 0 75 0 0 0 45 15 0 33 0 0 0 16 0 3 0 5 20 10 59 0 0 27 0 0 0 78 0 0 2 0 3 28 0 14 0 47 31 15 0 0 48 0 0 43 31 29 21 32 0 0 0 0 0 76 60 22 0 12 71 0 0 0 59 0 30 0 0 50 57 19 54 0 29 0 27 0 16 0 0 0 0 0 60 0 48 0 0 0 63 92 0 0 32 11 3 0 36 12 60 0 35 24 9 52 0 25 80 26 46 48 38 44 0 44 43 0 4 0 0 2 9 0 0 63 0 0 71 17 0 0 0 0 0 0 41 59 47 10 0 39 73
 43 25 48 28 83 0 37 10 40 2 28 24 0 23 3 0 36 0 0 34 0 66 9 0 33 0 4 2 97 35 24 0 0 31 33 32 0 35 11 0 0 1 2 21 0 38 0 0 0 0 0 0 31 0 66 58 0 0 24 0 0 0 9 35 19 0 0 46 0 38 41 0 0 8 32 22 3 67 0 0 37 0 32 27 0 7 37 0 52 44 1 84 0 13 20 0 15 0 16 6 0 0 0 40 0 10 32 19 0 0 5 6 15 43 6 33 0 21 29 65 0 0 35 6 0 39 56 0 0 18 0 0 0 0 0 31 33 0 15 0 1 0 32 26 0 51 18 0 76 0 22 0 0 18 28 72 0 19 0 0 0 0 8 0 0 0 66 0 0 0 37 76 0 0 0 53 0 0 36 48 48 0 41 0 0 92 42 0 0 19 0 26 10 0 10 21 11 63 4 0
 58 0 4 26 0 11 15 0 0 0 0 14 41 6 38 0 0 0 43 0 15 1 0 24 11 0 0 0 0 70 6 0 0 0 0 3 10 67 0 53 0 16 86 0 60 0 24 16 0 0 0 48 0 11 34 44 14 0 48 0 7 54 14 0 0 16 0 35 0 0 0 0 54 48 38 29 38 0 55 16 56 44 0 68 0 0 16 0 13 12 0 2 0 0 28 0 0 0 19 0 0 65 19 0 0 0 59 56 78 0 0 46 22 0 16 52 12 11 17 0 2 62 0 0 0 0 0 0 21 0 6 0 0 0 0 51 21 32 0 10 0 61 32 71 0 1 63 23 0 6 38 0 8 0 19 0 0 38 0 0 54 68 51 5 35 0 0 1 0 74 0 98 0 0 0 0 67 89 59 12 0 0 0 54 31 2 0 3 0 75 100 0 0 11 35 0 21 1 15 14
 33 0 27 0 0 0 0 33 0 65 0 13 0 70 0 45 95 0 27 63 9 0 29 39 0 11 7 0 0 15 29 0 0 0 36 49 25 83 12 0 0 0 0 0 49 0 9 0 0 27 0 47 0 0 0 0 0 0 28 53 0 44 81 0 0 0 0 1 79 0 0 0 0 9 61 0 0 0 23 1 0 0 55 0 7 67 23 0 0 81 20 0 51 0 40 28 24 0 0 0 0 4 0 54 0 0 8 0 16 6 0 0 0 0 53 27 0 0 70 48 29 0 7 12 61 0 55 23 20 0 0 0 51 12 0 0 36 22 0 0 23 4 0 0 12 0 0 22 77 0 0 14 23 0 0 0 0 28 0 0 0 43 46 31 81 40 50 39 0 0 1 0 19 0 0 0 0 91 0 39 23 0 4 17 16 0 0 19 71 0 0 29 44 17 0 0 21 0 9 5
 10 0 0 0 0 59 45 37 0 0 8 0 0 0 77 0 0 56 72 73 51 11 23 0 0 0 5 52 0 0 0 13 0 15 0 0 0 0 0 0 0 1 0 26 5 45 0 0 9 0 0 0 0 0 0 0 23 18 0 52 0 16 0 32 72 37 43 0 0 62 41 94 54 36 9 63 0 0 6 8 0 63 5 0 0 0 0 0 27 4 32 0 0 57 0 41 2 62 54 15 0 17 12 3 0 0 17 0 43 8 74 0 0 8 0 0 23 9 0 55 57 32 0 0 0 0 0 21 0 0 27 0 0 37 80 34 6 24 35 37 0 0 17 10 0 0 0 68 0 22 0 0 32 0 48 13 0 8 0 0 0 0 0 50 0 17 79 3 20 53 0 0 0 0 0 0 15 42 85 0 83 0 0 59 0 0 1 0 12 0 0 74 0 6 17 56 0 0 0 19
 0 0 20 76 0 11 0 0 0 0 69 0 25 0 0 0 0 45 20 0 6 0 20 0 0 42 0 0 13 87 47 79 17 0 39 2 0 42 17 0 55 0 32 0 16 0 44 26 0 22 35 0 33 0 0 0 0 82 20 0 0 11 0 45 47 41 66 0 48 0 0 0 0 79 59 0 0 14 0 41 0 9 0 0 0 17 5 25 47 0 8 0 42 25 0 79 22 9 15 82 0 0 16 4 0 0 12 0 0 0 42 2 0 12 30 0 0 0 0 0 5 45 0 77 0 36 0 0 36 17 0 0 6 49 0 0 0 23 44 0 3 34 0 58 81 77 0 38 0 70 24 0 0 30 0 59 45 25 0 0 0 0 0 0 39 0 3 36 0 0 0 0 20 0 0 15 29 59 0 0 0 11 0 0 0 0 38 0 10 0 69 0 0 0 0 0 0 18 46 0
 1 40 0 24 22 0 0 0 0 0 5 0 74 47 58 70 24 0 0 0 0 58 12 0 0 23 10 3 23 40 0 53 0 0 0 55 16 27 0 0 0 0 68 0 0 0 47 0 0 35 35 24 0 0 4 0 0 6 0 11 0 93 0 18 65 0 0 78 0 0 14 0 0 22 0 0 0 0 0 0 0 0 0 18 11 7 3 0 0 25 30 0 19 63 63 0 0 23 0 0 0 6 0 30 7 0 0 0 0 10 9 86 94 25 30 6 40 0 21 11 2 0 7 0 9 8 0 27 0 0 0 65 0 57 0 53 0 8 0 30 0 14 47 0 0 0 26 49 44 0 0 9 36 0 33 0 38 4 13 7 0 0 0 0 0 0 0 36 0 83 0 3 0 40 15 59 0 31 28 34 42 28 0 0 22 0 0 0 22 3 27 22 55 0 59 21 0 31 0 0
 9 0 0 0 33 0 25 34 45 0 63 0 1 0 0 14 0 0 62 1 0 0 62 0 68 0 0 0 0 23 16 2 0 24 0 0 0 0 7 0 0 0 0 27 0 16 0 0 21 0 1 0 14 56 2 19 0 0 70 37 11 74 0 0 0 34 0 33 38 0 18 21 5 46 12 0 0 0 0 32 0 0 0 0 18 54 16 10 0 0 47 36 9 0 8 13 0 58 71 0 0 0 26 11 0 0 0 0 29 40 0 0 0 47 0 0 79 0 0 18 0 0 58 0 13 11 0 0 66 0 0 0 0 76 0 0 97 0 17 0 0 0 40 25 1 64 12 23 0 0 0 53 47 0 0 0 23 49 0 10 0 0 0 0 0 0 52 59 0 0 0 0 40 55 0 64 0 11 29 0 0 0 0 29 0 16 74 34 0 3 0 0 0 0 0 0 63 0 41 0
 0 12 17 0 0 0 28 33 4 0 22 0 0 63 58 29 0 0 0 43 38 2 0 0 19 0 8 15 19 0 30 9 0 0 0 0 36 21 4 0 6 0 20 32 49 23 0 0 0 1 0 17 35 0 0 0 0 45 0 0 76 0 66 0 0 53 0 0 0 5 62 67 0 0 69 52 0 0 0 30 39 0 31 0 24 50 0 25 57 0 41 0 62 69 86 0 4 0 2 8 83 0 67 70 24 12 0 0 0 0 21 0 0 44 46 29 49 39 60 0 0 0 53 0 31 0 56 22 36 46 1 0 0 0 0 72 8 14 0 0 27 10 0 0 65 0 42 0 26 29 0 25 0 61 46 82 1 19 71 6 0 37 0 0 78 0 61 0 0 0 0 0 0 48 0 3 20 0 80 31 43 40 0 0 0 43 56 0 38 20 0 0 0 0 0 0 2 0 0 5
 55 72 0 0 0 8 0 0 0 0 0 0 0 0 0 0 0 50 7 73 0 72 17 0 0 0 0 0 0 12 0 0 0 0 0 42 0 0 0 18 0 2 0 0 67 27 0 0 0 0 49 20 59 0 27 20 60 5 0 26 87 0 24 48 46 0 0 0 0 0 1 81 0 0 0 0 0 0 0 0 0 93 78 0 0 0 0 24 0 36 0 33 3 0 0 0 52 0 0 0 1 0 0 43 0 71 71 0 0 0 5 32 0 34 0 55 0 0 0 45 29 30 9 0 0 23 40 70 35 0 34 0 0 0 61 0 0 0 26 0 76 0 0 33 0 20 62 0 0 43 0 66 48 0 0 74 45 48 0 67 69 0 51 0 30 0 0 0 79 0 0 0 0 0 26 0 41 0 0 0 2 0 19 47 87 0 17 0 0 0 0 33 15 12 0 29 0 0 16 17
 0 46 0 0 33 0 2 19 0 13 19 0 41 55 0 24 3 11 53 0 0 43 0 0 36 0 28 0 0 28 0 68 0 21 0 0 0 0 0 0 0 3 13 57 0 0 0 0 68 0 4 39 0 75 0 27 1 4 0 0 0 0 0 0 0 0 50 19 3 50 22 0 23 9 82 56 0 5 27 0 32 0 0 0 0 12 0 32 7 0 0 0 0 37 0 12 25 0 0 20 19 9 0 0 0 0 0 37 0 46 0 24 0 0 0 33 71 0 17 32 0 9 0 22 0 0 50 0 4 0 0 0 60 0 18 0 10 68 0 0 0 0 0 45 84 49 25 4 24 0 3 0 45 0 0 9 0 0 0 3 60 12 0 0 0 68 20 82 60 40 0 6 0 0 0 0 0 8 0 8 55 0 0 60 34 0 0 0 49 9 81 3 52 16 0 0 22 43 1 76
 0 42 11 0 41 0 0 47 0 68 0 0 0 9 9 0 8 0 0 0 2 7 3 0 9 1 30 18 0 57 14 0 18 4 0 0 0 27 53 0 0 0 48 60 41 94 0 0 0 0 27 24 0 2 0 27 64 0 0 59 22 0 0 0 93 17 0 0 0 0 0 65 10 0 41 2 17 0 0 32 0 0 0 0 0 14 0 5 10 15 0 44 66 5 0 0 11 36 39 22 74 52 53 38 0 33 0 0 0 40 0 7 45 33 0 30 68 12 0 71 84 20 0 7 14 59 0 0 86 43 37 0 22 0 3 0 0 0 0 78 57 0 0 0 0 0 10 0 0 0 0 0 52 0 2 0 33 25 0 3 0 0 0 0 0 35 0 21 0 0 0 0 0 13 62 0 6 0 0 39 20 41 51 46 54 24 28 22 19 6 10 0 8 0 0 0 62 30 7 25
 6 61 0 0 18 39 0 86 0 0 0 4 0 7 0 0 55 0 33 0 0 0 78 0 78 0 22 0 72 0 0 0 43 8 0 18 0 0 0 88 0 0 0 52 0 43 0 0 0 32 14 0 2 0 21 18 0 0 0 0 0 7 9 85 0 0 0 18 0 0 32 2 44 87 37 0 27 2 0 0 3 0 0 0 43 53 26 32 0 0 7 11 0 13 91 0 51 0 18 30 28 0 65 59 20 0 38 0 0 0 16 69 0 20 0 28 0 50 33 0 63 43 0 11 0 30 0 0 30 0 24 0 0 53 48 0 13 0 0 28 0 0 36 0 18 0 43 71 0 76 31 86 25 0 5 42 35 71 29 52 34 78 32 0 0 0 0 67 0 8 48 31 0 0 0 0 14 30 5 22 43 0 0 9 0 0 0 0 0 32 33 0 4 10 0 71 0 0 33 91
 0 0 0 0 20 1 30 0 41 0 55 36 4 70 3 20 13 5 0 0 0 35 25 0 3 0 0 0 0 38 0 12 0 0 52 0 0 34 0 0 0 64 18 0 0 25 50 0 17 0 40 0 34 8 0 33 10 0 59 2 0 0 48 0 0 55 0 6 0 23 26 0 9 0 38 65 5 19 0 40 0 0 0 40 29 33 3 0 8 0 25 0 21 35 0 32 0 0 0 3 0 29 8 0 14 5 26 0 78 0 0 87 0 0 75 0 0 0 24 13 61 44 0 24 49 30 7 0 3 65 0 15 0 64 2 73 0 11 0 0 0 16 36 15 0 22 0 22 0 78 28 44 62 63 81 0 20 0 1 63 23 51 50 55 65 27 2 0 0 0 23 28 0 0 0 0 59 0 0 0 35 57 0 0 55 13 53 0 0 0 41 30 0 54 0 0 13 0 0 0
 8 55 0 8 0 0 0 79 14 0 0 0 0 3 55 23 50 16 12 58 56 59 58 37 8 2 50 0 0 0 80 0 54 34 1 62 44 0 0 0 0 2 37 0 0 18 61 0 0 7 0 45 0 46 5 10 0 0 53 0 12 8 7 5 0 0 0 33 54 0 3 32 46 0 20 0 0 0 59 0 0 0 50 0 49 60 0 0 0 30 0 68 20 67 0 0 30 24 36 0 21 10 61 0 0 15 6 11 0 0 0 0 0 75 43 0 28 0 0 0 88 0 14 0 7 54 36 32 0 0 0 0 60 0 0 38 67 0 0 5 88 0 6 0 32 0 0 26 8 0 51 0 39 0 0 0 0 79 0 0 0 0 0 0 18 0 0 0 71 0 0 19 0 0 22 0 0 11 9 31 77 51 16 1 51 0 0 83 47 15 0 0 28 7 0 62 5 2 27 26
 0 0 46 27 0 0 0 0 49 68 34 0 18 51 46 0 25 0 7 67 29 0 0 0 7 0 0 0 0 0 4 35 0 40 38 28 0 11 0 7 26 0 0 16 10 39 0 0 0 57 64 7 0 18 33 1 48 0 58 0 33 38 0 0 25 0 18 26 3 0 8 0 64 0 18 0 8 0 0 0 0 65 4 0 0 68 0 0 0 0 0 0 0 0 0 49 56 0 0 3 71 4 44 57 0 25 0 60 0 55 0 0 53 16 88 0 0 0 0 0 17 30 71 6 0 42 49 0 0 1 41 0 0 0 0 25 67 0 3 75 0 82 64 0 0 0 13 0 0 53 0 2 27 0 3 24 0 53 55 14 0 0 10 0 0 0 26 0 37 20 4 0 65 0 0 56 28 0 14 19 0 51 3 15 0 15 0 0 47 0 0 0 0 12 0 28 0 20 24 0
 0 0 42 56 11 73 0 10 33 52 28 0 0 0 0 5 58 0 44 41 17 4 0 73 0 85 32 24 84 0 0 0 0 8 27 79 77 0 8 63 2 0 0 0 64 0 0 8 96 54 60 0 35 19 0 63 0 20 61 0 9 0 32 0 64 28 36 83 46 65 0 0 0 26 6 0 0 27 34 51 0 16 0 28 0 0 12 0 36 53 2 0 0 0 0 0 0 0 0 86 17 0 0 0 35 0 61 0 34 0 5 70 0 0 0 0 43 30 61 14 0 0 25 45 0 0 0 0 0 0 6 0 60 0 0 9 0 0 0 0 40 0 62 69 0 0 0 0 0 0 32 33 0 20 53 43 26 16 0 41 7 65 76 0 0 58 2 7 36 0 7 15 37 0 44 0 28 0 0 30 9 3 0 0 0 0 0 14 52 36 14 65 66 0 50 13 0 0 15 50
 0 62 85 0 19 0 0 0 0 0 0 3 0 0 0 0 0 0 86 0 10 0 0 0 26 18 0 8 0 0 0 56 0 15 0 25 0 0 0 36 34 9 0 0 0 0 59 71 25 0 0 2 17 0 0 64 0 3 8 36 0 0 10 36 26 33 31 3 0 37 0 58 0 0 6 46 0 33 7 0 20 0 0 29 0 0 10 0 0 80 0 96 12 0 51 0 14 43 4 0 12 0 17 0 36 0 0 0 27 0 19 0 16 21 69 5 0 0 0 0 20 0 0 2 0 51 0 0 10 0 0 0 47 27 0 0 61 52 75 7 0 0 0 17 0 0 0 0 0 0 0 83 0 0 0 0 4 32 24 0 19 32 0 0 14 57 68 0 0 69 0 0 3 0 0 0 0 62 0 0 7 0 17 16 35 0 0 0 0 70 0 23 0 7 14 66 0 0 0 19
 21 0 0 66 0 0 87 0 33 0 0 17 0 27 0 10 4 0 0 0 0 60 40 0 0 56 21 17 32 0 0 0 0 10 0 0 0 0 0 16 30 0 17 30 41 0 0 0 12 22 0 8 25 15 43 0 0 11 30 15 0 83 8 0 0 20 23 89 0 6 53 0 0 0 0 0 0 4 62 81 16 0 41 5 11 0 0 0 0 24 57 1 56 30 0 20 3 0 0 15 40 68 20 0 0 0 8 31 22 0 20 30 0 0 0 24 52 0 24 0 0 1 67 12 25 60 0 0 1 0 0 3 0 0 66 0 20 0 0 33 83 28 0 62 0 28 58 0 0 46 27 0 0 0 61 37 0 0 0 0 18 0 0 0 58 4 0 0 17 91 6 36 2 0 0 13 0 30 44 34 0 0 0 0 0 4 9 0 0 11 7 10 85 0 16 39 53 20 31 10
 9 77 0 95 8 0 62 0 58 39 0 53 6 0 0 0 61 0 0 38 32 33 0 34 0 18 2 0 17 23 0 30 0 0 0 77 23 0 44 0 0 59 25 0 40 65 0 27 0 0 0 0 62 14 0 0 0 42 0 8 26 17 0 55 28 29 0 51 0 10 9 58 66 0 0 0 0 0 0 34 0 0 35 55 0 0 0 42 0 41 0 0 0 49 4 5 0 11 25 0 69 32 71 34 0 56 31 0 35 56 0 0 0 0 23 0 43 0 0 0 0 0 2 0 0 65 0 0 0 31 0 61 27 0 0 0 0 7 0 0 2 4 0 0 24 0 9 0 22 0 0 0 26 0 29 12 20 17 7 0 14 0 0 20 0 46 0 5 43 0 0 9 0 21 75 6 52 0 0 0 28 0 0 0 0 46 68 66 0 0 0 0 0 0 86 0 0 41 0 40
 0 5 0 0 53 4 9 28 0 0 15 0 0 52 46 0 42 44 57 0 0 0 64 0 0 13 74 51 33 39 0 0 28 0 0 24 12 69 0 0 49 1 14 34 0 47 3 13 0 31 0 0 53 3 0 5 53 11 0 0 0 0 0 64 0 18 20 27 0 0 0 53 0 57 54 0 71 6 0 0 7 6 28 0 0 0 0 21 10 41 28 0 18 0 25 0 63 58 22 19 74 48 0 3 0 42 0 0 20 0 16 34 21 75 0 0 0 20 7 0 0 0 28 24 6 37 17 0 17 27 0 11 2 14 29 0 0 44 0 19 11 60 0 29 14 5 25 0 0 0 0 0 0 0 11 0 0 45 1 0 13 68 38 30 0 67 10 3 0 0 0 0 4 0 0 0 0 0 0 0 22 0 10 32 0 28 0 0 2 70 1 0 0 59 0 0 0 20 17 0
 0 0 0 12 0 0 0 2 0 0 0 55 31 0 53 0 0 0 0 3 0 0 4 2 0 0 52 0 0 70 0 58 21 0 84 59 22 0 0 0 31 13 11 0 77 0 0 51 4 0 0 0 0 0 23 0 8 92 0 0 0 89 0 23 0 8 0 37 0 14 7 14 0 0 3 0 46 3 21 0 20 0 0 20 42 79 0 10 41 91 0 0 17 0 0 0 55 0 0 16 66 9 0 37 71 0 0 54 35 0 0 50 0 16 0 0 66 19 28 1 0 44 1 56 2 1 67 66 42 53 18 22 0 0 0 13 16 0 0 0 0 53 72 65 73 0 49 42 0 0 79 0 30 61 6 0 0 58 85 0 16 42 0 15 0 0 22 0 20 37 86 25 22 0 0 0 13 0 46 0 66 0 0 0 0 29 0 0 45 22 41 0 0 0 14 0 49 0 21 0
 6 53 0 11 25 0 0 0 0 12 0 0 69 0 0 11 0 92 32 62 0 0 34 49 0 30 0 0 75 27 0 0 15 30 0 56 0 63 93 17 31 0 0 0 33 0 0 0 42 0 0 72 12 0 0 9 22 100 0 38 21 0 0 12 0 33 28 30 12 50 0 0 0 0 35 0 0 9 0 0 0 0 3 0 37 21 0 0 21 82 10 5 0 0 0 0 51 19 0 0 30 10 1 0 34 25 0 22 0 0 79 0 81 0 0 0 0 0 0 0 41 23 36 0 0 75 0 0 86 54 55 31 0 13 28 90 15 0 11 84 18 28 0 31 0 0 0 0 69 6 27 0 57 28 40 0 4 7 0 12 22 0 19 0 0 49 0 0 0 0 31 43 65 0 0 17 77 0 12 56 0 64 8 0 0 0 0 21 0 51 0 0 9 0 35 72 0 62 0 0
 0 0 0 0 25 0 22 0 0 10 39 43 0 0 0 0 0 0 0 0 18 0 46 0 0 0 0 0 0 0 48 0 98 65 0 0 0 0 22 1 44 25 0 35 31 0 25 0 0 0 85 0 0 61 0 0 0 68 65 28 0 0 42 28 41 0 16 0 0 45 1 0 0 21 0 38 29 0 0 20 44 49 15 43 0 5 0 0 0 64 0 0 0 34 0 14 30 0 0 0 0 20 49 2 28 0 0 0 9 16 7 0 76 16 0 24 16 0 66 0 19 0 15 37 32 0 0 0 0 89 0 22 50 52 58 21 0 91 0 37 5 0 10 0 45 21 0 62 38 0 0 21 0 3 0 10 0 0 0 0 0 7 16 0 0 0 30 0 0 45 0 0 0 63 0 0 0 0 0 0 23 33 0 0 0 0 27 0 0 0 5 32 29 7 13 4 0 85 3 58
 0 0 3 60 18 13 32 5 12 0 0 0 0 0 0 50 0 47 20 61 0 0 12 14 43 0 35 0 0 82 0 22 0 26 0 4 0 8 0 21 0 0 0 69 0 15 0 62 0 0 0 0 47 23 48 24 0 19 6 0 42 85 20 0 16 33 0 0 30 0 56 44 0 32 4 72 24 0 0 0 58 0 0 0 48 0 49 0 0 0 0 0 17 0 25 26 0 0 25 22 0 0 45 0 34 0 65 66 0 59 0 31 11 29 0 0 43 0 0 1 5 0 0 83 60 4 64 0 0 5 27 31 25 0 0 3 0 24 11 95 0 39 12 3 0 0 4 35 0 0 0 85 0 16 18 0 50 3 0 38 43 0 75 70 0 22 36 0 0 13 0 0 0 43 0 0 0 0 3 7 0 19 0 81 3 53 0 0 1 3 0 0 26 0 0 42 0 13 39 0
 28 0 0 0 24 0 58 0 0 49 19 0 44 49 0 0 0 0 3 51 0 11 0 0 52 0 10 1 35 0 0 62 38 72 0 0 0 35 1 0 0 20 0 73 39 0 46 33 65 5 97 49 4 48 0 0 47 0 46 57 65 0 36 0 27 58 70 38 4 76 0 46 0 0 25 0 0 53 0 12 0 0 2 5 33 0 60 13 64 0 0 0 8 0 0 0 33 17 0 0 45 5 0 0 64 25 0 52 68 2 33 94 0 33 68 41 75 19 56 0 53 28 74 6 0 0 0 0 0 0 0 68 62 2 0 65 40 5 10 0 0 0 0 0 13 0 1 0 58 0 0 0 0 63 25 27 62 6 76 0 0 35 15 9 0 0 16 0 0 63 0 53 0 6 11 0 0 0 58 0 18 13 0 0 0 0 0 0 70 0 0 0 0 6 0 73 57 75 0 0
 0 49 0 46 0 0 0 32 0 30 0 22 65 46 67 0 1 0 0 0 0 51 39 0 16 35 16 11 68 76 20 89 0 15 12 16 56 0 19 13 0 85 29 60 0 0 38 0 80 41 0 0 0 0 4 4 24 0 0 67 40 0 66 0 0 9 0 0 45 0 11 79 59 13 0 0 27 0 51 0 14 0 34 0 11 42 0 0 43 0 32 27 0 35 0 0 0 0 0 73 58 64 0 25 0 71 55 8 39 0 45 0 46 89 64 19 0 0 8 59 0 23 0 0 73 0 0 15 41 0 0 0 81 0 6 17 0 0 0 49 29 0 0 26 0 0 0 0 37 51 19 0 0 0 56 0 0 0 32 21 43 38 91 58 0 0 26 0 71 0 0 8 0 2 0 58 35 16 33 28 0 0 55 0 0 0 0 0 0 42 52 0 31 0 10 1 0 0 57 44
 0 0 0 43 25 0 0 0 24 7 0 0 0 0 16 0 6 5 0 24 77 0 0 0 31 17 42 0 0 42 0 0 0 0 0 0 0 0 0 0 30 0 0 0 0 0 0 37 32 0 6 0 0 49 0 23 0 0 63 59 53 0 87 45 22 0 0 0 0 0 0 0 0 28 0 7 8 4 90 10 70 0 0 0 4 0 6 55 0 27 1 0 27 0 46 19 24 4 48 0 12 45 0 0 22 0 0 10 32 0 0 0 0 0 36 65 43 52 0 0 35 2 54 0 78 22 0 2 0 0 24 0 50 27 75 5 0 3 4 0 24 0 59 29 23 0 0 23 20 0 22 0 0 47 83 56 25 64 0 57 9 27 0 83 0 22 0 0 0 25 61 47 21 8 14 0 10 0 49 6 8 21 0 14 0 35 0 0 40 0 54 49 0 0 5 3 0 0 45 0
 0 0 0 0 0 0 51 0 24 10 25 0 0 0 0 0 6 0 0 9 70 0 0 0 0 44 26 0 69 0 23 0 0 13 0 44 24 0 34 0 15 10 19 0 10 0 0 61 0 0 0 56 56 55 0 54 10 15 45 8 0 9 0 14 0 0 0 0 0 0 0 0 0 14 12 0 43 0 70 0 82 90 16 0 29 71 1 0 42 0 47 0 0 36 36 0 3 0 0 0 17 39 0 0 31 32 36 26 83 0 0 96 41 23 70 0 0 0 0 0 74 0 22 42 0 34 0 48 0 0 4 72 0 0 72 0 7 57 1 0 22 0 57 7 0 66 0 0 0 0 0 9 0 36 5 0 6 27 75 66 34 51 59 44 0 29 18 27 0 36 0 11 0 0 0 0 0 2 32 19 13 57 0 79 0 7 0 8 16 54 78 26 51 0 0 60 0 24 40 23
 8 10 0 7 25 0 0 67 0 0 21 48 35 11 19 0 0 0 0 0 0 0 0 6 0 0 0 0 2 0 0 0 26 25 0 0 17 52 0 0 27 0 0 44 23 0 0 12 0 0 0 0 4 0 9 4 25 86 78 2 0 19 25 0 75 0 0 48 0 29 0 12 0 28 0 19 83 0 43 0 0 0 74 52 28 27 0 0 52 48 0 0 0 80 0 24 18 0 29 0 0 0 22 26 0 0 0 0 0 12 0 5 0 41 0 18 56 51 60 0 0 0 0 20 27 43 46 0 0 0 0 0 0 0 75 25 31 0 0 23 0 0 12 46 80 10 0 0 64 0 0 0 14 11 0 0 37 27 27 0 50 24 27 0 0 5 0 4 58 0 50 0 0 0 0 0 40 3 18 17 0 0 57 0 0 33 64 43 0 74 34 0 0 47 1 62 37 0 0 0
 68 36 51 0 29 0 0 0 16 92 0 29 53 0 17 35 0 0 36 0 51 0 65 17 30 16 0 0 0 0 25 0 65 0 47 0 8 7 0 19 0 0 64 47 2 20 4 17 18 11 0 0 0 0 26 62 0 0 17 0 75 0 0 19 42 42 14 0 12 0 10 0 0 0 69 0 0 18 58 22 0 7 0 37 0 0 0 23 3 0 0 24 0 37 0 22 31 0 0 41 54 0 0 0 0 0 33 0 0 0 0 28 12 0 0 33 0 6 0 17 0 0 24 0 0 20 15 0 0 48 52 0 62 40 0 0 52 0 0 25 28 0 0 0 7 0 0 0 39 41 0 23 4 4 0 45 0 0 0 0 0 42 0 71 2 41 49 0 0 13 0 1 0 0 0 34 27 26 51 17 6 0 0 0 21 16 0 64 0 51 0 70 0 0 0 0 17 51 0 17
 44 32 0 0 0 13 14 0 0 35 19 61 10 19 31 23 12 45 6 0 17 20 0 0 0 55 6 11 4 0 1 0 52 55 0 58 22 21 24 23 67 70 0 24 0 4 0 21 37 0 0 0 42 0 50 0 14 0 26 0 0 89 17 0 0 18 0 0 0 0 12 13 34 0 0 0 0 0 0 45 0 0 0 0 56 38 0 35 0 44 0 0 0 0 0 39 36 0 0 25 31 43 0 12 12 0 53 95 0 0 0 0 0 16 0 18 0 32 45 0 21 63 26 0 61 0 0 40 48 0 0 0 81 0 0 18 58 75 53 0 26 69 1 46 0 0 74 38 0 12 0 8 0 0 0 22 0 0 0 5 0 0 0 0 3 19 10 0 20 0 62 0 0 24 0 0 24 0 50 22 90 21 18 0 0 23 17 33 0 0 0 0 20 51 0 0 0 0 0 16
 57 25 0 5 0 0 38 0 0 0 0 17 0 0 0 0 0 0 0 0 0 18 37 21 0 6 27 51 0 0 43 37 24 56 0 34 22 66 0 37 7 0 0 64 29 15 62 77 0 0 78 5 0 77 54 22 57 0 0 87 0 0 10 83 30 0 35 0 8 0 14 21 2 0 0 89 30 0 0 63 19 44 6 0 0 66 0 50 25 47 0 0 8 47 63 0 26 0 31 0 64 14 0 0 16 0 71 0 22 15 0 0 5 0 24 0 84 33 17 38 23 0 11 0 78 32 7 21 0 80 0 0 17 0 0 39 30 0 86 0 0 41 0 27 36 0 49 24 0 0 65 6 0 0 6 0 0 0 16 0 37 1 0 0 0 17 26 0 49 24 0 26 25 0 38 0 0 0 39 40 73 0 0 0 29 51 22 0 7 0 11 0 15 0 0 3 21 0 0 0
 0 35 91 44 0 11 0 0 67 0 0 0 6 20 0 3 0 43 4 0 0 0 29 0 0 0 60 57 0 34 7 0 0 0 3 66 2 54 15 0 21 0 74 58 33 0 1 0 92 0 46 0 28 33 0 0 1 83 62 16 25 6 0 80 56 0 41 60 0 0 51 0 91 0 0 31 0 0 0 0 0 1 9 0 42 24 0 0 0 53 54 56 74 6 79 0 44 0 0 31 0 0 0 25 64 41 44 56 0 92 0 3 0 58 79 45 66 0 0 6 0 0 21 0 0 13 0 61 0 0 0 5 0 39 35 0 0 57 10 48 0 15 0 48 0 39 0 2 0 0 0 26 16 18 9 0 10 0 0 18 0 54 0 0 78 2 73 0 31 0 0 85 54 0 0 11 43 22 31 84 54 0 26 70 0 0 12 0 40 69 0 36 29 0 86 1 0 2 96 44
 54 2 0 0 7 17 0 19 24 0 0 0 44 0 0 0 22 81 0 25 0 28 0 75 58 59 5 0 81 6 0 0 42 0 49 0 0 0 33 41 0 0 26 49 0 65 0 60 48 0 13 0 0 58 0 0 0 0 74 0 0 0 0 0 57 0 0 6 51 45 15 24 15 29 15 0 0 0 26 26 0 77 39 32 0 25 0 0 0 5 6 0 40 0 33 18 0 0 10 79 0 31 25 36 0 20 75 0 59 0 40 0 17 33 0 0 9 0 11 57 0 37 0 13 0 0 0 14 0 0 44 69 0 0 0 73 0 0 55 27 100 0 0 28 0 0 0 0 46 8 9 37 0 11 22 0 0 67 47 0 0 0 0 19 0 0 0 0 0 0 3 11 30 0 8 18 47 3 38 30 13 0 0 0 20 0 0 0 59 4 75 0 50 22 17 0 0 0 12 24
 0 0 0 6 0 0 0 0 0 0 24 7 0 0 62 0 0 0 0 0 5 26 87 0 55 0 52 0 0 0 0 0 46 2 28 34 0 56 58 1 0 25 7 0 0 0 0 0 0 0 48 0 0 0 0 76 0 0 20 0 0 0 29 4 30 0 0 0 0 3 0 7 0 0 0 29 29 22 0 32 95 0 20 0 51 9 0 0 43 0 0 0 0 27 19 18 43 33 63 86 0 0 9 53 53 0 0 18 0 0 61 0 0 76 0 10 13 33 15 0 11 0 11 37 0 0 0 0 0 20 0 93 90 41 53 44 57 0 0 0 43 1 2 0 89 0 0 37 3 17 34 0 0 35 0 23 76 0 70 0 0 0 76 0 0 87 0 0 0 3 0 25 29 47 38 41 50 0 0 0 0 0 0 0 17 14 97 0 0 0 0 55 19 0 29 0 0 93 0 68
 0 26 41 79 0 51 50 0 59 0 16 50 38 53 27 0 81 0 76 14 0 0 0 16 0 0 0 0 25 5 70 0 96 0 0 0 10 62 65 0 0 0 19 4 0 0 11 0 10 28 32 32 53 42 69 0 0 0 0 0 0 4 0 0 20 0 0 0 0 32 6 15 48 0 23 0 0 26 22 49 0 0 21 56 0 5 75 0 54 0 0 0 0 15 0 81 18 0 9 0 6 0 0 0 77 19 55 0 0 59 0 29 0 0 67 52 38 39 0 0 0 0 0 22 2 29 11 0 1 0 0 54 60 0 0 0 11 0 86 64 71 0 93 28 0 0 38 0 22 0 34 0 16 12 0 20 0 70 38 0 0 89 0 64 6 12 0 3 8 0 22 0 66 14 0 0 32 0 44 0 30 53 58 0 0 5 0 47 39 0 7 0 0 17 30 0 21 45 0 0
 42 0 85 42 0 7 0 0 0 28 0 4 10 0 12 0 33 44 68 0 0 0 0 0 47 50 0 66 0 5 0 0 0 48 55 0 36 0 11 18 46 80 0 0 0 0 13 13 16 0 0 4 74 0 48 0 0 36 27 11 43 0 37 65 14 0 67 36 26 47 0 23 5 0 0 1 50 5 0 30 18 0 25 0 28 12 68 30 0 45 0 0 7 32 52 0 4 0 0 24 24 14 0 0 0 36 0 0 0 4 0 0 30 0 46 0 0 47 66 0 4 2 0 0 0 69 0 0 0 6 0 0 0 0 0 0 26 0 0 0 0 44 0 31 0 0 0 13 0 4 35 33 0 0 0 0 20 0 0 0 0 87 0 59 0 2 80 0 0 0 0 0 0 52 0 29 50 0 0 52 0 0 0 0 14 0 0 0 71 62 56 0 0 0 0 0 0 0 18 23
 25 7 5 0 24 0 46 5 37 0 0 0 47 0 26 23 2 94 0 0 28 0 6 0 0 0 22 0 0 48 1 0 45 13 0 37 0 26 26 43 0 0 0 72 26 0 17 31 0 0 69 0 0 55 3 0 0 18 92 60 0 0 48 0 0 0 54 1 0 7 40 0 0 12 0 31 41 0 0 0 0 28 24 0 0 68 0 0 30 0 0 0 0 67 11 14 0 0 41 7 56 0 0 16 0 0 92 3 21 0 36 0 31 0 0 20 0 73 0 60 0 77 44 23 56 0 0 0 2 0 55 0 96 0 49 0 0 84 0 2 36 0 0 40 29 6 0 29 35 0 0 15 2 68 16 0 0 0 0 13 4 39 25 31 0 0 0 38 17 5 30 49 34 48 2 9 0 48 5 0 0 0 13 0 0 70 0 36 0 0 0 0 0 37 13 13 57 80 10 0
 35 0 0 0 43 0 0 24 0 0 48 0 26 2 0 14 0 0 0 0 10 0 0 7 44 49 6 0 3 0 0 0 34 75 59 3 0 24 46 0 8 66 0 0 77 0 60 7 15 0 22 0 42 70 0 19 0 0 0 0 0 0 10 0 26 0 72 0 58 82 24 68 0 0 0 38 40 1 53 3 48 0 47 0 35 36 37 0 0 0 1 0 0 1 0 0 0 0 0 0 77 0 0 3 0 52 27 0 0 23 53 0 10 0 22 0 0 12 33 0 22 14 50 62 0 17 0 24 76 0 36 58 21 24 0 0 21 50 36 0 41 3 68 65 0 76 0 0 12 41 51 0 0 0 0 8 22 0 0 0 36 0 12 0 0 66 0 22 0 0 61 58 0 24 0 0 0 0 0 0 43 0 0 1 50 58 5 71 0 0 0 0 0 0 0 0 0 80 0 18
 0 14 0 22 33 0 30 21 46 28 0 0 71 0 32 22 95 0 0 16 5 46 0 9 63 0 9 0 2 24 26 56 10 0 69 23 0 84 5 21 0 0 0 0 9 37 36 1 7 0 8 0 59 0 14 0 11 91 0 65 89 0 7 47 34 0 37 39 0 0 0 26 0 0 7 70 0 0 0 0 0 7 4 0 0 14 0 0 0 0 70 12 0 13 5 14 0 0 5 21 0 56 0 0 0 0 41 0 0 53 52 2 0 0 0 0 0 0 0 61 31 0 3 54 0 0 0 0 12 13 0 0 77 17 32 3 40 0 0 36 46 27 0 18 19 26 73 88 0 56 8 1 0 0 0 74 38 0 38 0 46 0 20 0 0 14 0 0 18 12 39 0 0 0 0 59 0 0 0 87 37 0 0 0 18 0 1 9 30 0 0 0 0 80 55 0 89 14 8 49
 0 0 12 5 26 0 0 57 0 31 34 1 0 0 46 0 15 33 0 7 12 0 0 9 19 0 41 64 35 30 13 0 0 0 0 0 0 29 43 0 0 38 95 83 0 0 61 15 0 0 0 8 0 80 20 0 93 82 0 0 49 0 0 63 0 1 66 0 0 17 0 61 0 6 52 0 0 26 0 0 54 0 0 23 0 0 0 0 0 0 0 26 25 40 0 0 93 16 0 10 0 0 1 0 42 0 0 27 0 0 0 0 0 0 19 39 0 63 0 0 0 42 76 15 28 3 80 0 33 0 0 10 71 0 58 61 31 0 0 0 3 0 62 0 0 91 0 18 0 0 0 30 84 0 0 50 0 0 0 0 0 11 0 39 34 0 58 0 0 43 4 40 0 0 0 0 61 53 0 9 0 13 31 0 9 0 0 0 17 9 0 0 0 17 0 8 0 9 0 0
 62 21 64 32 54 32 31 57 0 49 0 12 6 69 0 2 0 5 0 38 0 0 77 14 46 19 16 0 0 0 0 31 0 0 6 0 0 0 36 0 0 0 8 45 78 37 0 0 0 61 20 0 0 38 0 0 49 19 89 36 80 0 0 0 15 0 0 0 17 17 0 0 0 6 0 0 0 0 0 0 0 0 6 17 7 0 0 70 0 18 0 0 0 0 0 0 43 25 0 0 0 87 23 24 20 0 0 0 39 0 37 11 0 75 0 38 0 26 5 41 0 43 36 31 0 0 0 33 0 0 45 0 0 0 31 0 0 16 0 52 0 0 0 11 0 0 30 66 54 49 0 0 23 0 0 5 0 11 0 0 0 14 51 0 0 4 45 0 5 0 3 26 0 20 2 82 77 0 26 0 19 0 0 73 5 55 0 0 0 0 0 31 10 0 42 0 30 10 77 0
 11 27 75 66 0 0 0 12 0 72 8 0 0 3 51 33 44 0 0 41 0 5 0 0 0 22 0 0 14 45 1 0 0 0 77 45 11 0 8 0 0 90 37 0 10 0 0 0 0 0 39 0 0 71 0 0 57 58 0 23 49 0 0 32 54 21 0 38 66 24 26 0 40 0 32 0 14 0 0 0 0 0 0 0 25 24 71 0 19 42 66 31 0 0 12 14 18 85 0 0 65 52 0 88 14 0 59 18 0 51 0 0 3 7 0 0 33 28 0 0 84 0 29 10 0 10 26 9 0 9 0 43 0 5 18 53 0 0 60 14 0 0 25 0 39 0 0 44 0 13 64 0 0 64 46 0 0 0 35 8 50 0 0 8 7 0 9 0 49 0 12 17 0 34 18 13 0 5 6 22 0 40 7 0 0 71 0 0 15 11 49 0 0 38 9 0 0 81 0 0
 0 57 0 0 0 39 27 0 26 0 0 2 79 0 0 45 49 0 33 0 29 0 29 0 0 46 0 0 0 0 0 10 48 57 0 0 0 10 12 75 0 0 19 0 78 0 0 0 42 44 43 0 0 48 79 86 0 54 0 0 38 0 0 52 0 25 62 54 0 0 0 42 0 0 0 0 0 9 13 52 0 0 55 64 64 4 32 21 77 2 0 0 0 0 11 0 0 6 22 16 9 0 0 0 0 30 85 0 0 3 47 0 5 81 43 13 0 40 0 0 0 39 0 1 0 71 59 0 0 61 44 47 0 0 15 3 66 51 0 9 0 0 0 0 71 0 0 30 70 0 75 0 0 0 0 57 32 0 0 0 0 0 0 0 60 85 16 0 0 0 74 16 0 0 76 0 0 0 0 58 0 0 0 0 47 83 30 0 36 28 53 0 0 0 0 0 61 0 16 0
 0 0 60 83 52 0 0 0 0 36 37 14 0 71 32 44 17 16 14 28 0 53 0 0 0 22 0 0 30 0 5 0 0 0 0 0 0 0 36 44 0 52 17 0 0 0 18 0 22 3 0 25 0 0 0 89 0 6 1 1 0 0 0 14 0 0 0 5 0 22 0 0 0 55 8 20 0 0 26 43 0 0 0 0 0 0 20 25 73 17 1 6 19 0 69 0 0 19 17 0 0 19 0 0 22 48 0 15 24 0 27 43 0 0 0 0 65 10 0 0 11 0 0 0 53 0 2 52 4 0 0 53 39 37 0 8 0 0 0 0 0 35 39 0 0 10 0 0 55 57 28 53 0 0 0 0 19 4 57 44 0 0 63 0 0 30 0 70 0 70 0 0 43 59 0 0 0 9 40 0 0 39 0 0 0 0 69 0 58 13 59 73 0 0 0 0 0 4 0 0
 0 0 86 32 63 0 0 46 45 0 0 0 0 46 0 0 13 0 69 0 0 68 5 31 0 24 6 0 13 0 1 0 13 0 0 0 0 17 13 0 0 0 0 0 1 0 0 0 37 48 0 0 0 0 43 0 8 24 27 3 4 0 0 0 0 79 87 0 0 0 31 0 0 30 17 0 0 0 0 0 0 0 40 45 0 34 23 1 0 0 0 53 81 41 19 0 0 47 9 17 0 0 0 34 0 0 0 71 0 0 0 32 0 0 65 0 0 0 0 0 0 0 43 3 11 0 10 0 0 6 9 24 40 18 33 0 0 27 48 0 29 67 0 7 0 3 7 0 0 11 38 40 5 0 0 34 0 0 22 0 11 0 50 0 30 27 0 14 0 0 0 0 2 0 0 40 54 0 13 20 7 2 43 1 15 0 0 0 0 0 0 36 0 0 0 0 59 0 11 26
 21 0 17 52 0 3 0 0 0 0 19 0 0 0 0 0 0 0 0 0 0 0 0 48 0 26 0 31 0 0 66 21 0 51 11 0 10 29 2 0 84 0 0 27 68 65 0 0 25 0 0 18 0 0 7 42 77 79 0 0 0 8 3 0 61 0 24 0 15 0 0 53 69 0 12 4 0 9 0 27 54 0 0 22 0 16 0 0 17 0 0 77 0 0 6 0 4 50 45 0 40 0 36 0 15 50 0 0 4 2 67 0 36 14 0 1 19 30 52 0 67 36 0 8 39 31 37 0 0 0 0 0 21 0 0 0 0 1 36 0 0 0 0 50 0 5 28 23 1 0 10 3 47 28 0 0 0 0 0 0 25 0 0 0 6 0 28 0 71 0 0 0 0 14 40 41 0 70 0 0 0 21 35 0 0 6 0 5 1 43 0 0 63 84 2 0 0 0 12 0
 0 0 39 28 0 59 47 0 0 9 75 0 84 44 0 0 0 0 0 57 0 0 0 81 0 0 5 0 53 8 18 0 13 8 5 33 9 36 0 32 47 0 64 0 39 1 6 0 46 0 0 0 9 0 26 41 71 0 25 0 0 0 0 0 0 0 30 0 75 38 0 13 0 59 0 7 0 0 26 0 0 0 0 0 0 0 0 0 0 54 0 0 17 12 0 0 0 0 85 24 0 38 8 0 56 31 24 0 0 13 0 18 0 5 0 46 61 0 0 0 24 0 0 5 0 0 0 0 0 87 0 0 0 0 0 16 34 71 0 0 0 64 0 64 0 56 48 5 26 0 31 57 96 44 82 82 0 10 11 0 75 0 41 45 0 0 0 56 0 0 0 0 0 0 0 67 20 64 0 4 33 64 58 5 59 37 7 33 32 63 72 0 2 0 0 60 0 0 55 0
 0 42 0 0 0 0 0 14 49 0 26 40 23 0 0 0 65 0 82 0 42 0 0 22 0 14 95 68 8 0 0 0 12 1 0 0 0 0 16 22 0 29 24 0 48 0 30 17 0 63 53 49 44 23 0 42 0 0 0 0 48 9 0 68 0 0 46 1 0 0 0 10 0 0 2 0 0 6 0 33 13 0 0 18 9 0 40 0 16 81 26 4 0 0 0 0 0 0 4 0 0 0 0 46 0 0 0 0 23 30 0 0 40 4 0 0 0 66 0 55 38 0 0 43 0 0 9 15 2 0 2 0 1 0 10 18 0 0 80 75 66 0 0 7 4 0 0 0 0 84 0 5 0 12 0 75 65 33 0 5 0 78 0 0 0 0 3 0 67 55 0 10 0 0 0 14 1 0 0 0 0 0 34 74 0 0 0 17 43 0 0 0 0 16 21 89 0 0 0 21
 42 26 8 16 0 0 0 0 0 22 54 10 13 8 57 0 0 43 0 41 68 59 0 5 6 19 0 1 0 49 9 0 0 6 88 8 0 0 10 0 0 34 0 0 0 45 0 0 0 7 0 16 59 11 38 0 0 0 0 0 9 25 17 0 7 16 0 0 0 0 0 0 27 0 43 19 0 7 17 0 32 74 9 37 50 16 0 15 3 32 28 38 73 0 60 0 86 0 0 24 12 19 0 54 0 36 0 20 14 64 39 0 0 0 0 0 86 0 0 0 3 16 0 0 30 0 2 30 0 66 0 0 65 0 0 0 14 11 51 0 34 0 14 0 79 0 0 14 58 31 0 0 72 48 25 0 32 0 0 13 0 36 5 0 0 0 43 12 0 0 42 60 43 10 0 2 39 0 53 0 39 8 0 0 25 11 0 0 0 5 0 62 38 0 81 13 95 0 56 0
 73 12 24 38 43 1 0 0 0 31 57 24 0 0 0 60 42 3 13 47 0 29 0 0 20 52 0 11 56 35 42 0 11 0 12 0 0 0 46 23 18 0 10 31 22 0 0 14 0 54 0 37 0 49 0 0 0 68 0 71 0 63 0 0 0 15 7 0 3 0 0 27 18 39 64 43 0 2 3 76 0 69 0 0 0 58 0 0 46 20 0 50 0 66 0 14 0 0 40 15 0 35 0 7 37 0 0 0 0 0 0 0 0 0 0 0 37 0 0 71 0 0 0 0 41 0 0 0 0 12 0 0 18 0 0 0 25 17 45 45 0 3 0 4 34 4 2 3 0 26 20 0 13 57 0 0 48 21 31 19 0 0 0 0 20 1 0 0 51 17 0 0 33 42 0 28 0 52 0 3 12 53 0 0 51 17 0 0 1 75 18 19 13 0 45 0 0 44 46 0
 0 26 41 23 0 0 0 61 8 31 52 81 36 36 26 1 43 0 0 0 32 59 44 0 42 0 18 0 0 46 19 0 41 2 0 0 17 23 0 29 0 0 61 0 0 75 0 0 0 0 2 19 0 0 0 51 0 0 4 0 0 0 10 0 0 0 0 11 0 51 3 50 0 2 5 30 20 0 1 4 0 0 0 0 0 9 0 0 0 0 61 7 18 10 61 0 5 0 13 33 43 21 0 0 0 77 1 9 65 14 8 7 0 45 0 29 26 63 0 0 66 0 12 0 41 0 0 0 34 45 53 0 0 67 0 0 5 55 0 51 0 0 0 18 14 64 0 24 31 0 12 0 0 60 0 43 16 0 15 4 13 32 43 68 26 9 0 0 0 33 0 10 0 0 0 11 0 0 0 0 71 2 64 38 0 47 0 0 0 72 0 46 14 72 20 0 77 20 0 1
 0 0 1 13 0 36 0 0 0 0 65 23 0 9 33 0 56 0 0 0 97 25 0 2 0 23 37 58 47 0 0 79 8 0 16 0 0 38 46 0 0 11 1 40 18 0 42 56 0 6 0 58 0 0 0 44 0 0 18 0 40 24 0 0 0 85 0 0 71 87 0 79 0 65 0 63 0 30 20 0 0 30 0 0 0 0 36 0 11 24 0 0 0 8 0 0 0 0 0 0 60 0 0 0 25 0 0 4 17 11 35 78 0 0 0 0 0 0 0 0 36 0 0 74 6 72 36 43 0 51 0 44 0 0 0 9 47 0 35 0 10 13 70 34 0 65 63 28 16 0 22 0 35 16 13 0 0 0 0 21 0 0 25 0 0 0 0 0 70 46 39 43 77 0 9 0 47 0 5 0 0 16 0 7 0 0 0 64 40 0 0 55 0 0 38 28 36 0 57 89
 0 0 8 0 5 11 6 0 0 0 37 9 55 0 0 0 0 0 26 52 60 49 1 0 67 5 67 50 23 0 0 0 0 63 45 51 0 0 32 20 0 0 0 31 0 25 67 3 80 0 0 40 0 0 64 0 29 25 0 0 40 30 84 11 0 0 58 49 63 64 27 0 0 0 0 0 0 63 0 0 27 0 51 27 0 52 0 39 0 22 0 25 0 0 0 0 0 0 45 23 0 0 36 78 28 78 0 50 0 20 30 23 36 10 17 0 0 79 0 0 43 12 0 0 0 0 0 0 0 2 0 60 0 0 0 0 91 10 0 37 10 23 17 23 0 0 0 16 75 0 10 5 0 0 0 37 7 41 0 4 81 88 0 0 5 0 73 33 82 17 6 16 0 37 41 6 0 17 0 30 0 0 12 13 0 0 0 0 29 0 14 24 0 30 0 0 0 0 6 0
 0 7 6 0 42 0 73 41 0 98 0 9 20 0 0 33 0 0 8 21 0 0 47 0 0 12 24 0 0 8 0 0 44 0 0 78 0 14 0 30 0 39 0 33 0 0 28 31 1 0 0 63 36 15 0 0 33 10 0 0 0 47 0 24 0 0 5 8 54 10 0 35 0 45 0 0 1 90 0 0 42 0 94 0 21 0 0 0 0 0 97 3 40 0 0 23 0 0 8 0 86 6 1 32 0 0 0 23 0 0 14 1 48 65 0 6 0 44 0 0 33 78 0 0 14 26 0 0 51 0 65 0 0 0 0 0 0 34 0 0 0 7 0 0 0 38 69 0 0 54 0 80 6 19 50 0 0 9 0 2 0 85 4 0 0 19 0 24 62 6 30 58 4 0 76 69 0 0 1 0 0 34 0 11 0 30 0 0 24 0 41 0 0 0 80 0 41 13 34 0
 0 0 43 23 0 0 0 0 50 31 57 47 10 0 7 80 40 0 22 0 0 0 47 0 42 0 31 0 0 0 0 0 24 41 39 28 38 11 0 0 0 0 46 64 0 0 0 20 0 2 20 18 0 30 7 57 66 56 0 26 5 0 47 0 53 0 0 25 4 0 0 29 0 0 0 45 13 16 0 7 0 0 4 0 0 23 0 63 47 48 29 84 0 0 10 0 0 0 17 47 0 69 5 0 38 0 0 0 0 0 68 56 1 37 2 0 25 49 0 0 15 0 0 9 49 34 0 21 0 0 0 0 0 73 0 0 42 12 13 36 54 0 81 25 0 0 0 98 0 8 51 0 0 51 0 31 0 49 0 0 43 0 68 0 42 24 0 0 23 0 0 0 68 0 0 71 0 0 0 0 0 80 0 0 0 18 61 18 10 0 12 87 0 0 35 0 0 20 0 0
 16 0 27 10 0 0 0 48 0 26 0 0 0 50 0 44 65 68 21 57 3 0 0 0 17 20 0 18 0 93 17 22 0 0 73 49 63 82 0 0 22 0 71 0 0 22 0 89 0 10 0 0 11 72 0 0 20 0 0 0 41 0 0 0 52 34 49 0 14 31 20 30 0 0 0 74 34 0 0 0 0 2 0 10 55 0 0 39 0 69 65 0 59 0 0 33 31 0 2 89 0 0 31 6 0 9 17 16 0 0 0 36 0 21 1 63 16 46 7 0 12 7 56 12 65 0 0 0 29 32 0 0 0 0 0 2 0 16 47 10 0 11 0 0 0 38 34 0 24 0 64 67 52 2 0 12 0 4 0 9 74 45 73 26 31 0 0 13 0 55 20 54 0 0 0 69 55 26 0 0 0 75 0 0 84 0 64 0 37 0 0 19 0 0 0 0 0 0 8 0
 0 1 48 27 0 12 0 30 0 47 1 0 0 38 39 47 89 49 0 4 0 0 68 0 40 51 0 49 66 0 27 44 0 0 0 35 2 0 26 14 0 22 7 18 0 0 12 16 0 0 0 67 5 0 21 19 36 49 0 77 71 8 0 0 21 0 1 0 0 0 42 0 71 0 0 0 0 42 0 14 41 11 46 0 0 4 10 17 58 0 9 0 3 0 7 0 79 0 18 41 0 12 70 34 0 0 0 37 0 0 33 0 24 61 0 0 35 60 1 0 0 60 21 0 0 7 69 62 25 87 0 32 36 54 41 35 0 0 4 0 4 70 0 27 21 74 7 0 34 0 0 12 0 0 53 86 16 0 0 18 0 36 0 0 28 13 0 90 0 18 0 0 0 35 66 0 0 5 0 37 38 0 18 0 0 78 0 0 0 0 12 0 0 47 0 0 2 38 22 0
 49 0 42 0 12 0 35 0 0 0 38 78 20 0 0 0 56 24 0 18 4 9 0 0 0 51 9 46 0 10 0 0 20 14 0 60 3 32 60 19 43 70 22 0 0 0 50 70 26 0 0 22 0 4 38 8 0 5 0 23 0 0 0 29 0 52 0 0 21 0 0 0 0 80 0 14 55 0 0 0 0 72 0 7 0 0 45 36 61 0 38 27 31 6 53 0 0 26 0 72 0 49 0 46 23 11 0 55 77 0 0 43 42 67 12 33 0 0 25 0 58 56 0 0 0 0 0 0 0 31 0 31 41 0 0 0 0 0 0 0 61 0 0 0 41 0 0 29 0 44 0 0 0 12 76 54 82 0 0 49 4 0 0 21 0 10 0 42 0 31 28 0 42 0 0 29 40 0 0 0 88 0 0 0 14 17 49 23 36 31 13 4 42 10 3 38 0 54 10 2
 0 39 0 51 0 0 0 0 18 0 96 0 0 0 0 49 2 32 0 42 55 0 0 36 0 0 29 0 45 18 0 44 24 51 38 54 17 57 88 25 0 31 0 0 0 0 39 0 41 0 37 0 0 0 0 47 25 0 59 0 0 0 0 0 0 50 0 69 0 0 0 40 79 0 0 85 33 61 8 0 0 0 0 0 17 20 72 61 0 2 21 50 0 57 56 0 0 29 68 0 88 36 0 40 0 8 0 0 68 0 0 0 19 0 0 65 0 3 7 0 4 0 0 0 42 64 0 0 75 0 0 0 0 30 0 28 0 0 0 0 18 43 56 0 57 1 14 0 0 0 0 45 22 0 64 0 0 1 16 59 0 21 28 10 25 14 76 0 0 0 0 73 3 8 14 17 53 13 0 31 0 0 0 88 0 16 59 0 0 0 0 26 16 90 0 0 49 3 27 0
 24 83 48 0 0 21 38 28 37 0 0 31 0 58 3 0 44 0 30 0 0 10 75 0 0 9 0 0 0 0 0 0 74 2 0 38 32 0 0 0 37 61 2 55 0 0 0 30 19 0 0 7 38 12 0 0 0 60 17 3 8 35 51 0 0 0 71 59 33 16 46 23 3 3 55 0 0 0 7 69 71 41 0 0 20 0 0 0 0 0 82 0 28 0 42 32 9 19 0 25 32 0 38 12 57 0 0 25 0 0 0 0 0 0 26 40 0 0 0 22 48 77 0 3 42 0 0 0 28 35 54 4 32 2 0 0 38 28 40 39 30 67 0 21 0 0 24 41 42 20 86 0 0 52 0 46 0 16 16 11 0 0 60 0 0 0 48 75 0 62 31 70 0 17 53 0 17 0 0 22 0 19 0 0 1 0 69 0 3 0 0 49 0 0 0 0 48 0 17 13
 11 50 0 1 70 0 41 8 48 0 17 0 44 0 0 2 7 1 16 0 0 28 0 57 0 0 1 29 29 54 0 0 7 0 0 0 0 0 0 76 8 0 24 29 0 0 0 45 0 9 72 26 69 32 0 0 0 72 0 0 0 0 0 0 48 23 0 0 31 31 30 70 36 46 60 68 0 0 0 59 32 0 0 0 0 29 0 0 17 0 47 69 64 0 0 0 0 8 0 0 0 0 11 33 46 73 0 22 66 25 0 80 54 1 11 0 0 15 66 68 0 0 0 11 0 0 1 0 28 64 35 7 0 66 42 0 28 0 0 0 44 29 0 39 0 7 0 8 0 0 63 14 28 0 4 0 58 0 27 0 0 0 0 21 30 23 2 25 45 4 0 0 0 69 7 8 71 26 71 0 0 86 35 0 45 13 57 0 0 0 45 0 29 0 15 73 0 41 0 0
 73 60 0 66 19 0 13 18 0 0 0 47 26 72 0 0 1 0 0 0 0 0 14 12 0 30 34 34 0 0 0 49 38 0 0 74 36 26 12 0 0 0 15 11 14 0 25 39 2 60 0 0 0 0 18 15 44 0 76 0 0 58 0 0 0 39 0 87 0 0 0 0 33 0 76 23 0 0 18 39 2 0 0 0 18 0 70 0 0 38 0 52 77 0 0 1 56 0 24 0 78 0 45 44 8 0 0 20 0 46 0 26 0 20 18 72 0 15 0 61 59 0 16 0 0 65 3 0 50 0 0 0 91 0 0 75 0 26 0 6 8 0 43 69 0 71 0 0 12 33 3 0 1 43 8 0 54 0 0 0 0 0 11 0 0 0 19 0 0 7 21 45 13 63 2 0 0 7 8 0 0 6 41 74 0 0 24 80 0 41 44 5 16 70 4 53 0 38 53 53
 0 0 0 65 15 0 30 0 12 16 0 18 10 81 39 30 0 0 0 0 22 8 2 55 0 0 0 38 0 0 0 0 39 44 30 65 0 0 0 18 0 0 0 0 0 5 27 2 0 0 0 0 1 25 0 0 0 63 5 0 1 50 40 1 23 35 61 0 0 50 67 72 0 0 0 5 0 0 2 1 4 0 15 41 0 2 0 0 0 8 37 0 0 42 0 2 0 30 39 11 44 35 67 71 22 54 0 0 12 0 31 30 60 72 87 24 4 15 0 0 39 0 0 64 0 19 23 0 0 56 14 74 7 0 16 0 18 0 2 33 0 72 0 46 0 0 0 0 0 0 0 3 38 53 55 92 0 44 55 0 0 0 25 0 25 0 13 0 68 0 5 50 0 59 0 19 19 59 1 28 26 0 0 4 68 0 8 94 0 0 0 0 44 0 0 38 0 42 86 0
 0 0 45 36 55 19 45 47 0 11 0 0 40 85 18 0 63 46 94 56 0 0 0 0 41 0 11 33 30 0 0 11 1 49 0 39 0 57 3 18 20 52 0 2 0 62 57 0 0 53 36 0 0 0 0 0 0 0 19 0 0 11 62 21 0 26 17 0 0 6 0 0 0 32 0 0 0 0 0 3 37 0 1 56 0 0 0 0 0 0 0 11 31 4 75 0 0 0 31 0 31 19 12 27 0 0 28 0 0 16 2 21 0 74 49 29 0 8 0 0 0 89 0 59 0 0 60 0 0 72 4 0 0 0 0 7 0 18 0 0 0 0 13 22 0 0 20 0 0 0 0 35 21 8 49 0 0 41 0 0 0 0 8 0 11 9 0 0 23 0 0 76 2 82 51 0 1 17 62 25 6 43 0 39 3 0 0 26 45 0 0 0 0 0 0 0 0 0 0 23
 0 49 0 30 0 64 0 47 0 63 0 0 0 28 4 15 29 0 68 45 86 27 26 0 0 89 0 0 24 0 0 15 0 4 0 0 0 0 75 20 0 34 30 0 27 18 77 0 0 49 19 36 11 19 0 0 88 0 0 70 42 0 10 5 18 0 0 31 0 0 0 0 0 15 0 0 3 0 0 0 0 73 17 0 46 17 0 0 33 45 0 34 9 0 36 38 55 52 10 0 0 20 24 40 0 0 0 36 44 0 40 0 1 0 68 44 3 0 17 94 6 0 0 0 0 65 0 0 0 47 16 60 33 0 48 12 4 28 0 0 0 0 0 27 0 32 15 23 68 59 57 0 0 15 36 48 0 0 56 0 22 0 0 43 28 0 0 37 46 0 68 0 33 32 62 0 32 0 43 45 28 0 17 0 32 0 0 38 0 0 22 0 44 0 0 0 41 0 23 10
 0 0 14 86 71 0 0 60 29 0 33 24 29 0 63 7 0 21 0 0 0 0 0 0 0 0 0 0 3 0 0 17 0 68 0 0 0 0 0 0 14 95 44 0 0 0 21 54 0 0 0 0 0 70 0 0 0 27 0 48 0 72 30 0 0 11 0 14 57 30 78 0 74 45 0 0 46 62 71 0 38 0 35 4 0 0 59 63 0 25 8 27 48 0 66 69 0 0 29 0 0 46 0 5 0 49 0 12 30 38 4 89 0 0 0 36 47 0 30 48 13 58 54 2 47 0 52 13 12 0 0 0 0 0 60 1 44 0 18 7 6 0 0 0 0 0 23 41 0 0 56 0 5 0 50 47 0 0 35 12 0 8 26 13 0 2 0 0 0 0 0 0 0 52 29 22 16 0 0 0 10 6 0 0 4 19 74 10 0 71 11 0 0 0 55 0 48 0 16 0
 8 0 35 0 54 0 8 19 0 3 13 23 0 27 52 0 16 50 0 0 38 0 71 0 60 0 62 0 0 51 21 15 58 0 0 0 54 0 5 19 43 22 0 0 0 0 0 0 0 0 39 0 39 50 3 0 0 0 0 14 3 0 0 5 0 13 0 0 88 0 0 84 12 32 0 0 0 0 2 36 5 3 0 16 3 0 20 0 31 69 35 31 0 0 0 0 0 0 0 0 71 18 0 3 33 0 44 14 18 5 4 14 0 25 87 0 32 0 57 18 0 23 0 14 33 0 16 0 60 18 29 0 58 0 7 28 17 43 0 10 0 0 25 10 0 41 6 42 0 0 0 34 52 0 38 54 40 17 53 0 0 0 30 44 0 72 0 0 0 0 35 0 0 0 30 0 0 0 10 15 0 0 0 13 7 8 0 0 9 9 0 85 75 0 10 0 49 28 0 0
 0 9 10 0 0 0 50 0 25 0 6 23 34 26 84 0 0 68 20 9 0 12 43 30 0 0 41 87 0 69 5 0 11 1 0 0 0 67 40 14 18 0 0 0 16 17 30 0 0 9 0 36 29 0 47 0 15 17 0 52 0 6 46 0 0 0 24 0 0 0 0 0 0 0 7 0 11 0 33 0 0 0 6 0 50 0 0 30 57 19 83 0 0 0 0 0 0 0 10 38 0 0 0 0 0 0 0 0 72 9 37 0 0 0 0 69 6 31 11 9 4 0 0 7 0 0 53 6 0 22 41 45 0 6 2 93 0 68 10 0 0 0 5 0 0 17 0 17 0 0 44 51 0 0 0 0 0 0 0 76 0 0 0 0 29 0 0 1 0 13 0 30 38 0 57 70 33 29 67 41 18 29 5 0 0 0 40 87 0 55 0 8 38 8 80 86 23 6 51 0
 0 0 0 0 0 22 44 0 10 0 0 39 43 0 0 0 18 0 4 75 0 45 2 0 20 0 35 0 0 0 0 66 0 30 20 0 40 0 0 53 72 20 0 0 0 57 28 0 78 12 47 69 0 76 69 0 0 12 0 0 0 0 0 13 8 0 68 0 14 11 9 0 0 7 19 0 79 27 0 48 0 0 21 0 0 0 0 12 0 30 0 0 17 0 4 0 18 0 61 0 0 0 0 0 0 20 12 80 0 11 0 0 36 43 0 0 11 0 0 0 26 0 0 58 43 0 50 0 0 35 3 34 0 0 14 0 0 0 25 0 0 0 0 0 1 44 30 0 0 19 3 54 0 23 0 0 0 36 88 0 52 5 51 0 47 0 0 0 0 39 0 0 0 0 1 0 90 49 11 0 0 31 1 28 41 0 0 60 89 42 4 0 0 0 0 0 0 7 0 0
 1 0 0 52 36 0 42 69 0 8 0 13 0 0 67 0 0 25 0 0 0 20 0 7 23 0 0 33 84 76 19 0 4 0 37 0 36 38 60 0 0 0 29 0 22 0 49 47 36 0 0 33 65 59 0 0 78 62 0 0 0 20 39 4 74 33 0 0 38 2 0 38 0 0 0 25 0 37 16 8 30 16 0 0 0 61 0 0 0 0 0 19 17 0 33 0 51 0 0 1 52 0 0 0 0 0 48 46 0 0 0 0 0 0 36 72 0 27 0 59 0 4 26 0 0 0 60 60 27 65 5 35 0 41 0 0 0 27 50 0 0 67 57 24 0 80 50 0 15 0 47 0 16 0 0 77 31 0 9 31 0 41 17 0 0 50 0 69 0 0 0 0 0 2 84 0 0 28 0 0 0 65 36 4 51 4 35 29 52 60 0 0 57 0 0 0 22 0 0 0
 0 0 35 9 0 0 2 7 36 0 46 48 3 0 0 0 61 0 37 7 0 41 0 0 91 0 21 0 0 0 97 0 0 40 30 0 27 65 0 0 49 15 0 0 50 0 3 0 0 11 37 16 7 0 0 0 45 12 0 16 22 0 23 12 34 29 26 0 0 0 66 0 35 0 51 0 0 38 38 30 0 0 0 61 65 0 70 0 0 0 44 0 0 0 0 71 82 18 50 0 8 63 0 12 5 0 0 0 0 42 0 6 0 0 0 5 1 28 0 53 0 0 47 60 0 26 6 0 0 7 0 0 0 0 0 0 0 0 0 0 0 21 0 81 0 84 23 53 0 0 5 0 0 1 6 6 0 46 66 0 72 0 28 32 20 1 24 54 0 0 0 0 0 21 0 0 0 2 28 5 0 13 12 0 10 33 13 0 0 7 0 0 58 13 0 0 23 16 0 21
 26 26 0 65 68 0 10 0 14 20 32 28 21 0 0 0 39 20 10 0 0 0 40 30 0 20 0 22 0 0 0 0 0 0 0 0 18 0 0 17 46 0 23 87 0 51 0 63 32 12 0 0 0 0 0 19 22 10 73 0 7 0 60 0 2 0 0 0 0 8 0 0 0 0 26 13 0 5 0 6 0 33 47 76 8 35 0 0 11 0 47 51 0 20 0 25 0 0 18 0 0 32 0 55 22 48 0 0 0 0 32 41 0 7 0 19 0 0 0 36 0 0 0 58 0 7 10 17 0 6 0 64 0 0 0 0 0 0 0 0 0 34 35 0 63 34 0 0 5 0 0 2 0 38 0 44 43 0 40 48 0 75 57 4 0 12 0 0 39 10 0 0 0 4 0 0 24 7 0 56 0 0 13 61 0 0 0 11 0 0 0 72 30 60 31 0 0 0 0 0
 32 0 26 0 0 0 0 29 11 56 0 51 0 0 0 6 0 0 0 0 0 0 82 0 46 28 0 38 29 3 0 0 0 0 33 12 0 27 0 0 0 0 0 0 9 0 7 0 0 48 26 0 53 0 0 66 0 10 0 9 0 59 3 0 11 0 50 0 0 48 55 0 48 25 63 0 0 0 39 60 0 27 7 0 0 0 38 74 64 0 0 14 0 0 0 0 0 24 0 10 9 26 62 6 71 0 85 0 15 0 0 73 0 1 0 0 0 0 0 0 0 88 0 0 64 0 0 0 48 0 32 0 3 0 0 37 0 0 0 0 0 11 0 19 30 0 0 34 0 81 30 80 0 59 0 3 0 0 0 48 1 23 69 13 0 0 12 14 19 33 0 0 0 0 38 0 10 99 64 64 48 0 22 0 0 62 24 0 12 11 52 0 0 0 0 48 0 0 0 30
 26 0 0 0 0 67 19 0 0 0 58 0 16 34 54 8 0 0 51 0 0 0 9 0 0 69 13 55 14 0 13 12 36 0 0 0 0 0 0 0 0 53 0 23 0 0 31 83 55 65 25 50 66 0 0 0 88 0 0 39 0 54 21 52 0 0 19 69 0 61 98 0 53 57 57 68 48 64 48 0 56 0 39 5 0 0 0 2 0 67 34 0 29 28 39 0 5 52 24 40 29 0 0 0 34 33 35 12 17 59 26 0 0 28 0 57 59 0 50 0 0 0 0 70 31 9 27 18 0 0 0 0 37 0 0 23 0 0 8 18 24 22 0 33 46 8 28 0 20 0 45 0 0 0 0 1 0 0 0 0 81 0 0 0 59 11 24 0 0 0 50 0 1 0 25 0 0 0 0 74 54 95 0 6 0 0 0 12 72 0 0 15 3 0 0 54 28 17 0 45
 8 0 25 1 0 61 33 26 16 57 20 0 5 14 0 6 0 0 23 0 13 44 0 44 78 0 0 32 0 4 0 0 11 33 0 0 59 0 0 0 66 52 16 10 10 0 13 11 16 0 9 10 22 0 0 7 9 31 0 12 60 4 0 34 0 57 76 12 0 56 55 0 0 17 18 0 0 62 31 0 0 69 0 0 0 0 27 0 0 0 0 0 50 72 54 0 0 0 0 0 0 0 0 0 19 48 0 0 22 0 43 26 42 37 7 0 95 0 54 46 0 0 3 0 6 41 0 15 0 24 55 0 0 37 45 0 35 0 49 0 44 9 0 26 0 27 23 0 56 0 45 3 0 0 0 0 51 18 0 1 0 35 30 33 0 37 81 71 0 0 20 22 0 11 19 0 0 0 0 0 0 45 69 5 0 0 0 73 0 0 90 37 31 73 76 0 46 0 43 21
 76 26 0 0 0 0 2 64 31 48 2 70 3 32 41 0 0 0 0 0 0 54 74 0 5 9 22 70 0 0 0 14 0 0 32 15 59 0 0 39 62 35 32 0 0 0 0 0 68 5 40 0 28 0 5 12 0 0 31 36 0 53 91 53 7 20 0 44 0 0 0 68 0 38 15 0 33 0 0 0 36 0 0 63 0 48 0 24 56 0 0 0 53 10 0 6 0 76 0 0 41 7 0 51 42 0 4 56 0 0 0 90 59 0 62 0 0 0 0 11 0 0 84 0 17 54 0 35 78 51 0 63 3 0 0 17 15 2 61 0 28 53 34 28 27 0 17 13 0 61 30 36 0 11 0 0 80 45 0 0 0 0 62 28 26 83 0 9 44 0 0 0 24 19 0 12 0 0 31 0 30 0 0 60 0 0 77 17 0 0 24 0 0 14 25 0 78 0 36 92
 6 69 35 0 62 0 0 0 29 19 22 50 1 0 0 4 0 21 0 10 40 0 37 0 0 33 0 44 36 0 70 0 0 0 29 0 48 65 47 12 0 59 2 25 52 0 0 0 0 11 0 0 5 31 41 0 41 36 29 25 0 0 57 30 0 18 0 0 0 18 71 0 0 7 0 30 15 0 0 10 0 88 16 0 0 0 24 0 0 0 43 0 0 72 0 11 0 0 0 0 93 4 45 39 0 51 27 28 0 0 9 32 0 75 29 0 0 0 1 0 0 25 9 0 59 23 79 31 34 5 0 26 40 3 38 33 0 32 0 40 0 0 71 0 30 0 0 0 0 66 0 22 0 23 0 14 0 0 34 28 24 61 45 0 25 0 9 0 0 36 0 0 0 0 0 4 0 0 0 62 84 42 6 66 75 0 0 0 0 39 59 40 0 41 76 0 10 0 32 0
 0 7 26 12 18 31 0 0 0 3 0 0 0 29 32 0 5 28 0 0 21 43 0 0 51 0 74 53 45 0 0 0 0 45 0 80 50 2 17 0 0 64 77 0 0 0 23 87 7 56 58 0 0 0 95 1 0 38 0 0 2 18 33 0 30 0 35 0 47 0 0 0 39 25 2 0 32 0 75 13 0 0 0 6 54 7 0 0 0 0 0 3 30 62 57 3 65 0 69 0 43 0 0 31 0 0 0 0 0 20 36 45 56 0 0 39 71 0 0 0 26 0 17 34 0 0 0 0 40 91 0 24 19 0 0 0 0 0 0 40 24 0 0 72 0 0 56 0 0 0 0 66 48 0 0 77 0 0 0 11 37 0 0 45 0 0 0 20 0 40 77 17 70 0 0 21 45 0 0 61 0 48 0 42 23 53 14 0 6 0 7 21 0 0 40 46 45 27 41 72
 27 0 1 0 3 0 18 4 0 0 2 0 0 65 0 0 57 0 14 0 46 24 19 0 0 0 0 8 0 2 0 0 0 0 50 0 53 0 29 0 0 17 43 0 0 47 0 0 0 15 67 0 0 54 44 22 0 10 0 5 86 0 0 0 0 0 27 25 0 0 27 0 0 0 38 38 7 61 27 51 0 57 8 46 5 0 2 0 28 11 33 0 59 0 0 0 11 0 15 12 65 46 9 0 39 0 0 0 26 89 0 0 17 0 0 0 17 0 41 0 50 8 0 53 0 0 17 28 80 0 48 83 49 19 0 0 10 0 0 0 35 0 14 33 3 0 0 87 1 44 0 0 48 4 0 20 5 23 18 70 21 31 0 0 23 0 0 0 0 0 0 7 19 0 30 0 38 0 0 7 0 26 1 0 28 0 75 0 0 0 0 82 0 10 23 0 9 40 16 0
 0 2 38 0 0 0 12 0 3 27 44 21 24 0 0 0 0 0 0 0 5 42 0 0 0 9 9 15 73 0 0 42 29 23 0 69 0 43 0 66 11 0 12 0 0 0 87 32 50 74 0 6 0 0 50 0 0 0 0 6 0 69 0 4 48 17 0 0 2 0 0 32 21 0 0 44 0 22 54 0 68 79 0 6 33 0 5 66 17 0 72 0 16 17 23 79 66 0 0 9 74 0 20 29 0 8 69 31 0 0 90 21 71 0 11 54 82 0 61 36 0 53 0 2 60 0 18 6 0 41 8 34 10 74 0 0 0 0 8 38 37 81 0 10 0 0 0 5 30 18 43 20 92 0 0 0 2 41 19 0 5 40 0 73 34 0 5 29 5 0 0 0 0 0 23 0 0 0 23 0 66 0 0 0 21 44 12 34 0 0 0 0 52 48 0 2 44 0 10 0
 0 23 0 0 20 0 50 33 16 0 0 29 0 39 0 32 8 17 54 45 0 5 37 48 15 3 65 0 15 29 0 52 53 0 0 59 0 0 33 0 0 69 0 7 0 0 31 77 0 28 24 0 42 15 0 0 6 0 44 0 15 0 73 0 61 0 7 0 66 0 0 0 25 0 0 45 21 19 0 52 11 0 0 0 0 14 0 0 0 0 0 63 64 0 37 0 0 0 0 0 0 0 61 0 0 0 56 5 11 0 0 0 0 32 0 67 0 0 70 34 0 0 0 58 16 61 0 0 16 43 0 0 3 0 0 54 66 67 0 0 0 19 0 0 40 60 0 0 1 0 0 0 22 0 0 0 67 0 20 0 0 0 0 0 10 0 40 0 53 73 20 0 5 11 0 18 0 0 12 43 0 0 51 18 8 0 70 3 1 21 12 30 37 0 0 23 0 36 0 0
 0 0 0 70 0 32 0 0 11 0 0 0 0 41 0 0 70 0 0 63 4 41 79 2 0 25 36 42 65 0 0 21 0 0 0 0 0 58 0 57 27 0 50 0 0 30 41 0 0 0 0 44 18 16 0 36 0 0 0 0 16 30 0 2 0 30 0 0 90 0 28 0 2 27 0 8 55 0 0 9 0 0 0 0 74 0 0 0 0 9 26 63 0 0 64 0 19 0 53 0 0 0 0 79 0 9 58 0 0 25 32 14 0 0 0 45 0 0 0 11 0 3 0 0 0 48 0 0 0 18 0 6 0 26 0 0 0 0 68 0 0 50 38 0 38 22 44 0 46 0 0 0 18 0 0 39 0 0 0 32 40 77 24 81 8 0 4 39 33 0 53 3 39 0 0 0 0 0 0 4 0 36 18 7 0 10 29 4 0 8 11 0 0 49 0 0 0 6 44 0
 0 1 10 0 0 75 0 0 23 0 4 43 0 87 0 22 0 69 0 16 30 0 0 7 54 4 0 0 0 0 19 0 0 0 72 37 0 57 0 0 96 10 0 0 75 0 39 6 0 0 15 0 46 25 0 0 0 24 0 11 0 75 0 0 0 24 8 0 28 0 30 0 0 0 0 0 0 0 1 56 60 34 49 76 0 0 40 10 0 0 0 0 0 0 2 0 0 0 0 57 0 13 0 0 50 45 12 15 0 75 77 0 0 39 28 62 0 0 0 0 40 11 0 33 0 1 0 0 49 0 15 69 0 0 0 0 34 41 0 44 0 36 0 0 62 81 32 32 20 0 0 0 54 39 0 31 73 0 35 41 0 0 0 48 0 0 26 75 0 0 60 1 0 0 22 86 0 30 23 53 0 89 0 0 0 0 12 66 0 0 7 25 19 0 67 49 0 9 95 38
 0 1 1 34 0 0 0 23 46 19 17 0 0 12 25 0 46 6 0 5 32 25 0 0 64 5 0 0 0 25 1 70 22 38 0 0 0 18 0 26 36 36 5 0 10 4 11 80 0 58 0 7 0 1 48 51 26 0 56 2 22 8 5 0 58 55 0 0 0 0 0 0 0 66 0 5 0 0 5 0 0 0 58 71 0 64 0 9 2 35 9 7 46 35 0 0 0 76 58 0 24 84 0 0 52 31 7 0 3 0 0 48 0 66 7 0 0 54 27 0 3 12 0 0 0 48 23 46 25 0 5 9 52 0 0 1 0 70 24 0 26 0 14 54 87 4 36 46 0 75 39 0 0 33 72 28 0 0 0 0 0 1 0 0 73 0 0 0 6 0 9 50 52 7 0 0 11 53 59 0 1 0 0 2 0 0 0 4 0 15 0 97 0 28 0 11 0 91 0 3
 0 0 44 0 0 16 37 0 0 0 0 49 0 0 0 0 0 0 0 84 0 81 0 22 0 0 0 0 0 0 0 0 0 0 46 49 53 6 95 0 0 0 0 0 0 0 72 1 0 0 0 0 0 0 0 40 82 0 3 51 0 6 0 0 0 48 0 0 0 50 23 64 87 0 0 37 18 0 3 0 31 14 0 56 0 40 53 16 13 0 18 0 0 0 0 0 43 59 0 24 0 0 0 5 0 53 71 0 30 0 14 46 0 64 22 0 0 0 0 32 0 35 0 1 0 13 30 56 0 0 0 97 0 31 0 30 33 0 0 0 0 0 13 17 59 40 22 42 0 48 15 30 41 0 0 2 0 0 0 64 18 41 37 8 9 0 0 8 0 0 0 42 0 38 0 0 37 0 0 0 19 0 0 31 24 10 12 0 0 40 0 21 60 8 75 34 47 0 0 0
 98 0 83 78 0 0 0 16 22 31 0 0 0 53 0 3 0 9 0 0 57 60 15 0 0 35 15 45 29 0 4 0 31 0 60 7 0 0 28 4 41 0 0 20 0 32 0 6 0 0 0 0 0 0 16 0 48 21 49 0 0 57 0 0 0 0 73 0 0 0 79 0 0 0 17 64 0 0 0 0 0 21 30 0 13 0 43 1 95 0 68 96 0 6 24 83 0 0 3 0 0 19 30 0 0 21 0 93 0 0 0 14 17 48 48 0 0 1 0 0 0 0 34 0 14 48 0 39 53 0 37 0 41 6 30 0 39 0 62 53 0 25 0 54 0 6 0 0 15 0 40 10 9 0 11 0 26 61 0 75 0 18 41 55 0 0 0 17 7 0 44 35 2 6 32 0 16 16 0 0 6 29 0 0 0 27 0 0 50 0 4 0 0 2 0 16 34 0 62 0
 29 11 24 0 3 4 13 38 3 0 0 0 0 0 1 0 4 39 0 0 0 0 30 0 46 35 0 0 0 0 0 27 7 69 39 31 0 0 0 0 21 12 56 21 0 0 0 0 0 44 66 0 14 0 0 0 0 6 8 47 0 7 49 32 51 9 22 0 0 0 23 13 0 11 25 1 15 0 36 0 8 0 0 10 25 0 55 32 59 76 69 16 0 0 0 0 42 0 45 61 0 1 18 0 38 0 0 0 0 64 0 6 0 9 3 55 36 34 84 21 25 17 0 0 0 0 0 0 0 0 45 13 0 0 4 0 31 21 29 0 0 0 0 72 0 20 0 39 0 0 58 12 86 0 53 0 0 0 0 0 47 0 0 24 46 0 37 12 0 0 1 1 8 0 0 0 60 41 50 0 4 23 0 0 0 0 0 63 58 76 0 48 0 32 60 0 65 42 0 68
 14 0 83 26 94 74 2 4 0 0 0 0 0 0 28 0 0 0 33 0 7 62 0 0 0 98 4 6 0 67 8 60 2 0 68 0 0 0 0 0 28 0 2 8 0 31 15 37 0 61 28 5 0 56 0 28 0 55 0 0 0 40 0 34 0 0 28 0 58 56 76 0 0 53 34 0 0 0 36 0 57 9 0 51 0 16 24 12 0 90 0 36 87 69 14 0 15 0 38 0 70 83 0 53 2 0 0 0 37 36 0 0 0 36 45 0 86 27 0 26 0 0 0 0 0 14 50 28 0 0 0 0 0 0 0 0 23 27 0 0 58 16 2 79 0 64 61 0 16 9 37 50 62 68 0 0 0 56 43 0 0 24 3 28 18 0 34 46 0 0 0 4 35 0 9 0 22 58 52 56 0 0 72 0 11 0 49 0 0 6 0 0 0 0 3 68 56 31 0 0
 26 0 0 5 0 0 28 55 67 0 41 0 0 0 37 0 0 0 23 0 10 18 0 0 15 0 0 23 0 70 63 0 0 0 66 0 0 0 56 46 64 0 0 56 34 0 7 0 2 0 0 0 89 0 0 0 44 0 0 71 0 16 5 62 0 0 0 0 0 30 67 0 0 0 48 0 0 82 0 5 0 13 88 0 0 17 0 56 0 0 0 0 35 35 0 0 0 47 0 23 0 0 0 86 0 38 0 0 0 0 17 55 6 0 0 48 0 0 23 0 0 22 22 22 0 15 23 0 25 13 46 0 40 71 25 0 0 85 0 38 22 34 0 18 0 39 0 8 0 0 0 24 0 22 24 43 0 23 0 0 33 0 13 7 0 78 0 0 10 37 5 4 0 0 0 0 18 0 0 65 53 0 0 0 0 0 0 0 58 17 5 13 0 0 0 0 33 21 26 13
 12 71 34 0 0 5 0 78 58 0 0 21 0 0 0 89 38 54 0 0 0 7 0 29 0 93 15 0 62 19 0 13 0 12 0 20 61 0 19 0 0 34 2 27 58 3 22 0 0 42 0 0 0 0 15 0 90 0 10 24 80 27 90 0 45 0 0 27 62 0 0 0 0 78 16 2 5 0 78 0 0 0 6 0 0 0 0 38 49 0 0 2 0 0 58 80 4 24 0 40 0 0 89 56 21 0 8 0 0 36 1 0 0 18 55 25 0 0 30 40 0 0 39 86 0 0 0 6 0 0 0 0 59 2 0 68 0 25 32 0 12 0 0 8 0 0 0 0 0 0 48 0 12 74 59 0 28 0 0 13 68 0 0 63 0 0 0 48 0 0 0 12 45 21 0 0 0 22 0 58 10 0 20 26 35 0 0 55 0 0 0 0 0 81 0 0 0 78 0 0
 0 46 26 22 0 36 0 0 0 0 32 0 0 0 3 7 0 0 73 0 0 0 22 0 75 0 66 41 35 92 43 75 0 0 71 0 83 0 0 0 23 60 86 0 13 3 42 0 0 0 0 23 0 0 0 9 0 23 40 0 0 0 0 0 0 0 12 0 0 14 40 0 74 13 4 0 0 12 4 0 15 0 0 55 0 11 0 0 0 0 23 0 15 0 0 0 3 30 0 0 22 0 0 0 66 0 0 0 0 0 50 0 22 0 27 0 0 0 0 87 0 0 0 16 0 8 0 0 5 0 0 68 0 0 0 39 12 48 11 0 0 75 5 0 0 60 0 64 0 66 0 21 0 0 0 87 0 0 14 0 0 0 18 0 0 0 0 0 59 0 0 20 0 0 55 0 7 2 16 17 40 74 0 0 0 0 0 0 74 0 0 13 6 0 26 17 0 12 14 0
 0 30 25 0 41 24 20 39 67 0 45 0 31 0 0 53 0 29 0 23 67 18 71 0 0 0 0 5 90 0 69 5 0 27 7 0 0 0 0 0 26 0 51 41 0 0 71 0 15 50 26 0 0 2 42 0 0 0 45 45 91 0 71 0 0 20 6 1 42 0 0 3 71 0 0 12 0 0 35 0 0 37 0 0 0 0 0 32 8 0 25 0 0 0 0 0 0 0 87 0 77 35 13 16 0 14 0 22 0 0 0 36 6 71 0 0 0 0 0 36 0 39 0 0 0 0 32 85 4 0 34 56 0 67 0 25 0 0 12 0 0 0 7 0 18 0 0 42 45 20 27 4 0 4 11 0 19 2 0 0 33 48 0 29 35 0 21 0 7 0 12 0 0 35 6 66 46 88 0 11 0 0 0 0 64 0 47 18 43 46 0 0 2 5 0 9 0 5 19 90
