100
 100 24 52 0 28 42 70 6 52 76 45 1 79 0 76 0 0 13 0 3 0 0 24 45 0 0 48 67 0 0 0 5 26 42 0 0 0 0 0 31 0 0 17 0 0 14 9 17 25 16 5 0 0 34 0 0 42 0 7 0 16 0 37 28 11 75 9 8 5 0 0 0 67 28 22 0 26 72 0 87 51 10 1 45 61 14 0 39 0 0 47 0 0 10 0 4 39 2 6 0
 0 57 0 0 39 0 26 0 22 66 51 64 10 0 0 0 0 0 49 0 0 42 0 20 5 10 0 0 0 0 22 13 0 0 0 0 0 25 4 0 0 0 68 12 0 0 0 0 0 0 38 45 0 0 70 0 17 63 57 43 0 0 0 43 26 65 0 54 0 44 0 0 77 0 38 0 0 26 18 4 0 0 0 50 0 22 0 0 0 0 0 66 73 9 0 0 0 0 0 0
 0 35 37 0 44 0 0 24 0 0 17 26 0 0 0 91 22 96 0 12 0 0 0 0 45 43 38 2 62 0 22 0 0 6 15 18 0 0 0 10 16 0 0 16 12 37 0 0 13 0 37 0 16 1 9 14 21 0 0 39 0 0 27 0 0 29 14 0 72 0 33 78 0 12 0 64 25 0 6 0 5 9 12 0 0 46 0 0 19 0 4 0 0 10 0 0 20 1 54 0
 0 9 35 8 49 0 0 0 18 0 0 19 64 0 0 0 5 11 94 0 58 0 5 23 34 0 1 0 26 35 0 37 19 42 77 0 53 60 0 51 28 0 0 0 16 71 53 22 13 21 28 0 0 0 60 0 0 0 5 3 4 13 19 2 0 0 69 0 77 7 0 0 33 0 0 32 0 0 0 0 0 26 0 54 0 77 77 0 50 61 58 16 0 16 37 0 0 0 46 24
 0 0 0 0 39 0 5 0 61 0 26 0 84 0 25 58 0 75 17 0 12 0 0 24 0 0 13 0 9 84 18 35 0 46 65 0 0 0 14 6 46 16 0 0 0 63 57 0 0 0 54 53 0 0 20 0 0 48 16 0 0 0 10 38 0 44 48 0 27 0 4 0 6 21 27 0 0 0 53 33 61 0 0 0 0 0 0 0 0 38 0 0 0 0 0 38 0 0 75 55
 0 39 59 35 90 59 18 66 6 8 4 0 29 3 0 52 0 0 0 52 0 74 0 0 0 0 0 27 0 0 0 6 5 0 48 27 0 0 14 84 87 19 40 0 52 0 0 0 27 86 0 0 0 61 47 7 0 4 2 0 0 0 21 54 0 0 38 0 0 37 0 0 0 58 0 0 3 0 0 12 0 57 0 0 0 0 0 5 0 0 0 41 0 0 69 61 9 0 80 0
 0 0 3 72 0 0 87 0 29 0 0 65 15 24 24 0 0 0 55 49 53 20 57 0 97 42 4 26 65 0 0 75 53 25 0 29 0 18 90 0 39 4 0 0 0 48 84 0 0 12 24 44 0 0 0 17 0 0 22 0 17 0 33 0 0 39 7 0 0 0 0 0 0 0 17 0 0 61 0 0 23 20 16 0 53 33 18 0 0 0 7 0 0 94 0 60 0 80 46 31
 0 17 0 23 14 0 87 51 0 0 0 0 38 0 0 0 0 16 6 11 27 0 0 0 36 0 82 56 84 0 0 68 64 0 0 0 0 8 21 23 0 72 18 20 26 0 0 44 0 0 52 0 0 0 0 3 43 0 0 33 11 0 0 33 77 18 0 0 42 0 36 19 10 37 81 49 61 32 73 1 21 0 0 15 0 68 26 0 35 0 17 1 51 21 0 14 0 18 14 14
 0 0 12 0 0 0 0 12 40 0 13 0 0 34 0 0 0 29 44 67 9 54 13 0 6 29 0 0 0 0 0 0 5 48 0 12 0 0 0 0 0 0 0 25 0 0 0 73 0 69 11 55 34 0 37 0 0 42 0 8 24 61 0 8 0 76 28 0 0 0 6 42 0 0 0 0 0 44 0 0 0 0 0 0 63 23 2 1 0 0 80 61 0 8 0 0 0 54 0 0
 0 0 2 80 74 0 59 76 20 95 0 39 0 27 2 0 65 0 2 0 0 29 0 0 51 0 72 0 54 42 69 56 13 0 75 8 29 0 65 52 51 10 0 0 33 0 21 59 34 0 2 57 0 0 0 0 0 0 11 0 27 0 0 0 64 18 94 0 46 0 0 59 27 0 0 14 16 22 18 0 19 0 18 0 20 10 45 0 0 82 21 17 0 0 5 0 0 0 0 0
 0 0 0 7 0 0 15 6 0 1 24 0 0 49 0 0 0 0 4 5 54 60 0 0 0 20 39 37 37 0 24 0 28 30 0 0 0 0 29 0 56 0 33 54 0 32 0 0 0 74 0 0 25 34 52 21 0 0 58 0 0 21 0 0 0 0 0 0 69 0 0 15 0 0 1 0 27 0 0 39 18 2 71 33 1 9 0 81 0 0 18 0 40 0 0 9 25 4 0 21
 0 0 0 0 41 46 0 26 77 0 10 83 62 43 13 0 45 41 0 6 26 0 21 6 0 0 0 14 0 7 0 1 11 0 15 100 0 0 0 0 0 44 88 9 0 0 5 11 0 0 34 0 0 79 0 0 0 24 51 0 1 0 0 8 0 0 0 0 0 55 61 0 0 0 0 9 0 0 21 0 0 0 0 57 70 21 3 74 26 0 77 21 20 0 68 0 0 0 11 42
 0 0 3 0 0 0 0 0 66 21 83 0 49 0 18 13 0 68 0 15 74 0 90 0 22 17 39 0 10 33 13 1 15 0 0 79 0 4 17 13 28 0 0 20 0 19 0 0 0 0 0 21 56 0 50 30 22 0 51 0 69 0 0 0 0 0 0 20 3 0 20 0 63 32 0 27 0 0 0 57 0 0 0 57 0 0 0 63 0 0 81 42 8 0 9 0 0 0 20 11
 31 60 47 19 36 0 0 60 0 0 0 0 83 23 0 0 0 0 0 0 49 13 0 0 0 0 81 22 7 0 0 0 0 0 14 32 52 0 0 0 55 0 0 0 57 14 0 8 25 0 10 64 26 0 0 0 22 0 0 0 9 0 0 0 40 0 0 0 0 30 22 0 0 35 97 14 0 0 0 35 80 0 51 0 0 0 41 0 0 18 0 0 0 35 69 0 34 0 36 51
 0 2 23 33 0 43 0 64 41 0 6 0 0 21 49 0 0 0 31 16 58 18 0 12 23 0 0 0 0 0 11 0 35 19 57 41 37 55 0 7 0 55 41 3 7 77 68 59 0 0 20 0 32 0 15 23 0 55 0 39 9 40 0 8 0 0 71 34 0 0 53 0 0 1 0 24 0 0 78 0 32 46 59 38 15 0 0 2 0 0 60 0 50 22 0 29 20 0 43 7
 21 55 0 41 0 0 61 30 29 7 29 84 0 80 15 46 22 0 0 7 46 0 71 0 0 84 6 0 0 30 32 24 16 0 71 17 0 0 31 0 6 20 18 0 15 0 0 0 0 0 0 16 0 0 4 33 0 20 46 0 0 0 27 7 0 0 46 0 0 18 0 0 0 6 0 30 0 0 0 0 25 17 18 0 60 0 1 0 45 53 10 22 26 0 43 45 37 0 0 0
 34 52 0 0 2 13 77 31 53 0 0 0 26 81 62 0 53 84 1 0 0 18 0 0 0 0 32 0 0 88 0 0 75 40 0 7 0 4 0 0 24 2 23 17 16 59 19 80 0 16 0 0 38 1 0 41 33 0 15 0 0 0 0 0 26 27 0 77 0 0 0 70 0 0 0 0 79 0 0 0 18 18 0 1 0 8 0 0 0 0 0 50 47 0 0 0 8 0 0 39
 0 5 0 0 0 0 50 0 0 67 28 0 0 13 74 8 0 2 83 0 26 21 0 0 83 30 9 0 0 0 44 0 30 17 0 0 0 61 0 78 0 0 53 16 0 71 0 63 50 0 0 89 0 0 0 0 0 64 93 69 36 53 33 29 69 0 20 73 0 35 52 61 0 81 0 10 0 31 40 0 0 0 6 0 0 24 19 0 0 1 2 0 22 0 0 0 0 0 0 25
 49 0 40 0 0 76 0 0 0 0 0 37 77 12 0 3 0 0 28 5 5 0 12 0 0 95 0 1 0 41 42 11 43 0 0 0 0 36 0 0 79 15 0 0 0 0 0 48 0 0 0 0 0 43 0 0 34 0 0 0 1 0 0 0 8 34 50 44 0 1 47 50 0 24 0 0 0 0 17 52 0 0 0 18 8 28 0 0 0 24 0 22 19 42 13 0 0 0 21 39
 0 52 0 65 65 0 0 0 0 16 0 0 0 17 0 0 74 16 0 15 0 8 0 1 17 0 3 85 0 0 56 1 47 24 7 69 0 81 7 46 67 0 0 0 28 0 0 0 0 61 0 0 0 0 0 0 57 0 0 0 0 26 78 0 0 0 0 0 3 12 58 0 19 55 33 0 3 23 0 0 23 0 0 0 0 0 0 0 0 23 97 0 89 0 0 88 0 0 28 0
 1 22 24 0 0 74 0 0 0 75 0 0 0 0 0 0 23 0 0 59 76 0 39 0 60 14 28 0 0 0 0 25 48 62 81 0 0 0 0 8 0 0 32 92 42 0 0 0 0 0 9 0 0 43 2 37 0 63 0 63 0 28 16 0 0 66 0 0 54 0 0 19 32 15 0 43 0 48 0 88 0 0 97 53 17 76 0 0 0 0 52 0 93 49 2 5 0 55 0 0
 84 0 14 41 44 0 0 32 0 0 0 25 2 0 0 66 0 0 32 0 7 55 0 27 39 0 0 17 6 5 77 0 19 0 25 0 0 0 17 0 1 0 0 0 0 0 22 17 0 0 51 26 9 0 0 33 54 38 0 2 0 59 12 0 37 61 0 18 0 0 0 36 26 0 65 3 0 41 15 0 0 22 56 0 0 20 44 28 0 15 0 0 51 35 7 0 0 0 1 0
 0 43 9 0 60 60 0 1 0 54 20 0 0 24 3 0 61 71 0 46 0 26 70 0 1 18 0 73 48 0 8 0 0 32 0 71 22 30 0 32 0 0 0 0 0 15 6 2 3 24 59 0 26 0 0 0 36 0 11 1 40 0 0 58 21 0 68 0 70 0 7 0 3 15 0 14 4 0 0 0 27 1 0 70 4 4 0 0 0 0 0 40 0 55 2 0 0 4 54 7
 0 0 15 0 0 6 8 10 2 34 29 0 12 10 0 69 47 62 69 0 3 0 5 99 1 29 0 0 0 38 14 37 0 0 0 40 73 0 48 35 8 34 0 0 20 0 51 42 0 0 9 27 0 14 0 34 33 0 84 25 0 0 0 0 5 0 6 0 45 45 21 60 47 87 8 44 48 0 0 43 18 0 74 0 12 0 0 17 0 13 0 0 0 0 4 0 16 23 0 6
 34 0 0 0 19 10 0 0 0 0 51 55 0 60 0 33 58 0 66 0 0 0 0 0 31 56 3 0 61 0 4 0 0 0 69 29 0 0 12 55 0 56 4 0 0 10 38 0 38 0 0 45 0 21 0 80 22 2 63 4 0 19 6 46 37 0 59 0 37 0 19 0 13 0 49 89 11 0 0 0 0 5 0 0 0 21 0 0 2 1 0 0 6 0 0 27 0 0 25 0
 31 0 0 25 59 36 0 36 0 43 0 38 0 0 20 0 30 0 0 25 0 50 0 0 0 47 0 69 0 0 0 39 26 12 52 0 22 0 0 72 52 0 0 0 0 62 2 0 0 0 1 19 0 10 0 0 0 2 0 0 31 54 62 0 0 0 50 0 50 0 0 24 0 0 4 2 0 0 0 0 37 37 7 73 0 39 0 0 17 0 0 0 32 66 3 11 6 0 0 10
 0 42 0 0 0 49 0 0 20 0 0 39 0 0 67 0 0 0 35 0 0 27 44 46 0 46 100 0 0 33 0 38 36 0 0 0 0 75 0 0 72 0 0 0 0 19 75 0 23 0 0 0 36 0 0 0 64 4 85 44 0 67 61 7 0 0 0 27 47 0 23 5 0 0 65 0 58 44 30 5 44 0 41 36 0 0 3 0 73 0 0 0 1 41 10 0 29 0 38 23
 0 33 0 1 48 0 0 0 81 71 0 0 69 0 76 16 41 23 0 0 20 0 0 36 69 0 7 100 0 15 0 0 0 0 78 0 3 0 0 0 65 0 13 0 0 53 0 0 0 1 43 65 0 0 25 0 5 10 63 0 11 0 5 3 0 0 47 49 0 61 0 57 0 7 0 0 0 0 97 46 1 0 69 0 23 51 13 0 16 0 0 10 50 85 0 0 75 13 8 1
 22 14 0 0 0 33 0 0 45 0 0 25 0 0 68 2 40 48 27 8 13 0 0 62 0 33 5 20 34 25 0 0 11 9 0 0 0 0 80 0 44 26 59 64 50 8 85 14 91 0 27 50 60 5 32 24 8 0 3 0 0 13 17 68 0 12 11 53 63 27 0 37 15 0 49 0 84 0 0 35 22 8 0 0 0 0 46 0 0 32 7 0 0 20 14 13 0 23 0 0
 41 45 91 0 0 15 0 22 3 0 6 0 0 49 22 0 0 77 0 88 23 0 49 0 75 15 0 0 0 87 36 0 0 0 0 4 3 0 0 0 32 0 44 50 20 0 0 0 8 38 1 36 0 0 0 0 0 0 0 80 0 14 0 61 34 0 58 0 7 58 28 0 56 76 48 48 70 0 88 0 0 53 0 0 0 12 19 45 41 2 55 39 0 0 28 0 3 38 1 39
 13 0 0 61 0 9 40 30 65 0 0 6 0 28 0 0 0 0 0 0 14 0 0 0 0 23 54 49 35 0 100 3 0 0 0 88 0 13 8 21 28 0 83 70 0 72 0 0 0 16 0 46 51 0 40 0 32 29 19 0 66 0 18 0 0 10 16 0 0 83 0 32 21 0 32 10 59 78 12 29 0 0 28 0 0 0 38 40 0 0 0 35 55 3 65 0 0 0 0 3
 0 0 40 0 0 0 0 0 38 0 18 0 0 80 56 0 56 25 0 0 0 22 12 0 40 0 0 3 24 51 0 76 20 24 5 31 9 21 11 0 18 0 0 0 83 4 10 0 66 0 27 75 0 81 0 26 0 50 5 38 41 46 0 0 48 83 13 0 13 7 43 0 18 42 0 3 10 1 0 0 0 0 19 0 0 0 0 72 0 0 0 16 68 38 0 5 15 0 0 74
 0 34 24 0 21 0 0 0 0 0 0 0 0 59 0 0 0 0 0 0 0 0 53 33 45 0 0 41 0 49 44 0 6 10 2 0 21 68 25 0 0 44 15 0 0 0 0 40 0 50 52 0 0 31 0 0 37 5 0 87 42 15 0 14 0 0 7 0 0 0 38 59 40 8 61 0 0 17 0 0 0 29 0 57 17 0 0 42 26 9 0 0 55 51 0 75 58 62 7 0
 0 2 0 0 0 17 0 27 0 23 0 3 19 8 0 48 0 0 5 0 0 65 0 71 42 0 42 31 0 59 30 0 0 39 44 44 77 0 2 71 64 20 0 66 0 0 0 0 77 0 28 0 0 1 0 0 0 81 0 0 0 8 81 48 83 0 0 44 0 9 0 0 71 0 0 24 0 41 62 3 0 24 0 0 0 19 8 0 3 36 0 26 0 60 0 0 0 0 0 15
 52 44 0 0 0 0 26 5 26 0 8 0 33 0 0 0 55 7 74 0 0 0 44 68 0 0 3 0 33 44 7 0 0 0 51 32 29 0 0 54 0 55 70 0 0 0 6 0 57 55 14 0 68 6 0 0 84 56 41 0 31 0 7 22 0 30 0 45 0 0 26 11 31 30 0 62 6 0 31 10 0 0 25 12 19 79 0 0 54 0 0 0 0 0 1 0 67 0 52 0
 52 33 0 31 4 0 0 0 0 0 11 0 0 0 0 0 0 9 25 0 28 90 0 0 0 30 42 13 33 0 0 0 82 0 0 33 44 2 0 0 0 8 0 61 77 6 0 0 36 23 10 0 0 11 17 0 0 46 11 42 19 84 0 69 0 0 0 79 25 82 14 0 33 0 0 0 0 85 0 4 0 74 0 0 0 0 0 0 40 36 32 0 0 0 58 0 0 0 0 0
 13 41 44 0 38 61 56 28 79 0 40 12 78 0 0 69 72 30 23 4 69 79 0 0 30 0 57 0 18 0 16 0 0 0 0 0 67 0 4 0 0 0 0 0 0 0 0 0 0 0 0 8 0 6 5 0 0 0 0 61 0 0 0 0 25 4 25 0 0 0 0 15 0 69 5 58 30 0 0 0 13 38 0 0 0 0 0 0 35 59 0 17 31 0 0 0 62 0 5 74
 13 0 18 0 49 3 0 0 11 10 51 40 0 2 0 67 0 0 0 0 14 24 0 38 22 11 0 3 18 46 0 0 0 5 49 0 1 43 0 0 27 0 62 5 0 3 0 0 0 0 5 0 35 0 20 0 13 53 61 33 0 9 10 0 9 0 0 0 0 39 10 46 0 0 0 0 41 20 0 0 7 27 22 0 0 0 54 40 0 0 19 15 85 53 0 20 0 87 0 0
 51 0 18 44 0 0 0 0 41 0 0 69 0 14 29 0 57 27 40 0 6 0 43 0 0 77 31 61 0 48 0 0 0 0 14 5 0 2 69 57 55 0 4 0 17 2 5 0 62 0 6 0 58 0 0 19 73 0 0 0 0 3 0 0 0 0 17 20 91 0 28 0 35 0 0 0 75 81 0 0 1 0 0 42 0 3 0 21 0 30 0 0 0 0 79 12 0 42 0 35
 0 27 0 0 0 0 7 0 80 0 0 73 0 85 0 25 32 0 57 0 0 9 0 0 0 0 16 14 19 9 0 57 24 0 0 13 29 22 0 23 0 0 13 2 0 24 0 0 5 28 51 0 32 0 0 0 0 58 43 19 23 31 0 16 19 0 0 27 0 0 0 8 39 10 0 4 24 0 77 0 30 0 93 0 0 0 0 39 0 0 75 16 0 50 15 14 42 0 0 0
 14 88 0 0 0 0 0 38 65 0 0 14 0 0 37 0 0 6 0 0 47 0 34 0 61 0 0 0 0 0 0 0 24 0 23 31 27 0 0 31 15 0 0 27 0 0 0 28 17 0 66 20 0 46 42 0 0 24 28 14 27 0 0 64 0 0 0 0 0 0 43 15 0 1 0 0 74 0 0 0 0 39 0 39 14 30 0 62 2 0 1 3 0 51 0 72 0 0 42 50
 61 54 17 58 0 0 0 0 43 0 13 0 61 16 0 0 0 37 0 17 88 29 22 0 0 53 77 19 0 4 75 4 0 0 0 0 86 38 35 27 3 97 0 83 0 0 0 11 0 0 49 0 0 26 0 0 0 69 0 0 41 0 66 63 0 0 32 80 0 82 0 0 0 25 0 17 0 25 46 0 80 33 0 0 31 0 0 0 0 13 40 0 6 0 0 0 18 27 0 3
 0 0 52 31 28 0 18 0 15 70 0 0 88 31 0 0 0 0 10 43 0 44 28 23 0 50 95 0 0 0 0 13 0 67 0 7 30 0 0 0 4 51 3 59 0 33 0 0 33 26 0 31 9 0 27 0 0 69 0 0 0 15 7 9 0 39 0 0 0 0 59 0 11 0 0 6 4 0 0 9 18 0 17 29 5 10 0 0 0 0 0 0 0 0 0 18 0 27 0 0
 14 0 0 9 11 5 72 0 0 23 0 0 0 56 0 31 0 0 74 51 0 6 74 32 69 5 9 25 0 0 0 27 72 0 70 0 71 0 14 0 0 0 0 19 0 0 0 0 22 97 29 28 0 0 19 0 0 22 0 0 0 63 0 0 16 0 0 66 17 0 0 76 10 36 0 0 5 0 0 0 6 4 25 0 0 0 0 0 12 0 0 0 29 0 4 0 0 0 0 0
 28 33 0 0 38 0 32 0 55 0 88 47 21 0 0 0 0 45 38 0 0 13 50 0 60 43 3 8 0 0 11 0 25 49 95 0 65 41 0 89 23 13 70 21 75 26 2 16 80 0 86 21 25 0 2 0 0 33 0 12 35 0 0 23 0 0 29 0 0 0 0 0 57 0 6 44 0 6 0 43 0 0 18 35 19 0 56 0 11 26 2 28 0 0 82 31 15 0 24 88
 0 1 0 0 0 70 0 42 86 33 0 23 0 0 0 4 0 0 3 32 55 20 0 79 0 0 0 0 0 24 0 0 83 9 81 0 50 0 0 0 37 38 0 25 0 47 0 86 7 20 0 10 0 0 18 0 4 12 0 0 0 0 68 0 37 0 61 91 51 0 55 26 18 0 55 31 0 0 27 0 0 0 0 0 83 28 43 33 39 25 0 0 37 0 13 29 17 5 0 0
 0 10 58 0 0 85 0 65 20 0 43 0 0 12 0 61 0 24 27 38 72 0 0 0 0 0 0 25 0 31 36 0 4 94 0 69 24 9 0 3 9 0 16 71 0 80 32 0 62 0 0 14 0 0 58 0 57 33 0 0 6 8 42 0 27 59 0 9 60 0 52 35 59 23 0 9 0 0 0 0 0 72 0 0 5 13 38 0 0 81 0 0 0 0 77 0 58 12 53 0
 0 67 55 0 19 30 31 0 0 0 27 0 28 0 0 14 0 0 0 0 1 0 0 0 27 53 61 74 0 32 82 7 0 14 24 60 67 59 56 66 0 0 30 23 0 0 72 68 0 73 0 9 27 0 0 33 0 0 5 58 0 16 57 39 0 44 39 21 32 0 14 0 0 26 10 61 0 25 0 0 0 0 0 36 0 0 0 0 0 0 0 12 25 36 0 47 0 49 0 0
 0 3 0 0 25 0 42 6 12 0 18 12 34 0 0 18 1 0 18 55 28 30 0 54 0 91 0 35 0 0 71 0 3 0 0 0 17 38 0 0 0 49 0 0 0 0 0 6 76 48 0 0 0 7 32 4 21 1 0 0 4 0 41 0 0 4 0 48 59 0 51 0 0 0 12 0 0 33 0 0 0 69 13 0 66 59 0 0 0 0 0 0 81 14 0 0 38 0 0 0
 0 20 12 0 14 0 0 62 0 56 0 72 14 36 51 39 0 75 76 0 29 5 0 23 86 19 17 0 36 0 0 5 0 37 0 0 14 15 19 0 6 50 0 0 6 0 12 0 0 92 8 0 0 50 0 0 0 0 0 10 68 10 0 12 0 0 17 55 0 0 35 0 0 0 19 0 40 81 0 0 0 42 0 54 73 20 10 18 0 0 40 60 0 0 14 0 64 18 9 24
 0 0 0 0 0 63 0 0 0 0 0 0 33 0 0 18 16 33 21 22 0 0 0 0 19 0 62 0 0 0 81 0 0 0 0 0 35 0 0 0 0 0 75 0 0 38 27 72 59 0 15 0 0 30 0 0 8 12 0 17 0 57 64 17 34 1 37 29 0 0 0 0 31 0 0 45 62 55 0 12 0 0 0 0 19 8 12 67 40 0 15 84 41 39 40 0 53 0 0 10
 34 0 2 48 0 13 0 0 0 0 5 45 0 0 37 0 13 0 70 3 14 0 3 0 0 0 81 0 0 0 0 0 23 3 8 56 0 74 57 66 0 67 0 0 0 0 0 0 10 48 85 42 6 15 6 0 18 0 19 0 68 34 4 0 22 37 29 22 0 0 0 0 0 0 0 12 5 32 2 0 0 0 64 58 0 34 0 31 17 0 0 2 0 72 85 0 0 0 18 23
 7 30 0 75 62 62 20 49 0 12 0 78 0 0 0 10 0 2 67 16 4 0 0 20 17 24 0 7 0 18 0 29 88 13 0 20 81 0 0 0 27 13 0 3 0 59 24 0 0 30 16 0 6 0 0 2 75 63 0 37 16 0 27 0 0 0 60 70 0 0 70 45 0 4 4 4 33 0 58 0 5 5 57 44 0 44 82 0 0 6 0 0 0 0 0 37 33 30 0 0
 0 21 0 3 74 0 7 17 5 15 0 0 11 71 52 44 0 60 0 45 0 2 44 0 0 0 16 23 0 24 27 0 0 0 0 0 0 46 49 25 0 0 46 61 65 4 17 76 0 0 0 0 1 69 0 69 63 0 85 23 41 0 0 7 31 0 96 17 66 49 28 0 0 47 24 29 85 28 0 0 0 3 0 13 0 0 0 19 63 24 14 0 0 3 17 0 38 79 0 0
 9 0 0 0 0 0 13 72 0 16 0 55 0 7 0 0 4 79 76 27 0 97 55 27 9 9 45 0 0 31 0 21 27 31 22 0 0 0 58 28 0 38 0 0 0 0 0 7 0 6 30 0 62 32 90 0 83 34 0 20 86 66 0 44 76 23 62 0 32 0 0 10 79 43 0 0 1 0 0 78 0 0 44 0 11 27 72 0 0 0 65 13 0 47 0 50 0 29 8 0
 22 6 0 21 59 0 0 0 89 83 0 12 0 72 0 0 0 36 5 62 0 0 13 0 0 42 22 26 0 38 48 0 4 65 6 76 30 19 0 54 13 26 39 52 61 66 43 0 0 38 25 6 0 0 40 33 0 7 15 0 26 67 27 0 54 20 0 0 60 0 9 17 10 0 1 6 4 16 8 0 0 50 0 7 16 41 0 0 2 0 0 10 0 0 66 3 0 49 0 0
 0 0 0 28 27 15 53 0 2 3 62 22 0 0 19 61 0 61 0 0 47 0 0 0 0 84 0 0 0 27 0 32 0 33 0 70 1 0 0 4 10 50 10 4 57 0 0 21 0 17 0 0 0 0 0 9 23 50 16 0 43 64 75 0 45 0 54 0 7 0 0 39 0 21 26 0 0 52 56 27 0 0 36 32 0 0 0 3 75 13 11 0 0 0 0 0 42 0 0 26
 8 0 10 9 0 0 34 33 0 69 7 0 12 19 0 0 98 0 17 48 0 0 43 1 0 0 0 0 28 22 0 0 0 0 0 0 46 0 25 0 0 0 0 0 0 0 0 14 0 1 0 26 0 54 0 0 0 31 0 9 4 33 0 0 0 0 28 0 0 26 0 0 0 11 3 17 0 28 14 22 0 38 0 0 10 21 0 41 0 17 0 36 71 2 13 0 0 44 22 80
 0 0 73 0 0 0 0 50 26 0 0 0 0 69 55 0 0 0 16 63 0 39 0 0 0 1 0 0 0 21 0 0 2 26 0 0 13 0 45 0 0 46 58 19 32 67 22 0 18 13 37 0 2 0 4 0 0 54 95 0 0 8 1 26 2 89 13 38 22 2 0 11 0 34 0 32 0 16 7 0 0 80 80 0 2 0 20 0 0 0 1 0 0 37 0 8 0 12 46 0
 46 0 0 0 48 81 30 0 0 19 3 1 30 28 0 9 13 0 69 62 0 0 0 0 0 6 0 22 17 0 55 0 0 6 59 0 0 0 66 0 0 20 19 5 0 56 3 0 21 0 0 66 0 0 0 9 4 0 5 99 16 42 0 58 0 0 9 61 0 0 0 0 5 45 13 0 0 73 0 35 0 17 4 48 0 0 27 0 0 24 63 0 6 20 35 25 0 0 0 0
 0 64 42 0 23 64 0 0 0 0 51 0 0 0 0 4 2 0 0 49 25 0 0 71 66 0 74 0 1 20 0 0 0 0 0 0 49 63 46 0 0 0 54 15 0 21 0 33 0 0 17 0 0 0 0 0 0 0 84 0 67 0 32 0 19 35 93 4 61 65 0 0 0 29 0 18 69 16 0 0 90 0 0 0 0 2 0 72 0 27 56 25 66 22 38 46 0 0 0 0
 43 1 55 0 24 11 50 63 0 19 0 59 40 85 0 11 3 0 25 0 0 0 17 23 0 0 0 36 0 0 4 0 0 0 39 0 10 0 0 0 1 3 0 0 21 30 0 0 79 0 0 0 44 46 0 0 0 0 0 0 21 90 0 0 3 0 0 12 96 0 0 0 20 31 0 93 0 48 6 0 10 0 0 0 0 32 11 10 0 0 25 0 0 58 0 0 0 59 0 16
 0 46 0 0 0 0 0 21 33 33 12 57 16 51 47 0 45 0 82 0 0 0 54 12 0 0 0 0 0 26 0 36 77 0 0 30 56 0 0 39 11 0 0 97 42 0 0 0 0 1 0 0 0 67 15 0 0 12 0 45 0 82 1 35 3 0 25 34 0 52 0 9 0 71 30 22 0 80 0 14 0 69 3 4 48 2 0 0 19 19 0 37 0 0 7 0 54 35 27 0
 0 0 11 0 0 0 8 0 0 47 21 0 33 7 0 0 2 0 25 15 9 33 0 35 0 34 0 0 0 0 36 82 0 0 0 0 55 8 9 0 0 0 0 19 0 27 43 0 49 0 0 49 3 0 0 20 1 49 0 0 4 41 0 65 0 0 0 86 0 8 27 34 0 17 0 8 36 53 2 7 0 33 32 21 71 0 26 0 0 28 0 0 0 85 72 84 37 0 27 0
 0 0 28 45 83 16 26 0 49 0 12 1 47 0 41 25 0 0 0 19 0 0 0 0 0 20 50 50 53 0 12 0 12 0 31 14 0 0 80 0 49 16 14 0 22 0 0 17 74 60 0 0 58 0 0 0 0 5 0 52 0 0 0 22 77 0 20 0 18 0 70 0 0 0 36 0 0 0 0 46 71 9 0 0 0 0 0 41 0 0 18 41 0 14 0 0 0 18 8 0
 0 0 0 2 0 34 0 0 0 0 3 21 44 27 66 34 0 0 0 1 0 0 8 26 50 55 13 28 0 8 0 0 22 4 0 42 0 6 8 6 44 65 0 31 82 26 0 0 0 14 0 0 14 21 0 0 14 34 0 19 0 22 18 22 64 52 17 17 18 14 38 0 0 0 66 72 1 0 87 0 48 4 15 0 0 75 0 65 0 81 0 0 0 38 46 0 0 0 3 0
 0 5 0 0 0 0 0 45 0 0 18 13 3 12 0 0 26 0 0 43 22 26 0 0 0 0 14 0 0 0 0 0 0 30 2 3 0 0 0 83 2 0 27 66 0 0 23 0 59 0 0 0 0 0 0 2 0 0 0 0 0 40 0 6 0 0 40 0 0 0 62 14 0 0 0 0 0 0 0 20 0 3 37 23 31 0 0 0 41 0 0 75 82 43 0 43 0 18 33 11
 0 0 12 10 24 46 19 66 4 46 6 12 0 43 0 35 0 0 0 11 39 0 51 17 46 10 0 0 0 54 2 68 5 0 0 0 28 42 0 0 49 0 67 0 11 0 0 0 0 0 0 0 0 0 11 25 14 21 0 0 0 0 0 0 11 0 13 61 41 35 30 0 15 39 0 0 0 0 43 36 40 25 62 54 84 0 30 51 0 55 1 1 26 0 0 0 48 0 0 40
 0 2 0 0 0 44 76 0 30 0 0 25 0 22 17 34 31 59 36 0 0 78 0 0 0 0 0 20 0 0 1 0 57 52 65 0 51 25 0 12 8 14 5 0 52 0 0 0 0 7 16 69 57 0 0 0 0 59 0 46 0 0 84 15 0 0 10 0 41 0 26 53 0 84 0 0 0 0 37 68 6 2 21 12 11 45 36 0 39 2 0 0 30 18 6 29 0 52 35 16
 45 0 18 0 13 0 46 28 34 66 38 0 45 0 25 0 50 0 0 0 20 31 10 0 61 10 8 0 0 0 0 0 48 0 0 0 31 0 18 65 21 0 90 86 1 34 79 57 82 38 15 30 14 0 22 58 14 0 0 20 0 30 0 0 35 0 6 0 40 68 0 0 0 0 45 53 50 0 34 0 66 0 0 0 51 0 30 0 0 4 40 80 0 0 0 9 0 0 0 0
 27 9 0 12 0 3 29 0 0 5 10 0 0 0 0 34 14 0 0 0 27 95 0 0 0 1 0 20 20 0 26 0 0 77 0 0 36 0 0 0 0 37 0 33 48 0 0 0 0 0 89 59 0 0 62 0 6 37 21 56 21 46 0 0 0 0 0 0 0 2 43 5 0 0 19 0 0 0 87 0 37 0 31 0 4 16 54 0 56 0 24 0 0 1 0 9 32 34 87 0
 41 52 0 0 8 27 7 0 0 0 0 58 61 21 57 13 0 0 0 52 0 0 60 0 5 0 0 0 0 57 0 32 0 6 0 48 0 0 11 0 0 23 16 0 56 0 0 6 37 35 54 27 0 29 0 0 0 18 0 31 0 87 0 0 43 6 0 54 0 44 0 64 0 0 82 64 33 9 0 78 19 17 0 0 53 0 22 33 0 0 0 10 0 1 64 0 37 0 0 0
 0 0 26 0 0 58 63 0 10 0 95 20 0 68 43 20 59 60 29 0 0 0 0 0 0 16 27 13 0 0 0 0 0 0 0 0 36 0 0 0 1 81 0 0 0 0 0 44 6 49 0 62 21 42 0 0 16 16 3 0 20 0 7 6 12 57 36 0 51 27 10 19 60 0 0 0 18 39 24 0 0 28 8 0 17 0 0 76 2 3 0 0 75 0 0 0 0 41 32 0
 0 7 0 10 0 0 39 0 31 65 49 57 0 0 0 0 10 0 0 0 0 82 0 0 10 29 0 0 7 0 20 0 0 46 0 76 0 3 1 0 0 0 82 0 5 24 0 0 16 61 9 5 0 0 0 14 0 0 0 0 0 0 0 0 9 20 6 0 0 52 27 19 65 99 0 0 0 0 0 0 0 32 0 0 0 29 30 0 55 0 0 1 31 41 0 21 10 51 0 0
 0 0 43 30 0 75 0 0 35 39 0 68 39 0 8 36 54 65 59 0 72 0 72 0 0 0 0 7 0 0 0 50 0 27 28 4 0 58 5 8 45 30 18 43 0 0 64 0 0 0 45 43 0 0 1 0 0 0 37 0 37 25 0 78 0 0 87 60 32 0 0 0 42 3 41 70 42 7 0 58 5 82 0 82 0 18 0 0 0 0 15 23 0 0 24 23 31 67 0 0
 49 6 0 0 25 21 32 0 65 0 11 0 0 0 0 0 43 0 65 77 0 0 0 0 0 0 22 24 42 0 0 0 10 0 0 86 0 17 55 0 80 0 0 56 0 0 0 0 10 54 0 0 0 0 18 0 2 0 0 7 0 0 0 0 88 0 66 26 67 0 10 0 24 17 0 12 5 4 0 0 0 0 80 27 0 0 0 0 0 0 28 0 0 0 3 0 18 25 51 10
 0 27 0 28 31 0 24 0 87 0 0 52 38 89 43 68 0 48 58 0 9 3 0 0 0 8 0 44 0 0 0 0 7 4 0 57 0 0 0 0 0 33 0 0 22 3 12 7 37 0 0 0 0 0 0 0 23 30 87 45 0 7 25 0 77 0 6 31 35 0 28 0 0 2 0 0 27 0 0 32 5 22 79 20 0 71 5 0 69 13 0 0 0 48 0 77 27 61 0 12
 0 0 38 26 45 56 0 0 0 0 83 19 79 41 5 34 37 0 57 0 0 0 49 52 75 49 0 5 57 9 0 0 0 0 1 0 32 0 0 15 5 0 85 51 0 65 39 0 0 0 0 0 30 0 12 0 0 0 0 0 0 0 0 0 0 11 70 47 46 3 8 0 0 3 0 0 25 82 62 46 0 21 56 7 0 0 74 37 12 0 6 39 50 79 0 14 67 20 0 64
 19 0 0 4 0 12 49 0 74 0 45 0 21 61 0 0 38 0 0 53 3 0 41 47 2 1 0 0 60 0 0 24 67 0 0 75 3 28 5 0 3 0 2 31 37 0 33 3 35 17 15 0 0 6 43 0 0 0 0 0 23 0 8 0 40 0 45 0 0 0 0 37 0 21 43 26 33 0 100 0 29 0 32 0 15 0 0 0 68 43 37 9 30 61 0 0 9 0 0 53
 0 0 52 20 0 0 31 0 22 14 0 7 0 0 15 39 35 27 0 29 0 36 8 0 48 62 0 0 0 33 0 33 0 0 0 0 70 37 14 7 12 29 0 20 0 35 5 37 15 50 0 29 1 29 0 7 0 0 4 0 39 19 0 0 0 51 0 0 0 23 6 0 23 33 0 50 0 0 22 17 33 0 0 28 0 84 0 0 75 68 38 16 0 15 17 7 0 0 79 0
 0 4 0 11 0 60 0 0 65 0 0 7 20 0 0 0 0 22 13 0 8 9 0 0 12 0 0 0 0 27 76 9 19 34 57 60 0 0 0 0 43 0 0 0 90 50 56 57 20 55 44 76 0 72 32 50 47 12 33 12 0 0 39 2 0 0 17 0 0 0 0 0 14 0 0 65 0 15 0 0 80 61 18 1 0 10 24 0 84 0 15 0 0 5 20 26 0 21 18 26
 0 20 0 0 26 0 0 39 52 66 0 3 12 58 0 0 0 1 83 15 31 0 0 2 0 0 13 2 0 0 31 11 0 0 54 0 0 0 66 28 0 0 74 0 56 1 0 32 0 0 50 65 0 0 21 0 49 0 0 0 39 52 0 0 0 0 0 0 0 28 2 0 0 0 0 63 0 0 22 11 0 68 0 31 0 72 12 0 0 0 19 0 0 0 0 13 0 9 30 0
 0 40 0 27 45 52 0 59 17 0 0 19 45 0 0 0 30 0 25 90 0 0 4 0 17 0 0 0 78 20 0 0 55 27 0 37 65 0 44 0 11 37 0 0 0 48 68 43 0 49 48 0 0 70 0 81 0 87 0 0 42 41 0 0 34 0 0 0 0 33 0 5 0 18 68 0 0 0 0 43 0 42 32 0 0 57 5 54 25 0 46 50 4 0 27 0 64 22 17 0
 0 0 25 0 26 12 39 0 62 42 0 0 0 7 0 9 0 22 0 42 0 65 0 26 30 0 0 7 57 15 9 5 0 13 0 2 24 60 0 6 0 11 0 37 0 65 75 0 8 0 20 0 0 0 63 0 0 7 20 0 8 33 0 0 65 3 0 0 0 5 3 42 65 54 0 0 0 0 55 0 0 0 17 92 25 0 72 8 0 87 0 0 13 27 46 0 3 66 81 23
 0 36 20 50 0 37 0 11 0 0 0 0 72 4 0 0 63 24 0 13 0 64 0 0 10 55 43 0 1 6 9 98 0 52 0 7 29 34 35 63 0 0 0 7 0 0 0 6 0 0 0 8 10 8 0 0 11 0 0 3 61 26 0 0 14 28 0 0 0 0 0 0 0 22 17 42 23 64 0 39 53 67 19 0 2 0 0 44 0 53 0 0 0 0 0 28 23 0 0 0
 0 0 0 0 44 47 0 0 0 0 0 0 19 1 65 11 0 0 0 45 0 0 0 6 0 0 23 0 21 0 61 58 2 0 0 16 57 86 0 10 0 60 0 38 20 0 0 59 0 0 0 0 0 40 0 0 40 0 78 58 0 0 0 30 9 0 27 70 0 17 0 33 11 0 0 11 0 27 5 0 0 0 0 45 19 74 10 0 18 8 0 27 81 0 0 9 37 26 30 13
 4 37 55 0 17 51 0 0 0 0 13 0 71 0 51 0 30 0 9 26 21 0 17 29 50 17 0 0 0 0 0 57 18 0 23 1 43 0 73 2 17 32 13 80 0 0 0 1 50 0 0 15 0 13 0 22 51 26 0 0 33 0 62 0 3 79 86 0 0 0 0 0 8 0 2 8 0 0 23 3 0 0 0 0 61 0 18 12 0 0 0 29 28 0 0 39 0 61 0 0
 0 27 1 74 55 0 21 1 0 48 0 0 0 36 0 51 16 12 22 27 49 0 48 0 17 23 34 15 26 0 0 0 0 39 88 42 23 0 0 0 0 23 17 3 20 0 35 50 25 0 0 0 0 0 53 8 0 0 55 12 0 0 16 71 0 0 9 0 24 60 18 0 0 25 82 20 15 0 2 23 61 5 0 0 0 19 0 26 0 0 21 0 0 0 0 0 31 72 0 51
 4 52 0 0 16 18 5 0 73 49 7 0 50 11 59 0 64 23 6 51 1 44 53 56 0 0 0 0 87 0 31 54 0 0 0 0 0 52 50 60 0 19 20 0 0 0 64 80 30 3 0 0 63 0 15 0 0 1 15 78 35 43 0 10 8 13 0 24 0 27 0 23 0 0 33 30 0 0 0 0 0 89 0 0 59 0 4 50 30 0 0 0 40 0 0 0 52 53 8 25
 44 44 4 0 0 23 70 38 41 0 7 11 56 0 5 0 35 0 0 0 17 0 6 0 0 53 49 71 0 0 12 24 0 0 27 0 0 34 0 37 0 0 91 39 0 0 0 58 82 44 39 35 0 0 73 67 0 0 22 0 0 16 0 0 68 0 57 0 0 0 10 42 0 45 64 24 0 1 0 0 13 44 41 0 0 0 50 66 35 0 52 19 57 67 0 21 0 0 36 0
 0 0 0 0 3 0 0 0 0 0 0 0 0 6 0 0 9 0 64 0 0 64 28 41 80 6 24 34 0 0 54 24 16 46 56 0 85 0 34 0 0 0 56 57 0 3 92 43 17 0 0 33 89 0 0 49 0 51 0 0 0 0 31 54 0 1 57 0 3 0 0 31 23 48 0 0 63 0 0 0 0 0 0 10 1 8 32 0 90 0 65 0 0 24 21 63 27 0 59 86
 18 0 2 0 8 0 54 0 0 0 52 0 0 26 48 0 0 74 0 83 0 15 0 3 48 60 16 0 6 0 0 0 28 0 23 1 0 0 9 0 0 7 24 0 0 48 33 0 70 0 0 0 10 37 0 0 24 0 88 35 0 30 0 36 0 24 0 0 7 0 4 0 10 0 0 38 35 0 0 0 16 19 0 37 36 0 0 43 32 0 2 22 0 30 23 53 13 0 8 0
 14 0 78 24 28 57 23 0 40 44 0 0 0 0 0 0 0 0 0 0 0 0 71 48 0 0 0 0 33 19 0 0 0 42 36 26 0 0 42 50 0 0 32 0 77 0 4 0 0 36 0 28 66 32 12 26 56 0 66 0 0 1 58 17 29 28 0 0 0 82 5 50 0 0 0 22 9 0 0 86 29 10 0 0 13 0 0 39 0 0 64 1 96 22 56 0 15 0 0 24
 0 0 0 0 11 69 0 0 0 8 31 45 31 0 0 27 16 48 0 21 0 0 0 56 29 0 0 0 0 8 0 0 0 0 47 17 4 0 67 0 0 4 53 0 21 18 51 0 0 57 0 0 24 0 0 82 21 0 0 0 0 0 0 0 0 0 0 37 0 20 0 0 11 0 43 89 0 0 0 0 0 44 39 0 28 45 13 80 60 0 0 0 0 43 0 3 33 0 17 4
 35 46 16 0 4 0 6 35 6 0 11 0 0 0 46 0 7 5 0 10 0 0 0 0 34 0 0 29 0 0 0 36 13 70 0 0 36 10 0 0 1 12 28 0 0 0 0 48 48 0 0 0 16 0 66 0 56 0 0 0 0 53 0 0 46 0 5 55 0 37 46 0 16 72 0 0 9 34 13 0 0 41 0 0 43 34 5 67 65 60 0 0 0 5 67 0 0 46 31 29
 0 34 0 12 0 0 0 0 32 0 0 36 32 12 0 0 77 29 6 0 0 10 10 37 0 0 15 29 0 18 35 0 0 56 24 64 3 0 0 0 0 5 0 58 0 0 9 0 46 11 70 24 0 74 0 0 43 71 0 0 0 27 13 0 25 2 0 67 0 0 0 9 18 0 0 27 0 0 31 0 0 0 56 74 0 0 0 99 6 0 0 0 14 0 18 57 0 0 0 86
 0 16 0 9 0 0 5 24 48 10 0 53 3 0 0 0 0 53 25 70 28 50 32 0 65 0 0 0 11 0 82 0 0 15 0 39 0 29 33 0 28 0 0 5 0 0 0 38 0 0 0 0 0 0 18 13 0 22 68 18 49 16 0 0 35 9 53 0 19 41 0 0 6 0 0 0 0 0 0 63 22 36 0 0 0 0 14 0 0 47 0 0 0 0 50 89 19 22 0 0
 0 58 0 75 39 23 0 0 0 20 0 35 2 5 22 88 35 29 23 27 0 41 0 0 58 65 13 0 0 0 49 40 0 36 20 48 68 0 0 3 6 0 0 2 1 0 0 0 7 0 38 50 0 0 0 0 27 0 0 13 43 0 0 10 0 49 0 45 0 62 0 14 0 0 0 0 0 0 1 6 0 0 0 0 26 0 0 0 0 53 62 75 69 4 0 9 0 32 14 11
 0 55 0 0 0 0 0 0 0 27 39 0 0 0 0 31 79 20 0 0 8 0 0 18 0 4 0 0 4 0 1 28 0 18 0 41 0 17 29 45 0 32 41 54 0 41 0 2 33 0 72 0 17 6 0 85 1 0 0 20 17 50 0 0 0 0 0 10 0 4 0 30 0 39 53 0 59 25 52 0 0 0 0 0 56 0 40 7 0 0 0 0 83 0 0 53 7 0 11 85
 37 80 31 0 0 28 0 0 14 48 0 0 0 0 0 26 0 0 0 13 40 64 0 0 66 0 0 0 11 0 0 0 7 0 4 61 0 17 0 17 0 0 62 39 0 10 99 54 17 0 0 0 42 85 35 65 0 0 40 10 30 0 11 24 45 3 0 0 0 23 28 21 38 93 88 0 0 0 0 47 0 53 33 0 75 0 70 0 0 10 0 66 0 0 0 0 12 0 0 78
