200
 33 0 0 0 0 46 0 0 11 0 0 66 83 56 54 0 0 0 49 6 0 81 6 25 32 0 16 16 0 45 9 11 59 0 14 57 16 65 6 14 0 53 59 0 0 0 0 10 0 0 0 0 0 14 21 0 13 0 42 10 0 8 17 82 41 18 1 0 17 36 0 0 0 0 47 23 0 77 36 50 26 0 0 20 0 0 0 0 24 19 16 60 26 41 0 31 0 0 10 0 0 69 20 0 0 27 0 0 50 14 50 68 0 0 0 11 0 0 51 47 0 50 8 0 89 0 80 9 63 0 0 0 0 0 2 0 0 0 24 18 0 0 0 31 40 50 41 0 0 0 0 44 12 38 69 67 33 30 30 0 0 0 25 2 0 68 0 0 0 5 0 0 0 0 22 44 0 0 0 0 99 8 0 0 0 0 10 0 34 0 0 0 2 0 0 0 0 0 6 0
 87 59 0 0 0 44 79 5 68 49 0 34 29 0 0 0 22 16 0 60 0 0 35 0 0 0 0 19 0 64 0 0 66 6 61 0 49 35 44 0 48 9 0 42 0 17 0 0 14 0 0 14 55 27 58 0 0 0 0 0 0 0 0 0 0 31 26 26 60 81 28 0 0 0 14 0 0 52 0 13 7 0 0 0 1 34 0 4 0 4 64 0 49 31 0 0 4 0 6 2 0 51 2 44 56 13 0 13 35 27 20 0 0 18 84 0 47 80 0 0 0 8 0 56 0 0 0 0 0 0 19 47 0 0 0 0 0 67 0 0 0 46 0 0 1 0 49 28 0 0 0 84 0 39 0 0 57 25 0 26 41 76 9 0 0 0 0 36 0 1 0 0 0 0 0 0 0 26 64 55 0 36 0 5 0 0 0 0 0 0 75 0 0 0 0 0 55 0 0 28
 93 15 9 9 0 5 0 6 0 49 0 0 0 25 0 0 13 0 15 0 23 0 0 0 0 0 0 0 23 14 2 0 22 22 21 0 2 0 0 0 0 55 68 0 0 15 0 33 18 9 31 51 0 16 11 0 0 0 27 15 49 0 0 0 0 22 1 35 0 0 0 0 29 0 0 23 23 0 0 20 0 0 0 0 53 62 0 0 0 0 16 84 0 23 57 0 46 0 0 24 0 28 0 29 0 0 0 39 42 20 52 37 57 0 35 39 3 0 0 0 0 0 38 0 46 0 64 0 87 80 0 0 0 0 68 0 12 0 20 0 8 53 0 81 40 0 0 0 59 6 0 69 0 0 0 0 0 0 0 51 0 54 0 27 18 77 0 0 68 28 0 0 0 0 0 0 17 0 64 2 21 0 1 55 48 0 30 0 0 0 0 22 27 49 44 90 27 48 1 0
 0 0 0 0 0 0 58 0 71 0 0 6 0 0 0 23 0 0 0 0 7 0 0 18 0 28 0 0 3 1 0 0 0 0 46 64 20 0 0 0 36 2 0 72 0 0 78 0 0 0 36 28 11 51 0 0 0 0 0 86 30 7 0 88 47 0 45 9 0 2 83 0 0 22 61 0 50 19 0 38 0 62 0 21 8 10 33 0 0 0 0 28 0 23 58 35 0 89 20 62 0 29 23 39 0 0 0 20 9 54 0 23 0 0 3 77 0 0 0 74 27 0 0 84 0 60 0 0 0 34 0 62 1 0 62 58 0 14 0 4 0 35 17 0 0 0 0 23 25 23 0 0 82 0 0 10 62 17 0 39 0 8 88 50 0 15 11 34 0 28 2 69 8 0 0 8 14 0 22 36 0 0 0 0 0 14 0 0 28 0 0 0 38 0 0 0 0 25 47 0
 25 4 6 11 0 70 0 0 0 0 98 16 11 93 65 0 0 0 95 0 0 0 5 0 0 0 8 31 14 27 48 0 4 80 0 0 37 0 0 0 0 9 0 0 0 0 0 0 0 0 34 0 40 45 42 0 0 0 29 0 22 29 35 0 0 71 0 0 0 0 0 0 0 0 43 5 0 10 0 7 0 0 0 44 0 0 0 0 0 3 0 10 0 0 73 0 2 80 0 4 0 61 4 0 39 0 0 19 21 0 0 0 83 0 47 0 92 0 0 54 0 28 0 0 0 35 0 0 0 63 12 0 21 0 15 0 0 0 0 0 3 59 0 29 85 54 0 32 0 0 0 67 0 0 58 11 0 0 0 0 0 14 0 25 0 66 0 0 6 12 0 0 18 26 0 9 8 21 37 0 33 0 47 0 0 15 67 0 16 0 70 0 0 69 0 0 0 0 56 0
 0 0 0 46 0 44 0 0 10 0 9 46 1 59 0 0 0 2 0 0 42 32 87 0 48 3 0 0 42 0 0 34 9 3 0 19 0 19 0 46 0 45 0 29 0 0 0 17 44 0 0 17 32 12 0 0 54 0 70 0 67 0 0 1 36 0 46 37 0 0 59 8 0 0 0 29 0 0 39 46 89 69 27 0 56 0 36 28 58 3 0 38 40 0 49 47 0 16 0 0 81 0 1 0 10 35 0 0 8 0 0 20 0 77 0 0 2 60 0 45 0 8 55 23 0 47 6 47 0 0 30 27 0 0 41 0 49 0 0 0 29 0 0 16 0 0 0 0 0 0 6 13 36 0 6 0 11 38 0 9 30 26 0 20 0 0 51 0 9 2 46 0 44 14 61 0 0 70 75 55 0 14 77 50 24 0 0 0 0 0 0 0 0 0 10 4 48 0 0 0
 71 0 26 0 11 41 16 1 19 0 72 24 34 0 47 0 32 0 59 31 9 29 39 10 0 92 0 24 0 77 24 0 43 48 0 75 0 0 0 28 7 33 22 0 32 0 0 25 14 0 35 0 13 37 47 57 0 0 0 0 46 85 68 5 0 86 0 0 8 0 0 68 33 0 0 0 69 38 35 0 0 0 10 0 8 0 32 0 4 0 0 0 6 0 87 27 0 0 80 58 0 17 0 28 0 24 0 0 33 2 1 0 0 12 69 0 0 0 35 11 24 10 0 0 0 0 33 38 12 48 11 34 0 43 42 28 8 0 0 0 0 0 0 10 78 40 25 28 0 77 0 0 51 13 0 21 0 28 58 0 42 0 14 81 0 46 0 32 30 0 0 0 21 4 0 21 0 0 0 61 0 0 81 0 0 48 29 0 13 53 43 0 0 0 0 0 0 57 0 0
 3 0 0 12 67 60 0 27 40 24 21 0 42 54 0 4 0 0 60 0 3 0 0 12 11 0 47 0 46 31 19 0 35 9 50 25 0 62 2 29 0 66 41 16 38 0 77 0 27 0 0 17 0 0 0 33 27 53 0 0 46 0 0 0 0 15 6 0 24 37 0 0 0 0 18 5 16 30 10 25 0 0 76 75 0 61 0 44 16 39 0 0 15 46 17 58 0 0 0 0 5 0 0 0 0 0 48 48 13 4 0 0 14 0 24 2 21 38 0 0 0 0 0 34 12 0 0 30 0 46 0 0 31 0 8 38 58 0 7 4 10 0 33 10 95 0 0 51 47 30 0 63 0 35 0 7 67 0 17 32 44 1 0 0 72 0 0 73 0 0 5 28 0 0 0 26 0 0 9 16 0 0 0 39 0 25 0 0 87 83 0 41 2 0 29 42 0 0 0 29
 0 0 20 0 6 0 0 0 86 0 0 0 24 54 64 0 0 14 12 0 12 7 83 0 8 0 0 0 4 1 59 0 50 0 0 0 50 17 0 0 54 0 0 54 23 0 2 0 36 0 0 0 27 8 0 0 0 0 8 15 0 0 0 55 31 3 32 37 0 0 0 56 0 0 35 0 18 0 69 0 0 24 33 66 63 0 0 9 0 0 0 0 11 4 85 9 0 0 0 0 4 0 0 27 0 48 0 0 0 22 26 0 5 0 33 48 19 0 0 0 54 64 0 47 0 0 10 0 26 0 0 0 41 43 3 8 0 10 8 21 85 65 0 41 41 85 24 27 18 6 0 18 0 0 20 75 17 31 85 32 0 0 0 0 2 3 72 48 0 0 47 0 2 0 0 32 62 59 37 38 0 1 0 0 55 21 0 0 33 22 0 0 0 84 0 0 0 44 0 9
 24 0 0 28 21 10 2 0 36 86 39 0 30 0 0 15 0 0 0 65 0 53 0 23 43 0 10 2 54 31 0 0 29 38 0 0 67 0 0 0 0 0 24 12 0 0 25 34 0 0 0 0 0 0 53 3 0 0 0 0 0 0 22 62 0 0 16 27 0 19 68 0 0 0 7 50 18 0 0 23 52 0 21 22 0 0 0 0 0 34 22 0 0 0 0 74 72 0 45 0 0 46 0 0 41 0 0 14 40 0 30 20 0 0 0 6 0 52 0 0 0 26 22 82 0 39 0 38 0 0 0 0 17 17 0 0 80 0 0 37 0 0 0 24 47 0 28 15 2 13 23 27 0 0 0 11 45 0 31 0 27 60 0 16 0 18 0 47 2 41 0 12 0 3 0 8 20 56 0 18 46 0 0 0 28 24 0 35 0 0 14 0 0 82 0 72 0 0 0 25
 25 17 1 70 0 0 0 0 13 0 9 21 0 0 0 0 16 0 0 37 0 33 1 0 12 38 9 0 68 0 20 20 0 84 0 64 85 0 0 66 6 41 16 74 0 46 0 21 28 55 0 0 0 1 63 0 12 30 0 0 4 52 68 93 32 18 34 44 12 52 0 6 36 0 0 1 77 30 0 17 14 0 0 0 44 21 59 0 0 0 0 12 40 0 0 45 0 49 7 0 23 0 23 64 37 0 9 0 0 5 17 0 0 1 0 0 0 18 59 10 0 0 21 59 18 14 0 0 11 20 0 0 0 0 0 0 0 0 0 0 0 25 45 69 12 10 0 1 8 0 0 6 14 0 6 0 0 96 6 55 80 2 0 50 0 0 18 34 0 0 0 47 21 0 38 11 5 18 61 76 42 0 0 41 0 0 0 0 0 7 0 0 3 0 11 0 0 0 0 77
 0 0 64 0 0 0 0 3 34 29 0 50 7 0 0 0 10 0 14 20 0 0 22 0 0 0 0 0 0 17 61 49 0 21 26 0 0 0 9 0 0 0 0 0 0 36 0 0 56 1 0 2 0 0 0 34 36 36 0 0 0 0 0 0 0 46 33 15 0 7 43 58 53 0 0 0 0 74 80 0 0 26 0 0 88 0 30 40 0 15 59 53 0 0 0 0 0 0 0 0 36 0 36 15 0 0 0 4 30 32 0 10 20 0 38 40 0 0 0 0 0 0 0 55 92 0 62 0 13 14 0 32 4 0 31 38 0 25 0 0 12 14 0 0 0 17 13 0 10 12 54 0 1 0 1 64 0 0 36 15 39 28 0 0 50 56 28 0 0 15 7 0 49 29 65 0 0 0 0 0 39 0 17 0 67 17 0 0 0 52 0 10 27 29 0 86 62 44 0 0
 0 0 34 18 0 0 0 0 0 0 2 0 22 0 2 14 23 49 4 0 0 35 0 0 0 9 1 10 61 31 6 0 3 76 0 78 1 49 34 0 64 74 0 0 0 37 67 0 0 0 21 41 49 23 0 19 38 9 45 0 72 38 9 0 13 28 63 0 0 38 0 3 0 0 0 67 0 18 69 21 27 0 26 53 2 13 6 15 40 4 43 20 0 3 0 24 0 2 47 63 19 48 0 0 2 0 0 0 45 0 0 0 0 27 0 47 0 18 0 0 0 78 0 0 0 0 20 47 83 46 0 58 0 0 7 0 0 0 36 30 0 0 67 0 0 33 0 0 39 0 22 30 0 9 68 21 35 0 34 11 0 20 0 38 16 76 0 0 0 0 0 11 0 0 21 10 21 0 0 0 41 0 37 0 0 0 0 0 0 0 0 0 95 34 0 11 0 27 17 0
 0 72 0 11 0 0 10 0 0 22 10 59 59 72 12 0 0 46 36 0 0 0 0 0 9 32 0 0 0 21 0 8 30 60 0 0 18 63 42 0 61 12 0 0 0 0 0 0 0 17 0 0 0 7 23 20 73 23 87 2 25 44 0 0 22 0 50 0 11 48 0 0 62 0 0 0 85 0 49 0 22 0 0 0 0 11 4 20 0 9 0 0 0 0 0 0 16 0 29 86 0 0 44 58 7 4 24 64 46 25 4 59 0 0 25 0 22 0 3 0 0 55 0 66 0 0 74 0 22 0 17 0 1 10 71 47 18 0 0 14 78 0 0 78 0 21 36 48 0 49 0 28 3 26 9 0 0 27 33 0 12 7 5 26 0 11 7 13 0 0 0 0 0 0 0 0 0 0 0 30 0 83 39 85 39 13 16 9 1 0 80 10 0 10 56 12 44 0 34 34
 0 13 6 83 0 34 0 0 0 79 14 3 0 0 94 0 0 0 21 0 67 0 1 0 64 7 0 42 1 29 0 0 0 0 0 0 6 0 0 22 21 0 0 0 0 41 0 3 35 0 12 9 0 0 0 36 0 0 58 0 23 0 46 42 0 0 25 8 0 0 18 0 0 0 0 73 0 12 68 0 26 7 26 13 0 0 0 0 0 0 0 0 26 0 0 80 51 38 0 0 9 0 0 5 0 0 12 0 0 0 35 45 74 0 0 0 0 0 0 5 0 0 0 0 92 20 12 6 66 0 0 0 72 0 68 12 44 44 59 17 8 0 6 0 0 29 18 0 0 0 0 12 0 0 79 54 2 0 43 0 86 29 39 0 0 10 61 0 0 46 15 19 0 0 28 0 24 1 18 0 0 37 13 18 0 0 0 42 0 0 58 43 84 0 0 44 0 0 0 33
 1 58 2 0 20 20 27 0 69 0 23 8 0 53 8 82 27 7 20 19 0 29 0 30 11 0 0 0 0 31 0 19 0 0 11 0 11 57 0 38 0 31 0 61 0 24 54 72 0 51 30 18 0 0 55 0 0 41 0 54 0 28 0 0 0 2 13 5 0 0 0 9 9 0 21 6 0 0 24 58 58 66 0 5 0 0 56 2 10 13 0 7 31 55 27 49 66 0 8 60 2 66 4 10 13 36 0 26 0 0 10 0 43 0 0 0 0 0 0 11 11 0 0 0 0 4 14 33 30 5 0 4 27 0 0 0 27 0 18 40 0 57 0 0 61 0 36 35 42 51 95 0 0 43 0 33 0 0 0 11 0 0 53 66 0 0 70 0 0 60 0 55 27 0 33 0 0 0 0 0 0 15 0 2 14 0 0 23 59 4 0 31 0 0 0 58 33 26 69 0
 44 0 0 17 57 40 0 9 13 90 0 0 0 89 25 0 84 0 0 0 9 48 0 60 0 57 74 8 0 7 70 0 0 0 33 78 0 25 4 29 0 73 0 0 8 0 0 0 0 0 46 61 13 18 25 24 48 0 0 0 33 0 0 62 10 0 63 0 29 0 0 32 0 0 0 30 51 44 36 17 0 7 28 0 59 23 46 0 0 0 0 46 0 0 0 44 34 18 65 0 46 27 2 0 77 61 24 79 25 0 0 0 0 0 0 50 0 0 0 47 0 6 0 23 41 58 70 29 0 0 74 33 0 0 0 0 0 14 15 22 0 46 33 50 8 0 0 32 0 0 62 12 10 82 0 0 0 0 37 0 0 61 81 90 64 0 0 59 0 0 44 40 0 9 0 0 30 0 42 0 0 0 61 62 1 35 0 0 37 0 0 0 53 49 0 57 25 27 0 82
 29 0 4 11 78 0 50 20 0 10 77 55 0 0 80 0 9 29 0 0 0 0 0 29 69 64 53 0 47 12 13 0 0 0 60 41 0 0 23 81 0 0 0 84 0 28 59 0 36 0 42 83 0 0 0 41 0 10 34 8 0 0 90 0 0 60 40 0 8 0 28 42 15 37 0 15 14 10 4 0 0 0 78 0 80 22 6 0 73 50 0 0 46 0 0 6 26 0 0 35 39 54 10 42 0 0 0 29 0 0 9 37 1 0 77 0 89 86 28 12 6 0 0 42 0 0 0 0 0 0 66 22 0 0 0 0 44 2 0 0 81 0 89 0 0 19 0 32 0 6 0 0 0 17 0 0 0 0 0 0 0 1 68 0 47 0 5 0 1 27 0 58 0 0 30 26 0 54 0 16 0 13 37 0 44 28 0 11 76 0 44 16 34 8 66 45 51 0 6 0
 0 68 0 18 0 37 0 0 0 26 71 0 0 0 0 0 45 16 59 66 30 28 0 0 34 3 0 0 37 0 62 47 58 2 51 0 0 0 0 0 4 0 22 24 43 0 0 0 0 88 0 3 24 0 0 0 30 0 0 65 22 0 2 0 0 0 0 8 0 0 16 0 0 0 7 0 0 6 0 0 0 0 61 0 17 17 0 2 0 10 0 53 51 22 58 14 29 0 21 0 64 0 43 33 0 0 47 0 0 0 0 64 17 0 25 48 0 0 0 35 0 0 0 0 28 0 52 3 60 0 0 8 56 0 80 0 21 0 6 5 0 0 90 0 14 0 36 32 0 7 0 66 39 60 0 0 0 58 0 10 14 10 81 0 0 0 37 0 32 0 39 0 0 0 17 0 26 0 0 27 0 0 18 0 30 28 8 9 66 22 0 0 25 0 46 0 13 77 0 0
 0 0 36 16 1 4 0 44 22 0 0 0 64 60 41 0 30 24 0 71 46 41 0 53 68 0 0 46 0 0 0 37 13 0 0 46 30 26 0 0 41 27 8 0 0 2 5 0 0 34 13 2 0 0 0 0 44 27 0 7 3 0 0 0 9 0 0 59 0 0 0 0 0 0 15 0 89 3 53 42 11 11 24 0 29 0 47 9 0 0 4 47 0 32 0 0 0 29 0 20 4 0 65 0 0 0 49 10 24 14 0 12 0 2 0 0 37 0 43 56 0 25 10 45 0 30 48 0 11 0 0 23 0 0 71 18 0 20 0 0 0 15 0 58 0 0 0 24 50 22 53 37 31 0 21 40 10 0 0 0 61 0 0 2 0 0 0 79 0 52 0 30 0 0 0 13 12 0 0 0 11 7 20 0 1 7 0 0 0 44 0 0 19 20 10 2 26 35 4 55
 10 2 0 0 16 0 0 0 0 30 0 67 92 8 0 37 0 46 0 0 82 0 0 0 1 0 17 0 31 15 0 0 9 75 52 0 51 0 7 71 0 37 0 43 0 60 0 0 0 33 0 0 0 0 31 15 25 27 0 11 0 37 12 27 0 0 0 0 0 0 2 10 62 0 0 25 0 56 0 0 14 0 0 53 0 45 35 6 0 6 47 6 26 21 70 0 7 0 0 16 0 0 53 0 50 3 0 0 20 0 0 98 7 0 0 49 0 34 51 28 0 0 67 58 0 3 0 0 30 0 78 32 96 0 23 47 0 0 7 18 0 0 0 0 0 42 0 0 83 71 0 0 72 20 28 0 0 23 12 55 0 35 6 0 50 0 7 67 88 54 0 65 0 0 0 0 50 20 0 0 0 6 4 36 90 0 0 0 0 0 59 28 18 0 0 0 0 0 0 0
 0 12 22 46 13 0 0 56 0 0 0 24 0 26 36 0 0 21 0 0 10 88 0 0 21 0 37 0 0 95 0 66 0 29 55 34 52 0 11 0 38 22 29 1 0 55 11 0 0 46 0 0 0 20 0 1 0 11 59 37 0 37 0 0 4 0 0 0 0 78 37 0 15 63 0 0 13 56 50 0 2 0 0 82 39 5 21 37 64 0 33 0 44 28 5 0 0 0 44 0 0 21 0 0 9 0 0 0 1 0 0 50 72 0 0 82 49 0 35 77 33 0 6 2 0 0 0 0 53 14 0 0 0 10 46 0 0 37 0 0 0 56 0 8 0 0 0 0 0 89 0 0 0 0 0 18 0 0 0 65 0 49 0 72 37 10 0 0 60 48 44 21 0 0 36 49 66 0 27 0 0 0 41 32 15 7 0 0 0 0 84 58 0 3 0 0 0 72 64 0
 0 0 57 40 0 0 0 73 0 14 0 0 11 6 0 44 62 12 56 6 38 80 81 0 0 16 0 14 59 3 0 0 0 0 0 0 0 0 57 2 0 0 36 46 0 0 0 30 0 61 29 0 0 0 9 17 0 0 0 47 17 0 0 0 0 0 22 61 46 85 0 0 41 54 0 65 59 0 24 0 0 0 0 65 0 0 5 0 0 0 7 0 28 0 0 0 1 0 53 48 90 0 0 29 0 55 30 43 29 0 0 63 0 0 0 31 4 23 0 19 29 31 2 0 12 16 0 23 29 37 53 0 0 26 0 0 0 0 90 52 0 0 6 0 0 0 0 0 1 0 24 31 0 0 25 0 0 0 14 0 0 0 28 0 33 19 9 0 22 1 28 46 0 0 31 21 0 0 0 0 0 55 28 6 18 77 0 22 6 0 30 36 0 0 0 0 0 47 27 70
 0 37 49 0 51 9 0 0 28 0 33 54 21 12 17 0 0 0 45 0 84 17 41 49 0 26 8 0 0 7 0 32 0 0 50 68 0 0 7 7 13 44 23 30 56 6 2 51 25 81 0 0 0 45 0 0 0 33 16 57 0 64 12 0 0 0 9 1 29 0 0 14 0 0 9 71 0 0 0 0 27 0 0 25 64 90 39 0 0 15 55 23 0 0 0 20 65 0 0 7 48 45 20 0 80 0 40 0 32 0 0 30 8 0 0 39 13 0 32 50 0 48 50 45 52 0 0 0 0 0 0 0 0 53 0 0 0 42 42 0 36 0 62 10 0 18 36 3 43 11 48 0 0 27 0 17 0 0 0 3 0 0 20 0 0 0 32 82 0 0 27 0 0 60 2 0 20 39 31 26 0 22 76 0 26 0 0 0 0 0 15 54 0 59 7 0 0 0 0 0
 0 39 11 17 31 0 48 0 0 0 0 93 57 0 0 0 44 0 0 0 0 0 25 77 26 0 0 0 0 67 58 0 0 18 0 54 0 37 0 0 4 33 33 0 13 0 14 0 6 0 15 0 0 0 0 0 0 10 8 88 0 0 15 17 0 0 85 0 7 0 0 32 0 0 60 0 98 0 52 0 44 59 0 38 0 0 0 0 0 0 6 77 0 0 0 11 21 0 81 0 9 0 0 13 60 37 0 0 65 17 0 0 0 0 0 0 0 21 0 24 0 59 45 0 0 0 0 0 0 0 51 0 4 65 0 2 66 0 0 0 41 0 12 0 0 0 25 0 0 0 83 23 0 0 0 0 28 0 1 35 18 54 0 3 0 0 4 12 23 0 0 0 0 0 0 0 0 0 0 0 0 0 0 0 0 44 0 0 26 47 0 7 16 0 13 42 46 52 0 31
 13 18 73 0 62 0 0 23 8 18 0 39 0 0 0 29 0 0 0 21 87 22 0 0 12 13 18 0 74 0 0 0 0 63 0 10 89 14 0 0 53 0 0 0 0 0 0 12 55 0 73 50 31 0 3 19 56 0 0 28 0 0 70 0 0 41 16 44 0 0 0 0 0 12 21 0 0 0 54 0 62 0 0 19 23 0 0 34 86 0 77 12 0 0 0 0 18 0 0 69 64 0 1 0 56 0 62 59 26 59 0 0 0 0 30 0 58 7 100 82 75 0 0 0 0 32 0 5 10 0 0 43 84 0 0 0 0 0 0 28 0 21 8 26 31 0 61 0 42 1 18 44 0 5 0 20 0 0 0 0 0 20 13 13 39 37 42 0 0 3 88 19 0 3 87 0 25 6 42 55 45 87 3 36 0 0 66 37 30 0 26 0 37 14 0 0 22 70 6 79
 0 49 42 67 0 9 7 0 6 0 0 38 0 54 9 15 0 0 6 7 0 0 76 0 54 0 32 31 0 0 0 0 0 0 17 21 0 25 14 9 0 0 0 18 32 0 0 0 0 0 0 43 0 38 29 0 0 36 37 62 57 29 25 19 29 0 67 0 0 0 0 62 69 0 0 13 0 2 32 21 0 16 8 27 0 12 23 25 50 0 0 0 0 48 0 0 22 0 30 0 3 14 43 11 0 0 63 38 0 0 0 0 10 0 31 0 57 0 8 0 0 0 0 42 0 3 21 5 0 19 75 0 0 17 15 0 28 0 0 66 20 0 34 3 5 0 0 0 0 7 0 17 42 48 0 37 0 15 19 0 45 64 0 9 51 17 0 0 0 39 0 60 0 7 0 0 0 0 66 55 0 46 0 21 0 13 20 0 20 44 22 0 0 21 0 0 72 68 0 0
 0 0 49 17 0 33 0 20 64 0 97 42 0 15 0 34 0 16 4 0 23 34 0 17 4 28 0 86 44 54 39 0 0 0 7 0 0 71 51 8 0 0 33 0 19 0 0 0 57 51 0 0 0 0 13 1 0 0 0 56 0 62 59 0 0 44 9 8 0 0 0 0 0 54 60 0 0 0 64 13 21 0 44 42 0 0 7 0 0 0 0 0 36 21 0 0 0 21 1 0 0 30 0 59 44 0 0 0 66 42 28 29 0 74 78 0 0 35 47 47 0 1 0 3 1 0 0 94 55 0 58 0 42 0 39 69 0 34 0 9 0 24 57 18 67 44 84 59 65 0 0 16 0 52 7 0 0 0 0 0 0 0 55 0 39 53 5 35 0 0 89 5 18 11 47 53 0 0 17 75 16 28 0 0 0 24 0 0 0 34 62 38 0 38 0 0 34 0 9 0
 6 22 0 0 0 0 42 0 0 0 0 1 0 28 0 57 74 0 0 3 0 6 0 27 38 0 55 0 36 0 0 78 11 0 0 0 3 69 0 0 0 2 16 31 0 0 58 6 7 11 0 0 0 0 0 20 36 0 14 31 33 0 25 77 43 32 2 0 31 60 78 37 0 0 0 0 6 0 30 41 0 7 54 12 0 0 0 2 14 10 52 0 91 0 5 70 8 26 0 8 0 0 60 0 0 29 32 0 55 16 53 0 56 33 26 30 0 25 0 82 10 0 56 6 39 0 47 75 47 9 49 39 69 27 0 4 0 39 0 0 0 14 88 17 83 0 33 41 12 10 0 0 40 4 24 0 47 0 40 0 0 29 12 0 0 0 7 54 25 0 0 14 0 71 0 0 12 0 0 0 0 0 31 0 21 0 0 0 0 0 0 0 0 0 0 0 0 12 19 0
 0 0 0 0 0 25 0 0 0 0 7 0 0 0 0 0 0 0 34 11 0 0 0 0 0 58 16 0 39 71 0 0 74 89 0 0 0 27 13 0 0 18 5 0 36 6 57 9 0 0 69 0 0 16 31 0 74 0 84 0 0 0 0 43 0 22 0 0 15 43 0 0 0 0 61 38 0 28 0 33 3 40 56 10 2 0 0 36 63 58 0 0 86 16 0 18 55 72 0 0 0 0 28 8 0 0 63 0 0 0 0 0 0 52 0 0 0 23 0 0 0 0 0 0 36 62 0 0 0 40 0 0 53 0 0 10 76 0 0 66 29 0 66 0 0 15 7 76 0 77 0 0 9 75 0 0 58 0 22 0 0 0 0 4 0 0 77 0 0 0 0 0 0 35 0 0 4 0 0 12 6 56 0 71 5 0 18 0 25 25 0 51 0 0 44 7 60 9 36 19
 0 90 0 11 0 9 0 0 0 63 0 0 0 94 14 43 0 0 0 44 17 30 28 8 0 41 48 0 45 26 80 0 62 11 16 0 0 0 0 22 59 0 86 0 0 45 0 28 37 6 19 1 0 81 0 0 0 0 50 18 0 0 92 23 64 36 0 0 0 0 0 11 0 0 0 80 11 41 0 31 27 0 0 30 47 0 0 0 0 0 0 3 66 35 35 0 4 91 58 56 13 0 52 0 0 0 0 24 20 32 81 0 1 0 22 66 0 0 30 0 0 22 69 92 47 0 0 10 0 0 40 0 22 32 0 24 41 57 62 38 0 0 0 10 32 20 4 0 0 0 32 0 0 20 7 64 0 0 23 0 73 0 4 0 0 0 0 1 12 0 0 0 32 11 0 0 0 4 11 82 0 0 0 0 0 0 0 0 24 0 51 0 0 0 0 83 51 0 55 0
 0 45 39 20 70 0 8 64 7 34 0 0 50 0 13 0 54 14 0 0 94 0 35 0 52 32 19 62 0 57 19 77 71 0 58 0 0 0 28 0 82 9 0 57 0 0 0 0 54 90 47 0 6 0 0 36 0 0 0 21 0 17 77 80 0 41 43 12 33 5 0 11 0 3 0 20 0 0 0 0 6 0 10 0 71 0 11 34 0 0 0 16 0 31 0 37 36 12 8 44 0 38 21 31 0 74 8 0 0 0 0 8 14 21 40 19 59 86 31 0 28 0 16 0 0 0 66 0 36 0 0 19 0 0 0 0 25 16 23 0 0 23 32 1 0 0 0 0 70 52 12 53 71 0 11 0 0 16 15 0 76 3 0 45 12 32 35 0 22 0 0 24 0 36 0 47 81 0 4 0 3 0 35 0 0 0 22 0 0 0 0 0 12 41 23 68 26 0 0 3
 0 0 0 4 0 0 0 0 0 0 70 54 0 0 28 53 1 26 0 0 0 36 6 0 35 25 83 7 0 0 0 0 1 0 11 0 0 55 39 41 4 42 0 56 22 0 0 0 83 22 51 0 71 0 0 34 0 0 40 52 0 36 0 0 0 18 0 39 0 0 51 0 14 0 14 0 0 24 0 0 0 29 0 68 0 67 69 51 24 0 40 0 0 12 22 0 6 3 8 0 1 48 13 0 0 0 19 15 25 70 0 0 76 0 0 0 0 0 16 61 32 0 57 77 0 0 2 0 0 67 17 0 22 0 53 0 9 0 0 0 0 0 16 0 70 0 0 0 0 40 0 0 0 0 10 0 10 0 0 19 0 0 31 0 0 4 0 0 23 0 61 82 0 22 42 17 27 0 0 0 0 47 0 0 0 6 40 3 22 5 0 0 0 11 45 26 12 38 30 0
 10 0 0 35 0 0 0 0 60 0 0 0 0 0 38 9 30 6 0 43 0 0 14 55 0 0 2 3 16 0 0 44 38 81 59 0 84 0 0 13 40 71 13 0 5 0 0 0 32 0 0 42 0 0 23 0 0 0 60 4 0 0 0 0 0 1 27 0 15 11 73 70 0 23 0 49 14 27 6 0 0 66 81 0 0 44 5 0 0 0 0 0 0 37 0 4 0 0 33 14 29 11 0 50 81 4 50 0 15 63 25 0 31 0 0 98 0 44 0 0 0 0 55 32 0 0 0 5 0 0 16 0 0 0 0 0 0 15 45 29 0 0 0 0 0 1 0 28 0 0 0 0 0 0 14 0 0 0 0 0 0 17 92 10 0 0 0 74 0 65 2 22 0 0 0 82 0 0 71 0 0 0 3 75 61 0 12 2 0 16 49 48 0 0 39 51 0 0 80 12
 0 0 0 0 15 54 32 0 58 16 31 0 21 8 48 0 0 0 0 48 0 0 18 0 43 23 0 0 32 30 0 0 0 0 27 15 0 56 0 0 13 0 0 0 0 44 0 41 84 60 0 0 7 62 69 74 8 71 0 11 87 7 0 0 0 0 0 0 11 22 26 41 0 40 16 32 59 0 0 14 0 0 9 35 61 39 0 74 0 23 0 0 1 0 34 0 0 0 0 57 50 0 0 0 17 6 68 0 0 0 34 22 0 0 61 13 0 37 0 0 41 0 39 0 72 18 1 0 35 76 15 74 0 0 0 0 10 0 0 0 0 2 22 0 13 0 0 32 0 0 45 0 56 43 12 0 0 3 0 0 16 0 0 9 0 0 0 0 0 0 0 0 1 0 0 8 59 0 0 49 0 0 0 42 28 0 27 28 83 0 0 0 6 0 10 0 2 0 58 0
 0 6 8 0 66 0 0 0 69 28 0 28 0 32 7 45 0 0 73 0 31 0 6 0 0 0 0 5 9 64 42 47 8 76 0 53 0 0 0 0 31 44 0 3 45 0 31 37 0 71 0 36 0 0 37 51 5 66 0 0 26 62 42 0 68 0 0 2 0 3 4 0 0 23 0 0 91 0 30 0 50 34 0 11 0 50 0 47 24 0 0 0 26 0 0 36 0 0 0 0 18 32 12 21 76 50 0 0 5 0 0 29 20 44 0 11 65 0 22 28 0 0 72 45 0 0 0 11 0 0 74 45 0 38 62 12 39 85 29 33 47 0 56 11 0 11 5 0 0 8 25 35 0 0 0 48 0 0 92 0 0 0 81 62 11 0 0 42 0 0 0 39 0 54 0 0 27 53 71 80 11 74 0 12 0 8 0 0 0 0 16 14 21 0 0 0 0 24 0 22
 0 0 0 0 0 47 35 24 0 0 0 17 0 0 0 0 34 30 24 0 0 0 18 23 59 0 89 32 0 34 23 16 17 0 13 24 99 9 0 0 38 0 17 7 0 0 0 48 5 0 0 73 53 0 62 0 0 61 40 11 0 10 9 36 4 61 0 5 15 0 0 52 28 0 0 0 74 66 11 0 25 0 0 63 25 81 58 63 10 0 0 0 0 39 53 25 17 54 0 34 0 23 39 0 0 0 0 0 18 43 0 53 0 0 35 0 0 41 60 44 70 0 0 0 31 68 8 0 0 0 0 0 60 40 0 0 0 0 26 0 27 0 21 42 0 16 45 12 29 2 2 0 0 35 5 0 19 0 0 0 0 0 0 0 0 0 0 48 0 0 24 0 0 0 0 0 0 79 10 48 0 6 0 19 54 33 41 64 0 0 0 0 77 23 0 34 0 0 18 0
 0 0 19 93 58 0 20 0 0 56 82 50 0 0 29 0 0 38 37 0 11 13 12 54 0 0 0 0 0 0 58 31 0 35 0 41 0 80 15 1 33 52 0 0 6 0 47 10 0 0 0 55 0 0 37 9 29 0 0 31 53 0 16 0 9 0 0 39 36 0 0 0 0 10 0 9 0 0 61 0 0 67 0 42 42 2 77 0 0 23 64 0 41 44 18 0 0 0 0 0 0 0 88 51 28 36 0 87 0 0 0 1 0 1 22 35 44 36 0 0 36 23 0 41 19 0 19 13 0 35 0 0 0 80 0 0 70 36 12 0 72 0 43 0 0 0 0 0 0 3 0 0 6 0 36 0 5 0 13 19 0 0 46 72 27 0 0 0 17 0 0 0 23 0 0 45 0 0 0 42 51 0 58 0 0 61 0 0 9 0 0 66 27 26 0 0 77 0 18 0
 0 0 7 67 70 22 46 0 80 58 35 0 0 0 21 14 0 0 35 3 0 0 0 0 5 29 0 0 18 0 27 0 0 74 57 20 44 0 62 56 0 0 0 0 0 43 0 0 0 0 0 0 97 31 0 37 0 20 84 0 11 21 0 14 0 0 30 0 29 9 0 8 0 0 13 2 0 0 0 54 0 0 0 0 13 0 0 6 0 0 31 0 21 0 0 6 95 0 0 0 0 44 0 0 0 0 22 49 81 0 38 0 0 1 0 0 84 13 12 21 0 0 0 0 0 52 0 0 1 0 6 0 0 0 0 43 0 25 49 0 1 56 23 32 0 34 6 0 19 0 12 31 0 0 6 0 12 37 1 9 6 0 77 0 0 29 51 23 0 49 21 0 33 0 0 3 2 19 0 51 0 11 0 0 28 0 66 0 0 22 82 0 0 0 0 14 0 0 0 27
 0 3 36 12 31 0 0 0 90 3 0 39 7 19 0 0 0 0 24 42 0 17 0 0 47 28 0 0 12 10 0 10 0 0 85 7 52 0 0 74 5 6 42 0 13 26 0 0 60 0 5 0 7 0 52 0 51 0 0 47 27 0 31 0 16 0 51 0 0 0 0 46 0 20 37 0 4 12 0 51 0 38 0 0 59 4 11 6 18 0 0 0 0 25 0 94 0 0 0 13 0 0 32 63 43 0 50 0 15 0 0 0 0 45 16 0 73 0 1 40 45 12 0 37 0 42 46 0 23 67 5 0 0 0 24 42 5 54 15 0 15 0 7 36 47 29 25 0 0 0 17 0 52 17 0 59 0 27 6 0 64 5 15 47 0 49 0 0 0 13 0 34 0 0 28 0 0 0 0 46 0 38 0 19 0 0 80 0 0 0 0 18 0 0 27 50 29 57 40 0
 60 0 24 0 15 55 0 29 0 78 0 41 0 0 0 66 42 3 0 0 38 0 87 0 0 0 67 46 33 75 0 0 0 0 0 0 0 0 50 0 90 0 0 17 0 68 44 0 0 0 0 0 0 20 79 0 11 0 80 16 0 0 0 0 0 0 53 0 17 62 43 0 0 53 3 0 0 0 0 53 0 0 0 0 17 0 13 0 48 12 0 0 23 0 35 17 53 0 53 2 0 0 0 0 28 0 0 15 0 0 5 40 0 39 0 32 0 42 55 0 68 16 0 0 0 30 0 22 1 41 43 17 13 0 54 0 0 0 61 63 10 0 0 41 0 0 0 36 29 0 0 11 0 0 24 0 0 0 0 0 0 20 0 81 79 0 9 0 0 0 8 59 31 11 64 0 38 41 0 81 0 19 35 0 50 0 0 0 25 9 5 56 9 0 0 78 18 1 8 7
 0 0 0 0 0 0 0 0 37 23 0 47 0 0 0 0 0 5 32 0 0 0 18 0 0 91 32 12 0 0 4 0 0 0 71 0 47 0 14 0 65 79 12 6 27 51 97 37 0 39 0 41 0 0 0 0 30 41 11 46 0 0 18 0 0 0 7 0 0 0 0 0 5 0 0 0 0 50 0 57 0 0 0 0 16 0 7 0 0 6 66 0 5 31 72 21 0 15 0 65 27 23 0 31 27 9 16 0 0 20 10 0 0 4 39 0 0 0 0 0 0 0 0 0 10 61 75 0 40 0 0 8 0 0 0 27 10 0 0 29 0 5 0 0 15 1 28 0 47 0 0 0 0 14 49 0 0 0 0 61 14 0 10 16 38 13 5 1 0 0 10 0 0 0 0 7 0 0 3 46 0 69 0 7 0 38 0 0 0 24 0 15 0 0 71 7 35 0 45 10
 0 26 0 0 17 24 0 0 75 0 0 33 5 26 28 10 7 37 0 0 35 0 0 0 0 22 69 0 0 0 0 73 36 0 20 18 0 58 72 0 75 0 72 0 0 0 0 0 63 49 0 30 32 10 0 23 0 45 20 31 0 52 13 14 0 0 31 18 0 69 0 0 0 52 0 0 15 13 54 5 0 15 64 31 0 0 22 0 0 63 0 0 24 6 0 3 0 13 0 10 0 48 33 0 0 20 0 22 0 41 49 31 0 0 0 44 53 23 0 0 0 28 44 0 0 0 38 0 29 0 0 28 17 27 36 49 24 43 56 63 0 0 0 0 0 0 0 52 58 0 83 0 0 0 7 61 0 35 0 0 0 0 30 79 9 63 0 70 0 0 0 37 0 0 50 2 37 0 0 0 48 0 0 0 0 0 0 36 34 37 0 0 10 24 40 88 0 0 62 0
 36 0 35 0 73 0 71 0 0 0 0 21 52 2 79 0 17 0 0 11 0 0 0 0 38 23 0 32 0 32 3 0 0 34 14 0 0 15 93 63 0 0 25 91 0 29 0 69 0 87 38 58 0 39 25 25 24 19 68 0 0 66 0 3 6 11 0 16 0 41 0 0 10 50 0 26 0 0 20 0 12 18 0 0 59 8 0 0 17 22 17 0 24 21 54 0 0 0 20 0 18 28 12 0 87 24 1 0 7 3 65 0 5 15 48 9 67 48 14 0 0 80 0 1 57 0 0 14 0 0 0 0 0 37 49 38 7 1 7 16 0 0 0 53 0 5 0 0 24 5 27 0 24 0 57 59 0 0 0 0 0 53 46 8 16 0 36 0 0 74 24 0 23 10 3 5 68 69 44 0 0 69 55 0 0 14 8 0 0 58 21 46 53 22 9 0 55 0 0 0
 32 33 75 11 67 17 0 0 0 59 36 78 56 25 9 24 0 20 0 12 64 62 12 0 0 17 0 0 61 0 27 8 0 0 5 0 10 0 21 0 73 0 31 38 64 0 2 25 0 0 48 0 44 5 0 0 5 0 0 0 8 54 0 0 0 0 0 61 0 17 0 29 28 0 0 0 0 0 0 0 37 0 49 14 0 0 0 0 63 0 0 0 8 0 32 0 0 53 34 0 3 1 20 67 79 49 0 24 51 0 0 0 0 27 0 31 36 43 0 0 57 0 22 0 0 0 18 25 16 90 53 2 0 0 55 0 0 0 0 19 0 39 0 0 22 15 0 57 0 62 39 0 24 30 77 0 0 0 0 1 92 0 70 21 0 38 30 19 0 0 0 0 82 39 0 0 61 46 0 0 28 0 39 0 0 0 0 73 7 0 21 24 0 58 37 12 0 3 0 0
 35 0 0 10 15 25 25 9 7 49 0 0 0 36 0 0 10 0 27 0 0 0 8 0 64 11 59 33 10 0 0 8 5 82 0 28 14 58 0 0 0 0 29 0 4 44 0 17 0 28 21 0 3 51 67 0 0 0 0 0 0 0 71 46 33 24 0 0 0 0 0 0 0 0 5 0 25 71 0 0 0 0 40 0 9 38 0 20 84 16 0 51 0 60 45 0 72 0 0 0 0 4 20 0 0 27 17 48 2 0 0 10 0 58 0 0 40 11 39 0 0 51 14 0 0 0 0 0 0 16 0 0 64 0 0 0 0 0 0 0 0 25 0 51 0 0 0 0 58 0 17 48 2 0 14 49 52 24 98 36 0 0 74 28 0 28 2 4 17 0 24 0 57 0 21 0 14 8 0 40 0 69 56 0 0 0 0 0 0 0 33 0 14 0 0 15 0 37 10 55
 34 20 23 0 33 19 8 0 0 0 86 36 0 40 48 0 21 0 53 0 25 0 68 0 0 14 56 79 0 0 79 2 23 33 20 0 29 0 37 72 0 0 59 1 0 29 79 0 11 0 8 20 2 10 45 37 0 0 0 12 0 0 0 54 84 4 0 0 47 13 0 24 0 0 55 0 61 43 0 0 16 0 0 0 0 39 22 60 60 0 3 0 69 0 8 0 0 63 56 0 0 0 0 20 31 0 0 6 40 43 24 0 38 14 0 0 3 11 6 0 0 1 0 0 0 2 0 25 57 0 36 0 45 0 43 5 25 0 0 47 0 7 0 33 0 0 73 13 48 0 0 0 9 36 0 0 0 0 26 0 0 0 0 0 75 54 0 0 0 47 53 0 48 66 33 10 76 0 0 78 52 0 52 0 30 0 0 23 0 28 60 42 25 8 9 0 0 0 0 0
 0 0 0 68 18 0 0 38 0 0 0 8 8 9 0 0 13 39 47 15 19 10 0 0 64 0 33 29 0 0 0 8 3 86 0 0 0 0 19 79 5 0 0 0 0 0 60 86 0 2 0 38 8 0 20 28 0 59 0 0 0 0 50 72 0 0 0 0 51 12 0 48 4 0 8 0 3 0 0 0 17 0 0 75 0 49 0 38 19 19 59 80 0 85 0 47 0 0 43 0 40 0 0 4 71 18 96 0 24 53 0 45 0 46 30 0 0 0 0 75 33 41 0 64 38 21 0 0 0 24 0 0 0 3 38 8 0 22 45 0 19 0 0 3 30 0 10 28 0 0 0 0 0 0 4 75 44 5 39 0 0 51 8 0 0 0 14 0 66 4 35 23 91 75 82 0 3 0 27 7 20 18 0 0 17 19 0 2 0 0 6 42 89 75 0 0 30 36 7 0
 36 0 0 12 80 0 0 0 0 73 0 0 21 9 0 56 18 0 6 99 38 12 34 0 0 0 4 0 0 48 0 0 0 0 0 12 0 42 18 0 3 58 0 17 64 5 0 8 54 60 25 0 0 0 0 0 34 0 14 48 47 56 0 0 7 31 17 0 0 44 7 12 0 39 0 0 0 0 80 0 0 0 0 0 0 0 80 55 0 0 0 4 0 0 0 56 42 0 55 12 58 0 0 11 0 5 0 0 0 0 36 23 0 27 0 0 23 0 0 1 0 77 0 2 0 42 39 25 0 0 63 0 0 0 64 0 88 0 12 0 9 78 43 0 0 57 24 5 0 0 0 59 0 0 0 31 39 10 54 34 54 0 0 2 0 0 72 27 0 0 0 6 26 0 0 50 20 0 0 8 0 0 0 0 36 0 34 0 14 24 0 0 0 0 31 0 93 21 26 0
 53 9 0 14 36 1 10 25 8 32 0 0 76 0 5 0 20 44 0 0 0 0 0 0 16 30 83 0 0 56 0 0 0 12 0 0 56 44 21 9 20 0 0 0 39 0 38 0 0 66 0 51 0 0 10 0 0 0 35 54 13 0 0 32 13 0 36 0 0 20 20 0 0 0 47 0 17 17 0 0 0 71 13 0 18 0 12 0 0 0 0 12 0 13 0 8 0 82 15 21 97 5 0 2 0 0 0 0 7 0 58 7 62 0 22 26 16 26 29 0 0 0 85 6 9 1 59 90 29 0 5 0 0 37 9 0 0 21 0 0 15 33 12 60 1 0 19 0 0 78 0 0 11 0 0 0 0 55 0 0 0 0 57 67 0 0 0 53 60 62 8 0 0 25 0 0 0 63 0 68 61 0 0 0 0 11 0 0 0 0 0 0 75 75 42 0 0 14 51 50
 1 4 0 0 0 28 0 9 3 84 10 31 0 3 0 0 0 0 62 0 42 3 0 45 0 0 18 58 7 0 0 0 0 8 0 29 20 54 21 0 13 11 27 0 0 0 0 9 0 57 20 0 43 25 0 0 0 25 0 0 58 0 0 7 86 66 46 3 4 27 0 0 0 26 11 33 0 0 0 0 22 14 44 0 0 0 0 83 0 33 0 0 26 0 42 4 0 53 14 0 0 0 62 36 0 0 0 0 0 64 0 15 22 66 7 1 0 68 0 6 61 0 0 36 47 21 80 32 0 0 49 0 0 0 19 68 13 0 0 16 0 23 0 0 5 6 48 0 0 19 0 15 0 0 0 0 5 0 0 0 72 28 54 0 0 0 46 56 50 63 65 0 26 0 14 0 40 0 0 60 79 27 0 0 0 0 0 0 11 50 0 0 81 0 0 46 0 0 0 0
 3 0 0 0 67 0 4 0 99 72 10 0 0 5 0 0 0 0 0 0 23 33 71 92 68 0 0 35 25 43 0 37 23 0 38 0 0 0 8 11 19 0 0 0 4 5 0 0 28 0 81 52 52 34 72 19 83 36 0 10 0 30 75 29 25 0 0 22 0 0 0 0 0 0 0 2 43 0 0 0 0 0 0 66 0 0 4 42 0 0 0 48 21 0 56 12 25 0 43 10 0 0 15 0 83 1 40 65 29 41 69 16 0 89 21 0 0 0 57 92 48 51 4 0 0 0 0 23 0 0 0 0 62 66 0 41 0 0 0 0 0 43 0 0 0 28 0 57 16 65 0 40 0 13 0 51 0 4 35 0 0 6 17 0 72 0 0 1 0 0 0 58 27 0 51 0 0 58 0 0 0 0 16 0 32 0 51 21 9 24 0 3 0 5 7 0 0 2 0 0
 22 0 25 0 0 0 0 83 0 24 65 0 0 63 21 54 0 26 0 28 13 51 40 47 24 0 14 45 26 12 23 0 0 41 0 26 0 30 0 0 44 64 0 4 0 0 0 0 57 14 0 0 94 0 2 53 0 0 0 19 32 35 0 0 26 0 15 0 31 30 0 37 54 0 0 23 37 2 16 0 26 0 5 70 0 77 76 7 65 48 22 24 0 0 16 0 7 0 0 11 0 8 0 0 61 14 0 0 0 13 0 0 7 14 87 0 0 9 53 5 60 82 0 0 63 22 22 12 0 0 0 0 33 0 0 0 28 0 0 0 0 34 89 0 72 0 25 18 0 29 0 0 0 62 0 2 33 8 0 0 0 0 44 0 52 0 77 5 0 8 0 0 33 0 73 41 91 0 0 0 0 0 45 0 22 78 3 31 32 14 11 29 0 23 0 57 50 53 0 0
 0 0 0 0 0 0 0 54 0 8 0 66 0 0 55 35 0 30 50 22 22 0 42 0 53 33 0 49 16 0 0 33 20 42 0 8 45 2 0 3 0 32 0 0 0 0 0 37 26 64 0 0 30 45 22 0 25 36 0 8 0 0 0 0 11 0 86 10 0 0 39 4 32 0 0 0 8 0 56 0 0 92 53 53 0 0 51 0 65 10 0 54 6 64 73 0 32 0 0 0 0 32 43 7 37 0 37 0 66 0 0 90 0 44 51 0 15 0 48 82 36 0 0 4 7 0 0 0 27 15 0 0 10 0 3 0 66 21 60 0 0 72 0 46 0 11 0 4 18 0 0 0 20 37 0 0 0 33 0 80 0 17 0 0 78 0 0 38 29 0 0 9 11 0 62 0 0 0 69 40 46 40 57 23 28 0 22 0 0 63 19 0 12 0 0 24 77 0 0 0
 0 0 0 48 0 51 0 33 15 0 0 6 23 0 40 0 0 23 3 2 0 75 0 45 69 0 0 0 48 0 53 73 26 0 0 0 0 0 66 0 0 45 8 0 67 0 0 0 10 0 23 0 0 0 1 5 0 15 60 0 0 0 0 0 95 69 0 16 43 4 0 0 23 11 44 9 27 0 27 0 47 0 27 56 0 0 42 71 0 14 0 0 0 0 3 0 0 0 0 4 0 0 0 0 0 9 0 0 55 23 0 39 0 5 42 46 99 0 0 26 9 0 10 0 0 0 0 48 3 0 0 23 0 0 0 5 0 0 0 19 0 12 46 32 84 0 52 49 11 33 0 87 12 0 15 0 0 0 0 11 38 0 40 30 0 25 0 30 0 51 14 0 10 0 2 28 64 49 16 67 0 0 0 34 55 0 0 5 0 0 39 0 33 23 0 0 0 0 45 66
 42 49 11 51 15 17 0 0 68 0 39 0 0 0 0 2 0 0 19 1 0 0 0 23 3 0 13 0 0 23 79 0 0 11 0 0 18 0 0 65 23 9 0 0 33 14 0 0 32 44 7 0 0 54 0 0 0 15 16 1 0 24 0 11 0 0 49 76 0 0 8 58 15 25 0 83 34 67 59 12 0 0 0 47 3 0 70 0 7 0 58 59 29 82 0 0 0 26 0 0 0 0 0 12 30 28 56 0 0 0 0 0 16 14 0 0 77 3 0 48 59 0 0 4 4 0 0 22 48 38 0 21 51 0 93 0 0 40 0 0 0 0 38 0 0 2 5 0 0 0 0 0 0 17 0 0 0 62 54 0 88 28 27 0 0 55 0 0 18 0 0 7 0 57 0 66 25 24 17 0 62 0 0 22 12 0 11 32 0 0 0 0 26 0 18 58 53 34 32 0
 0 25 28 7 22 0 11 0 12 44 0 0 0 0 6 62 0 37 0 0 0 20 49 20 71 0 28 0 0 0 89 13 6 14 0 0 44 0 34 0 0 0 19 0 0 48 9 12 0 0 43 0 26 0 71 44 19 0 10 42 19 21 0 0 9 84 74 0 87 17 0 0 0 0 0 10 89 0 0 14 43 41 0 0 2 17 71 0 0 71 0 19 43 56 53 0 0 70 0 45 0 0 69 46 0 0 31 36 68 0 53 0 0 93 71 0 0 0 2 77 19 29 0 7 13 0 1 0 0 0 0 0 0 56 15 84 0 0 13 63 6 0 1 8 72 0 16 4 55 0 41 0 0 29 3 0 0 0 3 0 52 12 0 48 0 0 0 0 0 0 78 64 10 54 0 55 0 0 16 0 24 49 39 5 0 0 0 70 0 0 0 0 32 2 46 19 10 0 47 0
 0 13 46 8 36 30 19 0 71 28 0 0 0 0 5 0 20 0 27 0 0 0 15 0 0 39 0 8 9 21 11 4 5 21 0 0 0 63 0 40 7 0 0 0 36 0 19 0 23 76 0 0 3 0 0 0 82 35 29 20 0 0 14 0 0 52 0 53 19 70 77 60 0 40 74 0 0 0 0 0 0 0 19 0 0 2 27 0 0 0 0 0 54 50 51 0 0 20 0 15 0 0 0 16 0 0 0 45 0 0 9 0 4 0 0 26 0 55 0 0 0 0 31 0 22 68 66 2 7 0 63 0 0 80 14 44 0 42 25 0 53 0 0 12 0 61 3 15 37 0 18 38 50 80 0 0 8 61 8 36 0 55 96 0 0 0 0 0 0 14 0 0 0 8 0 0 0 0 1 0 0 0 0 20 0 3 72 0 61 0 18 0 20 4 53 53 76 48 30 0
 0 8 0 4 0 0 80 28 0 34 9 35 0 0 0 36 23 0 35 47 54 0 45 0 0 67 0 15 0 0 0 38 0 0 0 56 0 19 0 21 0 0 0 0 40 8 42 0 0 0 4 60 61 30 0 0 0 0 86 64 14 71 23 60 0 0 82 0 33 0 28 65 25 0 1 46 18 0 36 0 26 0 57 57 0 0 52 0 0 0 0 0 0 0 87 0 0 0 0 0 0 0 9 24 50 0 90 42 59 38 6 11 0 0 41 0 0 23 46 62 0 0 61 0 1 0 0 23 0 0 0 36 0 15 0 0 0 23 0 0 35 0 7 37 18 0 0 20 0 43 0 0 6 0 11 0 27 2 0 48 17 0 15 45 0 34 0 16 26 29 24 0 0 0 0 79 0 0 24 0 0 38 0 55 1 0 0 71 33 0 0 0 0 23 0 0 0 21 0 50
 0 39 0 0 16 22 20 9 0 39 49 28 5 0 8 0 9 0 0 0 0 0 0 0 0 0 0 0 0 22 0 0 0 0 0 57 0 0 38 0 0 0 0 38 21 28 0 0 0 0 86 0 0 0 61 0 0 0 0 9 26 23 0 28 0 30 0 0 0 45 35 0 0 27 31 0 61 0 29 12 0 85 30 11 0 58 0 0 11 0 50 5 0 0 0 48 4 0 0 0 0 4 26 35 0 70 0 0 57 0 29 43 0 0 0 19 4 2 0 0 79 0 0 0 47 0 39 83 30 45 0 64 52 49 0 0 68 0 0 21 46 0 50 55 27 0 0 4 27 0 0 0 0 0 47 17 7 0 0 84 0 26 0 60 78 0 0 0 0 0 38 0 0 0 0 14 0 45 18 0 36 0 0 0 0 3 0 0 0 0 0 65 17 0 63 37 45 83 54 0
 5 5 0 0 0 0 0 0 40 1 0 5 0 0 0 7 0 55 0 0 32 58 0 13 3 65 0 35 0 34 6 7 21 42 0 0 83 0 0 0 80 70 88 6 0 30 35 4 0 0 0 34 0 25 41 41 0 28 0 0 54 0 22 0 54 25 38 3 1 0 0 0 61 0 0 25 0 24 71 0 15 6 26 82 1 0 60 0 9 0 4 21 22 46 6 0 0 0 3 9 40 2 10 17 20 75 0 67 0 0 0 9 0 0 61 72 1 12 28 50 12 0 0 24 0 16 35 0 5 6 0 63 0 48 0 32 62 5 0 19 0 0 0 0 0 31 0 0 50 2 2 30 0 7 59 0 32 4 0 0 16 66 0 92 0 38 51 0 0 12 0 48 0 0 0 0 0 0 0 0 28 4 0 0 0 0 0 14 0 74 0 4 29 0 0 7 0 0 8 0
 0 62 60 0 0 20 0 42 89 69 0 1 0 0 12 0 6 34 54 59 0 0 42 0 6 54 0 0 13 7 31 0 0 24 0 0 0 39 0 2 84 17 0 0 0 40 23 45 0 4 18 0 0 73 30 0 0 28 0 0 88 64 35 52 44 0 6 0 0 0 0 10 0 0 1 0 0 62 15 10 0 24 0 0 88 0 7 0 0 55 0 0 64 0 0 41 3 0 0 31 29 0 48 0 0 0 15 0 30 48 0 0 0 9 57 0 0 0 43 0 0 57 0 0 31 0 55 0 0 31 15 0 0 2 0 3 4 0 0 0 0 0 0 0 0 0 0 89 79 0 76 0 0 0 0 0 0 0 95 0 23 69 78 39 10 0 0 0 5 20 51 12 6 6 14 12 0 0 0 8 87 0 0 0 0 0 0 0 22 0 0 0 15 0 0 0 26 0 19 0
 0 94 25 2 0 25 0 11 52 0 0 2 0 51 0 6 0 0 0 5 0 22 0 0 0 0 0 0 0 46 0 0 68 14 79 0 0 0 94 0 6 0 0 13 83 0 12 0 15 6 23 0 37 66 4 80 62 0 0 27 0 0 99 0 25 0 39 0 0 53 0 16 46 0 0 65 91 15 2 90 74 0 36 0 0 0 10 0 90 36 0 0 0 0 22 29 0 21 61 0 36 42 13 0 0 89 0 0 57 19 0 44 17 0 8 66 0 9 0 0 0 56 0 0 81 56 0 0 0 0 10 46 0 78 0 57 0 68 0 0 87 0 12 0 37 0 30 0 0 82 2 0 0 1 6 0 0 20 0 11 14 20 56 16 0 25 0 0 34 22 28 0 50 0 7 0 51 0 70 0 10 0 0 48 0 0 0 75 32 74 49 0 0 34 0 0 76 2 3 0
 0 6 17 0 82 0 0 28 0 0 0 32 70 33 0 2 0 68 2 6 0 49 81 16 0 25 0 73 0 0 0 0 25 21 68 4 0 30 0 0 36 0 0 0 46 0 0 0 28 0 0 0 38 10 65 0 67 50 0 0 77 0 29 68 35 21 0 2 79 0 0 0 13 68 0 0 0 28 36 23 0 14 17 0 55 16 11 55 8 0 0 4 14 0 0 0 0 0 28 31 0 79 19 0 0 0 0 0 0 8 0 49 27 18 16 6 67 0 0 0 26 26 35 26 0 0 0 0 0 0 0 0 25 0 0 14 48 94 0 40 0 14 0 12 13 0 0 0 0 0 0 0 0 0 15 14 0 37 0 0 0 0 30 36 0 0 7 66 65 11 6 23 0 0 0 0 23 19 13 0 100 0 0 0 0 0 0 0 0 0 16 0 0 0 23 0 0 15 0 0
 0 4 74 0 35 0 40 17 0 0 0 41 0 0 7 58 0 18 50 0 31 0 13 24 8 11 0 0 0 18 0 73 6 5 81 0 0 0 84 0 47 45 73 0 50 0 0 8 0 0 0 0 0 0 0 41 0 46 73 14 0 0 0 0 79 0 0 62 0 0 0 0 0 6 0 1 48 0 0 0 0 0 47 0 50 37 0 48 0 0 17 0 79 0 67 13 1 0 41 0 0 32 80 0 0 66 0 0 37 47 0 5 0 0 0 12 9 0 35 0 33 45 86 0 23 48 0 28 64 37 0 0 0 0 0 32 0 0 0 0 0 0 13 4 0 0 0 0 0 0 0 68 50 0 16 25 19 47 0 84 0 10 0 0 45 77 0 1 2 0 0 0 15 69 18 0 0 34 0 28 0 16 0 0 0 53 15 0 0 0 79 69 33 14 0 0 14 56 5 48
 0 0 0 72 0 1 0 0 0 28 0 0 0 13 3 0 63 0 61 91 41 2 1 44 0 0 18 0 0 0 0 0 0 0 38 2 0 14 84 31 71 40 29 0 45 0 0 15 0 71 0 64 56 82 0 63 0 0 22 0 0 31 13 0 8 0 0 0 0 51 31 0 3 42 26 56 27 74 61 0 0 47 13 0 0 8 3 9 0 0 0 59 0 0 0 4 0 0 0 0 0 0 0 0 0 41 48 0 0 19 0 67 59 19 0 0 85 59 0 45 59 0 38 0 0 29 53 0 8 0 79 48 0 0 0 0 53 0 0 30 26 23 3 27 0 35 39 0 0 56 0 69 0 79 0 0 58 57 0 0 32 62 7 0 47 9 0 0 2 12 4 0 0 0 17 0 33 44 0 40 0 0 0 12 0 10 29 0 47 0 13 0 0 0 17 13 97 0 57 0
 0 0 0 0 17 0 26 0 0 0 0 0 0 0 0 0 0 0 41 23 2 46 0 0 0 0 0 0 0 31 65 0 26 0 58 46 17 63 0 0 0 0 0 41 14 46 34 13 0 0 0 29 0 0 47 0 0 29 0 20 0 0 0 37 71 33 41 0 0 9 0 0 0 0 34 73 0 0 29 0 0 9 0 23 22 0 79 15 0 0 2 0 0 0 14 67 0 0 0 5 91 51 0 42 0 0 0 0 17 0 0 57 0 0 33 5 0 31 0 0 0 23 13 66 0 10 0 7 58 49 0 0 0 0 57 0 43 29 61 0 11 0 0 0 63 63 0 0 0 0 0 0 92 0 16 0 80 0 0 0 0 15 36 0 0 0 0 0 0 0 27 0 0 0 0 0 0 0 0 37 35 20 0 6 0 74 0 46 0 27 71 38 0 24 0 49 56 0 55 0
 47 0 0 0 58 0 28 2 0 0 0 0 57 43 0 0 53 75 0 0 86 33 0 0 38 0 1 0 10 15 67 0 0 73 37 0 0 0 75 18 50 37 0 0 0 73 2 24 46 35 0 0 5 0 0 0 39 0 47 47 0 37 33 0 0 37 20 74 36 0 0 15 0 59 35 0 0 40 0 2 18 0 0 66 42 0 0 0 29 28 0 32 85 0 64 0 9 0 0 0 0 77 35 0 0 8 0 0 41 0 0 0 1 0 0 0 0 0 0 0 9 0 0 11 0 34 17 0 34 10 0 33 0 39 6 0 54 0 23 81 39 1 70 78 37 42 1 0 69 2 0 0 78 25 30 0 0 0 0 0 0 0 14 0 0 0 0 0 23 78 46 53 0 8 0 0 0 25 22 0 17 0 0 6 0 8 0 36 51 0 37 7 21 42 0 0 3 0 0 0
 0 0 43 38 20 49 0 0 5 67 0 0 67 0 36 55 0 0 13 62 25 80 0 0 0 5 70 86 0 0 41 0 11 0 0 81 0 0 0 24 0 33 48 81 13 35 0 0 25 14 0 37 0 7 0 53 0 0 0 1 0 21 51 0 45 34 28 0 75 0 6 58 6 31 23 0 10 0 73 7 0 26 0 49 38 23 0 0 0 82 0 31 17 0 0 31 0 0 9 2 0 0 0 0 0 0 0 0 14 0 12 24 0 0 0 0 0 5 52 4 0 1 0 43 0 0 0 0 0 73 37 19 24 76 14 64 0 5 1 8 29 16 31 0 23 0 0 39 0 49 0 0 0 0 58 0 5 0 0 9 0 0 30 32 69 0 0 28 0 0 34 0 53 0 25 0 0 16 0 0 0 34 81 0 11 29 34 24 24 0 7 0 57 37 43 0 40 32 0 62
 0 0 64 0 69 2 59 0 27 0 0 0 0 0 1 98 6 27 54 14 17 0 0 67 17 18 96 18 0 0 48 0 56 0 0 0 26 24 0 2 0 21 0 0 0 15 0 0 0 0 0 14 0 53 0 72 0 0 66 0 38 69 0 37 8 0 0 78 40 13 0 43 0 10 2 0 0 0 0 0 31 0 19 13 0 9 0 0 45 8 0 77 0 20 22 21 13 0 40 14 0 0 0 80 74 44 18 7 0 9 0 50 0 0 0 0 49 0 3 12 0 0 0 0 0 8 6 17 62 0 0 11 0 31 0 0 0 7 40 0 13 1 23 0 18 50 16 0 27 0 81 22 0 15 0 67 0 0 38 0 0 0 0 0 0 72 5 22 0 0 0 0 0 0 5 0 15 0 0 85 0 47 0 98 36 9 0 8 0 53 0 0 0 45 36 4 0 0 0 0
 1 0 53 0 17 0 43 26 72 0 47 0 1 0 0 9 28 0 0 70 0 0 10 32 3 51 65 5 0 20 14 86 0 0 0 0 40 8 70 8 0 54 73 8 28 13 9 22 0 0 14 86 37 0 62 0 34 0 0 0 58 5 17 46 1 0 50 56 0 38 12 18 11 50 0 3 0 3 6 0 0 0 63 13 0 52 26 0 13 0 72 25 0 21 0 0 0 27 0 0 32 13 0 0 34 0 0 0 32 0 0 95 0 5 21 26 0 6 0 0 64 53 0 46 0 0 14 0 0 0 18 22 67 18 0 0 24 0 32 5 34 0 0 0 0 24 26 0 0 0 27 32 0 0 9 0 0 0 0 0 2 38 36 0 0 0 22 16 0 0 2 0 0 0 19 0 46 0 0 0 15 0 51 5 0 6 36 0 0 0 0 0 0 5 0 87 5 0 0 70
 40 28 78 55 2 0 0 22 0 43 0 0 0 8 10 0 0 0 21 20 0 90 97 0 0 31 0 48 0 26 0 0 20 0 0 78 0 72 0 0 29 1 36 50 0 35 0 0 0 11 10 85 0 0 90 0 2 0 0 69 17 0 0 13 22 34 32 0 0 0 0 12 0 37 0 0 22 0 61 26 9 0 0 8 0 0 0 6 0 0 4 0 0 30 50 0 0 0 0 0 55 45 84 0 9 0 0 0 0 0 5 92 0 0 1 36 48 0 0 30 7 0 0 0 63 0 0 0 71 41 0 0 38 0 0 16 43 0 0 12 0 23 51 63 1 0 0 79 0 6 40 52 0 0 0 0 0 78 7 2 26 55 0 0 52 0 0 0 10 0 0 15 0 9 0 0 38 4 38 76 18 0 0 16 0 0 0 0 10 19 13 0 52 0 36 0 0 0 61 0
 25 4 0 79 49 18 0 61 69 35 0 0 0 0 33 0 70 0 66 67 0 0 0 12 6 15 0 21 8 81 18 17 0 10 29 15 0 44 21 28 7 0 26 0 0 84 39 0 90 21 0 10 0 0 0 0 37 19 0 26 0 56 0 0 64 0 25 0 0 92 0 14 4 29 15 0 0 0 34 0 40 0 35 0 0 0 0 36 0 44 0 0 0 26 0 0 0 29 0 0 11 19 0 15 5 0 0 1 0 0 0 0 10 33 0 11 25 5 0 0 71 0 3 0 0 0 0 44 0 16 1 41 0 16 0 0 31 0 80 0 40 0 0 0 0 0 0 0 68 78 3 0 0 15 17 0 0 0 19 0 0 61 0 37 0 0 0 7 31 0 35 0 0 25 12 46 32 0 35 0 21 22 27 41 0 17 69 28 15 29 12 0 18 11 28 23 0 0 0 12
 9 26 61 0 36 36 2 3 31 6 29 17 20 40 42 30 34 0 24 37 10 0 0 85 90 0 78 0 28 15 7 0 8 0 0 0 50 0 3 0 0 1 0 0 53 27 15 53 0 87 0 9 15 51 0 0 22 0 30 0 7 10 46 0 0 0 37 0 0 0 0 0 0 25 9 0 50 0 0 53 0 40 10 0 0 0 71 0 0 0 26 0 0 0 39 45 0 0 74 0 0 56 69 46 81 32 0 18 54 74 0 0 48 13 0 74 0 11 0 59 0 0 0 1 0 0 0 0 36 94 0 49 75 0 28 0 1 11 0 84 21 34 7 0 40 5 92 0 0 0 35 33 0 38 9 0 38 0 6 39 0 0 0 24 0 0 0 54 0 13 0 20 0 0 14 0 0 14 0 0 70 0 0 0 0 0 0 0 24 0 0 0 0 0 49 21 42 0 0 0
 0 0 18 0 0 30 22 0 0 0 3 4 37 35 49 0 33 13 0 0 58 67 18 0 0 0 76 0 35 0 5 13 0 8 0 61 53 32 0 0 0 37 24 55 24 0 0 0 2 0 0 17 50 38 0 29 46 0 0 0 6 0 18 1 44 0 0 0 0 0 19 12 0 0 46 82 62 60 0 0 0 8 82 0 0 0 36 0 0 0 68 0 0 0 0 23 0 0 0 0 0 8 0 0 21 0 0 23 0 0 0 0 0 51 16 35 0 0 5 16 66 0 0 16 0 0 0 45 3 63 0 0 13 0 46 18 27 18 0 46 0 68 0 62 67 53 14 2 8 23 41 0 42 0 0 56 2 82 38 17 0 2 6 0 6 33 3 0 0 65 0 0 0 25 40 0 18 27 0 69 65 43 0 2 63 24 6 0 0 51 24 0 48 17 0 0 31 50 0 0
 0 27 0 0 0 0 71 0 28 0 0 8 0 13 0 0 0 0 23 19 0 34 0 0 35 21 0 25 0 0 0 0 34 0 0 28 10 0 0 29 35 22 26 0 33 67 62 3 37 35 0 0 0 66 0 0 0 12 0 68 0 7 0 3 0 0 0 15 30 14 0 0 9 10 0 86 6 88 45 72 77 0 47 0 13 53 0 0 0 0 0 0 36 0 0 81 0 0 0 0 0 46 67 0 95 0 0 12 26 0 21 0 51 0 18 0 0 47 0 0 0 0 0 0 51 7 0 0 31 0 71 0 0 0 0 35 81 0 0 15 30 0 22 45 0 0 0 58 0 0 0 86 0 0 12 50 0 49 0 42 38 58 0 30 0 40 15 0 33 0 32 69 5 0 6 0 0 34 0 0 0 0 0 37 0 57 0 0 0 1 0 0 58 2 7 0 46 0 0 81
 77 10 0 0 28 2 0 0 0 0 0 28 80 0 27 84 0 0 2 0 39 0 0 30 0 40 72 35 0 56 0 16 85 0 0 0 0 58 33 0 12 40 0 9 46 0 0 0 41 0 38 0 0 0 0 0 0 18 0 0 55 84 0 7 0 0 33 38 0 32 35 0 8 0 0 0 1 18 1 9 0 0 0 0 0 40 9 0 0 0 0 79 0 43 12 0 49 63 60 0 0 33 48 0 46 0 55 0 5 24 63 47 72 0 6 40 0 31 0 0 6 4 25 0 23 0 0 0 3 0 0 37 0 0 25 27 0 10 0 0 0 26 16 0 0 32 40 0 0 0 0 21 0 5 0 0 28 39 0 8 46 0 0 0 39 0 0 55 0 0 50 62 0 24 0 53 10 0 0 33 68 31 0 13 0 0 0 33 0 0 27 0 58 0 13 0 0 0 7 0
 0 0 9 0 0 18 0 0 44 86 0 0 0 40 0 68 0 0 0 0 0 0 15 95 11 0 0 23 5 0 0 39 0 0 38 9 0 16 6 0 28 0 0 2 55 0 0 16 69 0 3 32 0 14 28 0 37 5 28 39 0 0 0 0 39 0 56 0 27 39 0 54 45 0 0 0 0 38 0 5 57 0 66 71 0 84 9 29 30 0 25 0 75 50 0 41 0 42 82 63 0 30 15 5 0 0 0 0 0 34 6 0 0 0 93 26 13 21 0 0 0 0 0 0 0 47 0 64 51 0 0 46 0 1 0 0 0 0 0 9 0 0 0 56 48 0 0 21 70 0 0 0 0 48 0 1 77 0 82 0 0 0 45 13 0 22 0 48 0 0 0 49 0 0 0 0 19 0 0 12 38 0 0 24 0 0 0 3 30 0 0 80 7 0 0 0 0 0 0 1
 0 49 2 63 39 0 0 0 0 14 27 0 0 0 0 0 0 0 9 0 17 0 0 40 0 0 0 0 0 5 54 15 10 0 84 0 0 0 2 62 4 53 0 0 7 23 11 7 0 9 15 0 0 0 0 0 28 7 0 0 0 0 0 0 44 0 0 33 0 63 0 0 0 23 74 0 0 66 74 0 0 0 19 75 0 28 0 15 0 0 0 13 0 30 7 13 57 0 0 0 30 66 0 24 82 1 90 36 9 0 0 0 66 58 0 0 0 0 48 88 0 0 68 0 70 0 0 39 0 0 0 0 22 31 0 0 0 27 8 15 50 0 41 0 0 6 29 0 16 64 0 0 23 50 79 65 0 2 0 0 30 51 1 33 55 32 25 0 71 28 31 2 11 16 0 0 22 38 26 0 0 6 20 66 0 0 86 60 9 42 45 0 27 38 15 0 0 0 0 0
 0 0 0 0 0 0 21 0 32 0 0 21 0 6 0 0 0 51 16 0 74 4 49 61 28 58 0 0 0 0 0 45 27 21 0 56 60 63 0 0 0 0 0 26 7 89 81 48 45 9 29 98 23 82 26 0 0 29 28 0 11 0 0 0 15 50 42 0 0 0 39 0 7 0 6 0 0 0 8 64 0 0 23 0 0 31 0 69 29 0 0 0 1 0 57 0 0 22 33 48 41 17 14 1 0 42 62 5 71 8 0 0 82 0 6 0 0 0 0 56 13 58 58 5 36 0 0 0 0 36 26 0 0 0 22 0 0 17 42 0 52 83 0 9 22 0 0 29 12 88 34 3 0 55 37 81 36 0 24 0 24 32 13 0 0 0 28 0 0 0 0 0 0 13 89 84 0 22 0 26 84 2 15 69 17 20 6 0 0 19 0 0 47 41 0 20 0 0 0 22
 0 0 6 0 30 0 38 27 41 0 0 15 0 0 0 0 25 39 88 0 0 0 1 0 0 0 0 0 71 0 0 0 29 20 25 0 0 2 33 5 49 1 20 0 0 5 0 0 88 51 0 7 0 37 0 71 0 21 0 36 0 44 0 73 26 41 6 0 71 0 32 0 0 53 8 0 39 0 56 0 97 21 47 0 0 71 62 1 0 0 17 27 59 0 0 85 0 0 0 38 74 2 40 0 0 0 21 69 6 0 0 0 55 60 0 47 10 0 0 0 29 26 28 10 0 0 0 0 0 14 18 31 0 0 7 0 0 0 40 6 35 0 49 0 28 0 0 0 29 0 40 0 66 39 0 0 0 51 0 0 26 46 20 0 0 54 0 0 0 0 0 72 42 0 57 54 0 89 0 0 0 0 0 0 13 1 0 67 0 0 0 63 0 0 54 0 49 41 0 0
 50 69 15 0 13 0 41 56 0 25 10 0 0 57 0 0 0 15 33 0 85 4 30 58 0 68 0 24 0 0 86 35 0 0 20 0 13 0 73 0 41 17 0 0 11 54 23 7 3 0 0 8 26 0 6 10 0 28 90 0 0 0 31 0 42 0 0 20 0 7 73 22 41 0 0 51 52 8 27 67 0 33 0 55 0 46 0 67 11 7 32 79 0 0 31 51 0 30 0 56 18 0 0 0 0 17 17 0 0 49 0 9 0 85 0 63 23 0 0 22 0 8 71 10 11 0 51 35 0 54 34 0 0 0 0 0 31 62 0 0 0 0 0 0 6 3 0 23 65 0 81 45 0 0 24 1 0 45 0 0 11 0 0 0 0 0 8 20 13 6 10 0 52 10 0 20 0 0 21 2 83 0 32 0 0 0 7 24 15 16 0 11 43 0 0 66 39 0 0 19
 11 67 43 66 57 0 0 0 0 0 4 87 0 10 0 7 0 0 0 0 4 47 20 24 20 19 0 0 0 0 53 0 34 0 0 45 25 30 9 50 89 40 0 5 0 0 82 19 26 0 0 17 0 0 0 12 24 0 0 0 0 13 0 0 0 0 29 16 42 0 0 43 0 0 0 0 11 0 0 0 0 38 19 14 0 0 49 57 18 27 0 85 59 8 3 12 13 5 0 0 55 0 7 0 0 42 66 30 41 0 48 0 0 0 30 0 0 26 77 0 0 18 0 0 4 37 0 0 0 63 59 39 0 0 67 43 56 65 0 79 37 0 0 10 0 0 0 0 0 0 0 22 0 17 39 0 0 0 0 47 5 55 18 0 42 0 11 0 38 0 0 57 0 68 0 0 0 36 74 11 0 23 33 0 0 0 60 0 0 18 0 2 0 9 25 38 0 57 44 0
 0 9 5 0 0 67 21 0 0 0 19 11 0 32 0 0 25 20 5 56 0 0 0 0 0 0 0 0 0 0 0 10 0 69 0 0 0 0 43 16 23 34 0 60 0 20 39 0 15 79 41 0 0 0 0 0 60 31 0 0 0 14 46 14 59 35 0 0 0 0 0 0 22 0 24 38 65 0 0 34 85 0 0 27 0 7 16 3 53 5 34 67 19 12 0 0 50 0 0 19 20 37 39 0 30 5 34 0 0 26 0 0 0 0 0 0 0 32 57 0 47 0 42 0 78 0 0 0 0 32 0 0 0 0 23 0 23 50 0 0 0 8 79 95 63 5 0 0 0 0 0 0 0 0 35 0 33 0 7 0 0 49 0 0 34 29 37 0 0 0 0 0 61 13 45 53 24 41 0 0 0 32 0 0 78 0 83 0 0 24 46 12 0 79 0 0 0 0 0 0
 32 0 0 0 35 0 0 63 0 16 0 0 0 34 88 1 0 0 0 0 49 0 59 0 0 0 11 17 61 0 0 0 36 16 0 34 0 0 0 0 0 0 2 0 37 0 25 40 49 0 84 7 60 77 53 0 0 3 39 46 0 0 40 0 0 61 0 0 0 30 57 59 97 62 28 0 27 19 11 53 35 84 83 64 53 0 0 11 0 61 0 0 0 0 0 44 51 0 89 0 0 0 0 12 0 12 0 0 0 0 0 40 53 49 0 42 0 18 1 45 0 51 0 80 32 0 0 41 9 0 55 61 46 0 38 31 8 14 33 26 0 0 0 0 3 42 24 13 47 0 39 47 0 42 55 0 53 11 0 25 15 54 2 0 0 0 19 0 0 0 8 42 74 0 92 32 6 0 53 18 24 8 8 0 0 38 18 13 0 0 0 0 4 0 0 14 0 49 0 94
 41 0 0 0 2 5 9 0 17 70 0 6 0 0 32 46 0 0 0 34 0 0 8 0 39 60 0 34 14 7 57 72 0 0 0 0 0 0 30 0 67 27 2 0 58 0 0 0 18 39 24 16 0 3 76 3 0 0 37 0 30 25 24 0 0 0 27 44 0 0 0 45 57 22 0 0 0 0 0 0 0 0 67 0 87 2 20 0 3 0 0 0 0 31 0 4 14 0 4 19 0 21 0 0 41 77 46 0 0 80 0 28 24 50 0 0 0 0 40 47 0 20 0 0 8 0 20 32 17 14 28 0 0 32 31 8 0 10 0 49 20 5 0 28 0 26 37 3 30 0 8 0 0 30 10 40 0 0 0 24 0 8 0 0 0 0 0 37 0 30 0 11 10 0 37 87 0 0 0 12 40 1 24 0 0 0 50 41 20 0 0 7 50 0 52 25 0 2 52 12
 21 28 8 0 19 0 0 9 16 1 0 0 0 0 28 0 0 0 2 0 0 0 0 0 57 13 0 0 2 17 45 0 0 0 74 9 0 0 23 0 0 0 0 0 19 2 0 14 0 0 30 0 0 0 0 0 0 0 0 6 0 0 0 0 35 0 0 22 54 32 0 6 68 0 0 4 0 0 33 68 0 2 0 0 17 0 34 90 0 0 91 0 0 0 22 81 30 0 0 4 0 11 0 3 0 40 31 29 62 37 68 0 0 0 0 0 77 0 0 78 3 0 2 84 96 44 5 12 0 75 14 0 0 0 64 12 0 0 33 0 0 0 0 0 70 0 0 50 0 78 0 39 16 0 0 0 0 41 0 0 2 75 26 0 0 0 33 0 27 0 0 0 13 23 0 0 0 37 9 10 12 0 0 0 0 21 0 79 23 19 63 0 0 0 35 16 0 11 0 0
 6 0 48 43 4 0 11 0 0 40 76 0 0 0 40 0 75 73 0 0 0 0 47 48 27 0 0 11 0 0 69 0 0 60 0 0 0 11 0 0 18 4 6 14 84 0 0 0 0 18 0 0 0 60 0 64 41 14 22 50 54 6 10 0 0 0 0 67 9 50 5 0 0 38 3 14 58 0 0 0 0 0 0 0 0 20 0 64 0 0 0 0 0 0 1 18 0 26 23 0 0 90 16 20 0 0 0 73 45 0 0 26 81 0 0 0 43 0 53 34 30 0 0 0 0 45 0 74 0 1 0 0 0 3 0 36 15 0 67 13 66 0 0 17 0 0 15 0 0 0 0 0 70 49 11 59 10 0 95 67 42 0 0 0 0 0 70 0 40 0 52 0 0 0 40 0 0 0 25 0 49 0 0 0 0 19 46 0 51 0 2 0 0 0 29 28 26 0 0 15
 0 24 30 12 3 0 0 0 30 33 15 57 0 0 75 0 28 0 59 14 6 0 28 36 2 0 0 52 0 0 82 50 0 42 65 0 0 41 14 0 0 46 45 0 0 0 0 0 3 70 56 95 0 0 0 0 27 0 14 0 0 30 0 0 62 50 14 0 65 0 0 37 3 69 16 61 16 0 33 0 24 0 0 0 3 0 48 13 0 0 4 0 0 20 23 65 0 0 0 0 0 65 62 0 0 0 8 86 29 20 62 0 21 53 0 21 0 0 34 0 0 17 0 0 0 0 0 0 35 37 0 41 0 37 0 30 41 0 13 13 20 0 23 0 0 61 56 0 0 51 0 2 19 0 22 5 0 0 7 35 21 0 0 55 19 0 57 0 43 0 5 0 0 0 0 0 0 49 69 37 0 9 0 10 0 0 0 30 49 30 56 0 0 0 0 22 20 29 25 0
 0 0 20 21 0 0 6 0 61 0 43 0 0 0 2 0 13 0 0 0 0 63 67 0 25 34 43 27 0 0 73 36 41 13 0 28 4 0 28 6 0 0 0 0 29 0 24 0 9 4 0 87 0 0 0 71 0 15 30 97 44 0 0 66 9 13 21 0 0 0 0 0 0 16 10 49 59 20 11 74 43 0 0 0 0 35 95 14 8 70 6 0 0 0 0 0 85 32 20 74 69 0 42 28 60 41 0 0 34 57 19 25 4 0 48 0 20 7 0 0 0 41 24 0 32 29 0 22 11 0 0 0 0 0 63 0 0 44 0 0 0 21 26 45 50 0 0 39 0 0 0 0 23 10 0 7 0 0 3 0 0 0 0 61 0 0 0 0 0 19 47 0 0 40 43 29 0 70 8 0 0 7 75 0 0 0 0 72 44 0 0 95 0 17 53 0 0 76 49 46
 0 0 0 66 12 19 34 42 23 0 19 0 0 2 40 2 0 30 12 0 0 0 0 0 0 0 25 33 0 31 52 63 0 33 11 41 35 0 0 26 49 0 63 0 60 5 0 0 23 22 4 3 0 0 27 0 22 40 6 0 0 24 9 72 0 6 0 7 40 53 0 0 7 0 0 19 52 0 76 16 0 0 63 0 69 22 0 29 0 0 6 0 13 0 0 5 81 0 18 0 22 56 39 18 18 39 0 22 0 16 0 25 0 23 4 32 0 0 4 22 64 0 58 57 36 0 0 0 0 9 41 11 84 9 0 32 1 0 0 21 0 0 37 0 40 0 78 7 39 43 14 0 0 56 0 0 57 40 67 82 23 65 0 17 13 0 5 9 41 78 0 0 0 0 50 0 0 0 0 0 0 0 20 0 66 7 5 0 40 8 0 0 0 2 41 62 23 77 41 15
 0 29 0 0 0 0 71 65 11 11 0 0 0 20 51 0 0 3 0 0 0 30 20 0 0 0 16 43 21 58 0 0 36 40 57 31 28 11 28 42 36 12 8 86 35 0 6 0 0 0 39 0 0 0 21 0 0 68 3 0 0 11 8 0 25 0 45 0 0 0 0 35 33 3 13 56 0 80 0 56 0 0 0 0 40 76 29 44 54 68 34 4 0 39 48 45 50 0 66 3 0 0 0 70 11 0 11 15 0 12 54 16 4 43 0 0 0 91 0 55 20 0 34 0 0 17 0 52 13 6 15 0 0 0 0 3 62 0 0 0 0 30 0 79 47 0 0 0 0 0 0 70 1 38 91 0 0 0 0 0 69 4 0 67 21 0 51 0 12 0 0 48 24 0 23 64 63 0 0 0 0 0 0 29 0 92 0 0 0 48 0 61 0 4 54 11 37 0 0 0
 0 0 5 0 26 0 0 0 0 59 0 26 26 37 0 0 19 0 0 12 0 0 0 27 29 24 37 0 0 0 0 11 15 27 0 0 39 0 0 1 0 0 0 0 0 93 0 52 15 74 0 0 82 0 51 0 0 0 2 40 0 0 48 0 0 40 25 0 0 93 14 26 55 0 12 0 29 0 28 0 0 15 0 0 63 2 22 26 34 70 0 36 22 60 0 0 0 0 0 43 0 0 0 36 0 33 12 0 0 0 46 51 62 37 41 0 0 12 38 81 77 4 42 40 0 0 0 70 59 28 57 0 95 41 50 74 0 15 26 67 0 0 23 11 24 0 0 25 22 0 69 46 96 0 22 0 7 0 91 57 32 0 9 36 0 1 0 0 46 82 8 0 0 0 0 3 0 0 2 32 0 0 0 0 0 2 0 0 35 0 19 21 32 0 71 46 0 0 38 29
 0 0 0 0 1 13 74 0 0 1 1 37 0 20 57 0 0 43 0 0 0 0 33 25 95 23 0 0 22 0 0 0 0 0 1 16 0 0 6 0 11 0 0 0 53 0 5 0 70 0 54 15 0 0 24 0 0 0 26 9 0 41 5 20 14 71 2 10 63 0 0 0 0 57 39 36 0 0 0 12 10 5 0 0 75 0 55 24 0 23 13 0 0 52 81 0 0 0 27 24 0 18 0 55 12 12 12 21 0 27 0 19 0 0 0 0 0 0 0 0 7 53 37 0 0 0 72 0 5 6 19 5 5 0 0 0 1 10 0 0 0 26 0 0 0 0 24 0 40 0 26 50 0 67 35 0 31 11 0 0 0 0 32 28 8 42 0 0 0 0 41 26 0 47 0 36 66 0 49 0 0 96 16 60 0 21 0 88 33 44 0 93 0 0 0 11 0 0 73 29
 52 3 0 0 0 0 0 0 0 15 39 15 48 4 7 0 81 20 0 6 0 0 0 29 1 76 55 24 0 61 0 48 0 11 0 19 0 0 13 11 0 0 12 0 0 0 0 32 54 33 0 0 0 0 0 58 0 0 0 2 0 55 0 18 0 37 0 0 43 0 29 0 63 0 3 12 0 18 0 0 16 0 0 42 78 49 0 0 0 39 9 0 56 0 44 2 59 35 0 19 4 84 81 0 39 0 47 67 0 0 86 33 25 0 37 12 32 0 0 0 0 38 0 0 0 75 14 41 1 70 20 50 0 0 0 0 0 2 0 0 19 0 60 0 0 12 0 0 0 12 0 46 0 60 0 13 0 12 97 0 45 87 0 0 19 43 15 0 0 11 0 0 35 0 2 80 0 3 30 0 67 0 7 34 13 0 0 0 14 20 77 8 0 56 38 0 52 81 53 0
 0 28 24 0 36 0 0 0 0 0 0 24 0 22 0 0 0 0 0 64 7 36 2 0 0 22 40 35 0 0 11 0 13 0 11 0 0 42 0 0 0 0 0 25 30 61 24 0 0 0 0 0 74 34 42 27 35 34 9 0 35 0 0 42 0 0 0 58 0 0 17 46 49 0 0 0 19 0 0 4 0 0 0 9 0 0 0 0 0 90 0 0 37 10 0 64 0 11 57 0 74 2 0 73 58 0 0 26 0 40 0 36 26 0 0 87 0 36 0 0 0 82 17 9 44 0 0 39 28 30 0 0 0 15 2 0 95 87 1 0 76 13 11 77 0 38 0 0 0 0 2 0 42 0 18 1 0 14 0 0 21 10 11 26 76 0 0 0 45 0 0 0 46 0 0 35 0 0 18 0 25 0 52 38 0 0 0 0 71 20 0 0 8 54 0 0 23 0 71 36
 24 0 0 12 0 42 12 51 7 0 45 39 10 0 0 0 0 0 0 31 0 15 0 0 0 0 0 56 0 0 0 0 0 18 36 32 0 46 0 51 0 71 12 71 37 0 42 30 0 40 40 0 0 0 26 0 14 49 27 0 59 0 5 17 0 32 13 0 6 0 3 24 48 45 12 21 0 3 0 20 26 53 0 0 0 0 0 36 7 0 0 0 40 44 0 8 57 11 21 17 0 6 55 44 50 0 0 95 0 0 0 0 34 69 0 15 3 52 62 0 0 0 10 31 61 0 54 0 0 28 15 2 5 44 0 0 74 35 0 6 0 0 0 0 0 15 18 54 5 52 0 0 0 6 0 29 0 5 0 91 0 0 0 0 0 34 0 0 45 25 0 84 48 70 59 0 11 0 0 0 42 0 0 0 81 70 0 0 29 9 13 0 60 0 0 0 2 0 0 78
 42 58 86 0 0 0 14 14 62 46 0 1 0 73 0 3 0 30 19 0 17 14 5 52 57 26 13 0 0 0 0 0 0 34 31 30 0 13 54 16 62 0 0 71 0 60 0 31 6 0 0 44 65 56 41 0 0 0 88 52 69 55 0 6 74 16 62 42 3 21 0 43 0 64 71 45 0 0 7 0 73 0 0 24 87 21 36 0 10 0 2 42 2 1 0 0 0 7 0 0 63 0 0 0 14 43 98 86 70 4 20 3 22 0 0 0 0 0 22 14 0 84 5 0 0 0 0 0 66 33 35 29 0 23 0 0 0 0 15 0 0 27 0 0 78 0 46 17 62 0 37 8 26 0 0 13 0 0 48 69 40 32 5 3 20 33 0 20 0 79 10 0 37 29 0 26 0 0 48 0 0 55 0 38 0 0 5 0 6 18 20 0 28 2 33 37 13 0 46 38
 0 0 8 0 36 40 0 53 15 0 0 53 0 0 8 0 0 1 0 47 22 0 0 12 0 12 0 0 59 34 0 0 0 0 23 54 76 10 9 21 0 39 43 0 0 43 0 0 0 0 0 0 7 37 19 59 11 48 47 19 0 46 0 0 0 28 17 49 0 0 5 37 57 0 1 54 0 0 78 0 90 27 75 15 0 0 34 0 45 0 0 0 85 0 13 0 0 45 82 0 0 4 0 0 43 27 0 34 0 0 0 0 0 4 0 0 0 0 90 0 0 13 0 5 5 49 0 0 18 28 12 0 0 0 28 31 3 0 0 0 50 58 43 8 38 59 9 0 0 0 0 48 0 2 0 0 64 68 69 0 0 29 48 0 0 35 0 0 0 0 0 0 0 64 20 0 0 22 19 33 0 75 0 0 42 0 5 0 0 15 0 20 51 48 0 0 32 63 0 31
 24 0 0 0 0 39 0 16 59 39 20 48 0 0 43 0 66 0 63 0 0 52 0 0 15 0 43 43 0 11 0 0 44 0 0 40 0 27 21 0 0 0 0 1 32 38 1 22 0 0 43 0 0 4 0 38 0 0 17 20 0 0 1 0 19 75 0 39 0 0 6 37 12 24 76 34 63 0 38 0 0 0 48 0 46 0 0 51 43 0 94 0 0 0 0 6 0 46 15 78 13 0 0 0 39 0 0 0 79 0 43 44 52 0 73 41 0 0 4 28 0 0 2 50 42 11 0 43 88 0 0 0 0 0 0 0 44 0 22 77 13 58 2 0 0 6 1 27 27 0 0 0 1 0 80 0 0 9 0 0 0 10 75 0 0 20 74 0 0 0 19 0 0 0 12 0 49 7 0 0 0 0 1 39 10 66 51 0 29 13 53 2 25 16 0 44 28 0 66 40
 11 37 75 5 31 0 32 0 0 17 0 0 0 19 0 0 0 0 0 0 15 69 0 0 0 0 0 53 6 17 0 56 0 0 0 0 50 30 50 19 32 0 17 0 0 1 7 0 0 0 8 40 14 43 46 77 15 51 53 20 0 0 0 0 5 72 0 17 13 47 0 0 0 14 0 18 11 39 0 0 0 0 0 0 38 56 65 31 11 0 0 84 14 55 0 0 46 0 90 0 15 48 5 2 85 8 43 0 0 0 0 0 18 10 0 0 53 11 0 22 0 0 8 16 0 1 47 9 0 0 0 0 0 0 79 68 0 26 20 0 0 41 43 0 58 32 0 0 10 0 0 0 33 0 0 4 72 40 0 0 0 64 63 25 28 48 0 0 39 10 0 0 27 0 0 0 0 0 17 48 60 4 59 0 0 0 4 47 68 0 28 0 0 31 0 0 0 9 44 25
 0 0 0 0 0 62 0 15 13 0 12 77 0 83 8 0 0 0 29 1 46 0 25 0 68 21 0 0 21 39 28 0 0 0 12 0 0 33 0 73 24 0 0 0 0 0 15 31 2 0 47 3 0 0 32 75 30 18 20 0 0 86 0 0 0 48 0 0 5 22 0 0 0 0 0 0 0 0 0 0 0 23 6 0 65 0 0 0 0 31 0 6 82 0 0 0 0 16 0 53 0 50 0 0 0 0 18 0 36 0 32 0 0 0 13 95 55 0 0 0 0 50 0 49 0 3 0 0 64 0 8 45 0 15 0 69 0 12 0 0 0 0 40 20 0 0 94 66 4 0 5 0 0 23 0 26 0 61 0 3 60 32 39 0 0 41 15 0 50 0 85 0 39 57 57 45 0 0 0 0 30 0 13 0 0 0 0 65 14 42 0 0 1 0 0 0 57 0 0 6
 0 0 15 0 0 0 27 59 31 69 0 0 13 0 31 0 0 0 0 0 0 49 7 0 21 0 0 17 0 0 0 0 0 35 33 0 0 0 3 0 54 9 0 0 0 0 1 12 34 10 0 0 55 0 35 26 0 47 0 0 0 0 0 0 0 1 2 0 42 5 2 0 12 0 10 0 0 0 9 0 0 55 0 0 49 24 34 0 0 0 0 27 47 40 0 51 0 6 76 40 0 17 84 48 0 0 0 26 0 0 54 0 46 22 23 0 35 31 0 4 0 0 19 33 0 18 7 95 23 63 0 0 43 0 0 52 0 31 0 34 0 0 0 0 0 25 43 53 0 0 0 12 0 0 36 0 0 37 3 78 0 7 43 39 60 0 4 0 0 27 79 3 0 0 24 58 58 20 3 6 0 19 0 0 0 0 0 59 34 5 15 15 0 4 0 0 3 40 25 22
 71 0 0 0 10 4 0 74 0 22 0 0 10 0 0 0 44 0 0 52 21 49 0 23 0 8 0 0 75 0 13 0 67 0 0 0 28 0 55 0 2 0 46 1 0 2 0 0 0 0 0 2 53 0 0 0 0 0 0 0 0 28 13 29 38 86 0 7 60 0 4 19 0 0 54 3 61 0 0 0 3 46 30 46 0 84 0 0 4 0 0 0 0 0 68 0 0 49 32 21 0 44 0 55 9 52 39 0 0 0 0 0 32 20 48 0 47 0 0 16 0 2 0 0 41 26 0 32 17 0 53 12 30 0 0 0 0 0 0 0 0 21 0 37 7 0 12 30 0 9 80 12 20 41 46 5 0 75 19 0 0 41 49 0 6 0 0 0 0 2 21 28 0 0 0 33 22 0 34 0 0 0 0 0 0 48 0 12 0 32 0 0 91 41 0 0 72 0 48 0
 27 0 26 11 0 0 39 33 57 0 0 50 0 0 78 0 0 17 16 52 0 0 4 0 0 0 55 0 15 16 3 13 71 0 0 0 11 0 34 0 0 0 71 0 0 50 0 0 14 10 66 0 0 0 9 0 3 7 0 21 0 7 52 9 4 69 14 36 72 0 0 0 0 0 0 0 0 5 0 2 0 29 2 0 4 0 91 11 17 0 0 0 10 0 0 0 0 0 0 0 0 14 59 0 12 51 38 0 0 3 71 45 59 17 14 60 15 35 0 0 0 0 0 45 16 0 1 5 27 54 0 5 70 0 0 66 0 27 23 20 0 1 54 0 0 0 0 0 0 0 22 14 48 12 0 0 0 0 0 70 51 0 0 0 0 9 4 43 0 39 70 0 0 0 0 0 63 21 44 30 6 0 0 1 9 0 12 0 47 0 35 18 34 50 0 0 20 49 0 0
 0 0 22 44 5 0 0 51 0 70 28 11 27 0 18 0 0 18 30 40 0 21 0 16 0 6 14 45 0 30 26 0 55 0 0 0 33 0 76 40 26 0 0 0 0 0 29 0 0 1 27 0 0 79 0 0 9 41 18 0 0 26 0 80 0 0 35 0 40 0 57 20 17 0 3 50 38 54 0 0 52 0 0 0 0 0 0 76 41 0 0 41 0 0 78 13 5 0 0 41 0 50 22 0 0 65 0 0 63 33 50 12 0 66 0 9 3 12 9 33 20 0 0 0 26 25 0 0 0 0 66 0 0 42 0 0 0 0 5 0 66 0 0 11 17 0 0 0 75 0 0 38 0 0 37 41 0 11 8 0 28 0 0 40 1 41 0 29 83 0 23 0 0 0 0 36 41 0 0 19 49 6 55 0 11 0 5 22 40 0 0 15 0 0 63 0 56 0 0 0
 15 10 5 13 3 33 55 0 5 30 0 4 9 0 0 70 0 1 0 0 7 10 0 0 20 0 0 46 0 0 9 0 0 0 0 52 58 49 0 0 78 0 6 0 42 0 7 0 36 45 5 0 12 0 0 0 0 37 0 25 20 0 35 34 65 0 21 4 35 0 54 6 54 10 13 34 0 18 0 0 0 0 0 0 36 0 0 16 0 30 20 0 0 0 0 29 10 0 8 36 0 0 27 0 0 41 79 37 0 0 0 0 0 0 7 11 49 24 0 45 0 25 0 0 57 0 0 7 46 0 0 0 18 0 0 0 0 41 24 0 62 10 20 16 0 0 28 0 10 0 0 0 32 54 74 35 0 0 18 0 0 0 8 31 54 56 36 3 70 0 23 0 0 16 67 31 0 80 15 0 1 30 0 11 0 0 8 69 0 0 4 12 18 0 46 18 30 59 17 0
 31 0 0 0 0 6 43 0 19 0 47 0 62 0 71 0 0 0 7 0 18 11 0 48 19 0 0 90 20 45 0 5 0 4 36 4 3 0 0 8 0 7 0 44 0 0 0 69 61 18 16 0 66 14 82 50 0 0 0 2 0 6 4 60 33 59 47 68 40 0 73 39 0 0 0 0 30 5 0 0 0 93 0 36 18 24 0 0 0 31 0 0 47 0 0 0 0 0 0 26 73 28 0 15 25 58 0 31 0 67 0 72 22 0 2 37 0 7 0 32 56 0 0 32 0 0 0 0 11 0 0 0 24 95 50 67 16 0 0 67 0 30 35 0 15 64 18 0 0 67 5 58 0 23 17 57 41 0 0 20 18 0 78 0 0 71 27 23 0 0 6 60 0 0 0 0 0 8 30 0 0 19 0 46 0 12 0 30 0 0 3 0 59 10 0 18 0 36 30 0
 0 0 0 0 0 0 0 0 60 0 3 0 0 0 68 71 0 29 22 0 0 0 0 0 0 0 33 0 0 85 0 86 0 0 30 0 0 28 0 0 34 31 72 0 0 0 0 0 4 0 55 0 16 0 0 86 0 84 0 0 40 0 0 32 0 65 0 0 0 50 0 22 34 0 3 0 0 3 0 0 0 3 0 13 29 30 0 0 0 0 35 0 50 44 34 75 0 0 16 0 22 0 22 7 88 0 93 30 46 23 57 0 1 0 0 47 23 0 0 0 0 0 29 0 0 8 20 14 62 68 50 87 22 34 57 0 11 20 0 0 38 0 5 0 0 36 47 10 70 5 0 55 57 3 0 0 0 0 14 0 75 0 48 0 0 0 58 0 31 72 0 30 0 53 60 1 0 16 47 0 45 18 0 68 0 0 47 23 0 35 0 0 78 0 40 0 0 0 72 0
 0 0 0 0 80 61 0 0 0 58 0 0 69 0 33 73 94 51 49 0 70 67 42 60 0 0 35 0 0 22 0 47 0 0 4 1 0 4 55 32 0 0 0 0 32 59 0 0 11 22 0 0 0 45 0 15 91 69 0 21 90 0 0 0 0 0 2 58 63 0 1 14 29 0 0 39 0 0 34 0 1 0 18 0 17 0 0 7 0 0 0 0 30 0 74 0 54 0 89 3 21 25 6 24 0 0 21 0 0 20 36 79 4 2 0 0 0 0 0 0 0 0 0 0 14 0 69 1 43 0 0 0 0 0 0 0 33 8 14 0 0 24 0 0 18 0 0 8 9 16 42 0 0 0 11 0 48 0 0 20 0 17 41 0 12 8 0 0 13 0 0 0 27 0 0 0 27 0 0 64 0 0 48 52 6 0 0 51 30 8 10 0 0 7 0 0 0 0 0 0
 0 0 0 0 25 86 0 11 0 0 0 1 61 0 0 0 21 0 32 55 11 29 6 11 6 0 43 0 0 11 0 25 16 0 0 74 45 26 0 28 0 0 0 0 10 74 0 16 0 0 8 0 40 43 42 33 0 0 0 0 3 45 49 20 17 56 4 46 0 37 2 0 19 81 18 0 0 0 4 33 42 64 0 25 36 76 0 47 0 0 59 0 0 72 0 25 69 0 32 0 28 0 0 45 0 0 34 71 0 0 13 0 0 3 0 0 26 0 6 51 35 0 41 20 0 0 27 5 7 0 0 0 0 1 57 0 16 44 18 0 0 44 19 0 0 0 0 6 0 0 0 64 0 22 0 0 0 27 44 0 0 1 0 18 14 0 18 24 0 0 56 41 0 18 0 0 0 0 0 35 0 0 62 0 0 7 0 8 0 19 34 46 75 0 55 0 0 0 60 4
 0 27 0 0 19 0 33 26 44 0 77 0 46 0 0 67 11 0 0 0 0 0 0 0 5 2 33 0 24 19 29 0 56 40 0 0 0 0 0 8 0 35 0 62 68 0 32 0 0 0 0 0 11 0 0 73 65 6 0 0 0 28 0 0 0 0 0 1 0 0 0 0 38 8 64 6 0 19 40 10 16 0 31 30 0 0 26 0 34 0 0 0 0 0 0 0 93 0 8 0 55 40 15 79 0 0 41 0 9 0 6 65 0 10 48 0 3 44 64 5 33 0 45 17 20 39 0 0 0 0 29 49 0 0 50 52 4 0 53 0 22 77 14 0 0 0 4 0 64 0 0 37 6 0 17 38 0 33 0 47 6 0 44 11 18 42 12 0 0 5 0 0 38 39 0 0 23 0 0 17 34 0 0 18 4 0 0 0 0 0 0 0 73 0 0 0 44 0 0 12
 35 12 0 24 0 1 37 0 0 24 31 0 10 31 0 0 82 0 0 15 0 0 22 0 31 84 0 85 0 35 0 0 0 0 1 0 43 26 29 4 60 55 30 0 10 16 0 4 63 0 0 76 0 63 75 0 6 0 51 10 65 79 0 0 30 0 55 0 27 9 48 27 0 0 24 0 0 26 0 0 0 35 10 17 0 0 59 0 0 0 77 0 0 4 0 0 0 0 44 0 0 20 0 0 0 65 49 0 0 0 13 33 94 0 0 17 36 14 0 0 0 0 0 0 0 58 0 52 61 41 0 17 0 0 23 0 27 48 0 32 0 0 0 24 0 0 6 7 1 80 0 0 9 10 40 0 0 0 0 16 0 0 0 7 0 0 0 0 0 31 28 21 0 11 77 28 45 0 0 27 0 0 1 0 78 0 0 0 40 0 49 0 31 0 0 42 0 0 31 82
 18 0 25 11 41 0 0 19 18 9 0 14 0 31 6 77 48 53 18 0 49 23 40 18 33 43 77 0 0 0 20 0 58 89 3 0 66 0 0 0 0 0 30 0 0 0 0 0 0 26 0 0 0 0 0 0 0 3 78 10 47 0 27 0 19 0 17 17 51 30 0 92 0 0 0 26 87 37 0 20 0 0 2 33 0 0 53 80 0 9 0 0 0 26 34 49 0 40 0 36 0 17 0 0 0 0 50 21 30 0 0 0 85 9 20 0 0 0 38 0 0 61 0 0 26 5 0 0 0 0 32 0 25 46 0 51 24 75 6 64 0 74 0 55 73 32 0 0 14 40 3 57 0 0 0 39 39 20 12 0 78 0 15 0 0 27 0 32 2 0 53 56 0 20 19 13 0 0 52 4 28 0 47 38 0 23 37 14 66 0 0 10 11 0 0 10 0 0 0 0
 29 0 0 0 0 30 0 0 0 19 35 0 83 0 1 55 98 0 0 24 14 54 15 53 20 0 0 0 0 12 0 0 74 44 0 12 0 0 9 0 38 0 13 0 49 64 39 0 43 0 0 0 0 0 0 27 0 4 0 0 0 0 0 0 46 3 0 22 1 60 0 0 50 41 0 0 0 0 33 0 10 15 0 10 51 16 4 63 31 0 0 20 0 74 0 31 68 21 70 0 22 0 0 0 0 34 0 0 11 38 45 0 26 0 50 60 33 42 5 0 0 0 0 0 0 38 47 0 27 27 46 0 0 0 0 0 0 5 0 62 0 39 4 72 0 34 80 75 15 42 2 65 63 71 0 0 0 0 0 21 4 22 19 53 0 0 18 0 72 0 0 0 0 2 0 4 51 0 72 0 80 61 29 63 0 0 0 16 0 41 0 0 51 0 78 0 13 0 0 7
 0 2 0 0 82 2 40 0 0 0 41 0 0 7 27 45 0 8 0 16 0 0 0 0 21 0 7 0 0 17 0 0 39 0 0 0 25 0 7 13 0 22 0 0 0 91 58 4 47 0 0 88 59 59 0 58 54 0 17 0 0 17 0 0 0 31 0 37 2 23 0 0 0 0 0 16 0 0 26 52 0 0 1 11 0 16 40 29 0 62 0 26 33 13 0 0 0 34 19 0 67 0 13 58 0 0 0 0 0 72 47 60 0 18 0 67 10 30 34 0 24 0 0 6 15 8 0 0 15 0 22 0 0 0 52 45 0 0 0 55 0 47 0 16 8 0 0 0 24 28 81 0 0 46 0 30 0 0 8 0 0 76 0 0 0 0 16 0 1 0 0 68 0 0 0 0 10 0 0 0 0 0 0 0 0 11 0 63 24 36 0 44 37 52 49 0 11 39 0 46
 22 0 0 15 0 0 2 0 0 49 39 16 70 0 31 56 36 0 53 0 18 0 0 0 33 0 0 66 11 31 38 0 36 9 77 0 20 0 0 0 60 67 0 0 0 0 0 17 0 0 30 41 3 0 0 0 1 22 30 0 0 13 10 0 0 0 15 62 8 0 17 0 0 48 49 19 37 0 13 56 0 0 15 84 28 42 0 0 41 0 16 4 6 24 0 55 0 56 37 51 0 0 0 0 0 0 0 30 0 35 0 0 0 28 0 0 100 0 0 11 0 42 0 0 0 0 0 0 0 0 9 0 0 5 55 0 0 0 62 52 0 0 0 0 0 0 11 0 0 0 44 0 16 50 57 0 36 48 14 84 41 0 5 0 9 74 0 71 0 0 0 33 10 0 0 62 79 26 0 0 33 0 54 16 77 0 0 0 0 0 0 0 38 0 30 0 31 0 70 0
 16 0 27 63 14 0 26 0 56 0 0 87 0 18 9 56 43 0 26 0 0 7 0 24 0 0 2 0 0 0 10 0 72 0 0 32 0 0 0 75 0 68 0 0 0 0 0 10 0 0 0 5 0 56 40 0 18 0 0 0 0 18 0 49 7 0 0 68 0 82 0 56 0 0 88 0 0 0 3 36 20 16 0 0 0 17 59 50 41 0 20 0 0 28 35 0 0 23 90 12 0 36 0 89 0 0 0 0 10 30 8 0 0 77 0 0 87 46 0 12 0 0 0 4 0 31 0 4 31 28 12 0 24 46 0 0 4 0 38 18 24 13 91 0 32 0 2 0 82 0 36 3 9 0 0 70 29 0 29 3 76 0 0 0 0 9 11 32 0 0 0 0 29 14 0 0 0 33 17 0 0 0 0 28 9 0 0 34 0 0 0 0 0 70 0 0 0 0 0 0
 0 23 20 29 37 54 0 36 75 72 0 60 23 0 60 18 69 0 51 0 0 0 37 0 17 0 0 0 9 15 0 0 0 82 2 0 0 26 0 0 0 40 10 0 56 0 0 30 31 0 49 0 0 0 0 26 0 61 0 34 0 0 48 77 0 47 13 27 0 0 71 47 9 6 0 26 95 67 0 61 4 49 0 0 0 0 36 0 0 65 0 3 0 32 6 75 0 0 0 0 13 17 59 3 57 0 71 14 32 25 0 0 80 0 0 0 37 13 70 0 63 0 0 0 4 0 0 0 47 25 0 0 4 23 37 37 37 39 0 0 77 0 82 0 0 0 0 0 0 52 0 0 7 0 0 0 23 0 0 0 0 0 0 0 0 0 0 3 7 73 16 17 0 0 14 20 0 0 0 0 0 0 0 1 13 25 0 39 25 5 84 91 66 0 7 0 17 51 21 1
 0 48 24 0 0 0 0 28 31 32 0 42 68 31 0 0 0 0 0 0 0 0 0 0 0 0 27 0 0 64 5 51 0 7 41 0 0 33 0 0 76 13 2 8 0 41 15 0 0 7 0 0 0 0 0 0 0 0 0 31 0 2 50 0 38 0 15 12 0 0 7 0 26 0 0 25 16 64 0 0 85 0 56 10 0 0 0 0 22 7 0 0 0 18 37 18 51 0 23 0 0 31 0 0 20 0 0 0 44 36 0 0 8 21 24 66 0 0 42 33 58 29 0 2 0 80 0 26 23 0 0 0 1 0 12 1 0 0 47 0 0 0 57 0 6 0 0 0 3 0 70 35 0 0 85 51 77 0 59 0 0 0 31 44 4 59 15 0 6 0 51 0 0 0 0 0 0 0 0 0 63 18 0 0 33 32 55 0 39 7 22 1 0 24 0 16 29 0 0 6
 78 17 42 0 23 30 0 38 0 13 5 66 12 27 4 0 70 0 8 61 27 0 0 23 41 0 29 15 0 49 37 0 0 14 0 48 0 0 66 0 0 86 31 59 0 3 32 0 12 17 0 0 0 0 0 0 0 8 83 0 0 82 39 0 0 0 26 0 11 13 0 0 0 36 0 3 0 66 73 0 0 39 45 0 11 75 0 0 31 54 0 0 0 0 3 15 72 0 47 73 37 25 27 6 44 0 25 0 27 10 0 0 7 95 61 0 10 52 0 0 86 0 65 16 26 60 0 0 2 0 0 11 0 0 0 0 0 10 0 20 20 0 0 0 0 0 17 3 0 41 0 0 46 32 0 82 26 0 36 20 26 36 0 75 81 22 0 0 8 0 4 53 0 51 33 0 0 92 50 26 0 37 0 0 10 0 0 9 0 0 68 25 27 26 44 0 0 63 0 0
 0 0 13 50 0 0 0 20 0 0 10 31 0 0 34 51 0 35 15 0 59 18 0 0 0 67 15 0 13 38 0 2 16 56 32 12 73 0 14 0 0 65 0 0 33 0 0 0 0 52 35 0 0 49 97 47 0 15 32 59 4 0 0 0 0 42 0 6 0 38 0 83 74 65 23 0 0 90 73 0 0 0 0 28 0 0 33 73 0 0 6 39 0 0 0 0 21 0 0 51 24 0 64 0 73 8 0 22 9 59 2 2 2 0 0 26 0 12 11 0 14 65 0 49 0 0 0 0 90 4 42 17 54 85 0 29 0 15 0 31 0 0 48 0 64 0 5 13 31 25 0 1 0 17 85 0 0 0 0 24 0 0 47 0 0 0 23 4 0 18 7 0 2 55 0 21 0 62 30 0 0 67 0 0 0 28 67 0 0 16 0 0 0 84 35 60 23 4 0 0
 0 18 0 13 16 0 35 5 7 0 0 44 51 26 60 55 3 32 20 0 0 0 0 0 0 29 38 41 0 47 0 0 0 0 0 0 27 27 29 24 4 35 0 8 0 0 61 31 57 0 64 0 59 42 0 39 83 0 0 70 64 71 32 0 0 0 0 22 1 46 68 21 0 86 46 4 0 27 0 0 0 0 52 0 74 93 0 33 41 0 0 0 0 0 44 0 0 0 24 0 0 7 0 72 20 35 26 62 0 88 0 0 8 12 22 5 11 38 63 5 0 33 91 0 0 0 0 7 79 0 0 33 55 0 0 0 0 55 0 10 61 4 47 46 0 0 1 0 68 0 0 38 8 0 0 0 0 0 9 19 24 0 0 79 0 0 53 0 3 37 0 0 29 0 0 38 0 17 0 0 0 36 75 0 0 0 0 0 0 63 64 0 10 1 0 22 70 0 11 0
 36 0 50 0 6 0 23 0 0 0 0 0 38 0 10 32 0 0 32 0 0 0 29 0 51 32 0 0 0 3 0 20 0 0 0 0 64 0 16 0 0 15 29 0 27 27 14 0 0 0 0 32 28 0 54 0 0 74 29 60 0 26 2 0 56 52 0 0 0 8 0 15 20 0 0 18 3 13 10 0 0 0 34 23 0 66 0 28 9 30 0 10 0 19 69 0 0 37 0 0 0 0 0 0 0 63 35 0 36 25 0 0 52 80 65 0 18 0 46 0 0 0 7 69 86 44 0 0 9 0 0 34 3 0 0 0 0 0 4 68 0 37 1 0 14 44 0 19 0 0 94 6 5 6 19 4 59 0 29 0 0 0 0 83 0 30 0 5 32 0 5 0 0 0 0 0 9 13 72 48 0 5 0 0 1 0 0 0 20 0 44 82 12 24 0 0 58 0 69 98
 0 18 0 57 75 41 2 0 16 23 0 0 46 41 0 4 0 42 0 64 42 43 0 0 57 33 19 0 0 0 0 50 22 12 0 49 0 0 16 38 15 0 7 0 8 10 14 0 16 0 0 23 0 0 4 0 0 0 0 0 18 0 0 59 0 26 21 8 29 26 10 0 2 39 6 0 0 41 0 0 2 0 0 0 0 0 0 26 64 0 0 53 28 6 8 0 0 39 0 0 10 68 3 0 0 0 0 46 4 0 29 0 3 0 57 0 33 1 0 46 0 94 38 0 98 26 19 14 0 45 28 6 78 45 0 0 89 43 0 35 1 0 14 0 0 0 0 61 81 0 31 26 31 22 0 23 8 0 36 0 0 0 27 50 25 77 62 51 12 18 7 56 74 0 0 0 20 0 24 34 0 27 69 13 16 0 5 0 9 20 21 74 8 0 0 0 16 0 0 13
 5 24 13 0 0 0 24 61 40 0 0 25 58 22 0 0 0 90 10 0 0 6 0 2 10 0 0 7 3 0 13 18 7 14 0 30 0 63 0 0 0 0 34 44 50 82 0 0 0 0 0 1 0 24 12 21 77 0 52 0 0 19 0 24 0 0 0 0 19 0 66 32 14 65 68 0 43 0 30 5 16 4 0 60 48 19 0 0 4 0 81 0 15 75 0 9 67 75 0 0 0 0 0 0 0 0 59 19 0 3 19 0 0 0 0 0 1 0 75 0 0 74 26 0 0 45 0 21 0 0 0 0 0 15 60 22 66 16 0 0 0 68 64 0 0 12 39 0 15 0 0 0 21 0 0 1 0 0 17 28 41 0 0 0 0 42 0 0 24 80 35 32 26 0 0 0 0 0 0 2 0 0 0 0 86 0 43 0 0 24 0 14 0 0 55 41 0 0 0 29
 0 1 0 73 41 0 0 20 0 2 1 0 0 0 0 0 0 16 0 0 27 42 3 18 54 61 0 19 0 10 36 0 0 69 0 36 0 0 3 0 38 0 0 17 0 1 30 37 0 0 0 34 0 25 48 68 0 0 30 0 0 0 4 86 23 0 72 0 33 0 0 21 18 3 43 21 8 0 88 25 51 0 32 94 40 0 0 73 29 23 74 82 82 0 0 45 0 29 35 9 0 38 0 6 0 2 4 14 0 0 0 1 39 23 0 10 45 45 37 46 29 23 85 37 0 16 28 29 0 84 0 0 34 58 0 0 0 0 46 30 0 0 4 0 4 0 0 14 16 1 0 0 20 0 0 0 57 39 0 0 0 0 0 0 0 0 30 0 0 0 0 7 0 73 13 0 14 96 0 3 17 38 0 0 56 48 9 0 56 6 47 0 0 39 0 29 0 28 9 0
 0 26 17 26 5 0 0 0 37 0 24 67 0 20 0 0 0 79 0 47 19 20 0 29 24 0 0 0 0 52 0 38 27 0 24 0 10 0 23 30 0 30 6 0 0 3 0 6 0 0 0 0 0 66 0 0 3 0 0 0 15 7 39 73 0 22 0 19 5 0 62 16 0 61 0 42 40 0 0 8 24 0 11 0 0 0 0 0 0 0 1 0 0 31 0 0 42 14 24 0 0 35 0 0 0 73 0 53 0 0 0 20 0 28 6 16 51 0 27 0 45 14 0 9 0 0 0 1 0 8 0 0 0 0 0 0 68 39 0 35 46 0 26 19 0 69 0 0 39 17 0 16 48 34 0 0 0 0 94 4 56 0 0 0 49 0 59 0 0 68 0 0 4 82 15 0 8 0 0 42 38 84 0 16 29 70 0 0 0 0 0 0 4 31 0 0 96 32 0 19
 0 14 0 15 98 79 0 4 0 39 0 0 0 0 0 0 34 31 0 0 0 0 0 50 40 0 77 0 0 63 36 0 19 75 0 4 41 3 0 0 0 0 0 80 0 76 0 12 69 0 32 42 17 0 0 0 46 0 25 0 0 13 0 23 0 0 0 0 31 0 64 0 15 0 0 0 0 0 13 36 91 20 16 20 0 0 71 21 0 0 18 0 0 0 0 0 7 0 0 0 25 0 0 0 0 36 0 0 0 0 0 26 0 27 0 0 65 0 0 0 0 0 0 0 16 44 45 72 68 0 0 0 0 0 18 8 0 0 68 0 0 0 46 10 0 35 0 0 60 0 0 59 0 44 0 34 17 11 24 43 32 0 0 38 0 62 0 23 66 34 21 0 44 0 0 0 0 0 0 29 0 78 40 56 0 0 26 0 0 0 11 25 7 0 0 42 5 84 14 0
 31 28 0 0 0 40 0 0 33 13 0 0 0 54 47 0 0 39 21 29 3 0 0 1 62 66 0 2 0 0 17 12 0 7 0 75 45 0 46 0 0 19 2 13 0 0 2 0 65 27 54 26 26 0 11 0 26 10 21 0 0 0 69 22 0 60 0 0 0 22 10 0 0 0 0 57 24 27 19 0 0 0 0 0 38 0 0 0 0 13 0 0 0 0 0 0 0 0 0 62 20 68 0 17 0 12 47 3 0 13 30 58 0 31 0 10 43 0 0 6 46 0 40 29 0 26 0 0 30 7 0 39 0 0 20 50 30 46 0 0 6 31 60 0 4 0 0 35 0 48 50 0 0 0 68 29 0 0 0 39 86 0 0 0 0 0 0 0 57 50 0 63 0 0 6 68 67 28 0 0 0 0 0 33 31 0 67 0 68 78 0 43 64 0 0 70 0 40 12 0
 44 0 76 32 0 0 0 1 17 66 23 26 59 0 52 14 0 0 23 18 0 43 0 24 0 2 0 0 0 51 0 42 0 0 0 0 15 59 0 0 0 18 0 39 0 11 0 18 0 0 0 26 2 50 15 15 20 0 40 28 32 0 0 25 16 0 16 25 0 18 0 23 0 50 79 0 40 29 5 0 0 0 0 13 0 0 0 1 18 14 0 0 0 0 0 54 0 0 0 91 46 0 35 0 50 0 43 13 0 34 29 0 39 0 0 0 0 0 41 46 41 0 34 44 0 32 21 16 15 18 83 43 0 0 0 0 30 22 35 12 4 0 0 23 9 0 20 0 0 16 0 0 43 0 80 0 51 27 85 9 17 19 0 48 15 0 46 0 0 0 0 33 0 0 15 0 14 11 0 0 51 2 0 0 18 0 80 0 0 18 10 0 0 44 0 0 52 10 49 57
 32 0 26 0 8 0 0 54 16 74 56 0 0 24 31 0 0 0 0 0 0 73 31 10 42 0 17 70 0 20 23 0 32 43 0 0 20 23 9 9 0 0 0 91 0 68 19 33 33 70 3 35 11 29 0 0 43 45 0 0 0 11 0 54 41 0 66 0 0 0 0 14 0 0 53 19 0 0 37 0 0 35 0 45 0 71 17 16 0 50 0 18 6 0 0 60 0 0 4 35 81 0 12 0 0 47 56 50 0 3 33 0 0 18 21 95 8 17 21 37 0 0 0 0 0 10 44 13 34 0 0 97 13 31 1 80 0 32 0 2 8 37 28 0 0 84 0 0 46 18 49 0 0 25 0 30 0 41 0 30 36 93 0 0 0 10 60 0 83 20 0 0 0 22 38 39 56 80 0 0 28 0 0 66 4 0 0 6 22 11 0 95 0 0 0 0 7 0 8 0
 12 53 86 0 0 16 34 0 0 0 2 0 8 0 0 0 34 50 0 31 0 72 54 48 0 0 40 0 0 0 0 30 0 49 70 66 0 4 28 59 0 33 0 35 49 0 0 8 66 38 55 0 0 0 66 0 9 45 40 0 62 25 11 0 13 82 46 27 0 33 0 0 49 0 0 44 53 52 0 6 24 15 54 14 0 51 23 4 93 5 0 45 0 0 79 1 0 19 51 61 57 10 0 0 0 41 0 0 0 0 7 45 38 0 13 8 52 0 0 0 34 0 0 0 0 32 0 68 86 40 10 0 97 64 0 23 36 16 29 44 0 7 0 35 0 75 0 0 0 0 0 56 43 13 2 36 0 64 0 0 0 0 21 0 63 0 9 0 0 0 21 5 42 93 42 0 63 23 10 0 0 2 6 0 47 0 38 0 0 0 52 0 0 0 0 0 0 0 0 0
 36 67 8 24 22 17 0 81 0 0 8 21 0 0 27 28 44 32 58 30 18 0 0 0 0 32 0 10 0 7 0 28 82 33 22 0 0 0 12 24 6 11 0 0 56 16 8 0 24 0 2 0 5 22 23 5 0 0 0 0 0 0 0 68 53 29 23 0 0 0 0 25 0 43 57 1 4 0 0 32 42 81 11 28 9 0 20 0 0 10 0 34 0 15 56 0 0 0 65 5 44 0 49 35 22 0 5 0 0 34 0 78 32 0 28 25 0 0 0 38 41 0 32 61 0 0 0 25 38 16 19 0 0 39 0 0 0 0 0 59 0 0 0 0 0 0 51 0 0 0 0 0 12 0 31 0 0 0 18 0 0 37 4 0 0 0 0 18 0 0 0 0 0 0 0 0 0 40 80 0 0 73 12 70 55 0 29 0 61 65 0 9 8 0 54 0 0 0 0 13
 0 60 0 0 0 0 0 0 0 55 6 0 0 0 0 42 41 18 0 0 0 0 12 42 17 51 0 0 5 44 18 6 0 5 82 0 48 14 14 0 0 29 0 0 0 6 0 0 0 0 0 16 25 0 16 0 0 0 47 10 42 0 9 12 6 10 0 0 0 24 9 40 7 0 0 5 0 51 52 0 0 45 0 0 0 0 0 19 45 0 4 40 0 54 43 0 39 12 0 29 0 6 60 41 38 5 7 0 0 58 0 0 0 17 91 0 0 31 0 0 24 59 35 62 6 0 7 14 0 0 3 0 79 74 80 0 25 25 0 50 22 19 0 25 0 0 0 18 0 76 0 0 86 0 9 0 0 0 41 0 0 0 25 18 0 0 0 5 51 52 0 32 0 57 0 0 57 0 71 0 41 0 0 0 0 38 0 89 0 0 44 48 2 53 58 28 41 0 0 0
 73 32 14 0 63 37 0 0 0 59 46 0 21 0 0 5 50 9 9 0 0 28 80 43 0 15 29 0 0 0 0 6 31 39 61 0 5 84 0 0 26 0 0 0 64 38 0 0 14 46 0 0 25 4 0 34 0 0 62 0 0 0 0 0 0 32 57 11 0 22 10 0 61 35 0 0 0 20 61 60 46 37 0 23 0 0 0 0 0 60 0 0 0 46 10 6 6 14 0 50 0 0 0 73 0 17 1 0 47 75 84 0 15 0 0 0 10 41 0 0 37 0 79 65 46 0 39 35 0 0 3 0 0 22 9 97 16 0 2 0 0 49 49 0 0 0 43 8 46 0 17 33 0 0 39 35 3 67 0 64 44 0 0 9 36 0 58 0 0 0 0 0 0 0 0 5 0 9 35 28 0 0 38 0 0 11 82 0 0 56 6 19 60 41 0 74 69 13 0 32
 32 16 0 4 49 0 0 0 10 0 3 57 44 0 0 0 10 0 0 31 12 45 6 20 0 6 0 33 91 0 0 0 0 60 0 0 17 0 52 0 63 0 0 0 90 71 0 89 0 23 0 49 0 0 56 25 70 48 50 0 0 0 24 0 9 0 0 0 69 40 0 0 0 0 0 0 48 40 50 19 24 0 0 0 0 4 10 0 0 15 0 0 39 0 17 0 0 41 0 0 3 60 5 2 78 20 19 0 0 0 0 0 0 0 96 2 39 0 0 0 38 9 15 83 0 0 75 0 12 0 0 26 0 94 0 0 23 0 0 0 0 0 17 0 6 0 0 0 0 14 0 53 22 0 0 60 38 10 67 31 0 23 0 63 0 84 0 0 0 19 4 30 12 68 54 53 0 0 0 13 0 55 0 0 19 39 0 13 0 0 0 36 0 39 41 0 0 0 18 0
 6 0 17 0 3 4 73 8 0 19 3 0 81 54 0 0 0 0 35 0 30 0 93 0 1 48 84 0 0 38 0 0 12 0 82 0 15 0 0 0 43 44 0 0 58 79 12 0 1 0 11 71 71 0 62 0 26 0 0 63 0 21 0 0 15 57 0 41 0 0 9 16 15 0 0 35 0 20 0 0 23 0 0 0 0 0 60 39 79 0 23 39 0 0 0 0 0 17 4 71 0 0 0 1 0 81 0 56 0 0 0 16 0 0 0 35 36 69 0 53 0 0 0 64 0 0 30 0 40 0 0 0 0 3 0 27 44 74 15 0 0 50 0 0 0 0 0 41 0 0 24 56 0 0 77 6 19 61 0 0 27 56 0 6 75 0 75 0 0 0 55 0 8 0 0 0 19 12 0 33 0 0 0 0 13 0 65 0 1 36 26 0 29 0 0 16 2 14 0 5
 0 6 0 40 3 15 6 0 0 6 2 15 0 6 0 0 0 13 0 1 0 24 0 0 86 1 38 75 15 2 0 0 5 0 47 0 0 0 0 0 0 63 0 0 79 75 6 0 0 4 62 72 71 0 8 7 0 0 40 46 1 49 20 70 25 3 0 0 0 0 0 19 0 35 53 87 35 23 0 0 0 47 11 67 0 6 0 0 0 18 0 43 0 4 21 0 22 0 10 0 0 11 10 12 0 0 0 47 85 0 0 0 32 0 4 41 0 0 43 0 54 32 55 0 46 7 0 96 0 19 0 3 0 62 2 0 4 0 99 0 2 82 0 0 86 18 0 14 0 0 0 15 0 35 37 0 12 25 0 0 73 0 0 0 34 26 34 33 0 0 20 24 0 26 0 4 28 11 26 17 0 0 61 38 0 0 86 24 0 40 23 0 4 11 0 43 0 0 67 6
 0 14 0 0 6 29 18 0 0 0 1 64 0 0 0 0 0 27 0 15 0 2 0 79 4 0 0 0 40 0 0 0 60 0 25 0 4 27 42 21 0 0 0 0 0 32 0 25 9 21 0 66 27 75 0 1 0 88 22 0 0 70 29 0 14 0 81 0 0 64 0 0 48 0 0 0 10 0 0 4 0 22 0 29 0 0 23 0 0 2 0 44 0 34 91 31 0 70 3 0 52 86 0 31 0 9 57 0 67 2 29 8 0 0 0 0 0 0 51 14 0 0 0 0 0 84 0 0 0 39 0 0 0 0 0 75 18 9 45 22 0 0 32 24 6 8 0 0 0 21 15 78 14 0 12 5 3 0 0 0 15 74 0 13 0 31 49 0 0 90 0 26 5 92 0 0 0 36 15 0 0 80 0 0 19 0 0 0 2 39 39 57 34 62 13 0 0 0 0 36
 9 9 0 10 0 0 4 0 0 18 42 0 40 0 0 22 37 0 97 1 51 52 25 0 0 30 0 16 49 0 20 18 10 28 4 0 0 0 0 0 0 40 21 59 6 38 18 0 0 0 41 53 39 23 33 34 0 0 0 0 35 27 0 44 4 0 0 0 0 0 0 31 0 0 13 0 0 48 0 0 0 3 0 45 41 0 38 0 0 8 43 57 65 48 0 0 2 0 0 0 57 33 39 1 36 0 0 16 0 29 31 0 35 11 12 36 38 0 0 40 0 32 0 13 0 67 39 0 13 0 0 0 43 12 0 0 46 4 0 10 35 42 28 77 23 2 0 19 0 0 0 30 20 36 0 37 25 15 82 0 0 0 12 45 0 0 80 5 0 0 46 0 0 0 10 0 0 32 0 13 0 39 15 0 0 86 0 0 30 62 59 95 0 0 77 51 5 0 0 0
 86 0 0 0 0 68 22 23 0 7 0 0 55 27 23 0 0 56 62 0 1 0 41 27 4 0 6 0 0 12 41 0 9 26 0 5 42 5 0 11 80 0 0 35 0 0 0 86 0 0 0 0 0 0 0 39 13 26 21 14 6 27 79 0 3 0 27 0 0 0 71 0 93 0 0 37 0 13 82 0 6 83 52 0 4 0 9 12 24 0 7 0 17 0 28 0 87 0 0 0 0 62 29 0 0 67 0 0 13 0 0 0 85 0 0 0 57 0 44 36 22 6 0 0 68 0 24 43 23 0 44 0 0 58 0 0 39 0 0 28 0 69 0 37 0 52 15 0 44 1 0 0 31 43 0 42 26 48 3 42 0 20 36 0 0 14 0 0 47 0 0 4 16 0 5 7 44 48 0 29 0 60 66 0 30 0 22 0 20 3 0 0 0 55 0 62 25 0 4 54
 80 4 63 0 7 56 26 0 4 9 0 31 0 14 0 9 0 0 0 9 1 24 0 0 0 0 0 0 0 0 78 0 0 69 0 0 0 0 0 0 30 18 0 10 28 24 25 41 0 0 39 24 0 29 0 0 0 38 0 0 2 48 0 85 0 0 45 0 0 0 22 0 55 0 20 0 0 20 0 9 0 3 12 0 6 71 28 65 0 0 0 8 0 11 0 0 73 68 0 0 0 0 71 55 0 3 0 0 0 60 0 0 22 11 0 49 67 0 0 0 31 0 0 0 0 0 0 0 0 0 0 0 39 54 28 0 0 7 31 0 0 8 30 0 0 0 19 37 0 0 0 15 0 0 42 0 70 0 37 0 36 50 0 17 7 7 23 33 55 22 0 16 30 0 0 0 0 0 26 0 36 0 1 55 11 0 70 73 0 68 22 73 0 0 34 28 63 71 29 7
 0 24 0 9 0 0 0 0 0 0 0 40 67 0 2 41 0 23 68 0 72 0 70 0 38 0 0 0 0 23 0 0 11 7 26 0 0 21 0 0 0 0 97 0 14 0 0 0 35 0 86 70 29 0 0 27 0 0 0 0 53 17 7 0 0 0 5 0 7 27 51 0 79 1 0 0 58 0 48 0 93 2 0 0 8 0 54 0 29 0 42 0 0 0 27 0 0 43 0 28 6 0 40 0 44 0 0 21 18 22 39 34 0 0 0 0 22 30 64 31 60 61 0 87 43 29 38 0 0 4 0 28 0 51 0 44 84 23 8 0 0 0 59 60 0 2 0 0 16 0 9 65 49 34 39 0 0 17 94 24 8 70 0 29 10 19 0 1 0 0 0 10 0 7 64 5 8 12 0 0 0 0 0 2 0 63 4 0 33 50 0 0 69 0 22 13 0 62 18 0
 0 0 0 11 0 13 0 0 0 0 0 34 12 15 11 0 0 0 0 15 30 61 30 32 23 0 0 0 0 26 0 44 0 76 0 11 33 20 42 0 44 0 15 6 0 3 25 0 40 0 0 45 0 80 0 13 0 0 0 0 57 9 0 0 60 38 0 0 0 0 50 0 89 0 0 30 2 0 44 0 0 0 16 0 0 37 0 43 8 0 0 0 0 51 7 35 66 0 0 19 0 29 16 0 29 0 10 0 51 0 80 62 88 0 47 0 15 0 59 0 71 0 25 0 13 18 0 13 23 0 0 55 38 6 70 34 0 22 0 0 0 4 19 34 56 0 1 0 40 16 17 0 66 46 0 0 51 40 27 0 90 0 0 12 2 90 0 85 14 0 0 0 0 64 0 0 9 36 26 2 0 71 0 19 0 0 43 12 51 2 0 0 69 30 0 0 0 0 35 44
 0 89 12 66 0 37 0 24 0 15 0 0 0 0 0 17 44 0 4 62 0 4 46 0 25 49 25 0 30 0 0 28 54 0 9 0 0 45 0 0 33 0 35 0 0 29 39 50 0 10 0 0 9 0 13 0 33 0 32 47 0 19 35 54 71 0 0 0 50 0 0 5 0 0 0 51 0 12 0 37 23 0 61 0 0 0 2 4 0 6 41 23 4 0 0 0 0 3 0 0 0 28 0 17 46 5 17 0 0 49 6 59 13 0 0 19 61 32 6 12 38 61 1 0 26 0 53 0 0 18 27 0 0 42 39 34 3 33 0 0 0 0 90 0 12 15 0 0 16 0 80 22 0 28 0 0 0 4 0 0 17 59 0 0 0 87 0 0 0 0 37 61 0 0 45 15 37 0 0 0 0 0 4 0 93 13 0 0 46 72 0 16 24 13 0 0 0 34 31 0
 0 0 71 26 22 20 0 33 0 0 74 0 74 0 0 0 64 14 0 68 25 82 37 0 0 0 29 0 0 0 0 11 63 63 11 0 0 92 0 0 19 0 55 43 4 47 0 0 0 0 0 66 0 7 0 0 0 0 40 13 57 44 0 61 22 0 46 0 87 0 0 3 8 0 0 60 0 26 0 84 41 31 50 32 0 0 5 0 0 9 0 57 0 0 35 54 0 0 0 0 54 0 0 0 10 3 0 0 0 11 37 0 0 88 0 61 0 0 7 80 0 0 0 51 14 0 1 42 46 18 0 57 69 0 27 0 3 0 21 5 86 0 0 7 0 61 76 0 71 0 0 0 33 0 44 0 0 0 0 0 0 0 0 0 0 73 0 82 0 39 29 25 6 34 0 0 0 1 18 0 64 44 1 13 0 28 20 0 26 19 0 0 0 0 15 0 0 19 0 0
 10 0 32 0 0 49 0 0 0 0 0 16 2 0 32 0 0 0 0 0 14 7 9 0 15 0 35 0 0 0 3 9 62 0 0 74 0 43 18 13 0 12 0 22 0 13 0 0 0 54 17 0 0 0 0 31 0 0 0 0 6 0 14 86 38 8 66 43 0 20 17 0 55 19 0 0 62 0 18 0 6 0 17 14 0 0 0 2 55 0 0 40 0 42 57 63 0 0 41 0 57 0 0 0 9 1 46 27 0 0 0 21 0 25 0 83 50 38 41 10 0 0 16 0 0 53 0 0 0 0 33 13 18 15 0 0 28 0 0 41 0 42 0 78 30 17 30 47 0 0 0 0 0 0 0 0 0 0 0 0 0 0 13 0 6 0 0 0 0 0 20 81 8 0 0 7 0 0 40 0 70 0 2 57 0 22 30 12 66 80 0 52 0 0 23 17 0 0 0 16
 23 21 0 0 3 39 41 0 0 0 0 0 0 31 28 0 56 1 18 0 0 90 0 0 10 0 27 0 0 4 5 0 58 46 49 40 0 14 0 19 0 0 0 0 27 0 0 65 16 57 15 0 15 0 0 44 0 0 46 0 0 0 5 28 68 33 72 0 66 0 21 53 0 44 0 16 24 0 0 0 0 0 9 17 0 0 34 56 5 25 0 25 0 0 60 0 0 0 38 0 0 0 37 31 68 0 0 9 0 0 5 0 0 0 0 0 81 0 74 0 73 0 0 1 0 0 0 0 0 44 73 0 8 15 61 0 6 12 18 66 71 0 72 0 0 0 0 47 81 12 23 0 32 0 6 43 0 64 0 0 30 0 0 8 0 22 45 0 0 0 0 0 0 69 9 73 29 21 34 7 0 47 0 0 68 2 0 24 24 2 0 41 0 0 0 36 8 24 0 5
 36 2 0 0 30 42 0 0 0 0 52 0 43 0 7 0 73 0 0 0 0 0 12 0 37 0 0 0 0 0 26 0 0 4 51 0 0 0 47 73 12 73 39 0 0 10 44 68 7 0 0 0 0 85 0 39 47 27 0 7 0 48 0 30 11 0 80 0 0 89 51 0 0 31 0 13 14 60 0 0 33 1 2 77 7 59 0 17 0 6 0 38 77 75 0 4 0 21 58 76 22 63 2 0 12 10 59 0 0 0 52 32 0 0 0 0 77 30 0 64 0 0 13 3 70 7 0 0 49 0 0 0 47 17 0 53 0 41 28 0 48 0 5 12 0 4 1 20 0 76 0 4 0 30 0 25 0 48 16 0 8 25 57 0 42 0 0 24 4 25 6 0 1 14 3 41 0 0 64 0 0 0 0 0 0 18 0 0 55 15 0 14 0 0 15 0 0 0 25 47
 53 21 29 30 41 0 25 11 5 0 2 0 0 0 9 0 0 7 5 0 0 10 0 0 0 0 11 27 1 33 0 0 30 68 0 0 0 9 0 0 44 7 0 0 0 0 12 2 45 30 34 7 41 28 34 33 0 0 39 13 0 0 0 9 40 52 43 89 73 0 0 0 0 0 0 53 12 59 50 0 0 0 51 33 0 0 53 33 4 28 0 48 0 0 26 0 13 0 98 14 5 0 23 0 0 26 70 0 15 0 10 44 14 0 0 0 0 0 65 0 15 15 72 0 0 13 18 36 4 0 52 0 58 4 27 0 26 0 2 0 24 27 26 0 0 0 44 72 0 3 91 0 0 59 68 86 46 75 0 4 41 66 35 11 19 23 0 21 0 47 71 0 0 5 0 35 19 34 72 35 9 0 34 64 0 0 0 4 27 0 0 0 0 0 26 0 0 0 0 0
 0 0 0 0 0 0 48 0 0 0 0 17 0 0 0 42 0 54 0 0 37 21 0 45 0 0 0 0 76 73 52 0 9 3 4 0 12 23 0 6 0 28 15 44 34 0 64 73 0 29 0 0 28 74 0 41 78 0 48 14 0 12 12 15 0 0 50 29 10 0 0 0 10 0 5 0 0 2 32 0 0 0 0 42 0 52 0 53 0 16 29 0 0 0 0 10 11 0 0 8 22 64 0 0 0 0 4 0 0 12 0 0 16 0 0 9 48 0 2 0 32 0 0 0 0 56 33 0 0 20 20 10 0 61 26 0 0 0 0 0 0 77 0 0 37 0 26 12 42 0 58 67 38 0 0 56 10 0 0 29 0 0 0 24 0 51 0 70 0 60 0 1 0 0 24 12 0 0 0 0 0 0 0 0 38 16 0 0 0 14 0 0 0 0 11 0 0 5 3 0
 0 18 22 0 30 0 0 30 7 5 0 0 14 0 34 56 0 0 0 0 0 1 49 8 11 26 0 17 0 0 31 0 50 16 0 9 24 0 3 0 18 3 56 0 0 0 0 27 27 0 15 17 20 0 0 85 28 0 0 20 2 33 72 12 0 48 0 0 76 29 32 13 22 3 0 48 43 34 0 51 0 40 32 40 74 15 0 0 0 0 35 0 0 36 26 0 41 0 21 0 0 12 7 0 0 11 0 6 0 57 4 0 0 24 0 26 0 0 0 66 0 46 0 0 0 0 0 0 8 19 0 41 0 0 0 12 0 46 22 0 0 0 76 0 0 60 0 34 0 2 44 0 70 0 0 69 30 77 0 5 0 72 0 33 0 29 0 0 0 25 0 69 0 0 22 0 16 0 0 0 0 0 41 0 0 34 0 0 48 0 0 0 32 52 0 6 0 58 32 0
 0 0 12 92 0 11 0 0 62 38 61 83 0 0 3 0 0 0 0 77 0 25 40 0 8 0 0 0 0 0 0 28 12 29 0 46 0 41 28 0 52 0 37 2 0 77 0 28 55 30 27 0 0 0 41 0 0 0 47 6 0 20 0 28 30 0 68 0 48 0 25 40 0 0 10 14 0 0 0 0 0 23 0 24 0 0 16 0 15 0 0 0 47 0 0 55 0 32 0 48 42 0 6 0 0 4 0 0 0 1 0 5 0 24 0 0 0 16 22 10 0 0 43 0 0 45 8 0 0 50 5 0 0 27 20 85 13 20 0 48 0 0 22 0 0 0 5 1 14 0 0 17 13 94 34 0 0 0 0 0 15 27 41 0 33 49 0 0 39 0 38 0 0 0 0 0 7 66 0 0 0 6 16 27 0 60 0 50 33 11 21 53 23 10 93 5 56 24 0 0
 0 10 44 72 0 0 58 16 0 44 0 0 0 0 0 9 69 10 48 0 0 25 0 48 18 38 17 0 0 37 0 0 0 0 0 84 0 0 0 36 0 0 0 0 0 0 12 0 56 52 3 56 88 0 0 38 0 2 0 0 0 30 0 0 0 0 0 0 0 40 0 25 0 0 2 0 36 48 0 0 4 0 0 0 0 0 1 0 0 14 94 0 0 0 43 0 48 25 4 0 44 87 0 0 31 0 0 0 4 0 24 0 0 8 35 53 0 10 1 0 10 0 30 0 40 3 7 45 75 0 0 14 0 0 0 0 41 0 0 0 8 60 0 0 57 37 0 28 0 3 0 69 61 0 50 0 12 0 0 0 27 7 0 45 10 14 78 0 29 72 21 54 0 0 37 0 0 0 49 53 2 3 0 0 19 87 0 0 20 0 0 27 0 12 15 0 0 27 10 63
 0 63 55 0 0 79 0 0 0 0 84 0 0 37 0 0 12 9 60 0 6 0 35 0 56 0 0 4 92 40 0 56 57 11 41 0 1 15 39 0 69 4 0 0 17 0 53 0 0 44 70 0 0 49 5 14 42 23 71 0 72 37 1 0 0 35 36 26 11 0 47 48 32 24 0 0 37 0 0 0 17 0 47 12 0 0 13 0 0 0 75 49 14 44 0 0 0 0 64 22 0 0 15 0 79 0 0 0 20 38 17 0 81 0 47 0 44 0 70 0 0 9 65 0 0 0 0 50 0 0 42 0 0 15 59 0 0 0 35 0 0 0 19 21 4 12 20 11 0 0 0 0 0 4 0 100 31 48 0 1 58 0 11 16 5 0 40 0 53 0 0 0 0 0 3 13 15 52 0 0 0 0 45 0 0 0 15 0 0 0 0 0 0 12 0 31 49 34 74 33
 0 0 60 0 3 0 24 0 0 0 26 63 0 62 0 91 30 36 76 0 28 39 36 18 0 17 58 44 0 0 53 50 0 23 18 18 0 0 0 48 0 3 13 2 40 0 16 0 0 35 0 13 0 65 80 93 24 0 0 0 0 41 7 55 0 0 0 6 0 42 41 62 49 0 0 82 0 0 51 0 23 14 19 0 0 10 0 0 58 27 0 13 0 0 63 52 15 12 0 26 0 70 25 78 37 37 4 0 26 0 2 5 78 0 12 35 0 0 0 0 0 18 35 0 0 23 0 21 0 7 0 45 67 15 18 0 0 0 0 0 0 0 0 23 0 1 13 18 8 20 0 0 0 7 0 0 91 0 76 0 42 31 36 0 30 38 12 0 16 13 0 20 0 8 0 1 0 17 0 0 0 1 66 0 40 20 53 0 33 9 16 75 0 0 0 17 72 10 15 0
 0 0 59 0 24 0 0 83 0 17 0 44 32 0 23 11 17 58 0 32 0 21 23 22 3 9 0 11 38 53 1 0 6 23 0 22 73 83 0 0 59 17 0 13 63 0 27 0 0 0 7 0 0 0 4 0 42 0 0 8 0 32 0 0 0 0 12 23 2 0 3 0 8 6 0 0 0 31 0 20 0 0 24 14 0 38 0 14 79 47 0 11 13 0 0 0 0 17 0 0 0 0 0 0 23 0 4 40 44 14 0 0 14 0 20 6 0 48 55 64 1 48 73 64 67 32 0 3 0 75 0 0 0 20 40 0 0 0 0 56 0 0 30 0 0 0 55 31 0 0 0 43 0 7 48 0 73 80 30 27 3 2 0 0 7 13 43 0 16 48 94 9 0 2 41 0 22 58 0 0 0 0 0 41 0 73 11 15 0 14 13 0 11 0 0 3 26 0 51 49
 0 41 55 14 37 78 0 0 0 0 0 0 0 0 0 7 0 32 40 20 0 1 0 71 0 16 0 10 0 0 0 0 2 33 27 0 60 0 0 0 29 46 23 80 28 0 0 0 0 77 62 0 88 19 69 0 0 0 33 2 10 0 15 35 31 17 21 38 53 0 3 0 0 0 0 7 8 0 12 0 86 20 43 0 29 49 2 0 0 0 0 26 0 29 0 65 18 0 0 30 2 60 0 0 22 0 0 55 0 60 0 67 49 0 14 0 0 0 19 0 0 14 0 0 0 0 12 0 0 25 0 22 6 0 0 33 0 34 63 67 0 0 0 0 0 12 15 36 50 0 87 63 39 47 18 10 0 0 79 39 0 0 11 0 27 17 0 74 0 0 54 0 0 76 0 0 0 12 0 8 0 35 0 0 0 12 0 0 54 7 43 19 59 11 45 74 0 0 0 0
 72 0 0 0 16 0 2 0 0 1 0 0 0 5 27 0 57 18 0 27 0 0 60 0 0 75 24 16 57 49 57 6 0 81 2 32 27 0 0 7 94 0 79 75 0 0 50 10 0 13 12 4 1 0 0 24 35 0 0 0 44 35 0 26 0 38 23 38 0 73 24 0 4 0 0 0 0 48 47 4 1 13 0 20 0 0 3 0 0 10 0 16 0 5 85 23 0 0 12 17 29 0 0 1 0 89 4 0 24 0 24 0 0 4 0 44 0 0 68 80 0 0 0 5 8 0 4 0 0 0 0 0 26 33 5 0 0 14 12 82 62 0 10 0 26 9 24 1 25 32 0 0 0 24 79 0 56 0 0 83 8 0 0 68 47 0 22 45 0 32 0 7 12 0 0 11 0 0 0 0 27 34 10 11 8 51 0 20 50 65 6 31 0 48 0 10 0 19 0 51
 13 0 0 61 36 0 0 0 11 0 0 0 35 0 0 89 21 84 0 0 60 47 30 55 0 11 0 80 16 17 0 0 9 41 0 45 18 44 0 0 14 0 6 69 0 45 43 29 0 82 0 13 61 56 0 0 0 9 0 28 0 0 0 50 21 0 32 40 70 15 0 0 26 57 92 0 0 50 0 0 0 0 0 57 0 30 0 0 0 20 0 0 0 70 0 0 51 0 64 14 8 0 81 7 0 0 42 0 0 55 61 0 49 0 0 27 0 0 16 54 0 36 0 50 12 0 41 0 0 0 0 0 0 29 0 0 19 0 0 0 42 14 0 0 0 0 53 40 0 0 0 73 10 0 0 0 0 0 16 0 82 0 0 94 21 38 72 11 19 76 12 0 0 0 0 0 0 4 0 2 45 0 5 5 0 0 2 32 6 12 0 0 0 19 0 27 0 7 0 34
 33 0 0 0 0 0 84 0 45 0 0 0 0 0 0 58 0 0 0 53 0 0 82 20 0 0 0 18 0 25 23 0 58 0 40 51 8 0 46 0 0 24 10 0 20 25 49 0 83 54 0 0 27 0 3 0 0 0 69 0 0 0 0 59 0 0 0 75 1 3 0 0 0 10 0 0 65 16 0 0 0 42 0 0 0 0 0 66 13 19 0 0 37 60 0 0 3 0 0 0 0 0 0 0 68 9 24 38 3 0 0 23 63 48 0 0 48 42 31 19 0 70 68 46 48 18 83 53 17 32 0 0 47 0 10 3 0 0 50 0 32 0 0 0 0 0 56 45 72 0 0 26 0 0 0 79 0 0 12 13 35 33 0 11 0 7 48 0 0 0 0 0 18 0 25 31 15 0 0 41 0 0 0 0 0 22 36 0 85 4 7 0 54 0 0 0 0 26 0 19
 0 0 46 0 0 24 0 73 24 50 48 55 15 0 0 0 0 0 0 42 0 1 0 0 36 0 19 0 0 4 0 18 0 0 31 0 60 0 0 0 50 0 0 0 0 0 13 0 11 0 0 0 0 28 0 0 11 0 0 24 54 0 0 0 50 0 0 0 0 36 0 85 23 34 0 6 70 0 0 0 0 84 0 4 0 87 0 2 23 58 91 14 0 0 2 0 45 0 0 0 0 0 0 0 10 24 0 0 0 0 34 0 38 0 0 26 0 15 12 0 18 0 64 30 0 72 44 50 35 2 23 9 0 0 0 18 50 13 46 30 0 0 26 68 26 11 12 0 48 0 0 26 2 0 34 0 0 46 0 52 5 71 83 0 0 8 0 0 7 0 10 31 0 0 0 5 0 0 0 1 0 0 0 0 0 12 0 0 0 0 75 3 0 0 4 0 0 63 4 0
 0 23 0 0 0 0 0 81 31 0 0 27 0 0 21 0 0 2 35 0 22 0 29 3 0 0 0 79 71 0 48 0 12 0 0 0 4 0 24 0 0 0 0 0 0 0 38 8 0 0 16 46 12 39 0 13 0 12 0 0 0 0 0 0 26 24 27 28 0 43 44 64 0 0 20 0 1 0 0 82 2 39 9 72 10 12 5 59 0 0 0 0 0 0 5 0 0 0 12 9 0 48 0 68 6 0 0 21 38 47 0 0 0 10 0 38 25 5 69 0 0 4 0 0 0 54 85 17 0 87 0 34 1 90 0 0 0 0 39 0 0 59 0 0 0 17 39 78 0 30 0 0 0 34 0 0 48 61 13 0 0 0 15 51 65 0 0 11 0 0 0 49 25 0 18 0 0 60 11 1 0 0 0 78 0 0 0 0 0 0 46 10 0 31 0 0 0 19 0 4
 2 4 0 16 44 52 65 0 0 32 49 0 0 34 92 7 0 0 80 31 0 0 0 15 18 0 0 0 21 69 77 0 91 20 49 0 13 0 30 44 0 0 0 0 49 28 0 81 8 65 33 0 0 0 14 8 49 30 61 0 66 0 51 10 0 0 21 16 0 9 18 0 7 35 0 15 0 13 0 23 59 61 0 0 68 20 18 43 0 28 0 0 9 0 0 0 10 0 16 40 0 55 0 0 38 0 0 37 21 0 0 0 6 47 40 22 0 29 36 0 0 22 68 75 0 57 19 0 15 66 0 65 0 58 41 0 74 0 0 36 10 86 0 0 0 53 50 0 28 0 0 10 49 0 0 0 0 0 0 0 0 29 37 0 50 41 42 7 2 3 29 11 30 19 0 0 0 65 0 39 0 32 73 1 31 35 0 2 0 13 55 0 0 0 84 13 0 0 0 11
 0 63 0 0 0 46 0 44 0 0 66 0 0 0 0 11 33 28 46 19 51 0 0 71 89 0 0 0 14 19 30 0 0 64 87 24 0 42 0 0 65 0 0 72 0 0 0 1 64 15 43 3 1 5 0 0 24 4 0 29 0 0 0 29 0 0 20 79 58 0 22 49 49 47 0 0 41 0 0 11 0 49 46 0 38 39 24 30 3 49 21 31 0 0 0 44 0 0 0 0 0 0 10 49 0 0 0 0 36 0 80 0 67 0 4 26 0 0 0 0 0 3 27 0 0 0 85 31 0 56 28 0 23 19 33 57 0 19 0 0 44 0 0 0 0 0 0 38 0 18 0 0 0 0 0 46 0 0 0 6 0 0 0 29 0 100 50 3 4 67 46 31 35 61 0 40 0 38 0 13 0 67 0 16 12 0 0 45 43 58 0 2 0 0 0 0 2 7 0 69
 80 22 53 0 1 0 37 37 0 11 0 0 77 0 0 0 22 0 0 33 0 46 0 0 0 0 11 0 0 0 56 0 64 55 9 30 35 12 0 8 0 0 7 0 0 0 42 0 0 12 0 22 0 36 22 5 68 13 7 49 0 41 42 0 96 70 85 78 15 0 0 68 12 86 0 0 3 74 0 0 62 0 0 0 0 39 0 0 0 35 0 0 12 31 0 46 20 71 15 0 63 0 0 32 0 10 0 0 0 53 0 0 77 28 0 0 6 0 10 0 70 0 0 63 0 17 0 0 23 29 0 0 0 30 41 0 11 0 0 0 0 72 0 0 47 39 33 4 0 3 29 54 40 72 0 0 0 0 11 0 0 0 26 66 0 0 42 36 0 17 3 37 0 12 66 0 0 33 5 0 16 0 0 46 66 0 0 59 43 0 0 38 19 0 79 0 37 61 36 84
 0 0 43 0 77 50 0 0 0 0 0 4 5 0 5 12 0 44 54 0 0 30 50 0 0 55 50 0 0 43 0 2 23 0 4 0 0 4 0 10 0 0 0 66 0 0 31 17 0 0 0 0 0 0 0 66 0 9 0 33 46 76 20 0 0 68 22 24 0 0 0 68 0 0 33 7 0 0 94 37 53 0 81 4 14 0 55 22 55 52 0 61 16 82 1 11 1 0 11 8 6 47 64 88 0 0 0 0 13 94 0 54 64 0 23 35 0 0 0 66 28 0 17 0 0 29 15 84 0 3 0 1 0 0 0 22 5 29 0 7 0 86 0 0 0 45 0 75 37 0 0 0 69 26 11 66 0 88 0 0 0 29 28 0 0 0 0 53 0 37 0 0 0 19 14 62 0 0 44 0 0 0 22 0 36 0 60 41 48 0 0 36 14 0 0 32 0 78 0 0
 9 27 0 30 0 0 0 26 30 0 12 0 43 52 30 41 5 0 0 3 0 0 0 11 0 22 79 29 0 27 0 0 0 9 67 68 31 0 2 32 59 35 38 25 37 0 7 0 38 0 0 46 7 0 29 0 33 9 0 15 13 0 0 0 0 0 23 0 66 4 91 0 0 53 16 0 40 11 0 48 30 0 0 9 48 24 0 0 0 17 0 0 0 53 68 0 0 23 19 29 0 0 3 31 25 0 0 38 0 0 22 75 80 0 0 0 14 25 0 0 0 8 0 0 0 0 71 48 0 0 73 0 83 52 0 24 25 9 5 76 20 0 0 30 0 60 6 78 60 0 0 5 19 0 0 0 0 0 25 93 0 32 0 3 0 0 61 2 72 0 74 50 0 23 0 0 49 0 0 27 0 0 30 27 0 44 77 31 0 68 0 0 0 0 37 66 0 26 20 46
 0 0 0 0 0 0 91 4 15 0 58 0 1 39 0 0 6 0 70 0 0 0 0 16 13 0 0 13 0 71 1 10 61 0 27 19 16 44 0 0 64 11 81 0 26 21 0 0 49 0 0 1 0 28 0 1 32 0 0 47 0 0 0 0 20 0 41 0 39 78 40 46 66 0 0 9 10 29 0 15 66 0 36 26 65 0 15 25 11 0 0 18 0 43 0 19 0 0 64 20 0 62 0 0 0 74 5 20 0 55 13 0 0 66 32 1 23 8 0 27 4 0 0 11 0 0 86 0 0 0 33 0 33 23 0 8 0 56 54 0 20 27 0 43 10 85 0 32 9 0 0 0 0 56 0 11 0 0 31 0 0 90 17 43 0 0 0 0 37 77 53 20 0 0 52 0 56 0 0 68 17 0 0 0 0 37 0 0 0 8 0 0 0 0 33 17 0 0 40 0
 1 42 12 0 23 0 31 0 0 62 61 0 58 18 0 25 0 41 0 49 10 0 0 0 7 0 46 0 16 42 20 21 0 0 27 27 0 22 0 45 0 0 8 0 29 0 0 0 30 0 0 8 26 21 0 12 0 54 0 0 53 0 0 0 2 0 0 0 0 19 0 19 0 38 59 0 0 51 0 27 69 0 49 19 0 21 19 0 0 0 9 56 0 0 3 7 14 0 88 0 3 0 0 0 0 0 0 0 65 64 0 37 0 0 57 1 45 4 0 0 0 0 69 0 0 0 6 39 0 20 39 23 0 26 52 9 0 0 0 37 0 69 13 16 15 0 0 0 5 0 0 59 62 0 0 25 11 0 0 3 0 90 0 26 0 0 0 86 0 0 88 9 0 6 0 0 15 78 0 0 53 0 0 19 0 30 0 47 45 22 0 0 0 11 33 14 66 86 26 0
 17 63 53 0 31 7 20 0 17 0 0 31 0 4 0 0 0 0 4 0 0 0 0 68 19 0 0 0 0 25 2 0 0 0 58 0 0 8 0 0 0 54 0 28 42 21 16 0 0 9 23 0 32 0 9 0 0 19 81 60 0 0 34 0 28 48 2 0 2 10 22 0 6 0 52 0 0 0 0 31 0 3 0 5 0 0 14 72 88 61 36 0 47 0 9 39 0 35 37 68 35 2 0 0 12 20 20 0 0 5 0 45 0 0 90 0 0 12 0 7 0 36 16 20 0 0 0 37 27 0 0 0 0 2 0 46 0 62 0 0 23 0 0 0 25 0 0 0 28 72 56 0 0 19 0 64 0 0 73 0 23 53 0 0 0 0 0 3 0 0 0 65 0 44 61 0 0 69 0 0 12 0 38 0 43 0 20 0 19 0 0 22 18 1 0 0 50 34 28 0
 27 82 34 0 0 0 0 51 0 14 0 0 0 16 0 0 34 30 23 6 17 6 48 15 10 70 48 0 0 26 0 2 36 58 0 76 20 0 0 84 0 7 8 0 0 0 0 0 0 6 0 0 0 0 0 53 0 9 43 38 0 0 0 31 0 18 66 52 0 8 9 78 76 73 23 0 38 23 0 71 0 0 17 0 0 0 0 21 64 27 36 0 5 9 0 0 0 0 7 6 0 0 0 38 19 24 55 8 8 0 24 0 68 76 64 30 0 0 27 31 27 0 0 24 0 0 42 0 0 16 53 34 0 6 31 4 0 0 43 0 33 0 0 59 54 48 0 0 9 0 3 18 13 3 45 68 80 51 9 0 33 0 7 0 0 0 17 10 33 42 33 87 59 0 0 22 46 0 53 20 0 30 41 27 0 40 0 0 7 39 0 0 34 0 64 2 1 0 24 15
 15 38 6 69 0 0 0 28 11 0 4 0 21 66 23 4 0 26 49 49 54 7 30 0 52 0 0 0 0 0 0 0 0 82 78 0 8 3 23 26 0 15 33 0 0 52 0 0 6 0 1 0 53 19 0 0 0 0 79 39 29 0 78 48 0 36 0 0 62 28 51 0 0 47 0 72 0 53 0 0 1 0 0 0 43 17 0 33 45 0 20 66 90 0 60 15 0 0 0 67 19 0 1 32 17 55 0 51 0 33 0 0 0 0 0 72 36 0 35 36 0 0 32 47 13 46 0 0 37 14 40 0 0 0 0 8 0 51 0 0 94 11 93 0 0 6 0 40 0 0 0 32 0 36 28 31 0 0 0 57 2 31 70 54 0 0 0 0 0 10 0 0 79 62 0 0 0 0 56 76 6 0 0 0 20 27 0 93 6 0 41 44 0 36 85 90 0 0 51 0
 0 42 0 37 21 0 23 24 36 13 0 0 0 10 0 0 15 0 0 37 72 0 0 0 0 0 23 0 62 40 62 5 0 1 87 53 5 25 35 0 0 39 0 0 32 0 0 0 51 8 0 0 0 0 0 28 19 22 12 71 37 0 0 76 0 0 34 0 0 0 0 36 0 0 0 0 62 68 20 0 0 43 82 0 0 0 27 0 50 0 0 0 43 1 0 5 0 3 0 0 70 0 0 15 19 31 0 49 0 46 3 19 0 0 18 5 46 37 0 23 0 17 75 9 8 6 0 0 64 0 0 0 0 45 11 65 0 13 0 39 0 0 16 0 51 0 53 66 0 0 82 0 0 33 0 0 21 0 29 44 2 0 41 0 48 38 0 0 3 0 35 0 22 37 84 0 16 19 20 0 0 0 37 0 0 0 10 52 0 0 6 0 34 0 0 11 0 45 67 31
 0 17 47 0 0 69 0 0 0 0 0 26 0 22 88 7 55 0 17 0 66 0 0 42 93 52 4 0 24 42 2 0 0 0 0 30 7 0 0 62 23 0 0 0 25 7 0 32 0 6 29 64 0 25 0 0 0 97 0 0 35 0 61 47 30 61 20 42 49 24 66 58 0 17 5 5 0 36 3 0 0 0 23 0 0 0 39 0 25 0 44 0 0 0 0 0 33 0 37 34 47 0 0 0 5 0 0 24 0 46 45 13 0 0 0 5 0 43 0 3 56 0 0 65 32 54 65 4 53 0 31 0 26 11 17 0 0 14 0 30 10 0 28 0 15 0 79 0 0 0 0 0 26 76 56 0 0 89 64 0 57 0 0 4 0 0 3 0 13 82 60 11 0 4 0 49 48 0 55 18 29 0 0 0 27 0 34 0 0 63 39 47 20 0 22 0 0 40 17 0
 1 2 0 0 0 63 3 53 0 0 0 84 0 53 0 3 0 9 0 0 0 0 69 0 14 0 4 32 0 0 66 0 0 32 0 0 20 38 0 80 0 55 0 0 0 0 0 0 0 65 0 24 0 44 0 0 22 30 5 14 64 54 0 0 79 0 24 29 8 0 0 0 0 31 0 32 0 0 0 18 73 24 30 0 0 4 47 2 26 3 14 0 38 0 15 44 0 7 82 0 27 52 0 0 0 0 13 56 0 0 63 0 0 7 0 0 0 32 0 11 23 14 70 0 0 3 0 0 29 0 0 0 0 59 0 9 38 0 0 71 74 0 30 0 0 0 59 25 0 4 0 32 0 0 46 0 80 0 8 41 32 0 18 6 27 5 39 62 0 0 0 34 0 31 0 0 19 36 0 12 0 0 19 75 2 0 0 6 65 0 0 7 0 0 0 0 0 8 86 66
 3 0 21 17 0 0 61 4 0 0 0 68 71 36 0 93 77 0 32 35 0 36 34 0 32 0 32 13 73 9 0 82 9 26 3 0 0 75 0 2 0 5 6 0 0 0 27 63 52 0 39 0 73 0 0 0 14 13 22 0 26 20 39 0 0 0 60 0 0 0 47 0 29 0 0 0 25 87 0 0 0 19 0 0 38 27 0 14 0 0 60 9 67 34 0 0 19 47 0 0 21 23 0 14 0 45 0 0 0 36 59 45 49 18 9 66 0 0 70 43 0 0 0 0 7 21 0 20 49 0 0 0 0 0 44 0 14 0 0 0 0 0 78 0 0 21 0 14 0 36 0 5 22 0 20 0 0 0 0 18 0 1 53 0 0 0 0 65 39 13 0 0 70 27 0 5 0 49 0 21 53 45 0 0 0 0 39 0 67 50 43 40 28 55 11 0 0 1 3 64
 21 0 0 0 0 0 9 0 0 3 0 42 65 64 0 19 0 34 35 40 90 0 10 0 41 0 0 0 78 57 0 0 32 0 48 0 0 38 44 3 69 0 16 0 1 27 4 0 6 56 29 27 23 0 0 0 0 0 0 0 17 24 0 0 41 20 17 0 33 51 4 0 0 37 27 44 34 24 0 29 76 0 0 49 0 95 0 0 0 0 11 9 0 0 0 0 53 0 0 53 0 28 0 0 0 69 0 0 0 39 24 14 42 0 0 61 6 0 25 41 0 0 14 0 0 9 15 28 58 1 40 10 0 0 0 0 30 48 0 0 26 41 0 50 0 39 0 0 0 0 0 13 0 16 0 9 14 8 14 9 9 6 74 0 9 39 0 0 74 27 46 50 0 0 0 0 14 64 57 0 0 0 29 0 0 24 0 3 0 0 26 0 2 30 34 0 26 0 6 0
 37 0 0 0 10 0 0 0 0 0 0 3 65 0 33 41 42 0 0 71 37 55 66 0 8 0 0 0 50 0 0 21 42 44 0 0 0 0 0 0 0 0 26 23 15 0 0 0 0 0 0 40 1 0 0 16 36 24 73 10 60 0 8 71 0 0 0 8 16 0 77 0 50 17 0 3 0 0 11 0 20 0 0 26 0 0 0 20 0 4 10 48 0 13 17 35 0 9 0 57 0 45 0 24 0 0 13 5 2 0 0 0 0 0 39 31 26 55 6 18 0 20 49 0 0 0 0 0 0 39 3 58 46 78 57 0 0 0 0 25 0 0 36 2 0 16 4 3 0 26 0 23 69 22 0 27 48 1 0 20 0 0 0 0 0 0 5 33 0 0 15 33 0 0 12 0 0 0 35 0 0 0 0 37 37 2 7 0 5 39 10 0 61 22 8 0 0 0 10 0
 0 19 0 63 0 8 10 12 54 0 0 0 0 13 29 31 28 57 33 0 50 7 10 17 33 0 11 0 39 0 31 0 23 3 69 0 5 0 40 3 53 44 0 35 0 78 0 0 28 0 0 7 69 0 67 0 0 5 28 0 0 0 0 0 39 12 0 0 57 70 0 0 0 0 0 9 0 0 42 0 66 0 38 27 0 0 0 0 15 22 53 59 9 65 0 0 0 48 15 49 0 0 6 7 0 0 0 23 0 6 30 0 61 0 0 2 0 36 15 0 73 52 41 96 18 34 0 0 29 17 0 0 23 3 0 47 25 3 62 8 53 3 0 43 56 58 0 0 57 8 0 6 44 44 0 9 45 0 2 0 0 12 56 49 72 39 0 29 17 0 0 0 56 0 5 0 15 0 27 26 42 0 0 74 0 0 0 49 0 29 0 0 0 47 0 0 68 2 18 0
 0 0 13 55 39 0 34 21 0 55 1 2 80 0 0 0 99 0 54 0 0 45 0 0 48 0 0 0 12 0 75 27 0 42 23 0 0 71 0 0 0 0 28 0 0 0 91 0 28 1 0 48 10 0 37 97 0 52 0 0 0 40 0 39 0 28 0 5 0 0 4 26 0 14 0 10 0 2 0 0 53 50 0 0 0 0 49 8 0 0 20 90 7 0 80 92 17 0 0 72 0 67 0 71 48 0 0 0 0 64 51 12 45 7 0 3 2 29 38 0 0 0 0 0 0 13 0 0 0 37 0 89 0 0 18 15 0 43 7 0 0 0 6 5 0 78 0 44 0 55 50 64 21 0 0 39 0 38 0 0 29 31 12 21 0 0 75 38 30 58 48 72 0 13 42 21 84 0 37 61 48 100 0 73 5 0 0 0 0 0 31 49 0 0 91 4 29 0 81 57
 60 83 0 63 0 0 0 38 43 53 78 0 0 0 0 90 0 0 0 0 0 0 0 0 46 0 38 74 0 85 59 0 43 0 60 40 9 0 36 49 0 50 7 0 0 0 0 28 18 58 27 0 0 0 55 64 0 10 31 60 64 1 0 33 52 30 36 25 0 97 0 16 0 16 15 1 31 10 0 0 59 0 0 9 0 0 30 23 35 0 0 17 63 0 0 0 7 55 16 0 0 0 68 64 12 0 16 10 4 0 0 42 0 0 0 24 0 49 30 24 16 22 0 21 0 22 44 3 0 52 15 67 0 0 94 0 44 70 0 16 0 0 0 64 51 0 0 0 12 20 0 38 0 0 23 0 0 9 19 0 0 7 54 18 0 5 49 0 0 40 18 0 0 56 0 10 0 87 0 39 19 18 10 12 0 46 8 44 0 9 32 44 63 21 0 5 36 48 16 18
 62 0 0 58 19 0 22 0 65 18 0 3 63 0 0 0 0 21 11 22 0 0 0 10 1 0 0 69 29 0 46 2 0 0 0 0 0 47 1 0 13 0 53 46 60 20 73 65 39 3 2 28 2 0 0 0 0 0 0 14 10 27 0 14 35 0 0 0 75 0 0 0 0 73 0 0 0 0 0 0 6 84 39 14 31 47 31 22 0 0 12 0 84 0 0 0 8 0 29 0 52 65 49 8 0 20 0 0 0 0 42 0 49 0 0 16 0 0 0 4 83 29 27 40 0 25 10 0 0 0 33 0 28 0 0 13 1 65 0 3 14 1 0 0 0 59 0 0 14 88 0 53 29 0 12 58 14 0 40 0 0 18 27 0 0 0 0 5 0 4 0 15 0 50 50 39 0 51 8 0 0 0 0 85 35 0 41 11 0 0 57 0 0 0 56 0 0 0 77 0
 2 34 0 25 53 0 80 5 0 0 12 0 28 0 41 0 0 0 0 0 0 0 0 0 70 48 54 22 0 0 65 40 31 0 0 89 0 32 0 37 0 63 35 63 24 65 0 0 0 57 11 0 0 0 0 0 59 82 0 0 2 7 23 76 36 15 15 33 0 0 27 71 23 1 0 55 59 56 13 0 0 82 38 0 63 68 4 42 16 60 0 23 2 18 0 18 0 18 0 0 11 30 9 30 0 0 80 12 1 0 43 0 0 37 37 65 0 0 0 0 0 46 63 0 0 0 0 0 7 0 0 0 0 0 4 46 0 0 47 0 3 0 0 28 69 0 33 17 0 3 5 0 30 10 0 85 0 16 23 0 0 0 18 37 0 0 0 0 38 10 36 0 54 0 44 0 0 11 47 0 5 0 33 0 75 0 0 21 47 29 67 0 0 0 29 0 0 0 11 44
 22 0 41 0 0 21 0 0 0 0 19 0 78 0 84 43 0 0 0 0 13 0 0 42 0 13 0 0 64 46 26 82 0 17 31 0 0 0 46 5 56 0 40 0 4 14 8 0 13 0 55 14 0 10 21 2 37 0 50 0 36 11 63 22 0 0 0 0 0 0 0 73 0 67 0 0 7 4 73 0 0 49 2 2 0 40 0 0 60 36 0 0 0 0 15 2 0 14 38 0 70 19 41 0 11 77 52 0 7 9 0 52 52 0 37 0 17 18 0 0 52 0 49 38 9 40 0 0 40 14 13 41 1 14 0 0 0 70 19 50 0 30 36 0 48 0 0 0 0 0 47 0 0 0 0 30 0 0 0 0 19 0 0 87 0 25 76 52 0 0 0 3 0 0 4 12 6 22 0 0 25 44 0 4 57 30 0 3 0 30 0 0 25 5 0 0 52 49 28 0
 0 95 0 9 0 25 0 10 12 34 27 19 13 0 79 7 58 60 0 62 84 34 14 65 61 0 0 0 1 0 60 0 0 0 0 27 0 15 0 0 34 29 54 0 56 1 37 2 0 13 6 0 0 0 48 0 28 0 41 1 14 11 23 10 0 0 38 70 0 0 0 10 0 41 0 7 43 19 0 0 2 0 0 0 0 0 1 0 62 27 0 21 68 89 24 33 31 0 0 0 0 43 1 24 0 0 0 0 0 25 8 16 52 0 51 1 10 77 26 0 25 0 75 31 0 0 0 3 0 0 0 5 0 0 90 0 58 0 0 1 3 0 0 0 0 15 0 0 25 52 42 25 46 14 33 0 0 0 15 8 0 0 15 26 7 83 7 0 0 31 30 0 41 25 0 0 11 0 71 0 2 58 0 0 7 17 54 0 0 80 0 0 16 67 0 18 34 0 55 20
 4 10 27 49 18 73 80 43 41 0 38 65 30 0 0 0 49 0 0 43 23 2 0 19 0 0 1 37 23 71 32 8 0 0 0 18 0 59 5 44 43 57 0 4 0 0 0 0 15 32 2 0 0 63 0 0 0 86 0 44 0 95 0 47 58 25 0 0 0 0 62 42 0 2 57 31 0 0 0 42 0 0 46 36 0 0 0 8 0 0 37 55 20 0 92 1 0 12 39 34 0 0 0 0 52 0 0 0 0 0 0 11 11 0 0 0 16 0 0 53 0 49 22 12 65 38 22 39 65 79 36 0 5 38 0 12 0 86 0 31 27 65 0 15 0 70 98 0 0 13 0 35 48 0 30 70 7 0 54 0 0 10 17 87 0 0 0 0 0 7 0 50 33 0 0 2 0 43 0 50 0 9 0 0 0 0 4 47 0 36 0 0 10 0 14 56 0 0 11 0
 0 72 15 0 0 14 0 0 0 65 62 6 55 0 6 0 0 0 0 50 23 1 0 17 0 0 0 45 66 0 0 0 0 78 0 1 75 0 23 15 0 34 0 51 0 0 39 3 0 41 0 0 0 68 43 16 66 0 0 40 64 0 0 19 79 0 12 0 0 2 60 0 0 0 7 34 27 0 0 34 2 0 19 81 71 0 0 0 0 0 0 6 0 0 0 0 0 0 56 0 0 0 0 14 0 0 92 24 0 0 39 74 0 0 4 0 62 31 0 0 32 69 40 0 0 3 0 44 41 0 16 0 46 0 14 58 71 0 71 0 0 0 72 0 0 0 0 0 0 0 0 62 0 0 0 17 0 6 0 0 0 0 29 36 70 0 0 0 45 24 0 0 0 0 86 15 0 0 3 0 11 14 75 1 0 25 11 5 34 0 34 0 7 0 0 0 7 62 0 30
 6 32 19 37 8 30 0 0 0 76 0 0 1 24 12 0 39 9 0 0 15 80 29 15 0 3 0 0 6 0 54 37 0 0 35 31 43 21 0 14 0 0 0 0 20 46 0 1 0 15 0 0 0 0 41 0 26 35 18 21 0 29 0 65 16 76 0 47 30 0 32 0 0 84 0 0 32 3 0 0 10 0 0 0 74 27 0 84 0 23 0 0 5 0 0 0 0 0 0 0 76 0 0 0 56 27 5 75 0 0 0 44 12 79 0 0 4 32 0 0 16 0 0 70 0 0 0 5 62 0 0 0 1 0 12 0 57 0 0 0 0 0 0 0 0 0 0 0 0 0 6 0 4 0 44 29 0 0 0 0 0 0 5 10 0 0 79 59 0 0 0 22 0 59 20 0 11 0 21 0 0 0 0 17 0 0 0 0 30 41 0 36 0 0 4 33 0 77 0 0
 40 0 71 62 0 27 0 38 41 0 44 51 87 0 0 1 12 0 44 10 0 0 0 0 66 0 0 0 84 12 0 79 48 0 29 0 37 12 0 25 0 10 51 0 0 0 0 0 83 25 38 39 0 0 0 49 38 0 32 81 48 30 0 0 0 0 0 0 0 15 25 0 0 42 0 30 0 6 0 57 59 23 39 0 56 22 0 0 0 58 11 0 0 21 0 65 0 0 34 0 0 69 0 84 0 24 0 0 55 0 0 40 0 37 55 61 68 2 0 0 0 22 0 0 0 71 0 3 0 20 0 31 0 47 0 0 39 0 0 0 0 16 0 50 42 4 30 14 63 58 0 46 25 0 11 42 0 0 0 0 39 0 0 0 0 15 12 57 72 13 46 21 72 0 0 0 40 0 0 0 14 0 0 0 0 28 5 34 0 34 42 44 0 0 0 40 39 0 11 0
 24 31 0 16 44 46 12 0 16 31 1 0 19 0 0 0 17 0 38 26 0 0 0 0 0 5 44 0 74 0 32 3 14 0 83 0 65 0 15 0 0 0 88 0 0 61 0 0 77 3 29 0 0 19 6 22 40 47 34 0 0 9 9 20 0 20 0 0 22 53 65 1 20 32 5 70 24 0 66 6 0 0 0 0 16 0 72 50 50 0 89 0 0 0 0 17 40 9 0 0 23 65 0 58 0 0 0 21 57 2 0 31 32 0 36 0 18 49 0 0 0 20 22 0 0 0 41 82 0 0 33 0 74 0 0 0 0 25 7 0 0 80 0 77 15 0 35 0 0 0 2 16 8 0 0 53 0 20 0 0 10 76 0 0 56 0 0 0 22 58 17 0 73 0 54 0 0 0 16 71 22 0 0 11 3 75 52 53 13 0 0 60 0 0 2 0 81 19 0 0
 0 33 0 0 16 25 42 0 41 9 0 0 0 8 0 79 0 0 0 0 0 8 13 49 0 0 52 29 81 4 19 0 23 35 0 0 0 0 26 31 0 27 0 0 68 0 0 0 33 0 0 19 28 0 0 0 0 0 6 0 0 0 30 43 0 23 15 0 0 0 20 0 0 32 0 0 0 0 0 0 54 0 40 38 0 0 28 14 43 1 78 7 0 45 7 0 0 0 0 0 8 0 36 0 0 6 0 0 0 47 0 0 0 0 0 0 0 6 0 6 0 5 0 0 0 74 22 0 0 0 54 20 17 0 0 0 11 0 0 0 14 48 38 0 0 0 29 27 53 40 47 17 0 0 16 46 44 0 0 66 53 0 35 8 61 13 0 0 63 3 10 0 0 12 0 0 36 0 0 0 69 25 0 8 78 0 0 0 0 41 16 35 42 27 0 0 15 0 4 0
 28 77 0 2 0 33 73 19 0 0 39 0 0 0 18 60 0 0 26 0 19 0 4 0 39 0 0 0 5 86 43 0 0 40 49 2 0 0 32 56 20 44 0 0 0 22 0 0 19 0 25 0 0 16 0 47 0 0 0 29 55 49 0 18 0 86 0 0 0 0 0 76 0 6 0 0 18 57 0 0 21 56 0 0 3 38 6 12 0 0 0 0 17 73 0 0 72 0 0 0 0 64 0 0 0 74 28 0 52 0 9 45 60 43 21 0 21 0 54 0 0 0 0 0 93 68 0 0 45 52 0 19 26 48 0 0 0 8 0 0 59 0 14 67 0 0 50 37 96 23 14 2 0 0 0 0 19 5 0 0 0 37 40 0 1 64 21 43 25 31 0 0 26 0 64 12 24 0 0 0 0 3 0 46 30 0 0 50 15 89 13 72 0 19 0 0 64 0 46 0
 1 50 0 59 21 0 20 0 63 37 0 26 57 0 1 9 20 0 0 0 24 58 69 0 0 50 11 21 66 0 5 0 0 0 0 31 25 2 27 0 51 0 0 0 0 3 0 69 0 0 12 0 21 76 52 0 0 0 34 0 56 54 13 0 15 0 34 35 0 0 80 0 0 0 60 0 0 80 0 5 0 40 0 43 46 0 0 0 41 0 0 0 0 52 0 27 72 0 1 1 51 76 46 20 12 0 0 73 0 42 0 62 4 20 0 0 0 18 0 57 0 0 75 9 2 0 46 21 24 72 16 45 2 0 0 56 0 72 4 0 0 3 0 0 1 29 0 0 11 0 0 0 5 0 0 15 8 16 0 76 71 45 0 52 0 13 0 11 0 0 0 9 0 0 2 0 22 0 0 0 50 0 7 0 0 62 2 0 67 0 7 0 52 21 91 14 0 33 18 0
 12 30 0 41 34 0 57 0 76 0 40 0 0 0 0 0 0 0 54 0 55 82 4 9 0 3 31 4 51 0 0 0 0 0 18 52 0 24 0 0 0 0 0 45 0 0 70 27 18 16 0 40 0 0 64 0 0 0 12 0 0 62 34 57 13 0 0 24 53 0 0 33 0 0 49 63 23 4 14 0 11 0 0 2 0 0 0 0 0 20 0 0 0 0 8 61 72 0 39 0 29 2 47 51 63 49 0 0 18 41 76 14 0 0 55 29 10 0 30 0 50 0 0 9 63 0 0 60 0 0 39 42 50 34 0 0 63 0 0 44 0 0 0 0 4 90 39 0 0 55 52 3 0 0 34 0 0 0 0 0 0 3 5 70 0 35 4 0 0 0 0 32 0 0 0 24 27 31 57 14 18 0 0 10 7 40 0 0 59 0 0 79 3 53 0 33 56 0 25 0
 48 0 0 18 41 0 21 55 30 2 5 0 52 0 34 0 0 0 0 0 26 14 47 44 0 0 0 0 60 0 0 0 0 19 0 42 50 0 67 0 0 0 27 0 7 6 21 0 0 28 20 81 0 0 48 0 0 0 5 0 58 0 0 35 0 0 0 0 0 15 0 15 42 0 0 0 79 43 54 12 0 0 10 63 27 5 31 0 0 39 0 0 22 0 0 0 0 0 0 0 23 0 0 0 0 0 0 8 11 4 14 0 4 63 0 0 0 30 0 0 8 0 0 0 0 30 50 0 0 6 0 0 79 62 0 0 31 0 17 8 0 0 0 38 78 66 22 4 0 51 34 27 5 0 8 0 0 0 20 29 0 56 3 38 22 0 0 37 31 45 0 0 0 36 41 44 2 7 0 61 0 0 0 5 27 0 0 27 0 2 0 0 0 0 21 0 87 41 27 0
 6 20 0 0 32 56 0 2 0 19 10 0 0 39 10 0 0 84 0 0 30 0 0 26 0 0 0 10 0 0 45 68 0 14 2 0 6 1 65 0 0 31 32 39 0 0 28 0 0 0 27 0 0 15 77 0 40 0 0 0 10 3 0 0 0 1 49 14 0 2 0 37 40 49 0 30 9 50 25 18 0 51 0 12 0 0 0 34 0 0 0 12 15 17 0 17 42 19 0 56 0 83 0 34 0 40 0 0 55 9 60 10 60 47 42 0 66 62 0 5 0 0 74 72 36 23 0 0 0 0 0 48 11 46 37 0 25 0 17 39 28 9 0 0 9 0 0 64 0 37 49 0 0 0 0 0 0 32 22 0 0 0 0 0 21 0 0 0 0 10 0 0 2 5 0 0 0 0 28 40 0 41 0 8 30 0 58 7 0 0 39 0 7 65 0 16 0 19 0 17
 0 23 0 0 0 65 3 25 42 51 46 17 0 0 31 0 67 0 33 0 15 0 0 4 6 0 20 0 0 0 0 82 0 0 0 2 0 0 49 0 0 0 0 85 19 0 73 0 0 0 11 29 24 39 0 0 0 0 51 0 0 0 0 79 0 0 0 47 30 23 44 0 4 4 52 45 0 19 14 33 17 17 0 8 16 0 21 48 0 0 0 5 0 0 0 0 30 0 73 0 0 47 0 0 12 51 0 0 0 16 0 73 0 11 30 64 0 12 0 7 1 31 0 0 56 45 0 51 0 0 0 0 50 5 39 85 0 4 0 13 12 0 0 0 0 0 26 55 21 0 22 0 0 24 0 0 0 0 45 15 3 52 0 28 38 51 0 69 0 0 0 0 0 0 0 0 0 0 0 0 0 0 0 0 0 0 0 0 0 13 0 18 0 0 0 0 0 45 37 0
 98 0 31 0 18 46 22 0 0 0 0 13 39 0 0 66 0 4 51 0 39 1 0 56 0 0 18 55 29 0 12 0 71 0 4 0 41 54 0 18 0 0 27 31 50 0 2 39 0 0 24 67 73 55 0 33 13 25 0 5 12 50 11 80 0 34 40 4 0 58 0 56 0 60 52 0 1 0 14 0 9 0 49 20 0 0 51 0 17 0 0 55 0 0 22 0 0 0 0 0 0 0 0 29 68 86 25 0 11 44 0 0 0 6 0 0 9 20 0 0 40 26 15 0 0 0 30 0 64 13 0 7 43 0 10 0 19 0 0 0 4 0 0 2 0 6 38 0 0 0 7 9 63 41 0 0 35 0 20 0 0 0 6 0 0 0 0 35 0 49 43 7 0 53 0 19 0 0 26 22 33 0 0 14 0 10 0 34 0 99 4 15 62 21 42 63 31 0 72 44
