200
 58 0 3 0 67 0 0 0 9 0 21 0 12 0 38 93 0 0 11 42 0 47 51 51 0 0 0 11 22 0 0 4 0 74 1 10 0 0 16 19 37 31 0 0 2 99 0 22 0 0 21 0 0 0 86 82 0 0 0 39 79 23 7 0 0 48 0 0 22 0 49 0 14 0 0 12 0 66 14 6 8 24 50 0 0 0 0 11 0 0 0 0 0 0 0 2 0 65 3 50 18 50 26 0 0 36 53 0 10 9 94 0 0 13 70 46 0 55 56 13 0 0 38 0 0 0 0 51 40 0 13 0 8 99 26 0 0 0 0 30 17 0 0 0 0 77 82 26 12 0 0 11 58 0 6 0 12 0 20 22 50 1 0 47 0 16 0 0 27 0 59 0 36 11 0 0 54 0 22 0 44 23 0 0 0 29 0 0 30 5 50 0 0 0 0 0 49 56 0 24
 33 73 44 43 0 0 0 24 24 22 16 19 33 2 14 71 0 80 44 0 7 33 0 14 6 84 75 38 4 0 0 11 0 0 65 0 0 0 0 0 0 40 0 35 0 0 86 0 13 0 15 0 23 48 47 0 71 0 0 8 50 0 0 7 0 57 0 0 0 23 0 29 0 0 46 3 0 23 0 10 65 0 0 70 11 0 0 0 18 0 0 15 32 0 36 0 0 8 48 40 24 0 33 44 0 24 0 0 43 1 0 68 0 40 67 0 69 16 13 28 35 0 0 25 27 0 0 80 0 0 11 1 0 0 2 59 0 0 0 0 0 0 20 16 0 35 0 0 32 12 0 0 6 0 37 28 0 48 0 0 0 0 21 10 16 55 0 21 0 68 0 76 34 0 0 0 0 39 0 0 21 14 2 0 0 13 0 63 0 0 0 0 0 0 41 0 0 0 60 13
 0 0 64 0 0 0 60 45 0 25 0 0 0 41 95 59 0 0 0 13 27 0 0 28 4 5 0 2 22 0 0 0 0 0 0 47 40 0 0 0 0 0 80 0 0 0 36 32 39 9 34 0 0 34 0 0 0 11 0 16 0 52 24 0 0 73 6 1 0 58 0 0 0 0 26 0 28 0 0 3 0 0 0 30 0 7 8 34 0 43 69 40 0 0 16 0 0 0 8 2 42 0 0 71 9 7 0 11 0 48 26 13 0 32 0 8 0 0 0 0 0 30 0 0 28 29 0 0 56 79 15 24 58 0 23 0 24 0 59 43 0 85 0 0 81 0 31 0 17 0 0 31 0 0 0 62 2 8 0 0 0 0 0 0 0 6 45 0 12 0 37 0 0 79 0 0 0 7 59 0 30 0 0 0 0 0 1 0 0 0 22 0 0 0 25 0 0 29 16 0
 2 0 30 80 26 84 5 0 22 0 0 35 0 0 0 0 0 3 7 0 0 30 89 0 0 42 0 0 0 0 41 0 64 9 60 48 0 0 61 0 0 40 0 0 58 0 0 0 0 30 58 23 34 0 37 0 55 0 9 0 0 16 57 0 0 37 0 0 39 8 0 49 0 13 0 36 20 26 13 0 29 25 72 0 15 28 32 0 0 0 0 44 0 6 0 0 0 75 3 0 0 48 0 0 0 46 0 47 0 0 46 0 0 14 48 16 0 0 12 0 0 0 0 0 9 21 54 0 0 0 40 0 0 2 0 4 0 0 49 11 3 52 0 0 52 21 11 39 31 15 21 19 0 0 0 0 0 5 0 7 0 0 38 43 57 0 65 0 0 0 35 0 6 0 0 0 36 54 19 0 0 78 5 0 17 0 51 0 56 1 0 19 21 1 13 1 0 0 26 15
 0 7 32 0 2 0 0 35 51 0 31 21 45 1 24 0 17 0 0 0 0 3 21 0 0 75 8 60 3 27 0 0 48 58 7 67 32 0 0 7 17 53 24 22 34 33 0 83 0 0 0 0 0 54 0 7 78 0 88 0 0 0 64 0 0 0 47 14 0 21 36 27 40 34 21 0 0 0 0 0 0 5 21 0 90 24 65 3 0 32 12 0 36 0 5 0 3 0 59 9 0 57 6 65 0 0 32 26 83 14 28 0 36 0 10 0 35 0 0 83 27 89 47 21 0 0 38 31 17 0 2 0 1 0 10 0 0 65 0 0 7 10 0 0 71 0 0 69 0 2 65 61 0 0 5 32 0 0 0 0 5 0 59 57 0 0 0 31 9 0 14 11 0 31 33 17 0 0 0 0 42 0 0 26 0 0 36 21 8 0 36 0 0 0 32 0 0 79 0 63
 59 54 7 0 59 78 43 0 0 29 36 57 78 25 51 31 0 30 24 1 26 0 0 0 0 0 20 0 0 16 37 30 0 0 0 0 0 0 0 0 0 23 8 0 54 55 0 0 0 0 0 34 21 64 0 23 0 44 18 6 0 0 0 0 0 0 0 26 2 0 0 0 65 0 6 0 0 0 28 0 58 14 63 0 0 21 34 0 0 72 0 0 21 0 32 0 0 0 45 0 0 38 2 0 16 39 0 0 0 14 0 18 65 0 8 0 0 30 33 0 0 0 0 0 28 0 0 0 0 0 36 28 0 0 2 29 0 0 0 52 75 3 74 42 67 8 0 0 23 18 0 0 22 0 0 0 0 0 0 64 89 87 62 0 0 0 0 3 0 15 71 0 77 33 56 20 0 14 11 27 63 0 61 0 5 0 0 0 68 44 0 0 0 0 5 0 39 0 55 12
 57 63 0 0 29 0 76 0 59 0 0 0 0 0 0 39 65 37 0 20 0 13 10 0 0 1 16 0 88 7 0 0 50 34 0 14 0 0 0 20 22 23 25 53 61 16 0 53 0 7 0 31 0 12 0 0 0 0 0 47 0 0 0 3 5 64 70 0 0 0 0 0 2 0 42 88 0 27 1 0 0 21 10 0 0 0 8 0 0 43 0 33 8 0 0 5 3 0 30 61 0 37 0 0 0 0 47 23 0 88 0 0 25 0 0 55 0 17 1 26 0 83 0 0 0 0 0 58 44 0 8 22 0 0 11 1 0 0 0 7 61 15 0 0 18 0 35 0 20 0 9 29 0 0 0 0 0 0 86 11 0 45 0 0 55 51 0 48 0 0 28 0 23 0 0 0 0 0 0 43 37 0 0 0 51 54 0 0 0 0 26 24 13 0 0 0 0 1 0 19
 52 0 0 7 0 2 28 72 9 0 0 0 12 28 28 4 0 1 72 40 0 0 0 0 0 0 0 17 0 7 0 15 0 5 0 0 7 57 0 0 0 0 8 0 6 0 0 0 0 3 0 59 0 5 0 0 0 0 39 0 0 0 0 0 0 0 0 28 45 44 30 26 25 0 44 44 0 0 0 66 35 0 16 40 5 69 0 0 20 56 0 0 35 0 8 37 0 0 0 73 22 0 0 83 18 0 17 0 0 30 63 0 0 65 0 0 44 0 8 22 0 0 0 0 0 3 0 17 0 20 0 0 0 41 24 79 0 0 0 18 31 4 35 17 66 0 6 0 10 33 0 41 0 67 0 0 61 0 0 0 0 0 80 0 0 17 2 62 0 0 22 0 64 56 23 0 0 48 62 37 27 20 44 0 0 0 16 0 0 0 0 11 17 73 0 14 0 53 0 0
 0 0 9 0 0 56 0 0 83 0 44 0 0 68 0 0 0 0 0 14 0 24 0 0 0 45 0 96 1 0 0 0 0 0 0 0 55 45 8 30 43 0 0 32 0 0 0 75 80 0 0 0 0 0 0 0 6 0 44 0 79 2 0 0 0 0 51 39 0 5 0 0 8 0 0 41 0 67 19 0 0 62 0 0 86 0 47 0 5 0 0 0 0 43 16 0 78 44 0 0 0 0 43 36 0 0 0 0 0 76 0 25 0 12 0 41 0 0 0 55 23 0 23 51 32 0 44 46 9 98 0 0 30 88 26 0 50 45 0 86 0 21 7 0 0 28 0 32 0 0 47 0 0 0 0 18 39 0 0 33 23 96 0 50 22 20 0 0 0 10 20 0 0 0 78 0 0 5 0 24 43 0 71 4 0 0 27 65 10 0 0 68 7 0 0 9 10 0 0 0
 29 0 0 11 17 0 23 66 8 22 2 0 0 40 27 15 0 25 33 0 0 0 0 0 0 33 35 0 74 27 0 0 0 39 0 0 0 32 0 0 0 0 11 0 38 0 0 20 47 0 4 0 29 0 0 20 0 48 0 0 0 0 0 66 8 0 22 0 21 36 34 14 9 0 0 0 41 30 16 65 66 0 0 3 49 0 42 0 12 0 49 0 70 5 0 0 18 27 39 0 0 24 56 3 7 0 0 0 0 58 14 0 0 0 0 0 0 48 0 35 52 53 0 0 19 47 0 0 25 86 75 0 0 0 0 89 26 16 0 17 2 0 38 0 0 34 0 45 0 0 0 0 22 0 29 0 3 0 0 79 0 52 75 0 24 42 0 0 19 0 0 1 0 88 15 12 0 0 52 32 0 69 0 45 31 0 0 2 78 43 58 0 0 0 4 19 9 0 8 14
 0 0 5 7 0 0 51 4 0 0 66 0 0 71 13 0 61 19 58 0 0 70 0 25 0 0 0 0 0 0 0 7 48 0 0 0 0 25 0 0 66 52 0 38 50 0 25 70 0 33 3 86 0 0 0 0 0 61 76 0 13 0 0 0 29 69 0 0 31 69 0 16 0 20 0 0 89 49 21 0 57 3 42 0 66 0 35 42 0 12 0 28 0 40 81 0 29 0 36 43 57 0 0 0 74 0 0 23 2 3 0 0 0 78 7 0 50 5 0 0 0 32 51 6 0 2 0 0 14 3 0 0 0 0 51 0 0 3 11 0 10 0 0 0 0 32 26 0 87 75 57 65 0 72 0 29 0 40 9 0 5 52 0 43 50 0 0 0 41 58 0 0 0 6 64 0 0 11 0 0 6 27 0 10 19 0 0 5 11 65 55 14 0 5 0 19 28 0 46 35
 37 0 75 0 0 0 83 21 57 14 52 36 27 39 0 21 0 0 0 23 0 0 19 18 0 24 0 0 0 21 64 0 0 24 25 6 0 0 48 0 0 2 0 19 0 0 0 0 0 65 0 0 0 60 0 0 53 11 7 0 79 36 0 11 3 0 0 0 0 0 13 0 39 0 0 0 0 82 0 39 0 0 0 51 0 0 0 23 15 33 0 73 0 14 0 0 0 0 0 7 0 0 0 0 63 0 4 0 55 0 0 0 56 0 48 0 0 0 19 0 18 0 0 17 3 2 93 61 0 0 82 25 0 2 0 0 40 0 21 36 0 48 67 64 28 74 71 15 0 14 21 0 59 0 0 56 26 49 0 25 20 0 42 23 1 81 0 6 47 14 0 0 32 0 29 63 17 0 0 0 0 14 14 0 0 75 38 0 0 0 32 0 12 9 0 0 2 85 26 4
 0 0 53 58 0 0 20 0 9 74 16 0 49 0 0 61 0 0 35 0 0 33 0 0 7 0 47 12 59 6 20 30 26 0 0 0 7 0 61 0 0 0 60 2 31 14 27 37 0 87 8 1 4 0 0 0 17 0 0 4 0 29 46 13 0 0 0 0 0 0 0 69 56 0 11 8 68 0 51 0 56 0 57 27 47 0 0 8 0 0 22 60 18 0 10 0 0 0 0 0 0 0 0 26 0 0 0 0 0 0 26 50 59 0 79 73 37 9 0 1 38 0 0 8 12 0 21 7 0 17 0 0 50 0 8 0 12 0 0 0 18 47 0 0 11 4 0 0 0 25 0 21 13 0 6 0 88 0 44 74 0 0 0 27 0 33 2 0 28 0 38 0 6 0 28 0 0 0 0 55 26 0 0 82 0 0 54 0 0 32 0 13 0 0 0 87 28 0 0 9
 84 0 0 44 0 0 59 0 0 0 0 0 65 29 0 0 31 5 37 0 0 0 36 0 0 14 0 0 11 0 0 1 68 0 24 67 0 0 0 0 61 1 57 0 9 0 40 45 27 0 0 0 42 0 0 0 64 19 0 9 27 50 0 0 0 46 0 0 39 68 0 0 15 0 0 0 22 47 5 0 0 0 0 0 22 84 0 1 0 0 48 0 21 14 2 0 65 41 16 63 71 0 0 0 37 0 39 0 0 0 0 0 47 0 25 67 0 75 0 0 21 0 78 17 61 21 0 65 61 93 1 0 34 0 13 0 12 22 0 62 0 0 0 0 1 44 2 29 0 22 0 40 28 4 10 33 0 0 57 8 0 0 41 48 0 0 0 38 45 0 0 30 0 32 72 61 0 21 0 59 3 0 0 0 29 0 58 41 7 59 0 2 0 23 21 0 2 13 0 56
 0 0 0 6 0 0 93 0 28 0 0 4 14 24 80 6 39 78 46 0 0 0 18 0 36 82 0 0 0 90 0 0 23 48 0 0 37 20 9 0 91 0 4 86 0 70 0 0 26 0 51 26 0 0 0 20 19 4 32 70 51 28 0 23 0 0 0 0 0 0 0 84 0 16 0 0 7 0 22 0 56 28 46 10 0 69 0 0 8 39 31 0 48 0 27 54 17 12 0 51 76 0 0 0 0 0 16 0 0 0 23 11 2 12 22 20 1 0 0 2 82 0 12 0 5 0 51 0 38 41 57 18 48 0 0 0 0 9 33 57 13 32 0 41 82 0 0 40 0 0 0 25 62 4 20 33 0 0 33 14 38 14 56 0 21 0 18 0 0 0 11 0 8 57 0 0 0 0 0 0 80 0 0 0 0 19 0 0 37 1 0 0 65 8 70 50 0 0 0 0
 0 0 0 14 59 0 0 0 6 0 5 0 0 17 0 2 37 3 0 0 32 94 81 0 0 32 0 33 0 15 27 10 0 0 59 18 0 17 0 0 0 0 0 0 0 27 39 0 0 0 0 0 0 41 0 6 27 41 61 72 0 4 0 0 51 0 0 0 13 0 0 0 0 40 66 0 8 0 0 0 42 0 57 0 38 44 0 0 8 11 0 18 0 23 7 29 0 0 42 58 0 0 46 0 14 43 3 43 38 0 0 2 70 0 0 0 0 0 18 25 48 0 0 59 76 0 26 1 17 0 11 69 66 0 55 25 21 0 0 0 39 0 67 67 21 31 29 0 31 0 0 5 24 54 0 32 3 35 0 0 18 5 0 0 12 0 0 57 39 0 23 0 11 0 27 1 15 0 31 11 62 0 10 0 66 15 0 0 7 68 0 21 0 10 24 0 3 0 0 0
 18 95 29 5 0 60 0 49 1 68 0 61 3 0 0 0 39 0 0 0 75 0 51 33 0 0 47 66 31 0 0 8 51 50 0 0 0 0 0 0 0 29 3 0 24 0 36 0 23 7 22 0 0 0 36 65 27 0 7 21 7 0 0 30 0 0 13 15 13 0 2 0 0 0 76 34 31 0 0 0 0 16 5 14 0 47 63 17 45 0 73 61 50 0 0 15 0 1 14 34 0 0 16 10 42 14 64 0 16 0 0 0 20 8 0 0 0 0 8 0 0 27 0 21 0 0 0 15 30 44 64 0 74 0 22 34 28 13 6 44 13 0 0 0 2 0 0 69 0 0 0 15 0 35 39 0 0 0 0 0 0 0 0 0 0 64 77 88 0 0 86 0 0 0 0 0 0 0 0 9 78 97 47 0 24 0 55 7 0 0 0 69 0 14 0 67 9 5 63 0
 7 0 29 0 46 0 0 0 19 0 0 4 18 0 0 0 41 22 0 0 0 0 19 0 97 28 31 17 8 62 0 33 46 92 58 0 20 30 0 10 46 25 0 44 0 4 30 88 0 25 38 0 27 2 47 90 0 10 0 82 18 0 17 39 0 18 31 0 0 0 57 29 2 0 0 14 0 1 22 0 0 58 0 60 74 62 0 8 14 0 24 7 0 5 43 52 23 48 0 5 0 0 5 0 12 40 21 0 75 0 0 0 0 0 33 29 30 2 0 0 52 39 0 2 15 27 0 0 0 0 11 0 0 0 19 35 20 41 60 49 31 22 0 16 0 0 24 0 89 5 0 2 7 0 0 0 27 45 0 15 61 79 0 17 19 0 0 13 0 0 73 8 55 33 0 0 0 34 62 13 0 0 25 0 0 0 0 28 0 14 0 2 0 27 0 0 0 0 33 0
 0 0 37 0 0 0 9 0 56 0 0 76 0 0 0 27 1 69 85 0 0 2 1 0 15 75 35 0 2 61 0 9 53 27 0 0 1 0 16 89 31 28 0 0 17 6 2 0 0 1 0 68 42 0 0 33 11 0 23 0 98 94 64 15 19 0 0 0 0 0 47 53 21 0 20 0 45 16 0 0 0 25 42 74 32 10 83 0 28 0 47 9 0 0 0 76 0 7 32 0 0 0 0 0 0 15 23 11 0 20 0 45 0 2 0 0 54 0 20 7 5 0 0 0 0 0 0 0 28 21 79 12 0 24 1 22 0 0 73 0 50 72 28 35 0 14 49 0 51 24 32 0 0 0 11 31 0 31 20 0 0 0 57 53 14 0 0 25 76 0 0 0 0 37 0 0 53 20 73 53 11 0 23 0 0 29 0 0 49 0 0 25 0 0 42 0 0 17 0 59
 0 41 0 65 8 0 0 0 0 60 20 0 48 25 25 55 8 32 28 16 0 28 7 0 0 0 66 42 0 63 0 0 0 0 30 28 0 0 15 4 7 7 84 2 0 26 0 23 31 0 0 10 0 2 0 0 0 0 42 7 0 0 55 18 34 64 0 44 0 5 0 0 19 11 18 4 38 75 0 60 0 0 0 9 0 8 0 1 57 24 0 0 87 0 0 0 0 0 71 0 0 28 70 25 0 5 45 25 0 0 10 0 0 0 81 55 0 0 0 34 63 4 0 60 0 0 0 0 0 77 0 0 0 0 0 34 28 0 30 0 79 0 7 55 0 56 0 0 0 0 0 7 30 25 16 0 38 0 0 0 31 0 0 0 0 27 0 46 0 32 0 0 57 9 2 53 0 6 0 0 16 0 0 0 0 0 0 0 0 20 0 32 34 27 0 92 0 0 0 0
 5 0 0 15 18 0 31 35 42 4 20 37 12 19 23 0 0 41 21 30 30 30 29 37 10 13 23 0 39 20 0 46 0 8 0 24 7 59 62 31 0 2 0 0 32 0 81 0 0 68 0 48 24 0 7 0 0 3 0 0 32 0 0 55 33 37 69 14 5 46 0 77 41 8 14 1 2 13 12 0 0 44 0 8 18 33 10 34 2 49 0 67 68 74 18 16 52 59 0 40 92 0 36 0 0 7 0 0 0 0 64 0 30 21 26 0 11 0 0 54 0 12 0 0 0 0 0 0 0 0 20 84 0 5 78 0 36 30 0 16 54 0 21 0 0 0 47 31 0 32 0 44 0 2 0 0 54 34 39 0 24 3 0 22 0 0 0 0 0 0 0 37 0 0 0 0 28 23 14 0 5 0 0 40 0 33 0 0 48 0 52 71 32 12 34 0 32 41 10 26
 0 0 34 0 0 33 0 14 0 27 0 44 0 2 4 0 71 27 0 0 0 59 0 0 29 0 73 0 13 25 0 17 0 0 69 0 0 81 0 82 0 86 0 0 0 10 10 35 7 74 0 58 0 47 30 16 0 14 0 46 51 28 0 0 48 0 0 0 0 0 25 13 11 60 12 0 58 30 55 0 6 5 0 0 47 80 0 0 0 0 6 0 19 0 78 0 0 0 10 52 17 0 0 46 0 0 0 0 34 0 0 0 30 25 0 2 22 0 8 48 88 7 38 18 47 0 64 0 0 0 68 0 35 0 4 0 77 0 0 0 20 92 49 27 82 61 34 22 0 0 0 13 0 0 0 59 22 39 0 15 5 23 32 5 45 0 42 6 58 68 0 0 31 0 0 0 0 0 40 2 0 0 0 0 26 5 84 75 0 37 0 0 71 5 0 0 0 0 0 6
 0 46 34 0 0 8 0 77 63 71 52 0 44 0 0 0 0 0 0 0 0 55 68 71 0 0 62 0 0 0 0 22 0 0 0 24 0 77 44 57 0 16 60 0 14 0 22 6 41 0 0 0 0 19 39 0 36 0 0 0 0 0 6 0 54 31 9 1 0 58 32 27 7 0 0 0 0 0 25 0 0 0 47 24 52 0 0 0 70 53 4 0 30 0 0 0 17 0 0 40 0 0 0 80 0 43 23 0 0 0 10 21 0 0 59 0 0 71 0 33 38 59 0 0 0 0 0 4 0 19 30 0 0 0 30 0 15 70 0 0 0 0 0 0 38 0 0 0 0 16 5 14 0 27 0 23 20 0 9 0 0 2 53 19 23 20 0 0 0 1 0 0 7 0 23 30 0 0 0 55 0 73 23 10 17 0 37 0 0 43 54 0 0 65 0 0 0 44 0 0
 0 0 0 41 58 64 79 6 19 5 0 0 13 68 12 14 0 8 3 59 0 18 0 8 78 0 16 78 32 9 48 0 0 1 50 22 0 0 4 47 0 44 72 3 0 0 7 0 0 66 0 16 0 38 26 0 63 0 20 0 51 0 0 5 22 0 0 0 25 8 3 0 6 0 0 0 49 39 75 48 0 0 0 0 43 0 53 0 0 0 0 0 0 30 0 61 23 0 0 0 39 1 0 10 33 0 0 44 0 0 0 0 29 51 9 0 11 0 32 6 25 44 22 0 58 0 0 19 0 0 0 3 21 33 42 0 0 0 38 0 0 6 10 36 1 0 25 93 39 0 83 6 68 1 79 0 4 26 0 38 68 0 17 0 0 0 0 53 0 0 25 66 38 0 0 52 16 0 48 0 25 0 0 88 0 0 0 34 22 66 20 11 0 57 56 0 0 39 8 0
 3 0 0 67 68 7 2 1 29 34 60 87 0 24 0 17 71 0 0 12 0 0 12 0 35 37 89 40 0 0 0 44 44 0 0 65 44 0 0 94 0 23 6 33 37 12 11 0 76 0 0 34 0 67 0 0 31 0 0 15 39 37 65 12 35 58 0 0 0 68 0 47 0 0 83 0 43 10 8 0 2 6 0 0 0 81 62 0 0 0 9 0 0 22 22 7 26 0 59 0 43 42 0 56 88 0 0 0 9 0 0 24 0 1 0 0 0 51 0 22 39 0 17 42 64 0 0 0 40 31 0 0 0 0 87 0 0 46 4 30 3 0 0 0 0 0 35 74 0 31 41 0 0 0 0 0 17 23 72 0 61 1 77 51 0 11 0 0 44 31 0 23 69 55 5 0 0 0 0 41 0 72 0 0 36 0 2 75 0 96 0 7 53 43 6 70 48 0 0 0
 24 0 0 0 0 35 0 37 0 0 70 0 32 0 0 0 31 0 0 72 0 14 4 17 0 87 0 28 0 48 0 54 0 0 62 16 24 41 0 28 0 0 0 0 0 41 42 0 0 18 0 5 86 27 0 12 0 0 0 10 26 0 0 0 0 0 11 1 0 0 38 84 0 6 0 20 0 0 0 45 61 0 0 8 82 0 28 0 50 0 28 0 0 65 32 7 0 17 0 0 0 0 19 0 0 11 35 0 50 17 42 0 37 27 0 0 39 0 0 0 0 38 18 0 0 0 33 39 2 28 0 8 42 19 7 0 46 55 60 34 0 28 31 23 0 7 0 0 0 49 0 0 30 62 43 54 55 89 0 0 0 0 0 33 28 21 0 57 0 69 0 11 0 35 0 0 0 43 8 0 35 0 0 13 0 30 12 0 27 76 27 0 0 0 0 37 28 17 79 0
 6 0 26 40 0 0 0 27 64 0 24 8 0 17 45 42 0 0 0 0 0 0 0 0 0 0 5 0 0 0 50 13 59 0 32 80 38 0 0 0 20 64 23 0 41 43 25 64 35 0 0 3 60 0 0 0 54 0 1 0 27 0 9 0 0 0 34 94 0 32 64 3 0 39 33 26 1 7 47 0 0 32 11 0 0 0 0 39 47 20 17 0 0 0 1 0 0 64 0 41 0 8 0 56 1 28 57 0 0 0 0 67 5 99 0 17 4 0 0 8 55 8 0 48 0 0 0 19 9 0 0 0 0 22 0 0 53 38 0 28 0 0 0 72 0 56 0 0 0 0 0 31 0 0 0 33 0 2 44 0 45 0 0 16 0 0 0 0 21 0 0 22 51 29 41 39 75 0 0 0 0 47 4 0 71 0 0 29 31 0 0 0 0 46 0 55 42 49 0 64
 0 0 0 68 0 20 20 0 0 47 1 20 0 54 53 0 0 0 25 0 11 95 19 0 0 0 24 29 15 0 4 26 8 29 48 0 48 0 65 0 57 34 0 12 5 31 15 19 34 0 0 0 16 0 43 23 40 18 39 0 8 63 33 0 70 31 0 0 27 5 28 0 15 14 76 0 0 0 0 1 0 47 0 83 4 0 0 71 32 21 0 0 0 0 0 39 34 0 0 14 0 0 0 0 8 0 0 0 0 0 63 1 0 0 83 0 0 0 2 21 80 81 1 0 0 0 0 38 0 0 18 0 13 20 88 54 0 0 0 60 0 60 0 14 0 20 12 1 0 0 0 26 0 84 0 0 84 0 0 0 46 0 68 0 0 60 6 1 0 7 69 86 0 0 0 1 0 0 0 80 0 25 0 0 80 0 47 12 58 52 0 10 13 0 37 53 83 39 23 0
 0 0 0 49 0 49 0 37 0 0 27 47 0 0 40 63 0 0 0 25 0 0 26 0 17 13 27 0 79 0 43 0 0 32 75 36 0 6 18 59 0 0 0 64 0 38 20 0 0 0 0 12 0 2 36 0 0 43 0 30 0 0 41 66 0 0 0 0 31 57 0 30 33 3 0 0 0 0 7 0 0 1 3 46 1 0 0 0 0 18 0 41 0 0 0 46 0 0 0 20 0 26 0 0 0 28 13 0 0 22 0 56 8 0 0 10 0 0 42 0 0 23 22 55 0 49 0 0 10 0 38 0 48 0 43 64 31 48 32 0 61 0 19 0 20 14 0 21 0 0 0 0 0 30 0 43 42 0 29 0 0 19 46 0 7 0 0 0 1 30 33 0 0 0 0 5 7 5 0 0 28 22 45 6 62 23 0 0 30 67 25 0 22 0 0 0 0 36 20 0
 11 67 21 21 0 0 0 0 44 0 74 0 0 56 0 0 61 0 0 0 0 0 41 0 24 0 48 5 38 42 40 0 0 33 19 66 0 0 0 32 10 20 17 0 37 0 3 4 0 5 40 44 49 2 33 45 0 16 30 0 20 0 0 0 0 10 59 0 45 67 0 0 1 33 20 0 0 0 0 20 31 0 0 21 0 0 2 0 25 15 0 2 0 92 2 0 34 0 12 0 0 0 0 0 29 0 0 19 68 9 35 31 56 2 0 0 0 0 0 0 0 0 44 15 27 56 0 2 1 6 16 68 0 0 0 47 0 0 0 0 0 53 0 0 0 39 7 0 0 0 82 96 0 0 0 0 33 57 0 14 0 0 6 21 0 47 0 28 0 0 6 30 0 0 75 86 4 0 19 43 19 42 0 19 11 18 0 0 63 65 0 0 0 0 13 0 49 0 78 65
 8 63 42 0 75 0 12 61 72 36 4 0 0 68 7 0 72 23 40 3 53 59 10 0 6 2 0 0 0 0 47 0 0 0 0 0 17 0 4 0 0 46 0 0 52 0 4 20 0 39 0 0 0 0 64 54 26 0 0 0 0 0 78 0 21 0 8 0 0 0 0 0 0 17 0 6 53 0 17 0 0 0 18 0 19 33 52 15 0 3 0 0 0 0 0 38 30 0 0 6 29 0 7 0 92 0 10 27 42 48 0 7 0 23 8 56 48 26 0 0 23 0 89 0 0 57 0 0 0 0 0 74 7 10 0 64 64 0 29 1 0 0 0 0 43 85 0 0 81 12 0 0 0 81 86 0 0 52 0 48 17 0 0 6 0 0 37 2 0 44 56 0 58 52 0 76 0 0 3 28 0 0 21 9 0 0 44 0 0 52 0 0 19 27 0 0 40 7 47 0
 0 0 26 17 21 0 58 0 11 11 0 20 0 0 3 0 0 0 0 31 0 0 0 18 0 0 0 0 0 2 62 49 0 0 5 0 35 0 0 22 98 50 85 0 0 0 85 67 0 43 0 18 0 53 12 0 43 64 33 68 0 0 40 21 0 0 0 0 0 0 91 0 32 0 63 0 0 17 0 0 82 0 4 2 0 0 0 0 6 0 0 70 0 0 17 0 0 56 41 0 0 0 0 12 0 78 76 0 0 0 0 63 77 41 0 40 17 0 0 0 66 63 0 0 0 54 0 1 0 11 0 2 1 7 0 0 42 68 0 73 57 17 3 13 0 58 0 0 0 0 94 0 0 2 0 51 30 0 30 0 0 0 0 0 0 0 63 0 24 0 0 33 66 3 0 0 0 0 10 10 0 0 0 66 29 67 7 40 74 0 0 0 89 60 0 6 32 94 33 0
 3 37 71 0 0 43 0 15 5 16 0 8 0 0 0 24 0 0 0 24 12 6 25 37 0 24 0 0 59 31 32 62 63 14 0 0 0 24 0 0 0 0 0 0 33 49 30 19 53 36 0 4 68 24 0 0 0 12 0 0 53 0 0 0 0 0 0 0 5 0 0 0 78 0 22 9 9 26 0 0 0 37 8 0 0 0 0 0 0 0 0 0 0 0 36 10 0 1 0 73 0 0 0 6 0 12 0 0 0 0 0 0 0 0 14 0 13 61 55 0 57 24 0 7 16 0 0 0 0 0 0 45 8 0 0 0 4 66 0 0 0 5 9 66 47 53 0 0 36 49 0 37 6 0 22 0 0 51 0 0 0 34 23 87 18 57 5 0 73 10 0 26 31 33 28 0 0 0 59 6 0 9 0 0 37 0 35 0 0 0 4 0 27 0 0 0 61 55 62 0
 0 37 28 0 0 27 0 0 2 0 0 0 9 14 0 48 0 0 0 83 0 3 70 0 12 55 17 0 0 0 0 14 0 68 18 68 0 0 0 0 38 2 0 0 51 0 38 76 0 10 8 20 0 9 65 83 45 79 9 0 8 0 21 32 0 38 49 1 8 0 16 54 0 0 0 21 36 0 0 55 55 17 5 0 5 3 0 71 74 0 15 55 18 0 53 0 18 20 18 10 0 6 28 45 41 18 42 0 0 0 17 4 62 0 6 61 0 0 0 23 0 0 19 7 0 0 0 0 0 0 0 19 78 2 0 0 4 3 24 14 0 4 0 33 0 0 0 60 2 34 0 47 0 0 0 0 14 41 0 41 44 0 57 0 0 66 0 0 1 5 43 14 55 33 40 0 16 0 0 12 38 12 88 27 0 17 33 74 0 0 0 24 0 0 1 0 0 0 0 0
 0 0 0 0 0 34 4 9 60 46 58 0 36 0 87 0 85 0 54 0 18 0 37 0 17 0 0 0 0 0 6 0 10 0 72 70 49 18 71 0 2 45 14 0 0 0 27 4 8 0 8 33 0 0 0 48 21 0 0 0 0 32 21 0 7 0 0 50 0 19 12 0 56 22 0 1 0 0 0 0 0 45 68 0 2 0 42 58 0 28 0 17 0 14 34 48 49 14 0 72 0 0 40 0 0 0 0 0 0 47 63 26 71 0 0 0 0 2 0 0 0 0 31 0 0 0 0 37 45 0 0 37 24 43 15 23 0 22 0 0 0 58 38 10 0 0 0 0 0 5 0 16 12 0 43 73 0 33 58 0 54 39 72 0 3 0 0 0 9 79 77 5 29 0 0 28 0 2 33 0 66 0 0 0 5 0 0 27 0 0 0 0 16 0 4 0 0 76 7 10
 0 45 0 0 0 50 0 31 50 59 30 0 24 0 26 0 29 0 58 0 0 59 0 0 0 0 0 53 0 0 38 68 39 0 0 77 0 0 12 0 0 2 50 0 27 0 1 24 0 15 0 40 0 0 0 0 0 0 0 0 7 7 73 0 0 2 0 0 26 0 0 53 17 42 57 0 0 85 0 38 17 15 23 0 72 0 3 56 63 0 0 5 40 0 0 12 82 0 0 0 0 16 0 0 12 0 30 21 2 12 1 0 0 68 0 16 0 0 37 0 0 0 0 0 0 0 0 9 5 0 0 67 3 17 0 0 0 0 43 0 73 6 21 0 80 26 0 57 31 30 54 14 38 10 0 62 0 8 0 5 41 16 0 0 0 0 0 41 51 27 0 0 36 37 55 0 0 10 0 0 0 0 0 0 32 69 70 24 7 14 6 0 83 84 34 22 0 72 13 0
 52 3 0 17 0 69 7 0 0 31 46 32 0 32 0 21 36 0 0 17 0 22 76 2 0 0 0 0 25 64 0 0 19 32 0 19 85 9 8 1 27 46 40 23 0 25 0 54 0 0 0 0 0 0 9 0 0 0 31 0 27 0 41 0 0 54 11 19 0 8 61 62 43 12 21 0 61 58 0 0 40 0 21 30 0 18 0 12 37 49 60 7 63 0 0 0 0 0 0 0 3 17 0 29 0 0 0 0 0 0 22 0 0 0 0 17 21 0 0 0 4 0 22 0 67 0 0 0 70 17 0 64 64 30 0 0 0 16 6 0 0 0 0 0 16 3 18 9 49 23 0 16 35 72 0 0 0 0 16 0 0 0 75 9 0 17 54 0 0 36 0 0 0 13 0 0 15 0 4 0 0 0 0 10 17 0 22 53 0 0 0 79 0 31 0 0 0 12 84 94
 22 31 57 63 70 36 45 0 0 0 0 82 12 12 0 0 5 0 11 15 0 0 0 24 27 0 33 43 0 7 0 28 0 65 0 24 0 77 8 0 1 0 0 70 6 51 6 0 0 56 0 88 0 56 2 0 3 0 5 13 0 0 32 0 0 50 2 5 60 0 0 6 0 1 5 4 0 0 0 0 70 2 4 52 0 0 21 37 0 0 18 0 16 0 0 8 10 0 17 15 0 0 0 31 0 14 17 59 17 60 43 59 39 0 23 0 0 0 45 97 44 0 0 0 0 47 0 0 0 14 0 0 34 0 26 0 0 0 0 0 24 0 71 0 0 0 0 0 37 0 35 0 51 35 86 0 59 41 15 9 0 0 0 72 4 47 10 0 0 5 7 50 0 16 32 42 0 0 0 24 15 0 0 31 52 40 0 55 85 9 0 74 42 0 7 0 83 8 0 58
 0 40 63 0 39 33 37 37 0 21 3 0 0 18 0 20 10 30 0 0 0 57 0 0 24 12 18 0 0 0 0 30 26 46 0 0 0 0 22 0 25 0 46 23 8 33 0 61 12 0 58 0 14 24 27 45 31 0 61 0 0 25 30 33 5 79 0 0 6 0 0 0 0 0 0 33 28 33 0 30 85 0 13 20 45 0 0 25 3 1 0 41 65 0 16 0 57 0 22 0 0 37 0 66 0 0 57 0 20 18 4 55 11 6 0 0 0 3 32 25 0 0 0 0 15 48 27 0 0 0 0 12 0 0 0 66 0 27 77 45 66 0 40 75 96 0 0 0 0 0 37 42 32 3 86 0 47 0 49 0 0 6 0 86 13 7 0 0 15 0 0 0 23 13 0 10 0 76 57 19 0 0 0 9 72 49 25 0 0 0 0 41 60 17 0 45 0 7 42 22
 0 13 49 73 0 24 0 61 0 30 17 56 33 14 63 12 7 0 0 0 0 0 0 0 0 0 27 45 0 0 22 0 8 14 45 30 0 31 33 73 45 0 0 0 0 0 0 0 0 0 0 0 24 8 0 44 0 0 0 0 0 0 0 80 60 0 0 0 24 0 0 0 0 11 0 69 0 0 37 0 0 0 0 55 8 57 82 0 0 75 0 0 0 2 18 0 0 8 53 0 5 24 0 78 28 0 0 49 0 0 0 0 16 30 14 0 0 0 0 0 0 44 17 66 37 38 4 0 0 5 0 19 0 78 45 0 46 48 0 29 0 0 0 0 59 0 22 53 0 0 34 0 54 21 0 0 17 26 12 72 0 25 0 11 60 0 9 0 6 50 35 0 0 30 0 31 11 0 46 36 0 84 0 0 4 56 43 53 0 45 0 14 9 5 1 0 51 61 15 1
 0 39 52 3 0 7 0 64 0 30 0 19 9 0 0 20 23 0 0 0 37 28 31 4 36 91 0 0 11 0 1 0 16 0 0 37 0 0 0 0 40 0 75 70 0 31 0 0 30 65 19 0 32 0 0 21 0 4 52 0 48 12 0 37 0 39 22 33 19 0 0 70 0 5 7 0 18 0 12 0 36 0 0 0 9 14 0 26 30 0 1 0 43 67 0 15 0 0 0 0 0 0 45 59 0 0 67 0 21 93 0 12 0 49 45 0 5 0 0 15 17 70 65 0 0 0 0 0 49 0 0 0 0 46 0 0 0 71 6 0 0 43 0 94 0 0 20 11 77 5 0 38 9 0 0 23 9 0 25 0 0 9 0 0 22 0 0 0 19 3 0 0 38 13 37 0 51 0 0 0 0 61 0 2 0 6 50 0 62 81 0 63 41 39 0 13 0 0 0 0
 0 0 2 0 0 0 0 27 32 18 0 0 15 0 92 61 0 0 0 0 0 0 0 0 0 6 0 0 35 0 0 0 1 0 0 0 0 29 39 47 17 24 49 0 0 0 0 0 51 51 29 31 17 0 84 20 0 0 25 0 56 0 13 0 0 22 23 22 36 28 0 3 0 0 2 13 0 0 0 0 78 31 33 0 26 0 44 0 0 26 0 0 0 72 75 0 0 22 0 59 81 59 62 0 83 0 66 0 0 9 0 22 0 0 0 0 73 0 28 89 0 0 30 0 12 38 0 0 0 0 34 1 0 32 0 81 0 2 41 6 37 48 0 0 0 34 60 34 0 0 59 53 0 63 0 15 16 0 0 0 69 26 0 0 0 18 0 18 57 91 0 12 38 0 57 88 17 0 7 0 0 0 0 0 8 0 62 27 0 88 50 0 23 29 11 0 8 70 47 31
 26 28 0 33 0 0 0 0 59 0 60 10 0 0 0 21 0 55 42 0 9 1 0 0 0 44 0 0 1 0 14 0 74 42 0 0 0 27 0 19 0 0 11 13 0 31 45 65 44 83 0 0 0 1 3 0 0 0 10 0 0 86 38 10 29 54 39 38 14 71 0 11 63 0 0 0 0 0 42 0 75 33 0 47 57 52 57 15 70 0 0 0 18 75 28 5 16 0 0 40 10 0 20 0 0 0 0 1 0 0 78 0 0 0 50 0 14 20 5 0 64 23 0 0 0 0 0 16 0 0 14 0 83 31 0 2 23 4 0 35 0 61 28 0 0 0 0 55 7 1 49 45 63 28 0 31 0 0 7 0 0 0 0 3 0 0 0 6 0 85 0 0 0 0 0 0 0 8 0 0 8 30 0 17 62 33 0 0 0 44 65 0 29 33 44 0 0 61 67 24
 0 0 41 69 0 37 0 56 0 46 0 0 0 7 0 73 43 0 86 0 6 33 78 0 0 34 16 0 0 4 7 51 22 13 54 7 0 0 0 29 0 29 0 8 0 71 30 24 0 0 5 0 15 14 4 0 0 0 0 5 4 42 22 20 67 63 0 0 34 47 0 0 0 0 44 4 30 1 0 0 0 86 0 86 25 9 4 0 12 0 0 0 5 19 3 0 14 0 0 72 0 31 5 0 0 0 45 0 48 3 28 85 0 13 0 31 62 36 0 24 0 0 0 0 0 33 25 0 42 0 0 0 18 74 3 5 0 63 0 41 0 0 0 17 38 65 0 0 21 23 0 40 0 23 71 0 27 27 21 0 0 0 0 0 46 0 5 0 0 3 0 0 24 12 57 0 0 10 3 18 0 0 0 0 30 0 61 14 73 19 0 0 0 0 28 3 0 0 0 0
 0 41 72 0 0 0 0 0 40 0 0 72 0 0 57 51 0 35 0 56 0 52 0 64 0 46 0 0 27 0 0 30 0 0 29 0 71 0 0 52 74 33 26 24 6 43 0 0 3 29 49 0 20 0 0 0 89 50 0 3 0 25 21 9 46 0 0 16 0 0 11 0 0 53 0 0 45 0 0 0 0 17 36 0 0 62 63 0 0 0 74 41 0 0 0 0 23 46 2 0 5 0 0 0 0 0 0 66 0 27 27 0 15 35 0 0 0 0 0 0 0 0 20 0 4 13 0 0 1 0 0 6 0 47 0 27 0 0 36 2 0 4 14 24 52 0 0 2 0 0 0 22 24 32 55 81 82 0 0 0 0 10 0 6 18 16 0 21 13 0 0 0 60 60 0 83 76 0 0 14 0 0 16 25 46 0 43 0 0 26 0 24 42 0 71 49 0 74 21 13
 0 27 31 25 0 0 0 21 22 12 11 14 0 75 0 0 4 0 0 0 61 0 18 50 0 0 0 0 0 55 8 7 0 68 11 32 0 0 0 19 0 33 0 0 0 53 0 11 29 0 4 0 0 46 60 0 0 0 0 24 0 44 0 42 6 6 0 0 58 0 14 79 40 7 61 0 0 0 0 0 0 0 0 0 0 6 35 34 39 96 0 0 18 27 2 0 0 6 0 0 0 0 0 0 0 0 0 13 28 3 0 0 0 71 0 0 34 0 0 74 47 49 0 47 0 0 6 89 19 0 0 89 0 81 44 0 0 0 76 52 39 0 0 28 46 1 49 0 0 22 21 91 57 42 5 0 42 46 68 46 58 0 6 0 54 0 54 96 54 0 0 0 21 11 68 0 0 0 4 4 1 73 27 11 0 0 0 0 49 78 0 12 19 0 26 0 0 81 18 0
 77 0 0 35 37 77 63 15 70 70 0 23 0 0 28 0 0 0 0 56 0 0 0 0 0 0 0 0 0 0 0 0 0 0 0 0 0 0 49 43 10 36 0 0 20 48 6 26 0 30 22 0 0 79 10 0 45 0 2 0 8 1 3 34 0 0 0 1 49 0 0 0 0 0 28 23 26 33 73 0 38 41 16 15 73 44 0 0 9 49 66 0 0 0 85 44 43 0 0 29 0 0 47 38 0 13 5 42 0 12 0 0 0 0 0 6 68 0 7 0 85 3 41 0 12 0 45 61 0 51 60 0 0 72 80 31 0 12 26 0 0 23 0 76 0 74 0 33 55 1 0 0 63 84 0 0 0 0 0 42 0 0 0 16 52 0 0 11 0 61 41 0 85 6 53 0 0 0 0 0 0 0 50 2 2 52 0 78 15 28 0 28 0 19 0 21 6 0 1 0
 0 15 0 20 0 14 0 55 0 0 0 30 0 0 86 30 22 0 51 0 3 0 0 12 54 21 0 0 45 0 0 0 0 0 0 0 0 17 0 83 18 56 0 0 11 0 0 63 0 39 68 2 0 0 0 0 62 50 0 58 0 0 41 36 33 25 18 0 0 0 58 16 19 0 15 0 0 0 0 71 0 46 0 0 8 16 0 16 81 0 0 14 14 0 0 36 0 0 5 0 0 41 0 17 0 10 0 0 76 48 13 0 0 0 13 0 0 0 47 22 49 0 9 26 0 0 55 16 0 24 0 74 0 0 0 24 20 0 2 0 25 0 47 0 0 0 62 21 0 0 0 78 0 0 0 0 0 0 75 7 52 40 0 8 0 0 47 4 7 0 0 0 73 19 0 57 32 67 11 12 0 0 36 78 33 0 30 58 0 0 0 27 36 0 45 34 0 0 1 0
 6 0 0 20 0 7 49 22 0 0 36 48 47 0 0 22 0 18 83 0 18 0 0 10 0 66 0 0 25 80 40 67 0 21 0 62 15 3 0 68 0 0 0 10 0 0 13 5 66 42 0 31 0 0 0 0 19 0 7 44 49 0 78 30 32 0 0 0 62 40 71 0 0 19 0 11 0 10 11 0 0 9 15 37 0 0 0 0 0 0 0 0 7 62 0 0 30 43 17 0 50 8 30 20 0 15 0 0 6 0 0 13 0 77 6 66 0 0 44 0 0 12 0 8 0 5 61 0 13 0 0 0 0 72 0 7 50 2 0 2 54 0 43 0 3 30 24 5 0 0 4 46 0 0 0 0 21 40 36 70 0 0 8 0 0 57 0 0 0 0 60 24 73 48 1 60 0 8 3 0 79 0 0 60 48 0 22 24 32 0 0 15 0 0 17 5 0 0 31 0
 41 16 0 0 9 8 0 0 1 46 0 0 0 19 33 85 0 0 0 86 0 0 31 0 13 0 64 5 6 0 0 0 0 0 21 0 11 0 8 1 0 0 0 39 0 1 0 0 0 67 0 0 0 64 0 0 9 0 0 7 0 0 44 29 20 0 23 0 11 44 7 0 8 0 0 51 0 0 0 61 22 0 41 0 7 48 0 0 0 0 26 56 0 27 77 35 0 0 24 0 0 1 0 0 0 14 0 71 0 52 47 57 24 0 0 90 13 0 0 0 26 79 0 89 0 0 0 0 9 0 0 9 0 0 48 0 51 3 18 0 37 21 7 1 9 0 55 22 46 0 2 19 0 0 79 0 8 0 0 0 0 0 38 0 0 0 0 0 0 0 16 18 0 0 0 0 0 0 76 0 33 0 0 0 64 0 0 20 0 0 0 0 0 27 26 0 27 2 79 0
 0 0 0 0 48 56 67 20 42 0 0 66 0 35 0 23 0 0 89 64 66 18 36 8 74 75 42 22 33 0 48 2 5 0 0 41 99 22 0 3 0 0 40 0 0 0 0 0 4 9 84 0 0 22 0 24 0 0 57 47 17 17 0 8 56 30 0 42 0 2 0 51 0 5 60 53 0 0 18 0 0 2 0 0 0 0 19 37 66 6 0 0 0 33 0 12 0 17 0 0 62 0 14 0 62 0 0 0 0 0 0 7 0 66 0 0 0 0 36 0 10 0 0 0 9 0 25 0 0 39 47 3 34 0 0 0 0 6 0 59 17 0 36 0 0 49 5 0 0 6 0 11 6 45 0 0 0 0 5 7 0 0 0 27 0 12 59 47 0 22 0 0 0 21 0 0 60 0 0 0 91 0 7 0 18 3 0 0 0 0 4 0 18 2 0 50 4 0 0 0
 45 0 33 0 59 0 0 0 37 14 0 11 0 65 0 14 24 17 0 0 0 0 11 0 0 0 0 62 0 0 37 0 0 0 0 0 9 0 2 82 0 0 75 48 23 82 38 0 0 3 53 30 0 56 28 0 11 80 0 0 0 50 0 0 39 0 24 59 0 0 67 0 0 25 32 5 0 0 25 32 0 0 30 0 79 0 0 23 0 0 17 22 40 0 0 35 47 0 0 18 0 23 0 0 0 12 10 0 0 33 16 0 45 8 5 0 0 11 53 23 0 0 0 19 0 0 38 0 0 91 0 0 0 0 0 0 15 0 48 0 0 45 30 37 19 0 0 0 27 0 0 3 17 65 33 34 0 37 4 0 20 0 22 16 0 0 21 0 44 61 0 0 0 4 45 44 1 0 46 42 0 10 54 0 0 0 65 41 61 58 41 3 0 25 0 39 24 73 47 0
 68 0 49 0 18 0 13 2 25 0 58 10 0 0 11 55 43 0 0 63 0 5 31 0 39 0 0 0 15 0 41 36 0 0 9 11 22 33 0 0 0 0 8 0 0 72 11 48 6 9 1 14 74 27 30 18 68 0 0 5 65 0 0 0 0 0 44 14 1 9 34 18 0 0 0 4 0 0 9 0 0 0 3 51 0 3 87 31 96 0 50 2 38 0 0 10 2 29 0 0 0 0 0 90 3 0 0 29 35 0 0 0 11 0 80 0 88 36 23 31 43 26 32 5 6 39 0 48 0 16 76 0 13 0 9 35 63 4 0 5 12 0 39 6 0 0 0 0 5 0 0 0 0 7 5 0 7 22 0 45 0 79 0 46 52 0 0 0 29 0 0 15 0 45 8 0 0 16 0 0 0 0 0 34 0 0 45 0 18 0 0 0 0 43 5 0 49 0 30 0
 18 0 0 34 0 0 0 0 30 9 13 0 21 87 5 0 10 0 46 0 24 0 0 0 0 0 59 13 0 0 12 0 0 0 55 10 32 0 0 0 14 60 0 0 29 0 0 50 12 0 0 0 0 85 5 0 75 0 62 2 0 0 23 0 0 0 38 0 0 51 0 63 0 62 0 0 0 0 0 0 0 0 0 0 0 0 72 0 0 41 3 0 0 3 0 26 0 0 0 4 0 4 42 33 30 0 28 94 0 0 22 28 55 52 8 50 43 38 17 9 7 0 16 0 0 20 0 51 39 5 0 10 0 21 0 0 4 17 0 64 10 0 5 0 0 0 0 0 0 5 0 25 41 0 0 63 58 0 12 0 37 0 42 0 19 2 0 0 0 0 3 0 0 0 18 0 0 21 0 14 21 0 0 62 36 0 71 65 61 13 35 0 0 39 40 0 0 15 11 78
 0 0 23 0 14 48 9 0 81 23 32 5 17 70 77 20 0 0 64 10 0 0 0 0 25 37 73 0 0 0 0 0 69 0 52 48 0 0 0 67 21 0 0 0 34 0 0 2 45 30 33 0 0 0 97 0 0 15 0 0 0 0 0 14 13 65 0 1 1 0 11 0 0 0 6 0 12 2 0 0 70 0 59 0 44 0 0 0 53 53 34 0 6 0 0 3 23 1 81 0 26 0 58 26 5 38 24 36 13 0 92 63 0 52 0 0 0 46 45 0 49 0 0 0 0 40 0 0 51 0 16 0 11 44 9 0 38 23 15 93 0 0 0 0 60 23 0 0 54 12 0 62 24 0 0 0 2 19 0 0 0 44 24 0 39 0 0 0 5 64 25 0 46 45 0 60 0 0 24 60 17 0 0 51 18 32 0 0 0 52 43 16 0 52 58 0 0 44 37 0
 0 69 35 12 0 0 17 61 24 0 42 34 14 11 0 0 0 0 0 0 69 0 24 33 54 0 0 0 53 0 0 32 28 0 0 40 14 3 0 0 0 0 30 6 8 70 46 60 36 81 0 2 0 13 83 14 41 80 0 9 0 2 11 0 0 46 0 40 0 0 0 0 77 1 15 30 17 0 0 0 0 13 0 57 0 6 0 40 95 22 0 0 0 21 21 0 0 0 34 27 48 0 0 0 0 14 36 0 54 0 28 58 0 60 0 0 0 0 0 0 0 0 60 33 21 0 64 0 0 0 4 86 0 22 0 0 0 0 0 0 26 0 0 0 0 4 6 0 21 42 0 0 0 53 19 0 0 0 0 31 0 18 15 0 0 0 8 0 0 0 4 9 0 37 0 0 0 0 8 6 31 90 8 0 19 18 0 0 0 0 0 0 0 53 62 79 0 0 0 78
 19 0 1 0 0 63 35 66 0 20 38 0 0 0 0 0 0 14 0 30 13 29 0 0 0 24 0 0 14 15 0 0 45 0 0 11 74 0 0 10 76 25 26 35 0 25 0 0 0 0 48 0 0 0 32 0 22 34 0 0 66 0 81 14 0 52 4 0 0 0 19 0 0 15 44 10 0 8 0 38 0 10 2 0 31 4 0 8 52 0 0 0 31 12 5 0 0 46 40 0 0 31 0 10 0 0 3 98 0 2 0 0 0 28 0 0 0 0 0 0 42 60 0 23 0 0 3 0 23 34 34 57 0 3 61 7 51 0 35 0 0 0 0 61 0 14 0 95 0 0 1 0 0 0 82 0 0 65 0 0 0 0 0 0 20 3 0 0 3 28 64 24 77 0 7 0 13 23 0 38 60 54 69 0 10 19 0 0 0 0 5 18 0 0 21 3 17 0 33 0
 1 42 0 54 5 0 46 72 41 0 0 0 17 0 0 0 57 0 39 24 0 0 23 26 2 55 44 0 0 0 46 0 0 0 13 29 74 40 4 23 0 5 26 28 0 10 35 0 35 21 6 0 61 21 0 0 0 99 44 0 0 61 72 59 41 0 0 0 0 0 36 0 6 39 49 0 0 0 16 0 0 0 0 0 66 43 0 62 50 15 61 0 0 0 24 0 47 14 0 0 0 0 83 17 0 6 88 88 32 0 85 0 61 15 24 0 0 44 12 0 0 0 58 64 0 77 27 39 0 0 46 0 71 11 4 33 73 13 0 41 89 17 28 0 7 1 39 0 0 0 0 17 0 2 0 0 64 0 0 45 30 0 41 16 0 0 0 78 0 65 0 0 82 76 24 9 0 1 0 61 0 0 0 0 0 0 0 87 91 0 0 0 59 0 69 0 15 3 0 0
 27 11 82 0 0 0 30 0 0 88 0 0 36 17 0 0 0 29 0 0 30 10 41 0 5 41 0 0 17 0 26 0 20 0 6 2 0 0 0 20 0 0 0 20 75 28 0 50 0 9 0 37 88 0 29 4 76 0 78 0 0 62 0 0 0 33 42 0 33 0 0 0 0 67 23 0 80 9 12 0 47 31 19 0 5 16 0 0 53 62 0 35 0 28 0 0 42 0 0 6 36 0 0 0 36 0 0 0 93 41 85 48 0 0 40 76 36 0 0 0 26 6 41 0 13 0 0 80 20 19 34 3 0 19 55 3 20 11 48 1 28 0 61 0 0 0 39 0 0 0 47 53 0 42 0 19 15 0 63 10 0 0 0 0 39 7 89 0 7 57 0 67 0 0 35 22 46 0 87 0 0 0 25 1 39 0 0 59 64 46 0 0 27 7 0 0 49 68 7 23
 0 0 0 21 51 0 0 2 15 17 7 4 0 0 0 0 0 0 18 0 43 0 47 55 0 0 43 91 0 0 30 0 0 9 77 52 91 0 0 68 40 33 0 0 0 0 10 0 0 0 0 11 0 0 0 0 0 11 47 88 0 0 19 4 50 0 0 0 48 0 30 0 27 21 32 1 0 0 0 0 0 0 0 0 84 7 81 45 0 28 38 0 23 11 0 21 61 80 7 0 60 0 65 26 56 0 26 0 37 1 0 11 14 0 0 7 28 0 0 20 57 6 0 55 0 0 0 18 0 19 45 39 0 0 0 88 0 53 0 20 0 0 0 24 0 0 1 0 37 81 5 26 0 83 6 0 0 0 1 0 0 0 5 21 32 0 25 45 0 0 0 4 0 0 13 5 0 84 0 0 75 0 0 0 29 0 0 19 0 0 71 0 0 0 0 39 0 21 10 24
 0 0 26 44 30 19 2 24 0 76 0 0 11 0 0 17 0 0 0 35 0 0 14 0 0 0 0 0 13 0 4 11 0 0 49 0 0 19 62 27 0 0 30 0 52 24 0 92 0 5 0 20 0 39 46 58 0 16 2 8 6 0 43 0 0 31 0 0 93 66 0 0 15 0 7 0 0 15 62 0 3 0 70 0 65 41 0 0 32 0 0 25 0 77 0 0 0 25 6 51 61 0 0 38 0 0 0 0 30 4 12 71 17 63 0 75 12 13 0 51 0 0 0 29 5 0 46 0 43 10 0 6 0 0 33 0 0 0 0 0 48 27 29 27 46 0 4 50 26 0 27 91 0 0 16 0 33 0 0 63 88 84 0 0 10 47 0 17 0 14 0 0 3 0 29 6 69 0 0 0 5 0 59 0 74 76 0 0 29 0 0 20 20 0 0 0 41 34 35 0
 0 58 0 0 32 18 14 16 0 1 19 0 0 0 0 0 15 9 0 70 30 0 20 42 0 64 36 0 4 7 49 42 72 58 0 0 59 18 0 41 0 22 0 0 0 0 0 81 27 98 0 0 3 11 6 0 9 0 0 13 43 1 0 55 0 0 54 28 30 51 2 0 22 35 62 80 0 0 0 0 27 0 0 0 51 0 0 17 0 0 0 17 22 38 28 0 0 18 32 34 12 0 0 47 0 0 18 0 0 12 0 0 34 0 3 76 0 63 0 80 19 0 12 0 0 15 7 0 8 95 31 31 0 0 7 12 8 0 0 51 54 0 0 0 37 14 0 0 24 0 0 47 0 0 0 9 0 45 34 0 27 0 0 0 16 68 0 0 0 0 30 67 39 0 59 29 0 0 0 12 25 0 0 58 0 0 47 2 0 0 0 0 0 89 15 32 0 5 21 0
 0 2 0 0 0 4 37 40 12 10 4 26 0 6 25 47 1 0 0 0 32 20 0 73 0 25 0 0 0 58 0 0 31 0 0 0 0 0 0 5 19 0 0 0 0 25 0 0 0 0 35 20 23 0 2 0 0 0 8 0 0 31 22 0 0 0 0 62 0 4 42 3 0 0 0 1 78 18 0 50 0 0 0 56 0 29 46 41 0 0 0 20 71 79 2 7 95 0 0 0 11 0 0 0 3 16 0 0 0 1 64 0 0 12 0 0 38 16 93 0 0 0 4 32 7 7 29 0 0 45 0 18 14 0 20 0 8 0 53 0 0 0 72 68 0 46 0 0 0 44 0 0 25 0 61 63 3 6 49 0 0 0 65 41 48 0 0 4 67 90 0 0 31 0 0 0 58 0 0 17 3 0 45 19 9 0 0 0 0 28 0 0 2 0 45 26 0 32 56 18
 9 0 30 69 22 64 0 20 7 0 61 0 0 65 0 48 0 0 0 0 0 18 45 0 0 21 18 10 0 62 7 0 25 0 4 52 0 46 0 0 0 5 0 0 0 0 0 0 0 0 0 69 78 58 0 37 0 0 57 0 52 0 22 21 86 0 0 0 29 0 27 0 23 39 8 43 0 18 83 0 1 0 20 0 0 0 2 2 0 0 29 6 0 0 54 73 72 46 0 86 56 27 21 68 0 0 86 71 89 18 32 3 0 58 31 34 4 0 0 0 0 50 0 0 0 0 4 2 23 0 0 58 0 0 41 15 0 0 43 84 16 0 0 0 0 36 21 8 0 0 3 0 0 0 15 0 0 8 0 76 0 18 40 64 0 0 0 0 27 18 0 0 27 0 40 0 0 7 1 21 0 66 0 0 0 62 39 0 0 0 55 0 0 57 0 46 0 46 50 16
 17 8 66 45 40 28 0 15 64 0 0 0 29 42 20 0 57 38 0 0 0 0 0 0 0 27 2 0 92 50 0 59 1 31 0 31 62 52 0 0 61 13 0 0 0 0 5 0 0 0 0 0 60 95 0 33 19 0 31 0 54 38 11 0 9 0 0 23 0 10 0 0 77 1 48 41 0 31 44 0 27 76 61 76 70 22 4 13 0 10 4 60 0 0 25 0 0 0 0 0 17 0 0 0 0 9 49 0 0 79 15 0 71 14 0 0 42 39 35 62 0 0 0 0 0 0 26 7 30 0 0 54 0 0 52 0 45 40 0 0 0 40 8 62 0 10 0 26 68 0 0 0 7 0 66 84 68 0 0 0 0 31 44 0 0 12 0 0 31 0 0 0 39 11 4 67 0 0 0 0 68 1 7 20 11 19 0 0 0 36 14 0 16 42 14 0 0 0 49 49
 0 0 0 0 0 3 0 37 54 64 0 50 36 0 35 26 62 0 47 0 0 2 0 47 0 34 3 0 27 0 27 37 45 0 31 0 0 0 0 11 0 0 0 0 74 0 15 0 3 7 0 44 1 59 0 0 0 28 0 35 0 22 50 39 16 23 0 0 0 31 18 79 42 70 45 55 57 23 0 82 17 0 0 10 0 0 84 0 23 0 15 41 0 0 56 62 0 0 19 0 0 0 0 21 0 0 52 0 0 52 0 0 17 53 0 39 47 65 9 0 0 54 61 0 0 0 0 30 29 11 0 0 0 0 0 53 0 0 0 0 0 0 32 86 71 0 0 86 0 9 0 0 48 0 0 16 0 3 0 0 0 0 0 0 6 0 55 6 0 13 0 0 0 0 0 0 50 0 0 0 0 0 49 44 17 14 0 0 0 46 33 24 0 0 4 0 31 6 4 0
 31 62 0 65 0 34 0 31 0 0 51 15 69 29 18 24 0 0 97 68 0 1 0 15 36 0 0 16 15 0 0 21 5 0 8 2 0 0 56 12 0 0 0 38 17 21 26 0 4 0 27 0 0 0 88 53 0 31 0 9 88 0 3 64 15 58 91 0 12 2 0 25 10 60 12 0 43 0 30 12 47 16 77 0 0 48 16 0 0 19 48 4 1 9 28 74 0 0 0 9 75 0 34 0 7 0 1 33 13 0 19 21 0 0 0 95 9 31 22 0 0 26 50 0 27 0 67 0 0 21 0 22 34 86 34 0 49 0 16 10 0 79 14 0 0 32 37 0 0 0 0 67 15 16 28 0 0 0 37 16 18 0 30 57 34 0 0 0 0 0 0 51 0 1 3 0 61 0 0 0 0 74 0 59 0 51 42 0 0 19 79 0 0 4 0 48 46 0 0 32
 22 48 0 43 0 0 57 0 0 7 9 21 10 65 27 77 0 5 44 0 0 61 0 17 10 0 0 2 72 26 23 8 6 0 0 24 0 0 14 16 0 0 0 8 0 54 0 8 8 35 0 0 0 71 0 0 12 0 18 11 7 0 0 82 0 7 64 54 59 0 0 0 46 56 30 0 72 36 0 0 0 9 0 39 47 81 36 0 11 34 0 0 0 0 21 0 64 0 51 6 0 0 0 13 0 69 0 0 0 67 0 0 2 39 53 89 0 0 0 37 3 7 0 0 0 25 32 0 11 4 0 20 0 41 44 49 0 0 79 0 0 0 41 45 9 0 72 16 0 76 0 0 17 0 0 43 28 45 9 0 81 0 86 0 32 46 9 48 0 0 65 0 0 0 34 0 14 0 51 0 36 10 31 0 0 1 52 65 0 0 0 0 0 0 0 0 3 0 0 0
 0 15 0 0 36 0 12 0 19 0 0 4 40 0 29 0 0 9 29 42 0 70 47 0 22 12 65 0 0 0 4 52 0 0 93 0 81 0 0 0 0 0 0 0 24 0 0 3 0 0 36 26 0 15 0 21 60 37 0 0 0 0 41 0 42 76 0 0 14 14 0 26 0 0 48 0 0 14 24 57 0 0 0 0 12 41 0 0 24 0 0 0 23 0 56 0 0 0 49 68 0 27 12 0 47 59 76 0 0 66 1 0 0 13 42 0 27 47 25 0 0 0 38 79 0 0 77 0 0 37 0 0 60 15 0 0 1 25 14 2 0 0 60 0 15 3 0 17 0 44 0 0 0 0 19 49 0 44 0 6 0 0 15 0 76 13 0 0 35 0 0 13 9 0 0 0 1 36 0 33 38 37 0 0 0 71 66 74 0 54 66 0 66 0 0 0 0 0 68 0
 25 0 0 0 0 24 20 0 0 0 0 19 3 0 4 37 40 24 36 0 0 44 0 0 0 73 0 0 0 0 0 25 0 82 0 38 0 12 10 21 33 0 0 0 14 32 11 7 0 0 0 41 0 0 26 25 30 14 35 5 0 0 0 69 0 0 0 21 0 49 0 0 46 75 0 0 0 28 0 0 0 5 0 0 0 0 0 57 64 16 0 0 0 0 57 73 60 0 0 57 0 47 12 0 0 0 35 0 6 2 30 81 0 9 0 0 0 32 18 15 0 39 37 22 0 0 0 0 7 0 69 47 81 31 0 0 13 0 0 0 0 0 41 1 0 0 23 15 0 0 67 0 87 0 17 0 0 35 30 0 56 43 0 0 25 0 0 46 43 0 30 14 80 70 28 0 0 0 24 23 0 34 6 0 33 97 0 58 0 50 73 9 13 4 0 23 19 33 0 85
 0 1 30 2 0 70 78 0 35 0 9 0 18 28 49 46 0 0 0 11 19 0 0 0 79 0 0 0 48 4 85 0 33 0 0 13 0 43 58 64 5 11 9 73 0 0 19 0 0 0 2 0 0 71 0 21 0 0 38 0 3 0 0 0 61 0 5 13 5 5 17 19 0 50 36 0 0 0 0 42 13 0 59 0 36 0 59 0 0 0 0 0 0 18 18 54 0 5 23 40 19 0 73 0 0 0 0 61 89 0 0 33 0 0 17 0 14 0 17 90 0 36 24 0 0 0 0 0 0 35 0 0 13 0 49 0 14 0 0 50 0 0 0 0 0 18 0 3 11 0 37 0 78 0 0 0 0 0 12 0 0 40 0 5 62 15 0 0 47 0 0 0 11 0 62 6 41 0 8 13 20 57 29 0 0 14 0 0 0 0 65 55 6 0 0 19 0 0 0 0
 10 0 19 0 0 40 2 0 12 0 0 71 0 4 0 9 0 0 0 36 0 0 0 74 0 0 0 11 0 5 6 42 71 0 49 0 0 0 26 22 0 0 0 88 3 0 52 0 85 9 0 59 0 0 76 22 70 0 7 65 19 27 0 20 7 0 0 61 0 64 0 46 0 0 32 0 0 0 24 22 41 0 70 0 27 0 24 35 7 31 38 0 96 21 0 0 4 0 0 0 13 0 81 0 0 90 3 0 0 0 52 0 37 0 0 0 0 0 3 0 0 0 0 32 0 0 0 0 0 0 0 0 0 30 22 57 0 56 15 88 60 0 0 0 0 49 28 40 0 16 43 0 4 0 9 12 0 80 68 57 0 0 25 18 0 16 0 11 0 20 23 0 1 0 42 0 0 0 27 16 0 0 3 0 94 0 1 0 14 0 15 0 0 0 15 0 0 49 0 8
 0 83 13 18 0 0 0 0 0 0 37 0 0 0 72 49 11 0 0 0 0 0 0 0 19 28 5 0 0 0 37 0 0 50 0 0 0 23 34 59 0 81 0 0 4 0 21 0 67 0 50 63 22 10 35 0 21 0 49 0 0 0 33 0 0 0 0 0 39 0 11 6 87 7 66 0 30 0 66 12 0 50 0 88 42 0 2 32 8 94 0 0 0 0 6 0 0 10 0 0 0 0 22 0 55 0 0 0 8 0 0 0 0 53 30 0 0 0 0 0 17 22 4 89 0 0 0 54 31 26 59 0 0 0 68 22 32 19 0 0 0 0 0 49 0 97 2 12 2 0 0 0 19 0 0 32 22 69 0 0 26 0 35 0 0 0 0 39 0 11 0 0 41 40 20 43 3 0 0 60 35 0 0 0 0 60 10 0 0 0 0 0 21 0 0 0 32 0 39 23
 72 53 50 0 0 36 70 41 2 49 0 26 32 0 0 0 20 29 39 0 0 0 56 41 40 0 0 0 0 0 0 21 8 31 0 0 0 0 6 0 0 47 13 1 0 0 80 53 0 12 0 0 8 0 81 0 0 0 0 0 20 0 17 0 0 0 0 0 2 0 0 12 0 98 53 0 0 36 9 34 0 36 50 0 0 0 0 0 37 0 1 0 0 0 0 0 10 0 0 17 56 0 50 0 0 0 21 0 21 9 0 0 30 0 4 46 0 18 0 7 53 34 0 0 79 0 11 63 0 15 35 35 0 12 0 0 0 35 0 0 0 0 27 38 0 0 0 0 0 0 0 0 0 0 76 0 0 47 37 53 5 0 22 0 51 29 64 28 19 62 20 32 0 16 0 0 10 14 20 0 39 25 34 33 0 45 75 39 1 29 0 0 46 0 0 24 0 77 0 0
 51 0 0 14 0 0 0 0 52 84 31 70 0 59 9 0 0 42 0 0 0 0 27 58 0 93 0 0 2 0 29 0 0 13 64 0 0 0 22 9 0 0 58 0 72 0 0 0 23 69 0 0 36 25 0 0 0 0 0 0 0 0 44 0 0 0 0 0 0 7 0 0 0 0 56 18 0 0 71 0 0 21 0 0 36 0 40 0 0 0 61 0 0 0 19 0 0 9 0 33 10 0 0 45 54 2 0 56 6 0 2 0 32 16 26 0 10 60 0 0 37 27 0 0 0 0 48 18 0 2 0 88 0 74 29 51 0 0 0 24 0 0 78 12 40 0 0 33 0 0 76 4 70 0 20 0 0 14 0 0 0 0 0 18 2 41 0 37 0 0 0 11 31 0 33 0 24 31 0 0 9 6 0 0 69 0 46 0 0 0 0 0 0 15 0 0 0 0 0 7
 0 0 41 0 24 16 0 0 0 63 2 18 0 37 15 42 0 0 33 0 0 69 61 39 58 0 0 32 43 4 0 9 0 0 0 29 18 0 0 0 63 0 55 0 20 40 0 78 0 0 0 0 0 58 69 0 0 18 22 0 5 0 0 0 0 0 77 57 45 27 37 13 70 32 0 40 26 45 8 54 0 0 44 0 53 0 0 0 21 0 85 40 0 0 46 0 57 36 0 0 39 71 33 0 9 5 0 0 33 0 0 0 0 0 0 0 19 0 0 0 0 0 27 41 0 0 0 0 0 0 0 0 77 0 0 0 34 13 25 11 68 17 14 0 0 0 8 0 13 0 0 21 72 50 0 29 0 0 0 0 20 27 0 1 89 0 0 27 0 0 0 43 59 0 0 67 60 0 0 38 38 19 0 20 27 8 0 3 18 0 0 19 0 20 0 27 0 0 0 24
 39 88 0 0 14 12 21 3 30 0 0 9 0 0 0 0 0 28 0 0 0 0 21 0 0 69 0 10 23 95 0 16 0 0 27 37 0 68 0 3 0 55 52 0 0 30 0 59 65 29 32 63 41 72 0 0 2 24 0 67 44 9 0 9 42 0 0 0 90 51 51 30 0 59 39 0 57 0 33 85 0 55 17 0 44 0 0 0 67 0 11 33 0 0 0 80 33 0 0 9 0 3 34 0 43 13 0 17 0 3 0 60 31 0 0 25 21 0 46 22 0 31 0 52 0 0 0 0 19 65 2 45 63 6 4 46 0 0 0 64 0 52 0 0 0 0 39 0 0 0 89 45 17 22 21 9 5 0 21 31 52 0 8 27 1 3 0 44 2 5 0 0 0 30 19 0 2 0 30 15 19 22 0 25 44 0 13 0 36 0 0 49 32 24 0 0 29 84 6 8
 0 0 56 0 10 62 0 2 0 0 0 0 8 0 1 78 1 0 0 0 0 0 12 0 0 33 0 46 42 2 38 0 0 3 76 0 0 39 0 35 25 43 6 0 39 50 0 10 0 0 12 11 56 4 0 77 0 1 0 22 0 53 0 0 0 0 47 0 0 0 32 56 25 0 5 0 17 80 41 0 31 0 38 0 0 11 22 78 5 9 0 0 19 6 18 0 18 11 42 0 10 0 0 0 0 0 0 0 9 2 0 0 19 42 93 54 13 0 16 36 46 0 0 40 11 10 12 11 19 14 15 39 23 3 24 63 0 0 68 34 17 0 0 0 0 24 57 0 43 1 1 42 0 16 14 83 0 0 0 7 0 19 12 18 0 83 54 0 0 66 0 10 32 19 30 0 0 39 53 15 0 0 0 0 0 25 42 0 67 81 48 49 0 12 54 0 14 11 0 6
 0 37 57 0 2 0 0 33 0 0 0 9 0 0 0 85 67 0 9 30 0 0 0 0 0 36 0 3 0 25 0 15 3 15 65 0 5 6 6 0 0 17 0 16 61 56 0 47 0 27 0 0 0 18 57 50 37 0 0 6 0 0 35 0 0 55 0 11 0 76 15 0 0 0 0 0 0 0 25 0 12 22 37 71 0 5 31 0 6 0 0 0 0 0 28 15 4 82 0 26 0 82 0 19 0 0 7 57 0 0 0 17 42 0 0 38 0 87 0 7 0 48 0 55 18 0 0 36 0 18 0 0 0 0 0 0 0 0 0 0 0 0 8 0 24 0 0 33 44 32 0 29 0 38 0 77 55 60 17 91 18 0 0 20 2 6 56 0 0 12 0 0 0 51 12 8 0 6 0 84 49 0 2 0 31 13 0 0 4 35 86 23 0 1 30 83 13 67 8 0
 0 0 0 36 56 26 31 0 69 0 27 0 25 40 71 23 24 11 42 0 53 20 31 0 7 0 88 0 12 0 13 8 60 0 12 0 0 23 0 69 75 18 64 26 35 81 9 0 40 0 57 0 46 37 76 49 0 14 88 1 13 65 0 44 7 0 0 16 0 28 0 0 0 0 15 0 0 30 66 51 0 0 47 0 0 0 0 17 0 45 0 23 0 67 28 15 46 0 32 0 0 57 6 0 17 38 0 15 1 31 0 30 29 29 86 33 0 0 0 55 0 66 3 0 0 20 87 79 71 60 0 60 0 28 18 0 0 0 0 91 3 0 0 0 0 1 0 0 0 0 0 0 0 0 22 0 0 0 0 54 31 16 31 45 32 97 60 0 50 0 26 23 17 83 20 39 0 29 0 0 14 74 0 85 0 0 0 0 0 0 0 0 77 34 0 0 27 0 12 28
 0 0 60 0 45 0 17 0 12 0 0 56 0 2 0 0 39 33 38 63 84 0 44 70 0 0 14 0 19 0 11 0 13 0 2 0 0 0 0 38 0 0 0 34 4 57 0 24 60 0 33 59 29 13 0 27 52 58 0 21 0 0 3 0 0 0 0 1 56 0 0 0 58 64 39 3 0 0 0 16 40 0 0 5 34 0 0 0 0 0 0 0 0 5 6 40 37 0 31 0 36 9 0 0 40 73 0 56 0 0 0 2 41 53 17 15 0 0 16 45 0 0 13 0 36 0 0 42 0 93 0 3 46 62 0 0 2 13 56 38 10 51 0 0 0 66 0 20 0 27 0 15 59 42 0 0 77 26 0 0 6 9 0 58 0 68 40 0 0 0 0 13 5 0 0 12 30 0 0 0 0 0 0 22 52 0 40 0 20 0 0 0 0 0 0 0 0 28 9 0
 0 10 48 0 0 0 0 17 0 14 0 19 5 51 0 39 0 0 0 14 0 0 55 1 0 26 0 0 0 4 14 44 0 0 0 0 42 0 76 48 17 0 0 0 0 72 0 0 0 61 0 52 36 11 36 0 0 47 0 20 1 6 16 24 0 47 0 0 83 0 18 31 0 0 0 23 0 1 0 49 0 18 69 15 19 0 75 0 62 24 2 27 0 0 0 0 56 0 0 0 10 0 38 0 22 0 0 22 0 52 0 12 11 13 0 50 0 58 0 0 0 0 0 0 0 25 71 0 0 0 0 0 50 0 0 0 3 0 0 0 51 22 94 0 42 0 0 21 0 47 0 7 33 0 0 0 0 0 61 0 9 0 3 67 0 0 0 0 42 0 0 0 0 0 80 0 0 0 26 25 68 14 0 18 0 78 0 0 19 24 88 0 54 0 13 0 31 38 0 58
 0 37 7 0 0 0 0 0 56 54 0 82 0 32 0 0 0 9 0 27 20 92 0 19 19 24 0 44 0 2 0 0 0 0 0 0 0 0 0 97 9 0 25 58 0 47 0 33 0 0 76 0 0 28 0 25 0 23 0 20 0 43 20 0 0 15 0 22 80 3 0 0 79 0 16 0 0 0 0 0 26 0 16 59 11 38 0 0 0 1 4 37 69 65 0 0 0 27 14 0 55 0 0 15 0 4 15 0 92 0 0 76 0 0 12 28 47 0 71 0 15 0 0 41 12 50 0 9 11 0 0 3 54 33 4 0 0 40 0 0 12 0 16 0 0 70 0 0 3 0 4 0 33 12 24 29 0 0 6 0 0 3 0 0 46 0 0 34 83 0 0 0 0 0 7 0 29 31 76 28 30 81 0 0 0 6 0 0 46 64 82 0 14 29 0 0 0 16 0 0
 63 0 0 30 29 52 30 0 44 0 28 0 0 41 0 81 0 0 0 0 0 26 0 16 0 0 36 0 0 0 53 0 17 28 53 46 0 0 0 0 51 86 0 0 23 6 0 18 0 2 0 25 0 61 19 0 86 14 49 3 39 16 0 80 0 0 50 0 35 9 29 27 0 47 35 39 39 46 0 98 0 0 0 43 28 17 0 0 0 8 3 55 11 65 0 3 36 0 5 33 27 49 0 12 55 19 33 72 49 50 0 25 87 58 46 23 0 0 52 40 0 0 0 24 50 0 0 0 0 0 0 26 6 50 0 0 15 16 30 27 0 0 28 25 0 0 35 0 0 0 0 17 74 0 5 0 86 0 29 0 0 10 68 0 46 6 14 0 21 49 0 51 0 0 0 22 0 0 5 0 74 9 0 0 0 17 36 22 59 66 4 61 0 7 0 11 0 59 0 0
 81 0 26 0 0 13 1 0 0 0 0 20 0 0 50 0 61 0 0 10 0 0 0 0 52 0 30 0 0 2 0 41 26 0 0 0 61 2 0 0 0 0 0 0 12 10 0 0 10 0 9 0 50 10 0 75 0 0 0 0 0 0 62 20 0 21 13 0 0 17 0 0 0 19 0 0 0 18 30 56 0 0 0 0 89 0 26 41 0 0 24 0 0 7 0 24 51 0 30 3 0 0 66 0 0 2 0 0 0 16 0 60 0 0 42 0 23 0 25 24 0 8 64 57 55 0 41 1 0 0 0 30 7 39 81 33 43 65 0 23 0 8 36 0 15 0 0 0 0 0 0 0 1 0 61 1 0 6 2 0 0 74 0 6 0 0 27 0 0 10 0 16 46 18 29 73 11 0 46 8 49 0 0 0 0 68 52 0 55 0 7 76 0 65 77 87 5 0 0 51
 33 13 0 0 0 0 39 0 55 63 62 12 14 0 0 0 0 0 0 0 0 0 14 10 0 28 42 71 7 46 0 1 78 0 10 25 0 5 10 0 0 22 0 0 0 0 0 0 28 0 32 56 0 34 30 0 0 0 0 0 0 42 0 73 0 54 0 0 0 10 37 2 45 31 10 9 8 0 0 30 8 52 0 0 62 38 31 0 0 14 0 0 80 0 27 3 40 23 4 30 15 9 64 0 0 0 34 0 18 0 0 0 15 0 45 8 0 0 0 24 28 0 0 32 0 38 29 0 43 61 0 9 0 34 60 37 0 0 10 0 0 0 0 22 11 92 27 0 0 0 7 0 0 0 0 8 31 0 0 0 16 36 0 0 5 0 38 0 0 48 78 0 75 0 0 21 0 0 0 28 54 0 0 36 6 64 0 51 0 0 18 0 0 0 82 0 82 14 79 0
 48 81 0 0 0 0 0 49 0 0 0 3 12 37 52 58 0 88 0 1 0 14 2 0 0 0 14 92 39 0 0 27 9 29 0 0 51 0 78 0 38 0 0 0 0 0 43 33 37 56 0 0 0 0 2 43 5 40 37 0 28 27 0 0 0 0 0 0 29 10 0 0 0 10 0 57 35 0 0 4 71 0 39 75 0 0 43 0 0 0 15 0 51 0 65 15 0 39 0 55 0 0 77 0 27 21 0 7 38 16 62 60 0 0 0 0 60 0 18 75 0 0 0 0 74 15 0 0 26 8 0 20 0 0 0 0 0 83 57 26 10 0 0 0 68 0 27 23 19 23 0 37 0 0 0 0 35 76 51 13 6 18 0 53 0 0 0 0 0 65 59 0 0 28 0 24 62 0 0 16 15 0 0 55 0 0 35 0 20 0 0 7 50 20 21 4 0 36 5 0
 0 83 0 19 0 73 15 56 42 36 0 0 0 0 1 61 0 0 43 0 0 47 1 47 37 26 0 0 0 59 0 50 53 0 0 0 0 0 0 9 0 11 0 42 1 0 33 0 49 15 0 0 0 55 2 0 0 0 27 0 32 0 0 0 0 24 0 48 16 0 20 0 0 30 50 73 37 0 40 0 37 44 55 10 0 19 24 100 75 0 0 0 26 0 0 0 20 0 26 11 0 0 0 10 0 0 0 36 0 9 78 59 0 0 0 0 21 75 35 61 0 0 12 0 1 44 0 14 0 0 0 47 14 7 35 50 33 35 35 59 14 0 0 0 0 0 30 38 0 0 0 49 42 0 18 0 0 4 14 31 2 10 0 55 0 0 0 0 0 37 52 0 36 0 21 35 7 28 4 28 7 0 40 0 32 0 0 0 0 0 0 6 0 32 0 3 0 50 41 14
 40 0 2 15 33 41 15 0 0 0 9 0 66 2 0 0 0 0 0 0 0 37 0 22 45 0 0 0 3 0 51 0 8 0 19 0 0 37 0 12 0 26 0 0 21 0 0 0 47 20 0 73 0 83 0 0 0 0 0 87 0 2 19 16 49 0 56 0 0 0 46 0 0 0 39 0 0 0 0 50 23 0 44 2 3 83 38 0 51 20 14 0 0 25 36 0 32 40 0 0 0 0 0 0 43 2 0 17 42 5 86 50 57 0 0 0 0 64 0 0 0 8 54 26 75 0 67 4 72 0 0 0 46 7 3 7 13 25 9 24 20 39 0 10 0 0 0 0 0 0 32 0 0 0 50 26 0 17 0 0 68 16 0 65 64 15 0 0 0 1 0 28 0 54 18 0 0 0 18 16 29 0 26 12 0 9 0 0 73 0 30 0 0 32 0 71 47 0 48 10
 15 5 0 62 0 0 0 0 33 9 0 0 59 3 0 0 38 9 10 0 0 33 0 18 68 69 0 0 0 0 0 64 56 67 0 17 0 52 0 0 24 0 15 57 19 0 0 40 23 0 0 11 63 0 0 0 42 0 0 0 4 78 42 15 0 36 0 0 11 0 0 0 0 45 1 51 28 0 87 0 11 0 0 0 34 0 19 37 0 8 4 0 0 62 0 78 0 36 10 24 86 0 9 23 0 0 0 0 0 53 0 0 93 8 3 3 19 0 0 72 1 27 39 47 8 69 30 0 0 11 0 0 63 0 0 24 59 27 79 7 28 22 13 0 72 0 13 0 0 30 0 0 0 87 65 8 60 25 0 0 69 0 0 29 0 0 0 0 19 30 11 0 41 0 56 50 0 0 2 0 0 5 5 8 0 11 0 38 69 72 0 0 0 49 17 0 53 67 0 75
 80 54 0 3 0 21 1 31 29 0 22 86 0 0 0 83 0 0 0 1 49 0 0 27 0 0 0 31 25 57 70 47 39 0 35 9 0 0 8 50 0 82 41 34 0 23 0 2 75 0 15 0 0 0 0 59 66 0 18 0 5 70 31 0 0 0 0 29 93 9 10 0 43 0 0 0 0 0 27 37 30 0 0 0 0 16 0 25 0 0 27 0 0 0 39 0 15 36 58 0 29 62 0 59 5 0 0 23 2 0 0 0 0 0 68 67 54 0 22 0 19 0 20 30 12 0 55 0 0 7 0 0 41 16 62 27 0 35 0 0 0 45 46 3 19 43 0 67 0 0 24 28 0 14 12 0 0 9 0 24 1 0 0 75 24 4 0 0 0 50 0 52 0 0 0 1 0 2 0 26 0 0 19 0 0 30 48 11 0 0 0 35 0 0 30 0 0 0 63 31
 25 0 0 0 66 34 0 67 21 72 0 0 0 29 53 0 0 0 0 19 0 20 61 4 65 51 1 15 0 0 17 0 36 0 0 0 0 44 0 28 58 30 1 2 0 22 23 0 24 0 76 0 0 8 46 75 34 33 0 78 0 0 0 0 0 0 0 73 42 2 0 11 48 32 24 0 0 58 56 0 28 0 0 0 69 0 37 95 36 21 7 45 9 71 10 7 12 0 0 0 0 0 0 0 0 0 0 0 0 0 0 0 41 12 0 0 18 0 42 0 0 0 28 0 4 7 0 42 0 27 0 3 0 37 10 46 56 0 0 0 0 53 0 46 0 9 0 1 0 25 0 53 7 0 35 83 34 0 19 0 37 60 19 42 0 0 52 34 0 0 9 0 0 0 9 0 24 4 23 0 78 0 27 52 0 0 21 1 26 36 72 22 51 0 0 0 20 0 0 24
 28 0 54 68 0 0 0 0 20 0 64 62 0 0 0 46 0 65 4 0 0 0 0 35 64 42 15 3 57 10 13 57 38 0 41 0 0 0 0 30 0 11 0 0 20 0 57 0 0 24 17 0 0 15 0 33 0 21 39 0 44 0 0 11 79 16 0 5 0 51 28 0 80 33 16 26 27 0 52 86 14 37 0 0 31 0 0 0 11 71 70 0 63 11 35 62 0 1 0 22 0 14 0 0 0 39 10 0 0 78 0 0 31 40 0 0 0 0 0 22 75 87 32 0 6 0 42 5 0 46 0 0 0 31 0 0 82 0 0 0 0 77 1 0 53 21 87 40 70 27 4 0 0 27 62 23 24 76 0 53 0 57 23 47 40 0 45 5 8 0 0 23 59 5 43 0 0 0 27 0 0 0 21 56 0 0 0 64 0 10 0 10 86 0 0 0 63 89 0 9
 43 89 34 0 33 38 92 49 0 0 0 0 55 0 13 0 59 0 0 51 0 2 30 0 0 0 49 14 38 0 16 40 31 13 0 59 42 27 28 0 0 0 0 0 10 0 23 21 0 0 0 12 46 0 34 0 0 37 0 0 0 0 0 12 34 40 0 36 36 58 0 0 35 46 69 25 11 0 7 0 0 27 0 0 0 11 3 86 0 0 21 0 0 46 1 0 0 13 64 0 0 0 0 0 13 13 0 0 0 44 0 9 0 0 40 35 31 0 13 0 2 0 13 0 0 78 0 0 0 0 15 0 0 0 0 8 0 24 2 0 32 0 0 0 0 0 0 0 36 0 0 19 0 0 21 0 0 5 0 24 10 0 7 14 39 22 20 43 7 54 0 0 32 0 68 39 0 0 0 0 39 0 0 0 67 23 19 8 0 0 11 0 65 13 0 77 0 82 0 0
 34 0 0 69 0 0 50 0 0 2 0 13 0 0 0 0 72 0 6 26 0 0 13 15 0 0 0 36 26 0 72 0 0 0 0 34 75 55 0 0 40 0 0 0 52 0 0 24 45 0 24 4 36 21 47 0 0 0 86 18 35 0 0 0 0 0 0 0 0 0 0 7 0 81 0 0 42 0 0 0 0 30 8 22 57 0 0 22 0 20 0 0 0 0 9 53 0 37 0 0 0 74 0 42 0 39 0 0 64 0 0 0 49 0 0 0 0 0 0 0 24 0 0 18 20 0 0 0 0 0 0 31 0 0 0 0 9 0 41 0 0 46 0 10 62 44 31 40 9 6 27 0 59 0 4 4 39 0 47 0 1 11 47 0 0 0 66 0 0 77 0 64 33 52 0 0 6 3 0 1 1 0 12 0 0 10 70 0 58 31 44 0 0 43 61 0 0 1 0 0
 0 39 35 19 11 18 0 0 68 0 5 19 4 46 0 0 0 0 0 6 0 70 50 0 0 0 82 0 0 41 0 9 0 77 0 0 16 0 68 20 0 41 0 20 16 75 0 0 19 0 0 0 0 0 0 81 29 45 41 0 28 66 0 0 49 0 0 24 4 0 0 22 49 21 29 51 0 0 0 0 0 8 12 0 0 0 0 26 15 0 10 0 0 71 0 93 35 0 70 0 13 5 0 0 36 0 50 0 82 0 0 0 0 13 13 53 0 0 0 0 10 88 6 0 45 42 87 32 33 0 12 9 0 61 0 11 8 9 41 57 0 0 0 74 0 11 0 18 55 74 0 35 14 0 0 5 0 0 0 0 75 0 0 12 0 4 0 56 0 0 0 0 0 25 28 0 0 5 0 2 0 0 86 0 0 29 0 59 0 4 0 11 7 34 0 2 0 0 37 0
 39 43 1 10 0 22 0 42 0 0 0 33 9 0 0 21 6 0 6 46 0 24 0 0 0 2 13 0 14 0 0 60 14 0 0 0 58 0 0 23 22 3 0 0 0 60 0 43 0 4 3 0 0 72 0 16 0 0 0 0 74 14 0 0 28 22 30 0 80 0 69 0 62 0 70 0 0 0 0 0 0 0 17 0 0 0 0 0 0 18 0 0 4 35 10 0 42 0 40 8 0 21 0 0 0 31 25 0 24 0 0 0 0 0 0 6 0 0 0 0 22 16 0 80 33 7 30 66 86 79 0 0 0 35 0 20 0 36 5 13 0 0 0 0 8 0 0 31 0 0 22 6 0 18 1 49 0 0 0 66 23 1 0 45 0 0 0 60 30 0 0 0 0 0 30 0 0 37 30 0 13 4 0 78 31 0 13 15 0 56 16 0 27 0 0 0 24 0 0 59
 0 0 13 0 20 21 42 67 0 0 37 59 26 0 0 13 0 0 0 26 0 11 30 26 18 0 0 4 10 28 0 0 0 0 0 24 33 36 67 0 2 0 15 1 0 0 47 27 0 27 0 56 0 60 0 15 0 0 7 0 0 0 3 0 11 12 13 23 9 24 0 0 0 75 0 0 3 0 0 70 93 7 0 72 4 0 0 2 0 0 0 42 0 0 0 3 38 94 0 98 68 0 0 0 23 0 0 0 50 0 11 11 0 69 6 0 0 6 15 79 78 13 0 5 0 0 0 0 71 6 34 12 20 0 20 0 0 0 18 48 0 21 0 0 2 0 66 5 0 0 0 56 70 34 3 35 0 0 22 0 0 70 0 34 0 0 0 0 48 0 32 0 10 0 21 0 57 0 71 14 25 35 0 0 47 0 0 0 0 27 7 0 0 7 66 0 13 18 47 0
 0 0 0 0 0 0 0 79 64 0 0 6 13 0 44 0 0 9 0 0 24 0 34 13 0 12 27 47 24 0 12 0 61 0 24 57 8 0 0 0 21 24 51 71 0 30 46 0 0 0 55 69 18 20 0 0 0 60 7 0 0 0 87 30 9 0 16 0 0 20 0 11 52 5 65 29 43 0 46 0 0 15 0 0 0 0 65 0 34 0 0 37 1 0 12 0 0 14 62 0 28 33 21 0 10 15 11 0 0 0 0 64 95 0 38 0 30 0 0 34 20 57 28 88 0 34 0 4 0 0 0 18 0 0 2 0 30 60 0 19 70 25 0 0 0 7 0 13 72 24 4 34 88 0 0 0 12 0 0 0 41 10 37 5 0 0 0 15 0 30 0 20 23 0 0 1 37 6 0 81 39 45 46 0 35 0 37 0 52 0 42 16 40 15 0 77 45 0 0 28
 0 0 0 10 0 11 0 0 23 67 0 0 16 0 0 0 0 0 23 5 0 0 0 20 6 23 0 0 0 28 0 52 0 0 0 25 21 0 25 52 35 0 0 0 11 18 0 4 48 15 65 0 79 0 13 0 22 31 0 5 0 0 49 0 20 81 0 0 0 0 0 59 38 0 0 2 0 13 0 15 16 35 41 0 0 0 0 0 10 0 54 42 0 71 15 42 0 0 29 10 0 0 62 0 41 0 0 30 0 76 67 56 94 32 44 14 15 0 0 20 1 0 4 0 0 0 16 0 14 0 0 0 71 0 37 42 0 0 3 0 0 0 35 0 89 30 24 13 45 0 14 34 42 71 0 0 9 44 0 0 0 0 30 82 16 0 42 0 45 10 0 0 0 0 5 3 0 35 3 86 45 0 14 0 19 63 0 0 0 6 0 86 67 0 49 3 16 0 10 17
 0 0 0 49 61 30 71 0 62 44 0 74 27 0 0 12 7 64 5 12 0 0 5 0 0 26 28 8 13 8 0 25 2 8 86 7 0 55 49 0 38 0 0 6 0 58 68 11 0 9 0 16 70 48 0 0 36 24 0 0 0 0 0 0 0 93 0 13 37 36 0 0 41 0 0 0 42 0 6 37 0 0 0 0 27 0 51 20 38 0 0 18 26 38 68 0 27 0 0 21 64 0 60 6 67 4 0 0 0 10 26 4 63 0 0 55 1 0 28 0 12 0 1 43 75 21 0 0 0 31 0 0 0 49 0 35 0 0 51 0 78 8 9 13 0 14 0 18 0 0 6 0 0 22 14 36 0 0 0 0 0 0 0 0 87 9 0 0 32 0 35 19 40 4 0 0 0 11 34 0 9 0 0 0 79 0 0 15 22 78 31 34 0 29 0 0 0 58 0 29
 0 50 44 0 0 0 0 27 5 0 3 9 3 45 46 40 61 67 9 0 22 54 29 0 0 9 0 41 0 49 16 10 8 0 41 0 0 54 0 0 72 0 5 0 7 20 39 0 0 0 13 0 14 0 8 56 0 61 12 43 55 48 56 0 58 25 58 60 0 0 29 20 12 53 6 0 0 8 0 0 0 54 4 0 14 0 31 41 42 49 0 8 0 70 0 0 0 20 0 33 1 15 39 0 5 0 0 0 0 81 0 69 0 0 20 0 15 53 28 53 0 0 33 66 0 38 13 11 20 0 37 0 0 0 0 38 48 0 2 0 17 0 2 0 0 0 66 54 25 0 52 0 0 0 1 22 73 26 83 0 3 0 1 0 0 44 0 0 20 10 36 0 0 55 37 0 81 45 0 2 14 1 31 30 49 0 17 0 0 0 0 0 48 0 0 8 28 43 0 0
 0 0 63 14 0 0 31 30 0 0 3 2 11 49 94 0 0 0 34 0 0 63 41 79 35 0 76 21 32 0 0 37 8 0 0 24 3 35 26 0 0 0 0 0 4 57 0 34 0 39 0 29 19 0 0 25 28 0 5 0 19 12 31 0 25 49 0 20 0 0 0 0 0 0 28 0 0 10 14 0 93 0 86 20 0 0 0 55 78 0 13 48 70 68 31 61 30 68 0 0 0 0 10 32 8 0 1 0 30 7 76 0 0 62 45 0 38 0 0 0 1 52 0 0 23 0 0 64 0 0 15 90 21 41 32 37 18 0 0 6 0 0 0 20 0 8 0 0 0 28 46 0 0 55 78 0 0 0 24 60 24 0 0 0 6 55 10 40 32 10 0 0 90 0 10 0 66 1 20 5 38 87 0 0 8 0 0 0 33 34 57 57 0 0 0 54 76 0 0 16
 44 0 0 69 0 66 43 0 0 0 4 7 0 63 74 45 0 48 16 0 22 0 0 0 0 34 0 58 70 34 80 0 0 0 20 4 0 0 0 0 0 18 52 84 57 61 0 0 0 34 88 95 0 0 0 38 0 0 68 0 0 0 50 0 24 0 4 0 58 15 34 29 18 6 0 55 17 47 0 36 56 65 0 0 17 17 61 0 20 0 0 67 64 76 0 54 5 37 10 5 0 36 0 44 6 3 26 60 0 46 0 69 78 0 27 0 11 0 3 0 0 46 0 66 8 46 60 0 0 0 0 5 7 0 28 38 0 0 34 0 8 0 57 0 2 0 0 34 0 0 0 62 0 61 0 5 0 0 25 0 0 30 45 73 46 0 0 0 45 0 43 0 0 0 4 11 6 0 16 0 0 35 18 0 5 0 0 43 56 0 20 0 2 61 49 0 0 9 38 0
 38 2 0 16 46 0 52 0 87 0 0 0 52 0 21 0 0 0 57 9 23 65 15 0 0 13 0 0 38 0 0 64 7 0 55 0 17 37 0 0 11 0 8 32 19 29 14 12 50 7 0 3 0 0 0 11 69 51 0 0 43 23 0 17 65 12 0 53 0 35 50 20 0 89 0 0 0 0 86 0 0 0 17 0 20 4 0 79 0 28 0 31 29 0 19 0 69 0 0 0 0 0 0 0 15 0 0 51 0 13 0 11 0 15 0 12 0 0 0 28 0 66 69 2 0 84 2 0 0 71 0 19 47 0 0 0 0 6 0 14 0 23 0 79 0 12 0 0 0 25 0 28 0 22 44 0 0 0 33 0 0 0 0 32 25 0 0 0 0 0 0 35 27 27 0 1 79 0 0 38 49 5 82 0 21 0 1 89 0 0 0 0 0 23 35 11 18 0 27 0
 0 0 0 0 39 0 1 33 2 65 52 81 25 51 31 0 0 0 0 0 0 29 0 27 6 0 0 70 0 2 76 0 0 0 49 7 64 0 16 20 34 80 8 16 52 41 0 0 0 0 24 0 19 60 0 0 12 0 41 51 58 48 0 18 0 18 4 0 0 61 32 0 63 13 0 0 0 50 26 0 0 8 0 0 0 2 0 21 0 59 0 13 0 0 0 37 0 25 0 35 0 17 55 0 67 18 49 67 0 76 0 12 43 95 0 28 11 27 0 52 0 44 0 19 61 0 24 0 53 59 0 0 0 30 15 0 2 0 51 0 32 0 19 10 0 0 0 73 84 0 0 0 0 14 35 6 28 0 0 44 0 45 0 67 0 0 20 0 0 0 78 0 0 13 0 33 34 0 0 0 0 0 66 11 0 61 0 84 0 26 0 0 0 52 28 16 0 49 0 0
 0 21 55 47 0 71 0 0 23 14 11 0 2 0 0 0 0 0 0 0 6 58 0 20 20 0 0 16 0 0 0 0 21 0 22 0 19 0 0 11 0 0 45 0 3 34 0 9 70 52 35 0 22 0 0 0 0 0 4 0 41 0 38 0 0 0 0 38 0 0 41 0 27 0 21 33 86 78 0 16 47 43 0 0 83 0 90 8 7 8 10 37 0 2 23 0 0 6 0 46 55 59 0 0 7 0 94 7 0 63 60 21 53 0 0 31 8 0 55 0 0 0 54 0 0 65 0 36 60 0 12 0 11 0 3 43 0 0 41 0 27 0 0 0 8 17 0 0 27 0 0 0 0 9 0 0 0 0 0 0 0 29 4 45 44 34 0 1 0 0 0 54 7 0 16 48 0 26 10 0 0 0 0 0 0 89 27 0 0 69 1 26 0 0 0 0 0 29 0 71
 61 12 0 0 0 82 0 4 19 24 0 2 12 41 37 0 42 21 0 0 37 33 20 0 0 48 61 54 51 0 0 40 53 4 25 0 22 0 15 0 15 59 0 63 0 0 0 37 23 0 40 26 0 0 0 19 0 0 21 8 87 60 22 0 25 84 0 3 53 77 0 6 29 32 0 14 0 63 0 0 0 0 12 0 46 74 0 0 0 50 0 54 63 25 79 50 68 22 61 0 82 48 30 0 0 0 0 22 6 0 0 35 51 0 0 0 43 29 51 0 43 0 16 0 26 9 0 18 8 0 10 0 0 0 0 0 0 15 18 0 0 0 25 37 10 56 0 13 0 15 0 14 0 0 71 0 77 51 30 0 25 34 0 0 39 22 0 47 11 0 0 9 0 0 0 0 2 0 0 0 16 0 48 20 71 51 0 26 13 0 6 70 32 0 0 0 0 2 0 40
 0 0 79 2 0 8 20 67 35 53 0 0 1 1 18 0 0 0 79 28 12 0 51 27 0 0 54 18 57 0 0 26 23 8 43 0 36 0 0 8 0 51 53 0 4 0 22 0 0 72 49 6 0 26 0 0 81 0 0 0 0 48 44 0 41 15 0 66 27 0 0 45 0 0 0 0 8 0 18 0 11 17 0 0 46 0 0 20 0 8 0 65 9 13 0 0 0 0 10 68 5 59 0 42 59 77 68 0 20 44 2 0 47 11 0 0 13 0 0 9 23 0 0 0 76 0 0 0 21 39 14 67 9 58 0 0 33 4 1 10 0 0 10 23 30 0 0 0 0 0 64 36 0 12 26 8 32 0 18 0 0 21 0 0 0 0 29 49 38 0 7 0 55 0 0 37 0 0 0 16 4 0 56 68 0 27 63 22 16 0 0 0 0 0 0 19 3 0 0 50
 0 0 0 27 0 0 0 0 0 0 0 49 8 10 62 9 6 80 0 31 37 23 34 56 15 0 10 50 0 0 0 34 2 0 0 0 44 0 0 32 0 0 57 0 0 0 0 0 38 0 56 0 26 32 57 16 0 28 0 0 0 0 0 0 0 0 51 0 0 0 67 39 26 0 44 25 0 0 13 0 59 0 80 0 0 28 0 0 0 0 21 47 0 0 40 28 0 47 11 0 0 0 0 0 0 0 0 61 0 29 0 0 2 0 46 8 64 44 22 13 0 0 10 0 0 31 30 0 0 13 0 0 0 0 0 0 7 0 48 0 26 40 0 58 0 30 40 5 2 19 13 24 0 0 0 2 24 83 0 0 0 0 42 0 0 0 4 0 0 10 34 15 7 42 0 0 0 1 73 0 0 0 0 0 0 0 0 21 8 0 48 29 0 43 55 39 44 74 0 9
 0 89 0 0 0 78 11 0 3 0 5 53 0 13 0 70 64 38 35 0 0 51 0 16 15 0 38 0 4 0 2 14 36 0 0 0 0 0 0 16 70 29 0 0 0 41 55 0 47 0 20 0 12 0 0 0 68 0 0 41 0 12 0 0 0 3 0 12 0 0 3 0 22 8 0 48 14 19 77 40 81 11 52 57 36 35 0 0 0 37 13 31 6 69 59 36 6 0 16 0 0 19 0 12 17 34 0 8 0 3 71 0 0 54 0 0 54 64 44 0 0 3 33 3 0 71 0 54 40 0 34 0 10 24 0 0 0 0 61 17 17 0 0 24 0 44 43 48 45 63 0 6 0 0 0 27 49 4 76 0 0 0 0 21 42 67 0 0 27 0 28 0 14 0 0 22 0 0 0 0 0 0 5 8 55 36 0 0 0 0 2 0 0 24 0 44 0 20 0 13
 62 0 0 38 53 0 52 38 0 38 13 4 0 14 0 0 34 83 0 80 47 78 0 56 0 0 0 0 0 0 0 0 63 0 0 35 73 0 0 28 0 0 28 0 59 16 37 6 0 0 0 31 82 0 0 0 13 16 0 0 0 10 42 0 66 36 0 64 41 0 0 47 40 19 47 55 0 47 0 0 0 0 0 0 0 87 0 0 0 23 26 3 11 0 51 54 6 0 0 0 0 0 36 0 0 0 0 0 22 31 38 76 0 30 3 78 0 0 2 0 18 0 8 65 0 28 23 0 0 38 0 0 0 48 66 0 0 0 0 0 0 0 0 0 9 12 65 0 85 24 0 0 4 15 20 56 0 5 64 0 32 0 0 10 47 12 0 79 78 0 0 0 12 5 22 68 5 35 12 1 58 34 0 18 11 37 0 24 4 31 45 46 48 0 7 0 0 35 0 0
 9 31 73 7 0 0 0 58 13 58 41 0 0 0 0 0 0 21 16 6 0 0 30 0 20 0 0 19 0 0 47 0 49 0 0 41 48 0 0 0 14 35 11 97 0 17 21 30 42 0 20 0 0 0 59 16 2 0 12 0 0 0 56 7 0 0 27 0 73 0 54 0 41 0 0 8 0 0 0 0 0 0 81 0 15 0 33 43 0 0 27 0 0 19 0 14 10 23 0 0 0 54 26 0 69 0 0 0 0 0 31 74 90 45 31 32 0 85 0 40 0 0 16 0 0 37 11 12 0 77 0 55 34 55 0 0 33 0 6 66 0 0 77 0 0 95 0 43 17 2 6 53 15 0 9 38 0 0 0 73 0 0 0 0 0 13 46 0 76 68 0 0 0 0 61 42 33 0 7 0 6 32 21 0 0 16 1 0 0 0 17 0 0 18 0 0 36 28 0 69
 0 0 0 0 68 54 15 0 0 93 0 10 37 24 0 9 0 74 0 26 0 0 45 0 0 0 0 23 10 0 0 0 34 74 82 0 43 17 0 0 0 4 39 0 0 0 52 0 0 6 0 0 63 0 0 0 0 0 52 51 0 7 0 0 0 0 5 0 0 0 35 87 0 27 0 16 1 0 60 0 0 0 8 0 10 31 53 27 7 0 61 0 0 10 17 0 73 0 30 0 8 67 0 17 0 0 39 25 0 14 0 0 0 49 24 70 40 16 0 0 0 0 0 14 0 0 0 74 46 7 50 38 0 29 30 0 12 0 52 10 0 39 0 17 81 28 0 10 0 40 42 0 1 0 6 0 21 0 0 79 0 42 2 0 0 0 0 0 70 0 26 0 0 0 0 89 39 17 0 69 89 0 67 6 0 0 6 10 0 37 42 0 4 0 0 0 0 24 0 72
 0 0 8 0 0 0 50 36 44 60 0 0 0 0 0 16 16 0 37 0 0 17 0 0 74 25 47 0 0 45 0 18 0 0 69 5 62 0 4 0 0 29 0 40 47 0 20 0 0 47 32 0 0 0 45 25 37 0 0 31 19 0 90 0 17 43 25 0 0 40 0 11 0 0 0 90 43 0 8 0 0 9 0 0 0 0 32 70 0 0 0 33 61 0 30 0 58 0 0 0 6 0 0 0 5 18 28 44 22 0 33 0 0 0 75 26 33 0 0 0 0 0 0 8 0 0 23 0 0 30 0 15 0 0 33 22 0 0 0 0 0 0 49 0 77 26 0 47 0 46 18 0 0 10 0 0 0 43 62 34 0 0 0 0 0 8 0 4 0 16 0 0 53 0 55 0 0 54 0 0 53 0 0 0 0 0 57 34 11 33 46 0 18 0 73 0 0 0 5 44
 0 62 0 0 71 48 0 26 0 54 32 22 0 0 0 39 14 0 21 0 23 0 26 17 77 19 0 41 0 67 0 0 68 0 22 0 0 22 3 28 9 30 8 0 5 30 0 7 0 0 35 63 45 0 75 5 36 48 0 0 0 0 33 0 79 0 0 0 45 14 41 85 25 0 0 39 0 0 0 0 0 0 0 0 55 0 8 13 37 0 0 21 40 0 77 0 0 9 47 0 0 1 23 16 0 0 0 6 19 0 12 0 0 0 0 76 0 45 72 0 3 28 17 46 0 17 0 0 40 0 0 0 20 0 13 18 54 62 0 0 6 0 44 0 48 0 11 3 4 0 42 0 0 45 0 41 4 70 0 0 0 63 0 60 53 20 0 0 31 0 0 0 89 0 0 69 50 33 0 0 0 0 0 23 68 0 46 0 0 49 0 32 0 0 0 0 15 75 0 0
 27 0 1 8 0 49 50 0 28 43 0 15 0 26 0 62 7 0 0 39 0 0 27 0 4 0 0 62 51 74 0 0 0 40 36 2 0 38 6 44 0 0 0 0 61 0 0 23 39 0 51 33 0 0 4 22 1 13 0 0 0 62 0 0 0 0 0 12 0 34 0 67 44 59 0 0 0 0 6 21 29 13 0 76 0 38 0 0 24 0 0 0 25 0 43 39 15 42 0 0 0 0 0 0 54 0 0 0 0 0 0 7 47 0 0 24 68 73 0 2 32 0 21 6 38 0 0 0 0 0 0 0 9 0 0 0 35 11 0 0 55 10 0 14 5 0 0 22 0 42 31 12 0 28 92 23 0 0 40 8 42 18 33 4 0 36 0 0 18 59 0 0 0 44 0 4 0 3 0 0 47 11 0 0 77 0 0 0 44 0 3 0 0 0 0 22 76 46 20 0
 0 0 16 22 17 0 0 30 15 0 0 41 0 0 35 38 29 0 45 13 25 19 0 73 0 35 19 3 15 44 0 22 0 69 0 10 0 12 0 7 14 39 0 0 73 26 60 0 74 40 10 0 0 0 0 26 9 0 32 40 0 0 0 15 0 0 0 3 0 0 5 48 0 0 0 43 2 27 0 7 2 0 54 73 48 31 28 0 0 12 53 16 44 22 30 56 43 0 19 75 50 0 54 36 27 0 59 0 9 0 0 51 0 0 1 0 0 22 30 11 0 59 2 65 43 29 0 2 17 0 0 0 79 51 0 57 4 76 33 0 22 0 18 0 0 47 7 90 0 0 0 32 0 20 12 0 21 82 0 2 24 30 8 7 26 0 53 8 0 33 82 69 3 12 0 0 51 14 33 0 12 7 0 62 0 0 45 0 0 0 77 0 0 28 0 0 0 9 3 11
 0 0 5 0 8 0 0 0 20 36 8 0 43 44 32 0 0 45 0 45 40 0 36 0 13 55 98 0 0 25 26 22 0 46 38 0 89 0 0 58 23 0 0 0 34 69 0 0 0 6 0 0 0 0 0 7 85 0 75 30 12 9 0 41 0 0 0 18 0 0 0 0 24 12 8 11 0 0 2 38 0 62 0 0 0 60 0 0 69 96 0 0 12 0 64 14 35 0 78 28 0 0 53 0 35 0 0 0 51 0 0 0 17 9 18 0 26 0 87 0 57 3 65 26 62 16 8 35 64 0 16 24 0 0 48 0 0 23 0 39 0 86 0 0 0 0 89 56 33 27 72 2 7 0 0 0 33 0 0 30 53 0 0 85 75 4 24 8 34 0 0 0 0 0 0 68 0 0 38 0 0 0 78 0 38 0 0 0 0 29 0 0 17 0 15 0 27 0 0 9
 0 0 13 70 0 51 0 0 0 0 46 45 0 10 0 0 48 4 0 0 0 0 0 0 0 12 0 0 13 19 23 27 25 0 57 26 18 0 0 12 0 0 33 0 30 0 1 0 43 25 64 0 0 0 79 39 54 2 12 0 0 0 46 9 0 54 27 0 0 0 0 6 7 0 53 4 0 0 0 0 0 16 54 0 0 0 0 0 22 0 54 25 0 23 38 9 15 0 0 0 43 0 18 38 0 0 26 11 0 0 25 64 0 22 35 27 0 0 44 84 49 69 26 0 0 0 0 8 13 0 28 0 0 0 0 42 6 76 0 0 0 0 0 13 78 11 0 0 53 0 57 0 13 44 49 44 11 30 7 0 0 0 0 79 28 0 0 41 19 0 0 15 7 60 83 75 0 55 0 0 21 5 0 0 35 0 24 16 0 21 0 56 23 0 58 0 0 0 0 24
 72 0 5 31 0 14 65 58 0 0 28 0 0 0 0 0 10 0 0 0 0 0 0 0 0 51 0 0 44 29 0 0 0 62 48 39 0 0 34 77 0 7 0 1 60 0 0 0 13 0 0 38 0 0 0 21 0 8 0 0 0 0 65 53 56 40 73 0 38 29 8 1 0 0 0 18 56 0 10 11 23 13 0 7 50 0 5 1 3 0 0 20 0 0 0 0 0 0 0 0 0 42 0 0 45 79 45 0 0 27 10 0 26 66 27 0 0 32 0 0 30 49 0 0 0 0 69 12 5 75 0 28 16 17 0 0 26 61 81 0 38 0 0 0 14 15 33 0 0 0 22 13 0 23 19 20 0 0 4 16 0 16 65 60 0 64 0 0 0 0 51 0 0 41 0 0 24 33 0 4 7 0 49 0 67 18 24 15 0 66 0 2 93 71 89 84 38 36 0 0
 30 24 0 55 0 35 0 31 5 0 0 40 59 65 12 78 0 0 10 0 0 0 0 0 34 0 0 0 0 49 19 0 0 47 28 24 26 7 56 0 0 33 0 13 10 0 0 2 0 0 15 44 0 32 9 16 0 5 0 0 35 1 23 0 15 0 0 0 38 0 0 33 0 0 0 31 0 66 0 0 38 3 23 50 0 65 40 47 0 0 62 24 0 51 41 0 0 0 0 23 1 57 0 0 0 0 14 13 23 70 0 13 37 52 54 0 4 0 0 0 0 50 0 0 0 23 18 0 19 0 0 0 0 46 71 0 0 0 12 41 54 13 0 0 22 0 0 0 49 32 0 0 0 41 38 0 0 78 0 0 22 0 72 0 80 0 3 0 0 0 27 0 31 0 0 0 0 0 0 0 0 41 17 0 3 16 0 0 0 0 0 0 0 0 0 26 44 10 0 59
 0 63 60 51 0 33 35 18 0 17 0 26 50 0 0 21 27 46 1 40 1 0 6 0 0 0 38 0 0 0 0 12 44 0 0 49 0 6 15 0 0 0 17 13 0 21 0 0 60 26 49 32 0 0 70 0 48 0 0 46 19 0 0 6 13 0 0 79 0 0 0 94 0 22 41 0 81 4 3 0 0 12 36 1 0 6 69 0 0 0 0 0 0 0 12 0 36 66 0 0 0 0 33 17 0 14 0 0 75 0 0 0 0 25 9 0 0 0 0 0 10 4 24 33 3 62 0 62 0 20 17 0 0 12 0 41 32 0 61 0 0 0 23 16 46 0 49 70 2 48 0 53 80 89 0 36 0 28 0 16 14 0 30 77 0 77 68 0 73 14 0 0 0 0 0 0 0 0 0 34 0 0 8 10 0 63 40 0 0 0 12 0 0 24 14 0 0 0 32 81
 32 0 52 32 0 18 29 33 0 69 0 0 0 0 29 0 0 0 74 0 60 0 10 78 0 1 0 82 0 0 7 22 0 0 11 66 17 7 66 0 12 26 74 10 14 0 15 0 0 0 9 0 0 4 22 0 0 0 1 0 0 32 0 30 21 38 17 12 0 0 46 0 0 35 5 0 0 0 0 10 59 31 0 0 0 0 21 63 0 0 0 33 10 22 0 1 0 0 0 64 0 0 42 0 0 0 2 56 43 26 0 0 66 0 0 0 0 0 0 22 4 30 0 15 0 0 0 38 0 35 0 27 0 20 88 17 0 0 0 35 24 0 6 52 75 0 13 41 0 0 0 60 72 0 11 0 45 0 56 79 48 10 0 0 0 0 0 0 0 7 0 0 0 58 22 0 41 56 2 20 0 0 4 0 0 0 0 0 0 0 0 53 48 0 12 0 8 91 22 0
 14 0 0 0 6 0 16 45 0 0 87 0 0 0 0 0 18 0 30 17 2 0 60 0 0 0 12 33 41 0 12 76 0 74 22 32 0 68 0 0 21 0 58 14 0 24 0 48 18 12 0 36 0 13 10 0 30 37 0 39 0 15 0 44 29 8 0 56 39 62 63 18 28 0 36 54 24 0 0 8 0 22 0 0 0 27 0 0 0 0 0 0 0 56 0 0 0 96 26 42 0 22 0 0 29 0 17 0 0 3 3 5 29 46 62 19 0 0 0 20 33 58 0 14 73 16 32 17 0 0 0 0 80 61 29 3 0 31 31 64 19 0 0 33 54 0 11 11 0 0 33 58 7 0 1 27 0 0 0 9 0 57 0 0 82 29 12 56 0 93 0 14 31 0 46 36 0 24 0 0 40 44 0 0 0 0 0 0 1 67 6 0 55 0 6 0 0 0 29 0
 41 5 0 0 30 47 15 0 12 0 0 0 28 0 54 54 18 0 72 31 77 52 62 9 49 47 92 30 0 0 0 0 27 1 56 38 63 0 0 0 73 0 7 0 0 62 70 3 0 4 91 19 0 0 0 13 52 0 48 90 32 0 0 21 24 26 50 0 62 25 7 15 11 88 74 60 83 0 2 0 38 0 0 13 51 0 0 0 16 0 45 0 61 0 26 0 0 0 0 8 0 0 35 0 0 66 0 0 34 0 0 0 0 40 35 0 36 0 0 29 14 0 0 6 0 9 59 0 6 34 0 68 1 0 46 29 16 0 0 0 0 9 34 10 31 3 12 42 0 21 28 0 18 98 11 0 0 0 16 81 35 0 74 20 30 20 72 2 25 0 0 0 72 0 97 0 0 65 0 0 36 9 38 65 0 33 0 26 0 16 37 20 29 0 0 6 0 10 0 0
 5 40 12 0 0 31 43 10 0 18 15 0 0 39 0 0 13 6 48 1 7 0 87 43 62 0 83 6 2 40 23 11 44 41 35 82 40 50 0 0 34 5 75 0 65 0 0 0 0 59 0 0 3 51 33 0 0 0 71 32 0 0 0 0 0 1 0 0 0 1 23 21 76 0 0 31 26 0 78 0 0 0 74 28 0 0 25 49 0 0 0 37 0 46 44 0 0 88 3 0 50 0 26 0 0 0 14 32 74 0 41 0 0 27 0 16 9 5 0 30 0 0 43 53 0 0 56 33 48 10 47 0 29 8 0 29 20 27 4 0 0 25 0 0 0 0 47 0 0 0 41 0 36 0 52 0 0 0 26 0 56 28 51 0 0 71 51 1 51 53 74 0 0 0 0 6 0 0 21 0 23 19 0 0 20 0 8 33 0 13 30 11 0 0 11 39 0 0 40 0
 0 0 17 88 0 42 0 0 0 30 3 0 0 0 15 0 0 36 37 12 13 12 0 0 2 0 0 0 6 0 11 0 58 88 0 0 60 56 21 53 2 55 0 15 68 0 0 0 48 15 92 7 0 0 17 1 78 0 0 0 10 22 10 0 0 0 40 45 30 43 3 13 0 0 0 23 71 0 0 0 0 4 0 10 0 24 37 0 0 15 55 0 0 28 24 0 0 24 0 17 15 0 0 17 71 28 0 0 3 21 0 56 0 0 73 70 31 0 0 0 0 61 0 0 0 35 0 33 0 20 12 0 0 24 0 0 0 0 37 56 94 0 23 62 33 26 0 0 0 0 14 0 21 47 0 60 33 0 0 0 0 80 69 7 34 0 36 22 0 0 0 0 0 19 0 24 0 0 16 0 0 56 33 0 0 0 0 44 0 0 0 44 13 27 0 44 0 1 56 24
 0 14 0 22 0 6 0 21 0 0 0 61 43 0 0 0 0 49 0 16 85 10 57 47 0 0 0 30 0 0 48 2 33 0 0 0 0 42 60 2 0 49 48 0 0 0 62 23 0 0 0 49 14 0 0 46 0 4 0 34 0 0 48 0 0 0 63 0 4 0 26 37 0 8 32 90 0 0 8 0 48 25 0 2 32 0 0 52 0 59 7 59 59 49 53 0 0 0 27 0 31 0 2 40 9 0 0 0 0 5 0 46 37 0 35 0 50 0 0 0 0 0 14 28 9 0 0 25 48 50 0 24 39 0 20 0 0 0 0 64 3 0 17 24 0 0 76 47 0 15 0 0 0 0 0 5 0 97 20 0 13 0 0 0 20 0 0 12 0 0 73 0 0 0 90 17 41 30 0 52 2 15 81 10 23 61 22 13 46 0 0 35 0 0 43 0 57 88 0 37
 19 17 0 0 14 59 13 0 0 0 0 89 0 0 0 22 0 14 0 0 35 44 0 28 0 0 54 37 26 0 42 0 7 8 30 36 0 0 56 0 0 5 64 60 36 20 0 0 21 81 0 0 0 0 13 2 0 18 0 0 0 0 0 8 45 0 0 0 0 60 0 83 0 0 0 18 0 0 0 0 0 46 36 7 16 0 0 17 35 0 0 0 0 8 1 50 0 0 7 17 0 17 31 52 0 0 10 36 0 0 70 0 0 0 0 18 7 1 29 31 0 83 0 0 17 0 0 0 0 53 0 89 0 0 0 16 59 30 68 8 0 0 0 0 14 0 0 35 0 63 31 0 64 0 0 11 5 3 0 0 33 5 0 76 0 72 46 19 0 17 86 41 0 0 0 0 0 0 7 2 0 0 3 21 0 21 0 0 9 50 0 0 0 0 0 0 0 0 81 33
 0 0 0 0 0 0 0 42 31 0 26 0 63 0 0 0 0 0 0 0 0 0 0 13 12 6 34 0 0 0 1 44 2 43 12 10 49 5 4 10 8 0 0 28 28 36 0 7 33 47 0 10 0 19 0 0 0 0 0 0 6 0 9 38 34 42 11 16 12 0 8 26 0 0 23 66 0 0 54 38 25 29 3 24 22 63 29 40 54 1 84 1 7 0 28 0 24 0 14 33 20 0 0 86 22 3 0 0 0 50 0 2 25 0 76 27 26 61 0 0 16 72 0 18 83 13 0 0 58 8 72 0 44 0 0 12 20 7 14 0 0 0 15 0 2 0 3 49 0 0 0 0 0 0 6 16 0 66 24 0 0 0 62 57 24 21 0 1 1 5 0 0 0 17 0 14 49 95 3 0 0 10 0 51 0 72 74 0 0 0 0 0 0 0 0 0 42 0 27 0
 6 0 0 9 17 0 0 34 18 14 2 0 72 25 0 0 31 22 0 19 0 8 82 0 60 0 51 67 18 0 0 0 0 0 0 0 0 54 0 0 31 0 42 8 0 0 37 0 85 0 0 15 2 0 7 0 0 30 0 0 0 0 0 0 0 32 0 0 9 0 1 37 67 0 0 67 0 0 37 0 0 89 0 0 0 0 0 0 46 13 70 0 43 38 0 0 25 0 0 7 16 23 0 0 0 34 23 28 0 27 3 11 0 0 0 43 68 66 0 27 0 70 3 0 24 0 0 4 0 0 24 79 0 28 77 17 11 0 0 8 0 0 0 78 53 0 65 0 0 0 0 0 1 89 57 0 3 0 63 0 0 5 8 0 27 0 35 9 0 7 0 0 0 13 0 0 17 0 0 0 0 0 27 0 0 18 0 0 77 62 0 54 73 0 0 0 0 0 3 0
 0 37 0 8 0 76 31 72 0 38 44 70 0 0 0 0 0 30 57 0 34 0 24 0 11 0 69 0 0 47 0 0 0 0 0 0 0 0 53 5 17 14 0 0 42 28 49 3 11 22 0 35 0 34 0 27 24 0 19 33 15 23 0 51 82 19 0 59 0 0 0 34 11 6 39 0 0 0 14 51 0 0 0 0 0 70 1 0 0 0 0 12 63 12 62 26 14 0 17 0 49 53 0 0 0 50 0 47 0 5 0 33 0 40 84 0 0 0 42 7 0 0 61 8 0 0 0 81 0 52 0 91 37 0 0 67 0 0 0 6 75 41 33 0 13 52 28 0 0 0 18 0 14 0 0 0 38 8 100 0 0 0 44 0 29 55 0 0 42 0 82 0 0 53 0 17 78 1 0 40 0 22 27 0 35 0 10 59 0 0 7 86 0 62 3 0 62 0 0 0
 0 42 51 0 72 27 14 0 0 15 19 0 68 13 58 30 41 8 0 19 0 57 3 0 51 0 0 0 39 17 0 0 79 0 0 0 0 13 80 0 0 0 0 0 0 0 0 8 0 18 33 22 81 0 0 0 0 0 0 20 39 31 22 37 57 22 0 0 0 0 26 0 12 0 0 67 0 0 43 0 0 8 0 0 0 0 98 0 0 63 0 0 0 18 15 0 0 45 19 62 0 16 0 39 1 0 1 70 0 21 0 0 0 0 7 9 18 0 44 75 0 0 0 0 0 30 0 0 42 56 54 0 88 99 0 40 38 0 0 22 0 3 20 31 29 0 75 0 24 0 0 49 0 0 39 19 40 0 74 0 23 24 0 0 0 19 58 16 0 47 0 0 0 76 0 0 82 0 1 40 39 16 0 25 0 0 25 0 8 0 0 15 1 30 0 0 0 90 0 0
 0 0 0 14 0 0 0 0 0 56 0 36 0 0 47 0 0 0 0 16 0 0 0 0 0 0 24 0 0 39 6 2 10 17 0 30 31 0 17 0 31 65 42 0 10 0 0 44 10 0 72 11 0 72 0 80 0 0 0 7 0 0 0 0 0 30 0 0 40 18 0 0 0 58 0 20 0 0 74 0 14 61 0 50 0 0 21 0 0 4 0 0 26 6 25 3 27 0 0 0 53 37 0 0 1 0 0 91 40 57 32 0 22 0 0 0 69 46 0 1 63 0 19 0 0 0 34 48 0 32 45 0 3 31 85 59 54 32 0 31 0 0 0 0 13 0 0 39 64 0 0 0 0 7 0 31 0 15 0 70 21 0 26 52 4 0 0 22 0 0 0 0 0 0 0 10 28 28 31 17 0 6 21 0 30 19 0 0 77 0 8 0 6 41 0 6 6 59 0 0
 57 0 7 0 3 0 0 0 17 0 80 40 31 47 5 0 0 0 0 0 43 17 58 35 52 39 8 0 0 0 0 18 3 39 0 1 92 19 0 31 1 0 0 0 0 50 0 0 0 16 54 15 0 70 74 24 0 0 0 0 23 0 33 0 72 0 49 0 46 42 10 0 0 5 0 39 0 0 18 47 66 4 53 81 0 0 24 0 0 0 0 0 14 0 24 0 0 48 50 0 0 0 0 0 13 13 0 6 60 85 40 30 5 97 0 0 3 0 9 0 30 12 0 0 0 0 0 20 42 0 0 0 0 0 0 18 0 0 0 0 10 87 1 0 5 19 74 1 0 5 41 58 0 0 0 0 0 0 0 0 0 46 0 0 0 0 0 0 11 12 15 40 0 0 0 0 0 0 0 35 0 34 0 0 21 14 0 8 0 14 0 69 0 21 46 0 21 13 58 0
 42 19 0 18 3 23 6 47 0 0 26 0 0 0 6 0 0 0 13 0 0 0 0 4 34 0 0 5 0 65 0 0 0 0 29 76 57 0 52 0 33 55 0 66 18 27 7 0 0 0 16 0 0 0 0 1 0 0 0 32 43 0 0 60 0 20 0 96 0 0 0 43 0 54 5 0 36 43 27 2 0 0 5 0 0 12 3 0 0 0 31 0 0 39 0 0 52 3 0 30 67 0 0 56 29 0 18 5 0 0 60 14 0 0 19 0 0 0 67 0 0 34 0 12 18 0 0 31 17 0 0 0 46 0 0 20 43 0 0 9 0 56 0 45 0 35 11 0 0 27 30 0 15 0 0 69 16 0 0 0 10 0 0 1 0 57 0 0 0 28 0 0 14 9 0 0 0 19 0 0 0 41 34 84 0 0 53 33 0 0 0 33 0 0 0 0 0 0 0 60
 20 15 4 52 0 21 35 56 0 0 0 24 4 0 0 24 0 0 56 27 0 95 0 43 0 0 0 25 0 72 10 0 0 0 0 67 0 12 0 0 0 0 0 0 41 83 0 28 0 0 0 42 0 0 0 57 17 0 0 0 39 38 44 41 0 11 9 36 0 84 38 0 0 0 28 0 54 9 77 26 0 23 0 0 0 20 0 0 0 0 0 25 67 0 8 0 0 22 0 1 45 13 6 73 0 9 60 0 0 49 35 71 77 41 7 0 0 0 0 0 0 36 62 4 0 55 0 18 37 0 0 8 17 68 0 4 28 61 42 12 0 0 21 0 50 0 2 70 6 18 2 64 0 0 0 0 0 30 0 70 0 34 34 0 21 0 41 0 0 72 9 0 0 0 78 0 5 0 60 14 0 33 40 0 34 0 0 0 23 4 0 0 31 39 0 0 42 0 0 0
 34 36 0 0 5 52 4 22 46 25 0 0 21 32 0 2 0 0 0 0 66 21 41 0 0 0 14 10 0 56 0 19 82 0 23 0 0 13 0 20 0 0 46 0 0 0 0 0 24 0 79 0 33 53 0 13 0 0 0 10 9 11 0 0 70 68 0 0 0 17 0 0 34 60 26 0 10 0 30 95 0 16 38 0 17 0 0 0 0 0 0 18 78 0 0 0 0 0 12 0 0 0 79 0 6 0 0 0 0 0 0 56 0 0 17 30 28 0 47 79 0 0 0 18 0 68 0 0 17 0 0 33 17 65 90 9 6 0 63 7 0 0 11 0 0 13 10 21 48 40 0 0 0 54 0 50 0 0 0 0 0 19 0 20 0 0 58 0 8 6 0 6 31 0 0 0 14 0 0 29 0 0 0 27 42 0 8 0 21 0 13 18 48 49 34 0 0 59 0 0
 0 37 0 0 31 0 0 0 0 0 41 0 19 0 0 7 0 0 8 31 0 46 45 14 0 0 0 0 62 30 0 0 96 0 20 15 20 36 0 0 7 0 0 0 0 0 10 74 0 5 0 70 0 0 0 4 1 0 0 0 63 0 27 0 12 17 0 6 0 46 0 0 46 1 0 0 0 0 3 0 0 19 80 0 0 10 0 0 0 0 59 26 3 28 13 0 0 0 0 35 13 7 0 57 0 15 54 13 0 2 0 0 0 0 56 12 17 9 0 8 33 0 32 0 0 16 6 0 0 0 54 0 0 0 0 3 0 0 0 51 73 0 16 0 0 0 2 0 14 35 2 70 0 13 5 28 0 25 1 0 2 0 0 0 0 82 57 0 3 0 0 0 38 29 62 31 63 16 4 30 60 0 65 0 14 0 52 0 0 27 0 11 0 0 0 0 0 0 0 0
 0 63 34 0 0 0 0 0 4 0 0 36 0 23 0 0 0 0 0 0 0 0 74 71 0 6 11 26 0 68 14 0 36 54 54 0 11 0 0 3 35 0 58 4 28 0 25 0 0 0 0 37 0 0 43 0 28 0 0 44 0 0 13 0 41 24 35 10 3 56 44 0 5 21 38 0 25 0 8 0 0 0 0 48 23 33 0 0 0 0 23 3 20 0 23 9 3 8 0 16 0 0 22 0 22 0 0 19 82 0 0 4 47 18 25 0 0 0 71 9 0 0 26 0 0 28 57 0 0 92 15 92 0 75 67 0 75 5 24 0 82 58 0 9 0 0 0 0 2 0 0 0 0 0 15 0 0 0 23 16 0 78 0 0 0 0 12 0 0 13 0 16 0 33 52 90 0 0 23 0 23 0 0 18 6 85 0 0 0 46 0 0 0 0 13 16 0 34 0 0
 29 100 0 0 0 0 0 0 0 17 42 0 0 39 0 13 3 0 0 22 42 0 49 0 8 0 85 0 28 0 2 0 0 0 0 0 18 47 2 12 0 0 0 55 0 44 0 48 9 0 55 0 10 58 13 65 55 0 28 23 0 1 1 73 0 4 0 37 23 0 55 33 29 22 51 0 0 41 28 21 0 0 24 27 0 3 42 31 0 0 0 0 0 1 0 4 63 0 0 36 0 40 69 33 0 1 31 35 70 0 0 21 66 0 21 16 0 27 0 1 37 0 91 3 73 0 0 44 60 1 5 45 0 0 21 0 0 21 69 24 0 36 0 49 0 2 0 0 24 0 0 0 0 0 29 22 4 0 0 0 13 28 0 0 0 0 27 0 0 0 39 28 0 31 25 0 0 16 0 74 7 0 52 0 65 0 40 54 84 62 0 48 3 43 20 0 22 31 0 0
 44 0 3 1 56 0 34 0 0 0 56 0 39 48 66 0 56 19 0 0 0 0 39 0 57 0 38 53 0 65 31 0 0 59 0 0 68 0 0 20 64 19 0 73 0 25 1 0 0 0 0 0 0 0 15 24 5 0 0 1 0 5 0 56 0 0 0 0 0 0 81 9 1 0 0 0 18 58 0 16 14 0 0 0 0 2 41 21 37 0 0 90 0 25 3 47 29 40 19 0 0 0 56 0 13 0 59 0 0 0 2 12 0 50 0 0 17 0 10 15 26 5 0 0 53 0 0 0 0 40 0 70 0 0 43 0 46 0 0 0 36 39 68 0 0 13 0 0 38 33 0 0 27 2 11 0 0 53 0 41 0 62 7 0 0 41 17 0 72 51 0 46 50 61 48 41 0 0 0 1 64 11 58 0 0 43 12 0 0 26 0 17 2 0 22 22 77 0 0 35
 6 0 53 16 25 0 15 0 39 27 72 0 15 80 0 0 85 0 0 0 50 0 52 0 8 0 0 0 0 23 35 0 0 0 0 44 13 22 0 40 0 4 27 0 0 0 0 32 56 0 37 0 0 73 6 86 0 24 79 0 0 53 0 45 0 0 65 0 11 0 0 5 0 0 0 48 23 21 65 55 73 51 86 0 74 0 19 63 0 58 0 0 65 40 0 0 41 33 46 3 0 81 0 38 0 0 39 0 0 0 0 10 56 0 14 35 0 35 53 0 43 59 0 0 0 0 28 0 0 6 52 0 31 0 2 31 0 37 7 32 0 0 41 15 53 77 0 0 0 0 0 12 0 0 14 0 45 33 67 18 0 22 0 54 14 0 22 0 0 0 15 0 0 12 0 0 0 25 2 0 0 0 58 40 39 32 9 0 0 0 43 0 0 0 0 0 28 5 51 0
 7 51 0 0 0 0 0 0 58 16 62 0 0 0 0 0 0 15 22 61 53 0 0 0 23 32 2 19 0 72 0 29 0 14 57 0 0 84 0 0 10 11 17 0 0 0 64 35 0 0 3 0 42 18 0 2 73 0 49 31 0 0 10 26 38 0 67 0 0 52 6 10 1 0 0 13 22 61 0 8 2 0 29 17 0 0 0 2 6 0 0 4 0 5 0 65 0 0 12 0 61 38 54 0 31 17 0 0 0 60 49 0 15 0 0 0 0 19 78 0 0 0 0 0 0 0 15 0 12 0 0 0 0 0 0 0 34 0 40 73 8 3 56 0 80 36 0 0 0 15 60 0 47 0 9 56 0 0 50 2 0 0 0 88 0 50 19 34 51 18 0 0 0 0 28 74 33 0 0 0 56 49 56 0 48 3 0 22 0 0 0 0 0 54 0 0 0 0 0 0
 0 0 3 0 67 0 27 46 0 0 0 0 0 0 61 0 3 62 0 0 42 0 88 9 19 0 0 0 0 0 0 0 0 58 90 0 0 16 52 23 19 0 12 0 3 0 0 22 0 42 0 75 0 44 0 0 0 0 4 5 20 0 0 0 0 62 0 4 0 24 0 0 0 26 29 22 19 0 67 0 0 50 0 6 13 0 47 0 44 31 0 0 0 65 0 0 3 4 0 0 0 57 0 42 0 2 0 0 78 0 0 0 0 0 0 9 13 0 13 0 0 59 12 23 51 0 13 0 59 25 84 64 0 80 11 0 0 7 0 1 45 0 0 0 0 54 3 0 0 25 89 18 2 9 4 0 0 0 0 0 21 39 87 0 10 62 0 0 0 0 0 24 0 0 32 0 0 18 11 51 20 26 30 37 13 8 5 0 0 54 0 0 4 0 0 41 0 36 19 24
 0 0 0 0 15 2 0 0 5 4 0 0 50 0 5 0 50 0 0 21 0 0 2 0 0 74 33 0 84 0 21 38 35 15 9 43 0 60 1 0 0 0 72 38 4 0 42 0 0 0 0 1 42 10 51 0 67 0 0 0 0 50 17 0 15 2 0 0 72 0 27 0 0 54 3 0 0 0 17 3 48 88 16 0 11 0 0 0 33 0 0 7 0 61 0 61 57 0 28 0 17 0 5 53 57 21 34 31 9 0 0 0 39 77 21 0 69 0 0 11 0 33 0 0 0 0 0 66 0 65 0 0 0 0 4 0 0 0 0 0 32 53 34 83 23 0 99 0 62 0 20 0 32 0 54 50 21 45 32 33 0 0 16 0 23 0 0 0 15 0 2 10 0 20 87 0 26 0 0 23 0 6 22 68 23 0 29 47 11 0 0 0 0 5 0 0 37 10 0 0
 0 11 33 0 0 38 8 7 0 0 47 0 14 0 0 34 0 63 18 75 0 0 43 0 0 8 60 0 0 64 33 9 26 0 20 0 0 42 24 0 0 0 0 3 0 72 0 0 0 0 37 51 31 32 12 13 0 42 59 50 0 72 2 0 0 0 38 0 0 0 0 0 0 52 0 64 80 26 0 25 0 0 30 38 61 4 0 0 21 43 0 0 0 36 0 0 0 0 0 0 0 0 58 0 45 0 36 0 38 0 0 16 0 0 0 0 0 0 0 26 10 33 0 0 0 0 34 51 0 0 0 5 12 83 0 0 17 0 0 33 53 53 19 74 31 52 49 52 0 14 0 0 0 15 0 70 0 0 48 24 8 0 33 0 2 0 0 0 12 26 18 24 0 2 0 0 39 40 10 48 0 25 3 0 39 0 0 45 39 22 10 95 18 48 0 3 20 79 4 0
 0 0 0 0 18 0 0 0 20 41 0 24 20 14 13 0 52 0 0 25 51 63 61 0 56 10 26 66 4 26 0 9 0 0 75 0 0 0 0 0 0 49 0 0 79 63 0 76 49 0 7 0 0 28 0 0 75 3 52 0 0 0 80 37 0 7 7 14 0 32 0 17 0 34 4 0 52 0 0 23 65 23 0 42 39 6 0 19 48 58 21 69 0 0 0 0 15 36 0 0 68 0 83 18 27 0 0 12 10 0 0 0 0 42 12 0 22 51 0 0 36 0 0 41 5 21 48 25 24 57 15 50 29 0 0 14 13 0 0 0 0 0 0 93 4 22 0 1 66 0 0 0 38 0 0 0 67 69 65 60 69 0 0 0 0 3 0 0 57 2 0 91 0 9 0 7 11 0 0 8 2 0 30 5 4 0 0 73 31 24 72 0 0 0 0 0 0 59 0 24
 82 0 34 0 0 0 20 0 17 13 0 0 0 0 50 19 4 0 0 1 0 3 0 28 0 0 27 11 47 41 0 39 0 0 0 0 0 59 16 27 0 72 0 0 47 0 0 32 44 59 0 18 29 0 0 0 72 19 23 0 7 70 0 74 62 0 37 0 0 44 44 0 27 58 31 48 1 0 0 17 0 0 14 38 21 57 0 14 41 0 0 0 0 41 0 0 33 42 0 11 57 1 0 15 0 40 6 0 14 0 0 0 0 0 0 0 0 19 0 44 10 0 0 51 47 0 77 4 0 0 1 1 47 60 77 0 0 0 0 0 89 15 0 44 0 0 36 0 88 60 18 0 0 0 33 69 27 0 0 0 0 8 0 34 35 0 0 0 0 7 16 0 0 9 0 77 0 0 0 78 0 0 27 0 27 50 2 2 29 47 0 29 0 0 0 21 11 6 61 53
 52 40 1 0 0 64 0 10 0 9 0 0 93 45 13 2 0 51 0 7 10 5 0 0 0 29 59 41 22 0 13 0 41 42 44 0 57 0 0 0 16 0 0 25 16 0 80 10 0 0 33 52 7 29 49 16 0 90 0 0 0 37 15 0 0 43 47 40 78 0 0 0 77 73 0 15 0 0 31 77 17 28 0 20 34 0 3 52 0 10 0 68 0 65 0 49 0 2 0 0 0 0 0 40 23 9 96 4 0 0 69 28 0 0 0 0 0 2 0 0 0 7 65 29 0 0 0 0 3 0 8 31 0 39 23 0 0 0 30 0 62 56 28 57 0 0 0 49 90 0 57 42 0 0 0 12 0 24 32 31 0 0 0 4 55 0 23 0 0 0 52 2 71 0 0 83 32 0 0 0 0 62 0 0 0 0 0 0 0 29 40 0 93 0 0 0 0 0 19 72
 0 37 0 0 0 69 0 0 62 32 0 68 0 0 0 0 0 0 61 0 0 0 0 0 31 2 0 0 74 0 10 90 0 0 0 0 0 15 0 20 0 0 0 0 0 0 5 0 0 0 0 0 11 0 0 1 76 0 0 0 0 0 31 4 42 5 0 23 37 43 49 18 31 5 0 0 0 0 0 61 0 0 28 0 78 3 0 0 83 51 0 0 51 0 24 0 0 0 0 0 45 19 15 0 0 28 49 0 0 0 0 27 0 8 61 48 0 0 0 20 0 3 0 0 0 66 48 41 21 35 6 18 45 0 23 0 34 0 42 0 41 8 22 0 8 0 53 69 4 33 0 27 44 0 83 0 0 0 4 0 0 0 38 2 0 0 0 0 0 54 91 0 0 22 0 0 0 84 31 0 0 6 10 31 55 0 13 0 0 0 0 0 0 0 0 0 21 0 0 2
 0 0 68 58 33 0 8 31 11 0 5 0 0 0 0 0 16 0 31 0 67 38 17 0 5 0 48 11 44 42 29 29 0 17 0 0 0 0 0 0 0 17 0 34 0 0 0 10 90 38 0 0 29 0 0 16 35 8 12 61 42 42 0 42 0 0 0 0 22 0 0 0 0 64 0 0 0 55 30 43 0 0 0 0 0 57 7 0 23 12 48 0 7 47 0 0 79 0 0 0 15 26 1 8 82 28 9 3 9 6 13 0 0 0 31 4 59 1 0 0 35 20 0 0 0 0 0 0 18 0 25 0 0 11 24 16 0 9 13 32 54 7 0 18 0 0 0 1 0 43 25 0 79 0 8 0 60 0 70 11 63 29 33 5 0 4 53 27 23 0 0 43 0 0 7 0 9 0 19 74 0 0 12 73 12 0 0 0 0 0 9 0 0 0 37 0 0 0 0 4
 63 54 63 34 67 9 70 0 49 35 0 30 26 0 0 0 0 3 76 0 0 0 0 0 17 0 25 0 0 15 0 0 72 33 47 0 0 0 0 0 18 0 0 0 0 0 0 51 8 77 0 0 0 56 42 0 15 0 0 0 44 83 2 27 18 49 0 50 3 1 44 7 15 22 7 0 0 0 0 99 0 60 0 26 3 8 39 26 65 0 0 16 0 12 17 22 0 0 5 0 0 7 0 0 0 0 0 46 0 29 8 0 56 12 0 0 0 0 33 0 0 0 0 38 78 0 23 0 16 50 67 0 53 32 0 82 27 4 0 0 63 22 0 54 62 0 22 0 43 68 40 25 80 35 0 51 89 0 0 0 65 0 0 13 48 54 0 37 56 0 13 43 43 14 0 0 0 0 0 14 47 42 26 0 0 0 82 0 0 0 64 60 0 0 16 0 44 0 0 6
 0 0 30 34 0 12 17 31 48 0 54 1 0 0 0 2 0 7 0 0 3 23 48 0 39 0 90 19 51 48 0 22 0 64 0 10 7 0 0 11 2 39 38 0 0 0 25 24 81 0 0 0 0 86 29 0 0 3 62 0 0 10 0 0 0 1 0 7 0 0 9 0 19 0 0 57 0 0 18 0 38 33 0 0 0 46 51 0 0 0 0 0 0 0 0 50 0 0 33 10 0 0 0 49 0 0 27 0 0 12 62 0 0 0 28 3 0 0 19 0 0 0 13 0 0 0 0 4 22 65 0 0 31 0 39 10 28 26 68 0 0 0 0 0 0 0 0 3 0 0 19 0 0 10 74 0 12 0 0 21 17 0 0 48 0 0 35 40 0 0 0 0 79 14 0 60 25 60 0 5 0 0 0 0 0 60 0 0 9 51 0 0 0 0 8 0 0 60 86 0
 15 0 0 40 0 32 14 81 0 10 0 0 17 0 0 0 40 11 0 21 84 0 0 23 56 0 0 81 0 45 55 0 23 41 0 0 51 27 42 30 0 0 0 81 0 12 48 81 9 3 64 0 12 0 10 68 48 23 0 1 67 0 0 7 0 0 72 0 0 4 60 0 0 51 7 0 0 0 0 50 46 25 0 24 0 0 71 38 0 0 1 0 0 44 0 0 0 0 19 59 0 0 16 0 14 0 33 10 0 0 0 0 0 66 22 0 0 34 47 0 0 44 0 10 0 14 51 0 0 0 0 50 43 0 0 55 0 7 0 0 20 0 25 4 0 30 0 0 3 0 0 19 58 0 8 20 0 0 0 0 7 85 0 19 32 66 36 0 0 0 0 0 22 82 0 55 55 0 13 0 0 76 0 55 43 0 16 18 19 22 30 0 18 0 33 53 0 0 0 0
 0 37 0 23 1 84 56 0 0 0 22 0 0 35 25 0 53 0 86 0 0 0 0 0 0 0 50 0 0 0 14 0 27 0 90 9 55 0 0 0 0 0 55 0 0 0 48 81 0 0 1 82 0 0 0 76 11 0 0 47 0 13 0 32 0 96 10 0 49 6 29 22 0 22 36 7 0 78 0 73 0 83 9 0 8 0 0 0 24 0 4 0 0 25 0 79 75 34 0 0 17 0 70 53 50 0 37 0 0 0 0 46 22 0 37 0 40 0 0 0 51 8 11 0 25 25 3 0 35 0 86 0 0 0 1 55 0 13 9 50 39 0 3 0 76 7 0 13 0 0 34 30 0 0 0 71 32 0 1 0 0 0 0 0 0 0 37 9 23 76 0 7 45 38 0 75 0 0 26 43 35 17 0 0 57 29 71 78 0 0 0 56 0 0 0 33 0 22 0 0
 0 0 0 0 46 60 19 5 2 9 0 0 5 23 16 0 11 0 0 4 0 0 12 0 0 0 0 53 74 0 0 73 0 0 0 0 56 0 1 0 44 5 4 0 29 0 23 76 0 49 1 0 0 1 0 15 0 22 11 86 11 0 0 0 7 0 36 0 0 0 17 0 0 0 0 32 9 18 0 9 0 18 3 5 0 36 0 0 0 0 0 69 0 0 40 0 15 14 51 0 39 0 37 21 0 61 49 0 17 0 0 0 49 59 0 0 55 0 36 0 32 0 0 63 46 12 13 15 0 0 0 9 0 77 0 19 6 0 5 0 48 14 0 0 8 7 0 93 0 39 0 21 0 28 55 65 4 63 0 0 0 0 0 0 33 0 0 0 23 0 17 0 37 0 0 0 0 0 26 3 0 34 0 0 34 0 0 18 0 75 79 0 0 0 0 0 46 46 43 2
 0 32 24 81 99 10 0 3 24 3 0 90 0 0 0 65 0 20 0 6 0 13 0 23 0 10 0 25 0 63 91 0 24 30 0 31 0 0 0 0 0 39 0 0 39 0 68 0 0 69 0 0 8 0 66 13 27 36 0 0 16 0 0 26 52 22 0 0 91 0 0 0 12 0 61 26 0 32 0 14 79 0 0 0 0 4 0 0 49 51 10 0 63 2 0 55 31 0 36 19 8 0 0 0 0 40 31 0 0 19 0 0 41 55 0 9 0 39 15 0 0 9 51 0 62 0 0 80 0 4 0 0 0 0 61 6 43 17 21 0 0 39 34 0 0 57 0 0 0 42 0 0 0 16 9 15 0 39 7 0 0 44 69 18 49 0 0 14 0 53 51 0 3 0 1 73 0 0 9 0 13 67 0 74 0 0 0 32 0 0 15 63 0 0 0 0 24 0 29 25
 0 60 17 0 64 0 0 36 0 0 84 0 0 0 0 6 33 0 67 29 83 0 33 0 8 15 46 68 65 0 0 70 2 0 24 0 22 0 43 0 29 18 28 54 15 0 0 0 0 32 0 22 0 2 18 0 57 0 0 35 0 59 48 0 41 35 0 39 0 47 41 0 8 0 55 43 0 0 0 0 63 73 22 71 19 81 0 0 44 31 0 6 0 0 26 4 0 39 15 6 33 24 0 53 2 0 26 14 30 71 11 32 0 0 0 21 0 0 0 30 0 22 0 0 0 0 27 52 27 37 49 61 55 28 0 41 34 0 29 23 0 65 0 0 0 44 0 0 0 50 0 28 0 17 0 60 30 11 13 71 0 0 0 4 0 49 0 24 2 18 24 7 11 29 75 49 0 61 29 66 0 0 0 17 0 6 22 0 0 55 6 0 10 0 0 0 39 0 36 20
 0 71 4 23 0 0 15 58 0 65 0 0 23 18 0 0 58 0 93 0 0 0 18 0 0 5 0 0 19 2 0 68 15 0 0 0 34 27 85 14 64 0 50 63 47 0 64 0 2 23 7 0 10 0 1 27 47 0 37 32 0 0 20 66 56 25 0 0 53 0 22 5 0 0 45 0 0 76 0 0 0 0 49 24 33 0 0 0 0 0 0 0 9 0 0 0 0 44 0 7 81 0 0 54 36 4 16 0 29 32 17 0 6 50 58 15 0 0 0 49 7 0 0 0 23 0 0 37 0 0 29 12 0 0 0 40 0 57 1 0 34 0 7 11 50 0 3 0 0 66 10 33 0 0 0 0 57 11 9 1 17 0 16 80 0 0 0 41 21 0 48 5 5 0 27 14 20 51 0 12 9 23 0 0 43 0 0 15 0 92 11 23 2 0 0 42 2 0 64 0
 0 29 9 48 35 0 0 8 0 0 0 2 29 7 0 0 41 0 76 10 0 0 0 47 0 7 19 5 0 67 38 9 0 84 0 0 76 19 0 0 0 0 10 49 0 34 87 0 47 37 31 13 0 5 0 0 37 2 18 25 0 25 49 0 0 36 17 34 26 0 0 32 44 12 1 0 53 0 7 0 0 1 0 0 0 0 0 0 0 1 10 0 0 4 0 75 0 0 0 22 23 23 54 0 69 0 0 0 0 20 20 51 39 0 43 0 0 0 71 22 0 16 34 0 0 55 0 0 17 0 83 0 5 0 27 0 7 0 0 45 0 0 0 0 30 0 9 44 52 0 4 8 0 3 15 0 42 38 0 29 44 68 0 0 50 0 0 10 0 64 0 0 0 69 0 42 76 0 0 23 0 33 18 0 0 37 32 0 0 41 58 0 0 0 0 25 0 0 0 0
 84 0 15 0 0 0 22 0 53 0 41 0 67 0 0 31 18 29 0 89 69 0 0 0 0 68 10 0 0 0 43 68 0 0 0 23 0 43 6 42 12 15 10 3 19 0 3 75 0 0 25 0 26 0 0 0 0 0 40 0 16 12 0 0 0 45 0 0 0 37 68 0 0 0 84 56 0 0 1 0 6 0 25 0 8 53 76 59 66 11 14 0 0 0 0 0 38 69 0 0 32 0 1 0 2 48 0 48 51 0 23 23 6 0 40 31 0 0 40 8 0 0 0 98 6 0 0 0 11 30 0 0 0 1 0 6 82 0 8 48 49 72 0 73 96 0 0 0 22 76 83 0 0 29 30 2 5 53 0 44 0 37 15 9 13 0 14 48 0 15 27 0 0 24 43 2 0 0 0 0 17 0 0 16 29 59 0 0 0 13 60 28 28 0 43 31 0 8 0 0
 0 0 44 0 0 19 42 12 0 51 0 0 0 0 18 4 15 0 0 64 0 0 0 23 0 0 0 44 20 0 0 88 0 81 30 37 0 0 0 0 69 81 0 87 0 21 0 0 0 0 0 0 0 46 93 57 79 0 65 0 55 21 0 0 25 66 0 54 19 7 0 0 42 30 0 0 0 0 0 0 0 0 1 71 0 27 0 0 0 0 0 0 0 0 20 0 0 0 0 0 28 9 34 0 0 0 0 16 67 13 0 0 24 19 24 0 0 0 0 0 0 30 0 44 12 0 48 0 1 0 0 35 2 0 0 7 0 52 0 31 27 65 20 0 0 44 22 77 12 0 0 0 0 0 0 0 8 9 0 0 0 31 0 16 0 0 13 23 0 0 3 66 0 0 0 0 0 0 86 0 0 55 0 0 6 0 10 0 0 0 54 0 0 0 59 44 0 21 7 19
 28 0 46 0 2 77 0 1 0 0 0 0 9 42 0 0 16 0 0 24 10 0 0 71 4 0 18 1 0 9 5 66 0 24 0 7 32 0 0 0 0 20 26 0 0 0 0 17 42 72 60 61 0 0 0 28 0 22 0 0 0 0 0 46 35 0 0 0 0 0 0 21 42 0 0 0 0 38 0 0 3 37 0 0 37 0 1 43 0 80 0 54 0 0 18 30 42 76 13 0 0 85 0 0 0 23 0 0 52 39 0 0 43 22 16 0 13 0 0 0 17 0 1 78 0 0 55 0 0 29 0 0 0 3 0 45 55 0 34 50 10 0 85 0 8 0 0 0 57 0 0 57 51 0 4 0 13 0 0 27 0 0 0 57 80 67 58 0 0 0 0 0 65 0 54 2 45 7 3 0 4 4 0 0 0 28 28 49 0 71 37 0 0 32 0 12 18 8 0 0
 0 0 0 45 0 40 0 0 0 0 87 0 0 25 16 19 0 64 31 0 2 20 0 43 0 0 61 0 6 0 26 21 0 0 77 44 0 0 0 64 57 0 79 14 0 34 14 1 0 33 0 10 24 0 10 61 0 59 0 46 0 0 0 32 0 29 20 0 0 27 0 0 7 0 0 38 0 0 0 0 0 32 65 0 55 6 8 64 0 21 0 48 13 0 42 0 77 25 22 33 0 0 0 64 26 52 0 0 55 31 0 0 0 90 0 0 0 11 0 3 0 53 0 8 0 0 0 27 24 0 0 65 0 0 33 16 0 20 16 0 8 29 0 46 0 0 3 44 0 5 32 3 0 0 4 0 3 24 59 0 77 30 33 52 0 27 28 17 0 0 51 0 12 49 0 78 97 0 52 71 0 19 6 31 0 0 58 0 0 17 0 51 0 90 24 17 10 13 0 36
 20 17 0 0 62 3 36 0 55 78 49 37 0 40 0 24 0 44 4 17 19 0 8 23 31 36 11 0 26 74 0 0 0 2 6 3 0 0 45 0 5 10 17 0 19 0 6 0 17 28 0 0 3 91 12 0 20 3 0 0 81 3 64 19 69 0 34 0 12 36 17 65 2 0 17 34 33 0 0 0 0 60 29 0 0 0 10 5 24 2 45 0 0 0 0 17 2 21 1 0 67 15 0 71 21 0 64 16 0 0 19 94 0 22 1 13 5 0 0 59 70 0 0 52 0 0 0 0 81 0 28 0 2 0 2 20 32 0 0 0 0 0 0 0 0 13 10 4 25 10 0 42 0 6 0 0 0 40 23 19 29 40 0 0 0 0 96 0 36 18 0 76 4 0 0 0 0 0 0 0 0 0 34 11 65 0 0 18 77 0 19 0 18 0 10 0 69 84 0 69
 29 0 72 21 0 0 0 0 51 83 27 0 17 0 29 0 0 0 0 0 8 0 25 0 26 0 20 0 0 0 0 15 13 41 11 0 15 49 16 47 5 0 0 8 0 0 0 0 48 10 0 9 4 31 40 48 14 0 19 0 0 24 0 21 38 0 5 0 2 0 18 0 0 0 0 0 0 11 13 9 81 3 0 30 46 46 82 41 86 5 31 0 0 0 24 0 0 16 0 2 38 5 0 71 23 4 0 0 0 8 27 0 48 24 0 18 14 0 0 0 17 58 0 33 0 0 0 0 0 0 0 0 71 0 0 71 18 77 19 14 63 31 22 40 0 16 7 6 22 6 7 4 0 0 0 1 0 12 0 0 0 0 0 0 77 0 75 53 0 0 0 24 0 6 88 0 46 35 0 53 0 0 0 76 0 0 15 0 0 7 33 0 58 0 0 0 0 0 10 13
 0 26 0 59 0 40 55 41 39 0 0 0 0 0 83 0 31 81 0 42 69 0 9 93 0 58 0 80 0 23 6 0 0 0 0 0 18 18 0 0 0 0 52 54 0 0 40 0 69 19 4 0 0 59 0 16 0 16 0 7 24 74 0 0 0 21 5 19 0 0 0 47 99 0 69 19 0 78 18 0 43 0 0 0 57 37 35 62 27 0 50 30 0 0 9 8 0 0 59 0 0 0 0 0 68 22 33 0 0 12 0 0 0 0 0 0 0 32 0 0 1 4 0 30 15 0 0 9 36 34 0 18 0 45 8 0 24 28 0 0 75 55 0 7 0 46 0 0 0 39 32 68 0 0 22 5 0 0 59 0 0 50 4 35 37 57 0 29 79 0 0 0 10 0 22 0 0 0 0 0 70 0 23 0 49 31 38 0 34 0 8 17 0 37 19 0 71 0 17 54
 36 0 27 60 0 0 36 13 0 2 0 0 38 31 3 73 59 14 21 0 18 0 0 11 0 0 33 0 0 59 0 11 0 0 0 0 0 0 54 0 0 0 0 0 34 14 0 48 17 56 0 0 60 74 0 38 0 0 0 6 0 65 0 0 28 0 66 69 73 16 67 0 0 0 43 53 0 0 0 57 25 41 26 0 0 0 0 0 0 0 0 30 33 0 0 13 29 89 0 0 44 0 0 65 46 39 56 25 1 0 2 55 0 65 0 72 0 0 45 63 83 81 0 0 0 3 0 37 68 0 0 0 29 0 39 0 0 0 0 52 0 22 0 38 0 60 23 0 0 0 6 0 78 1 68 55 0 49 0 0 17 0 0 7 16 17 0 48 85 78 0 1 65 0 0 30 0 0 0 2 12 0 0 0 28 0 0 0 0 0 29 0 17 0 77 14 27 11 25 65
 0 13 0 0 0 0 0 0 0 28 7 63 0 12 0 0 0 0 63 40 34 83 40 0 38 13 73 0 0 0 0 9 2 0 0 30 69 0 43 0 47 21 64 34 35 52 0 48 0 0 17 45 5 0 0 0 0 13 3 48 79 0 3 0 73 26 12 0 9 0 11 0 32 0 33 28 3 9 1 0 85 49 16 59 71 0 0 0 68 0 60 0 40 32 86 0 2 0 58 0 0 0 8 0 59 0 15 66 0 0 0 15 4 0 50 26 50 0 64 19 0 0 6 6 41 9 0 36 0 0 20 27 0 18 41 0 21 0 42 18 3 0 15 0 8 36 0 0 58 0 0 0 0 0 19 19 78 0 0 0 0 0 0 0 43 0 79 27 15 21 75 25 0 0 11 71 13 0 25 0 0 65 58 0 85 0 62 0 64 0 14 72 7 0 0 0 0 0 88 30
 14 0 19 25 0 44 24 6 43 0 4 33 54 0 27 12 3 0 41 1 0 25 55 0 0 0 0 0 22 0 68 0 0 0 0 54 17 0 29 72 26 0 35 55 35 60 44 22 0 0 17 41 0 54 50 0 0 52 0 0 6 0 19 65 11 57 0 15 0 0 37 43 69 0 0 0 33 0 15 0 0 59 56 0 0 16 17 9 0 11 0 61 0 7 0 39 54 27 0 56 0 58 51 2 0 61 0 0 32 0 5 19 18 99 38 17 23 0 32 0 21 19 19 1 0 2 43 60 1 0 80 54 29 7 27 0 15 10 0 34 0 0 0 27 69 0 0 0 0 1 0 5 0 0 19 42 0 10 55 0 0 43 93 0 27 37 0 0 28 0 0 17 0 52 0 36 0 0 21 62 0 0 2 14 1 0 0 37 52 13 0 0 52 0 0 2 14 0 0 0
 0 0 16 0 14 0 0 0 12 3 51 0 0 9 0 0 6 0 61 0 36 0 0 0 0 43 0 27 58 15 0 0 0 0 0 0 42 65 0 76 0 0 34 0 0 0 0 0 0 39 47 38 88 25 0 28 0 0 17 62 0 0 0 0 0 17 5 65 0 0 0 0 0 5 0 0 82 0 80 0 0 34 2 18 0 0 74 0 13 0 10 2 0 0 0 5 21 0 0 29 0 21 0 11 0 23 0 14 0 0 0 0 70 36 0 0 18 0 38 0 61 0 60 32 0 0 7 34 28 80 6 45 98 28 40 54 0 37 0 0 23 12 0 37 4 5 42 46 42 28 0 34 63 0 0 0 0 0 0 0 0 8 12 26 0 0 0 82 0 0 7 79 59 53 14 0 0 0 6 0 27 0 0 46 40 0 14 16 44 19 0 67 0 28 0 43 43 24 0 4
 0 63 0 14 0 0 27 0 17 0 0 73 59 0 0 41 47 0 0 0 54 20 57 10 0 0 0 40 1 7 0 0 0 0 2 0 0 0 0 0 0 8 73 0 0 0 0 0 0 64 0 0 0 28 0 0 8 0 55 44 46 4 98 8 0 49 0 11 4 0 3 61 0 0 5 45 0 0 0 0 32 44 4 27 0 43 0 0 0 23 51 16 0 74 0 0 37 22 32 0 0 0 83 37 0 0 11 27 53 0 25 0 72 2 2 50 0 0 2 0 0 51 64 0 16 16 0 0 51 78 0 0 0 0 64 37 0 33 25 0 0 0 0 0 49 63 0 0 0 0 38 0 27 0 0 0 0 47 16 0 48 0 0 8 12 0 34 0 46 36 3 0 0 70 0 3 19 57 0 41 0 0 92 0 0 0 52 0 0 43 0 0 49 0 0 0 0 0 0 0
 32 27 6 18 0 0 10 0 0 0 0 0 0 0 21 0 49 17 26 0 60 15 0 21 0 44 0 50 22 0 60 86 0 0 89 0 12 0 22 3 0 0 22 0 63 0 0 57 0 1 14 0 0 0 10 19 0 0 0 0 0 0 52 0 0 5 0 0 10 0 0 0 0 53 0 64 0 0 0 0 36 0 0 79 0 21 19 0 0 0 1 0 0 0 18 0 0 0 34 0 5 0 0 0 8 14 0 37 15 10 77 0 0 58 0 40 15 34 43 0 7 53 24 0 0 0 22 7 0 36 24 17 37 51 14 29 6 0 58 0 0 0 0 41 0 0 0 73 61 50 18 6 0 42 38 1 7 17 0 0 0 31 0 68 0 8 32 0 0 19 0 18 0 25 85 1 44 3 12 0 0 0 0 8 0 16 0 0 4 0 48 0 17 0 71 49 0 33 0 68
 2 39 14 0 0 0 25 44 49 0 69 0 59 0 2 0 12 41 10 0 92 10 0 0 62 66 0 0 0 0 0 59 59 41 0 39 23 0 0 0 12 0 6 5 0 9 32 0 0 31 92 0 7 0 0 41 41 0 0 0 0 0 5 48 0 50 67 56 21 1 0 60 0 12 38 0 62 28 0 0 0 25 37 0 0 0 0 0 28 0 0 51 64 0 56 5 39 35 0 0 50 0 52 0 0 0 0 54 0 3 0 0 0 0 47 0 0 3 0 0 10 31 94 36 0 23 0 0 0 83 0 21 0 32 0 61 18 1 81 0 0 18 0 4 0 24 16 7 0 0 0 4 48 45 0 0 0 62 0 0 0 0 0 69 0 0 17 55 77 0 0 0 28 0 0 45 0 0 0 7 53 0 4 13 0 0 48 0 0 0 0 0 0 0 15 3 29 0 12 5
 0 71 79 0 22 19 47 48 68 95 22 0 46 72 83 0 61 88 0 36 0 20 11 0 21 24 0 12 0 0 17 2 12 0 61 19 0 5 2 0 0 0 45 25 0 85 54 0 8 90 0 0 5 10 47 0 0 44 0 59 0 6 0 65 34 0 0 0 0 0 0 35 0 0 0 0 0 19 8 65 0 51 0 61 0 26 0 0 14 10 11 0 52 10 0 50 36 0 0 51 52 0 0 0 0 0 57 0 30 28 49 0 0 0 3 0 36 0 14 51 0 82 67 0 12 36 28 47 0 67 0 0 0 0 0 57 20 0 0 0 9 40 16 12 0 26 0 0 0 3 0 15 0 70 0 0 32 43 27 31 0 0 27 33 0 0 27 0 45 38 0 60 48 0 0 38 42 16 33 19 36 0 1 31 30 0 0 70 51 19 0 42 39 0 6 0 33 0 92 0
 4 0 0 0 43 0 29 0 0 41 0 41 34 0 28 16 4 0 0 0 0 70 33 0 5 0 50 8 0 3 28 57 59 72 0 0 13 9 0 19 30 31 0 0 71 9 47 0 0 7 4 33 0 0 50 69 0 0 62 0 27 46 2 0 36 3 36 11 0 0 78 4 10 0 0 51 33 0 0 0 34 5 0 8 57 24 3 0 47 78 0 0 68 71 0 0 0 28 0 0 0 0 0 43 53 76 0 4 79 0 80 0 4 0 0 0 0 0 14 0 0 40 15 0 0 0 35 23 0 29 0 51 0 39 0 1 0 70 48 0 9 0 83 0 55 0 37 0 78 32 40 0 45 5 0 29 48 30 14 0 0 3 0 46 0 8 39 0 12 20 14 0 56 0 0 84 0 85 43 0 0 66 0 0 0 65 0 0 0 26 0 0 0 59 0 42 81 34 0 19
 0 50 0 0 25 0 54 0 55 0 13 8 68 20 61 0 16 0 0 78 0 0 29 0 12 0 9 6 1 0 0 0 0 23 0 1 0 18 0 0 45 0 4 0 65 0 21 0 0 0 12 0 16 21 0 0 23 22 0 3 45 46 3 0 65 31 63 0 14 0 0 0 80 0 43 44 0 0 47 19 7 0 0 0 0 29 32 0 0 0 14 0 0 48 21 77 0 0 25 0 0 3 0 0 60 15 0 59 46 0 62 0 0 38 3 2 52 0 0 23 93 62 56 0 35 68 0 0 35 0 0 82 56 0 0 80 26 0 26 0 0 2 89 0 49 0 16 0 70 22 21 0 0 11 10 0 0 0 0 0 76 43 15 0 0 0 48 25 47 42 0 0 0 32 0 56 0 0 43 3 51 71 5 0 0 3 14 0 0 0 0 0 97 0 33 0 0 0 57 0
 11 49 44 7 22 0 0 0 0 0 39 29 0 0 45 0 0 0 0 16 8 0 0 47 0 80 4 0 34 0 0 0 0 0 67 16 27 0 0 0 83 31 65 0 0 0 82 0 57 18 2 0 0 0 0 0 0 0 10 51 3 0 0 0 57 80 0 52 0 0 0 0 0 1 26 0 0 0 0 42 48 0 0 2 0 0 0 0 0 91 0 38 41 62 0 0 11 0 0 0 30 0 0 6 0 38 55 69 0 63 58 0 37 0 39 38 11 61 46 85 0 49 0 0 14 31 42 84 0 0 15 89 0 0 0 0 52 0 0 0 14 0 0 30 71 0 0 0 0 0 36 39 0 0 0 23 0 0 32 0 0 0 12 58 16 0 15 0 19 0 13 0 9 0 35 0 0 35 0 35 12 65 0 0 60 39 39 0 49 0 0 8 0 0 0 0 0 7 12 0
 0 0 0 96 0 0 0 0 0 73 0 61 0 0 0 0 0 44 0 0 0 20 25 0 23 0 61 9 0 0 53 23 20 0 0 21 27 0 34 52 1 31 0 27 13 0 49 37 0 0 0 81 11 0 0 0 0 23 15 0 0 0 0 26 0 66 72 0 0 78 0 61 0 0 0 0 0 55 0 0 41 0 0 0 0 0 0 0 0 39 23 0 88 0 0 23 0 0 0 0 0 0 0 54 0 49 15 0 0 18 84 0 0 0 0 46 0 0 73 0 0 20 75 43 0 0 0 0 0 71 54 47 55 0 4 51 29 0 81 0 0 0 0 62 0 0 3 6 0 1 29 76 65 0 45 72 0 43 0 55 0 7 0 65 0 17 36 51 0 0 1 47 0 28 33 0 0 69 0 0 81 0 0 89 0 36 26 0 0 0 0 0 0 0 53 31 4 56 27 0
 0 0 17 0 4 35 13 0 20 0 0 0 91 44 40 34 0 74 12 62 0 30 0 80 0 8 0 0 0 0 8 9 0 0 3 52 16 13 66 0 0 78 0 25 75 0 45 66 47 79 64 0 2 12 13 0 0 11 29 29 68 43 57 0 0 16 0 0 0 0 0 16 34 0 0 0 0 30 55 0 37 0 0 0 39 6 28 62 69 0 29 38 32 9 33 41 0 0 0 19 1 0 0 0 0 2 16 27 8 1 36 0 0 23 41 36 0 0 76 0 25 0 55 37 0 0 0 0 0 8 0 46 0 0 0 0 0 0 18 30 18 30 0 96 0 0 0 0 81 54 0 0 7 0 46 0 0 0 0 22 0 0 20 0 0 0 16 30 59 41 0 25 10 6 2 13 34 0 0 0 81 82 5 0 0 0 0 47 1 0 0 0 24 0 55 0 0 0 13 0
 19 0 50 0 29 0 13 0 0 78 8 0 59 38 41 0 0 0 0 37 22 35 0 32 30 57 0 17 0 49 0 39 3 0 5 20 30 5 19 11 22 64 62 37 0 0 0 0 1 53 0 0 1 85 54 0 0 59 0 68 0 60 0 10 0 0 27 0 33 0 0 0 23 0 30 11 52 61 0 56 4 2 21 18 31 4 52 0 0 0 0 0 0 12 0 0 22 33 0 0 82 0 65 0 0 0 8 0 0 31 0 14 0 0 26 9 24 70 0 83 0 0 0 0 9 0 26 0 0 0 10 0 0 52 0 4 0 0 25 0 11 0 0 0 0 0 0 0 0 0 3 0 0 0 54 20 40 21 7 51 43 0 12 21 41 0 0 79 0 18 0 0 76 0 94 0 0 26 0 9 54 0 92 74 28 98 0 0 94 58 42 0 0 0 0 0 0 55 13 73
 0 13 66 12 0 27 37 55 0 0 0 2 0 50 13 26 62 53 19 27 0 63 0 0 21 0 65 38 0 0 0 0 41 0 21 1 0 0 0 14 0 3 0 23 0 0 0 0 0 67 1 47 0 0 0 43 5 5 0 14 28 0 0 59 0 0 0 6 11 72 42 0 66 0 38 0 0 34 15 0 0 0 51 77 58 0 0 24 0 0 18 0 0 27 18 68 0 50 23 23 21 0 37 33 74 0 4 0 0 10 0 0 4 0 4 0 32 0 54 34 25 3 0 14 8 0 43 22 0 0 0 9 37 0 9 14 0 17 0 15 0 50 43 0 29 0 0 13 0 26 44 0 0 42 47 0 24 15 0 0 0 24 0 96 34 0 0 0 70 9 8 0 0 49 0 0 0 37 66 56 0 48 0 10 6 0 0 29 0 49 0 43 4 71 0 0 0 0 29 18
 2 76 64 0 45 0 0 44 60 0 0 4 52 0 67 0 0 12 9 10 21 0 0 49 0 32 0 0 0 0 7 0 0 22 0 0 0 0 0 0 31 0 0 0 0 22 0 0 0 0 0 18 2 0 0 0 0 4 0 0 0 13 0 60 0 0 43 60 4 0 52 0 63 26 0 0 0 67 0 12 0 13 56 83 7 0 9 0 73 30 71 26 71 0 22 27 0 0 0 0 0 0 0 0 0 40 8 0 13 34 0 0 56 40 58 0 0 3 0 0 0 0 76 51 83 10 0 43 0 23 57 8 0 19 0 0 28 0 0 0 0 0 16 0 0 0 0 0 0 0 0 0 0 82 11 0 0 0 45 7 0 58 0 0 63 57 0 75 0 0 0 0 0 1 32 7 0 1 37 0 36 64 0 0 41 0 0 60 41 14 0 0 0 15 0 13 36 6 0 0
 0 0 8 10 35 6 0 57 19 51 7 0 20 11 0 0 41 13 0 43 0 0 43 28 3 0 45 77 0 0 18 0 63 0 20 0 50 0 0 0 0 11 0 31 77 70 0 97 0 7 0 51 13 24 0 0 0 16 63 37 0 37 73 0 0 0 0 0 0 0 0 0 0 0 59 0 1 0 0 69 13 0 0 0 0 0 6 74 0 0 0 74 2 0 0 0 12 14 52 0 5 38 5 25 9 0 0 0 0 25 0 0 0 57 42 74 50 37 15 62 0 0 0 1 54 0 20 64 0 0 0 0 21 96 0 0 32 35 0 33 0 45 0 0 0 0 17 62 45 0 20 43 24 14 0 38 0 20 49 0 6 0 0 52 0 36 34 3 0 15 24 25 22 14 0 20 65 0 0 0 0 42 0 7 6 90 0 26 0 0 0 71 0 0 41 3 0 0 0 26
 50 12 0 0 0 46 2 0 0 27 29 0 0 0 85 8 0 71 32 5 67 0 0 9 0 0 49 0 25 51 0 0 0 0 9 0 0 2 0 0 0 0 0 0 0 27 34 0 0 37 43 0 0 0 17 37 6 9 16 38 1 0 39 0 23 70 0 0 0 43 69 0 0 0 0 7 0 0 48 89 0 10 19 0 0 25 0 3 8 87 0 0 20 0 0 62 0 10 0 56 62 0 44 27 0 41 0 23 0 7 33 60 0 0 0 0 67 0 18 0 0 76 0 39 11 46 0 66 0 57 0 70 0 0 16 56 0 27 0 0 8 0 0 0 15 0 0 50 60 0 21 0 7 0 2 0 0 48 11 0 1 0 2 0 0 0 65 0 0 13 0 5 0 0 74 0 62 55 0 0 0 67 66 36 0 19 34 21 61 30 0 0 0 0 47 0 44 0 0 7
 27 0 28 12 0 72 34 6 0 0 0 10 57 0 28 74 0 0 6 11 16 0 28 0 0 49 0 0 16 7 27 0 27 0 0 0 0 0 61 0 0 0 54 0 10 5 0 0 0 0 89 0 24 0 23 1 18 0 0 0 25 0 18 2 30 23 43 0 0 0 5 45 31 0 10 0 6 8 54 78 33 30 43 0 58 0 1 10 44 0 0 0 0 0 4 0 0 47 6 4 0 35 47 0 0 0 37 0 0 0 85 0 19 0 0 37 19 39 34 0 0 62 6 78 21 0 0 0 0 8 8 44 0 23 21 0 0 26 48 41 10 0 56 81 0 17 0 0 0 0 39 20 70 91 20 0 0 0 0 30 0 1 12 0 0 31 0 27 11 4 36 0 0 4 2 4 0 56 12 35 30 0 0 0 0 0 0 86 0 0 85 0 19 0 1 0 0 59 0 33
 0 40 28 0 0 0 49 45 0 0 0 81 29 0 0 0 17 57 0 14 0 53 15 0 47 0 0 0 0 0 48 0 53 29 93 0 40 0 1 67 0 13 58 0 41 0 0 51 0 11 3 0 0 0 62 11 3 0 0 82 0 79 54 48 46 39 36 35 34 79 100 0 6 0 46 0 0 0 0 42 0 0 0 0 0 44 0 84 0 0 13 0 41 3 0 66 50 71 0 21 0 69 0 0 18 17 39 0 0 0 47 0 23 23 0 82 0 5 22 23 64 25 19 16 0 19 13 46 0 0 65 0 6 0 0 13 9 0 0 20 4 0 9 33 24 21 0 0 0 0 60 4 23 26 0 0 58 22 76 21 51 38 18 28 8 46 0 8 0 19 0 0 0 29 0 3 0 74 10 0 48 0 0 44 0 36 0 6 89 7 58 0 0 2 0 0 0 0 8 39
 0 87 66 0 30 0 19 50 40 0 0 63 0 0 0 0 6 0 69 0 23 0 0 0 0 0 34 0 0 0 0 12 27 30 7 0 38 0 24 0 0 0 0 0 0 0 0 3 4 63 39 0 8 0 0 5 94 7 0 39 30 42 0 4 0 0 0 46 0 0 35 2 50 0 34 22 26 0 0 49 29 0 0 0 39 3 0 35 1 0 25 0 0 74 0 0 0 0 48 0 0 76 0 28 18 0 0 60 30 18 5 0 64 0 0 0 20 19 0 0 0 72 24 58 0 0 0 53 70 0 26 0 15 14 6 0 15 0 28 0 0 0 0 85 14 0 30 0 0 0 0 2 27 28 0 0 29 0 68 0 0 0 0 71 0 0 29 0 38 45 3 0 0 0 29 20 0 0 71 21 9 31 0 0 0 32 0 3 0 60 0 0 0 0 51 1 0 7 0 0
 0 54 0 7 0 17 0 35 21 0 0 0 8 21 65 6 8 3 4 8 0 6 0 0 25 0 20 25 0 17 2 33 0 47 34 0 25 4 17 41 0 0 0 25 54 19 96 54 29 17 0 0 48 0 0 25 0 38 20 0 7 7 46 0 0 0 0 78 0 0 0 0 6 72 33 28 44 0 0 30 37 0 0 0 0 0 16 17 0 24 17 0 13 0 0 21 0 0 0 58 0 46 0 0 32 52 0 0 56 0 0 0 0 0 0 38 0 0 56 57 26 12 0 20 0 0 0 3 26 23 5 21 0 6 0 5 72 42 0 11 46 27 11 0 33 5 26 0 0 5 0 6 0 0 23 0 5 0 0 0 0 0 0 0 0 66 0 0 0 0 0 21 12 9 0 40 28 30 2 30 20 37 0 32 13 6 69 0 0 38 66 0 38 10 0 5 72 3 0 0
 19 25 20 0 10 56 0 0 0 43 0 2 0 0 14 0 0 0 0 0 0 24 0 0 0 0 82 0 18 38 28 13 48 0 2 4 0 0 0 0 0 36 94 26 0 0 0 0 0 85 14 0 32 16 0 5 0 45 27 2 0 18 78 29 16 0 30 9 94 0 0 14 20 6 19 0 0 0 0 0 66 25 31 0 0 49 0 0 72 38 0 0 0 22 65 0 47 67 0 0 0 66 0 13 54 32 0 0 64 0 22 0 61 12 45 0 28 5 71 0 0 79 26 0 8 0 0 0 0 11 76 0 0 0 40 0 0 80 0 0 3 0 0 27 76 22 27 0 27 0 52 68 20 0 35 18 0 88 0 4 0 6 0 37 61 0 4 79 0 72 0 6 0 46 4 3 0 15 29 0 2 4 11 0 67 0 66 4 42 9 68 21 0 34 45 0 2 4 0 0
 76 41 9 0 11 21 0 0 0 15 1 0 64 48 0 39 66 57 12 0 0 0 54 24 0 57 53 0 0 93 0 0 0 73 0 0 36 0 0 0 0 0 0 12 0 0 25 0 75 12 0 1 38 69 31 16 83 0 0 83 0 43 0 7 0 53 9 26 0 0 0 10 0 0 32 63 0 66 83 0 11 0 0 6 9 8 0 38 33 31 49 0 0 0 46 0 0 42 0 0 20 0 60 0 10 46 23 0 14 12 22 0 52 0 0 78 19 83 0 0 0 31 7 0 0 0 39 0 49 23 20 0 1 0 0 18 14 0 0 29 22 0 0 32 10 0 48 0 4 40 0 5 70 24 61 0 35 35 76 0 0 4 0 44 2 17 0 0 59 0 0 0 24 0 0 5 0 10 0 9 94 0 35 0 26 4 32 0 51 58 0 2 71 25 86 73 0 78 0 55
 57 18 22 0 21 15 5 0 3 29 0 0 37 0 0 0 0 0 50 0 0 0 0 0 0 54 0 25 46 13 0 0 32 23 82 0 0 27 0 0 0 0 0 25 45 34 0 31 20 0 0 0 0 0 0 0 0 36 0 71 46 0 5 0 0 30 0 2 23 0 28 45 53 8 0 0 0 0 0 0 2 32 0 0 0 4 0 0 0 0 1 34 31 0 0 0 38 0 0 44 0 79 64 0 0 0 42 62 8 0 0 15 0 72 85 7 9 0 35 48 0 44 0 2 18 69 28 0 9 43 20 46 0 0 0 0 38 0 0 63 16 0 50 24 0 58 0 0 29 16 15 0 20 54 23 38 56 10 41 10 24 7 49 27 0 0 46 20 0 4 13 29 0 35 22 51 1 0 63 85 38 29 30 0 0 0 87 84 0 6 0 0 0 58 0 0 14 0 0 0
 60 0 0 0 0 0 21 6 18 0 25 24 61 0 0 0 91 11 0 21 0 39 43 0 0 25 49 0 5 0 56 46 96 0 0 0 60 0 11 0 0 0 0 0 0 0 10 0 0 0 4 66 0 0 0 0 0 0 54 15 95 0 0 1 0 0 69 36 33 43 23 0 15 41 45 8 14 0 0 57 24 0 18 62 0 0 0 41 14 0 0 34 23 7 0 75 24 0 18 0 17 29 76 0 0 0 19 42 67 0 37 0 15 48 0 33 99 17 0 0 0 97 0 0 0 9 0 57 0 5 81 1 0 35 24 0 19 22 0 50 0 0 0 23 12 75 32 23 89 2 15 39 0 0 0 0 44 10 41 59 1 28 0 0 72 0 0 13 0 0 23 17 11 6 0 0 0 14 0 44 0 0 15 0 15 0 0 0 26 0 16 0 0 1 36 25 36 0 21 0
 19 1 87 0 92 32 0 0 0 0 0 0 0 25 0 93 0 5 19 0 89 39 43 3 0 0 0 0 48 28 3 0 12 47 43 0 52 41 0 2 0 17 40 0 0 16 0 0 0 44 0 0 60 36 57 0 0 19 60 0 68 0 0 0 0 13 0 28 43 0 0 55 10 0 35 0 36 95 0 10 24 23 84 0 0 49 0 0 0 25 32 16 32 0 22 0 9 42 0 0 81 0 0 16 0 0 26 45 0 0 0 58 77 23 3 14 0 48 35 16 0 0 74 27 47 0 0 0 7 30 52 23 51 66 0 53 40 14 55 35 0 38 0 34 13 0 39 0 49 0 34 1 59 36 32 0 0 6 7 24 0 0 0 0 0 0 36 32 23 0 23 0 0 82 0 0 15 0 14 8 0 86 23 29 0 0 68 35 4 0 0 20 0 65 0 29 0 23 0 64
 0 1 4 14 44 0 5 6 0 0 0 0 0 0 21 0 0 53 60 25 0 19 47 30 0 0 0 0 5 0 0 0 0 47 1 71 27 0 18 0 11 0 2 63 10 41 0 19 45 0 0 0 0 0 33 34 0 0 0 9 0 28 5 60 41 0 0 0 29 0 37 42 0 49 13 71 0 0 0 0 92 0 2 46 0 0 21 2 0 0 54 0 0 56 56 52 0 0 0 0 6 0 0 15 0 26 5 79 0 0 2 15 0 44 35 0 0 58 0 86 0 0 57 0 3 1 2 12 0 60 0 15 0 1 0 0 13 0 18 56 13 0 0 0 18 1 0 0 45 0 27 0 44 0 59 63 29 0 0 0 0 69 6 51 0 0 0 29 0 0 31 0 0 19 4 0 0 0 52 67 0 24 42 47 0 3 0 14 7 9 0 0 56 0 0 60 58 0 40 0
 0 24 0 9 0 44 0 0 41 7 25 0 10 0 73 13 0 7 0 33 0 56 0 0 62 0 0 0 0 46 0 0 0 45 0 0 0 0 0 0 22 0 0 13 0 0 22 15 2 0 35 0 15 0 0 86 2 0 0 0 0 0 0 0 52 0 21 34 38 0 23 0 34 0 54 20 0 0 0 48 0 0 0 0 27 0 0 0 33 0 7 79 0 0 0 33 4 0 29 4 0 0 79 0 77 0 0 0 29 0 0 0 0 0 15 0 0 0 21 10 0 0 9 0 16 0 7 0 0 3 82 14 83 0 0 0 44 25 0 18 0 0 82 0 7 0 0 0 0 0 29 74 45 59 0 40 0 0 42 75 1 56 0 0 0 0 0 5 3 0 79 8 0 36 0 2 19 0 12 0 0 21 0 36 0 69 66 0 5 0 0 0 0 44 9 0 6 86 0 23
 30 0 0 0 14 0 7 30 57 0 0 0 13 42 17 17 0 0 66 88 0 75 12 0 48 0 35 0 0 0 0 0 0 79 0 0 0 24 0 0 6 0 0 3 0 0 0 0 0 0 15 0 0 0 0 49 0 29 0 0 0 0 0 0 0 0 19 56 0 47 14 74 0 62 40 27 0 13 0 0 0 69 15 0 0 0 0 0 0 48 0 30 13 11 15 0 39 0 14 0 36 10 15 0 0 42 75 77 18 62 18 27 51 38 0 30 0 0 6 26 7 14 0 0 0 14 0 0 14 0 0 0 5 47 44 0 10 23 3 82 50 9 30 0 10 0 70 0 17 0 0 7 76 73 0 38 24 0 0 0 0 25 26 0 28 2 21 0 0 0 0 9 16 73 11 0 0 3 0 0 0 0 0 0 72 56 86 13 0 8 8 55 64 33 0 92 0 81 22 0
 0 0 9 0 0 0 0 54 62 0 0 0 0 0 11 89 60 21 0 23 0 0 11 57 47 40 0 69 17 0 21 38 81 39 0 30 0 0 0 0 47 0 0 59 0 28 50 39 75 10 40 23 83 0 53 0 70 10 0 0 14 79 0 0 0 5 0 35 22 0 2 0 0 32 0 0 0 0 28 0 37 0 32 23 0 12 56 0 0 0 0 0 0 59 20 87 0 7 0 0 0 69 0 57 2 1 0 0 0 0 0 55 0 0 0 39 48 0 0 0 10 0 0 20 72 13 2 0 0 0 2 16 38 29 20 11 0 53 0 55 86 63 0 3 73 0 41 13 0 0 0 0 0 0 3 12 58 0 0 0 22 5 60 0 5 0 0 0 0 0 0 52 0 6 0 0 33 0 50 61 2 51 0 0 39 0 0 0 0 42 39 20 0 20 6 0 44 0 69 9
