200
 38 77 0 8 0 0 15 8 35 15 0 31 0 0 0 0 0 0 59 0 8 0 24 0 49 17 55 0 0 0 46 0 0 7 0 0 5 0 0 0 0 4 0 0 45 0 1 39 2 0 23 54 0 0 49 4 1 26 0 29 0 0 0 0 24 28 0 14 0 30 5 16 0 0 53 0 0 0 13 3 11 8 0 38 0 12 5 0 0 0 39 11 0 49 0 0 29 9 28 22 93 0 21 50 0 6 4 22 32 0 0 38 0 6 10 14 0 0 18 67 0 1 52 52 13 0 0 30 0 0 5 0 0 9 39 0 22 56 29 11 0 0 0 0 0 0 7 0 50 0 89 0 0 10 74 74 3 0 0 9 0 0 0 19 0 68 0 41 30 20 46 42 76 0 52 8 0 0 0 16 85 0 12 68 48 0 0 80 8 0 29 0 1 13 16 0 0 20 0 0
 0 18 0 16 60 0 37 0 0 72 0 25 46 1 17 0 0 0 0 0 0 0 43 59 0 56 52 15 45 0 61 0 46 57 0 21 0 20 8 18 0 0 40 0 45 0 31 30 0 0 56 37 43 9 11 63 6 0 0 75 2 0 0 0 41 20 39 36 5 0 13 60 0 33 16 0 0 0 0 26 36 0 0 34 0 73 69 65 99 0 0 0 0 13 11 36 42 8 19 0 0 0 0 7 0 22 42 0 0 0 1 0 0 47 0 41 40 0 47 54 39 94 67 0 2 17 0 0 48 20 0 0 9 24 0 0 19 33 0 68 0 0 21 0 13 0 0 0 54 0 0 0 36 76 16 36 0 64 38 54 17 82 0 0 25 0 0 0 0 0 71 67 0 5 4 0 0 0 58 6 81 16 37 0 0 5 0 22 52 0 52 0 13 18 0 0 0 1 72 0
 2 7 23 24 78 5 9 56 72 29 30 0 6 5 29 0 0 53 0 3 48 23 0 45 26 0 0 0 15 0 0 0 29 0 3 0 0 18 26 0 0 0 60 12 9 0 0 38 35 0 0 0 0 1 0 0 0 0 0 21 0 12 0 16 0 0 1 0 45 0 80 60 50 0 79 87 24 0 46 0 30 18 29 45 0 0 54 0 0 0 0 28 0 42 4 16 54 14 0 0 0 78 35 0 0 48 0 100 51 24 0 11 30 24 37 0 0 47 0 0 0 19 0 14 41 0 0 48 0 36 0 0 38 0 9 26 74 0 0 6 0 0 0 29 17 38 0 0 16 2 2 0 34 0 24 58 0 0 1 0 0 49 0 85 63 28 42 0 23 30 6 21 0 0 80 0 0 13 0 0 0 16 3 0 30 5 0 32 0 12 41 0 21 11 0 11 0 0 56 25
 0 0 0 99 46 0 73 16 57 0 75 0 51 0 0 0 25 90 0 61 6 0 0 0 0 0 21 13 11 11 0 0 55 0 0 32 0 0 81 15 0 0 22 0 22 0 0 24 90 0 0 0 0 20 0 0 42 0 33 43 0 0 3 34 0 0 0 61 12 23 1 6 15 54 46 2 20 6 0 0 55 0 20 0 0 77 0 20 70 0 47 42 8 0 64 35 0 0 0 25 16 0 43 44 0 0 32 7 0 0 0 0 17 37 0 0 35 0 31 0 0 0 46 23 0 17 10 0 22 33 58 13 0 26 10 75 46 0 59 76 37 0 30 60 0 0 7 16 68 2 4 0 0 0 93 75 37 0 38 20 0 21 74 0 53 0 0 18 4 78 0 2 14 0 61 0 36 60 16 61 1 0 0 35 0 18 0 0 0 60 0 0 0 76 0 0 43 0 22 0
 44 0 0 0 53 0 18 37 49 8 70 73 37 0 0 0 0 56 9 6 0 0 48 0 58 0 75 36 2 71 0 15 57 79 0 11 0 41 1 29 92 0 76 0 30 27 0 0 0 0 0 0 28 5 12 0 0 26 0 0 0 27 0 25 9 50 18 64 17 31 17 0 22 0 0 0 0 0 0 68 15 66 0 0 0 15 63 26 0 30 0 20 0 85 33 0 0 8 13 0 37 0 0 0 0 18 0 33 0 49 0 21 3 16 40 0 82 0 8 23 11 0 13 57 9 26 0 0 69 29 0 0 0 0 0 45 14 9 10 17 0 39 0 4 0 17 65 0 6 0 0 0 42 90 0 0 24 68 35 34 0 30 0 22 8 0 0 9 28 6 23 34 0 87 77 12 33 0 19 10 0 0 0 0 0 32 6 41 15 7 0 51 42 19 18 15 0 0 2 0
 1 41 0 60 24 10 0 0 0 0 19 69 16 0 16 52 87 0 60 0 0 0 0 0 0 12 0 54 0 0 0 0 43 19 38 15 35 14 93 13 0 8 18 14 9 54 12 7 0 0 21 46 0 44 39 0 0 31 65 0 35 61 0 0 0 58 0 8 0 0 0 0 17 0 0 12 57 0 0 37 0 0 0 0 0 0 0 9 94 0 14 0 0 7 0 35 8 16 12 0 67 45 21 27 0 0 0 0 0 26 24 3 0 74 0 0 26 0 39 0 99 0 0 13 0 0 82 59 1 74 0 0 23 3 0 19 0 90 0 31 0 19 0 0 0 0 22 15 47 0 0 0 11 0 21 39 0 18 21 29 0 80 0 4 1 4 0 17 21 0 32 12 0 62 0 0 0 31 15 56 0 24 0 0 46 0 0 0 47 0 0 0 0 23 0 0 10 0 0 17
 0 0 0 0 0 50 20 39 0 0 0 0 3 44 12 51 0 0 0 0 0 0 0 49 38 76 0 0 0 0 0 0 0 0 6 0 35 0 0 0 8 0 0 1 0 40 0 0 44 0 16 0 0 0 0 0 42 0 0 0 0 18 0 12 59 0 0 0 0 0 0 15 0 73 27 9 73 4 0 0 0 0 0 0 18 0 7 0 0 0 0 78 63 0 0 38 55 0 0 21 3 73 0 2 15 36 0 0 0 1 0 30 0 22 4 0 0 0 28 0 37 0 0 40 0 0 80 0 17 0 4 0 57 0 0 40 5 82 34 0 0 0 10 0 10 0 0 0 9 0 0 22 0 6 10 70 33 31 6 0 23 39 9 13 12 29 50 52 14 6 24 62 17 14 17 0 0 0 0 62 39 24 26 56 0 0 26 0 17 0 78 8 0 21 0 9 0 0 29 0
 0 60 0 0 0 98 0 80 9 0 20 0 10 12 17 0 18 0 0 0 0 70 0 0 40 72 19 18 0 26 29 46 36 0 31 0 70 0 6 0 80 2 0 0 0 34 37 0 0 0 88 0 0 0 0 0 0 30 71 0 0 39 0 37 0 0 49 0 47 0 0 0 40 0 40 17 19 2 0 8 0 0 17 0 0 26 0 26 35 18 69 0 0 0 13 0 0 9 16 13 0 0 0 0 22 0 0 0 5 0 61 0 13 0 0 0 0 0 55 58 17 34 0 0 0 0 0 0 67 0 0 0 0 97 88 0 0 76 40 53 0 0 60 5 0 0 13 0 34 0 40 40 82 20 0 17 15 0 0 0 76 0 0 19 11 0 58 0 0 12 0 0 0 0 0 35 0 0 0 51 0 66 0 0 0 0 42 0 17 54 0 0 73 85 6 23 0 25 0 83
 0 49 0 0 0 40 71 0 34 0 0 0 52 19 0 0 0 8 0 0 0 16 0 30 25 0 0 57 0 0 0 0 64 0 0 10 0 54 0 25 21 19 24 0 57 0 1 0 10 10 0 0 10 0 20 50 68 0 0 58 1 0 0 0 4 33 52 0 0 0 0 0 5 0 0 0 9 0 0 0 0 35 7 0 0 0 0 3 4 0 21 0 6 0 27 16 65 0 19 0 6 48 0 0 23 0 20 18 0 43 68 0 18 0 0 20 0 0 0 43 16 9 39 38 22 0 0 47 40 0 43 49 10 2 0 0 0 0 42 0 0 0 5 0 0 0 0 0 0 0 0 0 36 0 25 0 0 65 27 0 0 20 0 61 0 0 0 0 58 0 43 33 0 1 0 0 23 19 0 0 28 6 20 29 40 0 47 0 2 0 0 2 0 0 0 0 0 0 0 0
 0 0 0 30 0 17 18 46 63 60 8 0 0 43 11 48 33 8 0 9 2 15 14 16 0 0 0 78 0 0 32 52 4 0 26 13 42 10 0 26 0 0 0 73 35 18 49 0 19 0 0 11 0 0 12 0 65 36 7 0 0 0 0 0 2 77 51 29 0 0 0 0 3 0 0 59 0 0 42 0 26 16 0 0 8 50 0 0 0 0 0 0 0 0 0 0 57 20 54 0 0 20 56 31 27 42 0 14 22 0 71 0 54 26 0 22 25 0 0 0 0 59 0 0 13 0 0 0 12 17 48 0 0 6 13 0 48 78 0 48 0 0 90 48 0 23 57 0 73 0 16 75 0 38 0 0 0 27 0 20 0 93 4 0 0 0 0 0 0 0 21 0 0 39 10 30 81 14 49 0 0 0 13 51 0 43 0 31 50 26 17 22 16 37 9 5 9 0 0 0
 50 66 0 0 0 0 18 0 20 0 35 0 26 0 0 0 32 9 11 0 66 0 0 1 41 0 29 0 1 0 0 0 91 45 0 29 0 8 0 0 34 0 0 15 0 0 41 4 0 69 0 9 0 43 0 2 10 0 38 0 72 45 0 0 0 0 0 31 62 8 0 0 68 0 0 0 10 30 0 0 0 12 0 62 0 0 33 0 36 0 19 79 45 0 0 52 41 0 0 20 0 0 46 50 0 0 56 58 0 69 0 0 27 6 4 6 0 0 0 0 7 35 64 34 82 73 0 0 0 87 28 29 29 17 43 58 55 0 56 40 0 8 35 47 33 0 0 0 0 0 0 45 26 0 0 0 2 0 0 17 75 0 57 0 0 51 0 19 8 29 50 0 0 55 0 0 0 0 2 0 3 0 72 0 36 0 0 39 0 16 0 0 0 26 63 15 0 0 0 10
 0 0 27 37 0 0 8 40 0 21 25 88 0 66 50 0 0 21 0 53 0 0 0 0 0 0 0 0 0 0 10 51 62 22 29 39 0 29 43 24 0 61 0 28 91 21 38 12 0 11 4 41 0 8 25 50 0 0 36 0 0 67 0 2 9 21 0 45 0 36 78 42 56 50 37 11 0 0 20 0 0 94 0 0 21 75 0 0 17 0 0 0 35 0 31 63 0 0 49 9 0 0 1 16 0 0 0 30 0 0 18 0 0 0 0 19 55 0 0 0 0 0 0 24 90 0 46 0 0 59 0 16 17 0 61 0 71 27 0 0 79 10 15 0 0 0 0 26 0 46 54 0 51 0 18 21 0 41 0 28 0 0 36 0 0 20 0 39 18 18 73 0 0 28 35 0 0 12 88 0 0 75 0 2 0 37 12 0 56 0 53 14 0 0 17 13 0 0 26 0
 44 0 0 0 0 0 0 0 0 5 0 8 17 0 14 0 0 0 0 0 68 34 0 14 0 0 53 19 83 74 3 3 0 5 54 0 18 37 13 96 0 0 43 67 7 62 0 0 4 0 2 0 0 0 0 45 0 19 0 11 58 4 1 53 0 12 78 65 0 0 0 0 26 0 22 67 0 0 31 8 0 3 0 0 56 0 0 15 21 10 14 0 0 6 34 0 39 0 7 0 48 95 0 0 0 21 19 0 38 0 0 0 0 14 26 83 33 0 19 0 0 27 0 0 58 0 36 29 0 27 27 0 35 0 0 0 8 10 6 0 0 0 25 0 0 0 0 52 0 2 0 0 26 1 29 0 9 63 0 0 61 0 0 0 0 0 0 46 16 30 14 30 0 23 61 23 0 11 90 0 6 33 0 43 0 13 61 0 10 0 64 11 32 1 24 0 55 0 66 73
 14 0 0 43 5 21 0 0 0 0 5 0 0 20 5 0 0 14 64 0 0 41 62 0 30 4 58 59 66 0 0 11 0 0 70 0 5 0 44 6 0 22 0 66 0 5 14 73 22 0 0 34 0 27 59 0 57 42 0 0 66 0 13 52 11 0 6 0 49 12 12 0 32 0 35 0 65 0 5 0 0 0 47 0 0 40 0 0 0 0 0 9 98 80 9 7 0 0 0 0 0 0 0 0 0 0 54 0 0 0 69 13 0 50 1 54 53 43 0 0 1 22 14 28 43 3 10 31 31 97 0 0 0 0 0 0 43 40 0 28 11 0 0 0 0 0 61 44 60 18 0 0 0 55 42 17 43 0 0 0 0 39 0 11 0 0 1 32 87 0 1 0 10 11 0 0 0 0 0 0 0 43 35 0 38 0 4 40 0 0 18 70 66 0 0 0 15 0 31 15
 20 0 0 20 18 0 0 0 24 0 11 0 0 0 77 6 0 0 1 0 0 0 4 0 0 0 33 32 33 0 0 0 23 0 0 0 7 10 0 69 0 47 0 34 14 26 60 28 15 0 0 0 0 0 11 22 3 0 0 0 0 0 44 54 0 0 0 0 32 2 13 79 85 0 20 28 0 0 25 0 0 30 0 0 47 0 0 50 61 4 0 18 0 2 0 19 0 50 9 0 0 0 0 0 18 18 18 16 72 11 0 79 0 46 5 0 0 0 0 0 0 17 14 14 0 2 75 9 0 27 2 94 27 4 4 1 0 13 0 0 0 12 1 35 63 40 0 18 0 37 0 0 0 23 52 73 40 6 36 3 0 2 15 16 0 0 18 14 13 0 28 10 0 4 44 47 0 0 57 44 48 0 0 0 6 0 0 0 0 44 0 0 0 3 0 76 22 33 0 0
 25 61 41 47 34 0 0 19 21 0 19 56 10 62 0 35 0 0 0 57 5 0 0 0 0 0 0 0 0 0 32 0 0 0 54 0 2 95 18 41 29 8 0 5 30 0 12 0 0 8 64 0 0 7 6 0 5 11 32 0 0 0 0 0 0 9 32 1 0 2 0 13 0 0 0 0 0 0 59 22 0 0 72 0 40 0 4 0 90 0 22 0 0 0 0 1 76 33 0 0 70 0 0 0 0 0 0 79 0 0 21 26 49 0 9 0 0 7 0 0 0 4 0 8 0 93 0 33 31 0 44 5 0 14 0 3 0 14 48 0 4 9 61 0 7 0 4 21 7 91 0 0 22 0 0 23 0 0 52 21 0 58 0 5 63 0 12 0 21 0 16 1 3 59 9 6 2 0 42 0 0 47 0 0 0 22 31 0 48 0 0 6 27 0 0 0 0 0 44 59
 4 42 24 0 57 0 27 0 3 0 0 7 23 23 18 3 13 0 0 2 11 27 42 3 40 66 37 0 0 23 0 0 23 0 32 60 0 2 3 0 0 58 0 20 0 0 7 0 0 0 54 0 6 0 0 83 0 52 50 0 0 42 9 0 0 0 0 0 26 0 0 0 47 0 46 0 22 0 81 72 18 0 0 0 0 17 0 0 0 0 0 52 0 17 9 0 18 19 0 65 0 43 0 0 0 0 0 0 11 24 22 49 0 18 0 0 11 0 5 46 79 0 0 17 57 0 21 0 22 49 46 82 0 0 0 0 42 0 0 0 0 60 76 0 0 0 62 0 54 0 35 0 0 0 47 41 37 0 3 0 85 0 0 9 35 0 0 53 0 0 11 20 0 0 63 0 0 4 39 39 80 0 12 0 19 13 13 67 0 0 0 0 77 23 2 55 0 80 28 34
 0 44 0 0 0 0 11 16 0 0 0 0 74 0 66 79 42 64 0 18 0 29 0 0 0 0 6 18 47 20 0 14 0 12 0 31 0 0 7 42 3 0 6 59 0 0 0 27 41 0 0 0 0 0 30 0 88 0 12 0 5 0 3 63 26 0 0 34 0 0 53 0 0 43 0 92 0 1 0 0 27 0 0 8 38 0 11 0 33 0 0 39 0 0 37 0 0 52 0 18 0 0 20 36 18 0 41 29 0 57 14 0 14 5 49 7 0 0 0 0 0 0 4 0 70 0 0 30 0 0 32 0 73 0 59 0 44 36 2 0 14 0 0 9 56 22 36 50 0 32 20 79 17 0 0 0 33 0 63 51 0 0 13 13 42 31 8 0 0 0 43 0 0 22 55 0 0 61 3 0 27 38 0 0 0 23 0 25 0 0 0 39 9 0 0 78 35 0 59 0
 0 2 58 25 0 0 70 23 53 15 0 2 18 0 0 35 36 2 89 6 7 44 0 0 0 0 31 40 0 36 0 50 0 92 68 0 21 29 0 0 0 0 0 0 0 48 0 1 54 0 21 0 0 0 0 35 22 0 2 0 52 84 10 66 0 0 79 11 52 41 77 7 0 13 0 19 0 4 0 11 0 94 0 0 0 0 0 0 48 0 36 0 0 0 23 0 79 52 0 11 0 0 0 0 43 39 0 0 0 0 60 0 0 14 0 0 0 0 21 68 2 40 0 0 27 0 0 28 27 0 1 9 42 0 54 4 15 48 84 16 65 0 33 8 2 57 29 20 0 59 0 53 0 0 61 26 11 57 8 0 51 16 0 0 0 0 0 75 49 0 13 34 0 62 0 0 0 0 0 3 0 0 0 5 0 29 21 14 0 0 21 5 0 33 0 5 30 58 4 0
 76 41 0 0 0 4 65 77 18 0 13 0 43 27 1 0 0 0 0 64 0 0 0 77 0 0 74 0 18 0 9 0 0 53 0 0 81 0 0 0 82 0 0 0 0 0 63 6 37 0 0 9 68 23 34 0 0 65 59 0 13 46 0 15 0 0 78 10 19 0 0 0 14 0 33 74 0 0 0 0 0 0 13 31 8 30 0 24 69 55 0 0 0 33 14 15 44 37 0 73 0 0 29 9 0 18 34 73 0 12 44 24 0 73 0 20 0 11 24 0 49 36 0 6 11 0 0 0 0 17 0 32 7 18 13 0 34 0 7 0 0 39 0 3 0 17 14 53 0 0 3 27 0 20 0 66 0 0 5 24 0 61 0 0 16 37 0 0 21 4 83 15 81 71 0 43 0 0 27 0 41 57 12 40 0 73 6 0 0 0 0 41 0 0 42 0 0 0 5 88
 0 33 0 0 13 44 66 31 29 0 0 12 0 1 14 0 0 39 0 51 75 52 65 39 0 0 0 59 0 32 0 0 0 0 38 0 0 4 79 0 0 69 0 8 0 0 0 18 0 39 0 0 47 0 0 41 0 0 87 57 20 30 7 79 28 0 45 0 0 0 0 69 60 0 51 0 0 0 0 0 0 49 0 4 0 28 0 0 0 26 41 0 0 49 0 0 42 0 21 0 0 0 78 62 40 40 4 13 0 0 46 0 45 0 12 0 0 0 89 51 47 53 0 0 12 0 16 0 13 31 55 62 24 0 0 0 58 9 37 0 30 0 75 0 64 0 4 0 0 0 0 49 0 0 0 5 0 9 0 0 0 43 0 37 0 2 0 0 0 0 0 0 20 0 39 0 0 51 27 0 0 0 0 14 0 0 32 0 23 33 4 0 23 82 17 52 0 26 21 0
 69 54 0 26 43 24 65 0 0 0 46 69 0 0 51 37 0 0 0 17 0 55 70 0 63 0 0 86 0 40 15 0 0 0 50 0 0 0 0 62 30 0 0 0 0 11 0 0 0 0 0 91 65 5 0 27 0 28 18 15 12 21 54 59 0 0 76 55 0 0 0 0 18 0 82 0 0 0 8 0 0 0 0 57 0 0 0 60 0 44 0 0 0 0 59 62 30 42 43 0 0 0 28 54 32 0 24 43 0 0 16 0 63 57 0 0 0 4 0 10 0 35 0 0 31 0 63 0 38 0 51 0 66 31 0 0 23 0 0 0 0 0 2 0 0 0 0 0 0 0 0 0 43 22 43 44 16 0 0 30 0 12 11 0 30 54 11 30 0 0 26 0 5 4 55 0 7 28 83 0 0 0 27 19 23 0 34 15 0 0 0 0 0 23 0 0 0 0 0 20
 0 0 2 14 0 19 37 13 29 0 72 57 46 0 0 18 0 40 25 17 0 0 20 9 0 0 26 52 0 0 0 52 0 0 17 0 0 0 4 10 3 73 56 9 66 49 0 62 0 15 0 0 22 12 0 25 0 0 0 0 30 96 0 14 0 0 0 0 10 0 0 0 19 0 81 0 17 92 48 21 26 49 0 4 0 0 0 67 0 0 0 18 9 0 10 28 0 18 0 68 0 0 35 0 0 0 58 0 33 0 66 0 0 0 67 35 7 63 15 0 49 20 0 0 0 0 0 20 0 12 7 13 71 41 39 6 0 0 32 4 2 30 0 66 12 47 43 47 0 22 19 10 0 0 50 66 0 0 3 27 0 0 0 0 0 71 0 36 0 87 32 0 34 0 7 0 11 54 0 58 0 0 0 5 0 0 3 5 33 0 26 88 27 6 4 0 52 16 0 28
 44 0 0 32 2 68 0 33 0 0 0 51 0 58 39 32 0 17 21 0 0 6 0 52 83 36 11 41 29 0 0 0 5 39 0 1 0 30 0 11 0 0 28 0 0 0 27 0 0 19 32 0 0 0 0 16 12 25 0 0 68 30 37 23 0 6 0 0 0 42 24 80 39 31 0 15 39 0 19 0 0 16 17 0 3 0 0 16 39 0 20 0 0 0 80 58 51 0 0 28 0 37 0 0 34 0 4 51 30 0 91 12 77 2 12 51 83 61 79 0 23 0 0 0 0 0 7 13 0 16 0 45 53 0 0 0 29 0 0 0 0 10 0 0 36 13 0 0 0 0 64 0 0 0 40 20 0 0 19 67 13 0 60 21 0 12 53 7 52 87 0 62 0 40 0 0 17 0 0 45 43 36 0 0 0 28 0 0 27 0 32 0 43 0 0 0 0 4 29 0
 0 28 0 23 0 26 0 0 0 58 0 51 19 0 2 88 0 80 50 62 45 0 37 0 38 51 68 0 0 21 14 60 39 0 0 80 0 48 0 0 0 6 0 0 0 45 0 0 0 0 23 19 0 0 0 10 0 0 10 51 11 6 0 0 0 0 0 0 0 0 0 0 16 0 4 81 24 0 0 4 5 52 0 23 33 52 0 59 0 34 10 25 0 22 0 0 0 45 0 23 23 0 0 23 52 0 26 0 0 26 0 0 0 0 0 17 79 12 5 45 0 0 0 0 23 0 0 16 58 0 33 0 1 49 54 16 0 0 0 0 0 4 32 2 0 88 33 23 0 0 0 25 30 55 60 0 64 0 0 0 0 53 0 1 0 0 66 52 0 26 6 0 0 29 63 0 0 61 0 79 0 22 0 0 11 2 0 11 76 56 24 0 0 0 0 0 16 62 1 35
 0 0 38 35 37 0 0 0 40 73 58 16 37 0 41 10 0 4 38 58 6 38 1 0 0 90 0 0 0 6 0 17 0 8 0 50 35 0 96 34 0 0 0 58 0 7 48 0 0 0 0 0 65 42 26 0 37 52 10 0 0 11 0 7 0 0 2 46 0 54 1 32 0 0 56 79 0 70 20 0 30 57 27 11 0 0 0 0 0 5 27 0 22 0 35 27 0 0 0 10 0 5 45 0 0 50 0 19 0 0 0 11 0 10 85 57 24 0 0 16 21 33 0 28 24 0 81 0 0 0 30 0 0 61 29 0 23 0 0 0 1 0 0 44 0 0 27 0 10 28 66 30 1 7 0 4 0 19 0 54 0 0 0 2 58 0 0 0 70 0 0 0 76 37 65 0 35 0 49 0 20 0 0 0 0 63 35 15 3 0 2 47 8 0 38 0 34 4 0 0
 0 0 15 0 0 3 71 0 21 52 0 67 0 0 0 52 0 0 0 0 27 2 0 0 0 37 0 40 8 0 39 0 62 0 40 9 0 4 0 0 31 2 46 1 0 85 0 47 4 1 0 8 11 0 0 24 0 0 0 83 44 97 0 42 0 0 52 40 57 0 30 75 0 9 0 7 0 0 0 19 28 0 0 0 0 44 0 0 22 39 0 0 7 68 5 14 0 46 31 46 33 0 67 0 0 42 0 0 7 6 7 0 20 0 0 45 0 6 28 40 0 48 0 0 28 0 0 73 0 24 26 0 49 38 0 18 8 30 0 6 26 52 58 0 0 33 0 0 0 21 0 0 0 57 0 0 61 27 36 0 0 34 42 7 62 69 0 35 66 32 0 63 0 0 0 0 1 0 0 89 0 56 0 42 35 0 24 5 67 57 0 0 19 35 13 10 29 0 40 0
 73 0 64 0 0 0 20 0 0 0 20 88 0 0 0 40 75 0 0 21 0 0 0 0 18 8 0 30 24 19 0 0 0 56 0 0 67 40 0 0 52 0 47 8 0 0 0 12 0 0 2 54 0 8 18 5 65 54 26 0 31 31 7 0 21 3 73 29 85 0 0 0 21 0 0 0 12 54 0 29 14 0 0 0 8 49 4 0 0 62 5 2 42 0 64 9 31 0 0 0 0 0 29 62 39 0 0 0 68 0 0 0 0 41 37 34 0 71 44 0 0 19 44 0 20 0 6 7 44 49 0 0 0 0 56 0 2 0 76 23 58 49 40 16 70 75 51 41 0 0 0 32 31 29 0 86 14 27 31 0 22 20 0 13 46 0 0 42 39 43 44 0 51 14 20 0 0 43 0 0 0 15 20 0 26 0 16 0 0 45 39 0 71 49 32 0 0 0 86 0
 31 0 0 0 0 46 76 79 41 4 0 71 0 0 0 21 10 0 58 0 8 10 25 0 27 26 0 0 99 0 9 15 0 5 0 42 5 0 0 22 14 1 4 0 0 0 0 18 35 54 84 0 27 0 4 0 0 0 0 0 4 0 46 0 0 0 0 2 1 61 46 0 7 0 0 0 0 11 8 0 0 5 9 0 57 31 22 0 0 32 27 75 16 62 0 28 0 0 62 52 42 0 0 0 8 0 0 86 0 0 0 0 0 0 13 77 0 0 0 0 34 66 0 17 0 17 0 41 0 28 0 8 0 23 0 0 87 0 0 0 55 75 0 69 0 33 10 20 96 35 0 84 0 54 0 43 42 0 0 0 41 0 58 0 0 66 38 0 19 0 66 0 47 0 0 0 0 14 51 83 2 0 19 60 46 0 0 5 3 0 14 65 80 28 0 0 0 0 0 49
 25 50 5 0 0 12 66 0 37 3 1 46 0 18 32 13 0 0 0 6 0 0 35 51 0 0 5 0 83 16 0 24 32 28 2 13 43 0 53 0 0 90 51 0 0 0 14 0 0 9 0 21 0 40 0 78 76 0 0 23 21 76 35 1 0 43 29 5 14 0 20 34 25 52 0 0 0 0 56 0 0 0 82 0 6 34 0 1 0 47 0 0 30 0 2 0 0 6 32 0 0 0 0 0 0 0 0 16 52 0 16 0 0 6 47 0 93 24 53 3 11 20 17 0 0 19 0 41 28 0 0 0 0 0 75 38 10 16 0 0 10 52 26 0 0 0 0 0 31 0 0 0 25 78 0 0 10 18 0 0 36 0 0 0 0 0 0 36 0 0 0 0 0 0 81 0 0 0 0 9 74 68 42 0 57 7 44 90 0 0 0 8 0 11 35 0 22 45 46 0
 0 0 30 63 52 59 82 0 4 0 74 0 0 26 95 0 72 76 39 0 85 0 6 44 0 62 0 16 0 35 39 33 69 37 0 0 0 19 32 0 0 1 14 0 0 97 0 3 0 69 3 32 16 11 0 20 0 0 79 35 0 70 0 0 0 26 0 0 0 0 2 61 0 67 0 0 40 0 37 20 0 71 44 0 89 0 34 48 94 60 12 0 0 0 37 55 26 28 9 0 4 0 0 7 0 0 0 0 32 0 44 41 29 35 46 0 25 35 17 61 14 8 0 0 0 74 28 0 87 24 0 42 0 16 51 0 0 0 0 0 0 0 0 6 0 0 0 0 0 0 74 0 70 30 0 0 49 0 16 45 0 76 9 23 36 22 0 0 0 0 0 0 23 79 0 0 24 0 0 0 60 0 0 0 50 14 0 0 9 0 48 0 25 0 0 0 0 3 0 20
 78 20 36 10 0 75 32 0 5 0 27 0 0 0 26 54 57 0 0 85 29 20 0 69 0 0 75 6 0 0 0 54 11 40 3 0 44 3 0 0 0 0 7 13 30 0 25 22 12 0 16 0 70 0 0 33 49 0 1 0 0 2 24 0 0 87 1 63 2 33 4 0 4 0 0 62 57 3 42 0 10 28 50 0 26 40 19 0 18 0 74 65 50 0 6 42 2 12 0 3 0 0 0 44 0 66 49 1 0 0 0 55 0 24 50 8 62 0 24 0 81 22 86 6 0 0 24 3 7 0 15 0 0 7 55 0 0 0 39 0 30 0 0 36 0 4 70 0 0 0 26 21 0 0 19 40 51 56 45 0 7 0 0 0 9 0 47 21 0 0 0 36 0 0 0 0 13 9 0 9 0 11 0 0 11 21 0 41 0 0 0 0 0 50 0 0 11 15 0 87
 5 0 0 0 0 0 39 0 0 0 0 0 63 57 0 24 0 74 2 14 3 1 58 0 0 40 0 44 7 0 0 0 77 0 37 15 0 0 28 13 41 16 81 22 53 48 11 0 0 0 59 0 55 9 0 0 0 0 0 0 28 0 0 34 0 31 9 0 22 4 4 10 55 0 8 0 0 0 0 0 9 0 0 18 62 16 86 38 0 0 87 0 10 0 32 0 0 0 0 15 0 5 0 1 0 16 30 35 16 0 3 48 0 51 25 0 0 35 0 20 5 0 0 0 12 0 0 0 0 3 28 0 39 0 83 22 0 0 0 0 47 20 0 61 16 53 0 0 1 38 47 42 72 0 36 0 44 0 12 27 34 19 0 0 33 18 0 0 44 0 21 67 0 46 13 0 8 0 0 0 92 0 32 22 0 20 54 15 57 0 0 40 0 38 0 0 12 0 86 0
 0 0 53 14 0 0 39 26 31 52 0 0 0 76 56 30 3 0 0 0 7 91 13 0 19 0 60 0 0 0 0 0 27 58 0 48 0 0 60 0 0 0 0 17 0 0 0 0 71 34 0 0 0 0 0 31 0 54 49 69 0 0 0 15 0 75 0 0 0 43 0 26 0 38 8 30 25 0 66 0 57 0 69 9 0 1 17 12 0 7 0 0 0 0 99 0 0 64 0 2 52 35 52 0 6 17 42 0 18 0 0 28 0 15 0 0 0 0 0 0 1 12 59 2 2 88 2 0 35 0 21 82 90 1 33 12 47 35 0 47 0 0 0 30 21 11 15 0 31 0 0 11 0 0 0 0 0 0 0 60 87 80 0 8 15 0 0 18 25 15 0 0 47 0 27 0 1 80 0 0 9 27 0 10 57 25 0 0 0 0 53 22 0 32 41 53 32 0 0 0
 55 5 0 32 18 0 0 0 58 0 12 0 0 0 62 0 0 24 0 6 0 0 0 16 78 23 0 40 32 0 13 0 0 23 14 10 21 0 2 0 0 0 36 0 70 0 0 38 57 0 57 0 41 0 0 0 0 0 34 0 24 16 0 6 0 21 6 58 50 54 2 0 0 36 0 4 0 33 0 63 40 1 18 0 20 35 8 45 0 45 3 60 0 63 3 3 0 22 0 5 21 23 0 37 3 22 31 19 0 64 44 10 46 43 46 0 50 0 24 24 34 8 0 0 48 48 0 0 24 32 0 48 0 28 33 16 68 0 12 78 13 0 64 14 16 18 0 0 20 7 0 0 13 0 0 0 36 0 0 10 0 0 0 44 45 0 76 6 2 21 24 26 23 77 69 43 0 0 0 0 0 53 50 52 0 49 67 0 0 50 33 63 0 0 0 0 54 15 0 0
 18 0 66 0 0 0 91 26 0 0 0 0 40 60 73 26 0 0 26 37 36 29 38 0 0 0 0 3 0 0 25 33 0 0 0 32 81 0 24 0 0 64 38 0 0 0 0 0 2 80 0 0 0 0 0 0 0 0 52 0 0 77 0 64 30 47 63 0 0 0 0 26 0 14 39 60 0 0 34 11 35 19 66 29 0 36 11 0 0 15 2 0 7 0 56 0 0 0 0 69 70 0 0 15 0 0 0 0 0 17 0 5 59 64 52 0 15 0 0 42 0 0 0 0 6 54 45 36 0 0 35 0 0 22 14 24 11 0 31 0 0 0 89 0 32 0 2 40 27 89 0 0 27 12 0 0 0 25 44 0 24 0 14 37 0 2 0 19 0 80 97 0 0 30 0 0 1 4 0 28 16 0 0 0 0 7 0 0 0 0 0 0 0 0 0 50 0 0 43 74
 0 30 70 1 22 0 0 0 16 0 32 23 0 0 0 0 2 13 0 0 17 29 41 56 32 0 20 0 0 0 56 0 18 39 0 0 66 42 0 0 0 32 0 20 0 0 22 0 0 0 0 24 0 59 93 82 13 55 0 32 25 79 0 0 0 57 6 0 8 0 77 45 0 91 76 74 57 51 0 0 0 0 51 0 0 29 28 0 0 46 0 57 0 2 52 0 16 46 42 0 8 0 49 0 63 29 15 17 0 57 0 0 80 15 0 17 39 0 0 58 43 0 33 72 52 0 8 27 68 8 85 0 27 38 0 9 34 0 51 0 0 0 0 0 0 0 11 0 0 13 0 0 40 0 0 0 0 51 10 0 0 78 0 0 97 57 0 0 0 36 18 37 40 0 33 0 0 0 0 74 3 0 0 2 77 21 0 0 0 0 0 42 16 0 57 0 0 0 0 0
 37 0 0 28 0 0 63 46 0 0 0 0 0 26 0 0 0 1 0 38 0 52 16 0 0 16 0 0 15 52 0 0 3 51 14 25 0 75 42 46 0 60 0 16 0 49 0 7 0 25 0 0 70 10 0 0 17 19 0 0 10 0 0 1 25 0 0 87 18 0 0 0 0 7 0 0 0 0 0 0 49 0 0 14 78 0 9 0 0 25 69 0 15 20 0 64 29 0 0 15 58 67 94 5 1 1 0 3 0 0 85 9 42 26 20 30 0 0 0 20 74 31 13 41 0 0 51 62 0 0 14 0 0 8 0 34 0 0 34 5 0 33 55 61 0 0 0 0 14 46 0 38 0 34 66 0 2 0 0 0 0 93 1 25 0 0 14 0 0 3 0 0 0 0 0 0 27 62 41 0 7 0 36 18 0 0 0 0 0 3 16 0 40 56 0 2 0 0 0 30
 53 0 0 0 0 0 38 0 15 82 43 0 0 0 31 0 0 0 41 82 0 55 0 9 18 0 5 32 86 0 0 18 0 0 0 0 0 0 48 43 31 0 44 0 0 87 12 0 99 0 6 33 73 17 0 69 0 59 0 0 14 0 14 0 13 24 64 0 0 0 0 6 94 25 1 0 0 0 19 51 16 67 0 0 12 67 0 78 79 6 71 0 42 0 25 38 0 0 63 24 0 0 21 0 0 42 0 15 0 0 11 0 31 9 72 0 39 0 62 40 6 18 91 7 0 29 0 0 0 71 0 8 92 0 51 39 5 7 14 65 11 0 0 0 0 2 0 0 53 0 24 45 30 0 0 0 30 0 35 58 0 0 0 0 0 53 40 0 28 0 49 43 0 0 9 6 18 0 10 43 0 0 0 0 0 2 58 0 19 0 0 54 75 4 0 90 0 0 21 10
 40 0 26 0 0 0 43 76 0 0 6 0 0 0 0 0 71 0 34 14 5 0 0 0 27 0 4 9 0 55 60 15 0 62 68 29 36 0 0 66 41 17 83 0 0 0 17 0 51 0 68 0 39 0 1 4 8 28 0 0 15 68 0 0 22 35 67 78 0 15 10 0 0 16 37 0 0 0 0 0 1 0 32 0 0 0 0 0 0 6 0 7 7 27 11 0 67 48 0 0 43 0 22 36 5 3 42 0 0 0 0 0 0 0 82 0 30 0 0 0 8 0 0 42 8 16 24 2 0 20 45 0 0 17 55 6 0 0 23 0 48 0 0 0 0 16 22 0 51 0 13 2 57 0 0 60 17 47 0 0 0 25 1 41 0 0 0 60 0 0 0 0 14 0 34 67 0 81 47 0 65 30 0 0 0 35 0 0 0 0 18 0 19 5 0 7 0 18 54 0
 59 37 7 55 0 12 0 0 0 44 0 24 17 21 20 0 26 0 0 0 17 0 0 41 6 71 0 0 0 5 2 8 0 47 16 36 16 17 0 0 20 23 0 0 0 0 47 0 0 38 37 0 0 0 0 0 7 16 9 8 7 5 0 0 32 0 29 0 57 0 0 57 0 0 17 0 37 0 67 0 0 0 0 77 30 11 0 0 0 19 0 94 0 32 0 0 0 0 30 0 7 0 51 0 0 17 17 20 4 0 0 3 36 0 0 0 0 0 40 16 0 30 9 0 35 0 0 0 37 33 40 0 28 90 40 0 40 0 10 0 0 2 33 3 43 20 0 0 84 19 51 0 0 0 0 0 0 44 12 23 53 0 0 75 15 52 14 0 4 32 5 0 80 23 0 21 0 0 0 30 54 0 0 0 0 0 0 51 0 13 0 19 0 0 0 63 79 36 35 0
 0 46 46 20 34 0 31 0 0 9 6 0 7 0 0 0 0 51 19 59 0 11 0 63 0 59 0 5 0 0 0 8 0 29 14 0 0 0 34 0 0 98 41 0 0 35 33 88 58 0 22 0 0 0 7 0 2 28 32 17 0 0 0 0 53 0 0 0 54 0 7 0 36 39 0 0 40 0 43 0 0 28 0 85 0 9 6 0 65 0 51 28 0 8 79 19 0 0 0 0 11 64 0 0 15 26 0 24 16 0 0 0 85 0 60 45 0 6 0 13 20 0 0 0 0 89 66 0 0 0 36 0 0 0 0 0 0 78 57 28 0 0 0 0 30 50 11 4 0 50 2 7 0 60 5 0 21 80 2 0 2 0 0 0 0 0 61 0 0 19 23 0 14 0 0 0 44 46 52 36 0 0 35 0 26 14 0 0 43 0 0 0 58 0 0 9 0 0 41 64
 43 0 0 0 0 0 50 22 0 34 42 64 0 52 25 27 52 0 17 22 14 50 0 0 2 41 0 0 0 0 0 0 0 7 0 0 63 36 0 0 13 0 19 52 3 36 0 0 0 24 14 0 21 21 0 0 3 48 17 0 0 0 0 7 78 0 7 47 73 0 0 11 43 0 52 24 48 0 0 0 0 0 5 73 0 0 0 0 0 0 21 0 13 0 0 0 58 0 0 0 0 0 0 0 0 0 0 71 16 63 0 52 28 29 24 0 0 50 0 0 6 46 48 41 0 0 25 33 0 73 0 3 32 44 0 18 0 37 50 26 6 0 0 0 0 27 51 0 5 18 0 0 0 0 0 4 0 50 0 0 0 40 0 74 0 43 65 32 98 0 68 0 43 0 0 0 6 31 32 0 0 12 1 0 57 14 27 4 0 94 0 0 0 0 2 0 62 53 0 7
 82 36 0 7 4 0 0 33 25 0 0 0 0 0 0 0 0 0 29 2 0 66 0 4 4 0 0 0 9 64 3 0 0 0 39 61 0 0 76 5 11 36 0 27 0 0 0 0 0 0 0 44 42 13 0 0 21 41 0 32 52 49 47 91 80 89 32 0 22 0 99 11 51 0 36 49 6 0 51 44 0 0 0 0 55 19 0 0 5 0 0 8 0 6 0 22 11 87 78 13 17 0 48 0 1 0 0 0 0 0 0 14 0 54 0 0 56 8 58 0 0 0 30 9 0 0 0 18 0 0 67 0 83 0 0 72 0 17 39 0 7 1 0 3 10 0 88 0 26 0 0 0 40 42 0 32 7 2 0 66 0 25 0 15 0 0 24 0 0 0 0 59 21 0 32 0 0 20 76 45 0 0 52 0 19 10 0 0 0 0 33 28 23 0 8 0 0 3 17 73
 0 0 0 0 0 0 44 26 0 0 19 0 0 3 0 0 81 9 23 32 7 41 0 40 49 13 48 55 10 29 60 0 0 28 0 2 3 27 16 55 14 35 0 2 54 0 0 0 70 68 0 43 27 0 78 59 24 0 63 44 54 0 0 7 17 0 8 0 36 0 0 55 44 0 0 0 35 20 28 0 16 0 9 0 0 0 0 0 0 11 17 0 0 32 22 32 0 20 0 25 63 1 53 75 16 0 0 28 0 30 29 53 77 57 0 23 66 16 15 37 36 0 4 30 0 43 3 60 0 73 5 0 0 0 0 0 0 0 56 27 28 11 0 0 0 0 15 60 36 0 58 83 18 0 30 0 6 0 24 0 85 0 0 51 24 0 28 0 0 15 53 0 65 22 0 15 13 0 0 56 2 0 0 77 26 54 16 66 13 0 0 0 0 21 0 6 13 86 51 0
 5 42 14 29 0 0 0 0 38 0 82 0 0 0 0 53 74 31 0 3 27 0 0 28 0 0 0 52 11 45 0 54 0 56 51 25 21 0 0 69 19 0 0 27 14 23 0 0 27 5 0 10 20 0 34 0 43 0 0 0 0 63 0 61 0 0 12 0 0 58 9 0 19 0 9 0 0 15 5 26 0 0 50 49 55 30 46 12 0 0 4 11 46 90 0 0 26 0 11 0 40 13 44 0 26 55 24 0 0 0 0 3 26 70 0 0 34 0 90 68 0 0 0 49 0 0 0 0 0 0 32 39 0 37 0 0 2 0 7 35 0 0 56 0 39 0 82 0 0 0 0 18 32 5 0 1 0 0 0 0 0 66 0 0 10 33 0 0 26 0 0 0 1 2 14 22 9 0 0 23 31 0 2 0 9 4 31 0 91 0 61 61 15 37 32 0 0 25 7 0
 0 0 63 30 53 0 24 0 0 0 0 0 26 0 0 0 0 35 76 0 26 7 10 0 24 0 26 19 76 0 19 0 0 23 26 42 0 12 0 0 0 0 27 34 53 19 83 0 37 7 0 0 20 0 74 0 0 83 36 0 0 29 0 0 71 0 61 0 1 0 0 54 0 9 0 0 28 0 0 28 0 0 8 0 0 36 74 14 3 0 47 0 18 12 0 24 57 0 11 52 27 36 29 0 25 0 0 0 0 0 0 0 26 6 0 0 0 2 83 15 22 2 0 0 37 0 2 17 0 0 8 68 24 0 0 1 24 52 64 0 55 0 17 17 59 0 2 41 0 61 27 0 24 76 0 0 0 0 0 48 0 19 0 0 0 0 53 1 0 0 43 0 0 0 11 0 44 39 0 0 7 22 0 34 12 2 51 84 0 19 0 62 0 0 16 0 16 0 0 0
 0 0 0 0 18 0 55 68 20 3 0 0 9 0 0 58 2 0 0 0 0 20 0 15 88 67 0 0 0 75 0 0 14 67 0 76 16 0 13 58 40 0 71 9 3 14 50 33 39 20 0 0 0 0 0 0 92 24 33 0 0 0 0 0 52 0 68 15 70 0 0 26 8 68 5 49 34 89 76 5 0 0 36 37 15 0 0 0 3 0 0 0 0 0 56 24 0 0 42 0 0 0 60 5 52 0 0 81 0 54 0 0 0 0 7 32 7 24 0 12 0 70 0 53 0 73 0 0 0 6 10 32 0 17 4 38 0 24 2 0 0 28 1 24 68 8 0 0 0 43 74 17 0 39 0 13 8 0 0 0 0 0 31 0 61 34 0 0 0 96 0 41 0 67 69 0 0 15 19 0 15 69 51 72 0 13 0 11 13 0 10 58 0 0 41 0 0 52 20 0
 0 26 0 0 26 10 0 86 0 0 58 19 0 0 0 42 51 0 0 0 47 25 28 15 18 35 0 39 0 84 79 0 0 0 0 0 18 43 0 0 36 0 34 14 0 0 0 0 95 9 0 4 0 3 49 0 19 0 90 54 0 0 0 0 5 9 6 0 0 4 36 20 0 67 52 0 0 0 19 0 30 31 0 0 1 69 0 0 0 60 7 38 38 0 29 35 21 0 67 15 0 0 72 61 0 0 72 1 0 0 0 89 0 24 49 19 0 13 39 0 0 16 75 0 26 0 6 0 0 0 55 80 59 0 39 82 34 0 23 0 0 43 41 53 0 30 0 0 0 0 4 0 0 0 63 0 0 47 3 0 42 0 0 0 0 0 36 3 13 1 5 35 0 35 0 0 82 24 36 14 7 41 0 0 4 0 0 0 0 0 41 47 0 85 21 0 0 11 15 0
 21 6 63 88 44 2 14 43 0 21 0 0 77 69 69 0 18 18 21 54 0 29 0 0 41 39 0 6 0 0 0 15 31 0 63 0 34 0 41 26 0 77 0 55 0 0 0 0 0 65 41 0 0 0 0 3 39 0 0 0 0 0 0 21 11 0 94 0 0 24 4 0 53 0 60 43 11 0 61 3 13 21 37 0 36 0 57 0 0 0 62 26 0 0 0 3 0 0 52 10 24 10 0 16 13 0 31 49 28 48 36 66 32 4 0 5 0 42 15 0 2 0 0 6 11 14 19 0 0 62 0 40 0 0 15 0 0 0 0 0 33 5 0 2 83 24 66 0 0 50 38 0 0 26 0 84 0 42 0 2 11 0 35 0 31 62 0 0 0 21 0 0 0 28 0 0 47 59 12 13 12 4 0 31 0 54 71 4 42 0 55 0 17 17 58 0 37 0 48 2
 0 0 28 37 8 0 0 0 92 6 70 0 0 61 36 0 0 18 0 7 51 32 46 0 0 22 15 0 0 37 0 0 0 84 0 25 42 2 0 0 0 0 0 52 22 18 6 82 23 0 97 59 0 32 11 15 0 0 34 6 55 46 20 0 38 26 0 74 0 0 0 36 66 0 12 82 0 10 21 7 37 0 0 0 0 0 0 0 39 4 74 0 62 60 0 3 0 62 25 0 48 0 15 0 0 26 52 0 0 80 0 28 0 0 0 0 0 16 56 0 47 0 17 0 5 55 0 21 24 0 15 0 0 0 54 30 61 9 0 0 35 40 23 0 0 0 0 0 0 0 67 3 1 0 33 5 12 50 0 0 0 32 0 52 58 32 0 86 7 0 0 0 0 20 19 39 0 0 0 0 21 38 3 0 32 61 12 0 0 0 28 0 0 83 0 0 0 45 4 17
 0 0 7 89 41 0 25 35 16 0 0 0 31 0 42 70 53 17 14 0 70 0 39 3 0 19 0 0 96 0 0 52 2 20 59 93 0 39 0 29 2 12 42 0 0 0 55 24 0 42 0 16 17 0 0 0 47 14 14 0 0 0 0 1 4 19 13 23 0 0 0 25 0 0 0 5 0 18 18 8 0 0 0 30 4 0 0 0 0 0 0 28 0 0 0 54 0 30 0 29 38 27 14 0 0 58 0 0 0 0 7 18 0 0 0 82 0 70 0 0 9 0 28 0 0 5 0 34 18 38 10 0 9 0 0 0 0 2 0 19 0 39 57 0 0 0 0 5 29 55 4 17 0 40 0 0 55 9 0 37 0 14 0 15 38 15 36 31 0 0 50 11 0 49 27 38 33 0 0 29 0 2 31 0 5 0 0 0 0 15 48 0 0 7 0 0 18 7 0 0
 3 0 5 5 0 27 15 27 0 89 42 47 9 12 73 74 0 49 46 0 0 0 0 12 41 0 0 17 0 2 0 0 0 31 0 67 23 0 0 0 35 29 0 0 0 0 0 5 3 0 28 0 18 0 13 0 0 26 0 26 0 7 22 0 0 45 0 27 27 0 80 0 0 50 0 29 0 66 0 24 23 0 0 0 3 3 0 21 43 74 21 55 0 35 16 82 34 0 0 16 34 0 0 12 60 0 0 72 0 0 0 0 23 0 0 19 0 81 0 11 31 0 30 0 0 0 30 4 0 0 0 4 9 0 36 30 4 0 0 0 66 0 15 0 0 9 0 59 8 4 0 15 0 5 24 34 27 20 22 0 0 0 23 0 86 0 0 57 0 77 17 81 6 0 20 4 0 62 90 24 25 0 15 0 39 0 38 20 64 85 2 0 53 0 56 0 0 0 10 10
 89 0 0 0 0 0 28 14 50 22 0 0 20 0 46 0 30 45 32 0 16 0 0 41 13 0 87 0 13 0 0 30 0 18 27 2 0 0 0 3 33 3 0 0 11 62 47 46 0 38 0 69 10 33 0 49 0 4 54 16 79 0 21 22 0 0 0 0 21 31 33 26 33 3 0 29 0 24 5 0 21 0 51 0 51 0 0 27 0 0 77 0 0 0 0 0 0 63 21 0 0 0 0 33 12 0 0 0 0 46 0 0 9 0 7 8 11 0 0 0 0 0 64 0 23 91 3 62 0 93 0 0 5 83 11 0 78 4 5 40 0 40 0 12 0 6 37 0 25 57 0 0 0 46 40 71 51 15 0 19 31 21 0 0 0 0 87 24 33 0 0 44 0 52 0 0 18 0 0 39 24 0 9 26 19 0 52 6 12 0 0 0 0 9 0 0 5 11 0 4
 0 0 16 72 0 0 48 46 0 0 21 0 78 0 0 0 26 0 32 0 76 13 42 37 45 0 2 0 0 7 73 18 70 36 41 56 0 0 61 0 37 0 71 42 0 0 0 81 0 66 0 62 0 59 50 0 0 0 25 0 0 0 32 6 3 41 32 0 48 0 47 0 54 0 56 0 0 0 20 0 0 0 0 0 70 0 1 0 18 51 0 65 32 0 55 0 45 19 10 33 0 19 0 29 35 62 0 4 78 0 17 0 0 0 11 23 23 0 0 0 0 0 48 0 0 21 0 0 36 0 2 0 59 66 0 13 0 0 0 59 0 92 0 56 58 75 34 0 0 71 54 0 28 0 0 0 0 0 0 0 80 0 0 0 0 0 0 0 0 36 0 47 2 0 5 23 37 0 0 20 18 48 0 0 29 59 41 0 24 0 0 13 0 0 0 0 57 68 49 0
 0 0 10 2 23 18 4 53 0 6 0 0 0 48 0 47 0 54 0 24 0 0 0 0 0 46 0 0 11 0 0 0 23 0 12 53 0 9 0 0 6 67 4 41 0 9 24 15 4 0 0 5 60 0 49 46 30 0 0 0 27 75 74 0 11 0 0 0 59 0 0 0 0 19 26 0 0 8 0 20 73 0 0 50 69 53 0 0 0 0 0 0 16 26 0 38 0 85 0 41 0 19 37 10 14 0 31 0 52 19 0 0 27 3 0 0 10 0 24 0 33 1 11 21 0 76 0 0 26 58 9 0 31 8 0 11 0 0 58 0 72 0 54 32 15 0 31 0 0 12 0 0 23 9 64 26 0 32 45 0 32 0 0 10 0 11 0 40 0 0 15 54 16 22 0 0 0 0 60 0 41 81 39 22 15 0 0 0 0 0 7 92 17 2 0 0 12 0 0 0
 0 0 24 0 50 17 0 76 0 0 0 64 24 0 0 0 45 0 0 73 59 38 5 0 26 0 45 0 70 0 48 0 41 87 68 6 0 0 41 0 0 0 0 0 0 0 11 0 0 0 29 0 56 16 43 0 40 29 20 0 0 0 0 0 0 20 0 42 68 0 0 0 0 0 0 21 28 0 0 36 29 0 0 0 0 72 0 0 10 7 13 0 0 4 32 5 0 6 0 0 0 0 45 0 36 0 0 20 0 0 22 0 0 16 0 9 0 0 0 4 79 0 5 33 0 0 0 0 0 70 12 0 0 16 52 9 11 74 16 0 14 0 25 46 0 0 5 6 6 10 60 0 0 0 26 0 0 0 10 6 0 20 25 0 9 0 51 0 24 0 0 40 0 0 0 0 0 1 82 66 4 44 0 0 0 0 37 12 73 0 45 0 0 0 10 11 54 0 35 4
 0 72 12 72 0 0 8 0 66 0 52 0 0 0 79 0 0 24 70 0 1 0 74 0 1 0 44 0 32 37 36 24 32 0 13 2 0 0 0 0 0 0 0 0 77 28 0 0 4 1 52 0 0 0 27 1 0 44 58 3 0 0 81 0 12 55 0 55 0 15 0 0 2 13 55 26 7 51 56 29 16 0 0 94 0 0 26 16 0 0 30 0 23 0 0 0 0 16 63 0 77 0 61 0 0 0 0 0 0 8 0 0 0 0 0 0 34 68 45 0 71 3 0 0 0 32 0 31 0 0 0 0 11 0 6 0 17 0 5 49 90 0 55 49 0 13 38 0 46 35 0 23 6 34 0 0 0 48 0 30 0 0 30 0 22 0 22 0 0 35 13 8 62 61 0 72 0 3 29 0 0 0 0 82 37 5 77 51 0 48 0 0 0 7 59 0 32 0 0 0
 39 7 24 0 52 0 56 0 11 0 0 0 54 34 59 0 0 0 0 0 0 0 7 90 0 0 10 0 2 48 0 0 72 0 0 0 11 15 23 28 0 0 0 15 0 60 0 0 0 30 0 0 23 0 0 34 0 0 71 0 84 14 33 0 0 0 84 0 20 0 52 0 38 77 0 0 0 24 0 0 0 0 80 0 0 12 61 50 88 0 49 16 14 1 0 0 0 0 13 0 4 0 0 56 0 0 47 66 0 66 6 22 6 0 0 48 0 60 0 0 4 39 0 0 39 67 0 24 46 13 0 0 0 0 0 0 15 0 0 54 0 17 0 0 0 37 0 0 0 68 0 38 3 2 14 25 0 32 0 40 0 14 65 0 4 0 0 73 59 22 90 44 2 46 0 26 10 0 0 51 0 0 49 79 8 16 0 17 38 39 0 47 2 1 0 0 0 2 56 0
 0 0 0 0 46 46 64 29 0 70 12 37 0 66 64 54 37 68 97 14 0 0 29 3 0 46 0 23 11 0 0 64 7 0 31 40 0 15 62 60 0 0 31 0 0 16 14 53 0 49 0 40 0 0 2 84 45 0 47 5 0 0 24 4 49 0 0 23 13 5 70 24 0 0 51 12 0 0 0 32 0 0 13 10 17 17 0 33 18 0 7 0 0 20 60 3 0 58 0 0 0 0 0 29 20 12 1 0 0 45 0 42 25 0 29 12 0 26 17 57 32 36 4 30 14 31 0 0 3 30 55 32 0 0 66 0 0 62 0 28 77 0 54 27 0 55 47 0 0 0 0 0 7 0 0 0 0 20 0 0 0 0 0 12 0 22 0 0 0 9 0 0 0 0 2 0 4 0 22 29 44 0 49 26 0 0 0 0 2 0 0 7 0 0 11 0 46 74 0 69
 8 0 17 13 65 0 47 24 0 11 0 38 0 0 29 36 9 0 0 0 0 0 0 0 0 4 0 0 0 0 30 14 0 53 0 1 0 0 0 0 0 32 6 0 0 4 42 44 17 25 0 18 7 0 96 0 68 19 0 10 70 0 0 0 0 0 0 0 14 50 30 47 52 51 39 0 0 0 0 82 31 33 0 0 32 8 3 0 0 71 29 0 0 4 39 17 0 36 0 44 0 66 0 8 92 0 0 24 0 30 0 0 0 0 0 81 0 56 18 0 0 3 4 0 0 84 0 0 26 0 0 0 0 0 29 0 0 39 0 0 0 0 34 0 0 15 21 0 0 27 34 0 11 7 0 0 0 0 0 0 0 0 0 0 0 0 17 0 0 2 0 0 0 55 72 20 0 0 0 55 0 0 12 64 0 33 7 52 64 3 0 0 0 20 0 27 0 20 18 0
 13 68 0 18 0 0 0 0 20 42 0 0 0 15 32 16 0 4 0 0 0 0 0 0 0 0 0 0 43 0 0 0 29 32 0 0 0 90 29 0 0 95 18 0 24 0 0 11 11 69 0 23 0 8 15 0 41 37 0 13 48 62 0 25 26 0 14 40 10 87 64 73 94 83 13 71 34 0 0 21 0 0 72 0 0 0 0 0 38 26 28 0 31 0 8 62 0 0 11 0 0 0 0 0 74 69 0 70 38 1 5 0 11 4 0 38 0 0 0 0 31 0 0 0 8 21 0 34 23 0 55 51 0 15 21 0 0 6 0 0 0 0 43 80 46 0 0 0 0 0 0 94 0 55 0 0 0 0 0 22 0 32 0 17 12 43 0 37 28 0 0 53 0 0 26 18 43 0 79 0 0 9 0 0 19 0 60 0 0 0 0 20 25 26 33 0 0 5 6 0
 38 2 72 0 21 26 21 25 55 17 86 96 0 0 0 14 0 0 0 21 0 0 69 0 65 29 17 0 0 0 21 0 40 48 32 8 7 87 0 46 30 70 76 0 22 9 34 7 31 82 0 5 0 0 0 0 16 0 0 0 6 0 35 74 0 0 0 0 0 0 22 0 88 57 0 57 32 45 3 28 8 0 0 0 21 0 5 9 0 0 2 0 64 0 34 63 15 0 0 0 0 0 29 0 0 5 11 67 0 43 0 4 8 35 0 10 0 72 0 0 0 51 45 0 0 5 13 49 0 0 0 9 30 0 0 10 24 0 0 10 0 0 0 0 0 0 0 53 0 74 0 0 22 0 2 0 40 54 0 53 0 0 14 9 49 0 0 16 71 50 0 19 23 0 0 76 0 0 0 0 0 0 0 71 0 46 0 0 25 27 0 42 4 56 26 0 66 88 0 7
 38 11 0 0 0 20 0 0 91 2 8 0 0 0 0 86 54 0 0 0 0 0 0 0 7 0 0 1 31 0 6 8 0 0 0 0 31 0 27 31 36 33 0 0 0 0 22 2 36 0 26 0 0 0 0 39 13 42 2 0 47 0 0 21 21 0 7 51 28 46 0 59 40 0 0 9 58 1 17 0 4 0 42 32 0 0 0 20 0 70 40 0 0 0 0 10 0 0 0 0 32 59 0 50 0 0 65 0 29 0 0 37 82 3 0 0 0 0 12 0 11 24 57 19 5 0 0 0 0 0 0 0 0 66 0 7 94 0 60 0 0 5 11 0 5 68 0 0 25 0 26 0 0 0 52 65 0 0 0 19 0 0 31 0 0 0 0 0 0 0 0 8 0 0 43 65 50 74 10 0 10 0 0 0 29 10 73 0 42 0 0 0 0 0 0 5 0 0 31 85
 0 0 64 12 0 6 0 71 0 0 10 0 42 0 64 35 80 0 71 22 0 15 19 16 14 34 12 0 18 27 25 28 70 58 44 0 30 0 0 0 0 0 0 0 0 2 0 0 0 0 0 0 58 52 0 0 44 0 4 0 19 0 74 0 55 0 39 0 0 0 0 50 0 11 0 0 12 0 64 0 5 11 14 63 0 0 0 77 12 40 0 75 3 0 0 72 0 61 0 0 71 0 0 0 11 0 0 0 40 3 0 39 1 0 0 0 3 0 64 48 5 0 0 19 0 1 0 38 64 68 19 30 47 76 8 6 0 0 0 91 8 0 20 0 83 4 0 0 0 63 0 30 0 0 0 55 0 22 29 0 73 18 0 16 0 31 29 0 0 18 0 0 21 40 0 25 0 44 91 4 67 29 0 0 0 0 0 0 0 18 0 21 0 46 0 34 46 0 2 42
 0 0 67 9 0 0 65 10 0 0 0 0 0 14 24 0 56 13 9 19 91 23 47 0 45 57 31 0 80 0 0 0 0 0 0 0 0 2 0 0 33 1 7 0 11 46 60 34 0 9 0 0 0 9 0 18 0 0 69 23 50 55 30 45 21 61 79 0 38 24 0 0 56 0 0 33 26 0 0 0 25 41 0 12 0 0 17 30 53 0 0 0 0 0 0 86 0 30 0 17 0 7 0 15 86 0 34 5 14 0 0 73 0 0 53 73 0 0 31 14 1 87 14 0 30 0 0 65 29 0 0 2 8 36 3 40 54 0 27 0 0 0 42 10 20 0 89 60 0 0 14 0 21 13 85 0 1 0 0 7 16 68 58 0 37 0 11 0 0 0 19 0 67 0 34 15 0 0 21 0 0 0 0 0 6 0 77 0 0 0 0 11 0 48 0 12 17 0 0 0
 46 0 0 43 0 22 53 0 0 0 61 13 0 0 8 0 0 16 0 0 0 0 54 13 6 0 0 0 37 0 58 0 0 15 0 0 0 28 0 0 0 39 0 0 0 0 0 0 0 0 45 0 31 24 0 6 18 42 0 75 32 0 3 0 0 0 38 0 0 0 62 0 0 1 45 0 0 26 0 20 58 33 32 44 0 0 0 0 3 0 60 0 0 11 0 0 14 4 0 0 26 0 1 0 7 9 16 0 0 12 56 54 59 24 0 40 14 7 80 7 29 0 15 0 58 0 3 0 18 7 5 6 9 0 32 0 0 14 0 0 0 0 0 0 0 31 20 0 0 0 16 0 0 15 0 13 77 0 26 5 0 0 0 12 0 44 54 54 0 13 0 0 40 0 0 48 67 44 21 0 65 0 23 0 0 54 0 0 0 0 35 22 0 40 14 0 0 31 0 69
 0 0 22 0 0 0 12 1 29 0 0 0 0 32 16 0 47 0 0 0 48 0 7 44 18 0 0 0 0 0 10 0 50 46 0 3 44 0 3 0 0 28 0 35 62 55 44 0 5 6 0 0 0 95 52 7 0 0 12 0 64 0 96 0 22 13 16 33 0 0 0 0 18 33 22 0 7 0 38 46 55 16 32 0 1 0 0 27 0 0 20 8 95 0 43 0 0 7 50 33 3 7 0 1 0 3 10 0 49 0 0 14 10 0 69 4 0 41 0 0 0 7 16 21 23 0 35 0 4 0 3 64 35 15 0 48 0 71 27 30 0 57 0 0 0 3 0 0 0 0 0 0 0 28 50 0 0 0 0 2 9 84 0 0 19 59 0 53 8 0 43 20 14 0 24 0 0 0 12 81 0 9 43 0 19 0 37 0 58 42 84 0 27 0 0 0 10 12 38 0
 41 0 0 0 0 90 11 0 50 39 0 5 71 0 0 35 0 61 0 0 51 44 0 17 78 5 0 0 0 0 53 0 0 45 0 35 0 0 42 14 0 0 0 0 0 37 0 0 46 78 93 29 0 0 0 0 0 16 0 0 0 0 25 0 36 0 50 23 52 0 0 37 40 0 0 0 17 0 2 17 0 0 0 0 0 0 11 51 0 0 0 0 0 65 0 0 0 7 3 0 0 0 71 0 0 0 0 98 70 80 0 34 0 0 40 8 0 6 53 0 0 53 0 0 0 0 8 0 36 0 72 0 20 73 0 10 25 27 0 0 0 40 33 21 30 0 34 0 0 13 0 43 49 9 2 0 29 0 24 0 25 74 71 50 0 0 50 0 14 0 16 0 0 0 0 7 0 0 0 0 33 14 0 0 21 50 0 0 0 11 0 0 23 0 70 35 45 0 58 0
 0 10 71 0 0 57 23 18 44 21 0 0 9 0 0 0 27 18 0 8 71 46 7 0 77 0 1 66 0 18 8 0 0 0 0 59 13 37 33 0 70 25 8 13 72 0 2 40 0 0 26 56 68 0 27 5 29 0 65 0 0 0 52 0 92 0 26 4 18 99 47 17 0 13 0 0 6 0 52 81 87 40 0 0 9 0 29 52 32 0 0 0 0 14 35 13 24 0 62 0 0 59 0 0 6 0 0 18 32 19 0 0 0 34 60 17 72 0 0 1 0 48 0 0 0 0 0 1 0 0 0 19 0 0 21 18 67 0 10 35 0 0 0 0 0 0 0 0 61 0 41 0 41 38 0 46 90 23 38 0 27 0 7 37 0 0 0 37 0 11 22 21 0 4 58 0 0 0 30 0 0 70 0 32 53 3 0 0 49 0 52 0 27 0 0 0 0 0 0 4
 0 0 0 0 0 4 44 76 18 1 21 0 2 0 0 51 23 0 0 21 72 15 18 0 31 0 0 7 0 0 0 0 0 9 0 29 0 45 70 0 57 0 4 0 27 0 29 90 0 0 58 30 0 0 0 2 18 17 0 0 0 0 0 2 2 38 0 11 42 0 23 0 0 0 27 37 0 0 0 0 24 0 0 19 0 58 4 0 0 2 0 20 0 0 17 0 0 0 0 70 0 37 0 11 1 0 0 0 0 0 0 0 18 0 32 0 29 11 41 0 0 0 41 0 0 7 0 37 0 27 17 50 12 0 77 0 41 0 29 0 2 0 73 78 8 0 8 16 80 23 0 0 0 59 0 32 0 16 0 27 8 94 0 37 35 0 0 0 0 58 0 0 0 0 0 56 41 18 24 0 0 29 0 0 0 0 75 73 0 39 0 0 0 19 81 0 44 43 0 0
 0 0 0 0 85 15 0 69 15 44 60 0 20 32 0 0 29 12 0 23 0 20 5 0 40 0 0 10 14 0 0 69 0 0 47 0 0 71 0 57 0 16 0 0 0 51 0 0 0 44 0 0 19 0 51 50 8 23 42 0 0 0 15 0 0 26 46 12 0 0 18 91 10 0 6 0 0 0 36 0 0 36 33 19 0 0 37 26 0 0 43 43 0 48 0 44 0 3 31 0 0 78 0 2 49 6 0 86 0 0 2 0 0 0 4 28 27 0 28 0 28 13 61 8 0 0 51 0 0 0 0 28 0 10 0 22 0 24 0 92 0 76 8 75 30 0 71 61 0 0 53 93 0 36 0 52 4 59 0 0 4 30 2 0 5 42 0 18 0 66 81 0 1 43 0 0 7 84 22 13 0 34 0 0 0 0 39 0 0 39 0 44 29 0 0 0 5 0 0 0
 27 25 0 0 0 0 27 0 0 0 0 0 0 0 0 57 0 43 68 0 0 0 0 0 0 51 57 0 0 0 12 0 0 23 46 60 14 80 0 5 23 0 0 0 0 0 4 0 6 0 0 59 50 0 0 17 60 0 0 2 0 0 0 0 37 0 27 0 0 9 74 0 35 28 73 15 0 0 0 25 0 67 0 0 0 0 4 3 58 10 0 40 73 5 0 11 0 0 20 0 47 23 37 0 6 14 4 0 69 46 0 5 0 37 67 0 0 5 33 84 49 47 0 1 0 0 0 34 0 14 63 0 0 0 0 37 31 0 66 0 0 0 78 0 26 0 0 11 0 3 0 0 61 0 0 31 32 0 0 0 31 0 0 39 0 0 0 19 60 0 21 26 0 26 25 0 0 0 0 31 41 12 0 0 2 15 20 42 57 0 11 0 0 74 0 0 0 32 41 10
 65 0 79 0 45 31 0 15 34 91 8 0 59 52 20 52 36 0 0 5 37 9 21 0 18 7 0 16 17 0 0 99 23 0 0 0 0 0 0 0 3 0 32 35 9 85 0 0 0 16 45 31 0 0 57 0 15 0 0 29 0 0 0 91 0 22 0 0 22 0 25 47 0 63 0 0 23 11 42 0 5 23 30 0 12 29 22 0 0 68 6 41 6 0 0 58 34 0 0 49 0 0 0 0 0 15 0 0 0 54 37 0 23 30 0 49 57 0 0 0 41 0 10 46 0 0 82 29 31 55 54 50 3 1 55 0 0 29 0 0 0 0 28 0 0 0 13 22 0 0 0 0 36 0 0 0 9 79 53 57 0 0 0 31 4 0 0 0 0 78 0 58 63 0 0 0 51 4 0 26 0 46 0 0 0 38 69 0 51 0 50 44 19 0 0 24 0 0 13 0
 0 0 0 0 5 26 0 0 54 23 36 0 0 0 0 22 0 5 61 0 0 0 0 2 0 0 70 33 53 0 4 75 0 0 6 0 0 20 0 0 0 9 0 0 57 0 10 0 0 0 0 67 50 13 0 0 31 0 8 0 0 0 31 42 5 47 0 0 37 61 0 0 0 78 79 0 42 50 48 0 0 1 34 0 0 11 25 0 36 1 3 0 94 13 0 31 0 0 0 0 28 0 29 0 0 9 47 10 0 0 0 0 0 0 0 0 0 6 16 22 0 19 47 22 6 65 0 0 2 12 47 0 0 0 23 45 47 1 0 16 0 0 0 15 0 20 0 14 0 67 65 12 4 0 16 0 10 41 0 22 0 0 3 0 79 0 0 13 46 0 0 16 0 0 0 18 0 0 0 0 52 0 13 0 0 34 0 25 9 37 0 0 0 0 0 0 39 20 0 92
 14 72 0 0 23 0 0 0 66 0 10 0 0 50 0 13 24 0 0 0 77 32 31 0 0 0 0 51 63 6 12 0 37 0 0 0 0 21 16 61 56 77 0 0 11 66 23 0 45 0 0 0 0 0 26 27 0 0 3 0 52 0 0 0 37 0 28 6 24 16 0 80 0 60 24 18 0 0 0 48 16 2 0 0 0 0 76 0 0 76 0 52 62 0 0 52 0 0 0 9 0 0 0 71 0 11 44 25 0 18 0 0 0 0 0 42 61 12 0 16 8 48 49 38 18 86 43 0 56 0 1 23 59 85 0 68 0 26 0 0 0 57 51 0 40 0 0 51 14 0 39 0 0 0 24 42 0 7 13 45 17 0 37 0 0 21 0 0 0 0 0 0 28 0 79 24 51 0 0 0 33 49 60 0 25 0 48 48 52 19 10 0 0 38 0 0 30 0 9 19
 26 12 0 0 40 0 0 0 0 51 0 57 19 0 7 7 0 26 38 4 17 42 0 0 0 10 62 0 7 61 0 0 93 0 32 79 0 13 75 7 0 0 0 0 0 28 0 0 74 0 19 42 45 14 25 9 0 0 21 5 14 0 0 0 0 0 23 0 0 0 55 22 15 0 0 26 22 39 28 13 0 0 3 7 23 73 0 66 11 0 0 0 50 0 0 0 88 50 2 0 15 82 0 0 83 17 5 72 0 0 71 0 71 0 7 29 0 56 63 6 0 0 26 28 85 0 55 0 0 16 0 22 53 0 0 0 69 0 0 0 8 71 0 32 27 30 0 88 0 0 73 0 3 0 0 32 53 0 0 35 0 57 52 3 86 3 49 0 0 0 9 0 0 24 58 0 31 65 10 0 73 0 0 10 43 0 0 0 0 3 0 0 2 46 0 41 0 0 0 29
 2 24 7 0 37 33 0 0 40 3 0 47 47 44 38 7 7 0 0 20 39 32 0 15 24 0 0 0 0 10 33 0 26 58 0 49 0 24 56 34 2 4 7 21 0 0 11 0 7 33 0 0 0 0 78 0 29 0 0 3 74 21 0 0 5 55 0 43 30 7 57 35 46 0 0 12 0 56 8 10 18 0 0 0 0 0 0 0 37 0 7 52 0 67 0 23 0 57 0 0 0 0 0 0 70 12 0 19 6 41 57 0 0 0 33 43 28 0 5 0 0 0 0 21 34 12 0 42 0 0 55 3 0 63 4 32 46 38 0 32 9 26 89 0 29 0 20 0 77 55 15 10 0 26 7 21 0 0 0 42 0 0 0 72 0 5 0 80 50 17 10 0 65 0 33 44 0 36 0 0 57 0 0 0 0 0 10 22 0 33 15 72 0 63 77 15 68 0 37 0
 0 0 0 2 65 10 25 31 3 0 43 0 0 0 0 0 0 9 7 33 6 0 0 0 46 0 87 23 0 0 0 0 74 0 75 0 54 15 0 86 0 0 13 0 0 0 35 0 0 0 0 0 16 0 0 61 21 0 1 8 50 1 0 0 0 48 20 0 0 0 36 0 16 0 0 16 0 0 50 0 0 0 79 50 19 0 20 24 14 15 0 5 89 0 0 20 35 94 0 0 0 8 0 0 0 38 0 76 0 38 0 0 14 0 35 0 98 0 25 58 24 0 0 0 0 0 0 11 0 0 0 20 0 32 0 7 71 11 0 0 0 0 5 0 60 81 0 0 0 0 0 30 16 53 0 0 0 0 0 0 0 47 23 0 15 84 0 49 0 0 0 25 0 29 30 95 0 6 7 35 0 0 0 0 41 60 0 9 22 0 9 0 21 0 9 68 40 55 0 94
 0 0 10 4 0 0 0 0 9 56 4 0 0 51 9 0 0 68 0 9 73 4 0 20 0 3 0 0 64 17 0 57 40 9 0 0 30 42 0 63 37 15 9 0 71 0 0 0 37 0 0 0 0 24 18 0 0 0 11 0 0 0 0 13 51 91 0 0 0 0 62 31 0 1 23 0 0 0 9 89 0 0 12 0 0 93 0 5 59 0 17 47 31 18 0 0 0 62 24 13 24 0 0 0 0 4 6 0 58 6 33 72 0 0 60 0 0 19 44 15 41 0 62 87 0 83 4 0 0 0 0 69 0 0 7 3 0 0 7 0 0 0 7 0 0 36 0 0 0 0 82 0 30 26 4 26 0 0 0 0 19 0 8 6 0 0 77 0 0 5 0 14 33 28 0 0 0 0 26 0 0 12 0 13 0 18 87 0 0 0 67 39 0 23 6 12 3 46 0 0
 0 0 0 0 0 15 9 17 35 0 63 16 28 26 57 14 0 0 29 56 43 72 0 43 0 0 0 0 12 23 7 0 0 0 0 0 40 0 0 0 8 6 2 13 0 34 51 53 0 0 0 32 0 0 90 0 0 0 17 32 0 10 0 0 0 0 0 0 1 0 0 62 0 0 47 0 48 0 14 41 48 67 0 8 59 14 0 0 67 0 0 0 0 0 47 62 58 17 0 0 42 12 71 0 0 72 64 10 0 0 1 12 0 0 10 42 0 0 0 0 0 0 13 0 2 10 0 0 24 0 0 0 0 66 0 0 0 0 54 32 11 0 94 49 0 44 70 36 28 20 37 24 0 0 0 59 21 0 50 0 37 0 7 61 0 18 0 8 0 1 33 36 71 7 0 0 0 40 0 0 0 0 42 0 0 0 39 68 43 0 80 0 0 0 22 36 39 0 30 0
 0 24 0 60 0 25 70 30 0 0 0 0 0 64 0 16 6 41 0 76 0 10 0 0 0 0 88 6 0 43 0 0 66 46 0 0 5 1 0 4 8 0 12 24 4 61 22 46 0 0 64 3 1 3 72 55 49 34 88 16 0 7 1 36 0 0 0 0 4 0 58 0 0 0 0 0 83 30 2 25 0 17 0 0 25 0 58 35 0 49 4 0 0 22 5 0 0 63 0 0 63 54 0 21 0 0 18 0 8 0 28 1 7 5 82 0 6 0 0 0 62 0 2 0 0 0 0 15 70 0 18 24 0 92 20 44 0 72 0 0 32 19 0 0 64 0 0 0 0 23 0 0 0 41 0 0 79 8 89 21 56 0 3 24 8 88 58 7 0 36 0 0 5 0 0 6 0 0 80 59 0 60 77 0 0 17 0 21 0 67 0 46 0 30 20 0 0 34 46 78
 14 8 0 0 26 4 81 0 0 63 4 75 73 0 51 0 2 5 21 0 78 55 14 0 73 0 47 25 0 0 0 0 23 0 0 0 0 37 18 0 37 13 0 23 0 0 0 0 52 0 12 75 13 0 70 79 5 13 0 0 18 0 53 0 0 67 0 0 4 0 48 0 12 0 0 14 0 30 0 0 12 2 47 0 27 55 0 53 69 7 0 0 21 0 0 0 0 0 0 25 0 0 0 23 0 0 0 41 0 0 0 0 34 0 0 48 54 0 0 0 10 13 77 0 0 0 0 0 81 0 0 20 0 0 0 0 0 0 11 24 21 0 0 6 0 0 43 0 0 0 1 0 0 85 89 0 13 19 0 0 0 0 0 0 0 0 0 0 0 38 57 0 0 20 0 0 0 37 0 71 6 0 22 0 0 45 0 0 9 11 0 0 4 51 7 42 19 0 43 0
 0 0 0 46 60 32 5 72 8 72 0 34 42 10 36 50 84 0 13 0 0 0 0 2 0 0 5 37 29 22 25 49 0 0 11 0 50 0 0 44 0 0 0 15 14 0 24 0 62 15 37 0 6 61 7 0 2 0 44 0 7 65 6 0 0 0 0 26 0 3 0 0 12 26 30 43 0 42 0 73 0 56 29 8 75 40 61 33 0 0 0 0 0 14 25 56 84 0 0 25 25 0 0 0 0 11 11 0 0 0 0 36 42 62 25 3 0 0 0 68 0 18 13 44 8 14 70 0 0 0 0 11 92 84 9 53 0 0 15 21 7 0 0 0 39 0 0 0 49 0 0 0 0 0 0 51 0 0 0 0 2 17 0 0 17 0 24 0 0 1 81 0 70 20 10 0 66 0 25 85 0 2 0 0 0 15 0 1 0 41 0 0 0 8 0 0 0 0 0 55
 57 44 98 12 45 15 0 15 75 0 31 0 0 5 0 0 15 0 16 0 48 51 22 0 0 47 8 0 0 0 0 0 0 25 0 18 12 0 0 65 0 65 38 0 20 0 39 0 0 0 55 0 0 0 0 0 29 15 10 0 0 39 0 42 0 59 8 0 8 0 6 62 4 0 5 100 0 14 0 34 0 0 0 0 97 77 0 0 0 2 18 17 0 0 22 0 43 35 0 41 29 0 0 0 0 0 0 0 0 14 0 5 2 0 40 45 37 42 0 50 0 0 0 0 0 0 0 0 7 22 0 11 0 0 40 42 37 47 0 0 0 0 57 48 0 0 0 0 13 20 0 0 0 0 0 0 0 0 0 0 0 7 0 62 3 0 0 42 0 5 56 0 90 18 71 37 23 1 0 0 64 0 9 0 1 0 0 27 0 0 0 0 0 3 14 0 66 0 5 13
 0 0 20 0 0 64 44 0 29 0 32 0 4 0 61 27 0 30 53 0 0 63 5 41 0 11 0 0 0 0 4 0 0 0 0 0 0 1 0 24 0 0 10 0 13 0 0 2 0 25 83 23 0 46 61 0 0 16 0 0 0 4 44 32 88 66 5 15 13 74 0 59 76 0 0 13 0 56 54 0 0 51 0 0 0 70 0 37 0 0 36 0 0 20 0 18 0 0 66 14 0 13 0 41 38 17 0 9 0 0 0 0 0 0 60 3 0 0 0 0 0 0 0 0 0 0 82 0 21 3 0 18 0 35 0 34 45 0 2 0 72 0 0 37 45 0 0 40 0 37 0 2 28 0 4 17 0 10 50 0 12 0 68 0 14 35 44 0 53 0 20 0 0 0 0 80 79 57 0 96 0 8 59 13 0 0 12 0 13 9 7 28 0 0 10 13 0 0 36 88
 0 0 0 3 0 1 0 76 25 46 0 47 13 5 18 0 55 0 61 20 13 26 29 10 70 61 93 0 0 76 0 0 0 0 0 0 0 0 8 6 58 0 49 73 48 0 0 19 30 0 32 66 81 59 0 1 28 0 0 36 0 13 0 51 77 0 1 43 0 0 0 0 0 0 0 0 4 1 0 0 90 0 0 0 18 29 32 53 0 0 76 40 60 29 11 34 18 0 0 0 29 29 0 0 0 16 34 0 48 0 0 62 16 10 17 29 12 34 1 5 50 2 0 76 12 0 4 30 18 22 51 0 18 56 37 0 51 0 18 0 0 43 5 59 49 0 12 6 0 0 5 0 13 28 0 0 55 0 47 9 5 25 0 0 0 0 0 4 0 10 39 18 28 25 0 37 54 0 70 15 0 16 9 0 0 0 0 0 0 0 0 35 0 30 0 24 0 0 0 0
 64 0 34 0 0 0 25 0 0 10 24 3 0 76 0 11 56 18 41 0 10 0 0 0 0 43 8 28 60 0 0 36 0 0 0 18 70 74 0 27 2 22 25 29 46 0 0 37 21 29 33 78 0 0 32 32 36 0 0 0 2 32 0 0 0 0 9 0 0 0 13 0 0 60 3 56 0 27 0 0 53 0 0 0 37 0 0 5 11 37 0 12 0 1 0 0 7 4 0 4 65 35 10 0 45 0 87 24 35 0 0 0 0 9 25 27 0 57 0 0 0 65 60 8 0 5 0 3 0 0 7 0 0 0 40 59 21 0 0 0 0 0 0 0 0 0 13 8 47 0 2 0 0 9 27 0 18 16 0 21 0 0 25 0 0 0 0 69 0 0 0 49 0 71 13 0 0 31 0 44 0 32 0 0 33 23 49 0 20 37 80 0 0 0 13 57 11 21 43 0
 92 0 66 0 30 0 44 0 0 83 0 0 0 5 0 0 0 0 0 0 5 61 71 0 68 4 0 23 23 21 0 0 4 26 53 27 13 36 0 14 47 0 60 0 10 21 0 0 45 30 0 58 0 10 0 62 0 21 0 0 26 0 0 2 0 0 0 11 55 0 2 35 0 22 0 27 0 0 0 0 0 63 0 54 20 45 25 0 2 0 19 0 48 52 0 0 0 46 83 57 0 47 0 61 0 0 0 60 6 12 10 94 0 0 43 6 0 68 36 18 41 0 20 45 75 0 0 0 0 26 37 51 0 3 0 78 73 24 28 6 6 0 69 0 19 17 0 0 52 14 8 66 13 1 0 0 71 20 0 17 0 0 0 40 41 0 0 0 89 76 0 0 62 13 0 70 0 16 0 0 0 0 52 0 3 45 0 51 0 15 32 27 0 0 71 5 43 0 19 13
 9 1 10 24 0 73 1 0 33 33 5 10 0 31 0 40 65 38 37 0 0 0 48 28 0 0 0 0 0 0 0 3 16 0 0 0 0 0 0 0 0 82 24 73 0 7 88 17 0 59 0 76 0 35 0 9 0 2 1 39 0 0 10 0 0 63 22 41 19 4 0 13 0 0 0 0 85 67 0 20 36 0 0 69 0 23 19 0 43 47 0 0 0 1 0 0 0 73 0 56 1 0 52 61 36 0 63 42 45 65 0 0 26 59 61 0 0 1 40 0 14 0 0 0 0 0 0 45 22 0 2 34 73 0 47 0 14 55 22 72 34 0 6 0 9 48 30 0 0 0 26 59 0 11 0 80 0 2 12 0 11 37 0 0 23 21 0 0 0 0 0 15 0 0 78 58 0 0 0 0 0 29 22 0 0 0 0 21 0 0 22 0 0 14 0 0 0 62 6 11
 0 34 32 0 44 0 49 0 0 2 0 42 0 50 2 0 57 11 0 11 0 10 31 0 0 0 41 0 0 33 0 0 0 19 0 0 18 0 0 20 3 0 0 70 0 0 0 61 0 0 0 43 0 0 34 33 0 0 0 0 0 0 0 0 4 68 0 0 12 43 13 0 24 0 0 28 4 0 63 0 29 0 64 20 0 0 0 3 0 50 90 0 0 35 0 91 0 0 0 0 0 0 0 0 32 68 0 9 0 24 0 0 0 0 0 47 0 0 15 0 0 65 20 67 3 38 0 89 3 0 0 0 0 0 0 0 64 3 46 22 0 0 5 7 22 40 0 0 58 0 0 0 0 0 0 15 15 0 0 19 29 0 0 0 0 15 0 16 82 3 0 0 10 3 0 61 0 2 0 0 77 0 0 0 44 58 0 0 0 4 36 59 83 13 0 85 0 44 0 0
 0 0 0 0 0 29 0 68 43 22 0 18 78 0 0 8 0 0 50 21 3 28 0 23 0 65 71 0 0 11 85 0 38 25 0 6 0 10 0 0 0 0 20 0 35 0 0 6 0 0 44 0 0 15 0 11 30 15 0 3 43 34 60 47 0 83 58 0 83 43 0 0 0 0 5 0 1 0 0 0 27 62 45 33 0 42 0 0 5 24 7 42 44 11 30 0 0 0 67 0 0 2 0 45 0 0 13 53 0 43 13 0 0 0 30 21 2 13 0 10 70 14 0 0 0 16 17 16 0 0 0 0 0 54 0 39 0 6 0 0 48 0 35 18 0 0 0 0 0 13 27 0 0 1 78 0 50 5 20 0 8 25 0 0 0 0 2 61 33 0 72 15 72 0 0 0 9 48 0 0 0 0 0 0 0 0 0 27 64 10 0 24 0 70 0 20 0 0 33 52
 76 33 59 0 75 0 0 2 0 72 0 0 96 0 39 4 22 2 0 96 29 3 0 40 57 0 0 0 0 0 13 0 0 50 33 0 8 0 0 0 13 31 0 50 46 0 0 58 0 81 0 50 88 17 0 0 5 0 0 55 26 0 0 42 0 39 43 0 39 40 14 22 0 0 0 0 0 45 0 0 7 73 0 48 39 44 0 12 0 84 32 0 60 0 0 0 7 5 0 9 0 0 41 43 0 15 0 0 20 7 0 37 54 39 86 9 11 0 0 0 4 0 45 57 6 0 3 30 0 3 0 1 43 0 24 0 0 0 0 17 9 31 0 40 4 10 9 52 4 6 13 0 0 1 0 0 59 21 41 0 0 11 0 39 0 0 0 39 31 58 0 79 9 0 6 0 0 0 0 0 0 18 0 58 0 0 58 0 0 26 20 49 25 0 81 11 0 0 0 41
 0 0 0 47 0 0 33 41 69 28 30 5 0 0 0 55 0 10 6 0 0 52 37 24 0 19 0 87 0 57 0 15 7 61 0 59 0 0 3 0 0 0 1 0 0 0 0 34 58 6 0 38 0 45 4 0 0 6 0 0 0 41 4 6 19 14 0 36 0 0 52 0 0 53 0 44 23 0 58 0 46 0 31 0 92 0 0 0 0 0 0 0 29 61 2 0 0 0 27 0 0 0 0 0 0 38 29 0 9 61 0 0 0 28 0 3 51 41 18 0 0 89 29 0 0 41 12 9 42 30 14 0 27 0 0 5 0 55 16 20 64 18 57 0 0 0 0 0 65 0 40 0 0 0 8 11 0 7 0 0 0 76 98 0 44 0 8 0 44 0 79 0 0 0 58 0 71 0 69 0 0 29 69 42 0 0 17 0 0 0 0 9 0 0 34 0 68 43 44 0
 54 0 0 0 0 51 67 0 0 58 40 0 0 0 22 43 0 0 0 0 39 0 0 0 70 0 0 0 7 0 0 0 0 0 0 0 0 4 0 0 11 0 38 93 0 63 34 0 0 17 45 38 0 5 0 66 0 24 50 0 0 0 0 19 2 9 46 0 3 0 0 8 7 20 35 26 48 73 6 24 0 0 2 0 0 46 0 33 3 71 4 0 60 0 43 0 0 0 21 18 16 0 11 35 0 23 9 0 0 0 67 0 25 0 35 0 6 3 0 19 0 0 0 0 0 35 26 0 54 0 51 72 11 37 0 20 0 0 39 0 10 0 0 42 1 0 23 48 76 0 45 23 20 10 59 13 34 53 35 29 4 0 34 15 0 57 0 0 0 10 9 0 0 0 81 48 0 45 0 0 0 46 0 24 0 0 0 55 0 2 0 68 0 0 0 0 13 33 27 0
 44 0 0 0 6 0 0 5 0 35 0 0 1 0 0 0 13 42 58 0 41 0 0 0 22 0 0 0 0 27 0 0 31 3 0 70 33 0 0 85 9 0 9 0 0 11 0 0 0 0 0 0 0 22 44 0 0 16 3 0 0 0 0 0 0 0 1 95 22 0 44 0 0 0 0 0 7 0 0 33 0 62 20 0 33 0 0 19 16 1 0 50 44 15 1 11 30 80 0 6 0 0 0 67 0 50 50 19 52 56 0 55 7 0 0 6 0 0 0 0 0 0 64 0 0 11 49 97 0 5 0 0 12 55 1 43 0 34 50 6 28 0 0 89 38 26 69 0 1 0 10 7 0 12 31 18 6 61 56 0 0 0 64 0 7 0 23 0 0 0 0 0 24 0 0 51 0 0 0 0 0 1 1 0 0 0 66 14 17 0 0 6 0 81 0 66 20 0 0 26
 0 0 0 27 4 0 0 80 0 0 0 23 0 15 69 0 0 33 0 0 0 0 59 0 58 83 15 0 46 81 0 0 14 40 38 43 0 0 0 0 29 8 0 0 41 0 0 20 0 17 0 41 0 12 0 96 31 6 12 21 41 25 0 51 4 25 0 65 17 0 32 13 25 0 90 30 0 17 0 23 0 23 14 0 0 18 0 0 32 31 39 6 0 4 25 0 39 2 62 27 0 0 6 0 0 58 0 2 0 0 61 0 0 0 0 0 5 0 0 85 69 0 24 0 0 83 14 27 3 34 0 7 93 0 17 32 51 57 0 1 28 0 0 0 49 0 55 31 13 0 0 22 75 11 6 0 39 0 0 10 0 80 75 0 0 46 4 0 0 7 75 0 0 0 25 0 74 20 0 0 0 35 0 0 30 13 0 5 0 0 0 0 0 0 0 36 94 84 0 0
 0 0 0 29 0 0 63 0 12 0 5 22 30 69 0 0 0 0 0 0 7 0 0 6 0 61 0 19 70 0 0 0 9 0 0 55 0 11 0 0 54 49 12 0 0 31 25 13 47 31 0 0 28 0 0 0 0 0 51 0 0 7 24 85 0 0 0 0 0 44 65 0 15 39 23 12 0 0 0 0 0 0 40 12 0 18 43 0 0 0 49 37 0 39 27 0 0 7 0 15 0 23 0 0 0 0 0 72 11 9 8 0 9 0 11 10 25 32 28 0 21 43 0 0 0 78 0 0 0 0 0 0 0 0 4 51 65 44 0 0 0 0 0 0 56 41 42 0 0 0 12 32 0 61 0 0 0 0 34 0 35 41 67 34 79 0 3 0 0 11 0 13 0 0 0 2 0 0 0 0 9 0 0 3 0 7 0 9 0 8 39 21 0 12 18 10 0 0 0 0
 0 0 4 18 0 0 40 0 0 0 21 0 0 11 0 10 69 24 40 83 0 0 65 22 27 25 0 25 0 0 0 1 64 31 35 58 0 27 0 87 0 64 6 0 30 0 0 0 0 0 0 96 95 0 0 55 49 0 0 71 48 0 54 3 44 21 48 0 0 0 62 0 0 22 36 0 0 35 40 0 16 25 77 13 5 0 20 5 0 0 38 0 57 0 0 55 0 36 6 39 34 0 0 71 0 0 0 0 49 47 0 58 0 0 10 48 71 0 73 9 0 28 5 0 0 24 20 0 23 37 3 52 0 13 0 0 2 61 0 2 0 0 18 18 24 23 3 0 3 7 38 0 0 0 46 44 36 3 0 44 0 37 0 0 48 19 0 0 57 1 56 1 67 0 0 0 0 19 0 0 0 65 0 0 26 0 0 0 0 0 70 0 5 5 71 0 31 0 32 9
 0 6 34 0 67 6 0 0 98 48 0 0 35 93 33 15 0 0 0 0 9 23 0 0 0 0 0 6 0 2 50 0 0 0 0 0 21 0 0 74 28 89 9 0 0 57 0 70 0 0 14 0 0 31 0 0 32 65 32 8 0 4 46 6 4 0 43 0 23 53 0 19 71 0 62 0 55 35 6 0 69 33 0 0 0 0 61 0 0 0 6 0 0 2 0 0 0 0 0 32 0 16 0 41 0 63 0 0 45 19 72 20 72 22 74 0 0 31 0 42 0 55 0 41 0 5 0 69 0 0 76 0 0 12 55 0 0 0 27 26 0 0 0 68 0 0 28 16 2 0 0 33 15 23 61 22 0 0 29 0 13 0 0 24 0 0 12 0 0 28 0 0 21 42 0 65 33 0 39 23 0 15 45 38 52 32 31 7 0 7 0 65 17 18 0 78 12 18 43 44
 0 86 4 0 0 0 0 4 0 37 19 55 0 17 0 0 31 4 6 86 30 48 51 9 0 14 0 29 0 55 0 54 2 0 0 0 0 0 7 0 0 0 9 0 0 0 0 7 52 0 0 0 0 89 43 47 50 0 0 5 39 18 9 0 0 60 0 0 50 2 29 14 0 63 0 21 0 31 40 0 0 0 40 0 0 46 0 0 46 0 29 7 45 87 0 27 70 23 0 76 8 0 37 21 41 0 32 0 0 0 0 15 0 0 73 63 56 26 0 0 0 22 0 74 74 0 37 12 42 0 0 12 47 0 0 0 0 24 0 12 6 44 0 0 0 5 5 20 0 0 0 39 0 0 0 0 76 75 0 1 0 3 53 0 13 0 71 6 2 0 5 0 0 0 4 16 0 0 9 0 0 0 25 0 0 47 0 0 76 0 5 24 58 77 21 5 0 51 52 0
 49 67 0 46 39 0 0 21 0 0 14 12 0 30 13 15 0 10 16 62 7 13 78 0 15 0 42 42 10 44 70 80 0 0 0 7 38 0 8 68 28 0 25 44 0 0 0 42 52 0 60 0 7 81 0 0 87 78 64 44 0 50 24 0 38 0 48 0 22 0 0 0 0 55 49 7 0 52 0 58 0 0 10 32 37 0 0 0 0 49 79 0 44 3 36 16 67 0 5 0 11 77 0 0 0 34 0 0 0 0 0 35 0 12 2 82 0 0 0 0 7 7 0 18 0 0 0 0 81 0 73 0 10 0 29 72 0 0 34 0 62 14 0 79 0 9 0 32 0 26 2 17 54 0 10 73 69 84 85 9 31 23 0 4 0 15 22 0 0 17 60 24 0 20 71 65 0 11 0 50 10 0 0 0 31 46 40 0 19 0 14 5 0 4 0 0 28 0 37 0
 0 9 0 0 63 0 39 19 80 0 0 0 7 23 83 25 37 0 39 0 0 0 0 63 10 0 0 0 64 70 62 0 16 0 61 48 0 0 0 0 0 51 4 0 0 0 0 0 0 36 0 0 47 8 42 0 0 0 36 35 24 29 0 52 1 10 0 72 0 35 35 20 0 63 0 6 53 25 36 0 0 11 26 7 40 39 60 0 31 0 43 44 0 6 0 45 0 38 24 62 0 0 24 64 0 0 34 6 15 0 58 0 4 0 27 0 0 0 31 8 0 0 0 8 3 0 0 9 0 0 0 6 0 0 3 70 0 0 10 0 0 0 90 6 0 0 44 0 0 27 36 13 35 29 0 0 12 0 0 0 86 0 16 0 10 0 0 49 0 0 34 0 6 78 34 0 0 3 56 36 0 61 0 72 9 0 0 0 25 19 13 51 0 0 6 0 0 53 0 41
 0 0 21 0 25 0 0 17 30 0 0 0 50 9 13 0 36 0 0 0 0 0 33 20 0 2 20 0 3 8 0 0 0 20 0 0 42 0 11 0 10 55 8 91 0 24 32 0 0 0 10 67 0 0 0 0 5 37 0 0 0 24 66 0 42 0 63 0 30 43 0 0 62 24 5 0 30 0 6 38 4 0 0 76 10 0 47 9 0 0 42 0 0 31 0 0 33 16 0 0 0 17 0 82 82 0 0 2 0 54 27 0 62 0 0 2 0 41 0 0 0 0 0 20 18 5 6 30 36 0 69 20 86 45 24 32 8 17 15 15 0 0 0 22 27 19 0 29 10 21 40 0 0 17 0 7 0 60 14 40 36 11 13 0 43 38 61 0 0 0 0 38 0 38 0 0 0 0 0 0 0 63 27 3 0 46 0 49 0 0 0 0 0 1 95 0 56 0 32 0
 5 13 30 48 52 39 0 0 0 0 20 34 45 33 0 52 34 0 0 7 0 0 16 0 0 62 6 0 0 39 1 65 10 0 0 15 0 0 41 0 21 0 11 0 0 0 0 0 1 0 4 71 0 0 0 0 0 70 10 0 0 0 39 38 0 0 0 64 65 0 0 0 0 14 26 89 0 0 23 4 19 47 6 40 17 0 13 0 38 0 0 33 57 10 32 11 43 12 23 10 0 5 29 0 7 50 54 0 63 0 13 21 0 20 18 0 0 10 8 59 0 43 0 37 0 0 0 0 36 0 67 43 0 16 5 26 28 0 0 57 48 9 0 48 0 0 9 0 19 0 7 0 16 0 18 74 0 47 39 15 0 30 0 60 0 2 0 0 12 0 3 8 0 0 0 93 88 0 37 16 0 0 0 0 4 0 11 0 0 39 0 0 31 3 72 0 30 3 0 0
 0 0 0 7 0 37 0 60 11 0 7 3 0 4 0 65 17 22 0 0 0 93 34 7 34 0 0 47 14 9 8 0 0 0 0 16 0 0 0 0 0 0 14 83 56 0 44 6 82 20 0 0 91 23 0 26 55 18 77 0 25 0 0 61 8 51 0 0 33 4 88 0 0 0 0 0 0 0 0 0 0 98 14 0 69 0 0 3 17 34 0 84 0 0 0 0 0 75 21 0 31 0 47 18 0 49 0 0 0 0 20 0 0 21 5 56 11 1 0 84 0 0 30 0 74 16 0 25 0 0 0 0 0 18 0 0 17 0 0 72 74 0 0 39 0 0 0 59 0 0 0 0 0 0 0 0 0 61 0 18 0 0 40 0 0 0 0 17 53 24 0 0 14 0 0 0 14 54 34 39 0 9 0 0 41 0 14 18 0 15 68 23 82 0 0 18 20 0 75 3
 0 0 23 0 0 5 45 21 0 14 0 64 0 0 0 51 55 0 7 0 0 0 0 0 0 42 6 7 41 20 20 0 0 0 0 58 0 7 22 0 0 52 37 39 3 0 63 15 0 0 0 56 91 37 26 0 53 50 0 0 35 27 0 0 28 0 0 0 55 53 33 44 0 3 0 0 0 67 56 0 0 0 26 0 3 41 0 0 75 0 4 0 88 0 0 0 6 21 8 17 0 11 0 10 0 59 52 0 0 47 81 9 0 74 31 0 27 0 11 9 21 10 0 0 0 0 19 0 0 46 0 16 0 0 17 25 0 62 43 11 17 59 0 28 45 0 0 30 27 0 0 15 0 0 0 51 15 0 0 1 0 0 36 0 0 0 32 0 30 0 25 6 0 0 0 42 40 0 0 6 0 0 0 8 0 1 0 0 75 32 45 9 0 0 0 0 0 12 19 6
 0 63 0 0 0 60 16 7 0 0 0 0 36 2 0 0 27 0 12 0 0 0 25 0 45 0 6 47 0 0 89 0 0 0 0 39 0 0 0 3 0 0 0 40 0 37 94 0 0 0 9 4 0 27 0 21 0 57 0 3 0 0 0 4 29 0 0 28 0 0 12 0 53 5 0 0 0 0 0 29 0 50 0 27 89 0 37 0 0 0 0 0 42 13 22 0 0 0 21 64 46 31 0 0 32 15 16 65 0 0 0 0 16 0 0 11 0 0 1 0 0 16 0 28 30 12 51 98 0 0 77 0 13 41 42 0 0 18 0 67 31 85 0 81 34 2 1 0 62 0 0 0 32 0 0 0 0 6 0 0 0 0 0 54 24 14 0 0 7 3 0 0 0 0 45 0 0 45 0 0 58 25 0 38 0 0 77 41 0 0 0 0 33 19 18 0 0 63 0 22
 0 26 0 3 9 31 5 0 54 0 25 44 0 33 0 4 0 29 44 3 34 61 0 0 48 81 0 0 25 0 0 19 0 0 17 3 50 30 62 31 0 0 0 50 62 54 5 12 2 0 6 4 44 49 0 0 43 52 19 50 42 0 42 0 0 0 18 0 0 0 46 5 0 63 15 41 1 0 2 0 60 0 76 0 53 69 0 0 0 0 9 20 0 0 52 0 44 0 0 0 31 3 0 83 0 39 40 24 29 0 0 0 0 0 14 0 0 0 40 3 12 0 0 66 0 34 0 0 0 0 0 11 0 11 0 16 12 0 5 19 0 22 65 0 31 18 50 0 0 53 64 27 0 0 0 11 0 17 0 15 40 1 0 39 0 0 21 84 33 0 38 0 0 0 4 0 26 0 42 0 0 0 0 0 49 0 38 0 0 0 0 97 43 2 29 0 0 17 52 0
 3 7 0 74 0 0 0 34 0 22 0 33 61 31 0 11 0 0 71 0 9 49 29 18 0 15 0 51 32 3 14 54 35 32 0 0 0 37 2 8 14 18 0 36 0 90 11 0 8 0 0 28 50 0 69 0 19 0 0 0 0 0 0 28 0 9 0 23 0 0 44 46 0 0 15 0 6 0 0 0 30 11 1 53 0 62 19 59 0 0 0 0 0 0 1 0 31 0 0 0 19 11 6 0 47 17 0 6 7 16 0 11 0 37 22 0 57 61 11 42 0 0 0 15 0 25 5 56 40 0 0 0 67 0 0 43 21 79 0 18 0 6 0 0 0 15 5 0 22 62 0 21 0 0 0 4 0 0 0 0 35 32 0 6 8 21 5 0 17 0 6 0 0 0 40 0 11 0 29 0 25 0 65 0 9 45 21 0 36 0 0 0 20 0 62 0 0 20 48 83
 28 0 39 20 46 0 0 0 0 0 38 0 38 0 46 0 0 0 0 0 0 0 0 0 25 49 0 63 77 0 0 36 0 74 0 23 21 0 0 22 8 56 9 12 0 48 10 33 23 0 18 0 30 71 0 26 0 33 0 76 4 0 24 57 15 2 0 30 93 26 9 0 88 0 33 3 0 0 18 0 0 0 1 8 2 31 20 18 0 25 2 0 27 7 0 60 0 0 19 0 1 35 0 0 0 0 0 4 52 82 81 0 22 45 0 0 60 0 0 0 0 0 1 72 44 24 0 23 0 45 0 0 70 0 74 76 0 70 26 0 0 20 72 0 24 52 55 0 0 47 0 53 0 0 42 58 0 0 74 4 0 0 0 38 69 0 65 0 16 20 0 51 0 0 0 0 0 0 0 15 53 0 49 31 0 0 0 69 0 77 6 0 0 0 0 0 7 0 14 0
 0 17 0 5 0 0 0 32 39 29 19 9 60 0 0 0 0 47 20 0 15 6 9 0 60 0 59 44 26 31 0 0 0 0 0 0 37 0 47 9 0 35 0 0 0 0 6 10 0 0 0 0 1 17 46 55 14 73 0 0 28 58 0 0 0 0 0 0 0 53 41 22 0 35 28 50 9 26 22 0 0 0 56 0 0 15 0 14 0 34 31 17 0 28 16 0 22 14 0 0 0 0 30 14 0 46 0 57 6 0 13 90 33 0 0 22 0 0 0 0 0 72 52 31 0 15 46 46 16 17 0 6 70 25 0 0 8 10 0 13 43 25 0 1 41 42 8 0 0 51 0 13 0 0 49 79 0 5 9 4 0 0 0 43 1 0 0 42 1 12 36 0 26 0 0 78 0 28 0 10 5 56 40 4 0 0 0 62 1 0 26 13 0 0 1 64 34 45 0 64
 11 12 0 0 0 60 39 0 0 0 0 49 4 1 61 0 6 0 35 23 0 0 27 0 25 8 0 24 41 18 0 58 11 34 0 0 0 0 0 22 0 0 0 29 0 0 0 45 9 0 71 6 0 0 33 0 40 13 0 0 27 0 0 0 0 57 0 0 69 6 0 10 47 0 23 79 0 4 0 49 4 0 0 0 0 37 0 38 23 0 5 0 0 7 0 0 81 0 40 0 36 44 0 0 22 42 11 0 32 16 0 0 76 25 0 21 0 25 11 39 0 0 0 0 86 0 0 14 12 0 0 41 13 0 90 50 0 0 0 0 0 54 0 0 43 32 0 60 56 0 24 0 4 16 0 0 13 51 24 0 27 16 35 8 0 0 0 2 0 0 0 0 0 37 0 0 14 29 57 0 18 0 10 0 0 74 0 0 17 19 0 0 10 10 0 0 1 45 0 9
 0 0 0 0 0 0 0 59 60 0 0 18 0 0 0 58 0 0 0 0 14 0 60 0 35 0 31 0 77 0 0 0 0 0 0 0 0 0 0 35 41 54 0 0 0 0 0 18 0 0 33 45 59 30 13 0 0 33 16 89 19 0 0 0 95 14 0 13 39 0 3 5 0 0 5 29 17 54 39 81 72 0 78 0 31 25 0 0 6 0 11 52 0 0 71 85 69 5 18 0 28 0 22 5 0 0 0 68 34 0 0 37 0 10 37 0 33 0 0 52 0 0 6 0 0 0 0 29 42 0 74 0 43 0 51 0 0 30 48 0 0 88 0 0 0 0 0 0 47 0 0 0 50 30 67 0 61 0 52 6 11 0 27 0 0 0 0 32 0 24 0 0 17 38 6 94 32 37 13 0 14 0 0 0 0 76 0 0 0 0 0 46 0 0 0 27 0 62 32 71
 0 31 0 26 0 5 0 23 46 19 0 2 0 0 0 0 14 0 56 67 0 8 0 0 61 0 7 0 0 0 0 0 0 9 0 0 9 0 0 0 10 0 0 27 27 23 1 0 0 78 54 4 22 0 0 81 39 57 20 0 25 38 1 1 35 0 1 0 0 0 0 0 0 4 7 1 0 0 0 0 0 0 13 0 0 0 0 0 0 0 12 0 0 1 0 15 62 0 0 0 0 0 0 36 0 0 0 8 0 0 13 1 13 0 67 10 0 56 60 0 0 0 0 41 1 33 0 11 0 0 94 0 0 42 95 0 0 27 46 0 0 8 0 46 25 2 11 0 92 4 27 0 27 18 78 27 66 0 0 0 0 1 32 0 0 0 19 0 91 5 4 0 74 0 0 0 0 52 0 0 0 0 25 0 0 43 21 0 0 47 0 10 0 82 14 0 0 0 4 2
 0 0 25 31 9 39 27 37 0 0 0 0 0 0 27 40 38 0 89 0 52 8 0 0 0 0 0 0 0 17 1 0 85 16 11 9 0 0 10 87 7 0 17 10 0 7 17 0 0 0 36 0 0 0 0 24 0 12 0 0 0 0 0 31 32 0 0 0 0 0 2 0 34 0 63 0 0 0 54 58 0 27 0 0 0 0 0 0 0 23 0 0 0 0 45 0 64 0 0 10 0 0 43 0 59 0 20 0 57 59 9 0 0 75 0 82 0 0 0 0 0 0 0 0 93 0 6 0 16 0 62 0 38 0 58 0 63 2 9 27 6 79 0 0 0 0 61 17 0 0 0 13 0 0 20 0 10 0 0 0 44 0 53 0 11 0 0 0 69 60 0 0 49 86 11 35 0 20 0 8 0 7 20 0 0 0 54 58 27 4 49 0 37 71 0 48 14 0 0 70
 57 0 4 0 0 0 9 7 32 0 74 0 0 0 85 45 0 6 30 2 88 27 0 0 0 0 42 40 9 0 0 0 8 23 0 0 0 6 0 0 54 90 57 0 0 0 6 0 29 69 67 5 6 0 0 0 59 0 58 34 15 81 5 21 0 81 0 32 57 0 0 0 56 0 9 0 13 0 0 37 22 0 0 23 0 0 0 75 43 33 32 0 0 0 0 1 0 0 0 63 0 11 83 19 69 0 0 49 55 0 0 16 35 0 16 22 78 0 0 0 0 25 0 0 0 23 64 2 0 0 0 54 10 0 0 0 0 0 56 0 63 0 0 0 0 0 0 32 0 0 0 0 0 0 70 0 41 0 40 0 0 0 7 6 19 20 14 0 0 0 0 0 20 0 0 59 49 0 0 19 0 32 0 53 0 49 0 38 0 0 0 0 1 0 0 30 72 0 0 84
 18 57 0 49 7 67 46 15 9 16 56 61 40 0 0 0 22 6 79 0 46 0 0 0 0 66 0 0 67 0 0 67 0 36 37 9 8 20 14 66 37 0 0 0 0 39 0 0 0 0 0 0 0 46 71 0 29 0 0 0 0 4 0 44 67 19 0 0 0 2 0 55 0 5 0 0 0 32 81 0 63 51 31 25 0 72 0 0 0 0 27 0 30 0 0 0 39 0 21 0 0 14 16 0 0 0 6 43 59 0 51 33 0 7 0 73 18 9 0 6 0 54 0 0 0 23 51 0 67 75 0 17 0 28 41 0 0 14 52 25 48 6 3 0 24 69 0 29 0 0 3 51 0 16 80 0 14 0 15 0 55 0 0 0 0 0 98 11 5 0 51 36 0 0 0 0 0 0 0 0 0 0 0 72 0 0 0 0 0 14 0 0 0 1 0 0 49 58 0 40
 0 0 17 0 0 0 0 0 47 21 8 58 0 59 32 90 0 16 0 0 0 13 0 0 0 0 0 0 60 0 0 0 7 37 0 26 18 19 0 70 0 1 18 0 0 0 0 52 0 0 0 17 18 64 47 0 83 0 75 0 0 67 15 0 0 0 0 0 0 29 0 0 0 63 0 49 0 0 0 0 3 33 23 49 57 90 0 11 0 0 0 16 20 0 4 28 55 0 0 47 6 58 0 46 0 91 0 0 0 0 29 2 0 18 0 30 6 55 66 14 0 2 51 0 0 16 0 0 0 0 39 0 82 21 0 0 9 0 39 0 34 54 0 0 0 24 35 0 0 0 13 0 14 43 33 68 12 7 0 53 0 3 14 0 0 61 37 0 62 0 0 39 0 30 16 0 36 0 74 27 50 24 0 37 0 39 31 0 43 0 0 0 5 42 6 31 15 0 5 5
 0 0 9 76 0 28 15 0 0 68 15 30 52 2 81 41 0 56 0 11 0 0 30 31 0 0 0 2 14 0 0 57 0 10 0 0 0 0 0 9 0 0 27 51 0 0 0 0 25 82 7 59 0 39 11 3 0 65 21 0 13 9 62 38 0 0 0 56 52 0 10 7 0 42 0 0 0 66 0 0 81 16 65 0 0 11 0 2 0 58 25 0 6 41 0 8 0 40 0 0 18 59 0 10 0 0 0 12 0 0 17 4 0 0 58 48 10 0 0 70 0 21 0 0 0 47 23 0 14 0 0 47 0 0 0 0 0 0 0 0 14 19 29 0 0 0 0 0 5 0 92 0 0 21 72 0 0 0 63 51 0 36 0 0 0 0 53 65 0 11 50 0 8 65 85 0 34 0 0 0 61 0 0 61 11 0 0 0 27 0 0 30 0 26 46 0 30 0 44 0
 37 0 20 44 0 0 0 0 0 5 0 78 37 0 56 14 0 41 0 0 0 38 0 0 29 0 45 13 0 0 0 0 0 0 0 17 0 0 0 0 89 0 0 11 0 15 0 2 42 0 0 0 0 43 17 0 0 0 0 0 34 0 86 0 0 0 0 17 74 14 13 0 0 0 51 0 32 13 0 0 75 0 0 40 79 54 0 32 0 0 18 0 0 20 2 92 0 0 9 22 23 0 17 27 4 27 0 29 0 3 16 70 81 1 33 93 13 69 9 28 10 23 0 0 52 0 0 27 29 0 3 17 4 0 0 62 11 31 56 33 41 18 0 12 43 43 5 0 45 0 0 0 11 0 0 59 0 2 0 0 0 0 0 0 0 0 31 0 35 61 10 15 0 37 0 4 0 47 22 0 36 7 0 37 35 0 12 0 28 19 60 64 4 0 0 57 1 0 4 0
 0 0 0 30 5 40 23 0 0 0 0 27 0 0 0 0 7 32 0 0 0 0 0 81 45 0 0 0 0 0 0 0 24 0 0 30 38 0 0 26 0 40 0 19 36 60 0 0 0 12 38 21 19 7 70 0 3 0 0 0 0 32 0 0 26 0 48 0 0 0 10 0 0 37 0 0 17 3 35 53 45 85 0 0 60 77 0 0 11 13 0 0 30 0 41 12 72 0 0 0 0 0 3 83 0 37 0 0 40 49 13 0 16 34 7 58 0 0 0 0 0 49 0 0 0 13 0 0 0 25 7 80 84 0 0 0 47 60 61 11 57 0 0 0 0 0 17 59 17 0 31 31 39 27 78 55 5 13 0 0 0 22 69 36 50 6 0 0 0 17 32 0 0 0 0 34 0 8 0 0 2 0 24 0 12 0 61 23 46 0 0 0 33 0 0 0 12 0 0 12
 0 0 5 0 0 61 13 2 0 26 0 13 85 0 0 88 13 0 56 7 75 13 42 34 54 61 75 0 42 0 8 0 50 0 25 12 0 0 0 11 0 0 0 0 0 49 43 33 0 80 0 0 0 0 0 0 0 66 88 0 0 36 0 0 10 0 0 0 20 56 0 0 65 0 0 0 0 17 10 0 0 0 0 0 12 52 37 0 0 7 0 24 0 0 6 0 0 22 0 88 23 78 88 80 42 0 27 46 87 16 0 0 48 0 45 21 51 92 0 16 49 6 51 58 1 39 0 11 0 0 4 0 3 15 8 0 0 0 0 41 24 15 57 43 0 0 5 0 90 0 0 0 1 0 0 7 63 14 33 44 45 23 1 26 0 3 33 17 9 0 42 0 14 41 0 4 37 0 0 0 17 49 0 30 8 0 83 10 0 0 0 50 48 0 4 36 0 0 5 37
 0 45 0 0 0 0 0 69 0 66 0 0 31 0 0 0 0 13 54 0 16 38 5 25 2 0 77 11 0 34 65 0 50 0 34 48 0 0 0 0 14 59 0 0 0 0 68 0 71 0 23 3 25 39 54 0 0 31 30 0 12 37 9 0 0 41 37 0 26 73 68 0 0 0 0 0 0 0 7 0 32 16 3 0 68 21 0 0 0 23 0 39 0 18 70 34 46 7 3 0 0 0 0 0 0 46 18 0 0 0 0 0 0 11 0 33 83 17 46 57 1 20 0 83 0 0 3 0 5 0 30 24 71 13 0 2 0 0 0 19 14 30 0 12 33 61 12 0 48 0 0 0 67 3 12 0 0 29 35 0 0 16 7 85 40 0 0 0 0 0 25 0 74 0 51 0 0 0 0 13 0 0 3 32 0 42 15 0 24 0 9 56 27 0 0 27 17 2 0 85
 0 0 0 25 0 43 17 32 0 0 0 0 0 0 50 20 0 0 0 0 0 0 21 33 0 0 0 0 36 5 69 8 0 0 0 0 0 24 25 0 0 95 5 14 40 31 0 24 0 0 0 32 83 0 22 8 30 3 0 0 0 0 0 0 3 0 0 0 12 9 23 35 0 56 0 0 0 0 14 24 0 44 27 0 42 52 0 35 0 47 0 11 0 6 5 17 2 19 27 34 0 14 0 0 53 0 11 0 8 12 0 47 0 1 0 0 21 39 22 36 0 46 0 58 35 0 13 8 8 8 0 63 0 17 0 0 54 37 1 0 0 0 36 0 0 0 69 0 43 0 46 0 0 0 7 79 0 0 0 0 6 0 0 0 0 0 14 0 27 0 50 0 0 77 0 0 0 62 0 4 0 0 18 0 0 0 72 0 0 13 76 0 69 0 21 1 74 71 20 0
 18 0 66 0 0 16 21 73 74 37 0 17 27 0 0 0 32 7 29 31 38 17 40 16 85 2 2 13 0 0 0 6 4 0 0 0 74 58 0 0 59 0 81 55 0 3 8 0 3 0 0 0 68 0 0 0 60 0 0 0 0 0 0 36 0 25 10 80 23 92 0 70 14 13 0 0 8 0 37 0 0 13 27 0 14 31 15 0 9 4 0 0 36 0 0 0 0 0 0 0 0 14 76 0 32 0 20 0 0 0 0 0 49 17 0 68 0 0 0 0 51 0 0 34 17 38 0 0 59 0 51 0 0 26 0 53 0 43 0 43 67 12 3 25 80 0 26 58 82 1 0 7 0 0 42 0 0 0 0 38 0 0 0 0 19 0 0 0 4 8 24 0 56 51 11 88 76 0 0 68 8 0 0 0 29 0 15 0 0 0 38 0 0 0 0 62 0 19 9 12
 15 5 74 0 14 0 0 37 0 19 13 0 0 0 0 3 0 20 10 1 0 0 63 0 34 0 28 0 3 1 0 0 11 0 38 0 0 0 57 0 34 0 0 82 0 87 0 9 0 0 72 24 0 0 9 81 19 18 17 39 38 23 0 15 40 65 0 0 0 39 51 0 68 0 9 0 0 37 1 0 10 54 32 0 90 0 0 37 92 54 27 0 0 0 0 0 0 48 0 12 0 52 19 0 14 8 0 0 19 0 0 0 24 24 60 0 0 0 49 0 18 20 19 0 0 33 99 0 0 10 7 17 27 89 0 0 0 1 0 43 52 63 22 0 0 0 16 0 44 67 0 0 0 0 0 0 0 0 0 0 23 0 0 67 8 46 0 0 0 0 0 0 0 0 6 0 82 0 0 0 0 0 0 6 0 4 0 0 30 0 57 47 0 0 25 0 53 0 0 50
 0 46 0 70 0 0 25 87 0 23 58 14 0 0 0 0 44 0 0 19 21 31 0 0 0 67 0 0 0 0 13 0 11 56 11 0 0 0 56 0 30 28 0 0 0 21 0 30 32 48 0 0 0 0 10 14 69 0 0 69 47 0 0 39 0 0 6 65 52 0 0 47 0 0 65 44 22 0 0 30 56 0 45 33 19 52 0 0 52 0 0 0 0 0 1 0 0 8 64 0 0 91 0 0 16 0 24 0 9 0 0 0 0 0 0 52 0 68 60 45 0 5 0 91 0 56 26 70 41 3 60 70 11 21 0 29 84 80 9 0 42 27 0 0 0 0 0 0 8 15 15 36 38 24 15 58 0 0 0 0 34 0 74 23 0 0 79 27 14 33 33 31 0 34 26 62 0 40 51 5 19 53 61 0 61 42 0 53 14 0 16 0 0 41 0 0 6 67 33 43
 37 0 57 0 0 0 0 0 0 0 82 5 3 0 72 0 0 28 0 46 0 0 3 19 0 56 60 0 33 0 0 0 30 0 0 28 0 77 77 29 0 38 1 37 45 19 36 69 48 45 0 0 54 15 0 0 4 9 0 0 0 0 87 18 0 0 0 0 0 20 47 3 11 0 0 0 43 11 31 62 0 0 0 88 0 0 0 42 4 0 0 60 3 0 0 63 0 38 0 67 0 0 93 0 0 89 22 6 56 0 35 0 0 0 18 0 51 0 19 0 0 24 9 0 0 0 14 0 31 9 0 83 0 0 93 0 0 0 0 0 66 16 0 0 0 32 0 0 0 0 3 0 0 14 1 0 0 2 1 10 0 43 0 45 0 22 5 34 0 69 0 0 0 0 0 38 0 26 6 31 0 58 11 0 0 5 0 0 11 0 0 0 42 26 0 14 11 0 18 0
 46 0 0 0 0 0 36 34 28 0 0 0 0 0 0 5 0 30 56 0 0 1 0 0 23 66 0 0 0 44 0 15 0 32 0 5 0 23 0 0 0 18 0 59 0 37 45 0 12 0 54 0 1 0 28 0 0 16 0 0 7 5 66 14 0 99 0 0 34 64 0 30 0 0 0 12 0 65 59 8 61 8 47 89 0 0 0 65 0 63 54 19 0 0 11 0 0 45 0 12 30 95 44 37 3 21 0 86 0 19 0 0 60 37 13 14 23 0 2 53 3 0 77 16 0 18 0 0 0 96 0 0 49 48 0 0 0 17 74 0 0 0 79 50 0 0 38 20 49 0 0 36 4 29 23 0 0 0 0 5 0 0 15 33 0 0 47 0 22 29 0 0 0 6 7 37 52 0 0 20 0 35 0 51 0 51 0 0 3 0 11 0 34 0 45 43 88 65 0 0
 0 42 82 0 39 15 0 4 0 0 0 79 0 31 0 0 0 0 0 24 0 0 0 18 0 0 0 52 6 1 39 0 0 0 70 0 0 0 5 0 0 0 51 0 0 0 0 0 0 30 0 0 98 50 0 0 0 37 14 0 7 0 11 68 0 14 0 0 0 68 0 27 0 0 0 0 12 0 9 36 28 0 6 5 44 43 0 0 0 0 1 8 5 0 0 4 52 22 0 0 17 0 36 0 0 20 59 0 12 34 73 39 14 0 0 0 51 1 0 12 0 0 0 0 57 0 0 0 15 9 69 0 0 0 83 0 0 73 0 0 0 91 0 28 76 69 0 18 21 5 36 87 0 78 30 32 0 0 14 30 0 10 0 0 0 0 71 5 1 8 0 0 0 5 68 25 0 55 0 70 37 2 24 0 0 28 53 12 50 0 38 30 0 7 0 43 7 48 38 47
 49 15 29 0 10 5 25 50 0 45 0 0 30 92 0 0 0 24 0 0 0 62 0 0 7 52 76 45 0 26 0 3 45 0 0 66 25 27 0 15 44 51 0 14 62 0 0 0 0 0 13 31 0 82 9 41 5 65 26 0 51 0 0 20 0 0 0 0 39 0 0 0 7 0 18 0 0 0 0 0 15 0 0 0 0 0 10 8 0 0 83 14 0 65 0 34 0 27 0 61 0 61 0 0 0 17 0 41 0 20 73 0 0 75 69 7 0 0 77 0 0 0 84 0 0 47 0 0 0 30 54 79 0 6 31 0 33 0 0 36 46 0 0 0 19 0 0 0 0 0 0 0 0 0 41 8 33 0 0 0 0 77 0 90 0 14 0 29 44 0 0 84 15 33 24 12 4 15 0 0 14 13 9 71 0 17 0 0 0 16 56 3 14 23 0 0 0 0 10 0
 81 0 0 65 41 0 0 37 0 99 0 0 0 5 0 8 40 0 0 0 0 0 0 0 0 55 0 1 19 93 4 9 0 0 0 92 0 26 0 93 0 74 0 0 5 10 0 18 0 0 23 0 0 0 0 0 73 0 31 16 8 45 0 26 0 0 0 0 0 2 0 67 21 0 10 0 0 37 1 92 12 12 22 0 7 13 0 16 53 0 9 20 0 0 0 0 0 11 27 56 0 0 21 0 44 28 39 0 6 0 0 0 0 0 44 0 0 41 0 52 0 0 0 0 7 35 0 0 24 0 16 10 28 68 20 0 0 10 0 69 0 0 0 0 0 0 39 32 69 0 0 21 57 28 0 0 0 0 0 0 19 30 0 13 82 21 46 39 39 89 0 0 38 0 86 66 38 0 61 0 0 87 0 0 0 0 27 0 0 13 7 20 4 0 0 0 0 12 57 0
 0 0 60 0 50 0 55 0 0 0 0 17 42 95 0 0 6 59 29 0 25 0 0 12 0 0 0 83 0 53 0 0 17 0 0 0 0 0 10 0 0 6 0 60 25 0 54 0 24 2 42 27 24 0 0 0 0 49 47 25 14 0 34 0 0 0 42 0 0 63 70 0 27 0 6 0 67 0 0 17 0 0 14 0 78 0 0 19 0 43 83 0 31 25 0 0 15 51 0 0 17 42 11 0 0 0 70 0 0 4 77 0 28 47 0 64 19 0 0 5 6 2 0 0 0 0 0 0 7 0 22 0 0 8 7 0 45 20 0 0 0 0 0 0 0 48 15 52 0 11 44 16 78 57 0 0 0 1 0 8 0 0 15 0 4 0 30 55 40 27 0 0 0 57 0 0 0 0 10 0 21 0 0 35 50 42 47 12 62 3 0 3 3 75 0 0 0 13 27 0
 0 27 0 0 79 9 24 0 41 0 0 0 3 33 0 20 61 0 0 0 48 38 0 36 0 0 46 0 28 0 0 0 0 0 0 0 5 7 0 0 0 10 57 8 3 14 48 0 0 0 0 12 0 0 44 12 0 0 45 0 0 0 48 1 0 0 0 75 34 0 0 0 96 0 0 60 42 0 26 0 2 0 47 0 0 48 0 0 25 0 52 53 0 46 27 0 0 0 26 0 14 0 0 0 0 16 0 0 8 90 0 60 0 0 0 0 83 0 51 9 15 60 0 56 36 42 32 40 0 31 0 0 0 0 38 0 41 0 0 53 59 11 10 33 0 0 0 0 39 54 27 0 0 0 48 0 0 35 9 0 68 0 19 49 0 0 0 0 0 9 0 7 0 26 34 0 0 76 13 8 0 0 63 0 0 0 19 0 63 0 84 5 44 32 73 12 0 58 62 0
 26 77 0 0 0 0 0 4 11 56 0 1 4 25 0 0 84 17 0 32 29 75 0 52 0 37 0 50 18 0 23 41 0 0 0 0 0 0 0 0 84 58 0 0 2 70 0 0 0 94 0 60 0 33 0 0 0 20 18 73 23 23 0 0 0 0 1 0 0 0 57 0 0 16 0 0 10 0 0 0 48 0 44 0 0 0 60 0 0 60 4 0 28 0 0 0 0 0 44 54 73 0 0 0 0 57 0 69 0 0 0 19 0 9 37 3 59 32 53 0 0 12 48 0 44 0 6 0 24 30 17 5 1 8 16 42 12 0 0 20 69 0 47 0 37 0 0 70 0 0 0 11 22 50 82 0 0 0 57 61 0 0 8 0 0 18 0 0 16 0 17 0 66 40 33 43 43 0 0 11 0 39 0 23 0 56 7 4 0 63 33 0 57 0 0 0 50 36 13 9
 0 0 0 0 0 60 0 81 16 0 0 0 0 0 24 3 0 0 0 0 0 0 55 0 4 0 0 0 0 0 87 24 67 0 0 0 0 20 0 22 0 79 30 24 7 0 0 10 0 46 0 17 0 0 68 56 0 0 0 31 3 49 0 0 38 0 44 57 0 0 0 5 0 18 0 52 0 0 0 95 16 24 0 49 0 0 0 0 0 0 0 19 35 28 60 29 0 0 0 46 14 34 38 0 0 0 95 52 0 0 37 0 4 63 33 0 38 25 0 3 0 0 13 48 0 66 37 0 23 33 50 0 22 0 0 0 94 61 3 0 0 0 0 47 6 14 42 0 26 0 25 29 0 22 47 81 0 0 0 2 0 0 0 4 45 0 0 0 0 18 0 48 4 24 85 0 33 0 0 0 84 0 14 0 0 0 3 77 0 22 0 0 0 0 4 0 51 21 0 0
 0 0 84 45 0 0 0 0 31 0 40 0 0 0 0 0 42 0 0 28 0 41 45 18 51 39 0 60 29 0 24 63 64 0 30 13 27 51 0 7 38 0 0 0 20 78 0 0 41 24 0 0 44 0 17 4 0 1 24 0 0 0 2 7 38 59 0 0 0 0 69 0 10 0 0 0 34 0 0 13 20 0 11 56 0 38 16 11 0 0 0 0 58 0 23 0 0 0 0 41 0 32 53 0 15 18 0 0 39 0 0 0 35 0 0 0 39 0 32 19 0 0 24 42 0 0 0 0 41 0 0 46 0 0 90 61 0 4 0 45 0 11 42 77 0 69 0 0 0 0 0 0 11 56 17 3 49 0 0 1 37 44 5 0 55 0 43 0 52 0 50 0 11 0 0 16 18 49 37 52 0 12 35 33 14 75 0 0 23 0 0 0 84 12 76 15 0 18 0 0
 0 69 27 0 0 54 0 0 0 43 0 40 0 40 18 0 85 0 0 0 0 50 0 72 14 22 53 0 40 32 3 0 35 89 0 0 0 0 0 0 0 0 0 0 0 0 0 0 0 4 28 33 27 0 10 0 0 0 41 6 4 88 9 0 54 0 41 0 23 0 0 9 0 56 34 9 22 12 92 0 0 21 0 0 64 0 0 71 0 0 0 5 51 0 0 0 36 74 61 0 1 0 0 0 20 28 0 30 0 26 0 62 7 0 0 0 0 0 0 18 0 0 31 94 0 38 43 0 1 0 9 31 2 5 51 57 0 3 87 8 41 44 0 29 0 59 0 13 0 0 0 85 18 0 64 23 2 16 14 34 0 16 1 29 0 40 0 27 26 59 81 52 16 0 33 0 1 0 5 4 0 0 0 24 27 0 0 7 0 0 0 0 0 16 0 0 6 0 0 32
 0 0 0 0 0 0 32 0 2 0 0 7 29 0 68 31 3 22 0 38 51 19 0 79 3 16 0 0 41 27 7 19 75 0 0 32 0 0 0 61 45 0 0 46 0 0 53 2 44 39 92 0 44 0 0 1 9 0 0 0 7 55 0 3 0 32 24 0 17 0 52 0 40 77 0 89 18 0 15 83 0 73 0 0 54 16 60 47 0 0 0 65 0 0 1 0 0 80 0 0 0 14 13 0 0 0 0 0 0 0 32 0 36 46 51 0 44 0 6 30 0 0 0 0 41 0 0 2 12 38 18 0 0 25 0 0 32 0 0 53 39 0 82 0 83 0 7 30 0 0 0 36 0 28 0 0 0 0 0 48 35 42 25 65 0 86 43 75 0 47 2 0 0 0 0 0 9 0 19 42 32 0 30 30 0 0 0 0 46 1 50 37 0 0 0 4 68 0 0 65
 24 62 37 0 24 47 0 31 22 1 40 0 24 0 44 0 23 0 0 16 0 56 0 5 63 0 0 0 0 0 23 0 0 75 0 34 20 9 0 0 78 2 0 0 0 4 0 13 43 0 0 11 0 87 54 0 0 0 28 0 26 57 20 2 0 9 22 69 26 8 0 57 25 13 50 14 0 0 59 29 0 0 0 0 50 0 9 12 0 0 30 0 0 0 0 0 0 18 33 33 0 0 68 75 0 0 0 0 4 34 20 0 81 92 11 0 0 0 0 0 0 0 0 0 17 0 0 0 0 18 5 0 32 57 0 0 3 10 0 0 7 0 0 3 3 43 0 0 0 0 10 0 17 0 13 0 0 0 2 0 14 0 0 0 0 17 22 0 13 0 0 0 65 70 50 0 0 20 58 84 30 0 10 0 97 0 0 0 0 2 7 0 15 0 20 47 0 0 0 0
 34 44 71 3 0 0 16 19 52 38 0 0 21 56 0 0 0 30 18 0 9 12 0 0 0 0 0 0 0 0 67 9 0 34 17 28 34 0 28 4 0 51 0 0 0 12 60 0 0 0 0 0 67 0 0 45 32 39 0 42 72 9 60 0 47 3 3 0 0 2 50 0 55 24 0 0 0 0 14 67 4 0 53 9 25 50 0 44 69 11 1 48 0 0 39 16 11 17 20 42 0 0 20 17 0 14 0 0 0 0 0 0 0 0 0 0 73 0 0 0 0 9 0 0 3 0 0 0 0 28 0 44 18 83 0 6 53 0 0 9 51 8 0 0 5 0 5 0 35 0 15 0 37 0 13 73 55 55 0 0 11 0 4 18 58 38 24 0 3 0 0 0 7 0 0 0 0 8 43 2 0 88 69 0 0 14 0 0 18 0 0 0 35 1 31 8 0 50 0 0
 58 0 6 0 66 8 0 0 0 0 0 0 0 32 0 0 0 24 0 5 0 0 5 15 0 66 0 0 6 0 31 15 16 45 0 0 11 0 13 6 0 66 57 58 24 0 0 0 0 21 0 0 0 9 54 0 0 0 13 0 0 0 11 0 0 0 14 17 0 9 0 0 0 0 18 0 5 0 0 0 0 79 37 44 0 29 0 71 0 0 0 0 40 0 22 39 90 2 0 9 35 66 0 40 13 20 55 25 0 2 0 20 22 0 29 4 22 0 51 0 12 61 0 56 0 0 0 44 80 0 55 94 11 10 0 0 17 0 36 0 66 48 51 3 0 64 0 0 0 94 34 0 46 21 0 34 0 40 0 23 0 3 0 2 0 45 5 13 50 0 0 20 0 0 0 23 0 0 6 0 8 19 39 65 4 0 4 0 56 0 30 0 44 0 12 0 20 62 22 16
 0 31 0 0 0 0 73 0 62 0 0 0 62 27 0 35 42 0 0 0 93 76 0 67 0 0 35 0 0 28 0 0 0 0 0 39 51 0 20 8 0 16 78 0 57 44 0 0 0 0 49 25 40 0 0 0 0 0 32 0 17 0 26 47 5 0 21 57 0 20 0 0 36 8 0 18 0 7 58 2 0 3 0 41 0 0 0 51 67 22 0 0 0 11 0 0 48 36 0 0 54 0 0 0 0 0 0 0 17 26 76 0 23 17 0 37 48 22 1 88 0 9 0 0 29 0 27 49 41 0 0 23 30 28 0 35 0 0 0 20 0 12 0 87 0 25 0 0 0 0 0 18 0 4 0 0 76 0 0 0 31 0 5 0 0 0 0 74 21 47 0 46 0 1 6 23 0 0 0 69 87 0 83 0 0 27 8 2 24 0 2 74 0 0 0 0 42 3 0 0
 19 0 0 62 12 8 0 43 27 33 0 28 25 42 0 0 22 0 0 29 0 80 0 0 85 5 53 0 25 27 15 7 0 0 0 0 13 28 80 43 0 0 19 0 84 0 0 0 30 0 50 28 26 3 0 0 68 6 34 17 11 0 10 0 0 0 52 28 0 27 0 0 0 28 33 0 0 0 0 19 6 0 3 0 55 0 0 9 0 0 0 33 0 44 0 0 0 0 0 75 46 15 17 0 38 72 0 0 0 47 0 0 0 0 0 2 59 0 54 55 0 21 4 0 65 0 48 39 20 6 0 0 5 4 49 0 0 37 13 0 0 0 20 75 71 36 0 0 0 27 15 66 0 13 0 18 20 28 0 0 0 0 36 0 0 66 0 0 0 5 0 0 60 45 17 0 6 62 15 6 19 1 92 30 0 88 0 1 0 56 15 0 3 0 67 0 0 0 64 0
 1 52 0 10 0 14 44 41 25 0 8 53 50 52 0 26 39 0 0 0 63 8 0 0 0 64 0 0 0 6 61 0 0 0 0 51 21 62 0 0 0 0 0 58 11 33 16 0 0 0 55 71 0 0 0 68 73 0 0 0 0 100 67 0 0 1 0 0 3 55 79 51 55 21 0 15 0 99 0 0 0 38 33 23 15 72 36 25 0 0 0 28 0 95 41 0 4 0 0 18 0 0 78 0 89 21 50 0 0 0 0 0 0 8 0 60 66 0 0 2 0 49 19 0 48 65 33 18 0 36 0 15 25 0 32 29 0 0 0 72 0 9 0 0 0 40 84 71 0 0 19 7 8 0 0 0 0 72 0 0 47 0 0 22 0 0 0 20 27 21 0 1 24 28 20 0 32 29 81 0 0 43 60 32 0 38 45 52 46 71 0 0 15 0 0 7 13 0 8 0
 0 5 13 0 0 0 15 0 37 0 1 18 2 0 73 0 0 0 0 0 0 31 0 26 0 0 45 0 0 42 77 0 36 0 2 0 0 15 36 0 15 0 0 0 0 0 0 15 64 0 34 62 51 0 0 0 0 0 12 0 0 3 37 4 19 0 0 55 0 62 0 0 10 0 6 21 15 0 13 4 0 22 0 65 60 70 0 0 36 0 58 44 0 20 0 0 0 0 0 0 0 29 0 33 0 30 28 0 0 0 0 0 26 67 0 0 23 38 0 41 0 0 0 0 0 0 0 4 62 0 21 87 0 0 41 81 0 1 1 0 31 0 72 26 48 0 78 0 4 0 0 0 8 0 82 42 0 23 0 0 35 20 0 39 0 0 0 0 15 2 0 0 0 34 0 0 0 13 1 0 31 46 0 0 0 0 0 55 14 0 0 0 0 12 66 0 0 0 63 49
 36 31 73 0 2 0 20 44 14 31 54 0 0 0 0 0 40 0 0 0 41 7 0 19 0 18 6 0 0 3 0 4 69 80 53 0 43 0 42 22 48 0 58 42 0 14 0 37 83 71 8 0 0 4 99 20 0 67 4 6 8 0 0 27 48 0 52 66 44 7 0 0 0 0 0 0 0 48 26 61 0 21 38 75 10 0 0 0 24 5 52 8 0 70 0 81 0 46 56 0 0 0 4 0 39 0 0 43 26 75 51 79 0 52 9 0 0 0 42 16 58 0 64 13 90 0 3 4 58 0 0 61 0 0 18 0 11 76 0 0 9 2 69 12 29 0 11 42 0 13 88 0 20 6 79 22 0 0 5 0 2 52 14 0 42 20 0 0 0 0 29 54 0 0 25 17 0 0 0 0 22 11 1 0 31 27 0 36 10 0 0 5 18 0 0 82 0 32 18 82
 0 0 0 0 0 0 0 0 37 0 81 24 38 0 25 0 0 38 1 0 19 70 33 19 14 0 54 45 0 0 49 36 0 0 0 0 28 0 0 0 0 44 0 0 0 20 6 2 26 32 28 0 0 0 62 12 0 0 17 14 3 61 42 0 2 30 48 53 9 0 0 14 59 78 37 0 26 0 20 28 0 69 57 0 0 23 83 0 0 71 0 25 0 0 0 0 0 45 0 0 53 32 54 0 0 3 0 0 3 0 12 58 0 0 0 60 2 29 11 0 0 0 0 0 0 0 0 0 63 0 0 18 0 45 0 17 0 45 46 66 27 0 28 25 24 51 0 60 79 0 0 19 53 4 4 69 0 14 0 0 0 0 0 15 22 0 0 0 73 0 0 79 0 3 20 50 17 72 51 0 6 0 0 13 0 0 0 0 38 0 6 0 0 40 43 0 24 0 44 0
 15 49 0 0 58 70 0 6 39 42 83 0 0 0 0 0 11 0 0 2 75 80 0 32 23 0 0 2 0 24 4 51 0 45 0 0 0 0 13 21 0 0 0 79 50 67 0 0 40 0 60 0 0 0 0 0 0 0 0 25 0 81 0 2 0 18 53 38 0 11 0 11 0 16 0 22 92 0 15 84 0 0 21 31 0 0 23 73 0 1 13 0 0 19 53 53 41 80 0 5 52 0 0 0 5 68 5 33 0 0 0 0 32 30 0 9 51 1 66 52 33 13 21 57 8 0 0 0 15 64 0 51 22 0 0 14 24 52 4 1 5 50 0 72 0 32 54 0 5 14 0 49 32 0 0 0 52 28 0 17 78 0 0 0 0 0 41 0 0 29 0 0 0 0 0 0 4 8 33 90 0 6 14 32 4 13 0 0 30 10 41 45 0 12 0 0 51 0 20 0
 0 36 0 0 43 13 16 0 88 0 15 0 38 88 5 23 0 0 73 0 26 67 0 0 52 0 19 46 21 48 0 0 0 95 59 22 21 39 0 0 0 0 43 5 0 50 0 0 0 0 0 0 20 17 0 10 0 82 36 10 0 11 30 0 18 0 0 9 25 0 34 0 46 80 0 0 0 0 78 0 0 33 0 64 54 14 0 0 0 0 9 0 0 0 0 0 54 0 0 29 56 0 0 0 0 43 29 89 0 66 58 30 0 1 0 25 67 0 0 0 1 0 59 9 0 44 10 0 0 46 0 15 3 0 0 52 0 76 83 33 0 0 0 89 0 0 8 0 19 6 36 0 0 12 0 48 1 0 0 26 0 0 0 0 38 30 66 0 0 0 0 0 0 0 21 65 0 0 0 0 0 0 22 84 0 26 0 0 0 38 0 0 12 16 0 2 54 15 0 0
 53 7 32 26 36 11 0 0 3 0 0 50 19 52 76 44 40 0 0 0 0 3 0 57 0 0 52 0 0 15 2 0 0 0 38 30 40 0 0 0 64 0 4 1 0 0 12 0 26 19 0 0 0 19 25 54 60 0 0 4 9 0 11 81 0 11 20 9 0 23 41 0 49 27 0 42 37 0 0 22 0 75 0 9 25 0 10 26 0 0 68 32 90 2 0 0 0 0 69 0 0 0 0 41 12 25 0 62 0 0 0 0 76 17 61 0 28 0 36 24 55 0 10 0 10 0 68 0 16 0 0 26 0 0 34 0 0 10 0 0 49 44 10 0 0 0 6 33 0 0 11 87 28 25 9 0 0 6 13 0 6 0 0 0 0 0 25 0 16 0 61 0 0 78 0 0 0 8 57 94 5 0 0 0 86 77 25 7 36 72 79 44 29 16 62 69 0 0 0 0
 61 0 0 85 0 0 92 0 0 0 0 0 0 19 35 0 53 0 26 32 93 0 78 11 0 0 1 0 85 0 0 43 0 38 0 0 0 1 0 0 37 15 26 0 0 0 0 61 67 24 0 60 31 78 0 0 20 0 0 0 0 66 0 24 6 0 18 92 0 0 33 66 0 0 0 22 0 42 0 0 53 19 50 56 10 0 0 47 0 16 45 36 9 12 0 8 0 10 34 0 34 0 0 9 0 36 67 0 46 31 60 90 0 0 0 55 1 16 0 47 0 0 0 0 84 27 55 0 23 0 56 24 0 0 18 0 35 0 0 23 0 0 0 25 36 0 0 0 0 0 33 0 1 0 0 0 0 41 0 4 0 45 0 0 0 0 1 21 60 1 0 0 0 2 0 0 60 15 30 66 36 55 0 4 6 6 0 6 43 20 0 0 41 48 8 1 0 51 5 0
 0 0 25 53 0 12 0 0 2 0 57 21 0 0 0 14 75 36 6 0 10 0 7 4 0 0 0 0 0 0 0 58 41 30 6 0 27 0 16 49 67 0 0 0 4 0 0 0 17 0 32 0 0 0 4 0 9 0 0 2 0 0 78 18 42 0 0 0 0 0 0 0 1 23 5 22 18 0 0 0 62 0 0 26 40 48 0 0 0 0 51 0 0 22 0 0 0 0 28 0 63 15 0 0 18 4 1 21 3 11 23 5 0 0 0 76 15 0 0 0 43 0 64 0 4 14 6 0 0 0 0 55 0 0 19 0 0 0 2 0 57 56 0 0 0 17 39 0 0 22 0 0 84 8 0 7 10 23 0 0 0 74 20 15 0 0 3 40 0 0 0 59 0 54 0 0 0 0 0 49 0 9 0 0 21 29 13 8 22 0 0 0 0 18 7 0 41 0 0 0
 0 0 0 0 2 0 0 0 0 26 48 0 0 0 0 68 0 58 0 24 20 0 0 0 0 19 61 54 44 14 31 0 0 49 79 9 20 0 69 25 95 0 28 31 0 9 24 21 0 37 0 77 0 0 77 0 0 26 0 72 81 37 0 0 46 0 25 0 0 41 34 54 66 61 0 0 16 0 41 0 55 0 0 45 40 0 89 0 28 6 5 0 56 0 0 0 0 42 0 0 48 0 23 97 0 0 27 14 63 12 0 0 73 0 0 0 0 0 0 0 47 0 48 0 0 0 17 0 0 0 0 0 12 13 0 0 0 0 0 24 0 0 2 12 19 3 0 0 0 76 62 0 37 43 18 59 19 11 0 11 0 66 0 11 0 52 40 0 65 0 0 1 23 0 0 7 0 65 0 68 0 22 33 0 54 21 0 10 6 45 0 0 0 84 68 32 74 0 0 80
 0 0 0 0 0 0 0 0 37 2 26 0 49 0 0 0 0 49 0 0 0 0 0 0 65 0 16 0 0 46 6 0 8 3 58 5 77 83 26 0 58 14 0 0 7 0 11 0 32 0 0 2 0 0 4 0 22 28 0 4 15 12 27 0 0 15 0 5 15 0 0 0 0 44 69 0 0 0 14 0 0 0 42 0 37 0 24 73 3 0 0 88 87 0 0 0 35 35 0 0 16 0 24 0 0 17 0 24 0 0 0 0 25 35 0 66 5 3 0 30 0 0 0 23 0 24 41 0 2 27 0 0 65 10 74 35 0 0 0 25 23 0 0 54 0 18 0 0 0 67 0 27 18 0 0 78 3 0 0 31 0 0 22 0 0 74 0 16 0 22 73 12 0 6 0 0 0 0 0 0 0 14 0 0 0 11 0 43 0 0 1 0 0 27 0 34 0 33 66 14
 0 16 75 0 0 1 0 0 1 68 0 2 0 0 0 1 0 0 0 4 58 0 44 48 0 12 0 0 0 0 0 0 0 46 0 22 61 0 0 0 61 0 2 0 0 12 6 0 53 20 0 0 0 0 18 50 22 23 30 6 1 5 0 37 28 0 0 6 0 0 18 0 0 0 0 63 0 14 8 90 0 0 0 17 16 65 0 0 0 8 0 0 0 21 0 0 0 20 0 5 0 0 0 23 84 7 0 59 7 19 57 45 0 0 0 0 0 0 0 26 34 0 0 2 56 19 11 3 22 19 63 0 6 38 90 12 6 0 0 56 19 0 5 0 0 11 7 51 6 0 0 15 53 0 0 0 67 0 0 26 6 0 0 54 3 14 36 0 22 0 36 85 56 60 9 7 25 0 27 0 61 0 0 0 0 48 15 0 10 22 49 46 11 42 0 0 0 25 0 0
 11 0 46 72 0 0 0 32 0 0 29 0 0 55 0 16 28 49 0 28 0 21 67 20 49 0 0 0 29 0 54 0 82 26 55 0 0 29 45 0 0 0 0 0 7 63 11 3 0 0 0 0 0 0 78 0 49 0 0 0 55 74 0 54 0 37 6 0 54 0 0 0 78 0 0 0 5 14 51 32 70 0 0 48 43 0 5 0 0 0 32 0 0 0 0 0 26 51 0 17 0 0 11 0 0 0 7 0 0 13 19 0 0 2 3 6 39 39 0 72 0 0 0 0 27 47 7 4 0 19 40 65 3 0 0 10 52 21 0 65 77 0 0 14 0 0 0 3 0 0 4 0 0 0 0 29 19 19 34 79 0 53 8 0 0 12 0 0 76 0 0 0 0 14 0 9 54 0 0 12 42 0 0 0 0 0 0 0 0 0 0 14 62 41 0 0 20 25 0 0
 18 0 0 0 0 0 0 49 0 4 17 70 10 9 0 0 0 0 0 0 82 86 0 0 43 18 0 0 14 19 0 0 0 30 21 0 0 57 0 10 0 0 26 39 0 37 84 43 0 51 15 72 0 94 36 0 0 13 39 78 26 41 7 3 0 30 0 41 0 0 7 26 45 0 39 0 27 7 65 24 0 0 62 47 47 0 0 56 7 0 47 0 0 58 0 0 62 0 32 0 74 0 5 0 0 42 33 68 75 47 0 0 0 0 5 53 0 0 13 0 53 29 0 0 25 61 29 16 0 23 0 17 94 50 0 0 48 71 0 14 0 20 12 63 24 64 29 0 33 39 2 0 80 77 35 28 42 0 90 0 0 0 0 0 0 30 71 0 70 0 29 0 86 0 25 49 19 0 51 32 38 33 0 0 16 6 0 21 7 12 0 0 0 0 34 0 23 0 0 8
 0 0 35 0 0 0 52 40 26 0 0 0 26 62 0 0 9 0 28 0 73 0 0 0 31 0 39 6 13 56 0 9 0 0 0 32 0 48 0 56 0 26 1 0 6 48 0 31 54 0 47 0 20 0 50 43 0 0 0 1 14 0 0 0 16 0 0 0 16 13 0 16 47 0 0 0 0 0 11 58 70 0 54 27 2 40 0 0 0 66 0 12 57 0 0 55 0 12 0 45 0 0 40 0 0 0 0 0 0 27 0 0 88 0 7 43 63 43 0 0 21 72 0 35 46 0 26 39 0 0 0 18 65 0 19 0 0 0 0 0 69 28 0 1 60 9 48 21 27 0 0 35 0 2 0 0 0 0 34 14 20 0 0 0 0 0 52 0 40 3 0 18 16 16 65 0 0 0 20 4 5 3 19 34 6 0 67 0 0 0 0 0 0 0 0 0 33 5 57 0
 12 0 17 58 25 5 0 0 7 27 0 24 0 16 3 41 0 8 0 72 49 0 21 0 2 14 26 0 0 0 63 0 0 0 6 0 50 60 56 34 0 0 69 23 0 19 52 30 0 0 13 47 14 0 0 0 21 19 55 1 72 6 25 44 0 0 17 0 0 0 0 0 0 81 59 0 68 13 0 0 0 0 49 0 90 0 0 20 13 0 0 0 54 33 0 86 28 0 84 0 12 0 0 0 32 72 60 8 0 0 3 12 0 0 12 0 18 0 4 8 42 32 0 24 0 29 0 0 38 55 37 20 0 33 0 49 13 0 46 0 0 0 19 0 8 0 0 0 14 0 6 0 7 59 47 33 0 54 6 0 51 26 0 0 12 5 0 0 0 23 0 38 0 0 23 0 74 39 24 0 0 53 44 0 0 0 9 0 0 28 83 0 15 0 0 27 0 38 0 0
 38 0 0 0 0 0 0 40 0 0 39 7 92 0 0 0 27 27 0 0 0 0 83 25 0 22 0 0 1 2 0 13 0 0 89 30 0 0 15 0 36 15 0 0 6 0 0 13 10 3 0 0 54 0 35 38 0 16 0 32 60 0 71 14 0 0 56 0 0 2 0 0 35 20 40 10 0 28 0 26 10 37 4 0 0 71 0 0 63 0 54 0 0 0 85 28 0 0 0 46 0 0 23 0 0 30 82 26 0 0 50 7 0 15 0 0 89 53 0 0 49 0 0 0 28 79 13 93 0 68 0 0 0 57 17 36 38 0 0 0 87 0 0 60 30 9 0 0 70 16 4 41 0 0 0 5 6 0 7 34 0 75 45 0 0 0 0 0 24 0 0 0 0 12 10 0 49 20 0 0 30 0 0 25 0 49 0 38 32 8 25 0 0 0 13 38 0 2 59 62
 60 79 1 0 35 35 0 39 15 0 0 0 4 93 0 7 19 0 17 71 42 0 39 0 57 44 0 31 0 54 0 46 39 35 51 0 20 0 81 0 2 0 12 56 13 4 83 0 10 0 44 9 0 2 63 8 0 0 0 3 27 6 0 0 42 0 12 34 0 0 0 0 92 78 0 0 0 4 0 0 0 0 16 18 35 0 3 0 34 41 2 12 65 0 0 0 0 0 38 0 0 15 0 0 82 0 0 28 45 3 36 11 0 0 0 0 0 59 0 10 42 0 0 0 10 4 22 0 74 0 17 13 43 0 0 0 55 0 0 0 57 0 30 0 0 81 0 0 30 7 15 50 37 0 65 0 65 0 44 26 17 0 45 0 15 31 2 17 0 0 0 0 39 12 39 76 61 0 0 0 8 2 0 0 0 0 43 0 0 0 65 0 0 9 41 52 0 25 0 0
 0 48 0 5 0 0 0 0 0 73 30 99 75 0 0 0 0 0 5 58 0 24 59 0 0 0 0 0 43 20 0 14 63 0 0 0 6 0 18 0 0 43 0 0 0 65 59 20 21 38 0 0 65 76 1 0 36 19 5 0 65 0 0 63 0 16 0 24 0 0 0 68 0 0 48 32 0 0 74 0 0 0 84 10 0 11 12 18 0 66 14 42 0 12 0 24 72 0 8 0 34 0 57 18 0 20 19 0 0 0 0 0 0 41 3 37 0 4 2 84 17 0 0 0 3 34 0 0 0 0 40 0 0 12 0 8 0 61 0 0 53 0 0 36 39 0 0 44 0 99 21 25 5 0 0 61 0 65 39 69 98 3 2 65 0 14 13 0 23 0 0 0 0 0 0 25 37 51 59 0 0 0 15 50 24 0 4 18 18 40 0 0 20 0 44 0 14 0 0 8
 30 0 0 0 0 0 0 0 8 63 67 4 20 52 37 0 0 0 47 0 3 0 26 39 16 0 0 0 47 51 0 0 0 0 0 22 0 49 0 12 0 22 56 11 0 0 38 0 36 0 0 0 0 0 30 35 0 0 0 4 5 0 0 24 6 0 31 0 51 24 0 0 44 0 0 0 0 19 0 91 5 0 13 0 0 0 0 5 0 0 25 67 57 0 24 0 21 0 0 68 0 15 0 0 21 70 41 0 53 0 0 0 5 2 18 0 0 1 42 29 23 0 12 0 5 0 0 0 19 15 7 14 0 0 67 43 0 0 25 15 70 0 31 2 29 83 24 0 0 39 0 45 15 46 32 21 0 29 9 39 0 20 0 79 22 11 46 60 62 55 42 29 0 0 16 78 0 7 0 0 98 0 58 6 1 0 46 0 0 12 25 0 23 7 9 48 84 63 0 0
 0 34 0 1 37 0 0 4 19 62 0 0 57 24 15 19 6 0 14 0 0 0 0 0 0 38 0 56 0 0 0 12 0 35 3 0 0 47 0 37 0 39 0 39 23 0 60 0 16 0 0 0 72 25 58 0 11 8 0 0 10 0 67 72 0 87 0 0 36 0 78 0 46 1 21 0 0 0 0 18 0 0 15 40 46 0 15 1 25 0 0 70 37 39 0 9 0 91 0 24 26 0 12 0 0 40 46 0 11 0 12 23 51 62 30 4 0 16 0 30 11 0 0 53 30 43 0 67 0 14 23 0 0 40 27 0 5 8 0 0 0 0 0 23 0 3 11 0 2 2 0 36 48 52 0 0 0 0 0 28 0 27 0 0 0 10 0 0 0 0 0 30 0 80 0 0 6 0 3 0 0 0 85 4 0 0 0 39 5 0 0 21 0 0 43 0 2 0 31 0
 72 14 0 66 48 53 0 0 29 42 56 24 38 0 0 0 38 0 30 6 39 0 40 0 0 15 56 15 0 25 73 0 53 43 0 26 4 0 0 11 0 0 0 0 0 67 0 36 0 4 23 0 44 0 57 2 0 0 29 42 0 21 8 84 0 0 0 6 0 70 24 12 8 49 0 4 0 46 4 0 22 0 1 0 91 0 23 54 31 37 64 0 51 0 8 0 0 0 61 0 0 0 88 0 20 62 0 40 0 0 0 5 60 85 0 48 0 0 0 0 0 27 0 51 0 16 14 0 0 0 0 31 0 0 66 5 3 0 19 0 0 0 0 83 16 26 19 25 64 0 0 0 0 0 0 25 0 36 0 0 28 8 0 0 0 33 18 0 12 0 0 0 0 13 0 0 0 0 0 42 0 0 0 70 22 0 0 0 0 0 0 22 0 0 19 0 0 6 49 0
 0 8 29 0 0 0 0 7 36 29 0 0 0 0 0 56 0 33 0 41 61 0 0 0 0 31 0 0 37 0 37 0 0 0 0 0 19 1 22 0 67 19 0 18 17 77 0 11 0 80 0 0 0 0 24 0 0 6 0 51 67 0 0 7 58 78 0 0 58 0 19 0 0 11 0 23 39 0 0 91 0 0 62 26 0 75 0 0 14 27 0 0 0 85 79 25 39 52 35 12 0 25 0 63 24 0 60 49 0 37 85 0 0 0 18 29 28 0 80 0 42 1 0 24 15 34 15 0 0 3 0 0 0 0 31 32 19 11 0 0 100 12 0 0 43 0 37 35 56 19 19 2 0 0 16 0 23 52 53 46 56 17 0 65 0 14 31 74 0 0 0 0 67 52 4 0 0 0 0 0 10 38 70 11 45 0 0 40 63 46 0 0 5 0 0 0 45 0 72 0
 0 0 0 0 0 0 0 12 0 49 0 0 0 0 0 0 37 56 0 0 2 45 34 0 13 0 0 0 0 54 50 10 0 0 0 75 16 44 0 88 0 18 0 20 95 0 7 28 0 12 0 52 12 0 23 24 0 71 0 29 4 0 0 25 48 49 45 0 0 14 50 50 0 26 0 3 86 0 61 11 69 45 8 57 13 0 5 35 0 23 0 0 0 0 7 50 12 12 0 32 0 24 40 91 0 0 0 0 0 0 0 0 4 5 0 0 32 0 0 44 0 29 0 52 0 0 57 0 71 0 0 0 0 0 11 0 50 0 0 46 0 0 0 0 31 0 0 12 0 31 25 0 0 18 0 32 0 0 0 0 43 0 54 0 0 70 0 25 37 4 0 16 0 42 0 8 67 17 0 0 1 0 0 79 39 15 29 59 49 8 32 0 51 0 63 0 45 0 40 78
 0 92 0 0 0 9 0 0 82 23 0 0 0 5 32 4 17 22 5 0 16 51 0 0 0 5 0 0 32 38 36 40 37 0 0 0 0 0 35 13 0 0 50 27 0 31 6 0 0 0 61 91 0 20 0 29 14 0 0 0 0 17 0 6 0 80 0 31 3 0 0 0 72 0 59 66 20 0 79 0 0 0 0 0 0 23 0 23 0 5 0 42 0 7 0 20 0 0 0 0 82 0 5 20 48 0 13 0 39 52 0 0 0 0 0 0 12 40 64 0 0 0 11 22 1 0 78 0 0 0 0 54 0 0 0 12 0 53 0 0 20 52 8 0 0 0 0 3 39 0 24 58 0 26 17 0 20 32 53 0 0 22 14 24 0 17 85 92 0 66 39 61 0 32 0 0 12 0 62 0 0 0 0 0 52 20 49 0 76 27 0 0 0 65 0 0 2 24 0 75
 0 0 0 37 0 0 0 3 0 0 0 0 0 0 0 0 0 0 0 0 34 0 0 50 0 1 10 0 0 21 29 14 0 12 0 0 0 0 0 24 0 0 0 66 0 20 0 6 0 5 68 0 0 21 59 0 44 0 0 12 54 30 34 2 30 0 27 0 0 0 3 0 0 7 46 43 0 0 11 0 0 2 0 0 0 0 0 39 64 45 4 0 9 0 0 21 0 69 0 59 0 0 0 33 0 50 0 31 0 0 18 0 5 15 0 28 45 0 9 0 0 0 0 0 0 0 12 0 21 7 1 87 28 22 10 0 9 0 0 0 4 25 34 65 31 0 53 0 47 1 91 0 16 68 3 0 0 42 0 67 4 15 47 17 0 20 17 67 17 0 97 17 19 40 49 0 84 1 9 68 0 56 21 0 28 64 55 0 30 22 0 0 0 0 0 85 0 0 80 24
 0 0 0 0 0 0 0 10 0 19 9 40 0 38 0 0 0 38 0 0 62 30 0 0 59 88 0 84 9 8 9 0 0 2 0 28 0 29 0 25 14 56 11 0 61 2 10 0 0 13 1 0 0 0 0 0 0 0 0 13 13 0 0 0 20 44 71 0 19 0 74 64 0 0 0 24 15 59 0 0 0 38 18 33 44 56 0 0 10 0 45 0 0 6 11 41 12 0 0 77 69 0 64 0 0 3 0 11 55 10 0 45 0 1 20 58 25 0 0 43 0 1 46 23 4 2 9 0 5 70 28 0 89 23 0 39 0 4 0 7 6 7 0 0 22 0 48 0 0 85 70 23 72 0 0 0 0 19 54 0 0 44 88 34 0 0 35 58 0 0 0 91 0 0 28 4 15 0 0 95 47 13 0 25 58 45 51 0 13 0 21 0 0 0 99 0 0 0 0 40
 0 62 43 0 32 8 0 62 42 20 42 49 4 0 5 0 0 55 20 0 0 0 0 38 6 0 37 0 0 55 0 27 15 0 0 2 0 13 47 0 0 0 0 0 0 0 76 20 46 2 45 14 0 1 0 0 2 0 0 5 6 3 0 2 0 0 0 0 7 26 22 0 2 0 27 0 16 0 25 0 0 0 24 0 0 4 0 39 0 68 0 0 0 83 7 0 77 2 0 0 24 5 0 18 17 0 61 1 47 32 43 0 41 0 0 0 0 0 2 0 22 65 0 0 19 0 24 13 69 35 69 0 0 3 87 0 0 0 0 33 0 0 54 24 0 0 19 54 39 15 90 10 47 14 0 53 0 60 0 0 47 14 0 16 16 5 79 0 69 6 0 17 63 0 0 34 0 17 0 12 4 0 22 63 0 0 0 11 58 20 0 10 22 0 0 54 0 13 0 18
 25 0 37 22 0 0 0 32 0 0 0 0 0 0 0 0 17 0 0 0 3 0 37 0 0 0 33 0 23 40 0 9 0 12 0 0 22 5 1 26 0 42 40 52 0 0 78 0 0 0 0 0 7 0 4 0 55 0 0 90 0 3 49 69 0 12 22 40 6 0 42 0 0 50 31 43 0 18 0 0 0 2 0 0 0 14 0 0 0 68 0 31 6 10 22 47 59 29 32 0 72 0 0 0 94 64 24 87 10 30 23 26 0 0 53 0 42 24 0 0 0 1 0 12 0 0 76 0 6 0 0 0 18 0 0 0 0 21 69 23 0 52 26 0 0 0 0 53 0 86 1 0 0 0 18 0 0 0 51 0 19 0 0 59 17 0 0 0 0 0 0 35 2 100 0 40 0 0 0 0 55 0 0 0 0 0 79 9 49 43 0 0 7 0 38 0 2 0 0 0
 0 0 0 0 0 19 0 10 11 0 29 0 0 9 0 0 0 0 0 74 0 0 0 47 0 0 23 0 51 0 41 58 0 0 0 16 0 28 0 0 78 22 20 0 37 0 0 0 68 6 0 0 0 6 0 47 46 47 19 0 0 0 36 0 37 0 31 0 65 0 14 42 0 65 3 0 0 0 0 24 62 32 53 0 0 18 30 0 20 0 33 5 0 0 0 2 0 5 65 3 0 0 0 59 18 29 69 0 0 0 16 13 9 0 2 0 87 26 0 0 8 1 37 0 23 0 0 0 41 0 0 0 0 22 0 0 0 28 0 50 0 18 58 0 0 0 17 0 0 19 0 34 33 11 13 62 0 30 0 0 0 0 0 2 0 15 32 0 3 62 0 0 10 44 38 0 4 55 0 0 43 0 4 29 0 29 18 4 85 0 8 42 0 0 0 77 5 0 0 59
 0 11 48 52 0 19 49 0 57 0 34 22 0 23 0 0 24 7 18 0 70 31 35 10 36 19 76 8 10 1 27 64 13 32 0 14 73 60 0 0 0 57 77 20 0 0 6 26 19 0 0 0 0 36 0 16 64 0 0 58 0 0 0 0 0 0 0 23 0 21 0 51 11 23 0 0 64 0 0 56 4 0 71 71 0 0 0 3 0 0 0 81 18 16 0 0 61 0 48 0 0 0 3 26 0 43 0 19 65 32 37 0 15 0 32 0 0 21 33 32 0 0 0 16 49 0 58 0 0 0 0 0 0 78 55 0 37 0 46 7 21 12 0 0 29 4 38 0 0 6 0 28 12 72 0 65 0 0 0 59 45 4 0 0 0 25 40 84 0 86 80 0 0 0 3 42 0 0 73 18 28 0 64 0 17 0 47 57 0 43 0 52 77 0 5 0 18 19 1 14
 80 71 41 0 0 20 38 16 0 0 32 22 40 30 89 0 8 7 17 14 19 0 0 0 68 0 0 39 36 51 0 0 0 0 61 0 25 0 0 16 16 0 0 50 0 0 0 22 0 0 25 0 33 0 0 7 32 53 0 0 1 0 63 0 11 16 0 30 10 5 0 0 35 0 21 0 0 0 29 55 42 22 15 0 0 0 0 53 48 23 14 0 89 0 34 66 0 18 1 0 2 59 37 45 0 0 0 35 0 0 7 39 0 0 11 56 0 51 0 0 69 80 0 78 6 0 0 47 49 0 13 0 0 14 52 0 0 0 0 0 9 1 24 43 0 0 13 90 0 0 48 11 0 25 10 35 0 0 0 52 0 0 0 0 1 0 19 9 0 0 0 0 70 37 0 73 41 0 39 0 13 0 51 0 8 90 0 66 16 39 0 0 64 10 0 9 0 12 23 11
 6 13 0 0 64 0 19 67 0 0 54 0 0 37 4 16 0 0 57 3 0 0 0 11 0 49 26 0 0 2 48 0 24 0 34 0 18 0 39 0 0 0 0 0 22 42 0 0 0 0 58 27 0 24 61 16 0 0 1 65 33 41 7 0 0 43 0 3 28 14 0 0 50 0 48 31 0 0 0 39 0 51 0 77 0 0 49 0 0 64 0 0 78 20 0 28 0 60 0 1 53 0 0 69 49 0 49 0 0 37 20 0 0 0 0 0 22 28 74 48 0 0 35 28 0 14 22 0 0 18 0 0 53 38 0 21 33 0 21 60 0 0 16 33 0 0 0 60 0 0 14 0 0 54 0 21 70 10 41 13 0 0 32 0 0 44 43 7 0 94 0 32 0 67 0 59 8 88 0 0 0 16 47 58 0 14 10 0 0 47 0 6 54 0 0 0 0 0 0 66
 4 0 54 0 0 0 19 49 24 0 0 0 0 9 0 0 0 0 20 0 0 0 16 12 4 0 49 52 0 14 9 17 48 2 5 4 88 0 0 0 29 0 0 0 22 12 22 0 0 0 23 10 0 7 32 0 0 0 52 0 46 0 54 0 0 0 0 0 23 0 0 0 58 1 25 22 0 26 0 0 5 0 37 0 28 3 0 23 14 58 56 49 40 0 17 60 42 15 53 0 0 89 0 19 0 0 18 68 0 0 55 41 0 0 24 15 41 2 0 51 0 76 60 17 16 42 78 0 0 27 54 46 0 0 0 6 30 0 0 0 0 0 0 12 0 0 0 5 0 0 84 0 0 42 29 78 0 15 0 0 0 39 54 0 32 0 46 25 8 0 0 3 50 40 51 0 0 18 34 0 0 0 12 25 0 0 0 0 0 13 85 0 0 20 66 9 37 0 0 0
 0 0 43 0 0 0 0 0 39 8 31 9 54 9 0 67 0 0 0 26 59 43 0 0 0 67 0 51 0 0 26 0 78 10 61 0 0 62 0 11 0 0 50 0 0 0 36 88 0 0 3 0 0 0 0 35 0 42 0 0 0 32 46 23 0 41 39 0 0 75 40 0 0 0 48 13 42 42 0 26 40 0 0 0 14 0 0 0 8 39 56 17 32 2 18 28 92 10 48 0 18 0 0 10 0 0 0 60 7 14 0 0 18 33 52 0 0 3 0 0 29 36 0 0 0 0 1 0 0 0 0 12 8 26 0 0 17 0 0 0 0 0 23 0 0 42 13 53 6 0 9 0 0 0 0 19 52 0 0 0 19 36 97 79 52 37 0 55 27 51 0 0 0 47 30 0 1 2 61 32 29 6 0 28 0 58 24 0 0 0 12 83 26 0 51 0 0 26 71 58
 0 0 45 0 44 1 0 90 0 0 0 25 0 53 0 15 0 0 78 0 38 8 63 0 40 0 44 2 0 0 0 41 0 0 54 0 0 0 0 0 0 0 9 86 0 0 0 0 0 0 0 27 0 0 0 0 0 32 31 0 9 26 7 0 0 5 0 11 0 11 13 37 0 58 0 0 0 0 15 95 84 2 0 67 0 22 19 45 11 39 0 84 25 68 48 15 51 0 18 10 68 0 60 72 32 30 8 0 25 0 0 0 0 0 36 52 84 27 0 0 0 0 0 21 33 0 13 0 58 14 0 0 83 0 89 25 0 3 4 0 0 1 0 0 0 9 0 0 0 14 3 0 0 16 55 15 0 0 0 0 34 0 0 51 0 44 60 0 0 38 30 0 0 0 0 0 0 70 6 0 30 11 50 18 9 0 13 65 0 24 37 0 0 2 0 11 0 0 0 0
 25 0 0 23 58 0 0 0 0 0 1 0 0 0 31 0 50 0 34 0 29 2 20 0 0 18 0 0 19 0 70 0 47 0 0 36 65 15 53 0 69 0 0 18 52 22 0 0 0 0 0 0 14 5 0 0 0 4 66 0 22 0 40 24 0 12 20 0 0 0 0 0 0 0 6 0 36 67 8 0 9 0 72 0 29 0 0 0 22 0 37 12 0 0 0 0 0 29 0 0 14 62 0 0 70 0 85 0 46 83 6 0 9 79 30 0 0 56 0 28 0 11 0 47 32 39 47 0 0 0 0 0 0 24 79 0 30 0 81 22 0 0 0 62 0 0 0 0 34 0 74 22 0 0 0 0 0 65 0 0 0 10 0 62 0 1 36 0 42 82 0 0 51 22 60 64 28 0 42 0 0 44 0 29 0 31 31 23 0 0 0 34 0 2 0 20 20 21 0 1
 0 0 0 3 0 1 0 91 0 0 0 15 50 0 60 10 0 74 45 0 29 0 54 53 6 25 18 0 0 0 21 16 0 0 0 13 23 0 14 59 38 0 0 0 45 0 78 0 14 65 0 0 0 0 32 0 81 7 0 0 0 4 16 14 24 3 0 0 44 15 52 68 35 66 0 0 10 21 60 16 0 0 0 45 0 0 0 2 0 0 14 73 89 0 23 0 45 15 17 0 0 53 54 0 44 16 59 9 30 0 0 0 0 65 0 0 71 15 23 25 14 0 83 0 0 24 38 0 0 46 0 0 30 0 0 80 0 0 59 0 0 0 0 0 0 0 13 0 31 0 0 70 81 90 0 8 11 38 10 0 0 24 23 0 0 0 14 0 14 38 0 71 0 2 0 0 0 0 0 55 0 17 82 44 0 0 0 0 0 36 0 0 82 0 18 0 12 39 0 0
 0 48 59 0 81 2 0 36 0 0 74 0 0 28 56 20 25 37 0 0 0 0 0 10 76 68 0 27 0 56 8 81 0 0 0 13 0 0 33 72 47 40 22 23 0 71 0 0 33 0 57 19 21 0 13 0 61 0 0 0 0 33 0 10 16 39 18 5 72 0 40 22 28 48 46 43 0 73 46 0 49 17 8 34 12 0 60 12 54 66 1 54 0 0 0 12 46 0 3 0 12 13 0 0 9 25 0 0 2 0 0 0 66 51 51 1 0 0 0 0 0 8 0 0 59 55 0 31 44 0 14 0 4 0 9 0 4 0 0 0 23 11 0 36 0 0 50 3 0 0 0 33 0 9 58 40 49 78 39 0 56 0 13 0 0 0 0 0 0 32 0 0 0 5 0 16 8 0 0 0 0 0 0 21 0 0 0 45 0 0 0 0 0 0 15 0 44 0 43 78
 0 52 0 3 39 0 59 65 0 49 0 60 15 0 0 10 0 11 72 36 45 0 11 27 0 18 0 0 0 0 0 0 13 0 33 79 0 26 14 56 39 0 0 0 0 0 0 3 0 31 0 0 0 0 0 0 12 0 0 13 0 0 7 0 37 0 40 0 0 0 27 69 0 8 10 0 0 8 0 74 14 28 15 23 0 12 55 0 0 0 0 23 27 14 46 10 0 52 0 0 48 0 0 42 0 0 29 82 0 0 29 77 43 3 0 21 41 42 15 0 0 0 0 40 4 0 24 0 11 51 34 52 72 0 44 50 9 0 0 63 0 80 0 58 18 31 22 0 11 0 56 0 0 0 0 8 1 81 0 0 90 0 31 0 0 31 0 0 0 0 0 0 31 48 32 0 0 54 48 4 0 15 71 43 63 0 81 0 38 79 0 95 0 0 26 43 74 0 71 0
 31 0 0 0 0 12 31 51 27 0 57 0 0 4 45 0 0 0 0 0 75 53 68 0 0 0 11 52 56 0 0 0 0 0 0 0 0 94 0 0 15 0 0 0 0 0 0 0 25 0 0 1 48 10 0 19 69 0 0 16 0 3 0 0 73 61 0 57 0 0 13 28 0 0 0 29 8 90 0 0 14 0 0 0 1 2 25 0 0 12 0 15 9 20 66 72 0 0 11 0 0 0 26 0 44 7 0 22 23 0 60 44 0 0 0 10 0 13 0 19 55 41 36 0 17 15 0 0 0 0 0 0 55 0 11 0 25 0 32 80 43 0 2 0 0 0 94 0 6 0 0 0 0 0 0 0 0 24 0 19 15 0 47 0 11 17 79 15 0 0 0 0 16 93 0 73 0 0 31 0 13 0 67 9 44 88 34 38 0 38 0 32 20 15 16 20 6 25 0 0
 12 9 19 58 0 40 0 0 0 58 26 0 0 0 45 0 0 43 0 0 0 0 0 50 14 0 0 0 10 0 5 50 0 28 0 26 33 51 0 6 28 22 0 69 0 0 0 17 18 0 0 5 0 0 0 52 0 0 53 3 0 0 12 0 57 0 29 0 23 6 0 0 0 0 51 0 23 0 54 0 0 48 43 8 9 0 1 0 14 35 34 16 0 0 56 0 55 29 37 0 11 0 36 2 0 0 16 0 0 0 48 48 8 36 0 0 11 81 0 15 0 0 0 0 0 0 41 2 3 34 0 44 0 0 0 0 0 41 25 11 10 1 0 0 17 0 53 18 88 37 94 0 60 0 3 13 0 8 3 0 0 3 0 0 0 37 33 4 0 0 0 0 15 0 0 0 34 0 1 0 0 0 54 44 0 0 70 33 52 0 0 0 0 46 0 28 60 61 38 57
 0 0 0 5 0 28 15 28 55 0 0 29 74 0 70 4 0 0 0 7 20 0 0 7 0 0 0 19 0 0 28 0 0 59 59 15 12 58 43 25 0 8 0 1 0 36 0 0 16 0 9 32 0 0 41 27 0 0 0 45 0 25 42 8 30 50 2 36 9 38 0 10 0 6 0 0 14 0 0 8 0 0 21 0 0 62 14 1 0 0 26 0 17 43 0 0 0 0 45 0 31 46 30 0 20 0 62 0 39 4 0 0 1 55 30 0 0 13 10 23 21 0 0 3 14 71 22 0 94 68 0 6 57 0 72 0 0 12 0 41 42 2 32 0 0 0 0 0 3 32 7 0 0 0 0 0 70 41 0 32 1 0 62 0 0 0 45 0 0 54 15 41 0 0 0 0 0 10 24 28 0 0 26 0 36 0 0 68 47 2 12 0 0 39 7 16 0 0 2 0
 0 0 56 42 0 0 0 0 0 0 72 0 0 45 47 0 36 56 74 32 0 21 0 0 0 0 0 35 0 77 0 28 0 6 1 20 42 7 0 43 31 0 71 19 0 0 40 0 9 0 26 10 0 0 0 23 0 6 0 0 0 25 0 0 48 29 61 0 47 0 36 55 0 0 0 0 1 75 0 28 0 27 0 83 11 0 58 0 38 18 63 0 53 12 38 0 58 45 4 18 0 0 0 15 50 30 0 3 21 0 55 0 0 11 85 0 21 38 0 0 0 0 57 0 63 9 0 0 0 0 0 26 21 0 0 25 38 0 47 0 69 0 0 0 19 0 0 0 0 0 62 0 0 0 0 81 0 52 0 6 13 0 32 0 41 0 4 0 0 0 0 0 0 0 0 22 0 6 28 27 4 3 23 20 0 24 0 0 70 68 58 0 0 0 0 18 6 51 24 0
 1 70 0 0 0 28 21 0 9 0 0 17 36 2 0 22 69 73 36 9 0 49 20 28 0 60 0 0 65 26 28 52 40 32 0 2 3 0 14 50 0 68 0 60 55 7 0 8 57 33 15 0 0 23 61 27 9 0 0 37 0 22 0 35 0 12 42 0 0 5 0 0 22 4 0 0 0 0 40 27 64 0 0 0 90 0 22 0 0 21 0 0 0 75 0 35 38 0 8 0 1 78 0 36 0 0 0 31 38 79 0 2 0 13 0 0 18 0 0 70 0 34 7 23 0 14 24 46 21 4 31 0 0 0 31 0 0 43 20 0 0 3 78 39 0 0 4 67 46 0 0 0 0 34 0 43 0 13 0 75 0 0 51 0 0 14 3 0 0 0 0 19 0 0 7 0 0 0 0 57 0 23 0 0 0 0 80 0 0 17 0 0 1 82 0 0 7 4 8 15
 0 0 0 17 28 22 0 48 5 0 18 0 0 0 27 13 15 4 0 5 0 26 0 0 0 0 22 0 0 44 0 79 81 0 0 44 2 0 2 0 9 22 61 0 37 0 4 0 0 0 0 0 0 12 11 0 0 41 0 43 69 9 4 35 58 54 0 0 27 0 26 31 0 0 70 0 35 0 0 0 0 37 18 25 47 0 11 0 0 0 0 64 0 52 7 49 21 0 0 38 0 0 0 43 27 0 0 8 50 6 0 0 35 51 93 0 16 63 92 41 0 84 46 0 0 0 0 0 38 0 0 0 0 44 0 0 34 47 63 0 0 23 0 0 0 16 22 56 0 0 14 0 32 24 78 0 0 27 58 33 0 0 0 10 0 49 23 69 0 8 62 0 29 63 0 40 39 56 0 0 0 8 90 25 68 25 18 0 0 28 1 0 0 22 0 57 20 0 29 0
 60 50 35 2 0 13 0 30 0 0 47 0 0 0 37 0 5 0 0 0 47 38 0 43 54 0 48 72 0 0 1 45 0 0 0 66 0 70 0 90 0 55 7 0 5 0 0 0 0 2 33 15 20 18 0 0 47 49 0 0 31 0 0 22 0 0 0 8 55 35 76 0 71 0 6 11 21 0 89 0 2 0 22 40 60 0 0 12 0 28 0 0 0 0 0 0 36 0 14 0 0 0 0 41 3 0 0 43 0 48 50 0 5 0 0 56 45 15 39 0 0 11 0 0 14 23 0 43 2 17 0 0 0 0 0 14 31 13 63 0 55 3 12 0 14 58 14 0 62 0 74 0 15 10 26 47 0 0 60 35 74 26 33 29 14 0 0 61 59 30 55 31 0 81 0 0 54 0 13 0 14 0 68 87 0 0 39 3 47 13 93 84 25 61 15 0 0 53 40 0
 0 0 0 35 0 42 49 0 7 0 40 15 0 0 3 0 0 0 53 12 0 47 0 0 3 0 0 0 0 2 0 66 46 66 50 85 0 0 0 0 73 0 4 0 58 0 3 32 77 0 29 45 0 31 65 0 88 22 0 30 40 0 0 46 14 30 4 0 0 0 21 0 59 0 30 24 0 50 0 3 3 68 0 31 51 70 1 55 28 9 0 21 0 67 30 44 32 26 0 0 0 6 33 16 0 0 31 0 0 0 36 95 0 53 63 0 0 36 0 17 0 0 0 0 0 15 50 16 0 0 6 0 0 0 0 0 55 0 67 78 0 0 0 68 0 0 8 0 21 6 0 0 0 9 52 83 0 0 11 20 0 44 18 0 0 69 32 0 0 26 11 3 0 0 0 0 0 0 7 0 34 37 0 1 46 0 12 67 49 0 32 0 12 0 36 2 0 0 29 10
 0 0 0 0 0 0 0 0 48 0 0 16 0 35 0 35 0 2 0 39 0 0 0 77 11 20 0 0 0 0 83 0 0 0 55 69 40 0 0 0 20 63 77 49 0 0 8 16 0 0 0 0 10 0 18 0 19 0 0 23 0 0 0 34 0 0 0 56 5 22 0 92 0 58 9 0 0 0 17 0 1 0 0 0 0 68 0 74 60 0 0 0 52 41 9 0 3 0 0 0 0 0 30 0 0 44 79 0 0 67 14 40 0 45 0 0 16 0 0 0 37 46 58 16 14 27 64 0 0 81 0 0 5 0 0 14 15 0 0 18 33 0 43 43 11 23 0 29 0 0 0 0 0 0 0 0 0 0 35 23 42 82 0 19 0 9 53 42 15 0 8 11 14 36 22 11 0 21 0 63 0 0 41 8 4 0 0 0 26 0 0 0 9 37 48 6 0 0 24 16
 0 27 75 17 0 43 59 0 29 0 0 0 0 22 8 5 0 48 62 0 0 27 0 27 78 0 0 0 16 0 5 35 12 0 30 44 0 17 26 11 33 21 0 0 31 0 0 0 0 0 50 5 0 2 37 64 0 0 44 0 33 0 0 15 34 36 0 97 0 11 0 22 0 16 74 17 7 0 0 0 0 0 0 30 0 0 23 0 0 18 33 50 0 0 39 65 31 0 0 25 0 26 0 0 0 48 70 0 0 0 22 0 15 43 0 7 3 22 0 0 20 34 0 38 0 10 0 65 12 0 25 55 5 70 0 36 0 0 12 8 0 0 0 90 0 68 0 75 0 74 10 0 0 0 0 9 28 38 0 37 20 0 0 0 0 0 0 12 0 7 53 0 34 0 11 0 14 48 0 0 3 39 0 0 0 0 0 0 74 58 1 0 0 0 50 0 0 0 16 0
 20 17 0 30 0 1 0 0 32 0 0 0 11 21 0 13 0 0 0 60 0 44 15 8 82 16 0 79 69 63 5 5 70 0 15 0 4 0 0 0 0 0 27 27 0 68 2 14 7 17 51 86 33 38 66 27 0 4 68 61 0 21 9 0 0 0 34 30 0 19 31 34 2 0 14 18 0 0 0 0 0 30 0 37 68 0 0 0 0 7 0 0 0 57 41 0 0 0 74 0 0 15 27 20 39 0 46 51 66 2 65 0 72 0 45 0 0 43 0 3 0 0 0 0 0 0 34 4 0 0 0 4 27 50 0 4 8 0 21 0 0 0 75 4 50 0 7 0 26 6 0 0 0 82 0 0 18 10 77 55 0 0 0 12 0 6 46 7 35 30 0 32 0 69 0 6 0 70 0 41 0 0 24 34 0 0 0 0 0 14 0 22 0 0 75 79 51 0 10 37
 32 13 16 0 7 0 55 28 54 0 57 42 0 0 0 54 83 0 0 7 12 22 0 10 0 0 0 33 69 0 28 0 0 0 0 37 2 29 13 35 0 72 0 44 0 57 0 73 44 0 57 0 21 0 0 0 0 0 54 0 37 7 0 19 0 0 0 0 0 80 0 0 19 26 0 0 20 0 0 0 0 35 0 2 0 31 25 0 0 78 1 70 3 0 0 0 0 4 0 0 67 0 8 0 0 0 16 87 54 13 0 0 0 8 37 0 0 0 0 0 0 0 3 0 0 34 0 0 0 0 0 17 76 13 36 0 0 22 0 0 37 71 0 0 40 0 58 42 0 0 0 67 19 0 0 22 52 0 0 0 5 13 22 0 0 0 61 0 0 0 11 80 62 0 0 0 5 1 0 12 22 0 0 0 0 0 0 0 0 0 0 5 33 38 0 0 69 0 20 41
 0 0 32 64 8 92 13 0 36 38 89 12 17 72 0 26 0 1 0 26 0 21 0 0 0 0 28 29 2 0 0 0 8 68 0 10 62 5 9 0 0 5 0 0 0 0 10 0 0 40 0 0 80 0 0 53 22 35 0 0 0 0 0 72 16 71 0 0 52 53 0 25 0 23 0 60 21 67 0 0 40 0 18 11 75 28 89 0 12 0 0 61 27 0 0 7 0 49 80 0 0 14 0 11 0 33 0 0 0 0 27 0 0 0 15 17 85 0 8 37 86 41 30 0 0 0 24 0 52 0 0 78 0 0 0 0 0 0 47 6 58 0 0 0 39 23 22 0 39 31 0 55 0 29 11 0 0 0 40 0 0 0 0 12 0 62 0 21 9 0 80 14 0 40 25 0 0 40 48 0 70 0 0 25 57 0 0 59 0 0 18 0 52 59 18 6 17 42 0 0
 42 0 0 0 0 61 0 3 81 0 21 0 0 0 82 0 0 0 0 0 0 38 30 0 0 58 0 0 13 0 4 38 0 21 37 0 53 25 0 0 0 0 25 0 0 0 20 0 0 0 0 57 0 36 0 14 0 10 0 5 0 0 4 0 0 8 34 0 0 4 7 6 0 0 47 0 39 0 2 30 0 0 0 21 0 0 20 0 0 0 9 0 2 0 0 37 68 53 0 0 0 0 44 0 55 0 0 9 0 0 0 51 27 0 0 2 59 64 0 0 0 22 0 33 0 0 8 0 0 4 0 0 0 0 0 0 23 26 30 13 20 33 0 13 0 0 0 0 0 0 14 53 0 35 11 0 9 9 57 0 59 0 12 52 27 0 0 0 0 9 0 21 23 58 49 0 0 17 8 0 67 48 61 0 0 2 0 0 0 0 0 0 0 0 0 0 0 5 44 0
 5 29 0 9 7 0 40 0 55 44 0 39 0 0 10 0 0 82 4 0 70 0 0 68 0 9 8 8 0 12 0 0 10 43 8 0 33 0 0 84 23 0 0 0 7 15 4 13 32 0 0 37 0 0 19 7 0 33 46 0 2 15 0 0 0 81 0 52 5 0 1 21 0 33 0 0 0 0 0 68 1 0 9 0 0 0 41 50 0 0 45 0 0 10 1 0 12 54 0 0 53 3 0 28 59 0 0 0 47 0 35 0 0 0 0 0 0 0 0 71 19 0 0 0 7 0 0 0 13 48 0 56 7 5 3 0 25 13 0 0 9 14 0 38 16 0 0 0 46 4 12 18 31 9 0 0 9 26 0 26 90 0 22 0 20 0 94 31 0 0 0 0 0 39 0 0 0 0 6 0 14 0 4 0 53 32 0 26 47 0 28 60 0 0 5 0 0 30 2 82
