200
 9 0 12 0 22 0 27 0 0 0 20 8 0 0 43 0 19 24 52 0 0 0 0 0 24 27 0 0 7 26 0 11 95 0 23 0 0 0 0 0 21 53 16 56 0 0 0 0 0 51 44 0 20 2 11 13 0 0 89 0 52 34 96 0 0 0 0 0 11 0 35 4 0 0 15 11 23 0 43 12 43 0 40 60 0 27 0 0 0 0 2 94 0 0 3 47 0 0 0 0 0 13 0 0 0 92 0 61 3 50 0 77 10 0 25 0 0 13 0 54 80 0 16 0 36 0 0 49 0 0 0 33 0 47 0 22 35 0 0 36 0 0 84 68 0 77 0 0 0 25 0 0 0 0 0 11 29 15 36 20 0 10 0 0 11 58 0 0 0 28 17 0 0 69 22 0 27 0 1 0 0 10 0 0 52 0 0 0 15 0 31 0 0 11 6 32 0 0 75 0
 92 92 0 69 69 0 44 64 71 0 0 85 87 19 19 57 43 66 62 0 0 9 0 0 0 0 67 0 0 0 38 1 0 0 34 0 0 0 25 0 16 0 0 0 0 0 9 10 25 35 0 0 54 64 21 15 0 1 0 63 74 22 21 0 28 0 90 0 0 21 0 0 0 0 0 0 82 0 21 0 0 0 45 20 0 0 70 43 50 12 36 0 15 0 0 16 0 0 0 0 0 0 0 0 41 31 0 1 0 20 42 41 11 24 0 86 4 28 0 54 0 3 63 0 0 0 0 61 0 0 38 0 0 0 29 0 27 59 0 23 51 50 8 0 39 39 0 0 0 41 0 16 0 0 72 0 19 0 70 12 19 37 35 0 37 0 0 0 0 0 0 53 0 48 10 0 13 0 0 66 0 55 0 0 23 0 0 33 0 13 0 0 43 13 11 0 0 75 0 14
 0 38 28 0 64 16 0 0 0 0 38 0 3 29 0 0 0 76 19 0 13 0 73 0 2 40 0 18 66 0 43 0 14 84 12 0 23 63 86 6 5 0 0 72 43 75 0 0 33 0 0 0 74 64 0 0 0 0 0 0 0 6 0 0 3 0 5 13 0 9 0 83 0 45 86 0 0 9 0 3 13 0 68 48 0 0 72 19 41 24 0 58 11 0 45 0 2 11 64 0 0 72 0 0 68 0 25 0 36 37 0 1 20 0 18 0 0 33 0 21 0 82 0 46 0 0 0 0 0 0 38 31 30 42 0 0 0 0 25 19 20 10 30 0 0 0 31 28 11 26 93 0 0 49 57 0 30 9 0 27 3 0 45 0 0 0 0 30 0 53 79 0 0 0 0 0 0 6 0 0 0 52 51 25 0 28 0 33 16 7 75 0 0 0 68 9 93 0 0 0
 18 0 51 60 0 34 0 33 0 63 17 66 0 0 0 0 36 63 0 40 0 44 8 0 21 0 0 52 22 0 15 0 14 1 49 0 14 69 0 0 0 0 23 49 19 32 0 0 17 0 29 0 0 54 32 70 40 62 24 0 0 27 0 87 16 0 0 21 0 18 0 39 0 29 71 13 0 0 44 65 0 35 43 56 0 0 0 6 0 14 30 17 37 48 0 33 0 26 35 3 47 34 0 0 0 92 26 0 20 0 16 0 0 80 40 27 0 22 59 0 0 0 0 28 0 0 0 59 0 0 0 0 17 0 0 20 21 33 11 0 0 35 48 0 25 14 0 0 0 66 2 0 0 0 0 0 76 0 0 2 36 44 55 0 26 59 0 0 0 31 0 0 3 0 0 0 72 7 0 72 0 0 33 0 0 4 0 21 0 0 27 0 0 13 42 34 29 22 8 0
 0 0 0 34 65 0 0 0 45 5 0 42 97 0 14 75 29 0 0 0 0 0 13 0 43 43 0 0 31 23 11 0 14 37 34 67 32 1 0 80 0 18 34 37 75 35 62 77 73 0 0 32 0 0 0 0 45 9 0 0 0 0 21 0 72 60 43 0 0 38 0 0 0 72 31 56 5 0 0 0 9 20 0 0 0 0 11 41 0 0 56 0 0 26 39 37 2 5 15 37 78 60 0 0 0 0 0 45 0 10 51 17 4 66 27 0 0 51 63 36 0 16 0 0 46 0 34 0 11 0 37 0 0 0 63 0 0 0 76 0 0 19 0 0 0 0 2 48 14 9 0 20 0 26 0 0 13 63 1 0 3 34 44 0 0 0 8 0 39 16 0 48 48 18 43 0 0 6 0 0 18 18 0 0 43 0 0 0 0 0 19 59 0 63 63 0 4 0 68 18
 15 42 0 0 60 47 51 30 10 19 0 36 0 9 22 0 46 0 0 35 3 16 0 42 14 0 48 4 0 0 0 6 55 52 74 14 2 0 0 0 86 0 44 0 68 0 77 15 9 23 0 0 0 8 0 73 21 0 0 83 4 0 0 0 0 32 13 0 0 52 0 8 18 12 0 0 0 0 0 0 44 46 0 0 16 60 0 7 0 0 0 42 86 2 0 0 0 25 17 0 38 0 24 74 0 0 32 0 0 0 0 0 61 0 34 0 67 0 0 0 21 0 19 40 10 0 2 56 0 0 18 0 30 0 0 14 41 0 25 72 14 0 0 11 47 39 0 10 24 28 0 0 0 5 0 21 66 73 64 43 0 0 26 24 89 8 61 0 0 0 21 1 0 0 3 27 74 55 54 0 57 13 0 0 79 0 77 0 27 67 13 0 0 0 11 40 0 0 5 0
 0 0 51 29 70 0 89 0 0 6 26 33 50 64 32 62 0 0 0 2 22 0 0 24 0 0 4 44 5 12 0 37 50 20 0 0 67 0 0 43 0 43 0 0 6 0 0 4 0 0 0 0 88 0 11 0 16 0 26 0 4 32 7 0 24 0 57 31 0 0 62 1 0 24 55 0 10 5 5 0 0 32 0 38 0 31 0 0 0 0 0 18 53 13 0 0 28 0 68 7 15 0 32 48 0 28 0 11 0 7 3 0 86 15 0 16 2 0 39 0 7 0 18 0 0 4 0 5 0 0 14 0 0 51 0 0 6 0 0 0 4 0 66 7 39 0 0 43 0 65 0 46 62 6 0 58 0 0 38 0 0 0 0 0 0 0 0 31 47 18 0 56 3 41 0 0 76 31 0 0 0 0 6 4 0 70 34 11 6 65 0 0 71 58 0 61 0 52 0 4
 77 0 53 0 6 0 21 6 11 0 0 38 24 41 46 0 0 73 0 14 33 0 54 33 0 0 0 0 0 13 0 0 4 14 21 43 37 64 0 0 0 8 56 0 0 0 0 0 0 68 44 0 4 0 9 3 11 76 7 26 15 0 26 5 0 59 2 9 0 89 36 7 0 58 31 0 0 30 30 0 18 16 0 28 40 65 7 32 13 9 0 0 0 0 0 41 4 0 0 0 0 3 0 0 0 0 0 0 13 0 78 0 42 0 24 4 0 0 1 53 38 0 73 0 27 10 75 0 13 0 0 0 0 28 0 73 23 0 5 53 0 62 0 38 0 20 0 0 0 41 0 0 0 0 0 25 0 85 6 44 0 0 38 17 0 9 38 0 0 0 27 9 0 33 0 0 0 0 0 0 5 24 0 6 0 67 45 0 21 3 0 0 53 0 0 16 0 44 3 11
 60 0 80 0 0 0 10 0 7 47 2 8 0 0 0 0 0 0 0 0 52 0 27 0 66 43 0 0 0 0 44 0 19 37 14 92 33 0 0 0 0 0 18 67 0 13 0 14 0 19 77 65 0 86 33 0 0 15 4 0 82 0 17 17 0 0 15 0 0 0 5 0 0 0 0 49 16 6 62 31 0 0 8 0 0 9 42 0 18 1 0 64 49 0 0 0 51 0 20 0 0 0 0 0 0 0 0 12 4 0 0 5 0 0 22 0 0 0 0 0 69 0 63 0 0 0 0 0 89 13 0 0 0 66 44 70 42 0 0 6 53 0 0 0 0 0 0 0 0 38 41 0 0 12 0 0 57 29 12 7 0 11 0 0 57 49 0 62 18 59 0 3 29 0 0 0 0 26 0 0 6 0 0 40 0 0 67 36 0 0 38 0 0 56 0 19 0 0 46 0
 44 18 4 0 0 0 0 11 0 8 3 0 0 0 0 0 0 24 0 0 50 2 0 5 66 30 9 0 3 49 0 32 0 0 0 55 0 7 10 5 0 53 0 31 0 0 40 20 24 12 0 12 7 64 21 30 0 49 26 18 7 85 0 11 0 0 43 31 78 0 0 32 0 11 69 7 4 0 72 0 0 14 57 35 27 0 0 46 18 25 2 0 5 16 0 0 74 0 66 48 50 59 0 80 41 78 10 0 1 0 0 0 16 36 12 48 0 0 0 50 48 59 0 40 36 0 33 31 0 0 0 47 0 0 20 26 0 0 23 43 0 65 0 0 0 0 0 0 15 0 0 22 3 51 39 33 1 0 44 0 0 0 25 65 0 0 73 7 77 49 56 0 0 26 0 0 21 0 0 0 0 12 17 49 0 0 13 67 28 51 59 8 35 63 20 0 3 78 39 0
 0 34 0 0 18 42 0 62 0 0 71 24 0 51 15 0 0 0 0 0 0 43 0 9 14 0 0 8 0 55 3 25 5 33 14 0 0 0 56 56 9 0 27 2 0 12 6 0 25 17 68 0 0 47 67 0 16 8 0 43 0 0 65 0 47 32 4 0 1 0 0 6 0 83 22 17 7 0 1 46 0 0 0 19 13 0 0 49 0 0 0 0 17 73 0 24 31 3 1 0 10 47 0 34 66 33 34 0 4 0 37 0 79 21 0 29 37 54 42 44 0 21 24 0 13 4 0 0 0 39 59 38 0 53 0 0 14 0 53 56 40 83 31 0 25 94 0 46 0 0 0 65 0 0 0 0 0 0 18 52 44 16 14 0 0 0 0 75 70 22 0 37 0 0 4 84 18 0 0 58 0 73 0 33 27 0 0 0 0 0 0 0 17 19 0 88 75 22 82 46
 0 0 34 0 0 0 0 0 0 15 0 75 0 0 26 20 0 52 41 0 0 0 37 0 16 49 28 50 0 23 0 0 0 34 0 0 0 0 0 0 7 0 61 0 0 0 0 0 1 0 14 7 0 0 0 53 0 0 0 0 0 24 11 0 43 18 0 25 1 11 30 0 72 0 0 0 66 18 0 39 20 0 48 0 2 90 0 0 2 0 2 0 52 0 0 0 22 46 8 0 0 21 56 73 0 12 0 94 0 52 5 64 0 0 0 0 0 0 1 0 0 0 0 1 0 67 50 0 25 27 59 0 13 0 11 0 30 0 0 0 6 0 37 64 0 73 13 0 17 13 36 7 24 0 2 29 57 69 0 0 53 0 0 13 0 0 0 81 0 0 0 9 0 64 30 0 0 10 4 28 0 51 54 70 70 52 0 0 0 0 0 0 0 0 0 0 0 39 20 18
 26 0 0 66 0 48 0 0 47 12 15 15 58 0 0 33 3 0 23 69 82 28 58 3 55 27 10 47 39 0 1 34 0 0 0 0 11 95 0 20 51 17 25 10 7 4 0 0 30 0 0 0 0 0 2 0 4 0 0 15 61 0 52 0 60 34 0 0 38 78 0 2 4 36 33 28 0 0 4 18 0 0 0 0 0 9 0 38 71 7 27 1 0 0 0 90 3 0 0 18 0 6 0 22 40 0 0 23 0 0 13 0 74 4 0 0 0 11 47 0 21 0 0 0 35 0 0 7 0 0 0 0 5 20 0 0 3 0 0 0 0 24 0 0 15 11 38 0 36 43 0 0 86 0 0 89 0 20 45 1 44 0 0 0 0 32 0 77 76 0 0 49 11 76 0 0 5 11 28 0 0 0 0 7 0 0 38 0 6 0 0 49 0 0 12 0 0 0 0 0
 26 0 0 18 28 0 0 0 14 25 0 17 14 62 0 28 0 17 54 14 42 79 0 0 21 5 53 0 0 0 0 16 85 38 0 97 58 0 69 0 27 36 29 0 31 0 33 11 54 0 0 32 68 0 60 88 0 0 0 34 8 31 0 23 50 39 0 0 45 10 0 0 25 31 38 0 0 0 0 76 0 0 26 63 77 0 0 58 0 67 31 19 46 12 0 14 0 28 11 24 0 0 0 0 0 0 69 34 0 0 11 11 6 52 0 45 0 0 37 21 29 0 0 65 38 43 0 0 0 0 63 45 0 0 0 46 0 0 0 68 0 18 58 0 0 33 84 13 0 0 20 23 0 0 72 8 0 0 0 22 0 0 62 0 49 0 0 63 0 0 0 0 34 0 0 8 3 0 0 1 36 54 0 0 0 61 46 0 71 6 72 0 0 0 0 0 0 0 44 0
 0 0 31 62 0 0 0 0 28 18 0 0 27 0 44 0 0 0 71 43 0 3 0 0 15 68 24 0 0 0 0 1 5 3 94 23 54 86 0 0 0 6 81 0 0 14 48 5 0 52 0 13 46 32 0 0 31 72 68 87 0 4 14 0 0 0 0 0 14 0 0 0 5 0 8 48 0 0 0 0 0 0 89 0 0 27 0 0 38 0 16 0 0 0 0 3 33 2 0 29 56 0 29 50 34 3 4 65 0 0 0 0 63 16 11 28 0 61 12 5 12 0 0 23 21 0 0 23 29 72 20 21 19 0 59 0 0 18 65 62 0 0 58 55 0 21 0 0 15 0 2 0 26 4 0 0 4 0 30 44 0 0 0 0 20 0 0 0 0 0 83 0 16 23 0 0 0 0 77 0 0 12 76 63 0 0 17 0 51 0 0 0 27 0 0 0 33 35 16 0
 20 0 32 21 0 10 0 58 6 26 27 0 0 0 0 72 0 52 0 25 0 18 0 27 2 0 0 74 31 0 22 0 0 0 9 0 7 2 0 0 0 0 33 25 0 0 4 0 0 0 41 0 0 42 0 0 58 19 96 0 7 0 54 0 0 0 23 20 0 0 91 44 0 3 17 0 39 75 0 80 0 0 31 0 0 20 10 0 0 16 0 9 76 0 87 35 0 43 30 0 0 0 69 0 82 29 0 0 35 34 92 34 0 74 67 0 0 0 32 79 19 15 69 47 50 0 0 43 44 0 0 27 0 62 0 0 0 0 13 70 65 24 10 21 0 0 0 8 0 0 7 0 0 51 0 41 13 0 0 62 49 0 0 0 20 2 0 0 71 0 0 0 5 9 49 0 0 34 25 0 14 0 2 89 0 29 38 48 0 32 0 46 0 0 31 5 28 38 47 0
 0 0 62 0 0 0 99 4 14 27 20 18 0 8 49 16 81 0 76 97 11 0 0 0 0 35 49 80 18 8 34 0 20 0 24 42 0 0 0 0 6 43 0 57 17 0 0 0 0 0 0 0 22 31 87 7 5 0 5 64 0 0 57 2 13 0 7 14 0 36 0 0 0 50 40 0 19 0 26 61 0 0 48 33 52 0 37 0 37 0 13 10 0 0 14 51 0 4 0 0 5 11 26 19 60 5 10 10 0 2 0 3 15 6 26 0 17 75 0 47 0 0 0 12 8 2 0 0 16 15 16 0 0 1 25 0 0 0 0 0 13 11 0 59 22 62 13 53 54 0 35 0 85 0 0 0 0 0 0 0 17 42 0 0 13 2 24 61 13 41 5 0 0 27 0 15 0 0 0 8 0 0 0 58 69 29 0 32 0 0 0 42 0 13 12 5 39 42 0 0
 0 0 0 0 0 30 5 0 69 0 47 0 44 0 9 0 1 4 36 28 0 86 0 0 24 13 0 41 68 80 8 0 0 0 44 0 0 0 0 39 0 0 6 96 32 0 5 63 52 29 0 0 41 0 10 5 0 0 12 95 0 0 13 7 56 4 0 50 74 0 0 0 0 7 0 0 16 96 0 0 73 20 4 0 53 0 34 21 0 0 61 56 20 57 16 31 46 9 0 0 28 0 0 0 0 0 41 13 77 0 63 0 5 0 0 0 0 6 0 0 0 0 5 0 81 0 77 0 0 0 70 56 0 37 0 0 18 0 82 4 0 0 0 0 52 26 0 16 0 61 0 15 6 0 4 0 0 18 0 73 1 42 5 40 61 0 10 41 19 0 28 0 72 76 48 39 0 0 0 7 10 0 62 43 58 0 0 47 18 56 29 59 0 0 20 0 0 6 13 0
 0 0 0 80 24 26 8 64 13 52 14 0 0 0 0 1 0 0 62 0 0 0 1 35 8 49 93 10 0 0 76 74 3 19 0 0 14 0 9 0 0 0 0 13 5 0 45 43 0 30 0 19 0 1 34 0 14 8 47 0 0 33 0 18 6 57 34 0 31 0 35 23 34 38 74 0 0 0 1 0 0 44 0 31 0 4 0 0 78 72 39 21 38 0 2 0 16 0 0 53 22 0 81 32 0 18 9 0 9 51 0 0 52 0 0 0 14 50 25 0 6 0 17 0 0 0 23 14 0 0 0 34 59 50 25 0 0 0 0 0 75 43 58 15 61 48 34 71 0 0 0 0 0 0 0 80 0 10 1 0 26 43 22 22 0 2 45 0 33 0 1 0 25 0 0 12 49 6 0 0 0 61 0 96 0 0 35 73 11 0 0 0 0 0 0 68 56 28 0 0
 87 12 69 0 14 0 0 0 19 26 18 21 0 0 0 0 0 0 77 99 0 0 0 0 0 0 2 91 32 0 0 66 0 0 0 6 0 0 19 19 0 0 0 21 64 59 0 0 17 0 20 0 0 84 0 15 0 0 0 0 0 47 0 0 16 5 38 52 0 8 60 0 0 30 0 0 0 0 2 55 0 0 0 0 38 0 15 0 0 0 0 25 0 0 4 48 14 33 47 0 2 22 0 0 0 3 77 0 0 76 43 0 0 0 20 51 4 0 3 0 14 0 36 0 3 17 0 0 0 0 5 0 47 0 68 47 45 0 1 0 0 0 56 0 73 14 0 0 47 10 24 25 5 0 6 24 0 0 53 6 0 0 12 42 1 0 0 20 51 0 44 79 0 0 0 0 41 0 0 81 25 0 73 0 0 0 0 25 0 6 72 25 0 1 5 0 18 0 0 46
 14 31 0 57 58 0 0 0 0 0 36 34 0 0 42 6 0 8 30 45 1 14 10 0 69 0 0 0 56 26 0 0 0 0 54 67 19 0 0 0 6 0 42 40 47 0 0 2 0 0 0 0 47 22 0 0 12 11 9 0 33 0 30 40 0 0 90 0 0 0 0 28 38 0 0 18 0 0 0 0 10 8 0 0 57 0 0 0 0 0 0 59 39 74 66 0 0 47 44 0 0 15 0 1 0 0 60 0 0 72 77 6 32 16 75 94 3 0 0 0 26 93 0 15 0 25 31 20 17 10 50 0 54 26 0 34 17 0 0 79 0 30 0 19 26 0 0 0 35 3 0 6 0 15 19 0 55 0 0 0 19 0 13 0 11 31 7 0 10 0 12 39 0 51 74 52 31 10 56 0 0 30 0 7 40 67 37 61 0 0 40 4 61 0 0 86 31 29 28 9
 47 0 25 0 79 0 54 37 3 0 0 19 0 0 0 0 4 0 27 52 0 93 0 0 79 49 0 0 0 0 0 18 0 34 53 0 0 0 21 0 0 0 0 0 51 0 0 0 45 0 22 31 0 0 0 0 9 0 10 0 0 0 4 0 0 0 0 0 0 0 59 0 0 69 11 0 30 0 37 37 0 62 0 36 0 3 61 0 38 0 0 0 0 0 52 29 0 0 0 0 25 0 0 74 0 29 4 17 0 14 0 39 45 15 0 0 9 5 0 39 0 0 0 5 1 0 0 51 0 0 70 28 10 0 0 20 0 20 0 0 0 46 0 0 24 0 0 67 0 0 47 61 0 41 0 0 0 0 58 47 0 33 69 65 14 38 81 49 18 82 16 0 65 0 0 14 0 6 69 0 12 24 4 0 0 86 58 8 0 29 0 17 0 0 0 0 18 0 0 0
 65 23 0 0 0 97 29 0 0 31 70 0 0 22 24 59 37 16 0 75 0 60 50 0 22 0 56 86 0 0 0 6 0 0 15 0 67 12 0 51 90 75 24 0 0 0 30 0 17 1 19 1 59 0 0 40 49 60 0 0 4 0 3 0 7 0 32 27 0 13 3 0 76 0 98 1 0 0 0 0 21 0 0 0 0 34 6 47 5 26 13 59 0 0 55 0 51 0 0 2 0 0 33 0 0 13 64 43 0 43 0 0 1 0 12 65 65 9 1 0 79 74 66 57 7 1 11 0 30 50 0 0 0 0 74 26 7 24 0 1 0 12 11 3 31 0 0 0 8 17 34 0 13 0 0 0 50 0 0 8 31 13 17 26 78 7 0 0 0 0 50 0 45 8 0 88 8 0 0 0 0 25 0 47 0 32 0 0 0 25 47 63 77 6 0 12 23 0 0 0
 5 10 21 70 35 0 0 0 40 0 0 87 0 49 8 0 54 40 0 37 57 7 50 34 84 0 0 0 1 15 74 45 11 2 0 0 18 0 0 0 54 83 19 0 63 0 0 0 0 0 0 35 0 0 9 38 46 0 0 18 85 5 0 0 12 88 77 0 0 15 10 58 0 0 35 0 0 0 0 6 0 40 0 0 16 24 0 0 0 0 0 0 5 0 8 25 0 0 0 32 0 0 0 55 9 39 0 0 0 40 0 23 0 2 13 0 0 0 0 0 0 0 89 27 5 0 4 0 13 0 0 13 18 78 0 74 0 0 0 65 13 0 54 16 43 0 53 0 82 0 0 69 0 66 0 0 27 0 35 0 0 0 54 26 0 10 23 0 80 0 28 1 0 20 0 63 5 0 20 46 2 0 0 0 0 29 0 52 0 38 7 0 0 78 0 54 11 35 53 0
 0 9 0 0 0 0 3 68 0 0 0 0 0 0 0 0 51 0 0 58 0 0 0 0 53 35 0 1 36 69 18 24 29 31 0 77 61 65 0 6 0 1 7 0 40 0 2 0 0 0 0 0 6 0 51 12 0 43 0 0 0 0 39 0 29 0 0 0 34 0 2 45 0 5 31 6 0 0 71 0 53 51 0 40 3 62 5 0 0 22 0 36 0 16 0 0 58 0 6 0 60 0 0 29 14 0 5 54 0 40 79 25 0 0 0 22 0 11 85 0 0 44 78 69 42 0 0 0 0 0 0 71 39 56 5 0 0 12 0 7 22 0 0 8 0 0 0 0 0 0 3 10 29 49 0 0 0 0 0 47 4 0 53 0 0 62 0 47 0 30 12 0 0 12 8 0 0 0 88 9 0 28 0 66 0 0 4 0 18 0 0 0 0 26 83 0 83 0 50 0
 0 2 0 44 0 18 57 8 0 0 71 0 0 0 0 20 0 0 0 61 8 0 4 0 0 93 0 0 0 0 0 74 0 0 0 30 22 0 0 0 0 0 0 0 0 59 0 0 59 0 22 8 20 0 71 1 0 18 0 0 54 0 75 68 0 5 23 0 34 0 0 34 4 0 0 0 0 0 74 53 0 0 15 2 0 32 0 0 0 80 0 26 0 24 0 10 30 0 0 38 0 0 47 0 0 92 0 0 0 0 5 0 0 0 0 0 47 0 0 0 30 39 0 26 0 0 0 0 40 0 0 29 33 0 0 0 0 46 39 0 0 0 1 47 0 21 0 42 0 36 0 0 44 15 26 0 73 35 29 27 6 0 0 0 11 0 5 49 0 62 48 0 49 0 0 0 0 0 53 0 35 72 6 0 25 43 0 0 95 63 0 0 0 0 0 81 0 0 56 22
 41 0 18 25 53 0 0 6 24 0 36 0 0 0 0 42 0 2 0 0 60 4 0 25 52 18 24 8 0 0 0 0 4 0 0 59 24 0 0 8 0 0 0 0 13 59 72 66 64 0 6 44 34 0 0 0 46 37 34 0 72 40 0 0 6 68 60 0 0 0 2 0 0 38 0 0 40 0 22 5 0 77 0 0 80 0 0 0 59 0 0 0 10 43 0 0 10 0 0 0 0 27 67 31 39 5 0 37 0 75 72 75 1 0 26 0 0 0 45 0 0 62 0 0 0 76 61 0 0 0 0 39 34 0 13 53 0 0 69 72 0 0 0 0 0 0 0 72 0 12 0 0 0 3 38 0 53 20 0 0 0 52 26 57 60 0 0 0 3 45 0 0 0 87 59 0 30 0 5 0 11 0 16 0 40 23 2 0 0 8 0 0 0 56 0 0 26 53 0 13
 4 23 0 0 17 0 0 34 37 7 0 0 0 75 71 0 0 0 0 0 58 33 0 36 0 70 0 12 18 0 23 0 0 0 0 0 0 56 18 0 0 36 0 0 0 0 47 20 72 32 30 0 41 0 0 86 14 46 48 19 0 0 0 75 54 0 0 18 10 87 40 0 26 0 78 24 0 0 48 40 24 0 0 60 28 35 0 32 0 84 0 0 29 14 0 0 0 5 40 87 0 23 0 0 37 0 26 0 4 7 0 23 46 38 7 0 11 0 0 45 0 6 0 0 0 13 47 15 10 39 0 21 0 36 37 0 45 27 11 0 0 6 0 49 44 0 30 61 0 21 0 4 40 65 19 0 0 2 0 36 82 0 0 17 0 70 0 18 0 7 57 0 0 0 0 56 32 0 0 0 31 0 0 29 0 0 0 0 0 26 0 67 0 0 30 0 2 28 0 52
 0 43 0 0 0 42 0 34 7 0 43 36 0 7 25 0 0 0 22 0 0 18 52 0 0 42 48 0 20 0 74 0 0 0 61 92 8 0 0 0 24 46 63 11 0 53 91 73 40 0 46 0 0 0 15 0 0 17 68 0 56 0 0 0 0 0 18 72 33 0 0 33 0 0 25 0 0 0 55 0 0 0 0 0 26 0 0 61 0 34 0 0 37 76 9 0 63 0 9 0 0 0 97 0 0 0 69 0 0 53 0 5 0 14 0 62 0 0 8 55 0 10 3 0 7 0 0 5 11 0 0 45 0 0 7 20 0 73 78 31 6 0 22 27 19 12 40 0 0 0 22 0 0 39 0 0 51 16 3 4 0 0 0 0 3 0 0 0 0 57 0 65 17 0 54 46 0 0 36 0 0 50 6 0 10 0 18 52 0 6 38 0 0 0 0 0 0 4 44 0
 0 17 51 48 0 32 0 0 74 0 0 0 40 92 24 51 0 0 50 7 0 66 8 0 0 86 26 38 68 73 32 0 30 0 0 0 0 0 0 60 11 0 0 0 0 0 23 35 0 0 38 30 0 12 0 39 0 0 0 39 0 82 8 6 0 5 13 0 0 24 0 10 20 0 0 2 0 36 10 29 1 0 0 40 0 0 33 19 33 0 67 0 0 63 0 0 0 32 22 0 28 0 0 52 43 1 0 0 0 27 0 51 0 0 2 0 0 12 28 27 59 0 28 0 70 75 31 0 28 12 10 0 0 0 8 85 0 57 0 0 0 0 59 27 0 45 9 0 0 0 1 0 0 18 0 88 41 0 3 0 0 33 64 0 0 4 31 0 18 0 0 0 47 11 58 54 11 6 0 0 26 0 0 21 0 0 52 0 0 42 0 51 0 0 10 80 0 14 0 12
 32 0 0 0 0 4 29 18 0 29 0 41 0 0 47 0 0 0 0 16 36 13 36 0 0 65 22 0 0 0 4 0 39 0 0 24 47 0 0 11 0 6 0 9 3 45 0 72 10 0 33 18 0 57 0 0 0 0 0 0 0 9 18 0 0 0 15 29 53 0 20 5 11 52 0 37 17 0 0 20 30 0 1 60 0 45 76 0 23 25 4 0 67 0 0 0 0 74 48 0 0 16 32 0 12 62 0 0 0 80 1 0 0 0 15 0 0 21 0 0 7 0 55 0 0 7 0 0 0 0 31 0 0 0 16 0 0 0 0 0 68 9 0 0 0 67 34 0 0 51 0 0 0 0 47 28 9 0 0 28 36 40 0 43 0 32 0 35 0 21 5 0 14 13 0 47 54 1 47 20 30 34 39 0 0 78 0 0 84 0 0 0 7 0 0 14 16 56 0 51
 0 0 36 57 27 0 0 32 9 0 0 22 0 0 0 1 22 35 0 0 19 0 0 0 0 0 5 39 11 22 74 54 0 53 0 0 0 0 85 39 0 36 64 76 0 0 26 0 70 25 0 41 38 50 0 75 0 32 19 0 0 0 0 8 18 0 0 0 0 0 0 59 8 0 10 2 0 0 13 0 0 0 4 67 0 0 0 11 43 6 30 0 38 0 68 7 83 24 0 0 10 39 3 2 0 12 9 61 64 36 0 0 0 0 0 0 86 0 9 0 28 0 0 0 71 35 0 0 0 0 0 49 0 0 34 0 51 46 29 0 61 0 0 0 0 0 0 1 15 68 19 57 4 77 0 44 0 0 8 15 37 40 0 0 0 0 3 25 0 33 0 0 0 8 79 0 22 0 0 0 0 26 0 0 0 0 6 0 11 0 61 0 0 0 3 0 22 0 0 51
 0 30 0 0 0 0 0 0 0 47 0 35 30 0 0 3 0 47 0 35 30 11 10 0 0 13 0 26 6 0 0 65 32 7 44 53 0 0 0 22 47 0 0 17 75 6 0 9 37 0 74 0 0 0 78 0 0 0 0 0 0 48 0 0 38 48 10 0 0 0 0 0 50 0 13 0 36 0 0 0 27 80 0 27 30 0 0 0 13 38 4 27 20 23 0 0 9 0 0 48 0 0 0 0 24 22 0 0 57 0 0 0 7 13 0 21 0 0 0 6 28 15 0 53 0 0 38 0 0 56 0 0 0 0 23 0 3 65 0 62 78 31 0 54 0 25 0 8 0 76 0 69 43 0 0 0 0 49 13 34 65 0 0 81 9 0 1 0 0 0 0 16 0 0 0 52 0 0 0 10 0 11 20 0 0 11 69 50 41 49 34 51 0 30 64 0 45 7 0 10
 66 76 0 0 0 0 0 0 0 39 0 0 34 0 0 80 35 16 0 3 48 0 46 0 0 0 22 55 47 6 73 0 0 75 0 0 0 9 0 0 71 0 10 0 0 3 0 0 49 0 3 40 0 13 0 0 0 2 50 16 0 0 9 0 0 36 3 0 0 0 0 0 24 11 0 0 73 57 37 0 44 27 0 29 35 0 0 0 20 90 0 9 0 0 6 8 0 7 0 0 0 0 79 0 0 30 0 0 0 17 64 73 0 0 13 26 29 0 0 20 66 0 0 0 0 0 0 0 0 10 0 7 0 0 2 0 20 87 0 26 25 12 78 0 0 0 0 0 0 0 24 66 0 5 39 0 0 0 76 0 0 0 16 32 81 0 64 65 0 0 0 0 9 2 0 69 12 2 0 68 52 67 0 0 3 25 65 0 34 5 0 0 35 0 0 55 54 30 0 0
 0 0 0 0 0 0 4 0 0 27 0 22 4 86 0 0 0 0 51 49 0 0 0 12 9 59 26 3 0 17 36 34 0 28 73 38 0 0 0 62 5 1 20 0 0 40 5 87 14 0 22 0 5 0 63 78 20 0 0 9 15 0 33 0 0 1 0 0 0 0 35 23 0 0 0 0 40 0 72 0 42 0 1 0 13 0 15 0 37 28 0 26 0 0 53 0 0 0 0 6 0 17 0 0 57 85 0 11 0 0 0 58 0 16 0 0 0 0 0 84 83 62 0 48 0 0 0 37 0 6 0 0 10 4 0 43 66 36 43 0 48 0 28 15 0 41 0 20 68 0 41 22 0 65 0 57 0 0 0 37 0 0 36 0 14 0 0 51 0 37 5 0 0 47 63 0 18 23 0 5 11 35 68 17 41 24 6 0 24 0 0 0 0 4 0 1 37 0 17 37
 4 90 36 15 0 0 29 0 0 0 61 56 0 0 0 35 0 42 18 0 0 45 34 0 0 0 0 73 0 17 0 13 0 7 0 87 0 10 0 66 58 0 14 0 0 91 50 0 0 0 0 0 21 10 0 0 0 80 0 0 0 0 0 35 16 0 2 0 51 0 0 47 0 0 0 0 19 2 0 27 14 27 0 14 54 13 0 0 0 0 0 4 0 38 14 95 0 15 0 5 18 0 25 0 10 46 0 52 0 0 35 0 43 0 0 0 0 0 50 0 0 15 0 32 0 46 0 0 0 0 45 46 18 14 45 0 0 26 56 0 10 0 15 36 0 0 28 41 0 19 0 0 0 66 13 43 0 38 0 45 0 0 70 0 0 0 0 27 88 0 5 28 64 59 0 16 66 0 0 28 19 44 0 0 0 79 49 57 31 0 0 0 68 0 17 0 0 37 0 0
 17 10 0 0 0 0 0 0 0 5 2 77 0 0 0 0 60 23 0 2 0 38 0 0 0 0 0 22 0 35 0 40 43 46 54 34 40 45 0 11 21 33 27 5 23 0 0 0 0 29 27 0 11 25 6 88 0 7 0 34 0 23 90 0 0 12 0 35 0 0 28 0 0 68 70 0 77 72 0 0 8 34 3 0 0 76 62 75 58 0 0 0 38 0 0 6 18 39 0 0 0 40 36 0 13 0 0 36 83 0 32 11 87 82 0 26 0 10 0 0 11 15 0 0 50 0 0 0 12 68 92 0 0 0 0 0 0 14 0 58 0 83 0 0 0 0 4 0 52 0 0 0 74 20 0 45 0 2 0 31 0 0 0 0 0 0 0 43 0 24 77 7 0 3 29 0 40 37 0 25 46 0 19 18 1 1 0 0 12 0 59 0 0 62 41 0 11 0 0 66
 75 85 0 0 0 29 9 0 67 0 15 24 0 56 0 0 60 1 56 45 85 37 0 13 0 84 33 0 2 37 0 65 48 0 70 0 0 82 0 0 14 31 0 0 0 79 5 0 47 47 8 40 7 43 18 62 47 12 21 0 16 29 0 0 8 47 0 47 0 0 0 2 0 0 94 37 91 0 33 1 10 0 36 0 0 0 33 0 64 8 0 72 23 0 68 29 32 10 0 0 19 58 28 0 27 13 7 0 25 0 26 61 75 85 0 4 0 0 0 6 20 59 0 0 0 70 38 50 10 0 5 84 0 6 0 0 9 0 15 0 66 14 0 0 21 0 0 0 0 17 6 0 6 0 0 0 0 0 0 0 0 0 1 0 16 27 0 0 5 0 39 85 0 0 0 0 32 0 0 25 24 26 0 12 0 0 0 22 0 0 0 20 93 96 28 37 44 7 0 63
 1 0 0 15 77 26 8 9 28 0 0 1 4 0 28 10 6 46 0 0 47 0 31 1 16 7 46 0 22 14 5 0 10 8 24 18 42 61 39 0 25 0 65 2 0 13 7 40 0 44 0 73 0 14 0 0 13 0 0 0 55 22 0 0 10 12 0 0 0 28 0 39 23 0 0 0 0 0 0 0 22 0 85 83 0 7 55 0 0 0 0 3 0 0 0 0 7 0 0 35 0 0 0 20 29 5 17 24 84 0 0 0 55 24 90 0 26 11 29 22 7 27 44 0 4 0 0 0 0 0 29 45 44 0 0 0 28 14 61 0 35 0 0 78 10 0 36 0 60 40 46 94 0 0 34 6 0 45 20 12 77 44 41 42 0 0 0 0 75 3 77 0 0 43 0 19 0 0 0 42 0 24 0 55 35 0 20 0 0 21 0 0 0 0 57 90 0 19 30 0
 49 31 0 8 0 46 0 80 0 0 0 13 0 9 24 3 31 0 16 0 24 41 0 67 0 43 0 28 10 0 0 0 0 6 0 0 0 18 84 38 69 35 14 59 35 0 0 6 0 0 0 0 37 38 25 23 0 0 43 0 0 28 0 0 48 67 75 0 27 1 0 0 37 0 63 15 0 0 63 0 0 11 0 31 0 0 28 74 0 0 0 4 0 56 41 7 0 0 15 0 0 8 0 16 0 20 6 68 34 0 0 0 30 13 0 0 0 0 42 1 74 54 17 0 14 0 23 5 0 0 30 16 0 20 92 0 69 32 3 0 0 67 0 3 0 0 6 10 27 1 0 1 0 35 0 13 0 51 32 0 0 0 23 7 0 24 17 0 0 0 4 19 35 0 0 0 3 59 58 10 0 34 10 42 0 0 0 0 27 0 0 0 0 64 98 0 0 0 18 31
 0 0 0 47 51 0 50 1 89 17 0 0 0 0 10 10 0 17 13 27 0 41 0 0 21 1 1 49 0 0 2 61 0 0 0 0 0 0 0 0 15 88 18 74 0 26 16 0 27 0 74 12 27 27 19 0 0 0 7 39 0 0 60 39 53 47 0 12 77 0 0 87 22 4 20 82 0 0 61 0 24 46 0 0 30 61 27 0 0 0 81 0 37 2 0 10 19 0 25 0 18 16 0 35 0 54 0 12 57 19 40 0 90 39 0 42 63 0 0 0 9 0 0 11 81 38 28 33 1 0 20 0 34 6 16 33 39 38 16 6 0 43 0 7 0 0 0 0 92 0 30 0 0 0 0 6 62 0 69 0 0 0 0 0 0 15 69 0 64 0 0 0 35 70 0 54 0 59 40 0 0 18 3 0 0 0 0 19 77 15 0 43 0 91 16 0 43 0 0 29
 0 3 31 74 0 67 0 0 51 0 74 30 0 0 0 64 0 0 5 47 24 57 0 0 0 21 10 0 0 16 0 0 22 34 0 65 0 0 21 0 0 93 9 23 23 6 17 36 0 59 27 0 30 57 9 31 17 0 0 37 0 3 23 4 6 24 0 0 0 0 0 0 27 7 42 0 43 0 12 1 53 46 0 2 0 0 0 0 45 34 63 54 0 17 0 0 0 15 0 0 49 0 35 0 0 15 0 0 0 30 0 10 0 0 10 9 0 5 0 42 0 0 0 19 36 0 61 0 22 0 0 24 0 0 0 14 0 12 17 88 33 35 8 44 0 16 0 0 0 30 0 9 0 25 0 42 54 0 69 54 0 0 0 0 0 0 0 9 21 67 28 0 0 25 0 29 21 0 0 47 0 38 0 0 0 27 16 68 43 0 20 0 0 29 0 0 19 27 0 0
 0 46 5 0 0 0 41 0 0 23 0 0 0 0 0 0 68 0 11 70 0 59 0 0 0 13 81 60 0 57 39 0 68 0 0 0 0 1 0 0 0 0 92 0 14 16 26 0 0 13 0 0 0 63 0 13 40 82 34 0 49 0 12 47 37 22 0 31 0 0 0 23 0 32 0 0 5 20 0 0 0 0 0 15 12 28 6 10 0 0 79 0 70 0 0 0 0 56 0 37 3 25 0 7 12 0 0 0 0 29 0 35 20 48 52 0 40 63 83 0 23 24 0 63 0 0 0 4 0 52 0 0 0 30 6 0 0 29 10 0 0 0 0 6 82 0 0 11 0 0 0 0 3 62 20 0 0 91 0 28 87 37 59 62 12 6 0 45 74 14 12 0 0 15 64 25 0 10 0 41 0 0 0 55 20 3 4 0 30 0 29 0 0 0 0 0 2 0 0 0
 0 5 0 0 0 41 47 8 0 0 0 72 0 74 31 0 0 0 0 0 0 9 11 14 27 1 68 20 0 7 0 0 0 32 67 0 0 15 0 0 0 0 29 45 0 25 33 20 0 49 0 10 0 17 0 35 27 0 0 79 7 12 35 19 0 0 0 0 0 75 73 0 0 50 37 0 13 32 0 0 36 0 0 0 0 0 6 23 35 0 1 0 43 4 31 24 39 58 0 0 60 35 32 3 88 15 30 72 0 40 46 20 0 0 32 78 0 47 0 17 6 9 0 0 0 17 0 0 19 31 42 0 0 3 0 72 0 43 0 0 0 0 2 48 0 58 0 71 0 6 0 88 0 39 20 8 51 32 27 0 0 68 54 0 38 73 29 68 35 6 0 0 0 1 5 0 2 9 52 14 0 0 43 34 3 2 0 0 48 0 8 0 3 39 52 0 60 0 0 0
 79 1 0 0 0 0 0 14 42 16 24 42 0 0 5 82 0 0 0 0 0 0 68 0 0 36 0 76 3 59 0 36 0 18 26 26 0 12 57 0 61 0 0 68 91 0 18 0 0 0 0 0 0 0 0 0 4 0 0 40 0 49 74 0 0 0 2 0 0 0 0 0 0 0 0 0 10 66 57 0 0 0 19 49 76 0 68 0 50 0 32 0 11 15 0 0 0 35 0 53 0 0 36 16 25 19 54 38 0 73 36 18 0 13 0 0 54 0 0 50 0 0 0 26 0 25 0 0 0 0 0 10 0 0 11 13 46 76 0 0 42 10 0 0 58 0 31 0 0 0 0 0 0 0 29 0 19 0 61 28 0 0 0 0 3 0 0 12 72 72 46 2 0 20 0 0 0 0 7 0 0 0 56 8 0 0 51 0 0 0 18 0 8 58 0 0 0 29 0 0
 28 23 0 0 0 33 47 56 0 59 0 18 0 24 0 30 48 44 58 0 49 85 54 5 10 0 0 52 0 15 0 9 0 0 0 0 40 0 0 31 0 0 0 0 24 16 9 3 20 96 36 0 11 52 15 7 10 0 1 43 0 0 38 0 0 21 0 92 0 0 29 0 0 12 46 29 53 9 0 57 0 28 0 44 7 11 13 0 0 0 0 0 54 0 73 55 0 0 0 0 0 75 0 2 14 0 8 0 0 5 0 5 32 37 0 0 42 7 0 0 35 16 0 32 0 36 0 0 33 0 37 0 43 0 0 7 0 0 0 0 0 0 0 7 0 0 0 29 0 26 7 48 0 34 0 3 0 18 0 42 41 46 0 0 0 16 0 30 1 44 0 0 57 0 60 0 0 61 87 0 0 7 0 7 0 0 0 7 52 64 0 0 0 0 74 0 75 0 0 38
 68 0 72 61 0 0 3 22 58 0 0 8 45 0 0 0 7 0 0 9 70 7 0 7 0 33 0 0 0 0 81 0 22 40 0 0 26 0 0 63 0 0 0 0 0 0 55 65 0 0 0 38 0 0 0 0 3 14 24 0 0 27 49 40 0 0 52 32 0 51 0 0 81 0 0 0 4 0 0 38 0 0 65 1 0 39 0 0 0 43 0 5 0 53 0 42 38 19 77 3 5 0 0 0 0 0 64 23 0 0 0 0 0 0 0 0 35 35 0 0 8 0 25 0 0 0 0 0 0 0 0 0 0 0 0 0 41 0 0 0 57 18 0 42 0 0 54 7 0 0 0 68 0 0 49 0 0 48 62 49 18 0 38 0 66 9 0 37 0 0 18 0 0 55 0 39 37 9 0 32 0 25 0 9 17 0 0 0 62 46 13 81 65 18 41 35 29 23 1 25
 18 0 33 60 0 0 0 36 0 0 2 12 60 0 0 48 15 0 0 18 0 10 13 72 23 60 0 0 0 0 0 0 0 7 0 76 20 21 0 0 14 0 6 0 27 0 0 46 0 0 0 36 38 0 48 53 0 0 35 0 0 0 17 0 22 0 18 0 0 18 6 0 58 0 15 13 0 46 0 0 0 0 58 75 0 12 39 0 51 0 0 0 73 9 0 57 24 0 0 37 0 67 0 28 0 2 0 0 0 0 0 37 6 12 13 39 9 39 0 0 23 73 0 0 55 67 22 0 0 47 22 24 6 0 0 4 0 22 81 43 0 11 0 81 26 0 7 26 78 22 0 46 19 0 2 85 0 0 0 0 0 73 35 0 15 27 0 40 53 21 0 25 0 0 54 7 57 50 56 0 0 0 18 0 0 0 0 3 0 81 16 0 54 59 0 0 68 0 65 27
 74 0 0 0 0 0 25 45 78 0 0 0 0 0 22 72 26 0 51 0 17 0 0 2 19 0 0 0 0 21 0 0 0 0 0 17 26 0 48 30 0 56 26 46 57 0 41 32 57 0 26 0 8 35 22 13 93 56 0 4 12 3 44 65 0 75 4 0 17 5 78 25 3 0 0 0 0 0 0 0 0 5 74 22 0 49 0 0 90 0 0 0 3 0 0 13 34 0 0 14 0 0 0 0 0 0 39 0 0 0 0 54 0 52 0 24 51 0 0 0 0 62 0 10 0 90 0 0 70 0 18 28 0 0 28 0 25 67 0 29 11 30 6 0 0 44 17 0 27 0 60 0 40 0 0 11 26 32 0 0 11 18 0 20 57 73 9 0 1 16 49 9 8 0 11 54 61 30 0 0 3 0 2 0 69 0 0 0 0 35 0 0 0 25 37 0 0 62 0 0
 0 0 25 35 80 0 10 0 0 0 0 1 40 23 0 34 63 0 0 25 52 17 0 17 12 0 14 0 22 10 43 0 54 75 34 42 0 0 0 8 21 0 0 0 62 0 23 5 47 8 50 24 13 70 10 0 0 0 0 13 0 36 0 39 0 46 0 0 62 56 0 0 0 0 16 44 0 0 0 0 0 0 14 31 0 0 56 16 43 0 0 48 1 0 36 0 35 41 0 64 25 42 57 0 0 0 25 0 76 38 0 35 47 0 8 11 12 0 50 0 33 0 57 84 56 20 91 0 94 0 5 0 0 0 0 0 69 0 0 1 0 7 65 2 5 49 52 0 42 0 0 0 4 0 4 8 26 69 0 46 90 36 0 0 0 0 28 0 0 19 2 10 18 43 16 62 0 0 30 61 0 0 53 0 63 0 5 0 65 0 36 0 0 2 0 48 68 0 9 20
 0 36 79 0 29 54 78 0 0 27 0 0 50 70 52 0 53 6 38 0 58 0 0 7 30 0 0 0 0 0 0 36 0 0 0 13 0 0 29 17 0 0 65 3 8 0 3 9 0 0 51 0 49 0 0 0 0 0 21 0 35 0 0 0 13 68 0 25 0 20 66 26 4 8 0 0 0 56 18 0 1 9 0 0 0 0 0 0 0 5 0 0 9 0 0 0 0 0 0 44 0 58 49 52 61 36 33 0 0 75 43 0 0 55 0 6 0 73 0 72 0 0 0 13 0 0 0 0 61 27 0 3 0 0 17 41 37 0 0 81 0 0 0 0 0 0 13 0 24 22 0 62 0 31 31 44 29 0 14 30 8 0 0 16 53 0 57 35 0 0 0 38 14 0 0 36 16 0 0 0 24 0 0 47 0 0 28 38 0 0 55 57 17 35 20 73 7 7 59 51
 16 25 4 18 0 29 34 43 0 0 55 0 18 0 0 7 37 91 0 55 51 0 0 0 2 0 0 65 41 0 0 0 35 0 6 40 1 0 0 28 0 13 9 0 20 73 0 0 17 0 14 2 1 0 0 0 7 80 0 0 0 0 0 12 0 0 0 0 0 19 5 58 0 73 29 16 26 51 78 0 31 58 19 19 4 0 33 0 0 0 34 73 0 0 0 0 0 0 0 0 17 0 0 0 0 0 0 0 61 0 58 24 0 30 21 31 17 11 0 0 0 43 0 0 0 0 0 30 42 0 34 0 0 0 61 0 55 44 70 58 0 37 0 0 55 0 90 49 25 0 0 25 7 51 0 10 0 0 35 0 0 65 0 51 0 0 0 40 0 54 0 70 77 35 0 0 75 21 0 71 32 0 0 7 0 0 52 0 21 29 0 0 6 38 41 0 0 0 78 55
 0 0 0 19 33 6 0 0 4 0 64 18 75 0 0 50 0 0 82 59 0 39 0 17 0 0 0 0 68 2 28 0 12 0 0 0 0 0 2 0 0 0 18 24 83 0 46 0 0 0 0 0 30 0 23 0 0 57 0 33 0 81 41 28 0 0 45 0 0 17 0 67 0 0 23 55 0 44 45 0 29 0 0 0 13 0 73 24 0 0 3 0 0 58 0 0 49 0 0 42 14 0 32 0 0 1 6 57 29 0 0 0 0 0 39 0 31 0 0 8 0 0 0 22 91 68 41 58 0 0 8 0 38 0 0 0 41 0 25 0 0 0 0 0 34 0 8 0 0 6 0 45 0 45 0 61 41 40 1 0 35 41 0 0 0 52 70 39 0 37 1 0 91 0 0 0 0 18 0 16 0 0 47 0 0 9 65 22 0 40 0 18 6 6 0 37 9 50 0 0
 0 0 0 0 28 0 4 71 0 0 0 38 9 36 0 0 0 21 0 0 0 46 13 26 47 43 16 34 27 0 0 0 2 0 36 0 0 0 0 0 0 0 0 0 38 0 12 15 0 0 47 5 22 70 12 25 0 16 36 36 0 0 38 0 0 79 0 3 21 0 0 5 0 0 0 0 43 74 6 0 32 28 0 34 20 0 51 0 0 0 0 0 0 0 0 0 0 0 22 54 0 37 0 3 31 0 11 27 47 19 0 74 4 0 35 0 0 34 0 0 0 0 0 0 54 0 18 37 0 0 0 0 0 71 24 0 95 0 0 22 43 20 26 0 28 0 0 0 0 0 0 14 5 67 79 7 0 59 52 0 0 0 0 0 31 13 0 0 0 84 11 20 0 56 44 0 0 0 1 0 0 3 0 0 22 21 51 0 0 12 0 54 6 41 13 0 21 57 45 38
 0 0 42 0 2 37 0 0 0 0 0 63 0 0 24 2 0 0 0 3 39 31 17 0 0 0 6 25 0 79 25 62 0 61 0 58 0 0 43 0 0 0 52 28 47 0 11 0 0 0 10 25 0 0 84 0 71 54 0 67 58 0 0 13 0 69 54 16 10 6 74 0 0 57 0 0 0 13 28 16 0 0 0 16 0 0 17 0 15 4 21 90 22 0 0 73 0 0 0 39 0 30 0 82 0 59 45 6 0 25 0 0 0 0 54 0 27 0 16 2 34 5 0 0 39 0 0 4 0 42 0 1 0 29 0 22 8 0 0 25 0 53 32 0 24 10 0 63 39 0 14 0 0 0 18 48 0 0 0 70 0 33 0 60 0 27 0 0 4 0 29 0 0 52 0 61 0 0 0 0 0 0 2 0 61 31 39 23 0 6 62 0 14 49 0 1 0 7 40 22
 0 0 25 0 33 0 54 0 9 0 27 0 8 0 14 74 0 0 6 0 20 36 0 0 0 0 26 0 9 0 42 0 21 6 0 75 0 0 13 0 5 0 0 0 3 0 23 0 0 38 7 18 14 0 1 21 20 53 17 0 0 1 0 51 14 26 0 0 0 1 0 0 0 0 56 12 38 53 42 0 0 0 69 36 13 50 0 0 4 0 18 0 30 0 89 37 12 19 16 2 33 51 0 0 83 0 53 0 47 0 0 23 0 0 0 0 9 0 20 0 22 21 0 35 0 52 10 6 0 23 8 74 42 0 45 0 28 0 0 0 0 0 0 81 58 0 42 0 41 0 47 0 0 48 0 39 9 54 69 0 0 2 0 0 0 23 0 25 0 52 57 0 4 79 67 50 0 19 0 0 10 0 9 48 0 0 66 0 69 17 8 14 0 2 0 0 0 60 0 4
 6 15 35 0 0 0 0 0 65 75 0 42 0 13 0 0 0 18 0 7 0 0 0 0 42 45 0 0 37 32 36 8 5 49 0 35 32 0 0 5 13 0 0 0 0 0 0 78 0 49 46 0 4 17 0 0 55 9 41 0 0 28 43 0 0 0 25 58 19 0 0 36 32 45 78 11 13 48 0 0 0 40 0 0 0 79 70 0 61 47 58 22 35 0 18 33 0 7 0 63 0 0 0 43 7 67 57 68 64 0 0 0 26 0 18 18 46 59 0 50 1 0 0 20 0 0 1 0 13 38 14 0 16 0 0 0 0 18 0 0 37 0 24 0 75 0 0 0 0 19 47 0 72 0 0 0 71 0 5 2 0 95 0 5 25 0 19 0 0 25 0 0 0 41 74 0 4 0 2 0 59 0 36 0 48 35 0 6 34 0 12 0 100 0 0 45 5 37 58 60
 53 0 21 0 0 28 28 0 0 0 0 95 14 5 0 0 6 51 0 13 0 27 0 24 0 0 0 0 0 15 46 0 39 0 12 0 0 0 9 49 27 3 0 26 1 9 0 28 0 36 53 0 0 0 0 0 0 60 32 0 0 77 22 0 13 25 2 16 0 25 29 0 0 2 57 0 0 42 56 52 12 0 0 0 0 0 0 11 0 0 43 0 9 13 0 41 0 0 0 0 15 10 0 0 53 0 0 19 0 35 0 0 48 0 0 33 20 0 0 40 80 25 0 0 20 19 23 0 0 28 0 15 46 21 93 24 0 0 64 52 27 42 0 0 29 17 0 0 0 0 12 0 37 48 0 0 42 0 0 10 93 31 0 84 25 7 30 0 28 50 0 0 5 0 80 49 3 19 0 96 4 31 0 5 22 37 0 45 9 50 23 30 0 31 56 0 49 11 51 59
 0 32 40 0 85 16 0 0 0 0 66 42 0 2 0 0 0 0 0 74 0 0 14 19 67 20 0 0 0 76 95 0 21 0 32 91 16 0 47 0 0 40 0 63 50 0 0 0 36 17 0 9 58 0 31 0 0 0 71 13 53 0 62 24 20 50 0 0 61 0 16 0 0 55 0 0 43 0 0 10 45 17 0 0 0 0 36 0 0 0 28 22 0 10 0 0 91 5 45 42 0 46 0 0 0 0 0 68 19 0 0 0 0 32 86 0 27 0 0 0 0 0 7 3 0 0 76 0 32 23 5 73 0 42 11 38 7 0 23 8 0 22 0 0 48 43 34 0 4 0 0 0 42 1 0 0 62 70 0 41 0 31 25 10 0 44 0 46 24 0 0 0 0 0 0 0 0 0 0 8 6 82 0 29 58 0 59 9 0 0 0 0 0 2 0 65 41 0 35 7
 38 0 11 64 0 0 10 0 6 0 0 10 0 0 0 19 0 0 21 5 12 64 17 0 60 5 91 0 15 0 44 6 63 0 0 6 0 35 41 30 0 0 75 0 0 0 58 34 0 0 59 7 0 0 0 67 39 54 0 87 0 0 0 16 0 17 0 0 30 31 64 42 5 64 0 0 2 0 60 0 0 21 0 5 6 0 10 0 0 22 0 10 4 0 0 0 35 2 0 0 40 55 47 0 61 0 19 0 0 0 0 51 0 0 20 0 0 0 62 0 48 0 0 0 0 33 0 5 43 0 6 10 60 44 36 28 0 0 19 16 19 9 73 56 5 0 3 0 0 0 45 0 18 0 30 34 21 0 15 51 9 44 5 0 0 7 5 16 26 0 0 48 0 0 6 74 0 0 8 0 0 0 5 6 53 41 15 0 0 21 17 0 39 52 0 33 0 19 0 0
 0 0 5 10 80 0 0 0 0 0 17 44 0 0 11 0 47 26 77 88 0 54 0 0 71 0 0 40 0 32 32 3 46 37 0 83 14 0 0 62 26 1 0 0 50 51 46 4 0 7 0 72 30 2 0 44 60 9 0 17 56 0 0 0 22 5 0 49 0 0 0 0 0 6 24 0 0 0 9 0 26 41 43 0 46 0 0 0 20 0 0 52 35 11 27 0 43 30 0 0 30 0 0 17 0 0 0 0 0 0 0 0 0 0 0 0 0 76 47 0 0 0 12 0 39 0 0 31 0 0 0 17 0 0 0 12 0 21 32 0 40 60 0 57 93 24 55 83 0 0 17 0 0 75 0 66 10 0 0 54 0 49 79 13 0 12 0 48 15 0 0 17 0 0 0 0 32 71 0 0 12 51 9 0 19 0 75 0 5 10 13 72 0 38 0 0 13 0 40 0
 0 0 0 0 9 39 0 20 62 0 55 0 62 0 0 80 8 41 0 0 46 13 1 0 44 40 0 78 33 0 0 16 0 53 84 64 0 0 0 0 49 0 35 0 0 59 0 31 0 0 52 30 0 59 12 0 0 0 20 58 24 63 75 0 2 5 7 15 8 14 92 0 0 0 32 64 30 17 51 0 0 0 0 15 0 46 80 3 0 45 14 20 48 6 0 0 0 29 28 18 0 0 0 0 31 7 0 29 0 0 0 0 0 14 0 5 0 0 0 25 62 37 23 0 0 0 0 0 70 8 33 71 55 2 86 0 20 33 53 0 0 28 81 0 0 61 20 0 32 0 6 15 0 98 25 82 0 71 72 4 22 0 70 55 0 25 63 0 0 27 0 0 42 33 0 0 5 18 0 26 59 0 30 14 0 0 1 0 0 28 80 51 0 14 11 0 74 0 31 55
 0 0 45 55 0 36 0 0 0 44 0 0 0 46 0 0 0 0 59 40 0 0 0 3 0 0 38 46 33 0 0 21 10 0 0 50 0 72 19 70 0 0 0 0 0 0 0 0 0 38 1 49 0 0 16 13 0 0 0 9 65 0 21 0 16 25 57 6 0 22 28 19 31 72 0 28 5 0 0 24 0 41 34 1 21 11 3 0 0 13 0 40 0 24 0 0 28 23 0 36 0 0 36 67 0 0 18 1 33 0 70 0 0 38 0 0 0 0 38 0 0 0 71 0 13 0 56 46 0 31 0 0 11 0 76 0 8 26 40 14 0 50 0 0 19 0 28 0 6 2 0 0 65 18 0 87 0 48 26 0 0 0 0 4 0 16 14 0 0 0 0 0 4 0 0 0 72 0 0 36 0 52 0 21 18 7 0 0 0 47 0 55 22 42 0 28 0 49 5 0
 52 51 7 0 23 61 33 0 0 0 52 27 6 0 20 65 0 0 0 63 0 2 3 25 27 0 12 0 61 0 41 0 75 13 99 0 43 7 76 11 0 0 0 0 2 40 0 0 0 0 40 0 0 87 0 0 45 29 0 0 23 53 51 99 0 0 0 64 0 0 0 0 35 19 43 66 0 0 0 36 0 0 0 0 0 0 0 0 0 15 0 39 0 0 0 72 0 25 0 48 0 80 0 9 76 0 37 0 0 0 0 0 29 0 45 61 0 8 0 0 0 40 11 36 0 0 24 90 0 0 0 0 0 70 0 0 0 0 36 65 0 84 2 0 64 0 0 53 0 0 0 0 0 8 45 48 25 14 0 13 27 6 0 34 37 15 71 43 0 38 24 58 4 21 44 72 0 3 0 25 36 2 0 0 0 0 0 0 0 14 17 0 0 0 0 0 0 23 1 44
 57 0 0 0 0 6 0 60 57 45 0 0 0 0 8 48 0 0 0 0 92 26 0 0 0 41 0 0 18 82 22 0 0 41 35 0 68 0 0 0 0 0 0 45 97 86 65 0 71 45 0 19 2 31 3 0 34 0 0 33 0 0 0 3 67 0 30 2 3 17 0 0 6 25 32 3 0 18 60 86 0 0 0 0 0 16 26 0 73 34 15 8 0 36 48 0 0 0 0 20 0 0 0 0 0 0 14 0 13 0 11 0 0 11 4 42 0 0 0 26 57 35 54 40 9 78 26 17 0 0 0 0 1 63 0 3 0 66 0 34 9 15 0 0 2 33 43 0 67 0 0 0 0 24 0 18 0 0 0 17 0 0 0 0 12 85 3 0 0 0 4 0 0 0 79 29 0 52 0 0 55 66 11 0 2 0 0 6 27 0 0 17 25 0 0 55 0 24 0 26
 23 71 35 58 0 0 92 0 88 76 0 0 0 0 59 7 12 0 0 0 20 52 16 0 33 0 0 44 25 0 32 20 0 0 0 54 0 0 0 0 0 0 0 12 22 0 10 60 0 0 0 0 68 0 0 0 44 0 0 0 0 0 0 3 76 68 0 65 0 61 0 0 0 0 55 51 0 0 77 0 0 0 88 60 0 8 0 0 0 29 88 36 30 9 0 39 0 0 7 0 0 0 82 0 9 0 0 0 0 0 63 7 28 0 5 0 0 39 0 23 0 36 48 9 3 0 36 0 0 0 78 0 3 68 64 0 0 13 0 0 0 0 31 63 53 8 11 0 0 50 47 36 2 15 27 14 0 0 57 39 0 87 0 0 0 0 0 0 0 0 0 0 41 0 0 0 0 0 45 39 0 46 0 48 0 0 44 58 5 27 49 8 63 51 24 0 21 21 14 0
 34 0 0 91 0 0 0 0 0 0 0 35 28 37 86 0 0 29 0 0 0 73 0 0 25 0 0 32 0 0 0 6 0 0 42 0 16 7 58 0 4 0 23 78 0 26 0 0 0 55 17 0 0 69 0 2 0 0 57 28 48 0 0 20 0 66 6 0 0 71 0 19 37 14 0 0 5 29 36 13 0 10 0 67 0 44 17 24 14 0 0 13 2 0 0 33 0 0 0 20 37 22 0 17 0 41 0 0 15 0 0 55 77 0 53 0 44 0 0 0 0 9 0 14 0 71 77 0 0 0 0 5 0 0 63 0 5 61 0 0 14 12 0 0 37 0 0 0 0 66 0 2 29 32 0 28 0 0 22 0 3 0 3 86 9 32 0 40 0 35 66 37 0 48 0 0 0 68 0 0 0 19 0 39 16 36 54 20 15 0 0 48 0 29 0 52 4 47 95 19
 11 19 0 0 44 75 0 0 36 0 63 0 22 52 66 0 0 0 67 0 14 5 0 11 96 9 54 0 0 6 0 21 0 62 9 53 0 0 20 90 0 24 0 53 2 0 0 45 26 57 0 68 1 0 0 1 0 0 13 46 0 0 0 0 0 0 53 74 24 31 3 15 69 0 5 0 0 1 15 21 0 58 35 0 6 12 3 16 0 0 0 68 40 0 0 0 0 0 0 0 0 47 21 0 0 22 0 0 0 35 47 66 56 19 0 44 0 0 0 0 0 9 0 0 0 0 0 0 5 44 11 0 57 0 37 70 0 27 19 28 0 39 67 0 69 54 0 0 72 0 14 0 0 30 10 0 0 57 6 0 0 0 42 0 0 28 12 0 43 87 11 0 0 5 14 0 0 0 15 57 54 0 0 0 0 0 0 31 45 8 54 63 28 0 22 0 0 0 0 8
 0 28 29 60 48 41 29 30 32 0 0 0 0 0 0 15 76 0 0 4 26 36 37 4 0 0 0 0 0 49 0 61 43 26 91 0 14 13 42 0 0 59 16 87 5 11 28 32 0 0 13 76 2 0 0 64 0 32 0 0 52 0 35 26 0 6 9 0 14 0 52 20 4 34 0 76 6 9 0 0 0 57 63 11 49 0 38 3 0 0 3 12 0 52 33 47 0 0 61 15 0 2 0 16 0 0 8 1 8 58 0 0 47 0 0 0 0 67 31 0 27 0 0 7 36 3 23 83 0 44 81 0 0 0 0 20 0 0 0 0 0 0 64 0 41 0 50 38 43 11 39 16 0 0 54 0 0 0 14 16 9 0 8 0 10 0 0 0 0 0 0 79 0 0 0 0 12 11 15 0 0 0 51 23 15 0 41 0 0 0 0 21 16 0 0 0 18 0 0 3
 20 0 0 0 0 0 45 0 2 27 4 0 0 0 34 56 0 32 22 0 28 3 0 0 49 50 38 0 29 0 43 9 30 44 37 57 50 20 0 0 0 3 67 0 34 0 0 0 0 0 0 0 0 66 0 0 19 0 27 0 35 0 0 81 0 0 0 0 64 9 32 0 0 0 58 27 0 27 16 18 0 23 60 11 9 2 0 0 0 0 36 4 22 63 0 0 31 0 4 0 24 54 49 0 0 39 0 0 0 34 8 2 0 16 60 11 39 32 0 62 49 0 0 60 31 17 0 0 0 0 0 0 27 24 0 0 0 10 1 43 0 0 0 51 0 30 39 1 0 0 65 48 0 0 24 51 3 20 47 0 53 35 15 0 10 24 38 0 0 47 88 0 1 0 58 58 0 27 1 46 39 0 0 89 0 1 0 0 0 0 0 0 0 35 0 0 28 0 70 0
 0 5 44 83 87 23 0 0 0 55 11 0 28 59 28 0 13 47 0 0 64 0 0 0 0 72 0 0 58 51 0 22 55 44 0 18 0 65 56 17 77 58 32 0 34 0 53 0 0 42 0 0 67 22 0 14 27 0 0 0 16 0 0 25 13 47 16 0 0 0 50 0 40 0 10 62 0 82 0 0 0 0 68 0 0 60 50 0 70 2 0 58 0 0 70 0 36 0 6 6 0 23 66 10 0 22 2 53 45 10 0 0 0 33 14 36 0 0 0 0 0 0 0 49 38 0 68 46 37 19 0 14 0 0 0 60 0 15 0 0 0 0 0 7 21 17 0 0 0 0 0 48 0 0 0 0 87 0 18 0 81 0 26 0 38 0 0 83 41 0 0 0 26 28 27 0 81 32 9 63 0 0 0 45 22 0 16 0 0 22 68 46 0 0 42 64 29 30 0 51
 0 20 0 0 3 0 0 0 30 0 0 10 0 33 38 0 23 60 0 24 0 78 22 0 0 0 66 33 0 0 0 0 95 54 0 0 21 0 0 30 0 47 0 60 11 23 55 77 0 50 0 0 0 0 55 65 0 38 2 0 37 4 0 78 16 52 0 0 0 8 60 66 0 0 30 0 6 0 0 31 34 0 58 0 0 0 0 0 39 0 60 0 0 0 0 31 43 0 54 4 0 21 0 8 0 8 23 62 11 3 35 0 0 0 42 0 0 0 0 0 0 0 0 30 0 0 68 0 0 0 0 0 0 49 19 53 0 0 0 0 0 0 6 0 14 0 0 24 0 35 23 0 0 18 57 11 0 0 0 16 67 0 23 27 0 0 0 31 63 10 9 64 0 0 31 0 10 0 5 49 5 11 12 0 56 18 0 8 0 19 0 0 53 0 0 30 0 27 78 85
 75 4 33 18 0 0 4 62 21 12 75 0 0 0 0 42 2 28 0 34 0 69 0 4 60 0 49 0 49 0 0 0 0 0 15 96 26 71 0 0 0 0 0 30 4 55 0 0 0 28 0 52 21 57 15 7 0 27 25 0 81 36 0 0 0 73 0 0 0 69 0 71 40 0 0 2 0 90 0 0 0 51 0 0 52 26 0 0 0 67 0 41 59 36 55 54 60 25 0 0 32 2 23 0 12 0 0 0 76 42 15 17 97 0 0 0 0 0 0 51 0 0 0 0 0 0 0 31 51 0 18 68 0 0 0 9 0 0 34 0 0 0 0 9 0 0 0 0 0 29 0 0 0 38 32 31 36 0 0 29 15 40 76 0 0 47 3 62 12 0 0 13 31 0 0 0 21 16 53 30 0 11 26 0 0 0 0 0 0 25 65 0 2 0 95 22 8 0 3 11
 27 32 0 0 0 0 0 0 78 0 0 18 0 0 78 0 0 0 0 0 6 0 7 28 0 53 0 61 69 13 0 20 19 0 37 16 0 41 68 39 0 0 0 0 58 0 35 7 3 15 0 0 32 46 0 7 0 0 0 0 0 53 0 0 0 33 0 44 0 7 4 39 5 12 11 21 0 0 10 0 0 0 0 7 0 19 0 0 49 0 14 50 0 0 0 0 36 54 0 0 22 29 0 0 0 32 0 0 4 62 58 84 0 0 0 59 31 27 43 0 0 0 0 0 0 0 0 63 0 97 0 4 80 0 10 51 14 0 0 0 9 43 0 24 0 11 75 0 16 0 0 0 0 20 0 27 33 6 0 0 0 4 1 11 46 41 6 18 0 0 0 2 12 0 0 0 48 27 0 0 0 0 12 0 32 3 0 62 0 44 26 0 0 0 14 0 0 0 38 25
 0 7 0 0 0 48 0 0 54 0 0 24 0 0 0 0 0 0 0 52 14 0 0 0 0 6 10 0 0 16 24 0 0 16 17 22 0 0 29 0 0 0 31 0 10 0 37 0 54 0 23 0 0 58 7 0 0 0 36 28 0 0 11 0 0 0 23 0 51 0 0 0 36 0 49 0 4 0 0 7 0 0 0 0 0 30 33 14 0 0 0 42 0 34 0 0 0 39 0 53 0 4 0 31 23 0 42 0 0 18 0 0 0 26 0 10 0 28 72 0 41 0 0 17 0 53 0 11 0 23 9 45 10 0 50 31 0 16 0 35 0 0 16 0 23 18 0 19 8 68 27 0 0 37 0 4 0 0 60 0 14 0 0 25 3 25 0 7 0 1 15 0 0 26 62 0 36 15 0 0 0 0 0 0 38 34 51 0 0 23 16 0 27 37 0 22 0 0 0 65
 0 34 23 0 0 19 13 81 0 0 0 0 0 40 0 12 46 2 26 0 0 62 0 48 0 55 61 0 24 0 0 0 4 54 5 38 48 0 12 0 0 3 4 7 18 0 73 0 32 0 70 0 0 30 55 0 0 30 57 43 78 0 0 0 0 0 10 66 0 0 0 3 0 0 59 58 0 0 0 47 9 30 0 0 17 0 20 70 58 36 84 29 0 14 0 0 0 47 20 0 0 0 0 58 2 0 8 43 34 0 39 48 54 13 53 31 7 35 36 0 22 15 64 17 23 25 0 24 43 0 0 0 34 14 0 50 73 0 14 0 17 5 0 0 17 0 73 0 66 13 0 42 32 0 0 0 5 28 0 0 0 0 91 0 16 60 0 29 28 17 28 46 12 0 0 0 6 15 29 0 3 38 39 65 54 0 0 0 23 31 8 0 6 87 0 19 0 23 0 63
 0 0 4 58 0 2 0 79 0 0 0 0 71 8 1 0 0 0 15 79 84 0 22 3 28 22 0 44 56 71 0 6 0 0 0 0 0 0 28 22 52 0 0 0 0 0 0 32 27 25 6 0 24 0 5 0 0 9 0 0 74 0 0 37 42 10 0 26 0 62 47 0 84 50 0 25 23 69 4 54 76 9 6 0 61 7 34 0 33 0 0 6 0 89 0 51 17 62 14 37 5 0 0 0 0 41 55 0 0 74 33 14 0 48 0 0 0 0 0 44 86 0 50 0 0 37 0 44 0 0 0 0 9 0 83 34 4 44 0 0 13 0 0 0 56 28 0 0 16 0 0 0 2 0 16 0 0 94 27 0 0 0 0 0 68 45 2 51 0 0 0 0 0 0 0 0 0 0 0 0 0 0 0 0 0 0 41 0 0 0 76 36 47 0 21 0 31 0 12 0
 36 11 0 51 26 20 0 0 0 97 12 0 6 25 57 0 42 0 35 65 61 18 2 69 2 20 41 77 8 0 32 47 22 0 4 0 0 8 3 31 23 35 0 0 0 0 20 0 25 75 0 0 0 0 0 0 0 0 10 41 34 0 76 15 0 80 0 0 0 0 0 71 0 69 31 20 0 58 0 0 0 0 43 0 0 0 0 0 80 0 0 0 12 25 61 11 23 0 0 12 0 98 0 0 80 58 11 0 0 0 0 24 0 43 0 29 0 0 0 0 27 36 0 70 36 0 0 0 19 0 85 0 12 0 56 0 68 44 0 0 0 0 0 0 0 0 5 0 0 0 0 20 29 67 17 86 0 36 0 27 0 71 36 0 0 16 0 0 52 55 7 53 11 31 31 58 0 10 52 0 38 0 8 0 0 82 0 68 0 15 0 18 0 3 71 0 0 4 13 11
 0 0 23 0 23 10 0 0 0 0 0 20 0 26 82 65 0 2 0 0 13 0 50 5 0 0 0 0 0 0 26 0 14 0 0 6 38 0 35 0 0 0 2 80 0 26 7 47 21 2 0 0 0 0 0 0 32 0 8 0 0 0 36 18 0 0 0 0 26 0 27 54 13 0 73 61 0 54 61 85 0 0 17 18 4 46 49 0 0 39 0 0 0 12 0 34 0 63 0 64 5 0 18 12 0 0 40 0 0 0 0 34 43 24 23 0 0 6 38 0 3 15 0 0 0 0 27 0 32 0 22 0 0 0 0 26 7 0 67 0 46 0 0 0 0 42 0 6 0 0 8 61 27 23 5 19 0 2 39 40 4 10 0 14 24 14 0 3 36 0 0 0 30 0 6 0 36 0 30 0 0 0 61 0 46 0 46 0 7 36 60 21 0 0 4 18 0 66 0 52
 0 51 0 0 44 40 7 5 0 86 0 0 0 0 4 0 0 18 68 0 11 0 49 0 35 0 0 0 32 0 0 17 34 18 18 0 35 0 21 63 35 0 1 22 24 0 0 75 31 28 78 32 55 9 0 43 17 0 0 16 4 20 0 0 0 47 0 0 24 0 9 0 7 56 0 0 0 14 0 54 0 0 55 0 0 14 16 0 0 0 12 0 30 23 12 0 50 0 0 0 39 48 5 0 0 25 0 41 41 0 0 22 48 27 0 20 19 0 0 0 27 10 0 58 18 9 0 0 64 5 0 0 0 73 0 66 0 16 36 0 0 0 10 19 42 0 25 0 0 65 32 0 0 0 0 0 31 0 35 55 0 16 0 0 0 0 0 50 0 0 75 0 0 0 57 0 0 0 0 0 0 4 11 0 20 0 8 0 0 64 27 0 89 0 29 90 36 0 0 0
 0 60 0 34 0 0 12 0 14 16 68 0 2 29 19 48 1 0 71 23 0 25 0 48 0 31 83 0 1 0 0 37 0 0 0 0 0 0 0 19 0 0 35 0 68 63 38 32 27 1 0 0 0 0 57 39 10 0 0 45 0 19 24 29 75 49 2 35 63 38 6 0 86 0 6 0 0 40 36 3 53 2 0 1 0 0 41 0 0 0 0 21 73 0 0 42 39 64 81 0 1 0 0 0 36 0 0 57 0 53 0 0 2 0 45 0 24 19 7 1 11 0 0 0 15 37 0 51 0 0 54 41 0 0 0 78 38 0 0 9 4 0 14 0 26 43 0 21 25 41 22 0 49 0 5 61 0 0 0 18 0 60 0 0 0 17 13 0 27 21 40 0 50 0 0 30 0 83 31 10 86 23 0 8 0 0 0 30 74 25 4 29 0 0 30 2 21 0 33 0
 51 26 40 0 0 0 0 0 11 0 14 33 1 50 36 86 27 0 0 19 0 0 8 0 0 25 0 60 5 12 15 51 0 0 12 0 0 5 56 0 0 0 68 74 14 0 44 18 0 5 0 0 1 0 40 4 0 19 0 0 0 48 0 80 87 48 0 0 0 0 51 5 0 9 58 0 0 4 21 26 0 95 71 11 0 0 32 24 0 18 0 0 34 0 55 0 0 52 0 2 0 56 0 0 0 63 0 35 50 15 0 1 65 0 59 4 1 0 37 21 79 0 0 0 0 0 0 0 30 14 25 0 16 17 0 0 0 50 13 63 0 48 0 11 39 15 37 8 18 67 5 9 0 3 32 46 0 76 0 0 0 35 0 57 34 0 0 0 15 0 0 89 15 25 0 0 27 8 10 13 0 0 0 0 51 70 0 27 37 87 0 57 42 22 0 5 0 6 0 32
 0 0 0 0 93 17 34 27 0 0 49 0 5 0 0 0 0 0 70 75 5 72 17 13 43 0 72 48 49 6 0 0 8 2 0 21 0 0 0 2 87 29 17 37 0 12 0 0 0 0 67 0 3 32 69 0 54 66 26 23 0 5 0 19 10 0 42 0 0 0 0 0 36 58 38 73 0 0 0 0 19 0 31 0 58 0 4 21 0 40 0 0 0 0 0 0 75 0 0 0 20 73 0 4 0 0 0 0 64 0 0 6 0 25 12 0 0 0 62 0 33 0 0 0 6 9 23 73 89 0 0 0 0 38 37 42 0 0 45 26 0 81 35 0 0 0 51 83 69 0 25 0 62 0 0 0 12 1 71 0 7 0 55 0 0 26 55 0 0 0 78 0 20 0 0 11 88 45 15 0 0 5 5 0 0 0 0 1 39 11 0 0 0 65 0 23 0 0 10 2
 0 0 0 0 0 34 0 0 1 0 0 50 55 0 32 23 0 36 0 33 55 0 44 28 0 0 51 0 9 0 0 0 0 0 6 0 13 61 0 0 28 0 0 42 0 0 0 0 0 0 8 0 28 0 0 0 21 13 33 0 43 0 0 56 10 0 0 7 0 0 12 4 36 0 27 34 31 25 0 7 0 0 15 60 7 0 0 16 8 0 76 56 50 0 0 60 0 11 10 0 0 34 23 65 0 27 0 47 0 56 26 47 0 0 0 4 0 32 40 0 0 0 0 0 0 0 75 9 36 3 0 0 68 17 0 0 12 0 0 0 4 0 0 0 33 2 42 0 46 0 0 36 20 0 0 0 0 27 31 41 0 4 19 90 23 18 0 23 33 15 0 0 11 0 0 0 21 0 52 27 15 20 28 0 62 0 0 0 0 9 30 0 0 0 0 3 17 0 0 33
 1 4 8 13 74 0 2 0 62 0 0 0 31 0 39 79 0 0 66 0 0 56 43 0 0 80 0 0 0 14 23 75 0 0 0 0 12 14 32 58 0 22 0 66 0 0 20 1 57 38 14 0 0 0 48 0 72 47 7 0 0 43 0 58 12 76 19 0 0 0 53 37 0 8 35 0 0 51 0 53 12 20 0 0 23 61 0 0 69 47 10 7 85 31 0 0 0 80 4 0 0 60 9 0 17 0 5 12 5 0 0 0 0 5 0 71 75 22 20 32 0 32 0 0 35 0 6 0 0 68 0 31 1 39 0 91 9 0 0 6 0 49 75 3 0 0 0 0 0 0 4 0 0 14 0 82 23 2 59 29 0 0 26 0 7 0 18 12 11 22 0 33 1 7 27 37 44 83 41 67 0 0 0 46 62 22 0 27 0 42 30 41 10 2 51 0 0 16 0 0
 0 61 67 80 78 0 0 0 0 16 59 0 0 61 0 0 19 5 0 30 92 0 0 0 0 0 6 0 7 9 0 42 23 15 29 0 0 15 0 20 0 2 0 14 74 0 0 0 0 7 77 23 50 22 14 0 0 70 15 6 88 0 0 13 0 0 0 0 69 0 0 27 0 0 0 64 0 4 0 0 0 27 21 71 0 97 0 0 0 0 39 0 0 8 66 0 2 0 12 0 2 0 27 48 78 41 0 18 0 0 7 64 59 44 21 77 0 17 22 0 0 0 0 44 0 0 80 36 3 97 0 0 0 51 88 12 8 0 0 0 0 0 9 0 35 54 0 25 5 0 0 0 0 46 52 0 30 37 17 0 0 80 9 62 0 10 24 0 0 49 18 73 16 0 0 20 0 0 0 5 0 0 45 72 0 0 0 0 19 49 59 58 76 4 32 0 49 20 0 54
 23 0 0 13 0 57 25 0 0 4 59 27 6 37 10 0 0 0 3 0 19 0 0 19 0 4 9 4 13 0 0 11 12 6 0 33 0 0 0 0 0 9 0 0 0 0 17 0 13 0 4 0 0 0 0 28 0 0 0 0 52 0 0 47 0 55 0 0 0 41 0 75 11 29 0 0 0 29 0 0 0 0 0 11 63 40 84 9 7 21 32 80 7 0 7 24 0 0 14 0 0 20 0 0 17 0 86 0 53 0 0 0 0 53 0 23 0 0 69 0 0 47 0 38 0 17 26 20 0 0 27 0 0 0 2 5 0 0 10 0 0 26 28 4 0 55 0 0 53 45 39 0 1 0 0 0 0 52 0 13 0 0 53 0 72 0 0 77 0 0 0 0 50 0 7 0 0 0 62 53 0 0 19 7 2 0 0 23 9 0 0 0 37 29 0 0 13 0 0 26
 53 0 0 0 0 0 18 0 47 0 0 59 0 0 83 68 31 0 38 20 77 0 0 56 35 64 49 0 0 0 37 0 15 58 6 54 0 50 0 0 8 86 0 0 16 12 6 31 50 0 66 2 0 30 25 47 6 0 1 29 30 0 49 52 61 52 0 0 0 27 56 5 18 66 0 0 9 38 17 35 40 0 0 0 73 17 0 94 0 0 0 0 60 5 0 0 0 0 5 0 5 0 46 0 52 61 20 56 58 0 1 0 41 0 43 0 0 86 0 0 0 0 0 41 15 0 29 0 33 9 42 0 2 70 78 0 0 17 26 0 0 90 0 0 0 28 0 49 77 50 64 65 2 60 0 34 18 0 47 31 0 0 31 0 57 0 88 0 0 5 29 74 12 0 11 0 0 47 11 0 92 0 0 0 24 31 0 41 21 72 0 0 0 2 54 32 71 0 48 0
 54 0 0 37 21 32 6 0 0 0 73 0 0 87 0 21 0 2 0 5 59 0 0 54 3 24 0 18 4 0 0 0 0 0 0 28 0 0 63 56 8 0 58 0 0 56 56 0 0 0 52 24 21 11 0 0 0 31 10 66 0 0 61 46 0 33 0 36 74 34 0 0 36 0 16 0 0 0 19 11 40 17 17 0 0 25 0 39 53 0 0 49 0 24 0 0 23 0 0 60 0 0 0 0 38 6 0 0 0 53 29 67 0 0 0 29 0 3 57 0 22 0 14 0 59 0 0 67 0 47 88 8 0 29 0 12 0 0 69 39 27 0 11 0 53 14 0 60 0 0 0 0 0 0 0 0 0 0 0 42 71 45 3 53 56 22 0 30 0 13 50 0 0 37 0 0 0 11 20 47 31 0 0 0 33 4 52 20 0 45 0 0 59 0 0 0 0 0 2 70
 11 0 0 0 56 39 38 0 0 0 43 24 0 0 67 0 23 85 0 38 45 12 0 47 0 0 22 0 0 23 0 0 0 0 0 21 4 0 59 85 57 0 83 26 13 58 0 68 47 6 0 30 1 55 0 69 0 10 92 0 80 0 0 0 0 0 35 21 32 28 0 7 0 40 57 0 29 33 0 0 16 0 0 54 0 36 0 14 21 60 50 0 0 0 0 34 0 0 0 0 0 0 0 0 4 0 0 14 69 28 13 13 0 0 5 1 51 0 46 0 0 0 0 0 0 0 15 5 0 0 0 0 25 0 0 0 0 57 49 39 0 0 0 30 46 18 0 0 36 9 0 0 6 0 34 53 0 9 10 0 0 35 1 5 3 54 0 0 40 0 51 0 38 0 5 28 21 73 63 0 86 0 0 33 0 0 0 0 0 49 44 20 0 67 28 35 0 0 42 0
 0 0 41 0 0 73 41 32 22 0 35 0 0 0 0 22 0 0 0 28 4 18 0 32 19 67 15 29 9 0 0 0 0 57 77 49 54 21 10 48 0 0 0 0 0 54 29 11 35 30 44 0 0 29 0 0 0 0 0 72 29 0 27 62 0 0 96 49 0 0 45 0 65 0 4 0 23 8 33 0 92 25 66 0 0 0 0 64 17 0 6 0 47 0 0 28 0 0 77 0 0 29 22 0 7 0 31 15 16 0 0 0 0 20 0 0 2 40 0 33 37 0 20 34 27 8 67 47 23 0 1 0 75 0 13 0 0 19 0 53 0 0 0 0 19 48 0 0 56 51 0 6 20 0 19 0 22 0 0 0 0 0 7 22 0 3 40 32 0 12 0 0 0 38 0 0 0 0 0 0 0 0 0 0 44 0 0 62 72 43 0 0 28 0 41 0 0 0 37 0
 0 82 0 0 5 0 0 6 0 18 22 48 0 0 30 0 0 0 0 0 0 21 0 8 0 0 50 34 21 45 5 26 0 0 0 0 4 0 0 0 14 0 7 33 72 37 0 48 44 0 30 0 72 20 0 32 0 66 0 0 0 0 0 0 0 0 0 0 0 0 0 35 0 0 0 0 0 76 2 29 0 15 10 0 0 10 0 36 0 21 0 78 0 26 66 0 0 0 7 0 24 60 39 0 0 0 51 20 0 0 17 0 0 0 0 0 0 0 14 31 10 43 76 44 0 26 0 0 28 0 60 0 57 0 46 6 42 0 0 72 0 0 62 0 48 0 0 74 0 0 23 0 0 34 0 0 64 0 7 0 0 0 0 13 0 52 0 0 0 62 0 62 0 27 0 0 0 0 20 0 0 0 0 0 80 0 0 18 0 8 0 6 6 57 81 0 46 0 54 13
 27 0 0 0 62 0 0 0 0 0 0 0 65 0 23 0 65 0 0 61 0 39 44 0 35 8 0 0 0 24 0 0 0 72 45 25 0 0 32 20 0 51 0 0 0 0 56 0 0 0 0 79 54 46 0 0 0 0 32 0 0 0 6 25 71 0 0 0 77 0 12 44 0 21 70 73 19 0 37 0 0 0 14 0 0 48 0 0 28 11 0 11 72 0 0 0 52 0 5 0 20 0 2 34 0 24 88 0 22 0 0 4 0 0 0 0 0 0 0 38 40 84 0 10 0 0 3 40 9 8 26 27 25 0 0 41 66 0 38 0 0 37 0 0 0 0 0 0 0 40 21 18 0 46 0 0 0 5 86 0 20 4 42 60 21 0 59 44 84 56 34 0 3 33 71 0 0 90 3 43 0 38 0 0 55 25 9 0 22 0 0 0 47 0 36 46 0 0 29 0
 27 60 36 0 0 0 0 52 54 0 0 32 17 0 27 89 11 0 47 34 0 31 21 15 0 0 0 0 0 0 17 40 0 36 3 0 6 23 14 0 0 0 7 0 0 32 0 0 6 3 4 26 0 12 55 16 4 0 0 35 0 0 0 70 0 0 33 20 0 0 71 11 0 21 0 0 0 0 0 0 8 9 61 29 0 0 15 0 0 14 20 0 87 58 0 0 73 0 53 37 50 0 1 19 0 0 0 0 65 80 0 1 74 0 46 0 72 0 10 0 12 0 83 0 0 0 9 0 0 0 0 0 49 36 0 34 7 0 0 0 0 0 5 0 52 0 0 0 0 71 78 16 0 51 9 0 0 21 0 59 60 2 0 40 0 85 0 9 11 0 63 0 15 0 0 55 35 32 0 19 7 10 0 48 0 0 0 0 0 5 0 0 12 31 76 0 0 0 0 0
 0 42 0 18 0 24 26 22 31 20 52 92 21 18 44 0 0 0 0 0 0 0 0 0 34 41 30 45 0 31 12 0 35 0 0 0 26 0 38 0 29 47 8 0 7 0 41 3 58 0 15 93 80 85 67 0 0 39 49 16 0 52 69 44 0 50 19 11 0 48 0 12 0 9 35 25 16 0 30 0 7 0 31 22 82 0 0 74 46 67 33 0 51 18 62 15 0 65 10 0 45 20 0 0 81 12 13 36 0 72 30 0 76 1 0 0 15 0 6 0 0 0 18 0 36 4 0 0 0 26 59 0 31 0 0 4 21 38 3 0 0 0 78 0 22 50 74 16 0 14 0 0 38 37 78 0 52 0 0 91 65 0 46 0 11 0 0 0 52 15 0 3 0 57 0 0 15 51 0 0 0 0 82 0 37 0 0 0 78 43 0 26 0 0 55 46 8 25 0 72
 0 0 13 0 0 19 4 0 75 22 0 33 0 0 0 0 0 0 71 0 56 0 13 0 71 0 65 71 72 53 55 0 38 0 31 0 0 0 88 0 0 31 44 0 79 0 0 0 0 1 42 10 42 37 0 0 0 0 56 16 4 60 73 0 4 0 0 4 0 71 66 0 0 52 68 48 0 0 0 1 0 2 36 0 55 35 0 52 52 0 0 44 12 46 0 92 0 0 0 0 0 0 56 0 68 90 1 20 0 0 5 0 5 52 0 6 0 7 9 12 28 72 0 12 0 0 41 0 0 14 34 0 82 82 0 8 38 0 0 0 13 0 54 0 42 27 0 51 0 8 43 18 8 49 76 0 25 0 0 0 0 0 0 41 0 0 0 70 14 40 4 0 54 18 45 11 0 0 21 0 76 0 0 0 49 0 0 0 0 0 25 19 0 64 0 0 0 0 6 31
 34 20 0 47 0 22 0 0 0 0 0 0 0 5 0 16 10 0 0 0 16 47 0 21 0 0 0 48 0 2 44 0 0 8 25 4 0 0 0 26 0 79 37 0 11 64 0 0 0 0 3 0 0 26 3 0 88 4 0 0 0 22 0 7 64 25 40 21 22 0 0 0 0 0 17 66 0 0 91 0 0 8 0 43 71 0 0 9 0 19 23 50 0 0 54 29 44 0 0 19 0 0 0 0 55 2 19 0 8 39 52 8 0 0 0 2 48 48 0 0 0 19 0 41 15 75 0 23 0 0 0 30 0 0 0 56 2 30 0 13 40 30 8 0 0 6 71 41 50 67 0 40 17 0 0 0 1 0 0 48 4 36 59 0 24 0 0 1 0 0 0 74 41 40 19 66 1 0 32 0 35 0 0 11 0 32 0 6 2 15 0 0 0 0 0 17 0 0 48 60
 24 8 0 0 0 0 23 5 12 8 0 0 8 0 0 0 0 0 53 0 0 12 67 86 26 20 26 0 18 0 0 0 6 0 4 0 0 0 36 7 31 0 0 0 0 0 0 32 50 0 3 8 20 18 96 0 0 71 0 0 0 0 0 0 20 62 0 4 4 65 66 54 0 0 0 0 0 1 0 5 0 0 88 0 0 82 36 95 52 47 7 63 20 18 0 50 30 67 0 0 0 8 0 17 38 0 46 0 9 40 19 18 0 0 0 22 0 64 0 14 58 17 0 32 0 0 0 53 0 0 0 0 0 40 0 5 0 51 0 0 0 37 28 49 0 0 88 0 3 0 0 36 0 6 0 16 0 53 51 0 48 4 21 27 57 0 27 16 13 3 0 34 48 26 0 65 29 0 0 53 19 46 30 0 39 6 53 0 69 0 32 23 25 26 0 25 0 0 12 0
 34 18 0 0 0 0 0 73 0 0 0 0 22 0 47 0 50 16 34 0 0 2 50 53 0 9 17 0 0 0 0 27 1 66 8 13 54 9 2 0 0 30 1 12 27 88 0 0 45 32 84 9 19 0 12 0 52 25 0 34 2 0 63 16 25 0 11 52 0 0 0 0 7 24 29 0 0 31 0 5 0 20 29 0 0 0 0 0 55 10 0 0 0 0 0 61 66 37 52 78 0 72 10 89 0 0 10 0 0 47 0 87 0 83 0 0 19 28 12 0 0 0 0 0 60 46 0 0 0 0 8 0 0 3 0 11 0 26 76 35 71 0 35 43 96 0 23 56 0 0 22 8 0 0 0 0 0 74 14 0 0 9 33 33 0 31 39 0 0 0 0 0 14 0 0 0 13 19 0 10 0 4 31 24 0 0 45 38 0 64 28 22 40 0 21 0 0 12 2 0
 46 6 22 0 0 9 0 12 5 0 15 51 0 0 0 2 9 15 0 79 71 2 0 0 4 0 3 0 22 28 66 2 0 41 0 0 0 17 0 8 60 75 0 24 0 12 0 0 0 0 0 46 0 0 0 0 0 77 0 15 17 0 0 0 0 10 0 14 0 87 0 0 25 22 0 32 0 0 0 18 35 0 21 36 53 56 38 92 0 70 35 44 35 0 13 31 0 16 0 78 0 0 0 26 0 37 0 49 0 24 33 35 32 0 0 0 44 0 51 0 13 0 0 0 0 66 0 2 0 0 0 60 0 0 39 56 0 0 26 0 0 0 0 0 0 0 51 46 13 0 17 62 10 0 4 44 0 0 0 0 0 42 26 7 73 50 0 72 0 0 0 4 14 0 0 0 0 0 0 0 0 0 0 34 0 0 5 13 0 26 0 4 0 28 36 0 17 0 1 0
 19 19 8 0 0 0 0 12 59 0 0 2 30 2 0 10 0 0 0 0 50 0 37 22 0 88 20 13 25 0 16 0 39 56 32 0 12 0 64 18 0 0 0 0 29 53 0 37 73 0 55 0 0 26 46 0 1 0 27 0 0 53 42 1 73 24 0 23 6 0 35 43 0 0 3 11 0 100 0 0 0 72 0 2 48 0 50 0 44 15 16 0 0 0 0 42 82 5 45 29 7 87 74 0 51 59 0 5 0 0 31 0 0 0 45 75 82 34 32 0 0 17 0 0 4 0 0 25 0 0 20 0 29 0 0 19 16 59 25 60 0 23 0 22 42 0 0 31 0 11 0 41 0 60 0 0 56 2 0 35 24 75 0 0 34 0 65 23 0 39 38 0 9 42 23 7 0 57 0 2 0 29 0 34 0 0 10 4 0 0 0 70 0 0 0 0 32 0 0 0
 0 2 0 0 0 79 46 0 37 0 0 0 0 37 11 76 0 51 50 0 0 68 28 18 52 45 0 0 29 60 0 0 38 81 0 59 0 0 5 0 0 2 0 0 71 0 48 0 41 0 0 0 15 0 0 0 16 0 0 0 62 2 10 0 18 19 0 0 0 0 0 0 0 0 0 66 11 0 44 0 16 0 0 0 0 72 0 8 29 35 0 0 1 51 0 14 18 0 0 20 0 11 0 0 0 33 0 0 32 10 1 0 68 0 0 96 43 24 0 3 0 0 0 0 0 36 65 7 0 25 0 79 34 0 79 0 0 0 32 0 0 62 14 0 0 57 2 35 92 0 31 22 0 26 43 72 88 0 2 0 41 14 0 0 0 4 29 0 0 17 0 25 21 0 43 9 58 7 15 47 0 34 0 0 0 4 0 26 3 37 14 0 0 0 0 0 0 0 7 0
 53 11 29 13 9 0 0 42 4 12 33 0 8 12 0 0 0 30 0 14 64 4 0 28 34 0 0 26 0 18 0 0 8 0 71 0 0 0 33 48 51 0 1 0 0 2 61 17 44 0 0 54 0 77 16 54 4 36 41 0 67 2 0 72 7 0 75 0 40 0 0 60 0 35 20 18 67 59 0 0 15 30 25 0 0 0 49 0 24 16 0 0 0 0 51 0 35 18 0 17 0 70 74 0 11 23 0 79 0 6 64 0 18 37 20 0 38 0 0 9 71 93 28 0 21 0 20 0 88 0 0 0 15 0 0 13 0 0 18 0 0 0 97 11 12 0 0 2 21 54 52 67 40 0 85 20 60 0 0 64 0 3 0 62 14 0 0 8 0 0 0 58 46 0 0 0 0 0 4 0 52 0 0 0 31 0 8 0 0 0 76 0 0 6 0 1 0 0 0 0
 46 42 17 25 8 0 0 45 2 0 0 0 0 37 0 86 0 19 0 90 0 0 29 0 0 20 0 17 32 0 16 0 47 10 37 7 8 32 0 0 0 47 0 0 0 0 16 0 6 39 0 31 4 0 0 4 0 62 26 11 0 33 0 0 34 44 0 16 0 49 0 0 7 22 0 0 26 51 0 32 10 3 0 0 22 0 2 66 46 63 67 1 0 0 42 10 35 0 0 0 40 3 24 13 0 0 59 0 9 83 0 15 15 0 8 7 18 20 0 0 9 0 43 0 1 42 59 0 28 0 0 28 24 0 0 0 0 1 0 0 0 5 74 5 0 90 0 35 80 0 71 0 0 0 34 0 22 59 22 0 45 0 0 51 25 0 70 0 0 0 12 0 0 0 0 0 0 5 23 46 0 0 18 0 25 0 11 0 0 24 0 0 0 0 0 1 4 2 0 0
 54 0 0 9 15 21 64 65 15 0 0 6 0 8 0 0 0 41 61 7 46 63 33 0 0 88 0 0 77 0 0 57 0 21 0 0 0 0 0 4 1 10 0 0 0 0 13 2 3 30 0 43 54 0 35 0 0 0 15 0 41 0 24 0 75 0 12 49 1 19 0 25 0 30 0 0 2 0 4 11 0 71 41 17 0 0 0 0 0 0 0 22 63 97 0 0 0 0 27 45 0 9 0 38 42 0 0 0 0 0 59 0 0 40 0 0 0 56 0 0 0 31 52 0 0 0 23 0 0 22 0 27 0 0 2 43 35 6 0 0 20 57 16 0 0 6 23 0 6 23 78 0 22 0 0 11 50 14 29 0 0 0 0 48 0 0 0 11 0 28 20 8 28 0 85 0 19 0 43 68 78 6 0 10 0 0 40 0 34 23 0 30 22 0 48 37 43 60 54 0
 0 0 9 0 10 44 0 65 5 0 0 0 25 64 0 0 0 57 0 0 26 0 0 0 23 0 0 41 47 0 0 0 0 0 0 0 24 0 0 0 0 0 81 0 0 5 78 0 8 21 0 9 0 3 0 33 0 63 22 76 51 0 9 3 3 86 0 0 11 0 0 0 94 0 1 19 0 0 10 0 41 0 55 0 64 0 41 0 0 12 74 56 0 20 0 0 0 28 35 0 0 0 0 71 44 53 0 6 62 8 0 0 70 54 0 0 56 63 41 0 28 54 0 12 19 0 43 18 4 40 15 0 6 42 39 7 78 0 0 30 28 6 0 0 8 0 0 28 33 46 31 5 85 0 0 0 0 44 18 37 8 0 0 0 12 0 0 0 36 0 39 0 0 9 3 50 78 19 62 0 38 0 0 0 68 0 43 30 0 13 0 9 0 0 0 37 0 0 27 0
 53 37 0 0 5 0 36 1 58 0 0 18 11 0 0 1 0 0 0 0 0 0 0 65 0 69 4 0 0 15 44 0 50 51 55 10 50 0 0 0 85 90 27 0 0 0 0 11 0 0 0 48 0 0 0 0 0 40 43 0 40 65 0 0 0 11 41 27 0 32 0 0 39 60 0 0 0 0 0 27 79 41 50 59 0 15 0 0 47 21 0 0 0 31 0 0 0 0 0 57 1 38 15 0 14 20 31 36 0 52 0 7 0 16 0 0 41 0 13 4 27 0 58 0 0 76 0 37 0 0 0 0 24 0 0 0 22 0 41 3 0 54 0 0 3 0 0 0 92 0 40 67 62 0 14 14 3 44 8 0 11 27 0 0 14 56 0 0 45 95 0 0 19 0 91 0 0 0 30 54 79 5 53 36 0 0 0 0 0 0 10 0 0 0 0 8 0 0 42 0
 0 0 29 11 0 9 0 5 0 70 12 0 0 0 0 7 0 0 2 17 27 0 0 10 0 55 0 78 14 46 45 0 32 11 0 0 0 52 0 0 0 57 27 0 0 35 0 61 88 17 11 75 0 0 0 62 0 0 0 76 75 0 0 5 12 33 49 8 0 15 0 0 9 19 65 0 53 52 28 0 0 0 60 0 0 0 42 0 19 0 0 0 7 73 0 0 55 12 47 0 0 20 0 30 80 0 0 27 66 56 46 43 0 14 87 28 0 0 23 0 48 33 0 0 65 0 68 0 0 0 66 9 0 77 0 0 43 0 0 34 0 2 0 25 0 57 0 0 0 2 0 0 22 0 0 0 0 0 0 0 0 0 89 0 92 0 0 0 18 37 91 0 21 0 21 0 22 13 84 0 0 25 0 19 3 0 0 0 0 0 0 43 0 53 52 41 30 0 24 49
 0 3 0 0 47 49 1 0 0 0 0 7 15 26 66 0 53 0 0 8 9 19 4 35 46 51 59 0 8 35 7 0 0 5 90 45 0 0 0 0 0 46 34 7 37 88 31 42 71 0 15 0 0 0 22 0 0 43 0 29 25 6 0 68 0 2 0 67 0 63 0 0 0 0 2 0 16 63 7 0 63 0 0 7 0 8 0 0 44 0 0 26 0 0 7 86 0 0 3 3 41 0 19 0 10 0 47 0 80 93 0 0 0 26 52 12 0 0 66 11 0 36 0 6 5 0 0 71 4 23 0 0 0 0 0 0 1 31 0 66 42 0 76 73 21 27 26 0 0 0 0 0 0 6 0 6 0 0 0 0 4 0 12 18 0 0 26 0 6 0 76 0 0 58 15 30 0 87 0 0 37 52 21 0 15 0 0 0 80 67 29 86 0 9 28 0 0 35 7 15
 0 0 0 20 0 20 0 17 6 27 40 0 58 2 18 0 0 65 0 0 0 0 0 0 0 17 0 0 0 0 0 0 23 0 9 16 0 60 53 56 0 0 0 0 0 0 39 86 47 0 0 44 66 0 0 16 57 0 16 26 25 26 70 10 22 1 20 0 0 0 0 0 0 0 0 28 0 4 50 95 0 0 2 0 6 43 6 57 0 0 50 7 51 0 0 72 0 0 0 0 26 0 0 0 92 0 0 0 0 96 15 0 35 55 45 0 41 0 11 0 0 0 0 43 0 58 33 0 7 13 8 72 53 0 42 21 0 18 81 0 0 0 0 76 0 0 13 0 10 44 0 37 0 3 0 0 25 42 77 0 59 3 66 8 0 72 0 22 66 36 0 34 12 22 33 0 30 0 0 16 16 67 0 18 0 6 59 24 4 0 9 0 0 0 80 0 0 0 3 0
 56 0 26 0 0 39 0 0 14 14 0 0 0 0 20 0 15 0 11 0 0 61 41 11 0 0 0 46 44 5 0 29 41 0 39 0 0 0 21 14 0 17 54 0 0 39 42 48 50 11 0 0 5 11 45 53 14 26 60 41 56 66 0 91 0 0 0 0 84 0 88 0 0 0 24 0 0 59 40 14 7 6 21 0 12 0 5 0 0 0 22 0 85 17 0 0 0 0 38 0 0 0 0 14 0 61 44 0 45 0 13 33 37 78 46 0 46 0 51 0 19 0 68 24 10 56 0 10 0 41 17 0 0 21 0 72 12 69 24 0 0 18 0 0 27 0 0 0 36 35 22 0 76 68 39 21 43 0 48 47 34 67 0 0 0 79 17 12 59 0 16 0 0 51 0 38 8 52 0 57 22 0 0 0 0 22 22 0 0 0 71 0 0 0 0 0 69 0 72 30
 0 0 0 63 0 57 37 54 0 61 34 0 0 0 9 0 0 71 5 41 0 0 34 0 0 14 0 0 0 0 20 14 41 0 0 20 0 0 45 0 5 0 0 0 0 0 2 0 0 0 52 0 27 0 57 0 67 50 2 0 15 19 10 47 35 0 0 0 39 0 56 71 0 0 28 0 0 0 0 0 13 0 0 0 34 0 25 1 0 0 25 4 0 0 16 15 0 0 0 0 76 45 59 0 36 9 0 0 55 35 0 6 35 70 30 58 23 0 29 32 0 0 0 12 17 13 43 0 0 0 0 14 0 0 0 37 0 0 0 62 0 0 23 0 0 0 65 0 0 0 0 0 0 0 0 36 1 16 25 0 49 19 7 33 0 0 0 0 0 0 76 0 0 33 49 74 56 0 0 8 64 0 87 0 34 14 15 66 58 31 47 0 0 0 0 0 2 0 0 0
 0 0 0 54 0 0 0 0 68 0 0 22 0 0 0 21 0 0 0 68 0 0 0 9 9 8 0 0 85 21 31 28 0 21 48 0 0 0 0 0 0 44 0 1 15 0 14 0 27 0 17 38 44 0 54 71 0 0 11 1 54 32 23 0 65 0 0 0 0 56 45 24 0 91 39 0 35 1 0 0 0 0 43 96 18 0 20 0 3 33 16 28 60 0 0 0 2 92 35 0 7 0 0 0 23 0 0 73 12 0 0 0 62 0 8 0 46 4 0 14 0 0 6 0 0 0 26 0 10 2 83 58 0 32 0 0 0 0 0 0 10 20 32 2 58 0 28 6 6 7 44 39 0 39 0 68 0 0 27 62 57 0 59 0 0 0 69 13 6 13 0 47 0 0 32 0 0 0 0 24 43 46 0 0 2 1 0 65 0 84 78 0 19 0 40 0 23 55 14 54
 19 0 25 0 0 42 0 73 64 0 0 40 0 0 0 0 0 16 86 18 0 0 49 0 12 43 42 0 0 19 41 11 0 29 0 39 0 0 0 0 0 0 0 44 0 0 32 0 0 40 0 0 49 47 4 30 12 20 0 21 30 0 0 67 0 26 28 0 84 0 0 26 34 30 0 0 0 0 0 0 42 13 0 21 0 0 0 88 68 9 0 32 48 8 0 0 42 62 0 70 30 1 0 32 0 0 0 0 0 0 0 0 31 43 59 0 58 57 57 25 36 9 0 14 45 0 9 0 3 0 0 51 40 10 0 18 43 0 62 0 12 1 0 0 0 35 0 0 44 58 0 68 16 0 0 0 0 32 0 17 0 0 0 0 29 51 0 0 0 0 32 0 28 0 49 0 0 0 21 13 0 0 0 0 47 57 36 0 4 36 0 5 60 0 5 0 3 0 4 0
 0 46 0 0 0 0 11 0 0 0 22 42 20 17 0 0 0 48 68 0 0 81 0 0 20 14 0 0 44 0 0 74 34 0 7 4 45 25 0 27 57 0 0 0 13 42 66 0 7 0 18 0 0 0 0 67 0 50 0 0 2 70 18 0 0 0 0 61 45 0 0 0 38 44 37 0 4 1 0 62 0 0 0 9 1 0 7 0 19 0 21 78 44 0 94 36 77 3 18 32 0 39 0 0 29 17 16 0 0 0 0 0 0 0 70 64 1 0 0 18 0 61 6 0 16 0 42 0 47 0 0 0 27 36 0 32 32 9 0 6 0 6 14 0 0 0 12 0 16 0 0 0 4 67 75 0 0 0 25 0 0 69 10 0 0 8 0 32 0 0 35 0 56 0 0 0 0 19 0 0 0 0 86 0 0 0 3 7 3 6 0 50 22 37 52 1 53 0 0 22
 16 0 93 0 59 62 0 0 47 0 0 9 12 0 0 12 52 28 7 0 0 40 0 50 0 34 18 82 0 10 46 46 0 0 40 31 0 0 65 40 0 0 39 0 8 9 11 0 0 0 0 0 27 46 69 43 0 0 70 22 60 0 66 0 0 20 5 0 6 0 0 72 20 0 0 0 19 0 63 0 68 0 82 0 0 0 0 8 0 0 14 63 2 23 30 0 0 0 12 36 0 0 37 0 5 75 72 0 0 27 25 0 2 46 0 82 0 36 0 38 0 42 73 0 0 0 28 0 25 3 0 0 20 75 0 85 22 8 60 32 0 30 14 0 15 53 96 30 25 0 0 0 0 25 0 0 49 0 62 0 54 48 37 0 0 0 15 0 23 0 0 16 0 16 0 25 0 0 29 0 0 18 0 0 0 70 37 53 5 17 65 53 0 23 27 35 0 25 0 0
 89 0 81 71 30 0 0 87 20 20 0 1 14 52 0 34 0 37 0 0 0 0 0 82 31 0 5 0 89 67 28 0 72 0 17 10 5 16 0 58 0 40 0 7 0 0 0 0 0 0 60 0 0 30 0 0 0 0 0 40 33 63 61 33 0 82 0 91 39 0 64 80 32 0 3 0 5 66 29 0 0 0 26 55 0 49 34 23 0 0 0 27 28 0 0 7 0 24 0 0 0 0 0 0 55 0 0 7 19 0 0 0 0 0 0 79 59 0 48 53 0 0 0 41 41 5 21 9 0 59 0 65 65 0 49 0 46 0 0 0 0 0 53 6 0 35 0 34 0 65 24 0 0 0 33 0 0 0 40 6 55 0 0 0 0 0 26 4 46 39 41 0 0 68 0 23 0 67 13 41 0 16 0 0 0 0 0 0 0 0 0 9 46 0 12 11 17 0 23 27
 0 0 0 0 0 18 25 12 32 17 0 5 0 7 0 75 0 0 0 19 0 0 0 17 0 24 21 68 66 0 0 75 3 38 10 26 0 95 0 2 42 0 0 0 2 0 0 0 20 23 0 0 44 0 22 44 0 70 59 11 0 31 65 0 45 0 69 49 0 0 1 14 18 0 0 0 5 60 0 49 0 9 24 0 0 0 71 0 0 63 0 16 54 4 38 0 0 0 0 58 0 0 54 0 0 0 5 8 11 18 33 70 0 0 12 0 1 19 7 87 57 12 20 50 14 0 39 17 0 0 0 24 0 0 0 0 17 46 0 19 0 0 31 0 22 74 34 18 0 0 0 32 0 65 0 0 0 0 0 8 25 45 0 14 0 0 0 0 0 4 28 0 16 0 0 0 0 5 0 0 32 22 12 76 37 0 18 34 14 0 39 0 0 0 29 0 24 64 0 0
 63 38 49 0 0 55 0 0 50 57 0 0 0 0 0 0 1 1 0 0 98 39 0 25 0 30 0 24 0 0 11 0 36 32 43 0 10 2 0 0 15 46 0 78 40 58 47 37 29 0 1 27 7 36 0 0 27 24 24 0 0 42 0 93 53 13 72 11 0 2 43 65 35 0 0 0 9 38 0 23 0 0 0 0 0 0 0 54 0 0 44 0 41 0 0 0 46 86 0 0 0 27 54 20 27 0 0 0 0 0 0 0 24 0 42 39 0 0 59 72 0 0 0 17 0 16 33 29 0 0 0 5 41 0 70 46 0 0 7 0 22 0 18 0 59 54 5 51 12 0 0 0 0 0 0 14 0 0 0 0 65 4 0 23 27 0 42 16 0 0 30 0 0 0 0 0 0 50 15 27 0 0 7 0 38 0 44 29 14 0 20 0 0 41 0 38 44 0 5 43
 0 0 0 12 0 41 28 0 12 0 0 72 32 0 0 0 0 15 66 19 77 0 34 58 18 90 58 0 0 0 7 19 0 0 0 87 50 0 0 0 34 0 7 0 0 14 19 33 21 11 0 15 0 4 0 61 0 0 33 32 65 0 25 30 0 0 68 1 27 0 14 4 0 21 46 12 0 31 5 47 0 0 42 29 0 27 72 53 28 31 0 0 0 1 58 0 70 0 6 13 5 0 0 50 25 0 0 7 0 52 2 0 0 0 0 0 0 0 0 22 0 0 0 0 49 0 48 29 62 0 0 0 63 15 31 11 0 16 78 51 0 12 0 0 57 0 0 0 0 0 0 24 14 0 48 14 0 12 0 0 0 3 9 0 14 40 22 0 76 17 7 31 0 0 35 44 0 0 28 0 0 0 0 24 0 17 22 0 0 0 0 12 26 4 0 0 57 78 13 0
 0 86 27 15 36 0 0 0 0 0 0 42 0 0 0 0 8 49 0 0 0 10 0 14 30 0 4 53 17 0 0 0 0 0 0 30 0 0 0 0 0 0 0 0 52 0 0 0 33 0 50 35 17 14 0 0 0 0 65 0 45 0 10 55 0 68 34 25 0 0 3 25 69 42 0 0 0 0 0 0 0 0 0 31 90 27 38 23 0 5 0 0 0 0 41 0 46 0 15 0 11 78 0 0 81 0 0 0 14 52 0 18 12 0 67 9 27 0 13 32 24 17 14 0 8 59 0 0 0 0 0 41 28 13 0 0 50 7 0 9 0 0 81 22 0 0 8 9 0 34 0 10 0 32 36 0 0 8 2 0 57 3 15 0 0 0 0 16 67 40 0 0 0 25 0 9 0 0 0 0 0 51 0 0 0 0 65 0 24 17 31 0 0 9 0 75 65 44 0 73
 30 0 0 16 0 4 36 24 27 0 0 26 66 53 28 0 6 43 57 19 0 9 0 9 0 0 0 0 0 88 20 33 0 17 0 0 0 0 0 0 14 25 0 0 1 0 1 0 0 6 15 0 59 7 0 0 47 0 27 11 17 0 16 0 0 0 0 0 5 48 1 36 32 55 53 0 68 0 0 0 22 45 3 69 0 45 0 32 87 49 40 0 0 14 31 0 0 0 31 10 0 90 0 16 0 0 7 0 0 30 34 8 15 0 0 0 64 0 18 62 0 90 0 0 79 26 10 28 0 0 0 30 0 0 0 4 12 0 11 0 71 0 0 78 0 15 0 0 48 58 27 0 3 0 29 0 7 15 28 29 0 26 6 0 0 0 92 67 25 16 0 12 0 0 28 0 65 0 64 0 15 0 18 0 0 0 0 20 0 30 18 0 38 0 0 23 0 0 11 59
 0 0 17 38 4 0 0 0 0 35 0 12 7 16 5 0 13 0 0 0 31 56 0 0 0 17 24 14 0 0 0 7 46 52 7 36 13 3 0 0 61 30 27 38 66 60 0 40 11 0 14 39 54 1 59 85 13 39 0 26 0 0 0 0 0 0 13 4 33 22 33 10 33 4 63 0 0 14 23 60 23 52 6 39 2 69 38 40 0 20 0 0 8 0 0 28 14 58 5 65 2 41 0 0 0 89 0 16 35 13 0 73 0 10 0 0 50 0 16 72 0 25 50 0 0 0 0 45 0 0 0 0 8 0 0 0 5 35 18 0 22 0 0 0 6 0 0 9 0 0 25 0 0 1 0 36 0 5 0 0 0 31 81 0 0 62 43 0 85 0 0 0 15 0 0 15 83 6 5 11 0 21 32 19 34 17 0 0 0 0 88 0 1 18 37 44 18 32 0 40
 3 20 0 0 73 0 0 48 45 0 25 0 26 0 0 0 0 15 60 3 0 0 0 0 0 0 5 45 44 8 6 39 0 87 0 0 37 34 80 1 0 0 0 23 0 0 21 0 0 0 0 87 0 61 59 0 0 20 0 11 44 34 54 0 0 0 0 47 0 0 0 0 57 18 0 0 45 0 43 0 14 43 19 64 22 0 0 0 43 68 0 0 0 29 36 0 0 0 38 63 43 34 4 24 64 0 61 34 0 0 0 0 40 0 56 1 0 0 0 56 35 32 27 92 0 0 47 0 18 0 0 30 0 0 14 22 0 0 0 32 0 21 0 27 0 0 14 49 25 0 0 0 17 50 32 0 36 0 14 0 51 31 25 0 0 0 30 0 0 35 10 0 32 0 0 0 0 22 0 10 33 0 22 0 0 0 0 19 0 9 32 0 0 0 0 6 0 39 5 0
 0 13 49 25 0 0 59 0 41 0 0 13 0 0 0 0 0 0 18 0 57 0 0 0 0 53 26 28 0 0 25 0 26 75 7 7 0 24 0 0 0 0 34 35 81 7 28 0 30 0 47 58 0 0 0 14 49 0 77 87 0 33 0 68 0 0 33 39 0 0 0 19 35 23 3 0 0 0 17 0 0 2 0 8 0 9 33 0 0 12 0 36 21 30 0 4 0 61 0 71 0 4 0 0 73 0 5 0 0 64 0 0 25 0 0 78 0 0 6 0 0 0 83 50 41 0 0 0 19 0 0 60 0 0 0 0 0 44 46 20 0 40 53 0 0 41 89 20 26 0 0 41 0 0 0 0 0 12 30 66 0 18 0 0 1 42 12 46 0 0 0 34 0 79 59 90 0 0 19 0 0 0 0 0 79 0 1 21 0 11 7 65 0 0 0 40 44 50 59 0
 61 12 29 8 19 39 0 0 23 45 0 0 21 0 59 49 0 63 2 0 0 18 0 28 38 6 0 0 15 0 0 0 50 1 60 0 8 0 24 33 0 35 57 0 0 0 57 0 0 0 46 9 0 15 91 0 2 0 28 0 47 38 42 23 0 25 0 38 0 0 18 69 48 69 0 0 0 24 73 0 0 56 0 30 22 87 0 62 51 13 0 0 14 15 0 16 0 7 0 0 63 0 1 0 6 70 0 29 65 0 0 0 25 74 16 13 0 31 0 19 0 0 33 15 1 63 30 0 0 0 0 40 18 31 3 0 19 8 0 0 0 13 11 0 0 30 0 61 4 0 0 0 0 76 0 20 0 0 66 17 0 49 0 0 50 0 20 56 50 25 20 0 0 0 22 0 0 0 19 0 19 71 29 15 0 23 31 41 26 10 29 43 0 25 0 0 0 0 9 29
 40 7 5 43 0 0 25 0 15 0 65 0 41 49 80 9 62 0 0 13 0 44 0 0 24 76 0 0 58 0 71 8 0 27 9 41 78 0 9 0 0 0 36 85 99 52 54 0 34 0 3 8 0 0 2 0 0 0 0 49 34 12 0 0 0 0 0 46 0 37 0 0 1 63 45 24 68 11 0 75 29 21 0 0 0 0 0 0 31 0 0 11 0 0 70 0 29 34 26 60 7 0 0 0 0 0 39 0 26 0 25 0 0 0 0 0 0 0 0 0 41 0 68 0 88 0 62 0 12 0 0 1 4 0 0 0 40 59 0 54 0 0 0 0 27 0 24 0 40 9 0 0 0 52 4 91 0 0 0 0 37 0 0 79 0 0 0 17 1 0 74 0 29 49 0 0 39 0 67 6 48 0 15 0 23 0 13 10 0 0 7 0 0 0 0 12 16 37 0 0
 0 0 6 0 30 0 0 51 10 0 32 45 0 38 0 0 75 6 0 26 0 0 6 7 0 2 69 0 0 13 9 3 17 8 0 51 53 0 23 0 0 63 0 32 18 21 65 17 3 15 8 0 0 0 0 0 32 17 62 0 0 19 0 0 0 1 40 66 0 26 0 30 0 0 0 0 0 52 56 75 0 9 0 0 57 0 0 81 0 0 0 9 0 11 64 73 0 0 45 0 0 0 27 16 12 0 0 8 0 24 0 17 23 0 73 9 0 0 0 0 1 0 0 23 53 0 30 35 48 30 0 40 0 70 0 0 0 57 42 0 0 8 0 39 6 20 0 18 0 62 0 73 1 17 11 0 0 0 31 37 17 62 96 0 8 0 0 17 0 0 10 20 8 32 47 52 0 0 0 0 0 0 0 0 0 0 61 0 25 0 0 4 0 0 0 24 0 11 0 0
 41 10 5 91 0 27 58 0 0 93 50 0 9 11 0 0 0 51 39 32 0 44 0 0 1 0 10 0 0 0 17 6 43 2 39 57 0 0 18 10 0 0 18 0 56 0 31 2 0 0 0 0 19 33 65 44 0 26 0 0 19 0 32 22 54 18 10 0 39 43 0 66 0 67 31 0 21 0 0 0 0 0 0 0 21 0 42 0 6 10 0 0 0 24 1 5 0 2 23 39 11 7 0 0 10 0 33 12 0 0 67 25 0 0 0 0 4 8 42 0 15 20 39 0 0 28 0 0 34 16 47 76 68 6 98 0 14 0 0 0 0 0 0 54 54 0 45 0 0 31 0 43 20 2 34 0 25 39 0 0 19 0 0 0 0 52 0 26 25 33 17 0 0 82 2 24 0 0 5 0 0 14 0 0 0 52 19 60 41 0 0 0 0 0 0 0 0 0 35 0
 39 14 16 93 29 67 29 33 0 67 0 0 46 9 0 55 0 33 10 82 0 26 0 11 26 53 59 0 52 0 3 0 0 0 0 22 0 24 22 71 14 25 0 0 50 1 21 0 18 7 0 4 9 1 0 0 0 0 0 23 41 0 0 15 7 67 0 0 0 56 0 28 9 0 0 23 52 68 23 0 10 0 40 0 0 0 7 0 0 73 43 33 0 35 0 0 25 77 27 10 29 0 1 0 0 0 65 7 0 0 0 21 0 57 6 0 0 36 31 18 11 47 51 0 11 17 1 0 0 60 57 0 36 49 9 15 0 0 23 0 3 0 0 0 3 0 0 0 38 20 0 24 0 0 84 45 0 39 0 24 66 38 23 8 0 18 17 0 0 78 0 0 0 35 16 53 19 49 75 37 0 0 49 0 0 20 63 14 0 0 12 0 0 9 7 34 62 48 0 43
 52 0 0 27 0 0 0 55 18 93 0 0 28 0 0 3 0 0 35 0 0 0 63 40 50 0 44 32 3 0 0 53 26 30 6 0 0 0 0 0 0 5 70 0 75 0 69 0 0 0 32 0 0 2 4 0 0 43 0 0 16 0 41 7 44 0 51 0 0 57 38 17 0 38 0 62 58 0 0 54 0 0 26 10 32 48 0 0 0 0 0 0 0 26 0 0 29 3 0 73 0 10 62 85 31 0 10 0 9 0 0 28 0 7 45 14 4 88 39 23 81 23 57 20 67 17 13 53 0 0 100 0 0 0 64 10 42 0 0 57 0 15 0 10 0 0 0 22 46 82 0 0 52 0 13 49 21 43 8 39 63 45 0 0 15 80 90 51 0 0 39 0 0 0 0 0 43 0 0 10 18 49 0 0 13 46 0 12 19 3 49 52 89 22 0 0 0 0 0 0
 0 40 0 24 11 6 73 90 9 0 0 71 35 0 0 0 9 0 0 0 41 0 23 0 0 0 0 0 0 86 38 0 33 0 17 0 26 0 0 0 8 0 30 56 0 9 45 0 0 85 0 33 29 3 0 0 28 0 0 0 0 0 2 4 20 47 0 14 84 85 0 9 0 0 0 31 8 15 17 12 0 23 36 40 0 18 14 30 0 57 53 6 0 2 41 16 0 4 94 0 70 0 11 0 0 24 44 0 63 0 16 0 0 0 22 29 0 0 0 73 0 0 10 0 0 0 0 0 0 26 31 92 38 0 19 9 0 43 0 52 0 0 0 4 0 28 12 0 64 46 9 27 12 0 0 17 11 0 6 0 0 0 0 25 57 0 79 7 2 48 23 0 27 0 0 27 0 0 6 30 0 0 14 12 0 22 0 0 52 25 31 16 0 0 0 0 26 0 12 0
 8 16 0 0 4 0 41 24 3 49 9 0 0 51 0 43 9 74 0 0 0 0 55 0 0 0 0 7 48 87 56 32 1 38 0 0 49 26 0 2 0 21 17 13 39 0 41 0 36 62 52 60 0 42 77 0 0 0 22 0 3 0 0 11 0 0 42 0 64 0 71 27 15 0 0 0 0 0 42 23 43 0 41 0 0 14 73 0 35 0 0 0 0 0 0 0 14 26 9 24 0 0 0 0 37 0 0 17 37 0 28 36 75 0 0 0 0 7 0 0 0 52 0 30 63 0 0 29 0 0 12 0 1 12 0 0 23 1 0 82 0 0 2 0 0 0 19 0 0 0 0 5 0 0 0 2 0 10 0 23 0 72 0 37 10 5 3 0 0 0 0 54 41 7 0 0 0 0 13 0 84 61 31 0 19 0 56 5 81 0 57 63 0 0 0 0 0 75 47 3
 0 77 0 19 16 15 0 0 0 21 0 40 0 23 61 0 0 0 0 35 0 7 55 0 0 12 47 0 0 7 37 22 70 44 0 0 35 0 82 0 0 54 0 0 3 1 40 16 6 17 15 9 33 0 0 20 93 0 0 0 19 0 62 0 0 0 85 39 39 0 18 0 75 57 42 0 45 29 83 0 13 0 0 0 0 0 43 0 0 0 12 67 56 0 29 0 6 0 0 46 17 1 84 39 26 0 71 0 61 16 0 12 0 0 0 0 0 24 25 0 0 57 48 65 63 0 48 0 0 0 28 14 0 13 0 0 21 0 17 78 46 64 31 10 0 85 0 0 0 99 0 3 29 28 0 0 0 21 30 0 28 1 36 11 20 0 0 0 0 0 0 0 0 0 11 21 17 51 0 16 0 57 15 0 16 0 48 42 57 0 0 0 73 42 50 48 28 75 0 47
 0 0 22 11 0 85 27 1 0 0 61 0 23 4 0 2 0 14 0 0 46 16 0 14 0 56 0 0 0 0 0 0 0 0 17 0 26 67 83 0 0 79 0 5 0 50 41 55 0 10 0 0 92 0 16 0 3 0 0 0 5 0 0 8 8 0 0 0 14 13 40 0 45 0 0 28 0 0 93 19 51 73 0 62 37 0 0 0 34 64 0 0 42 5 42 38 26 85 7 0 43 0 3 37 0 0 16 31 6 0 0 21 21 22 47 27 0 34 0 0 27 12 8 0 27 0 3 9 0 0 0 0 18 2 7 57 0 0 0 52 0 0 7 0 31 6 39 9 0 0 64 0 0 0 69 0 5 43 0 31 0 56 74 0 22 0 0 16 16 62 0 33 0 0 4 0 0 11 0 0 56 15 24 24 0 0 0 0 0 0 0 0 68 28 0 23 50 0 26 0
 0 22 24 0 60 0 37 0 0 0 33 14 46 0 43 6 29 0 62 0 0 0 0 0 35 4 0 29 0 0 13 84 81 2 0 70 47 3 18 10 0 0 24 0 0 0 69 0 22 15 0 9 35 20 0 68 36 0 0 0 0 12 3 11 0 6 82 0 0 26 0 0 0 0 0 0 0 0 0 0 0 77 0 70 0 0 0 29 0 5 11 0 0 0 0 0 0 0 0 0 0 35 0 8 0 0 34 15 76 0 0 0 69 0 0 0 4 5 0 0 71 0 19 0 24 29 88 57 59 0 0 0 48 12 0 40 0 0 32 80 0 12 55 57 43 4 0 77 0 0 44 0 33 0 0 68 0 0 0 0 15 13 38 0 5 0 4 0 7 0 1 3 52 12 50 20 29 0 0 50 27 0 0 0 0 29 21 0 0 48 14 26 35 0 12 0 40 16 0 55
 0 0 8 0 5 0 0 0 0 48 0 0 0 35 72 20 57 0 63 0 0 31 0 64 34 14 28 0 41 63 37 0 0 0 0 35 17 0 0 0 0 17 4 13 0 66 0 6 0 0 0 0 0 0 0 0 22 9 0 75 63 0 0 86 30 47 0 66 6 50 0 55 68 0 77 0 0 0 0 24 0 0 18 0 0 0 10 42 21 18 11 0 0 0 0 0 0 27 7 17 0 8 43 74 0 0 0 0 0 53 0 11 8 0 0 0 0 0 0 92 0 0 0 5 13 0 0 21 0 2 0 7 0 0 55 55 9 0 0 40 0 48 36 0 0 13 0 21 0 0 0 0 2 0 0 0 0 0 0 51 0 0 0 0 6 63 0 0 0 45 0 0 0 0 0 37 0 0 0 31 0 0 0 82 0 0 0 0 61 0 0 0 0 0 6 0 0 0 39 29
 14 0 23 0 11 5 29 43 39 41 28 45 40 68 0 54 3 9 10 40 40 0 0 69 0 0 7 0 0 0 49 0 0 0 0 0 0 34 0 0 0 0 0 0 0 2 83 0 0 51 88 0 6 30 80 17 0 53 31 19 0 0 0 12 0 0 0 0 28 0 0 22 80 28 0 26 0 0 48 0 72 0 8 19 56 8 27 0 40 0 0 5 24 37 0 35 0 0 0 46 0 12 32 0 0 20 0 38 0 0 0 34 16 71 0 0 81 0 58 0 0 10 0 13 0 0 0 0 12 36 9 0 0 6 0 93 96 52 0 9 22 0 0 34 64 19 0 0 13 0 2 59 0 36 0 78 0 0 0 0 26 6 7 0 16 0 0 11 0 69 0 0 31 0 10 0 10 13 0 0 24 13 0 0 0 0 3 0 30 20 36 28 45 51 0 54 0 0 0 0
 26 30 0 0 0 0 79 0 69 0 0 20 12 10 0 0 4 0 15 0 24 12 69 61 4 0 0 0 0 49 12 0 81 72 0 0 62 0 0 0 0 0 0 9 24 13 56 0 37 15 5 0 0 29 36 69 33 0 0 0 0 0 0 0 19 60 49 0 89 0 46 26 0 25 3 0 9 16 0 0 12 0 0 1 68 47 0 0 0 0 12 18 0 18 0 3 1 56 0 0 0 0 0 45 54 16 0 0 43 0 0 29 54 0 35 0 23 67 0 0 21 0 0 37 0 1 4 0 8 0 19 76 43 0 42 0 49 57 66 0 0 65 10 41 0 0 31 6 0 17 23 0 0 0 10 12 27 90 0 0 51 0 0 34 3 0 67 7 0 0 47 0 0 0 0 0 59 0 0 0 25 25 37 13 16 27 0 0 0 0 0 0 11 9 0 0 0 0 1 29
 0 0 0 34 2 0 60 0 0 0 0 56 0 0 0 0 16 0 65 12 0 28 0 0 0 24 0 8 0 48 4 0 0 0 2 27 0 11 19 42 0 0 24 14 42 51 49 0 0 0 0 0 61 0 0 53 31 0 0 0 75 18 0 0 0 32 28 0 45 0 1 17 1 6 0 40 43 2 45 0 0 0 0 22 0 66 47 74 0 0 0 0 5 50 67 14 0 27 0 72 0 3 33 16 39 0 0 0 0 14 36 0 5 11 0 0 3 0 26 0 0 66 60 0 0 3 0 72 68 15 0 0 0 0 0 0 0 0 0 67 0 17 0 0 0 57 7 38 15 29 11 0 78 0 0 0 28 36 22 0 13 10 51 0 0 0 68 16 0 0 13 0 64 0 16 0 56 43 0 4 15 32 0 0 0 17 2 15 0 66 0 25 0 74 21 0 0 0 0 0
 80 0 0 68 37 0 0 0 0 1 0 0 35 7 26 0 0 58 0 55 76 33 27 0 0 0 56 6 0 55 0 0 0 0 0 0 2 0 0 52 16 0 18 17 0 7 0 18 0 33 25 52 29 0 51 54 0 0 18 0 0 7 49 76 0 17 0 10 13 19 77 29 72 0 16 0 0 21 0 74 0 22 9 0 70 44 24 79 0 27 40 6 2 46 36 0 0 24 0 9 9 4 35 41 0 0 8 73 0 51 35 62 0 0 49 49 66 39 0 6 28 0 0 19 60 11 22 0 19 0 82 22 10 0 14 55 20 0 17 72 27 0 0 36 60 10 0 9 8 11 12 38 58 37 63 49 22 0 14 0 18 22 55 16 36 0 19 25 4 10 0 32 0 18 25 6 0 0 39 4 0 0 0 10 0 36 32 27 8 25 32 0 0 0 0 84 0 24 0 0
 73 0 0 0 0 54 16 0 12 0 0 58 0 0 14 0 0 80 0 2 0 0 0 36 30 29 58 0 26 63 0 69 0 0 1 16 0 0 12 0 0 0 59 29 0 59 0 0 0 0 13 0 0 0 0 33 90 0 0 0 0 0 0 0 0 77 0 0 61 27 23 36 1 0 21 0 36 77 10 15 29 0 0 1 0 61 0 0 6 15 7 8 0 25 30 26 0 0 2 73 0 0 16 0 0 0 0 0 34 40 0 64 0 0 0 0 23 33 0 0 80 10 71 0 0 0 4 0 16 9 0 64 26 0 2 0 0 58 0 0 20 22 39 0 0 61 7 49 19 0 0 5 9 2 0 0 0 0 0 0 19 0 25 23 17 5 0 0 0 14 32 0 44 0 0 0 0 75 34 67 0 0 1 33 53 0 2 57 0 11 4 62 0 0 0 43 0 41 0 0
 0 0 0 0 81 72 0 40 21 6 0 0 15 0 0 0 30 36 0 0 17 31 0 0 61 0 41 15 0 0 63 21 64 0 0 0 27 66 2 2 87 0 28 0 24 20 39 3 0 0 33 49 1 0 0 2 0 25 53 0 47 0 52 0 35 0 7 0 0 17 20 0 29 0 0 54 36 45 0 0 0 12 0 16 0 0 0 49 0 29 27 0 18 0 0 0 0 0 0 28 24 0 0 0 0 48 56 0 0 4 4 0 0 11 0 0 0 0 0 7 0 26 0 3 0 0 68 26 87 0 53 27 0 0 0 0 0 26 0 53 90 0 60 37 43 0 0 46 0 1 82 0 0 0 0 0 28 0 25 0 19 0 0 0 0 8 0 0 0 0 21 31 75 18 0 39 0 0 0 7 26 0 0 0 42 66 37 0 4 0 0 3 0 17 0 21 0 29 83 0
 0 9 6 32 1 0 0 0 58 4 82 0 11 54 0 0 0 33 0 85 0 55 0 0 0 0 60 0 0 0 19 51 0 69 0 0 27 4 0 0 0 0 0 0 35 0 0 0 25 0 55 20 26 79 36 0 29 2 25 0 0 26 8 78 11 0 78 18 28 0 0 54 0 0 15 25 16 24 1 0 29 0 70 38 0 8 0 30 44 0 71 12 52 41 19 3 15 0 0 75 0 9 0 0 37 7 8 0 0 0 8 8 0 54 7 44 0 6 23 44 0 0 73 0 34 27 22 0 0 29 0 0 15 0 75 0 43 0 0 55 0 23 0 44 0 0 0 0 37 5 47 0 0 28 31 0 39 0 0 0 0 0 0 12 31 36 11 26 0 0 0 19 37 0 21 0 0 29 0 45 0 0 8 21 10 30 20 0 67 43 21 47 30 11 63 12 0 3 0 63
 14 0 22 0 20 0 0 9 9 87 0 22 0 0 45 41 0 0 0 0 0 0 0 0 69 17 10 0 0 0 5 7 1 24 23 28 0 0 0 6 2 30 0 45 0 29 15 0 36 0 25 0 0 0 0 0 0 0 0 0 0 22 0 0 0 0 0 0 0 32 0 0 25 3 0 0 0 54 30 0 0 0 25 0 42 0 69 13 0 0 0 0 58 0 0 0 13 8 0 8 0 35 0 20 16 0 0 5 0 29 0 52 0 45 31 0 79 0 0 0 36 60 0 14 0 31 0 0 0 0 56 59 6 1 0 0 34 0 7 0 0 76 0 37 2 0 0 0 0 59 0 9 0 0 0 0 42 0 11 26 48 53 12 29 0 66 36 0 22 73 0 0 0 25 0 1 44 0 0 28 24 14 54 0 13 0 0 0 0 0 74 0 0 44 0 37 0 22 27 15
 0 0 67 0 67 0 41 0 12 0 0 0 0 0 0 13 0 0 0 0 54 98 37 30 47 0 56 49 0 0 0 21 0 63 0 3 64 24 47 27 30 0 41 0 90 12 13 12 0 0 15 66 60 25 0 19 58 0 0 55 0 0 61 10 0 0 12 0 56 0 0 29 30 0 0 0 0 30 0 39 0 0 29 0 72 0 0 0 0 0 0 51 58 36 0 0 0 23 15 71 72 0 15 0 0 17 12 0 0 19 10 83 71 0 39 0 0 0 0 27 61 0 51 34 0 0 79 0 19 46 7 0 51 0 0 0 0 0 23 0 0 0 49 21 21 55 0 0 0 49 40 23 43 20 0 0 0 0 44 0 4 30 0 40 0 4 62 64 0 54 53 3 30 0 0 0 0 0 0 0 0 9 9 0 7 84 48 26 24 1 15 53 0 11 0 72 9 0 0 0
 18 45 0 58 0 2 55 36 22 31 37 0 0 0 30 61 0 24 0 95 21 34 43 0 74 19 5 0 0 0 0 71 60 72 29 0 0 3 0 0 20 20 56 72 0 55 0 0 0 0 0 0 0 24 2 0 38 6 0 0 0 0 0 77 0 0 15 7 0 0 18 10 20 0 4 0 52 0 9 0 47 0 0 0 23 29 34 21 1 18 16 44 35 18 0 23 0 0 0 0 70 0 73 56 0 26 48 57 0 0 12 0 0 23 0 0 22 0 0 1 0 11 36 0 0 43 0 2 0 4 42 0 0 32 0 3 35 22 0 0 86 0 29 3 43 48 24 0 51 0 3 0 0 32 0 0 0 0 0 52 0 7 23 0 30 0 9 0 0 0 0 56 4 44 9 13 26 0 0 0 58 0 43 19 83 0 0 0 15 30 0 41 97 12 0 27 24 0 0 0
 67 49 0 83 0 0 0 33 10 44 0 71 11 0 77 0 0 0 0 9 2 0 57 10 13 0 0 0 46 9 65 0 0 41 0 0 0 96 40 0 68 12 0 0 61 0 0 0 17 70 26 0 25 39 0 4 34 19 38 31 0 48 58 0 23 28 74 5 0 0 77 0 32 18 0 23 54 7 0 31 0 0 0 22 15 0 30 0 0 33 36 0 19 80 0 0 0 58 0 0 0 0 0 0 59 0 14 20 12 5 85 29 0 13 41 0 0 0 0 73 0 55 0 0 0 0 0 0 46 9 0 54 40 31 0 0 0 48 0 0 0 0 0 19 4 50 14 73 45 43 0 81 13 0 7 0 0 29 10 0 0 0 36 0 0 1 0 0 7 0 23 0 32 0 18 38 0 27 0 7 0 0 28 32 0 0 0 32 1 29 0 2 0 0 9 0 0 12 0 0
 2 31 0 17 0 0 5 39 10 0 38 0 0 41 0 63 0 47 31 0 0 29 0 0 37 46 49 15 58 20 49 0 31 18 0 0 0 17 0 0 0 4 8 78 32 40 30 0 0 0 0 0 1 18 0 0 38 37 0 36 45 0 0 14 0 51 28 0 0 8 16 14 15 0 0 0 0 73 9 43 0 0 0 0 24 0 0 0 3 0 0 67 60 46 0 42 0 0 18 0 27 0 0 0 0 0 0 85 63 0 0 9 0 0 0 0 8 8 0 12 76 0 72 0 0 0 0 27 8 0 0 0 24 60 16 5 37 0 22 0 0 0 87 0 14 30 0 0 52 60 10 15 66 16 53 9 0 20 0 0 36 9 0 63 64 0 0 23 0 6 22 14 0 43 19 0 28 16 15 2 42 0 0 41 0 0 10 0 33 18 0 9 49 0 0 15 0 0 81 0
 0 0 0 0 0 0 0 0 0 4 13 0 0 2 14 2 21 0 2 0 0 15 0 84 15 0 0 0 20 29 0 0 0 69 49 0 15 0 0 0 19 0 2 0 59 0 57 0 14 14 0 1 0 70 8 4 0 64 17 24 5 37 0 37 76 0 0 13 0 41 20 0 0 56 0 0 57 3 10 0 0 0 0 15 19 7 0 0 18 0 0 82 0 0 0 0 0 47 52 15 0 42 0 61 0 0 20 0 34 0 0 22 0 0 3 26 0 20 31 1 0 0 5 47 57 34 0 0 0 0 0 0 9 0 5 11 52 91 0 0 0 74 0 0 0 0 40 0 0 94 40 0 10 3 0 42 40 0 52 0 0 32 0 36 13 0 10 0 11 45 42 0 0 0 0 87 18 0 0 0 13 11 0 0 41 21 89 0 39 78 55 69 0 47 28 0 19 38 0 34
 42 69 0 0 29 15 62 25 0 10 37 0 3 0 0 0 0 79 18 0 34 0 0 30 0 54 20 20 0 0 23 0 88 0 0 63 45 0 0 48 0 2 39 30 51 0 4 66 0 10 87 31 11 1 0 0 0 0 23 0 0 0 32 86 32 0 57 0 0 0 50 0 38 19 0 26 9 49 0 0 0 0 0 42 0 63 0 0 53 44 10 0 0 0 7 0 10 1 0 0 44 0 0 0 0 0 0 5 16 27 0 37 0 21 2 50 0 99 51 38 69 0 0 38 23 85 15 2 62 57 3 0 9 28 0 0 46 0 0 0 0 57 0 0 15 0 0 20 0 0 60 5 0 0 9 0 0 45 5 84 0 0 16 0 0 21 0 9 0 0 3 8 0 0 54 18 41 12 0 0 72 26 68 49 0 57 0 0 0 21 0 0 0 0 39 0 44 0 0 0
 55 0 94 59 0 43 0 30 6 0 0 0 5 0 76 14 3 0 20 0 0 0 17 0 0 10 4 0 10 29 27 0 0 0 0 12 94 48 0 0 83 0 44 0 56 0 0 0 33 4 0 0 0 0 48 21 3 70 37 60 58 0 20 71 27 0 0 43 0 0 0 20 54 86 8 0 38 0 0 42 10 0 16 0 2 34 25 0 54 41 0 30 0 0 28 0 0 0 0 0 0 0 0 29 2 0 0 22 9 0 66 34 0 0 65 5 19 0 29 0 0 27 25 50 0 6 21 0 0 0 58 0 0 0 8 57 31 0 37 3 0 0 14 6 0 0 1 0 0 44 0 58 61 0 16 0 32 0 0 0 0 0 47 0 0 0 10 4 10 19 78 22 0 0 0 56 42 0 0 0 70 0 3 38 0 60 0 59 14 0 0 0 24 0 5 0 0 0 0 0
 28 29 2 25 42 18 0 8 24 0 57 0 0 53 0 3 0 0 83 0 60 18 0 25 0 0 18 0 32 3 46 0 0 34 22 2 0 0 8 18 8 6 0 6 20 22 45 0 0 0 60 0 6 0 37 25 0 0 0 0 26 69 0 8 38 0 0 13 43 19 3 10 12 25 37 0 0 0 0 26 0 41 0 0 68 40 0 0 20 0 0 25 44 43 0 0 0 31 5 0 28 34 0 30 0 0 0 0 52 1 0 23 52 0 0 72 28 78 25 0 69 0 81 0 21 15 27 0 0 52 0 0 25 0 2 0 0 29 43 0 0 0 38 34 53 0 16 0 0 0 23 0 50 42 0 15 32 0 10 27 0 10 0 33 0 0 0 28 0 0 0 0 68 78 0 0 69 0 31 0 0 0 55 0 84 61 0 6 0 61 0 0 0 0 0 68 0 60 0 0
 81 76 0 1 0 0 0 34 0 0 16 37 75 12 0 0 24 7 64 15 0 0 18 0 0 0 0 0 0 0 63 0 79 0 0 0 0 2 3 0 73 0 0 0 16 0 4 10 28 47 0 0 0 0 6 0 53 0 0 43 0 0 0 0 0 0 0 0 2 6 24 0 0 0 0 40 4 0 0 21 16 0 76 17 0 0 19 0 81 23 23 0 0 0 0 0 4 0 43 20 0 0 41 68 64 21 5 47 0 0 0 0 0 50 0 0 6 0 1 79 0 6 0 0 60 0 0 0 0 66 38 15 17 0 18 15 71 0 6 75 0 0 48 0 76 0 0 5 0 0 68 11 0 16 0 47 0 7 15 0 0 0 73 38 68 57 0 49 0 35 10 4 0 0 0 0 0 25 71 48 0 0 0 44 15 0 0 13 44 15 0 0 0 79 0 41 0 0 0 0
 1 0 0 53 35 14 56 3 42 0 10 0 45 0 58 33 53 0 5 0 0 18 34 57 25 0 0 0 47 81 0 60 39 0 25 0 19 14 0 40 23 60 0 0 0 17 0 0 62 0 0 8 43 0 0 1 48 28 64 0 88 0 50 0 41 0 0 0 0 0 35 0 0 88 24 18 0 0 0 33 0 0 10 3 41 0 22 29 9 0 0 77 82 0 0 0 55 63 5 0 3 0 0 0 2 26 0 13 50 17 0 31 80 0 0 18 0 14 8 0 0 0 36 0 14 50 0 0 0 0 0 33 12 7 0 41 26 49 0 47 0 53 32 0 14 74 2 0 0 15 0 0 88 32 10 0 0 28 2 0 52 0 0 0 0 28 0 22 0 0 0 0 17 31 10 6 47 0 20 0 0 0 58 22 0 12 32 0 6 76 24 23 13 6 0 0 2 65 0 83
 0 41 2 26 23 0 0 0 26 0 41 0 0 0 41 0 25 53 0 0 21 4 15 17 40 76 2 43 0 0 0 0 53 3 0 0 0 27 0 0 0 0 12 0 49 0 30 0 0 0 0 0 0 0 0 0 19 11 64 0 0 0 0 0 0 0 0 8 19 0 40 0 0 0 0 29 67 0 0 27 0 0 2 90 0 5 12 0 63 0 61 19 44 29 5 4 16 0 55 0 62 0 0 59 0 62 0 2 0 74 0 0 0 11 44 5 37 36 0 0 23 48 0 69 10 0 0 26 56 0 0 0 0 16 80 0 17 0 0 12 0 17 38 3 9 5 79 27 0 0 3 70 0 0 10 69 61 0 12 0 0 35 0 0 12 0 0 1 0 0 2 0 10 72 0 0 0 33 9 0 0 0 64 0 0 26 3 35 43 0 52 10 10 0 0 49 1 22 2 0
 0 0 0 0 0 0 44 48 0 0 65 0 52 41 0 0 58 38 49 10 0 62 0 0 18 0 0 10 0 0 0 47 67 37 76 56 23 54 49 12 0 0 73 0 0 87 22 43 0 0 0 44 0 88 23 0 0 0 0 0 0 77 8 0 41 48 19 8 38 0 0 23 0 0 9 0 61 23 48 0 7 31 0 15 0 0 29 0 15 22 0 0 7 12 0 0 0 43 61 61 0 0 0 0 0 38 0 4 38 0 0 0 24 5 29 0 36 27 32 18 78 0 28 0 7 58 72 37 0 52 0 0 7 24 0 49 67 17 0 0 0 17 0 0 0 66 54 8 73 0 49 0 0 12 35 0 97 55 0 0 0 0 60 20 25 11 0 0 0 40 0 0 0 17 0 0 23 0 0 51 0 0 12 0 22 46 22 0 0 0 49 42 58 0 31 15 0 57 0 0
 0 74 0 2 0 0 20 0 0 48 29 0 0 50 52 11 12 0 0 6 64 11 13 0 43 0 0 0 0 7 13 16 0 66 56 0 0 6 0 0 15 40 0 0 45 0 0 63 0 0 27 7 0 0 76 0 60 36 0 73 69 0 0 0 4 12 51 0 6 0 15 66 10 0 20 0 0 0 0 4 51 0 0 0 0 0 0 52 91 0 4 32 0 0 34 43 30 0 0 26 0 22 7 0 0 0 0 18 14 0 29 0 54 0 4 78 52 0 60 0 0 0 0 49 0 8 20 45 0 0 0 10 0 0 0 6 2 28 0 0 54 62 16 28 3 41 51 0 0 34 0 78 41 0 0 6 0 60 1 0 0 0 0 0 0 0 42 78 0 0 0 21 65 0 3 0 0 13 0 7 3 1 0 48 10 0 0 17 73 41 26 8 32 0 6 17 0 0 34 36
 0 0 90 28 0 0 0 0 0 0 0 34 0 5 0 13 34 41 0 0 4 0 66 0 48 0 57 72 0 0 29 0 0 0 24 2 40 9 0 0 0 0 4 0 0 35 0 47 16 16 0 0 0 0 13 0 0 14 21 0 35 0 0 54 8 0 0 0 0 0 0 4 91 2 0 93 0 0 0 0 6 54 0 0 0 0 40 0 38 0 60 0 0 14 14 26 29 0 0 2 76 0 26 0 0 0 0 7 7 0 0 0 0 45 0 0 0 77 12 22 0 0 55 0 0 0 68 0 14 19 0 0 5 0 46 0 14 27 75 0 0 20 0 16 0 0 17 0 49 0 0 46 0 0 0 0 6 0 70 0 98 0 46 0 8 0 0 44 0 41 0 0 0 0 0 30 0 0 17 0 0 48 14 0 6 48 70 2 15 0 0 71 0 8 0 62 0 0 0 0
 0 0 0 0 27 0 3 0 0 13 0 0 0 0 0 0 49 0 21 0 21 0 0 1 0 0 92 0 0 33 0 0 0 0 0 0 0 22 0 51 17 0 0 67 0 0 0 0 3 0 0 0 33 9 0 7 0 0 0 0 0 0 63 0 0 0 30 62 0 6 75 0 0 3 0 28 37 0 0 0 0 6 20 0 0 54 0 0 0 14 11 58 24 0 0 22 0 27 8 23 0 72 0 55 9 0 28 65 14 7 0 17 0 0 31 5 0 0 20 22 50 0 6 7 0 0 50 0 37 0 0 0 0 46 0 40 0 5 22 33 21 28 27 19 0 6 0 43 35 16 0 30 0 72 7 25 0 75 23 49 10 28 90 0 0 0 8 0 0 0 19 4 21 0 0 6 0 0 0 54 16 64 37 16 3 10 0 0 0 48 0 77 27 74 0 0 0 64 0 0
 2 0 0 0 0 26 47 25 48 72 0 0 0 13 3 0 0 0 0 82 0 36 0 3 0 0 32 0 64 35 0 0 0 26 67 50 71 21 0 71 31 2 0 37 86 0 0 39 0 0 0 45 0 41 57 10 4 0 25 0 30 0 37 0 4 3 0 0 0 0 0 0 0 39 0 25 56 63 0 55 28 0 0 54 39 1 69 17 0 10 32 30 0 0 0 36 0 0 40 37 0 0 27 0 54 0 0 36 0 0 0 0 0 66 45 0 0 0 0 14 0 29 40 0 41 74 0 0 0 0 0 12 0 0 18 0 79 0 0 0 0 0 0 53 0 0 37 40 0 2 41 22 26 13 0 38 48 24 0 0 61 0 23 0 1 17 94 0 6 0 0 0 0 0 0 16 67 0 0 0 21 32 0 34 75 39 24 0 79 8 70 0 35 1 9 26 6 0 0 0
 0 0 54 0 0 38 15 13 0 44 0 10 29 38 65 5 0 0 0 72 0 0 0 11 15 5 0 6 52 0 0 0 15 35 90 14 40 46 0 22 28 54 0 0 23 0 82 0 0 0 39 0 0 26 0 0 0 0 0 0 0 15 23 0 50 0 3 9 62 0 54 9 0 0 11 15 68 0 0 0 0 0 92 0 19 0 5 36 0 0 13 44 0 0 25 37 0 0 0 0 0 0 0 30 35 13 0 23 5 0 0 0 1 9 0 0 11 0 0 0 0 0 0 0 0 0 51 0 9 0 0 26 0 0 0 0 41 0 22 0 0 9 42 72 0 0 0 26 0 0 23 40 0 56 63 0 44 4 21 0 5 75 0 0 26 0 0 0 8 0 63 0 44 3 0 0 0 34 31 0 67 0 13 0 15 0 0 40 33 26 1 0 37 10 0 14 0 0 76 80
 58 0 0 0 0 0 17 0 51 0 0 20 74 0 69 81 24 0 0 0 0 0 0 0 0 2 0 68 7 0 12 27 4 0 0 0 9 0 0 0 5 15 0 0 8 14 0 0 27 17 75 4 0 11 79 53 9 13 0 0 0 0 28 4 79 27 0 0 0 0 0 0 0 0 4 0 3 0 63 30 29 44 0 0 0 0 0 0 0 0 0 9 0 42 0 3 0 0 0 0 28 26 69 12 75 9 32 0 0 0 5 0 0 13 0 0 41 1 64 0 0 0 0 0 16 52 12 0 54 0 18 16 54 0 0 0 18 0 28 0 0 0 27 31 0 47 0 0 69 17 0 0 36 0 8 54 0 11 0 0 0 49 87 80 17 19 0 0 8 24 0 40 26 83 13 15 54 0 0 0 0 0 0 11 8 33 10 0 0 0 0 0 0 0 23 18 0 0 0 0
 24 50 5 74 55 0 13 0 19 0 77 0 27 55 41 72 26 0 0 0 1 0 0 0 0 50 0 0 33 69 0 24 0 0 3 6 25 21 0 0 17 62 0 53 3 22 54 94 0 19 0 0 70 51 0 30 0 0 0 63 0 0 0 0 5 18 0 86 3 14 9 0 42 0 0 60 57 36 0 10 49 0 7 0 4 0 22 25 0 0 0 0 0 0 46 0 8 0 0 0 31 45 0 0 0 24 39 29 0 0 76 0 94 33 57 27 34 0 0 22 54 75 22 31 20 23 0 46 30 0 32 0 0 0 5 7 62 66 0 19 0 0 41 0 0 0 48 32 0 0 13 57 0 0 38 32 0 39 41 7 10 44 0 31 0 0 0 22 89 0 36 0 61 86 0 53 15 0 0 0 0 12 37 83 0 6 0 0 0 46 55 1 0 0 0 11 0 79 0 0
 0 0 46 0 27 0 3 14 0 51 26 4 41 0 0 0 0 0 15 0 0 0 0 10 27 0 0 24 0 11 35 94 0 0 0 25 48 0 68 1 63 4 0 0 0 6 0 0 0 41 0 73 90 0 18 8 0 0 32 42 11 6 45 0 0 78 0 95 0 0 0 30 21 0 0 0 0 51 0 54 64 0 21 0 0 10 0 0 0 0 70 49 0 92 0 61 0 0 55 0 0 0 0 0 6 0 0 0 2 9 46 20 24 0 18 27 55 56 0 0 40 0 78 73 0 0 32 0 4 30 0 0 0 0 0 0 0 0 0 35 0 0 59 0 71 52 0 1 0 0 45 6 43 0 74 0 0 16 0 11 0 0 0 51 19 65 54 0 56 0 34 0 0 37 0 0 8 0 0 62 0 35 19 0 31 47 0 82 24 0 17 0 28 12 0 0 0 0 28 24
 0 7 86 0 30 0 43 0 0 15 32 34 0 86 55 0 0 63 0 25 0 0 0 0 0 86 40 0 25 0 0 49 16 22 31 14 40 0 11 0 0 32 0 0 19 0 0 0 0 54 2 14 0 0 0 0 32 0 0 0 0 0 0 0 0 41 0 0 58 0 26 14 0 0 0 0 0 0 0 12 0 27 0 0 38 0 1 1 0 0 0 0 31 0 6 91 16 69 0 0 10 0 17 21 39 46 0 31 23 0 0 16 13 0 0 54 30 19 20 0 47 2 0 9 0 0 7 43 0 0 0 76 0 90 77 30 0 98 34 8 19 0 0 0 0 0 19 0 4 10 0 43 21 0 0 69 0 20 36 25 0 80 0 40 0 80 16 2 0 0 41 36 0 2 29 0 0 19 53 29 74 0 18 0 0 96 0 0 0 22 0 4 0 51 0 10 39 0 1 0
 26 12 60 37 0 0 54 0 25 0 27 14 38 25 15 50 0 0 0 6 0 0 20 0 49 0 13 27 1 0 18 0 0 0 97 34 64 60 54 0 0 31 27 0 5 49 48 47 0 0 0 89 0 24 21 96 0 0 63 0 9 0 0 0 0 29 69 0 41 0 6 21 0 0 44 27 0 7 25 64 0 11 0 4 0 0 10 0 86 38 0 7 0 17 26 28 38 0 0 71 0 0 12 0 23 37 52 95 0 94 0 5 0 89 57 0 0 18 0 0 11 0 0 0 0 0 4 38 19 0 0 0 0 33 74 0 74 8 0 0 0 53 22 0 0 0 0 1 4 0 8 0 95 9 93 27 19 0 42 0 0 9 20 33 0 0 72 0 0 0 0 0 45 42 0 39 0 58 0 0 56 0 0 0 24 14 7 0 0 0 0 71 0 0 33 2 0 0 16 30
 22 41 0 16 1 38 0 16 0 0 0 0 0 0 0 15 0 0 6 0 90 0 5 3 0 0 70 0 56 50 0 0 6 0 0 0 0 49 41 58 23 0 0 0 0 0 0 0 37 68 0 0 0 25 4 0 54 71 0 0 0 15 3 0 69 15 0 9 20 47 0 0 0 0 0 0 0 7 0 0 70 65 7 0 0 0 0 11 0 16 0 55 0 0 63 0 0 0 41 0 0 30 0 53 0 16 17 59 82 0 0 18 0 23 0 92 0 68 0 33 0 0 1 22 0 0 0 0 0 34 0 0 61 29 0 74 0 0 0 0 0 78 44 0 10 0 49 19 0 13 0 0 0 0 0 0 35 0 0 26 80 3 15 0 16 0 52 62 0 28 0 57 53 0 1 0 68 0 12 0 0 0 0 0 22 34 28 9 13 0 68 10 25 43 48 0 21 0 15 0
 49 7 44 4 0 20 0 37 0 0 0 82 0 82 81 0 0 0 0 0 0 0 17 0 35 8 0 49 3 0 62 39 55 47 73 0 11 0 0 14 0 0 0 0 0 0 31 0 0 38 37 0 1 13 0 83 9 0 0 0 0 10 65 44 59 3 17 0 61 11 0 0 0 57 29 0 23 0 0 50 0 0 3 0 0 17 91 3 56 0 12 42 0 0 0 0 20 0 26 16 14 68 38 60 24 0 0 0 0 0 0 32 0 37 60 0 0 32 45 0 0 0 0 5 27 0 0 38 0 26 17 0 4 11 0 0 5 68 69 11 0 33 10 41 0 35 31 0 16 0 50 0 5 52 53 48 88 42 4 32 0 0 0 0 0 36 16 56 46 0 73 0 0 29 0 0 0 19 6 54 0 23 0 0 53 48 73 51 0 0 5 12 0 34 48 0 42 31 14 0
 0 68 0 0 0 39 0 46 0 0 0 45 44 32 32 26 0 4 34 76 19 0 4 5 0 0 0 0 0 69 0 0 17 41 0 23 0 9 0 78 40 0 0 0 0 0 18 0 0 0 32 0 0 0 15 0 0 0 15 32 11 0 7 0 8 30 0 0 88 0 20 0 5 7 0 0 19 0 36 15 0 4 29 0 0 0 45 0 0 34 0 0 0 0 0 0 17 0 61 27 0 0 24 28 0 6 0 0 5 0 20 76 0 39 4 15 0 0 35 0 0 0 25 0 18 0 76 63 0 0 32 0 40 19 0 83 0 0 15 20 0 0 43 13 0 0 83 18 0 0 57 0 1 0 13 25 0 12 0 83 5 27 0 9 14 57 32 0 35 66 0 0 0 0 7 23 0 0 45 33 12 34 0 1 0 4 12 38 0 0 64 0 0 0 1 0 20 4 0 0
 0 35 0 65 45 0 49 0 46 0 9 52 0 28 0 12 0 0 0 0 0 0 0 0 0 0 50 0 17 48 0 31 24 11 0 0 0 0 0 0 9 0 0 86 0 28 0 17 0 0 29 16 0 0 0 0 71 8 90 19 3 14 76 0 0 22 0 0 21 0 22 0 2 14 0 0 12 0 16 0 0 39 0 66 63 0 80 0 0 0 3 15 0 0 53 0 46 38 12 51 0 12 36 0 0 0 10 0 0 5 0 0 3 0 0 27 0 0 0 0 25 80 56 0 29 0 0 0 0 69 0 0 1 10 34 0 77 41 0 0 68 0 0 15 85 0 43 0 0 0 0 0 49 0 11 0 5 51 60 0 60 0 23 0 0 0 3 58 0 26 56 12 0 38 0 31 0 0 0 0 2 0 0 0 0 58 0 0 0 0 0 5 0 0 66 18 23 45 7 0
 1 0 31 34 0 0 0 0 0 43 0 0 0 3 0 22 11 21 44 0 0 25 77 0 50 17 59 8 0 8 91 20 0 24 12 0 0 0 55 0 42 35 3 31 0 43 31 0 0 0 0 0 31 0 3 91 66 61 62 0 0 29 17 0 52 39 0 12 0 35 38 0 0 0 38 0 25 0 67 47 80 0 21 75 0 0 10 0 42 28 59 0 14 56 0 36 0 0 12 0 15 0 0 83 0 90 12 74 49 0 10 75 0 62 0 0 37 1 37 0 65 0 57 65 0 80 86 0 20 25 23 12 0 0 0 0 33 69 8 63 0 25 0 0 47 0 0 8 0 12 0 0 64 0 8 49 52 0 18 0 1 34 0 55 18 0 35 0 33 35 0 72 0 3 54 0 0 0 0 64 0 68 0 4 0 0 20 10 0 68 0 0 0 0 45 57 47 0 22 0
 7 4 24 0 0 65 0 62 0 5 96 0 0 0 0 0 40 0 0 75 1 0 0 6 40 0 4 33 0 0 0 29 13 0 26 0 61 56 6 0 0 19 22 15 68 0 63 39 0 0 0 0 0 10 63 0 35 0 10 50 49 0 0 0 48 0 37 58 8 0 0 1 0 0 6 0 9 0 0 23 0 0 0 0 0 0 0 0 46 0 11 4 0 0 13 0 0 0 0 0 0 0 0 8 0 0 0 0 33 0 40 33 80 0 0 47 53 0 82 29 81 13 0 0 15 0 0 0 31 6 10 0 0 9 32 0 96 0 89 0 40 0 0 0 5 0 0 0 13 64 77 26 0 0 0 0 21 0 32 0 83 0 0 0 83 27 0 0 43 42 55 34 8 0 0 0 0 26 44 0 65 0 28 22 76 0 50 0 0 0 0 0 27 0 0 0 0 0 0 0
 0 0 20 9 0 57 0 0 33 0 41 0 0 63 0 0 0 0 53 7 0 37 0 0 0 6 0 23 20 0 0 0 70 0 0 0 0 37 0 17 0 0 0 0 0 13 0 86 36 0 13 0 12 0 0 0 0 81 7 7 51 0 14 0 3 0 0 0 20 21 0 38 28 21 0 8 35 0 12 47 16 0 46 1 0 15 93 22 0 14 0 0 0 28 0 0 0 0 28 0 0 10 59 0 59 0 42 37 0 0 0 0 10 20 87 0 0 14 36 56 0 3 22 48 0 19 0 0 0 0 5 21 0 36 4 0 87 65 18 12 0 29 0 39 0 64 0 20 0 19 3 0 0 30 0 0 0 25 22 38 7 0 0 0 0 0 0 14 0 47 0 0 22 58 9 0 0 28 80 0 0 15 0 0 13 0 0 65 71 7 0 0 10 43 0 0 0 64 0 28
 0 0 25 2 0 0 27 80 43 67 0 0 4 53 49 0 9 0 29 5 0 60 35 46 0 8 0 36 0 0 4 0 17 64 0 88 0 36 2 8 11 42 0 0 22 0 61 0 0 0 27 39 56 0 48 0 0 0 4 0 59 39 19 0 0 30 11 0 24 0 0 0 7 7 0 4 49 0 0 0 88 29 25 21 0 48 0 0 10 0 60 4 0 42 84 0 0 22 34 31 0 0 61 47 0 0 0 0 0 0 83 0 0 0 21 3 49 4 8 0 20 0 53 36 0 0 40 0 0 0 14 5 5 0 0 0 12 0 60 0 0 22 12 0 53 21 0 0 0 3 0 85 11 6 0 26 10 0 16 42 97 14 0 0 97 0 37 0 69 0 10 0 41 0 48 76 0 52 0 0 0 9 28 50 74 59 39 0 57 26 18 2 0 66 53 28 8 2 37 55
 21 53 64 6 22 0 50 36 3 80 0 12 42 0 64 29 0 0 0 77 0 0 0 0 17 14 67 0 0 0 0 24 0 0 19 0 7 44 0 55 0 0 0 36 8 44 0 0 0 0 0 77 0 35 0 0 25 0 47 0 6 5 47 0 0 16 60 0 37 0 18 67 2 69 14 30 32 0 20 12 0 22 0 77 0 0 30 38 3 0 0 65 11 0 8 0 0 0 38 7 0 0 31 67 18 0 49 45 0 29 0 0 59 48 22 0 0 84 70 0 0 14 0 20 0 12 24 0 0 0 31 0 8 0 41 0 0 16 45 28 0 52 0 5 0 40 0 0 61 0 0 0 36 46 0 62 29 23 0 0 0 60 0 0 7 6 0 8 2 0 0 82 42 48 0 26 44 0 33 0 38 65 0 0 2 90 0 0 0 0 0 0 0 0 0 45 15 29 0 22
 0 0 34 0 40 0 0 23 35 0 0 41 0 0 41 9 31 28 0 0 0 48 0 0 71 61 0 0 10 0 0 0 21 0 0 0 0 0 21 0 22 0 50 0 27 3 0 0 0 9 0 0 12 1 47 10 0 0 51 73 0 0 0 39 81 62 65 16 0 19 0 0 0 0 0 0 3 75 0 8 23 0 0 0 0 92 1 20 48 0 63 29 29 0 0 4 0 0 0 61 23 0 94 2 0 0 29 0 30 0 0 0 11 15 39 22 35 22 19 36 31 0 0 74 60 45 0 8 69 0 0 67 93 0 56 0 15 0 0 0 3 20 47 18 0 42 0 73 0 0 0 0 0 2 0 27 0 16 30 68 0 1 0 0 0 21 55 0 13 42 24 15 33 63 91 0 86 0 0 63 0 38 8 0 0 8 0 24 0 0 0 0 16 0 0 0 33 0 13 78
 53 19 0 0 0 0 0 9 0 63 0 0 0 2 43 0 28 73 0 22 0 0 26 81 28 8 62 54 42 0 0 74 41 0 0 33 0 64 37 0 0 42 0 0 93 0 0 0 0 56 19 0 0 14 90 0 21 0 39 76 0 0 61 0 0 16 0 26 0 0 0 22 0 0 0 0 51 0 23 10 0 0 0 10 0 3 29 0 0 0 1 46 0 0 0 32 65 23 0 38 0 0 3 0 73 0 64 0 0 1 0 12 78 23 0 9 0 0 0 20 7 29 0 0 62 36 61 50 69 0 75 4 19 0 0 38 56 0 13 0 52 0 63 0 23 1 14 0 0 25 0 39 19 0 22 0 14 0 13 4 60 0 55 51 8 0 0 83 0 45 26 69 0 0 0 4 56 98 42 13 2 0 58 0 26 14 41 0 0 84 53 0 32 0 1 0 0 0 27 28
 0 2 43 30 21 0 3 5 45 35 61 0 0 29 0 0 18 16 46 46 0 0 21 0 0 0 0 50 0 4 0 91 43 25 46 95 23 58 27 0 0 68 11 0 0 0 23 0 79 0 5 56 45 0 10 52 0 0 18 0 24 77 18 28 28 0 25 0 0 0 0 0 0 28 0 0 8 0 0 8 0 0 0 0 0 21 0 0 0 0 25 0 0 53 25 0 0 9 60 8 1 0 0 0 0 0 0 0 30 11 5 4 16 0 9 0 0 26 0 0 31 0 0 76 0 0 0 14 0 0 52 0 0 1 17 32 0 12 35 1 0 0 51 62 69 5 47 43 0 33 42 31 0 0 0 0 26 44 0 54 61 0 49 2 32 0 13 0 0 0 15 50 0 0 2 0 34 0 81 57 14 0 0 41 0 0 22 0 0 3 40 0 0 0 24 0 0 0 14 0
 65 0 12 0 4 4 57 25 24 47 0 0 32 0 23 5 0 0 85 0 31 16 18 0 0 46 34 35 83 43 0 55 0 0 0 0 0 0 0 0 53 0 0 0 6 40 0 19 17 0 24 0 0 0 41 64 29 0 0 30 6 0 0 0 83 0 53 0 78 0 0 0 0 43 46 5 32 8 42 39 0 0 20 0 0 0 0 59 0 54 25 17 0 0 82 5 14 0 0 10 0 0 26 0 0 61 0 27 8 0 0 0 0 0 8 29 0 12 0 34 44 5 0 0 47 35 0 12 13 0 0 0 45 0 1 0 0 48 43 0 0 0 0 0 0 84 83 0 0 35 17 76 16 0 7 41 0 0 53 0 11 29 48 13 0 0 16 16 0 0 6 0 15 69 0 21 0 0 0 32 0 89 0 87 0 0 18 0 0 34 0 23 0 91 0 69 0 0 6 0
 22 24 12 82 0 0 56 0 0 78 2 23 51 0 8 0 37 0 6 0 50 0 54 0 27 0 0 0 15 0 0 77 13 0 0 0 0 0 40 60 21 51 18 15 19 24 19 40 0 41 0 0 23 33 31 0 0 0 0 38 0 0 11 0 0 66 34 0 48 0 26 0 30 18 13 0 21 0 57 40 0 7 12 0 5 42 3 0 0 0 52 80 13 0 45 0 0 0 28 0 56 52 0 33 0 0 0 21 0 0 0 0 0 4 1 9 72 0 23 25 49 0 55 0 27 0 0 40 57 35 0 21 0 43 0 0 57 0 0 0 37 24 0 48 0 16 0 34 0 0 0 0 66 24 17 54 1 0 49 0 0 0 36 63 78 0 0 33 2 0 0 58 0 49 29 0 23 0 0 15 90 29 2 2 84 0 0 0 3 32 0 0 0 0 0 0 54 0 0 0
 0 0 0 46 0 0 5 0 10 0 0 0 50 0 0 2 12 42 0 40 0 0 0 41 0 0 75 23 0 20 0 0 0 0 0 0 82 0 0 0 0 0 40 7 16 0 0 92 5 67 12 17 53 0 32 77 10 0 0 49 0 19 0 0 0 0 0 29 51 3 10 0 0 83 89 0 8 59 25 0 0 9 0 0 0 38 43 43 59 4 82 24 0 0 8 3 4 0 0 90 0 0 23 18 0 21 0 0 0 0 84 6 0 11 84 0 0 0 17 16 0 20 0 15 42 0 4 13 0 29 0 80 0 0 0 5 68 0 0 0 66 65 20 39 0 0 12 44 63 0 0 0 28 26 21 4 76 0 0 0 0 29 80 0 0 29 49 42 0 0 77 0 21 0 0 0 0 20 16 0 0 17 0 3 0 60 0 55 0 68 0 26 0 53 21 0 76 0 0 0
 35 41 0 0 57 6 0 4 75 0 9 0 9 70 0 0 7 0 40 0 0 0 40 46 49 0 0 19 0 11 0 85 0 0 0 1 0 36 25 0 0 2 30 0 0 58 1 0 0 0 77 66 0 24 0 0 0 62 32 0 0 0 1 22 0 10 31 48 0 33 61 0 0 0 72 0 17 0 0 0 4 3 0 0 6 0 0 30 37 11 6 65 36 54 0 61 36 0 0 57 23 43 19 0 2 86 0 58 0 2 21 0 29 39 0 32 23 0 0 36 19 0 0 0 76 0 0 21 5 0 2 0 0 0 0 14 20 49 0 19 32 0 20 0 0 0 0 0 48 13 0 0 0 16 0 0 0 16 0 0 44 0 1 0 0 0 36 27 29 58 33 24 0 17 0 82 0 0 46 77 0 85 38 46 11 31 0 51 0 0 21 0 4 0 0 52 56 0 17 41
 14 38 0 4 27 25 0 0 0 0 0 0 0 41 0 0 0 0 0 57 0 5 0 69 0 57 1 0 42 0 1 23 82 45 0 13 0 0 0 0 1 0 0 0 0 0 0 18 10 21 0 0 44 42 67 0 38 0 0 0 4 0 0 35 74 0 0 37 0 0 0 34 13 34 34 0 17 69 57 33 0 21 73 12 0 0 0 14 6 0 19 61 8 0 23 10 0 22 0 0 0 16 25 5 0 14 0 0 2 0 11 28 86 3 25 53 24 0 53 0 22 60 0 13 32 0 50 9 11 67 12 0 10 33 0 77 0 29 0 29 0 0 24 0 58 17 0 0 0 35 0 0 71 0 0 8 5 0 64 0 0 27 0 0 4 61 19 6 47 0 13 0 0 38 0 5 43 43 0 0 0 0 0 93 0 0 0 0 0 0 0 4 45 0 3 0 0 62 0 0
 0 0 0 51 0 0 74 21 43 2 0 0 28 51 40 6 0 0 52 23 0 0 45 79 32 0 0 31 0 52 65 44 20 0 0 75 0 45 0 49 6 24 0 0 90 91 0 1 0 0 23 47 48 0 0 48 0 0 0 0 0 79 0 21 0 10 0 83 0 33 0 0 74 0 0 0 20 3 0 0 50 0 33 0 0 6 0 0 0 1 0 0 0 5 0 0 11 0 60 46 83 11 0 0 48 0 69 0 0 14 53 0 0 0 7 3 84 0 0 8 0 39 0 52 0 13 0 55 9 51 0 55 0 0 7 68 23 52 0 54 7 0 0 0 0 0 0 57 32 0 2 28 0 0 18 0 0 0 0 0 0 0 0 69 0 74 0 0 0 36 26 19 0 0 0 0 27 0 4 5 0 71 0 26 67 0 31 0 1 31 0 0 0 1 0 0 15 0 27 65
 70 23 0 0 24 2 0 0 6 0 52 0 34 0 37 0 0 50 13 42 0 0 0 0 88 0 0 4 11 45 0 54 0 0 0 0 0 15 36 31 61 0 0 0 6 59 80 46 25 49 7 10 0 0 0 8 0 0 45 0 58 18 0 11 22 2 0 19 67 0 74 0 33 0 0 23 30 0 31 40 15 0 42 32 0 39 14 0 0 24 35 47 0 58 8 26 0 0 10 5 13 0 17 10 20 24 5 0 59 0 0 0 0 0 23 0 27 55 13 0 34 30 0 30 28 0 51 71 0 0 0 0 56 16 43 0 48 19 0 0 0 37 0 0 12 0 10 35 0 0 0 0 0 37 0 0 0 52 0 0 0 53 0 0 0 0 0 0 0 0 0 90 20 82 0 0 0 0 44 45 10 0 0 0 22 97 0 0 0 0 2 0 4 0 28 11 0 71 9 62
 43 17 16 21 11 0 0 0 0 0 4 33 0 0 0 0 21 35 0 50 0 0 25 27 0 41 0 5 0 0 10 0 0 0 0 0 3 66 0 27 20 0 0 41 0 33 20 26 17 0 0 0 0 0 0 0 23 7 0 0 0 0 41 16 15 0 0 22 0 54 0 40 37 35 0 33 0 10 0 0 53 49 73 47 24 39 14 3 0 77 12 35 0 13 4 41 1 0 0 0 0 29 0 0 0 0 58 13 16 0 0 0 27 0 0 0 44 0 0 0 0 28 85 6 0 0 0 0 0 0 12 49 0 0 32 0 73 0 49 0 0 0 0 0 3 0 75 72 0 0 10 28 77 33 0 0 0 5 0 27 0 1 0 31 33 27 0 0 0 0 31 0 0 40 0 66 63 0 0 0 7 11 4 29 0 0 87 0 0 0 87 0 0 0 12 0 23 0 66 0
 6 0 0 0 34 14 0 28 0 0 39 52 87 60 75 0 0 0 0 0 0 0 5 0 22 4 11 64 0 14 23 97 0 24 19 0 42 0 46 21 0 0 25 50 26 0 16 0 49 30 0 30 0 73 0 8 0 0 0 33 34 17 1 24 0 0 0 0 43 41 59 0 37 0 4 76 34 0 21 51 0 0 0 6 0 97 0 0 0 24 0 0 62 16 63 30 0 23 0 0 0 0 64 52 20 0 61 6 48 0 68 0 0 23 0 0 60 0 0 23 40 0 49 0 0 0 0 4 0 0 0 34 0 0 48 67 59 66 11 0 0 0 14 29 27 0 8 0 59 68 52 0 0 0 60 0 0 0 0 5 33 0 6 16 0 82 22 0 0 0 0 0 71 0 43 59 0 45 5 71 8 0 0 21 15 44 3 99 19 46 0 0 50 98 0 16 0 78 0 0
 0 15 0 16 64 0 0 0 29 0 66 73 0 0 0 11 27 0 0 7 11 15 30 59 0 0 0 10 26 27 0 0 0 0 0 0 0 11 68 0 0 0 0 0 21 0 0 74 11 0 57 0 14 67 3 0 0 0 3 7 0 84 16 4 0 0 0 0 7 59 23 20 81 14 75 0 16 4 0 96 0 0 0 12 59 0 0 0 5 63 0 59 0 22 0 65 0 0 20 14 29 0 18 79 0 16 65 17 0 0 41 0 72 0 0 0 12 0 0 73 0 18 44 11 3 0 29 0 0 21 0 0 0 0 19 37 0 0 8 64 0 73 0 0 45 0 0 0 0 0 66 0 5 0 0 0 54 0 0 28 0 0 36 6 0 21 2 0 18 5 69 8 1 0 0 44 10 11 17 3 0 62 3 28 0 33 63 0 15 67 0 2 0 0 25 0 0 17 15 7
 8 0 0 53 41 0 0 0 37 0 12 48 18 0 42 0 2 0 22 0 15 0 0 0 32 0 0 0 0 0 22 53 0 0 31 48 34 9 0 14 0 13 52 52 34 0 0 0 0 56 59 0 0 0 0 0 47 0 31 0 0 0 0 0 31 0 62 0 68 22 0 0 0 0 0 0 3 0 0 0 0 0 0 0 0 0 53 0 0 0 0 0 27 0 0 59 0 14 0 0 18 0 16 0 0 0 85 1 0 0 23 0 0 0 0 0 21 8 44 15 0 0 39 0 0 0 67 22 34 46 0 0 2 28 21 0 13 0 4 0 0 0 50 0 23 0 0 0 0 0 0 12 0 0 0 95 51 0 14 0 0 0 35 0 46 0 40 11 22 28 3 0 29 0 0 11 32 0 0 0 0 0 30 48 0 64 14 0 0 63 69 15 63 21 6 56 59 0 22 25
 0 14 0 0 0 0 19 1 0 0 16 24 13 0 44 37 15 0 26 0 0 65 0 0 2 70 25 39 0 42 43 0 0 60 29 56 0 94 66 42 1 0 0 0 0 53 0 0 3 0 0 42 67 27 0 0 0 0 3 0 0 0 9 0 11 0 14 0 50 35 0 3 0 0 0 0 0 4 0 0 0 39 71 0 0 0 35 1 22 0 47 29 10 15 72 0 38 0 0 11 22 0 0 40 74 33 0 55 0 0 0 0 0 13 60 0 4 0 0 13 0 0 0 0 0 0 0 39 40 0 0 0 0 81 52 0 59 0 93 68 0 0 70 0 0 0 83 46 45 0 49 9 90 32 0 0 0 0 37 9 0 0 65 0 0 80 6 0 0 0 0 36 67 12 0 35 68 0 0 65 2 29 0 14 70 0 0 62 35 0 58 0 0 46 0 26 11 0 0 0
 62 44 9 54 0 12 13 5 61 0 37 39 0 4 29 0 0 0 11 0 0 0 0 33 35 9 69 0 49 0 36 4 0 20 30 57 34 0 9 60 0 27 40 48 55 41 0 14 3 19 0 1 0 0 0 0 41 0 3 38 0 0 0 46 0 0 0 0 0 14 0 24 17 46 37 47 0 0 0 65 0 0 18 32 0 0 71 11 57 0 43 0 5 72 0 0 5 0 0 0 0 2 3 35 0 0 8 0 0 14 11 74 50 0 0 0 0 1 7 0 30 59 35 62 0 0 38 0 48 41 0 0 0 86 52 0 12 0 37 0 1 0 0 0 29 0 0 0 0 0 29 49 51 29 0 0 0 0 0 0 39 2 11 0 10 0 0 0 0 11 0 19 7 66 0 57 15 1 2 0 41 0 71 0 50 58 30 15 0 0 9 73 0 0 0 36 2 9 0 0
 40 0 50 12 33 84 0 0 37 0 0 56 27 47 0 81 0 24 30 20 0 14 0 29 1 79 4 30 47 50 0 57 30 0 33 0 31 0 32 40 5 58 22 0 0 22 0 0 9 8 0 0 0 0 0 36 0 23 23 0 8 13 0 26 0 0 36 0 0 62 32 0 0 51 0 0 0 95 18 0 0 0 48 31 0 0 0 8 0 66 0 0 0 0 33 5 26 0 0 2 9 72 24 49 0 19 56 71 14 34 4 68 0 0 0 52 0 45 4 0 22 0 0 87 71 37 10 78 19 3 0 24 25 0 0 0 31 0 0 44 59 68 7 0 26 88 0 58 0 30 83 0 25 25 0 0 0 0 6 0 0 0 80 2 0 55 44 0 17 84 50 18 0 0 28 66 0 0 17 51 61 50 0 0 37 0 17 0 63 0 64 25 73 0 1 0 26 7 0 0
 0 0 57 0 0 15 0 13 0 0 0 71 41 66 11 13 0 80 69 0 55 80 0 0 0 62 0 45 35 11 39 6 0 31 0 56 0 0 32 0 0 0 13 0 0 25 0 0 0 0 0 0 0 0 0 0 46 0 0 0 0 0 0 66 2 0 0 44 40 0 58 37 4 0 0 0 31 0 82 77 19 0 0 15 0 0 0 0 4 0 79 0 23 0 15 0 22 0 39 0 56 80 0 97 9 36 21 0 0 5 18 18 23 12 0 0 39 68 0 0 0 28 0 72 7 0 2 47 40 0 0 37 63 0 0 90 4 0 0 0 35 67 0 0 0 0 0 41 8 0 10 39 0 0 0 23 31 34 0 0 0 0 38 2 0 0 11 0 0 29 48 50 12 0 0 14 14 18 27 0 44 0 8 45 0 11 12 0 50 0 0 18 3 78 16 0 0 0 4 0
 0 0 0 0 0 0 58 15 26 0 73 58 0 7 36 0 0 0 10 0 37 24 78 61 0 50 35 0 75 0 43 0 0 10 16 0 0 0 0 0 0 19 15 0 94 0 0 70 0 8 0 0 19 0 12 47 70 0 25 51 17 0 7 53 31 0 48 0 24 18 0 58 0 0 20 39 0 0 0 0 0 3 18 45 0 0 8 0 9 0 0 0 0 0 0 11 8 15 0 0 34 64 50 1 0 35 18 0 0 0 46 16 0 0 0 0 0 0 50 7 44 38 0 22 50 33 20 1 46 0 28 25 12 0 24 0 0 14 27 0 42 49 56 0 15 31 8 0 33 0 0 0 2 51 47 31 0 0 47 78 0 8 0 7 55 13 0 0 0 0 0 0 59 5 0 2 57 0 0 20 27 0 31 0 1 0 0 43 0 0 81 29 0 0 96 0 56 0 2 4
 0 14 0 0 0 0 0 0 0 51 0 31 10 18 11 0 0 13 0 37 0 13 0 0 46 0 79 21 17 0 0 49 79 0 0 16 75 0 0 84 54 21 36 6 54 64 0 40 77 0 0 67 0 48 0 18 0 85 0 0 11 23 0 18 0 73 0 54 1 6 0 0 0 15 0 0 11 28 0 0 0 0 0 0 28 34 57 0 14 0 27 52 0 8 0 31 0 0 56 7 92 8 0 0 0 0 0 0 17 38 5 22 46 28 0 0 0 77 0 34 0 0 0 0 0 14 0 0 73 0 28 62 58 0 0 17 90 0 16 5 0 0 0 0 0 0 0 48 0 71 24 21 0 0 33 0 0 0 0 11 0 0 0 0 28 0 0 30 30 97 0 0 2 15 0 0 73 50 0 0 95 3 0 30 5 0 1 0 21 0 0 0 27 38 16 28 16 0 56 0
 15 26 0 0 0 33 23 79 61 0 0 18 5 16 0 0 0 47 0 0 0 0 0 0 0 65 0 0 13 36 0 0 0 0 0 4 0 0 5 30 0 0 0 0 15 0 0 0 3 0 0 16 0 0 50 67 0 0 0 0 0 0 46 55 98 0 0 22 0 0 0 8 0 72 30 43 0 28 58 0 0 0 48 0 74 0 0 0 64 12 59 0 16 20 0 40 35 27 3 0 0 15 55 0 0 32 75 0 58 5 0 0 0 0 0 16 0 0 0 0 0 26 0 10 0 11 0 52 17 0 27 0 47 0 0 0 26 87 59 0 8 43 38 10 23 0 0 30 42 0 0 50 10 77 0 0 46 17 5 12 0 10 61 81 36 0 26 0 0 0 0 0 50 16 0 0 0 11 0 20 0 0 0 31 0 11 0 6 8 0 0 0 0 34 0 0 84 1 13 64
 42 0 18 0 38 12 0 0 58 0 0 0 30 0 0 0 0 0 0 50 0 1 8 0 21 45 0 0 0 0 0 27 0 0 40 0 47 0 0 33 27 0 23 8 0 21 0 79 0 26 0 35 0 0 0 0 0 0 2 0 31 10 0 0 0 0 0 6 1 68 0 0 26 64 10 0 56 0 0 32 54 0 22 50 0 0 12 41 32 56 65 20 10 13 0 16 8 14 0 10 82 30 43 0 0 8 0 16 0 3 69 14 0 39 30 0 1 0 1 0 0 43 0 0 0 33 0 0 15 0 44 17 0 0 31 0 66 35 60 15 0 0 0 0 0 20 56 0 37 0 85 41 0 48 0 0 0 83 18 0 20 85 85 0 34 57 25 58 0 0 0 4 58 0 0 0 39 5 3 9 5 33 49 0 4 0 75 0 0 20 19 0 0 57 60 31 0 10 0 43
 0 38 83 0 0 0 41 0 0 0 0 0 25 0 0 0 28 0 8 81 0 81 57 0 0 0 38 30 0 72 77 49 69 3 0 16 7 22 0 0 68 43 17 45 16 19 0 0 41 0 0 0 34 0 0 60 0 0 0 61 0 0 0 0 35 0 0 7 44 0 2 0 0 0 70 41 0 0 0 17 0 66 0 70 41 20 10 0 0 0 0 0 0 23 31 0 0 0 0 0 13 0 50 3 0 0 0 0 0 0 0 78 0 0 39 58 0 0 0 0 32 0 33 0 0 0 8 78 0 19 4 0 0 41 0 52 0 13 0 14 12 10 0 52 0 15 34 56 0 24 43 81 80 39 4 0 21 0 61 31 35 0 5 28 0 0 0 0 0 1 0 0 15 58 0 21 0 0 0 0 58 24 0 10 0 0 0 34 0 0 24 15 7 0 0 0 0 17 38 0
 75 0 15 21 0 7 0 0 20 56 0 0 72 95 32 94 37 68 30 0 0 80 26 3 9 0 0 0 49 0 0 0 0 10 0 35 0 0 11 0 0 71 30 7 33 0 0 0 4 0 0 0 34 0 0 0 0 0 0 20 59 0 8 0 0 14 0 0 0 21 0 0 0 0 0 0 39 0 0 35 3 0 0 0 66 0 0 15 0 55 0 0 26 22 0 0 0 15 38 23 61 70 31 49 32 86 48 0 0 0 0 17 0 54 0 19 0 15 0 39 0 0 0 16 38 0 89 23 69 0 27 16 0 0 45 0 0 61 0 14 66 13 10 0 0 47 19 84 66 0 73 46 43 46 0 69 78 0 34 9 2 0 20 3 0 24 0 1 8 69 34 5 19 0 0 0 0 0 45 50 22 2 0 22 0 0 61 7 0 0 5 24 33 17 0 4 0 0 33 86
