200
 92 10 0 0 29 0 0 10 46 38 92 55 0 11 91 46 2 0 13 22 27 0 0 0 0 21 0 0 0 0 0 65 29 52 0 22 42 0 61 0 31 57 10 0 11 8 0 1 0 0 0 0 81 0 0 0 81 5 50 53 0 35 0 0 0 3 0 0 0 0 0 17 97 84 0 46 32 56 0 35 0 6 0 0 43 0 0 14 47 16 0 0 1 20 3 0 0 60 0 11 0 19 29 53 44 0 0 0 23 18 1 33 38 43 0 9 0 37 0 4 56 29 0 27 0 0 30 0 0 0 36 34 38 0 29 15 0 83 0 80 30 14 0 4 33 0 0 62 0 0 47 0 12 40 0 24 0 0 21 0 0 5 30 4 0 12 0 45 0 0 11 0 53 48 7 0 4 7 46 42 0 13 1 6 24 0 0 9 65 0 19 33 14 32 0 0 0 9 0 0
 0 60 0 0 0 0 0 0 81 0 13 0 45 19 0 0 38 42 21 13 31 65 35 37 0 0 41 0 47 3 13 0 0 38 0 0 0 0 9 0 0 0 0 0 0 0 0 0 0 75 0 0 80 0 0 66 0 62 40 0 3 0 82 0 94 0 5 7 53 0 84 0 10 0 1 0 0 0 0 0 1 39 0 31 93 2 0 77 0 0 0 10 0 16 0 0 0 0 0 0 9 3 13 0 0 0 2 55 15 24 11 0 0 0 0 3 0 0 98 19 18 8 63 0 0 50 0 0 34 0 1 0 0 0 0 76 0 19 0 24 0 0 0 0 0 0 0 0 15 0 0 0 53 55 0 25 0 0 60 30 0 28 0 71 0 0 1 0 0 80 73 37 26 89 7 76 0 0 35 0 0 0 0 0 38 0 0 0 0 12 13 68 0 35 0 75 0 23 17 0
 19 61 68 90 22 34 41 0 46 0 0 25 0 0 0 0 0 54 29 0 0 16 49 82 32 48 2 0 0 92 0 59 61 0 0 0 0 13 0 0 0 42 0 0 13 33 0 0 19 44 0 28 81 0 19 33 6 0 45 10 0 0 14 0 78 0 30 6 0 41 0 0 0 0 39 0 90 18 85 0 0 0 0 0 18 0 0 0 0 0 0 59 0 0 34 0 50 19 36 47 44 5 0 23 0 63 85 88 0 0 0 62 0 79 0 3 33 20 53 40 0 0 0 0 0 24 23 16 67 0 0 14 0 31 0 0 39 0 0 0 0 0 20 10 51 0 0 36 8 35 25 0 65 48 29 0 2 39 62 0 41 0 0 0 0 1 41 8 0 0 0 8 16 0 14 0 10 15 0 23 67 58 64 8 0 0 25 0 41 0 21 10 0 24 76 0 0 18 0 0
 34 34 0 97 5 0 92 30 14 0 0 23 0 16 0 0 0 0 0 30 10 0 0 39 78 1 36 0 0 0 31 0 0 45 0 4 3 19 0 18 39 19 0 0 0 70 50 0 22 37 0 0 0 30 0 0 19 0 9 11 70 11 0 45 39 49 0 11 11 0 51 16 64 5 75 22 0 0 5 0 24 0 0 0 0 38 38 81 30 0 0 12 0 74 0 0 0 15 0 41 0 27 0 0 76 53 0 0 0 34 15 0 37 46 0 0 76 0 0 37 0 0 0 0 0 0 2 0 89 9 0 56 0 0 98 0 92 74 0 0 0 17 4 0 0 68 21 0 15 23 0 24 8 69 50 0 0 0 25 0 48 0 0 0 0 0 30 0 37 1 43 2 64 34 0 32 0 43 0 8 46 42 0 0 44 84 0 79 0 0 16 0 22 0 2 0 49 0 0 0
 0 31 0 0 46 45 28 3 0 9 11 0 70 8 27 0 0 0 74 11 40 89 0 0 0 0 48 0 0 99 23 61 44 36 0 0 13 1 25 1 0 0 0 15 0 72 0 0 38 0 39 71 0 0 34 12 0 0 46 0 14 0 0 0 75 0 37 0 28 34 37 31 10 0 0 0 0 40 2 0 0 15 0 4 0 0 0 9 46 11 41 18 5 0 18 0 39 0 0 33 67 9 0 57 65 81 29 44 7 33 0 13 23 36 0 0 1 0 18 11 31 25 8 0 29 0 0 37 0 0 0 66 0 19 30 3 48 0 38 12 0 26 18 0 0 45 37 34 0 15 0 0 0 39 0 17 0 12 0 24 0 0 0 0 34 0 54 0 86 55 0 0 58 0 38 0 34 37 0 4 0 40 45 18 20 31 41 0 0 0 0 62 10 48 57 22 0 45 0 1
 23 18 0 10 0 88 45 14 0 0 93 34 0 0 58 27 7 0 19 15 17 0 0 0 27 4 15 13 0 0 0 9 0 0 0 0 0 7 51 28 32 0 1 0 9 26 5 29 13 19 0 0 0 0 0 0 90 25 0 12 8 0 0 27 22 0 0 0 67 23 37 6 0 0 0 0 51 0 0 79 17 32 0 0 0 16 57 35 0 0 27 0 0 0 42 0 0 0 37 68 0 44 10 17 0 0 0 0 0 0 30 53 27 0 19 68 0 0 15 0 77 0 0 0 9 0 84 0 0 33 0 37 86 0 0 0 0 0 84 0 25 0 2 0 0 74 18 2 0 36 0 13 0 0 25 43 0 44 30 0 0 0 21 51 0 33 20 0 18 0 0 0 65 9 37 0 10 0 0 30 77 6 34 8 0 47 36 0 56 0 0 25 31 0 0 5 0 0 0 5
 64 36 0 0 0 0 84 0 49 0 0 1 0 83 22 68 0 0 30 38 0 20 0 25 10 0 19 0 4 36 80 38 0 0 0 21 40 0 49 16 0 0 7 9 0 0 0 0 20 4 0 92 0 0 78 35 0 79 17 9 0 37 35 23 33 0 0 58 0 19 0 0 93 10 0 50 64 0 82 0 0 9 0 33 16 0 0 0 0 26 0 0 44 0 0 10 0 40 0 0 0 10 57 0 29 0 0 17 76 0 0 0 47 36 0 0 6 73 31 16 0 7 3 16 0 21 73 0 0 0 35 0 0 0 0 0 0 20 0 15 36 0 0 7 29 30 0 0 0 0 0 5 40 0 56 0 15 26 50 14 3 8 0 0 0 37 0 2 33 25 0 64 0 42 0 73 0 0 0 0 0 0 71 0 0 1 3 66 0 0 45 7 0 10 0 44 0 0 34 0
 0 51 43 0 0 0 43 10 0 8 0 0 29 7 61 0 0 68 0 0 0 64 0 0 28 0 9 53 0 10 2 0 0 0 10 0 0 0 0 0 70 0 0 0 0 0 0 40 6 19 0 0 56 0 2 1 23 0 59 0 0 0 0 0 28 0 18 0 0 0 0 0 0 0 40 30 79 0 0 2 0 38 0 0 70 0 0 78 3 4 0 35 0 0 18 0 30 61 0 27 4 0 0 32 0 39 51 5 0 28 0 20 20 0 0 0 36 0 0 0 0 45 0 0 12 65 0 0 0 0 5 0 55 5 0 0 0 0 0 1 0 37 32 3 0 25 0 8 0 0 0 17 0 0 0 0 0 4 57 0 0 58 25 0 0 0 4 0 0 0 29 0 0 0 0 4 19 1 12 0 0 0 0 18 0 5 0 47 0 0 0 21 0 0 0 2 31 29 0 0
 0 0 0 0 31 52 0 64 87 0 97 12 0 11 0 85 64 0 7 0 0 46 54 0 57 0 0 0 0 32 0 55 47 0 0 0 0 0 55 21 0 0 0 37 75 0 64 3 0 66 0 72 0 0 85 19 0 0 0 12 29 14 0 42 12 0 36 96 0 0 65 0 12 44 92 0 0 0 0 42 0 15 22 0 12 0 47 0 0 73 0 0 2 0 9 7 59 56 27 71 68 11 68 0 0 0 0 27 0 0 7 0 0 0 37 0 26 52 0 36 8 15 0 70 0 0 0 0 28 14 20 74 23 4 0 0 0 0 0 0 0 7 7 83 15 32 14 7 0 0 99 59 16 0 11 0 3 0 0 76 0 0 24 0 10 61 0 43 0 4 26 2 2 51 0 27 0 9 0 51 7 0 63 59 12 68 0 23 20 5 3 0 0 0 0 0 0 0 0 44
 0 20 29 50 0 65 7 0 24 64 4 34 0 0 19 0 0 5 61 5 70 0 39 0 34 0 87 0 4 7 34 0 0 76 0 0 0 72 0 0 42 26 11 69 72 0 34 0 67 0 0 0 84 18 24 37 47 0 0 0 0 0 0 0 3 18 23 67 0 0 0 16 33 7 39 27 0 0 91 0 0 44 0 0 0 35 36 62 0 61 0 51 0 19 0 28 0 0 45 9 42 56 0 0 0 54 0 0 0 0 0 0 0 0 16 5 0 10 42 0 0 82 0 0 53 4 1 23 0 47 41 0 81 10 29 31 0 0 70 8 42 0 0 0 0 28 10 0 19 41 0 26 0 7 60 46 61 60 0 0 3 37 0 0 4 0 0 0 60 0 41 0 78 0 0 0 0 0 3 0 0 0 47 55 73 0 37 73 34 0 73 0 0 0 30 80 0 0 0 89
 0 0 45 3 0 0 35 27 0 0 79 0 17 0 47 0 0 6 0 21 0 74 37 71 0 63 0 26 0 0 0 0 12 35 66 0 0 0 0 0 0 3 0 5 0 84 45 81 0 49 49 0 0 0 0 0 0 0 0 26 5 86 0 0 0 0 65 0 0 39 0 0 33 16 0 0 0 67 0 0 42 57 3 0 0 0 79 0 0 4 0 0 39 97 50 0 0 17 0 12 48 0 55 0 0 0 15 0 0 62 16 0 0 5 18 0 2 0 0 8 0 68 13 0 0 0 1 0 41 0 48 15 24 54 0 58 38 0 0 19 8 7 0 0 0 0 8 0 62 0 0 0 0 12 0 0 47 0 14 0 0 0 0 0 24 35 0 30 10 20 0 0 0 0 27 0 45 0 0 39 0 0 0 0 0 33 23 0 1 4 0 0 26 48 0 0 5 65 24 3
 0 7 0 0 29 0 0 66 0 0 27 68 0 46 0 0 46 0 6 0 0 0 11 0 7 0 0 0 15 32 28 0 0 0 5 0 3 0 0 0 0 35 0 23 20 70 0 0 0 11 0 0 11 34 32 0 65 29 0 24 0 53 76 0 0 0 0 13 74 14 0 59 0 38 27 0 0 54 32 2 0 49 0 20 0 7 0 0 0 26 0 0 25 10 0 0 1 24 6 12 7 0 0 0 0 0 31 72 0 30 56 0 0 7 0 0 0 11 0 0 0 12 73 28 8 0 4 0 35 0 34 0 74 11 38 0 1 0 0 26 11 0 7 0 0 31 32 0 0 48 0 0 0 86 24 18 0 26 0 0 17 0 15 24 0 0 48 0 0 12 27 0 0 38 0 66 0 28 21 39 91 1 22 55 0 24 0 0 0 0 0 4 66 82 16 0 0 20 0 2
 9 0 8 77 0 50 56 0 57 56 0 50 44 48 0 65 17 0 0 0 7 0 0 27 31 10 73 29 5 0 0 20 5 0 0 0 0 0 0 25 1 0 15 37 0 1 0 0 72 0 23 31 0 3 0 2 57 0 0 0 4 8 0 0 62 54 6 7 0 63 0 35 37 2 72 2 14 18 0 0 0 0 50 0 5 0 0 0 0 0 72 0 0 52 37 69 0 0 88 0 76 79 0 44 0 48 98 0 51 0 0 16 0 52 0 0 57 21 27 0 0 17 0 0 0 0 0 35 0 0 0 92 2 21 0 4 22 40 14 0 0 0 0 3 0 72 73 0 7 0 0 0 0 0 0 0 0 0 0 0 0 0 0 0 50 43 0 0 0 19 0 35 0 94 12 0 52 0 49 0 0 68 41 2 0 0 0 0 1 0 0 0 33 12 0 9 3 58 3 0
 0 0 85 0 0 44 0 0 0 19 2 0 0 26 24 37 0 63 55 0 0 6 17 32 0 0 0 3 0 55 20 0 0 36 12 38 0 70 0 0 10 16 7 78 0 42 0 30 51 27 15 86 0 3 41 7 0 0 42 33 0 49 0 20 0 62 0 0 0 49 55 64 1 10 33 18 0 35 0 0 45 0 0 0 0 6 0 11 0 14 24 0 0 4 0 0 0 8 0 21 41 0 0 0 0 10 0 2 9 0 0 0 11 0 0 4 3 0 0 7 15 0 0 0 0 0 0 0 0 24 4 20 17 1 0 0 33 49 80 38 0 26 0 50 0 42 15 19 0 29 0 62 83 11 0 0 37 55 0 0 29 9 0 0 23 64 0 0 0 20 60 0 0 0 53 5 11 36 35 45 19 0 4 85 8 4 0 0 22 0 0 51 38 15 12 22 0 22 0 0
 0 40 88 15 0 0 0 0 38 0 0 58 25 0 51 0 0 0 46 61 0 0 0 0 63 0 0 0 44 0 0 0 14 30 0 13 0 16 0 0 0 0 0 10 11 0 31 0 0 0 0 0 3 0 20 42 36 0 0 0 87 28 35 10 18 0 0 0 9 0 3 0 1 69 0 36 17 0 0 0 66 88 0 0 0 0 0 66 6 18 53 26 0 4 69 0 0 0 0 20 43 0 0 0 0 43 15 0 0 0 20 0 81 72 45 9 0 0 0 0 0 0 0 10 27 29 63 0 0 0 20 0 51 68 0 55 7 0 0 0 0 12 13 21 76 23 0 0 0 22 24 0 59 0 72 7 65 0 0 0 81 0 69 0 65 32 0 67 11 0 27 0 39 0 0 7 0 19 90 19 0 59 0 70 24 0 56 0 43 0 0 34 0 57 0 28 66 16 0 0
 0 2 36 3 80 0 0 13 0 27 29 23 0 0 4 5 7 12 0 0 0 0 0 34 47 6 0 0 0 0 2 0 0 5 7 25 0 37 0 0 17 15 0 74 0 0 37 0 36 5 0 0 25 36 0 0 45 0 60 0 0 0 91 0 44 5 62 0 0 64 22 0 0 0 33 0 42 0 23 0 0 0 4 84 0 0 0 0 0 0 28 27 0 0 63 0 60 60 0 55 0 7 68 33 38 44 0 3 0 2 0 0 11 0 0 11 35 0 33 0 59 0 0 0 0 0 7 85 0 55 2 18 0 59 21 0 0 18 0 38 32 11 0 45 6 0 4 41 90 45 0 51 5 30 19 0 0 0 20 34 14 0 0 0 15 0 70 0 0 16 38 77 0 0 0 0 49 47 68 32 0 0 0 0 11 0 29 0 0 51 2 46 27 0 6 0 0 0 42 25
 0 0 10 75 15 0 13 3 0 57 51 0 0 36 33 0 75 0 0 7 0 0 0 0 11 0 21 11 0 7 0 99 0 48 17 43 25 0 36 0 0 54 20 0 42 51 1 0 0 0 32 13 40 17 0 0 8 0 35 0 59 2 64 0 18 8 0 0 0 8 1 0 50 5 0 0 5 16 0 0 54 0 20 0 0 3 0 31 72 0 0 0 1 18 24 85 0 0 0 18 0 2 0 63 0 62 0 4 0 0 3 0 0 16 39 0 0 0 0 0 0 0 99 24 0 0 21 0 0 0 62 19 0 47 0 31 0 24 0 24 25 0 19 0 0 71 39 4 26 0 62 10 45 0 64 0 19 0 76 0 0 0 0 0 87 36 25 8 0 40 0 15 0 0 0 0 0 0 42 0 0 0 0 19 0 20 0 1 0 70 41 0 21 13 54 16 2 59 0 0
 42 0 0 6 10 10 11 0 42 0 0 50 63 0 15 0 67 83 0 14 10 0 62 58 0 0 34 0 0 12 0 53 0 0 0 0 0 0 6 0 0 0 30 21 51 0 0 0 0 0 0 46 41 0 21 0 0 66 0 0 0 15 0 59 0 0 0 0 20 46 0 63 30 0 11 40 0 0 0 18 0 0 0 0 44 29 28 0 0 39 0 3 0 0 78 94 0 74 0 17 38 0 0 0 25 72 0 13 0 12 0 13 0 4 0 0 13 46 0 75 36 0 9 0 0 0 0 0 0 21 50 13 58 29 17 0 0 81 0 38 57 10 46 16 36 18 0 0 0 0 28 0 73 36 25 2 23 52 39 18 0 0 0 11 13 18 0 0 0 29 66 1 0 0 28 0 28 0 0 0 0 0 42 0 0 57 0 0 51 18 0 3 0 40 3 74 0 20 37 78
 0 0 0 27 0 0 0 25 0 0 5 0 3 0 0 40 31 71 21 0 5 67 16 0 20 0 0 0 3 66 21 0 30 41 0 0 18 90 0 23 79 0 65 36 0 0 9 0 11 41 0 78 4 0 76 0 0 2 0 22 32 0 0 11 2 30 13 0 0 2 14 48 0 0 0 0 35 0 32 28 25 62 0 0 0 22 28 12 69 71 46 54 0 0 47 16 0 0 13 23 0 0 59 0 41 2 83 11 0 34 0 11 19 35 0 0 74 0 0 0 36 0 0 20 11 61 0 0 26 0 0 0 43 0 0 7 23 0 0 49 0 36 53 28 14 56 0 20 16 1 50 19 0 0 0 0 0 30 86 69 1 0 35 83 53 0 40 11 0 0 0 0 30 0 0 1 0 0 16 25 0 5 9 4 14 29 13 39 0 20 0 0 0 52 0 0 0 0 22 0
 0 0 4 0 0 0 0 34 0 0 0 50 4 21 0 22 0 0 52 50 4 28 14 0 0 0 78 0 22 0 0 0 0 0 11 72 0 0 20 0 0 5 44 6 0 78 0 0 29 0 13 11 0 5 0 75 0 60 27 33 10 0 20 0 53 33 0 56 0 27 8 0 0 0 51 1 0 0 0 0 22 0 5 19 0 14 0 0 15 39 38 25 0 25 0 0 0 41 0 0 2 81 0 38 7 0 0 5 0 0 0 0 16 0 0 0 22 0 0 0 44 34 0 0 14 0 61 0 0 0 0 82 11 17 71 0 20 11 0 39 0 1 40 10 39 10 0 0 0 0 0 16 25 0 6 0 0 2 0 0 39 0 0 71 0 10 22 26 0 0 0 40 0 71 0 0 0 0 0 54 28 80 24 9 0 49 0 25 4 0 0 34 37 54 0 16 47 7 0 0
 0 0 11 0 0 0 75 29 13 0 64 83 0 44 22 24 49 0 0 0 7 8 41 0 0 2 0 0 0 0 0 44 0 0 0 8 35 0 10 70 0 4 15 0 0 21 0 0 41 17 0 0 50 6 0 0 0 48 18 2 66 0 0 19 3 0 0 48 94 0 37 0 0 57 0 0 16 0 16 0 43 9 0 21 46 45 46 0 0 0 0 46 0 0 1 0 0 78 0 0 63 77 36 79 36 0 25 48 0 0 0 55 0 52 0 0 51 34 0 12 0 38 0 0 0 0 0 6 0 5 11 0 0 43 6 0 0 94 37 78 24 26 0 0 1 0 0 0 60 15 0 0 0 73 17 48 80 0 3 0 17 0 0 0 13 0 0 0 81 0 69 0 0 45 0 5 38 64 9 0 0 28 24 37 0 0 0 23 0 0 16 62 44 24 0 0 1 0 0 0
 12 0 0 43 0 56 0 0 0 44 0 53 48 0 10 7 58 4 0 0 0 84 13 0 0 33 0 42 54 41 0 0 0 13 21 31 25 0 0 20 27 0 41 14 0 40 60 0 19 2 0 0 32 0 52 40 1 60 32 26 5 26 46 5 55 0 48 0 0 0 0 0 46 4 0 41 0 23 19 0 0 26 0 70 14 22 57 0 0 66 74 0 16 36 11 33 9 0 0 3 0 12 0 58 64 0 66 0 0 49 0 0 0 0 63 0 44 0 75 0 0 0 65 0 51 11 0 29 4 1 0 1 0 50 0 0 32 0 0 0 0 0 47 48 0 36 28 6 0 32 40 54 1 0 53 44 3 0 0 0 13 0 71 22 0 12 0 0 26 54 21 0 41 46 0 41 31 0 29 13 78 0 40 0 79 38 50 10 0 0 39 68 0 73 0 79 0 16 7 77
 25 0 0 44 4 17 44 5 0 0 0 0 49 0 10 14 20 0 0 0 0 0 94 0 45 32 90 0 0 0 0 86 0 0 4 0 26 0 0 0 0 24 0 63 0 0 35 0 55 26 16 0 0 0 0 38 0 38 0 37 47 69 0 22 0 4 0 0 0 0 0 4 0 22 0 36 0 0 15 7 1 75 18 2 0 0 0 0 0 0 3 76 61 65 0 25 12 7 0 69 54 45 73 0 0 11 0 0 0 0 51 0 20 0 17 59 0 3 0 7 0 4 0 0 26 73 39 20 0 0 0 71 8 0 28 94 29 9 0 52 44 63 0 0 66 9 43 23 0 40 0 0 0 0 46 0 0 0 0 30 23 4 11 64 2 0 0 0 30 39 24 33 84 0 61 0 37 0 0 0 11 0 23 0 19 0 5 0 0 0 0 0 10 30 0 0 46 53 27 37
 11 0 0 0 1 34 0 9 47 64 0 35 0 0 26 0 16 0 8 2 42 4 3 31 71 16 7 7 0 37 56 62 0 0 10 15 36 8 88 6 13 27 0 0 79 0 3 67 0 0 0 0 0 27 0 0 0 47 0 61 8 32 13 26 19 0 19 0 55 9 79 0 27 0 0 18 0 0 0 8 0 79 0 0 0 0 22 2 78 0 67 0 32 0 64 0 0 0 0 0 0 67 0 0 0 0 3 51 0 21 0 74 0 0 0 71 0 70 0 27 0 0 0 56 63 30 0 17 92 0 20 83 5 76 0 41 31 0 0 0 0 0 0 12 0 68 1 0 0 0 0 7 0 0 34 19 45 46 0 17 0 0 17 66 8 48 32 17 0 0 51 46 0 2 0 0 17 33 3 0 75 8 0 0 30 51 11 0 34 4 0 0 0 0 35 87 0 0 0 0
 13 23 0 0 45 0 0 0 0 0 19 0 0 31 0 0 0 16 0 15 30 7 0 0 56 0 0 23 61 42 0 0 0 0 0 57 65 0 68 48 0 26 0 42 0 0 0 0 0 0 0 0 48 0 47 22 0 0 0 9 24 27 0 5 8 0 0 0 0 26 5 0 0 0 0 24 25 42 0 0 33 75 0 36 7 0 9 13 25 44 14 11 58 18 4 8 21 31 0 0 0 0 14 26 0 0 8 69 15 63 8 15 9 0 46 9 0 0 0 0 0 0 44 0 75 26 3 29 0 12 81 0 0 64 0 18 31 0 0 30 0 15 9 0 4 72 0 5 42 1 27 0 65 0 12 10 0 0 0 0 0 0 0 0 0 53 0 0 0 87 73 28 0 0 10 0 0 31 0 17 0 24 30 30 10 0 0 0 0 11 24 11 0 13 0 27 61 18 0 64
 0 3 0 0 43 0 51 83 4 52 0 3 0 3 30 0 48 1 16 7 0 0 0 0 49 92 1 0 6 55 47 29 21 0 0 0 39 0 69 0 46 0 0 0 86 28 21 0 0 0 0 60 80 0 0 0 0 1 67 42 0 0 0 83 0 0 17 4 10 0 0 0 0 0 96 27 13 17 9 0 5 34 49 15 31 0 76 49 23 0 0 0 0 91 0 0 61 23 3 0 0 100 0 15 34 0 5 77 8 40 8 0 0 78 0 18 73 28 76 0 34 26 30 0 52 0 0 0 66 0 0 76 0 5 19 0 0 26 0 24 0 0 20 20 0 0 60 0 24 73 0 8 0 47 0 33 23 52 90 38 0 48 0 16 30 72 0 0 33 18 22 68 26 0 30 10 14 0 0 29 34 0 21 0 0 0 39 0 0 0 0 0 0 52 43 0 0 0 37 14
 9 0 0 0 0 0 0 0 65 0 16 87 0 53 66 1 0 0 70 0 62 30 0 0 2 0 96 83 25 0 0 39 18 41 0 14 0 0 58 0 4 0 0 31 0 0 0 27 0 0 19 0 45 35 0 25 66 0 0 0 38 0 0 0 0 82 64 86 15 0 35 0 0 0 0 0 27 16 0 0 0 0 14 40 0 0 15 43 0 0 10 0 30 11 28 0 0 67 0 45 0 0 12 0 0 0 0 50 0 41 77 20 78 11 0 31 0 0 0 0 0 0 13 6 81 56 0 41 0 61 0 39 0 9 0 5 0 0 0 0 85 0 72 0 33 0 0 27 35 0 0 15 25 0 0 0 16 4 32 10 0 0 7 0 3 12 0 0 0 0 0 0 0 25 12 54 0 0 0 61 12 0 46 0 10 18 29 84 0 0 0 0 0 52 0 0 13 0 16 0
 1 46 42 48 52 0 79 0 90 12 0 24 0 0 21 31 0 44 15 11 2 0 32 0 0 3 0 18 0 0 16 0 39 42 48 0 19 0 79 4 0 0 0 0 26 43 0 13 34 4 53 0 0 0 0 11 0 0 0 0 0 41 0 0 49 0 0 36 33 56 15 43 29 8 0 0 0 45 0 0 0 0 10 68 50 7 0 32 30 0 0 1 58 61 0 21 58 0 0 0 0 37 61 36 60 24 50 0 42 0 46 71 24 0 76 62 16 43 0 39 0 0 0 61 55 30 0 24 84 0 0 20 0 0 30 0 0 32 0 10 0 0 32 0 7 0 37 0 0 0 4 0 29 26 12 45 0 49 25 0 43 0 0 26 0 0 29 0 0 0 30 0 8 0 79 0 0 64 0 0 48 0 0 0 0 0 0 0 53 59 0 0 0 0 21 50 25 0 0 0
 22 0 0 27 8 1 0 10 2 0 59 0 0 12 0 68 18 47 0 0 11 0 11 73 0 0 0 24 50 54 53 64 0 14 43 0 0 27 0 0 50 4 2 0 0 45 67 0 35 0 0 22 43 0 0 25 0 0 0 46 0 40 77 0 0 0 0 6 0 39 0 0 70 0 0 9 0 0 0 0 25 64 40 43 0 6 0 56 26 0 0 0 0 0 8 76 40 0 18 5 0 18 33 0 0 26 0 0 0 54 8 0 7 56 64 0 45 0 0 39 0 8 0 19 0 0 0 0 0 6 45 0 0 0 0 0 0 0 0 0 0 0 16 0 63 35 34 0 0 0 0 0 23 0 0 11 0 83 0 0 16 0 14 0 0 31 82 48 0 34 48 0 2 0 0 0 56 45 0 5 51 20 0 76 30 0 0 0 0 64 10 77 0 0 0 52 0 0 35 27
 74 0 0 11 0 71 0 0 0 0 36 0 11 0 19 66 0 0 0 25 2 0 24 0 0 0 18 18 0 48 8 0 0 0 28 64 9 24 42 1 0 69 0 61 52 74 0 56 0 24 52 0 0 17 0 0 0 0 0 0 70 8 62 0 3 32 0 0 0 15 5 0 0 0 14 0 60 0 58 0 0 55 0 1 59 0 20 0 67 0 5 37 0 30 0 0 0 16 0 26 0 0 0 66 0 24 0 31 14 0 0 0 0 39 0 12 0 31 9 58 0 22 0 0 19 0 6 10 0 76 3 47 0 0 0 58 0 9 0 0 0 0 0 0 36 0 16 35 67 0 0 33 1 29 35 15 0 19 0 0 0 0 35 0 0 7 0 31 27 5 0 51 63 0 2 4 46 0 0 56 0 0 0 67 17 0 27 21 22 0 0 0 64 0 0 53 0 52 20 0
 23 0 81 0 0 20 0 0 79 0 15 0 28 0 28 0 57 65 0 85 37 40 48 0 7 0 40 0 0 0 48 0 1 0 18 0 0 0 0 52 0 0 0 0 0 0 15 0 16 0 0 0 0 47 0 0 0 0 56 0 16 16 0 10 0 0 0 0 7 0 26 0 0 34 27 10 4 58 21 8 29 56 0 39 58 17 0 29 0 0 16 7 0 39 48 87 82 45 0 24 0 16 22 0 86 37 0 13 0 0 0 13 0 5 55 0 45 0 0 13 19 14 0 0 47 27 10 0 13 0 0 38 43 0 39 0 16 63 0 82 18 0 12 0 0 67 0 16 15 0 15 0 0 14 0 0 19 0 3 0 90 0 0 0 12 0 58 0 0 27 23 4 11 0 31 0 28 0 0 3 19 44 0 11 0 8 0 74 39 22 18 0 0 0 31 0 0 0 25 37
 0 22 0 74 0 0 0 70 0 48 53 19 0 7 75 29 0 0 49 8 0 36 0 0 51 0 0 73 0 2 90 29 63 0 0 0 30 28 65 0 19 34 75 22 10 0 15 54 0 0 0 0 1 0 39 0 40 18 21 0 34 26 0 38 0 52 35 46 8 16 0 0 0 0 15 0 9 63 0 59 0 0 0 69 42 42 0 0 87 0 0 77 71 0 6 0 0 68 0 41 0 0 0 12 29 0 0 0 0 0 0 38 0 0 0 0 29 0 0 0 0 0 0 16 0 0 0 0 7 14 0 0 54 88 0 19 0 34 0 73 0 37 3 0 0 22 53 88 45 0 0 0 6 0 35 64 0 4 74 40 0 79 0 0 0 0 12 0 0 26 13 50 48 0 57 17 33 43 52 0 0 0 0 0 0 0 25 38 3 56 0 24 0 50 0 74 0 34 0 0
 0 11 0 31 0 4 28 57 0 43 0 35 0 74 0 4 31 59 0 3 36 42 34 32 63 0 0 0 31 23 0 0 8 20 93 17 39 31 0 0 3 0 28 37 30 0 0 42 0 16 0 9 0 0 5 0 0 0 46 40 13 0 47 59 30 57 87 0 15 9 73 11 57 0 0 67 49 0 0 0 0 0 70 0 12 70 79 83 0 26 0 9 0 8 57 0 61 14 0 0 0 76 31 0 11 10 33 75 46 0 0 0 0 0 0 18 0 30 65 2 0 0 0 31 45 1 49 14 74 0 0 0 0 0 0 0 0 0 0 54 0 13 27 0 16 70 27 0 0 24 28 48 0 0 6 32 66 46 16 0 1 0 0 2 0 0 0 0 0 49 8 9 0 0 2 0 61 39 0 0 0 0 0 0 0 12 24 0 1 55 45 30 34 14 0 19 34 67 28 0
 0 0 9 0 0 34 3 19 0 0 0 67 34 0 0 0 0 17 0 12 48 0 9 29 20 44 0 0 0 44 63 12 0 73 70 0 22 60 1 0 7 0 9 11 76 0 61 18 19 34 0 0 7 0 0 15 0 0 0 0 22 0 24 66 19 0 89 23 28 0 0 0 22 35 5 0 52 0 60 34 0 16 0 28 0 46 0 58 16 0 5 0 0 0 0 0 48 34 0 0 32 0 0 0 28 74 10 31 36 28 0 0 0 0 67 0 0 25 13 0 19 42 38 5 0 0 13 24 84 17 31 0 0 0 0 52 41 0 0 0 1 96 0 0 0 23 0 38 12 3 0 0 0 0 0 0 0 80 0 0 60 13 0 14 4 0 71 0 12 0 0 14 0 0 39 0 0 0 74 0 0 0 0 0 86 42 0 44 0 0 3 44 49 47 0 16 0 8 0 20
 8 11 0 61 26 4 18 0 53 12 0 0 4 0 25 0 0 28 37 0 55 0 0 0 46 62 35 0 0 0 0 17 0 0 47 0 13 0 14 48 0 6 55 50 22 0 5 75 1 12 6 64 0 43 83 0 23 0 4 0 51 11 0 0 67 9 15 13 46 2 0 0 1 17 36 0 0 2 22 0 0 7 46 34 69 0 0 33 0 0 47 61 27 7 78 1 0 0 25 36 0 0 13 0 0 60 44 0 0 0 16 0 3 55 43 0 65 30 0 47 0 0 16 0 62 0 0 53 26 0 59 0 0 0 53 0 25 58 81 0 36 0 0 0 0 0 23 0 0 0 30 0 4 0 0 0 61 0 34 0 0 9 81 78 0 29 39 0 0 0 0 53 16 0 33 2 74 0 21 1 0 51 2 19 0 0 0 0 0 0 0 0 0 0 1 57 15 0 44 0
 0 9 22 0 17 23 0 12 6 27 19 6 71 0 0 0 0 30 15 0 0 0 9 0 0 12 0 43 4 0 23 75 0 38 17 3 8 85 0 0 4 25 0 0 0 0 30 26 90 11 0 0 0 0 0 15 0 0 0 55 4 52 27 0 27 0 2 46 0 0 53 52 7 0 0 38 14 0 30 67 0 5 57 68 0 32 47 12 55 62 0 30 0 33 0 0 0 0 18 0 72 48 0 0 0 32 39 0 0 19 31 0 4 73 42 0 74 0 67 0 0 40 0 0 0 0 0 87 0 57 48 34 0 15 0 0 36 15 43 14 45 0 22 9 0 20 27 0 0 0 43 16 0 0 26 40 0 0 45 0 0 42 0 0 4 0 26 0 0 0 73 0 0 25 0 47 15 28 11 16 6 5 0 0 0 42 0 18 0 0 31 0 0 0 64 20 45 0 53 0
 0 28 15 0 0 95 0 40 43 6 12 0 66 2 2 8 0 18 0 54 0 0 0 0 0 0 0 0 90 0 45 0 0 0 0 0 36 0 58 0 36 42 94 0 9 0 70 26 0 0 37 86 17 34 10 0 0 68 20 19 16 0 0 45 10 0 12 40 35 0 0 0 0 0 0 0 26 0 14 0 0 0 0 0 0 0 3 16 10 0 0 23 10 0 0 51 10 0 0 0 0 0 3 12 17 0 46 0 61 35 19 0 30 0 0 63 13 0 12 0 0 0 0 0 0 15 66 0 4 77 74 0 0 38 28 18 7 30 0 40 0 0 39 0 0 0 0 0 58 75 0 66 32 0 14 13 0 54 31 0 11 31 46 0 30 5 0 21 6 0 14 0 0 0 9 16 5 0 0 0 77 36 45 0 23 20 9 0 0 0 0 0 0 41 29 0 35 0 72 27
 46 8 0 0 0 0 26 31 53 0 69 49 70 0 0 0 11 3 0 26 3 38 79 0 87 8 63 8 0 0 36 0 0 0 9 0 3 58 34 0 30 31 18 0 34 0 0 0 0 8 9 6 0 0 18 0 7 11 16 23 7 0 57 23 29 31 15 33 24 0 0 0 0 39 0 1 57 77 29 0 25 0 40 0 0 62 0 6 94 4 26 22 1 14 0 34 0 0 0 69 0 0 27 0 40 44 13 0 0 0 25 0 0 14 20 7 0 0 0 27 25 0 26 0 0 67 74 66 0 8 0 10 0 36 0 0 0 7 0 0 0 0 19 0 1 0 0 47 70 0 0 0 39 29 59 0 0 47 9 12 17 0 75 0 0 17 0 81 0 59 0 30 23 0 0 59 19 21 0 14 57 31 55 0 18 67 60 38 49 48 15 0 0 0 49 0 0 0 60 0
 0 0 29 8 0 0 0 12 0 16 8 5 55 44 37 54 0 0 24 0 0 41 36 0 0 0 0 0 9 0 79 0 6 0 0 52 0 0 88 50 37 21 0 38 28 0 7 37 0 26 0 1 0 92 0 0 10 0 69 35 0 5 31 0 19 0 29 29 0 0 0 0 4 0 78 60 0 0 67 0 0 0 42 0 0 0 0 0 20 0 53 79 46 0 14 2 0 63 84 73 24 0 80 1 0 32 73 0 52 0 33 0 43 0 19 8 71 14 0 34 7 0 22 20 4 0 6 0 59 0 0 0 1 0 0 56 0 43 0 12 0 85 7 22 4 23 0 9 0 0 0 39 13 0 0 0 0 0 32 3 5 12 0 0 31 17 43 62 13 6 0 59 90 22 4 0 0 2 0 47 0 0 37 9 0 27 0 7 77 46 0 57 0 0 39 0 1 0 15 45
 7 16 54 0 0 0 0 5 0 37 25 50 0 89 18 33 51 38 0 18 0 0 20 0 0 71 27 0 2 0 0 4 57 87 0 10 39 49 0 86 39 89 73 0 0 0 0 0 0 36 0 33 10 0 0 0 0 0 0 63 7 41 1 10 80 28 0 39 0 0 0 0 16 0 53 0 26 0 42 18 0 0 0 6 28 0 34 41 0 0 0 0 0 76 0 21 0 81 6 0 54 0 35 22 37 0 32 0 0 0 3 0 47 0 0 29 61 54 0 0 29 7 21 0 21 73 0 46 50 78 0 46 0 0 35 8 0 0 47 0 1 0 26 31 0 21 28 1 29 28 36 0 0 0 49 23 0 0 0 85 0 72 40 30 6 37 0 65 0 54 0 14 2 29 0 65 23 52 0 13 0 12 17 56 25 21 0 0 0 0 35 3 13 0 0 9 63 0 0 53
 0 20 12 0 81 0 55 0 57 0 25 16 0 0 48 0 7 18 0 11 29 0 4 0 31 0 0 12 0 34 0 0 0 0 61 0 0 0 0 0 78 36 0 32 0 0 0 33 0 30 9 0 0 0 93 0 4 55 44 0 74 22 59 20 0 32 2 0 0 0 33 0 23 0 34 0 19 0 24 29 0 0 0 44 47 0 20 0 27 2 69 4 0 60 0 60 0 0 67 0 65 49 0 0 0 75 0 29 0 44 11 0 0 25 20 23 16 0 0 0 0 0 46 0 43 34 24 0 0 0 33 33 66 51 36 38 0 8 5 21 11 32 13 13 0 0 0 0 54 39 0 0 0 3 16 0 0 68 0 29 9 0 45 1 58 0 0 8 59 0 0 0 59 5 18 18 2 25 7 0 0 0 15 70 9 1 0 0 34 2 25 0 27 10 0 0 0 52 2 0
 0 12 0 0 10 1 50 27 30 0 0 0 64 0 7 0 0 53 44 0 0 12 0 0 0 11 99 61 0 0 27 0 91 27 0 0 0 0 0 0 0 75 0 0 0 0 16 0 12 50 0 66 37 0 17 0 0 67 4 0 0 21 32 48 72 0 0 22 85 0 0 0 13 36 69 0 0 79 0 10 0 16 20 0 0 0 0 68 20 0 0 0 0 22 0 0 0 0 8 85 20 29 0 71 20 0 18 5 0 0 0 0 0 58 28 50 31 0 0 29 0 0 2 48 0 0 0 47 0 0 31 0 0 0 0 9 0 1 0 57 22 58 0 48 0 0 0 3 17 0 0 37 0 46 15 20 2 0 0 0 0 0 49 0 0 0 30 56 0 0 76 13 46 20 0 0 28 0 43 0 0 0 34 9 0 7 45 1 0 62 2 0 0 33 0 0 7 10 74 0
 0 56 27 7 88 0 0 5 63 0 4 20 0 0 52 5 0 0 0 0 0 0 43 24 10 33 1 49 0 2 35 0 0 0 0 28 0 0 37 0 52 3 81 0 0 78 19 0 25 28 71 42 21 4 48 6 0 5 0 15 0 0 67 20 0 26 0 59 35 60 58 0 0 0 65 0 0 24 0 13 0 0 32 0 35 55 69 0 69 0 38 56 86 0 0 5 0 0 29 0 53 4 0 12 5 27 0 58 0 0 4 61 0 71 0 23 57 0 0 0 25 0 26 7 0 30 2 0 0 0 0 0 25 21 21 82 0 0 0 68 48 0 66 0 8 0 0 0 0 0 27 8 15 41 0 34 21 0 82 28 0 31 16 0 55 25 0 0 0 0 0 0 0 0 72 0 41 49 0 79 62 0 0 22 0 0 24 13 0 34 0 20 0 0 43 30 35 48 0 35
 10 24 46 49 0 63 0 66 0 0 0 0 0 0 0 0 90 0 0 0 11 0 0 86 0 13 0 19 22 0 65 0 0 0 0 30 46 35 0 3 0 57 40 41 28 0 0 0 9 13 0 0 27 15 0 1 0 0 0 34 0 23 0 0 44 33 19 0 8 0 0 0 0 32 0 90 0 0 0 10 0 47 0 0 62 33 15 16 70 69 33 0 0 0 20 0 4 0 28 54 12 0 0 21 0 0 28 74 78 4 0 18 26 0 0 0 37 0 19 0 0 49 0 0 0 0 43 34 25 64 0 1 39 51 23 27 15 8 21 78 0 23 0 16 0 0 0 21 44 0 0 17 0 8 7 31 0 40 33 18 28 0 1 0 0 32 18 0 18 33 30 49 0 0 62 0 31 2 33 2 2 21 0 37 13 0 0 0 6 0 0 8 0 0 0 45 76 0 0 0
 0 2 0 17 89 0 61 38 0 0 94 0 16 25 0 33 0 0 44 1 11 11 62 0 17 0 62 0 52 0 28 0 0 0 0 3 0 0 0 77 38 21 10 0 5 4 34 6 0 59 21 59 66 29 75 50 0 32 0 0 0 0 32 0 23 14 0 8 0 0 0 24 0 0 0 0 90 17 45 0 0 40 29 0 41 0 0 0 1 15 33 0 4 97 6 0 8 35 42 34 53 62 20 15 37 0 0 0 0 15 27 0 56 47 50 0 42 22 0 60 0 0 90 25 0 0 0 14 0 60 0 31 35 0 27 0 3 0 0 0 10 14 5 14 0 48 0 0 0 0 0 8 23 29 35 0 17 3 30 0 0 0 4 20 0 77 0 29 0 77 23 0 0 0 0 18 26 13 0 0 0 0 21 18 0 0 0 0 74 60 9 0 26 8 29 0 0 0 4 90
 0 7 0 0 0 0 33 30 6 1 0 0 0 0 66 35 0 81 62 0 0 0 20 8 38 0 13 0 0 0 54 23 13 31 23 5 50 21 12 38 59 23 0 41 0 81 0 0 25 53 7 0 21 64 33 25 40 0 0 21 0 0 15 56 0 0 24 0 0 0 0 0 8 23 21 0 0 0 0 81 0 6 0 0 0 9 18 0 0 6 43 41 41 0 0 9 0 0 0 0 0 0 0 8 0 0 0 0 0 10 49 5 0 20 44 0 0 7 0 41 29 82 1 43 0 43 11 0 0 0 6 16 21 41 59 1 0 31 5 0 0 0 36 42 0 0 0 0 12 0 63 76 0 57 0 56 0 26 0 81 67 27 0 0 20 44 0 35 14 47 0 0 16 73 0 0 2 14 0 29 0 0 0 0 5 48 0 0 0 0 55 0 35 0 0 0 0 19 0 27
 5 75 4 0 0 0 60 15 0 0 0 77 57 20 0 0 0 87 0 56 9 0 0 0 59 0 10 17 0 26 0 0 2 0 0 0 0 6 0 7 68 0 0 18 0 4 29 58 0 29 2 66 63 28 23 0 29 0 0 75 0 0 60 69 0 0 0 48 3 0 31 19 8 0 0 0 96 51 67 10 37 33 0 5 0 0 18 0 25 0 0 24 0 0 0 71 0 17 0 59 0 0 0 25 0 14 38 0 0 0 28 29 0 74 23 0 77 3 8 0 0 41 25 6 30 0 0 30 0 0 6 0 0 0 2 50 63 0 0 0 0 27 0 21 19 3 0 31 8 11 0 0 0 0 68 32 0 0 0 0 0 0 51 0 0 4 0 26 2 29 0 0 0 84 76 13 36 91 0 21 8 0 0 0 0 0 30 0 71 20 29 0 0 0 0 0 0 0 0 45
 0 4 32 83 44 0 78 0 0 19 0 98 0 0 12 32 49 3 44 61 57 21 7 0 6 22 0 0 6 0 9 0 0 0 0 0 0 4 0 8 0 27 42 21 0 0 0 19 6 0 0 24 9 0 0 43 0 0 26 10 0 64 50 0 3 0 0 4 67 1 39 32 45 75 61 0 54 0 0 0 0 15 26 5 0 25 2 0 0 58 0 0 5 0 2 20 0 0 4 22 0 0 0 0 27 0 22 0 16 73 33 36 0 0 0 0 0 0 0 30 70 47 0 31 0 0 74 30 1 0 0 0 39 0 0 0 0 0 0 31 83 51 0 37 27 65 0 0 0 0 0 0 0 0 0 0 60 7 0 51 0 0 0 0 9 60 32 26 0 0 41 14 0 39 0 0 0 24 0 0 69 37 0 0 28 27 59 13 0 60 0 39 19 11 11 86 19 0 29 12
 29 16 0 0 0 0 0 0 39 0 45 6 0 0 26 0 23 56 0 0 0 0 0 58 1 32 47 0 0 24 0 25 12 0 0 0 25 34 7 13 25 0 0 0 2 0 69 0 13 0 37 4 52 16 0 0 54 70 33 23 0 19 85 80 28 0 0 0 0 81 58 18 97 0 58 12 20 80 70 6 0 15 0 49 0 0 0 0 0 0 40 1 0 38 0 19 22 46 0 0 28 34 63 38 7 46 32 39 0 34 13 0 0 55 8 52 0 0 32 0 47 0 8 45 1 51 1 19 20 0 0 0 6 11 35 40 0 0 37 42 23 0 1 0 33 0 20 0 0 8 0 43 0 50 0 0 14 34 9 0 0 0 14 12 53 62 17 26 16 23 63 0 95 0 0 0 34 0 5 2 58 97 0 63 29 2 93 0 20 0 18 0 55 27 0 79 0 0 0 0
 3 0 0 0 58 0 0 0 0 28 0 0 63 0 71 0 58 41 0 22 0 0 0 35 37 69 42 0 18 0 40 80 0 0 0 0 78 0 0 0 0 0 0 0 0 0 0 16 14 93 60 0 50 0 0 0 6 32 0 46 0 59 29 0 12 5 49 41 0 0 0 69 5 0 80 0 0 0 87 22 55 0 19 21 29 0 0 0 38 64 11 0 44 31 37 36 24 66 0 31 34 0 78 0 0 0 28 30 0 70 0 0 0 8 0 0 0 59 0 8 0 38 0 0 0 0 20 69 24 42 0 0 0 0 0 0 21 0 0 0 63 63 20 0 0 37 75 4 52 0 0 0 0 0 53 0 0 0 0 0 17 23 0 19 0 5 0 0 18 0 0 0 73 0 0 0 36 0 58 0 0 0 4 0 0 0 0 30 0 0 0 0 29 56 70 59 1 0 0 0
 11 24 16 10 0 52 12 51 59 15 0 10 0 0 34 44 0 63 25 0 7 58 0 83 3 4 0 0 22 0 3 84 42 3 0 35 0 0 31 74 0 2 0 0 0 0 0 40 0 0 73 0 0 64 0 0 57 75 81 0 0 30 12 73 5 75 50 18 0 40 29 0 68 22 0 36 0 0 77 0 43 0 0 39 77 0 9 22 0 18 0 0 0 0 0 22 0 0 17 0 78 23 23 0 23 31 0 0 57 0 0 0 72 0 9 38 0 0 0 58 0 0 0 39 0 62 0 0 0 0 56 1 32 0 13 0 0 65 13 0 0 0 0 0 31 8 24 0 9 0 0 13 79 0 0 0 41 21 58 21 0 0 0 0 0 0 32 58 0 25 33 0 41 14 15 0 0 0 52 7 0 0 0 0 50 0 0 0 9 30 61 0 0 0 0 0 9 0 0 38
 3 72 0 15 0 0 0 56 0 35 49 8 0 0 33 52 0 0 0 0 28 87 14 69 79 0 24 67 0 19 4 2 0 8 0 20 0 0 0 0 36 0 0 61 0 73 0 0 0 30 1 28 0 0 0 24 30 0 0 0 0 10 92 26 0 0 0 0 0 0 58 0 0 0 0 0 0 0 21 77 0 22 50 0 0 0 34 1 47 0 0 0 74 0 0 0 48 81 14 9 0 70 0 2 5 49 46 55 65 59 0 2 0 0 0 44 15 10 16 0 49 0 3 37 17 82 2 0 45 2 26 0 0 0 20 0 11 27 3 43 74 0 0 7 0 0 0 0 31 66 75 0 0 39 0 0 59 81 84 14 0 0 24 14 0 0 60 0 30 0 10 0 0 1 2 44 38 8 55 47 0 0 31 72 62 0 14 33 0 0 0 0 0 4 0 0 0 73 0 0
 0 0 0 5 12 43 69 0 7 0 32 0 4 4 0 0 0 0 0 49 0 0 29 42 0 0 0 63 0 8 45 0 4 0 33 65 0 41 51 0 36 0 0 0 0 0 0 0 0 0 65 46 85 28 31 27 16 5 0 0 18 56 0 0 0 11 23 0 0 18 45 0 0 0 0 49 23 0 0 0 72 28 0 0 0 0 0 0 15 82 0 0 59 0 40 12 0 37 0 0 6 0 0 0 5 63 0 0 0 71 18 36 83 52 3 0 2 9 0 22 41 0 0 0 12 45 19 30 0 30 0 0 9 0 0 0 29 7 49 0 0 0 55 0 5 7 8 0 44 0 0 29 0 0 31 0 51 0 10 0 0 1 0 0 64 39 0 0 0 0 0 13 34 72 0 0 0 6 29 29 9 7 32 0 26 0 61 14 44 0 77 0 0 48 15 0 0 49 54 3
 43 6 22 0 43 40 31 46 10 0 26 0 0 0 21 0 0 31 44 0 0 82 25 0 51 69 0 32 63 0 0 16 40 88 0 40 0 75 0 55 7 17 0 0 0 0 0 1 0 0 0 12 0 37 13 0 0 0 7 85 0 0 0 0 0 2 73 37 0 0 0 0 0 74 0 0 36 0 0 0 24 28 4 81 2 8 22 44 38 13 26 22 0 9 20 12 36 0 59 54 0 37 0 70 0 26 0 0 0 19 0 0 4 0 22 72 0 0 25 0 0 0 0 12 9 53 7 20 0 0 0 0 0 17 41 74 95 0 0 0 43 0 31 10 0 50 1 25 52 5 0 0 40 58 0 39 0 66 74 0 0 44 0 37 0 24 13 1 61 33 0 23 1 0 8 20 0 0 73 79 0 0 3 8 36 11 1 0 42 0 20 0 0 0 63 50 11 73 0 0
 14 23 0 32 0 52 0 0 0 0 49 0 73 0 0 6 12 0 0 3 0 0 55 40 0 55 45 33 53 6 76 0 0 52 0 3 0 0 46 53 0 0 0 47 0 0 0 13 55 26 43 50 0 0 70 14 41 42 0 0 0 0 0 0 65 0 18 0 0 0 0 0 63 0 1 0 32 0 0 63 41 38 0 0 0 0 62 2 21 51 0 45 50 0 0 86 0 0 12 0 0 12 0 26 0 25 27 6 78 0 7 30 0 72 0 0 0 3 0 20 0 44 22 0 0 54 73 0 51 0 78 0 84 0 19 96 0 0 64 0 0 57 7 4 13 0 45 28 0 89 0 0 0 50 0 0 26 0 0 60 51 0 43 0 0 8 7 13 0 58 0 6 8 0 0 0 22 7 5 10 0 8 48 14 0 0 0 34 15 0 0 38 1 9 0 87 36 0 0 71
 44 0 0 13 0 33 0 0 0 0 9 55 0 0 0 6 29 5 15 0 11 0 0 22 0 32 0 0 0 37 15 90 0 0 25 0 2 11 73 23 22 29 0 0 0 0 77 0 37 37 61 0 0 40 0 19 14 0 0 0 0 85 0 0 0 0 0 0 6 61 0 19 18 49 0 0 0 0 63 47 11 0 64 0 0 48 0 0 0 0 0 0 8 0 0 0 0 1 0 62 0 60 0 0 0 90 78 26 71 0 0 0 12 0 11 3 0 0 0 54 0 0 33 0 4 9 19 36 4 61 0 0 0 0 0 42 14 0 0 36 54 11 86 33 5 29 0 0 0 0 33 73 0 0 6 0 0 17 0 6 62 93 1 6 61 27 0 0 12 12 0 0 7 0 0 3 8 40 0 1 16 0 47 87 0 0 27 0 47 0 24 72 0 0 0 0 52 0 0 80
 0 6 0 0 26 0 84 0 58 0 26 0 0 4 0 0 0 35 34 0 28 0 4 26 2 58 0 78 41 32 18 0 18 43 0 49 15 0 0 47 0 1 30 19 33 0 0 10 0 0 0 0 0 6 0 0 66 79 0 0 0 0 24 19 0 0 0 40 18 0 0 14 45 0 15 4 0 0 10 20 60 38 0 16 44 0 30 16 32 37 0 78 0 0 0 0 0 0 0 27 45 12 77 34 7 28 0 0 0 0 12 0 0 0 0 2 0 0 12 0 63 0 0 0 0 43 0 0 0 29 52 11 0 0 49 3 0 13 10 34 0 82 17 0 0 28 0 30 0 0 47 22 20 0 0 0 0 0 0 0 0 43 0 18 44 9 0 75 0 0 0 3 0 2 0 0 0 49 5 0 0 0 40 22 30 0 3 0 2 6 12 16 0 0 0 0 11 0 0 77
 0 0 43 32 43 0 0 72 47 79 7 0 20 57 4 32 7 0 0 0 0 0 0 0 59 0 21 11 23 6 35 0 17 11 76 24 0 0 15 31 0 0 0 46 0 0 68 8 0 0 0 39 0 17 0 50 0 52 0 0 0 0 0 78 51 0 72 0 89 0 0 0 0 0 64 0 1 0 0 0 31 32 5 17 7 0 15 0 60 0 0 0 0 0 16 0 10 36 0 73 0 0 0 22 0 82 51 4 63 0 0 0 80 7 28 0 17 3 0 0 0 56 0 0 28 4 0 0 0 1 0 25 0 0 0 14 0 50 0 44 52 0 28 0 25 2 0 79 0 56 0 0 68 0 48 42 20 0 21 0 0 0 0 10 2 39 31 0 59 0 23 0 0 10 0 0 0 0 36 12 0 25 5 0 0 0 0 0 0 0 43 20 0 0 0 9 23 0 0 35
 0 0 0 0 0 60 0 0 35 20 1 16 62 0 20 0 0 61 5 0 0 0 12 69 55 0 11 6 17 56 0 0 0 73 0 62 0 0 0 73 0 0 5 11 1 72 1 0 0 42 0 14 1 0 18 16 45 31 53 14 20 0 56 0 21 0 57 13 27 0 36 0 0 59 0 65 0 0 0 22 0 28 3 39 77 0 0 0 91 0 3 0 45 0 7 0 59 17 47 27 0 39 3 11 0 0 0 0 22 0 85 0 0 83 0 56 0 0 0 72 5 75 14 16 0 59 0 80 0 28 88 0 9 0 0 23 0 0 25 40 0 32 0 0 70 0 0 0 0 76 32 0 0 0 0 0 12 0 0 0 49 66 24 23 0 35 20 0 0 46 0 16 0 9 47 13 0 54 0 0 0 32 1 51 0 31 86 0 52 0 16 28 7 0 0 35 0 0 0 72
 0 61 0 0 36 0 0 19 0 6 0 0 39 0 27 58 8 19 0 0 0 0 0 0 0 0 6 51 0 7 40 21 0 63 31 0 0 0 0 0 8 68 0 0 39 0 0 0 0 0 1 65 0 0 12 10 60 25 0 33 2 13 0 0 22 0 0 0 25 0 0 33 32 7 32 11 0 12 27 16 0 34 29 0 45 0 0 0 65 62 15 0 19 33 0 74 0 72 0 0 23 59 70 1 49 8 35 0 0 0 0 64 28 0 0 0 2 47 15 0 18 17 0 8 0 0 0 0 0 18 0 40 2 0 16 0 56 0 0 55 40 0 68 53 76 13 0 41 0 0 0 32 24 14 24 0 0 88 0 0 0 5 0 0 0 4 0 0 0 0 0 0 0 12 0 0 0 17 0 8 0 0 23 0 0 0 17 0 0 4 35 0 0 9 56 39 28 92 3 0
 5 0 23 0 0 0 7 67 0 29 0 16 0 97 0 67 0 3 0 0 0 0 0 0 0 36 0 31 32 0 0 0 0 0 0 0 0 0 46 0 0 90 8 22 80 55 51 39 37 27 21 14 0 39 75 75 35 35 0 0 79 0 0 2 0 51 0 0 12 0 81 19 25 0 18 39 0 0 0 0 0 24 0 0 0 21 6 0 0 0 63 54 16 0 7 0 0 35 50 0 0 0 0 16 40 0 7 48 10 0 0 5 0 0 0 0 20 59 11 0 24 2 11 0 0 0 0 17 3 3 0 78 0 0 0 0 25 0 0 22 71 7 72 0 86 49 0 11 0 0 0 38 82 0 62 67 0 4 0 3 84 85 92 9 20 0 0 1 47 0 0 5 0 0 0 11 0 29 0 30 0 17 0 0 0 6 31 20 64 0 88 0 42 0 3 27 9 0 7 84
 0 69 68 0 7 48 0 11 0 33 0 0 0 0 0 55 0 0 43 22 8 0 0 0 0 12 15 0 0 0 0 0 63 11 0 0 19 15 0 0 0 0 73 0 50 43 43 0 0 0 0 0 0 77 8 0 11 50 44 0 31 96 72 0 0 0 3 40 0 0 17 0 0 12 31 28 0 0 13 32 50 34 0 61 0 92 0 63 30 25 0 0 0 0 0 61 19 42 84 0 28 0 53 0 11 0 93 9 0 0 0 0 0 0 0 0 0 7 0 39 2 35 45 30 45 65 10 0 54 34 0 61 0 0 10 19 0 0 31 0 64 59 0 46 16 8 0 51 7 25 0 35 0 35 0 0 0 0 24 0 33 0 9 9 33 4 14 21 23 0 37 0 0 0 0 48 35 0 64 0 0 0 4 0 33 0 0 3 0 36 24 0 74 37 41 26 46 27 0 0
 37 0 0 10 13 18 0 46 41 75 7 0 60 49 0 0 0 72 49 0 30 0 23 0 0 37 66 49 0 0 25 16 0 0 57 0 12 0 0 0 0 0 0 17 0 0 0 0 0 0 0 0 7 13 14 37 0 23 0 1 44 0 89 31 25 0 0 60 0 0 0 0 26 0 58 0 1 37 0 44 4 0 0 0 13 0 6 0 0 14 0 37 0 7 55 68 0 0 0 0 70 0 62 98 0 0 25 15 0 6 0 0 18 14 6 5 39 17 0 0 0 14 0 0 0 0 22 0 0 48 0 16 0 0 19 0 0 0 18 0 0 25 36 0 2 27 0 29 0 27 11 60 0 0 0 0 0 0 0 0 0 26 20 59 0 0 0 73 28 0 0 58 5 5 35 0 0 63 19 0 13 0 0 0 25 2 2 41 8 0 0 0 0 29 2 26 76 77 0 60
 46 37 85 0 34 0 0 28 0 26 78 10 54 0 0 6 39 0 0 36 0 0 0 0 0 0 8 30 97 78 0 0 0 0 6 19 0 0 3 0 0 0 0 49 14 0 0 15 0 19 0 0 49 14 43 24 0 0 40 7 0 0 0 29 0 97 29 58 0 18 0 71 40 0 0 13 11 0 0 0 0 40 20 42 56 22 86 52 40 2 66 44 27 11 0 0 24 0 0 0 32 0 0 0 0 0 0 0 0 96 23 10 0 0 59 34 0 0 89 0 29 0 26 4 9 0 9 1 0 0 0 36 0 31 72 8 24 16 0 0 0 11 0 12 44 44 15 0 31 0 0 18 0 42 0 39 0 43 0 0 0 80 61 70 59 22 0 0 22 26 0 0 0 53 0 49 50 22 7 56 0 0 7 3 22 0 6 48 14 0 74 0 0 0 0 0 0 8 0 0
 36 0 0 0 0 0 0 0 0 0 0 15 0 10 0 0 0 77 0 0 0 0 22 0 0 54 86 0 47 0 36 28 0 0 0 0 0 0 0 0 24 0 13 0 0 1 45 0 0 0 0 46 29 28 0 15 21 0 0 0 23 9 0 68 99 26 0 0 7 0 0 17 48 7 0 0 0 34 63 0 4 26 0 36 0 91 0 7 23 0 7 0 0 0 0 0 0 7 1 0 5 0 0 0 34 0 0 0 0 29 23 41 5 0 0 0 0 0 0 34 59 32 0 0 0 0 30 0 52 21 0 0 0 29 44 0 0 42 0 36 13 0 38 0 0 0 0 0 23 36 0 58 51 0 0 17 0 10 0 0 41 7 2 36 41 0 0 49 0 13 39 0 2 50 0 0 50 0 79 0 8 7 3 55 30 7 0 18 24 20 60 0 0 0 0 0 0 0 0 18
 0 14 61 0 41 20 67 0 41 0 49 28 0 0 69 0 0 23 0 0 3 21 0 8 52 15 0 64 10 0 59 0 0 30 0 33 44 0 18 0 0 59 0 0 0 26 32 40 12 0 0 84 0 0 32 14 32 67 40 14 0 10 21 0 0 4 0 0 1 12 11 0 65 16 0 4 0 3 0 0 65 0 8 0 70 42 12 85 0 12 0 0 44 0 39 24 0 0 28 30 0 65 93 0 0 65 0 0 0 26 0 0 0 17 4 55 0 0 0 12 68 29 0 23 10 0 0 0 0 1 13 31 25 1 0 0 2 0 49 0 51 0 0 0 25 17 75 66 46 0 0 0 2 0 0 0 63 48 0 59 11 17 0 0 0 0 0 34 7 49 0 84 0 11 55 69 0 0 0 9 24 27 35 0 0 0 0 0 0 54 16 0 11 21 0 0 0 0 0 34
 36 0 0 21 0 10 35 0 0 0 0 21 0 43 4 0 14 25 0 20 12 0 30 0 39 0 0 47 6 26 51 0 0 0 0 0 0 0 0 7 0 86 45 0 7 0 78 12 14 0 0 25 0 0 0 50 56 0 0 39 56 0 5 0 7 16 72 0 0 0 0 0 0 12 0 18 53 0 22 0 0 0 13 27 66 50 0 14 0 25 37 0 0 0 0 38 0 62 0 0 11 25 0 0 79 13 30 0 0 49 0 7 0 0 0 0 0 31 29 0 0 64 7 48 0 75 0 41 34 0 0 0 93 0 37 0 8 8 13 8 0 0 13 0 63 0 0 9 1 0 31 33 0 0 0 0 33 0 8 0 23 11 12 0 0 0 63 0 0 47 0 54 0 25 0 23 10 43 0 1 41 0 0 21 46 0 0 0 20 0 80 60 0 0 4 0 52 0 0 0
 9 0 0 0 39 24 0 49 0 0 5 0 0 6 0 7 58 56 49 0 0 31 33 47 80 0 0 0 0 47 27 0 14 0 0 0 0 0 0 0 23 0 0 25 0 53 0 0 56 0 0 23 4 0 76 20 0 16 0 22 30 0 0 0 44 52 29 93 0 0 11 79 0 25 0 0 34 0 0 45 23 18 0 45 0 56 37 13 0 0 20 0 13 0 0 2 0 8 16 0 36 65 0 0 0 35 24 0 0 34 16 13 28 0 0 0 0 13 0 17 29 67 2 5 0 0 0 21 0 0 53 0 0 16 53 23 12 96 0 0 0 17 0 3 0 0 45 0 0 22 77 0 65 0 0 0 19 22 20 49 0 19 26 2 0 23 0 0 12 51 0 0 0 22 87 0 0 84 9 0 58 53 0 6 40 18 0 13 0 51 25 0 43 0 0 0 40 75 0 1
 6 0 38 0 0 0 37 51 45 20 67 0 3 15 0 54 1 0 45 0 0 46 0 0 7 0 0 0 33 87 0 0 0 0 0 3 0 0 9 30 20 0 0 0 48 88 0 0 23 36 24 16 20 27 60 0 0 0 0 0 0 28 11 1 0 0 13 54 87 85 84 0 0 0 0 40 27 0 20 0 2 37 11 17 0 20 0 0 0 0 44 0 0 0 0 6 0 24 6 43 0 0 70 0 0 37 0 3 56 0 28 0 44 59 22 0 0 0 0 0 0 0 34 44 0 53 0 31 93 9 0 0 37 11 65 17 45 0 0 48 27 0 0 0 0 0 29 26 18 0 12 0 18 0 72 0 46 44 0 0 0 47 51 0 0 0 21 9 0 0 56 8 61 0 0 0 47 0 17 28 32 0 0 0 0 2 0 23 3 0 0 20 35 41 68 65 15 0 77 0
 83 30 0 64 0 0 0 10 0 69 0 0 0 0 11 0 0 0 0 0 17 60 26 0 0 26 3 0 0 0 34 0 0 18 0 31 53 10 75 16 3 30 0 79 70 20 88 0 0 46 0 4 0 11 80 0 47 10 24 23 22 8 11 0 57 0 14 16 0 4 24 0 0 0 54 24 0 0 0 0 0 0 3 0 0 3 0 55 0 0 0 0 0 0 0 0 4 12 0 0 0 0 0 34 0 44 0 11 0 0 0 0 0 29 32 0 10 0 13 13 0 0 20 0 0 0 0 0 10 0 58 0 0 0 0 0 0 0 0 61 37 8 0 0 0 5 0 0 0 0 40 0 8 54 26 51 94 0 60 47 16 15 14 0 2 0 31 0 3 14 81 2 0 0 0 0 37 0 0 0 31 0 64 69 0 0 0 0 0 45 89 19 35 9 0 0 41 0 45 0
 25 0 23 0 0 0 17 23 0 57 12 70 28 0 0 0 0 22 0 0 0 35 60 0 0 37 0 0 42 0 0 5 0 34 94 0 15 8 54 11 0 56 0 51 12 17 0 0 0 44 0 0 0 8 9 41 1 67 0 88 0 0 28 9 2 0 23 0 0 0 36 34 0 0 0 52 65 0 0 0 33 0 0 68 0 0 0 0 11 8 88 0 0 50 0 0 48 70 20 0 15 0 18 15 44 0 0 90 48 45 0 0 0 0 0 15 30 48 0 0 27 58 0 19 41 0 35 0 0 0 0 86 17 0 0 2 0 0 60 0 17 0 10 19 0 35 0 68 0 0 0 67 0 31 10 41 72 0 0 42 0 29 0 17 0 0 1 0 21 0 55 0 0 65 39 0 0 6 39 0 1 8 0 0 0 14 95 0 0 0 9 14 0 0 34 19 0 0 29 49
 0 28 27 0 0 0 68 31 20 0 5 0 0 0 16 70 25 0 0 36 60 48 0 9 17 73 0 0 23 17 72 45 0 41 24 0 52 58 65 36 42 36 90 83 0 71 0 0 0 0 39 99 46 13 71 0 0 35 19 0 0 51 27 0 0 5 90 0 47 6 0 57 46 26 0 0 0 0 0 34 0 0 0 0 0 30 97 0 0 0 30 0 0 0 0 0 17 0 0 0 0 0 0 0 0 0 43 0 24 51 89 0 0 0 0 0 21 0 2 30 53 32 0 0 0 16 6 0 84 0 46 0 8 34 11 10 0 19 0 33 25 8 0 19 48 0 1 46 0 0 27 0 0 5 0 12 0 1 0 0 0 49 39 0 0 0 3 23 2 0 0 0 0 0 38 63 85 0 19 12 0 76 0 0 28 0 0 75 0 0 27 0 0 0 38 0 0 18 0 21
 0 0 1 0 0 60 0 37 0 0 0 2 0 0 0 42 0 0 39 43 6 0 64 0 73 29 35 0 0 29 3 14 0 0 0 0 23 45 0 0 0 0 7 64 59 0 0 0 0 0 0 6 5 79 0 0 0 55 0 0 0 24 0 0 0 0 31 2 38 53 13 0 14 36 32 6 66 35 22 0 0 0 0 0 24 23 46 29 52 0 0 33 29 11 0 18 0 67 12 0 4 24 70 0 0 0 0 32 0 28 2 19 31 0 0 0 0 62 17 0 3 15 0 0 0 0 22 0 47 69 0 0 9 9 0 0 16 54 27 0 0 0 0 0 18 0 58 23 49 21 32 0 16 0 0 0 0 54 72 30 0 0 28 0 0 0 68 0 0 12 0 58 0 2 14 0 0 86 25 3 50 0 93 0 0 0 0 27 0 0 52 36 0 8 57 3 3 0 0 0
 0 28 23 0 9 18 0 45 0 0 0 0 0 0 0 58 0 3 29 6 0 0 0 89 37 25 16 0 64 19 0 40 27 0 0 43 14 0 14 45 15 0 9 0 2 0 56 0 23 52 0 27 76 0 74 0 61 16 0 0 18 0 19 28 0 0 0 0 67 38 54 0 0 95 0 8 41 0 0 39 31 58 0 0 0 35 0 0 0 0 0 59 27 0 35 0 0 0 48 0 31 30 1 0 0 28 22 43 58 34 0 0 27 12 28 3 32 18 11 0 42 96 0 0 0 0 0 0 0 23 0 0 0 25 48 0 75 0 18 7 57 0 6 0 0 20 0 93 0 70 0 19 38 0 12 29 51 82 16 0 0 90 1 24 0 12 0 0 84 7 0 0 0 2 0 1 0 86 38 4 6 21 42 57 30 0 74 0 0 8 0 0 25 54 0 65 9 0 100 38
 4 0 0 0 30 22 69 0 0 0 79 0 0 0 15 0 36 0 52 0 16 37 24 80 88 0 76 19 53 0 0 0 23 0 0 65 54 54 0 0 0 0 0 0 66 0 8 0 0 0 13 29 12 35 0 23 0 0 92 0 0 0 0 18 60 67 23 61 4 0 87 43 0 49 75 38 87 65 0 8 0 24 21 18 51 0 0 29 0 34 0 2 36 10 0 0 0 0 0 54 0 0 0 30 15 79 0 0 10 0 0 30 55 0 0 17 0 6 2 0 19 10 0 0 48 77 26 0 0 0 59 13 0 16 36 38 0 61 52 34 0 28 18 24 12 38 35 0 9 79 64 0 0 0 45 0 33 0 9 0 57 8 0 3 0 21 41 0 32 14 0 20 24 14 74 16 0 56 0 63 0 0 14 39 15 0 0 85 92 0 56 2 0 3 76 24 8 3 0 14
 0 58 28 0 6 45 0 0 39 0 42 16 0 0 0 3 42 0 28 0 13 0 0 0 0 0 38 43 0 71 0 58 0 21 19 0 50 0 0 19 35 60 49 0 26 73 50 31 0 21 0 30 0 50 46 65 0 56 0 0 0 0 52 0 64 0 0 46 0 0 0 5 0 0 0 33 40 0 3 34 64 6 17 0 0 0 0 0 0 0 71 55 11 27 0 10 18 6 6 0 20 30 0 49 55 48 0 0 0 0 0 33 17 43 62 9 0 0 16 0 0 3 0 0 0 0 0 37 16 0 0 17 12 0 32 38 3 0 0 7 18 54 0 4 0 53 0 23 0 0 38 2 0 0 84 0 0 0 0 14 2 59 0 26 69 0 0 4 4 10 0 7 44 3 25 8 0 0 7 0 0 0 87 0 0 0 0 52 57 40 20 0 34 0 37 68 0 0 0 5
 0 64 0 66 44 0 0 0 22 7 8 34 0 19 0 0 0 21 0 35 0 72 41 10 0 0 0 26 5 0 0 0 0 0 91 0 0 0 11 0 0 30 2 30 0 12 0 0 0 14 64 68 0 0 0 24 65 0 53 15 30 0 0 0 64 31 0 0 0 11 0 9 0 0 0 0 0 0 12 0 17 0 4 20 3 0 0 47 0 46 0 33 40 51 0 0 2 24 0 0 0 47 0 0 0 32 0 0 0 20 14 49 0 0 0 36 0 5 6 0 0 0 0 0 0 0 0 14 0 0 33 76 41 21 0 0 0 20 39 0 17 18 0 7 0 0 0 29 0 0 45 0 31 0 0 25 0 44 46 15 0 0 60 16 2 25 0 30 50 0 0 35 0 8 0 84 0 0 0 0 0 0 34 13 0 24 0 0 0 0 0 23 0 0 0 33 0 0 0 30
 0 87 0 24 0 73 64 26 21 42 0 0 0 0 16 46 0 40 29 59 6 0 37 25 0 0 0 0 32 42 0 0 21 84 0 60 59 0 62 8 52 0 0 5 0 73 0 43 0 30 37 34 5 47 10 46 11 45 11 0 45 64 0 56 0 0 18 3 42 2 24 48 0 44 0 0 22 4 0 18 88 0 3 0 39 41 17 0 0 3 59 0 0 0 0 85 0 25 58 2 4 0 72 28 24 16 78 0 0 0 6 10 0 13 89 0 6 38 0 0 42 0 24 86 38 33 0 36 2 0 15 17 0 0 10 48 0 37 0 0 23 41 16 0 0 0 0 0 0 17 90 0 0 0 0 0 71 15 0 0 19 0 0 0 13 61 21 20 23 0 70 36 0 9 0 32 0 43 75 29 0 0 0 0 0 0 0 19 0 61 91 8 58 0 0 0 22 13 0 8
 9 54 0 0 0 35 0 55 15 0 90 0 27 14 0 0 88 1 0 3 0 0 0 20 11 0 21 78 12 0 0 21 48 0 0 0 0 0 0 0 0 62 59 59 0 93 0 12 0 0 0 0 44 14 38 0 0 11 49 0 61 0 72 2 0 9 0 5 0 37 5 55 0 30 56 0 0 3 38 5 0 0 78 32 83 0 64 0 53 0 7 41 6 0 89 0 38 4 0 0 0 57 0 0 0 22 0 0 0 0 48 0 58 0 0 38 87 0 46 50 9 7 0 25 0 0 0 0 0 0 44 0 8 0 0 0 0 22 13 0 0 16 13 57 0 0 9 0 15 0 0 0 34 0 0 0 4 63 0 0 61 0 0 0 0 0 49 28 14 0 1 0 77 0 0 0 0 6 51 6 30 0 29 37 0 0 20 0 67 35 3 0 0 0 0 47 68 0 18 59
 0 40 24 76 48 0 32 0 0 25 53 0 59 71 4 51 33 0 0 18 4 18 0 0 44 24 49 0 42 35 0 0 58 0 0 0 23 83 17 0 0 0 0 0 23 0 0 7 0 0 68 0 59 33 0 0 0 7 0 0 35 0 0 31 10 53 30 0 26 22 9 0 45 0 0 0 9 0 0 56 0 0 0 0 75 28 11 0 66 71 0 34 0 0 0 0 0 11 0 0 30 0 30 15 0 0 6 41 64 53 37 39 0 0 71 0 0 0 0 0 10 37 54 73 0 12 32 42 0 0 45 20 0 19 11 0 6 3 0 48 0 41 9 0 0 0 16 0 0 2 0 50 0 0 74 0 0 35 5 6 42 42 3 93 0 1 0 35 0 9 0 0 0 0 0 0 29 21 68 2 0 0 16 0 0 0 0 70 0 0 8 0 0 0 0 8 64 73 66 0
 30 0 29 0 27 0 8 66 29 19 0 26 34 0 0 40 0 54 0 0 0 40 0 20 0 0 9 13 0 43 0 58 21 22 15 10 12 0 48 68 18 19 33 47 17 57 0 28 9 0 0 6 0 0 0 0 0 0 16 91 22 0 0 44 0 0 14 0 0 14 0 50 29 0 7 0 0 0 64 60 11 0 3 41 0 62 0 0 0 0 0 0 0 0 45 0 66 0 54 83 0 5 19 0 40 80 1 0 2 11 36 3 0 0 29 0 0 27 85 0 0 2 46 0 65 50 0 30 0 0 18 72 32 17 0 0 0 0 0 0 0 74 13 0 27 0 0 46 0 0 18 65 0 67 0 0 54 45 6 0 44 5 0 0 0 0 20 0 21 0 0 0 38 26 0 25 0 65 0 45 0 0 52 18 0 4 0 60 5 7 0 0 0 17 0 2 0 22 0 87
 0 0 4 3 0 0 0 0 0 0 0 0 22 54 0 89 34 36 0 19 0 0 0 0 0 0 1 47 0 0 0 18 8 0 0 0 25 75 10 29 15 0 31 0 0 0 0 0 0 9 40 0 0 0 0 85 0 0 0 0 0 0 2 0 0 9 35 0 0 40 50 42 53 0 0 0 11 28 29 59 0 57 0 2 0 0 38 13 0 35 19 46 32 0 0 28 84 0 0 0 23 1 12 0 0 5 20 25 45 0 18 0 4 67 23 9 18 53 26 1 0 87 47 0 0 0 5 3 20 69 0 5 15 0 0 31 0 10 0 0 49 0 28 17 0 54 0 19 0 0 74 0 39 25 36 2 0 0 0 0 0 16 12 0 49 0 0 11 55 81 37 0 0 0 0 0 0 0 0 0 30 0 0 19 0 95 29 46 14 25 22 0 0 0 0 0 61 0 11 0
 1 13 21 28 31 24 28 39 0 0 0 21 0 62 57 0 0 27 1 0 19 19 0 24 40 0 0 0 0 51 14 10 0 14 0 0 13 0 0 7 12 0 0 51 0 11 12 0 43 0 32 0 57 0 3 0 35 0 0 0 30 4 57 0 55 0 0 22 0 0 38 59 2 26 0 0 0 0 0 43 0 34 30 54 0 0 0 45 0 47 0 2 12 77 78 0 0 0 0 28 23 0 0 0 57 95 0 35 0 53 0 53 23 0 21 66 50 45 17 0 44 27 51 4 0 0 0 0 16 98 0 1 8 0 0 0 31 0 56 0 0 0 0 19 0 0 0 6 0 0 0 42 0 9 89 0 0 0 57 33 0 0 78 8 52 0 0 0 0 40 19 37 18 11 53 0 13 0 19 12 11 0 9 0 4 63 0 8 38 0 0 0 0 0 0 0 0 33 65 10
 22 0 80 13 0 49 0 43 44 87 17 0 2 17 37 0 18 13 24 0 0 0 0 1 0 0 0 0 0 0 0 0 17 0 0 0 9 0 7 0 0 31 29 14 6 5 0 0 0 0 0 12 16 0 45 15 0 0 0 3 16 0 10 0 0 16 0 0 0 20 0 74 80 31 0 68 0 84 0 53 0 0 0 11 0 0 0 35 0 0 0 3 76 0 29 0 0 30 87 18 10 5 0 0 0 0 11 0 8 95 41 0 0 49 2 74 3 0 24 0 65 37 0 0 23 5 0 23 28 39 62 0 0 52 0 0 53 0 9 0 0 0 0 37 12 13 0 8 0 0 14 6 0 0 0 42 46 0 5 6 0 0 34 0 42 91 0 43 0 35 65 0 18 0 0 0 0 0 36 22 21 0 74 30 62 32 50 0 0 0 13 0 72 0 0 0 0 44 0 4
 0 0 0 1 59 45 0 0 0 45 12 25 0 7 25 1 8 0 16 8 0 0 38 13 0 0 67 0 8 0 0 0 0 56 0 14 13 7 58 0 0 62 0 0 0 24 43 6 48 0 0 81 80 0 79 28 0 0 0 0 43 92 0 0 76 0 0 31 80 39 44 12 0 46 0 18 0 0 0 0 12 63 12 61 67 0 64 6 0 2 14 71 0 0 0 0 0 75 52 0 46 6 12 0 56 0 2 0 38 8 0 0 0 25 40 0 19 0 32 0 0 6 0 0 0 0 0 0 0 0 0 0 4 16 0 22 37 40 0 11 0 46 0 0 0 0 35 23 0 29 0 0 0 0 0 26 0 71 0 0 3 0 25 0 0 47 0 20 0 18 14 57 0 0 0 22 36 52 68 7 0 0 44 0 0 49 61 33 13 64 0 34 9 65 0 0 0 0 0 41
 53 0 32 0 66 0 68 6 55 0 71 0 38 0 54 48 0 0 0 0 0 0 52 5 72 62 15 0 0 36 0 0 0 0 43 0 26 0 22 55 11 30 0 0 34 0 14 0 24 26 48 0 36 0 11 0 31 38 36 5 0 0 2 0 0 0 0 0 0 0 35 0 0 0 42 22 18 0 79 0 0 45 47 22 47 84 0 0 39 0 1 0 34 0 6 2 7 4 0 78 0 37 14 9 0 6 2 0 0 0 3 35 58 0 64 15 0 0 63 5 0 0 0 0 14 46 34 56 0 49 0 9 0 52 0 1 0 57 0 0 29 0 0 0 4 33 31 0 20 0 59 0 28 0 21 0 34 0 62 0 0 43 0 0 0 0 0 0 0 0 51 31 0 0 59 26 77 0 29 25 0 90 38 51 0 0 0 71 35 45 0 33 66 9 15 77 10 0 35 0
 9 13 17 0 62 0 42 37 0 0 0 91 60 28 16 36 2 0 0 15 0 0 2 0 0 0 0 83 52 0 66 39 0 1 33 0 0 1 54 0 0 32 0 0 11 0 0 0 10 22 0 0 22 0 0 27 0 0 27 29 0 44 0 0 3 0 28 0 15 80 54 0 0 37 27 28 44 0 0 0 66 0 17 27 0 9 32 0 0 0 0 0 0 0 0 68 0 0 72 0 13 0 0 0 0 0 0 0 0 14 26 0 41 44 42 0 15 0 0 92 0 66 1 47 0 1 58 53 5 0 0 65 0 60 0 0 57 16 70 0 72 13 0 0 0 13 75 44 0 48 0 0 15 80 0 0 0 0 27 0 30 31 23 30 75 0 4 0 20 38 0 42 49 50 40 0 0 6 0 35 0 9 0 25 0 54 0 2 0 44 1 0 29 0 30 0 0 40 0 44
 0 0 20 0 0 0 4 0 34 0 8 14 4 0 0 3 0 11 0 29 37 67 37 0 0 0 0 0 0 56 0 14 0 0 0 0 0 0 54 0 30 0 36 0 36 70 54 27 38 31 0 0 75 0 0 45 0 56 10 6 84 0 9 0 0 0 0 0 64 0 17 64 0 24 0 54 0 72 0 19 41 0 0 0 0 11 28 31 0 24 17 3 70 0 27 0 61 0 6 16 3 3 0 0 33 2 24 0 56 48 44 0 0 62 0 0 67 0 37 0 68 0 37 0 47 0 57 0 0 0 0 50 44 0 39 0 45 6 23 0 0 64 0 30 34 49 0 0 0 0 3 19 0 2 0 64 35 31 0 44 75 0 43 0 42 0 0 0 28 19 0 55 58 1 0 31 79 72 27 35 5 19 38 0 0 74 18 0 0 23 40 0 16 14 59 81 4 0 0 0
 0 44 3 0 0 7 10 0 49 47 18 5 21 54 0 27 0 23 0 0 11 40 32 0 0 0 42 0 0 0 38 0 18 0 3 0 0 0 0 33 0 0 0 0 0 29 0 44 39 0 0 0 0 0 0 1 0 0 0 0 20 0 32 0 0 43 56 2 1 6 0 42 0 59 31 3 20 9 0 0 20 64 20 91 38 0 47 37 99 0 16 54 0 0 0 0 0 0 1 38 0 54 0 22 0 0 38 37 0 0 0 0 27 65 0 85 0 13 26 0 71 0 0 0 31 6 0 0 0 83 0 30 56 81 48 29 0 6 0 0 0 43 68 74 0 0 0 66 0 0 0 5 0 76 0 0 0 25 0 0 66 15 0 71 0 0 0 29 0 0 0 0 20 18 49 0 31 33 0 0 14 63 49 23 29 0 15 28 0 0 18 0 67 0 0 36 46 0 40 0
 0 78 36 22 0 66 0 0 0 0 0 0 24 0 0 56 5 0 0 0 4 0 34 37 0 15 33 2 7 5 12 9 0 33 45 0 47 0 10 49 0 39 26 0 0 0 49 0 77 0 0 29 0 0 0 61 0 4 14 0 50 0 0 0 55 0 0 7 16 0 0 8 33 43 0 42 0 0 25 0 2 0 0 78 0 3 38 0 83 29 0 43 47 0 28 61 47 0 0 0 0 0 0 0 7 0 0 0 28 0 0 0 0 62 88 1 55 37 0 60 1 0 0 0 0 0 0 70 57 23 0 42 4 81 0 75 88 37 24 0 0 0 45 2 0 0 50 0 7 0 0 0 74 0 0 0 0 0 24 0 0 22 62 13 0 0 0 0 24 0 85 12 7 26 28 0 0 13 14 1 0 0 0 0 0 43 56 0 0 0 0 0 40 64 0 8 0 17 15 11
 75 42 45 86 0 0 52 23 1 26 81 10 0 0 0 0 52 72 0 0 89 0 0 0 0 49 0 18 24 0 0 46 67 0 0 63 37 0 0 23 0 65 0 0 0 0 8 28 0 0 50 69 27 0 32 4 26 21 0 0 0 23 6 0 0 39 0 0 0 14 0 0 60 50 49 0 29 0 0 49 66 0 5 80 0 0 26 0 0 37 53 47 0 0 0 0 89 36 14 0 0 5 0 2 6 1 0 2 10 41 25 38 23 27 9 38 16 0 50 32 5 32 0 3 34 1 0 0 0 26 37 67 0 0 0 0 0 0 1 0 0 46 62 0 39 92 0 0 0 0 0 0 0 0 0 69 0 15 41 0 0 85 0 92 0 0 41 55 0 0 0 82 0 0 40 0 0 0 0 0 0 41 22 0 0 0 0 0 38 0 0 80 0 0 0 0 40 0 0 68
 82 0 0 0 0 28 54 0 72 0 6 40 83 50 0 0 12 0 0 0 0 18 0 35 0 1 17 0 44 0 0 0 0 6 0 0 0 0 0 26 0 57 0 64 35 0 0 7 0 57 20 36 1 0 0 20 0 74 58 15 0 25 0 0 60 32 7 43 35 13 44 42 0 0 0 0 0 92 0 0 38 0 0 0 0 21 71 0 0 0 0 19 23 0 57 0 51 0 4 0 6 0 0 0 61 0 0 75 0 60 2 47 0 21 0 0 0 42 36 45 0 0 0 0 0 8 11 26 0 53 0 0 0 0 55 0 12 48 0 18 26 0 0 0 0 4 17 0 76 32 0 0 0 89 59 31 0 24 25 6 80 38 32 17 86 61 9 0 0 0 31 0 0 0 42 34 0 42 41 29 37 0 0 0 17 80 0 17 0 4 0 0 0 0 0 0 0 0 0 25
 0 4 68 78 0 73 0 28 0 22 0 0 55 11 44 36 0 15 8 4 10 0 0 0 0 13 0 0 46 6 35 0 25 6 0 59 0 0 0 6 43 3 0 39 0 0 41 0 78 0 66 0 0 34 0 0 92 27 0 0 0 19 38 0 37 0 23 0 17 33 29 34 0 0 0 0 0 37 0 26 13 0 0 0 29 0 9 0 16 0 14 0 40 73 26 73 0 0 3 0 67 0 30 0 92 0 7 0 0 0 43 0 0 0 34 0 10 14 0 0 55 88 0 5 0 68 0 0 58 0 6 0 12 0 51 62 0 0 2 15 0 30 27 67 27 0 0 8 67 42 36 26 86 0 0 32 23 48 25 22 0 37 27 7 2 52 0 47 0 0 9 43 56 0 0 30 30 0 0 0 7 0 32 0 0 0 0 72 0 1 0 0 0 33 0 0 48 27 0 4
 0 0 78 0 0 14 53 32 60 0 0 0 0 0 0 3 0 21 6 0 68 0 0 48 0 0 0 0 9 0 0 49 0 44 0 0 22 0 10 0 0 0 14 9 0 22 35 29 0 0 36 27 2 0 16 34 0 57 71 0 21 53 0 0 43 46 73 25 15 21 0 11 0 50 0 0 0 5 2 23 1 34 0 46 5 13 15 82 15 45 77 10 0 73 35 0 7 18 34 31 2 27 14 49 0 56 0 0 16 0 39 0 17 23 0 0 0 0 0 20 0 41 0 52 31 0 0 0 0 8 26 32 2 0 10 0 35 0 0 0 0 2 0 23 35 21 0 0 0 0 46 25 27 0 24 0 0 37 80 0 0 54 0 0 66 32 0 0 28 0 55 0 0 0 14 0 0 44 0 44 0 57 30 16 4 0 0 36 0 0 0 0 0 0 0 16 0 0 0 0
 0 49 0 50 0 0 30 0 0 33 0 55 0 7 0 0 0 0 0 14 0 0 35 0 0 12 0 44 0 15 0 0 0 19 0 64 18 54 0 63 5 73 5 0 0 10 29 0 26 0 36 6 0 0 12 16 39 0 0 68 0 2 0 28 6 0 75 52 31 97 0 12 32 0 2 51 54 14 0 39 0 19 0 0 52 0 25 0 48 0 33 0 0 0 25 0 0 49 20 44 0 20 0 0 0 0 7 0 0 5 0 0 10 10 76 0 61 61 0 0 0 0 0 0 0 0 31 0 0 40 0 0 0 0 0 0 87 22 0 23 22 0 0 46 0 0 11 0 73 0 0 0 12 23 7 87 40 0 0 0 26 0 0 0 0 1 28 13 14 0 0 0 26 0 71 0 0 53 0 55 0 70 0 69 0 0 59 0 0 30 4 0 0 33 34 0 47 0 0 0
 7 16 19 22 69 30 0 62 0 0 1 2 0 15 0 34 0 0 0 24 14 0 0 32 0 23 18 0 0 1 0 9 16 39 0 87 0 0 0 0 0 33 0 62 91 0 0 0 0 0 0 32 0 0 0 72 52 69 43 0 65 0 0 15 18 0 0 0 0 45 43 61 0 28 55 0 34 0 42 10 46 0 11 78 40 0 0 29 60 0 58 5 0 32 28 61 0 87 38 14 50 9 22 67 0 23 30 45 0 20 0 66 0 0 25 63 22 38 88 0 2 0 13 0 0 16 23 3 63 30 72 7 0 16 0 19 0 0 0 3 0 65 83 0 0 0 53 0 0 0 0 0 0 11 0 0 22 0 0 34 45 0 80 23 7 0 0 44 39 41 0 0 9 89 4 0 0 50 15 0 78 0 52 0 46 52 55 16 9 0 40 0 1 0 7 0 0 32 80 10
 83 52 0 35 0 37 67 0 0 2 30 0 27 19 20 0 22 54 49 46 29 0 0 17 0 0 31 0 0 30 0 3 0 0 39 23 0 24 62 67 57 1 8 0 0 15 8 67 0 0 59 0 3 0 83 36 33 0 0 0 12 0 36 0 34 25 95 59 58 0 0 0 37 38 29 0 0 33 0 16 0 0 69 23 68 0 12 0 75 0 0 0 32 0 28 11 4 0 0 44 34 0 19 84 68 80 0 82 38 0 57 84 41 47 19 0 0 70 0 48 0 0 24 0 64 43 9 0 67 34 22 10 0 35 90 0 0 0 0 39 81 0 76 0 34 36 0 0 54 0 0 20 0 0 0 0 9 40 0 0 57 1 0 0 77 0 63 7 0 0 0 0 67 68 35 0 58 26 64 0 0 28 75 6 43 0 11 31 9 0 18 35 0 0 30 0 0 66 14 17
 0 85 0 0 8 74 0 0 0 39 0 0 21 0 62 0 50 0 87 0 0 4 0 12 0 0 0 33 15 0 0 0 0 0 15 4 9 14 0 0 51 24 19 7 0 61 0 35 0 0 37 0 0 59 73 0 31 0 0 0 0 0 53 0 0 51 0 0 0 0 0 43 0 28 66 0 0 0 0 0 32 38 56 0 0 0 99 59 14 46 0 15 16 0 0 0 7 20 0 19 15 0 0 4 0 0 29 44 30 0 20 0 0 0 0 0 76 0 44 37 30 11 0 46 0 82 26 0 0 27 0 39 42 6 74 0 63 43 41 12 4 0 0 49 30 0 0 0 56 44 0 0 1 17 0 18 37 11 0 0 0 32 0 60 0 72 0 79 0 0 1 65 61 39 78 0 63 0 0 37 0 22 47 67 18 42 0 0 6 0 58 56 0 0 3 28 32 3 14 22
 11 23 0 6 56 0 6 18 0 0 90 0 0 10 36 3 12 58 0 19 57 10 75 10 34 0 55 68 0 23 31 30 60 3 0 0 3 39 0 0 0 0 0 0 0 81 11 0 72 84 0 0 5 0 0 11 2 64 0 18 0 0 52 68 0 0 5 0 0 8 0 22 0 0 32 0 6 0 46 20 0 23 10 0 0 14 0 0 0 38 0 0 0 0 0 0 19 16 100 36 0 1 44 33 79 19 0 0 0 0 0 15 0 0 16 69 0 0 0 0 0 56 0 0 0 71 0 39 0 0 0 0 0 0 0 0 28 0 0 0 0 0 0 0 37 0 28 0 0 35 0 0 78 0 39 0 46 43 84 18 0 0 0 5 0 14 36 0 58 0 42 36 0 0 0 0 0 0 48 0 0 17 0 4 0 61 7 23 0 0 81 27 8 10 0 0 14 18 0 0
 0 17 0 0 0 0 54 0 0 0 0 0 22 0 0 0 0 0 0 6 22 0 0 1 86 39 0 29 0 0 0 0 74 26 0 19 51 0 0 46 22 0 51 0 0 0 0 0 3 0 89 0 7 0 13 0 0 0 0 32 85 6 9 40 8 0 0 9 0 88 41 12 47 29 0 18 1 0 35 6 0 67 0 0 96 0 10 0 0 44 61 38 8 0 0 0 0 0 0 67 35 41 0 0 26 46 0 0 0 0 68 24 65 35 0 0 0 33 11 8 32 39 0 34 0 0 0 0 4 9 50 10 7 0 16 0 0 0 19 8 0 22 17 31 54 20 32 2 0 46 0 24 66 0 0 24 26 0 20 0 0 53 0 33 19 0 39 0 0 46 78 0 0 17 0 9 49 0 0 0 49 59 30 9 0 57 13 0 0 1 0 33 0 23 0 67 31 34 51 0
 48 0 0 53 0 9 49 0 0 0 0 0 0 0 0 4 36 0 63 0 0 20 0 58 22 62 20 37 3 88 14 23 40 0 63 0 71 11 0 0 0 0 0 0 0 31 59 57 0 0 0 15 0 9 32 6 0 15 85 0 10 0 0 0 0 71 0 0 17 29 0 37 0 0 4 0 43 0 46 0 17 0 0 0 0 40 0 0 34 19 66 0 0 0 20 0 0 0 35 0 60 76 1 61 69 14 9 0 38 3 0 0 0 0 6 0 0 0 0 70 0 0 0 0 0 43 0 0 22 27 71 0 0 5 0 0 2 67 0 4 66 0 37 10 0 0 0 38 31 0 0 0 9 38 15 22 18 0 0 0 0 0 0 0 0 22 1 0 53 0 0 7 0 0 9 0 0 10 0 4 80 38 0 59 0 0 0 22 0 19 0 0 35 9 0 0 37 0 0 0
 0 0 0 0 0 0 0 17 0 0 2 94 0 1 37 0 0 4 19 0 0 0 0 0 4 0 64 0 0 33 0 6 0 38 30 0 51 51 84 33 0 0 0 1 0 45 46 25 0 9 0 0 52 0 0 0 0 65 0 0 47 1 6 84 11 0 0 0 10 22 55 63 0 0 63 0 0 54 0 39 0 0 10 0 0 0 56 0 0 21 0 6 11 0 0 0 10 10 0 0 0 46 0 99 39 0 36 45 0 19 0 39 0 46 0 0 29 0 24 0 0 24 21 0 2 0 5 0 0 30 0 0 0 2 0 21 0 0 0 81 0 17 0 21 0 42 0 0 0 0 0 2 29 64 0 0 0 5 0 0 92 3 0 0 0 0 0 0 59 23 4 0 35 21 0 0 36 0 0 0 49 14 13 0 4 17 49 2 0 0 0 2 0 0 0 0 0 0 0 0
 0 0 0 43 41 0 0 15 0 1 0 54 4 17 6 0 22 28 0 29 0 21 0 31 0 31 0 0 0 27 0 43 0 52 0 20 0 0 0 0 42 69 26 26 0 12 26 20 0 0 0 8 31 83 33 70 0 55 0 0 25 0 0 33 5 0 8 20 0 56 0 49 0 0 90 30 19 0 81 0 0 0 47 20 0 0 15 20 67 16 38 57 0 0 34 0 0 2 0 72 0 22 77 0 8 0 0 0 0 2 0 7 13 80 11 0 26 61 40 1 0 0 0 0 0 28 0 11 0 0 1 1 54 78 0 0 7 0 0 0 0 80 51 0 0 0 37 0 50 0 94 0 46 32 21 3 3 19 0 0 46 57 0 8 0 1 0 66 0 87 0 42 14 0 0 31 0 50 0 0 26 0 27 0 0 65 0 0 88 45 28 0 11 0 76 53 0 16 0 12
 0 7 0 61 0 0 72 0 10 19 62 37 0 13 29 0 0 99 5 0 0 0 37 40 0 0 47 0 5 0 8 0 17 1 35 70 0 34 0 0 6 0 0 0 0 0 0 61 0 58 63 0 56 0 0 73 0 0 0 0 0 64 0 3 83 41 40 36 54 0 0 2 40 68 0 0 12 0 26 0 54 6 44 41 48 0 61 40 0 70 0 34 25 0 96 0 0 0 0 22 0 0 5 31 29 50 25 60 0 0 2 0 11 6 7 29 23 84 0 0 0 24 0 0 6 63 0 0 0 0 34 0 19 0 35 0 0 27 0 45 23 0 18 47 0 0 69 43 26 0 0 71 0 8 0 0 0 19 14 17 2 0 15 0 0 30 37 24 0 0 0 0 42 0 14 0 0 0 0 49 0 49 0 0 49 0 0 0 0 37 0 4 71 18 0 0 57 0 0 0
 0 10 19 0 0 24 0 29 2 10 79 48 16 62 15 0 1 0 0 0 0 0 32 34 5 0 17 0 66 59 0 0 0 0 19 1 0 0 18 0 19 0 0 26 0 25 23 0 0 1 0 0 0 48 0 19 0 55 11 0 0 0 48 13 0 6 0 42 9 23 0 64 21 32 0 0 27 0 31 72 0 52 0 47 0 62 72 0 15 0 0 0 0 52 35 73 0 62 0 0 0 0 0 0 24 0 65 0 6 0 0 0 35 0 47 0 0 0 35 0 12 0 1 1 12 0 13 14 11 0 0 0 0 0 0 0 29 0 4 31 22 0 0 85 0 2 0 30 0 57 26 0 0 0 88 0 20 0 0 21 42 7 27 14 0 39 0 52 0 0 0 0 0 0 79 26 0 0 0 33 0 0 38 20 64 0 0 10 37 26 0 39 60 0 75 89 0 22 0 0
 78 16 0 0 0 13 35 0 43 0 9 19 0 0 0 0 0 0 0 26 22 71 0 51 5 12 18 0 0 0 0 17 0 0 0 0 73 0 0 15 0 57 0 11 58 10 0 22 0 30 0 0 0 0 0 0 0 0 34 0 31 45 13 36 27 0 0 0 0 0 6 16 48 0 0 0 0 0 0 51 0 0 0 62 10 0 26 0 46 24 0 13 39 0 81 0 0 8 0 0 0 28 90 0 9 97 0 72 0 0 11 2 0 3 54 65 0 0 0 0 0 70 0 0 34 0 0 23 12 0 4 0 13 7 2 0 0 0 0 33 0 15 14 37 0 0 20 0 67 58 0 0 0 0 53 0 0 0 52 10 23 0 0 0 0 69 55 0 26 0 7 0 0 12 0 0 34 35 0 34 0 0 3 0 0 0 62 71 56 50 14 0 0 0 0 9 39 0 35 2
 31 0 0 39 0 39 49 0 22 24 0 0 0 13 0 6 67 18 0 70 0 0 53 0 0 0 24 0 30 70 47 14 0 0 0 0 0 0 0 0 45 0 66 0 31 24 0 0 0 0 33 0 26 26 0 0 60 0 0 0 0 0 0 12 22 41 0 0 45 42 69 0 70 0 27 20 2 0 88 0 0 0 47 0 0 0 75 0 0 61 38 29 0 18 0 0 40 0 6 12 0 0 15 0 0 22 48 22 0 0 0 0 5 11 75 50 30 0 0 0 0 0 0 0 0 7 0 0 12 58 0 0 29 4 1 0 0 15 2 31 0 0 26 0 0 0 58 38 16 0 3 23 0 31 0 0 0 0 34 0 1 0 0 0 0 31 0 0 11 44 61 0 21 32 0 28 0 8 13 0 0 32 15 0 0 0 0 0 0 0 0 62 3 0 0 56 31 90 0 0
 78 0 0 6 0 59 0 0 0 19 61 0 1 0 5 0 0 0 0 0 0 65 92 0 0 0 0 62 48 0 0 23 0 0 1 38 22 61 64 56 0 0 0 0 30 19 45 25 0 0 21 0 64 56 0 0 6 0 8 64 0 0 0 43 48 45 4 19 0 0 0 44 0 0 37 39 16 40 84 0 44 0 0 29 24 7 74 16 0 30 0 0 21 30 59 0 0 0 55 26 12 0 7 0 15 0 0 0 79 0 0 0 0 0 0 0 32 0 19 0 7 0 17 28 0 35 0 0 9 0 37 12 0 0 0 0 26 38 0 13 0 74 0 52 5 6 3 0 0 62 54 24 0 54 2 35 61 0 50 70 0 0 0 7 0 0 66 41 86 0 0 0 44 4 0 53 0 25 10 40 11 0 0 18 78 0 2 0 53 0 29 16 30 0 19 11 35 0 0 74
 0 0 26 1 0 54 0 23 38 66 38 68 0 0 7 88 19 35 17 11 40 6 57 37 0 0 20 0 32 0 54 39 0 0 72 7 0 32 0 13 61 36 38 0 6 12 12 0 18 15 0 0 7 72 0 0 0 0 0 25 0 49 10 31 32 43 25 7 0 66 0 0 40 0 0 21 58 21 18 0 0 0 41 0 0 59 51 0 3 0 0 84 19 0 16 29 0 0 4 13 0 32 2 20 0 37 2 0 45 8 3 0 68 0 0 40 0 21 0 0 35 0 0 3 0 0 4 8 0 0 0 0 0 38 0 0 0 0 33 0 30 3 10 54 5 28 0 3 0 0 0 48 65 6 58 0 0 0 20 47 0 0 29 79 0 18 61 36 49 18 2 8 0 0 48 69 0 0 0 0 0 0 25 0 0 0 13 11 0 98 18 0 40 0 0 60 0 41 35 27
 0 0 13 0 0 43 20 0 75 29 0 0 38 41 23 0 86 0 0 46 47 0 82 0 0 0 0 2 0 14 5 5 28 0 6 0 0 6 85 41 0 16 41 0 0 0 27 0 0 0 57 0 0 0 24 38 13 62 37 28 18 39 0 0 0 0 0 0 7 9 0 0 0 0 70 1 0 16 2 0 0 50 0 0 0 8 0 0 71 28 0 0 6 77 0 0 40 34 49 88 0 0 0 15 23 17 18 15 0 39 0 0 58 6 0 0 0 35 0 0 0 0 0 35 62 54 1 0 0 69 0 84 0 0 0 25 0 15 0 0 21 0 0 0 50 65 19 55 0 0 0 4 0 0 36 87 35 0 0 55 29 0 34 0 0 0 13 0 0 0 0 0 4 53 53 0 0 0 28 0 0 36 69 0 0 70 0 0 33 0 0 32 0 28 38 0 0 0 0 11
 0 0 21 0 36 0 45 9 0 3 0 0 6 9 0 64 0 66 22 49 51 77 0 33 0 0 0 0 0 59 24 47 71 28 0 0 0 0 0 0 0 54 0 96 0 0 0 0 0 25 3 71 0 32 0 7 0 68 0 5 45 56 4 0 0 88 9 0 0 40 72 0 0 80 15 44 0 0 0 0 0 0 51 0 0 0 0 0 90 82 0 0 0 0 24 58 0 0 5 0 41 13 36 0 58 0 24 38 0 3 19 0 7 0 0 0 9 0 0 17 0 0 0 0 3 45 39 0 9 0 0 0 0 88 0 14 0 5 0 36 0 82 92 5 6 58 0 0 0 83 21 0 21 7 0 0 16 0 0 0 34 52 35 48 0 0 0 57 0 31 0 0 0 8 0 0 0 0 0 0 0 43 8 11 24 0 12 23 0 22 88 18 0 13 56 0 25 2 0 67
 0 8 0 35 0 0 20 0 63 49 27 17 0 14 50 28 11 0 0 12 0 6 43 0 0 6 0 0 85 42 0 0 30 40 56 39 1 58 92 16 9 15 0 0 37 0 0 0 25 45 19 0 0 30 0 26 2 15 58 0 0 21 3 0 0 32 0 0 32 18 63 39 0 48 0 0 0 0 21 0 0 50 0 9 23 0 30 9 47 0 0 0 29 32 32 0 0 2 0 0 1 0 0 45 30 0 65 12 43 31 65 20 46 5 73 14 56 0 0 69 0 0 66 0 0 39 6 4 49 58 14 0 0 0 0 0 0 0 47 0 4 0 0 38 0 51 26 30 29 20 50 28 40 49 53 4 0 0 0 28 37 0 0 0 0 54 0 1 0 0 9 49 21 39 18 0 7 67 0 18 0 0 0 0 58 0 30 87 0 67 0 0 0 3 0 0 23 6 0 0
 0 1 35 0 0 0 0 0 4 5 73 80 17 0 0 0 7 22 0 0 41 12 0 8 0 66 0 0 0 46 50 50 29 60 0 0 0 41 0 0 34 8 54 0 0 26 8 65 62 50 0 8 0 0 81 0 49 0 74 0 24 17 0 15 0 41 5 0 0 45 51 11 0 0 0 0 31 47 0 36 7 0 0 59 38 0 0 11 0 20 0 7 17 0 0 13 0 14 44 0 25 7 0 0 0 31 0 46 0 0 0 0 82 0 29 34 0 0 19 0 41 0 0 0 3 2 26 22 0 21 14 57 82 0 10 57 23 0 2 0 0 0 0 0 16 0 43 45 0 20 0 0 15 21 6 40 0 0 45 84 0 0 6 0 0 38 20 0 31 0 12 40 8 44 99 0 41 0 0 25 0 3 18 0 47 23 3 0 59 17 53 42 0 14 31 0 16 6 55 0
 0 30 0 0 0 23 0 61 52 29 0 0 0 21 0 56 0 0 0 53 0 13 33 12 51 0 0 25 0 0 0 64 17 0 0 0 61 0 48 2 0 0 0 10 0 0 0 22 0 0 43 4 0 27 0 12 35 0 0 12 17 15 0 50 16 0 10 83 0 0 60 13 39 0 40 0 19 0 59 20 41 0 39 0 0 51 0 0 0 0 0 0 69 0 0 4 0 15 34 0 23 0 0 0 14 0 0 0 67 0 30 0 43 27 0 0 1 0 47 28 17 35 0 0 0 19 0 12 0 0 40 0 7 0 0 24 0 21 10 0 55 0 44 52 0 0 0 0 0 23 72 0 48 0 0 0 0 0 68 9 4 0 0 21 22 8 72 4 14 0 0 0 0 76 0 0 0 0 13 75 0 0 0 0 51 0 0 16 67 33 8 62 0 0 0 0 9 0 82 0
 16 27 11 65 41 0 32 22 0 0 0 49 34 15 0 60 0 20 51 7 30 0 0 48 0 38 20 0 0 9 0 40 47 0 0 0 18 0 0 9 0 0 2 7 0 0 0 18 0 43 0 48 0 0 67 0 36 0 8 0 38 38 0 0 35 0 50 4 0 0 40 36 30 0 30 0 76 0 7 0 0 0 0 0 0 0 0 24 12 0 0 13 0 8 0 0 0 24 0 17 0 2 0 0 0 0 0 77 88 31 82 0 0 42 67 0 0 24 0 50 0 48 31 30 0 0 0 0 0 0 0 45 0 48 0 0 0 0 4 31 0 47 31 0 3 0 52 0 0 42 61 0 36 0 0 0 23 0 0 23 0 83 0 0 32 55 51 36 0 90 30 11 0 67 12 76 44 28 42 71 0 0 54 53 81 0 70 67 3 25 6 0 1 6 0 3 0 11 2 2
 0 0 0 61 21 0 10 65 53 0 5 5 30 0 0 0 30 37 73 22 25 38 0 0 0 0 0 0 44 0 30 24 0 22 5 45 0 0 0 0 0 0 0 38 49 7 21 30 0 28 0 0 32 0 24 0 0 1 0 52 3 7 0 0 11 0 17 48 2 19 0 3 12 0 0 0 0 12 0 11 23 0 0 0 11 0 5 51 0 0 0 44 22 40 82 0 28 23 0 2 52 34 11 0 12 0 0 6 0 25 22 0 0 45 60 42 0 0 16 0 0 0 70 10 6 0 0 0 29 0 0 0 0 31 0 0 0 33 0 12 49 0 0 51 11 20 0 60 0 83 45 0 0 0 0 12 55 5 0 88 0 0 0 68 79 0 0 20 62 7 0 0 30 65 0 32 0 0 0 67 62 63 0 0 49 18 46 0 23 7 0 67 35 0 43 15 73 17 22 0
 37 43 0 0 0 2 0 0 0 17 0 84 0 0 63 0 27 0 0 0 0 0 6 29 45 0 4 0 0 88 0 0 71 90 0 0 0 52 0 0 0 0 0 0 0 50 0 5 21 27 52 0 0 0 49 46 29 0 0 0 0 43 0 37 97 53 55 5 6 0 0 0 1 0 9 27 74 0 0 5 11 0 0 0 0 19 0 0 2 0 0 21 0 46 0 0 34 0 31 11 84 0 0 0 63 0 0 0 76 11 0 0 35 0 26 28 72 0 5 0 0 0 89 0 0 0 0 9 0 0 0 9 0 55 23 0 0 46 3 0 0 0 3 0 0 29 0 38 0 0 11 0 12 84 0 5 0 46 0 51 0 5 40 89 0 0 0 66 46 89 0 0 0 2 0 37 0 0 0 15 0 0 0 0 0 0 0 35 0 57 0 0 10 0 0 21 21 53 36 7
 0 26 0 3 25 25 0 24 0 0 3 0 0 47 67 4 52 0 19 6 0 0 0 0 43 0 52 0 55 0 2 49 0 0 0 0 49 7 0 0 5 32 13 19 0 0 0 17 49 0 74 0 0 23 0 37 76 0 6 0 0 0 0 15 60 7 0 0 23 54 0 50 0 0 0 10 0 0 39 54 0 0 0 7 13 70 46 21 0 0 52 0 0 61 0 0 0 66 13 0 7 58 0 0 15 34 90 58 0 0 75 25 31 56 0 64 13 23 0 0 0 0 63 33 62 0 23 0 14 0 15 59 13 37 0 0 0 0 33 0 0 41 10 67 0 0 0 49 39 71 60 0 0 0 52 0 0 0 45 0 10 14 74 5 71 0 0 0 86 33 0 0 29 0 33 0 3 0 6 36 3 42 70 9 0 0 0 0 0 0 0 26 33 0 10 0 36 53 0 53
 70 0 0 0 0 0 0 26 84 0 58 87 0 71 54 0 21 47 51 4 47 0 19 9 66 0 22 20 65 0 64 31 0 0 30 0 0 57 14 36 29 38 5 0 2 53 0 54 0 5 60 0 35 0 23 24 0 88 25 0 0 19 18 0 3 2 0 2 44 0 17 0 0 0 0 0 0 24 0 35 0 0 0 0 0 0 32 0 0 4 0 0 62 10 52 0 26 0 1 0 57 0 0 52 0 10 76 0 50 20 82 52 0 0 43 0 0 31 59 0 0 4 0 53 3 10 0 11 31 0 66 0 36 0 0 0 10 9 0 38 0 0 0 6 19 0 23 21 0 32 50 0 62 37 56 0 0 0 33 3 60 69 0 0 9 0 1 4 0 0 0 72 20 2 0 0 0 0 35 0 0 48 23 0 58 22 0 0 3 0 0 0 43 0 15 0 0 0 0 0
 0 0 0 0 0 42 0 12 0 18 0 28 24 0 24 40 44 0 55 8 0 46 0 0 8 34 26 0 0 0 0 43 0 9 0 88 36 0 0 35 13 0 27 0 0 0 18 0 5 0 0 14 0 14 0 0 12 9 0 56 73 0 57 6 0 0 39 0 10 0 12 0 16 50 43 20 62 25 0 34 18 0 57 24 32 0 0 72 13 0 0 0 95 0 77 73 0 0 21 0 0 24 0 54 36 17 45 13 6 10 0 0 8 0 0 67 50 16 4 39 40 5 27 15 13 0 0 0 53 0 0 0 32 0 49 22 34 0 0 0 36 17 21 0 2 0 0 13 81 0 9 0 58 0 64 40 30 1 0 0 16 7 25 0 45 44 0 0 0 0 26 59 18 0 0 17 26 0 67 25 10 68 0 0 0 36 0 41 0 0 0 0 68 78 0 0 0 0 0 23
 0 0 39 62 0 0 2 60 0 40 1 55 9 0 0 0 39 0 0 0 41 35 78 71 8 0 16 9 2 6 0 4 68 0 65 29 7 0 0 0 42 51 0 11 25 0 21 0 0 69 10 0 0 36 6 47 0 8 0 0 0 0 87 0 0 0 26 0 47 5 0 0 0 0 0 14 7 0 0 0 1 40 0 0 15 45 18 0 0 0 0 36 0 24 1 0 48 0 16 0 13 14 15 71 0 13 36 0 0 37 24 12 0 0 16 2 15 34 46 0 41 69 0 0 21 0 12 89 36 97 34 61 47 18 0 40 0 0 25 0 36 67 0 73 0 93 0 20 28 0 0 0 0 17 0 24 35 0 0 0 55 42 0 0 0 0 0 11 0 41 2 0 4 0 76 53 21 58 27 42 11 0 0 15 0 59 3 0 58 0 6 14 31 0 29 75 0 53 8 12
 0 0 32 6 0 88 0 0 0 0 0 0 0 34 62 42 13 8 19 0 0 63 0 3 28 0 8 7 0 0 0 36 79 0 68 0 51 43 47 0 30 18 49 0 6 0 0 0 63 0 74 1 20 41 0 60 41 0 0 0 0 0 0 10 0 0 0 0 61 40 0 0 0 0 0 0 0 15 0 0 0 0 0 0 0 30 0 9 17 41 0 30 0 0 41 88 60 0 0 0 63 0 44 0 42 0 37 36 71 5 77 3 32 0 0 21 6 60 0 0 0 53 0 0 0 16 0 0 0 0 0 0 37 0 28 7 0 44 0 0 0 11 0 0 43 16 0 0 12 22 0 0 0 0 0 59 59 0 44 0 14 0 0 0 52 68 18 6 0 59 0 0 0 40 0 0 0 0 12 48 0 0 0 24 0 0 0 0 61 0 0 18 0 21 21 13 0 0 39 1
 77 0 75 73 0 47 0 63 13 1 0 0 11 12 5 19 0 0 9 5 24 0 1 13 0 0 0 22 16 10 27 75 36 0 0 20 37 0 0 0 0 0 0 58 0 0 0 29 0 7 26 0 11 41 0 0 43 53 0 59 0 0 17 0 7 9 0 0 0 0 74 11 25 0 1 27 57 0 31 0 0 0 0 34 48 9 0 0 17 64 19 73 42 26 10 0 0 1 36 24 36 0 65 43 0 45 64 0 60 42 20 0 32 5 0 0 0 0 81 0 27 24 74 55 0 1 22 0 0 0 90 0 0 0 26 24 0 0 19 0 38 0 21 0 0 0 12 73 40 0 10 0 0 26 1 0 0 0 0 0 0 0 67 0 66 0 0 16 18 0 0 0 9 0 79 0 0 0 0 7 24 11 5 26 14 43 29 0 29 0 8 0 10 19 0 1 0 41 13 69
 0 50 31 48 37 59 0 30 0 27 28 0 46 13 0 54 0 59 0 49 3 39 87 0 2 5 0 0 0 33 2 0 0 0 31 84 42 5 0 9 24 0 0 14 0 0 0 0 0 39 0 0 2 0 4 39 39 3 0 0 8 0 11 0 1 0 0 0 0 10 0 36 64 4 14 64 44 0 0 0 7 17 0 49 28 38 0 34 19 1 0 8 0 0 12 24 7 0 20 0 7 8 53 17 0 40 7 0 0 0 8 39 57 65 0 0 31 0 0 0 13 2 0 38 34 0 40 85 22 10 29 0 44 0 0 0 0 0 0 0 0 0 21 0 10 8 0 39 36 0 51 0 65 8 0 0 0 48 6 74 0 0 13 37 32 21 42 49 0 0 51 0 24 0 19 0 30 25 45 18 0 25 0 0 0 0 82 57 49 10 29 0 36 66 45 53 0 37 0 0
 26 19 12 19 0 0 5 0 33 0 2 0 55 3 0 67 38 57 0 0 52 0 0 0 0 0 0 0 56 0 0 46 0 22 0 13 69 23 0 0 0 0 5 1 28 59 0 63 0 45 27 0 0 0 9 0 24 0 32 29 59 0 23 0 43 0 60 23 9 31 0 13 24 91 0 42 83 0 26 0 0 14 66 0 7 0 2 0 0 30 0 18 40 0 34 25 0 65 17 23 41 0 12 0 0 0 65 20 29 0 0 14 0 3 22 0 23 0 0 0 0 20 71 0 45 0 38 64 0 73 0 0 0 25 0 0 45 0 0 81 0 54 0 43 0 33 4 74 0 12 48 0 10 0 0 88 0 11 0 0 0 0 0 0 84 0 77 18 26 0 30 0 66 0 35 0 32 0 30 4 2 0 0 3 0 0 2 14 38 0 66 77 0 0 0 19 3 0 0 0
 33 0 0 48 18 51 0 0 21 0 5 52 22 22 0 64 6 36 0 23 87 0 0 0 0 13 0 0 68 50 0 19 0 4 23 64 0 0 34 0 0 5 0 70 2 0 9 6 0 0 0 0 0 0 0 0 0 0 0 16 27 0 35 64 80 11 0 18 0 66 42 0 29 35 0 67 73 0 58 0 0 4 20 0 10 0 0 11 0 46 0 0 0 4 67 0 0 0 0 29 0 65 0 0 39 14 0 0 34 0 0 0 0 0 21 72 53 82 0 26 11 0 0 31 16 74 0 0 31 60 18 26 60 21 0 0 56 53 13 41 0 30 0 0 0 8 4 0 3 45 0 53 54 0 0 0 0 0 13 0 5 32 61 0 2 13 4 0 0 0 3 14 0 0 0 0 3 0 0 0 36 22 0 0 0 26 26 8 24 25 27 6 72 5 0 0 0 61 0 0
 0 1 0 0 50 0 0 84 12 0 0 0 29 69 0 0 0 61 67 0 13 81 0 7 0 5 46 56 66 0 0 21 0 0 82 37 0 0 0 58 0 33 0 0 3 0 83 0 0 0 20 0 0 0 0 0 51 74 21 70 8 0 0 0 0 48 36 62 36 47 0 0 0 37 0 14 30 53 26 0 73 0 41 54 5 0 0 0 64 60 19 0 33 40 0 0 0 0 28 20 43 0 73 37 0 12 12 18 0 0 0 0 0 20 95 31 7 0 48 20 0 82 0 0 0 35 84 0 5 0 0 27 0 0 19 4 31 22 43 0 0 37 37 37 5 21 15 0 18 46 0 51 0 46 8 0 0 33 0 39 37 6 0 11 0 0 20 48 0 52 1 46 0 0 0 6 39 0 33 0 60 0 20 33 0 0 0 69 0 36 0 0 33 72 21 0 71 47 0 0
 32 85 0 15 0 37 61 50 19 0 61 96 0 29 51 0 41 18 11 4 0 0 0 0 0 81 0 0 32 0 16 2 0 0 0 0 76 0 19 0 29 0 20 0 0 10 0 0 0 0 31 8 0 0 47 0 14 4 0 0 0 19 19 0 27 20 0 0 0 68 11 38 2 35 71 0 0 0 40 0 0 0 6 0 35 0 0 41 38 0 7 0 3 13 45 0 24 31 0 46 10 25 0 13 0 0 90 56 0 43 46 0 0 0 16 83 0 10 0 5 0 52 26 0 0 47 86 32 44 15 0 0 0 0 29 0 63 50 28 0 60 43 0 0 58 0 0 0 76 36 37 13 0 30 0 16 13 0 15 0 33 47 0 8 7 51 0 7 0 0 21 44 28 0 5 0 25 0 4 0 0 40 6 0 15 0 0 49 34 0 9 0 0 46 0 0 0 0 11 0
 17 0 0 0 16 3 43 21 0 5 0 0 0 75 19 37 81 64 0 13 48 0 55 0 54 0 90 0 25 62 0 0 0 0 0 89 0 85 0 0 18 55 63 0 41 9 2 0 0 0 39 0 79 2 0 0 26 16 44 28 0 0 16 17 0 68 0 3 0 0 36 0 0 6 41 0 44 0 40 66 10 0 0 0 72 11 0 25 2 0 2 66 0 40 11 0 0 11 2 0 0 16 5 29 0 0 0 0 32 7 0 0 22 43 19 0 9 0 0 0 0 70 29 0 45 0 0 0 82 42 0 0 88 8 74 0 46 45 53 16 0 11 0 1 32 0 74 0 0 0 3 38 0 0 0 0 0 8 28 24 12 0 0 0 0 8 0 65 74 23 13 9 47 0 1 58 25 36 0 11 28 85 5 4 0 59 0 0 14 20 0 0 72 53 0 0 0 19 0 0
 39 7 70 0 74 0 20 52 0 0 11 1 99 0 57 0 12 0 9 16 0 0 62 26 0 10 0 8 0 0 67 0 34 0 54 0 0 0 10 0 71 12 33 0 0 11 60 55 46 0 30 0 0 2 55 0 0 0 0 0 0 0 0 32 0 0 6 44 0 42 21 57 0 0 19 28 64 60 5 25 54 0 0 0 91 0 40 31 0 0 0 0 43 0 0 0 0 0 16 0 0 0 9 42 19 75 0 32 51 0 83 0 0 7 6 0 15 15 1 30 0 27 3 0 0 0 71 0 0 50 0 0 0 6 0 0 0 3 1 0 0 53 18 0 0 0 0 21 14 0 3 24 0 0 17 0 0 55 0 0 0 0 6 0 15 0 20 7 0 99 14 0 42 0 65 0 32 0 37 0 0 0 41 75 34 0 47 0 0 10 71 48 10 0 0 0 0 0 0 0
 0 0 51 5 2 62 0 0 0 0 0 0 28 0 0 0 0 0 59 51 0 76 85 0 0 35 6 50 0 0 30 8 59 0 0 0 0 37 33 87 0 0 9 37 85 0 0 40 68 46 0 0 27 34 0 9 0 41 0 62 48 55 16 5 58 0 37 0 0 0 53 0 12 49 0 43 0 0 0 0 0 77 25 0 49 53 59 31 5 41 0 14 0 0 5 0 0 7 37 0 0 39 0 0 56 0 25 0 49 8 16 0 0 0 58 5 7 0 0 32 0 33 0 0 44 0 41 24 8 3 21 14 0 0 25 0 0 13 0 0 0 0 35 65 0 20 0 0 0 0 0 53 17 0 0 39 41 74 0 0 0 25 0 0 0 0 31 14 50 0 8 0 39 0 0 0 61 61 21 0 25 0 36 80 0 46 14 29 0 0 56 23 0 2 31 22 35 0 0 0
 0 2 0 0 0 0 35 22 0 66 0 14 0 0 72 0 0 0 13 0 73 0 0 0 8 0 0 0 23 0 0 42 39 72 7 0 18 0 10 0 0 33 20 0 0 0 50 51 1 30 0 35 26 70 64 15 0 0 8 0 0 0 0 0 9 0 2 8 38 20 0 88 21 49 0 0 0 0 6 0 0 0 0 5 14 0 0 0 0 0 0 24 45 0 20 0 0 0 65 0 46 4 0 18 10 5 22 0 17 0 34 67 0 32 0 1 0 0 46 11 0 24 82 35 20 0 0 69 15 17 0 78 15 12 7 58 0 0 91 19 86 0 45 0 0 0 0 32 0 0 0 0 1 13 0 19 12 5 2 54 0 0 35 0 0 0 4 63 11 0 0 25 31 0 11 42 0 27 22 0 63 29 0 21 15 52 0 11 10 25 3 0 18 0 11 0 15 4 57 46
 0 72 56 44 8 0 31 0 0 0 0 0 0 0 0 68 61 0 0 0 23 11 0 0 13 1 85 54 8 18 0 0 24 12 16 23 12 5 0 31 0 31 0 0 0 0 0 0 0 18 0 58 0 35 0 10 33 5 0 0 33 53 23 24 62 0 0 13 0 5 0 0 0 27 9 0 0 36 0 73 0 0 0 2 0 42 84 0 0 0 59 31 0 0 20 52 13 0 15 0 18 9 0 0 2 0 0 16 92 10 25 20 0 0 24 87 52 0 0 0 0 0 19 0 43 0 4 41 0 1 6 0 5 47 0 19 0 1 0 73 0 35 0 0 0 0 57 32 58 39 47 41 0 18 32 0 49 0 0 14 17 28 0 1 0 0 60 0 3 0 0 54 62 0 0 0 4 8 0 0 0 21 65 0 2 57 0 0 0 19 26 0 0 0 0 68 0 14 0 0
 7 24 0 5 0 29 67 0 0 0 0 0 0 0 0 0 0 0 17 0 0 0 47 0 0 0 0 42 8 15 4 0 54 6 17 0 0 0 3 4 0 59 0 0 80 0 27 62 0 26 7 80 5 0 26 40 77 8 20 61 1 65 59 0 0 0 13 0 0 25 7 0 0 0 0 9 0 62 83 0 0 46 37 0 0 0 0 42 0 0 9 20 40 42 15 0 0 0 12 41 0 0 0 41 46 0 0 22 0 64 0 5 50 20 0 0 0 0 43 53 0 5 13 18 0 0 37 27 0 0 4 0 0 88 0 0 31 0 31 0 0 0 0 21 40 3 0 35 8 0 0 50 75 2 8 0 0 0 0 54 49 0 0 9 0 37 0 72 35 29 0 3 0 48 66 20 38 80 54 0 4 2 0 0 11 34 0 3 0 49 40 0 52 0 56 0 0 0 22 38
 0 68 8 0 0 3 29 74 33 0 7 0 60 2 3 0 16 0 36 0 0 72 0 24 66 0 28 0 12 44 0 7 22 57 0 40 0 80 32 0 0 29 0 0 0 0 0 58 0 26 0 0 91 0 0 8 0 22 41 0 12 0 0 0 0 48 0 0 0 38 48 0 87 0 0 0 0 0 36 0 3 3 59 70 1 42 43 0 0 49 84 0 0 0 19 89 0 0 3 0 21 63 73 0 24 0 0 82 29 96 61 67 0 44 11 55 0 18 1 0 64 0 0 6 21 24 0 0 0 24 0 0 1 86 55 12 62 19 61 21 0 0 17 0 62 0 0 0 0 76 0 0 19 68 72 19 0 0 49 0 59 0 22 17 0 0 35 65 0 0 60 0 32 0 0 26 4 0 12 1 49 59 77 39 0 0 0 14 0 51 60 0 0 0 0 0 0 0 0 48
 0 0 57 54 0 74 52 92 16 0 0 14 0 13 0 46 0 75 0 2 46 83 0 0 0 41 0 50 3 0 8 0 43 0 14 35 0 68 0 0 0 0 0 0 35 0 0 12 0 2 36 65 10 0 0 0 0 0 0 30 72 0 30 0 1 33 30 0 0 58 0 0 52 9 0 0 91 0 16 22 19 0 5 17 0 0 7 62 0 0 4 44 0 9 10 0 45 18 41 31 11 0 64 41 53 13 77 68 17 0 0 27 0 0 60 90 50 68 18 0 0 0 0 30 27 62 0 43 19 25 43 0 0 5 0 32 81 0 1 0 0 6 0 0 18 0 0 59 2 0 10 0 0 61 16 63 57 0 0 0 0 84 12 0 0 3 58 68 58 0 44 17 62 0 4 0 0 0 38 78 63 0 16 0 72 0 48 20 0 54 0 0 77 0 0 5 0 39 30 0
 71 35 0 0 0 58 57 34 13 6 0 0 0 0 0 42 91 22 0 0 10 0 0 0 0 3 3 54 54 12 0 81 57 0 0 0 0 27 50 74 16 0 0 0 0 15 0 23 26 0 43 0 0 0 37 0 34 6 57 0 0 70 46 0 0 0 0 0 0 51 47 15 0 0 1 0 77 29 48 0 50 9 0 0 0 18 0 0 58 0 16 0 4 0 0 59 16 0 0 71 0 5 0 74 0 14 62 0 9 52 31 41 0 23 30 43 10 18 0 0 14 16 19 15 0 0 0 0 0 71 45 13 23 0 0 0 67 0 0 79 17 0 3 0 7 17 0 0 20 50 0 13 0 0 0 6 20 79 61 13 0 0 0 11 15 29 6 0 0 0 1 0 35 50 41 46 3 84 0 0 5 0 0 0 47 4 0 0 92 15 31 0 49 17 0 0 0 0 0 59
 0 0 85 0 36 30 0 71 93 13 46 35 0 0 25 0 0 0 35 0 0 21 0 76 19 0 45 0 20 0 0 0 86 68 0 0 0 0 0 62 0 0 6 0 63 0 35 57 27 62 0 0 0 35 21 13 0 0 2 34 13 6 16 0 0 19 0 0 84 21 52 0 0 16 0 23 0 0 0 0 25 0 35 11 0 0 0 0 0 0 39 0 92 11 0 40 1 0 36 23 0 41 50 0 34 30 0 0 31 0 0 4 55 0 21 0 0 48 0 15 9 0 17 4 20 0 0 0 0 0 0 16 0 1 0 23 75 75 0 0 16 0 88 55 0 0 0 0 55 12 21 12 58 0 76 1 19 0 0 37 0 16 6 0 0 42 0 0 0 27 0 0 2 0 0 0 0 0 39 56 0 0 0 6 0 0 0 0 0 59 0 40 0 0 19 31 0 17 20 0
 41 4 33 45 0 0 1 23 14 0 37 58 0 0 25 15 67 27 54 62 0 5 2 69 72 37 18 93 62 15 24 5 19 15 0 0 21 6 73 0 0 60 13 0 68 0 72 2 0 65 0 0 0 52 0 23 0 49 0 87 28 0 0 34 18 0 0 34 63 44 0 55 0 0 0 81 0 22 0 50 12 1 0 0 22 69 0 0 2 0 0 86 0 51 74 25 26 0 78 0 21 70 20 1 0 72 0 4 0 2 7 0 0 0 0 4 0 0 36 5 0 40 0 23 6 0 0 0 0 0 1 0 1 0 0 0 18 17 44 51 0 0 0 26 45 22 0 11 0 0 39 0 4 0 0 0 0 0 50 23 0 0 0 0 0 0 70 0 2 0 5 0 92 17 0 18 9 13 0 0 0 12 28 0 45 52 70 0 0 0 66 0 0 0 1 7 30 0 0 0
 0 0 10 74 0 5 0 0 27 0 0 0 17 0 92 0 0 0 0 0 0 0 0 1 0 0 61 0 30 13 0 0 0 27 13 0 0 80 0 38 0 0 0 0 36 41 24 0 0 68 4 0 17 1 43 0 0 0 0 0 0 32 3 57 0 18 0 16 0 0 0 0 42 0 0 0 53 54 43 0 88 1 52 2 0 17 7 0 12 26 25 0 0 16 0 0 0 0 33 0 0 0 39 0 0 0 0 0 35 49 0 31 50 8 0 0 22 60 0 19 31 3 9 22 0 0 53 28 0 17 48 0 0 26 0 20 0 5 0 53 1 8 0 26 41 62 35 9 0 42 28 14 87 12 0 0 0 39 0 37 7 0 0 0 0 0 59 0 84 11 0 13 0 37 14 0 0 0 22 26 71 0 0 0 67 0 66 70 42 34 0 5 41 0 0 0 0 2 0 0
 0 49 16 93 67 0 0 60 21 0 0 0 79 34 56 0 0 0 4 20 0 67 0 11 50 46 0 34 28 11 0 6 5 0 0 0 33 15 61 0 0 0 0 6 0 12 17 0 0 0 17 0 11 0 33 0 27 0 24 0 0 0 24 11 0 0 7 30 0 0 0 0 33 0 51 0 0 0 26 20 61 0 7 47 2 0 0 80 27 10 4 0 86 27 0 71 0 0 22 77 0 4 49 0 0 50 62 0 0 0 27 0 63 0 33 0 73 0 35 0 0 24 0 68 12 53 59 0 28 8 40 0 32 2 7 20 0 0 5 0 31 0 0 28 0 0 0 0 0 0 26 0 0 0 31 44 22 0 0 0 16 0 49 0 82 28 0 59 0 0 66 41 1 5 0 0 0 17 0 0 12 8 17 55 30 0 36 0 0 0 0 0 0 0 46 0 28 33 12 2
 0 28 59 0 0 7 27 0 0 35 0 0 33 0 0 0 1 0 0 0 0 45 0 28 0 53 52 6 4 31 51 0 0 0 65 11 31 36 0 1 0 0 35 0 0 1 0 0 17 0 4 8 26 13 0 0 0 52 0 18 0 0 0 0 81 33 7 0 42 0 36 0 21 31 0 0 0 0 0 0 0 11 32 73 0 6 0 0 0 18 0 18 0 0 12 0 20 21 70 0 78 0 0 36 58 0 38 0 0 8 0 3 34 2 0 39 16 0 2 0 0 0 11 5 0 0 0 0 0 0 66 5 0 58 12 0 54 28 45 0 29 58 0 0 3 1 0 0 0 46 0 91 0 0 5 78 74 0 0 52 0 0 0 45 0 7 27 0 38 0 0 60 66 58 88 0 32 47 0 0 0 0 0 0 19 0 0 0 45 0 43 49 21 0 0 19 0 0 34 30
 3 9 0 0 0 0 25 0 0 39 71 0 33 19 0 25 0 0 0 0 42 0 58 5 0 0 0 0 0 44 0 0 0 4 61 0 0 0 0 0 0 45 0 62 0 0 37 46 0 0 24 46 0 0 0 0 0 0 17 0 0 79 0 38 0 3 0 31 12 47 0 55 19 0 0 8 35 0 0 0 0 0 18 3 1 6 11 8 0 0 0 17 0 15 17 0 0 58 39 0 0 13 0 0 79 0 0 9 0 1 0 25 26 0 0 26 0 0 56 0 22 30 0 0 13 65 0 56 24 0 0 0 23 8 0 29 0 0 4 46 56 83 92 62 23 0 0 60 12 0 0 8 58 21 0 0 0 18 0 0 0 50 11 0 0 0 22 0 0 59 23 8 0 13 65 0 0 30 97 0 77 0 0 0 0 62 17 0 0 28 38 78 19 30 39 48 38 0 70 78
 0 89 0 39 96 9 0 0 0 52 97 14 0 0 0 0 94 0 0 0 17 0 18 0 48 0 49 64 9 47 92 25 42 57 2 0 3 64 0 0 0 0 79 0 0 0 0 0 10 21 15 0 8 0 0 0 53 10 53 0 53 0 73 0 37 66 77 0 24 55 0 0 25 28 0 0 0 52 0 7 45 0 0 0 22 37 36 0 0 0 37 50 0 0 0 37 34 0 50 0 0 0 23 0 0 0 33 0 0 7 0 0 4 0 51 0 15 0 0 18 0 43 33 34 0 5 0 34 0 52 0 2 22 0 30 7 18 0 0 0 0 27 0 95 27 25 68 0 0 26 10 0 0 0 0 0 0 11 73 0 0 0 0 0 0 34 35 57 0 0 93 24 0 0 0 36 0 0 0 0 42 0 41 23 2 0 0 8 0 34 0 0 0 24 1 25 0 50 51 0
 0 13 0 19 28 36 0 13 0 42 21 39 41 81 0 0 25 0 0 0 0 12 0 17 0 20 0 0 0 0 17 38 0 31 34 51 34 0 0 16 23 4 0 25 9 47 0 0 0 69 0 8 0 23 0 0 28 0 0 0 0 0 0 0 42 0 0 59 92 21 27 0 0 16 0 11 71 15 40 71 0 9 64 0 5 0 45 0 19 30 0 20 0 0 0 25 0 0 0 0 19 67 26 27 63 41 52 0 0 0 0 43 0 0 0 0 38 41 0 0 8 0 98 0 39 2 0 0 0 4 52 31 14 0 0 0 0 4 0 0 3 0 0 0 40 40 0 0 0 0 3 19 0 34 0 63 0 0 10 0 0 21 4 22 0 78 0 0 26 0 0 0 38 67 0 15 0 86 0 0 32 68 68 1 0 17 0 0 7 0 6 0 0 20 0 30 32 0 0 17
 37 33 20 0 0 0 0 0 0 0 8 0 0 0 0 27 0 0 0 0 65 0 0 0 0 47 10 20 0 31 0 0 0 0 21 0 1 31 0 0 20 17 32 73 0 42 0 0 23 0 0 26 0 0 41 0 0 0 99 0 0 0 0 0 96 0 26 3 91 0 0 56 24 0 0 0 71 52 28 22 28 0 0 0 17 0 0 0 10 14 0 0 53 0 40 8 0 85 86 0 23 0 28 6 0 26 40 0 0 0 0 0 76 31 69 0 0 14 33 7 0 0 64 0 0 0 0 64 32 39 0 61 40 0 2 12 0 55 0 0 10 0 79 0 0 87 8 69 0 0 26 0 0 9 51 55 22 0 0 2 35 34 0 0 18 0 24 0 0 28 32 0 0 0 0 14 17 2 48 0 49 0 22 0 0 0 65 0 0 0 28 44 40 19 0 0 0 82 48 53
 59 19 37 0 0 0 2 36 0 0 0 0 0 0 51 0 0 43 13 32 71 0 0 0 34 0 24 0 0 0 17 0 0 12 0 0 25 16 37 0 50 21 12 13 29 36 38 8 0 0 0 31 0 0 0 43 1 47 20 34 53 56 71 0 45 0 58 0 0 40 79 0 0 66 0 58 14 6 0 0 4 60 19 32 0 0 0 77 45 0 95 0 15 21 0 0 21 6 0 0 42 31 0 0 1 0 0 0 91 0 24 0 0 52 0 76 76 32 0 32 64 69 0 10 0 0 0 54 0 62 2 12 0 76 3 10 33 63 26 0 51 15 0 0 24 0 15 0 10 0 0 0 0 54 26 5 0 14 69 0 0 69 0 23 0 0 7 0 57 0 51 9 46 10 9 0 0 27 30 0 2 0 0 16 0 27 0 52 33 0 0 10 0 26 0 0 0 94 30 0
 0 34 0 7 0 0 49 0 0 32 3 48 31 0 30 0 0 34 0 3 21 0 0 17 0 58 0 5 11 0 0 0 1 0 9 23 12 0 0 0 59 0 2 0 23 16 0 4 64 0 69 25 30 0 0 18 0 0 58 0 0 0 0 18 55 0 0 8 0 14 0 0 0 0 2 0 0 1 22 56 0 0 0 0 0 70 0 48 0 8 32 32 0 67 30 17 49 34 3 0 0 5 26 0 0 17 0 11 0 0 70 0 0 9 70 0 0 0 0 0 0 48 0 0 0 49 12 40 80 0 70 0 0 0 38 0 37 95 0 0 49 21 0 66 5 0 40 23 69 0 0 0 23 0 65 58 31 61 0 0 0 23 10 0 21 70 82 0 19 89 29 0 0 19 0 33 0 0 32 4 2 88 23 80 35 0 0 0 3 14 69 0 0 0 0 36 0 13 0 0
 29 0 0 0 71 49 61 67 11 0 0 6 0 3 80 0 0 0 0 14 0 1 59 10 0 0 0 56 50 0 0 0 58 0 30 22 0 0 60 0 0 0 36 0 41 0 0 1 15 0 0 0 0 0 12 66 0 15 17 63 83 0 27 0 0 0 0 5 0 75 43 49 0 30 0 35 28 8 0 65 9 12 3 28 33 0 42 5 50 0 76 0 0 87 0 53 0 0 18 63 0 8 0 0 4 0 0 82 25 27 46 0 10 38 78 21 11 0 17 0 0 0 0 0 1 0 0 0 12 0 15 19 0 0 80 0 0 0 20 15 14 30 0 3 1 52 0 0 21 0 46 0 0 0 0 36 0 0 54 11 65 57 0 15 0 66 78 0 57 47 20 33 0 34 0 0 42 0 0 0 49 0 0 91 40 0 37 0 0 0 14 0 0 22 49 0 0 0 15 17
 75 5 0 0 0 0 62 9 17 0 65 0 10 0 0 0 44 13 0 25 0 0 0 50 0 0 39 29 84 22 2 30 0 0 64 82 0 60 97 0 0 47 16 0 61 6 0 30 0 78 27 0 68 0 0 11 46 0 0 19 35 0 0 84 0 44 29 0 66 0 4 38 0 0 0 19 16 0 27 0 5 0 22 42 0 6 0 7 15 1 36 0 0 2 36 59 29 0 0 0 59 32 0 15 0 0 50 0 50 35 0 0 0 0 0 0 72 0 0 67 78 0 12 26 0 0 0 0 23 24 20 53 0 22 0 38 0 0 27 0 12 0 6 0 13 19 17 23 88 36 21 32 0 5 0 70 0 64 1 0 0 0 20 0 20 0 0 68 4 33 0 4 17 55 0 57 0 22 0 21 25 0 17 66 0 0 9 22 0 0 51 0 0 0 0 69 0 0 7 0
 0 11 0 32 41 80 9 30 0 33 32 27 64 35 0 22 0 0 0 14 56 0 31 73 0 6 61 0 23 41 0 21 0 82 0 0 40 24 40 0 30 9 0 15 8 0 12 75 18 66 37 0 19 20 52 0 0 46 0 48 21 95 0 25 48 8 0 0 0 0 96 0 0 53 0 0 0 0 25 40 0 0 85 0 34 0 93 0 36 10 11 11 0 0 8 35 58 28 2 47 24 9 0 45 0 12 0 0 4 46 0 0 18 0 0 0 0 0 0 0 41 66 0 0 0 36 4 0 0 0 66 43 0 62 87 0 57 0 0 0 0 45 16 0 0 0 4 0 0 0 57 0 23 0 0 18 34 8 0 33 0 58 0 0 0 4 0 0 0 27 0 16 8 0 0 1 0 44 0 0 0 0 0 0 0 10 0 49 0 0 0 0 0 34 22 59 0 81 59 0
 7 4 26 0 13 0 0 0 0 0 24 70 30 0 37 0 0 10 0 0 3 0 52 0 3 0 0 11 6 0 64 24 0 13 14 0 0 2 0 29 35 0 0 0 0 0 8 3 0 55 0 2 0 13 34 0 0 18 41 0 0 0 0 0 0 19 0 11 7 34 0 48 34 0 20 0 13 16 0 0 0 25 0 0 61 14 43 0 0 34 48 34 0 0 24 2 0 7 52 0 6 0 12 0 20 73 0 0 0 0 28 0 58 34 12 74 14 25 7 40 65 34 24 73 31 0 0 0 0 0 0 86 0 0 64 22 0 0 51 0 0 0 0 3 0 52 35 51 5 0 21 82 0 2 0 34 0 36 0 0 52 32 0 0 0 73 0 31 44 51 0 0 0 0 33 4 51 70 34 66 43 4 0 0 0 0 0 0 0 10 0 1 24 0 0 0 0 0 0 0
 0 0 0 0 22 8 0 73 0 12 38 37 15 0 0 0 0 0 98 0 15 0 29 14 0 23 0 0 0 0 63 0 61 38 0 56 0 0 0 3 76 37 0 42 0 42 10 75 52 48 0 11 5 0 49 79 0 0 69 0 0 81 33 6 0 0 30 0 0 0 31 36 0 0 19 37 0 7 0 17 28 0 90 22 60 0 0 22 41 0 37 67 0 0 0 48 89 0 0 0 0 0 0 57 4 70 29 44 0 3 0 0 0 0 0 48 0 42 0 0 4 17 14 0 0 0 69 8 77 48 0 0 36 0 0 5 54 0 0 0 72 41 0 42 17 46 77 0 6 4 0 71 20 95 0 14 20 0 2 1 0 0 49 0 23 25 0 32 14 10 0 59 80 32 36 37 0 29 48 43 59 1 11 68 14 0 0 0 59 10 0 14 58 15 0 0 29 0 0 0
 0 0 0 0 0 70 77 26 53 0 0 0 19 0 23 0 39 0 53 3 0 12 74 56 47 0 28 0 20 0 0 3 66 1 91 33 5 0 24 17 0 0 0 0 0 0 46 7 0 5 2 0 15 0 0 17 8 55 40 0 11 0 15 0 84 45 50 4 33 0 0 0 67 50 20 66 54 19 46 34 0 0 0 25 62 16 0 0 0 14 41 0 27 50 0 0 60 0 57 94 0 0 0 0 6 15 0 0 0 11 0 0 0 45 19 10 0 25 0 12 0 28 0 0 38 10 0 0 49 9 38 0 0 0 0 0 26 49 55 0 7 21 0 20 0 0 0 21 73 0 14 0 0 55 0 0 10 15 71 18 0 0 0 25 0 39 81 0 6 0 0 13 0 0 0 66 13 4 34 0 0 0 7 0 86 0 20 0 0 72 62 12 0 4 0 8 25 0 54 8
 3 47 0 0 15 0 0 75 0 0 4 0 9 51 0 0 0 0 70 0 0 0 0 0 0 10 55 0 16 0 21 0 0 22 1 0 0 0 15 0 0 0 90 0 0 4 0 0 8 0 92 29 0 24 19 0 43 0 19 0 0 9 60 5 16 33 16 29 0 0 0 46 51 0 0 0 5 7 42 0 17 0 0 30 52 0 2 75 17 32 67 0 32 0 0 65 23 10 0 39 0 20 0 29 0 0 3 0 0 0 26 0 0 52 13 0 24 0 0 0 27 91 0 49 68 5 0 0 59 0 5 4 0 0 0 0 11 0 24 27 0 0 80 69 63 0 0 0 52 15 51 38 57 35 56 52 0 13 0 0 0 0 0 33 28 0 12 59 21 29 97 42 0 75 10 17 0 0 0 0 48 0 0 0 0 31 0 0 17 15 0 0 0 17 0 78 7 72 31 53
 0 0 35 29 0 0 37 67 7 0 7 0 30 33 0 51 46 0 83 7 0 0 53 0 0 0 31 0 0 0 68 0 0 69 41 0 0 0 9 0 58 0 0 0 6 0 0 2 22 30 18 68 42 0 85 86 42 0 14 19 0 51 8 0 0 69 26 63 79 0 0 0 34 0 42 34 0 0 33 26 20 0 60 0 0 10 35 0 11 9 0 0 0 5 0 12 55 0 50 0 0 86 0 29 23 4 21 0 28 0 22 0 0 4 50 0 0 2 29 0 0 0 37 78 0 34 78 0 19 12 0 0 38 36 0 0 0 0 45 27 0 0 5 33 0 0 0 0 0 0 0 0 0 85 0 41 18 0 0 0 53 34 0 10 0 1 0 0 0 44 0 0 48 0 0 0 0 0 10 0 38 21 38 49 9 0 19 0 0 26 0 26 1 46 8 0 28 16 0 53
 20 6 0 40 4 17 0 6 0 0 0 60 33 0 0 4 0 0 27 29 0 0 2 0 57 0 0 84 33 31 0 37 0 8 0 85 70 28 81 21 46 0 0 63 0 37 52 0 0 14 0 0 0 8 0 20 53 0 0 23 19 20 32 4 35 0 0 0 0 0 0 54 12 0 0 57 11 0 0 95 0 75 18 0 14 0 28 0 8 79 28 16 0 29 0 0 0 0 0 0 0 37 0 15 0 40 41 0 55 0 0 39 23 35 0 0 10 83 59 0 0 0 5 81 84 53 19 0 26 5 0 0 0 10 33 0 0 0 4 24 0 0 77 75 12 0 6 0 36 6 0 30 0 0 22 0 15 0 0 37 1 39 19 1 0 0 0 0 0 0 0 0 94 0 0 0 0 0 0 10 6 2 7 55 2 65 12 0 9 0 39 2 49 22 0 37 0 0 0 38
 20 94 0 86 0 0 0 0 4 0 33 0 96 0 64 13 47 0 0 0 24 80 12 0 34 0 0 0 0 0 47 0 0 0 6 50 0 0 43 1 0 58 18 0 0 0 89 0 0 3 0 0 22 0 3 0 7 3 22 0 0 0 30 0 0 0 50 0 0 61 7 0 0 0 9 30 0 0 0 0 0 83 25 9 0 66 31 0 0 33 0 0 0 0 1 48 0 0 0 11 4 0 0 0 29 26 41 93 46 32 45 76 29 25 38 0 0 50 13 0 13 39 27 0 0 63 0 1 0 0 0 0 39 36 49 36 0 88 28 0 38 77 0 0 68 10 0 0 6 0 0 0 64 0 0 11 27 77 0 0 0 0 64 10 30 0 0 0 0 8 0 0 45 0 6 9 0 1 0 10 0 23 15 60 30 0 15 20 0 40 24 37 26 85 0 49 73 0 0 0
 0 0 0 0 44 0 0 0 5 0 0 11 60 17 15 0 0 0 0 74 0 23 84 27 20 0 0 0 13 18 0 0 0 48 0 0 0 0 0 62 74 25 0 0 0 17 19 34 0 0 0 0 0 0 6 77 38 0 1 46 44 0 73 78 77 21 0 0 43 0 2 44 0 0 0 15 0 7 2 0 0 30 0 0 19 0 0 36 37 0 0 0 0 0 9 54 39 15 0 0 3 43 13 0 31 0 0 0 0 54 69 30 0 0 7 62 9 0 0 65 4 0 30 0 43 0 80 0 0 39 28 0 34 49 0 49 0 36 0 13 3 8 46 0 0 23 0 47 0 0 30 92 0 0 21 27 27 57 38 0 0 0 4 6 0 0 41 0 1 32 14 0 0 0 65 46 0 0 36 0 0 26 0 0 0 19 24 0 8 0 0 0 44 5 0 0 0 29 11 0
 15 0 27 49 0 3 0 26 0 31 7 12 92 47 14 0 19 0 0 57 0 2 0 0 63 0 0 22 66 54 48 0 13 59 23 4 7 0 0 0 0 7 0 0 44 0 67 0 15 38 0 0 24 61 0 0 6 56 47 18 0 16 15 49 58 0 3 0 19 0 0 12 0 53 23 0 0 35 7 0 1 36 0 0 7 47 65 0 23 33 13 0 0 53 90 0 33 18 0 8 37 2 19 0 0 0 47 0 0 0 63 0 0 0 0 0 0 1 0 57 59 15 18 0 55 8 0 28 0 27 50 0 0 0 41 2 0 0 0 0 56 0 5 13 39 0 39 25 0 31 0 13 0 0 2 29 0 48 14 95 19 4 0 0 0 0 63 0 0 10 0 50 3 2 41 0 13 19 21 33 0 66 66 17 12 0 0 3 0 0 0 19 61 0 40 32 0 49 0 5
 30 11 0 0 62 74 0 10 3 0 50 0 23 0 0 0 87 27 0 0 0 0 0 84 80 10 15 0 0 22 0 41 0 0 28 42 0 0 0 58 0 72 44 0 20 0 18 11 43 0 50 2 51 52 0 0 18 33 0 72 0 0 1 36 0 0 0 56 53 0 16 4 7 4 0 0 15 0 0 0 0 61 29 44 0 15 0 0 0 57 5 0 12 77 0 0 0 74 71 35 34 0 0 0 0 0 0 31 75 0 0 0 6 0 89 55 47 0 0 0 0 0 4 65 22 0 0 0 0 49 0 68 0 0 0 73 2 13 20 0 0 2 50 8 28 0 69 14 0 72 12 0 50 6 41 0 0 91 77 0 86 0 4 44 53 57 49 58 11 17 6 51 14 0 50 0 0 14 0 0 0 5 41 15 0 67 72 9 0 5 38 0 48 39 0 0 72 0 0 0
 0 0 63 5 31 10 0 0 16 0 33 67 20 0 3 33 65 15 30 24 85 77 0 14 65 0 16 15 43 27 41 0 7 0 0 0 0 17 0 0 32 70 0 1 73 0 74 0 2 0 32 5 0 0 7 0 0 48 0 0 0 16 0 0 0 0 0 0 0 0 0 0 42 0 0 0 38 23 15 0 0 0 34 83 24 0 0 15 0 0 0 0 0 0 61 37 0 0 14 0 33 0 0 26 0 57 11 8 65 22 0 3 38 79 0 67 0 0 0 0 0 5 61 34 7 0 0 0 29 77 0 7 0 31 7 0 37 0 18 55 59 0 0 18 0 0 0 0 0 54 0 0 50 20 43 0 0 15 8 0 92 94 0 66 0 0 77 27 17 67 28 8 0 0 46 24 54 71 0 39 34 0 0 18 0 0 18 20 0 45 0 18 0 0 0 0 42 0 0 8
 0 10 70 19 8 0 39 0 0 79 8 0 44 30 0 42 87 9 0 73 82 0 0 0 51 37 0 41 0 0 18 77 33 21 0 57 0 0 22 0 0 0 0 0 0 26 0 31 0 40 8 0 55 71 0 0 4 80 0 17 0 0 0 0 0 60 0 0 0 0 11 0 0 0 17 80 0 67 24 0 49 0 0 0 0 41 0 0 1 0 29 0 0 15 100 0 55 3 14 19 43 43 31 0 0 25 10 1 0 0 0 79 0 87 20 0 0 0 27 0 74 54 0 0 18 0 18 1 62 0 30 0 48 18 0 0 20 0 2 33 0 6 0 14 0 45 37 0 6 0 71 52 0 44 0 17 0 0 0 37 0 26 33 0 34 0 0 0 13 0 0 77 46 0 0 1 0 25 0 5 29 0 0 26 0 0 0 0 19 0 0 0 1 18 0 0 22 0 3 0
 0 0 28 15 75 0 13 60 37 43 79 0 22 29 6 43 20 0 0 0 8 0 0 0 77 0 26 0 3 64 28 16 0 0 0 80 51 14 13 0 0 74 40 57 0 26 62 42 0 0 14 0 14 0 87 0 0 0 0 68 0 0 0 0 0 44 81 0 17 20 0 57 19 0 0 0 0 20 92 0 2 32 0 8 50 78 0 62 0 0 0 0 0 24 35 0 37 0 0 0 40 38 0 6 0 45 24 0 0 74 0 1 27 0 44 0 0 0 10 54 70 8 71 0 7 23 0 0 5 27 20 39 0 0 0 56 0 41 40 25 72 0 66 47 0 17 0 11 0 15 65 18 18 0 0 0 0 0 0 70 0 0 21 81 0 0 0 0 86 29 0 0 4 0 9 0 8 0 83 47 59 18 5 0 0 23 0 0 0 27 39 77 0 0 16 0 60 76 66 0
 40 67 12 12 0 7 16 11 0 0 0 75 0 0 0 0 0 0 0 51 0 11 0 0 35 0 0 14 34 30 0 37 57 0 10 0 0 16 0 0 0 25 0 38 3 0 93 0 0 13 69 2 0 59 26 0 0 0 68 4 0 0 7 0 0 5 37 67 16 0 74 73 1 25 33 0 0 0 28 27 61 0 0 0 48 63 0 0 63 61 0 0 0 0 37 0 0 39 17 0 8 27 10 3 80 46 37 56 13 55 78 47 59 0 0 0 11 0 0 0 13 0 0 0 0 0 2 0 44 0 10 75 44 9 41 49 0 5 79 32 0 30 36 3 4 0 18 0 4 0 57 57 0 35 0 81 16 0 24 38 0 35 0 76 5 11 0 20 29 19 0 0 0 39 73 0 64 51 0 34 13 0 36 0 0 80 0 41 0 0 29 60 0 56 0 0 0 0 0 51
 0 80 0 2 7 0 0 9 0 4 0 38 0 0 0 6 0 0 4 0 17 0 31 0 0 0 0 21 0 0 71 31 44 96 0 4 0 0 0 0 77 26 0 0 0 0 0 0 0 0 19 33 0 0 0 0 0 0 0 0 5 0 14 0 9 6 25 0 30 4 4 69 34 0 0 40 0 0 29 0 8 9 64 0 0 32 68 16 50 36 2 0 0 0 0 61 16 0 0 4 0 10 0 0 0 0 0 63 0 42 67 0 0 0 0 26 74 40 30 0 27 0 30 0 76 0 78 0 0 65 32 35 25 0 11 0 0 0 63 11 0 0 0 0 0 71 4 0 0 28 0 0 0 0 24 0 72 3 42 37 0 26 36 42 0 48 76 0 57 19 18 0 13 38 0 0 6 0 41 12 1 11 46 0 0 0 0 0 66 47 0 0 0 7 0 0 0 0 4 0
 75 0 0 0 0 0 3 0 51 49 9 0 10 44 42 0 0 17 0 0 39 57 17 0 44 27 27 0 0 37 0 0 77 0 0 0 30 50 0 7 34 0 40 0 74 9 53 0 0 22 0 0 22 0 0 58 12 0 0 7 72 0 49 42 3 67 0 42 0 0 0 0 0 4 0 40 10 0 0 73 0 62 12 7 41 1 0 32 11 35 0 0 34 89 0 77 0 73 0 0 0 6 7 0 83 0 23 0 0 0 7 7 0 0 0 91 7 48 0 81 24 0 82 0 0 0 0 20 17 0 0 0 0 42 0 0 0 10 0 0 38 0 0 0 36 0 0 0 0 41 29 9 14 0 0 32 29 40 0 0 0 0 57 4 17 0 64 44 15 77 55 25 1 49 7 0 12 0 0 0 0 72 0 16 0 0 0 0 10 10 0 0 61 0 0 0 0 29 40 5
 0 56 0 24 17 2 0 4 0 34 0 36 31 16 0 80 0 25 0 0 39 3 50 0 78 48 13 63 0 0 9 23 72 16 40 24 0 0 0 0 0 0 60 64 0 0 0 0 0 77 0 48 55 0 0 31 0 64 69 19 0 0 0 8 0 0 26 19 0 66 66 0 20 18 85 0 0 0 0 0 53 0 31 0 0 12 16 90 0 11 0 36 0 48 0 0 0 0 53 39 4 41 0 0 0 13 15 0 0 60 0 0 0 0 0 0 0 54 0 57 0 0 0 0 0 29 0 0 0 0 0 0 10 0 0 0 20 35 7 8 0 64 84 0 43 51 68 45 0 0 57 0 0 5 0 71 74 23 13 59 0 0 28 16 0 82 0 16 83 0 49 0 0 41 32 0 16 35 0 14 0 9 0 0 0 49 0 57 0 34 6 0 13 64 0 30 6 0 0 7
 75 70 90 0 0 0 0 8 22 0 0 51 13 17 0 23 10 18 40 32 0 0 0 81 73 0 1 66 1 0 32 3 27 0 18 42 0 51 0 14 0 43 37 0 14 0 0 45 0 0 31 0 11 0 62 0 48 0 0 46 0 0 0 0 66 0 63 0 74 0 0 0 33 0 0 0 0 0 0 45 0 0 39 66 18 24 0 0 51 0 21 18 24 0 0 0 42 1 0 87 0 0 72 59 36 0 0 0 0 75 57 66 0 0 40 0 0 0 81 19 61 47 0 6 0 47 26 14 0 23 0 0 0 0 7 0 48 93 0 0 10 0 59 51 0 66 0 0 0 0 19 0 0 0 0 33 76 19 0 46 0 0 0 0 0 0 0 0 97 0 0 25 0 15 0 25 66 4 0 72 0 0 0 12 0 36 64 0 60 14 63 36 0 56 0 0 29 0 0 53
 34 0 25 0 0 5 0 40 0 10 0 0 0 0 33 0 0 0 70 10 0 0 0 65 0 0 14 40 0 0 0 0 0 25 17 29 15 0 0 0 29 29 22 0 0 0 0 86 0 63 0 84 19 0 0 0 24 39 0 34 23 14 27 0 0 0 0 0 67 0 42 0 0 0 0 0 4 1 50 0 78 0 0 0 0 40 0 0 8 24 24 64 31 54 34 0 1 14 13 0 14 0 0 20 53 74 0 6 0 61 0 15 4 26 0 0 0 0 69 14 0 0 77 46 36 1 0 77 0 0 10 70 28 0 15 9 27 0 87 0 54 46 0 30 41 0 22 0 0 0 0 0 0 71 0 0 54 0 0 0 0 0 68 0 0 0 0 77 28 38 20 0 45 53 9 0 0 0 27 0 0 17 0 12 0 0 0 0 34 0 71 14 28 24 30 0 0 0 0 4
 0 0 13 0 25 38 22 0 0 0 13 0 35 0 0 0 48 0 53 29 0 0 0 0 0 0 21 0 0 23 0 0 0 8 56 0 0 16 16 71 73 0 26 0 0 7 32 0 0 78 0 0 18 20 74 7 3 0 65 19 49 0 10 50 0 36 26 52 0 0 0 43 46 34 7 69 46 0 0 13 0 0 0 0 0 0 55 8 11 0 33 0 0 0 4 10 86 0 0 0 5 0 2 1 75 0 0 27 0 11 9 0 0 86 0 7 9 25 51 0 0 63 48 0 0 0 0 0 0 0 0 54 83 14 0 0 0 9 0 26 0 36 0 0 25 0 0 0 0 1 6 53 37 28 0 76 6 6 0 17 0 0 35 16 60 0 0 0 30 0 93 0 0 0 0 20 4 12 54 10 19 0 6 0 72 0 0 39 0 0 0 0 0 26 0 55 0 15 61 17
 18 0 0 0 9 44 0 24 0 4 62 16 0 66 2 0 0 0 35 0 20 27 0 0 0 0 0 36 12 0 0 0 0 0 0 56 5 0 0 0 40 0 9 0 40 61 60 0 45 2 38 31 0 0 0 21 0 7 0 58 0 14 0 46 55 0 0 64 0 0 8 27 0 4 0 0 0 0 5 18 33 13 0 35 0 0 0 0 10 0 0 70 0 4 6 3 21 0 0 17 0 6 0 14 3 0 22 36 0 5 89 0 0 14 0 15 2 54 0 0 45 19 72 29 78 0 0 0 0 14 12 0 0 0 43 0 18 17 39 0 0 0 0 0 54 40 0 3 0 0 0 50 0 0 0 80 43 1 11 0 0 0 0 8 90 1 0 20 0 46 15 37 32 18 35 12 39 0 33 24 0 55 0 30 0 33 17 0 3 0 0 0 59 0 75 0 0 0 4 0
 0 0 0 0 0 0 27 32 0 0 67 36 66 12 0 29 8 54 0 15 80 0 0 11 48 0 16 0 0 0 0 0 40 42 0 18 30 0 0 0 0 0 27 52 2 0 12 36 0 0 0 50 0 0 0 0 27 45 9 66 2 83 0 11 0 12 49 7 0 9 5 4 1 19 0 0 4 16 0 59 0 47 0 0 48 36 0 0 0 0 67 73 0 28 0 0 0 0 0 4 28 0 0 0 20 7 0 0 57 0 1 0 0 32 12 0 21 0 0 0 0 70 0 0 0 11 41 0 0 0 0 0 0 17 0 0 0 0 0 30 0 0 39 28 0 8 0 21 21 0 0 9 0 3 21 0 0 0 16 0 0 49 0 0 7 0 0 48 15 0 3 0 20 0 9 39 0 82 85 0 0 72 16 40 30 29 11 16 0 0 0 10 3 15 19 0 16 48 0 0
 0 0 82 0 52 0 0 15 0 57 42 0 0 17 6 14 7 39 46 0 0 0 15 0 15 55 0 66 2 39 14 13 71 15 0 0 96 42 0 0 0 0 7 87 1 0 0 0 74 5 0 0 0 94 23 59 0 0 0 0 26 29 0 0 0 0 0 0 24 58 0 35 0 0 0 0 0 0 3 29 0 3 0 15 76 7 0 0 0 0 16 37 35 66 46 0 0 0 23 0 52 0 79 93 81 0 0 0 29 0 0 0 0 0 0 0 0 3 0 0 10 0 81 7 69 55 73 72 54 26 12 17 28 0 31 10 0 39 0 0 0 0 0 15 0 17 0 0 0 0 3 70 0 84 0 13 73 49 12 0 14 35 41 9 0 0 0 0 0 0 4 0 31 56 0 0 0 0 15 0 0 30 2 0 0 0 66 0 46 3 0 0 2 25 0 8 30 0 0 2
 0 0 0 27 0 0 16 54 76 19 0 31 0 0 28 6 10 0 16 49 17 56 0 32 0 0 0 0 8 0 0 0 0 0 0 63 0 0 0 28 0 4 0 0 69 78 0 62 54 47 0 0 13 0 59 5 26 51 0 55 43 35 0 15 92 0 6 0 100 41 0 0 0 6 0 0 60 7 17 22 19 21 0 39 62 0 0 22 0 0 0 0 29 0 0 0 0 0 54 29 0 27 1 0 0 26 38 16 0 0 61 0 0 24 0 12 65 0 24 18 0 52 0 0 0 55 29 0 0 0 20 0 7 0 27 0 0 29 24 0 0 0 0 25 22 48 0 10 78 67 10 0 0 44 0 8 14 0 0 0 0 0 18 0 0 45 0 0 3 0 10 0 0 0 88 65 0 0 0 43 0 0 0 0 12 6 0 0 3 0 86 0 0 21 0 0 0 4 0 0
 35 0 66 0 41 30 0 0 0 18 15 0 24 0 0 56 88 6 0 5 0 0 15 27 63 0 0 2 56 0 18 0 43 71 0 0 0 0 56 0 0 88 32 59 0 11 0 10 39 19 33 0 6 0 6 0 17 26 0 16 0 0 60 0 11 0 0 87 22 52 37 0 25 0 0 0 0 0 48 33 0 2 51 29 0 0 32 0 42 34 33 0 0 14 83 47 42 3 91 0 15 44 0 2 0 59 0 0 0 5 51 6 7 46 0 0 0 4 43 0 0 28 44 68 48 72 0 8 0 46 4 0 43 0 0 54 0 30 0 25 43 61 84 0 0 0 15 0 7 0 0 0 0 0 0 62 17 0 0 74 73 0 0 5 23 35 0 10 0 9 0 0 0 10 0 33 0 0 62 0 5 44 0 0 0 30 0 3 0 0 6 0 53 24 22 39 0 26 5 0
 0 71 0 50 0 0 79 0 40 50 0 6 0 0 74 0 7 0 19 23 0 0 0 0 53 0 27 47 0 0 0 0 0 54 0 0 0 0 62 0 0 0 0 0 0 0 0 22 0 0 6 0 9 77 0 0 31 66 31 53 30 0 68 0 0 17 0 72 0 0 54 0 57 28 37 73 20 83 14 0 28 1 0 49 0 0 52 0 0 40 52 35 0 26 17 23 0 0 51 0 2 0 5 19 60 0 10 2 30 39 53 0 0 54 0 42 12 0 4 0 0 11 12 0 0 0 0 0 0 0 0 47 0 0 0 75 0 81 0 15 46 0 15 19 8 0 49 51 0 5 0 0 68 0 55 50 5 0 24 0 25 0 5 0 0 0 0 0 0 85 0 0 70 37 63 4 43 18 24 33 0 22 0 7 0 0 59 0 0 59 0 0 9 0 17 0 0 0 10 0
 0 3 0 0 0 28 4 0 0 34 22 0 55 0 0 0 25 33 17 7 0 9 50 0 0 25 18 0 0 0 6 0 0 1 28 0 21 0 0 0 0 3 0 0 0 0 0 0 41 3 84 0 0 9 0 0 0 33 0 0 0 45 0 0 91 39 0 0 60 70 0 22 0 0 0 46 6 0 0 0 0 36 28 16 0 13 0 0 0 0 27 0 21 0 0 0 0 41 34 60 0 53 0 47 8 0 0 0 28 63 12 0 20 94 0 31 2 26 75 28 0 2 9 0 13 61 6 1 0 84 0 0 0 0 28 47 0 2 0 49 0 0 0 46 0 0 0 32 43 0 0 0 0 0 24 15 49 0 7 0 0 0 0 68 0 68 48 0 0 22 0 22 0 44 11 19 0 44 0 0 0 28 20 44 33 47 3 0 0 10 0 0 0 20 57 0 0 23 12 0
 0 0 67 8 37 90 51 0 51 0 45 0 0 0 0 0 0 41 0 12 0 0 50 0 25 21 19 15 21 13 64 0 6 0 0 0 9 47 12 0 0 0 42 0 93 25 42 36 0 0 0 0 0 0 0 12 0 0 3 61 96 0 0 0 0 20 29 0 0 70 0 0 0 0 39 0 1 0 0 0 19 78 0 0 0 0 43 0 35 0 15 0 61 59 47 0 0 14 0 42 31 61 15 49 42 2 0 0 11 0 11 28 64 0 0 19 20 0 0 0 0 0 7 0 0 44 0 0 23 0 0 0 17 0 0 0 52 0 1 0 58 47 0 36 8 0 0 0 9 81 77 0 0 0 49 0 17 70 0 0 35 6 20 0 34 0 88 53 16 0 0 0 0 0 5 0 0 19 63 57 11 7 82 0 0 52 57 26 0 20 0 54 51 0 26 0 0 55 39 22
 0 16 0 0 0 0 2 60 0 32 0 0 60 0 0 0 48 7 0 0 50 0 1 41 0 0 0 23 0 0 0 14 24 61 0 0 74 0 0 0 18 43 0 0 2 0 0 11 0 12 0 0 0 0 0 0 4 0 92 0 0 13 16 0 1 0 0 42 0 65 44 0 0 0 0 6 48 0 0 0 0 9 0 0 0 0 0 0 47 0 60 0 28 0 0 33 47 0 62 47 0 44 36 0 0 0 19 0 47 19 62 0 0 0 0 0 0 0 10 0 0 0 0 0 0 38 22 9 0 35 33 27 58 26 0 0 9 0 40 0 21 27 53 26 16 14 16 0 81 0 85 0 0 48 39 41 0 0 20 0 24 0 0 0 0 0 21 0 0 6 0 0 32 3 0 66 0 80 0 81 0 0 41 78 0 63 0 21 19 31 0 1 3 71 0 10 15 0 29 34
 77 7 0 0 57 0 38 22 0 2 20 0 14 0 31 47 87 30 0 0 2 0 0 0 60 0 0 0 0 36 0 81 50 4 67 0 0 0 0 44 4 17 0 0 45 45 0 0 0 1 30 82 0 31 79 0 2 13 6 9 24 27 0 37 0 0 0 0 0 0 0 29 0 0 26 4 5 8 0 7 23 0 0 0 0 29 15 0 0 81 10 0 0 27 18 0 41 24 53 0 0 0 0 8 67 37 23 0 14 19 32 78 23 3 67 0 48 0 22 0 0 19 0 1 0 0 0 14 0 60 0 0 34 0 0 0 0 48 26 0 0 5 0 0 0 0 0 0 0 0 50 0 0 15 0 0 0 0 7 10 25 0 0 0 0 0 3 41 4 19 0 33 2 32 49 0 51 20 0 15 72 0 0 66 0 20 8 0 21 0 64 0 34 37 0 54 5 0 0 19
 0 0 0 0 0 0 70 18 88 8 34 0 0 58 0 68 72 55 0 0 0 30 51 0 0 56 13 41 0 19 0 0 35 91 0 0 0 0 4 0 26 81 47 0 4 39 52 0 0 25 71 31 0 31 0 39 48 0 0 54 0 57 59 1 0 0 2 0 14 71 0 0 0 0 2 45 97 32 31 1 60 11 6 3 33 0 0 0 0 21 0 91 49 0 0 73 0 0 0 0 0 0 33 0 73 57 0 36 14 0 0 37 0 5 19 0 15 0 0 0 3 34 0 0 56 0 17 0 0 0 62 0 0 0 0 5 38 40 0 58 0 29 29 45 0 21 90 0 42 59 9 0 0 61 62 0 0 0 0 0 0 66 27 0 13 0 0 0 18 0 25 0 0 0 56 0 0 0 0 30 35 11 0 0 35 6 69 33 51 0 0 0 33 0 11 31 5 42 83 0
 0 32 0 2 0 0 0 13 0 0 5 0 0 0 47 31 33 0 0 0 0 0 0 9 0 0 0 41 1 18 22 7 26 11 0 49 0 0 0 0 0 0 1 36 0 52 18 37 69 0 74 0 0 0 0 0 0 0 0 0 12 0 76 0 0 0 73 30 99 0 0 48 0 0 0 0 0 4 0 0 0 57 0 0 0 0 45 0 0 68 0 40 0 0 70 0 0 0 59 0 10 0 0 9 0 0 0 14 0 0 0 46 0 4 0 24 44 0 0 42 43 24 0 73 65 82 0 0 0 0 0 18 0 36 0 0 45 24 0 27 0 24 77 0 0 0 35 0 43 0 97 3 0 0 21 0 0 0 36 0 0 44 12 0 0 0 21 17 12 79 0 48 0 0 11 32 34 0 0 0 53 26 73 39 0 0 47 0 0 30 8 25 0 13 0 0 0 3 0 0
 0 12 0 47 0 0 11 0 0 0 8 0 0 0 0 24 0 34 0 0 0 6 3 3 0 11 42 57 0 0 0 22 7 84 0 43 23 2 0 0 0 0 0 0 0 51 55 0 0 55 62 0 18 0 0 0 0 37 0 19 9 4 26 0 0 34 0 0 27 0 58 4 53 0 0 73 0 71 0 40 0 0 69 0 19 0 0 28 0 84 31 1 10 0 0 37 0 0 0 0 0 25 16 88 0 7 89 0 17 10 0 82 46 15 0 51 43 0 28 1 0 0 0 37 0 31 0 45 0 0 0 0 15 17 0 23 32 0 28 76 0 48 29 0 0 8 0 0 0 0 61 31 0 46 25 0 0 0 4 0 0 0 0 66 62 40 0 44 0 0 4 0 0 42 55 68 0 0 16 0 0 60 0 0 99 0 0 0 53 4 23 0 0 32 35 0 25 48 0 52
 0 0 0 0 0 5 11 31 0 0 37 27 31 0 0 0 16 61 0 15 38 0 0 0 0 38 0 36 0 0 7 31 4 0 47 28 0 0 7 0 0 76 12 0 46 0 49 0 0 40 0 0 0 0 34 13 0 44 21 52 72 0 0 0 0 27 0 0 23 0 17 0 63 0 0 35 23 33 25 15 43 7 0 0 41 75 77 41 0 53 36 0 13 0 33 0 0 0 11 16 70 0 54 0 0 84 69 0 82 41 0 0 0 0 0 0 80 24 0 23 4 34 0 0 3 28 18 0 62 0 24 0 0 0 34 0 0 26 0 0 0 0 10 0 12 8 5 0 0 3 11 7 0 0 42 0 0 0 60 0 69 10 93 4 51 60 33 55 0 53 0 38 0 13 0 3 38 0 11 58 5 0 16 0 12 0 0 0 0 0 0 24 30 0 30 65 0 15 0 0
 8 10 81 0 0 0 0 0 0 13 0 0 14 0 10 64 0 0 0 0 78 0 45 0 14 16 0 49 10 8 0 22 0 0 80 0 0 0 0 0 0 0 8 40 14 0 33 0 0 0 20 3 79 0 62 37 93 64 0 11 0 87 0 14 0 1 35 0 0 28 0 75 22 45 68 2 0 31 78 33 0 0 0 0 0 72 0 0 58 0 14 0 45 3 8 0 57 0 0 0 73 0 0 41 60 1 42 43 88 0 19 63 0 57 4 0 58 27 0 0 0 19 0 27 4 0 10 9 0 9 0 0 0 0 53 39 0 8 0 38 97 8 0 9 0 1 0 7 12 62 0 27 7 77 0 54 0 29 0 81 0 57 15 0 0 39 10 0 0 14 19 0 0 42 0 0 16 0 0 0 0 0 29 3 39 14 35 0 0 0 8 99 0 0 45 0 0 39 44 5
 83 28 0 10 0 0 0 19 38 0 0 88 26 53 0 0 17 52 0 8 30 0 0 0 16 0 0 7 66 0 52 0 0 22 35 86 0 0 4 71 25 0 0 26 55 13 0 0 0 0 87 0 0 0 3 0 0 63 0 0 0 8 0 0 16 13 69 36 9 8 0 58 35 0 83 3 62 43 0 70 2 0 21 0 0 27 63 0 0 0 8 19 8 52 0 0 0 47 0 0 53 0 44 15 35 0 16 0 0 17 0 0 0 39 0 0 48 9 35 1 0 48 0 0 0 0 73 45 55 0 0 37 15 28 60 0 44 22 0 0 0 10 0 19 63 0 10 1 0 0 25 43 26 0 11 0 0 0 0 19 0 0 21 24 55 29 22 18 0 14 33 0 0 0 7 36 0 0 0 8 0 0 0 45 14 0 16 46 0 9 0 26 0 0 12 0 63 49 0 72
 0 5 61 0 80 3 0 0 0 0 1 2 47 24 79 81 0 10 0 0 0 0 9 18 49 19 0 4 2 0 0 0 65 0 1 0 17 0 0 37 41 0 0 48 0 9 64 0 74 0 10 0 0 46 0 85 17 33 45 71 0 0 0 0 0 22 37 0 0 53 32 0 0 5 0 0 47 0 52 0 0 0 0 40 0 0 0 3 0 22 34 0 0 0 57 0 0 5 0 16 0 0 23 2 0 0 77 23 0 17 0 0 39 0 0 16 0 65 52 0 73 9 28 0 0 0 0 0 61 25 0 0 4 0 0 0 28 19 4 0 58 23 23 0 3 15 0 77 31 0 0 18 10 76 3 5 16 0 34 0 0 0 16 5 0 45 26 0 33 66 0 17 0 25 61 0 51 40 0 0 34 0 26 77 3 36 0 78 0 0 0 4 48 77 0 0 59 0 60 0
 0 35 0 30 17 0 16 14 0 0 0 14 0 0 0 38 21 0 42 0 49 8 68 0 45 34 33 0 76 0 0 0 0 13 39 11 36 0 0 24 0 49 67 0 0 2 0 55 0 3 0 23 0 0 0 0 0 63 0 1 0 36 0 0 0 65 0 77 0 1 7 16 29 68 0 0 19 10 0 27 0 0 0 13 0 0 5 8 17 18 0 15 45 14 5 0 0 0 31 12 2 19 0 20 0 0 52 0 33 0 63 42 0 0 0 0 7 25 0 67 0 0 0 0 0 0 21 0 0 23 19 0 42 25 7 13 0 29 24 0 4 0 33 70 0 9 0 0 51 1 49 61 0 16 0 24 0 50 0 13 82 13 0 33 53 0 0 10 0 0 12 0 73 0 0 54 36 61 9 0 0 0 12 0 73 10 54 89 7 0 0 0 0 6 60 0 0 0 61 14
 67 0 42 71 67 20 49 10 0 62 0 82 80 63 62 0 0 0 0 1 8 67 0 0 0 50 60 0 0 19 0 0 0 93 30 20 65 0 0 32 0 0 0 14 0 50 0 0 10 47 0 6 95 15 27 79 0 39 46 0 59 0 0 87 0 0 20 0 11 0 75 22 73 0 60 0 23 0 0 12 0 0 30 44 0 0 0 0 10 41 68 0 0 52 0 31 37 63 26 0 0 62 0 0 0 0 20 65 0 15 0 0 0 0 0 0 0 3 0 70 10 55 56 0 46 0 0 40 0 0 95 0 0 0 0 0 0 0 22 0 22 10 0 0 2 60 57 0 71 85 66 0 0 0 0 0 51 0 26 47 0 0 5 0 39 0 0 0 0 4 61 68 2 0 48 9 0 0 0 0 35 39 0 0 16 46 0 40 61 32 31 0 95 0 23 10 0 64 25 27
 0 0 0 0 70 74 0 0 0 0 30 15 18 12 30 0 0 87 20 16 0 0 59 14 0 20 19 35 0 76 0 60 0 0 2 0 2 0 7 0 0 0 0 37 0 0 0 81 0 12 0 48 0 0 88 0 0 0 0 0 0 0 32 0 0 0 0 0 29 0 0 0 0 26 0 0 11 0 0 0 1 0 36 0 41 12 0 0 0 14 46 37 5 8 0 0 0 0 0 17 51 38 0 82 5 0 23 0 0 48 0 58 0 0 0 48 44 11 9 44 0 67 0 0 0 0 6 0 46 0 0 0 0 0 0 7 0 65 0 13 11 0 0 25 0 0 91 0 0 0 57 19 44 0 30 49 0 0 16 98 0 12 46 0 0 51 4 0 0 0 16 70 54 35 0 0 33 1 44 43 0 15 0 0 17 0 94 41 10 0 86 0 0 0 0 24 44 51 0 0
 0 0 0 84 0 0 0 0 55 17 32 0 6 0 0 0 55 0 35 0 0 0 41 24 0 38 40 40 0 60 83 0 0 0 69 39 26 25 0 0 39 26 0 0 83 6 6 0 27 19 3 15 44 9 0 0 0 0 0 43 46 70 5 43 13 3 0 51 0 0 0 12 0 17 0 4 0 0 7 37 40 69 61 4 0 0 3 1 17 13 0 59 7 43 29 27 0 0 0 0 59 0 54 0 0 13 0 0 38 0 0 79 0 0 1 0 82 0 0 71 0 0 37 16 0 0 57 25 40 0 0 7 62 8 71 49 14 0 52 0 29 0 0 0 29 0 0 35 2 29 8 0 0 0 2 0 0 0 35 0 16 0 46 0 0 3 13 9 0 0 7 10 0 12 50 66 8 13 0 0 32 3 0 0 0 0 0 0 74 20 12 50 27 0 0 0 0 0 26 0
 0 8 51 0 0 0 45 76 11 24 0 0 0 0 3 0 0 15 41 0 0 13 0 23 26 74 12 45 10 0 42 29 0 0 14 18 64 22 50 0 0 18 41 29 0 0 57 0 0 0 48 73 58 64 0 9 98 17 0 3 0 0 22 2 58 0 84 0 0 0 5 17 2 0 32 0 2 0 54 43 16 20 77 0 0 0 0 0 0 0 21 19 67 11 25 0 84 16 0 13 0 21 0 0 0 42 0 0 0 19 19 50 0 12 0 0 0 0 0 0 0 57 0 0 39 0 0 52 0 0 28 0 40 0 4 0 0 54 24 0 61 0 0 67 64 0 27 1 9 18 42 0 0 76 35 0 0 0 0 0 0 22 0 15 91 92 0 0 0 0 25 0 0 0 36 0 0 79 0 0 0 0 81 22 0 34 36 0 28 0 45 0 71 0 0 0 88 70 0 0
 0 0 0 8 0 13 0 62 3 83 0 0 0 0 0 25 0 0 0 0 0 0 0 12 0 0 0 1 11 70 30 0 0 0 51 29 0 76 37 2 0 0 8 28 0 8 22 0 0 0 36 0 0 16 0 75 96 38 60 0 55 0 0 42 33 0 55 49 0 0 52 1 0 0 0 30 10 56 45 22 0 22 60 8 0 0 71 0 1 0 85 53 0 16 0 8 56 37 0 0 0 10 71 0 5 41 28 84 46 0 0 0 0 63 0 3 40 36 15 0 52 0 0 0 49 0 0 0 0 36 0 18 0 19 53 28 0 20 6 6 50 27 0 0 0 0 0 63 0 70 0 78 0 0 0 0 0 0 0 9 0 7 0 2 0 0 0 0 0 0 0 11 0 0 0 0 10 0 14 0 0 83 0 0 58 16 68 0 0 54 50 20 25 98 2 13 0 0 6 0
 29 47 0 0 0 65 13 28 22 0 64 0 48 0 5 0 0 0 24 24 6 15 13 0 10 0 17 0 36 30 0 4 33 66 0 0 0 0 0 20 36 88 0 11 0 48 6 0 12 0 39 81 0 0 26 27 0 6 83 0 0 0 0 65 31 12 0 28 0 31 0 0 0 68 0 0 16 35 9 21 61 32 45 13 54 0 0 0 47 55 7 24 84 0 0 0 0 0 40 45 16 7 0 44 0 34 37 0 2 0 0 65 0 14 3 0 3 0 0 50 0 0 25 0 33 42 0 10 5 1 0 0 49 0 22 13 9 0 0 20 0 51 0 0 44 69 48 2 0 66 0 35 2 37 1 0 10 36 59 0 20 98 49 0 13 16 8 14 35 0 85 0 0 25 18 0 0 0 0 44 11 0 27 0 0 0 0 24 0 0 7 14 57 0 69 0 55 0 0 60
 41 0 43 49 0 0 0 0 14 0 77 29 0 0 0 43 0 0 59 0 45 0 98 0 0 2 32 0 0 0 60 0 0 0 0 0 42 63 4 0 0 23 0 0 38 32 2 0 0 0 64 35 41 0 0 18 61 0 0 0 0 0 0 5 16 13 23 32 0 10 0 7 0 0 0 0 0 7 0 0 0 63 21 62 18 0 57 0 0 0 33 74 4 0 71 38 1 0 30 0 38 47 0 0 0 0 0 0 0 58 57 14 48 18 0 0 0 3 22 38 0 0 0 0 0 40 58 44 26 41 0 76 0 64 70 0 86 0 0 38 3 0 0 0 0 27 68 0 9 0 0 78 10 0 0 4 0 0 27 0 39 56 46 54 7 50 2 0 7 35 0 1 6 0 43 0 37 34 5 0 0 0 14 10 0 10 56 12 65 0 0 22 7 0 3 1 0 0 0 37
 18 78 8 0 22 39 19 0 20 80 0 12 0 70 0 10 0 23 32 0 0 59 0 6 0 4 0 0 34 4 20 5 0 24 0 0 0 26 0 0 5 0 0 0 19 39 51 0 51 0 0 42 22 0 0 0 0 0 13 0 0 0 0 48 68 46 0 0 0 0 27 47 0 0 0 21 59 0 0 0 19 0 4 35 48 0 52 0 0 31 0 64 0 79 0 70 67 0 0 0 0 76 46 0 48 0 0 0 62 7 0 0 0 0 48 0 0 0 15 19 16 44 1 13 0 62 0 48 37 35 0 0 47 49 24 31 28 31 0 50 0 42 0 19 0 40 19 53 61 55 52 22 0 0 0 0 6 0 60 27 0 0 0 0 46 21 81 0 0 47 6 27 0 0 69 62 32 72 13 0 0 0 29 0 40 75 0 0 20 40 0 17 0 1 0 53 38 82 0 0
 0 0 0 15 0 57 2 0 45 63 0 0 0 0 0 1 0 0 13 0 26 0 0 54 0 6 87 64 6 0 29 0 0 0 24 49 65 9 30 32 0 0 0 69 31 0 22 42 2 58 37 0 0 0 84 38 54 36 1 0 43 0 0 0 69 25 37 0 20 20 33 0 38 67 0 35 26 0 40 0 0 2 0 0 52 71 0 51 29 0 49 41 0 45 26 0 0 0 0 0 33 95 0 48 0 14 0 9 0 18 0 0 0 35 0 0 0 0 41 82 0 24 0 0 2 0 0 71 0 8 22 0 0 34 5 0 8 0 1 0 0 36 41 0 48 0 0 0 54 16 0 22 57 18 0 0 10 80 0 0 20 20 48 0 27 34 0 64 18 30 0 10 0 74 0 0 11 0 0 20 74 0 0 0 0 0 0 35 84 0 0 20 0 11 51 21 0 100 42 0
 32 0 15 8 18 22 0 47 39 7 0 6 0 38 11 0 32 0 0 18 38 0 0 81 27 0 0 84 0 0 0 43 0 29 0 0 0 0 0 8 0 0 47 7 0 47 13 0 40 30 23 55 0 2 13 24 33 36 88 0 0 29 65 14 10 31 74 53 0 0 0 8 3 0 50 19 25 40 0 0 31 0 0 77 53 0 10 20 0 0 51 13 62 13 64 0 0 0 27 0 65 33 54 65 27 0 33 57 0 1 28 1 0 0 0 0 0 1 0 29 0 0 0 23 32 15 72 0 56 5 26 0 42 0 0 0 63 0 19 16 0 0 0 0 7 0 0 42 0 0 0 58 8 0 0 16 39 2 0 39 39 5 0 0 74 0 0 53 16 34 0 0 45 15 17 0 0 0 0 0 30 0 32 41 35 0 6 0 0 0 31 0 32 0 25 50 69 0 40 3
 51 55 35 76 0 0 49 83 0 0 0 0 80 42 13 0 63 0 38 15 37 0 0 7 0 0 77 28 0 1 0 6 50 0 17 4 0 33 0 0 37 25 0 46 0 0 0 0 67 26 0 34 0 66 0 0 0 0 0 19 0 75 0 75 0 0 22 0 15 41 0 0 22 0 0 0 0 0 0 58 0 4 0 0 0 26 0 45 53 0 0 0 0 36 14 0 0 0 58 87 32 35 0 8 46 0 2 0 0 0 0 18 67 24 0 32 0 0 0 0 0 0 0 17 5 8 80 8 38 82 11 0 7 0 0 8 0 33 20 63 0 0 0 31 0 0 2 9 0 24 19 46 25 0 0 0 0 42 41 0 44 0 17 68 0 8 0 0 0 0 0 46 7 0 5 55 41 13 0 0 0 38 3 0 17 0 0 25 0 0 3 18 52 42 0 0 68 10 0 10
