150
 55 0 20 23 0 0 28 0 0 0 0 7 54 0 0 20 0 0 0 62 0 0 0 0 53 75 74 0 0 0 71 35 29 46 26 0 18 17 0 0 20 76 0 30 15 26 0 13 0 0 0 16 0 25 0 77 0 0 29 33 0 11 9 0 0 0 79 0 0 9 19 0 1 13 0 0 0 47 19 0 18 0 16 0 70 0 57 19 48 0 62 0 48 0 0 0 0 0 0 48 0 65 12 38 34 33 70 38 25 43 57 0 0 0 52 0 0 25 0 0 46 40 0 0 0 0 0 0 0 23 0 0 0 67 0 0 66 6 0 0 0 0 0 0 0 0 17 12 19 3
 26 27 0 28 0 0 31 0 0 0 16 26 0 2 67 62 26 0 0 22 6 0 0 45 22 73 0 73 0 7 0 52 0 15 33 13 0 35 5 51 0 0 29 46 10 3 0 27 58 34 59 0 0 68 9 0 0 35 0 17 0 40 0 0 0 15 0 0 3 0 66 2 24 0 0 50 29 0 0 0 0 0 0 16 0 60 6 0 0 16 81 0 4 15 20 0 0 0 68 27 1 28 0 48 63 40 0 74 11 0 0 41 0 64 0 0 22 1 0 49 74 60 6 18 12 19 0 0 15 0 0 63 19 0 0 37 0 51 0 45 0 8 0 0 0 0 22 0 0 9
 0 14 60 0 0 0 10 9 0 40 0 11 0 9 0 0 69 37 13 0 0 0 27 39 0 4 5 9 0 51 33 65 0 0 80 21 0 0 0 0 0 6 0 0 0 53 0 49 0 54 0 0 0 0 17 0 35 12 0 0 0 0 0 0 54 30 59 48 0 28 26 0 5 2 31 5 11 0 15 0 37 5 82 4 88 0 13 0 0 19 46 0 0 10 0 41 0 55 0 0 0 45 0 0 51 82 0 18 8 0 39 20 28 0 0 32 0 0 0 53 34 0 35 0 17 0 0 23 0 0 25 3 0 33 0 12 11 0 2 32 15 0 5 0 0 0 63 0 42 36
 0 0 17 98 44 78 36 68 28 56 0 64 0 49 0 20 81 0 18 21 0 48 25 4 0 13 27 1 0 41 75 0 64 16 0 37 45 0 0 32 11 28 6 0 0 43 73 37 0 61 0 33 4 0 0 0 33 56 7 3 75 14 41 0 0 0 24 13 53 0 61 59 0 0 6 32 2 0 91 79 20 16 16 77 0 69 38 32 9 32 75 14 18 27 57 67 41 0 43 0 26 39 0 40 0 60 77 0 0 0 27 0 8 45 0 0 0 0 0 7 10 35 0 0 5 50 15 0 57 21 0 0 0 0 60 0 0 0 0 7 0 66 11 0 11 0 7 0 17 0
 51 32 34 0 70 36 0 0 59 0 0 0 0 0 17 7 0 4 0 0 42 0 0 0 0 0 18 0 0 0 0 0 82 22 18 0 30 0 50 0 20 48 12 67 3 7 30 0 0 14 20 22 18 12 23 34 13 24 71 0 68 0 3 41 5 0 0 89 5 0 14 0 0 0 12 67 0 0 9 36 0 0 0 38 78 0 41 0 38 0 4 0 89 4 27 81 4 48 0 0 0 76 0 0 23 21 0 23 0 0 7 2 14 0 34 0 0 6 0 0 0 0 0 0 20 0 0 0 35 0 23 7 0 11 0 51 14 7 36 0 0 85 21 0 0 16 45 0 0 0
 54 36 39 0 0 48 0 0 0 0 57 0 8 100 0 8 0 0 0 13 12 19 23 48 53 34 0 0 0 21 0 65 0 6 53 0 49 0 0 0 53 0 0 0 21 39 46 70 53 0 0 0 0 0 0 61 9 0 0 3 14 18 18 39 0 0 0 0 0 21 5 45 0 0 19 3 7 0 0 23 0 0 0 66 0 0 0 39 0 0 17 0 69 0 0 0 76 0 0 0 0 0 35 24 0 0 57 0 14 31 0 90 51 0 75 0 0 0 24 0 0 0 47 0 0 0 0 0 38 89 32 2 78 0 2 66 0 0 16 0 0 0 4 0 47 0 0 7 15 0
 0 0 0 0 16 74 65 5 70 16 0 6 44 1 0 83 24 65 12 16 27 23 11 23 0 57 0 0 0 0 0 0 2 0 5 80 0 62 0 57 5 0 0 51 31 0 1 62 31 31 0 0 73 56 0 0 0 30 76 0 72 12 0 31 0 0 0 0 66 0 0 3 0 74 0 14 82 0 0 8 0 5 0 0 0 21 36 0 6 14 18 1 29 0 0 12 0 0 49 20 0 0 0 0 29 0 25 37 84 0 13 7 0 0 44 16 0 0 0 43 0 0 42 0 41 0 27 0 0 0 0 42 8 0 0 43 39 0 0 0 17 0 2 0 0 0 0 65 0 22
 25 2 0 0 15 24 0 72 0 45 0 79 0 0 16 0 12 0 24 34 0 0 65 0 0 12 50 0 0 0 0 0 0 8 0 0 20 0 0 21 10 84 0 0 0 0 2 16 6 50 19 0 89 5 0 0 26 20 37 0 0 14 5 7 47 0 1 27 18 0 0 0 0 0 0 53 2 0 0 46 0 81 0 44 49 47 0 0 79 0 0 0 0 61 30 0 50 0 6 1 22 95 10 0 81 52 0 0 0 68 30 11 30 43 10 0 62 0 0 0 0 0 45 18 28 12 0 0 49 14 0 65 0 0 0 0 0 0 0 2 0 0 39 0 47 44 0 0 0 17
 27 50 5 0 0 30 0 4 52 38 0 16 0 24 0 0 0 44 0 57 16 0 0 7 0 0 0 27 4 0 0 0 24 18 39 18 6 20 85 26 0 0 22 0 0 0 0 94 0 0 0 0 0 63 0 31 0 0 21 0 0 11 72 7 0 21 76 0 6 0 0 0 62 0 0 0 45 68 0 59 0 20 14 0 0 0 6 0 0 0 68 0 66 0 61 6 20 0 19 22 0 0 0 32 0 0 0 0 17 0 0 21 26 0 33 29 40 0 0 14 0 32 65 0 69 36 0 41 0 88 28 58 0 0 13 0 52 32 21 0 0 68 81 0 17 0 0 0 0 0
 3 34 0 0 48 74 0 0 0 58 0 33 0 0 77 57 3 0 0 0 0 0 0 26 0 0 0 0 0 0 13 0 22 71 48 41 30 17 37 13 17 9 0 43 9 38 0 33 2 42 20 3 2 66 67 74 0 38 36 0 85 0 0 0 0 35 0 11 59 50 0 51 32 0 0 0 16 3 38 18 0 0 0 35 0 3 22 72 0 0 0 45 0 0 17 5 0 5 0 0 1 52 3 9 10 0 0 0 27 0 10 9 0 0 0 19 0 6 0 0 0 0 0 63 46 0 53 21 48 47 0 12 0 64 74 0 0 12 3 51 7 34 67 0 23 35 22 82 0 0
 5 0 24 35 28 0 84 48 75 67 8 0 0 0 8 0 47 0 0 38 18 0 19 0 0 9 15 0 0 0 0 28 0 0 0 0 0 45 0 0 72 0 0 23 45 18 0 18 0 42 0 0 0 71 24 0 0 67 0 25 0 38 40 0 9 65 61 0 0 20 3 0 12 22 0 0 0 30 38 32 0 72 0 0 0 0 2 90 0 7 0 3 0 86 0 0 71 0 42 64 0 44 0 12 0 0 0 0 2 45 25 32 0 5 0 45 59 44 0 0 62 0 0 54 0 0 0 64 0 83 0 22 0 0 7 0 0 63 0 0 0 0 98 0 33 0 52 0 53 0
 0 0 0 0 2 49 0 0 0 0 22 61 0 42 0 0 38 18 0 0 5 0 88 0 0 0 0 6 28 0 0 19 18 76 0 29 0 27 19 21 45 51 11 57 0 32 14 19 0 13 0 0 0 0 9 27 70 0 0 68 8 38 0 32 0 0 0 0 22 13 0 0 0 0 0 15 13 52 17 47 35 0 14 0 0 69 43 11 57 0 0 6 0 55 0 0 12 0 0 0 62 0 0 0 63 0 43 47 21 0 40 0 0 3 0 0 26 0 67 0 28 0 44 0 0 13 0 37 0 0 8 0 0 0 20 0 27 66 0 44 0 3 75 0 30 0 13 0 10 34
 0 68 0 23 55 0 0 5 79 13 68 66 35 52 56 0 27 0 0 2 10 21 56 0 0 0 0 28 15 0 0 0 0 29 17 16 59 0 19 0 0 65 0 0 48 18 56 51 0 43 0 0 51 5 70 0 0 24 0 0 29 27 0 18 0 35 71 0 0 31 0 0 85 0 17 34 53 32 57 0 71 2 23 0 4 0 7 0 0 21 0 0 26 39 6 60 0 0 23 0 85 0 32 8 0 0 6 0 0 0 12 0 0 0 1 0 0 0 22 0 14 34 0 8 0 43 0 30 18 0 0 0 45 0 9 14 0 0 25 0 0 0 0 0 0 0 0 0 0 82
 71 0 0 0 31 0 0 8 0 26 54 0 0 22 50 0 35 35 0 42 0 2 0 52 8 0 0 0 0 20 0 0 14 0 3 30 45 0 6 79 21 0 80 0 0 0 56 0 0 57 19 61 70 5 17 14 0 0 44 0 0 42 0 0 77 49 68 68 0 0 56 0 27 0 0 0 0 0 0 35 0 58 0 55 27 69 0 17 0 22 0 0 0 35 7 0 0 0 18 0 0 0 0 20 11 0 0 0 48 0 0 0 0 0 0 2 2 0 0 73 0 8 26 0 18 0 0 0 0 0 0 47 0 8 67 0 62 0 52 0 38 0 54 0 15 0 0 13 47 0
 2 0 33 19 0 37 30 0 5 0 0 23 0 0 47 43 0 0 0 28 0 60 0 0 0 0 0 0 0 0 18 0 0 0 0 0 0 0 46 39 0 46 10 0 4 11 0 12 59 6 0 0 0 0 0 0 0 25 0 0 0 14 62 34 30 0 0 16 0 0 16 0 1 46 0 32 0 0 0 0 4 0 37 9 0 55 64 68 0 2 54 50 53 6 0 22 79 0 51 0 12 0 22 0 0 2 53 0 0 0 0 30 0 45 0 55 0 79 21 0 0 35 0 30 7 0 0 0 89 24 70 0 0 0 0 65 17 0 0 0 0 0 87 0 64 0 0 28 51 0
 0 0 0 0 0 0 0 72 62 0 30 7 34 15 0 24 0 0 11 44 0 0 0 0 26 0 73 0 11 0 0 22 0 44 33 0 14 0 0 0 68 0 0 0 30 0 28 0 14 0 58 0 18 0 0 29 33 8 0 0 24 39 78 9 0 0 0 0 0 0 36 0 0 74 56 0 0 73 18 25 0 0 10 80 0 0 16 0 19 0 1 0 0 0 0 0 0 76 0 0 1 30 68 0 24 26 30 0 0 0 0 57 0 0 22 0 1 0 0 47 0 0 35 82 72 0 8 80 27 0 0 6 0 0 41 4 51 37 64 0 0 0 18 0 0 0 90 13 0 66
 48 0 0 0 0 2 0 0 20 0 0 0 0 0 3 44 5 52 0 5 0 0 0 34 10 23 0 32 0 33 0 89 0 8 26 86 0 8 0 0 0 0 17 0 0 20 7 2 0 26 37 0 0 12 0 33 0 0 0 0 5 0 3 16 0 0 92 0 70 0 0 9 0 54 0 21 0 9 0 90 0 73 0 0 17 15 0 2 0 0 0 0 33 28 0 0 0 28 9 0 11 0 0 0 70 70 0 18 10 0 0 1 0 54 0 67 23 0 54 15 24 0 41 0 56 0 0 0 0 57 0 0 0 0 11 58 75 0 0 0 17 0 23 0 89 0 0 20 0 49
 87 48 0 51 0 0 0 74 0 5 28 0 19 0 8 34 0 23 16 4 8 30 0 3 0 35 27 0 0 0 6 4 91 1 0 0 0 62 0 0 45 61 35 0 0 0 0 43 0 75 64 0 0 0 9 54 0 33 0 36 0 11 0 29 69 27 0 0 48 17 19 0 12 21 12 37 0 0 6 15 2 74 2 6 0 0 25 51 0 0 0 0 25 0 0 75 25 0 7 0 12 53 25 45 50 0 28 0 0 6 5 5 52 8 24 81 56 0 2 21 0 0 0 40 28 0 57 15 24 36 0 0 0 29 50 0 0 83 0 23 29 4 19 9 37 14 0 3 5 0
 53 29 0 0 78 34 0 0 7 33 50 62 1 44 54 0 11 0 65 0 0 10 0 65 59 0 31 54 20 27 0 12 0 19 0 28 30 0 23 7 0 26 0 14 24 80 24 25 0 38 0 0 15 0 6 0 0 0 74 0 39 61 0 0 0 3 0 13 0 73 0 48 0 2 0 0 69 10 7 0 0 0 19 0 0 0 16 1 0 0 0 0 0 7 0 0 0 0 8 0 33 30 0 0 0 0 0 0 0 0 18 0 0 14 11 17 0 0 4 0 57 0 67 0 34 0 60 0 16 0 0 27 0 0 0 84 82 2 0 0 0 30 55 19 0 23 7 0 0 0
 0 0 24 0 35 0 0 0 0 96 0 64 0 0 0 0 0 0 11 43 0 0 0 35 17 0 6 39 0 78 7 46 0 29 0 0 0 0 0 34 56 13 45 56 0 26 5 46 12 0 0 0 0 9 0 4 0 0 32 23 5 17 0 59 55 50 0 66 33 92 48 0 0 45 51 0 0 39 5 0 0 0 46 7 0 29 13 58 12 0 0 44 0 0 50 0 2 6 50 2 0 59 0 0 0 0 0 21 0 0 0 4 0 0 0 0 0 17 0 0 59 0 56 48 0 0 7 0 0 56 0 0 46 58 0 66 4 0 3 38 62 0 0 30 15 25 3 0 51 0
 3 0 1 84 0 0 0 47 0 38 0 0 0 10 36 40 22 0 47 25 92 67 0 0 0 0 0 0 0 68 0 0 71 0 45 0 42 0 0 0 13 14 0 0 25 0 59 20 0 0 8 0 0 41 0 72 44 40 0 0 0 52 0 51 0 0 22 0 0 0 25 4 41 0 0 8 25 0 46 62 0 47 0 0 0 0 14 0 0 36 36 67 0 0 3 0 0 32 17 20 46 0 0 3 0 79 0 0 47 22 45 18 0 0 46 32 12 57 0 22 82 0 13 0 41 0 0 0 0 0 1 27 0 0 0 17 34 0 25 28 2 45 0 0 39 0 0 0 0 0
 50 80 42 0 19 0 0 10 2 95 68 4 0 0 0 27 21 0 0 20 0 10 0 14 0 0 0 0 0 21 47 0 0 45 41 0 39 76 31 0 0 61 0 7 32 26 0 0 0 17 3 44 0 0 3 38 0 32 0 21 17 52 0 27 0 56 0 0 61 31 0 0 0 0 92 8 0 0 7 6 0 81 24 0 4 0 12 0 46 0 22 0 12 42 0 0 0 27 35 8 47 0 25 26 0 19 83 0 0 0 14 0 81 26 22 0 0 0 0 0 0 0 0 0 20 17 0 5 0 0 9 26 0 0 0 0 0 59 0 0 3 0 0 0 20 0 22 0 0 0
 70 1 0 0 20 0 0 0 46 7 0 0 0 44 90 44 59 11 17 26 61 66 28 14 9 16 48 47 37 0 0 0 0 0 40 0 0 0 46 0 24 20 61 0 0 9 0 34 44 0 14 42 32 0 0 10 27 0 0 0 0 0 0 0 0 75 0 0 0 0 8 0 8 0 13 0 12 24 0 0 16 34 0 0 0 9 6 26 0 0 0 37 0 17 0 13 0 27 4 0 0 0 10 50 0 0 12 88 0 59 0 10 0 39 63 0 0 0 0 35 0 4 9 0 40 0 60 0 45 0 0 28 44 63 46 73 0 0 20 0 5 0 0 38 4 0 0 24 49 25
 33 0 0 0 80 0 0 17 0 0 69 20 35 0 17 31 0 0 0 0 60 0 0 68 24 0 17 0 0 0 0 36 0 0 0 0 76 24 0 0 0 0 2 81 32 0 0 0 0 24 12 0 0 7 0 0 0 0 0 53 61 0 26 0 0 8 0 6 2 75 0 3 0 46 0 46 33 0 86 43 0 0 0 0 47 4 0 42 0 0 49 0 0 1 5 0 0 0 0 0 53 0 0 86 0 0 79 58 0 0 0 6 25 17 6 0 0 37 9 0 45 0 0 38 0 2 0 73 0 0 0 20 0 0 0 9 69 24 0 0 0 0 0 0 24 3 19 77 24 0
 0 0 66 53 13 0 74 42 45 56 41 27 64 0 14 0 0 26 0 0 8 4 0 0 100 0 40 0 0 0 0 0 45 10 0 0 0 0 0 14 0 47 40 37 0 24 15 68 0 39 62 0 0 20 0 0 0 72 3 24 43 13 0 72 25 0 0 5 5 48 24 0 0 0 0 0 28 79 3 35 0 1 16 66 52 0 2 37 0 35 10 0 0 38 46 0 51 10 40 2 30 51 0 64 0 7 26 62 37 0 61 0 0 0 0 7 0 0 0 0 42 0 6 17 82 22 0 54 0 57 0 16 69 0 0 0 39 0 0 0 63 0 75 0 0 0 25 0 0 0
 0 0 0 0 71 0 0 0 34 72 0 52 21 2 16 6 0 0 69 67 17 56 0 4 7 14 40 82 0 13 2 0 0 0 0 0 24 31 32 0 18 5 0 0 0 39 11 0 0 0 0 0 0 33 0 0 0 10 9 0 0 0 0 0 5 0 38 66 0 62 0 59 50 21 0 60 11 0 0 0 0 0 0 8 0 0 0 9 0 28 63 0 0 0 53 0 28 0 0 21 67 0 4 10 0 18 0 40 0 0 24 0 33 77 0 34 28 0 0 0 0 8 61 0 0 72 0 39 25 0 0 7 0 0 28 62 17 52 24 95 16 14 0 17 0 1 13 0 0 0
 0 9 0 0 0 10 54 0 35 38 0 79 37 10 19 0 14 0 0 0 31 43 0 0 0 0 24 3 0 6 27 0 0 47 4 25 0 7 14 0 31 11 0 49 27 26 0 30 55 0 18 12 40 0 12 0 0 0 0 0 0 51 0 14 0 0 0 4 82 0 21 0 0 24 15 8 42 9 0 46 0 0 0 0 16 0 10 0 31 0 0 31 4 35 0 0 43 17 0 24 0 16 0 7 33 0 26 0 13 0 56 0 0 76 10 0 0 73 0 8 0 0 44 41 7 0 0 47 0 0 69 0 0 10 0 0 2 0 0 61 17 0 0 0 1 50 0 0 0 4
 6 0 0 0 13 11 32 13 0 32 19 0 0 15 66 15 0 21 0 0 5 44 0 3 2 0 0 13 0 0 0 75 0 0 75 76 51 32 89 0 0 0 1 0 43 0 0 0 45 1 49 0 0 0 9 18 0 79 0 0 18 0 0 0 21 19 0 0 64 0 0 5 0 0 24 0 0 0 0 0 45 10 51 0 0 31 0 0 10 16 27 0 34 0 0 0 85 50 13 35 75 0 71 4 30 0 0 0 16 40 6 97 53 42 33 0 35 61 0 0 49 0 0 0 0 17 38 50 1 36 0 0 80 82 0 0 0 0 53 0 19 0 0 28 20 0 0 29 20 23
 45 61 10 3 48 79 59 42 0 3 24 0 0 43 10 0 73 1 0 33 24 47 0 24 39 92 10 28 73 56 0 24 0 9 55 0 0 0 0 69 0 0 0 0 0 0 0 50 16 0 32 0 28 0 0 0 0 43 0 0 0 0 0 0 28 10 0 44 69 41 0 0 0 0 0 0 17 0 39 53 0 0 0 18 28 61 0 0 3 36 0 56 19 0 0 0 0 63 30 42 0 0 21 24 23 2 1 0 0 34 4 0 0 0 0 17 81 0 64 10 0 0 0 0 0 59 38 76 29 0 1 0 0 35 8 0 0 0 0 56 62 0 32 0 0 6 0 0 34 0
 4 0 0 0 1 0 75 55 40 50 0 70 1 0 17 34 0 34 0 0 0 0 40 18 28 0 0 9 0 87 80 20 0 6 0 0 0 81 14 0 0 0 0 0 17 39 43 29 33 48 0 0 0 13 0 67 6 0 0 13 0 40 12 59 0 0 31 22 0 46 14 0 31 0 0 2 9 17 92 17 0 21 4 0 0 26 21 82 0 0 37 45 23 2 46 0 20 0 79 0 49 50 0 15 0 42 0 48 57 0 0 0 0 35 10 0 0 59 0 0 41 0 40 0 0 0 0 0 0 0 0 36 79 71 55 64 55 53 40 71 0 0 30 29 95 0 0 48 22 0
 0 13 0 0 8 24 23 27 4 0 18 54 33 48 0 40 36 0 83 0 0 0 50 12 67 0 0 20 10 0 97 16 0 0 36 0 0 0 0 32 0 8 43 0 11 3 19 0 0 49 0 4 25 22 11 16 0 49 42 28 0 85 6 0 0 14 0 63 0 0 13 0 0 0 0 13 67 0 6 0 34 4 0 0 17 47 0 45 0 0 62 0 81 66 0 0 0 20 20 0 57 0 0 0 22 43 0 0 0 0 0 7 12 19 30 75 81 57 32 0 0 0 0 18 0 0 6 55 34 0 0 0 0 42 43 37 0 0 5 0 0 42 0 46 11 37 51 17 0 0
 0 0 0 28 44 0 51 46 5 59 0 0 23 32 29 0 0 0 0 0 25 83 5 0 28 6 45 0 0 0 0 81 0 73 42 0 52 64 0 21 0 0 87 45 0 0 0 36 30 6 46 49 27 66 0 0 84 0 0 4 0 34 0 0 44 21 52 87 0 9 65 0 63 0 0 0 0 21 0 26 0 0 0 53 0 0 10 0 0 43 0 0 18 0 17 0 11 0 0 0 80 22 40 0 53 10 4 0 90 4 0 0 3 1 35 1 0 0 20 0 48 74 0 0 0 14 40 10 0 0 56 0 0 0 24 16 9 0 69 1 0 34 65 0 0 15 62 20 48 85
 0 61 7 0 0 47 0 45 0 0 9 0 24 0 24 32 46 0 6 25 0 16 40 10 0 8 42 56 36 5 33 33 78 31 57 28 0 1 0 0 18 30 68 24 0 4 0 31 0 30 0 0 0 3 0 71 26 0 0 0 74 0 0 24 86 49 52 11 0 62 33 0 0 0 23 33 17 0 0 36 57 0 4 0 0 0 0 21 27 0 0 0 0 0 0 48 17 4 1 0 28 69 40 0 0 0 0 0 22 0 0 98 0 0 0 29 0 27 0 15 0 51 20 14 30 0 6 74 0 32 53 37 0 0 0 0 22 0 50 0 17 0 27 46 0 4 0 36 4 0
 0 0 47 0 0 0 0 0 0 0 13 0 0 6 16 0 0 0 0 0 2 0 22 68 0 37 0 27 0 0 12 0 0 93 4 43 0 2 0 0 7 0 0 9 40 0 21 16 0 0 8 0 0 0 20 0 50 0 5 12 9 67 55 87 48 0 29 0 13 0 0 0 40 28 87 6 0 0 2 0 34 0 1 42 0 0 0 0 0 4 35 73 0 9 0 0 0 0 0 0 31 13 25 0 0 0 56 0 28 0 0 0 0 89 69 55 0 0 22 0 8 11 0 0 0 16 62 32 19 0 0 0 0 62 60 47 0 1 8 21 40 26 0 55 24 0 91 2 0 9
 0 0 0 12 0 0 0 31 0 0 5 26 0 0 43 0 0 49 30 28 0 0 0 44 57 17 0 0 0 28 0 0 0 0 50 0 12 0 0 0 10 51 8 0 0 0 0 0 3 0 0 68 88 14 51 0 3 7 0 9 67 0 0 0 20 0 0 0 0 3 20 73 0 25 0 0 0 1 0 91 0 0 0 0 13 0 0 0 0 16 54 0 0 5 45 0 0 47 8 0 38 15 86 5 47 5 6 78 43 0 17 46 73 72 3 34 15 3 32 75 0 0 0 16 0 32 6 53 0 0 40 0 13 46 38 3 0 9 24 46 0 0 38 0 0 3 15 22 60 0
 3 0 0 0 26 39 0 58 0 0 76 0 0 0 21 83 0 12 0 15 56 31 18 47 31 76 0 0 22 27 71 87 0 0 13 77 0 0 1 81 0 31 0 0 0 0 0 0 19 0 0 0 7 0 0 30 44 0 4 51 0 0 57 10 0 0 0 4 0 0 0 17 25 0 12 2 0 3 48 0 0 57 9 14 15 0 60 0 0 20 0 52 4 16 0 0 0 0 43 0 0 17 0 0 0 0 82 2 0 86 0 16 12 0 19 47 8 23 16 5 0 0 6 0 19 24 9 0 10 74 0 0 0 0 49 43 41 0 0 0 31 32 0 56 18 0 16 0 35 0
 0 51 23 0 0 0 12 0 0 0 1 85 0 0 10 0 71 38 0 18 0 0 65 0 8 0 36 0 32 7 85 0 17 87 0 46 31 0 0 0 0 0 94 0 13 13 11 0 40 0 12 56 0 14 0 17 20 0 52 0 0 29 97 1 26 58 87 29 0 82 80 0 0 30 10 0 75 0 0 45 0 28 0 0 0 0 0 0 10 0 86 0 9 0 54 0 0 36 54 0 57 8 0 0 84 0 0 0 16 0 43 25 53 0 0 45 0 0 0 76 33 0 24 70 0 28 0 0 0 38 35 0 0 0 58 58 4 0 22 0 0 17 0 0 0 44 0 2 54 0
 0 0 81 11 55 62 0 46 0 0 0 0 78 36 33 43 0 0 60 6 67 0 28 0 52 0 0 0 18 0 6 0 0 0 14 46 12 58 27 48 20 0 47 0 0 0 0 0 0 12 57 6 0 0 20 0 24 5 39 0 13 0 22 0 0 27 0 61 0 0 0 0 21 0 0 75 0 3 0 0 15 71 0 0 0 0 18 0 84 4 60 0 22 71 0 3 0 0 33 54 0 13 0 52 38 0 29 0 0 50 39 38 0 0 28 52 0 84 29 0 0 0 0 68 0 53 0 0 0 0 20 67 5 18 0 65 16 0 0 0 0 6 0 0 51 12 0 57 0 0
 12 0 64 41 0 2 14 12 0 0 0 0 0 0 0 54 51 51 0 11 51 0 0 12 29 0 0 0 0 0 16 92 38 79 25 0 67 0 55 63 0 0 57 2 0 0 27 9 0 7 29 0 33 0 0 10 45 50 85 0 7 75 56 26 1 38 22 0 38 0 0 32 0 0 0 0 0 42 0 37 82 0 0 0 28 5 50 3 0 0 0 0 0 12 85 0 0 14 21 0 0 8 0 0 0 19 39 48 0 0 51 66 0 83 40 0 0 0 0 0 0 0 34 9 0 30 24 39 0 48 0 0 76 0 0 0 0 0 31 0 0 0 0 68 73 0 87 27 0 0
 22 0 44 0 96 52 0 0 0 0 46 0 4 0 0 34 90 3 0 0 10 86 26 25 0 5 32 26 0 19 0 0 32 76 8 0 67 0 0 77 0 0 0 83 0 0 22 0 0 7 0 0 72 29 88 0 22 53 0 73 0 0 18 43 0 26 0 0 0 0 0 0 8 0 3 42 0 0 31 0 0 34 0 38 85 0 64 1 61 0 0 24 0 0 32 0 72 0 0 26 0 74 19 71 89 0 0 0 25 0 0 10 15 0 8 24 0 83 45 0 22 34 0 0 68 33 0 0 0 36 24 0 8 0 0 0 23 34 77 54 22 0 81 26 52 30 33 0 5 43
 0 55 58 0 0 0 0 0 8 0 0 0 27 0 18 0 19 0 48 0 0 2 0 96 8 0 0 3 32 21 50 63 0 0 0 6 19 0 52 40 72 0 0 66 0 16 12 15 0 0 32 24 0 46 36 0 0 28 0 30 0 0 0 35 40 28 23 5 15 0 0 10 0 0 3 0 69 0 0 0 0 20 0 18 21 73 21 0 69 29 0 0 13 33 7 0 13 2 0 0 0 73 41 52 0 37 0 0 10 0 0 58 0 2 61 0 42 0 0 42 24 3 0 0 30 73 0 48 13 50 66 0 0 17 14 0 0 16 7 0 0 5 0 0 1 0 0 0 0 44
 0 68 0 0 0 53 49 0 40 0 12 0 0 50 0 46 31 0 0 0 0 0 0 52 0 0 0 4 5 24 0 57 0 23 0 0 21 38 12 32 41 45 0 63 14 6 0 0 0 0 0 36 0 0 7 56 0 14 0 0 0 15 0 40 0 9 0 84 13 0 1 18 49 0 0 24 0 13 0 0 0 0 1 0 62 0 22 0 0 6 12 19 0 0 18 72 0 52 0 0 6 37 55 68 0 5 0 41 0 0 0 0 16 0 0 10 0 32 0 0 37 0 14 0 0 58 0 18 50 44 3 16 0 15 36 0 0 0 14 10 0 0 70 82 7 23 11 0 80 3
 23 0 83 0 0 92 4 61 0 7 50 0 3 0 0 24 0 0 16 0 44 89 0 0 0 97 13 0 56 48 0 0 0 41 0 28 0 0 0 29 44 2 39 89 0 25 27 59 0 30 2 0 44 2 12 7 0 25 0 42 27 43 0 71 14 34 0 0 0 48 37 23 0 0 0 0 13 0 35 0 41 0 0 0 18 17 22 0 0 0 21 0 89 45 0 58 25 37 0 0 47 52 10 74 7 78 0 70 61 0 51 0 0 15 0 37 83 41 64 2 40 0 18 23 0 0 0 0 51 0 0 0 0 7 0 0 19 10 0 34 32 5 28 0 5 0 48 0 0 0
 0 0 11 88 0 12 0 42 63 0 0 0 59 27 38 4 42 58 0 0 46 0 15 0 0 7 0 73 4 71 64 0 0 0 66 64 9 9 0 0 0 0 0 5 0 68 0 0 23 0 0 0 0 21 12 0 48 0 82 27 0 0 49 0 0 22 0 0 0 0 0 0 24 0 1 0 42 6 32 0 18 5 29 39 6 0 0 0 0 0 0 0 0 12 14 0 0 0 52 0 42 0 0 11 21 0 0 52 33 8 0 17 0 47 0 0 0 37 0 91 0 0 60 0 0 63 0 3 2 82 0 0 0 57 13 15 23 0 1 0 0 51 73 0 0 0 0 4 55 3
 0 0 52 19 0 0 0 31 75 0 0 1 0 0 0 0 10 27 0 44 0 0 7 0 46 25 0 0 30 0 0 47 50 0 80 43 0 1 66 15 19 0 19 4 26 0 76 93 0 24 0 0 0 50 7 0 19 0 0 0 0 17 4 0 0 1 23 70 0 46 48 54 60 2 33 8 58 55 26 7 0 52 6 48 0 0 15 79 8 0 45 0 0 0 0 0 0 12 34 0 35 0 0 9 0 5 0 0 0 0 31 12 0 0 0 0 71 0 0 38 0 0 24 0 1 4 0 0 0 34 35 32 0 22 0 0 0 0 18 61 58 26 17 0 0 72 13 34 71 0
 0 0 0 0 0 0 24 46 46 0 0 0 0 15 0 70 0 37 0 0 50 0 0 26 0 0 0 37 41 0 0 12 0 12 19 25 0 48 4 31 0 0 0 0 22 90 0 60 0 0 11 0 0 0 45 47 0 16 23 4 0 0 83 7 0 45 74 70 0 0 0 0 0 39 0 14 25 0 14 0 0 0 0 0 0 0 65 0 74 0 1 7 38 0 18 19 0 0 0 42 0 6 0 0 0 0 0 37 58 0 0 0 26 0 26 6 0 0 1 0 23 20 0 0 0 65 5 0 0 63 0 81 11 48 0 0 0 0 74 9 0 39 35 26 78 0 0 0 0 0
 32 30 8 0 0 0 0 0 8 43 45 0 0 0 2 0 0 64 0 0 0 0 11 32 0 0 48 50 19 0 0 29 60 0 18 4 0 19 0 0 0 14 0 5 0 25 74 0 0 0 0 0 0 9 0 0 15 41 0 0 13 0 0 0 6 26 13 20 0 12 8 18 0 0 0 0 0 0 0 2 30 0 21 2 23 0 11 0 24 45 80 58 10 0 0 0 0 0 0 0 35 9 24 0 33 16 0 0 0 0 51 17 0 0 0 43 0 11 34 0 56 0 19 0 6 25 14 0 52 0 0 38 51 0 0 54 58 0 0 5 0 0 62 16 83 86 0 0 59 64
 0 0 0 0 41 0 0 0 0 0 0 0 0 3 0 53 0 0 0 0 0 67 0 2 0 31 0 31 0 0 45 0 0 0 24 27 42 22 0 29 0 95 0 2 0 0 5 12 65 6 0 91 54 0 0 0 36 0 47 6 64 0 55 0 0 0 0 0 50 0 5 25 4 0 0 35 10 37 29 10 0 9 33 24 0 68 0 4 0 63 81 0 0 88 0 0 1 19 21 0 59 0 0 0 0 33 0 41 56 0 18 74 0 48 13 0 0 0 50 0 14 46 13 0 0 76 0 0 6 19 79 67 11 43 0 0 4 3 0 0 0 3 0 0 35 81 0 0 18 1
 3 0 2 36 4 0 0 0 16 0 16 14 63 49 0 0 39 25 32 0 14 22 0 29 39 24 0 0 0 0 19 0 4 59 0 0 0 33 53 21 63 65 40 0 58 38 41 0 16 60 0 53 0 63 53 0 85 0 55 0 30 0 85 19 20 0 0 5 19 0 0 0 10 0 41 0 0 16 32 39 22 0 0 35 5 0 0 36 0 0 23 30 67 23 7 0 0 12 8 7 8 0 57 0 0 0 71 0 15 0 6 0 0 0 0 39 86 5 54 43 0 0 0 56 42 0 0 40 0 44 0 32 74 0 12 17 3 83 62 23 16 63 0 0 0 0 38 0 0 0
 79 0 0 0 0 78 0 0 11 0 0 0 0 0 0 13 0 0 0 8 17 0 57 0 0 31 67 0 1 0 0 0 0 27 19 32 86 0 0 0 18 7 0 23 0 24 2 0 0 6 0 0 0 0 20 0 53 0 0 0 0 71 0 0 0 27 59 73 0 0 58 0 24 19 37 0 0 43 45 8 19 0 40 37 0 2 0 53 14 0 0 12 0 0 0 24 0 20 0 0 3 0 0 0 0 49 0 0 0 16 4 0 20 26 0 54 0 19 69 22 0 23 0 11 6 20 0 28 10 18 0 89 0 49 0 0 86 66 35 0 49 27 31 40 52 24 0 45 0 25
 36 0 86 12 0 0 47 0 8 0 39 46 32 0 58 0 0 0 34 39 0 0 0 0 0 21 0 0 0 60 47 0 16 0 48 27 0 0 0 25 0 22 0 29 28 0 45 18 27 5 43 0 0 40 46 11 54 0 0 0 67 0 33 22 0 22 72 0 34 0 25 0 51 0 58 29 2 26 0 42 40 0 7 51 0 0 7 81 38 65 0 0 19 26 24 19 21 83 65 71 0 0 0 23 7 30 0 0 0 0 0 69 20 64 55 0 0 0 42 0 0 4 0 11 66 0 0 0 0 0 0 0 1 26 0 0 0 4 14 0 38 86 0 32 0 19 0 0 0 69
 0 6 34 0 0 10 0 20 16 0 30 26 76 0 42 64 54 10 50 67 15 0 0 9 46 17 0 28 97 23 0 0 41 20 0 7 0 0 78 6 0 0 27 17 30 4 63 0 0 34 21 54 0 57 34 10 0 0 0 34 0 0 25 0 0 0 27 0 36 0 7 0 0 14 0 20 0 75 7 0 54 0 0 83 0 0 22 0 30 0 28 56 0 0 0 0 0 17 11 0 83 0 89 0 0 89 0 42 37 0 4 42 0 0 5 4 0 36 0 0 80 0 0 0 38 0 6 46 0 0 0 0 0 80 0 0 20 0 0 4 52 45 18 0 38 0 0 14 68 35
 29 27 21 0 0 37 0 0 54 0 76 40 0 0 41 0 56 61 0 13 8 44 0 39 39 49 0 64 0 11 0 0 45 84 0 0 14 43 0 0 37 43 0 25 3 48 11 0 25 51 30 62 74 32 42 69 0 0 71 10 0 69 39 14 0 0 0 0 88 77 78 0 46 39 0 0 4 36 29 44 20 84 0 24 46 0 0 36 0 0 0 0 0 25 36 15 35 0 32 0 58 0 0 36 0 22 0 46 60 55 39 0 82 0 8 10 26 0 0 54 5 0 0 0 68 83 0 0 0 0 20 0 0 30 0 12 63 7 14 0 85 0 37 0 0 25 0 0 32 16
 0 0 21 1 0 22 0 0 0 0 0 50 0 0 39 1 0 89 8 0 0 62 53 0 0 0 40 0 27 0 0 0 0 10 0 79 0 5 3 0 0 41 0 0 0 34 0 50 0 25 0 0 0 47 33 0 45 0 0 15 0 0 35 0 18 0 0 28 0 2 0 58 0 0 15 0 3 0 0 0 3 0 17 0 0 0 0 0 0 0 0 0 0 0 0 0 14 14 0 0 0 0 0 54 40 0 0 32 0 23 0 11 0 29 25 0 32 14 0 10 48 0 0 0 0 27 58 0 0 91 25 0 0 0 0 0 13 34 0 7 10 49 68 23 0 25 0 0 36 0
 65 0 0 63 0 46 15 56 50 0 0 0 0 0 72 44 11 0 0 24 8 0 50 64 8 18 0 0 0 22 0 32 74 0 0 5 82 0 28 0 0 0 0 0 0 0 46 0 0 0 0 0 0 0 75 55 0 0 0 0 8 70 0 0 0 81 0 0 0 17 0 67 39 33 0 5 23 27 0 24 42 19 0 0 53 0 0 0 8 0 25 36 0 0 0 0 0 0 13 0 27 68 0 0 36 10 49 0 0 35 24 0 0 17 22 0 0 19 0 4 37 0 24 0 53 0 0 63 31 0 0 0 0 0 0 36 3 20 10 3 0 0 54 82 0 0 0 0 0 5
 0 25 40 17 0 0 43 51 0 0 16 0 24 0 41 0 0 0 51 0 0 0 0 33 5 16 38 0 86 0 0 9 0 67 9 0 0 41 0 66 74 0 0 62 38 0 1 72 64 45 0 0 0 22 0 26 34 0 19 74 0 0 0 26 56 0 0 0 0 0 0 71 40 0 0 0 34 77 52 0 0 23 0 0 6 0 0 0 5 0 6 56 2 0 0 0 0 0 0 44 75 1 8 59 19 96 44 0 47 0 22 35 17 6 0 0 14 41 0 57 51 29 34 0 0 0 10 24 51 0 75 30 20 45 21 0 0 0 43 90 0 0 0 0 0 0 65 0 36 70
 85 27 0 0 0 0 51 0 75 13 29 0 1 21 25 0 71 75 38 73 0 64 0 69 65 64 27 13 21 0 23 0 0 0 0 0 0 0 0 0 20 62 71 0 0 10 0 0 0 0 0 43 16 0 11 0 84 0 83 33 0 0 0 65 0 0 0 57 0 0 0 54 0 21 14 71 15 17 23 0 0 0 0 13 0 17 30 18 0 0 0 12 0 0 91 0 0 0 42 41 16 14 0 0 17 56 0 17 0 24 0 0 0 25 20 19 0 41 24 0 14 0 0 0 0 56 76 38 0 0 0 0 0 11 0 0 0 20 26 15 0 28 0 0 52 0 0 0 77 45
 70 0 0 0 0 13 0 0 4 0 0 28 0 12 0 0 66 0 16 27 0 0 3 68 0 0 57 0 0 64 0 8 23 69 0 45 52 0 0 0 0 0 0 7 69 0 0 55 17 63 18 74 20 51 68 87 2 14 0 0 0 0 0 0 38 0 0 0 42 78 0 0 0 0 0 0 0 7 4 0 65 0 0 41 0 0 0 0 38 0 3 41 4 0 0 19 0 0 0 0 3 24 0 0 63 0 0 4 47 62 20 0 10 38 51 0 26 0 69 6 0 0 0 0 0 32 23 2 2 0 0 0 53 0 0 0 2 0 9 0 0 0 9 0 14 81 89 4 0 0
 0 24 1 0 0 36 0 0 0 0 17 9 35 0 6 13 97 14 0 0 2 9 41 37 0 0 14 2 38 24 0 16 30 0 15 0 0 0 0 45 13 15 7 0 22 0 39 0 0 57 19 19 0 53 11 0 0 21 70 0 35 49 0 0 4 44 22 0 56 28 17 40 0 26 55 17 0 0 0 93 0 0 0 18 0 71 0 48 41 0 2 24 0 0 0 94 0 0 0 0 0 64 0 0 51 0 16 59 11 18 62 0 0 0 3 32 82 4 44 31 0 5 0 7 0 6 0 0 2 0 45 0 0 0 0 0 0 0 0 0 68 0 0 49 56 23 0 0 0 0
 0 0 75 0 17 0 24 57 55 4 0 0 16 16 13 40 46 0 29 0 47 0 1 0 0 90 50 9 6 0 0 0 15 0 0 0 11 58 48 0 0 51 0 0 2 0 15 0 47 68 30 0 0 0 19 0 0 45 53 72 28 21 27 0 0 37 0 0 17 0 0 0 28 0 71 0 9 0 0 66 0 77 0 48 0 12 86 0 12 8 0 0 49 0 73 0 0 23 0 20 0 0 0 0 17 28 0 0 7 52 0 0 0 0 0 0 0 43 72 14 53 83 47 13 2 16 0 35 45 18 0 25 0 24 60 0 0 19 0 0 0 54 0 0 48 0 0 0 0 0
 35 10 29 0 0 0 0 33 65 0 48 0 0 61 32 0 0 35 0 0 14 0 19 0 0 12 42 0 51 32 22 11 0 0 0 62 1 0 0 75 77 8 0 16 42 26 0 0 0 58 0 70 19 49 0 66 5 18 0 0 89 0 51 43 0 0 0 70 55 33 21 51 0 62 0 48 66 8 0 33 21 42 0 63 0 0 47 7 15 41 64 37 3 0 36 27 0 0 0 12 0 0 0 9 0 0 0 0 0 0 0 0 0 0 0 14 0 36 0 0 0 22 55 54 0 0 5 34 0 11 28 31 0 0 81 0 0 22 0 64 6 0 0 47 16 0 74 0 0 0
 0 0 66 0 7 0 0 0 0 52 0 0 0 0 0 0 32 0 0 0 0 0 70 49 0 3 0 12 58 0 0 0 59 0 17 32 0 1 0 12 37 0 0 5 0 40 10 7 51 0 34 24 0 30 0 22 18 35 0 0 46 36 30 0 0 0 2 0 32 14 0 82 0 12 46 0 0 33 27 17 0 32 0 7 0 0 50 0 0 36 0 75 0 13 73 29 42 53 18 40 16 0 0 0 57 2 9 68 0 0 0 26 0 0 51 0 0 0 0 74 23 18 14 55 0 0 0 0 0 0 0 52 0 0 2 9 29 29 0 33 38 26 0 0 64 1 0 22 0 0
 0 35 3 0 0 0 61 0 0 40 0 53 93 71 0 0 0 7 1 56 21 20 8 0 56 79 32 6 47 0 0 12 65 0 35 0 0 0 0 0 70 57 51 0 0 0 14 0 0 18 0 0 0 0 13 5 7 32 46 0 0 0 30 0 0 38 78 0 0 0 49 0 57 4 12 25 3 77 32 26 23 36 4 0 0 0 0 7 0 18 0 0 28 0 14 59 0 7 13 7 12 17 0 0 0 0 0 0 49 0 0 63 46 18 0 0 0 33 0 14 0 41 16 0 0 0 0 0 54 7 0 55 0 0 0 8 20 14 39 0 0 0 0 0 53 0 0 0 0 64
 21 44 0 6 0 0 0 0 0 27 3 0 0 34 0 0 0 0 17 0 0 0 35 4 0 97 0 14 16 0 17 72 0 0 77 0 0 39 0 0 0 0 0 2 60 0 73 25 0 12 0 12 0 74 39 0 0 51 37 83 0 72 15 91 0 18 25 0 0 55 0 0 6 0 0 42 0 0 96 0 35 23 0 1 0 0 26 38 0 88 0 0 0 33 0 0 8 2 0 57 0 0 50 30 0 45 13 28 54 31 49 63 78 0 0 0 0 82 17 8 0 0 0 0 0 0 0 0 3 0 15 7 0 0 0 3 0 0 62 22 0 45 31 0 0 0 25 65 46 0
 2 21 0 86 0 66 44 0 11 13 0 45 18 0 0 28 61 0 35 0 57 42 5 5 0 0 4 0 0 37 13 0 0 0 0 73 0 36 0 19 0 15 0 4 73 72 0 8 0 74 45 13 56 0 0 0 52 0 0 15 79 63 29 0 29 0 0 0 25 16 0 0 7 0 0 0 0 0 0 0 0 47 0 62 0 7 17 0 32 0 16 0 0 0 0 32 5 0 0 10 0 45 89 0 10 86 20 0 34 17 80 0 48 0 47 0 0 0 22 23 9 0 0 0 52 0 22 9 0 0 0 0 63 0 7 14 0 13 20 57 0 0 0 0 0 39 0 79 0 70
 3 0 0 10 20 35 27 27 0 0 0 61 0 0 21 7 43 0 0 0 11 0 0 0 36 34 3 0 0 8 0 0 0 7 25 28 0 0 0 0 0 0 0 0 0 0 0 76 59 0 0 89 42 16 0 20 20 19 0 0 22 32 0 0 5 46 24 43 0 15 31 0 0 39 23 73 30 61 0 0 64 41 25 63 9 0 0 47 7 35 0 0 12 0 0 0 0 0 72 6 0 0 0 0 0 53 0 11 0 0 0 60 31 24 0 45 0 0 52 0 13 0 0 44 3 0 0 3 0 0 63 0 0 11 0 83 0 11 0 0 19 0 0 85 0 0 0 0 0 0
 0 72 0 0 1 76 71 0 0 97 0 21 0 0 54 0 0 34 43 12 0 79 23 2 43 0 11 53 65 0 11 0 0 0 38 60 0 8 0 17 0 4 16 62 0 0 0 45 80 0 0 0 1 4 36 75 42 14 0 32 29 0 0 0 64 0 97 0 0 0 45 13 0 0 28 0 0 0 34 9 39 72 0 6 56 0 14 0 0 0 0 73 60 0 0 0 27 35 0 30 0 51 0 11 70 29 15 51 0 29 0 0 13 0 77 0 0 33 0 38 0 0 22 28 0 3 65 53 12 0 0 0 38 0 41 2 0 0 0 8 57 0 24 55 0 19 0 21 0 0
 7 10 0 0 0 6 6 0 30 0 10 78 46 0 0 50 2 80 0 0 14 23 35 0 0 0 0 67 0 0 0 0 0 64 18 0 0 0 44 6 0 0 57 9 0 0 0 51 0 0 26 29 40 0 21 6 0 12 4 54 0 6 62 20 3 0 41 14 0 0 15 0 39 25 0 0 0 0 44 7 42 0 31 0 0 32 54 0 1 56 0 0 0 0 41 58 0 58 46 0 22 82 7 0 0 28 28 0 0 0 76 79 0 0 0 0 8 0 0 49 0 0 0 47 29 14 23 22 76 0 16 87 45 64 15 0 0 0 0 0 0 58 52 0 0 0 0 49 45 27
 42 0 15 0 0 9 0 0 0 0 22 0 86 92 11 56 0 0 18 0 66 0 62 0 0 55 0 0 0 27 92 70 5 0 26 16 38 29 0 10 0 0 12 31 2 41 51 0 0 26 0 0 0 68 61 38 46 0 0 0 0 0 6 59 0 33 3 6 70 0 66 0 0 0 11 0 0 0 0 0 68 0 0 0 0 86 0 0 28 0 59 90 4 60 15 11 15 0 36 0 0 0 5 50 0 0 56 21 18 38 0 0 8 0 28 0 0 69 2 9 0 0 65 0 47 0 0 53 0 6 0 0 0 0 44 9 81 0 0 0 37 0 0 41 0 82 26 0 14 0
 0 51 0 30 4 0 60 34 4 0 0 0 0 56 0 2 48 0 0 0 73 0 25 0 0 0 38 63 0 0 16 0 0 29 0 53 0 11 80 82 81 5 0 50 0 38 0 20 61 11 3 43 0 0 0 8 43 0 0 16 0 0 82 0 0 0 14 0 6 92 43 0 0 19 0 77 76 14 0 3 0 0 0 0 0 12 0 35 42 0 0 0 36 0 0 0 0 0 27 0 0 36 26 30 0 0 0 6 0 7 0 0 37 62 77 0 0 64 0 33 1 0 0 0 15 0 26 1 0 33 0 3 0 0 7 52 0 19 26 0 8 39 0 0 34 23 0 27 71 0
 0 0 0 0 0 0 78 51 39 46 0 8 40 0 0 0 30 0 33 0 0 13 0 58 0 6 0 30 56 0 0 0 0 1 0 2 0 62 0 45 14 0 0 41 0 12 0 0 30 0 0 0 0 10 34 11 54 37 0 43 0 36 0 6 31 0 0 0 0 0 66 0 21 0 1 0 0 0 25 28 0 0 0 58 0 0 0 26 0 0 0 53 1 40 72 0 14 0 55 1 0 3 51 31 0 5 29 43 48 0 0 83 26 0 71 0 51 0 8 0 0 37 24 36 76 0 7 10 3 0 0 0 98 0 0 53 8 0 10 49 0 13 26 0 0 6 0 27 25 0
 15 0 32 0 62 0 0 5 15 0 57 9 14 42 30 46 0 2 0 88 0 8 79 0 37 0 2 0 56 59 15 65 25 6 0 0 10 98 0 66 0 0 0 4 0 80 0 0 15 4 7 18 14 0 0 0 0 11 0 46 0 0 13 70 93 32 0 64 18 10 61 12 0 20 0 2 0 0 0 89 0 0 0 19 0 0 26 0 0 0 0 0 0 56 0 0 0 0 81 0 50 0 66 0 69 17 0 0 0 72 0 66 75 19 0 37 0 0 42 0 0 0 0 0 0 55 0 57 0 0 0 6 12 17 0 0 33 38 24 47 0 52 0 25 0 10 7 5 0 0
 0 0 0 5 18 8 31 1 0 0 0 89 0 0 0 28 46 0 13 13 0 23 0 16 16 0 53 22 12 0 28 0 11 0 6 0 17 0 35 0 20 0 2 0 0 9 48 0 0 0 0 23 0 79 0 0 20 9 48 0 25 55 0 0 0 67 37 0 42 39 0 79 11 0 9 0 0 21 0 7 0 0 0 46 30 32 0 10 77 23 5 0 33 0 0 0 0 43 0 0 0 0 34 21 55 0 73 0 54 0 5 0 28 0 0 1 0 4 22 44 45 0 0 65 0 16 0 26 0 45 29 10 49 0 0 45 10 0 0 56 8 0 0 2 0 78 1 0 28 57
 0 26 0 8 57 48 0 67 20 30 0 31 42 0 0 0 0 0 0 0 60 11 20 0 64 0 0 33 50 16 35 23 46 0 0 13 0 20 18 49 1 38 46 2 0 0 55 24 10 0 85 0 0 18 0 45 0 74 0 51 0 0 0 13 66 0 6 0 9 0 42 0 4 75 0 15 0 69 24 0 0 0 7 0 23 0 42 0 10 0 0 0 13 8 0 0 0 0 0 0 20 0 24 0 39 0 0 0 0 15 0 18 73 0 44 0 0 0 30 4 59 42 11 18 0 6 44 0 0 0 74 45 0 0 0 2 0 0 89 0 16 53 0 47 65 52 44 0 29 19
 21 6 0 0 0 0 5 37 9 22 31 7 0 16 59 0 19 0 7 0 31 0 0 18 63 38 0 0 10 42 61 8 0 0 5 0 0 45 13 0 0 29 1 0 0 3 82 13 0 0 0 64 29 0 4 36 0 33 0 0 49 0 0 5 27 0 0 41 0 21 0 79 0 1 33 0 11 0 67 10 75 0 0 0 0 0 0 7 0 0 0 46 16 0 37 0 40 11 1 0 1 0 0 65 0 14 78 0 0 0 22 0 0 0 0 0 0 0 85 14 0 0 53 0 0 0 0 0 0 46 0 9 28 0 0 21 76 0 0 0 0 0 2 29 21 6 17 0 0 89
 45 0 0 0 0 0 0 0 92 51 47 0 0 42 0 56 0 0 14 32 0 0 56 0 22 0 0 28 78 0 0 32 0 0 39 0 37 0 66 0 74 0 12 47 0 0 21 0 7 48 0 0 9 3 0 39 0 12 0 4 0 47 0 0 6 0 50 70 42 0 21 0 8 0 3 75 0 0 19 0 0 30 26 34 0 0 0 16 0 0 0 32 0 48 0 12 0 12 0 0 0 22 0 1 29 19 0 0 81 0 0 78 0 0 0 32 0 0 18 0 0 0 0 33 22 0 0 0 0 0 0 12 0 0 29 14 0 0 0 15 0 0 0 34 27 0 43 0 8 0
 32 0 0 0 1 0 0 0 0 0 4 0 0 35 32 48 8 22 0 22 0 75 0 0 0 0 0 40 0 0 0 26 0 84 35 11 0 38 35 7 0 0 0 0 0 0 5 0 55 70 0 35 0 0 0 0 0 80 30 0 0 30 0 78 14 0 14 6 28 0 53 15 26 32 0 4 13 40 58 17 0 43 1 0 42 0 34 54 22 0 0 49 0 0 0 0 0 60 0 0 2 0 22 60 0 32 0 0 7 42 0 0 0 0 0 0 24 24 0 0 12 54 13 0 0 51 0 0 0 30 0 6 0 0 8 0 42 0 0 79 0 0 0 0 0 4 0 0 45 43
 0 51 26 28 34 34 58 14 0 0 0 0 0 17 84 0 0 7 0 0 27 51 0 45 0 7 0 2 33 0 29 0 51 25 0 0 83 0 0 43 1 0 64 0 0 20 10 0 0 0 0 0 0 8 0 0 0 0 54 33 0 0 0 5 83 0 7 60 14 0 10 21 0 0 4 51 0 64 11 0 60 0 71 0 43 0 0 41 0 35 0 0 0 0 63 68 89 72 33 0 12 48 4 85 11 0 39 69 0 52 46 2 0 39 0 26 0 0 13 0 0 0 0 0 16 0 25 0 11 0 6 0 16 0 88 42 0 0 1 0 27 17 0 0 29 0 0 0 9 0
 0 21 0 0 0 24 46 31 25 0 0 0 0 48 9 0 40 0 0 0 0 0 73 0 0 30 60 66 0 0 0 69 16 0 45 0 9 5 31 0 13 21 0 0 0 0 17 0 0 0 21 0 0 74 7 0 0 0 63 32 70 0 0 0 34 8 0 0 18 23 0 28 46 0 0 0 0 0 24 15 0 0 3 0 3 15 13 0 16 0 0 0 38 10 65 0 1 15 33 25 0 0 28 22 7 0 64 0 0 0 0 13 16 0 0 13 63 0 0 0 9 65 0 23 29 31 0 1 28 0 15 50 0 8 0 0 0 33 0 7 0 52 0 0 0 0 0 0 0 0
 24 63 16 0 0 0 0 0 0 0 0 0 41 0 45 0 0 0 19 11 0 0 23 0 0 16 0 73 0 0 14 0 0 44 0 21 0 88 0 31 14 33 69 10 0 7 0 0 0 0 0 4 0 38 0 41 0 13 0 0 0 0 0 7 6 44 0 0 8 0 0 0 0 9 0 6 0 8 0 83 0 0 12 52 0 0 0 0 0 0 1 8 13 13 0 0 0 24 22 16 3 0 0 22 0 0 0 0 3 0 0 0 73 0 0 0 0 20 25 0 0 0 5 1 62 39 0 47 6 0 0 40 42 0 0 36 29 8 0 0 7 0 0 0 0 0 0 43 58 14
 0 31 0 0 49 18 33 45 53 9 1 0 0 43 0 30 29 0 8 5 11 21 0 19 29 30 33 0 5 80 0 69 0 0 34 55 43 0 0 85 18 14 0 0 3 4 0 62 0 0 0 0 0 0 0 79 27 0 25 37 0 67 0 0 4 0 0 0 0 45 23 69 43 68 0 14 19 0 39 73 77 0 0 66 0 0 0 0 0 19 32 25 67 15 0 11 0 0 0 0 56 58 8 53 8 0 35 0 0 51 0 61 0 28 0 0 13 0 0 12 38 0 0 0 5 0 58 29 0 3 0 51 39 23 0 0 0 0 0 0 40 0 30 35 48 25 16 11 0 58
 8 18 0 0 16 10 0 0 0 11 0 27 0 0 88 51 0 0 10 6 0 0 0 43 0 57 40 0 29 0 0 33 81 12 75 0 0 0 12 0 0 24 4 0 0 6 11 0 10 52 54 5 0 28 0 0 30 91 47 0 0 0 0 0 0 0 0 43 27 2 12 9 6 50 71 0 0 51 38 5 76 54 20 33 46 0 0 0 0 0 10 40 0 0 0 0 0 0 0 0 0 18 0 0 0 0 0 0 8 0 53 0 39 11 17 19 68 0 0 7 0 0 11 17 60 47 34 46 0 49 0 84 36 64 0 0 32 0 0 18 0 54 0 0 28 76 25 17 0 92
 0 84 0 0 67 57 42 5 0 39 20 0 0 48 0 0 55 0 0 0 24 0 8 38 0 57 1 0 29 0 47 23 0 0 2 0 9 84 3 43 60 0 37 0 0 42 0 0 38 0 0 17 3 0 17 7 65 61 3 4 34 28 0 2 52 0 9 0 31 48 43 57 61 0 12 0 0 0 0 0 35 0 43 0 67 60 0 0 14 42 28 0 0 0 0 18 0 68 31 35 0 0 1 9 0 49 0 48 0 1 0 0 18 24 0 1 49 0 0 0 40 25 30 0 54 0 62 0 0 21 11 6 0 0 0 0 29 69 0 0 0 0 0 0 23 0 15 53 0 8
 3 0 0 0 0 0 56 0 0 0 3 27 22 0 0 0 22 0 0 0 0 79 40 16 0 0 6 36 0 32 67 0 33 0 42 0 83 47 16 0 0 86 8 0 0 54 0 0 0 0 0 0 0 89 11 54 0 0 0 0 0 0 12 0 0 0 0 55 80 45 0 0 0 14 17 0 8 27 36 0 0 0 33 69 0 0 0 0 0 0 0 13 0 35 68 19 0 0 47 0 60 0 24 69 0 39 27 35 30 13 0 19 6 0 0 32 0 70 0 0 0 20 0 0 0 0 0 0 51 14 0 0 48 5 31 18 0 3 48 0 34 0 63 8 11 21 0 29 15 0
 0 11 0 21 0 21 53 0 1 20 0 35 0 0 0 60 0 9 44 50 25 0 22 0 0 16 0 12 0 27 0 18 15 15 0 0 10 35 0 0 0 0 0 0 74 53 0 4 0 67 5 62 0 32 0 0 7 95 31 35 46 2 15 12 84 0 0 85 21 7 75 61 0 0 80 23 0 0 0 24 27 0 0 73 29 0 0 0 74 48 0 0 0 12 49 0 38 0 17 0 0 0 24 0 0 0 0 0 27 0 0 0 0 0 86 21 17 0 0 0 90 30 57 36 39 65 0 0 11 46 37 0 0 44 0 52 0 0 20 0 0 63 74 0 37 0 0 18 0 86
 7 0 25 0 33 3 0 0 6 0 54 0 14 0 0 48 0 46 63 0 0 32 0 0 53 70 45 0 0 0 0 75 33 38 50 22 14 51 0 11 0 29 0 25 13 79 13 0 10 0 48 8 7 16 42 78 0 34 0 0 70 50 9 4 0 27 42 0 0 0 29 20 0 11 1 69 5 27 0 38 52 34 0 68 10 18 61 0 20 0 55 38 31 70 81 0 0 10 0 25 29 2 14 0 0 0 42 0 0 9 0 0 0 25 65 0 0 0 38 0 0 84 55 0 0 1 0 22 0 0 0 6 0 32 0 45 0 14 0 0 13 42 57 0 0 0 0 34 62 0
 0 0 0 0 0 65 0 13 0 0 0 0 0 68 0 0 30 0 0 0 0 0 0 4 0 6 0 16 45 0 5 0 10 17 67 0 53 0 0 0 0 0 0 18 0 0 0 18 36 27 0 0 6 6 83 35 0 91 18 0 0 0 19 0 0 3 0 0 8 14 36 0 3 0 10 2 0 39 0 64 18 66 47 75 18 0 55 5 0 43 0 31 27 63 0 10 56 69 26 48 0 0 0 0 0 50 7 0 9 23 80 62 0 14 0 4 0 23 12 0 23 0 18 0 74 0 0 20 13 46 14 0 43 83 0 0 0 0 5 8 0 0 54 0 0 0 0 75 23 68
 0 0 9 0 7 0 16 79 65 0 0 0 51 0 0 8 0 0 0 0 12 20 0 0 0 0 59 34 11 0 0 33 0 26 32 11 17 20 0 0 28 62 16 21 0 0 28 0 0 0 0 31 0 21 52 34 0 42 0 4 0 30 0 0 20 0 49 16 10 0 0 21 0 13 0 0 0 0 7 22 75 12 77 45 29 37 0 56 0 11 45 17 0 0 13 11 0 0 0 0 0 19 0 0 31 0 19 9 0 0 0 66 0 2 0 0 0 2 18 0 0 25 0 0 0 0 32 0 0 36 40 22 31 28 0 0 0 26 0 0 78 13 0 1 22 0 58 77 2 50
 0 10 66 0 0 81 0 0 6 63 16 0 16 53 11 0 26 5 22 0 58 0 13 56 0 29 0 0 0 50 73 28 0 33 46 36 0 0 27 0 0 22 3 75 0 0 0 19 34 0 0 0 7 6 0 0 38 0 0 0 0 13 40 56 0 0 29 0 0 0 22 36 0 0 15 46 0 65 0 3 55 51 0 11 0 0 27 5 34 0 0 29 32 0 0 0 23 0 0 0 59 74 0 40 67 0 1 9 0 29 49 41 31 40 0 0 2 0 13 18 15 5 0 73 0 0 0 28 0 0 42 0 0 0 9 0 0 0 64 0 0 22 37 36 56 5 36 27 3 0
 13 0 0 0 56 7 0 62 41 7 0 16 0 0 0 39 5 50 20 63 0 32 67 9 0 0 54 0 0 5 83 0 19 0 0 0 33 0 65 1 0 0 79 26 39 82 0 0 15 2 0 1 59 41 44 60 26 7 13 0 0 0 0 0 3 0 16 0 16 92 60 30 0 78 33 25 38 0 7 36 0 24 0 82 0 13 0 0 27 16 0 0 0 37 80 0 20 0 0 18 0 60 0 0 37 44 4 64 0 1 0 0 11 0 46 0 0 0 0 16 0 0 28 29 0 0 0 0 40 0 14 39 3 44 0 0 38 0 35 0 16 0 45 35 0 0 41 0 1 10
 0 0 0 0 0 0 0 18 0 3 15 25 13 34 0 0 38 53 3 15 0 0 13 0 0 0 17 0 48 0 0 12 78 0 0 33 0 0 33 0 65 0 0 48 0 0 0 0 0 5 23 0 69 43 0 0 12 0 0 7 0 42 61 14 0 7 55 13 0 16 17 3 0 45 5 38 91 10 77 0 0 0 0 38 36 0 70 0 47 12 97 0 0 0 0 0 0 10 0 0 0 0 40 0 0 0 31 0 9 0 45 31 0 2 0 0 22 42 66 27 0 0 0 73 0 26 0 5 86 2 61 0 0 0 67 0 17 8 17 3 0 0 0 0 0 13 7 55 0 22
 47 18 21 0 14 45 0 40 73 0 0 0 43 32 0 26 8 48 25 0 0 1 0 12 36 25 0 14 0 0 1 16 65 0 51 0 23 0 12 0 9 0 5 68 32 0 0 20 0 0 64 0 5 16 0 0 0 0 0 46 0 0 26 11 63 9 0 25 0 72 0 25 31 4 0 0 0 96 40 0 0 0 24 0 24 0 0 0 0 15 13 41 0 0 25 34 0 29 40 24 0 7 0 21 0 0 0 7 29 0 0 69 0 0 75 0 0 90 5 0 0 0 0 40 0 0 0 7 16 14 83 0 0 56 29 0 51 62 0 44 1 39 0 28 90 1 12 0 7 79
 0 0 7 0 0 0 0 82 0 46 5 79 0 19 0 14 0 0 7 49 10 0 59 13 51 3 0 0 0 0 0 0 84 1 28 0 0 0 80 77 0 64 0 85 39 0 0 7 0 3 0 79 47 35 81 0 50 0 5 0 0 18 0 11 28 0 0 15 0 0 0 42 0 0 0 21 29 17 0 0 0 8 80 85 1 0 0 26 0 34 51 59 56 2 0 9 8 0 0 0 0 26 8 40 0 0 0 19 0 0 10 0 2 11 22 0 0 46 0 0 55 10 9 0 0 9 0 40 32 0 0 0 0 0 5 19 0 0 0 29 0 0 0 0 0 25 40 13 12 0
 76 0 0 0 0 40 31 0 50 62 0 0 0 0 0 53 0 34 0 3 9 0 0 0 0 84 0 36 49 0 0 74 83 0 0 0 16 0 0 52 0 27 0 0 18 2 22 0 0 81 0 93 0 34 35 43 14 21 55 10 72 0 82 0 7 1 60 0 0 21 0 0 36 0 6 0 79 38 0 0 0 6 69 0 0 0 0 19 15 0 23 20 0 0 47 0 18 0 0 18 49 66 16 44 0 0 37 0 0 0 62 70 41 0 45 0 0 49 0 37 85 28 0 0 46 0 0 26 0 19 0 0 10 0 21 91 0 26 52 0 0 0 31 0 0 0 0 4 0 0
 62 0 44 0 0 19 24 0 0 0 33 58 0 0 7 20 29 15 55 0 0 58 93 0 0 0 26 29 1 0 88 0 13 16 0 3 0 5 0 0 0 0 32 0 30 0 71 9 0 70 0 16 0 5 35 77 0 16 79 0 0 0 0 3 71 8 6 0 0 51 0 38 31 22 0 32 62 0 0 47 1 35 24 0 0 0 16 0 5 0 25 0 30 0 80 69 63 0 50 50 0 51 0 0 17 83 0 0 35 39 60 0 0 0 17 0 0 0 6 0 3 0 0 0 0 67 76 14 21 0 35 0 0 0 55 0 38 32 74 11 0 63 0 0 46 0 0 0 0 37
 64 44 0 0 0 35 0 16 0 0 41 37 0 15 0 44 17 0 5 2 9 55 0 44 51 41 40 30 12 19 49 74 0 45 16 93 36 0 15 25 6 0 0 61 9 0 21 62 79 0 0 84 0 27 56 42 89 0 0 4 0 0 0 34 0 26 13 0 0 4 1 10 68 11 45 0 29 0 56 95 0 46 0 0 40 6 0 0 13 43 73 0 0 18 0 36 57 3 53 34 67 0 0 0 0 56 11 0 13 0 14 0 49 0 0 0 11 39 24 16 66 23 31 0 0 31 40 0 0 19 0 18 0 0 0 56 13 81 19 66 0 51 0 40 11 33 44 0 0 0
 24 12 11 0 0 0 4 0 0 51 0 0 6 73 0 20 12 0 30 0 55 58 5 43 0 0 0 0 50 0 23 0 0 3 48 72 48 38 15 0 0 25 0 11 57 60 0 0 28 26 0 4 0 0 1 60 4 32 16 8 16 0 12 0 0 88 0 6 0 22 0 19 12 68 0 63 5 0 0 11 24 15 8 18 0 21 0 35 0 0 16 28 0 0 0 0 22 13 0 0 9 0 1 0 0 2 66 0 0 12 17 0 0 0 0 10 87 59 0 2 58 8 32 15 55 0 0 18 0 0 46 0 0 45 0 21 0 0 0 71 41 0 65 0 2 2 0 0 0 0
 48 56 0 14 0 38 71 47 28 0 3 14 39 64 44 0 0 42 15 0 0 0 0 12 0 33 0 0 0 17 0 25 0 18 0 33 0 31 0 28 0 0 0 3 0 5 16 0 0 0 0 0 75 0 8 30 18 20 37 0 79 0 0 0 31 63 0 0 15 13 13 27 0 0 0 0 0 0 0 0 82 11 0 68 52 0 0 24 6 42 0 0 20 73 30 0 0 23 0 63 28 8 0 16 51 0 0 32 58 54 32 0 0 0 58 0 0 28 0 0 0 58 50 50 0 0 53 38 0 0 38 3 33 0 32 4 65 0 24 32 0 0 0 0 51 0 0 0 45 27
 4 0 10 0 97 15 0 0 0 37 0 28 0 0 0 35 0 0 0 0 0 0 0 53 0 1 85 0 0 0 0 22 0 55 0 0 0 0 0 10 1 77 86 0 0 25 93 0 0 51 0 0 0 15 0 42 0 2 65 14 49 0 0 19 3 0 91 0 0 0 0 0 6 50 0 44 32 0 0 0 15 56 0 0 0 72 0 2 50 76 63 0 5 28 0 0 28 12 87 0 0 13 20 0 30 0 0 0 0 74 36 6 0 0 0 0 83 6 55 0 0 17 0 0 3 0 0 0 29 0 0 11 0 22 0 0 0 0 0 0 0 0 0 41 0 0 47 0 11 0
 0 0 56 5 39 39 0 0 0 51 0 2 40 35 65 5 73 70 57 0 0 0 10 17 0 0 0 0 0 94 77 75 47 79 24 26 2 0 33 0 36 14 20 42 12 0 16 56 0 3 0 52 21 9 15 0 0 8 26 0 0 0 0 0 0 0 0 1 97 16 0 3 52 37 5 13 38 31 0 0 14 48 0 67 32 0 0 65 16 0 35 0 56 0 0 0 27 0 8 78 41 0 0 43 0 0 1 0 20 0 5 0 0 0 0 0 23 0 85 0 38 48 0 0 0 46 0 0 42 18 21 35 0 28 0 0 81 0 0 12 0 33 39 0 0 0 22 0 25 0
 16 0 50 0 73 67 44 0 41 0 8 0 0 14 0 0 0 0 0 17 0 0 7 0 0 0 8 0 82 0 0 0 0 0 0 10 0 55 10 79 40 0 0 0 0 54 0 0 0 0 70 0 0 77 0 0 0 0 29 28 9 0 0 20 45 91 15 0 61 37 11 0 27 0 0 26 0 0 39 0 0 29 56 0 95 0 80 9 0 21 60 12 23 0 50 0 0 0 50 0 92 0 0 25 0 0 54 0 0 26 46 24 73 10 17 24 65 0 0 4 0 0 0 0 41 28 35 0 27 8 4 0 0 0 56 0 0 0 0 0 0 0 0 0 5 30 12 65 0 0
 0 0 0 0 0 0 26 0 51 0 0 3 21 28 65 0 5 0 0 0 9 23 48 0 0 59 0 61 2 0 19 0 0 0 0 0 0 0 0 0 0 0 0 72 3 0 0 44 39 67 62 1 25 53 0 0 0 0 0 57 79 54 0 91 0 11 0 0 16 0 0 8 7 27 46 0 75 0 50 45 0 0 6 68 58 0 34 0 0 0 80 0 0 0 0 24 39 0 0 11 37 3 30 0 27 26 39 0 88 23 0 59 0 87 3 0 0 0 20 20 12 65 32 13 0 17 14 21 97 0 0 0 13 5 19 0 3 42 55 29 13 25 24 0 0 24 0 0 0 0
 0 50 7 12 25 0 60 0 20 0 30 51 0 74 0 0 74 0 8 59 4 0 0 6 82 0 32 0 0 15 56 0 0 0 0 1 2 72 14 0 0 0 0 8 13 1 0 63 0 22 15 0 55 16 55 0 79 54 14 54 72 38 86 0 0 56 31 0 0 0 0 0 0 0 10 22 0 0 0 77 0 27 0 0 0 0 39 0 6 24 0 28 0 0 31 25 0 12 0 25 59 0 85 0 0 0 0 57 0 0 0 0 0 0 85 77 55 52 0 0 59 28 8 0 0 0 20 0 20 0 39 0 0 0 0 0 64 0 44 0 0 54 78 57 0 76 0 0 42 51
 0 0 89 0 10 0 87 1 0 0 0 27 0 0 42 85 18 0 38 15 0 0 0 0 0 0 0 0 0 0 13 26 6 57 0 46 38 0 1 0 0 0 0 0 0 14 63 14 63 17 0 71 0 0 36 0 17 43 28 73 0 6 64 0 78 70 0 12 0 0 0 32 0 77 0 0 0 0 0 0 0 64 0 0 16 19 64 49 0 23 35 0 0 0 63 41 80 0 2 0 0 15 13 54 0 0 6 0 0 29 57 52 0 42 51 35 45 10 71 0 32 0 0 18 0 0 88 0 14 9 25 0 0 0 0 23 32 82 14 0 0 0 0 0 0 59 22 32 0 0
 0 0 0 63 0 89 0 0 71 0 74 0 1 0 36 0 0 0 14 92 26 62 29 21 8 4 0 0 0 21 0 0 4 65 0 66 0 0 45 0 13 57 0 0 26 46 0 48 20 69 0 13 40 0 0 0 0 0 0 0 34 0 33 53 0 23 0 52 71 15 8 0 0 0 21 0 3 0 0 1 0 7 80 62 21 75 56 0 0 0 72 48 30 93 0 49 18 0 0 12 77 0 9 6 91 21 0 26 0 45 0 12 44 0 73 70 0 5 14 0 23 1 0 56 0 0 0 50 49 0 0 4 27 43 64 24 8 31 0 41 0 3 49 24 12 0 28 0 24 0
 0 0 0 0 0 22 0 0 53 33 60 39 5 69 0 0 0 29 8 28 0 0 63 23 0 0 23 46 0 0 0 0 23 8 0 40 74 22 0 54 0 0 0 31 0 20 0 0 34 0 0 0 0 24 0 0 0 22 22 0 24 0 1 0 0 0 0 0 18 17 0 0 4 25 0 0 0 60 46 60 33 3 0 0 18 74 0 46 47 0 91 53 46 47 0 0 0 90 67 26 38 0 28 20 0 90 0 0 28 0 0 0 0 79 32 0 36 45 0 75 0 30 0 69 76 19 0 7 0 22 16 78 0 44 0 23 0 0 44 52 0 0 0 76 0 30 25 24 23 15
 0 57 54 0 21 0 0 59 35 3 19 0 0 36 0 0 74 0 65 22 13 0 0 0 0 13 0 56 0 9 52 0 36 0 0 0 19 0 0 8 79 23 8 12 19 98 65 16 0 18 10 65 32 88 0 0 27 19 0 31 30 0 61 0 0 9 0 0 0 79 0 60 0 25 0 7 44 0 0 9 0 20 24 0 20 0 0 0 0 0 0 35 14 0 14 0 0 58 25 0 0 0 12 0 38 18 18 38 0 57 49 0 6 81 0 89 0 9 0 0 0 0 0 0 0 0 0 89 0 44 53 0 18 0 14 0 71 45 68 73 59 17 0 0 0 0 47 0 57 0
 0 0 0 11 0 39 0 9 37 32 41 0 16 7 68 18 0 65 22 0 21 46 0 0 0 0 44 9 65 0 32 72 36 4 0 0 10 49 0 44 54 0 0 0 10 0 72 0 1 33 20 0 0 0 7 72 0 0 0 58 36 0 19 0 20 0 0 54 0 0 0 56 20 5 74 10 4 0 2 79 48 18 0 0 12 51 14 0 0 0 30 0 0 20 43 9 43 0 37 29 59 48 0 16 0 16 0 63 56 34 0 0 0 39 8 0 18 0 80 0 17 0 0 0 39 5 0 11 0 0 0 0 8 0 13 21 0 75 52 0 0 45 0 0 2 3 0 83 0 5
 0 0 0 55 63 0 0 19 0 0 0 0 47 0 7 52 0 39 23 57 0 29 95 33 0 39 0 0 38 0 7 0 0 0 0 45 0 4 63 0 0 33 0 0 35 0 6 0 0 12 25 0 0 29 63 0 22 0 0 0 59 47 0 0 0 59 28 4 0 16 0 5 0 27 11 0 0 73 8 0 43 0 44 0 0 0 0 4 5 59 0 0 2 30 0 0 32 0 24 0 11 0 20 1 93 0 12 0 89 3 0 45 40 29 20 0 0 4 0 0 12 0 33 6 0 41 0 19 3 0 27 63 3 0 0 0 57 0 0 2 0 0 1 0 23 62 0 0 0 25
 0 53 30 16 12 0 14 0 45 27 0 34 62 2 10 88 8 0 19 26 0 20 0 5 32 31 2 0 0 24 14 0 47 4 48 0 6 0 17 42 85 4 13 0 89 19 57 0 42 0 41 12 0 0 0 26 0 0 0 0 13 21 10 0 0 39 0 43 0 0 11 0 28 0 28 16 0 0 52 2 0 16 0 0 33 0 0 31 0 0 1 39 32 4 0 22 0 0 0 29 0 0 8 0 0 78 0 0 0 24 0 0 0 17 20 11 9 64 0 60 0 0 27 0 0 18 0 83 0 0 3 0 0 60 42 52 0 39 29 0 0 60 0 15 61 60 6 0 9 34
 0 2 0 0 0 34 0 0 78 0 0 0 0 35 4 40 13 0 0 37 0 0 30 32 0 0 0 0 0 14 80 5 51 45 0 16 0 0 0 74 74 25 0 27 0 63 0 0 0 0 47 0 0 15 0 0 36 0 0 33 6 67 64 0 0 57 53 0 36 15 2 3 0 24 0 62 45 0 37 53 15 0 27 75 40 54 0 63 0 50 0 14 0 0 0 0 0 0 0 0 0 11 3 0 49 4 0 4 47 30 44 30 0 51 0 20 0 17 71 0 24 34 0 0 0 19 0 0 28 0 0 0 5 14 0 77 10 26 38 0 53 28 0 0 1 55 40 0 0 0
 31 0 0 59 0 0 0 0 0 0 0 12 58 21 0 0 0 0 16 0 0 46 0 0 7 32 21 0 54 56 0 61 0 30 0 0 0 0 0 0 0 18 93 0 0 22 0 0 15 10 0 0 10 0 57 0 65 70 3 21 54 0 0 0 0 0 34 0 61 38 0 0 14 0 12 0 2 0 0 5 0 5 78 0 15 92 0 0 0 32 0 0 51 0 24 63 55 58 0 10 0 0 30 0 0 71 55 11 0 29 0 31 68 0 57 0 35 20 0 12 0 0 0 0 0 0 8 0 16 0 26 58 0 0 0 6 0 0 0 44 0 0 0 0 0 0 0 3 21 0
 22 13 0 0 0 0 13 0 0 26 77 78 34 47 11 64 62 0 24 61 25 0 48 0 31 0 11 0 41 87 0 0 2 12 0 0 0 67 49 0 23 0 26 8 50 0 1 8 48 0 0 81 0 11 29 0 84 0 92 33 21 35 0 0 0 0 0 1 0 0 0 0 0 0 28 55 36 50 0 0 22 0 0 0 32 15 19 26 0 0 36 52 0 0 30 0 55 59 19 48 0 27 57 20 0 11 0 1 0 24 45 0 100 15 11 0 0 0 76 19 0 0 0 59 24 76 0 0 0 21 5 0 0 0 0 0 0 0 0 53 0 8 56 0 0 0 3 7 0 11
 27 0 29 0 33 89 85 0 7 16 0 0 16 40 0 2 0 0 0 49 55 0 0 0 56 0 0 0 24 0 0 0 0 0 0 75 9 70 0 2 0 40 0 0 10 32 16 0 0 0 0 12 67 0 0 0 0 0 50 48 64 39 0 59 58 0 2 26 9 0 17 0 25 33 33 1 10 0 5 8 0 0 0 44 9 0 0 0 0 1 0 23 0 20 46 22 6 58 70 49 0 0 30 0 12 0 0 0 0 0 0 20 0 70 12 60 6 42 17 0 89 8 60 0 20 0 0 0 0 15 6 0 0 26 70 0 0 4 0 47 0 0 41 4 0 0 0 22 47 0
 0 16 27 16 0 0 0 0 0 30 74 25 0 80 9 0 71 0 0 14 0 0 0 0 72 44 0 0 17 0 0 0 18 0 0 0 20 0 0 0 0 80 53 73 47 0 36 0 51 1 0 0 0 0 0 78 0 0 0 16 65 0 14 9 0 38 0 29 0 0 0 31 31 0 15 9 58 46 14 34 49 0 42 16 0 0 70 34 50 0 9 0 0 0 0 55 45 0 50 77 0 0 0 0 0 0 69 0 0 0 24 0 0 0 14 0 0 0 1 0 6 0 0 0 34 0 7 0 18 58 0 71 0 0 0 0 33 0 0 29 0 16 54 0 0 0 0 0 0 0
 28 15 0 22 41 37 0 22 0 0 0 41 74 0 0 41 0 0 0 86 0 19 17 46 0 0 32 27 0 37 0 0 0 0 0 0 0 0 0 0 53 0 0 6 74 0 0 34 0 0 4 0 0 31 18 20 0 24 0 24 0 22 20 0 76 0 61 86 60 49 52 0 0 78 4 0 65 0 0 35 10 0 0 0 0 29 0 30 1 93 5 33 7 49 0 56 0 74 64 23 0 12 0 0 0 17 0 87 29 0 0 56 10 0 17 15 33 0 22 7 5 40 0 59 3 0 45 49 0 13 82 0 6 41 23 0 0 42 0 6 0 14 12 0 18 0 48 17 0 0
 75 0 21 43 15 36 3 0 0 1 0 0 14 0 18 0 0 0 57 33 0 28 19 6 1 0 21 0 0 79 0 69 48 77 0 0 41 31 2 45 0 14 0 8 0 25 73 37 0 84 2 66 0 0 49 0 67 0 0 30 25 33 39 5 1 68 40 0 30 59 0 33 6 15 17 69 0 27 0 38 0 0 0 9 0 70 91 47 0 37 0 39 71 48 49 0 0 43 0 0 0 51 0 0 43 0 60 0 25 0 14 0 23 0 48 0 58 62 35 93 0 48 0 51 29 0 0 0 27 0 0 34 0 85 39 28 0 50 0 0 16 93 0 0 0 44 40 0 21 93
 0 0 19 34 0 75 60 17 22 0 0 45 34 1 0 49 16 5 3 0 0 8 18 0 51 51 0 0 27 0 0 24 0 49 0 0 60 0 16 0 9 0 0 0 31 24 0 61 0 0 45 0 4 0 0 0 0 44 0 0 0 10 0 0 74 55 0 22 0 0 83 16 0 0 42 10 0 56 34 0 0 7 85 0 87 56 0 0 88 27 0 0 0 0 80 0 0 0 0 70 42 30 0 0 0 0 0 67 0 0 0 0 54 0 44 74 0 53 42 0 84 30 26 0 37 0 74 0 0 48 32 49 0 46 44 0 9 71 39 0 22 64 5 32 20 75 76 0 0 45
 17 0 85 16 60 0 55 23 11 37 78 0 0 67 0 74 0 0 0 0 3 27 60 0 38 16 34 43 0 45 0 0 2 0 0 0 19 0 12 0 58 40 0 20 22 0 0 0 0 0 0 17 90 14 31 28 0 0 0 0 79 74 51 0 0 0 59 39 0 36 0 0 0 0 0 0 14 0 39 0 30 44 41 0 16 0 0 0 0 30 0 0 46 0 0 0 8 2 0 0 11 0 3 0 0 21 45 0 20 79 0 62 0 0 0 0 0 0 41 47 38 21 0 8 64 61 0 26 66 0 46 0 0 0 39 82 0 34 0 5 60 0 0 0 0 3 0 99 0 0
 52 0 0 0 4 36 0 34 0 48 9 86 37 0 2 0 0 0 30 7 0 93 0 74 67 8 0 46 0 20 17 14 0 46 0 0 0 12 39 6 0 21 0 0 0 16 62 9 0 0 18 0 0 0 0 0 38 0 0 0 31 0 0 0 0 26 0 0 0 0 41 12 0 0 0 15 5 45 12 51 0 0 36 37 23 29 30 31 0 0 0 5 0 0 74 0 0 38 36 65 0 0 4 80 35 0 2 79 35 0 68 0 0 8 1 0 0 3 0 46 62 0 6 0 34 29 0 28 0 0 27 18 19 81 0 53 0 0 2 0 26 0 0 39 4 36 0 0 49 0
 0 0 0 0 28 46 0 74 48 41 0 0 0 28 12 1 0 83 0 0 0 5 61 0 0 55 37 0 43 0 89 0 92 0 15 11 0 26 13 0 0 0 0 63 10 0 0 0 52 70 1 0 0 0 0 0 0 18 11 0 9 0 39 40 0 0 70 8 10 0 48 7 0 0 5 49 0 45 0 37 0 56 0 34 0 27 0 67 0 10 77 67 0 0 0 0 0 13 22 0 52 0 0 0 0 10 42 0 0 3 0 28 15 0 0 0 57 0 0 0 73 34 0 10 0 0 0 8 35 36 23 0 11 34 64 90 0 0 0 0 0 32 2 38 0 32 0 0 2 0
 0 0 7 0 49 8 61 12 0 31 35 39 0 0 0 85 33 62 48 22 50 7 0 14 48 0 17 36 60 33 61 0 0 0 59 50 1 43 22 0 0 32 35 16 19 0 56 0 25 0 0 21 0 45 94 0 32 52 0 0 0 0 0 12 22 11 34 23 1 52 0 20 32 0 20 28 0 64 0 60 41 49 0 0 0 0 79 0 0 20 8 9 0 0 26 0 0 0 0 0 11 0 0 35 0 0 47 6 45 65 0 70 53 0 42 0 0 0 0 13 0 66 56 50 0 0 0 0 40 0 0 43 4 0 55 82 41 9 38 0 0 0 0 0 0 11 0 0 6 0
 49 0 0 36 45 0 0 0 0 30 2 0 41 0 45 0 0 90 0 0 0 29 0 11 0 0 0 8 82 0 38 26 0 73 22 0 0 81 0 58 18 0 0 0 0 20 0 0 79 12 68 53 76 59 0 0 42 17 16 0 0 0 0 2 13 52 0 54 0 12 0 13 67 0 0 43 0 14 35 0 50 0 0 24 0 0 0 16 18 0 24 51 0 29 25 0 0 0 33 53 4 0 0 67 61 49 77 7 0 0 12 25 8 0 39 28 64 0 51 0 98 0 69 14 0 0 23 0 76 34 0 0 0 0 37 25 0 44 28 0 52 16 41 21 0 5 0 0 0 24
 16 0 6 6 9 66 50 0 12 0 0 23 0 53 0 0 51 0 37 0 1 6 44 0 0 37 0 13 63 66 0 30 0 0 0 22 0 0 0 29 13 10 0 43 2 17 11 56 0 0 0 16 43 49 3 12 2 48 0 0 0 0 31 80 38 0 0 0 8 15 0 15 0 0 63 0 57 13 0 0 6 0 0 64 0 52 0 4 0 0 0 0 5 9 78 34 0 0 19 35 84 0 70 0 0 0 46 32 0 4 40 7 0 30 19 0 0 47 0 26 0 0 0 98 8 0 0 43 69 25 0 68 56 59 23 0 0 0 0 0 0 4 8 50 0 0 0 0 6 0
 6 0 0 0 0 15 0 0 0 0 16 24 76 0 0 0 0 0 0 87 0 0 0 40 0 3 0 32 0 13 33 17 0 73 61 0 14 71 5 0 0 29 9 46 0 51 0 58 0 0 0 0 0 11 0 64 50 18 85 0 13 5 32 13 0 0 22 0 0 0 0 83 29 84 66 0 27 0 0 0 0 0 0 32 0 37 0 69 2 21 0 12 5 0 1 21 0 76 0 10 0 60 35 20 17 0 20 0 24 13 33 4 0 0 0 0 0 0 0 0 24 39 72 0 88 0 0 27 0 0 30 0 0 0 0 49 31 8 0 3 16 32 0 30 0 0 61 0 0 14
 12 0 61 0 53 75 3 0 0 56 41 0 0 63 51 25 32 15 29 6 69 0 32 0 0 0 25 0 0 58 17 0 31 0 0 0 0 0 0 0 0 0 13 0 0 0 0 0 83 0 15 68 0 0 11 15 0 0 0 0 57 63 16 45 1 58 0 0 49 68 17 0 0 0 5 17 0 47 0 0 34 0 35 22 0 0 51 42 31 42 0 8 0 20 0 0 66 15 39 0 0 0 11 12 18 0 2 0 0 0 0 31 0 21 51 42 73 58 0 0 65 84 82 10 42 19 67 0 18 93 0 13 0 58 54 53 2 10 0 9 62 0 15 0 0 0 0 24 0 7
 57 36 44 0 5 16 0 65 35 0 27 20 22 21 20 0 15 0 0 0 1 70 0 43 76 2 42 0 0 27 0 0 0 0 0 0 61 36 0 36 51 66 3 31 37 0 0 50 54 54 11 0 76 0 16 0 0 0 6 46 0 71 12 12 0 29 0 0 17 0 0 65 61 0 27 16 59 0 83 2 0 0 0 2 24 3 23 0 40 61 0 44 40 54 0 0 48 0 51 20 0 0 0 0 23 1 52 44 2 10 24 0 3 9 0 0 1 0 14 6 7 44 0 36 33 0 18 0 0 42 0 11 5 24 29 14 1 12 0 41 15 38 0 44 0 48 16 0 20 0
 4 12 0 14 26 72 32 0 0 0 0 0 0 61 54 0 21 0 64 81 4 0 21 0 0 0 0 0 0 61 0 0 0 0 0 9 49 6 0 3 0 0 17 0 18 57 48 60 0 0 2 0 31 11 0 0 0 0 68 0 0 22 20 10 0 0 0 0 0 0 0 0 0 75 45 47 49 4 0 0 0 0 8 70 5 0 0 19 0 0 0 0 0 0 0 77 0 0 19 50 24 0 44 36 0 0 0 0 0 0 71 24 11 12 39 0 1 31 0 0 0 25 37 0 0 13 51 80 0 0 0 0 2 0 0 0 0 0 1 0 0 0 2 49 0 0 0 15 55 31
 50 0 28 0 0 0 53 0 31 0 21 47 0 16 0 0 31 0 0 52 71 19 0 28 21 0 19 0 0 35 0 0 21 0 55 0 89 45 39 13 0 0 0 0 47 70 0 0 4 0 14 74 31 18 0 0 9 0 0 0 31 35 0 0 2 49 0 0 34 47 0 31 27 65 6 72 5 0 0 0 18 45 24 0 0 20 0 17 45 0 0 0 0 51 0 19 13 19 0 0 0 0 0 0 0 5 20 2 0 51 0 0 22 34 0 0 0 33 0 10 0 0 0 0 34 0 23 31 41 80 64 25 74 0 45 0 3 0 54 0 1 0 30 68 0 66 5 0 0 22
 0 92 21 0 51 0 47 0 0 0 0 20 67 14 0 8 0 0 69 0 71 42 9 23 0 31 61 0 58 13 65 36 0 56 54 0 0 85 0 0 0 0 30 0 0 0 38 0 0 0 78 73 6 0 21 44 10 15 19 0 0 2 0 86 27 44 5 59 0 0 36 39 0 8 0 9 0 6 63 50 0 0 0 0 0 14 0 0 64 53 0 0 0 0 11 0 55 35 23 0 0 44 70 0 3 0 0 80 2 14 33 17 0 0 0 0 9 0 2 4 0 4 0 0 64 0 0 52 0 93 0 44 0 0 0 0 0 0 67 28 0 17 0 0 48 0 35 90 22 48
 21 5 0 57 0 0 15 10 0 48 13 0 41 44 0 43 31 43 54 38 0 0 17 77 20 8 0 42 0 73 4 0 0 52 0 20 0 0 30 0 0 0 13 14 0 30 5 0 23 38 22 4 0 0 64 0 16 7 0 32 0 22 65 0 77 0 79 0 40 25 14 92 0 0 88 4 2 0 0 26 41 50 0 42 0 20 0 0 0 0 0 0 31 20 0 4 0 0 6 0 0 27 0 0 34 0 0 2 0 0 1 0 0 0 39 0 24 0 0 0 0 24 22 1 0 12 30 15 0 71 38 0 0 0 9 0 0 14 53 0 0 0 0 0 77 49 55 59 0 0
 44 0 0 10 0 0 0 0 0 0 0 56 74 0 3 0 38 88 0 4 0 0 0 0 0 0 62 14 24 0 29 15 0 46 6 47 52 0 23 26 48 0 55 4 0 0 0 0 0 0 6 16 7 36 27 0 60 73 77 0 0 0 0 0 51 12 23 0 3 0 19 0 0 0 0 0 0 60 0 0 0 0 0 44 5 0 89 0 22 0 78 65 8 9 25 0 3 0 0 0 6 30 18 32 0 0 2 53 0 19 53 0 10 19 0 5 0 0 4 0 81 0 15 0 61 0 0 6 0 0 33 41 17 0 81 43 0 43 0 35 53 0 0 0 0 23 0 77 23 80
 69 0 23 28 71 0 0 54 13 6 2 41 0 48 26 21 7 3 29 0 85 61 0 13 0 42 51 0 4 0 51 52 13 18 0 5 51 0 0 0 72 13 25 51 6 0 0 0 0 74 0 16 35 4 67 0 1 0 6 11 54 11 32 12 0 34 0 0 3 7 0 0 0 46 0 36 13 0 42 0 0 0 0 0 11 3 0 0 18 0 12 1 39 0 61 47 25 0 9 63 39 0 42 8 0 2 0 0 0 53 0 53 35 39 2 0 27 39 15 0 0 0 25 0 15 27 0 0 0 64 38 0 19 0 0 0 0 63 0 66 13 0 56 48 0 0 0 77 0 24
 0 24 0 35 0 63 45 2 5 0 4 7 63 0 64 44 14 0 5 0 2 72 0 73 52 68 0 0 0 0 0 24 6 0 0 35 9 0 0 22 0 0 0 0 0 0 50 0 39 0 0 0 0 45 14 0 0 36 79 0 42 16 56 40 10 0 66 0 94 29 21 0 46 11 58 61 0 36 0 28 0 0 55 0 0 0 0 0 57 0 39 0 11 5 47 53 0 44 0 0 25 0 18 34 0 0 9 6 4 0 0 10 47 0 76 0 0 0 6 0 0 2 45 0 62 0 0 68 60 44 66 24 54 83 0 0 0 51 0 0 0 0 41 21 0 0 1 32 0 10
 31 88 11 0 33 0 23 4 0 0 0 0 0 0 79 0 0 0 7 67 39 9 0 45 19 0 18 14 0 0 0 0 31 0 0 0 0 41 49 47 0 0 12 0 58 5 15 80 0 7 15 24 31 24 12 0 3 62 2 0 0 0 23 69 0 18 0 0 0 0 26 56 48 29 83 0 0 0 56 22 3 47 26 0 59 13 75 26 0 26 0 0 0 0 0 59 7 0 84 23 0 0 81 17 0 15 0 0 56 0 3 50 4 0 2 0 0 0 0 57 0 0 0 0 6 0 0 18 0 4 0 0 96 11 46 0 0 0 44 0 0 61 31 18 0 31 9 0 0 13
 55 0 0 12 0 0 0 7 60 24 0 64 0 19 0 0 0 28 0 0 0 56 0 0 3 0 9 37 43 0 0 0 2 0 0 0 0 0 21 72 26 18 14 0 12 49 0 77 0 48 28 78 0 16 0 88 58 61 53 14 53 0 0 0 0 0 0 5 0 0 0 25 0 0 0 0 50 0 1 0 13 70 33 0 0 0 4 36 20 37 51 3 0 0 13 0 0 0 71 33 5 94 65 0 0 0 64 0 23 0 0 0 53 41 5 52 0 36 0 0 0 0 0 62 0 0 0 37 20 75 3 0 6 2 39 76 18 8 0 45 5 0 0 9 0 0 40 0 0 61
 0 54 0 95 0 60 0 50 0 23 3 0 13 0 0 0 0 45 0 0 0 4 7 0 0 0 0 0 17 0 2 0 0 1 46 0 0 0 11 0 8 24 0 0 20 42 0 0 0 0 24 0 0 0 0 44 0 0 22 32 72 0 0 26 45 34 1 11 0 38 0 0 0 16 0 6 0 64 73 0 85 0 0 10 32 18 79 5 1 0 0 0 40 2 0 0 33 0 19 0 9 0 0 0 0 87 0 12 0 15 0 41 72 10 0 49 20 0 42 74 82 0 90 27 0 0 0 63 0 63 24 37 11 10 30 0 74 0 64 0 5 18 77 0 5 0 0 11 0 65
 0 0 59 72 0 48 43 44 0 0 0 0 21 11 45 0 23 0 0 1 34 0 18 0 18 0 23 11 40 0 46 44 12 0 0 7 8 43 66 0 0 58 0 51 31 47 19 0 0 0 0 39 0 0 0 68 0 13 26 0 0 0 0 39 0 0 40 3 17 0 34 0 20 16 60 7 40 71 0 0 71 71 0 0 10 0 22 0 69 2 0 0 82 0 0 0 18 34 36 7 74 0 8 0 0 22 0 0 76 0 0 86 22 0 4 0 0 0 0 6 39 0 0 47 0 0 0 27 8 53 0 0 0 0 7 0 38 19 0 0 47 0 0 14 62 0 0 0 0 0
 45 47 0 20 0 0 19 13 0 0 28 16 0 0 8 0 28 71 69 0 0 20 0 10 30 0 57 0 0 0 0 0 0 0 0 5 0 72 0 0 0 0 30 0 0 0 25 9 0 0 0 31 0 13 0 0 0 0 51 36 26 11 0 0 0 53 26 44 12 0 0 0 24 0 29 25 92 0 3 22 20 29 40 0 0 5 0 2 0 0 0 29 83 0 0 0 46 0 11 73 34 0 0 0 1 0 0 0 14 0 0 63 11 92 29 54 70 0 5 0 23 0 0 8 14 7 17 0 0 0 0 37 28 17 0 33 0 18 64 7 0 43 0 0 0 1 84 44 0 0
 20 0 0 0 12 34 0 0 11 0 22 0 40 17 8 51 25 0 0 0 0 18 97 11 9 0 0 7 0 0 52 0 40 0 0 59 55 32 78 0 22 0 0 28 0 0 0 11 0 8 16 0 15 0 0 0 0 30 31 22 0 0 10 0 0 5 0 39 35 34 0 0 0 20 67 0 0 16 0 49 24 0 18 43 31 29 0 5 18 12 0 0 0 12 0 0 0 0 47 0 5 0 9 1 0 0 0 4 0 31 6 0 0 0 0 0 10 15 0 37 28 37 68 0 0 0 0 67 25 0 23 0 0 68 47 0 91 54 0 7 0 3 42 0 0 4 0 1 0 17
 17 24 0 75 69 13 0 44 36 0 42 8 41 0 72 40 0 0 31 0 0 0 0 30 0 0 0 0 0 48 36 18 0 0 42 0 69 16 4 0 5 12 0 5 0 11 58 49 0 0 0 0 0 0 24 9 28 5 0 1 0 0 87 23 21 0 0 88 0 0 18 26 0 0 51 51 35 0 45 0 0 69 9 0 62 0 59 0 57 0 6 0 12 30 33 2 0 21 38 30 0 0 41 55 3 18 0 41 49 3 0 0 25 60 41 25 0 0 0 0 17 65 0 26 0 0 0 14 0 19 77 0 0 6 4 0 0 0 54 61 51 3 45 2 2 47 0 0 0 0
 77 0 36 0 0 46 10 37 0 0 6 0 5 7 23 21 16 0 0 33 0 25 95 4 13 0 20 3 61 66 0 0 41 0 0 0 0 0 58 31 0 37 0 0 0 0 42 0 0 0 0 0 21 0 69 25 0 4 6 0 36 0 23 0 87 60 15 0 82 0 0 0 11 0 35 20 39 0 0 10 98 0 1 51 0 0 21 0 0 50 46 0 34 15 0 0 49 0 6 0 25 0 0 4 0 34 0 0 35 0 0 82 0 2 0 0 0 0 24 11 0 7 0 0 0 51 0 22 26 0 87 88 46 79 0 50 0 79 0 0 0 81 49 0 0 0 0 0 22 0
 47 31 0 0 0 0 0 0 0 0 0 0 6 0 0 0 0 0 0 94 44 76 49 20 0 37 10 49 0 0 35 0 0 61 0 71 4 64 3 0 57 0 0 0 0 0 0 76 44 0 33 0 0 0 0 61 34 0 34 11 52 52 80 0 38 15 0 0 78 2 0 16 15 36 0 6 36 12 2 47 0 64 77 0 0 0 0 18 0 0 39 55 61 0 60 33 0 12 10 0 11 0 0 4 0 5 8 49 0 12 34 67 0 0 0 0 49 0 59 43 0 1 0 0 44 0 68 0 0 5 65 78 0 0 0 13 0 36 2 0 0 0 22 0 54 44 0 29 35 0
 51 20 19 61 50 60 16 4 44 28 1 70 28 4 49 46 14 0 0 0 40 61 0 22 55 0 33 0 30 0 0 32 0 0 2 0 86 19 0 0 55 0 31 41 15 0 0 7 12 0 0 56 20 0 0 66 17 4 0 13 0 10 11 29 57 0 0 10 0 4 12 0 0 0 0 0 32 29 79 24 0 66 46 0 33 31 9 0 0 0 90 0 8 10 28 0 18 28 0 11 11 27 0 4 0 0 4 5 28 0 29 63 4 0 33 44 77 0 14 0 0 56 0 0 0 8 0 0 0 19 35 66 0 0 0 0 83 0 98 43 0 57 8 23 0 77 0 0 31 0
 20 8 12 0 20 0 66 0 0 0 0 0 35 0 0 41 0 0 10 0 0 0 0 0 13 3 0 0 21 0 0 1 81 0 65 0 9 0 0 0 0 0 0 47 1 0 0 0 12 0 7 0 52 18 0 73 0 0 0 0 0 0 0 61 25 38 5 9 65 0 25 44 34 0 0 0 21 0 63 16 0 0 0 0 0 16 37 0 0 33 87 0 73 65 0 0 0 0 16 59 0 33 70 35 0 4 11 0 0 0 0 53 29 82 3 0 38 0 21 0 40 67 8 24 26 4 15 34 72 0 0 18 79 79 16 49 0 0 22 60 0 29 0 17 13 0 69 1 0 0
 68 42 58 25 0 41 54 0 8 0 70 50 55 6 17 66 68 0 0 0 19 56 9 0 5 0 0 0 0 32 0 0 0 59 0 31 0 0 56 0 57 0 13 5 0 91 0 0 43 0 0 50 0 0 16 23 25 0 0 83 75 0 36 58 0 28 0 26 0 0 0 0 0 0 0 48 0 24 70 3 0 0 43 0 5 3 22 50 0 69 0 0 0 74 22 0 0 0 57 36 0 0 0 0 42 0 22 0 0 0 0 14 33 48 0 34 0 0 0 0 0 0 0 39 28 22 0 14 0 46 0 0 14 59 0 9 19 96 0 0 0 16 0 0 55 55 0 0 73 0
 0 0 0 0 0 78 7 69 59 0 0 0 4 36 39 0 29 5 0 0 15 0 16 0 0 0 8 21 25 64 0 0 3 0 0 0 44 11 0 0 24 0 0 13 0 29 32 16 0 20 47 13 1 28 33 0 28 0 13 71 0 19 24 0 44 44 64 22 0 10 13 0 0 0 0 0 2 3 8 24 0 0 0 20 0 9 13 0 0 0 0 0 0 21 11 0 4 40 0 0 0 6 14 0 0 0 0 77 6 0 0 60 0 34 78 0 0 0 0 8 4 31 0 9 0 46 0 78 0 0 0 19 7 0 0 0 39 15 0 45 38 12 61 34 0 85 91 38 8 10
 0 55 9 65 0 0 0 63 27 0 9 51 72 0 0 0 0 0 73 7 18 1 0 0 34 23 9 0 18 0 0 0 0 0 0 30 0 0 0 14 7 20 22 0 0 49 28 30 40 0 22 0 62 77 29 16 86 0 61 4 60 0 21 0 0 72 0 0 19 0 0 0 13 49 77 31 91 83 44 0 0 0 0 0 0 0 0 0 0 56 0 11 0 0 60 53 4 7 5 6 0 8 19 0 80 0 0 0 75 41 16 0 0 0 33 0 23 58 0 35 28 55 6 3 64 0 27 0 18 0 0 0 0 0 5 1 0 65 0 0 39 1 0 42 0 42 0 90 0 3
 0 2 0 0 33 0 30 56 5 73 0 0 12 0 0 6 34 0 8 0 72 32 0 0 7 72 35 0 0 0 1 0 0 17 0 0 0 16 29 0 48 0 2 0 0 8 0 0 5 14 38 0 0 0 73 0 0 88 83 17 34 30 5 0 65 22 45 0 0 0 0 50 0 0 4 0 0 0 45 0 2 36 64 0 3 0 0 0 0 0 32 0 0 20 71 0 16 0 0 0 40 36 0 32 0 0 0 16 85 0 48 0 48 0 42 6 0 9 62 0 0 0 0 0 2 47 0 0 72 0 85 0 0 7 39 80 22 50 11 41 38 0 0 0 32 0 0 1 94 10
 0 0 0 9 7 63 0 0 47 12 6 0 0 34 24 0 0 76 16 12 10 21 0 21 13 76 0 0 88 41 10 0 3 0 9 19 62 55 14 0 0 0 69 0 42 15 0 0 36 0 0 0 0 79 0 0 0 54 13 15 64 44 0 33 0 91 54 0 52 26 32 20 0 0 0 62 0 49 31 0 0 0 0 55 0 50 0 0 10 0 0 0 38 34 0 89 54 0 25 66 40 45 0 33 5 0 95 0 0 0 55 5 0 0 74 35 0 0 0 3 3 50 0 21 0 0 24 0 0 0 46 0 0 0 0 0 0 16 19 0 39 66 63 6 29 61 0 0 0 64
