100
 33 0 0 45 0 53 0 0 35 17 45 0 10 86 52 58 0 0 0 0 0 0 21 6 66 0 0 0 43 46 0 21 0 0 25 0 76 0 24 0 0 72 79 0 18 0 0 0 0 0 0 3 0 7 41 0 1 1 21 0 0 0 0 75 54 0 27 0 22 0 80 0 0 83 69 0 0 60 0 39 24 0 62 0 32 0 0 0 0 0 0 87 36 1 0 5 0 0 0 0
 35 75 17 0 0 3 16 1 35 0 50 69 21 0 0 1 41 29 51 48 0 16 0 44 75 0 4 91 69 0 0 0 15 3 5 0 0 0 51 2 0 0 0 0 25 72 0 0 0 31 6 0 0 63 82 1 0 19 72 3 0 0 0 21 31 29 0 28 34 0 0 0 22 0 0 61 26 0 0 39 74 39 5 0 3 0 85 0 0 0 0 0 0 0 0 37 4 70 0 0
 95 0 60 0 9 65 56 16 58 50 0 6 14 7 0 3 0 0 0 59 57 26 0 0 0 0 10 0 0 5 0 35 64 29 13 0 73 0 0 0 22 0 14 40 0 33 0 23 0 78 0 19 0 42 0 26 7 0 0 0 30 0 0 0 0 0 38 35 50 85 0 1 0 0 30 0 0 0 0 7 14 0 0 0 28 0 0 0 0 0 51 0 0 15 0 36 56 3 15 0
 0 36 6 69 43 62 13 0 12 0 12 0 1 7 0 36 47 35 0 0 0 0 0 0 0 54 0 0 0 11 0 81 0 0 0 0 0 0 2 52 0 2 18 0 0 0 40 30 0 17 0 30 0 34 45 0 5 69 0 0 25 17 42 14 9 0 0 0 25 0 38 0 0 0 0 0 0 41 9 0 23 20 5 0 0 0 0 59 0 0 61 0 9 0 0 48 26 30 14 28
 70 15 0 0 28 39 0 39 75 30 29 0 0 52 23 50 24 27 0 0 74 0 0 6 22 6 30 0 28 45 0 12 1 0 0 24 86 13 53 39 0 0 1 0 0 30 0 0 0 0 0 0 3 0 11 0 0 4 0 0 53 0 0 0 0 86 19 2 0 0 0 0 66 3 0 0 0 0 0 0 0 22 0 19 0 73 0 0 0 0 0 39 0 0 35 0 0 0 0 39
 0 0 0 0 0 48 32 39 0 65 19 0 1 0 0 48 0 0 0 3 0 32 52 0 0 1 73 0 22 80 0 0 0 0 34 55 0 49 12 59 24 38 0 89 63 0 0 0 68 38 63 33 0 72 0 40 0 0 0 63 0 28 14 0 24 79 0 5 18 48 0 0 0 63 0 0 0 6 24 84 0 0 50 4 0 2 23 29 0 0 0 0 0 21 62 24 53 2 64 0
 58 0 0 0 45 0 90 44 47 31 8 0 27 45 4 0 0 1 73 0 81 0 0 0 21 63 0 0 69 0 0 14 0 0 0 40 35 0 0 0 76 0 41 29 24 0 32 0 0 0 34 0 0 8 0 0 0 0 31 8 30 7 0 37 73 0 74 0 0 0 85 4 0 25 6 0 28 0 0 11 23 93 0 18 15 0 0 0 0 0 0 0 0 4 63 0 11 44 0 46
 45 0 0 39 0 0 0 52 54 4 63 0 68 0 55 35 21 0 0 4 64 8 20 67 0 65 0 0 1 75 1 7 7 0 27 46 78 0 6 0 0 33 15 3 0 0 27 1 61 43 0 0 71 0 0 70 37 59 0 66 0 24 7 48 0 0 28 21 61 27 0 67 6 0 0 0 64 0 68 40 0 0 0 0 0 0 36 0 8 0 0 0 49 0 0 50 53 37 48 27
 0 0 0 0 0 33 0 0 13 0 65 8 0 53 53 0 0 0 18 0 28 72 7 0 0 0 12 0 86 80 0 0 0 15 41 0 0 0 0 0 0 3 44 0 0 0 10 0 0 0 16 0 10 46 0 0 63 0 0 20 21 0 11 6 26 29 0 0 0 0 0 0 8 0 0 42 0 4 0 7 0 0 0 45 0 9 0 65 0 44 8 63 0 0 0 0 2 0 0 0
 0 11 0 34 0 0 0 0 31 1 0 0 93 0 20 0 51 0 0 24 45 0 0 0 0 27 32 0 0 34 0 2 0 54 0 0 0 0 7 65 0 94 74 5 1 74 36 35 68 0 0 6 0 64 0 0 4 0 0 5 0 0 0 9 3 0 0 0 29 0 0 0 0 14 11 0 0 67 52 2 0 23 7 0 0 0 0 0 1 48 1 0 8 2 29 0 0 6 4 9
 0 0 16 0 0 0 0 0 0 39 79 79 12 25 11 0 12 30 0 0 59 0 40 0 0 0 0 0 80 0 42 0 41 0 0 44 0 65 0 74 0 56 0 69 0 30 0 0 45 0 0 52 20 50 0 0 71 0 0 0 13 0 44 22 13 0 59 30 0 0 70 0 26 0 0 0 0 2 74 82 14 29 39 0 0 0 98 0 7 4 29 59 0 8 6 0 14 0 16 0
 27 0 0 3 76 3 34 5 0 9 0 83 0 32 0 10 0 34 0 0 0 35 25 0 0 38 0 30 0 0 0 48 0 15 0 0 28 0 55 1 0 0 0 18 66 0 0 0 0 0 0 29 50 21 15 0 0 50 8 47 27 4 12 78 0 21 96 6 0 0 0 21 26 0 11 0 7 0 0 60 0 16 0 48 0 0 3 0 0 11 0 19 0 0 62 0 65 0 0 0
 0 0 0 0 0 0 0 0 80 0 0 12 58 19 0 5 0 0 49 26 0 0 78 19 0 79 0 60 0 2 0 0 0 49 27 0 0 0 0 0 0 4 41 0 57 0 21 0 0 15 18 0 57 7 28 86 19 1 0 0 17 79 25 0 0 3 43 0 0 0 0 57 75 87 0 0 60 4 0 44 24 3 58 44 0 0 0 0 7 0 3 6 43 0 72 16 0 7 0 0
 0 51 0 0 0 35 0 31 0 1 0 0 0 63 16 0 25 0 43 0 21 0 5 0 68 0 0 51 93 0 0 92 0 58 70 0 15 0 0 0 0 19 0 22 0 33 0 45 9 69 6 11 2 55 0 0 0 0 0 0 1 0 87 0 18 70 3 62 0 0 0 0 53 51 54 0 46 0 0 14 51 0 50 0 0 82 0 0 17 0 0 0 0 0 11 0 0 34 7 0
 0 8 52 11 0 1 0 0 0 0 0 47 37 0 60 0 0 0 46 0 77 0 0 0 0 0 55 0 0 22 0 0 1 37 0 0 0 1 0 0 0 0 12 4 70 68 0 0 15 0 32 0 0 0 0 11 0 0 16 0 44 0 0 0 0 95 0 7 0 15 0 11 0 0 0 0 9 12 0 47 0 0 35 35 0 0 0 0 51 35 0 0 0 1 0 12 0 40 9 0
 0 0 0 0 0 0 6 0 11 23 52 0 0 6 46 92 38 18 0 13 0 24 0 46 0 0 51 1 4 87 15 20 7 0 0 30 0 0 0 0 0 0 28 0 8 0 0 0 57 76 0 0 18 0 11 48 0 0 17 7 0 0 0 0 0 26 19 0 0 0 3 0 0 0 24 0 14 21 7 44 0 25 29 86 0 35 67 0 68 23 0 91 0 28 73 19 0 16 38 7
 31 0 30 0 0 13 44 0 45 0 0 24 15 0 54 0 73 0 83 36 42 29 55 0 0 7 64 0 0 53 0 6 0 0 0 0 18 80 0 0 30 0 0 6 0 6 44 42 0 56 75 0 62 0 34 0 0 0 0 77 54 0 0 13 2 46 0 81 28 31 0 0 0 0 47 0 8 0 21 0 0 10 69 81 12 0 0 19 3 0 37 0 0 0 21 0 0 0 36 0
 83 0 8 0 0 8 0 75 26 33 0 0 29 4 61 0 41 21 0 0 57 20 0 46 0 0 6 17 62 0 0 79 44 66 7 0 0 67 0 12 41 15 0 2 0 34 30 0 39 0 3 38 29 0 1 19 27 15 82 5 30 2 1 0 5 32 0 16 0 0 35 11 0 0 0 10 40 34 27 79 5 34 0 3 18 0 8 0 60 0 0 0 31 46 0 0 0 0 0 7
 9 0 5 36 14 48 0 9 0 32 53 15 0 0 0 41 0 71 53 73 37 0 1 54 3 0 0 46 20 56 0 40 36 53 0 16 39 0 22 0 0 0 68 26 0 7 0 0 5 58 0 0 0 0 2 50 4 0 0 0 44 0 51 15 28 18 39 61 21 32 0 0 0 0 0 0 0 0 0 0 62 3 0 47 35 0 8 0 27 33 0 0 0 0 0 63 0 9 70 0
 0 0 0 64 20 0 21 0 41 0 6 49 0 20 48 0 0 67 0 17 0 16 41 60 13 40 16 50 15 0 0 0 15 22 12 0 29 0 0 0 57 0 6 0 47 0 53 18 65 19 0 0 0 10 0 21 56 0 3 0 25 22 0 47 26 0 0 23 28 0 0 0 10 0 12 40 0 0 0 17 54 23 0 0 65 88 28 0 0 0 14 56 0 88 0 0 0 0 36 36
 8 48 0 86 0 22 0 0 0 0 0 19 56 0 0 7 0 0 0 53 77 83 64 6 23 44 0 0 0 76 58 0 0 79 52 64 26 0 2 73 10 12 20 24 0 0 0 66 23 28 0 0 0 67 0 22 74 0 0 0 73 61 0 23 0 0 58 45 55 0 0 0 11 0 21 28 45 63 69 0 0 0 36 0 10 0 67 0 0 0 30 34 0 46 0 0 0 18 94 12
 8 0 0 48 17 0 63 0 0 13 27 0 1 43 35 0 0 0 14 0 0 27 30 45 0 10 49 0 0 29 24 12 0 0 27 12 7 41 0 0 0 0 0 5 13 31 0 0 45 0 2 48 0 0 6 0 0 29 74 27 7 0 19 45 0 0 0 16 0 0 33 0 34 57 23 61 14 91 19 48 36 0 0 61 4 0 0 0 0 34 0 0 29 0 0 0 0 0 0 55
 0 19 16 7 34 0 25 0 0 6 0 0 0 0 40 13 0 25 0 0 0 0 25 0 0 0 0 0 88 0 35 16 11 0 29 59 0 0 0 0 0 0 19 0 0 22 0 0 15 0 0 10 6 0 0 24 74 0 16 43 0 0 0 0 0 11 0 0 32 11 18 0 0 0 0 19 0 83 35 6 0 0 0 0 73 0 60 28 0 0 39 0 0 21 0 48 7 0 0 0
 0 0 52 1 0 40 2 0 38 50 10 17 0 16 9 0 0 0 0 0 0 0 32 69 56 0 3 0 0 0 0 33 0 0 0 34 0 27 0 0 37 0 19 0 0 9 18 0 0 46 42 12 0 0 2 57 0 0 32 0 16 3 9 45 0 0 0 0 0 0 50 0 0 32 0 7 0 0 0 5 0 0 31 36 51 8 0 0 0 12 18 0 0 0 0 6 37 5 24 19
 0 0 55 12 0 21 0 40 0 8 5 2 21 0 30 37 61 8 0 0 0 24 3 0 43 25 0 20 0 0 19 0 11 49 0 89 0 33 0 70 73 82 0 34 0 28 92 0 15 0 0 25 13 18 0 0 0 0 28 0 49 31 16 14 15 33 0 1 0 9 14 20 0 18 0 38 0 25 6 1 79 0 28 41 97 8 1 21 33 53 0 0 21 0 0 38 0 0 0 0
 26 86 72 0 0 0 0 0 24 0 32 0 0 3 7 59 0 22 31 0 0 0 21 24 0 32 0 0 89 21 0 69 0 0 0 42 0 0 0 12 45 0 31 8 0 25 0 0 0 1 26 0 48 0 40 0 57 0 0 0 0 0 0 31 0 49 0 25 0 0 0 0 39 0 31 15 8 0 0 0 55 0 3 0 7 0 0 0 0 10 0 46 17 17 13 0 43 0 0 0
 8 0 0 21 0 0 19 4 0 0 42 7 58 35 0 0 0 0 23 0 16 0 93 0 33 57 26 0 0 70 0 0 0 13 7 0 0 8 0 2 21 39 0 37 6 48 0 36 20 20 52 80 5 0 4 41 0 0 0 0 0 25 0 0 0 0 22 42 36 5 0 38 0 5 31 0 85 0 13 0 0 0 0 0 0 34 28 51 23 0 0 0 0 40 0 2 77 0 0 1
 11 0 20 93 7 63 73 73 21 3 19 0 0 0 4 0 29 0 0 0 70 36 12 88 0 13 7 48 0 0 24 0 5 33 19 48 2 0 0 38 35 27 41 15 0 16 59 33 0 18 50 0 0 8 0 0 0 0 51 27 46 1 0 16 0 15 39 38 0 3 26 0 0 0 42 0 0 14 0 32 6 0 36 37 7 48 0 0 0 0 42 42 0 17 0 2 42 0 34 0
 0 0 65 51 0 0 0 0 0 98 0 47 28 0 13 0 21 0 0 0 7 19 0 1 14 0 7 37 98 0 0 45 53 36 0 24 0 0 6 10 29 0 0 0 0 13 3 15 0 0 0 36 48 0 0 10 0 0 34 9 28 63 46 0 0 71 48 94 0 15 12 0 52 0 21 41 0 0 58 48 6 11 0 0 0 0 0 16 0 0 2 18 64 0 0 34 67 87 14 0
 0 50 0 0 0 0 19 0 0 0 25 17 0 1 0 0 0 3 0 20 0 0 5 56 32 0 0 59 8 16 0 20 2 50 71 59 31 60 15 0 0 35 0 0 0 0 0 0 0 88 44 18 0 0 25 59 39 0 0 7 0 29 0 28 0 0 58 65 0 16 0 38 54 31 78 0 0 50 0 0 0 0 16 0 0 0 0 25 22 0 23 31 66 0 51 0 0 29 0 0
 3 75 60 6 27 35 87 0 9 15 0 7 3 0 21 0 27 69 83 36 0 0 0 48 0 26 12 0 8 55 16 5 0 0 0 0 0 67 0 71 22 0 0 44 0 0 23 29 0 10 56 0 0 0 18 0 0 0 0 52 0 0 1 33 0 36 4 0 0 0 9 0 0 7 0 0 0 0 81 46 71 0 2 19 43 0 41 49 45 0 0 33 0 0 27 27 42 23 0 40
 0 24 0 0 0 77 0 0 11 0 11 0 38 0 12 0 0 0 0 77 32 0 0 0 59 0 55 22 0 0 0 10 81 0 0 0 3 24 0 0 16 36 0 0 48 6 17 47 47 29 42 0 0 47 35 27 0 0 13 0 0 0 0 10 28 0 13 0 0 0 0 25 0 24 16 24 6 0 39 28 38 0 7 0 0 0 11 30 23 18 40 54 0 0 0 33 12 69 83 25
 15 0 0 24 0 48 7 0 50 13 0 12 24 48 0 0 3 0 0 0 35 69 0 44 0 37 44 0 0 0 33 0 41 19 26 51 0 0 0 50 0 0 0 14 0 0 0 25 39 0 29 0 49 50 13 21 0 0 0 0 0 0 0 30 41 0 36 0 4 0 16 17 0 0 30 13 99 46 44 53 0 52 0 8 0 0 71 0 42 51 0 0 0 0 0 30 46 45 25 32
 36 0 0 29 49 33 29 26 0 0 20 0 0 0 0 83 23 0 0 0 0 2 57 29 0 25 0 0 0 0 59 78 0 43 0 0 16 20 35 19 0 39 42 28 38 0 5 32 0 0 0 51 0 0 0 38 9 15 0 0 0 27 43 63 73 0 0 55 40 0 0 0 41 18 3 0 0 0 44 17 6 0 70 49 0 0 0 0 0 30 0 0 3 43 0 35 0 44 0 0
 0 0 0 77 27 0 3 0 0 45 70 14 0 0 29 44 4 0 54 0 0 0 0 46 74 5 0 0 46 0 12 5 0 47 93 42 0 0 48 8 0 37 0 9 3 0 0 0 20 3 0 85 0 0 14 38 35 87 0 75 0 0 2 0 0 18 0 0 47 22 35 0 67 22 75 52 0 0 0 0 0 0 17 0 49 0 2 0 12 0 27 0 8 0 51 0 17 0 0 4
 24 49 28 58 0 0 0 0 21 44 0 18 5 0 7 0 89 58 0 51 0 0 0 0 0 0 13 0 0 0 54 28 0 13 0 55 29 11 0 0 53 0 53 22 0 33 0 81 0 83 0 11 11 40 0 0 13 0 0 5 13 0 63 0 51 23 66 0 39 40 0 0 0 0 0 58 0 0 0 33 20 76 77 0 5 0 14 0 89 47 0 44 2 0 72 0 51 0 61 0
 0 77 0 93 0 16 0 0 34 75 33 0 4 0 19 5 0 73 0 0 0 0 4 23 30 41 32 0 11 0 37 0 43 0 40 0 47 8 22 58 0 0 0 73 11 0 0 0 71 0 0 27 69 0 8 0 69 49 21 0 14 0 8 0 0 3 0 52 55 0 51 16 0 30 0 0 0 54 0 27 0 26 0 16 36 0 6 35 0 73 44 72 36 10 39 64 41 0 0 25
 11 41 5 7 0 0 83 3 63 44 0 1 25 42 0 6 0 0 43 75 51 0 62 0 0 39 0 17 68 0 0 0 40 0 31 0 0 1 0 0 0 0 70 0 48 2 26 4 0 0 0 39 55 62 0 0 0 25 22 0 81 0 66 0 0 0 0 0 35 0 47 0 0 0 0 0 18 0 0 0 32 22 77 78 4 0 24 0 36 43 0 0 17 0 0 0 23 18 0 0
 0 0 17 0 0 0 11 0 53 0 10 0 46 73 30 7 62 20 0 9 0 43 8 47 19 10 6 24 0 0 1 30 25 0 0 33 0 4 43 0 16 49 0 0 0 0 0 0 0 40 0 22 19 17 0 87 1 0 0 16 0 0 22 0 0 0 32 45 0 0 0 0 0 0 15 0 35 0 13 8 8 0 21 0 0 0 0 0 0 83 45 68 0 11 42 0 0 39 0 0
 11 0 10 0 0 0 29 3 57 0 0 0 29 52 36 9 85 0 56 9 0 23 25 20 0 0 0 0 0 44 0 25 0 0 0 50 0 10 40 56 22 0 0 70 17 0 0 72 34 0 0 18 0 0 23 0 27 37 43 0 74 3 21 52 0 10 0 63 72 56 0 0 15 0 0 0 0 0 0 0 0 0 0 15 40 0 0 0 0 54 27 15 0 29 0 60 61 59 0 54
 68 95 0 77 3 0 0 3 44 9 69 42 84 26 24 6 0 0 30 0 0 19 37 0 0 0 0 0 0 25 0 0 51 51 49 0 73 42 0 0 15 15 0 47 18 62 0 6 5 0 0 0 22 11 6 25 0 50 13 46 0 14 0 27 0 6 0 0 0 17 51 0 6 0 0 2 23 0 19 0 0 0 0 31 0 45 34 41 0 28 68 41 10 0 60 0 2 3 0 0
 0 24 21 0 16 0 35 0 0 0 0 75 0 0 10 22 21 0 11 12 0 2 34 61 0 77 0 0 1 0 27 0 3 0 0 39 18 8 0 18 0 13 2 0 0 54 0 28 0 44 64 0 83 30 22 52 0 29 23 25 0 31 11 0 0 0 0 53 88 0 24 28 25 7 0 0 9 0 0 15 29 17 0 69 30 12 0 0 55 0 58 0 77 0 7 7 0 0 2 0
 0 60 0 0 0 16 0 0 0 0 17 59 0 2 0 0 20 21 0 0 0 30 0 0 30 0 21 0 21 41 35 65 3 0 82 0 26 0 20 25 66 0 67 36 0 44 2 0 0 5 2 0 24 0 0 0 33 0 0 26 0 34 0 0 0 32 0 47 0 40 48 0 0 32 0 0 43 31 0 26 91 63 0 50 8 25 0 0 0 0 49 0 0 0 0 0 0 0 18 9
 7 45 0 4 19 0 0 0 15 0 0 0 92 0 0 3 0 0 0 1 0 0 63 32 0 0 0 0 62 0 0 6 0 0 0 0 0 37 51 0 0 77 0 90 0 33 0 0 0 83 0 0 34 0 9 0 0 0 0 31 12 57 21 94 0 31 25 0 76 47 95 0 61 12 83 12 78 0 45 0 0 0 3 41 11 7 0 0 0 0 69 0 0 0 6 0 7 63 81 3
 0 0 14 19 81 0 0 15 0 0 17 0 0 20 0 0 31 27 56 0 72 0 65 5 21 13 0 81 38 5 25 0 13 0 0 18 0 0 46 0 0 11 42 57 80 0 0 39 0 22 0 0 0 0 0 0 8 0 0 52 59 12 0 0 42 0 0 73 0 5 0 0 14 60 15 69 22 53 0 0 80 0 0 0 0 0 49 0 0 0 59 14 59 0 65 20 0 9 53 42
 27 0 0 69 0 21 60 91 23 0 0 47 10 0 0 24 0 0 0 2 41 0 0 0 0 0 0 0 0 28 17 0 13 50 11 0 51 0 36 50 0 0 0 0 24 38 33 0 22 65 0 92 9 0 12 0 20 9 15 0 0 0 35 0 66 65 96 0 19 21 0 77 0 0 49 21 0 30 0 0 11 91 0 0 11 34 0 0 0 0 0 46 0 71 0 0 0 16 80 1
 33 7 25 0 6 60 0 0 0 0 16 54 0 51 4 13 0 0 1 0 80 39 34 0 0 22 2 0 0 7 0 0 22 0 1 28 34 0 4 24 14 29 0 46 81 0 98 14 25 51 0 0 49 51 16 0 0 0 0 40 64 0 55 13 55 23 5 0 33 0 0 86 0 0 1 77 0 0 2 0 0 13 0 9 62 88 66 0 0 39 43 0 0 0 0 17 63 0 0 0
 22 18 0 0 51 15 51 0 22 0 40 53 18 0 14 18 0 39 14 0 0 19 46 26 88 6 0 0 0 10 0 0 0 0 8 0 32 0 16 0 0 0 29 51 0 11 0 78 56 0 7 0 36 7 0 0 0 0 0 0 0 0 0 9 56 0 36 12 0 0 0 5 0 14 0 0 86 9 63 36 0 31 41 0 0 0 0 41 13 0 0 0 27 36 0 3 0 0 33 29
 0 31 25 61 27 0 4 0 10 0 0 94 12 0 0 0 2 0 0 0 0 0 0 18 0 2 0 84 6 79 86 0 0 60 0 54 0 48 1 0 0 3 18 38 41 0 0 0 83 0 1 0 68 0 0 0 0 32 48 17 6 0 0 0 0 0 0 32 0 1 61 53 0 0 88 0 100 0 0 3 0 0 21 0 0 0 0 26 0 0 0 40 30 0 0 43 32 6 61 55
 20 0 0 0 72 0 72 0 36 25 6 28 0 0 56 0 0 33 0 0 0 26 34 0 28 0 0 0 17 0 0 0 33 65 0 0 0 89 0 3 13 0 0 0 0 0 0 22 1 37 51 29 68 0 8 0 41 0 62 0 0 75 0 0 0 0 14 47 0 0 0 30 19 0 56 0 78 2 19 0 4 0 0 29 0 41 0 0 86 0 0 5 64 30 13 11 0 22 11 0
 7 0 95 48 49 0 0 4 0 16 15 11 0 0 0 34 0 0 72 66 26 0 18 0 4 0 0 0 78 0 0 0 0 17 28 29 82 18 19 1 23 0 0 53 11 15 38 0 0 0 75 19 36 13 14 10 9 0 0 25 11 0 33 0 0 64 30 64 25 0 0 2 0 14 63 17 0 0 0 0 70 0 0 26 21 0 0 0 19 0 67 49 0 18 0 33 24 8 0 88
 0 27 0 0 42 0 12 13 26 0 0 0 8 0 26 14 68 0 88 54 52 0 0 0 0 9 0 26 0 0 20 36 24 0 0 0 0 0 0 0 0 33 7 10 77 0 74 13 82 0 0 94 0 0 0 0 0 15 0 0 0 87 51 0 11 0 3 0 0 0 16 0 0 0 14 0 32 9 17 49 39 80 6 49 0 0 0 52 0 3 0 0 26 53 0 46 0 8 17 32
 4 60 13 80 0 7 5 0 0 0 0 0 0 0 28 0 0 0 26 14 17 17 0 19 0 0 0 68 0 14 12 34 0 22 24 0 0 0 0 33 0 0 0 0 30 0 0 0 0 0 0 30 64 0 17 33 10 0 6 86 26 23 0 0 0 0 40 0 0 0 0 63 4 20 0 11 0 65 14 0 5 0 48 40 0 89 13 0 30 26 0 0 0 55 0 0 15 9 33 18
 0 0 0 0 17 0 0 63 0 0 0 0 0 0 40 17 59 23 14 0 0 50 6 45 0 27 47 0 9 26 55 0 0 13 66 0 90 0 0 54 0 0 4 55 48 32 0 0 1 23 0 27 17 98 0 0 0 50 52 0 0 37 11 34 59 0 0 0 0 38 0 68 20 0 0 40 0 3 73 4 0 36 0 0 17 56 0 0 0 32 0 9 0 1 0 0 3 46 66 31
 0 0 6 0 0 81 28 88 43 3 95 0 0 49 50 0 0 0 0 28 13 0 41 0 68 0 0 42 60 0 0 0 0 12 0 12 0 87 33 0 0 0 44 0 62 0 0 48 40 0 0 28 0 13 40 32 24 32 21 65 27 41 55 0 0 22 0 0 0 0 0 4 0 0 1 10 5 0 30 8 0 0 11 0 18 0 0 13 43 0 0 0 0 89 0 0 9 27 3 0
 21 0 0 68 23 0 43 0 51 54 42 55 0 50 0 0 13 0 0 0 0 82 0 0 45 3 0 60 0 0 7 0 0 0 0 17 27 42 0 14 0 0 54 8 39 62 44 12 23 57 0 21 0 38 0 78 20 63 53 5 5 0 31 0 3 20 34 60 0 17 3 0 0 0 0 11 0 16 0 0 0 49 0 0 8 0 40 0 0 42 51 0 0 39 0 0 19 0 11 0
 0 2 0 0 8 44 88 0 0 0 0 64 0 11 17 13 5 0 0 0 0 29 0 48 45 0 3 8 0 0 3 70 2 0 0 0 0 93 0 0 9 70 0 21 0 0 41 9 11 0 0 28 0 9 0 0 76 25 2 20 91 35 10 53 24 40 13 0 32 69 24 73 0 0 0 0 3 0 0 41 0 0 28 0 0 5 0 12 47 31 30 20 34 12 47 0 50 18 0 0
 0 0 43 0 0 5 18 0 64 63 41 0 0 8 16 57 31 0 0 15 3 0 12 64 41 25 41 15 12 60 13 21 68 0 0 13 0 0 20 0 0 0 58 20 80 0 3 53 0 7 50 0 42 0 0 0 0 1 0 1 0 9 0 0 6 0 57 37 0 0 0 0 0 59 0 39 0 0 10 0 0 35 15 0 27 0 0 0 0 20 0 0 0 2 0 0 0 0 39 0
 0 0 2 37 24 90 0 24 46 24 17 0 12 2 0 0 7 0 30 0 1 0 0 0 0 21 2 0 0 3 55 0 14 8 2 24 0 0 51 0 0 0 9 23 10 0 58 3 0 0 72 1 0 0 0 0 0 6 92 0 3 34 0 0 0 0 0 21 0 97 46 0 0 74 3 29 0 14 10 58 0 53 33 16 11 8 0 56 75 86 0 0 95 0 0 0 0 26 0 27
 18 0 40 5 30 0 0 0 0 0 30 0 0 59 55 0 0 0 24 25 17 0 0 13 15 10 18 0 0 0 0 6 34 28 0 0 18 18 0 27 0 0 0 0 0 43 0 76 0 34 0 5 0 43 0 0 0 0 5 39 18 36 0 0 0 0 72 36 0 4 0 15 10 46 0 0 0 0 0 32 0 66 0 22 2 47 0 0 0 30 0 27 0 0 67 0 0 21 0 54
 7 34 0 0 0 27 0 39 0 12 0 0 0 0 0 3 0 0 0 0 0 0 26 0 0 19 40 0 0 3 13 67 9 39 36 0 0 0 4 0 59 74 61 0 0 29 0 29 0 14 0 44 0 32 0 0 0 14 0 0 23 0 42 0 22 35 0 0 0 0 0 9 32 2 0 56 8 0 0 0 81 0 17 21 75 0 0 22 0 0 26 0 56 88 18 23 0 40 0 77
 4 52 82 0 0 0 0 0 20 29 73 0 0 22 5 20 10 0 48 0 0 49 92 0 0 12 0 0 0 0 4 43 24 0 23 42 51 42 95 0 0 0 0 0 0 75 1 45 31 0 53 0 0 0 0 69 0 0 0 0 62 60 0 0 0 12 0 0 65 46 0 0 17 7 0 0 0 31 32 21 24 0 0 0 0 10 0 0 6 0 29 10 0 27 2 9 0 0 62 42
 49 6 64 0 5 0 47 0 0 57 0 0 0 0 29 25 37 0 0 49 7 0 22 0 0 57 77 2 0 25 0 9 69 0 0 0 0 0 0 0 56 0 9 0 36 0 0 29 46 95 0 0 48 0 0 0 0 66 10 34 0 29 95 56 0 50 14 0 87 0 0 0 33 0 28 0 12 0 0 13 0 0 16 46 79 0 4 0 23 0 0 0 3 54 0 0 11 44 0 7
 0 0 13 0 1 3 0 0 0 0 0 0 20 7 9 82 0 59 0 0 0 0 8 0 0 0 29 0 8 0 0 0 0 0 15 6 13 51 23 0 0 26 26 0 12 43 0 0 50 3 60 36 38 0 78 6 0 32 0 34 55 4 0 54 35 0 83 18 48 3 0 0 45 18 62 12 56 0 36 0 31 0 0 15 14 0 0 0 0 0 0 0 17 22 6 38 27 13 0 0
 0 0 7 0 19 0 0 6 0 0 0 52 11 0 67 2 0 0 0 0 7 70 55 1 0 22 46 1 58 7 9 0 0 0 13 0 36 82 12 39 77 38 41 15 0 0 0 0 91 33 65 0 32 0 8 0 0 0 52 48 0 68 12 0 14 91 67 15 70 25 9 0 0 10 47 0 0 47 0 0 0 0 6 0 2 81 60 47 66 0 0 0 0 0 4 8 0 0 16 10
 8 0 19 18 0 0 44 8 0 11 16 0 0 0 0 0 0 0 0 34 27 14 0 11 0 0 60 0 0 15 0 38 55 4 0 0 0 57 44 0 0 27 0 0 65 0 0 22 17 51 0 37 4 30 0 0 0 24 40 20 0 0 0 15 0 81 17 1 35 17 28 62 0 0 1 54 76 0 0 0 30 49 12 16 7 4 33 3 31 0 0 5 0 0 17 58 0 44 88 0
 0 35 0 42 0 47 0 0 60 32 0 0 0 0 35 0 18 7 0 61 0 3 0 26 0 33 0 0 0 0 0 0 0 27 52 0 87 3 0 39 6 49 47 0 32 0 0 0 6 0 0 0 0 17 19 0 0 0 29 0 42 32 0 0 0 0 43 0 0 51 81 60 8 52 49 51 27 0 39 0 7 0 5 0 0 44 29 0 0 0 0 0 0 83 16 17 0 0 0 33
 37 0 0 19 0 0 48 0 80 58 0 0 14 0 0 10 0 0 0 0 0 0 69 40 0 0 0 0 0 0 19 1 14 0 51 14 0 59 0 0 28 0 0 12 0 7 18 0 0 0 0 7 3 32 16 0 31 0 0 0 21 44 2 0 0 0 8 96 7 39 0 33 0 0 0 0 34 0 0 0 41 0 59 28 55 0 9 0 0 0 61 0 0 4 70 0 0 0 29 0
 0 0 0 0 38 0 91 0 33 0 42 0 1 3 7 14 0 14 0 0 0 1 0 16 76 43 0 32 24 74 62 27 0 0 0 0 0 0 5 0 79 0 4 0 26 0 0 13 74 47 0 42 35 48 82 60 0 60 5 32 86 0 0 0 0 0 21 0 23 15 20 70 0 31 0 0 34 0 0 39 0 47 50 73 42 0 7 44 0 0 29 0 0 11 0 0 0 12 0 0
 6 35 0 79 86 0 33 0 28 37 77 15 18 7 0 16 0 23 0 13 6 56 0 17 0 54 0 0 0 0 36 29 9 5 0 0 56 10 3 0 0 10 0 0 0 0 34 51 0 27 47 51 80 0 79 0 0 38 0 0 47 0 2 0 0 0 0 0 0 73 37 0 4 0 0 0 68 0 0 23 0 3 0 28 0 62 0 9 36 29 0 0 19 0 0 0 0 80 5 0
 0 9 3 0 90 3 0 41 20 93 0 11 19 30 27 0 11 0 29 6 43 0 0 0 0 65 4 0 0 54 0 35 0 38 0 40 0 0 58 46 0 0 0 0 9 13 46 20 0 28 0 0 32 29 15 0 0 18 0 19 57 73 47 2 0 0 0 15 0 0 4 0 0 0 0 0 88 0 9 0 0 0 2 16 40 6 41 58 63 20 7 9 57 0 41 48 0 13 3 11
 31 15 0 11 73 65 0 0 25 27 6 0 0 80 0 6 20 0 46 84 2 10 8 50 0 0 0 3 11 0 56 0 0 3 33 5 0 70 27 60 15 0 51 54 69 0 0 0 0 0 0 15 0 0 0 60 0 10 43 0 0 41 56 7 58 0 0 0 0 56 34 66 0 60 4 0 55 0 27 0 0 0 0 52 0 0 48 10 0 10 0 31 0 7 0 0 3 14 45 29
 6 0 8 50 0 27 69 0 0 9 0 0 0 0 36 6 63 10 30 0 0 0 7 29 27 0 26 1 0 0 39 58 52 0 0 35 97 86 25 0 0 0 22 0 0 3 23 56 7 0 50 79 0 0 14 10 5 5 34 0 0 0 0 0 15 59 0 4 57 0 20 59 54 0 0 0 59 33 0 33 17 0 37 0 3 54 0 25 0 0 59 0 20 44 30 0 29 39 0 0
 0 2 52 4 0 0 0 25 82 0 28 47 0 0 31 16 26 47 26 80 78 0 61 0 0 77 0 13 56 0 0 0 73 0 0 73 0 32 33 27 30 0 0 0 0 8 80 0 84 56 0 17 0 51 14 41 27 0 0 0 0 0 0 0 0 28 0 63 0 54 12 0 16 44 9 5 0 88 40 75 0 0 22 13 32 0 9 7 23 0 0 0 94 0 0 0 0 0 87 0
 0 6 0 42 38 31 0 16 25 0 29 0 2 0 0 0 0 76 72 0 0 0 55 2 25 0 0 0 0 0 28 0 0 0 0 25 60 51 0 63 56 56 0 0 0 0 0 40 0 0 0 0 33 41 0 30 17 12 0 46 57 45 0 0 0 0 0 11 56 13 46 0 7 0 63 0 0 20 0 0 0 1 0 3 0 0 67 0 0 12 68 0 0 34 0 0 0 0 0 33
 16 0 60 45 7 46 25 17 0 25 10 4 35 61 75 18 51 0 15 0 0 0 0 0 0 0 23 66 0 89 7 0 0 39 0 0 31 60 25 41 0 24 4 0 0 0 0 28 5 28 0 57 0 0 0 0 55 0 0 59 0 15 21 0 3 0 0 6 0 16 36 42 63 0 23 82 0 13 46 75 46 22 32 0 0 39 0 0 95 14 36 41 42 0 0 30 88 0 32 0
 67 0 13 68 12 39 0 0 100 31 60 0 0 0 0 0 0 0 71 7 0 0 17 68 1 0 0 5 64 36 50 0 0 3 3 37 39 0 0 51 0 0 0 0 0 94 36 0 0 0 33 0 76 62 0 31 0 34 65 22 0 41 0 0 0 0 0 0 0 0 0 0 0 22 50 31 27 58 0 84 55 0 0 0 0 0 41 0 27 0 54 37 0 0 0 0 57 0 17 0
 0 20 23 0 4 0 34 48 0 0 0 21 0 48 0 0 47 0 56 21 0 0 0 48 0 51 13 0 62 0 29 3 0 24 14 19 0 35 13 18 13 44 0 1 0 0 14 0 26 0 33 0 0 0 21 0 38 12 0 14 27 0 36 53 0 49 28 56 38 88 23 37 0 0 0 0 0 93 0 0 35 0 0 0 22 0 0 0 21 0 0 51 0 0 0 47 3 0 2 0
 6 33 63 0 13 0 10 0 39 0 0 1 2 50 6 0 0 0 41 6 0 0 0 28 0 80 0 19 0 7 0 0 0 0 77 19 69 46 0 25 0 88 25 0 66 40 0 0 3 0 12 0 0 0 0 7 46 0 0 68 24 0 26 0 37 22 0 8 2 8 0 0 40 0 1 0 2 61 2 55 19 78 0 0 2 0 4 0 0 3 0 0 34 59 0 0 0 0 0 20
 0 0 0 9 58 0 0 0 0 0 0 0 0 0 0 0 46 0 67 0 42 0 0 0 0 27 56 0 0 50 0 0 0 0 1 0 0 51 0 46 19 0 0 76 25 86 0 0 0 4 60 0 55 0 0 12 0 28 0 0 35 0 0 43 25 66 3 12 0 0 7 3 0 0 75 0 0 18 0 82 0 0 0 0 0 0 58 9 42 0 23 51 53 0 41 7 26 0 9 0
 0 0 0 0 34 17 0 8 4 36 0 36 0 0 12 40 27 0 0 0 36 0 21 22 0 0 50 0 0 30 0 0 73 0 41 0 29 0 0 26 66 0 0 39 0 0 14 26 30 0 0 0 0 75 40 41 24 43 67 41 0 0 4 0 2 0 0 0 36 54 9 31 0 2 28 0 0 0 0 87 19 1 0 0 0 0 0 22 17 2 0 10 0 0 0 54 56 20 74 0
 20 0 30 0 0 10 0 44 28 0 0 0 0 20 52 0 0 0 0 0 17 46 26 37 50 93 7 15 0 50 1 24 0 88 24 0 0 0 79 40 64 0 0 27 8 0 0 0 16 24 23 0 58 0 21 0 11 0 0 0 48 28 4 34 20 0 1 58 0 0 19 2 17 18 0 0 89 17 0 24 0 85 44 0 22 0 0 0 0 70 0 0 20 44 0 20 0 0 26 45
 0 0 28 0 27 0 29 3 79 0 0 5 0 0 0 0 0 50 28 24 0 39 65 0 0 0 12 0 45 0 0 0 3 0 0 0 8 0 0 8 3 63 74 0 37 20 28 0 0 50 13 0 0 8 0 10 0 0 0 68 0 54 0 33 0 0 0 0 0 5 0 1 0 0 59 0 13 34 31 11 64 0 1 37 0 0 76 0 0 0 29 0 20 0 46 45 0 0 0 78
 61 63 28 50 0 0 0 36 0 78 39 0 0 33 0 0 0 0 0 33 0 0 32 0 0 51 12 0 50 13 0 36 0 0 13 37 0 0 21 0 0 0 0 0 24 22 0 66 8 0 0 0 0 68 2 6 13 3 0 0 0 0 0 0 23 0 24 0 0 0 0 0 6 0 0 51 9 34 6 14 17 36 0 28 0 0 0 0 0 32 3 17 6 29 7 49 13 5 61 18
 0 0 0 45 29 3 0 11 36 43 24 1 1 84 46 21 0 0 0 0 0 0 0 0 0 0 16 0 13 65 0 20 10 48 0 0 0 0 36 0 55 0 0 0 36 0 0 38 46 70 0 27 70 0 0 0 47 0 0 0 0 35 0 0 0 0 10 0 0 71 0 30 0 0 16 12 9 0 0 17 39 0 56 47 46 49 21 0 19 10 0 0 2 0 5 0 12 0 4 35
 52 64 15 9 0 0 13 57 0 78 15 55 8 0 6 0 89 31 37 0 10 57 35 0 0 40 0 0 18 8 4 31 9 7 23 4 9 5 82 83 0 0 0 0 30 0 0 70 27 0 91 0 0 0 56 14 0 77 0 0 16 0 59 67 0 0 0 47 15 0 0 3 0 18 35 0 74 64 8 62 35 8 2 0 0 13 0 0 16 40 0 0 0 0 0 68 0 0 88 0
 22 0 63 8 48 0 15 0 18 8 0 0 3 9 57 0 25 0 0 0 0 54 0 17 0 76 0 18 20 63 0 0 0 25 0 0 0 0 41 61 0 48 14 77 0 47 0 54 15 83 66 7 0 42 17 0 57 1 81 1 16 36 0 11 0 0 0 0 0 34 0 0 0 0 0 35 0 9 0 0 23 21 0 3 0 25 77 0 14 46 3 0 7 5 38 0 0 0 9 14
 36 49 18 0 82 0 47 25 0 25 17 10 58 46 34 18 0 88 41 23 23 27 0 35 0 4 0 29 0 0 0 0 3 78 66 9 0 58 27 72 0 16 9 30 14 4 26 0 0 10 23 0 33 23 0 82 0 15 0 6 0 16 23 3 0 0 89 0 0 0 0 0 0 0 48 50 12 51 92 0 0 50 28 14 7 26 47 36 0 0 36 0 0 49 0 11 0 32 12 0
 10 14 76 84 25 5 8 0 42 0 0 37 0 0 0 0 0 0 0 42 85 58 88 27 0 52 0 33 73 0 0 0 0 2 0 0 13 0 26 66 62 0 8 42 64 22 16 0 6 0 0 16 0 59 0 13 0 13 0 6 92 0 0 3 0 0 12 74 42 0 0 13 58 0 58 0 0 0 7 0 0 20 32 55 0 0 0 2 79 0 0 0 0 0 0 0 0 46 31 0
 63 23 81 23 81 32 14 35 0 0 0 0 22 8 0 0 87 3 0 98 41 0 52 0 0 0 23 3 37 21 11 0 0 0 1 0 0 0 0 0 0 66 20 7 59 10 0 18 9 10 22 0 0 0 54 0 0 0 0 0 75 24 22 48 23 4 67 1 30 0 0 0 69 16 0 0 24 35 0 24 0 0 34 0 0 0 0 31 37 40 42 15 24 31 0 15 0 0 9 0
 74 72 0 0 37 68 16 90 0 0 0 24 0 20 10 37 0 15 2 0 0 15 0 0 10 79 1 0 0 0 39 0 29 16 0 18 0 37 0 0 0 0 0 0 0 4 0 9 19 5 0 18 40 12 79 0 0 77 40 42 0 0 63 60 19 23 17 0 0 7 0 12 0 33 0 0 0 14 34 0 6 10 0 0 32 81 0 0 64 0 45 14 0 0 0 0 78 14 0 0
 0 6 64 16 0 34 13 27 0 8 0 0 0 16 7 0 84 21 34 0 0 70 29 5 11 0 17 0 0 0 0 0 0 73 7 0 0 4 0 0 0 24 16 10 0 0 15 2 0 0 0 41 21 0 59 17 0 35 77 0 8 0 54 10 43 0 32 7 20 41 0 0 77 3 53 0 0 0 22 0 0 33 45 0 26 31 47 1 68 0 0 2 32 0 0 30 0 52 3 31
 0 93 2 0 41 45 7 0 36 0 34 65 0 47 4 42 63 0 69 14 6 0 15 28 0 0 5 69 0 0 4 9 9 0 0 0 0 0 51 48 0 0 23 8 0 63 42 0 0 0 4 0 30 22 31 22 0 33 0 77 0 39 0 0 44 12 9 14 25 0 0 46 0 0 19 0 14 78 0 0 5 0 0 0 0 39 0 5 75 0 15 0 85 19 13 0 20 19 72 0
 0 12 0 86 34 0 0 3 31 0 0 27 76 77 0 0 79 0 51 0 0 18 0 45 19 0 0 0 58 4 11 17 3 0 53 20 0 50 0 0 4 1 36 48 16 0 2 0 54 0 0 0 0 0 0 0 0 0 14 0 0 0 0 0 41 47 0 0 0 59 38 0 0 49 0 6 17 25 0 41 28 0 4 0 29 2 0 0 25 0 8 59 0 21 0 0 47 0 0 0
 10 1 2 61 0 0 0 56 9 0 0 0 0 0 15 0 0 14 0 26 20 22 19 11 83 0 49 1 9 0 0 60 21 73 0 0 0 2 0 9 0 0 55 0 0 0 12 6 32 0 31 34 5 7 10 51 0 66 63 0 0 0 83 0 0 0 0 0 49 63 0 52 0 8 18 6 57 13 87 0 19 53 0 0 0 13 0 6 18 11 40 14 0 12 7 91 18 0 46 0
 0 0 0 0 23 0 37 0 79 7 15 68 0 37 0 0 47 61 0 7 3 22 0 0 0 14 0 0 0 11 0 0 0 0 42 42 0 1 40 0 16 0 30 93 0 3 0 0 0 0 0 0 39 23 39 53 9 56 18 6 0 0 32 0 0 0 0 0 5 56 0 21 65 9 76 0 26 0 5 0 0 0 0 0 11 0 9 0 25 0 16 0 50 63 0 73 0 4 7 16
 39 0 0 0 45 0 0 0 0 70 0 0 4 3 15 43 36 33 5 32 29 3 0 0 8 0 0 0 0 90 0 0 0 6 0 0 0 0 5 0 0 32 30 0 4 53 0 74 0 10 0 1 0 0 0 0 0 57 31 9 43 14 0 0 30 66 7 12 17 51 30 0 0 18 20 0 0 0 54 0 0 0 45 0 0 4 82 3 80 14 0 21 0 0 0 7 87 0 13 31
 17 0 0 0 5 0 0 0 3 0 70 57 0 0 0 0 59 10 0 63 0 51 26 0 44 60 64 3 0 0 0 0 0 0 78 49 31 0 0 0 0 70 34 0 0 0 27 54 0 0 0 0 0 0 0 67 0 10 0 0 0 6 0 0 3 0 84 43 0 0 0 0 0 28 9 26 82 19 59 16 0 46 42 0 17 42 33 0 0 75 0 0 0 11 36 0 37 86 0 0
 3 45 0 0 92 0 49 0 54 0 0 7 7 0 0 0 0 11 0 0 0 17 15 0 14 15 48 0 0 9 47 0 0 69 2 0 13 62 18 13 37 0 0 0 0 0 48 0 0 0 32 0 0 0 0 0 54 0 58 40 23 0 70 72 0 0 23 0 51 0 0 0 58 0 11 0 0 0 39 0 0 0 68 0 0 0 0 0 0 0 13 0 0 70 0 0 0 49 46 0
 91 97 24 0 0 40 0 0 10 0 47 26 23 31 36 0 71 0 56 0 0 0 40 0 7 33 0 15 17 28 0 0 0 1 0 3 0 76 65 0 62 50 0 0 0 0 20 0 0 31 0 0 0 0 25 28 3 32 0 0 0 0 0 79 0 74 0 25 3 83 0 0 2 57 0 34 9 46 0 2 51 0 0 0 0 58 0 45 17 4 39 0 50 44 28 0 0 77 4 69
