200
 79 32 7 0 10 0 0 22 28 9 19 0 2 0 33 55 25 22 35 34 0 34 0 6 40 31 0 65 64 56 0 34 0 8 8 0 76 81 0 5 0 1 0 19 0 0 0 41 29 22 0 0 80 1 13 0 0 24 0 0 0 0 91 0 24 0 19 40 0 0 35 13 56 0 22 0 0 0 55 34 71 0 62 0 11 0 24 8 75 18 8 9 0 0 52 24 0 66 0 0 48 0 18 0 6 23 0 34 0 0 9 0 0 41 43 0 0 0 5 71 52 44 23 26 0 59 27 0 22 0 17 13 0 0 0 0 0 0 0 0 0 0 61 24 0 0 23 0 34 40 59 0 0 3 38 0 0 0 71 48 0 0 18 0 18 43 0 11 0 0 31 0 0 5 0 0 0 0 47 0 10 72 0 0 0 4 8 62 35 0 0 48 0 23 24 0 0 0 4 0
 0 68 17 3 0 17 0 57 45 26 21 22 0 62 0 3 42 47 65 89 25 0 0 37 23 0 43 0 0 0 0 0 86 28 5 0 0 0 0 63 44 0 0 3 0 0 0 31 40 0 19 0 39 0 0 0 26 0 15 29 78 30 5 32 79 38 0 0 0 0 0 58 39 36 0 0 5 11 0 0 0 18 22 39 65 0 0 0 0 0 0 0 0 23 33 0 0 30 0 0 0 37 54 0 0 34 0 39 73 0 0 48 0 0 0 17 0 0 0 30 0 0 0 0 14 0 77 4 0 0 0 0 0 0 31 0 0 0 0 0 0 0 13 12 0 32 53 77 43 15 0 11 0 0 11 44 0 5 3 31 2 56 1 0 66 0 0 86 0 0 0 0 21 55 0 0 0 25 0 46 0 0 5 7 0 33 0 46 0 0 0 9 47 65 72 0 0 0 17 0
 0 0 27 0 73 69 58 35 0 32 0 54 8 46 9 14 0 0 88 0 0 97 0 0 0 0 49 0 50 57 17 92 0 0 11 66 0 14 47 84 52 26 46 58 0 0 1 37 0 0 75 0 60 0 0 0 0 52 0 25 46 48 0 8 0 0 32 65 0 0 0 0 0 35 0 0 24 18 21 0 64 66 0 0 10 0 42 0 0 22 0 0 0 41 2 0 0 10 0 0 0 69 37 40 31 87 11 6 0 64 41 10 9 16 20 0 20 0 54 0 0 12 0 0 0 0 53 18 53 0 0 0 29 0 5 0 41 65 10 31 0 57 0 10 0 5 0 23 0 13 52 19 0 41 0 0 46 53 0 0 59 0 11 0 0 48 49 0 91 30 37 0 39 33 0 0 0 0 0 90 12 37 0 0 0 0 3 0 12 38 42 38 19 55 0 0 0 0 28 0
 79 0 71 66 0 0 0 24 4 0 15 12 0 0 48 41 0 0 28 68 0 0 0 0 40 0 76 0 0 0 18 84 47 22 0 15 0 0 0 39 10 0 0 32 68 67 1 0 0 0 28 21 0 0 0 0 0 0 0 42 24 0 38 0 0 2 0 0 23 0 4 6 15 0 0 77 38 3 0 52 9 0 0 0 0 1 0 82 62 0 0 0 0 23 0 58 0 49 54 0 43 13 45 39 0 56 19 25 2 3 79 14 60 0 45 0 0 19 23 0 0 0 0 0 49 94 0 18 3 0 0 71 0 0 0 0 0 9 0 1 0 16 0 0 0 2 0 55 0 11 0 0 0 0 37 0 0 29 0 0 0 75 0 31 0 0 0 6 36 21 16 0 62 22 0 7 24 23 0 60 66 0 3 7 49 22 0 21 22 0 0 0 86 5 0 10 42 26 0 0
 0 4 0 17 52 46 48 0 21 32 0 19 52 12 0 0 48 0 15 76 0 0 0 0 0 16 10 41 0 31 6 20 37 50 50 0 0 0 0 69 11 0 73 0 0 93 21 0 15 70 0 70 10 22 8 0 0 2 0 0 10 0 0 59 0 0 0 0 18 0 0 5 0 75 0 34 0 0 42 1 0 0 0 0 0 0 80 52 8 0 27 27 62 68 0 0 0 0 0 13 0 16 17 0 0 0 0 0 26 49 0 38 0 16 85 0 2 0 41 27 23 0 54 26 5 86 0 0 12 0 0 54 0 2 0 27 0 12 0 0 0 83 3 8 3 10 0 41 28 35 60 43 54 0 21 15 0 0 0 0 28 0 0 0 45 41 36 0 74 21 0 0 0 7 27 27 0 0 0 0 0 67 0 0 0 0 0 0 45 32 0 5 83 64 29 43 0 17 0 0
 17 0 0 16 0 51 0 23 39 37 0 0 0 0 85 7 0 0 0 0 8 27 21 0 0 0 0 0 0 0 0 52 0 19 46 0 0 53 0 0 78 76 14 24 34 16 3 13 24 20 0 0 70 0 61 36 0 0 53 0 0 0 60 0 19 0 14 0 41 48 92 0 42 0 4 0 0 72 4 36 62 46 25 84 1 36 11 0 0 41 13 19 36 0 0 74 0 0 0 0 40 0 36 0 0 22 0 0 17 17 0 0 0 22 25 52 36 0 0 53 13 73 5 0 0 0 2 13 0 40 0 51 23 0 71 53 42 20 17 17 0 33 61 0 0 87 0 0 0 22 0 10 9 25 0 0 0 0 35 0 0 52 4 0 0 0 0 0 0 0 7 44 0 48 0 0 0 0 0 14 0 6 7 93 0 56 71 0 66 0 0 0 0 15 34 50 14 0 0 0
 37 97 0 73 0 58 81 21 64 56 33 0 9 0 73 0 0 0 0 0 31 54 41 0 65 8 0 0 0 11 50 38 45 33 80 0 0 10 9 0 6 0 0 0 34 5 0 37 0 0 35 0 0 0 0 31 5 57 0 0 0 0 25 0 0 0 0 0 13 52 0 35 4 0 21 0 48 41 25 54 0 0 0 37 59 17 5 0 13 0 3 23 68 62 0 0 23 0 24 0 3 0 0 5 0 39 0 75 24 7 0 24 13 56 49 0 26 0 54 0 18 60 56 0 94 0 0 0 0 0 4 0 0 0 5 65 0 50 0 0 0 64 61 0 34 27 5 0 29 0 58 15 2 0 44 58 45 22 22 0 0 61 0 0 31 65 25 0 25 0 0 0 33 0 54 28 20 0 81 0 0 61 51 88 12 0 0 20 0 48 0 0 0 33 0 5 2 0 50 11
 0 0 0 0 15 0 0 38 0 32 13 45 0 0 21 0 0 5 0 59 2 11 9 0 8 41 0 11 0 37 14 0 0 23 0 0 34 50 0 0 0 0 0 0 0 0 74 31 0 0 0 33 47 0 0 0 0 19 2 17 0 0 53 0 0 67 54 0 51 0 38 27 31 0 0 0 3 37 0 0 45 0 0 17 0 0 14 81 0 0 14 0 0 0 0 0 0 0 23 0 35 0 10 7 25 8 0 0 0 25 33 1 35 0 40 48 0 10 3 8 75 8 0 0 0 6 0 0 33 0 12 65 0 0 0 0 2 0 0 86 12 41 83 7 0 0 0 64 0 28 50 0 53 0 0 3 0 0 98 0 49 10 0 0 0 18 39 24 0 0 45 0 52 0 0 61 0 0 0 19 0 39 0 41 0 0 0 0 66 3 0 0 0 0 0 0 54 76 0 0
 0 0 47 0 0 0 0 26 98 52 67 0 0 31 55 0 3 0 45 0 0 41 59 0 33 0 0 46 0 7 0 14 0 13 0 0 0 0 0 0 6 0 25 44 27 80 0 0 28 0 28 3 0 40 52 27 0 0 0 11 4 0 24 7 0 24 0 0 0 0 45 0 0 0 0 0 0 0 60 0 0 33 43 65 0 11 60 37 0 88 0 0 0 0 0 0 0 0 32 15 0 0 3 30 0 0 11 46 0 21 0 62 0 26 0 35 26 0 0 0 0 47 0 12 0 0 0 69 0 0 25 0 0 0 0 0 9 72 0 0 0 0 0 2 0 83 0 0 0 32 0 0 0 45 0 5 0 14 0 0 0 13 0 0 26 1 0 40 12 0 76 21 0 0 0 3 13 90 83 0 13 42 28 0 14 61 15 0 0 0 0 0 21 27 10 53 0 0 0 0
 0 0 0 64 0 0 0 0 0 51 5 20 0 2 0 2 0 0 0 15 0 0 0 78 56 70 77 0 32 0 53 0 0 55 0 14 41 41 26 19 20 49 23 0 14 0 0 10 0 0 27 0 0 0 0 0 0 0 11 47 0 40 48 46 25 21 0 0 0 14 32 0 35 0 0 11 0 22 28 30 23 53 45 0 41 0 0 0 0 0 30 47 22 0 0 50 0 0 59 0 0 28 0 5 37 0 5 6 0 17 25 0 38 36 17 0 21 3 0 0 0 55 0 19 20 0 40 0 51 16 0 26 0 0 10 63 0 0 22 0 15 0 34 0 0 49 19 88 0 0 7 0 14 0 0 60 10 41 0 0 0 0 3 19 2 35 3 0 69 0 0 9 10 22 43 14 40 57 0 0 0 0 13 0 59 0 0 10 24 59 0 10 0 7 58 0 0 22 19 0
 0 0 31 0 29 22 0 0 0 0 75 8 87 48 0 0 61 60 0 1 0 0 0 0 0 6 0 18 11 94 0 75 0 10 10 30 25 0 0 0 0 0 0 6 69 0 0 0 8 95 69 37 57 0 0 18 0 38 19 2 91 17 27 0 38 0 0 43 3 17 0 1 0 0 47 70 5 47 0 0 0 0 0 0 24 0 48 0 5 1 0 0 0 39 0 31 0 29 2 0 2 1 0 23 0 0 0 34 71 17 7 41 3 0 36 0 0 0 44 19 1 0 25 67 0 0 0 0 0 0 41 14 0 0 41 7 0 0 69 0 35 0 0 35 0 15 0 4 8 16 0 0 4 25 36 0 10 18 20 0 14 54 48 0 0 0 30 0 19 24 0 0 0 68 28 0 0 74 0 0 0 74 0 0 0 0 0 90 24 62 59 62 0 67 0 25 4 0 13 38
 10 0 0 0 0 0 2 0 66 0 0 39 0 52 16 56 15 0 0 0 55 14 47 0 0 0 0 0 10 0 0 20 0 1 20 0 0 12 0 55 0 9 54 15 0 0 29 0 0 11 0 0 7 0 11 0 0 57 49 41 17 0 74 0 0 0 3 26 35 15 0 19 20 22 0 76 0 27 0 0 0 0 61 0 15 15 24 0 0 20 0 0 0 57 0 14 84 0 0 0 0 1 0 0 18 0 0 73 17 0 0 0 0 0 8 53 93 21 0 1 0 0 0 0 0 0 31 0 41 0 0 0 0 16 0 33 0 28 22 9 33 32 0 0 0 0 29 63 0 0 0 0 50 0 0 68 0 13 32 1 0 0 0 19 66 55 0 0 32 0 0 0 0 8 26 0 68 0 0 48 0 0 23 0 0 0 0 46 45 0 11 0 49 9 0 35 0 26 25 0
 0 7 0 34 0 40 0 29 16 7 0 10 84 30 30 0 54 33 43 13 0 0 41 0 22 5 82 0 0 0 0 40 6 61 0 0 0 0 0 42 0 0 0 12 0 0 0 54 0 0 15 21 0 51 0 18 17 21 28 0 8 40 0 32 6 0 14 51 0 0 72 31 39 0 71 35 19 0 0 0 81 18 48 0 3 56 0 40 0 0 12 17 0 15 0 0 0 21 0 0 0 0 0 61 15 10 21 16 0 33 0 0 0 0 60 76 47 30 0 2 0 3 71 14 16 20 48 30 11 0 0 17 0 25 0 0 0 7 0 41 13 2 25 0 1 9 23 0 47 1 0 10 46 27 73 0 0 92 3 1 0 0 84 36 0 39 26 70 0 0 87 2 0 0 14 25 0 0 32 0 0 34 0 0 42 8 0 0 49 93 0 37 15 40 54 41 0 0 83 22
 7 0 0 19 0 0 31 17 0 0 0 0 0 79 0 87 0 0 0 0 47 0 0 17 0 0 5 65 0 10 0 7 0 0 0 0 0 0 34 0 15 66 0 0 0 60 0 0 0 0 0 0 0 0 60 5 17 0 8 19 13 26 95 0 35 0 0 0 0 15 0 53 0 0 0 28 52 0 0 0 0 0 32 0 13 0 0 53 0 35 8 0 0 19 33 0 9 0 6 17 0 0 13 17 0 0 0 14 21 40 0 0 24 0 0 33 0 0 47 0 0 0 0 0 0 33 0 0 0 29 32 13 34 68 0 0 5 0 0 0 39 29 0 56 24 0 71 68 0 5 58 5 16 5 8 0 0 21 28 39 16 61 0 8 74 0 3 53 0 8 28 3 0 0 0 4 1 0 0 0 0 13 0 12 55 16 32 0 55 0 41 0 0 0 19 0 0 44 49 40
 0 29 0 0 14 0 0 0 0 1 7 0 0 26 36 30 0 38 0 0 0 32 0 7 21 0 19 10 3 17 0 30 38 0 35 75 0 0 0 0 19 0 22 0 0 0 0 0 19 0 0 7 0 22 16 0 0 40 0 12 46 8 47 0 0 0 0 0 0 0 0 0 0 40 0 24 33 0 59 0 53 20 74 89 0 49 100 0 52 0 0 0 0 48 0 0 17 0 23 18 86 29 0 2 73 70 9 0 7 0 60 36 0 29 63 0 83 15 0 0 0 55 0 0 5 0 52 19 30 0 83 61 48 0 0 0 85 28 0 0 67 0 0 0 90 0 0 6 10 0 0 0 57 0 69 0 18 0 0 16 43 58 0 0 35 0 71 33 65 0 0 0 24 0 51 59 0 0 0 24 30 0 0 11 43 4 62 30 53 0 0 0 0 9 53 10 84 0 0 28
 0 0 0 0 14 0 32 48 12 0 19 0 39 0 0 83 47 73 0 57 41 29 74 0 0 47 0 19 28 7 0 1 0 56 0 35 0 33 0 0 0 0 15 30 0 0 17 0 8 0 0 0 2 0 0 0 0 49 19 35 0 9 0 32 58 27 0 0 18 83 0 0 48 73 0 0 0 2 51 0 15 0 0 0 0 57 56 0 0 0 49 0 34 57 4 0 20 0 0 46 0 0 0 0 18 0 45 0 3 0 0 9 5 0 56 0 6 0 0 0 65 0 53 59 59 0 0 38 31 0 0 10 0 4 0 31 18 45 0 22 0 0 2 30 0 0 0 0 16 0 38 25 9 0 21 51 0 0 0 28 0 42 0 11 30 0 45 77 0 0 22 73 14 4 32 61 0 0 0 0 0 0 54 0 99 65 57 4 21 0 60 29 0 8 0 7 0 5 0 6
 0 0 64 10 0 39 92 11 0 48 0 0 0 7 38 0 25 0 73 0 43 31 0 20 0 0 0 0 31 71 9 49 0 0 0 24 4 17 0 21 27 0 52 0 0 0 30 52 7 62 0 6 25 64 0 0 15 53 0 39 2 38 8 0 0 0 0 27 2 0 51 41 0 0 27 65 0 8 0 0 9 0 0 33 0 30 58 72 0 60 0 55 81 0 0 32 0 0 0 38 7 85 0 46 64 0 0 0 0 0 0 51 1 0 0 18 12 13 0 0 66 0 0 0 0 3 0 0 0 38 46 76 0 0 0 0 0 75 39 0 0 18 35 20 0 16 0 0 19 0 0 85 35 20 41 74 0 49 12 76 0 0 16 23 30 40 0 0 0 13 50 4 0 48 0 17 0 0 35 0 40 10 0 0 41 0 72 4 42 0 49 0 0 25 0 0 10 13 0 33
 0 0 23 84 9 41 15 0 28 62 0 46 0 8 0 0 58 59 0 0 81 0 0 0 0 76 3 0 36 2 45 38 24 28 0 0 5 24 17 43 31 0 13 56 28 84 0 38 8 7 0 0 19 27 0 4 78 2 59 0 0 15 0 0 0 13 0 0 3 1 85 19 15 0 0 22 40 0 0 0 0 8 8 56 0 0 0 0 47 9 50 0 36 21 0 60 0 33 67 45 30 14 0 14 14 0 19 0 0 0 0 56 0 0 0 25 38 0 36 17 0 0 2 26 3 0 0 0 21 0 63 67 0 0 0 20 49 0 40 0 0 0 0 0 0 39 62 0 0 8 0 0 76 0 0 0 70 2 47 32 1 29 19 0 55 50 0 6 58 32 22 0 70 14 0 0 26 0 17 92 37 0 1 11 0 0 0 5 13 83 0 18 0 0 0 8 0 0 0 0
 0 0 0 0 0 31 52 33 0 14 33 14 0 49 58 18 0 52 43 69 33 0 0 0 0 0 0 0 44 9 0 0 0 0 0 0 14 92 25 19 0 72 68 37 48 15 84 28 0 0 0 0 38 99 40 0 0 22 0 0 64 39 56 6 0 0 88 0 0 0 0 0 0 0 0 0 2 0 67 45 0 15 0 7 0 0 0 0 0 0 59 48 42 0 0 62 85 23 0 43 10 67 0 52 6 0 1 0 0 21 0 0 31 27 0 67 29 46 64 58 0 39 18 0 31 0 0 7 9 23 0 0 0 0 0 0 0 87 0 0 0 0 34 18 43 0 0 0 0 69 0 0 0 0 0 15 0 0 0 0 49 26 0 75 34 0 0 0 0 52 0 0 19 4 36 9 0 16 0 0 0 61 21 37 0 0 5 0 51 5 0 47 26 0 31 7 0 0 27 0
 0 0 30 0 0 76 62 0 13 0 0 27 0 83 30 0 46 65 0 10 86 60 0 66 0 0 0 0 31 0 0 0 0 0 0 4 0 0 0 0 0 0 0 5 73 7 49 0 0 0 35 22 0 76 0 0 22 19 0 33 0 0 20 0 0 0 37 0 0 0 33 0 0 30 0 0 12 24 38 0 0 0 0 0 0 0 0 71 0 0 0 0 0 35 25 14 0 0 18 33 40 31 0 0 18 36 84 26 0 0 0 60 0 0 3 47 68 0 18 0 0 39 39 0 0 69 0 27 5 44 30 58 31 0 0 37 15 0 73 0 0 0 21 0 45 69 0 0 0 0 0 81 67 54 1 26 0 27 58 0 57 66 0 0 0 0 50 36 53 0 0 0 14 0 4 0 0 0 69 0 0 33 13 0 0 0 0 44 0 1 0 0 0 64 28 49 88 20 0 0
 13 0 88 20 2 0 0 0 17 1 1 0 17 0 17 0 0 0 0 0 97 0 0 6 14 11 13 0 0 54 85 60 7 2 0 0 26 0 0 80 0 5 8 7 7 0 15 0 0 0 3 11 4 43 0 68 0 81 0 78 0 11 31 0 0 0 21 23 0 38 0 7 47 0 0 32 0 0 85 0 0 0 35 0 5 11 33 0 0 35 74 0 23 27 77 0 0 0 7 0 41 67 40 65 0 35 1 0 0 24 0 65 0 0 28 0 22 0 61 78 0 32 12 0 0 0 33 95 7 44 0 0 0 15 8 0 23 0 30 0 0 37 0 0 0 28 74 11 0 0 0 59 0 0 0 39 31 0 17 9 39 22 30 0 35 71 5 0 0 56 0 0 0 0 0 0 51 0 0 29 0 0 0 21 0 23 56 0 19 0 32 0 0 0 51 0 0 67 66 24
 0 46 0 76 36 0 0 0 0 49 50 0 24 57 0 0 0 37 50 0 23 66 10 25 38 0 21 12 0 25 0 8 0 43 0 6 0 0 0 27 8 0 0 0 4 0 17 83 0 0 0 53 0 0 73 61 58 92 69 60 0 0 0 11 0 0 28 0 13 0 0 34 0 31 0 29 0 39 0 58 0 0 0 0 0 0 31 31 0 0 57 0 33 6 0 0 0 0 76 56 0 0 0 45 13 0 0 8 13 0 11 0 41 0 26 0 0 7 0 0 0 60 0 0 32 0 0 50 0 19 0 55 0 0 0 0 0 8 9 0 0 3 2 13 0 0 3 5 41 0 0 13 9 80 0 0 13 0 86 44 0 0 10 87 89 0 0 0 10 57 0 0 2 0 3 52 0 30 0 0 26 0 1 41 0 0 33 29 0 0 0 0 9 22 0 8 10 3 0 0
 49 47 79 48 0 0 0 0 0 35 65 0 0 22 8 0 44 44 33 20 36 0 30 10 0 0 76 39 23 0 0 0 66 33 41 0 14 0 36 0 55 14 0 0 0 9 10 12 13 0 14 9 28 0 39 60 54 35 0 0 1 32 50 0 0 46 0 0 0 61 14 0 0 14 0 0 0 0 10 0 0 43 0 0 0 0 0 41 0 22 0 0 0 0 58 0 0 0 0 0 0 5 16 46 0 0 0 0 0 3 4 0 0 0 73 0 64 62 0 19 56 0 32 0 0 0 0 0 0 0 0 10 0 13 55 0 63 0 0 48 22 53 35 36 43 5 0 0 0 82 0 0 0 0 15 77 76 0 0 0 15 29 0 5 0 5 0 51 26 0 32 0 0 19 0 0 77 0 36 0 67 0 8 22 0 6 0 55 0 0 80 34 0 0 0 2 0 49 0 10
 0 0 1 33 30 41 48 66 26 0 12 48 12 0 0 24 0 4 60 0 0 0 0 5 28 0 8 0 0 60 41 2 39 0 0 0 35 0 0 3 60 11 48 0 0 0 0 31 5 71 0 0 0 39 0 78 0 75 0 0 64 32 26 0 43 0 0 0 0 0 0 35 23 9 3 0 57 49 0 34 0 0 56 9 61 0 70 36 0 0 0 7 0 0 0 81 20 69 12 0 0 63 0 60 0 0 0 0 0 0 79 41 0 0 0 17 42 17 56 0 0 0 0 9 0 0 0 0 0 68 7 0 0 0 3 0 0 0 32 0 0 0 0 58 95 0 43 0 40 0 0 33 42 0 0 0 0 58 56 0 1 0 34 0 81 71 29 2 0 68 26 0 42 45 17 13 0 60 0 0 0 76 0 4 80 18 0 2 55 64 66 22 1 17 23 5 0 0 56 25
 0 0 75 0 25 39 0 0 0 0 71 49 0 6 0 42 67 21 63 7 0 0 53 0 17 0 86 0 0 0 9 0 18 5 0 10 64 29 6 2 0 57 24 32 0 42 0 0 0 0 0 39 0 0 5 0 0 0 0 0 0 0 0 0 2 0 0 0 29 66 0 6 19 19 21 3 0 79 38 0 8 0 50 0 0 0 0 0 0 0 0 0 0 13 6 0 0 56 11 0 0 36 0 27 0 0 10 0 0 0 10 26 3 23 0 0 6 24 0 84 0 42 0 22 0 27 0 48 1 0 0 0 0 0 0 23 60 12 27 0 0 0 0 1 34 8 0 0 0 10 0 0 57 0 5 53 0 37 0 0 43 54 11 0 44 0 0 0 0 0 0 0 0 66 59 0 0 29 0 10 0 0 0 63 0 0 0 3 0 55 25 53 15 0 24 57 55 73 0 0
 0 57 81 9 0 6 0 0 36 0 0 70 0 20 10 0 45 0 54 56 0 13 45 15 50 40 0 0 0 0 3 0 0 0 69 30 0 0 12 28 1 15 0 13 0 0 45 0 31 71 0 0 0 0 24 10 0 31 32 0 27 29 0 21 2 0 0 0 0 25 0 13 0 6 0 0 0 32 74 0 3 28 38 19 0 0 0 0 0 60 0 7 51 0 45 56 0 3 36 0 0 41 0 35 2 0 0 42 15 0 0 0 0 0 0 0 0 8 0 10 0 73 47 0 0 57 16 5 0 42 0 0 72 0 0 0 0 48 7 42 41 0 64 14 0 0 90 0 0 7 0 24 54 19 0 0 52 31 0 0 43 0 0 0 0 0 0 0 59 0 40 62 0 9 10 57 28 3 80 0 2 0 22 0 65 0 78 40 0 0 0 85 0 0 0 50 0 0 0 0
 36 0 0 0 0 26 1 9 42 0 1 58 0 0 0 55 31 0 11 7 0 0 0 0 0 58 10 6 36 0 20 30 0 25 94 0 0 2 5 1 23 0 0 64 0 19 0 16 0 0 2 0 12 16 0 0 0 0 65 0 0 30 87 0 0 29 0 36 0 19 0 59 0 0 27 0 63 0 0 66 0 17 0 0 0 0 36 9 0 0 30 40 34 13 24 0 20 0 41 0 55 46 0 21 0 52 0 0 0 45 0 52 4 0 0 0 85 0 48 0 0 50 1 0 20 0 20 39 0 0 14 38 0 0 0 0 32 40 6 69 0 15 42 0 0 0 0 0 80 0 18 42 0 8 35 55 25 0 0 24 12 51 12 45 36 87 0 0 75 0 23 0 50 0 0 0 77 0 11 0 0 94 0 4 20 0 35 0 42 98 21 0 39 0 31 67 5 55 43 0
 0 15 1 70 0 49 68 0 0 10 0 7 4 0 0 0 15 36 81 53 0 0 0 17 19 13 0 72 0 64 17 0 56 27 18 0 0 2 59 20 39 13 0 0 0 50 0 1 0 0 0 43 43 21 0 0 45 18 14 30 17 0 0 0 31 0 62 61 47 0 11 20 0 0 0 0 0 0 84 0 55 51 0 18 0 0 2 0 3 7 69 0 16 72 54 0 0 0 46 0 57 0 0 0 0 0 0 0 0 0 62 49 73 0 63 0 67 14 26 0 40 0 0 22 0 0 0 0 0 0 6 24 15 24 0 0 6 53 2 31 0 0 0 2 0 45 2 0 0 5 0 49 0 0 0 7 0 0 0 0 0 0 3 7 84 60 28 41 0 69 0 14 0 0 0 0 0 0 47 0 0 71 70 52 0 0 0 0 0 59 0 1 47 0 0 23 0 0 0 0
 0 81 0 11 41 34 39 28 43 0 0 0 10 4 0 0 0 0 0 0 70 16 0 8 27 39 0 24 59 0 27 55 0 0 0 0 17 58 14 0 2 0 0 0 51 0 0 0 0 25 0 53 0 29 0 0 0 5 0 0 0 0 17 39 83 42 0 19 0 0 0 27 0 0 0 8 0 26 11 0 0 0 0 29 0 18 0 0 0 0 0 17 16 69 0 30 0 46 24 24 0 0 0 0 0 0 9 0 0 0 5 10 0 0 19 9 46 0 0 75 36 3 0 0 15 3 21 53 0 1 28 0 0 17 49 23 0 0 17 31 47 9 0 0 0 0 0 0 0 0 5 0 0 12 0 54 8 59 7 0 76 59 3 41 75 27 0 0 31 0 0 0 0 65 0 14 0 0 0 0 18 0 42 53 0 0 9 54 1 0 0 0 1 72 67 0 0 0 16 47
 0 87 0 58 0 3 0 0 0 12 0 26 31 0 0 0 0 0 0 9 0 0 13 0 37 4 42 0 16 9 21 39 0 0 0 0 0 59 0 0 0 14 0 0 1 61 5 1 0 11 0 0 50 0 0 0 0 72 37 0 2 0 0 0 0 9 0 81 13 0 53 0 8 0 0 0 0 0 0 16 0 0 0 0 0 0 67 0 23 10 12 51 0 0 43 0 0 38 16 56 0 50 84 52 22 0 0 19 4 41 0 22 0 5 0 0 0 60 50 0 17 0 67 14 24 0 0 38 0 0 0 61 0 0 45 49 0 0 60 0 0 0 0 3 0 0 0 11 62 10 0 0 0 0 0 28 70 35 0 0 0 0 0 56 0 18 62 0 53 47 0 0 5 0 46 0 0 0 46 0 0 0 0 0 40 40 0 0 17 0 0 1 0 0 0 0 10 0 43 45
 11 6 0 0 0 3 0 0 26 0 0 7 18 20 19 14 0 0 31 4 0 90 49 0 0 0 0 0 0 0 20 0 0 0 0 0 0 43 43 0 4 96 0 0 6 10 0 2 27 47 11 0 2 0 0 8 33 0 0 0 26 0 0 68 0 33 0 5 0 0 37 35 67 0 0 32 0 0 46 22 0 58 5 0 0 25 0 0 4 0 44 2 0 0 27 0 60 0 22 47 12 5 0 38 37 0 8 0 0 44 38 0 0 0 0 18 0 0 19 0 50 73 0 0 0 0 0 51 0 0 2 0 0 1 46 40 4 0 12 52 56 24 28 40 63 0 41 0 2 0 0 29 0 0 0 2 22 43 20 32 27 0 52 0 66 0 86 22 94 9 23 42 0 0 14 0 0 2 12 52 0 8 0 0 4 0 0 21 0 0 16 69 20 0 0 0 0 33 72 54
 0 57 0 0 0 0 0 39 0 70 0 0 0 0 0 0 0 0 18 21 0 0 13 0 20 36 0 18 0 0 33 32 49 4 41 77 31 0 0 0 0 0 41 78 29 0 41 1 7 0 0 0 11 0 0 0 0 0 32 66 30 75 34 72 0 42 0 0 0 0 15 0 42 36 60 0 0 0 0 42 73 0 28 14 70 8 0 20 1 9 0 0 38 0 79 56 0 0 0 0 6 47 29 52 0 68 0 26 26 0 22 0 0 0 55 35 0 0 0 0 0 55 0 0 68 0 0 0 0 0 0 22 29 20 0 0 0 29 0 0 2 79 0 20 0 0 20 16 49 14 28 38 54 0 3 26 5 0 76 0 0 0 0 0 31 0 5 5 34 0 23 0 0 0 0 20 44 16 46 3 11 11 0 16 4 0 3 87 16 0 52 0 0 34 0 70 84 0 0 58
 41 0 16 0 0 3 0 62 61 64 65 38 0 27 0 32 40 0 2 20 0 72 0 0 0 21 15 0 79 40 36 0 40 0 0 0 67 8 0 0 0 25 18 0 0 4 0 0 0 9 84 0 0 0 0 0 43 50 64 34 0 3 0 0 0 69 13 0 27 0 12 0 68 0 19 47 21 0 5 0 22 0 73 23 0 0 11 0 0 48 29 23 0 0 0 95 24 0 0 46 18 1 82 0 0 0 0 0 0 0 19 0 0 52 14 0 4 30 0 0 28 35 16 55 0 0 13 35 50 5 0 0 5 0 0 0 0 0 6 0 0 0 16 0 12 25 0 71 9 16 0 15 21 0 0 23 0 0 39 0 2 40 19 23 0 46 45 0 16 0 20 0 0 3 7 0 49 34 92 17 0 0 7 0 0 0 0 76 0 0 0 44 0 0 0 73 33 0 0 0
 0 0 52 0 0 0 0 0 0 0 0 0 0 32 51 0 87 0 0 42 0 0 0 8 0 34 0 0 1 17 0 0 0 45 51 0 0 0 47 0 20 0 0 0 5 9 10 35 0 24 7 48 17 0 0 0 11 24 13 13 0 88 0 0 10 18 37 19 0 0 72 4 0 1 7 8 0 0 66 5 65 2 0 0 0 0 0 4 61 5 0 75 0 59 0 58 70 7 0 0 0 39 8 27 0 32 0 22 0 0 21 13 0 35 0 0 0 0 0 6 1 46 14 58 73 34 0 0 0 0 0 0 0 10 0 39 0 79 23 0 0 0 25 3 7 1 31 0 0 0 0 26 46 0 19 0 0 0 0 0 0 0 0 39 0 0 20 0 0 20 29 0 0 8 0 6 0 33 0 0 40 0 0 45 0 9 0 0 0 23 32 0 0 51 23 0 66 9 0 0
 0 0 0 46 0 0 0 34 57 4 0 0 9 7 0 6 73 38 9 4 13 37 0 23 41 0 0 0 63 24 19 0 68 0 32 0 0 56 46 70 0 0 45 0 4 0 60 0 38 0 0 0 0 14 26 44 54 11 0 8 0 0 0 0 0 0 7 2 45 0 18 0 0 0 0 0 11 0 0 0 50 74 65 0 52 17 43 4 0 14 0 28 0 39 0 0 27 60 48 0 0 5 35 24 0 0 0 10 0 48 64 18 32 0 61 15 0 5 5 35 60 0 1 0 32 0 0 0 0 12 0 13 0 6 0 0 59 0 70 0 2 0 41 0 0 40 0 0 66 62 51 33 0 0 0 8 78 0 4 0 28 21 0 0 0 0 0 0 64 0 0 25 0 56 0 21 92 0 5 0 0 0 0 47 0 0 31 8 45 58 0 9 0 0 18 13 65 0 48 0
 20 16 0 0 15 17 40 59 38 0 0 50 7 4 0 0 0 49 35 0 5 0 13 12 0 0 66 25 84 21 12 0 90 57 9 6 0 0 0 0 69 37 0 0 0 27 22 0 0 59 0 22 0 0 0 11 54 0 15 20 92 0 0 0 0 29 44 42 11 53 0 50 0 4 0 37 0 11 0 0 0 0 0 0 0 25 13 0 0 0 54 9 22 61 0 6 85 29 17 4 0 88 70 7 13 54 0 0 0 0 0 0 0 0 22 7 4 0 0 6 0 0 0 10 16 5 0 0 0 70 0 0 19 52 0 0 75 0 54 0 4 14 49 0 0 0 47 19 8 0 0 33 0 0 0 30 0 49 0 10 0 0 39 64 0 24 21 9 18 34 54 0 0 4 0 0 0 0 34 0 32 0 50 0 0 0 0 0 2 0 0 70 0 48 0 0 63 0 0 28
 0 48 27 56 51 24 51 0 5 0 0 35 13 86 45 47 0 0 0 47 0 60 0 0 0 65 27 1 0 84 3 0 0 39 13 38 95 0 0 0 35 7 51 68 0 23 0 0 0 0 0 0 0 0 2 0 0 0 58 20 20 0 0 0 3 5 0 83 37 67 0 23 72 24 36 13 0 0 5 42 27 2 87 0 60 46 81 0 0 39 0 20 35 60 0 43 48 0 0 32 6 10 29 0 0 0 3 4 47 46 0 0 85 78 0 0 3 8 0 0 38 24 0 0 0 17 23 6 4 27 25 0 9 61 0 0 0 28 0 0 0 0 54 16 16 20 0 20 0 41 1 42 0 0 0 12 39 0 21 25 62 0 0 0 0 65 0 75 0 0 15 0 0 0 51 71 50 26 0 0 0 51 63 15 0 20 0 0 0 0 0 49 25 67 0 0 59 0 47 9
 0 26 0 6 44 0 0 0 78 0 7 0 9 9 29 0 0 0 0 69 4 72 45 50 0 18 0 0 0 0 0 22 0 22 0 44 6 61 0 0 28 30 2 0 66 0 29 22 0 47 21 79 3 25 0 0 18 54 0 10 41 0 0 0 29 16 28 0 35 41 40 0 0 0 44 0 0 76 45 31 0 71 52 0 35 59 47 0 0 19 0 0 0 0 47 0 0 0 0 0 0 36 13 13 0 14 67 0 0 0 75 33 0 0 30 61 52 0 29 0 0 0 51 47 49 61 0 26 0 34 0 0 83 0 0 15 49 0 0 0 0 46 0 0 57 0 0 24 0 26 0 84 0 0 25 25 0 4 4 35 13 0 16 0 15 0 34 10 66 0 0 0 0 0 9 45 0 49 77 0 0 31 27 1 0 42 0 43 23 0 0 48 37 0 0 5 0 6 44 0
 13 76 0 31 27 57 0 41 49 0 44 60 40 0 58 62 10 0 0 30 57 53 0 85 0 0 0 0 0 35 0 35 40 0 0 40 39 64 9 89 0 17 9 0 0 0 61 27 77 0 10 35 0 0 59 0 0 61 0 0 9 31 0 0 44 0 0 0 0 0 0 42 8 8 0 0 0 0 18 77 61 29 0 43 0 14 0 0 52 5 39 0 12 38 0 0 1 27 0 62 78 0 0 28 68 40 29 8 0 51 27 0 0 0 0 40 1 0 0 40 50 7 96 0 0 0 3 0 53 34 36 9 43 0 0 0 0 0 0 42 0 0 6 13 0 0 50 0 63 6 4 0 12 0 0 0 0 0 0 22 0 51 1 54 23 0 51 0 80 0 0 20 28 27 12 23 0 0 0 0 30 63 0 0 0 0 0 12 35 0 0 0 0 0 0 0 62 56 75 0
 0 0 0 0 0 15 7 29 9 0 52 0 0 67 32 34 0 0 0 67 0 0 8 0 0 0 0 0 49 45 23 20 58 40 0 7 6 34 0 45 0 0 0 1 12 0 81 0 0 6 46 79 0 0 0 43 0 0 0 0 13 16 0 44 0 45 0 41 0 0 0 0 68 11 60 0 50 45 0 4 0 75 31 54 1 67 0 52 0 40 82 0 0 39 1 49 13 0 6 8 0 22 3 0 0 15 0 75 51 0 0 56 47 26 0 45 44 6 26 16 50 0 58 0 0 0 21 0 8 0 16 85 2 0 2 62 0 1 0 0 43 80 0 19 35 0 55 8 15 62 0 38 47 0 1 0 33 0 82 0 0 0 12 3 0 78 85 0 0 0 0 33 56 0 43 0 0 11 0 0 25 20 14 24 31 0 18 0 58 0 24 26 0 0 3 0 0 1 0 0
 49 0 0 0 0 0 0 28 0 0 40 4 73 0 0 47 0 0 10 22 42 0 0 0 40 0 0 0 0 27 0 13 5 0 42 0 0 0 8 2 71 41 0 0 62 0 12 0 48 0 0 0 0 15 0 84 0 33 25 3 20 0 0 30 19 56 0 0 0 60 0 4 0 83 0 0 39 0 36 56 16 0 9 0 0 0 31 20 0 3 0 0 0 0 0 0 0 0 0 73 46 72 20 0 26 0 24 11 0 13 8 0 0 64 0 17 53 0 33 27 2 40 39 0 0 10 7 0 0 0 63 24 0 55 4 0 0 0 27 0 0 8 49 12 0 2 21 6 9 68 0 59 0 12 0 0 0 46 58 29 56 0 14 0 2 0 0 0 18 0 0 0 5 18 5 0 0 0 3 30 0 27 69 0 0 39 4 53 17 0 51 0 0 21 47 60 0 0 0 0
 0 43 0 36 4 0 11 2 30 0 25 0 60 0 40 21 30 45 0 63 0 19 0 0 0 0 30 0 47 0 0 80 0 20 76 0 0 0 0 7 0 65 0 1 3 0 0 0 0 31 0 0 5 39 0 12 0 82 0 89 46 30 38 0 4 0 0 0 64 0 30 34 0 0 0 0 55 0 4 83 3 0 21 0 0 0 15 7 0 45 4 0 0 26 0 0 43 0 66 0 0 48 0 0 0 0 0 31 0 55 0 0 21 0 79 0 0 0 0 15 89 0 0 0 66 36 0 5 66 0 0 12 41 0 0 0 0 43 8 0 0 29 54 58 0 0 0 0 0 33 0 14 7 30 0 0 0 10 36 14 42 33 0 0 0 0 61 0 12 20 0 0 46 57 66 0 0 59 48 0 0 0 14 50 0 0 0 30 35 68 47 33 0 0 56 14 78 67 0 40
 58 15 0 7 0 0 83 30 0 0 20 0 37 60 0 0 0 0 0 66 0 4 32 0 0 7 16 64 3 56 38 0 0 72 0 11 0 0 0 71 1 32 70 0 0 46 52 91 0 0 62 0 0 0 0 0 8 0 49 5 0 0 0 0 0 2 7 21 0 4 23 0 0 0 0 0 82 0 0 0 46 0 0 32 0 40 0 52 0 0 0 0 29 0 60 0 26 22 0 0 19 30 0 0 37 32 34 24 0 10 0 18 61 0 0 0 46 0 39 57 0 0 16 7 25 0 16 24 54 0 1 0 0 57 0 31 0 0 0 39 45 33 71 0 0 0 40 0 0 0 0 0 18 0 63 22 0 31 0 0 11 0 0 48 91 0 0 64 38 0 58 26 25 0 56 0 9 60 0 35 0 0 0 39 0 15 73 22 7 31 13 0 71 0 57 18 0 26 0 28
 0 0 0 0 5 0 40 34 0 45 0 0 0 58 59 0 41 0 0 0 0 43 35 34 0 0 0 43 37 26 35 0 53 72 36 66 0 5 67 0 1 0 75 43 65 0 16 0 21 0 0 11 0 0 16 0 21 10 68 0 34 0 0 0 0 49 7 0 25 75 0 0 0 0 1 0 7 0 0 20 0 0 78 58 16 0 0 34 20 0 0 47 85 49 0 0 0 0 53 31 0 5 58 0 0 29 21 8 0 41 26 0 50 62 75 0 0 43 0 0 0 38 7 0 89 35 40 29 8 0 0 67 9 0 64 0 0 13 0 0 0 0 26 64 0 12 0 2 0 30 1 77 0 42 0 77 0 41 0 0 0 0 23 0 0 0 0 15 21 35 20 26 5 0 64 0 0 0 0 0 58 0 0 16 28 0 42 27 0 0 86 0 14 0 0 44 87 24 0 0
 0 27 73 0 8 0 0 7 0 0 0 31 12 26 11 62 2 0 0 0 0 0 10 28 28 18 41 42 0 0 0 0 45 0 0 66 29 0 73 0 0 0 25 0 54 16 0 4 71 62 9 58 0 0 0 0 86 50 0 0 0 0 0 0 0 7 0 0 26 10 0 0 0 76 0 13 27 0 0 0 70 0 44 0 0 47 21 3 9 0 0 2 0 0 0 65 1 0 36 0 0 20 25 7 0 0 0 82 0 0 44 0 60 25 0 9 18 0 36 23 0 0 20 0 69 38 0 72 44 4 0 8 0 0 43 0 0 0 0 16 19 5 41 36 0 51 17 0 63 0 12 0 4 0 35 0 0 53 22 0 0 0 0 35 0 0 3 58 3 21 18 0 0 29 0 86 71 81 0 41 79 77 17 0 30 0 3 90 43 4 4 0 41 0 0 0 0 9 20 2
 36 59 23 0 0 0 0 51 0 12 59 77 54 0 75 49 28 0 0 0 40 38 0 51 0 41 0 0 63 0 0 7 0 0 5 0 0 31 2 26 0 6 0 1 0 86 33 32 42 5 0 41 69 64 48 20 0 85 61 0 26 0 29 0 5 0 0 0 0 10 14 98 78 47 10 32 0 48 0 7 39 0 32 24 0 0 0 0 0 7 86 30 0 0 40 0 26 36 25 53 43 81 70 0 94 84 5 0 22 8 0 0 32 33 0 45 69 6 0 35 0 10 0 7 55 25 0 17 0 35 12 0 0 14 0 0 0 8 0 13 71 63 47 0 0 64 16 87 0 0 66 29 14 34 0 11 0 0 0 0 63 0 58 31 2 0 20 62 0 50 0 0 3 6 57 0 46 0 0 0 0 36 0 33 0 0 76 75 0 40 0 0 45 0 0 35 0 4 0 45
 19 5 0 0 0 0 82 0 18 12 27 0 20 27 33 0 0 15 0 0 0 0 0 60 32 0 44 13 0 0 81 0 35 0 0 0 47 0 0 0 0 2 0 0 51 0 67 74 0 0 50 0 0 47 0 0 48 3 14 10 0 8 15 34 62 0 0 0 16 39 30 33 26 0 58 66 95 0 0 29 0 55 0 0 0 30 0 6 6 8 16 8 0 32 0 0 0 0 0 5 44 4 0 45 41 51 0 51 0 0 0 71 0 30 0 0 0 0 0 0 78 0 1 0 0 32 3 0 0 0 13 59 0 25 0 37 27 32 22 0 0 1 22 0 47 0 0 0 0 85 0 32 43 77 0 26 22 0 0 0 0 49 90 0 36 0 0 48 3 0 9 0 0 0 59 30 0 33 0 2 69 0 69 0 37 0 29 4 0 9 67 0 54 0 0 0 0 10 31 40
 0 0 0 3 56 0 0 0 30 0 30 0 0 20 24 10 0 0 0 14 0 0 0 0 43 35 0 0 66 0 0 0 40 0 37 72 49 0 0 17 25 0 0 10 0 0 0 19 0 30 0 63 96 19 20 0 29 0 12 0 10 0 8 0 33 2 0 0 8 84 0 0 3 18 47 31 44 0 54 0 11 50 53 0 18 2 59 26 60 3 0 0 0 37 0 0 0 49 0 33 0 0 37 0 0 40 0 0 0 6 0 0 0 13 0 0 19 0 0 0 0 0 38 52 53 10 51 0 37 0 0 0 0 65 21 0 0 31 0 63 19 0 41 5 1 11 0 37 85 0 16 28 32 51 74 0 0 55 19 0 0 0 0 0 0 0 0 43 36 0 35 0 0 0 44 26 0 0 0 5 0 0 0 0 46 0 0 48 0 0 1 17 0 17 54 6 24 78 1 28
 0 0 11 41 0 0 86 44 0 11 0 2 34 11 0 0 0 0 44 71 22 13 0 0 51 0 4 1 39 1 0 0 63 40 0 76 2 32 0 4 0 20 24 0 0 0 2 2 48 0 0 0 71 0 0 0 0 0 54 0 0 0 20 0 16 0 21 0 54 12 0 44 0 3 0 0 28 0 0 62 0 0 0 35 0 0 0 0 26 0 37 57 25 0 13 0 0 0 94 0 89 3 0 26 0 89 0 0 65 43 8 0 53 67 0 0 0 0 0 34 83 0 41 0 0 48 0 8 64 41 84 23 54 0 0 0 12 14 0 41 39 48 0 0 69 40 0 0 49 30 81 0 0 0 0 0 0 0 0 0 0 54 42 0 67 4 0 49 1 48 0 0 0 0 0 0 50 26 0 51 0 77 0 15 10 67 48 0 0 0 57 0 0 0 0 7 13 5 82 0
 0 42 25 11 0 0 18 58 46 20 0 0 42 5 76 1 0 0 21 27 83 26 40 0 34 0 30 25 0 0 0 34 0 0 47 0 1 0 41 0 43 0 40 19 0 0 0 0 26 15 62 0 60 0 87 20 0 0 0 0 0 0 0 0 29 0 51 45 18 0 55 14 24 0 0 0 9 0 89 48 0 0 10 37 34 0 9 5 0 37 0 0 0 0 74 0 0 0 8 57 40 0 0 78 52 23 0 0 7 18 0 0 0 13 10 0 41 0 0 11 0 0 15 0 2 76 0 0 20 12 63 60 3 0 7 0 36 28 64 75 0 0 68 42 5 28 0 13 0 0 16 0 0 0 0 0 80 0 12 0 0 0 0 0 0 0 0 51 43 0 16 0 55 27 22 0 67 18 0 7 14 0 13 0 40 0 19 0 81 0 49 0 0 0 0 0 0 0 0 0
 63 0 0 0 78 7 0 21 0 0 0 65 0 12 76 18 15 9 70 0 0 85 0 16 12 1 0 4 22 9 0 14 0 0 0 42 17 0 0 0 31 49 0 67 0 37 0 52 0 0 38 0 33 0 59 32 87 0 0 28 39 0 0 2 0 44 80 12 44 39 0 36 0 3 18 17 61 0 0 0 0 0 0 15 82 38 0 33 0 0 63 0 0 0 44 33 0 0 45 0 23 0 57 0 1 17 51 48 0 72 63 62 47 2 11 0 0 0 0 0 0 14 41 0 0 36 0 0 0 0 0 0 0 0 0 0 0 38 0 5 0 27 19 39 38 0 0 37 16 0 0 0 0 0 0 0 22 8 61 23 52 0 0 66 15 0 54 88 19 0 0 32 0 0 0 78 0 94 0 0 33 0 0 36 0 0 37 69 0 0 0 0 0 0 0 0 14 50 0 0
 5 15 6 0 0 15 57 0 0 0 0 43 0 88 0 83 0 77 17 0 0 0 0 7 0 3 97 0 0 2 35 16 58 0 32 0 45 0 0 0 70 3 56 0 0 0 48 0 13 70 53 32 2 0 0 56 52 10 0 0 0 54 5 0 0 0 28 65 0 77 0 0 0 0 0 0 0 34 10 0 0 0 0 8 36 0 57 0 0 0 0 18 0 3 68 4 0 3 0 90 70 0 17 0 0 68 1 0 47 68 25 57 0 34 25 0 80 29 15 19 2 0 1 31 0 37 0 8 0 0 23 57 0 0 0 0 0 0 52 65 41 0 66 49 0 0 22 1 0 0 15 36 32 0 0 0 2 68 0 45 34 0 0 9 57 0 0 0 0 27 0 0 10 63 0 0 0 5 22 47 74 79 50 0 10 53 0 0 0 0 0 0 0 42 25 15 61 65 0 0
 0 0 0 55 0 0 15 0 24 5 0 0 31 34 32 0 0 0 0 79 0 6 0 48 52 30 0 0 91 0 0 0 10 0 16 37 54 0 6 52 47 0 0 0 98 0 17 0 0 0 0 0 34 24 0 0 0 0 0 0 76 62 0 16 70 89 35 7 0 3 0 19 0 25 10 39 0 0 0 53 37 0 67 0 0 44 77 37 22 29 72 56 77 50 0 65 27 0 0 0 0 18 14 7 0 0 41 0 0 0 51 26 0 0 0 0 0 0 24 84 0 49 12 9 68 0 0 0 0 9 0 83 0 0 0 0 0 14 54 0 20 0 18 49 65 0 0 17 48 40 0 32 34 33 73 47 2 0 79 37 63 24 21 0 0 49 0 64 1 0 17 0 0 0 82 55 0 0 0 0 18 14 0 14 35 0 0 0 3 0 63 0 0 0 10 52 46 0 0 0
 0 51 8 16 0 8 31 5 0 20 2 12 0 12 0 44 0 0 0 0 0 56 17 0 5 16 0 0 0 30 29 37 74 26 0 15 49 0 68 19 0 0 33 27 8 0 0 0 19 65 36 11 0 94 71 0 6 20 0 0 0 0 0 0 0 0 35 0 52 5 0 0 23 23 0 0 7 36 56 0 20 44 49 64 43 0 0 0 0 15 41 0 0 11 76 0 29 0 60 54 0 13 64 4 0 0 0 9 47 19 78 0 8 47 0 49 0 60 0 0 0 0 0 0 84 0 0 36 8 0 0 0 0 0 40 52 19 0 43 0 17 16 76 0 19 0 14 35 0 49 0 36 0 0 0 54 0 0 0 46 81 0 12 1 23 0 0 0 0 0 65 2 0 0 15 0 0 0 0 0 0 0 0 59 0 0 12 70 6 50 9 10 0 2 23 51 27 10 0 0
 0 10 11 2 0 0 22 16 0 18 7 0 54 0 0 28 1 33 0 84 54 0 0 53 0 0 2 83 24 22 62 9 77 52 0 47 0 34 0 3 94 37 27 0 7 0 12 0 0 0 0 9 55 0 71 30 0 12 5 0 17 0 85 0 1 75 0 48 21 23 0 19 16 0 53 62 77 42 22 10 0 0 0 0 21 0 17 0 0 0 15 0 0 0 0 0 0 0 5 7 17 27 5 0 4 0 36 40 0 18 60 86 0 0 0 32 0 0 3 37 30 57 19 45 52 4 0 0 26 0 0 54 0 0 0 43 0 0 9 0 44 4 2 26 68 0 0 39 13 45 0 0 0 0 0 19 29 23 15 0 0 0 78 23 5 38 0 0 21 48 0 4 44 1 0 69 31 0 0 8 0 33 5 40 0 0 15 52 0 47 38 0 0 0 46 7 34 0 45 67
 58 30 24 11 11 0 0 17 0 31 0 63 0 0 36 26 6 0 40 51 0 0 0 0 10 0 71 2 49 11 0 14 12 10 0 0 13 21 33 0 0 0 7 46 49 0 27 6 43 0 0 0 41 6 0 23 45 24 1 0 46 49 0 0 25 0 39 13 0 10 51 53 0 57 89 41 0 61 0 35 36 58 0 34 0 0 38 48 0 0 46 0 0 45 60 0 17 0 7 0 16 0 0 0 48 76 41 0 0 68 2 0 0 26 0 0 0 0 0 37 0 54 0 87 17 0 0 0 28 33 0 0 0 0 17 0 0 31 0 58 37 18 8 54 12 0 29 0 0 49 3 0 52 0 7 0 0 0 0 20 0 20 0 0 15 0 0 16 35 27 44 0 46 0 0 0 0 0 44 26 54 14 0 37 34 0 0 0 0 75 5 0 0 47 35 0 0 12 0 16
 33 0 76 10 57 1 0 35 81 57 34 20 0 0 7 27 0 0 34 0 14 0 0 32 67 17 61 0 9 11 0 23 0 0 0 0 74 0 35 69 51 42 0 0 0 24 0 0 24 52 0 0 32 0 49 0 100 26 51 22 0 18 61 28 0 0 0 46 0 0 69 0 0 0 28 0 0 4 68 0 2 0 0 0 22 21 48 0 0 23 16 0 20 0 43 79 0 0 0 0 0 0 0 0 7 14 0 0 0 4 5 11 0 10 0 4 34 8 2 0 10 16 84 34 0 58 64 0 0 0 61 21 38 0 18 60 0 0 23 22 2 19 88 0 19 62 15 19 4 0 23 0 39 0 65 27 0 0 0 0 0 8 0 22 48 20 56 4 0 57 41 7 0 0 38 73 17 0 0 0 0 1 19 69 0 0 35 0 0 0 7 0 0 38 24 0 5 16 0 58
 0 17 0 32 0 4 0 0 4 7 0 0 0 11 0 0 0 0 0 0 0 0 0 0 9 0 61 0 0 0 67 43 0 0 0 3 66 0 0 52 0 0 52 0 0 0 0 30 48 20 48 0 32 0 0 0 0 50 6 21 16 0 14 69 0 0 23 0 0 45 97 77 0 18 10 0 14 0 0 60 4 14 0 0 0 0 45 9 3 50 0 0 22 9 0 0 0 0 19 10 24 0 1 0 0 12 0 0 0 83 0 46 0 0 0 0 0 0 61 73 0 2 64 0 37 7 69 12 22 0 21 4 0 0 0 15 52 78 19 8 0 63 0 57 25 13 13 0 20 65 2 0 27 10 0 0 0 0 20 1 0 0 1 0 51 0 65 4 93 37 8 30 24 51 0 58 0 0 16 0 0 0 13 0 58 11 44 18 77 15 0 0 12 0 0 5 28 0 0 0
 10 0 56 22 52 0 11 0 54 0 0 0 0 0 49 0 28 0 71 39 62 0 48 52 36 0 0 0 39 0 52 0 0 0 47 0 0 27 52 17 0 54 0 0 0 0 0 0 0 42 58 89 40 5 0 0 0 0 37 0 0 0 0 0 78 5 0 16 65 47 0 0 0 0 18 0 18 54 77 39 59 53 5 0 0 0 8 73 1 0 0 0 4 0 0 8 64 16 51 28 79 0 0 41 0 10 83 0 51 0 69 52 34 0 0 0 0 0 61 41 74 86 0 52 3 39 29 22 74 0 3 0 14 59 0 29 45 0 0 0 0 28 0 44 87 44 7 63 0 32 8 0 0 0 0 55 0 0 0 0 6 0 8 6 0 0 0 0 40 0 3 11 0 10 10 0 0 0 13 0 25 73 0 58 0 7 10 4 0 0 0 28 67 17 20 0 0 53 0 0
 2 0 0 0 23 12 71 0 0 0 0 0 4 0 0 0 0 2 1 0 0 0 10 1 29 87 50 0 52 41 44 0 0 0 0 0 0 0 28 6 0 0 0 11 4 0 0 63 82 62 0 40 14 20 48 76 0 0 13 49 0 0 27 42 17 0 40 46 64 0 0 0 0 14 22 0 0 0 0 0 43 5 36 58 7 44 13 67 64 0 0 0 0 0 16 0 21 0 43 0 0 41 0 0 0 31 74 23 26 2 36 0 76 13 64 0 30 15 0 0 0 0 14 23 0 0 0 30 0 64 30 41 0 0 0 0 28 0 39 0 0 3 76 56 46 47 23 0 0 70 0 0 0 1 45 12 2 0 0 0 50 0 18 32 0 0 0 44 61 3 19 0 0 44 0 64 2 13 0 35 15 0 56 19 0 0 0 72 2 6 0 57 0 14 31 0 60 6 44 0
 80 0 0 0 0 32 60 35 0 28 0 0 0 0 0 20 0 37 0 47 16 4 0 0 14 0 46 0 67 0 0 0 18 60 39 0 0 0 0 0 0 0 32 0 79 0 10 0 19 78 0 37 0 7 0 0 26 0 6 23 23 0 0 14 49 47 10 0 45 0 0 21 95 0 0 0 85 0 10 0 0 0 8 11 13 15 46 0 0 0 33 0 0 0 0 0 51 0 0 0 17 42 0 74 48 0 18 0 0 4 0 0 23 0 0 0 0 33 0 0 11 0 0 14 0 0 20 47 0 47 0 0 0 0 0 2 15 0 10 0 77 0 43 17 15 78 0 0 45 0 0 19 0 47 0 0 42 38 8 18 0 13 45 0 6 78 15 0 0 0 66 14 0 25 0 29 8 43 44 37 0 57 0 40 0 0 9 12 0 25 17 19 0 98 2 0 0 0 87 0
 45 0 0 60 20 51 36 5 76 0 0 18 0 0 0 0 0 0 0 48 0 34 0 0 5 0 0 96 32 82 66 0 0 0 17 48 28 15 0 0 71 0 74 11 9 11 0 52 32 46 22 0 0 48 66 0 0 19 89 63 20 66 0 0 0 0 76 0 79 15 0 58 48 0 36 23 43 23 16 35 50 0 26 52 50 0 12 22 10 0 0 9 3 19 37 0 22 24 18 66 0 0 0 0 64 9 0 78 0 0 9 24 0 0 22 54 0 21 60 0 22 0 0 36 0 24 6 0 0 10 45 19 28 4 13 0 0 9 45 33 41 0 0 0 1 51 3 17 24 0 45 65 0 40 0 0 41 0 66 96 0 32 47 0 0 83 1 24 1 0 55 0 0 49 0 0 0 28 11 0 0 0 0 0 0 5 0 44 0 27 0 0 0 0 18 37 0 0 0 1
 0 0 42 0 44 0 0 0 0 0 0 0 13 0 0 31 0 86 0 0 0 51 0 0 25 28 0 58 0 17 21 0 37 4 43 45 54 3 51 14 60 0 20 48 18 0 0 0 0 9 57 0 26 45 0 11 0 0 5 0 5 8 61 46 17 0 0 0 47 0 0 0 5 8 33 38 0 35 5 0 0 79 0 0 0 51 12 0 38 57 17 83 61 0 44 15 81 0 52 0 21 0 0 0 0 0 0 9 64 2 22 7 32 28 0 0 8 0 8 58 0 13 0 6 0 1 0 0 12 0 79 0 0 38 0 0 62 0 0 0 11 0 0 23 18 43 0 23 33 21 0 71 4 48 0 0 0 0 73 32 58 46 0 0 32 0 0 0 0 22 19 3 1 8 0 45 0 7 0 0 0 0 0 0 12 0 0 0 44 69 0 0 18 0 19 18 0 37 0 0
 22 0 0 6 0 44 4 37 0 0 23 24 0 61 58 0 47 4 0 19 37 0 77 7 21 0 85 83 0 51 0 0 43 7 39 1 9 8 1 0 0 59 17 3 16 41 0 1 26 5 0 26 0 23 46 21 0 0 0 0 0 21 0 25 0 41 85 49 24 22 9 53 15 57 5 52 8 56 9 0 19 14 0 16 22 0 25 0 26 40 0 0 0 6 0 18 0 68 34 0 0 0 59 0 68 0 70 68 0 0 0 23 61 0 39 0 40 0 73 15 44 77 31 0 0 8 0 0 0 43 32 0 0 30 32 39 4 27 0 0 43 31 0 0 2 25 3 5 42 0 0 59 34 0 0 0 0 0 54 37 0 5 0 36 33 0 19 0 0 69 16 0 0 0 40 0 25 0 27 0 44 72 0 0 78 10 1 0 0 56 0 6 0 38 0 1 0 11 0 0
 0 0 17 14 33 0 93 70 12 0 0 23 0 0 3 0 40 16 11 5 15 16 16 0 0 0 3 0 0 3 40 57 22 0 33 13 0 0 0 12 0 0 22 28 2 0 0 0 0 0 19 23 0 43 0 0 35 17 0 0 0 72 0 34 25 72 36 36 0 0 0 0 40 0 89 0 0 0 0 25 34 61 40 0 62 0 0 0 23 14 0 0 0 3 29 6 0 19 69 13 0 5 0 26 68 0 0 65 0 0 0 73 0 63 44 18 0 7 6 50 0 30 0 23 44 3 0 0 0 23 53 0 0 0 2 0 9 0 0 0 29 21 24 60 48 0 0 36 55 0 14 0 0 0 0 23 82 0 0 0 11 35 9 0 51 31 41 0 0 0 60 39 0 58 0 0 0 0 10 0 27 97 7 63 0 6 0 39 51 19 0 15 21 46 78 40 0 22 0 46
 16 0 28 0 17 16 48 0 0 0 42 7 22 6 60 0 0 0 49 83 8 76 0 4 14 34 0 24 0 0 0 0 0 0 11 0 0 0 31 0 0 19 0 0 0 8 5 0 41 50 0 7 0 11 0 6 4 69 0 16 0 55 13 0 0 1 0 31 0 13 0 25 0 22 0 16 52 28 0 17 0 10 49 19 0 64 0 18 0 0 0 14 63 0 0 56 0 0 12 0 0 0 32 9 55 0 34 0 0 0 0 8 0 0 0 23 0 0 1 0 0 0 0 37 0 0 0 0 25 0 4 28 34 0 72 10 31 0 0 0 0 2 0 48 19 0 65 0 0 83 0 27 71 29 83 0 0 27 40 2 0 0 0 3 19 0 17 0 45 59 15 0 7 0 51 31 0 0 0 0 0 52 0 45 0 0 0 42 0 9 0 14 65 12 68 0 0 0 57 18
 0 41 0 21 19 0 13 0 34 1 1 0 0 43 17 56 19 0 0 0 0 0 75 7 30 22 64 0 6 10 65 52 0 0 0 0 45 0 3 29 43 30 0 0 49 17 45 50 0 0 0 0 0 0 57 0 43 0 50 0 0 0 63 0 0 21 79 24 0 71 0 0 0 17 21 0 0 0 0 27 0 0 23 86 36 0 0 0 47 70 12 0 0 49 0 27 23 0 29 3 0 0 17 0 0 0 25 62 0 28 0 20 0 2 0 11 0 0 0 45 34 0 75 0 0 12 0 55 0 0 26 69 49 0 0 0 0 6 0 46 0 0 40 81 0 0 0 0 0 21 61 58 0 0 0 5 0 46 14 0 0 60 0 0 20 17 0 26 0 22 50 0 29 84 0 21 39 31 1 0 93 0 0 0 0 55 44 0 0 11 64 0 40 52 0 0 0 0 0 37
 0 41 0 33 18 9 21 52 60 51 0 0 0 23 4 22 0 44 57 47 0 3 16 14 85 67 0 0 0 0 0 29 28 0 0 0 0 0 25 0 11 1 0 77 64 0 56 22 68 0 0 0 0 60 0 0 0 58 0 0 11 12 29 0 0 0 0 5 25 0 0 2 0 0 0 0 46 14 0 18 0 0 9 44 37 7 49 19 0 74 0 0 51 33 0 17 0 2 0 0 0 30 17 83 0 0 0 85 14 0 0 0 0 0 0 0 3 47 21 0 0 27 0 0 0 56 53 0 22 0 44 14 12 0 47 0 81 25 0 4 0 0 0 33 8 0 0 73 0 50 0 0 61 0 0 30 0 5 0 16 25 0 39 76 5 0 0 27 0 62 32 34 22 0 0 1 8 85 18 14 32 0 0 66 0 0 0 0 0 0 0 0 0 0 12 0 0 36 0 32
 38 55 27 0 0 0 0 0 19 35 0 0 13 2 53 0 0 0 26 13 2 0 28 16 0 71 44 0 64 0 11 18 0 0 0 0 0 0 24 44 86 0 39 0 0 12 0 0 0 0 0 50 74 0 0 43 37 68 0 0 0 0 0 0 28 64 79 0 18 40 68 13 46 0 19 0 26 20 14 40 63 0 0 67 67 0 0 72 13 46 0 0 0 69 30 0 39 0 0 65 14 0 70 10 32 15 67 0 0 29 0 0 17 0 12 0 0 0 0 25 3 0 0 85 0 0 0 36 47 0 0 8 30 8 0 0 78 0 0 0 64 31 55 37 38 27 0 79 15 0 81 39 0 0 0 0 0 0 0 50 0 0 0 20 0 0 49 0 15 0 0 95 6 35 25 0 0 19 0 57 0 31 2 0 6 12 26 34 12 37 0 40 0 0 0 0 15 49 0 35
 54 2 12 34 13 0 0 41 44 0 0 0 41 0 73 0 30 0 65 12 0 18 0 18 0 0 0 67 12 62 11 8 5 50 73 0 0 0 53 87 0 6 0 0 0 0 0 0 0 59 0 0 0 0 0 0 20 0 0 52 7 0 22 0 28 0 0 33 0 56 18 0 10 0 42 0 0 0 0 11 40 31 0 0 70 0 0 77 0 0 19 0 0 0 48 0 0 8 0 23 0 47 90 0 44 19 32 17 0 35 7 47 0 7 0 0 0 0 8 0 0 28 8 16 0 54 46 0 72 42 21 4 0 63 39 28 44 18 76 0 10 34 0 0 0 4 0 0 56 0 37 0 4 0 46 5 45 33 0 11 0 72 6 13 0 7 0 13 6 0 0 15 0 36 0 50 0 0 7 0 61 34 17 49 85 0 0 0 17 0 0 0 10 0 0 0 0 0 29 68
 0 59 83 0 10 0 8 0 0 0 40 20 0 11 81 94 0 0 66 0 0 79 0 64 16 41 28 0 11 0 0 0 0 0 0 54 3 0 4 32 45 0 0 72 22 0 0 20 6 0 0 32 28 40 44 0 0 0 31 7 8 66 45 0 15 12 10 39 0 0 71 2 4 29 30 38 36 0 8 30 0 8 0 0 15 0 0 0 15 0 0 0 0 0 5 41 0 11 19 41 0 56 0 0 37 42 43 0 0 24 61 0 9 0 0 58 36 65 4 0 9 0 0 0 23 20 5 0 0 0 45 39 55 0 39 39 0 43 0 0 3 28 0 0 0 49 0 0 22 0 32 0 0 0 35 0 0 37 0 48 0 22 0 74 90 0 0 34 0 59 29 0 0 13 0 0 51 0 71 39 44 35 0 0 11 6 0 0 0 49 70 0 22 54 0 5 0 0 63 10
 0 0 16 0 0 20 0 0 86 5 0 0 0 0 35 47 0 0 40 7 0 0 69 0 0 0 0 0 0 18 0 62 76 0 49 0 0 37 0 72 0 0 68 22 79 0 0 30 0 0 0 7 0 19 0 0 0 0 11 69 0 0 0 0 59 0 21 0 0 17 0 39 6 0 0 0 45 0 8 16 0 0 8 13 37 13 31 63 61 0 54 0 0 6 0 16 0 0 52 0 27 26 0 18 0 19 0 0 5 50 0 27 0 76 61 0 0 0 0 0 0 21 56 0 34 57 9 9 5 0 0 0 0 0 0 48 0 0 56 4 11 0 0 36 0 19 0 26 24 0 0 55 0 64 0 0 0 0 30 0 19 2 0 62 0 79 0 20 16 0 0 61 11 14 0 48 9 14 0 20 0 0 0 14 36 35 17 81 0 0 0 11 7 0 0 43 66 43 46 0
 0 0 24 0 19 0 0 0 4 0 33 0 0 20 26 0 51 0 62 26 0 10 6 0 0 49 11 34 15 0 0 0 0 7 57 40 0 33 0 0 1 49 6 35 50 0 0 0 16 0 37 63 8 0 0 61 26 9 2 6 0 0 0 0 0 55 21 25 0 0 0 0 66 0 34 0 0 0 0 0 10 0 1 11 14 0 0 90 0 0 0 62 0 6 82 27 0 42 0 0 1 0 10 0 0 29 0 28 0 39 28 0 0 45 33 0 9 0 0 0 0 17 0 29 18 0 0 8 0 1 78 76 8 65 10 0 0 0 29 65 0 0 20 58 45 36 0 0 32 0 18 0 1 15 50 56 16 19 0 0 0 0 0 0 2 0 0 41 18 61 0 2 59 9 5 61 24 6 0 18 5 0 0 0 6 90 0 5 0 0 59 0 0 6 0 0 52 57 0 0
 49 0 0 42 0 45 46 3 88 22 15 0 2 22 0 0 32 65 16 0 69 0 0 0 0 0 85 96 39 9 1 0 8 0 67 0 0 22 0 0 0 30 16 14 0 0 14 0 0 17 0 11 0 0 20 0 31 0 36 0 81 18 0 0 11 0 0 2 37 40 0 44 18 92 20 0 1 0 0 89 0 0 0 0 25 0 44 52 95 10 0 20 5 0 0 45 0 2 77 12 0 0 49 0 0 0 23 0 0 0 0 0 3 0 19 73 0 0 89 0 0 0 0 7 0 0 0 0 0 46 17 2 3 35 0 0 0 0 11 24 0 0 0 0 0 50 11 26 36 0 17 0 1 17 0 30 0 0 56 7 30 0 38 95 0 0 0 54 0 0 85 48 12 0 0 0 60 0 48 41 67 0 0 0 64 0 3 0 11 53 48 0 0 0 0 0 0 0 11 0
 0 54 32 20 73 0 0 16 71 64 0 6 0 36 71 49 0 16 64 56 37 2 36 0 0 54 0 16 36 17 6 0 0 0 21 13 0 0 82 0 49 39 79 0 30 0 0 0 0 0 0 16 0 91 0 0 0 0 0 0 26 0 0 0 0 11 0 31 0 0 0 29 0 0 46 0 55 0 0 66 0 0 0 0 0 35 0 0 37 0 0 0 0 0 12 52 44 0 0 55 0 0 0 13 0 0 81 0 0 0 0 0 5 0 2 0 0 59 0 3 46 25 0 68 0 0 58 0 22 0 13 39 3 0 0 49 72 81 0 0 0 54 0 0 0 0 0 16 60 0 13 25 0 81 13 0 22 20 32 22 0 28 0 0 0 0 13 0 0 26 17 0 51 86 32 0 0 0 0 87 0 62 35 48 2 78 15 69 76 0 34 0 36 0 25 17 0 0 0 0
 0 37 6 0 0 20 14 7 35 0 0 0 0 0 0 20 0 0 65 15 0 0 65 0 0 58 31 46 0 61 0 49 0 0 6 0 0 25 19 1 74 6 81 19 0 0 0 0 12 41 0 33 0 43 0 0 19 49 19 8 53 0 0 0 27 0 42 21 57 25 0 44 24 22 19 81 0 1 0 0 0 73 64 0 8 30 56 0 0 56 0 0 0 31 0 0 0 92 1 39 73 0 34 7 0 0 0 0 32 20 0 0 38 0 33 28 0 74 0 0 0 0 0 0 0 59 17 0 0 4 34 20 0 22 0 28 0 68 0 38 0 0 0 7 17 32 32 0 3 0 61 0 12 0 20 4 0 0 40 21 42 23 32 32 32 0 0 30 0 0 0 0 37 52 0 0 0 0 0 0 75 0 67 0 32 17 91 0 33 0 28 0 56 74 0 0 0 52 7 0
 46 0 0 0 37 27 0 0 6 76 0 33 0 0 0 29 55 0 0 0 21 9 1 0 59 87 0 63 20 92 30 3 0 21 0 14 77 69 28 0 0 0 0 0 0 90 0 0 0 0 0 58 8 0 0 16 32 0 0 36 0 0 15 0 23 0 41 0 0 34 0 0 55 0 0 53 89 22 0 0 17 57 0 8 0 45 39 0 0 19 9 0 45 1 25 27 1 17 0 0 39 94 45 13 0 0 0 0 6 65 0 0 0 25 5 0 7 93 19 0 0 0 0 0 0 0 0 42 34 0 0 64 34 0 0 11 7 0 66 11 18 68 47 0 0 0 3 9 0 37 33 0 15 46 3 0 30 0 0 8 35 0 35 9 32 60 45 32 0 0 41 4 0 0 0 0 8 9 6 78 0 0 0 31 0 37 0 50 0 0 0 0 52 0 0 0 0 44 21 1
 30 0 0 0 61 0 0 0 13 0 0 0 11 47 25 0 0 55 60 0 59 0 60 0 0 0 3 29 0 22 18 73 31 38 7 0 8 0 25 0 21 48 16 88 44 0 32 16 47 82 11 0 5 0 0 0 0 26 0 34 13 0 0 0 20 0 4 0 0 28 36 27 52 66 33 0 0 23 58 57 0 19 0 19 3 0 0 0 16 0 21 0 0 0 58 18 0 0 0 74 32 0 0 38 25 0 22 0 0 0 55 16 82 0 14 21 63 0 54 4 44 9 1 0 0 0 0 27 16 12 8 0 0 0 0 0 54 0 0 46 0 0 0 0 0 0 22 0 0 47 34 37 0 0 37 23 18 47 23 0 80 0 0 43 16 0 0 45 49 0 25 33 0 0 0 0 0 0 0 0 0 0 0 6 11 29 30 0 0 36 86 21 39 0 85 0 68 75 0 52
 0 10 0 14 0 0 0 47 0 0 32 25 40 34 0 0 24 27 0 0 0 32 0 42 0 0 43 0 0 82 0 5 0 0 2 56 0 0 0 65 0 0 36 75 17 25 44 0 10 0 50 0 22 0 0 11 0 12 0 37 0 0 0 0 57 29 60 20 0 11 0 0 80 10 60 58 3 0 3 0 0 0 0 17 0 0 22 23 0 0 31 53 59 0 56 29 0 0 34 33 25 20 25 52 0 74 0 77 0 0 0 0 28 0 30 0 63 10 23 4 0 0 0 0 0 0 0 59 46 0 0 0 12 0 0 28 0 0 25 0 0 0 38 0 68 0 0 38 67 0 0 34 38 52 0 0 0 0 0 0 0 0 0 0 0 7 55 0 38 17 8 41 0 0 40 0 0 41 0 0 0 0 27 47 61 0 0 12 0 0 0 0 0 0 0 0 0 0 1 0
 0 61 82 0 0 0 0 25 9 0 10 12 52 17 48 44 29 16 0 6 17 0 59 0 56 29 0 12 0 0 0 0 26 0 67 53 0 0 0 0 0 0 40 0 23 0 0 68 0 0 7 11 0 11 0 0 21 0 0 10 16 0 46 14 0 0 0 0 0 0 0 0 1 0 0 38 26 0 6 9 0 29 65 0 0 0 12 0 85 0 49 0 20 0 57 0 0 0 13 0 0 0 0 0 42 0 30 71 56 12 37 2 31 1 0 0 0 0 0 0 0 0 2 0 0 0 0 37 32 2 11 0 0 0 16 32 0 22 26 4 0 26 60 0 0 57 78 48 90 11 25 0 0 0 11 47 0 0 0 49 0 11 0 43 0 0 58 27 0 67 0 0 0 0 59 0 74 0 0 0 86 12 5 0 0 8 0 0 29 0 0 0 0 0 15 50 0 0 40 0
 0 23 0 0 37 0 83 0 16 0 60 51 0 3 0 0 0 71 5 14 91 34 9 85 0 0 11 0 34 30 81 0 0 0 0 1 0 15 0 55 0 0 0 36 0 0 38 0 29 61 60 54 0 0 53 0 0 0 0 0 4 0 60 0 0 12 83 14 0 0 6 31 0 25 39 17 0 3 44 35 5 25 0 0 14 0 61 0 67 0 0 2 29 0 0 0 0 18 0 0 0 66 0 0 0 0 0 16 59 0 20 9 29 62 0 4 50 0 0 0 0 0 0 20 37 34 52 0 0 7 0 27 0 0 18 45 0 0 44 0 0 0 18 16 19 32 0 11 0 11 0 39 0 0 34 0 79 0 60 0 0 62 20 18 0 28 64 0 74 0 0 25 0 41 0 14 55 0 0 0 0 0 0 0 12 31 0 0 0 0 49 20 39 0 0 59 0 0 0 0
 6 0 0 4 21 0 22 22 0 0 45 36 0 13 0 67 55 0 0 2 72 32 0 6 21 0 0 0 32 33 0 51 18 0 0 92 0 0 0 0 65 36 10 80 25 25 0 0 59 5 71 76 0 0 4 0 55 0 0 0 4 45 0 0 0 0 17 7 73 0 0 37 16 57 1 0 0 0 63 0 0 18 0 0 8 35 0 17 39 0 0 48 66 53 7 24 2 10 0 0 12 0 32 0 0 26 17 0 40 36 0 32 88 0 13 39 0 0 0 0 0 16 68 0 20 7 2 10 0 0 13 64 35 0 4 0 28 0 5 0 10 19 13 53 0 0 18 68 0 0 0 21 0 0 0 0 48 13 20 29 48 72 18 12 59 0 0 9 0 0 16 0 14 4 85 53 0 9 0 0 0 0 52 8 0 45 21 49 1 9 0 39 51 0 0 50 12 0 38 35
 0 0 58 10 25 0 5 66 0 0 73 0 0 0 0 5 6 0 2 10 0 2 31 0 0 0 49 31 6 23 0 0 0 24 0 9 0 0 32 0 0 0 29 0 0 0 19 0 40 0 72 79 0 0 74 22 21 0 0 0 0 0 10 66 0 0 0 0 66 6 95 0 0 81 9 0 32 47 47 0 61 19 88 51 0 0 0 0 0 18 0 30 0 0 0 52 36 0 10 33 53 51 47 14 0 0 0 35 0 0 0 0 25 0 71 0 0 0 0 0 0 0 8 0 62 59 66 0 0 48 0 5 65 12 0 0 0 0 0 6 10 0 84 0 39 58 15 0 2 27 0 0 0 10 0 0 0 65 91 34 0 50 0 0 0 0 0 0 14 0 0 19 0 0 0 0 0 42 30 0 0 2 0 0 0 3 5 6 24 0 29 0 0 0 45 13 7 1 0 1
 67 0 50 3 10 0 0 0 0 8 19 50 8 30 0 56 0 0 0 40 38 19 33 0 32 0 18 0 0 41 4 0 0 39 0 1 32 43 0 0 71 12 0 0 30 0 54 7 0 0 0 0 35 0 24 0 68 51 89 0 0 0 42 0 63 0 0 0 0 10 26 0 0 16 4 50 0 0 0 54 79 4 0 60 1 28 0 0 0 0 15 0 25 0 79 0 0 14 0 0 0 85 0 0 0 39 19 0 0 0 34 0 55 0 3 0 0 0 6 0 0 27 0 0 0 19 0 57 0 33 38 0 0 0 43 0 32 0 8 42 9 54 2 51 7 0 13 7 0 10 39 15 0 0 20 0 13 0 0 31 60 0 64 0 47 0 0 0 0 0 0 0 0 0 15 21 6 19 54 0 28 0 0 17 12 28 37 0 0 20 19 0 0 3 0 0 80 14 0 0
 0 0 0 52 19 0 0 52 27 0 0 0 0 0 33 46 59 23 22 34 0 46 53 0 24 16 11 8 62 56 30 0 54 6 0 0 0 0 49 0 13 7 50 0 40 10 9 0 70 0 0 0 26 0 0 31 0 37 52 0 0 0 0 0 0 53 0 0 0 0 0 0 0 0 68 0 71 0 53 49 0 0 46 0 21 8 0 57 0 0 69 0 24 0 0 0 0 30 1 52 0 0 30 0 0 27 87 0 0 0 22 0 34 0 32 56 13 0 0 0 0 0 28 0 34 0 47 30 47 0 0 29 33 8 0 0 96 41 50 96 0 27 2 13 75 0 0 1 0 0 48 77 3 12 0 0 0 0 0 76 0 25 0 0 0 0 12 90 0 0 86 0 46 0 0 0 0 40 75 0 0 29 0 61 0 9 0 56 0 4 0 0 20 65 3 0 0 0 36 43
 14 14 66 0 38 0 0 50 0 9 91 0 0 47 0 0 0 6 18 29 0 1 1 8 66 17 30 9 0 14 0 0 21 56 0 0 0 0 0 0 58 1 0 21 0 82 0 0 2 68 0 35 0 73 44 35 0 14 34 0 0 29 0 5 27 0 48 0 71 61 17 0 38 29 0 0 0 0 15 33 21 0 50 0 0 65 38 0 58 0 0 3 49 0 0 46 0 0 40 28 0 66 0 0 0 0 0 48 4 52 0 37 44 0 0 0 62 18 0 35 33 48 0 29 0 8 0 0 35 0 64 0 0 0 56 22 5 67 0 0 4 61 0 0 0 0 37 0 0 0 0 0 59 40 0 19 0 0 0 0 0 0 0 17 0 72 20 0 0 73 77 46 15 0 21 4 10 0 0 15 0 87 0 0 35 0 0 18 0 25 0 0 4 0 0 5 0 12 43 76
 0 11 0 27 0 0 0 0 0 1 0 0 12 14 0 0 0 48 41 9 0 0 54 0 3 9 0 0 66 0 28 40 0 50 0 0 0 0 4 15 0 0 22 46 0 24 14 0 45 0 54 0 0 6 0 0 0 0 0 0 0 0 0 0 58 8 23 0 5 88 16 0 18 0 39 0 0 44 0 0 0 20 18 59 87 0 48 49 12 35 6 10 0 60 0 0 14 0 75 35 0 0 1 42 0 88 81 33 8 34 0 29 0 39 16 39 0 55 0 49 13 0 0 5 0 0 0 27 0 2 52 34 0 63 56 22 0 38 0 24 0 0 0 0 42 16 0 20 0 82 0 15 0 0 28 0 9 0 55 0 0 61 0 0 22 29 17 3 11 22 14 5 12 41 0 39 0 6 85 0 6 0 0 59 0 64 25 35 0 15 78 0 78 0 4 41 0 0 0 38
 0 9 72 0 0 32 7 0 0 85 71 70 0 0 60 35 0 28 22 0 53 0 0 0 16 27 0 8 30 25 80 0 7 0 0 46 23 39 71 0 0 0 0 0 0 71 0 0 65 0 0 31 0 12 67 0 28 0 0 0 19 0 78 86 4 0 16 0 0 0 54 0 0 0 44 43 43 4 0 23 28 0 77 31 0 13 0 73 48 0 0 49 0 0 0 0 0 22 53 74 48 65 0 0 0 57 0 0 0 0 0 37 5 47 51 0 0 0 0 0 57 0 0 0 0 0 0 64 0 0 0 0 0 39 25 37 23 0 60 0 44 0 0 66 44 0 19 0 0 0 0 0 3 62 9 0 58 0 20 50 0 0 30 15 35 0 51 25 4 0 67 0 0 10 0 0 30 0 11 0 0 25 0 43 0 0 0 0 0 37 25 0 0 4 39 4 0 88 0 6
 0 22 54 0 0 5 0 8 62 75 0 45 6 95 0 90 38 0 38 10 18 38 14 28 5 5 39 0 1 0 0 0 67 0 35 32 33 5 0 30 65 6 42 0 0 24 0 0 0 86 58 38 0 40 27 17 59 0 0 0 52 0 0 0 0 21 0 15 0 50 0 0 29 0 0 34 23 0 35 0 0 0 16 16 44 0 0 0 92 63 68 0 0 99 0 44 26 0 22 30 0 2 2 43 0 0 0 56 0 18 77 41 0 0 33 2 17 62 28 0 0 0 81 0 5 0 0 0 25 7 0 0 23 0 32 49 0 0 0 7 10 0 0 0 76 0 15 74 81 0 0 77 16 13 14 7 0 29 13 9 32 0 0 44 0 55 60 0 40 0 0 22 18 2 0 0 0 44 57 0 20 0 22 7 0 0 29 0 44 0 49 9 43 5 0 55 72 33 0 0
 0 38 0 17 31 0 5 66 0 30 0 0 27 0 68 30 0 0 45 43 0 3 0 55 25 0 43 0 9 0 46 0 0 0 0 86 0 0 0 0 0 0 50 0 0 0 0 0 51 0 77 86 0 0 73 12 0 0 44 96 76 50 0 0 0 21 0 0 0 57 57 0 9 0 15 0 0 54 59 89 22 60 0 6 25 8 0 22 0 74 61 0 25 90 0 53 24 16 11 35 0 49 0 34 0 0 22 0 1 0 49 0 0 0 23 0 14 0 0 0 83 0 0 6 9 0 20 0 0 0 31 0 0 28 0 29 22 0 0 0 0 17 63 8 26 59 5 45 0 45 0 75 0 27 47 0 0 6 30 49 72 0 0 0 0 0 87 63 24 30 0 0 0 26 31 23 0 0 23 0 0 6 24 27 25 0 0 9 0 5 0 10 0 0 47 0 0 60 0 0
 0 17 67 80 0 0 0 0 65 0 51 40 0 0 64 0 24 0 0 84 0 0 53 75 28 7 0 0 30 0 0 3 0 42 7 0 10 5 0 0 7 0 11 43 9 0 0 36 0 14 0 36 0 0 0 0 0 6 27 19 0 3 0 21 50 19 0 15 45 0 35 0 48 25 8 10 0 0 0 0 57 42 5 0 0 54 0 54 0 0 32 0 0 0 7 0 53 8 0 49 0 43 64 0 0 29 20 59 18 0 0 0 45 72 42 13 66 82 0 49 0 0 0 0 64 0 0 0 81 3 11 1 11 0 8 31 58 30 0 0 0 5 0 23 13 5 20 0 0 0 36 0 0 66 0 0 0 0 0 0 0 19 31 0 0 32 0 18 0 0 0 0 6 17 12 26 0 0 0 0 89 29 0 15 0 41 0 41 19 0 0 7 33 0 68 0 0 2 36 0
 0 41 28 23 0 0 0 1 9 0 67 23 0 67 13 15 0 20 0 1 68 37 17 0 82 0 0 38 0 0 0 33 0 0 0 0 0 50 27 60 5 9 36 0 0 0 0 33 0 43 18 0 0 35 16 52 46 65 26 8 4 0 0 59 50 0 16 30 35 24 79 89 0 0 50 3 19 66 0 16 0 0 0 66 70 0 0 0 8 45 86 55 11 0 0 27 0 0 19 21 0 0 44 66 57 41 45 0 0 0 11 0 29 11 0 0 0 0 31 0 4 0 84 0 85 0 0 14 0 6 45 0 0 90 3 28 12 77 0 0 81 0 0 67 15 0 46 0 8 41 0 0 0 0 70 40 0 0 9 3 23 0 0 20 4 55 0 0 0 26 0 0 82 0 0 0 10 57 0 83 22 6 42 53 0 23 81 0 8 0 73 0 0 22 0 13 26 0 0 79
 29 1 85 14 0 0 0 4 32 0 1 87 13 41 69 0 0 0 0 10 0 0 26 16 63 0 0 0 0 12 45 0 76 60 61 0 0 8 0 2 67 22 0 0 20 3 1 22 0 9 38 37 0 19 6 50 0 0 0 26 78 0 0 85 20 0 33 0 18 33 14 19 51 0 31 2 0 20 0 0 0 0 17 0 0 0 45 14 14 0 44 0 59 0 59 0 0 31 70 31 10 0 0 75 0 4 0 0 70 46 0 0 0 37 0 51 19 10 0 0 0 77 0 48 54 0 0 0 2 0 0 36 17 0 0 9 0 14 0 44 79 0 1 0 24 0 11 9 38 0 11 0 0 0 91 82 0 26 1 40 0 0 7 32 0 7 17 26 38 0 22 0 0 19 0 0 0 13 33 0 11 0 0 0 0 0 23 0 0 82 0 66 26 28 0 0 82 0 0 9
 11 0 0 0 0 15 0 30 56 4 0 0 0 0 0 0 3 0 30 0 0 0 16 25 0 53 0 0 0 23 12 2 64 0 0 0 0 26 0 0 3 0 10 0 16 50 0 0 34 5 6 0 0 0 92 0 15 0 66 25 44 0 29 0 0 49 0 0 0 6 41 0 0 41 81 0 0 15 61 43 28 0 5 7 59 32 0 76 0 0 19 7 48 49 0 0 0 18 0 36 0 0 51 64 0 55 32 57 46 0 12 86 0 32 80 0 0 0 0 40 0 36 0 60 52 0 0 0 44 15 6 26 0 30 0 0 59 26 0 0 0 0 34 0 25 8 0 0 0 0 0 49 0 0 0 0 0 38 0 7 0 8 20 0 26 0 30 51 0 0 0 0 0 0 0 0 0 7 0 0 0 0 0 63 0 0 0 0 83 0 84 68 0 19 0 17 59 17 58 28
 0 0 0 67 7 89 3 11 18 32 39 66 61 0 18 0 1 69 0 0 0 13 0 5 0 0 0 0 15 0 0 0 17 40 17 24 0 0 1 0 11 58 0 20 14 0 1 85 0 0 0 0 18 0 43 0 0 22 49 0 4 0 0 24 0 25 8 84 0 0 0 74 0 86 0 7 0 0 0 0 82 0 54 0 8 63 4 83 69 70 0 67 0 25 15 1 0 0 0 18 0 0 0 0 0 0 47 6 0 0 0 0 25 14 0 12 5 1 0 0 0 12 14 38 3 0 73 0 71 0 36 0 1 0 47 0 0 0 0 69 0 34 0 20 17 0 0 0 61 14 5 49 0 75 0 23 0 0 0 0 0 0 18 0 7 6 96 0 0 40 0 0 57 0 47 0 0 0 0 7 46 0 0 0 0 53 0 0 0 0 49 0 0 20 10 0 0 0 34 0
 0 15 13 0 49 0 62 14 64 0 0 0 31 72 11 25 0 0 0 0 40 24 41 0 95 0 3 9 0 80 57 0 0 0 52 0 0 47 5 0 2 40 13 10 0 17 32 37 25 29 0 0 0 46 5 10 0 14 0 25 51 19 0 0 0 0 0 0 5 50 0 0 0 0 0 25 0 0 0 9 26 0 0 7 38 0 29 5 0 0 10 0 4 10 0 29 0 86 0 0 86 48 31 0 12 50 29 0 83 0 1 0 10 6 0 0 0 1 0 66 0 0 3 26 0 2 0 59 0 63 28 0 25 0 0 0 64 0 15 0 0 52 0 23 0 48 0 0 0 22 0 0 37 73 26 73 62 3 49 14 0 0 35 0 0 30 68 0 0 0 0 15 0 0 0 0 19 0 15 34 10 35 57 0 2 19 0 10 52 0 0 0 0 18 0 47 1 29 40 0
 34 34 76 41 57 13 0 40 61 35 10 0 1 0 0 0 65 27 0 14 30 57 53 0 67 25 0 93 4 17 0 20 0 0 0 0 0 11 0 0 65 0 0 34 0 0 4 37 42 15 29 17 0 0 32 0 8 69 0 0 0 0 0 25 29 53 0 7 0 59 42 42 26 4 0 28 0 24 8 75 34 0 0 18 4 13 0 29 0 0 0 2 22 17 28 52 60 100 0 0 46 0 0 15 9 0 0 46 0 0 0 72 0 31 5 0 0 8 14 0 0 0 0 0 6 0 86 10 0 25 0 0 0 53 0 0 0 36 0 0 0 85 0 43 0 0 45 0 3 0 39 0 25 2 31 6 0 0 40 73 59 26 0 0 49 26 0 15 17 71 0 49 0 85 0 16 61 0 0 35 70 9 32 0 0 0 78 70 0 0 77 0 13 0 0 0 0 0 0 5
 0 0 0 0 34 17 33 33 15 45 0 75 0 27 24 74 3 0 0 24 46 28 65 0 0 0 55 6 0 0 22 11 44 0 0 0 11 67 0 47 43 2 0 63 28 0 61 0 26 18 7 0 44 42 31 2 61 20 0 82 20 0 48 0 0 3 77 0 33 0 0 41 0 0 47 0 0 58 93 6 0 0 0 0 0 22 37 0 56 0 0 47 0 0 22 0 0 4 0 0 0 73 0 0 1 0 0 0 7 12 0 71 0 0 17 74 8 17 48 0 0 67 43 0 0 0 34 3 0 80 45 0 39 41 0 88 0 21 0 0 0 21 0 0 54 0 0 0 27 0 21 0 0 3 0 40 0 0 27 0 0 0 0 18 65 15 13 5 0 0 0 33 24 2 1 45 0 15 0 46 0 0 0 41 0 0 0 0 0 0 0 0 0 11 0 0 64 27 39 87
 11 30 69 0 15 35 0 0 0 0 0 43 65 0 0 27 38 0 91 0 0 0 0 0 0 0 0 0 0 0 0 20 30 41 0 0 23 83 18 0 60 0 90 0 0 0 12 30 0 0 0 20 73 0 0 0 54 0 0 0 0 0 0 0 0 0 0 49 25 0 0 0 66 0 58 0 3 27 0 0 49 49 0 66 0 0 0 0 0 0 10 0 0 0 50 18 15 29 45 0 21 21 0 0 7 9 0 0 0 0 1 0 9 88 28 70 37 10 0 45 43 63 30 0 0 0 0 11 24 22 0 54 0 37 0 0 0 13 0 0 3 46 61 81 26 0 12 36 0 0 0 0 16 0 0 0 0 0 23 26 0 39 0 10 0 0 0 0 59 0 30 21 20 32 9 5 24 20 0 50 5 0 49 0 66 0 0 22 0 42 44 0 0 30 7 0 62 0 0 36
 4 53 64 64 0 10 3 53 0 5 26 10 51 0 0 0 0 0 0 0 36 0 19 25 34 12 79 33 0 0 0 41 0 13 9 0 0 15 0 0 0 17 30 0 87 0 0 0 1 0 9 0 0 0 0 35 3 0 0 40 92 0 10 8 0 33 0 14 0 0 0 53 21 0 0 0 58 0 0 34 58 20 0 19 0 0 0 0 0 0 0 0 0 0 0 46 81 46 59 73 28 0 0 17 0 0 50 11 41 0 0 0 0 45 40 0 5 0 45 0 0 0 0 0 0 15 0 0 0 26 0 0 42 0 6 20 0 0 0 0 13 38 19 77 0 10 67 0 26 30 0 7 51 0 52 12 0 52 50 0 0 37 0 0 58 69 9 57 0 0 0 0 51 0 0 0 4 0 0 72 0 0 0 40 51 0 64 19 0 29 0 12 0 15 0 0 2 6 0 73
 0 56 11 0 38 0 0 0 36 83 0 48 27 0 0 11 0 0 0 0 0 11 16 22 60 6 0 0 42 36 0 0 0 46 11 54 0 4 0 4 0 14 0 32 45 0 0 5 0 0 0 0 6 42 0 0 5 0 0 56 0 67 0 52 5 12 8 17 0 2 20 0 0 2 44 0 0 0 0 73 34 0 0 43 29 61 17 0 43 13 9 26 0 7 11 0 0 42 0 0 97 0 35 13 0 0 35 0 20 0 19 12 0 51 23 16 0 21 22 0 0 41 0 0 0 0 72 62 0 9 0 63 19 3 11 0 13 0 20 0 8 31 15 0 28 11 0 76 83 0 1 0 36 0 52 53 17 31 61 0 69 21 0 62 0 7 15 35 0 0 0 0 0 0 15 56 0 0 32 19 0 11 90 13 0 0 12 1 3 35 0 0 0 0 0 18 16 0 0 0
 86 0 0 0 0 42 1 0 23 0 0 0 32 64 0 21 0 0 0 0 0 6 0 0 0 0 0 43 1 0 0 0 0 0 0 0 0 0 21 0 0 0 0 0 0 0 0 53 0 30 6 67 0 0 0 43 20 58 12 0 0 43 16 3 0 20 10 0 64 0 0 0 34 9 16 47 0 84 0 80 0 76 0 0 52 0 34 0 0 0 0 6 37 19 21 0 9 0 0 22 9 0 43 0 0 0 60 0 0 0 0 10 0 0 7 41 0 0 17 6 6 0 35 0 0 24 0 10 79 10 0 38 31 9 11 0 0 0 24 32 28 47 16 75 18 0 50 0 49 13 39 0 0 82 35 0 0 0 21 17 0 24 0 67 12 0 0 19 2 0 0 14 5 0 61 0 59 0 0 71 0 0 0 53 0 0 0 11 11 70 0 0 63 0 0 0 55 42 0 0
 0 0 0 0 0 0 11 0 0 68 67 11 26 0 79 13 90 8 87 6 0 23 0 28 9 25 60 59 89 0 66 0 0 0 0 0 0 0 50 0 0 24 75 0 0 0 8 0 55 36 0 0 0 0 0 8 21 0 33 29 33 86 2 0 20 0 0 0 0 0 3 40 0 0 19 0 0 4 0 84 45 0 0 49 0 42 0 18 0 9 0 0 1 0 16 0 95 7 24 8 0 0 2 0 19 65 0 0 0 0 52 30 11 42 78 0 14 31 0 14 0 0 0 11 36 4 40 4 0 0 0 0 17 0 68 28 23 0 25 25 40 31 0 0 0 35 11 3 87 51 49 0 0 8 0 0 0 20 19 63 0 15 0 8 60 3 48 53 44 0 0 0 0 4 3 0 12 83 0 46 10 0 0 22 0 22 0 0 27 0 59 6 37 60 0 76 24 16 18 59
 22 5 0 0 15 79 0 0 0 0 0 7 0 0 0 3 0 0 0 7 0 0 0 0 0 0 0 41 13 0 0 0 7 0 0 0 28 0 0 3 27 82 54 10 0 53 0 31 0 0 44 7 0 0 71 12 8 13 0 48 0 26 53 1 0 0 3 0 0 12 95 0 2 20 0 0 0 0 0 54 90 13 0 42 66 15 0 55 0 0 2 0 0 0 14 17 0 58 12 0 0 1 12 54 24 0 27 0 0 0 0 9 41 0 16 6 47 0 56 56 26 25 0 2 33 54 47 84 0 82 0 99 0 0 0 0 0 0 0 2 58 18 20 0 0 76 69 20 0 20 57 8 0 16 15 0 24 27 0 0 0 0 60 0 32 30 34 0 8 0 0 23 0 0 0 57 0 0 10 68 52 85 10 0 20 0 45 0 42 0 0 0 48 2 14 4 72 0 6 0
 0 26 0 32 50 4 52 0 41 0 57 0 0 45 0 0 0 0 0 0 16 0 48 11 48 0 30 24 28 0 0 35 1 7 40 0 86 13 0 35 0 55 0 3 27 0 0 68 12 0 0 37 51 74 0 0 0 75 31 58 0 0 98 0 0 0 61 58 0 0 0 34 36 4 55 20 54 0 27 0 85 33 43 12 9 8 29 19 11 23 15 0 24 21 10 0 0 0 0 18 41 81 0 0 44 11 40 18 0 26 71 0 9 15 0 0 9 0 0 0 0 90 58 0 30 3 0 0 0 13 25 0 0 2 0 0 0 6 8 0 0 0 14 24 0 0 38 20 28 0 0 94 0 3 0 22 0 0 33 0 0 20 0 40 50 35 32 0 27 48 15 14 0 0 0 0 0 9 0 45 0 26 3 62 0 50 52 0 0 0 68 26 0 5 0 33 26 0 0 3
 0 0 0 0 44 0 0 0 44 25 41 37 0 14 0 43 41 12 38 0 0 2 45 47 0 79 0 33 52 36 58 0 19 0 17 0 76 0 0 0 34 35 0 0 50 0 0 0 0 0 0 0 16 12 3 0 0 0 0 0 40 0 26 35 0 36 5 9 0 0 0 0 0 19 50 12 5 25 0 62 38 0 28 0 0 30 0 0 31 94 0 0 0 0 35 0 24 71 0 20 41 36 0 89 0 37 25 69 0 0 0 0 0 0 18 4 0 0 95 32 0 16 43 13 0 0 10 0 7 0 82 9 0 0 0 0 0 11 0 0 73 84 82 33 0 0 0 0 5 0 0 0 0 11 8 62 0 0 3 25 9 74 0 0 0 0 13 68 0 0 34 40 0 53 0 7 0 0 34 67 22 74 12 0 0 0 0 11 0 5 24 0 0 15 6 42 0 21 0 0
 22 27 0 0 57 24 61 18 0 0 23 10 0 37 0 0 12 0 0 0 0 2 22 2 0 39 72 42 0 28 0 10 46 74 15 21 0 0 0 20 0 49 0 0 16 0 23 56 9 19 0 0 0 78 0 0 48 47 0 0 0 4 66 0 35 0 0 4 0 0 0 36 4 0 0 24 42 0 1 0 2 0 80 0 0 19 0 9 6 0 0 0 52 0 0 0 49 48 10 0 0 0 20 0 0 0 9 10 8 60 40 0 0 45 19 68 25 0 0 18 0 15 28 0 27 93 6 0 0 0 0 0 18 0 0 0 72 0 39 0 0 0 0 1 5 0 0 0 0 0 37 0 0 0 1 0 22 0 0 0 0 95 51 0 59 0 0 0 60 28 0 67 0 0 15 58 61 2 30 0 22 22 31 63 59 33 15 4 0 0 0 0 14 0 51 0 0 0 0 62
 0 0 0 0 17 0 0 35 0 0 0 0 0 0 6 10 30 22 77 0 23 0 72 38 17 0 0 29 46 0 16 0 48 0 0 15 0 20 0 0 0 0 0 0 0 31 0 3 47 22 0 25 28 0 0 24 27 33 29 0 27 0 0 0 0 42 0 0 0 0 64 33 0 25 51 14 18 81 0 0 0 54 0 24 66 0 0 43 0 41 0 8 2 0 0 34 0 25 10 0 25 49 59 49 0 0 0 90 65 0 0 5 29 0 3 22 0 9 22 0 0 24 30 0 0 72 2 0 0 0 57 0 13 0 29 0 0 0 0 3 0 50 0 1 5 14 40 0 37 18 2 12 0 36 86 0 0 0 8 60 0 0 0 0 0 0 83 27 0 0 0 1 0 0 1 65 0 0 0 58 71 0 52 0 0 40 0 0 14 0 0 0 38 89 0 0 0 0 24 30
 61 0 7 0 0 0 0 58 22 1 0 0 52 0 0 0 33 0 44 69 10 0 2 8 9 0 18 66 24 0 23 0 8 75 36 14 0 24 25 0 52 14 4 75 8 0 2 59 0 0 3 0 47 0 53 71 81 1 0 0 58 72 0 29 33 15 14 0 59 28 55 0 3 71 7 0 0 27 26 0 0 0 24 4 15 0 0 47 9 0 0 0 0 0 80 0 21 0 71 0 0 70 1 35 58 25 0 0 92 71 42 66 2 0 33 0 0 50 0 0 0 10 0 70 0 0 0 0 6 24 0 0 30 0 0 0 43 13 0 0 0 0 11 66 0 0 76 86 17 24 30 0 28 0 40 0 26 43 0 0 0 60 0 19 4 38 0 27 52 24 38 0 0 38 64 0 14 0 7 0 0 20 77 0 26 55 58 0 0 55 0 0 18 22 48 88 0 0 35 0
 10 76 0 0 0 0 0 0 0 0 0 3 0 0 20 56 9 20 0 20 0 71 0 21 64 5 0 23 23 0 0 7 49 25 0 65 0 9 0 15 0 0 0 0 29 0 89 0 0 0 0 0 21 0 0 0 0 0 51 0 0 65 0 15 8 55 0 33 0 0 0 0 0 24 3 0 0 11 8 0 65 0 0 65 88 0 0 6 0 71 56 8 0 12 17 30 73 0 15 32 20 29 1 19 0 1 0 41 0 47 19 0 50 53 7 0 0 0 0 0 0 6 72 46 14 15 0 16 0 40 33 9 0 0 0 26 0 15 24 0 0 0 47 0 0 0 18 57 0 0 8 0 16 0 0 36 0 25 0 63 33 0 77 0 16 0 26 0 0 30 0 78 0 0 0 17 0 0 0 0 13 0 9 0 0 0 0 0 0 16 0 19 10 0 0 0 0 0 0 0
 0 21 0 0 11 50 32 0 34 0 0 6 82 0 0 9 17 33 1 37 16 0 0 0 0 2 9 0 0 40 0 0 0 0 0 31 45 0 0 18 0 49 72 0 0 15 1 34 0 41 0 0 0 0 0 0 0 59 0 0 6 0 0 30 20 7 22 75 46 0 0 43 0 29 54 6 53 0 16 0 0 33 35 0 0 10 0 46 0 0 12 0 100 0 50 0 51 15 0 36 0 39 0 81 0 19 0 36 0 0 18 19 6 74 0 21 45 21 0 1 0 45 12 3 50 0 48 47 0 46 55 38 0 59 69 1 100 15 0 0 0 0 1 0 74 0 0 0 0 0 0 0 28 54 0 5 0 0 0 0 90 33 0 0 57 0 0 17 29 67 10 0 0 8 0 61 18 57 6 2 58 33 0 0 0 0 19 9 39 0 45 0 17 0 57 23 61 0 68 10
 20 0 0 0 0 0 0 0 0 1 0 22 15 37 0 0 0 0 2 0 0 41 56 0 0 7 0 0 0 0 21 51 22 0 0 8 25 0 27 0 82 27 0 70 35 34 0 81 18 4 0 0 0 17 0 41 0 0 0 82 16 0 0 0 0 0 0 18 24 0 57 0 34 6 52 52 15 0 20 0 0 0 44 11 9 0 0 0 0 82 10 12 2 0 61 49 0 0 17 88 0 0 0 0 18 48 19 0 0 12 0 53 35 0 9 10 0 0 19 36 33 27 26 66 0 45 44 0 23 0 0 31 0 29 0 0 52 24 62 0 0 0 45 0 0 36 0 59 58 0 0 0 2 0 0 0 0 0 0 9 34 0 6 5 35 0 59 0 8 0 8 53 0 33 33 24 0 56 0 0 24 35 0 0 46 0 26 0 0 45 77 5 13 0 0 0 0 52 48 9
 74 67 0 0 17 58 0 0 23 0 0 50 25 0 55 0 0 10 0 2 26 0 69 47 0 22 0 0 67 39 59 32 44 36 0 45 0 23 2 0 32 0 0 0 0 0 5 6 0 85 0 36 9 0 53 81 1 70 0 0 0 59 0 0 49 27 14 62 0 36 0 86 93 0 0 0 29 0 0 0 0 0 0 0 0 0 38 0 40 65 0 0 73 9 0 0 35 22 0 18 34 10 0 0 0 11 27 0 0 0 0 0 100 35 0 0 76 77 33 2 77 0 43 0 0 65 0 0 0 63 26 36 15 0 0 19 49 51 0 46 23 57 23 0 0 0 67 0 15 1 41 0 37 47 27 0 0 51 0 8 0 0 0 0 51 1 0 0 7 19 0 27 0 0 0 0 14 0 0 44 0 0 0 0 66 0 10 67 11 0 0 32 3 47 45 67 0 0 25 76
 0 55 0 13 0 0 0 9 0 0 69 19 42 47 0 43 18 53 0 21 48 36 62 21 0 16 54 25 26 0 74 18 0 0 24 6 0 33 59 0 0 53 1 0 0 0 0 0 0 0 0 0 48 0 48 0 0 62 34 0 44 6 0 1 0 21 0 55 11 0 26 0 0 60 0 13 0 43 42 0 0 14 49 58 7 12 0 0 37 68 0 0 0 0 0 0 0 10 0 0 0 2 0 0 0 67 0 21 8 0 0 11 0 5 53 0 51 0 1 24 20 0 21 0 0 45 41 0 0 25 0 0 0 74 10 32 0 0 81 0 0 0 0 0 12 0 0 33 0 0 0 0 80 6 0 0 44 79 34 0 0 28 86 34 61 69 13 0 0 0 31 0 0 0 28 0 76 0 24 7 28 1 0 0 2 15 0 89 0 1 35 33 0 35 0 0 0 0 68 0
 0 0 0 0 0 0 0 0 62 0 0 0 0 39 0 0 62 34 14 0 0 0 0 12 15 12 67 0 0 1 9 0 0 35 0 0 31 0 14 0 4 0 89 0 0 11 57 3 35 0 0 0 20 36 5 62 63 71 18 0 71 0 4 0 0 0 55 1 0 41 55 0 0 0 0 0 0 0 0 50 49 0 0 0 0 13 0 0 0 0 0 27 19 0 1 46 0 0 0 0 0 0 0 0 11 0 0 0 0 0 53 0 29 0 56 0 18 0 26 25 11 0 27 0 0 55 0 14 0 0 37 0 63 1 0 70 78 42 27 35 1 0 24 0 0 0 0 0 20 16 4 24 0 0 0 43 0 22 0 7 2 0 53 54 0 4 53 4 0 0 0 21 35 0 40 0 0 25 0 0 0 30 5 56 1 0 20 0 0 12 0 0 0 50 20 27 7 0 0 40
 36 0 54 54 39 0 2 0 0 41 12 0 0 0 54 4 0 0 0 0 3 4 57 0 8 56 16 32 0 39 0 0 66 50 0 0 34 0 0 0 0 35 3 49 0 0 28 79 33 20 11 25 34 0 0 32 0 23 65 47 7 0 26 1 0 0 0 8 18 57 0 35 75 0 6 0 85 0 46 2 0 0 58 82 0 39 0 65 0 76 0 35 0 39 0 25 8 0 0 7 0 0 59 0 80 0 0 0 28 42 0 0 62 13 46 27 25 0 5 0 0 0 91 0 0 0 0 2 15 0 0 0 68 87 0 0 39 0 5 42 56 0 0 0 0 0 12 42 16 12 3 12 0 20 4 90 0 34 42 0 0 0 49 0 8 26 9 0 0 0 12 64 31 22 29 0 11 8 0 0 49 0 0 0 0 77 0 15 0 25 0 0 30 0 0 0 0 31 0 9
 11 44 0 54 0 0 0 86 0 0 13 0 0 36 0 0 0 0 0 0 0 29 0 0 0 86 0 0 0 81 41 90 0 53 76 0 0 0 0 0 0 58 0 38 0 0 4 0 98 0 66 0 52 0 11 30 0 49 54 0 81 2 0 0 46 19 2 0 47 16 0 4 0 26 32 62 0 0 0 12 0 18 59 79 0 0 5 7 0 0 0 37 0 10 0 41 14 0 0 0 15 26 0 0 0 4 0 62 33 18 0 45 0 0 0 0 18 5 0 0 0 50 48 0 0 28 78 0 0 2 0 13 7 11 3 0 2 0 0 0 19 0 0 0 13 0 24 52 28 0 0 12 46 0 64 0 19 89 0 50 0 94 1 0 78 0 0 0 17 0 2 0 6 0 0 0 0 7 45 55 10 0 16 43 0 8 72 0 32 65 74 0 21 20 0 33 0 0 41 26
 34 14 32 0 5 2 24 0 4 0 1 0 0 36 0 31 0 8 0 7 8 0 0 0 0 0 30 0 21 0 16 32 0 76 0 39 0 18 86 0 35 12 11 0 24 0 43 88 7 61 16 0 13 0 34 87 0 44 5 0 0 0 63 40 0 13 68 0 21 33 0 6 63 6 0 0 0 24 0 1 3 53 17 20 22 0 0 42 0 46 0 39 0 44 0 0 0 0 0 41 0 14 0 31 18 84 17 0 0 31 0 70 0 0 24 27 0 76 0 31 62 48 10 0 0 0 29 0 12 0 0 0 16 0 37 0 51 0 0 0 77 0 50 0 0 78 68 0 0 53 1 0 0 0 0 0 0 0 61 0 0 0 26 9 70 0 0 2 5 27 0 0 35 0 0 53 6 1 0 0 0 7 32 0 42 0 0 69 0 0 20 45 0 0 0 0 0 0 73 0
 0 70 0 0 0 17 0 0 12 76 0 30 38 0 45 31 5 0 0 0 0 25 65 0 61 53 0 0 29 0 0 33 0 15 0 49 64 0 65 0 0 8 0 67 0 23 40 5 79 16 46 0 0 66 0 78 0 0 0 40 27 0 0 0 0 0 15 0 16 0 0 49 15 0 50 13 0 0 0 10 49 11 41 0 8 81 72 34 0 51 55 0 50 2 50 22 0 0 1 0 0 0 65 0 1 0 2 0 7 21 40 0 0 0 0 0 16 21 85 30 0 0 0 0 0 0 0 8 12 6 35 21 0 0 0 0 0 12 61 78 20 88 0 0 4 0 0 57 0 0 44 0 0 0 3 32 1 17 0 4 0 0 0 0 46 90 0 55 3 3 16 47 0 0 0 34 0 3 44 4 2 25 20 0 17 0 4 95 0 27 75 50 0 0 43 55 0 0 0 0
 0 0 26 70 0 0 46 0 3 45 0 0 0 30 34 18 26 0 0 26 0 29 0 15 0 0 54 46 0 6 33 0 12 0 0 0 32 58 0 0 0 0 0 34 0 0 15 11 0 0 3 0 0 41 0 0 16 0 0 17 36 12 0 0 0 39 0 49 0 66 26 26 91 47 0 61 51 0 0 30 62 70 48 6 6 0 0 55 4 18 0 72 55 0 47 0 58 4 0 45 50 0 0 0 71 0 0 25 84 5 0 0 0 0 0 12 20 0 0 64 0 0 5 0 5 0 0 64 0 0 69 0 0 0 0 43 0 0 54 0 0 0 0 0 0 4 26 46 35 24 58 42 0 32 79 30 0 66 0 27 0 7 13 8 0 75 29 0 49 0 0 70 7 53 35 0 30 0 0 5 0 0 0 31 67 16 0 0 44 0 0 14 0 3 0 0 8 0 0 85
 0 58 13 32 0 0 0 0 26 54 0 20 7 29 3 0 0 15 13 32 46 22 0 30 27 85 12 0 0 0 0 6 0 0 0 1 0 63 0 0 0 0 75 11 46 43 0 83 0 7 26 0 20 7 0 91 0 35 0 20 0 0 43 0 44 40 0 3 0 75 0 28 45 39 0 17 13 0 21 41 8 0 91 42 9 0 0 0 21 0 66 0 3 66 10 46 38 65 0 41 12 0 39 0 4 12 26 63 62 80 69 0 0 0 0 2 38 0 43 12 54 0 17 93 0 9 0 0 35 0 75 0 35 37 0 15 24 67 0 0 52 18 0 30 0 0 21 0 0 1 2 6 85 0 39 0 0 0 0 0 80 0 73 0 0 19 0 0 48 91 74 0 0 0 20 0 8 24 0 0 0 0 0 57 30 0 0 0 12 17 0 63 0 0 14 52 0 0 0 50
 0 31 0 5 59 0 0 0 0 0 93 8 0 4 0 2 25 38 0 0 0 0 2 97 0 0 0 0 0 12 0 0 0 0 34 51 0 87 0 54 0 3 16 0 75 0 17 42 13 0 0 66 0 70 0 0 0 0 0 72 50 5 0 0 0 8 28 0 17 0 11 0 0 15 0 9 51 0 19 12 8 0 9 0 74 0 8 26 13 30 32 31 0 0 0 78 48 0 0 23 0 40 21 0 0 0 0 0 0 0 0 0 6 43 28 43 0 0 1 18 34 27 0 0 0 9 0 0 3 42 70 0 2 0 0 8 11 4 0 27 10 12 18 19 0 11 62 46 48 0 0 46 0 42 0 0 42 0 0 24 0 74 6 6 2 0 3 0 0 21 16 9 0 16 49 21 74 62 26 0 0 0 0 0 23 61 72 0 0 45 0 18 80 0 0 0 0 28 53 0
 0 30 9 10 0 0 0 38 70 42 0 16 0 50 57 0 30 0 0 0 0 14 0 26 19 0 0 1 40 0 38 8 0 0 0 68 18 0 0 0 0 11 0 0 0 48 0 0 0 0 0 0 0 27 0 27 0 0 43 0 68 0 29 0 1 31 0 49 43 0 73 0 40 22 4 51 22 0 37 0 79 0 0 25 0 85 6 30 0 27 50 0 12 47 0 0 18 0 0 24 16 0 11 37 0 0 0 0 2 0 0 0 0 0 0 0 0 0 13 0 0 32 0 0 14 14 0 0 0 67 23 0 0 0 65 0 52 34 0 0 13 0 0 0 24 0 0 42 0 47 0 0 0 36 19 0 46 92 0 0 0 29 0 0 0 0 0 0 78 1 0 12 0 38 0 68 0 2 63 9 0 4 0 0 14 4 0 11 0 0 0 47 0 0 0 23 0 38 8 46
 0 10 47 19 0 82 26 0 0 0 0 38 0 19 48 0 27 0 37 59 9 70 83 0 0 20 5 0 62 0 17 33 0 0 0 0 18 0 24 16 38 54 0 7 44 0 71 0 18 25 46 0 0 7 0 0 0 14 0 0 0 0 0 19 0 0 44 5 0 0 3 69 0 0 0 2 76 1 50 22 0 9 43 31 8 0 0 4 10 0 13 7 0 0 0 0 90 68 33 64 39 33 0 0 24 0 27 7 0 0 0 0 21 11 29 46 51 41 36 5 0 16 4 100 37 0 0 62 0 0 0 16 24 0 0 0 0 31 77 61 0 27 3 0 0 71 0 44 25 0 0 19 68 76 40 36 78 44 0 59 44 0 41 9 0 0 0 0 37 10 16 32 0 9 19 0 0 0 0 0 0 0 0 21 31 0 52 17 0 0 20 0 23 0 8 35 0 0 0 17
 1 0 45 0 0 8 0 35 10 0 19 75 0 25 0 0 7 0 0 12 49 0 14 56 18 34 0 12 0 0 63 0 49 0 0 0 72 0 32 3 1 0 0 0 0 0 42 0 56 0 48 31 0 0 0 0 21 0 0 11 69 7 20 16 0 37 13 38 22 42 0 0 0 49 77 57 21 50 16 47 0 0 0 54 0 71 19 92 0 0 0 0 0 0 0 32 0 2 50 24 5 88 0 0 0 10 0 46 5 0 0 27 72 7 70 13 68 17 94 0 19 14 0 0 25 2 37 0 1 49 13 0 0 0 0 36 0 0 93 0 0 0 0 15 0 0 44 0 20 0 0 24 0 0 62 41 31 49 0 0 27 0 17 20 0 0 0 0 11 0 58 53 0 0 0 0 0 18 0 13 42 10 0 0 0 47 72 52 0 0 0 59 0 4 0 0 0 0 0 42
 0 44 1 0 0 65 36 0 9 11 22 13 0 0 14 3 0 34 21 0 31 43 83 39 0 0 2 4 0 41 30 5 78 0 19 0 0 0 0 80 0 0 24 0 0 0 0 0 0 0 0 0 25 29 0 26 0 0 0 42 68 0 0 0 0 20 0 0 11 0 0 0 44 16 76 0 38 9 13 34 0 0 0 0 67 0 11 33 58 46 33 5 31 26 85 0 4 18 30 0 61 0 0 0 0 0 0 0 6 0 2 0 0 0 0 58 0 22 80 28 0 0 0 52 0 57 1 0 0 0 0 0 74 0 71 0 68 34 0 0 43 0 13 0 0 45 56 0 40 0 0 0 0 54 22 0 53 0 45 0 41 0 0 0 0 0 14 0 0 0 0 54 60 20 0 42 0 7 46 26 5 0 13 0 33 0 0 0 0 0 0 33 0 0 7 0 6 19 27 70
 0 0 0 23 32 0 32 73 27 0 36 0 0 54 0 73 85 56 3 21 0 17 14 43 53 0 0 48 0 33 67 76 0 61 60 90 0 15 0 0 0 10 0 0 42 42 0 0 32 30 42 9 8 23 33 55 0 0 0 64 0 0 6 27 60 2 69 0 7 0 0 0 44 20 0 0 72 40 59 7 0 0 0 43 0 84 59 8 61 0 50 23 45 93 0 52 0 0 48 1 0 17 0 0 3 0 0 0 14 51 0 0 21 0 48 65 0 0 8 24 14 37 96 24 0 0 45 33 0 43 27 0 0 0 13 0 0 0 0 67 42 0 0 20 0 0 0 0 65 0 0 3 2 0 0 0 0 0 0 81 11 0 0 13 25 36 63 29 0 27 0 31 0 41 18 0 29 0 61 0 14 0 42 17 0 0 0 0 0 51 53 0 9 53 67 60 19 0 10 0
 77 0 0 0 57 0 35 39 0 26 2 1 0 29 0 0 38 18 0 0 0 0 5 16 0 0 0 21 0 0 0 33 0 13 66 38 0 0 23 5 82 0 0 0 0 0 55 5 0 51 69 0 2 0 91 21 58 0 0 0 0 16 38 41 46 14 0 6 0 57 26 0 0 5 83 41 0 0 0 0 41 0 57 0 0 56 0 0 57 5 86 0 43 68 13 0 0 0 0 20 0 0 0 0 14 3 14 72 12 0 0 87 15 40 0 0 43 43 0 0 14 34 35 0 51 0 0 47 0 0 0 15 0 15 0 33 0 24 51 0 0 48 0 71 0 15 21 54 0 46 25 0 28 58 15 0 30 0 57 20 0 5 55 0 0 15 0 8 0 0 0 0 34 0 95 10 0 0 0 37 0 43 52 11 0 0 75 62 0 4 0 0 0 0 0 19 0 36 0 0
 0 36 0 0 0 81 61 0 5 0 20 0 0 6 0 0 12 0 0 0 0 52 30 10 0 42 32 10 14 15 54 2 0 61 4 6 0 81 0 0 44 0 0 0 0 16 21 0 0 0 27 7 1 0 0 0 28 0 0 51 71 4 0 44 10 0 4 0 0 0 67 0 79 19 0 9 0 0 0 0 66 9 39 52 0 0 8 46 0 27 0 31 0 0 0 23 56 11 0 6 40 0 18 25 15 0 34 48 0 61 47 0 65 16 56 0 16 0 0 66 0 0 51 30 0 22 26 33 21 0 58 0 19 74 0 70 0 27 41 0 0 1 80 13 61 34 39 54 20 0 0 0 36 43 0 25 66 68 0 18 0 0 71 0 0 0 0 48 0 15 45 26 0 32 40 48 0 0 20 21 0 0 0 1 0 0 28 32 5 56 8 14 0 0 0 41 7 0 0 0
 42 20 14 34 9 0 13 32 54 0 1 75 10 0 8 30 0 11 0 0 0 0 38 0 33 0 43 21 0 59 4 17 0 77 0 0 0 0 0 57 16 18 28 11 0 0 6 59 0 0 2 61 0 23 51 0 16 37 30 0 0 0 13 0 0 18 39 69 12 0 32 70 0 0 39 0 20 0 58 0 0 24 0 0 22 17 0 21 0 7 0 0 55 0 2 0 0 0 0 0 0 0 45 0 0 14 60 31 0 0 0 58 0 0 25 22 0 6 0 0 70 0 0 6 0 49 0 22 8 22 0 0 0 56 0 0 0 57 0 9 1 39 17 0 68 0 6 0 0 0 0 11 0 0 31 0 0 0 11 0 0 0 0 10 0 21 0 0 37 7 26 0 23 40 26 79 57 66 0 0 20 0 67 60 0 54 28 46 0 68 1 21 53 0 49 6 26 0 35 6
 0 5 19 57 6 0 0 0 0 38 0 94 30 0 0 40 0 0 8 0 29 1 7 0 20 43 0 0 0 35 0 10 16 42 25 42 0 15 0 0 0 88 0 10 2 0 0 24 0 0 25 0 16 52 43 39 0 0 0 0 69 0 0 0 0 0 0 0 86 0 0 9 0 0 0 0 28 0 29 0 70 0 61 0 39 0 0 33 37 0 0 0 14 0 0 0 8 0 37 80 64 5 17 21 0 0 14 0 34 0 0 77 0 23 0 67 58 1 0 0 0 0 0 7 0 28 0 19 0 5 65 0 65 0 0 0 0 52 0 0 0 9 53 0 68 59 23 0 0 61 7 0 44 26 0 0 24 78 0 12 91 77 31 6 0 0 0 0 0 0 0 0 0 14 45 45 0 38 57 0 11 2 0 47 0 6 62 0 0 61 0 4 36 46 23 0 0 55 0 63
 0 45 32 0 0 0 73 0 61 0 0 41 0 0 0 0 0 0 82 0 0 0 0 18 35 66 0 0 4 0 45 0 18 1 0 39 22 4 0 0 0 0 30 0 0 23 0 42 0 0 15 0 0 42 0 20 0 0 75 0 8 0 32 22 52 0 0 0 0 0 0 60 0 0 0 0 0 15 53 14 0 0 0 34 0 22 0 4 22 22 0 27 0 0 20 2 2 26 0 13 0 0 41 0 7 0 18 45 71 0 0 0 0 0 2 9 0 36 0 10 31 26 1 0 7 24 42 0 1 46 19 3 0 0 0 0 0 84 46 0 39 25 0 0 0 0 0 0 0 50 61 0 27 46 45 0 0 0 62 0 19 39 0 0 0 0 0 1 52 6 57 0 10 6 0 59 0 0 17 29 0 0 0 0 12 0 64 31 0 0 7 77 0 0 0 0 0 0 38 0
 26 10 0 40 64 0 39 32 24 18 51 83 5 0 0 53 75 31 12 0 6 56 7 21 57 0 38 0 5 11 27 0 0 53 3 0 0 0 0 0 35 0 14 0 32 57 56 9 0 0 44 22 72 78 57 61 0 76 0 57 25 0 8 1 22 0 0 0 0 36 0 38 0 0 0 39 0 42 0 40 15 0 0 3 0 18 48 76 0 19 0 13 0 6 0 0 32 0 29 0 0 0 0 4 87 44 0 0 0 63 71 35 0 9 0 0 0 0 26 94 0 0 12 0 5 0 59 64 0 50 0 9 49 44 48 31 43 0 0 31 0 42 0 0 52 0 0 0 9 0 0 0 57 0 0 0 0 0 61 36 33 0 0 26 24 0 0 18 16 16 0 0 26 35 18 8 0 96 29 0 0 26 0 0 0 47 0 82 72 9 0 68 12 0 0 10 26 0 25 45
 17 11 5 39 0 39 5 4 64 45 17 0 0 0 7 0 22 47 56 13 0 86 0 5 62 79 36 0 0 5 0 0 35 0 0 0 0 21 27 41 0 72 0 10 28 0 0 0 89 7 42 41 42 12 15 45 57 40 0 49 8 0 0 0 26 27 44 67 0 0 91 70 0 0 70 0 89 7 17 53 23 66 0 35 0 42 0 0 5 0 34 0 0 0 4 17 0 0 0 26 0 0 29 19 0 7 57 23 27 58 0 0 13 0 0 0 0 17 12 56 0 8 0 30 17 19 10 0 0 0 15 32 0 64 67 0 0 16 0 2 0 0 0 0 0 0 71 80 0 11 0 12 0 33 1 0 2 0 23 11 21 9 0 22 47 21 75 0 45 15 31 0 2 0 81 3 0 0 11 16 0 25 0 31 22 0 0 83 2 0 0 58 65 77 13 28 0 0 0 0
 20 0 0 11 30 0 0 3 49 0 0 46 15 39 8 23 15 77 14 46 0 29 0 0 54 3 38 11 0 0 0 26 49 63 12 70 38 6 1 0 0 89 47 0 0 44 62 0 13 0 43 16 4 0 2 0 0 43 62 12 7 0 17 0 0 0 46 0 70 0 0 8 0 39 5 32 51 42 15 0 0 0 6 0 0 0 0 0 0 13 0 0 33 7 0 14 56 60 23 0 0 0 0 40 69 32 4 0 24 9 0 41 8 0 38 34 0 0 67 43 6 11 0 80 20 0 0 0 52 8 19 82 0 0 47 0 0 0 0 0 0 0 0 46 31 17 0 0 0 34 0 0 0 0 0 29 0 57 16 0 0 0 0 15 86 13 9 19 0 0 0 0 0 19 0 36 0 0 10 2 0 34 12 0 0 7 15 0 0 5 0 0 10 0 0 60 3 0 0 15
 3 83 39 20 0 0 0 73 12 0 0 0 28 47 21 0 6 0 46 0 12 23 22 71 0 12 34 29 0 0 0 16 43 0 5 11 24 0 8 0 17 31 0 40 27 20 0 3 27 60 18 21 60 0 0 24 0 0 0 22 0 71 41 0 49 0 5 22 10 0 0 0 31 30 0 0 0 8 0 0 0 48 6 45 30 0 0 0 0 0 0 0 0 4 20 0 18 0 26 0 5 45 0 37 1 5 29 49 42 0 0 38 0 0 0 2 2 12 60 0 0 0 56 31 0 31 43 0 0 45 31 17 0 24 35 82 0 36 61 17 19 0 82 66 0 30 67 0 0 0 0 0 0 25 55 0 7 0 30 28 60 0 35 0 0 11 18 3 0 0 0 90 51 1 0 0 9 0 0 44 0 13 0 0 15 53 14 32 0 0 25 9 5 11 17 0 27 0 0 0
 31 24 0 23 31 0 2 0 0 82 22 18 87 0 0 0 92 0 90 0 0 2 0 37 0 54 0 0 14 21 0 37 73 6 0 0 20 0 14 18 43 5 58 67 4 26 0 10 0 0 43 8 2 0 0 6 18 0 0 0 0 13 0 0 0 0 7 0 0 0 10 5 15 31 0 25 0 0 89 20 10 0 67 0 0 0 4 0 83 0 0 0 66 0 33 0 69 0 23 58 0 62 0 28 28 16 0 36 0 52 0 0 0 23 0 0 0 0 55 40 0 0 0 18 30 0 0 20 12 42 89 42 0 17 80 52 80 9 0 33 58 29 75 0 0 48 45 2 23 0 0 75 35 0 34 0 0 0 0 0 0 4 0 51 0 12 0 0 0 20 12 0 0 34 0 19 12 38 0 44 0 0 37 22 0 0 0 60 0 0 0 0 26 54 0 0 27 45 0 70
 3 85 0 0 0 0 0 22 0 18 15 0 0 3 0 0 0 72 0 3 24 0 15 29 0 0 0 0 48 11 41 0 33 0 69 21 0 17 5 0 66 0 79 0 18 0 0 0 0 0 0 6 0 13 29 0 61 0 69 19 58 0 23 0 29 63 0 0 77 0 0 59 89 41 0 0 91 85 5 0 47 52 44 38 0 0 0 38 63 12 0 0 0 0 3 76 0 0 0 6 30 40 64 68 0 0 74 27 0 0 0 0 0 56 0 7 12 33 0 77 0 0 0 0 9 0 14 0 0 0 0 0 58 0 72 0 0 3 61 5 0 1 0 0 0 0 35 3 0 0 42 0 0 2 66 0 35 0 0 0 2 22 0 0 34 9 0 0 64 0 0 0 0 0 23 0 0 77 0 0 15 0 0 9 0 0 28 0 43 0 0 63 70 27 18 0 39 15 0 7
 17 23 0 45 37 0 43 20 10 0 0 0 66 24 62 61 0 0 13 0 0 0 63 0 0 0 0 0 0 0 0 16 0 0 0 0 78 25 61 32 0 0 0 36 15 75 0 25 28 0 1 0 0 0 0 8 0 0 16 0 0 0 24 5 47 49 36 6 17 0 76 0 0 0 13 8 0 43 0 0 0 0 11 0 0 13 95 0 11 32 40 41 14 4 28 0 6 52 70 95 0 0 0 10 0 32 0 3 66 0 17 0 29 0 0 0 19 23 0 0 57 81 37 0 0 11 30 0 0 22 83 0 5 44 9 0 33 0 37 0 49 0 0 18 0 0 0 0 0 29 0 69 75 0 0 0 0 80 0 52 56 20 10 23 38 0 1 0 4 0 0 32 0 77 31 13 0 15 0 31 70 39 72 0 0 8 0 34 17 12 18 48 0 92 0 18 39 0 33 70
 47 29 0 0 16 0 25 0 13 66 13 0 0 14 17 0 69 2 12 15 30 2 0 55 40 0 0 0 0 30 0 73 12 25 38 68 52 10 0 45 78 34 0 70 0 0 28 0 0 0 0 0 41 89 33 0 0 0 42 1 15 0 24 62 78 43 0 0 31 2 56 0 0 0 5 0 0 0 8 0 15 5 0 0 0 11 0 33 0 29 1 32 0 2 0 42 36 61 8 79 3 0 0 0 26 59 61 0 39 27 10 13 0 1 0 0 25 47 0 97 14 0 62 0 4 22 0 20 15 0 20 65 0 0 68 0 0 0 27 35 0 7 70 42 24 0 0 48 0 39 0 3 3 76 0 16 7 38 0 0 0 0 42 0 60 11 0 25 0 0 0 0 23 30 0 0 0 0 0 17 24 0 37 0 77 9 0 45 0 23 0 0 0 0 0 0 23 42 12 0
 71 9 22 67 29 6 6 0 53 0 0 0 0 0 0 55 6 14 20 53 25 67 0 71 22 0 64 16 0 40 0 0 7 22 0 0 25 44 92 0 58 59 0 5 0 0 16 0 0 26 20 0 0 0 0 0 0 16 47 17 0 0 0 0 0 38 22 34 0 0 0 0 27 3 42 27 0 39 74 46 68 0 0 0 23 0 12 0 0 20 56 0 0 85 25 38 60 28 0 0 0 0 0 0 36 0 26 11 6 16 5 57 0 28 0 0 0 0 0 7 0 0 0 20 8 0 0 26 6 0 3 0 56 17 68 0 0 23 0 12 14 0 12 53 0 0 54 4 28 11 0 28 0 0 48 0 0 0 0 0 0 0 72 10 0 0 0 57 37 0 0 0 0 0 0 0 0 0 0 2 0 50 75 29 42 12 0 53 13 0 0 44 0 94 24 0 0 0 49 42
 64 8 0 0 0 0 0 0 18 10 32 0 0 0 30 61 0 28 55 37 0 0 0 4 79 37 0 1 0 21 0 0 75 62 2 0 7 0 52 0 0 0 0 41 0 0 0 36 0 39 0 36 27 0 0 0 0 0 0 0 45 73 55 0 0 0 52 10 0 0 0 83 71 18 0 4 0 30 7 0 55 0 18 0 0 0 25 26 44 0 0 8 68 83 0 0 0 0 0 0 0 0 0 0 12 0 11 0 5 76 54 64 0 11 25 48 3 11 0 24 0 0 62 0 33 22 89 0 0 0 0 0 0 40 82 63 0 0 18 0 16 43 53 65 0 0 69 74 25 72 0 0 2 0 55 0 4 5 0 0 2 0 12 89 2 0 61 61 0 0 24 57 48 19 0 40 0 0 0 0 1 0 0 32 72 0 60 8 0 0 19 66 0 31 0 0 0 0 0 78
 0 0 73 69 0 0 0 0 24 0 13 11 0 6 24 0 0 37 0 0 94 0 0 17 12 0 0 38 69 1 0 27 0 0 0 0 0 14 0 45 0 0 0 0 0 0 0 0 77 0 0 0 0 0 0 0 0 19 67 0 0 70 73 10 0 59 0 15 0 61 3 66 0 24 31 17 0 50 0 0 0 0 0 0 0 9 97 37 31 0 1 34 0 0 12 9 25 25 0 0 0 0 62 0 0 0 10 11 0 0 0 0 0 17 0 27 89 0 64 58 59 0 46 0 51 0 18 52 0 0 0 35 3 13 26 0 0 62 29 0 0 0 78 73 31 0 0 8 0 35 6 0 0 19 0 0 49 0 0 0 60 0 0 0 0 0 0 0 52 0 74 0 51 0 0 0 0 0 8 0 9 74 0 0 18 0 0 5 1 0 6 0 5 31 12 40 0 10 30 0
 0 0 0 18 0 24 13 0 0 5 0 57 44 0 72 0 0 6 0 25 52 0 0 0 0 0 12 0 13 0 0 0 36 0 17 17 0 35 0 0 0 0 31 0 0 21 23 0 62 0 0 0 0 8 0 0 22 0 0 0 0 17 0 9 0 0 0 0 0 48 64 0 0 72 45 0 8 44 8 15 0 0 43 0 0 51 67 0 15 0 0 0 26 67 0 0 0 18 0 0 3 0 27 74 0 0 0 0 0 17 73 22 13 13 59 60 58 25 19 21 0 0 32 62 0 73 0 0 0 12 28 43 4 82 0 0 70 99 0 0 0 0 0 84 84 32 41 0 29 28 0 52 55 15 0 25 0 0 0 0 0 59 22 15 0 30 0 0 0 95 0 0 0 54 0 27 0 0 0 63 0 55 45 32 21 0 4 22 0 0 15 0 30 21 0 39 0 24 0 0
 14 60 1 0 0 34 0 8 29 15 8 6 0 0 0 69 19 8 0 0 24 29 0 0 0 24 90 17 35 10 0 41 0 0 75 13 0 0 87 0 23 61 52 57 8 52 0 0 0 0 0 41 0 0 0 0 0 0 0 0 0 0 0 0 0 0 84 0 0 59 48 47 0 53 51 0 83 47 0 17 0 15 0 0 0 58 0 0 0 0 0 0 0 0 0 65 86 0 0 12 0 0 14 12 58 15 0 0 55 45 0 29 36 0 38 2 0 73 0 22 21 3 0 47 6 9 80 14 0 0 0 58 0 36 0 21 16 18 0 0 17 61 0 0 60 18 0 13 40 0 46 41 16 0 73 0 65 29 0 0 0 0 0 0 16 29 24 0 10 0 46 0 0 0 0 0 0 0 0 26 0 60 0 74 0 20 15 1 0 8 43 0 0 10 57 0 0 0 0 17
 26 0 0 0 0 0 0 30 0 0 0 96 0 65 5 85 0 0 15 0 0 63 0 33 0 73 30 0 28 5 41 59 0 0 0 0 0 66 87 42 0 81 46 0 0 0 6 0 0 0 76 68 73 20 27 1 0 0 0 0 0 0 0 0 40 38 38 87 0 0 0 0 0 0 51 0 35 62 24 0 0 12 0 0 36 45 0 40 3 0 0 18 25 0 9 0 28 25 39 0 0 57 0 0 7 67 75 0 35 73 12 0 59 68 35 18 74 0 53 0 27 0 13 0 20 0 48 0 0 49 0 17 51 51 0 0 0 32 31 26 72 94 10 0 0 67 46 0 0 0 0 0 0 0 0 87 63 7 0 0 45 3 14 0 0 41 53 54 0 1 0 9 0 0 82 0 0 0 0 31 6 69 22 21 0 2 42 76 52 58 0 32 0 0 0 27 9 56 0 0
 0 0 41 32 74 14 0 9 17 0 31 0 0 0 33 44 16 0 75 57 0 0 54 0 30 0 42 0 72 17 0 0 10 0 16 0 29 1 0 0 0 15 0 20 0 0 24 2 46 55 11 0 51 0 74 0 0 0 0 0 35 0 21 0 61 0 59 2 67 8 68 70 28 0 27 0 0 0 36 0 2 0 0 0 19 0 30 0 0 0 0 0 0 30 21 19 0 29 0 0 78 0 0 0 0 21 72 0 0 0 7 74 0 58 24 0 0 0 0 0 0 0 93 10 0 0 11 0 0 0 0 20 64 0 55 0 0 0 89 15 0 0 80 0 56 0 20 0 2 0 0 0 0 0 24 0 0 40 58 0 0 0 0 0 0 0 24 0 72 71 0 0 0 35 29 21 0 43 0 32 45 57 0 0 0 18 0 43 22 0 75 15 80 0 42 0 0 0 23 0
 52 0 0 0 0 6 35 0 43 0 0 0 11 0 0 12 26 0 14 0 0 0 79 31 0 42 87 48 29 0 17 0 0 26 20 0 0 0 47 0 0 10 18 0 42 0 28 0 75 0 0 0 0 0 0 2 0 40 0 55 24 0 0 0 0 8 67 0 0 42 31 0 51 0 0 38 0 5 0 0 0 0 35 0 0 9 0 7 0 0 20 16 0 8 29 56 20 36 0 53 0 15 0 0 0 76 43 36 0 0 36 0 1 0 40 0 0 73 0 0 66 0 0 0 83 18 8 0 0 39 68 82 21 0 78 22 0 0 6 0 0 0 0 20 0 70 30 61 0 0 0 0 0 49 18 0 36 69 11 34 0 0 17 0 30 0 2 22 0 75 0 22 22 0 26 23 0 0 30 0 1 0 0 46 0 0 82 42 0 0 0 0 20 0 5 0 23 0 0 0
 0 0 69 28 0 42 0 23 7 26 0 26 0 0 0 0 0 33 3 38 13 0 7 0 63 19 0 48 47 0 0 0 0 9 0 0 12 3 0 0 0 19 19 34 0 15 49 0 0 7 0 4 0 11 0 26 0 0 37 88 0 0 0 0 0 25 43 76 0 0 0 0 0 0 0 0 42 14 0 0 2 62 0 33 24 34 43 10 0 42 80 0 0 28 0 24 0 0 22 0 0 0 0 9 0 0 41 0 0 76 24 0 0 7 0 0 0 18 25 0 16 0 68 0 0 0 0 23 0 14 2 12 0 44 14 20 0 8 53 45 0 0 44 0 0 26 0 10 37 4 0 0 0 0 11 27 0 1 42 6 30 62 37 8 7 0 0 0 0 2 0 0 0 0 46 0 0 39 15 0 0 12 1 26 41 0 26 0 0 0 45 0 0 12 0 4 0 78 6 0
 0 0 0 0 0 0 65 0 0 0 0 56 0 0 50 46 9 0 0 78 53 82 0 9 0 0 4 0 20 0 39 0 0 24 0 25 0 0 0 0 0 0 60 0 89 75 0 29 0 55 34 65 0 0 0 0 8 0 0 0 20 39 0 37 16 0 0 0 31 0 44 79 2 61 15 19 0 0 7 0 0 12 0 0 50 13 0 19 24 0 37 0 32 9 0 0 82 45 32 0 26 0 0 0 20 65 44 0 0 8 34 11 0 38 0 0 29 0 64 0 0 39 0 36 47 28 30 0 57 6 0 0 48 0 0 18 20 21 0 0 0 0 0 0 29 27 19 5 0 5 49 0 1 0 0 0 79 28 0 11 39 0 0 0 51 12 4 0 0 22 0 67 13 0 0 5 0 59 0 0 0 0 1 0 0 7 0 0 12 45 56 30 0 58 0 24 9 0 46 0
 0 9 0 21 0 36 0 0 25 0 1 27 0 0 1 0 73 75 20 20 12 90 24 22 48 31 0 27 0 20 79 0 9 16 0 17 0 63 0 28 10 35 27 0 0 0 14 0 0 0 38 0 15 25 16 0 0 0 0 64 12 0 9 4 0 30 0 14 0 0 0 78 0 0 0 0 0 0 21 0 36 59 61 0 0 56 40 18 56 16 0 42 0 70 0 24 0 0 83 67 0 0 0 0 14 31 0 0 0 0 45 18 0 28 0 0 4 0 0 0 0 8 79 22 40 4 23 0 42 0 0 0 15 30 23 55 18 0 26 46 19 90 0 11 0 47 55 8 3 0 94 0 16 0 0 63 86 25 0 50 23 0 52 0 0 0 0 0 0 85 11 65 0 0 0 58 15 0 0 0 0 13 0 0 0 33 28 0 0 0 23 7 0 0 13 0 0 0 0 0
 3 0 0 4 0 0 0 44 35 71 9 54 0 0 29 0 0 11 44 0 0 0 32 0 30 0 0 0 30 60 0 0 0 0 0 0 0 0 37 0 0 0 57 0 66 0 0 0 83 32 76 0 0 0 29 2 41 40 55 26 0 0 0 0 11 0 0 68 0 23 14 0 8 52 0 13 50 0 0 82 0 0 15 0 0 12 0 85 0 0 10 7 46 0 0 27 53 15 20 0 24 3 5 0 0 40 43 0 8 13 6 33 9 2 0 0 0 94 47 0 0 0 54 0 0 5 0 37 6 0 32 40 3 0 61 22 0 48 0 0 0 15 25 0 0 51 18 27 18 7 59 0 0 0 0 49 55 0 0 45 72 14 54 0 46 4 0 1 24 0 3 21 18 23 81 0 23 0 0 62 46 0 0 49 59 0 19 51 0 0 0 0 32 33 3 0 0 16 0 15
 55 44 37 44 0 0 0 0 23 0 0 0 0 0 0 0 0 0 72 0 8 0 17 0 0 0 33 3 0 48 95 0 0 0 29 72 15 3 0 0 3 0 0 68 0 0 0 0 19 24 56 0 0 12 15 0 0 0 2 48 51 53 0 0 16 0 26 0 47 0 44 47 0 0 46 0 0 51 0 17 28 41 0 65 0 0 30 0 0 5 37 14 53 38 13 0 0 19 0 0 0 39 5 31 12 10 52 7 0 0 0 0 0 0 26 5 0 60 29 63 0 26 20 0 35 5 0 0 0 10 0 0 0 37 35 30 0 7 0 0 7 0 2 0 0 1 82 42 7 0 0 26 59 83 0 0 25 23 13 0 42 0 39 0 40 0 8 3 34 88 21 0 0 0 12 0 0 0 0 0 14 0 50 0 85 0 0 0 86 0 55 4 37 14 0 0 43 0 0 0
 0 87 0 26 9 0 11 5 0 63 0 16 0 0 83 11 0 29 21 0 16 0 37 13 5 0 0 37 0 15 57 62 17 36 7 60 47 32 9 3 0 0 37 0 60 0 0 0 67 51 27 42 0 32 1 55 45 0 15 0 0 0 0 20 17 0 39 3 40 29 44 0 0 0 0 26 0 36 0 16 20 45 0 50 0 0 49 0 0 0 0 4 26 13 0 0 0 0 22 33 12 0 0 0 0 0 77 0 7 37 0 77 0 0 2 0 17 32 56 0 17 0 0 0 71 0 28 0 0 50 0 0 2 0 31 0 27 0 66 0 32 79 0 0 2 28 20 0 11 50 0 44 0 81 0 11 49 4 0 0 0 0 32 44 0 9 0 4 35 0 0 0 0 25 0 34 92 0 0 72 0 0 0 24 45 41 0 11 20 0 21 40 47 0 0 0 41 48 0 22
 0 0 29 0 0 57 0 33 40 63 0 25 0 0 0 0 0 33 33 0 4 34 0 7 0 26 0 71 46 4 18 0 35 0 22 30 11 0 34 0 74 32 0 23 0 67 65 0 51 13 59 4 0 87 20 0 0 25 26 0 58 22 56 7 43 0 11 50 55 0 0 3 0 32 0 0 0 0 43 0 0 77 29 0 9 66 0 0 0 0 93 0 0 12 21 0 0 67 72 0 0 0 38 0 76 0 0 0 0 24 51 25 0 45 12 0 0 1 0 0 0 31 0 0 0 0 6 0 70 0 52 0 66 0 4 0 0 0 19 14 0 0 24 86 0 21 0 0 0 24 12 79 45 17 91 29 0 4 0 0 27 0 0 0 0 0 78 2 0 0 0 0 48 0 0 0 0 0 0 0 0 15 16 28 80 17 29 0 0 78 0 0 0 17 56 47 0 0 30 0
 6 0 33 12 0 32 0 0 0 0 9 0 42 61 2 0 0 8 0 0 0 26 0 72 0 8 0 0 0 0 0 0 0 35 0 0 0 0 23 16 23 84 0 0 20 0 0 3 54 52 18 62 0 0 0 39 0 13 0 0 53 42 55 15 0 47 0 0 5 0 54 16 0 0 54 0 14 0 73 0 27 6 0 9 80 0 45 37 0 31 34 0 0 21 0 0 0 0 44 0 0 12 3 59 0 0 58 4 5 0 0 42 0 16 0 0 20 6 0 0 7 18 4 0 0 26 10 23 0 75 33 1 21 28 0 78 1 16 76 0 18 24 69 0 18 0 50 2 0 14 0 0 29 0 0 37 35 34 0 0 23 67 30 28 0 41 0 0 0 71 22 0 0 0 33 31 0 5 0 0 0 0 0 0 0 0 0 16 0 12 0 0 6 0 0 0 43 0 36 58
 12 31 0 36 19 9 0 5 8 0 0 7 1 9 0 42 84 0 17 21 0 0 0 0 6 0 0 25 0 0 0 0 34 14 0 50 0 11 40 0 12 15 14 71 49 12 0 13 29 0 0 0 0 2 0 83 8 17 64 0 0 0 8 27 0 17 18 10 49 0 30 58 0 6 0 69 0 0 37 16 0 0 43 0 6 43 0 0 12 3 34 34 12 25 12 0 27 16 43 34 0 1 20 0 11 16 0 42 0 25 31 25 28 0 59 7 0 35 0 16 32 0 0 0 0 0 0 0 0 40 0 8 11 0 26 0 30 0 75 0 54 0 0 0 0 0 49 0 11 0 0 0 0 0 25 0 19 0 0 0 0 0 0 0 65 0 22 9 0 10 8 0 7 27 0 67 0 0 94 0 0 13 0 0 0 58 50 0 0 0 0 69 0 18 0 36 12 0 1 28
 12 0 0 0 37 7 0 30 0 0 0 0 0 0 13 17 0 0 81 0 26 40 58 0 0 0 8 28 0 0 0 43 41 26 78 0 8 0 18 36 0 0 0 0 0 60 16 0 24 19 0 0 40 88 0 83 1 28 3 9 0 67 19 23 30 0 0 0 23 0 0 0 0 60 0 64 38 0 58 77 7 0 0 71 86 20 3 47 0 0 12 26 0 0 41 0 24 18 1 0 0 33 0 0 39 33 28 9 0 0 47 38 0 0 0 0 0 2 0 0 3 0 0 0 0 26 4 59 0 35 0 9 28 11 0 52 44 45 0 0 21 0 76 33 0 0 0 0 0 0 0 12 0 0 0 0 15 74 61 7 19 0 0 0 0 0 0 68 47 38 0 15 64 0 0 47 0 75 0 0 0 7 16 15 19 0 0 24 35 4 0 7 89 19 0 7 51 23 53 0
 0 0 28 34 68 0 0 0 2 38 0 0 0 0 68 83 0 0 20 0 0 0 31 0 20 7 54 28 0 72 0 0 0 28 0 0 0 0 81 0 0 0 42 55 0 6 45 0 28 0 0 66 0 24 0 8 22 0 4 17 0 0 0 0 27 0 0 11 24 17 46 0 8 0 0 0 73 0 9 34 0 0 0 33 38 78 0 0 0 0 87 0 0 3 17 0 0 0 0 0 0 0 0 19 0 0 87 0 3 23 49 28 71 0 8 0 15 0 28 47 4 21 19 9 37 0 16 0 34 0 51 0 0 0 0 0 61 20 34 5 27 17 4 10 56 16 0 0 0 16 31 15 0 85 7 8 3 0 95 0 15 0 0 0 0 0 71 22 0 70 0 6 0 0 0 18 0 0 0 35 23 0 35 31 20 26 0 0 0 34 9 0 0 12 1 0 11 0 44 0
 0 0 17 46 80 35 14 1 7 4 41 0 0 0 0 0 0 0 21 39 0 0 39 3 78 42 0 53 25 19 0 12 28 18 15 0 0 0 0 23 0 0 49 19 31 15 3 82 30 22 0 0 0 0 4 0 6 0 76 8 0 0 0 0 31 0 2 0 0 0 0 16 54 0 0 0 0 7 1 0 72 0 0 0 0 6 71 0 0 0 14 0 0 0 59 0 0 28 0 27 49 0 0 50 20 0 66 0 72 0 51 0 0 42 0 64 0 7 0 0 22 0 68 0 79 54 0 0 0 52 0 1 0 0 50 0 36 2 0 55 23 62 11 58 4 28 55 0 0 0 0 0 25 39 68 36 16 0 65 84 24 0 0 58 0 0 5 0 0 0 0 5 51 52 0 0 0 8 0 31 0 0 36 0 0 34 24 0 11 12 47 12 44 38 24 0 85 76 31 9
 48 0 0 0 0 49 17 0 5 61 0 8 0 0 0 40 61 0 0 0 0 49 0 0 0 0 0 16 0 20 0 52 0 21 0 49 0 0 69 0 0 0 0 2 10 0 10 50 4 12 0 0 0 0 42 48 57 7 0 0 6 26 0 81 0 75 53 0 3 9 16 0 0 0 27 0 0 0 1 60 31 0 10 0 14 60 20 38 0 0 8 0 0 35 18 11 0 17 7 58 0 60 63 41 40 0 21 38 20 0 0 0 30 42 0 51 4 30 41 2 0 15 5 0 0 0 0 21 17 15 0 0 0 0 1 0 33 0 0 5 24 0 0 16 59 0 0 30 0 0 0 0 0 32 0 0 65 0 0 0 70 0 1 0 25 0 0 0 0 0 29 0 0 0 92 30 4 22 63 0 0 0 65 3 16 0 0 0 0 0 0 50 18 0 0 25 0 0 0 0
 14 0 54 0 6 0 0 0 0 47 0 40 6 0 0 0 0 0 0 0 0 19 0 2 0 45 0 31 0 75 14 61 0 29 0 44 54 26 0 19 35 0 31 9 46 8 0 38 0 49 17 16 0 32 73 0 0 42 65 8 0 0 0 0 0 16 0 5 82 0 0 0 71 75 0 0 25 63 72 0 0 0 0 61 0 0 0 17 11 17 0 15 42 0 23 2 0 58 0 0 0 0 0 67 0 0 0 13 0 8 0 9 59 0 0 21 0 6 80 0 24 0 0 67 22 49 56 0 16 10 0 0 52 0 3 56 0 0 0 56 29 54 39 0 72 0 26 9 0 56 13 0 50 8 4 0 70 24 84 20 25 95 0 2 31 0 31 0 2 16 0 0 0 0 0 8 2 42 85 0 20 38 12 0 0 57 0 16 18 6 0 0 0 0 37 0 0 51 0 52
 0 0 0 8 39 0 50 77 11 0 0 14 0 31 38 24 0 0 18 52 0 0 0 0 0 2 0 0 0 34 0 50 0 51 28 0 31 0 0 0 0 25 6 0 16 0 0 12 0 8 22 17 0 0 0 78 32 0 0 0 0 0 50 82 0 41 10 0 9 0 53 40 76 0 26 0 0 9 59 38 0 0 33 0 21 26 14 0 25 77 0 18 0 0 0 0 30 58 1 38 3 23 42 0 44 38 0 3 64 0 73 0 3 0 0 0 0 0 20 0 0 0 7 0 0 76 6 0 0 17 0 25 29 6 16 0 72 8 0 0 0 0 46 0 28 0 61 0 0 64 0 0 0 0 19 0 71 54 27 39 0 23 83 4 48 0 25 29 1 68 0 0 0 0 0 0 1 7 0 43 23 0 0 0 0 0 0 56 0 40 40 48 0 0 0 30 11 15 30 0
 7 33 46 0 31 48 7 23 71 0 3 0 0 0 61 0 0 33 0 44 79 0 0 37 41 52 0 0 0 0 39 61 0 0 5 0 49 44 0 0 6 2 0 57 0 0 5 14 69 18 0 0 28 0 0 29 0 58 0 0 17 73 67 0 23 0 7 0 0 0 0 0 34 0 43 0 0 0 75 0 0 0 42 42 62 0 11 0 0 11 11 0 0 25 65 97 59 0 0 21 0 0 0 14 0 37 34 5 0 59 2 0 51 0 0 53 72 0 28 0 40 0 15 0 0 32 0 66 69 0 0 56 0 0 0 26 0 6 0 69 0 0 67 0 26 52 82 60 0 27 45 70 5 0 13 0 41 13 11 0 7 0 0 12 0 0 0 70 11 8 56 0 9 2 25 0 0 0 0 47 11 89 0 49 0 0 0 0 0 0 26 0 0 0 0 0 0 0 2 26
 0 0 1 22 0 16 0 18 0 0 30 0 6 0 0 0 0 0 0 26 0 0 8 0 0 26 0 0 0 18 0 0 12 63 12 50 4 0 0 39 0 7 0 2 33 0 0 31 0 12 0 0 14 0 0 0 0 0 64 2 0 13 0 0 0 0 0 0 54 29 0 11 0 38 30 0 0 0 15 19 22 0 21 0 16 11 0 0 14 13 19 0 37 0 0 28 0 0 15 0 46 0 0 0 0 9 0 27 0 0 0 0 0 0 40 0 0 0 0 26 38 0 38 11 1 36 0 70 26 47 81 3 0 0 0 42 45 0 0 0 46 0 78 10 0 37 27 0 0 0 56 0 0 56 33 18 0 21 39 57 0 0 0 71 68 0 53 46 0 34 32 17 0 77 0 0 0 0 0 0 87 47 4 0 54 0 0 6 23 33 13 20 72 10 0 28 18 13 20 0
 0 16 0 29 0 69 0 0 0 0 48 0 0 36 36 41 0 0 21 83 0 63 0 0 65 58 0 0 0 0 27 64 0 20 36 0 0 15 52 0 46 5 1 10 23 24 58 19 0 26 21 12 0 12 0 46 0 27 36 17 0 0 9 11 0 11 0 10 77 0 35 0 9 43 35 19 0 88 0 35 0 43 21 5 10 0 0 17 0 57 0 0 0 39 0 0 0 0 1 0 0 25 0 0 0 62 72 28 0 52 34 9 0 0 0 0 8 58 0 0 0 31 28 38 51 79 0 0 17 0 2 12 60 0 0 0 0 0 77 0 54 56 4 0 0 0 48 85 71 0 17 0 8 0 26 0 27 70 31 4 53 22 38 95 56 89 0 7 0 0 0 25 51 18 1 0 32 0 0 0 0 0 0 0 0 0 38 11 0 0 10 90 0 54 0 0 66 72 0 55
 24 70 0 24 0 4 0 0 35 0 0 6 0 0 0 0 33 17 31 0 0 18 3 0 41 83 22 0 2 0 0 0 0 0 33 0 3 0 0 0 46 0 53 30 0 0 25 19 40 57 0 27 22 4 53 29 0 0 17 7 0 0 76 0 0 0 46 35 0 0 41 24 27 74 0 67 0 10 0 0 0 65 61 8 0 0 0 0 0 0 42 36 0 0 0 0 29 0 85 0 0 32 0 0 0 0 32 0 17 0 60 0 23 0 0 0 3 5 29 0 1 0 44 2 41 0 0 76 63 8 6 46 54 0 0 0 83 37 0 70 13 0 91 50 0 0 0 0 26 0 17 31 0 1 0 2 0 14 0 0 5 0 0 16 0 38 48 0 0 46 0 24 32 11 0 56 17 0 0 0 0 91 0 10 50 1 0 0 16 0 0 0 0 0 0 18 0 50 0 9
 0 0 12 0 59 8 51 0 0 1 74 11 0 0 0 0 85 0 44 0 12 22 0 0 3 9 18 0 49 62 0 0 47 5 52 0 0 0 38 6 11 3 0 0 0 0 0 0 0 0 0 92 0 60 16 0 0 0 61 0 0 0 41 2 41 75 0 0 7 0 0 0 0 0 50 0 0 0 23 0 77 0 6 10 0 82 0 0 41 0 0 39 0 0 16 55 0 0 25 0 0 0 0 10 56 0 72 0 0 31 0 64 45 6 0 31 33 0 0 9 70 86 42 20 45 37 0 0 0 47 4 0 0 10 0 0 16 84 25 0 0 0 69 5 15 0 69 0 85 32 50 0 0 0 0 46 0 0 0 64 13 10 0 0 0 0 56 76 45 0 0 0 1 0 0 83 9 0 19 0 8 0 0 0 0 0 0 47 42 0 1 0 6 0 0 0 0 16 38 0
 26 29 0 0 0 21 0 15 0 0 0 0 7 91 0 33 41 0 14 0 47 0 0 31 61 0 0 34 0 0 0 0 0 4 0 0 53 0 0 41 0 0 0 0 0 64 0 0 0 0 0 52 0 38 0 0 18 0 0 0 65 0 11 64 29 0 37 42 0 0 9 0 0 56 33 54 34 0 0 12 0 38 0 74 31 29 0 0 0 0 17 35 0 33 49 41 0 26 0 94 32 0 0 0 0 55 0 12 0 42 0 0 0 53 53 9 0 0 0 0 0 91 0 0 0 53 26 65 75 0 63 0 0 0 25 70 69 0 0 44 0 37 0 30 0 37 0 2 6 40 53 0 0 0 4 10 54 0 42 41 17 0 0 0 1 55 28 0 28 11 0 3 0 13 0 0 2 0 5 8 0 43 52 0 0 39 0 0 0 0 0 0 0 15 0 57 36 56 0 50
 13 74 0 0 0 11 39 2 56 64 0 0 35 0 0 10 0 0 0 72 0 0 31 0 1 59 15 0 63 0 0 6 44 0 61 0 6 10 54 58 17 0 54 0 0 0 14 12 0 33 30 0 7 28 0 0 0 0 48 0 0 91 0 0 55 0 0 0 27 31 0 78 0 26 0 5 21 14 0 0 16 36 19 14 34 0 0 10 5 0 47 0 12 69 0 27 0 39 28 64 22 46 14 19 0 28 0 52 0 0 0 33 0 2 19 74 15 0 0 12 0 0 0 0 27 56 0 50 0 0 28 0 0 0 5 62 0 11 12 3 67 0 15 0 3 0 0 0 0 0 0 86 0 40 16 0 0 0 0 9 24 0 0 0 0 40 0 26 0 23 89 16 0 56 0 0 0 0 0 0 0 31 7 95 0 48 77 0 40 25 0 24 0 16 83 16 0 0 7 49
 0 26 0 0 30 0 14 0 0 36 6 32 0 0 43 0 0 0 33 2 54 48 0 0 3 0 0 40 42 0 0 0 0 0 16 0 0 7 32 3 7 0 0 0 0 11 0 0 16 0 62 6 0 0 21 0 0 0 0 0 0 0 0 0 0 0 0 0 43 15 0 13 77 0 0 18 0 0 0 91 20 0 10 1 0 0 0 0 13 73 31 19 0 46 64 53 7 12 0 92 27 56 66 61 0 0 4 50 0 37 0 0 8 0 37 0 0 11 0 29 0 0 56 0 0 2 91 41 0 0 48 0 33 0 8 19 0 75 41 75 3 0 0 56 0 2 21 76 3 21 0 0 0 13 37 0 0 47 63 34 0 9 19 0 0 2 7 88 52 0 44 46 26 95 53 0 54 0 14 0 0 38 0 78 6 0 0 8 0 0 0 0 0 0 0 0 36 0 45 0
 34 23 18 69 16 0 8 37 0 0 43 41 0 0 59 0 0 86 37 18 45 21 18 10 72 0 11 0 5 66 0 66 6 45 0 16 29 29 0 0 35 27 0 0 42 7 10 47 70 46 0 12 35 0 0 14 0 0 0 63 0 5 0 24 0 30 1 0 0 0 63 0 0 0 11 8 0 0 0 62 0 65 0 23 13 0 0 17 0 25 21 55 78 34 34 0 0 0 0 73 79 0 65 0 0 0 0 0 42 0 62 0 0 94 0 0 29 8 0 0 35 0 0 0 0 0 0 16 0 31 12 89 46 29 74 0 64 15 0 10 11 0 14 7 46 0 1 0 96 0 0 0 37 39 58 53 44 0 0 0 16 64 37 27 0 0 0 36 0 0 0 41 0 0 33 0 71 68 30 0 0 0 0 47 13 0 70 65 32 48 3 0 58 0 0 0 26 17 80 0
 12 0 0 0 50 32 0 0 17 0 59 65 39 46 0 0 72 0 0 0 30 0 39 0 56 0 0 11 32 0 43 64 13 23 22 18 10 17 0 0 0 0 0 0 61 0 68 48 61 0 1 0 21 59 0 0 11 0 21 24 27 2 0 73 15 0 0 0 0 15 10 0 0 0 0 0 7 45 51 35 4 0 15 69 0 0 0 46 0 18 0 0 46 73 0 49 68 0 0 0 19 0 22 50 43 12 68 81 23 62 59 48 40 72 0 0 0 0 35 0 63 44 4 30 85 0 59 0 41 0 22 0 0 0 82 0 13 45 10 0 8 0 0 54 28 5 11 0 14 0 16 0 14 15 0 73 0 0 16 0 36 8 25 0 6 0 0 0 37 63 0 71 81 0 0 0 0 49 45 20 0 9 62 0 28 44 0 0 3 0 0 6 16 0 0 49 0 31 0 24
 0 0 0 0 0 0 2 13 19 0 0 0 54 1 5 0 0 0 0 34 62 76 0 0 0 0 48 2 0 8 35 8 0 0 0 0 18 50 0 1 0 0 80 14 0 0 0 8 53 0 7 0 58 56 0 48 20 0 0 0 0 0 0 21 0 45 0 21 0 0 0 0 0 26 0 0 92 2 71 4 0 0 78 38 7 25 0 0 0 0 0 2 0 54 29 32 0 0 0 21 39 3 0 18 31 0 6 56 0 26 0 0 22 75 76 0 2 47 18 0 76 0 0 0 87 0 0 82 0 0 0 0 0 50 0 0 0 11 0 0 17 0 45 0 47 11 0 56 9 23 20 0 26 0 26 13 0 13 70 0 2 38 56 0 0 0 0 35 0 0 0 1 22 54 0 0 39 5 63 0 0 58 73 50 0 77 0 47 41 0 0 0 0 0 0 0 0 72 0 0
 48 41 71 0 0 5 0 43 18 0 0 0 0 31 0 0 68 31 0 0 9 0 53 0 0 0 17 7 71 0 0 1 0 29 7 25 0 0 0 0 0 0 0 0 88 0 0 0 57 0 1 10 0 0 0 34 0 43 0 71 27 35 48 0 25 0 3 31 0 5 39 46 0 43 0 62 51 28 0 0 50 0 11 0 46 0 10 51 73 0 0 88 50 25 0 38 21 0 0 6 0 0 0 3 9 46 0 0 0 32 66 0 86 0 0 0 44 70 50 0 0 0 32 0 44 25 0 0 0 0 0 4 0 0 50 71 43 0 0 60 66 64 10 32 31 0 0 0 0 13 22 0 0 6 8 0 3 23 32 39 0 15 40 0 20 0 33 27 6 64 0 0 9 68 14 18 0 0 0 0 0 0 0 52 0 0 19 0 0 0 0 51 0 0 0 0 0 0 0 0
 0 2 4 0 0 52 0 0 0 0 80 18 0 0 0 0 0 11 0 65 1 0 51 0 21 0 68 9 0 54 48 0 48 0 0 49 0 0 0 74 16 9 60 64 0 19 0 0 32 47 0 21 0 5 0 21 0 0 9 0 0 85 0 48 4 0 0 0 5 0 8 0 0 15 58 0 21 38 23 70 0 0 71 0 20 0 0 62 69 0 0 37 18 48 35 11 0 0 0 55 0 54 25 0 17 0 0 0 27 0 0 0 28 51 14 47 1 0 0 70 4 0 0 11 72 0 5 0 0 0 0 0 0 0 0 41 0 56 0 46 14 0 5 0 35 56 0 0 52 0 0 9 15 0 0 0 0 0 0 2 0 0 8 0 21 54 0 0 39 3 9 27 23 13 0 70 0 64 27 0 39 0 18 15 0 68 47 58 19 10 39 0 0 69 44 39 0 35 0 57
 29 65 28 0 12 10 0 54 0 0 23 0 4 0 12 7 16 0 1 31 0 22 0 44 63 0 0 51 35 6 63 0 0 58 0 45 0 17 25 14 1 77 0 65 0 0 28 15 0 0 87 50 78 45 0 48 0 41 62 0 0 4 61 0 34 34 0 0 23 19 0 0 0 0 29 7 0 36 63 0 0 18 44 0 54 0 8 0 15 7 15 0 23 0 84 0 0 54 0 0 22 0 0 28 2 51 0 7 0 53 0 51 0 0 45 0 4 0 31 0 0 0 66 78 35 0 0 70 100 0 42 22 6 23 31 0 0 28 0 48 67 78 19 60 30 13 2 16 74 65 0 0 67 0 79 17 36 23 76 3 0 0 0 42 40 0 0 0 0 28 0 0 1 0 17 30 8 41 42 0 73 8 19 0 80 80 41 0 0 0 0 15 65 0 0 13 0 12 0 0
 52 0 3 0 27 84 2 43 0 0 0 90 55 47 38 6 17 11 0 80 32 0 11 0 0 0 9 42 19 44 0 0 0 0 10 52 0 0 87 0 10 0 0 62 0 33 0 16 0 0 0 0 22 18 18 29 66 22 4 0 0 0 0 59 49 9 0 0 0 21 9 0 0 4 18 81 0 60 0 14 14 0 0 0 0 27 0 17 0 24 41 0 0 0 5 90 38 0 0 19 3 4 0 22 0 18 0 2 1 43 0 0 43 59 0 0 0 0 0 52 0 0 0 63 0 0 38 20 28 0 0 56 0 26 14 2 0 0 0 52 62 19 94 19 71 25 0 16 0 0 84 2 42 5 49 0 1 0 62 0 0 0 0 69 47 38 61 42 60 30 16 0 0 0 11 0 0 23 65 0 38 0 67 0 0 54 40 65 44 20 0 0 29 0 0 64 0 0 0 1
 0 25 50 57 48 5 0 35 0 25 16 9 0 21 2 38 0 0 10 0 3 3 0 20 3 0 0 0 39 0 0 0 0 0 0 0 19 0 18 36 0 0 5 76 39 8 9 48 44 15 10 0 64 39 12 0 31 0 0 13 0 0 23 0 0 16 0 0 8 0 0 52 12 0 0 24 0 49 29 55 57 55 0 0 0 53 0 0 0 0 6 22 0 23 23 0 19 41 49 53 0 4 42 0 0 0 0 81 0 68 0 12 4 0 68 21 0 26 0 87 15 0 0 42 23 0 0 21 0 19 0 0 0 0 0 58 36 51 30 43 45 35 0 29 47 5 68 0 0 83 45 2 41 12 16 17 0 51 4 52 0 0 4 1 54 72 10 0 0 31 0 0 0 0 5 0 0 0 80 0 3 36 0 33 12 4 0 78 7 0 0 0 0 0 0 17 84 0 17 0
 4 0 0 0 15 0 9 0 63 35 15 0 11 16 0 63 12 0 86 23 0 31 34 64 0 36 30 71 51 83 0 0 0 32 3 11 56 75 2 1 0 36 0 27 0 83 0 0 0 0 17 0 22 51 0 0 10 72 42 0 0 28 23 23 14 76 25 0 0 46 0 0 0 0 0 40 0 26 51 65 81 68 15 23 45 0 55 2 31 25 48 0 35 19 0 0 0 0 0 0 0 0 0 0 0 0 37 0 71 15 0 53 0 0 41 4 0 76 0 0 17 3 0 32 0 0 42 0 0 13 74 0 64 0 0 0 0 66 0 0 0 50 1 0 0 0 0 82 22 80 30 0 57 0 1 62 18 48 0 0 13 12 0 0 55 25 58 39 0 35 28 7 0 75 35 5 59 18 65 48 0 25 52 5 0 5 34 0 1 0 0 0 59 0 0 0 0 0 0 4
 0 2 0 0 18 13 15 82 0 56 15 13 12 4 0 33 0 0 18 15 37 0 0 19 41 0 13 48 0 3 26 0 91 0 14 0 3 21 0 0 20 85 5 0 0 0 0 9 53 0 0 0 0 0 52 0 16 31 0 0 26 81 66 0 0 32 0 0 20 0 0 26 0 0 15 0 35 7 16 0 32 5 62 0 68 31 0 12 0 3 0 0 0 68 0 0 0 26 0 17 38 53 0 0 34 0 0 0 12 0 0 0 22 0 91 0 0 10 0 8 72 15 56 69 0 0 0 4 57 0 0 20 18 70 1 28 6 0 0 0 89 0 0 5 58 0 0 0 48 65 58 0 0 52 50 40 16 33 0 72 24 0 0 0 0 14 50 0 9 34 14 70 40 42 71 0 0 0 0 31 71 17 0 23 33 68 0 0 0 0 44 4 19 0 0 68 0 72 52 0
 0 59 0 58 0 0 0 0 0 71 0 39 0 0 62 22 0 61 0 0 56 66 16 0 45 18 0 0 10 42 0 0 43 5 19 61 0 0 0 0 0 44 55 55 0 0 36 29 0 36 21 0 0 51 0 0 0 43 0 19 0 1 63 0 0 0 50 21 0 0 0 43 20 17 0 55 4 33 61 0 16 22 0 62 0 0 35 0 44 0 0 0 84 24 74 0 0 2 28 24 0 27 35 0 0 0 0 46 0 22 0 0 36 0 0 63 52 0 0 72 13 80 0 7 0 29 0 0 50 46 0 35 0 0 0 0 73 23 0 4 0 22 0 0 0 0 0 41 0 31 0 36 49 8 0 30 0 0 28 19 53 0 9 0 0 15 0 1 0 0 0 12 0 0 57 27 0 25 0 0 0 26 53 61 22 0 0 2 0 40 0 36 20 0 0 0 0 20 0 0
 79 0 52 0 0 0 0 14 0 0 15 0 18 59 8 0 41 0 0 0 50 0 0 34 49 0 0 0 0 58 18 56 0 12 9 0 0 0 5 0 0 0 30 71 0 69 0 5 8 0 1 0 0 16 0 3 0 0 19 0 13 42 12 22 0 26 32 45 0 0 71 9 8 47 0 0 62 7 0 0 77 0 84 57 81 0 3 12 0 0 50 0 4 33 7 0 0 22 0 23 0 30 7 0 0 0 0 0 0 0 8 9 40 22 0 53 0 0 0 5 41 36 29 17 0 0 0 0 21 0 5 26 4 54 0 9 0 48 0 0 0 13 1 0 39 0 82 9 0 0 17 10 0 2 0 6 34 0 0 0 0 0 31 59 0 15 76 32 0 0 19 51 0 0 14 0 0 0 18 0 14 0 17 44 20 0 17 4 32 0 7 13 0 33 0 17 42 0 0 69
 53 0 65 0 0 0 0 0 32 69 70 57 10 0 0 4 35 0 0 60 0 0 0 0 0 15 0 0 0 29 75 0 45 0 0 86 0 0 0 0 1 0 0 0 20 0 46 69 0 5 0 42 0 0 0 0 0 57 0 0 0 18 8 26 0 0 53 0 54 0 23 0 51 46 0 4 0 0 0 37 26 0 8 0 0 38 0 0 0 0 0 0 29 0 15 34 38 0 62 0 0 0 0 69 0 40 0 89 11 50 54 66 33 24 0 16 0 10 24 0 0 17 24 0 55 65 0 0 0 0 0 57 71 0 78 43 0 0 11 40 0 0 12 0 0 0 14 0 0 75 19 0 2 0 0 8 2 0 0 14 0 7 38 0 5 36 0 77 26 0 0 0 0 0 0 0 88 67 0 0 0 0 0 17 15 0 54 0 31 0 0 5 72 53 0 19 30 0 0 55
 43 46 18 0 30 11 0 47 0 0 75 29 0 0 0 0 0 22 25 15 39 33 3 0 23 0 0 42 11 0 0 0 67 34 12 37 24 25 37 0 17 25 72 0 0 81 0 0 0 0 54 0 0 43 56 0 58 0 9 12 30 24 0 0 22 7 63 40 0 0 0 0 0 0 0 0 82 0 0 29 0 8 22 0 24 0 9 26 81 0 55 16 75 30 57 0 34 1 0 0 78 62 31 0 31 41 0 7 0 42 37 0 0 0 0 78 6 0 0 0 0 0 0 0 67 0 63 27 4 14 70 0 8 0 6 0 21 97 39 0 0 0 0 0 34 32 9 65 0 0 33 0 0 0 0 9 62 0 0 0 0 23 2 35 0 65 0 28 33 83 0 0 0 76 4 69 0 38 0 22 0 0 0 0 4 0 0 0 16 0 0 51 0 0 24 0 0 4 0 0
 0 0 7 0 58 0 22 36 0 27 54 24 0 0 0 0 35 41 29 42 0 11 0 0 70 74 79 36 26 0 4 42 18 0 59 9 0 0 45 59 0 6 0 4 12 53 31 30 0 14 89 0 28 56 14 18 56 0 0 51 70 0 82 0 0 21 0 23 0 43 0 0 0 53 0 0 0 0 25 0 0 0 0 0 0 60 0 7 8 9 0 0 31 0 0 0 77 53 29 44 49 67 0 75 0 58 0 0 0 28 64 28 8 0 9 0 0 7 24 0 10 0 0 31 0 48 29 40 74 0 0 77 0 7 0 0 29 4 0 0 0 21 12 41 0 0 0 31 53 0 0 17 26 0 0 32 0 36 0 0 30 0 21 11 82 10 0 39 0 0 30 5 0 0 56 0 0 0 0 0 0 10 61 61 61 57 0 0 25 7 34 0 7 0 43 0 0 22 0 0
 0 14 0 36 0 0 51 10 0 8 49 40 53 0 0 0 0 30 0 59 0 0 2 39 67 0 0 60 0 37 58 0 20 64 0 43 4 58 64 0 0 37 0 0 0 0 0 1 0 0 0 43 72 0 0 8 0 0 0 67 0 55 20 0 23 6 0 43 0 61 1 0 24 0 0 0 19 0 56 45 7 0 0 0 13 22 0 14 0 36 26 0 0 6 87 66 0 65 46 0 0 2 46 0 0 49 0 12 0 24 0 0 0 12 0 46 0 69 0 12 11 0 82 0 0 13 52 0 0 0 0 0 19 9 0 0 86 0 28 43 6 0 27 0 0 0 27 0 0 3 0 0 4 1 0 13 0 25 39 0 90 27 45 27 13 0 7 54 89 0 61 0 20 18 0 0 0 0 16 0 70 39 0 0 71 81 65 66 62 15 0 0 34 0 73 17 14 9 81 0
 0 0 19 0 9 31 0 19 39 0 0 0 42 26 0 0 0 0 4 0 81 0 0 0 0 0 51 15 0 69 0 0 0 40 0 49 11 0 0 36 0 0 0 0 0 0 0 0 35 19 0 5 14 0 0 27 20 0 0 0 0 0 86 37 0 0 31 18 0 49 33 0 0 82 0 20 0 40 0 91 83 0 0 13 0 0 0 39 19 0 0 45 35 14 55 0 0 70 0 0 0 0 44 12 40 0 0 6 56 56 0 82 0 0 11 0 66 0 0 35 52 5 0 0 0 8 44 0 0 0 69 0 0 0 7 0 0 24 0 0 0 0 0 0 0 0 0 0 31 9 4 0 0 0 23 0 45 0 71 86 21 0 0 35 0 0 57 0 16 18 0 0 39 0 48 0 56 0 0 15 11 0 0 70 11 38 0 82 0 52 0 47 0 0 0 55 2 0 2 0
 0 26 0 0 0 0 29 0 1 0 0 0 0 0 0 0 0 0 0 9 0 18 52 0 32 17 0 24 0 0 18 0 39 14 0 0 17 0 0 0 0 0 0 56 0 20 0 70 55 0 37 43 0 0 4 11 20 0 15 0 58 20 0 88 0 3 88 46 0 0 3 4 44 0 0 0 79 57 1 0 4 0 0 76 62 24 40 17 0 11 0 0 0 0 4 0 62 34 39 9 0 0 0 0 12 67 54 0 2 12 0 37 0 28 50 5 0 33 23 0 0 50 29 15 0 37 31 36 0 44 64 9 0 0 69 60 36 0 0 42 0 53 0 30 50 0 0 34 54 0 59 40 0 0 22 13 14 0 12 0 18 0 10 46 0 1 0 0 2 0 33 0 0 0 46 0 15 0 0 0 74 65 0 0 0 0 0 20 52 0 1 15 0 0 0 34 6 0 0 0
 48 2 0 27 0 76 0 0 37 0 0 4 0 21 16 32 63 0 0 0 89 2 2 0 0 80 0 0 37 66 31 51 37 0 0 19 41 83 2 2 6 0 0 9 0 0 0 27 29 66 7 28 25 0 0 0 0 0 5 0 0 0 0 0 0 0 0 6 0 0 0 83 76 0 40 18 46 0 29 66 30 0 48 0 0 0 0 0 2 0 25 8 0 11 43 36 69 6 0 0 0 0 32 19 17 0 82 33 0 0 66 0 28 0 0 0 0 58 0 16 0 0 0 16 7 62 0 0 0 0 0 19 0 28 0 20 16 34 0 0 33 91 42 27 0 0 59 64 14 0 21 19 18 44 0 0 14 0 0 0 6 0 0 46 0 60 12 69 10 0 19 0 47 15 7 0 49 0 37 66 9 0 56 9 8 0 0 0 19 23 17 0 0 38 0 25 28 0 0 31
 40 35 0 79 32 89 23 12 22 47 0 0 49 0 66 0 0 21 83 30 0 0 0 0 0 51 0 50 2 38 0 0 2 0 7 19 42 33 47 0 0 0 0 0 0 7 0 0 0 0 21 65 0 0 0 0 0 15 34 13 0 82 23 11 26 23 0 54 86 6 0 12 0 0 0 0 12 0 20 58 0 66 0 0 45 27 0 0 0 11 34 0 10 0 0 40 0 46 0 46 67 26 0 43 0 0 5 59 2 48 0 0 66 0 52 32 0 0 0 27 65 25 23 0 12 30 0 44 0 0 4 0 7 49 98 0 79 25 0 87 36 0 0 0 0 30 0 41 0 0 0 36 0 0 28 3 66 68 0 0 86 67 0 0 0 0 18 0 9 41 26 0 18 83 14 0 48 17 60 43 0 33 0 30 63 0 25 35 0 0 83 93 17 0 0 38 0 11 0 23
 0 0 0 2 0 40 46 30 9 0 0 8 0 4 17 0 36 0 0 2 26 4 0 0 0 0 2 0 30 0 0 61 0 48 0 0 0 0 88 0 17 0 7 27 62 31 7 0 85 48 25 52 18 0 3 9 17 23 0 0 0 6 38 0 0 0 43 44 0 65 6 0 73 6 9 24 50 0 31 46 0 0 7 17 19 84 42 5 0 0 0 8 0 0 17 27 30 63 9 0 12 12 0 17 0 9 32 9 33 0 11 0 0 0 1 4 11 0 0 0 0 0 0 45 0 0 86 45 0 0 0 0 0 0 4 0 21 0 0 2 0 0 30 36 59 0 0 76 74 0 0 44 0 0 12 32 0 0 15 0 0 40 0 22 0 0 21 1 16 0 2 5 0 14 0 83 0 23 47 7 0 0 0 0 0 7 3 0 0 42 0 34 0 0 24 0 79 0 0 27
 21 0 0 0 0 7 58 9 0 10 56 0 0 75 7 17 33 26 0 53 57 0 89 0 0 5 0 0 0 30 0 23 20 14 38 15 0 0 0 65 32 0 0 0 0 0 0 21 27 36 29 66 3 28 22 28 26 0 0 4 37 74 0 38 0 0 0 44 4 0 0 0 67 26 0 0 0 0 59 66 0 0 17 58 0 0 0 5 0 7 0 14 0 25 45 16 0 32 9 79 69 0 0 0 79 34 0 0 0 0 0 0 0 6 40 0 0 46 22 43 13 0 70 0 26 51 0 46 81 0 0 95 0 0 0 0 0 0 30 34 38 26 0 0 9 27 0 0 2 28 34 0 0 0 3 0 40 0 58 0 0 68 79 35 0 57 2 0 29 37 58 0 0 71 23 21 0 0 0 0 0 0 60 0 52 0 0 16 58 2 0 15 7 0 0 0 45 48 0 57
 0 0 0 0 0 0 0 8 0 0 0 0 0 18 0 0 0 13 9 0 46 0 61 0 3 29 41 30 0 34 22 0 40 0 25 0 0 20 17 44 0 22 9 22 9 35 49 0 20 59 70 0 23 0 13 0 0 52 0 0 0 23 73 0 0 0 0 12 59 5 0 12 0 23 21 0 38 68 11 84 46 10 6 0 0 3 53 0 0 15 51 0 0 0 0 0 81 0 0 0 4 50 0 0 0 0 61 0 0 52 49 26 0 0 0 5 0 3 49 0 19 10 9 19 0 0 0 48 9 49 0 55 8 0 18 0 0 0 0 15 0 0 0 0 0 12 51 78 0 0 34 0 0 1 0 2 0 0 0 0 58 26 16 22 0 0 38 3 0 0 13 55 11 64 19 0 7 15 22 32 19 45 0 0 54 41 20 16 13 0 72 30 22 46 34 0 0 0 0 39
 0 0 16 49 0 0 3 3 0 0 9 79 0 0 0 14 27 31 0 0 0 2 15 0 0 46 0 66 0 30 53 24 18 0 0 20 13 49 91 0 0 0 0 16 44 7 48 0 54 24 20 0 0 0 0 0 0 48 0 0 0 0 0 0 0 0 6 0 3 8 57 33 11 25 0 49 22 0 11 0 82 26 0 91 0 30 0 0 36 0 0 14 19 45 0 69 89 9 0 7 61 15 31 0 33 0 0 50 0 47 0 35 0 14 0 49 38 18 0 53 0 19 61 0 62 0 0 15 82 0 0 15 16 0 13 0 64 0 67 24 0 22 0 12 0 62 0 0 69 39 0 0 26 8 0 0 2 4 0 0 14 0 13 91 35 24 45 0 3 0 21 18 34 3 14 0 46 13 11 89 18 63 16 15 0 0 0 3 52 31 51 0 69 0 89 26 50 0 33 79
 66 15 45 0 0 0 0 21 0 38 0 0 0 23 0 0 26 0 0 0 37 0 0 0 0 0 0 0 22 75 78 0 0 44 0 87 21 0 59 73 0 0 0 0 52 0 73 0 0 92 30 0 0 0 0 39 8 0 2 39 4 0 0 0 0 21 21 48 83 7 0 0 89 42 0 18 26 54 30 0 0 0 0 53 6 0 0 0 0 33 23 0 16 0 7 0 45 20 22 11 0 0 0 0 0 0 53 5 0 29 0 25 0 9 0 37 0 58 0 73 0 39 0 0 21 21 0 0 0 0 23 58 0 0 0 20 12 28 0 35 30 2 0 0 3 0 49 40 0 0 70 27 37 14 0 24 0 0 15 0 0 85 0 4 0 7 0 12 0 0 46 4 0 42 25 0 0 0 0 28 0 27 0 0 81 15 0 0 0 0 0 16 29 8 0 27 13 6 0 0
 15 14 61 0 61 0 0 0 53 57 0 23 88 78 0 39 0 67 28 0 2 0 49 32 0 28 0 1 65 0 23 0 0 0 0 0 0 37 0 50 21 0 31 0 6 54 27 0 0 67 0 0 0 0 0 42 0 0 45 0 2 68 61 51 38 71 34 27 0 34 77 0 0 32 68 9 33 0 22 14 44 0 0 0 75 71 31 31 0 26 13 0 0 0 28 0 49 0 0 0 0 0 0 0 0 26 65 3 33 0 0 45 52 6 0 45 25 49 8 0 30 49 0 64 60 0 0 51 0 0 50 56 0 16 0 0 0 0 0 0 5 25 49 3 28 0 60 0 57 0 12 8 0 0 75 0 0 0 0 0 16 14 0 44 0 0 30 48 0 64 0 0 24 48 2 30 46 45 0 34 25 9 0 0 25 32 0 0 0 0 56 0 0 1 0 0 64 0 0 22
 20 34 84 0 0 0 27 0 53 0 59 0 16 0 3 0 0 1 60 0 0 0 0 77 0 77 0 61 28 15 0 53 20 0 30 7 47 0 0 0 75 0 0 0 0 0 0 0 0 30 0 0 75 0 3 0 0 14 0 0 10 23 0 0 0 38 19 0 0 14 20 0 0 43 71 0 0 0 67 0 6 26 0 0 11 0 73 0 0 0 0 38 5 0 55 0 12 0 40 0 27 0 0 18 22 0 61 29 30 3 40 0 40 9 5 0 12 17 26 9 1 0 0 48 35 0 15 0 18 92 0 74 33 6 31 71 0 0 12 0 41 21 0 0 30 0 58 53 0 46 33 0 95 0 70 78 22 0 13 0 21 0 0 35 0 0 0 0 0 61 82 0 0 0 94 0 0 9 33 30 0 0 88 4 0 0 0 24 68 72 0 32 0 13 38 0 21 41 0 0
 0 0 0 40 74 91 0 42 24 0 0 0 0 0 79 0 21 29 0 65 0 40 16 0 23 24 0 4 0 0 0 14 82 25 0 1 0 0 0 27 2 64 29 8 0 9 0 0 0 78 28 13 13 35 0 37 28 69 17 0 0 68 6 44 38 0 77 57 25 0 0 0 10 0 66 0 0 1 0 0 11 0 31 2 0 0 4 24 49 46 0 12 42 0 0 0 20 0 17 43 20 1 0 0 45 56 5 0 0 13 0 0 0 0 51 3 0 0 8 29 3 0 0 32 20 0 0 0 67 0 35 0 0 34 31 90 84 15 0 0 0 17 0 27 8 61 0 37 0 0 60 32 46 3 0 0 0 0 0 0 11 73 0 0 0 34 54 0 42 0 0 0 53 76 65 5 94 68 0 67 0 15 22 21 54 56 0 0 0 24 77 28 44 62 0 52 18 4 56 19
 19 17 39 23 43 8 0 35 67 34 0 17 0 0 0 0 0 22 52 28 0 19 0 0 19 8 64 62 0 0 0 0 67 37 29 0 0 17 31 59 55 0 0 86 0 0 0 0 62 43 23 7 22 46 0 0 0 7 72 22 36 0 6 3 0 0 0 0 0 0 0 56 21 51 62 94 0 0 9 15 43 0 0 42 0 0 0 0 21 45 42 0 0 0 6 61 0 0 0 0 5 17 0 22 0 36 0 0 35 26 0 0 0 9 0 0 0 20 61 0 0 65 0 0 0 0 38 2 43 0 0 4 0 41 0 20 0 0 0 38 0 0 17 13 0 15 48 72 0 12 16 0 38 0 18 0 0 24 6 0 41 0 17 0 50 0 0 65 0 0 12 13 0 25 32 0 48 0 67 0 45 2 0 0 40 9 8 51 0 0 0 0 0 0 0 34 0 25 0 85
