50 4
3 5 6 7 3 7 8 2 8 9 4 2 3 6 2 5 4 6 6 3 6 6 7 5 3 9 6 8 9 6 9 5 10 6 1 3 6 5 2 9 7 7 5 10 10 9 1 9 7 9 
2 -1
1 -1
1 2 3 4 5 6 7 8 9 10 -1
1 2 3 4 5 6 7 8 9 10 -1
0 10 19 65 75 49 29 81 11 90 85 72 49 8 28 65 79 74 96 52 64 96 70 3 57 49 56 85 4 64 63 74 66 32 86 36 53 22 54 61 97 59 98 46 72 57 94 6 91 41 95 
10 0 52 73 58 35 62 13 1 47 19 60 10 11 65 29 93 59 43 53 27 96 92 40 94 32 22 46 93 57 86 7 40 93 87 6 10 67 5 19 99 85 24 35 17 6 58 54 32 70 25 
19 52 0 30 63 53 74 83 12 81 84 5 23 31 63 81 81 60 49 76 77 50 46 89 90 41 11 63 46 67 48 47 69 16 61 32 73 82 51 100 4 20 72 40 21 98 61 86 1 65 18 
65 73 30 0 5 93 97 61 5 54 20 98 10 27 86 55 62 26 89 40 97 14 23 77 74 45 74 5 75 26 53 74 82 14 42 65 64 40 9 94 45 38 63 9 27 52 27 60 8 41 53 
75 58 63 5 0 95 57 21 71 2 49 20 7 40 67 97 10 45 14 27 82 96 99 25 35 3 59 79 21 2 82 13 46 18 18 61 98 30 87 2 10 88 41 39 42 9 57 31 34 39 94 
49 35 53 93 95 0 36 77 23 81 22 41 65 57 43 85 95 47 60 29 88 70 20 34 55 61 77 5 11 34 91 16 39 27 75 99 7 9 100 8 38 74 60 32 96 81 6 39 65 47 76 
29 62 74 97 57 36 0 65 40 56 41 57 67 69 43 77 12 50 25 13 61 64 61 98 35 10 84 16 62 10 71 24 43 37 86 54 38 62 71 35 3 90 1 41 12 95 11 23 51 44 52 
81 13 83 61 21 77 65 0 56 30 84 39 37 13 28 73 71 94 97 51 39 76 99 62 96 60 28 89 9 99 81 43 77 40 81 44 12 23 21 7 34 2 75 56 11 97 32 71 98 87 67 
11 1 12 5 71 23 40 56 0 83 46 100 48 74 12 53 88 51 32 36 53 15 79 70 23 91 65 94 13 18 3 28 76 47 75 2 60 67 93 20 41 35 4 98 90 19 28 21 87 36 44 
90 47 81 54 2 81 56 30 83 0 92 21 14 48 5 73 4 7 35 46 43 73 21 47 92 47 48 45 97 60 52 52 35 31 90 12 45 50 9 1 6 84 91 34 70 50 4 17 26 46 73 
85 19 84 20 49 22 41 84 46 92 0 58 84 57 2 40 52 57 57 28 32 20 88 91 49 16 21 71 42 18 87 41 39 30 90 56 100 11 46 1 98 89 16 38 46 4 18 56 31 70 40 
72 60 5 98 20 41 57 39 100 21 58 0 12 72 88 85 34 5 43 88 72 65 31 45 81 30 21 80 36 35 84 33 95 71 74 81 69 84 31 47 47 100 10 30 35 94 62 33 98 88 67 
49 10 23 10 7 65 67 37 48 14 84 12 0 28 85 67 28 15 52 34 8 66 47 2 86 84 4 25 41 7 71 57 16 44 64 94 17 8 46 64 85 66 74 41 53 14 39 76 67 48 28 
8 11 31 27 40 57 69 13 74 48 57 72 28 0 59 60 45 88 78 12 92 71 44 14 39 10 10 78 38 88 84 64 70 86 91 10 10 55 100 84 13 61 90 18 75 93 3 61 41 86 53 
28 65 63 86 67 43 43 28 12 5 2 88 85 59 0 100 98 3 33 82 28 16 97 35 33 17 27 53 19 23 56 99 9 7 85 46 28 24 38 82 7 76 97 40 56 4 30 8 41 50 34 
65 29 81 55 97 85 77 73 53 73 40 85 67 60 100 0 57 20 51 9 63 93 71 57 16 29 38 28 22 73 99 40 67 65 25 97 76 27 54 100 36 44 48 98 89 46 54 66 42 40 95 
79 93 81 62 10 95 12 71 88 4 52 34 28 45 98 57 0 29 76 100 18 26 24 9 75 94 12 68 81 43 53 80 32 24 19 78 6 99 27 5 64 55 42 50 27 66 64 40 25 69 61 
74 59 60 26 45 47 50 94 51 7 57 5 15 88 3 20 29 0 94 55 6 33 50 28 48 41 93 15 3 74 83 34 89 93 25 42 42 6 48 71 52 77 80 54 73 78 97 18 26 79 84 
96 43 49 89 14 60 25 97 32 35 57 43 52 78 33 51 76 94 0 5 8 13 41 23 41 65 60 82 58 54 89 22 62 63 89 40 73 6 56 28 47 4 43 2 74 60 72 99 30 54 56 
52 53 76 40 27 29 13 51 36 46 28 88 34 12 82 9 100 55 5 0 95 18 83 56 66 94 23 6 28 84 24 17 16 54 22 93 74 32 17 98 75 47 65 78 49 59 56 49 60 59 4 
64 27 77 97 82 88 61 39 53 43 32 72 8 92 28 63 18 6 8 95 0 61 59 49 6 79 99 66 47 3 55 2 46 28 16 92 86 87 94 45 47 32 79 83 4 43 26 15 95 81 60 
96 96 50 14 96 70 64 76 15 73 20 65 66 71 16 93 26 33 13 18 61 0 11 54 6 62 38 30 13 1 29 34 71 44 53 9 28 95 69 18 82 21 5 7 86 67 26 32 98 9 7 
70 92 46 23 99 20 61 99 79 21 88 31 47 44 97 71 24 50 41 83 59 11 0 88 40 29 21 2 10 74 94 57 56 42 12 25 7 54 17 66 73 84 82 57 49 70 23 30 50 99 26 
3 40 89 77 25 34 98 62 70 47 91 45 2 14 35 57 9 28 23 56 49 54 88 0 50 3 60 58 18 88 51 3 84 38 24 41 83 84 100 76 3 55 53 44 31 69 63 41 55 18 64 
57 94 90 74 35 55 35 96 23 92 49 81 86 39 33 16 75 48 41 66 6 6 40 50 0 63 75 88 11 23 69 50 70 14 76 24 87 85 29 5 27 14 59 9 41 51 56 90 30 43 51 
49 32 41 45 3 61 10 60 91 47 16 30 84 10 17 29 94 41 65 94 79 62 29 3 63 0 35 48 78 9 31 7 24 38 32 80 90 76 35 67 60 13 77 87 88 40 58 62 73 94 82 
56 22 11 74 59 77 84 28 65 48 21 21 4 10 27 38 12 93 60 23 99 38 21 60 75 35 0 51 93 59 34 66 44 71 81 89 3 42 16 98 79 80 4 45 64 19 10 86 35 71 66 
85 46 63 5 79 5 16 89 94 45 71 80 25 78 53 28 68 15 82 6 66 30 2 58 88 48 51 0 47 18 87 44 8 25 41 6 3 25 18 96 56 64 50 51 66 89 9 70 48 41 54 
4 93 46 75 21 11 62 9 13 97 42 36 41 38 19 22 81 3 58 28 47 13 10 18 11 78 93 47 0 47 14 66 10 51 82 2 7 12 81 92 66 54 14 93 93 50 76 21 62 50 5 
64 57 67 26 2 34 10 99 18 60 18 35 7 88 23 73 43 74 54 84 3 1 74 88 23 9 59 18 47 0 1 99 33 15 51 22 31 48 51 59 21 63 54 18 77 83 32 2 60 21 47 
63 86 48 53 82 91 71 81 3 52 87 84 71 84 56 99 53 83 89 24 55 29 94 51 69 31 34 87 14 1 0 76 75 89 47 5 30 23 21 100 19 58 82 55 22 50 78 37 2 1 39 
74 7 47 74 13 16 24 43 28 52 41 33 57 64 99 40 80 34 22 17 2 34 57 3 50 7 66 44 66 99 76 0 5 58 41 6 39 72 51 62 98 83 84 50 99 71 27 93 95 8 21 
66 40 69 82 46 39 43 77 76 35 39 95 16 70 9 67 32 89 62 16 46 71 56 84 70 24 44 8 10 33 75 5 0 51 1 74 91 15 66 2 67 86 41 40 46 56 93 19 22 33 27 
32 93 16 14 18 27 37 40 47 31 30 71 44 86 7 65 24 93 63 54 28 44 42 38 14 38 71 25 51 15 89 58 51 0 30 79 56 50 41 45 65 33 55 64 87 5 10 75 89 18 70 
86 87 61 42 18 75 86 81 75 90 90 74 64 91 85 25 19 25 89 22 16 53 12 24 76 32 81 41 82 51 47 41 1 30 0 85 36 47 26 68 84 58 3 95 15 95 57 49 7 36 42 
36 6 32 65 61 99 54 44 2 12 56 81 94 10 46 97 78 42 40 93 92 9 25 41 24 80 89 6 2 22 5 6 74 79 85 0 51 12 70 52 31 22 47 23 82 12 31 96 67 68 45 
53 10 73 64 98 7 38 12 60 45 100 69 17 10 28 76 6 42 73 74 86 28 7 83 87 90 3 3 7 31 30 39 91 56 36 51 0 6 54 36 41 97 2 25 38 32 20 52 67 47 58 
22 67 82 40 30 9 62 23 67 50 11 84 8 55 24 27 99 6 6 32 87 95 54 84 85 76 42 25 12 48 23 72 15 50 47 12 6 0 18 58 74 16 31 21 38 24 31 20 37 9 54 
54 5 51 9 87 100 71 21 93 9 46 31 46 100 38 54 27 48 56 17 94 69 17 100 29 35 16 18 81 51 21 51 66 41 26 70 54 18 0 40 51 38 95 20 39 99 35 32 55 88 56 
61 19 100 94 2 8 35 7 20 1 1 47 64 84 82 100 5 71 28 98 45 18 66 76 5 67 98 96 92 59 100 62 2 45 68 52 36 58 40 0 76 91 11 33 57 8 36 99 78 71 99 
97 99 4 45 10 38 3 34 41 6 98 47 85 13 7 36 64 52 47 75 47 82 73 3 27 60 79 56 66 21 19 98 67 65 84 31 41 74 51 76 0 9 76 83 44 88 78 69 94 75 55 
59 85 20 38 88 74 90 2 35 84 89 100 66 61 76 44 55 77 4 47 32 21 84 55 14 13 80 64 54 63 58 83 86 33 58 22 97 16 38 91 9 0 9 28 16 52 87 91 82 71 2 
98 24 72 63 41 60 1 75 4 91 16 10 74 90 97 48 42 80 43 65 79 5 82 53 59 77 4 50 14 54 82 84 41 55 3 47 2 31 95 11 76 9 0 93 18 99 20 75 16 91 46 
46 35 40 9 39 32 41 56 98 34 38 30 41 18 40 98 50 54 2 78 83 7 57 44 9 87 45 51 93 18 55 50 40 64 95 23 25 21 20 33 83 28 93 0 43 46 39 7 95 100 20 
72 17 21 27 42 96 12 11 90 70 46 35 53 75 56 89 27 73 74 49 4 86 49 31 41 88 64 66 93 77 22 99 46 87 15 82 38 38 39 57 44 16 18 43 0 52 85 69 59 91 42 
57 6 98 52 9 81 95 97 19 50 4 94 14 93 4 46 66 78 60 59 43 67 70 69 51 40 19 89 50 83 50 71 56 5 95 12 32 24 99 8 88 52 99 46 52 0 41 71 47 92 2 
94 58 61 27 57 6 11 32 28 4 18 62 39 3 30 54 64 97 72 56 26 26 23 63 56 58 10 9 76 32 78 27 93 10 57 31 20 31 35 36 78 87 20 39 85 41 0 33 53 95 23 
6 54 86 60 31 39 23 71 21 17 56 33 76 61 8 66 40 18 99 49 15 32 30 41 90 62 86 70 21 2 37 93 19 75 49 96 52 20 32 99 69 91 75 7 69 71 33 0 8 78 88 
91 32 1 8 34 65 51 98 87 26 31 98 67 41 41 42 25 26 30 60 95 98 50 55 30 73 35 48 62 60 2 95 22 89 7 67 67 37 55 78 94 82 16 95 59 47 53 8 0 40 87 
41 70 65 41 39 47 44 87 36 46 70 88 48 86 50 40 69 79 54 59 81 9 99 18 43 94 71 41 50 21 1 8 33 18 36 68 47 9 88 71 75 71 91 100 91 92 95 78 40 0 55 
95 25 18 53 94 76 52 67 44 73 40 67 28 53 34 95 61 84 56 4 60 7 26 64 51 82 66 54 5 47 39 21 27 70 42 45 58 54 56 99 55 2 46 20 42 2 23 88 87 55 0 
