150 15
8 8 3 10 5 7 4 2 3 10 5 6 4 2 3 2 9 1 7 2 8 4 10 6 7 6 6 8 6 4 7 10 6 7 10 3 5 2 9 2 5 9 9 2 2 6 8 4 6 4 4 3 5 10 8 3 1 5 2 10 4 7 7 7 9 10 9 10 4 6 10 5 6 2 3 3 7 3 6 3 1 2 2 1 6 8 9 5 6 3 2 1 1 6 10 2 3 8 3 1 6 9 5 2 8 8 1 3 4 2 5 4 9 5 9 5 6 1 9 7 5 4 7 10 10 6 5 5 9 8 3 9 7 7 9 9 1 7 6 6 3 3 4 1 6 2 5 6 9 10 
2 5 6 1 4 -1
1 9 -1	
6 4 -1
1 8 10 5 3 6 9 2 -1
7 -1
6 -1
6 10 9 7 4 8 3 -1
1 7 5 6 9 2 3 4 -1
7 -1
2 10 1 4 3 9 8 6 -1
1 2 10 8 -1
6 10 -1
7 6 2 10 8 -1
1 2 3 4 5 6 7 8 9 10 -1 
1 2 3 4 5 6 7 8 9 10 -1
0 43 75 46 84 84 83 1 81 64 63 57 66 18 5 69 54 96 50 44 94 3 71 32 65 80 85 70 25 56 38 36 100 33 53 18 37 74 27 56 60 51 47 17 21 50 36 97 10 9 65 34 57 38 55 90 69 46 39 83 92 1 58 40 96 4 45 50 91 92 59 29 18 94 100 67 13 2 17 9 36 25 71 74 4 5 41 48 18 15 21 82 93 84 6 52 16 83 96 35 76 31 58 3 73 82 75 82 33 100 95 23 26 90 30 61 10 11 53 25 96 23 25 37 91 49 11 99 83 24 68 82 39 78 5 69 65 21 22 6 58 4 79 5 84 84 48 13 83 89 17 
43 0 79 88 35 26 56 56 66 2 84 100 21 25 39 28 83 58 94 72 100 86 7 48 64 91 25 80 83 55 51 12 27 85 82 55 96 61 59 52 37 20 86 62 8 91 16 70 88 7 94 2 60 28 30 55 41 55 28 63 77 24 100 32 52 14 6 51 74 8 52 30 19 15 67 49 87 23 24 38 65 87 10 97 19 74 44 82 94 56 23 11 99 5 93 16 80 7 64 20 80 22 47 71 79 86 41 19 70 55 48 75 1 83 20 95 79 48 12 21 83 74 20 45 65 62 66 94 23 5 94 95 51 78 35 5 12 88 4 34 51 2 24 69 55 39 42 98 80 3 55 
75 79 0 57 50 66 47 8 85 47 48 36 6 30 9 14 75 32 99 56 7 98 38 90 55 76 73 81 38 67 11 100 89 80 56 96 60 70 66 93 66 92 76 21 72 41 91 86 32 36 91 98 29 21 23 62 65 4 75 25 5 85 81 98 71 23 85 91 99 81 47 45 74 87 10 51 13 67 83 76 1 16 91 40 82 41 16 53 81 58 1 64 57 58 6 61 8 52 77 69 68 50 52 85 48 57 26 43 61 16 16 80 14 24 35 55 39 76 98 25 95 16 42 41 81 45 88 30 92 59 85 2 89 60 71 66 5 30 7 18 75 98 56 46 17 30 76 33 78 98 93 
46 88 57 0 86 33 22 4 95 24 20 94 92 44 61 78 23 79 61 83 5 53 89 69 81 38 60 73 82 1 55 100 95 48 4 59 69 36 39 7 5 32 45 3 16 84 49 75 83 46 53 28 32 59 28 7 68 90 54 94 76 43 54 69 60 69 53 53 56 69 27 87 28 50 32 98 84 15 38 48 13 44 100 77 3 83 5 68 13 15 1 54 22 14 35 75 21 88 88 84 58 97 53 19 81 6 24 6 23 84 7 9 5 27 22 50 59 61 6 32 3 14 43 70 82 13 64 37 17 26 46 80 5 72 25 95 16 17 69 31 18 70 22 95 86 53 63 45 24 59 62 
84 35 50 86 0 100 51 26 82 2 70 68 49 58 54 62 7 15 8 45 90 39 52 44 15 39 37 48 1 36 60 66 63 61 13 62 88 45 59 31 9 22 14 40 44 4 97 38 100 87 93 47 41 1 56 5 57 18 51 16 56 60 46 53 70 4 3 24 76 62 80 60 49 20 66 16 86 59 26 41 90 35 53 60 26 41 16 14 22 38 74 62 14 91 5 15 18 21 79 15 98 56 85 75 15 18 75 85 24 76 99 40 19 92 18 36 65 82 18 42 6 10 39 33 84 12 31 56 59 66 74 35 95 23 86 83 10 71 8 75 74 69 74 94 86 57 87 56 13 88 59 
84 26 66 33 100 0 57 90 97 15 18 70 97 13 34 17 26 66 10 59 36 36 14 46 21 84 55 80 79 10 92 41 78 83 98 2 20 34 70 2 82 63 47 60 46 2 6 72 51 33 39 92 33 58 96 6 31 2 97 92 9 27 36 95 22 62 95 16 65 57 46 7 45 40 93 7 18 87 53 47 4 99 29 96 91 87 26 10 8 70 21 51 13 33 76 59 54 69 36 31 23 69 59 47 16 53 92 60 87 94 92 38 20 24 70 64 45 42 63 90 63 60 79 3 75 78 62 17 98 38 11 25 72 79 24 58 77 79 61 34 7 47 61 22 98 67 89 9 91 98 21 
83 56 47 22 51 57 0 27 25 88 70 82 38 2 75 1 98 75 6 88 94 78 39 66 35 41 76 65 79 53 46 35 1 76 99 41 83 94 69 65 81 77 49 67 59 49 76 54 80 30 25 17 14 16 42 91 72 73 37 28 56 21 52 86 76 48 72 80 31 31 94 64 7 52 82 42 20 52 82 93 3 63 61 95 99 47 32 92 99 71 57 18 19 52 19 65 63 12 11 92 13 83 45 85 9 45 43 79 28 57 27 64 4 74 23 66 48 15 6 81 57 36 28 32 29 57 73 14 46 83 18 55 14 53 60 88 61 22 79 61 98 89 59 94 65 86 39 69 60 70 56 
1 56 8 4 26 90 27 0 99 59 14 6 82 12 42 71 60 9 27 80 82 82 4 52 47 42 83 80 53 62 2 88 29 53 73 45 24 85 15 16 29 93 12 81 72 49 19 100 50 99 78 28 27 10 35 86 89 87 54 98 61 35 35 55 76 21 18 12 93 3 31 76 75 44 19 91 84 63 62 55 63 70 19 76 23 27 43 29 75 88 86 96 65 65 70 5 15 62 6 10 53 73 78 29 19 39 58 82 15 20 53 85 15 17 46 6 7 48 46 71 79 56 14 75 6 38 42 34 82 6 81 74 8 61 77 4 55 84 44 2 35 6 47 90 17 72 94 36 11 99 70 
81 66 85 95 82 97 25 99 0 72 53 59 98 52 61 79 39 88 96 32 42 24 56 60 69 95 83 22 55 43 55 96 71 80 29 21 100 26 37 12 90 33 81 53 8 29 27 42 65 67 62 47 71 99 21 41 60 58 95 30 52 29 66 66 90 24 97 30 46 25 97 64 7 45 58 12 39 64 45 58 73 40 8 47 5 45 59 60 78 88 9 40 36 64 55 10 53 19 13 75 67 42 76 30 32 14 28 92 1 100 81 84 25 8 99 39 97 83 26 40 14 23 4 65 29 71 6 92 35 6 58 39 59 70 80 7 66 13 100 30 58 67 26 39 49 27 22 53 55 29 16 
64 2 47 24 2 15 88 59 72 0 61 74 95 35 86 34 28 64 55 83 31 50 14 99 31 36 10 71 74 63 22 58 88 67 99 62 21 6 66 73 30 37 35 51 38 28 38 37 97 73 7 12 18 41 94 17 47 20 74 88 44 65 59 21 84 31 73 95 98 97 57 85 12 21 5 68 5 6 29 72 71 74 89 68 55 61 38 23 53 38 47 47 75 9 19 23 63 10 3 28 50 34 36 64 92 21 88 13 5 11 4 55 41 80 43 64 3 67 6 56 26 25 9 57 4 99 16 64 6 59 49 15 55 44 34 65 35 26 16 89 74 65 24 28 54 7 62 92 23 32 75 
63 84 48 20 70 18 70 14 53 61 0 17 19 9 36 13 47 70 34 67 79 53 71 87 5 48 25 40 99 2 7 48 41 44 74 11 18 34 64 87 62 4 40 84 62 55 81 75 57 60 100 91 59 2 21 16 58 29 5 82 9 96 89 83 11 10 2 7 87 13 54 22 39 30 6 22 35 90 51 32 87 60 76 89 76 7 53 16 18 10 78 40 40 33 78 15 32 51 33 36 21 25 93 39 56 19 82 58 60 1 2 41 50 33 8 2 29 29 67 36 89 35 42 55 78 72 24 4 94 49 8 54 85 9 49 86 88 31 96 48 99 100 77 80 73 98 14 76 62 14 55 
57 100 36 94 68 70 82 6 59 74 17 0 55 90 100 47 50 21 97 39 53 31 15 36 2 24 64 42 78 6 47 41 44 23 13 83 4 95 37 10 15 72 67 15 100 38 24 3 75 5 67 38 20 58 93 89 4 16 99 4 96 52 5 58 65 56 34 83 49 1 26 49 51 50 96 7 60 34 96 100 39 94 23 52 36 39 36 60 32 47 39 9 80 4 42 73 54 71 46 21 4 50 42 64 52 14 93 26 47 34 61 41 28 76 6 44 92 65 39 56 34 38 70 26 93 56 96 41 11 50 6 25 82 32 4 21 4 31 89 66 1 6 17 47 22 69 86 89 16 93 36 
66 21 6 92 49 97 38 82 98 95 19 55 0 5 39 51 83 37 9 77 28 91 60 68 65 89 57 53 22 8 27 1 14 61 12 47 56 80 57 5 75 47 65 67 17 21 5 61 9 37 56 88 19 47 58 26 49 56 13 37 45 82 73 80 93 41 67 8 100 18 18 10 67 38 9 10 90 35 20 12 46 91 86 92 73 57 79 58 21 94 78 52 53 16 73 80 18 34 91 31 2 3 93 66 28 42 61 56 38 72 45 61 5 37 42 87 45 16 18 97 18 63 25 99 92 61 81 60 100 11 65 45 85 14 90 65 98 1 50 56 62 67 39 32 41 42 90 57 45 26 82 
18 25 30 44 58 13 2 12 52 35 9 90 5 0 34 11 18 35 40 97 24 56 98 20 92 53 87 8 14 7 34 46 81 21 89 71 46 31 72 38 93 8 55 61 43 49 7 28 27 24 23 34 30 43 41 56 14 67 61 59 100 71 48 45 1 48 35 76 73 25 95 80 77 42 62 69 37 98 14 60 83 36 2 24 43 53 72 88 32 4 89 69 43 1 55 73 85 42 79 16 11 90 84 62 26 87 96 78 22 21 45 11 25 18 17 90 57 9 50 31 43 96 63 45 65 70 98 25 96 20 80 95 35 40 56 22 11 75 65 38 76 60 37 33 15 26 29 39 2 100 69 
5 39 9 61 54 34 75 42 61 86 36 100 39 34 0 77 72 95 68 29 83 99 97 16 86 28 35 45 65 62 85 37 66 24 30 31 56 68 71 35 22 65 99 56 58 30 77 77 58 90 89 12 69 48 81 45 8 36 88 27 27 94 79 72 31 21 31 10 63 98 8 81 46 26 72 54 28 16 44 1 74 25 69 16 95 49 37 89 7 72 8 92 88 76 51 80 30 9 5 76 28 40 74 29 20 47 51 15 60 56 57 69 56 88 3 35 21 87 62 71 3 57 80 79 1 17 46 71 94 32 22 94 54 30 88 55 6 99 54 19 67 41 38 24 47 6 91 15 85 7 53 
69 28 14 78 62 17 1 71 79 34 13 47 51 11 77 0 5 5 31 45 45 51 13 31 74 13 17 91 2 16 89 4 97 45 62 9 85 90 77 50 41 21 3 80 13 99 28 14 87 47 98 33 61 23 46 8 14 96 80 3 93 11 97 56 88 13 94 69 59 48 58 23 34 21 43 83 90 43 37 16 48 10 22 85 76 2 18 1 22 86 62 55 98 2 56 72 82 36 15 80 21 42 85 65 16 24 19 12 96 42 96 1 51 94 19 43 9 96 66 91 43 79 5 3 71 1 98 72 85 58 14 100 5 9 73 84 61 73 45 19 38 43 32 73 75 3 57 25 79 37 31 
54 83 75 23 7 26 98 60 39 28 47 50 83 18 72 5 0 94 28 58 24 70 53 82 52 88 19 88 40 81 17 71 48 98 63 93 21 17 20 93 96 62 30 20 74 75 80 79 12 36 77 34 92 4 20 45 48 36 44 8 28 61 51 70 80 22 73 63 31 12 96 66 18 77 37 14 27 27 89 98 64 83 59 6 98 49 85 5 18 4 78 5 55 12 50 4 30 8 76 20 56 88 39 21 49 67 25 26 68 80 39 27 54 28 3 38 2 33 19 31 49 42 47 10 50 67 31 2 41 74 33 87 20 19 14 75 71 42 77 59 14 40 25 31 1 55 77 83 20 50 71 
96 58 32 79 15 66 75 9 88 64 70 21 37 35 95 5 94 0 18 1 41 92 24 100 34 47 45 32 12 10 78 86 32 61 84 29 6 19 26 44 28 44 24 81 84 55 75 9 58 10 97 65 25 19 100 10 90 68 39 54 43 60 56 25 50 78 35 60 26 46 18 84 1 96 94 1 17 72 17 59 78 52 59 31 70 93 100 30 29 29 98 44 88 3 7 36 57 3 6 98 3 92 70 61 11 35 34 36 19 99 64 44 46 10 60 74 77 30 33 26 91 79 49 20 23 27 72 63 75 74 23 8 67 75 77 24 24 92 30 29 58 71 84 73 95 92 97 88 39 45 90 
50 94 99 61 8 10 6 27 96 55 34 97 9 40 68 31 28 18 0 4 33 7 92 66 44 57 79 23 84 19 54 100 41 73 7 60 39 82 91 54 84 90 28 75 36 44 22 92 61 52 61 94 64 25 65 89 35 58 50 36 38 85 42 84 55 32 68 76 51 99 47 100 86 55 25 16 72 67 58 93 72 77 84 94 40 55 57 19 4 91 42 94 70 51 42 33 23 10 62 59 91 18 64 71 23 37 52 97 78 5 64 23 22 3 64 1 14 10 30 69 56 64 5 99 60 13 64 31 74 41 98 63 30 10 30 76 100 85 52 87 66 59 58 13 49 19 54 46 18 49 23 
44 72 56 83 45 59 88 80 32 83 67 39 77 97 29 45 58 1 4 0 55 100 84 33 37 30 59 3 18 91 3 52 41 64 88 75 45 77 88 87 61 81 48 93 29 22 26 23 22 45 47 78 12 90 15 5 92 19 58 37 58 94 71 27 32 61 82 37 70 55 24 64 52 75 74 36 64 22 62 2 41 16 76 21 1 71 6 60 32 64 90 60 29 47 96 30 68 60 32 7 5 27 80 76 76 13 98 68 60 66 23 34 29 93 71 83 3 22 77 84 84 60 94 64 41 11 63 94 73 23 100 88 95 78 51 40 6 68 72 41 83 82 80 99 47 74 34 96 46 55 23 
94 100 7 5 90 36 94 82 42 31 79 53 28 24 83 45 24 41 33 55 0 65 41 15 100 20 20 4 26 12 63 74 98 100 89 87 17 97 21 27 41 69 28 71 76 83 76 52 76 39 30 50 23 2 90 11 28 85 72 55 63 91 16 59 67 13 97 97 39 9 17 32 91 92 28 89 99 84 81 68 73 67 5 99 21 23 88 21 94 43 19 82 31 41 32 65 34 82 72 80 36 76 11 28 4 70 37 41 20 24 41 6 21 98 82 25 66 69 53 68 15 81 95 94 7 79 54 62 99 60 3 17 50 90 74 42 14 75 43 49 53 19 42 57 6 25 68 62 36 25 61 
3 86 98 53 39 36 78 82 24 50 53 31 91 56 99 51 70 92 7 100 65 0 9 36 37 47 39 5 18 17 46 12 100 61 60 25 10 38 72 51 70 68 36 52 40 95 89 36 55 69 77 54 91 53 28 42 21 59 68 32 24 88 72 44 75 36 86 37 76 35 81 94 68 18 28 98 99 39 39 27 32 6 32 80 17 94 25 25 59 88 15 100 2 39 65 32 43 8 12 61 90 21 21 2 76 100 37 5 34 53 17 51 17 17 4 10 13 38 81 31 31 69 87 7 51 65 88 45 15 20 91 53 60 85 1 43 47 76 48 8 73 21 60 82 93 2 87 77 48 53 66 
71 7 38 89 52 14 39 4 56 14 71 15 60 98 97 13 53 24 92 84 41 9 0 59 92 76 4 69 18 26 7 43 7 41 16 81 71 40 41 22 55 92 35 69 72 3 42 98 74 1 4 60 48 26 60 38 77 74 28 29 87 90 94 13 92 2 68 29 23 51 55 41 51 100 56 66 40 69 53 36 84 68 56 53 89 6 26 78 68 5 89 26 58 20 19 59 27 87 82 98 15 35 4 75 7 59 2 88 87 33 28 29 31 47 20 92 18 75 15 11 12 53 76 36 75 13 77 32 60 70 17 27 37 7 43 88 89 90 62 29 35 43 71 64 5 35 91 62 3 48 31 
32 48 90 69 44 46 66 52 60 99 87 36 68 20 16 31 82 100 66 33 15 36 59 0 14 52 24 98 56 23 4 68 86 72 35 29 46 61 47 67 42 73 57 70 26 64 100 94 43 33 32 73 59 63 16 84 2 63 54 47 73 27 90 49 17 28 46 83 21 22 19 90 10 83 31 31 6 62 51 15 63 31 77 26 34 69 28 54 62 46 94 63 68 11 56 72 92 98 78 30 99 41 27 53 96 9 43 47 31 51 4 66 27 96 74 46 44 60 74 25 87 95 98 39 95 72 21 35 87 86 86 97 94 18 6 61 24 80 92 76 45 62 72 16 71 71 43 50 21 65 99 
65 64 55 81 15 21 35 47 69 31 5 2 65 92 86 74 52 34 44 37 100 37 92 14 0 79 18 5 47 30 99 6 4 85 61 77 70 14 96 42 74 19 75 4 47 18 86 51 84 50 79 60 29 46 15 12 62 82 82 4 77 15 9 22 7 12 44 77 86 80 90 28 17 65 61 1 48 59 76 83 90 11 83 72 36 14 75 69 53 78 79 97 66 64 63 36 65 79 30 6 17 44 25 88 3 82 62 29 70 76 49 64 41 99 93 36 99 63 94 69 10 80 98 51 71 39 9 52 27 28 83 32 37 80 63 87 42 37 64 84 32 31 72 66 64 73 74 60 78 81 68 
80 91 76 38 39 84 41 42 95 36 48 24 89 53 28 13 88 47 57 30 20 47 76 52 79 0 28 20 88 86 20 5 55 36 91 61 66 77 16 13 89 98 15 41 90 17 8 35 99 14 14 53 10 69 46 87 8 3 98 45 83 100 9 50 9 97 31 76 8 9 55 46 4 16 82 42 97 97 91 39 56 37 62 71 83 100 92 77 47 64 58 18 66 69 51 50 51 84 77 100 7 14 64 13 1 99 1 63 66 81 64 22 33 65 68 5 99 97 86 80 10 44 18 43 31 56 39 58 60 30 82 32 29 88 17 53 55 17 95 57 78 89 64 13 70 56 52 92 60 79 7 
85 25 73 60 37 55 76 83 83 10 25 64 57 87 35 17 19 45 79 59 20 39 4 24 18 28 0 44 47 75 23 28 28 68 64 87 21 48 61 26 61 47 82 68 41 12 27 61 16 40 72 55 68 82 25 5 62 23 90 21 36 36 7 12 18 17 43 75 27 11 94 50 68 41 74 25 21 71 37 44 43 90 99 26 5 28 40 45 42 13 31 18 16 2 78 23 75 84 11 96 70 25 99 53 3 42 17 62 33 79 8 40 62 89 91 53 79 19 77 61 3 29 69 59 94 94 4 35 63 56 7 64 46 6 21 66 75 55 50 85 74 96 3 35 22 6 71 27 41 49 58 
70 80 81 73 48 80 65 80 22 71 40 42 53 8 45 91 88 32 23 3 4 5 69 98 5 20 44 0 17 43 76 18 10 83 63 36 1 51 69 55 1 32 38 23 15 69 43 20 92 56 74 35 81 12 33 5 39 56 3 46 72 47 60 71 76 82 89 33 44 81 18 66 48 2 62 61 80 89 21 54 81 25 73 40 76 98 99 11 46 27 16 39 93 61 59 42 98 47 52 2 17 16 7 46 61 17 34 97 59 61 95 67 19 90 83 87 55 8 81 31 14 37 58 25 78 95 98 54 18 77 92 2 75 74 92 40 16 29 40 16 26 45 80 52 21 9 95 16 33 17 78 
25 83 38 82 1 79 79 53 55 74 99 78 22 14 65 2 40 12 84 18 26 18 18 56 47 88 47 17 0 56 33 69 36 17 34 17 66 38 48 18 54 72 16 58 89 41 80 21 37 46 2 39 34 73 1 66 36 43 76 86 6 22 63 91 53 47 17 4 62 27 83 74 45 37 64 3 59 97 81 34 94 70 77 34 18 95 38 87 92 18 64 66 16 15 94 90 87 30 48 10 69 75 35 6 7 48 93 92 9 6 15 62 1 43 20 75 40 24 71 3 80 12 47 44 55 28 18 97 26 30 32 44 28 77 34 43 53 52 11 58 75 15 37 80 26 46 98 46 79 29 54 
56 55 67 1 36 10 53 62 43 63 2 6 8 7 62 16 81 10 19 91 12 17 26 23 30 86 75 43 56 0 84 65 84 39 21 74 59 57 6 42 30 65 4 54 72 77 47 54 57 37 74 65 39 50 2 25 49 67 75 84 50 3 3 88 51 35 27 27 15 90 90 78 89 73 9 37 60 5 45 79 86 100 91 27 35 70 39 98 55 4 26 5 8 85 42 51 64 50 33 14 33 3 53 71 87 59 33 7 65 14 67 72 23 24 79 74 5 99 98 93 64 23 79 41 84 32 91 3 68 6 74 45 78 90 73 39 93 15 77 65 49 11 67 55 28 63 36 79 75 46 58 
38 51 11 55 60 92 46 2 55 22 7 47 27 34 85 89 17 78 54 3 63 46 7 4 99 20 23 76 33 84 0 2 22 9 56 68 90 90 25 23 76 50 87 76 61 97 37 3 34 23 16 63 27 63 97 72 19 42 74 51 79 93 31 62 6 55 85 85 94 10 75 35 32 6 4 25 98 15 48 26 64 32 25 91 10 48 92 51 38 58 24 3 29 47 42 80 10 96 99 55 55 58 59 3 76 74 36 75 98 56 53 22 31 35 28 81 47 24 73 60 43 39 90 84 95 97 10 7 7 89 61 79 46 55 26 18 76 4 28 53 88 43 92 85 68 15 82 15 34 38 99 
36 12 100 100 66 41 35 88 96 58 48 41 1 46 37 4 71 86 100 52 74 12 43 68 6 5 28 18 69 65 2 0 43 98 48 98 100 73 56 51 29 87 59 74 30 73 63 79 57 89 100 89 59 49 66 61 85 77 98 61 63 93 22 67 100 84 37 73 26 72 91 4 53 55 89 24 37 10 33 22 59 48 6 66 6 70 8 85 16 37 97 85 45 63 1 51 57 76 23 46 100 25 34 19 35 11 20 39 56 30 84 38 31 1 100 57 66 87 17 90 63 18 87 44 3 59 53 58 47 51 84 99 46 80 11 10 50 67 29 36 9 95 45 11 77 15 9 30 99 56 2 
100 27 89 95 63 78 1 29 71 88 41 44 14 81 66 97 48 32 41 41 98 100 7 86 4 55 28 10 36 84 22 43 0 19 15 40 83 3 60 49 11 11 80 83 48 58 28 58 98 87 67 69 90 20 52 14 60 95 28 86 87 2 56 28 30 23 20 58 97 15 65 32 57 15 62 57 47 26 13 7 59 65 51 78 67 98 34 27 50 56 11 30 67 96 18 66 21 93 17 51 76 50 20 33 73 26 24 74 34 44 2 62 91 19 47 65 46 43 93 39 71 62 17 30 71 84 93 2 21 43 23 31 80 87 64 45 84 64 65 11 41 54 96 31 81 9 27 66 55 23 29 
33 85 80 48 61 83 76 53 80 67 44 23 61 21 24 45 98 61 73 64 100 61 41 72 85 36 68 83 17 39 9 98 19 0 26 67 57 36 2 61 98 65 51 20 8 56 31 13 43 30 66 75 47 7 67 53 18 30 73 29 32 79 5 58 4 100 33 21 65 45 79 71 78 75 90 43 50 19 30 70 86 18 73 80 47 60 5 78 62 59 93 50 96 57 62 37 32 79 70 10 61 13 66 41 60 29 4 100 82 45 65 3 54 18 57 86 42 86 14 47 60 98 91 10 62 94 21 71 23 10 19 75 64 28 39 73 86 91 55 16 48 57 74 10 92 10 65 47 60 30 28 
53 82 56 4 13 98 99 73 29 99 74 13 12 89 30 62 63 84 7 88 89 60 16 35 61 91 64 63 34 21 56 48 15 26 0 67 41 56 58 73 79 95 36 59 61 57 8 100 47 59 91 21 58 65 6 51 60 86 82 32 56 60 46 90 84 71 57 23 58 2 38 62 31 9 15 78 54 85 23 79 97 28 26 39 4 49 2 20 1 59 45 53 4 34 63 27 14 33 5 4 9 34 47 82 41 29 97 32 18 12 15 63 80 34 5 57 97 7 6 31 8 19 23 90 92 76 33 24 76 83 72 11 24 48 99 11 29 20 35 51 24 95 25 89 66 66 14 16 7 41 86 
18 55 96 59 62 2 41 45 21 62 11 83 47 71 31 9 93 29 60 75 87 25 81 29 77 61 87 36 17 74 68 98 40 67 67 0 87 52 64 55 78 35 54 96 82 50 77 91 57 53 80 72 40 8 30 15 3 51 93 88 93 28 70 77 61 4 59 43 34 93 76 41 8 100 99 100 81 34 55 45 24 57 82 67 38 62 42 46 63 19 91 42 5 89 50 23 18 26 18 63 48 76 83 97 21 52 18 99 16 37 89 6 73 79 48 48 10 69 76 43 17 55 7 37 7 5 72 39 44 6 31 22 33 41 44 66 32 70 29 22 68 66 76 44 15 30 77 69 31 22 17 
37 96 60 69 88 20 83 24 100 21 18 4 56 46 56 85 21 6 39 45 17 10 71 46 70 66 21 1 66 59 90 100 83 57 41 87 0 35 74 73 82 61 3 52 30 98 24 50 40 6 30 71 74 74 51 77 45 85 10 86 78 29 75 28 57 84 22 82 83 36 30 18 96 82 94 81 62 91 86 95 39 36 93 65 30 97 69 65 74 61 91 96 94 38 63 62 23 48 95 94 93 75 47 38 16 83 89 75 61 64 13 84 16 62 88 39 23 100 87 97 47 93 11 90 47 46 95 7 39 100 63 82 9 8 84 72 1 39 57 3 76 99 21 28 8 40 70 81 90 21 39 
74 61 70 36 45 34 94 85 26 6 34 95 80 31 68 90 17 19 82 77 97 38 40 61 14 77 48 51 38 57 90 73 3 36 56 52 35 0 47 1 88 89 70 18 91 8 64 5 94 10 41 64 5 86 16 23 16 76 44 90 85 13 20 34 5 84 22 44 45 44 80 15 88 9 86 28 37 63 75 51 53 17 82 75 34 56 58 92 65 10 16 50 90 88 61 91 2 14 45 15 84 92 49 90 94 35 44 89 61 78 90 25 92 66 82 49 42 1 85 67 77 78 26 44 89 72 18 84 79 11 47 8 28 65 23 52 15 81 77 56 80 84 64 25 87 57 57 20 93 97 95 
27 59 66 39 59 70 69 15 37 66 64 37 57 72 71 77 20 26 91 88 21 72 41 47 96 16 61 69 48 6 25 56 60 2 58 64 74 47 0 27 33 12 22 41 93 63 67 98 53 46 54 11 60 41 66 5 51 89 25 12 61 96 66 42 99 59 1 42 39 57 99 54 72 61 74 84 6 90 45 52 69 80 47 57 7 61 80 22 11 86 16 30 41 15 55 86 30 91 51 22 81 66 20 9 3 3 49 76 74 22 86 60 78 43 92 87 18 52 79 58 91 6 62 16 21 66 95 88 48 56 46 100 67 46 37 73 15 22 87 92 31 79 65 66 81 82 95 22 75 42 61 
56 52 93 7 31 2 65 16 12 73 87 10 5 38 35 50 93 44 54 87 27 51 22 67 42 13 26 55 18 42 23 51 49 61 73 55 73 1 27 0 79 10 14 48 36 2 80 4 14 84 43 14 39 56 18 22 83 14 90 38 88 78 54 52 34 48 72 22 99 95 33 25 92 13 39 100 11 95 97 12 26 96 61 81 59 39 40 17 64 55 98 9 85 14 63 29 39 79 91 6 6 94 28 83 20 66 13 90 45 73 71 26 84 9 89 84 56 99 26 89 12 50 86 31 99 63 2 83 16 84 100 63 21 31 56 36 91 70 3 66 75 71 98 15 57 76 36 77 45 61 68 
60 37 66 5 9 82 81 29 90 30 62 15 75 93 22 41 96 28 84 61 41 70 55 42 74 89 61 1 54 30 76 29 11 98 79 78 82 88 33 79 0 94 12 91 21 38 34 8 99 36 70 36 63 5 3 16 89 96 73 82 8 48 53 33 81 37 87 94 47 14 93 91 97 83 47 14 52 99 52 15 91 48 55 60 42 33 62 72 99 67 88 66 1 94 42 95 92 90 26 77 61 50 35 15 83 9 97 78 79 4 83 26 2 79 60 43 64 58 50 60 39 63 20 17 49 70 46 8 51 99 35 93 22 25 22 60 62 47 23 78 56 19 66 33 92 4 68 82 81 62 90 
51 20 92 32 22 63 77 93 33 37 4 72 47 8 65 21 62 44 90 81 69 68 92 73 19 98 47 32 72 65 50 87 11 65 95 35 61 89 12 10 94 0 78 93 65 2 57 9 23 41 85 70 79 46 82 51 93 39 48 23 46 89 85 10 36 24 100 67 25 98 18 19 45 34 61 67 7 41 37 5 36 28 68 39 23 75 12 8 99 18 43 6 15 91 47 89 67 46 34 66 65 15 88 65 100 80 35 41 98 98 91 63 53 15 34 33 93 29 97 18 52 17 6 24 58 4 20 43 6 46 48 41 65 80 82 54 30 12 42 29 4 68 65 39 60 91 53 58 79 46 24 
47 86 76 45 14 47 49 12 81 35 40 67 65 55 99 3 30 24 28 48 28 36 35 57 75 15 82 38 16 4 87 59 80 51 36 54 3 70 22 14 12 78 0 28 63 7 85 21 26 57 19 41 11 22 45 28 30 19 35 26 34 34 74 21 50 9 11 84 98 75 55 41 14 76 15 30 2 87 63 36 82 21 89 11 56 22 99 76 27 82 9 33 44 53 45 71 53 33 81 73 47 54 59 8 8 64 57 29 82 4 26 100 50 10 45 30 81 40 74 9 70 2 44 30 24 60 53 88 42 42 95 6 44 58 7 58 20 99 51 80 1 59 52 50 74 17 46 20 25 25 64 
17 62 21 3 40 60 67 81 53 51 84 15 67 61 56 80 20 81 75 93 71 52 69 70 4 41 68 23 58 54 76 74 83 20 59 96 52 18 41 48 91 93 28 0 31 87 55 16 74 13 70 37 21 69 62 54 2 74 19 3 28 10 69 10 5 37 52 38 22 20 95 94 78 15 24 87 27 57 60 37 62 42 41 40 52 48 2 74 16 87 14 96 45 90 97 52 83 44 95 5 15 67 44 61 5 20 41 78 73 39 9 9 60 97 36 95 12 3 85 33 18 100 8 89 14 80 95 66 95 20 15 53 69 64 70 34 86 51 11 75 95 77 20 98 1 64 48 68 80 24 24 
21 8 72 16 44 46 59 72 8 38 62 100 17 43 58 13 74 84 36 29 76 40 72 26 47 90 41 15 89 72 61 30 48 8 61 82 30 91 93 36 21 65 63 31 0 69 26 23 22 42 30 44 17 85 45 36 19 51 2 89 64 92 15 14 29 35 2 27 45 24 68 99 65 8 56 73 83 66 9 8 48 39 41 24 19 61 67 23 60 74 37 6 27 7 69 3 25 61 83 58 43 99 29 94 9 42 12 90 46 8 2 77 6 14 8 48 42 60 13 34 25 90 46 58 42 44 77 24 47 8 68 49 30 98 47 26 15 43 87 25 1 68 82 37 6 18 4 65 77 19 7 
50 91 41 84 4 2 49 49 29 28 55 38 21 49 30 99 75 55 44 22 83 95 3 64 18 17 12 69 41 77 97 73 58 56 57 50 98 8 63 2 38 2 7 87 69 0 47 78 83 23 91 17 67 27 94 3 46 91 31 38 14 94 98 86 47 67 43 42 26 59 8 100 75 94 3 27 87 81 65 33 78 99 17 87 4 69 89 95 2 74 29 25 65 67 80 86 16 15 17 93 58 27 63 79 39 22 2 49 80 60 70 59 18 63 55 29 46 21 16 3 78 2 28 13 59 59 56 64 55 60 80 92 54 88 58 39 25 13 27 2 95 44 91 22 78 48 16 43 64 18 52 
36 16 91 49 97 6 76 19 27 38 81 24 5 7 77 28 80 75 22 26 76 89 42 100 86 8 27 43 80 47 37 63 28 31 8 77 24 64 67 80 34 57 85 55 26 47 0 88 7 30 19 62 1 22 11 97 33 38 74 20 42 18 84 60 54 81 86 17 27 12 61 48 2 37 6 76 45 1 84 46 69 3 99 29 99 12 7 82 58 29 15 59 7 57 6 68 76 11 73 11 93 31 16 74 40 40 77 62 94 8 33 79 100 34 99 76 79 91 1 72 6 15 83 96 20 43 22 84 77 65 40 18 73 41 32 47 69 38 55 55 89 75 46 70 10 71 29 12 20 95 4 
97 70 86 75 38 72 54 100 42 37 75 3 61 28 77 14 79 9 92 23 52 36 98 94 51 35 61 20 21 54 3 79 58 13 100 91 50 5 98 4 8 9 21 16 23 78 88 0 54 91 67 29 78 63 51 69 63 90 78 32 98 52 71 40 50 29 34 8 4 87 86 35 73 82 4 91 72 41 15 38 17 58 70 44 30 6 95 75 31 1 48 52 42 26 12 39 75 72 29 64 95 37 30 38 100 15 90 82 19 70 58 98 10 72 24 78 62 83 36 6 37 43 82 97 95 65 83 96 26 29 59 69 52 24 22 67 8 45 3 82 68 15 55 22 20 51 76 6 4 53 68 
10 88 32 83 100 51 80 50 65 97 57 75 9 27 58 87 12 58 61 22 76 55 74 43 84 99 16 92 37 57 34 57 98 43 47 57 40 94 53 14 99 23 26 74 22 83 7 54 0 48 77 19 3 22 92 97 3 37 34 17 34 28 45 1 26 25 78 7 3 100 11 65 14 52 15 26 29 9 52 85 90 98 68 25 27 32 42 99 24 45 53 59 17 45 93 76 68 54 29 47 66 36 90 81 29 35 90 45 65 60 77 56 15 51 43 60 5 98 58 78 77 98 99 86 48 4 66 70 23 51 24 34 53 43 17 58 51 21 100 48 43 44 23 100 47 6 83 49 53 96 91 
9 7 36 46 87 33 30 99 67 73 60 5 37 24 90 47 36 10 52 45 39 69 1 33 50 14 40 56 46 37 23 89 87 30 59 53 6 10 46 84 36 41 57 13 42 23 30 91 48 0 43 97 6 59 1 67 21 58 91 22 79 2 77 93 19 99 97 53 49 54 67 74 64 71 85 64 8 60 65 57 89 48 29 45 5 68 29 22 61 84 79 19 100 62 50 32 78 87 50 42 94 27 64 39 97 68 25 57 44 13 66 45 83 86 2 10 77 16 90 78 67 20 82 59 69 67 66 56 82 67 40 10 35 75 57 44 55 35 78 10 95 73 75 61 59 16 25 73 49 99 69 
65 94 91 53 93 39 25 78 62 7 100 67 56 23 89 98 77 97 61 47 30 77 4 32 79 14 72 74 2 74 16 100 67 66 91 80 30 41 54 43 70 85 19 70 30 91 19 67 77 43 0 5 61 7 59 24 3 10 7 58 78 42 66 75 47 2 41 49 76 32 24 53 82 56 17 97 27 84 23 53 60 60 14 80 18 83 53 37 40 33 20 15 28 6 51 26 2 93 83 68 18 69 18 21 29 92 70 26 5 46 24 93 14 13 35 63 48 81 95 78 60 28 65 69 65 29 81 37 24 39 94 60 49 13 8 83 7 30 13 96 95 66 16 59 93 78 16 61 80 1 79 
34 2 98 28 47 92 17 28 47 12 91 38 88 34 12 33 34 65 94 78 50 54 60 73 60 53 55 35 39 65 63 89 69 75 21 72 71 64 11 14 36 70 41 37 44 17 62 29 19 97 5 0 58 82 33 5 4 12 63 44 9 88 51 32 54 56 20 9 88 1 10 76 28 88 97 68 26 67 71 92 75 49 55 50 31 13 87 77 69 73 22 100 70 54 61 87 68 99 54 16 72 99 14 10 65 19 27 52 19 48 73 82 66 57 18 40 77 64 20 41 91 59 84 92 65 86 43 50 46 58 91 78 69 95 38 21 58 56 5 38 94 29 14 49 15 83 4 43 60 71 40 
57 60 29 32 41 33 14 27 71 18 59 20 19 30 69 61 92 25 64 12 23 91 48 59 29 10 68 81 34 39 27 59 90 47 58 40 74 5 60 39 63 79 11 21 17 67 1 78 3 6 61 58 0 75 36 68 72 52 46 44 16 27 28 97 55 25 91 32 58 45 78 25 67 47 58 94 24 3 4 92 61 65 13 17 37 49 53 100 54 86 53 77 57 35 35 38 39 96 66 99 84 12 71 47 32 63 37 72 16 29 18 60 66 58 73 36 100 21 29 77 35 56 42 9 96 11 84 76 51 15 57 89 59 32 28 32 34 11 8 93 18 8 28 1 86 71 59 69 57 4 8 
38 28 21 59 1 58 16 10 99 41 2 58 47 43 48 23 4 19 25 90 2 53 26 63 46 69 82 12 73 50 63 49 20 7 65 8 74 86 41 56 5 46 22 69 85 27 22 63 22 59 7 82 75 0 89 23 26 33 13 20 30 94 12 86 94 97 49 28 19 48 5 73 50 48 31 46 8 45 43 86 1 58 17 12 24 92 43 37 93 15 74 98 4 97 65 98 4 9 69 17 77 46 29 87 55 43 70 95 1 6 27 50 68 26 91 34 88 73 11 65 63 85 7 44 27 35 88 79 46 27 19 62 73 87 33 64 12 77 68 64 76 46 75 25 6 51 34 94 39 5 46 
55 30 23 28 56 96 42 35 21 94 21 93 58 41 81 46 20 100 65 15 90 28 60 16 15 46 25 33 1 2 97 66 52 67 6 30 51 16 66 18 3 82 45 62 45 94 11 51 92 1 59 33 36 89 0 60 92 64 22 76 62 69 25 77 71 29 39 39 84 22 49 75 35 85 71 20 41 68 64 87 18 95 78 23 63 22 2 80 63 38 74 42 8 100 92 49 7 52 19 71 36 33 67 42 75 9 73 97 68 100 78 61 4 8 75 98 19 91 92 93 4 79 12 83 29 74 81 71 55 24 62 44 21 42 75 8 44 36 52 24 34 18 85 23 59 34 42 4 49 91 52 
90 55 62 7 5 6 91 86 41 17 16 89 26 56 45 8 45 10 89 5 11 42 38 84 12 87 5 5 66 25 72 61 14 53 51 15 77 23 5 22 16 51 28 54 36 3 97 69 97 67 24 5 68 23 60 0 9 7 80 43 65 60 91 91 57 87 84 73 57 66 87 31 41 95 39 15 93 22 57 57 45 23 58 53 28 45 72 95 59 44 73 13 94 35 43 26 54 41 50 71 57 6 52 67 97 27 1 48 89 99 90 8 51 1 15 46 47 78 64 90 49 95 91 15 78 61 89 55 55 34 96 5 33 63 97 28 8 14 50 39 61 59 50 50 79 32 76 55 83 11 18 
69 41 65 68 57 31 72 89 60 47 58 4 49 14 8 14 48 90 35 92 28 21 77 2 62 8 62 39 36 49 19 85 60 18 60 3 45 16 51 83 89 93 30 2 19 46 33 63 3 21 3 4 72 26 92 9 0 96 13 26 17 50 67 24 38 24 78 78 40 45 98 4 44 90 46 45 4 2 66 12 61 59 74 17 10 32 86 32 52 100 7 20 49 93 30 30 72 67 11 19 56 89 82 92 36 71 44 47 93 43 82 54 74 15 66 47 72 46 51 65 40 15 71 27 84 48 50 47 99 90 52 51 6 100 52 77 8 66 81 100 9 88 80 8 28 38 15 23 88 35 20 
46 55 4 90 18 2 73 87 58 20 29 16 56 67 36 96 36 68 58 19 85 59 74 63 82 3 23 56 43 67 42 77 95 30 86 51 85 76 89 14 96 39 19 74 51 91 38 90 37 58 10 12 52 33 64 7 96 0 72 96 4 97 18 21 97 72 51 39 11 34 64 18 32 14 10 30 55 10 48 32 9 2 72 51 5 3 98 32 5 12 24 30 31 10 99 49 54 30 53 16 86 31 35 94 88 59 75 38 78 19 56 66 96 58 20 11 97 24 72 33 68 65 45 58 48 29 70 21 8 52 20 34 63 1 50 1 94 87 65 78 49 49 51 39 85 96 56 21 82 57 93 
39 28 75 54 51 97 37 54 95 74 5 99 13 61 88 80 44 39 50 58 72 68 28 54 82 98 90 3 76 75 74 98 28 73 82 93 10 44 25 90 73 48 35 19 2 31 74 78 34 91 7 63 46 13 22 80 13 72 0 38 62 30 52 47 65 34 12 67 69 83 54 41 21 64 96 60 87 11 27 65 70 8 92 66 57 25 79 67 84 11 15 73 92 24 87 88 97 22 89 7 84 41 73 31 59 41 76 5 2 17 9 30 36 46 72 42 1 16 91 31 85 49 90 98 95 93 74 17 13 97 60 82 72 40 79 49 42 36 26 12 32 8 88 47 96 71 11 62 96 74 42 
83 63 25 94 16 92 28 98 30 88 82 4 37 59 27 3 8 54 36 37 55 32 29 47 4 45 21 46 86 84 51 61 86 29 32 88 86 90 12 38 82 23 26 3 89 38 20 32 17 22 58 44 44 20 76 43 26 96 38 0 68 57 38 92 91 61 56 62 97 14 3 63 62 16 17 76 27 66 20 57 95 97 49 7 5 80 77 63 93 88 14 89 42 64 38 51 60 45 29 25 44 10 64 69 8 6 64 85 90 91 37 38 87 46 99 23 52 62 8 55 43 71 15 8 49 83 88 25 2 28 41 65 52 41 86 91 56 64 87 98 46 28 69 33 67 36 18 5 78 29 23 
92 77 5 76 56 9 56 61 52 44 9 96 45 100 27 93 28 43 38 58 63 24 87 73 77 83 36 72 6 50 79 63 87 32 56 93 78 85 61 88 8 46 34 28 64 14 42 98 34 79 78 9 16 30 62 65 17 4 62 68 0 90 55 15 70 59 46 80 54 13 69 2 3 49 38 42 61 45 11 41 30 31 6 2 85 60 12 89 18 51 12 32 83 75 87 82 42 16 72 86 5 94 83 11 41 97 37 19 99 42 27 36 35 76 17 27 2 88 52 8 10 37 41 59 77 57 47 25 61 36 23 54 60 70 15 27 35 27 43 41 18 38 91 64 92 6 40 75 62 64 11 
1 24 85 43 60 27 21 35 29 65 96 52 82 71 94 11 61 60 85 94 91 88 90 27 15 100 36 47 22 3 93 93 2 79 60 28 29 13 96 78 48 89 34 10 92 94 18 52 28 2 42 88 27 94 69 60 50 97 30 57 90 0 3 57 45 35 69 57 13 81 48 38 38 23 65 10 24 99 93 18 8 82 100 30 95 12 25 43 44 13 24 93 97 50 6 64 48 9 83 67 57 68 25 18 4 1 91 87 75 36 12 49 14 16 97 99 42 64 47 54 26 86 52 35 48 90 43 42 25 85 96 91 96 83 57 17 29 22 55 97 77 49 37 89 42 50 33 34 57 39 12 
58 100 81 54 46 36 52 35 66 59 89 5 73 48 79 97 51 56 42 71 16 72 94 90 9 9 7 60 63 3 31 22 56 5 46 70 75 20 66 54 53 85 74 69 15 98 84 71 45 77 66 51 28 12 25 91 67 18 52 38 55 3 0 41 81 31 94 58 54 96 54 69 69 30 27 69 80 15 24 61 82 88 16 30 63 75 57 36 35 41 6 12 81 49 53 2 45 99 41 44 100 51 39 3 92 36 37 79 83 43 58 61 78 90 100 10 45 72 65 22 27 64 64 66 45 20 81 44 26 98 87 52 27 43 1 27 26 98 91 66 70 70 52 87 68 67 5 37 7 8 54 
40 32 98 69 53 95 86 55 66 21 83 58 80 45 72 56 70 25 84 27 59 44 13 49 22 50 12 71 91 88 62 67 28 58 90 77 28 34 42 52 33 10 21 10 14 86 60 40 1 93 75 32 97 86 77 91 24 21 47 92 15 57 41 0 58 82 89 9 29 28 83 55 85 82 99 87 21 49 63 78 13 43 47 6 47 56 54 11 94 82 67 27 17 7 32 69 98 75 28 14 65 66 20 37 61 40 73 8 81 82 19 22 91 66 12 17 50 55 8 45 67 80 74 53 7 34 36 13 1 49 51 60 22 9 6 95 51 15 59 72 21 33 21 1 50 65 58 74 83 62 12 
96 52 71 60 70 22 76 76 90 84 11 65 93 1 31 88 80 50 55 32 67 75 92 17 7 9 18 76 53 51 6 100 30 4 84 61 57 5 99 34 81 36 50 5 29 47 54 50 26 19 47 54 55 94 71 57 38 97 65 91 70 45 81 58 0 89 99 29 6 99 28 19 66 66 4 36 62 63 81 71 19 52 69 37 77 98 67 18 33 60 49 52 49 36 24 39 70 35 22 1 76 12 50 60 45 77 38 98 87 97 95 97 9 60 95 30 38 94 64 76 100 40 85 55 38 27 82 81 45 6 27 56 20 64 5 55 73 27 60 68 66 48 42 54 98 48 64 27 36 24 2 
4 14 23 69 4 62 48 21 24 31 10 56 41 48 21 13 22 78 32 61 13 36 2 28 12 97 17 82 47 35 55 84 23 100 71 4 84 84 59 48 37 24 9 37 35 67 81 29 25 99 2 56 25 97 29 87 24 72 34 61 59 35 31 82 89 0 45 17 6 75 97 38 37 75 96 100 4 49 15 58 59 38 30 16 54 11 30 53 26 92 8 95 47 72 10 52 58 60 44 6 41 63 18 39 6 46 46 86 59 92 18 38 72 12 64 34 77 78 60 98 50 32 11 92 46 77 97 3 57 35 12 77 54 70 69 17 37 40 1 90 99 41 96 75 76 74 98 43 42 73 43 
45 6 85 53 3 95 72 18 97 73 2 34 67 35 31 94 73 35 68 82 97 86 68 46 44 31 43 89 17 27 85 37 20 33 57 59 22 22 1 72 87 100 11 52 2 43 86 34 78 97 41 20 91 49 39 84 78 51 12 56 46 69 94 89 99 45 0 49 56 67 76 70 9 11 11 68 25 51 71 70 46 59 65 35 1 41 15 36 30 41 56 88 77 72 48 43 64 18 96 94 94 86 48 95 3 48 88 17 96 43 8 68 26 2 2 26 61 63 72 7 4 27 38 62 53 93 61 9 82 30 27 93 40 58 95 91 1 79 34 68 63 7 78 53 28 60 59 45 87 73 66 
50 51 91 53 24 16 80 12 30 95 7 83 8 76 10 69 63 60 76 37 97 37 29 83 77 76 75 33 4 27 85 73 58 21 23 43 82 44 42 22 94 67 84 38 27 42 17 8 7 53 49 9 32 28 39 73 78 39 67 62 80 57 58 9 29 17 49 0 22 67 61 27 58 43 65 81 17 81 20 56 68 41 26 16 81 35 8 28 23 82 87 7 63 69 13 68 42 44 44 90 91 61 83 92 2 10 10 86 10 40 42 17 4 96 39 77 21 4 18 15 11 35 39 19 51 80 60 100 49 50 28 37 46 30 50 32 39 16 95 12 68 23 54 9 99 85 47 98 85 78 4 
91 74 99 56 76 65 31 93 46 98 87 49 100 73 63 59 31 26 51 70 39 76 23 21 86 8 27 44 62 15 94 26 97 65 58 34 83 45 39 99 47 25 98 22 45 26 27 4 3 49 76 88 58 19 84 57 40 11 69 97 54 13 54 29 6 6 56 22 0 81 74 84 70 88 24 48 83 9 78 77 66 23 6 79 41 37 60 20 78 3 36 95 29 72 62 9 54 67 51 12 28 51 100 30 68 41 93 44 18 73 8 51 34 11 21 10 26 34 94 82 70 60 81 18 93 80 26 82 19 10 89 59 17 63 7 1 66 73 86 66 67 54 15 33 77 65 13 75 41 53 27 
92 8 81 69 62 57 31 3 25 97 13 1 18 25 98 48 12 46 99 55 9 35 51 22 80 9 11 81 27 90 10 72 15 45 2 93 36 44 57 95 14 98 75 20 24 59 12 87 100 54 32 1 45 48 22 66 45 34 83 14 13 81 96 28 99 75 67 67 81 0 77 47 66 18 40 85 98 6 41 66 94 9 61 81 37 28 56 57 77 4 10 55 18 47 57 14 67 15 62 7 65 76 84 16 15 33 48 73 76 96 24 25 53 93 76 34 19 99 37 86 74 99 24 60 91 38 96 68 99 20 58 33 47 78 38 84 16 8 70 57 48 85 67 75 44 22 80 92 69 15 28 
59 52 47 27 80 46 94 31 97 57 54 26 18 95 8 58 96 18 47 24 17 81 55 19 90 55 94 18 83 90 75 91 65 79 38 76 30 80 99 33 93 18 55 95 68 8 61 86 11 67 24 10 78 5 49 87 98 64 54 3 69 48 54 83 28 97 76 61 74 77 0 48 86 47 69 91 28 55 31 47 63 83 53 64 63 27 9 66 56 99 23 15 21 89 50 85 2 29 29 51 10 17 39 55 68 85 69 50 82 20 6 49 65 35 72 28 24 30 1 29 40 51 94 80 75 80 53 34 88 68 74 61 64 78 25 49 86 54 95 1 14 3 87 36 16 16 90 53 30 47 15 
29 30 45 87 60 7 64 76 64 85 22 49 10 80 81 23 66 84 100 64 32 94 41 90 28 46 50 66 74 78 35 4 32 71 62 41 18 15 54 25 91 19 41 94 99 100 48 35 65 74 53 76 25 73 75 31 4 18 41 63 2 38 69 55 19 38 70 27 84 47 48 0 96 95 26 30 68 14 81 36 24 79 75 33 32 15 32 31 44 95 96 51 49 75 30 70 7 73 31 18 24 95 5 76 64 44 62 53 25 57 52 76 11 56 5 2 88 73 8 62 77 5 42 7 2 11 96 54 17 53 76 34 34 80 33 18 25 66 33 67 38 29 44 1 72 69 3 22 63 13 71 
18 19 74 28 49 45 7 75 7 12 39 51 67 77 46 34 18 1 86 52 91 68 51 10 17 4 68 48 45 89 32 53 57 78 31 8 96 88 72 92 97 45 14 78 65 75 2 73 14 64 82 28 67 50 35 41 44 32 21 62 3 38 69 85 66 37 9 58 70 66 86 96 0 44 43 59 29 73 48 3 86 49 67 95 77 61 59 2 82 75 2 2 63 79 36 6 39 82 82 1 5 59 79 85 35 39 34 2 16 6 95 71 43 35 95 22 18 94 9 19 93 21 69 40 40 11 90 95 3 59 85 8 8 96 45 91 99 91 70 55 51 18 44 87 12 17 95 90 32 40 61 
94 15 87 50 20 40 52 44 45 21 30 50 38 42 26 21 77 96 55 75 92 18 100 83 65 16 41 2 37 73 6 55 15 75 9 100 82 9 61 13 83 34 76 15 8 94 37 82 52 71 56 88 47 48 85 95 90 14 64 16 49 23 30 82 66 75 11 43 88 18 47 95 44 0 13 72 50 88 51 47 44 2 44 86 10 49 29 97 19 27 91 34 1 48 72 59 30 55 29 3 55 35 5 15 83 10 41 81 14 69 27 70 95 88 19 85 61 27 62 51 60 94 4 49 52 76 10 7 52 53 78 32 4 65 45 15 86 47 55 31 11 51 2 36 39 26 17 68 97 7 92 
100 67 10 32 66 93 82 19 58 5 6 96 9 62 72 43 37 94 25 74 28 28 56 31 61 82 74 62 64 9 4 89 62 90 15 99 94 86 74 39 47 61 15 24 56 3 6 4 15 85 17 97 58 31 71 39 46 10 96 17 38 65 27 99 4 96 11 65 24 40 69 26 43 13 0 8 84 67 18 83 51 3 79 16 62 69 37 18 29 82 68 90 72 3 7 30 54 32 35 69 9 62 72 61 55 92 99 75 72 15 100 92 84 21 52 77 85 29 50 60 77 22 9 39 97 28 63 46 51 34 92 93 58 77 8 57 84 85 54 10 50 17 4 70 88 73 60 45 24 75 69 
67 49 51 98 16 7 42 91 12 68 22 7 10 69 54 83 14 1 16 36 89 98 66 31 1 42 25 61 3 37 25 24 57 43 78 100 81 28 84 100 14 67 30 87 73 27 76 91 26 64 97 68 94 46 20 15 45 30 60 76 42 10 69 87 36 100 68 81 48 85 91 30 59 72 8 0 60 12 84 67 81 9 16 46 97 17 54 87 44 33 94 15 98 45 57 8 22 40 33 92 82 20 15 87 28 1 66 32 17 12 18 30 39 16 61 99 5 33 22 79 21 77 70 83 30 46 90 79 93 54 93 59 87 97 4 42 57 62 85 16 1 7 71 13 2 72 78 57 56 55 74 
13 87 13 84 86 18 20 84 39 5 35 60 90 37 28 90 27 17 72 64 99 99 40 6 48 97 21 80 59 60 98 37 47 50 54 81 62 37 6 11 52 7 2 27 83 87 45 72 29 8 27 26 24 8 41 93 4 55 87 27 61 24 80 21 62 4 25 17 83 98 28 68 29 50 84 60 0 27 20 9 69 12 74 41 55 5 14 28 95 8 15 4 62 94 91 11 18 92 18 56 28 92 65 36 60 87 51 90 60 81 52 78 88 92 57 20 80 96 67 30 69 72 55 40 19 45 30 79 8 45 79 57 52 27 51 46 17 81 52 74 1 34 15 38 15 55 79 6 53 98 24 
2 23 67 15 59 87 52 63 64 6 90 34 35 98 16 43 27 72 67 22 84 39 69 62 59 97 71 89 97 5 15 10 26 19 85 34 91 63 90 95 99 41 87 57 66 81 1 41 9 60 84 67 3 45 68 22 2 10 11 66 45 99 15 49 63 49 51 81 9 6 55 14 73 88 67 12 27 0 21 5 21 1 84 84 37 50 20 58 28 62 50 54 26 16 8 37 6 10 13 77 83 23 19 20 70 47 15 66 3 74 37 73 12 14 89 34 60 75 62 97 29 30 89 70 75 98 65 59 26 75 28 10 65 62 62 28 87 1 4 43 50 33 58 96 70 8 37 37 77 20 28 
17 24 83 38 26 53 82 62 45 29 51 96 20 14 44 37 89 17 58 62 81 39 53 51 76 91 37 21 81 45 48 33 13 30 23 55 86 75 45 97 52 37 63 60 9 65 84 15 52 65 23 71 4 43 64 57 66 48 27 20 11 93 24 63 81 15 71 20 78 41 31 81 48 51 18 84 20 21 0 80 96 42 86 72 53 95 13 99 54 58 99 72 36 88 23 46 67 54 16 47 63 16 27 94 98 40 78 87 14 75 35 26 46 64 72 6 56 85 54 10 36 72 84 65 30 48 86 57 72 73 18 96 66 100 44 87 17 58 96 69 56 51 72 97 52 17 11 95 20 38 17 
9 38 76 48 41 47 93 55 58 72 32 100 12 60 1 16 98 59 93 2 68 27 36 15 83 39 44 54 34 79 26 22 7 70 79 45 95 51 52 12 15 5 36 37 8 33 46 38 85 57 53 92 92 86 87 57 12 32 65 57 41 18 61 78 71 58 70 56 77 66 47 36 3 47 83 67 9 5 80 0 84 41 63 6 49 94 61 92 39 73 24 19 89 6 80 85 16 19 34 55 6 67 75 50 98 11 24 82 67 8 88 74 34 63 73 72 34 38 10 30 48 9 87 91 16 57 23 80 98 68 32 78 55 80 19 26 7 86 10 38 27 65 32 26 8 27 7 9 38 2 16 
36 65 1 13 90 4 3 63 73 71 87 39 46 83 74 48 64 78 72 41 73 32 84 63 90 56 43 81 94 86 64 59 59 86 97 24 39 53 69 26 91 36 82 62 48 78 69 17 90 89 60 75 61 1 18 45 61 9 70 95 30 8 82 13 19 59 46 68 66 94 63 24 86 44 51 81 69 21 96 84 0 19 98 37 28 25 2 53 53 28 30 11 42 79 23 83 50 55 82 20 7 52 25 44 98 38 54 85 26 16 46 91 9 14 72 41 80 74 33 93 64 52 27 97 80 39 11 12 19 80 26 100 79 18 38 13 96 21 32 15 51 10 42 81 22 95 70 30 34 53 29 
25 87 16 44 35 99 63 70 40 74 60 94 91 36 25 10 83 52 77 16 67 6 68 31 11 37 90 25 70 100 32 48 65 18 28 57 36 17 80 96 48 28 21 42 39 99 3 58 98 48 60 49 65 58 95 23 59 2 8 97 31 82 88 43 52 38 59 41 23 9 83 79 49 2 3 9 12 1 42 41 19 0 23 99 71 98 47 76 49 34 44 26 62 85 56 89 48 22 94 56 60 65 21 86 46 33 76 6 48 59 11 53 61 41 69 32 15 73 23 29 12 66 82 3 1 27 19 11 60 73 77 38 13 74 39 5 17 28 61 6 25 88 53 39 15 72 17 58 45 43 83 
71 10 91 100 53 29 61 19 8 89 76 23 86 2 69 22 59 59 84 76 5 32 56 77 83 62 99 73 77 91 25 6 51 73 26 82 93 82 47 61 55 68 89 41 41 17 99 70 68 29 14 55 13 17 78 58 74 72 92 49 6 100 16 47 69 30 65 26 6 61 53 75 67 44 79 16 74 84 86 63 98 23 0 14 81 33 20 30 81 9 33 59 19 39 34 75 62 79 64 67 11 88 22 41 77 5 91 29 49 55 86 40 52 54 98 10 68 27 10 2 44 80 96 10 79 81 54 61 33 40 47 60 48 90 95 65 20 4 54 13 39 66 31 92 62 20 82 42 54 59 5 
74 97 40 77 60 96 95 76 47 68 89 52 92 24 16 85 6 31 94 21 99 80 53 26 72 71 26 40 34 27 91 66 78 80 39 67 65 75 57 81 60 39 11 40 24 87 29 44 25 45 80 50 17 12 23 53 17 51 66 7 2 30 30 6 37 16 35 16 79 81 64 33 95 86 16 46 41 84 72 6 37 99 14 0 99 85 100 68 54 32 54 18 49 10 100 17 49 90 54 94 19 13 7 50 21 34 17 21 29 33 88 12 98 15 27 45 61 55 96 13 44 84 98 36 42 47 56 41 11 43 25 51 33 52 26 48 32 69 99 32 70 12 79 15 7 70 47 28 60 69 20 
4 19 82 3 26 91 99 23 5 55 76 36 73 43 95 76 98 70 40 1 21 17 89 34 36 83 5 76 18 35 10 6 67 47 4 38 30 34 7 59 42 23 56 52 19 4 99 30 27 5 18 31 37 24 63 28 10 5 57 5 85 95 63 47 77 54 1 81 41 37 63 32 77 10 62 97 55 37 53 49 28 71 81 99 0 46 82 44 84 73 67 33 17 19 72 61 14 25 61 95 91 10 18 6 10 92 58 69 80 52 1 46 96 21 58 2 5 2 26 74 91 61 27 52 24 100 82 59 11 56 6 41 85 32 19 77 79 97 28 47 81 7 57 28 93 62 47 50 62 9 95 
5 74 41 83 41 87 47 27 45 61 7 39 57 53 49 2 49 93 55 71 23 94 6 69 14 100 28 98 95 70 48 70 98 60 49 62 97 56 61 39 33 75 22 48 61 69 12 6 32 68 83 13 49 92 22 45 32 3 25 80 60 12 75 56 98 11 41 35 37 28 27 15 61 49 69 17 5 50 95 94 25 98 33 85 46 0 45 49 14 59 63 80 40 27 66 19 98 64 50 22 85 75 61 34 98 1 23 75 73 10 10 50 27 68 94 12 36 20 33 52 60 82 47 68 53 31 9 66 88 1 5 71 49 40 53 64 72 4 48 99 48 8 21 80 34 79 77 88 79 14 32 
41 44 16 5 16 26 32 43 59 38 53 36 79 72 37 18 85 100 57 6 88 25 26 28 75 92 40 99 38 39 92 8 34 5 2 42 69 58 80 40 62 12 99 2 67 89 7 95 42 29 53 87 53 43 2 72 86 98 79 77 12 25 57 54 67 30 15 8 60 56 9 32 59 29 37 54 14 20 13 61 2 47 20 100 82 45 0 73 74 68 78 61 6 28 37 51 20 21 99 19 47 40 12 56 32 82 39 40 52 91 44 19 89 44 47 5 67 35 67 70 39 45 48 24 15 81 71 62 86 31 27 66 54 56 58 86 14 61 50 50 100 84 67 57 82 70 58 43 47 85 68 
48 82 53 68 14 10 92 29 60 23 16 60 58 88 89 1 5 30 19 60 21 25 78 54 69 77 45 11 87 98 51 85 27 78 20 46 65 92 22 17 72 8 76 74 23 95 82 75 99 22 37 77 100 37 80 95 32 32 67 63 89 43 36 11 18 53 36 28 20 57 66 31 2 97 18 87 28 58 99 92 53 76 30 68 44 49 73 0 38 68 71 72 91 31 12 17 98 48 22 65 71 16 10 12 48 53 59 12 59 11 22 49 46 88 90 25 89 17 33 2 40 47 98 88 35 62 16 25 38 13 9 90 50 20 3 15 18 13 41 66 35 7 16 39 26 63 13 15 42 67 51 
18 94 81 13 22 8 99 75 78 53 18 32 21 32 7 22 18 29 4 32 94 59 68 62 53 47 42 46 92 55 38 16 50 62 1 63 74 65 11 64 99 99 27 16 60 2 58 31 24 61 40 69 54 93 63 59 52 5 84 93 18 44 35 94 33 26 30 23 78 77 56 44 82 19 29 44 95 28 54 39 53 49 81 54 84 14 74 38 0 33 80 28 87 30 89 43 19 13 55 77 73 75 45 16 26 69 6 62 14 69 87 94 41 43 1 63 56 78 62 98 4 14 8 96 68 76 20 87 52 19 91 18 88 10 76 4 32 58 67 64 92 84 92 20 22 55 75 21 18 75 68 
15 56 58 15 38 70 71 88 88 38 10 47 94 4 72 86 4 29 91 64 43 88 5 46 78 64 13 27 18 4 58 37 56 59 59 19 61 10 86 55 67 18 82 87 74 74 29 1 45 84 33 73 86 15 38 44 100 12 11 88 51 13 41 82 60 92 41 82 3 4 99 95 75 27 82 33 8 62 58 73 28 34 9 32 73 59 68 68 33 0 49 32 32 58 51 9 66 68 95 18 17 78 60 51 34 15 57 11 78 79 52 44 11 74 4 46 12 54 77 18 51 19 71 82 24 47 33 80 13 42 57 29 6 16 11 60 40 60 5 86 52 62 4 94 84 60 36 86 19 27 61 
21 23 1 1 74 21 57 86 9 47 78 39 78 89 8 62 78 98 42 90 19 15 89 94 79 58 31 16 64 26 24 97 11 93 45 91 91 16 16 98 88 43 9 14 37 29 15 48 53 79 20 22 53 74 74 73 7 24 15 14 12 24 6 67 49 8 56 87 36 10 23 96 2 91 68 94 15 50 99 24 30 44 33 54 67 63 78 71 80 49 0 69 94 2 69 27 40 18 67 93 7 73 57 31 35 3 1 35 81 18 26 92 75 32 54 91 49 9 32 2 1 92 39 73 32 34 46 62 63 66 69 47 86 39 60 21 79 97 42 42 64 12 30 56 52 41 73 48 85 1 98 
82 11 64 54 62 51 18 96 40 47 40 9 52 69 92 55 5 44 94 60 82 100 26 63 97 18 18 39 66 5 3 85 30 50 53 42 96 50 30 9 66 6 33 96 6 25 59 52 59 19 15 100 77 98 42 13 20 30 73 89 32 93 12 27 52 95 88 7 95 55 15 51 2 34 90 15 4 54 72 19 11 26 59 18 33 80 61 72 28 32 69 0 39 29 36 46 11 43 92 99 97 29 61 81 64 3 61 82 35 34 79 15 46 30 80 68 86 99 52 61 87 40 42 62 55 31 90 25 85 91 33 55 82 70 88 64 59 95 60 95 23 42 93 14 94 100 82 89 11 78 18 
93 99 57 22 14 13 19 65 36 75 40 80 53 43 88 98 55 88 70 29 31 2 58 68 66 66 16 93 16 8 29 45 67 96 4 5 94 90 41 85 1 15 44 45 27 65 7 42 17 100 28 70 57 4 8 94 49 31 92 42 83 97 81 17 49 47 77 63 29 18 21 49 63 1 72 98 62 26 36 89 42 62 19 49 17 40 6 91 87 32 94 39 0 64 80 52 69 39 49 80 70 35 53 71 36 93 50 84 93 23 28 29 41 97 10 38 70 13 8 66 20 89 37 47 88 82 82 49 39 65 16 31 90 90 49 18 70 61 65 88 78 53 11 93 86 37 69 24 28 7 67 
84 5 58 14 91 33 52 65 64 9 33 4 16 1 76 2 12 3 51 47 41 39 20 11 64 69 2 61 15 85 47 63 96 57 34 89 38 88 15 14 94 91 53 90 7 67 57 26 45 62 6 54 35 97 100 35 93 10 24 64 75 50 49 7 36 72 72 69 72 47 89 75 79 48 3 45 94 16 88 6 79 85 39 10 19 27 28 31 30 58 2 29 64 0 52 51 51 30 18 80 100 32 93 71 82 8 59 58 27 37 24 54 16 48 95 61 31 92 22 74 61 88 35 29 59 66 56 70 20 83 26 37 72 77 59 2 74 95 21 65 54 28 36 77 25 18 57 8 57 99 72 
6 93 6 35 5 76 19 70 55 19 78 42 73 55 51 56 50 7 42 96 32 65 19 56 63 51 78 59 94 42 42 1 18 62 63 50 63 61 55 63 42 47 45 97 69 80 6 12 93 50 51 61 35 65 92 43 30 99 87 38 87 6 53 32 24 10 48 13 62 57 50 30 36 72 7 57 91 8 23 80 23 56 34 100 72 66 37 12 89 51 69 36 80 52 0 91 18 94 61 84 82 67 30 16 58 87 7 16 99 100 12 91 63 83 36 31 40 52 97 11 30 55 61 40 71 23 45 98 13 72 74 36 99 61 54 36 79 21 64 58 16 71 9 92 3 46 60 72 38 17 89 
52 16 61 75 15 59 65 5 10 23 15 73 80 73 80 72 4 36 33 30 65 32 59 72 36 50 23 42 90 51 80 51 66 37 27 23 62 91 86 29 95 89 71 52 3 86 68 39 76 32 26 87 38 98 49 26 30 49 88 51 82 64 2 69 39 52 43 68 9 14 85 70 6 59 30 8 11 37 46 85 83 89 75 17 61 19 51 17 43 9 27 46 52 51 91 0 52 51 60 36 23 26 55 99 10 53 92 84 2 61 41 49 24 2 30 87 90 45 1 87 100 39 29 41 54 75 51 90 96 60 37 74 6 69 43 82 45 100 9 35 70 45 66 91 60 71 90 61 47 82 90 
16 80 8 21 18 54 63 15 53 63 32 54 18 85 30 82 30 57 23 68 34 43 27 92 65 51 75 98 87 64 10 57 21 32 14 18 23 2 30 39 92 67 53 83 25 16 76 75 68 78 2 68 39 4 7 54 72 54 97 60 42 48 45 98 70 58 64 42 54 67 2 7 39 30 54 22 18 6 67 16 50 48 62 49 14 98 20 98 19 66 40 11 69 51 18 52 0 99 91 92 73 88 78 34 13 74 36 82 34 8 32 41 51 5 61 36 81 96 94 73 25 42 73 36 69 39 47 76 21 76 1 52 87 67 13 97 99 68 97 80 38 3 17 46 42 8 4 26 94 99 22 
83 7 52 88 21 69 12 62 19 10 51 71 34 42 9 36 8 3 10 60 82 8 87 98 79 84 84 47 30 50 96 76 93 79 33 26 48 14 91 79 90 46 33 44 61 15 11 72 54 87 93 99 96 9 52 41 67 30 22 45 16 9 99 75 35 60 18 44 67 15 29 73 82 55 32 40 92 10 54 19 55 22 79 90 25 64 21 48 13 68 18 43 39 30 94 51 99 0 87 75 80 56 88 86 40 60 76 49 54 19 1 86 95 8 38 40 2 32 82 46 96 20 94 63 25 56 23 91 37 37 92 32 29 96 37 82 11 36 67 82 34 99 8 31 8 54 82 20 32 13 11 
96 64 77 88 79 36 11 6 13 3 33 46 91 79 5 15 76 6 62 32 72 12 82 78 30 77 11 52 48 33 99 23 17 70 5 18 95 45 51 91 26 34 81 95 83 17 73 29 29 50 83 54 66 69 19 50 11 53 89 29 72 83 41 28 22 44 96 44 51 62 29 31 82 29 35 33 18 13 16 34 82 94 64 54 61 50 99 22 55 95 67 92 49 18 61 60 91 87 0 52 70 50 15 99 20 20 74 25 33 87 82 52 79 9 59 97 44 22 2 89 90 95 41 35 67 2 65 1 59 70 16 16 81 90 62 23 88 24 52 36 54 19 80 13 57 40 83 17 45 52 22 
35 20 69 84 15 31 92 10 75 28 36 21 31 16 76 80 20 98 59 7 80 61 98 30 6 100 96 2 10 14 55 46 51 10 4 63 94 15 22 6 77 66 73 5 58 93 11 64 47 42 68 16 99 17 71 71 19 16 7 25 86 67 44 14 1 6 94 90 12 7 51 18 1 3 69 92 56 77 47 55 20 56 67 94 95 22 19 65 77 18 93 99 80 80 84 36 92 75 52 0 57 20 47 38 23 58 76 5 60 25 39 99 44 49 38 73 10 35 96 89 85 44 1 93 73 7 80 36 87 26 58 3 92 22 22 94 59 33 61 82 11 93 46 12 6 41 90 33 42 63 98 
76 80 68 58 98 23 13 53 67 50 21 4 2 11 28 21 56 3 91 5 36 90 15 99 17 7 70 17 69 33 55 100 76 61 9 48 93 84 81 6 61 65 47 15 43 58 93 95 66 94 18 72 84 77 36 57 56 86 84 44 5 57 100 65 76 41 94 91 28 65 10 24 5 55 9 82 28 83 63 6 7 60 11 19 91 85 47 71 73 17 7 97 70 100 82 23 73 80 70 57 0 32 31 97 97 40 3 73 51 13 83 68 22 3 53 95 22 94 9 46 80 49 49 16 95 65 52 2 79 88 29 5 84 72 56 19 10 72 11 34 48 65 24 34 57 42 58 100 1 87 4 
31 22 50 97 56 69 83 73 42 34 25 50 3 90 40 42 88 92 18 27 76 21 35 41 44 14 25 16 75 3 58 25 50 13 34 76 75 92 66 94 50 15 54 67 99 27 31 37 36 27 69 99 12 46 33 6 89 31 41 10 94 68 51 66 12 63 86 61 51 76 17 95 59 35 62 20 92 23 16 67 52 65 88 13 10 75 40 16 75 78 73 29 35 32 67 26 88 56 50 20 32 0 97 91 22 46 13 2 75 83 35 23 4 27 26 57 73 12 86 73 38 25 100 51 34 80 35 69 90 90 96 29 33 90 77 42 54 83 75 46 62 99 43 16 95 24 100 17 89 24 19 
58 47 52 53 85 59 45 78 76 36 93 42 93 84 74 85 39 70 64 80 11 21 4 27 25 64 99 7 35 53 59 34 20 66 47 83 47 49 20 28 35 88 59 44 29 63 16 30 90 64 18 14 71 29 67 52 82 35 73 64 83 25 39 20 50 18 48 83 100 84 39 5 79 5 72 15 65 19 27 75 25 21 22 7 18 61 12 10 45 60 57 61 53 93 30 55 78 88 15 47 31 97 0 31 19 66 57 63 18 72 8 10 20 81 40 58 56 9 23 18 27 86 66 71 28 79 60 7 53 53 74 33 15 84 36 49 44 81 18 53 22 59 51 58 13 10 38 5 65 37 17 
3 71 85 19 75 47 85 29 30 64 39 64 66 62 29 65 21 61 71 76 28 2 75 53 88 13 53 46 6 71 3 19 33 41 82 97 38 90 9 83 15 65 8 61 94 79 74 38 81 39 21 10 47 87 42 67 92 94 31 69 11 18 3 37 60 39 95 92 30 16 55 76 85 15 61 87 36 20 94 50 44 86 41 50 6 34 56 12 16 51 31 81 71 71 16 99 34 86 99 38 97 91 31 0 40 3 29 69 64 100 82 74 87 29 49 40 82 47 32 72 74 88 43 55 98 69 14 25 48 52 70 100 21 4 27 47 6 59 34 15 80 85 72 39 59 95 74 51 16 89 39 
73 79 48 81 15 16 9 19 32 92 56 52 28 26 20 16 49 11 23 76 4 76 7 96 3 1 3 61 7 87 76 35 73 60 41 21 16 94 3 20 83 100 8 5 9 39 40 100 29 97 29 65 32 55 75 97 36 88 59 8 41 4 92 61 45 6 3 2 68 15 68 64 35 83 55 28 60 70 98 98 98 46 77 21 10 98 32 48 26 34 35 64 36 82 58 10 13 40 20 23 97 22 19 40 0 48 95 73 13 67 70 64 66 47 67 57 47 75 97 27 86 96 7 40 71 89 55 100 76 10 24 72 72 24 73 54 66 24 17 80 79 55 43 3 88 89 50 64 100 40 5 
82 86 57 6 18 53 45 39 14 21 19 14 42 87 47 24 67 35 37 13 70 100 59 9 82 99 42 17 48 59 74 11 26 29 29 52 83 35 3 66 9 80 64 20 42 22 40 15 35 68 92 19 63 43 9 27 71 59 41 6 97 1 36 40 77 46 48 10 41 33 85 44 39 10 92 1 87 47 40 11 38 33 5 34 92 1 82 53 69 15 3 3 93 8 87 53 74 60 20 58 40 46 66 3 48 0 67 14 53 8 23 51 14 88 90 34 57 66 59 39 9 45 95 67 23 95 32 71 35 49 48 72 100 17 61 42 78 88 40 2 9 9 26 67 46 4 73 24 34 20 17 
75 41 26 24 75 92 43 58 28 88 82 93 61 96 51 19 25 34 52 98 37 37 2 43 62 1 17 34 93 33 36 20 24 4 97 18 89 44 49 13 97 35 57 41 12 2 77 90 90 25 70 27 37 70 73 1 44 75 76 64 37 91 37 73 38 46 88 10 93 48 69 62 34 41 99 66 51 15 78 24 54 76 91 17 58 23 39 59 6 57 1 61 50 59 7 92 36 76 74 76 3 13 57 29 95 67 0 1 91 77 71 24 24 51 12 55 11 2 24 28 97 53 21 91 79 27 18 86 61 100 44 10 67 25 46 14 88 85 90 31 58 57 1 65 47 4 77 64 46 26 4 
82 19 43 6 85 60 79 82 92 13 58 26 56 78 15 12 26 36 97 68 41 5 88 47 29 63 62 97 92 7 75 39 74 100 32 99 75 89 76 90 78 41 29 78 90 49 62 82 45 57 26 52 72 95 97 48 47 38 5 85 19 87 79 8 98 86 17 86 44 73 50 53 2 81 75 32 90 66 87 82 85 6 29 21 69 75 40 12 62 11 35 82 84 58 16 84 82 49 25 5 73 2 63 69 73 14 1 0 69 34 69 63 12 5 81 6 82 29 55 38 63 53 56 31 97 56 31 97 53 29 81 45 55 74 73 77 32 73 62 66 38 90 49 41 89 18 87 30 91 71 92 
33 70 61 23 24 87 28 15 1 5 60 47 38 22 60 96 68 19 78 60 20 34 87 31 70 66 33 59 9 65 98 56 34 82 18 16 61 61 74 45 79 98 82 73 46 80 94 19 65 44 5 19 16 1 68 89 93 78 2 90 99 75 83 81 87 59 96 10 18 76 82 25 16 14 72 17 60 3 14 67 26 48 49 29 80 73 52 59 14 78 81 35 93 27 99 2 34 54 33 60 51 75 18 64 13 53 91 69 0 27 89 62 68 34 62 14 66 11 12 9 57 58 99 67 42 48 67 49 75 11 82 51 35 80 27 77 38 79 45 86 4 60 80 75 8 64 61 79 69 26 87 
100 55 16 84 76 94 57 20 100 11 1 34 72 21 56 42 80 99 5 66 24 53 33 51 76 81 79 61 6 14 56 30 44 45 12 37 64 78 22 73 4 98 4 39 8 60 8 70 60 13 46 48 29 6 100 99 43 19 17 91 42 36 43 82 97 92 43 40 73 96 20 57 6 69 15 12 81 74 75 8 16 59 55 33 52 10 91 11 69 79 18 34 23 37 100 61 8 19 87 25 13 83 72 100 67 8 77 34 27 0 29 68 73 73 25 92 12 17 86 83 87 46 45 72 23 19 7 67 54 4 10 16 32 70 59 16 49 55 59 62 64 75 60 26 100 84 62 71 36 2 75 
95 48 16 7 99 92 27 53 81 4 2 61 45 45 57 96 39 64 64 23 41 17 28 4 49 64 8 95 15 67 53 84 2 65 15 89 13 90 86 71 83 91 26 9 2 70 33 58 77 66 24 73 18 27 78 90 82 56 9 37 27 12 58 19 95 18 8 42 8 24 6 52 95 27 100 18 52 37 35 88 46 11 86 88 1 10 44 22 87 52 26 79 28 24 12 41 32 1 82 39 83 35 8 82 70 23 71 69 89 29 0 25 87 29 3 95 18 69 63 89 2 70 78 61 49 13 80 2 23 93 41 56 42 10 81 31 61 2 49 83 1 21 51 64 66 94 69 47 16 19 80 
23 75 80 9 40 38 64 85 84 55 41 41 61 11 69 1 27 44 23 34 6 51 29 66 64 22 40 67 62 72 22 38 62 3 63 6 84 25 60 26 26 63 100 9 77 59 79 98 56 45 93 82 60 50 61 8 54 66 30 38 36 49 61 22 97 38 68 17 51 25 49 76 71 70 92 30 78 73 26 74 91 53 40 12 46 50 19 49 94 44 92 15 29 54 91 49 41 86 52 99 68 23 10 74 64 51 24 63 62 68 25 0 68 30 84 100 70 17 32 6 71 44 81 99 10 35 80 16 69 50 13 71 37 85 55 38 49 14 82 88 9 63 63 18 15 86 43 30 75 1 70 
26 1 14 5 19 20 4 15 25 41 50 28 5 25 56 51 54 46 22 29 21 17 31 27 41 33 62 19 1 23 31 31 91 54 80 73 16 92 78 84 2 53 50 60 6 18 100 10 15 83 14 66 66 68 4 51 74 96 36 87 35 14 78 91 9 72 26 4 34 53 65 11 43 95 84 39 88 12 46 34 9 61 52 98 96 27 89 46 41 11 75 46 41 16 63 24 51 95 79 44 22 4 20 87 66 14 24 12 68 73 87 68 0 78 33 24 68 41 8 97 35 27 51 38 59 31 13 67 60 45 11 45 45 2 64 17 63 77 98 57 21 24 74 43 2 52 44 42 56 13 82 
90 83 24 27 92 24 74 17 8 80 33 76 37 18 88 94 28 10 3 93 98 17 47 96 99 65 89 90 43 24 35 1 19 18 34 79 62 66 43 9 79 15 10 97 14 63 34 72 51 86 13 57 58 26 8 1 15 58 46 46 76 16 90 66 60 12 2 96 11 93 35 56 35 88 21 16 92 14 64 63 14 41 54 15 21 68 44 88 43 74 32 30 97 48 83 2 5 8 9 49 3 27 81 29 47 88 51 5 34 73 29 30 78 0 63 21 38 57 19 12 71 60 14 29 21 89 7 1 41 63 33 15 3 98 30 68 80 67 18 88 15 56 41 1 52 56 37 8 66 23 66 
30 20 35 22 18 70 23 46 99 43 8 6 42 17 3 19 3 60 64 71 82 4 20 74 93 68 91 83 20 79 28 100 47 57 5 48 88 82 92 89 60 34 45 36 8 55 99 24 43 2 35 18 73 91 75 15 66 20 72 99 17 97 100 12 95 64 2 39 21 76 72 5 95 19 52 61 57 89 72 73 72 69 98 27 58 94 47 90 1 4 54 80 10 95 36 30 61 38 59 38 53 26 40 49 67 90 12 81 62 25 3 84 33 63 0 37 89 26 76 71 35 17 30 90 4 97 11 34 2 81 66 100 74 32 50 66 62 16 42 34 63 54 69 70 65 41 70 21 82 19 91 
61 95 55 50 36 64 66 6 39 64 2 44 87 90 35 43 38 74 1 83 25 10 92 46 36 5 53 87 75 74 81 57 65 86 57 48 39 49 87 84 43 33 30 95 48 29 76 78 60 10 63 40 36 34 98 46 47 11 42 23 27 99 10 17 30 34 26 77 10 34 28 2 22 85 77 99 20 34 6 72 41 32 10 45 2 12 5 25 63 46 91 68 38 61 31 87 36 40 97 73 95 57 58 40 57 34 55 6 14 92 95 100 24 21 37 0 94 55 42 82 38 98 77 10 7 82 97 1 76 1 14 77 21 11 54 2 27 75 17 37 71 86 24 73 71 79 91 20 24 61 59 
10 79 39 59 65 45 48 7 97 3 29 92 45 57 21 9 2 77 14 3 66 13 18 44 99 99 79 55 40 5 47 66 46 42 97 10 23 42 18 56 64 93 81 12 42 46 79 62 5 77 48 77 100 88 19 47 72 97 1 52 2 42 45 50 38 77 61 21 26 19 24 88 18 61 85 5 80 60 56 34 80 15 68 61 5 36 67 89 56 12 49 86 70 31 40 90 81 2 44 10 22 73 56 82 47 57 11 82 66 12 18 70 68 38 89 94 0 11 77 15 34 3 51 98 5 7 79 38 42 11 96 87 82 55 95 68 82 73 31 14 58 64 64 40 50 34 95 14 41 31 52 
11 48 76 61 82 42 15 48 83 67 29 65 16 9 87 96 33 30 10 22 69 38 75 60 63 97 19 8 24 99 24 87 43 86 7 69 100 1 52 99 58 29 40 3 60 21 91 83 98 16 81 64 21 73 91 78 46 24 16 62 88 64 72 55 94 78 63 4 34 99 30 73 94 27 29 33 96 75 85 38 74 73 27 55 2 20 35 17 78 54 9 99 13 92 52 45 96 32 22 35 94 12 9 47 75 66 2 29 11 17 69 17 41 57 26 55 11 0 3 25 93 83 45 91 26 72 9 2 100 54 24 98 93 21 28 38 72 50 20 79 38 94 19 82 68 17 97 99 93 23 54 
53 12 98 6 18 63 6 46 26 6 67 39 18 50 62 66 19 33 30 77 53 81 15 74 94 86 77 81 71 98 73 17 93 14 6 76 87 85 79 26 50 97 74 85 13 16 1 36 58 90 95 20 29 11 92 64 51 72 91 8 52 47 65 8 64 60 72 18 94 37 1 8 9 62 50 22 67 62 54 10 33 23 10 96 26 33 67 33 62 77 32 52 8 22 97 1 94 82 2 96 9 86 23 32 97 59 24 55 12 86 63 32 8 19 76 42 77 3 0 94 18 9 26 56 82 31 8 68 2 15 87 44 18 18 61 82 85 58 40 30 46 44 75 47 12 19 34 42 21 15 85 
25 21 25 32 42 90 81 71 40 56 36 56 97 31 71 91 31 26 69 84 68 31 11 25 69 80 61 31 3 93 60 90 39 47 31 43 97 67 58 89 60 18 9 33 34 3 72 6 78 78 78 41 77 65 93 90 65 33 31 55 8 54 22 45 76 98 7 15 82 86 29 62 19 51 60 79 30 97 10 30 93 29 2 13 74 52 70 2 98 18 2 61 66 74 11 87 73 46 89 89 46 73 18 72 27 39 28 38 9 83 89 6 97 12 71 82 15 25 94 0 27 65 20 77 30 59 83 11 31 75 54 7 66 77 73 15 70 92 29 45 82 16 64 16 33 69 85 40 60 44 8 
96 83 95 3 6 63 57 79 14 26 89 34 18 43 3 43 49 91 56 84 15 31 12 87 10 10 3 14 80 64 43 63 71 60 8 17 47 77 91 12 39 52 70 18 25 78 6 37 77 67 60 91 35 63 4 49 40 68 85 43 10 26 27 67 100 50 4 11 70 74 40 77 93 60 77 21 69 29 36 48 64 12 44 44 91 60 39 40 4 51 1 87 20 61 30 100 25 96 90 85 80 38 27 74 86 9 97 63 57 87 2 71 35 71 35 38 34 93 18 27 0 24 7 53 63 69 27 28 100 82 84 70 46 64 4 6 43 40 35 55 69 25 96 86 62 98 4 45 33 38 67 
23 74 16 14 10 60 36 56 23 25 35 38 63 96 57 79 42 79 64 60 81 69 53 95 80 44 29 37 12 23 39 18 62 98 19 55 93 78 6 50 63 17 2 100 90 2 15 43 98 20 28 59 56 85 79 95 15 65 49 71 37 86 64 80 40 32 27 35 60 99 51 5 21 94 22 77 72 30 72 9 52 66 80 84 61 82 45 47 14 19 92 40 89 88 55 39 42 20 95 44 49 25 86 88 96 45 53 53 58 46 70 44 27 60 17 98 3 83 9 65 24 0 66 51 2 53 81 43 35 98 77 55 64 51 97 4 58 90 69 11 10 31 37 14 3 86 45 90 5 55 65 
25 20 42 43 39 79 28 14 4 9 42 70 25 63 80 5 47 49 5 94 95 87 76 98 98 18 69 58 47 79 90 87 17 91 23 7 11 26 62 86 20 6 44 8 46 28 83 82 99 82 65 84 42 7 12 91 71 45 90 15 41 52 64 74 85 11 38 39 81 24 94 42 69 4 9 70 55 89 84 87 27 82 96 98 27 47 48 98 8 71 39 42 37 35 61 29 73 94 41 1 49 100 66 43 7 95 21 56 99 45 78 81 51 14 30 77 51 45 26 20 7 66 0 60 4 85 54 11 47 44 49 38 84 28 81 74 91 90 15 30 76 12 2 44 88 88 63 1 37 53 45 
37 45 41 70 33 3 32 75 65 57 55 26 99 45 79 3 10 20 99 64 94 7 36 39 51 43 59 25 44 41 84 44 30 10 90 37 90 44 16 31 17 24 30 89 58 13 96 97 86 59 69 92 9 44 83 15 27 58 98 8 59 35 66 53 55 92 62 19 18 60 80 7 40 49 39 83 40 70 65 91 97 3 10 36 52 68 24 88 96 82 73 62 47 29 40 41 36 63 35 93 16 51 71 55 40 67 91 31 67 72 61 99 38 29 90 10 98 91 56 77 53 51 60 0 67 5 86 60 13 79 75 52 70 79 52 88 64 72 82 20 89 5 31 91 31 52 4 77 77 42 4 
91 65 81 82 84 75 29 6 29 4 78 93 92 65 1 71 50 23 60 41 7 51 75 95 71 31 94 78 55 84 95 3 71 62 92 7 47 89 21 99 49 58 24 14 42 59 20 95 48 69 65 65 96 27 29 78 84 48 95 49 77 48 45 7 38 46 53 51 93 91 75 2 40 52 97 30 19 75 30 16 80 1 79 42 24 53 15 35 68 24 32 55 88 59 71 54 69 25 67 73 95 34 28 98 71 23 79 97 42 23 49 10 59 21 4 7 5 26 82 30 63 2 4 67 0 67 80 79 40 40 2 34 61 60 77 71 69 38 11 31 93 55 52 37 79 79 33 61 49 66 99 
49 62 45 13 12 78 57 38 71 99 72 56 61 70 17 1 67 27 13 11 79 65 13 72 39 56 94 95 28 32 97 59 84 94 76 5 46 72 66 63 70 4 60 80 44 59 43 65 4 67 29 86 11 35 74 61 48 29 93 83 57 90 20 34 27 77 93 80 80 38 80 11 11 76 28 46 45 98 48 57 39 27 81 47 100 31 81 62 76 47 34 31 82 66 23 75 39 56 2 7 65 80 79 69 89 95 27 56 48 19 13 35 31 89 97 82 7 72 31 59 69 53 85 5 67 0 41 60 98 87 4 15 9 51 74 54 5 16 15 90 53 80 72 49 100 67 12 83 16 6 99 
11 66 88 64 31 62 73 42 6 16 24 96 81 98 46 98 31 72 64 63 54 88 77 21 9 39 4 98 18 91 10 53 93 21 33 72 95 18 95 2 46 20 53 95 77 56 22 83 66 66 81 43 84 88 81 89 50 70 74 88 47 43 81 36 82 97 61 60 26 96 53 96 90 10 63 90 30 65 86 23 11 19 54 56 82 9 71 16 20 33 46 90 82 56 45 51 47 23 65 80 52 35 60 14 55 32 18 31 67 7 80 80 13 7 11 97 79 9 8 83 27 81 54 86 80 41 0 100 69 69 100 100 63 90 39 30 34 87 94 13 87 88 95 31 54 32 8 90 93 84 44 
99 94 30 37 56 17 14 34 92 64 4 41 60 25 71 72 2 63 31 94 62 45 32 35 52 58 35 54 97 3 7 58 2 71 24 39 7 84 88 83 8 43 88 66 24 64 84 96 70 56 37 50 76 79 71 55 47 21 17 25 25 42 44 13 81 3 9 100 82 68 34 54 95 7 46 79 79 59 57 80 12 11 61 41 59 66 62 25 87 80 62 25 49 70 98 90 76 91 1 36 2 69 7 25 100 71 86 97 49 67 2 16 67 1 34 1 38 2 68 11 28 43 11 60 79 60 100 0 100 18 99 74 95 70 44 66 19 38 16 17 46 48 47 76 51 100 5 22 11 74 32 
83 23 92 17 59 98 46 82 35 6 94 11 100 96 94 85 41 75 74 73 99 15 60 87 27 60 63 18 26 68 7 47 21 23 76 44 39 79 48 16 51 6 42 95 47 55 77 26 23 82 24 46 51 46 55 55 99 8 13 2 61 25 26 1 45 57 82 49 19 99 88 17 3 52 51 93 8 26 72 98 19 60 33 11 11 88 86 38 52 13 63 85 39 20 13 96 21 37 59 87 79 90 53 48 76 35 61 53 75 54 23 69 60 41 2 76 42 100 2 31 100 35 47 13 40 98 69 100 0 54 74 62 68 33 27 95 63 88 70 93 28 83 39 85 28 97 4 52 67 90 17 
24 5 59 26 66 38 83 6 6 59 49 50 11 20 32 58 74 74 41 23 60 20 70 86 28 30 56 77 30 6 89 51 43 10 83 6 100 11 56 84 99 46 42 20 8 60 65 29 51 67 39 58 15 27 24 34 90 52 97 28 36 85 98 49 6 35 30 50 10 20 68 53 59 53 34 54 45 75 73 68 80 73 40 43 56 1 31 13 19 42 66 91 65 83 72 60 76 37 70 26 88 90 53 52 10 49 100 29 11 4 93 50 45 63 81 1 11 54 15 75 82 98 44 79 40 87 69 18 54 0 28 96 65 54 40 56 13 40 28 78 44 4 68 32 75 86 13 94 13 2 13 
68 94 85 46 74 11 18 81 58 49 8 6 65 80 22 14 33 23 98 100 3 91 17 86 83 82 7 92 32 74 61 84 23 19 72 31 63 47 46 100 35 48 95 15 68 80 40 59 24 40 94 91 57 19 62 96 52 20 60 41 23 96 87 51 27 12 27 28 89 58 74 76 85 78 92 93 79 28 18 32 26 77 47 25 6 5 27 9 91 57 69 33 16 26 74 37 1 92 16 58 29 96 74 70 24 48 44 81 82 10 41 13 11 33 66 14 96 24 87 54 84 77 49 75 2 4 100 99 74 28 0 2 71 72 95 15 49 34 16 36 67 87 58 60 100 20 13 80 39 60 98 
82 95 2 80 35 25 55 74 39 15 54 25 45 95 94 100 87 8 63 88 17 53 27 97 32 32 64 2 44 45 79 99 31 75 11 22 82 8 100 63 93 41 6 53 49 92 18 69 34 10 60 78 89 62 44 5 51 34 82 65 54 91 52 60 56 77 93 37 59 33 61 34 8 32 93 59 57 10 96 78 100 38 60 51 41 71 66 90 18 29 47 55 31 37 36 74 52 32 16 3 5 29 33 100 72 72 10 45 51 16 56 71 45 15 100 77 87 98 44 7 70 55 38 52 34 15 100 74 62 96 2 0 71 98 46 65 16 50 8 2 56 21 54 4 7 7 36 12 16 17 49 
39 51 89 5 95 72 14 8 59 55 85 82 85 35 54 5 20 67 30 95 50 60 37 94 37 29 46 75 28 78 46 46 80 64 24 33 9 28 67 21 22 65 44 69 30 54 73 52 53 35 49 69 59 73 21 33 6 63 72 52 60 96 27 22 20 54 40 46 17 47 64 34 8 4 58 87 52 65 66 55 79 13 48 33 85 49 54 50 88 6 86 82 90 72 99 6 87 29 81 92 84 33 15 21 72 100 67 55 35 32 42 37 45 3 74 21 82 93 18 66 46 64 84 70 61 9 63 95 68 65 71 71 0 88 5 83 8 85 86 23 33 67 80 6 99 40 40 90 27 73 67 
78 78 60 72 23 79 53 61 70 44 9 32 14 40 30 9 19 75 10 78 90 85 7 18 80 88 6 74 77 90 55 80 87 28 48 41 8 65 46 31 25 80 58 64 98 88 41 24 43 75 13 95 32 87 42 63 100 1 40 41 70 83 43 9 64 70 58 30 63 78 78 80 96 65 77 97 27 62 100 80 18 74 90 52 32 40 56 20 10 16 39 70 90 77 61 69 67 96 90 22 72 90 84 4 24 17 25 74 80 70 10 85 2 98 32 11 55 21 18 77 64 51 28 79 60 51 90 70 33 54 72 98 88 0 68 45 94 87 6 76 77 92 72 50 50 1 89 55 67 2 96 
5 35 71 25 86 24 60 77 80 34 49 4 90 56 88 73 14 77 30 51 74 1 43 6 63 17 21 92 34 73 26 11 64 39 99 44 84 23 37 56 22 82 7 70 47 58 32 22 17 57 8 38 28 33 75 97 52 50 79 86 15 57 1 6 5 69 95 50 7 38 25 33 45 45 8 4 51 62 44 19 38 39 95 26 19 53 58 3 76 11 60 88 49 59 54 43 13 37 62 22 56 77 36 27 73 61 46 73 27 59 81 55 64 30 50 54 95 28 61 73 4 97 81 52 77 74 39 44 27 40 95 46 5 68 0 49 98 99 74 22 94 90 19 63 35 93 51 2 45 92 26 
69 5 66 95 83 58 88 4 7 65 86 21 65 22 55 84 75 24 76 40 42 43 88 61 87 53 66 40 43 39 18 10 45 73 11 66 72 52 73 36 60 54 58 34 26 39 47 67 58 44 83 21 32 64 8 28 77 1 49 91 27 17 27 95 55 17 91 32 1 84 49 18 91 15 57 42 46 28 87 26 13 5 65 48 77 64 86 15 4 60 21 64 18 2 36 82 97 82 23 94 19 42 49 47 54 42 14 77 77 16 31 38 17 68 66 2 68 38 82 15 6 4 74 88 71 54 30 66 95 56 15 65 83 45 49 0 71 19 92 77 32 94 20 8 71 34 42 43 55 93 24 
65 12 5 16 10 77 61 55 66 35 88 4 98 11 6 61 71 24 100 6 14 47 89 24 42 55 75 16 53 93 76 50 84 86 29 32 1 15 15 91 62 30 20 86 15 25 69 8 51 55 7 58 34 12 44 8 8 94 42 56 35 29 26 51 73 37 1 39 66 16 86 25 99 86 84 57 17 87 17 7 96 17 20 32 79 72 14 18 32 40 79 59 70 74 79 45 99 11 88 59 10 54 44 6 66 78 88 32 38 49 61 49 63 80 62 27 82 72 85 70 43 58 91 64 69 5 34 19 63 13 49 16 8 94 98 71 0 13 36 72 60 81 97 63 17 59 30 83 74 12 76 
21 88 30 17 71 79 22 84 13 26 31 31 1 75 99 73 42 92 85 68 75 76 90 80 37 17 55 29 52 15 4 67 64 91 20 70 39 81 22 70 47 12 99 51 43 13 38 45 21 35 30 56 11 77 36 14 66 87 36 64 27 22 98 15 27 40 79 16 73 8 54 66 91 47 85 62 81 1 58 86 21 28 4 69 97 4 61 13 58 60 97 95 61 95 21 100 68 36 24 33 72 83 81 59 24 88 85 73 79 55 2 14 77 67 16 75 73 50 58 92 40 90 90 72 38 16 87 38 88 40 34 50 85 87 99 19 13 0 62 9 59 60 14 44 2 6 62 1 13 41 75 
22 4 7 69 8 61 79 44 100 16 96 89 50 65 54 45 77 30 52 72 43 48 62 92 64 95 50 40 11 77 28 29 65 55 35 29 57 77 87 3 23 42 51 11 87 27 55 3 100 78 13 5 8 68 52 50 81 65 26 87 43 55 91 59 60 1 34 95 86 70 95 33 70 55 54 85 52 4 96 10 32 61 54 99 28 48 50 41 67 5 42 60 65 21 64 9 97 67 52 61 11 75 18 34 17 40 90 62 45 59 49 82 98 18 42 17 31 20 40 29 35 69 15 82 11 15 94 16 70 28 16 8 86 6 74 92 36 62 0 13 93 89 70 73 97 31 93 64 45 16 83 
6 34 18 31 75 34 61 2 30 89 48 66 56 38 19 19 59 29 87 41 49 8 29 76 84 57 85 16 58 65 53 36 11 16 51 22 3 56 92 66 78 29 80 75 25 2 55 82 48 10 96 38 93 64 24 39 100 78 12 98 41 97 66 72 68 90 68 12 66 57 1 67 55 31 10 16 74 43 69 38 15 6 13 32 47 99 50 66 64 86 42 95 88 65 58 35 80 82 36 82 34 46 53 15 80 2 31 66 86 62 83 88 57 88 34 37 14 79 30 45 55 11 30 20 31 90 13 17 93 78 36 2 23 76 22 77 72 9 13 0 41 11 63 71 61 32 36 95 88 1 55 
58 51 75 18 74 7 98 35 58 74 99 1 62 76 67 38 14 58 66 83 53 73 35 45 32 78 74 26 75 49 88 9 41 48 24 68 76 80 31 75 56 4 1 95 1 95 89 68 43 95 95 94 18 76 34 61 9 49 32 46 18 77 70 21 66 99 63 68 67 48 14 38 51 11 50 1 1 50 56 27 51 25 39 70 81 48 100 35 92 52 64 23 78 54 16 70 38 34 54 11 48 62 22 80 79 9 58 38 4 64 1 9 21 15 63 71 58 38 46 82 69 10 76 89 93 53 87 46 28 44 67 56 33 77 94 32 60 59 93 41 0 93 92 83 37 86 32 76 28 83 41 
4 2 98 70 69 47 89 6 67 65 100 6 67 60 41 43 40 71 59 82 19 21 43 62 31 89 96 45 15 11 43 95 54 57 95 66 99 84 79 71 19 68 59 77 68 44 75 15 44 73 66 29 8 46 18 59 88 49 8 28 38 49 70 33 48 41 7 23 54 85 3 29 18 51 17 7 34 33 51 65 10 88 66 12 7 8 84 7 84 62 12 42 53 28 71 45 3 99 19 93 65 99 59 85 55 9 57 90 60 75 21 63 24 56 54 86 64 94 44 16 25 31 12 5 55 80 88 48 83 4 87 21 67 92 90 94 81 60 89 11 93 0 44 60 83 62 14 81 44 7 79 
79 24 56 22 74 61 59 47 26 24 77 17 39 37 38 32 25 84 58 80 42 60 71 72 72 64 3 80 37 67 92 45 96 74 25 76 21 64 65 98 66 65 52 20 82 91 46 55 23 75 16 14 28 75 85 50 80 51 88 69 91 37 52 21 42 96 78 54 15 67 87 44 44 2 4 71 15 58 72 32 42 53 31 79 57 21 67 16 92 4 30 93 11 36 9 66 17 8 80 46 24 43 51 72 43 26 1 49 80 60 51 63 74 41 69 24 64 19 75 64 96 37 2 31 52 72 95 47 39 68 58 54 80 72 19 20 97 14 70 63 92 44 0 38 92 17 25 72 66 28 9 
5 69 46 95 94 22 94 90 39 28 80 47 32 33 24 73 31 73 13 99 57 82 64 16 66 13 35 52 80 55 85 11 31 10 89 44 28 25 66 15 33 39 50 98 37 22 70 22 100 61 59 49 1 25 23 50 8 39 47 33 64 89 87 1 54 75 53 9 33 75 36 1 87 36 70 13 38 96 97 26 81 39 92 15 28 80 57 39 20 94 56 14 93 77 92 91 46 31 13 12 34 16 58 39 3 67 65 41 75 26 64 18 43 1 70 73 40 82 47 16 86 14 44 91 37 49 31 76 85 32 60 4 6 50 63 8 63 44 73 71 83 60 38 0 41 54 79 17 1 17 80 
84 55 17 86 86 98 65 17 49 54 73 22 41 15 47 75 1 95 49 47 6 93 5 71 64 70 22 21 26 28 68 77 81 92 66 15 8 87 81 57 92 60 74 1 6 78 10 20 47 59 93 15 86 6 59 79 28 85 96 67 92 42 68 50 98 76 28 99 77 44 16 72 12 39 88 2 15 70 52 8 22 15 62 7 93 34 82 26 22 84 52 94 86 25 3 60 42 8 57 6 57 95 13 59 88 46 47 89 8 100 66 15 2 52 65 71 50 68 12 33 62 3 88 31 79 100 54 51 28 75 100 7 99 50 35 71 17 2 97 61 37 83 92 41 0 45 47 24 3 8 49 
84 39 30 53 57 67 86 72 27 7 98 69 42 26 6 3 55 92 19 74 25 2 35 71 73 56 6 9 46 63 15 15 9 10 66 30 40 57 82 76 4 91 17 64 18 48 71 51 6 16 78 83 71 51 34 32 38 96 71 36 6 50 67 65 48 74 60 85 65 22 16 69 17 26 73 72 55 8 17 27 95 72 20 70 62 79 70 63 55 60 41 100 37 18 46 71 8 54 40 41 42 24 10 95 89 4 4 18 64 84 94 86 52 56 41 79 34 17 19 69 98 86 88 52 79 67 32 100 97 86 20 7 40 1 93 34 59 6 31 32 86 62 17 54 45 0 50 22 88 90 62 
48 42 76 63 87 89 39 94 22 62 14 86 90 29 91 57 77 97 54 34 68 87 91 43 74 52 71 95 98 36 82 9 27 65 14 77 70 57 95 36 68 53 46 48 4 16 29 76 83 25 16 4 59 34 42 76 15 56 11 18 40 33 5 58 64 98 59 47 13 80 90 3 95 17 60 78 79 37 11 7 70 17 82 47 47 77 58 13 75 36 73 82 69 57 60 90 4 82 83 90 58 100 38 74 50 73 77 87 61 62 69 43 44 37 70 91 95 97 34 85 4 45 63 4 33 12 8 5 4 13 13 36 40 89 51 42 30 62 93 36 32 14 25 79 47 50 0 47 61 57 90 
13 98 33 45 56 9 69 36 53 92 76 89 57 39 15 25 83 88 46 96 62 77 62 50 60 92 27 16 46 79 15 30 66 47 16 69 81 20 22 77 82 58 20 68 65 43 12 6 49 73 61 43 69 94 4 55 23 21 62 5 75 34 37 74 27 43 45 98 75 92 53 22 90 68 45 57 6 37 95 9 30 58 42 28 50 88 43 15 21 86 48 89 24 8 72 61 26 20 17 33 100 17 5 51 64 24 64 30 79 71 47 30 42 8 21 20 14 99 42 40 45 90 1 77 61 83 90 22 52 94 80 12 90 55 2 43 83 1 64 95 76 81 72 17 24 22 47 0 38 93 97 
83 80 78 24 13 91 60 11 55 23 62 16 45 2 85 79 20 39 18 46 36 48 3 21 78 60 41 33 79 75 34 99 55 60 7 31 90 93 75 45 81 79 25 80 77 64 20 4 53 49 80 60 57 39 49 83 88 82 96 78 62 57 7 83 36 42 87 85 41 69 30 63 32 97 24 56 53 77 20 38 34 45 54 60 62 79 47 42 18 19 85 11 28 57 38 47 94 32 45 42 1 89 65 16 100 34 46 91 69 36 16 75 56 66 82 24 41 93 21 60 33 5 37 77 49 16 93 11 67 13 39 16 27 67 45 55 74 13 45 88 28 44 66 1 3 88 61 38 0 95 99 
89 3 98 59 88 98 70 99 29 32 14 93 26 100 7 37 50 45 49 55 25 53 48 65 81 79 49 17 29 46 38 56 23 30 41 22 21 97 42 61 62 46 25 24 19 18 95 53 96 99 1 71 4 5 91 11 35 57 74 29 64 39 8 62 24 73 73 78 53 15 47 13 40 7 75 55 98 20 38 2 53 43 59 69 9 14 85 67 75 27 1 78 7 99 17 82 99 13 52 63 87 24 37 89 40 20 26 71 26 2 19 1 13 23 19 61 31 23 15 44 38 55 53 42 66 6 84 74 90 2 60 17 73 2 92 93 12 41 16 1 83 7 28 17 8 90 57 93 95 0 16 
17 55 93 62 59 21 56 70 16 75 55 36 82 69 53 31 71 90 23 23 61 66 31 99 68 7 58 78 54 58 99 2 29 28 86 17 39 95 61 68 90 24 64 24 7 52 4 68 91 69 79 40 8 46 52 18 20 93 42 23 11 12 54 12 2 43 66 4 27 28 15 71 61 92 69 74 24 28 17 16 29 83 5 20 95 32 68 51 68 61 98 18 67 72 89 90 22 11 22 98 4 19 17 39 5 17 4 92 87 75 80 70 82 66 91 59 52 54 85 8 67 65 45 4 99 99 44 32 17 13 98 49 67 96 26 24 76 75 83 55 41 79 9 80 49 62 90 97 99 16 0 
