
******* Instance #7 *******
Ranking Input is :
5
40
19 18 30 35 20 
1 14 23 5 25 
2 35 29 0 4 
3 24 13 12 23 
4 22 18 34 8 
5 23 33 22 24 
6 9 17 31 22 
22 28 1 4 1 
18 25 32 24 12 
9 30 15 28 21 

10 32 16 6 26 
35 36 28 7 11 
12 13 21 18 18 
21 17 10 16 29 
14 26 14 1 9 
15 3 39 39 0 
16 15 38 23 27 
17 1 37 10 17 
8 33 26 9 19 
0 20 6 2 31 
20 7 22 32 36 
30 6 34 25 15 
7 10 20 29 10 
23 5 8 14 6 
24 37 36 37 2 
25 39 2 8 32 
26 16 35 19 39 
27 11 5 15 7 
36 12 11 30 35 
29 19 9 11 34 
32 21 7 38 5 
31 4 24 3 14 
13 38 3 27 37 
33 27 27 13 13 
34 0 0 21 28 
11 29 12 26 3 
28 31 25 36 16 
37 34 19 20 38 
39 8 4 17 33 
38 2 31 33 30 


 Triple Formulation 
The IP solution is : 1296
The LP solution is :1295.67
The gap is :1.00026

 Old Formulation 
The IP solution is : 1296
The LP solution is :1295.67
The gap is :1.00026
