150
 0 6 0 33 48 57 0 0 0 0 20 0 29 6 0 5 0 0 0 0 0 9 0 3 0 0 0 0 0 29 0 0 0 15 19 1 34 0 0 0 0 0 0 0 0 0 0 0 0 0 0 0 16 0 0 0 0 0 0 5 18 0 11 0 30 0 0 0 5 0 0 0 0 67 32 0 14 0 0 0 36 0 0 0 0 0 22 0 5 0 0 0 0 0 0 0 21 0 0 0 0 0 0 9 0 31 0 66 0 17 0 3 14 0 0 3 16 0 0 0 0 0 27 0 0 15 32 0 10 43 0 0 29 0 0 0 0 9 0 35 7 0 0 21 36 0 0 11 0 0
 0 0 0 68 33 46 0 4 0 37 72 25 0 71 28 34 27 0 13 17 0 26 0 8 0 23 0 57 0 52 0 0 0 0 0 0 0 0 99 39 0 0 46 26 0 49 52 0 86 11 67 0 86 7 4 5 0 0 0 32 9 5 0 22 0 88 65 28 26 33 0 53 0 26 29 0 89 55 0 2 0 46 26 0 61 12 21 54 11 17 0 65 7 72 76 40 0 77 0 39 48 57 60 3 19 34 0 3 4 71 0 8 73 0 68 26 82 39 0 0 53 0 0 5 38 17 0 0 0 44 0 7 0 77 0 0 0 0 11 59 0 0 0 0 0 70 27 90 6 45
 54 73 0 0 33 0 74 0 63 0 0 5 73 41 0 0 6 25 95 14 0 48 33 14 74 10 38 38 0 0 48 53 0 0 23 4 45 0 0 21 0 0 0 36 20 19 46 0 5 0 19 52 25 36 74 52 34 24 0 29 66 63 79 87 0 45 77 41 84 34 14 29 0 18 32 33 18 0 62 12 59 47 49 0 57 87 0 12 0 9 55 70 14 42 7 16 0 41 0 32 12 13 20 67 91 48 70 68 37 17 47 27 19 33 3 0 36 0 74 0 45 7 8 65 19 25 1 13 18 53 1 0 60 47 55 31 0 43 19 23 92 0 45 11 24 30 81 38 0 54
 0 0 32 0 0 0 10 0 7 0 0 0 3 0 15 0 12 47 0 0 0 0 25 0 10 23 0 0 0 0 0 29 0 0 0 0 0 0 0 31 0 10 0 0 13 0 0 0 29 22 0 0 0 0 0 0 0 0 0 0 0 5 0 0 0 0 0 0 0 0 0 0 0 0 0 0 14 0 0 0 0 0 0 28 18 0 10 0 11 0 0 0 0 2 0 0 7 0 0 0 80 0 0 0 0 0 0 0 5 0 0 0 0 0 0 0 0 28 0 0 0 0 32 0 25 0 0 0 0 0 5 19 0 0 0 10 0 0 0 14 0 11 0 0 0 2 0 17 0 0
 0 0 0 22 0 13 13 0 3 0 0 0 18 0 15 0 0 0 31 0 0 0 0 0 0 0 0 0 26 0 0 6 0 0 32 0 5 0 0 0 0 0 0 1 0 0 0 39 0 0 0 0 3 0 0 0 0 0 0 0 3 0 0 0 19 0 0 0 0 0 0 3 0 0 0 23 0 0 0 0 0 0 0 0 0 16 0 23 0 0 0 13 0 21 20 0 0 4 0 0 0 27 0 0 19 16 30 0 0 0 0 0 31 0 0 0 0 0 0 19 0 0 0 0 0 0 0 7 0 0 5 0 0 3 27 0 31 0 0 0 0 0 0 0 0 0 0 0 0 2
 0 0 29 37 0 0 0 0 0 0 13 0 26 18 0 8 25 0 0 0 0 12 0 0 23 0 0 0 0 0 0 14 9 0 0 0 0 0 0 0 0 0 0 0 25 0 0 0 0 0 0 0 0 3 0 0 0 0 0 0 0 0 0 0 0 0 0 0 0 17 0 0 0 0 0 0 34 0 0 0 0 0 0 13 0 0 0 0 17 0 0 0 1 0 0 0 0 0 10 11 34 32 13 7 0 10 0 61 0 7 0 0 15 0 5 0 0 19 0 0 14 0 73 0 0 0 9 0 0 41 0 0 0 0 0 0 0 34 23 2 0 0 0 0 0 0 22 0 5 0
 32 2 0 0 0 57 0 54 0 0 33 0 14 0 0 41 0 0 65 9 0 44 0 93 2 9 12 0 14 7 0 54 0 0 9 0 0 0 75 56 32 34 75 44 20 0 0 18 63 2 0 74 0 42 0 72 0 13 49 0 22 61 58 11 13 99 0 0 64 67 39 41 88 65 21 67 18 30 0 72 51 0 0 0 80 0 20 56 23 84 0 24 25 22 0 58 51 22 28 21 3 64 8 97 15 62 0 12 5 0 7 19 50 35 48 0 5 0 0 0 45 24 0 31 0 74 0 63 59 40 0 52 0 0 0 14 35 0 0 27 0 40 33 0 0 42 59 20 70 0
 3 0 24 9 43 14 0 0 0 0 79 0 3 0 0 0 0 0 62 66 0 34 0 21 0 24 27 0 95 0 0 63 0 0 0 72 11 9 91 16 0 65 0 43 0 0 73 0 0 0 59 2 34 0 23 0 29 69 54 0 29 6 5 39 68 16 54 62 0 71 0 0 0 74 4 0 0 80 0 46 22 0 0 0 0 0 0 52 32 0 0 0 16 73 60 0 46 30 11 10 78 0 1 38 0 54 5 43 0 0 0 0 0 53 0 0 0 41 58 67 0 14 0 51 0 6 59 0 58 55 0 10 0 0 0 20 0 76 18 0 0 73 3 0 0 71 0 0 53 0
 21 57 0 0 0 13 54 59 0 43 19 41 35 12 0 7 0 0 40 0 0 0 0 73 0 10 61 12 61 0 59 0 0 26 0 29 0 17 44 56 45 56 0 0 0 63 39 81 31 0 30 37 17 0 42 36 43 48 31 20 0 23 32 17 31 57 92 0 31 20 7 13 86 82 2 38 70 48 0 27 0 17 88 0 4 52 5 10 32 0 65 41 73 0 64 52 64 40 42 61 52 21 0 66 4 40 0 76 33 32 11 19 30 60 77 0 12 0 36 8 86 0 88 20 52 0 95 55 68 4 46 84 0 2 70 23 0 15 81 0 40 7 23 7 71 44 5 84 44 77
 9 0 7 25 51 15 69 47 0 0 49 7 0 0 0 1 0 35 0 42 34 0 0 33 0 0 68 4 23 0 0 43 0 6 0 22 23 0 23 60 0 56 0 33 0 32 32 12 77 88 0 16 0 0 64 0 7 42 0 21 0 57 8 78 0 0 0 0 40 22 0 0 80 9 70 56 0 0 0 0 40 0 0 11 53 2 45 38 0 9 0 66 3 60 5 4 68 0 61 13 66 0 0 29 15 64 37 0 63 25 0 60 52 31 16 14 0 0 32 60 61 0 0 15 0 26 11 0 80 50 24 66 0 29 0 67 0 25 3 0 38 38 23 0 0 0 25 3 2 94
 0 0 9 18 77 0 0 0 0 0 0 65 93 0 0 30 0 3 71 70 0 26 0 7 0 28 37 28 0 26 9 25 1 0 0 25 0 0 0 0 0 0 40 0 0 15 10 0 0 0 0 0 74 0 0 0 8 0 0 33 2 0 0 0 52 32 0 74 0 0 0 4 0 48 0 0 0 0 0 49 0 36 5 0 10 0 0 73 22 7 0 0 0 23 56 0 61 0 0 35 2 0 0 0 0 18 5 18 0 0 0 37 2 47 0 0 53 3 0 0 0 0 74 0 0 0 0 0 62 78 0 0 0 46 0 12 16 0 0 0 0 0 0 0 0 24 0 0 0 0
 9 0 0 19 65 49 15 5 0 0 0 0 0 0 0 58 0 0 0 38 0 0 0 0 0 0 0 0 0 0 14 14 0 0 0 1 0 0 0 31 0 0 0 21 1 0 22 0 0 0 0 0 0 11 19 3 65 0 20 15 22 0 0 0 62 0 0 79 0 0 0 0 0 71 0 0 0 0 14 3 12 0 0 2 0 0 0 29 0 0 0 0 1 11 0 0 68 0 33 0 54 0 0 20 0 90 0 0 0 0 0 26 34 80 31 0 0 0 8 56 0 0 57 0 0 0 1 0 37 78 7 0 21 0 3 14 0 0 0 10 0 0 10 0 0 0 0 0 0 0
 0 0 0 0 0 0 0 0 0 18 0 15 0 0 0 70 0 73 0 69 0 8 14 41 0 0 16 0 21 0 0 0 0 0 0 17 0 0 0 11 0 23 0 38 0 0 0 0 0 5 0 0 0 0 15 0 66 0 45 0 0 0 0 0 82 68 0 1 8 8 19 41 0 93 27 0 0 36 0 53 0 0 0 36 0 0 0 37 6 24 0 23 29 0 25 0 19 29 6 39 81 0 0 0 0 77 0 65 0 0 0 15 0 51 0 0 0 0 0 38 20 0 15 0 0 0 0 0 38 0 0 17 0 22 14 33 0 0 33 0 0 0 22 0 0 67 1 31 39 0
 0 0 0 70 26 0 4 23 0 29 29 51 62 0 0 0 0 10 51 7 0 75 0 38 28 5 61 36 37 62 0 74 0 0 0 37 0 0 49 29 25 74 15 0 4 56 30 38 0 24 83 51 57 24 0 0 34 61 29 62 0 1 54 6 39 42 82 0 93 0 0 0 22 79 0 16 67 71 0 0 0 37 0 0 23 0 0 11 56 32 81 42 16 0 35 0 10 4 54 72 50 11 60 0 46 20 0 48 57 11 0 0 0 35 31 0 42 23 0 6 7 35 19 0 98 83 16 0 40 26 0 42 0 95 16 67 35 0 0 42 0 40 22 0 0 65 0 36 10 22
 2 0 44 0 0 45 64 80 73 59 46 55 35 43 0 7 0 0 95 76 18 79 0 20 10 50 0 67 14 58 53 79 0 88 49 17 42 0 21 2 69 61 48 26 0 19 24 34 0 77 0 55 15 42 0 76 63 32 21 95 24 22 49 28 0 37 0 78 6 0 0 9 44 0 53 0 0 48 0 84 76 0 46 0 34 80 43 27 85 0 0 26 0 51 36 76 0 45 5 12 0 15 76 59 0 10 0 55 0 52 73 37 45 0 0 28 59 17 68 0 89 85 35 61 27 76 40 36 29 0 33 0 3 0 35 17 0 0 58 4 82 0 82 72 26 14 16 14 0 58
 0 0 5 17 30 0 0 7 0 0 0 0 0 17 0 0 2 39 4 0 0 0 0 0 0 0 0 8 0 0 0 17 0 26 0 0 0 0 4 4 0 0 0 35 0 9 0 0 0 0 0 35 0 0 0 0 0 0 0 0 0 26 5 0 30 13 0 36 19 0 0 0 0 0 0 0 0 0 0 0 0 0 0 0 0 0 0 0 12 0 0 0 0 0 0 0 0 0 6 15 52 0 0 9 0 34 0 62 9 0 0 0 0 0 0 0 0 0 65 0 0 0 29 0 0 0 1 0 0 57 0 12 0 0 0 22 0 25 0 0 0 4 0 0 0 0 29 35 0 0
 0 0 0 0 32 0 33 3 4 3 34 21 51 24 0 0 0 0 35 62 0 32 0 0 30 0 0 0 0 20 0 30 8 0 0 0 1 25 33 59 1 0 24 1 0 37 0 5 25 0 0 0 63 17 88 0 0 0 78 0 0 3 0 0 56 30 0 84 0 0 0 37 0 16 0 0 23 42 3 0 0 0 31 0 3 0 0 26 0 0 0 0 71 0 51 0 27 0 0 18 23 0 35 15 6 31 0 0 0 5 0 0 30 68 0 0 48 0 87 11 48 0 3 0 0 0 0 0 72 68 0 29 29 0 29 36 39 0 18 0 17 5 20 0 1 0 0 16 0 31
 27 19 0 0 6 2 25 22 17 0 0 18 0 0 5 0 37 0 0 1 10 0 0 0 4 11 0 0 28 0 0 0 18 0 6 14 34 0 0 0 0 5 0 6 0 0 0 0 0 0 0 0 37 0 0 3 0 9 22 0 0 0 29 0 34 11 0 0 0 0 0 0 0 0 0 20 0 0 0 5 0 2 0 0 0 0 0 0 0 0 20 0 0 0 0 0 0 0 0 0 72 0 0 0 0 0 9 0 0 16 0 0 0 0 0 0 1 0 29 0 13 0 0 0 9 0 0 0 0 19 25 0 0 0 3 0 8 0 0 0 0 0 0 0 16 0 0 0 0 0
 88 0 0 37 0 41 0 0 0 5 0 30 0 0 0 0 0 5 0 2 0 38 0 0 7 0 0 39 0 0 0 0 0 0 0 88 0 0 4 37 0 24 0 45 0 0 0 0 0 0 0 0 0 0 96 10 0 26 12 7 0 23 0 0 42 12 29 34 29 0 25 26 0 0 0 0 11 0 29 71 0 0 0 0 0 0 0 67 30 32 37 0 17 0 0 0 51 0 0 19 0 0 0 0 36 49 0 42 0 0 33 0 0 23 0 0 0 0 0 9 31 24 0 0 0 0 0 0 34 31 0 0 0 91 0 0 0 0 0 0 8 31 7 0 0 0 0 0 0 0
 86 0 0 32 91 49 0 0 19 0 0 0 0 0 0 21 0 0 0 0 0 0 0 0 0 0 0 7 19 0 17 0 20 29 0 43 0 32 23 22 0 0 0 7 0 0 0 0 0 19 0 0 0 0 7 0 5 26 19 0 29 0 0 25 0 70 0 47 22 0 0 5 1 0 0 22 0 0 0 0 0 0 0 0 0 14 0 0 11 0 0 28 0 21 18 17 0 0 34 51 36 0 0 0 0 86 11 33 0 8 0 0 0 17 0 0 0 5 54 46 0 0 35 0 0 5 0 11 83 10 0 0 0 0 29 0 8 0 0 13 0 0 12 0 0 0 0 9 0 0
 63 32 34 62 62 30 28 0 28 0 47 45 35 21 0 24 83 0 63 34 0 76 0 10 0 0 10 25 2 0 0 37 0 0 0 0 0 0 0 0 0 67 33 45 0 0 33 58 45 79 54 12 50 3 14 48 0 0 28 0 0 0 85 82 0 24 51 49 0 36 0 0 0 7 0 3 49 40 0 43 95 18 0 28 8 39 0 47 76 60 8 7 0 92 0 0 21 61 63 16 46 70 84 0 84 62 87 58 35 13 0 46 0 31 83 0 90 52 45 62 0 28 5 67 0 39 68 39 46 0 0 10 5 55 2 64 0 32 0 56 0 38 63 20 0 12 5 58 0 58
 0 0 0 88 93 0 0 0 21 2 0 35 0 0 0 18 0 97 0 86 0 0 0 0 0 0 25 26 0 69 14 0 0 0 0 0 3 0 15 21 4 11 16 83 0 0 0 0 0 0 18 0 0 0 26 0 38 0 19 18 0 0 0 0 34 40 5 80 90 0 21 0 0 0 38 0 0 2 0 0 0 0 17 11 0 0 0 0 0 9 0 0 8 0 0 0 67 0 0 29 0 0 0 0 0 15 22 0 30 14 0 0 18 60 0 0 0 0 59 0 0 13 66 0 0 0 12 12 51 51 0 0 0 10 0 0 0 0 0 0 31 0 4 0 27 0 15 0 0 0
 21 47 0 0 58 33 3 47 50 54 13 14 0 95 29 27 84 29 74 43 26 45 0 70 14 0 75 65 12 0 21 76 0 0 8 52 0 28 72 86 72 33 40 58 27 24 35 0 60 0 0 15 15 62 66 46 35 7 0 21 0 0 8 74 54 0 27 58 62 0 60 45 0 40 23 5 86 23 14 33 30 64 0 0 29 10 4 0 0 27 38 24 54 0 0 21 15 0 65 15 35 76 0 17 24 58 49 68 26 33 9 72 13 42 2 0 5 48 9 0 65 67 31 69 35 98 0 0 0 56 0 73 93 0 0 81 0 65 0 76 10 13 0 23 0 0 18 0 23 55
 0 0 0 44 51 29 0 0 0 0 0 63 0 0 0 30 8 8 12 39 0 65 0 0 28 17 0 17 0 0 0 0 0 0 9 11 0 0 0 0 6 0 0 18 0 2 30 0 0 0 0 0 1 0 87 0 95 0 99 0 0 0 16 0 83 53 0 48 0 0 0 40 0 0 0 0 24 0 17 2 22 0 3 0 0 0 0 43 0 0 0 0 33 17 18 0 53 0 3 31 64 0 0 0 4 10 28 90 0 0 0 0 0 62 20 4 0 0 35 64 0 0 0 7 0 0 0 0 69 3 0 0 0 23 0 0 0 0 0 0 0 0 0 20 0 23 1 0 0 0
 32 60 0 0 65 0 0 40 13 13 77 31 46 0 0 3 0 0 0 97 43 5 0 0 0 26 39 0 0 0 29 0 0 11 23 3 0 56 8 38 38 0 5 58 0 0 20 0 0 25 66 70 0 56 66 55 0 23 58 28 16 1 49 40 54 53 0 8 31 59 60 0 0 47 62 53 0 25 13 24 41 4 69 0 0 47 0 0 60 79 81 14 15 0 52 36 38 50 60 0 52 39 71 62 85 61 42 36 0 14 81 17 63 49 37 18 41 0 11 36 0 56 0 23 0 22 2 0 0 49 89 82 0 0 0 0 58 24 8 54 45 50 49 0 0 21 7 0 36 56
 8 0 0 0 18 51 0 0 0 38 0 22 74 0 0 49 6 0 81 0 74 2 39 0 0 0 19 0 43 36 93 0 39 0 36 36 20 88 7 3 44 36 58 31 0 29 31 49 0 6 40 4 0 0 73 0 30 32 0 76 0 52 0 0 82 60 36 0 37 87 0 7 88 0 25 53 57 0 65 29 36 0 54 0 70 45 0 8 81 16 0 0 0 0 61 26 0 6 0 70 89 98 29 0 0 0 0 0 0 0 27 48 41 0 68 0 9 67 0 50 45 32 0 68 19 0 10 0 16 43 86 40 0 39 50 54 48 29 83 52 47 81 25 17 0 0 56 45 9 41
 20 11 0 42 5 34 0 0 0 0 0 11 0 0 30 62 13 44 14 61 0 0 0 52 0 0 0 0 0 1 0 0 0 0 0 2 5 0 0 67 0 0 65 0 0 0 0 0 0 0 26 0 0 0 0 26 36 0 0 0 11 0 0 0 5 64 0 51 0 0 79 22 0 0 0 0 0 42 0 0 0 0 0 4 0 0 0 55 0 0 0 0 15 17 0 8 62 9 0 61 78 0 0 0 0 0 0 0 37 0 0 30 0 51 0 0 9 0 53 14 37 11 20 13 0 0 15 0 65 43 0 0 0 53 0 1 37 0 0 0 0 0 0 0 0 10 0 0 0 0
 85 0 0 13 10 13 7 33 0 0 0 15 17 0 0 0 47 29 0 0 0 0 0 0 3 5 12 0 0 9 0 0 6 0 9 9 0 30 0 0 0 0 17 0 0 3 0 5 12 72 9 84 0 0 73 96 46 71 0 33 0 71 95 0 0 0 0 45 61 0 12 79 6 62 0 0 0 64 0 42 0 20 0 1 1 18 0 30 11 40 0 0 30 0 33 0 7 58 1 36 41 10 0 20 0 80 0 8 0 39 0 0 39 16 0 32 65 38 0 44 13 0 0 33 19 38 23 0 10 82 0 0 0 0 0 2 50 0 0 0 0 0 74 0 13 18 0 0 53 0
 56 18 30 1 0 7 0 0 0 0 36 67 0 0 0 44 41 0 54 0 0 0 0 33 22 0 34 2 0 37 0 44 9 14 0 1 0 0 73 40 0 20 16 37 0 65 0 14 0 67 33 0 70 0 4 0 0 0 57 0 0 30 0 43 13 16 0 82 0 70 70 95 0 0 0 0 64 16 2 42 39 0 0 10 25 0 0 0 25 29 0 0 0 51 73 0 90 43 0 66 7 3 0 31 0 82 0 0 16 0 0 0 0 0 0 0 20 73 47 0 0 0 36 32 0 0 47 0 37 36 0 0 0 64 0 0 75 49 20 0 0 28 0 0 0 4 0 0 5 0
 0 0 27 35 64 17 0 12 0 28 0 13 15 0 0 15 0 46 23 48 0 0 5 18 35 0 0 0 0 0 0 19 0 13 0 0 0 19 24 72 11 8 0 0 0 0 0 0 0 14 0 0 2 0 18 22 0 0 0 0 0 0 0 0 74 51 0 16 18 0 4 0 0 66 0 0 7 0 0 17 13 0 0 10 0 0 0 0 0 17 0 0 0 0 0 2 0 0 16 61 78 0 0 0 16 49 3 13 0 0 0 0 0 98 0 0 0 0 18 0 0 0 0 0 0 26 0 0 41 27 0 0 0 8 0 0 20 0 9 8 0 17 0 0 7 0 11 0 0 0
 33 9 0 26 80 51 36 60 0 31 0 0 20 68 0 14 52 68 42 0 18 0 0 45 0 0 76 99 43 28 0 56 0 0 0 0 0 0 0 64 7 50 95 21 36 40 0 43 93 0 22 0 73 6 81 54 47 46 0 35 15 39 53 41 0 47 34 49 0 0 78 55 9 47 5 54 0 41 0 0 27 19 3 0 4 26 71 55 10 35 83 62 0 29 45 44 52 47 0 0 0 88 0 51 66 0 0 12 52 0 0 28 4 42 31 22 36 0 0 0 48 87 0 51 51 63 0 0 50 30 0 0 11 63 0 28 23 57 0 0 0 6 8 0 69 94 0 37 43 0
 25 20 0 0 0 0 0 0 8 0 0 0 62 0 0 0 0 2 17 77 0 33 0 34 16 14 26 24 0 0 0 0 0 0 0 0 14 0 24 3 0 0 39 24 21 38 0 0 0 0 0 7 68 0 75 0 76 0 67 0 0 2 0 0 0 0 0 67 34 0 29 24 19 16 0 0 0 52 0 31 0 8 0 0 0 0 0 0 77 2 0 20 0 18 90 0 16 10 33 20 75 6 0 0 24 24 0 79 0 0 37 4 0 10 0 6 2 0 0 0 0 0 76 0 0 0 16 0 16 0 0 0 0 0 17 0 0 0 0 0 0 0 0 0 39 4 0 4 0 0
 11 19 59 60 44 0 26 64 32 57 0 8 61 41 0 0 0 0 49 0 27 80 62 46 78 0 86 0 0 30 49 17 0 0 43 16 0 6 53 61 0 86 67 14 0 19 40 7 17 0 0 0 4 29 0 86 44 58 9 33 0 39 54 52 10 0 68 54 67 89 0 0 60 0 33 61 43 27 53 8 51 72 51 39 59 89 53 38 0 44 0 0 65 77 0 47 21 65 64 33 33 80 81 33 36 0 72 38 28 10 53 27 0 40 55 48 0 28 0 90 38 0 55 33 0 85 1 20 61 59 70 0 38 25 76 63 16 26 14 70 0 2 68 19 0 44 45 0 38 0
 0 8 35 35 22 57 93 40 0 0 65 7 4 38 0 0 61 44 65 0 0 90 3 3 0 60 54 55 0 0 62 64 29 0 31 55 0 60 50 14 0 6 31 0 5 0 44 0 0 1 77 69 4 44 39 49 0 0 97 21 29 8 14 0 89 5 0 0 18 82 12 0 0 6 54 0 40 69 15 20 57 36 82 0 98 0 0 0 50 92 0 5 12 43 0 36 2 9 0 51 74 41 19 23 24 69 0 0 18 1 75 64 29 57 28 0 0 63 20 3 66 0 69 70 36 0 0 46 21 15 37 44 0 72 10 0 0 82 75 10 44 0 9 61 62 56 0 37 0 51
 0 6 0 44 0 69 0 89 9 32 76 39 35 4 0 5 41 0 35 21 65 17 0 0 0 0 58 0 69 10 30 43 0 0 0 34 8 0 78 35 30 18 0 24 0 0 73 72 24 0 46 58 0 6 57 63 29 2 30 17 0 22 29 42 5 27 24 11 0 72 0 44 27 37 76 62 41 0 8 0 13 50 38 3 0 0 24 0 34 10 69 50 78 42 14 24 0 48 43 0 0 51 32 28 0 46 0 0 56 0 0 10 0 95 0 0 0 0 5 0 24 10 0 56 44 89 0 0 0 61 8 0 4 15 0 0 62 11 48 9 63 86 41 0 68 67 8 83 69 81
 0 28 0 21 89 26 8 0 0 0 0 0 0 0 0 3 21 0 0 0 18 0 0 0 0 0 0 0 0 17 26 17 0 0 0 0 1 7 15 0 0 0 0 0 11 9 0 17 0 0 0 21 0 0 0 0 0 0 0 0 0 0 0 0 0 25 3 0 0 0 0 0 0 0 0 19 21 0 0 0 0 0 0 0 0 30 0 0 33 0 1 0 6 0 38 0 0 0 21 21 35 0 0 28 3 0 0 81 0 0 0 6 19 0 0 0 0 33 0 0 0 0 29 0 0 0 0 0 0 73 0 0 0 0 0 0 0 0 35 0 0 13 0 27 0 0 0 0 0 0
 0 23 0 91 0 70 83 0 10 0 72 22 35 78 0 12 0 0 37 43 25 0 39 23 30 0 0 71 62 10 14 0 18 15 0 0 0 0 50 60 0 52 28 15 0 0 6 25 73 43 0 0 27 16 41 0 76 0 74 0 0 46 37 53 0 15 27 66 62 19 13 13 76 82 42 82 44 64 0 24 23 65 87 0 86 8 41 78 0 31 40 51 56 91 46 7 17 41 26 0 0 65 74 74 0 58 0 84 27 2 0 47 0 56 4 5 48 0 68 0 0 0 5 29 19 51 0 97 0 3 74 0 23 0 44 19 13 0 65 44 5 0 0 0 0 84 67 55 39 0
 12 10 14 48 31 33 92 0 0 48 65 11 3 16 19 82 0 31 91 0 71 28 0 82 0 0 75 0 56 0 5 47 0 0 0 0 19 0 42 8 0 49 30 45 38 0 54 0 31 99 12 33 47 0 83 15 0 0 81 51 23 52 28 13 32 84 59 22 23 40 43 35 6 25 0 15 0 65 6 21 13 31 10 0 0 74 74 74 8 86 56 81 35 99 0 0 13 0 45 26 0 0 72 23 0 0 0 72 71 24 27 46 4 89 99 0 4 7 19 75 48 60 0 0 38 0 0 7 29 31 2 69 15 0 59 72 76 0 46 34 0 58 62 0 14 30 0 0 0 47
 77 0 15 6 18 48 0 0 0 0 79 13 57 0 0 0 0 65 0 0 15 0 0 26 0 0 35 28 0 0 37 0 0 0 0 0 0 0 0 33 0 5 52 8 0 0 33 0 26 0 0 0 69 0 10 0 57 21 21 2 0 0 0 0 63 0 0 39 51 0 34 26 10 12 0 0 29 0 0 28 21 20 0 28 0 33 0 48 5 0 0 0 85 0 0 38 0 0 0 76 34 0 0 0 0 47 0 4 1 0 0 0 0 0 12 16 29 0 11 30 53 15 0 10 0 0 15 0 0 45 0 0 0 45 0 0 62 35 18 0 0 0 5 5 0 8 5 2 0 0
 12 0 0 0 13 38 0 0 0 0 6 0 0 0 0 0 0 48 0 0 7 0 0 0 0 0 0 21 0 0 0 0 0 0 0 55 0 0 0 0 16 0 0 0 0 0 0 10 12 8 20 0 0 5 0 0 76 28 0 0 0 0 29 0 0 0 18 7 0 0 0 0 8 4 0 0 21 0 0 0 22 0 14 0 0 0 0 0 25 0 0 14 25 2 0 4 16 0 0 1 29 12 0 0 0 10 0 12 0 0 0 0 0 0 0 6 0 30 0 0 0 0 83 0 0 0 25 22 0 0 0 0 0 23 0 0 0 0 0 0 0 0 17 11 0 0 0 7 0 14
 32 8 29 23 14 0 0 56 0 16 14 50 20 0 0 37 0 22 4 59 2 0 0 0 0 0 46 37 52 0 0 0 39 21 0 20 6 11 25 0 0 14 80 56 0 92 0 0 35 0 12 0 0 0 9 2 63 0 11 43 7 5 11 0 0 0 59 49 44 25 17 0 0 25 0 20 0 42 32 51 13 0 0 0 75 23 64 31 0 4 0 0 17 52 0 18 4 0 0 44 44 27 39 43 9 42 0 43 0 0 0 2 0 3 0 0 70 50 19 73 18 1 5 0 1 0 13 0 0 0 0 8 0 0 0 0 53 64 0 41 0 25 39 0 23 55 0 0 0 0
 47 15 24 0 39 50 0 0 0 0 50 60 0 0 0 73 30 0 0 35 0 0 0 7 27 0 29 33 0 0 0 27 0 0 0 27 0 0 0 43 0 0 75 32 0 0 58 0 0 20 48 0 65 21 30 75 12 2 0 31 19 64 0 0 23 48 0 0 4 7 27 13 44 9 0 0 45 91 0 0 18 23 0 8 61 0 0 16 0 38 0 0 52 48 29 0 0 0 0 85 45 58 0 0 0 0 0 20 6 0 0 0 12 97 0 0 27 54 0 0 0 0 18 0 18 2 40 26 32 23 0 0 0 0 27 82 54 31 0 0 0 4 1 0 11 48 0 0 13 0
 73 0 0 0 42 76 0 1 11 4 0 55 0 0 0 60 0 62 10 76 0 0 0 41 0 0 0 0 0 26 0 0 0 0 25 4 0 0 0 41 0 0 0 5 0 9 0 0 0 8 0 0 0 8 63 0 23 0 43 0 0 0 0 0 33 40 39 0 28 7 47 15 0 0 0 0 0 0 0 0 30 0 0 0 19 0 0 58 9 36 0 0 0 0 0 0 27 0 27 33 0 0 0 0 0 24 0 22 13 0 0 0 0 57 0 0 0 0 67 0 0 0 94 0 0 0 0 0 0 76 0 0 0 0 0 7 0 0 0 0 2 0 0 0 0 24 0 0 0 0
 18 0 0 37 0 12 0 0 9 0 24 0 0 19 0 0 0 0 0 0 0 0 0 0 0 0 0 18 0 13 0 0 0 12 0 39 0 0 0 78 0 0 0 0 28 0 0 17 0 0 0 0 0 0 63 0 49 33 62 0 0 0 9 13 0 0 10 27 0 0 2 0 0 6 26 0 18 0 0 0 0 0 0 0 0 0 0 0 0 0 0 38 0 0 0 23 85 0 10 0 7 0 2 2 0 12 0 62 0 0 0 15 16 0 0 0 0 1 7 0 0 0 41 0 0 8 0 0 67 17 19 0 18 0 19 0 0 0 0 0 0 0 0 0 0 0 0 9 2 17
 65 73 0 0 58 0 0 7 56 56 95 0 9 0 38 64 37 83 80 3 21 76 0 23 80 78 24 49 76 35 0 0 11 0 88 0 68 0 56 18 62 75 23 0 0 9 74 4 50 22 10 82 52 31 0 21 25 78 0 0 2 40 26 0 68 43 13 29 89 93 0 47 72 61 42 0 0 45 5 27 0 39 49 31 0 0 0 63 54 0 18 19 34 0 57 0 77 0 44 78 3 78 0 54 71 0 5 25 0 69 0 57 0 31 4 42 47 0 14 71 0 12 55 29 0 0 54 22 74 68 68 79 47 0 0 75 85 20 46 70 95 2 72 0 39 25 43 25 13 67
 36 0 0 23 4 76 34 38 0 0 0 1 33 0 0 0 0 43 88 73 37 59 0 0 4 0 42 0 0 14 0 0 0 15 9 0 11 35 18 58 0 14 0 71 0 0 0 3 0 0 0 0 0 0 80 1 0 0 42 0 25 0 3 4 0 47 12 43 62 0 0 11 0 84 0 1 0 32 13 37 30 13 0 3 0 1 0 37 30 8 0 4 76 32 45 0 69 3 0 55 0 29 0 0 0 8 0 25 0 0 0 0 0 7 0 0 0 0 18 0 70 0 47 14 0 0 2 0 62 47 0 0 0 2 0 0 36 18 0 0 0 0 0 0 0 60 0 0 0 0
 0 0 0 0 79 95 12 0 0 0 0 0 20 0 0 32 54 41 62 43 0 0 0 0 0 0 31 30 23 32 6 25 0 0 0 41 0 0 0 0 29 0 79 35 0 20 0 29 0 38 18 0 16 0 54 0 10 0 0 0 0 17 0 57 43 3 0 72 3 68 43 0 0 54 0 0 7 25 0 62 0 0 0 0 0 0 0 0 7 28 0 30 0 57 0 17 39 0 0 39 58 49 0 41 0 72 17 0 0 0 0 0 23 51 0 0 7 0 12 10 76 0 19 53 0 0 60 24 51 59 0 0 5 64 2 41 0 28 12 16 0 5 0 0 0 0 0 0 21 0
 58 34 9 75 0 69 0 88 0 0 13 17 6 0 0 94 0 57 7 35 0 52 31 2 19 0 34 0 0 81 0 82 0 14 0 0 0 22 0 0 86 25 69 0 0 0 0 0 26 17 0 0 41 8 0 11 97 0 22 65 0 23 10 37 0 0 84 99 58 0 16 71 11 10 0 79 20 92 0 61 57 25 0 0 0 0 59 0 38 67 0 25 82 29 0 84 62 48 33 32 0 0 25 85 51 0 71 0 0 15 0 0 13 5 19 19 0 0 0 0 0 0 82 0 33 0 80 43 61 0 0 0 13 47 0 46 13 4 10 0 0 42 47 5 14 8 0 38 61 18
 3 0 0 0 33 58 0 21 0 0 48 20 51 22 8 71 0 2 46 68 0 23 0 91 3 18 4 0 11 64 0 69 0 21 0 32 0 0 0 0 0 64 37 28 0 6 0 0 0 88 49 0 0 0 0 0 0 13 0 0 31 26 0 0 59 7 6 19 19 4 45 19 23 59 0 38 98 66 0 42 40 0 0 0 61 0 34 44 47 0 0 0 43 49 91 0 0 49 4 17 48 37 0 91 0 54 32 52 0 0 0 0 31 0 0 0 0 0 30 36 3 0 9 52 0 0 34 0 33 21 0 19 0 0 35 43 0 79 0 0 0 0 33 0 10 42 0 0 65 0
 38 0 0 0 43 24 0 5 20 0 40 77 0 0 0 17 80 11 26 0 0 10 11 22 0 0 26 0 0 0 13 78 39 0 7 67 0 0 10 0 3 0 0 95 0 19 0 0 0 0 0 17 0 0 2 0 49 0 0 0 0 55 0 0 0 0 0 0 7 26 28 20 0 0 0 0 5 17 0 11 74 0 0 0 0 8 1 2 39 84 0 0 40 8 83 23 29 39 4 96 29 73 0 32 0 48 0 0 0 0 12 0 15 0 13 6 4 69 16 28 85 0 15 68 0 0 48 19 58 88 0 0 0 50 0 91 72 42 0 0 15 0 0 0 0 28 0 0 0 0
 78 0 0 11 83 58 18 0 0 8 26 96 48 0 13 6 43 59 39 63 0 0 25 37 0 0 0 0 0 19 0 73 2 0 0 40 7 0 80 0 0 0 77 14 0 26 0 10 0 23 0 0 75 12 40 0 24 0 55 0 0 0 0 0 0 85 11 0 47 0 89 0 0 58 0 26 0 37 0 46 13 0 0 0 0 0 0 0 30 0 0 0 22 0 60 0 73 0 0 79 51 0 18 0 1 68 0 40 0 0 0 0 17 8 0 0 0 0 13 0 81 0 56 0 2 0 48 20 76 62 0 0 0 0 0 0 13 20 0 0 0 6 36 25 0 12 5 0 0 0
 45 5 0 10 34 30 0 0 0 0 74 0 77 0 0 0 66 5 43 57 0 2 0 83 0 0 51 0 54 90 1 0 30 0 0 0 24 0 27 6 11 53 57 31 0 4 2 12 2 0 0 0 71 0 80 30 0 44 2 0 0 70 0 9 0 29 63 63 0 0 0 75 57 0 0 0 65 0 0 26 30 0 0 0 10 0 0 1 0 45 0 10 13 8 0 0 0 0 0 92 0 0 0 0 0 27 0 41 15 14 0 0 67 0 0 0 41 1 0 70 25 32 23 1 0 0 68 0 0 50 0 0 0 1 0 0 12 4 0 0 0 29 34 0 0 8 0 0 0 0
 0 0 0 54 0 85 34 0 0 2 0 34 32 0 0 15 0 0 20 81 0 44 0 0 27 10 0 6 0 0 0 0 0 0 39 35 0 0 0 29 27 0 27 9 0 8 0 0 30 8 0 0 0 0 0 0 28 20 6 0 0 0 13 17 68 66 13 41 32 0 73 66 0 0 16 0 21 46 0 86 0 9 12 6 0 37 5 39 13 0 24 0 53 0 49 0 0 0 0 15 54 0 0 0 0 70 0 27 0 0 0 0 26 0 0 0 0 0 0 61 0 0 0 0 0 0 0 0 0 0 25 0 0 50 0 0 39 41 0 4 0 0 0 31 0 95 0 0 32 0
 26 0 0 29 2 0 0 59 35 28 69 0 13 0 0 34 0 20 81 91 0 1 0 71 0 36 77 52 65 80 0 38 0 0 0 59 0 14 5 0 89 0 0 30 0 49 6 0 3 69 0 76 28 0 0 58 71 55 10 0 0 36 44 8 38 74 0 0 0 0 97 54 46 0 0 6 36 29 0 49 0 53 0 0 16 9 0 8 0 21 14 22 69 89 70 0 34 25 78 62 0 74 76 6 73 17 0 42 0 0 0 4 21 45 14 19 19 1 15 3 52 0 48 16 0 0 40 23 58 54 0 60 24 0 0 0 0 62 0 54 0 0 42 0 0 50 0 21 0 13
 98 0 0 71 49 6 13 0 0 0 0 0 0 33 25 12 0 22 0 0 0 0 0 0 0 0 38 0 0 0 0 0 24 0 0 25 0 0 0 61 0 0 0 0 36 0 0 39 5 0 0 0 15 5 0 0 2 0 14 1 6 0 0 17 0 0 0 13 0 0 0 0 0 81 0 0 0 12 0 0 21 23 0 0 0 0 2 0 0 0 0 0 0 15 0 0 18 0 0 0 32 0 21 0 0 73 0 0 0 0 0 0 0 0 0 0 0 0 14 38 0 0 69 18 0 6 0 0 0 5 37 0 0 0 4 5 13 0 0 0 0 0 19 0 12 0 18 0 0 0
 79 0 0 42 25 51 0 29 0 2 6 0 14 0 0 13 35 0 0 98 0 20 0 18 0 25 0 0 12 0 0 61 0 0 0 83 9 0 38 66 0 0 46 10 0 0 46 0 5 39 76 0 39 0 43 0 56 0 2 0 0 45 0 0 68 79 0 52 0 19 19 5 0 79 0 0 57 53 19 43 0 0 13 0 0 0 22 0 0 5 11 0 9 68 5 0 69 66 0 30 41 39 0 3 0 70 0 26 17 0 13 0 50 26 0 10 0 67 22 36 33 20 39 29 0 19 87 11 64 54 0 0 38 0 0 53 28 69 0 0 0 28 0 10 0 0 37 21 0 21
 17 0 0 45 28 76 22 0 0 0 0 0 0 0 0 5 0 32 2 0 9 0 0 0 26 0 0 0 21 0 0 0 0 25 0 60 0 27 0 0 0 0 0 0 0 29 0 0 2 0 0 9 0 0 0 0 0 0 0 0 0 0 0 0 0 0 0 0 9 0 0 0 0 0 0 0 0 0 0 0 0 0 11 0 29 0 18 0 0 6 0 0 0 0 0 0 0 0 0 27 0 0 0 0 0 0 0 64 0 0 22 0 0 0 0 0 24 17 0 0 0 0 0 0 4 0 4 6 23 33 0 0 0 2 0 0 0 0 0 0 0 0 0 0 0 6 26 0 0 15
 47 17 0 61 36 58 0 0 0 0 30 30 74 0 0 94 30 0 0 0 2 62 0 48 0 0 81 0 9 6 0 91 0 9 0 67 9 7 0 0 11 0 91 0 0 54 58 28 0 70 46 0 0 0 95 24 2 0 8 0 0 0 0 25 0 42 69 66 20 75 77 59 0 16 24 17 0 72 0 0 99 21 9 10 0 0 0 0 0 29 0 0 87 20 0 0 38 32 0 0 31 19 0 88 17 0 0 71 0 0 0 0 7 81 16 0 36 77 60 76 78 18 0 41 0 34 44 0 54 87 0 31 0 25 20 15 0 68 0 0 0 0 0 8 0 22 0 0 40 9
 10 38 3 26 63 73 0 0 0 7 21 0 0 0 0 29 0 0 0 0 0 0 0 0 0 1 17 2 0 23 9 0 0 0 0 20 0 0 0 38 0 36 0 0 8 0 9 0 20 29 0 0 0 0 0 0 22 0 0 0 0 0 0 0 64 58 5 14 34 7 0 0 6 0 0 3 0 0 39 0 0 0 0 0 17 0 0 9 0 31 0 0 0 0 0 4 71 0 0 43 71 0 11 0 0 27 0 35 7 9 18 0 0 17 7 0 0 0 67 36 0 0 43 0 21 0 0 0 37 37 0 0 0 0 0 0 0 0 0 0 2 0 31 35 1 0 0 0 0 0
 0 0 0 76 88 87 32 65 0 0 0 0 80 0 0 81 7 30 0 81 38 0 0 15 0 0 4 0 49 36 0 13 0 0 0 48 10 0 0 0 0 0 23 37 30 0 22 0 16 50 47 50 46 20 0 17 64 25 76 0 0 0 31 61 64 0 21 0 72 82 63 91 88 1 30 1 88 44 0 0 26 4 0 0 0 14 36 51 38 62 0 17 0 48 41 0 12 42 0 32 97 26 49 0 0 45 0 64 0 0 0 0 0 76 0 0 0 6 74 69 78 21 89 35 0 0 70 0 28 3 0 0 24 59 11 58 3 59 0 51 0 29 0 10 0 10 7 0 24 0
 0 0 0 17 0 30 0 0 42 23 0 0 11 20 0 81 9 78 79 0 58 54 75 2 0 89 0 7 28 66 0 35 0 0 36 30 47 0 5 75 0 0 76 20 0 0 48 37 0 89 87 75 47 71 0 3 49 55 59 58 0 0 6 28 14 0 66 46 27 0 0 23 37 2 0 6 0 68 10 63 48 54 61 0 50 0 31 8 0 52 53 2 61 33 42 6 77 0 63 0 0 16 90 55 0 0 0 23 24 0 3 38 77 30 60 0 60 4 0 0 38 18 13 0 0 0 0 51 0 56 37 21 18 18 26 59 65 13 8 60 0 37 28 70 84 34 18 83 56 0
 77 0 0 0 23 53 0 0 0 0 65 8 17 0 0 0 0 1 0 7 8 1 13 73 0 0 68 0 0 23 0 0 0 0 0 63 0 0 26 60 0 0 78 23 0 75 0 0 0 0 25 0 42 0 3 0 64 25 80 31 3 0 0 0 32 28 27 0 0 0 7 12 2 0 0 0 0 0 0 28 0 0 19 4 0 15 0 36 0 0 0 0 9 0 0 0 7 1 0 1 19 0 0 0 0 44 0 1 0 0 0 0 0 28 0 0 0 0 0 87 0 11 66 0 0 3 36 0 33 52 0 0 0 45 0 0 89 63 23 0 0 0 2 20 0 77 0 0 0 0
 0 22 0 11 65 43 0 0 0 0 0 13 4 0 0 0 9 0 49 36 0 25 0 0 0 9 25 0 74 77 0 28 0 0 0 27 0 0 21 0 0 57 63 0 0 0 80 0 48 29 38 2 0 0 83 11 29 25 48 0 0 29 0 8 96 61 0 0 0 24 0 3 89 18 0 0 0 32 0 2 97 0 0 0 26 4 0 32 30 0 0 29 43 0 0 0 2 40 0 0 8 17 13 0 10 0 0 50 0 0 16 0 0 45 0 0 0 0 36 0 52 0 14 73 11 0 11 0 0 27 12 0 0 23 22 24 0 33 0 0 0 0 43 0 0 24 0 0 10 0
 5 0 0 9 0 56 0 0 0 0 63 47 37 0 0 50 18 15 54 0 0 17 0 0 0 15 17 23 0 2 0 18 0 21 0 24 0 0 16 56 1 31 57 0 39 0 0 0 27 0 57 0 0 0 0 10 24 0 7 0 0 6 0 0 0 56 0 2 54 54 0 98 0 0 0 0 64 37 0 63 16 0 0 3 6 24 0 52 0 0 6 0 23 36 16 0 0 0 0 4 85 30 0 37 0 70 0 10 0 0 0 0 39 53 3 0 0 2 49 0 97 20 59 68 0 0 0 0 0 0 0 0 0 10 0 0 45 4 24 0 0 0 0 37 0 14 0 0 33 0
 0 3 0 36 0 28 0 0 0 12 0 0 0 0 32 0 0 0 0 10 30 0 0 0 0 0 0 35 0 0 17 19 0 0 0 84 21 0 0 7 6 0 0 9 0 9 0 8 0 7 30 25 0 0 6 0 66 17 0 0 0 0 0 22 0 5 0 4 0 11 0 0 0 90 0 2 3 0 10 0 0 0 0 0 2 0 0 0 19 0 0 0 4 13 0 0 15 0 0 69 78 4 0 0 1 67 0 29 0 0 0 0 0 0 0 0 0 0 0 0 0 0 87 0 0 0 0 0 0 68 0 14 0 1 0 22 0 0 0 37 0 0 8 0 0 0 0 0 0 0
 82 0 0 4 72 52 0 0 0 10 0 5 0 0 0 0 0 0 0 0 0 0 1 0 0 0 0 5 0 0 0 24 22 0 0 0 0 0 0 56 22 0 0 29 0 0 0 13 0 19 0 0 0 0 2 0 76 0 0 14 28 0 0 0 0 0 0 0 0 11 0 0 39 59 0 0 0 0 8 2 0 27 0 19 0 0 0 0 35 0 1 0 0 0 0 0 0 4 0 0 55 0 0 23 29 0 0 68 0 0 0 0 0 0 1 0 7 0 47 56 27 0 85 26 0 0 0 7 31 0 0 0 27 0 0 0 0 0 0 0 0 0 0 0 0 0 0 4 27 0
 55 0 0 40 44 80 0 0 0 10 85 10 45 0 24 8 43 84 0 41 0 0 0 71 27 0 71 5 86 75 0 58 0 36 0 0 0 0 15 0 0 21 0 0 0 0 97 0 0 37 0 0 0 12 59 10 65 0 0 0 0 0 16 30 61 10 0 67 19 0 76 0 0 35 0 0 23 0 0 30 46 0 0 7 32 6 5 0 42 19 0 37 76 0 0 3 10 2 0 6 0 7 0 80 0 0 31 0 0 5 0 3 0 67 4 37 33 2 45 0 7 0 85 90 0 0 38 8 73 95 0 0 0 35 0 25 7 35 32 23 0 56 5 0 0 77 0 0 0 16
 44 0 0 80 77 47 15 0 9 38 0 0 0 24 0 0 0 39 0 0 0 0 0 0 0 4 0 0 0 0 0 0 0 5 0 31 0 0 0 0 0 7 22 0 0 0 0 0 0 10 7 0 0 0 0 0 74 0 0 15 0 6 1 0 0 6 0 0 0 11 0 28 4 71 0 0 0 0 2 38 0 13 0 2 9 0 0 0 39 0 0 0 0 16 0 16 0 0 0 34 0 0 1 0 0 61 0 65 12 0 0 23 0 0 39 0 13 0 0 11 0 0 59 0 0 0 0 0 0 0 0 0 0 34 30 0 20 0 15 0 7 0 0 0 25 0 0 0 28 0
 0 0 0 90 11 0 0 0 0 0 4 13 0 0 0 0 17 59 0 0 16 0 0 8 0 0 1 0 12 0 1 0 0 0 15 63 0 0 0 85 0 0 0 0 0 0 0 0 0 0 0 6 0 11 37 0 0 0 0 0 0 11 0 0 14 46 0 53 0 0 0 6 0 57 8 2 0 0 0 0 0 0 0 0 22 23 0 0 8 0 0 0 0 0 0 6 59 0 5 0 70 0 0 0 0 16 0 0 0 0 0 0 0 0 0 0 0 0 77 10 0 0 33 0 0 0 0 0 0 0 0 0 0 0 0 0 14 0 0 0 0 23 0 0 0 0 0 0 0 16
 50 0 0 19 61 0 0 0 0 0 72 21 0 10 26 51 32 76 22 52 0 52 25 9 0 0 5 29 0 42 19 31 0 0 0 56 0 0 67 43 0 0 0 34 0 92 0 6 0 0 2 20 12 25 18 0 46 0 0 0 16 59 0 0 0 0 18 0 44 0 0 77 0 64 37 0 34 22 7 40 46 13 0 16 0 0 9 45 0 52 0 0 49 81 61 0 27 0 0 19 57 27 0 22 10 2 0 18 0 0 0 0 63 28 0 18 26 6 7 72 52 9 74 0 0 35 81 0 53 0 0 0 0 31 0 0 44 15 7 0 0 12 0 0 0 0 0 0 0 19
 14 11 0 21 36 57 0 11 0 14 38 2 0 11 9 25 22 8 0 1 16 0 0 10 0 3 0 0 0 0 0 0 18 0 5 49 0 0 0 42 0 0 0 0 35 9 0 0 0 0 0 22 0 0 6 0 31 0 13 0 21 0 19 10 47 95 0 71 25 23 0 0 14 69 0 2 0 9 15 25 0 0 0 0 0 18 0 8 0 0 0 25 0 0 0 0 0 0 25 70 0 0 0 0 0 19 0 44 0 0 0 0 12 0 11 0 21 7 35 0 0 2 0 0 0 27 0 0 4 0 0 0 0 0 31 0 0 7 0 0 0 0 0 0 0 8 37 0 8 0
 9 0 0 68 0 40 0 37 0 16 0 31 0 34 0 0 0 64 0 0 6 0 0 0 8 0 0 0 0 22 0 0 15 2 0 37 0 0 0 59 21 0 0 58 0 0 1 0 0 0 21 0 0 0 60 0 0 0 91 0 0 0 0 0 42 16 0 0 0 0 34 0 0 47 0 0 0 0 0 60 0 0 31 17 0 0 0 0 0 0 0 0 30 0 0 0 0 0 0 0 36 5 0 0 0 0 0 33 0 0 0 0 20 0 0 0 4 0 0 18 0 0 12 0 0 0 0 0 23 0 0 0 0 0 4 0 0 3 0 7 0 0 32 0 0 0 0 0 24 0
 24 19 27 1 58 41 0 23 0 0 32 30 37 0 0 41 77 58 66 0 2 85 10 0 19 0 4 0 45 57 0 0 0 17 0 78 0 0 0 0 14 0 55 79 0 66 66 0 0 22 39 0 77 0 49 64 3 61 0 0 0 0 0 23 65 0 12 0 45 70 0 41 0 69 13 18 60 0 0 25 0 0 0 0 96 0 0 0 23 43 0 33 79 76 2 0 27 6 0 0 39 11 0 84 17 47 0 57 0 0 0 0 56 60 0 0 24 15 4 0 36 0 0 63 0 0 62 0 29 11 0 0 0 7 0 0 82 62 0 33 0 0 15 33 9 0 0 0 53 0
 0 0 0 64 80 26 0 0 0 0 0 0 0 0 19 11 0 19 24 2 0 36 0 5 0 13 0 0 2 0 0 0 14 0 0 79 0 0 0 0 0 0 3 0 0 0 0 0 0 10 0 25 6 17 0 0 12 0 39 0 0 7 0 7 0 0 0 0 0 0 0 0 0 0 0 0 24 0 0 0 3 35 0 0 4 0 0 23 12 5 16 0 0 0 0 0 0 0 0 40 18 0 0 5 0 8 0 4 0 16 21 0 0 0 0 0 0 0 0 0 22 0 12 0 0 0 0 0 0 68 0 0 0 0 0 0 0 0 0 0 0 0 0 0 0 0 16 36 0 5
 0 0 0 20 11 4 0 0 0 0 33 38 0 26 0 4 22 62 62 40 15 0 0 56 0 0 77 67 65 0 0 53 0 0 0 39 0 9 89 48 65 71 57 0 0 23 70 29 14 34 58 40 0 42 14 23 65 0 4 0 20 16 77 7 26 71 42 92 0 0 38 7 0 11 0 17 98 40 10 15 63 60 0 0 3 64 53 19 35 0 5 0 54 0 8 50 0 9 20 23 0 0 46 0 60 54 0 0 0 0 0 0 68 18 0 1 18 20 77 20 58 32 44 57 0 41 10 0 97 23 0 30 0 0 0 67 79 88 17 16 0 24 0 0 0 55 0 0 71 2
 94 28 0 19 0 97 0 13 0 0 22 71 5 0 9 43 29 0 29 0 0 12 0 23 0 0 86 3 57 2 0 36 0 10 0 0 0 0 13 31 0 70 65 23 8 0 48 0 0 43 0 23 83 0 10 59 95 0 0 0 0 6 6 6 0 5 38 73 0 2 0 69 0 48 0 0 20 14 0 60 0 0 0 1 0 15 0 45 34 80 0 41 59 76 0 0 0 16 0 57 16 0 0 40 0 52 0 0 0 0 2 0 2 29 0 0 0 25 59 0 29 0 0 0 0 5 35 0 55 0 0 0 15 5 0 66 65 70 5 0 0 59 15 0 22 21 0 35 4 0
 0 0 0 0 40 0 0 8 0 25 65 43 59 0 11 35 0 5 0 52 0 70 0 0 1 0 57 16 0 0 4 90 0 0 0 0 0 32 0 0 21 0 58 0 17 12 0 0 0 0 47 0 0 0 6 0 51 29 43 0 31 50 11 0 0 42 0 67 24 0 36 1 0 0 0 0 0 0 0 3 24 0 23 0 0 0 20 0 47 0 0 0 25 64 0 0 0 22 0 5 18 5 31 0 18 0 1 52 0 0 0 0 71 0 0 0 0 0 57 0 93 4 0 4 14 0 23 0 0 0 0 0 0 0 0 8 76 94 0 0 0 12 0 0 0 0 37 0 0 0
 17 0 36 13 47 75 0 0 0 2 0 26 0 0 0 9 0 51 30 90 0 0 0 89 0 2 0 0 0 48 0 0 0 0 5 39 0 0 0 66 0 0 42 36 0 0 0 0 0 0 0 4 0 0 0 0 37 0 92 0 0 0 0 0 54 6 26 70 81 0 0 6 7 12 0 0 14 0 0 0 14 0 0 24 0 3 0 36 0 0 0 0 7 0 0 0 23 0 0 51 36 0 0 0 0 0 0 63 0 0 19 0 0 42 0 0 0 0 91 0 0 0 46 0 0 0 0 9 0 86 0 0 10 0 0 0 34 0 12 0 32 21 0 35 0 58 0 7 0 6
 31 41 0 42 19 58 60 54 29 49 52 0 28 24 1 37 0 75 0 6 57 62 0 0 0 0 44 77 0 52 38 73 0 0 0 66 14 0 59 27 0 24 35 55 0 0 8 76 48 61 60 11 8 70 14 0 16 28 0 59 0 43 58 85 0 0 43 0 0 0 0 16 33 55 0 54 58 10 0 0 38 67 30 4 69 0 30 0 0 2 35 79 28 50 0 27 45 71 64 59 0 0 12 82 6 47 0 25 34 40 0 19 13 11 17 0 20 27 69 4 36 39 35 42 45 47 46 0 0 25 0 82 39 57 11 42 0 68 18 9 59 42 54 0 0 75 71 53 36 0
 29 0 0 73 41 99 0 0 0 17 0 0 0 33 0 13 17 0 0 29 0 0 0 0 0 0 11 0 0 0 32 0 0 0 7 79 0 0 0 26 0 22 39 12 0 0 0 0 0 0 0 0 0 0 11 0 2 0 4 0 0 0 0 0 57 0 0 0 64 0 0 0 0 80 0 0 0 1 27 0 0 17 5 0 0 0 9 6 0 0 0 0 0 4 0 0 27 0 3 50 0 6 4 0 0 65 0 0 0 24 0 0 0 0 0 0 0 0 24 0 1 0 0 0 10 0 0 9 26 0 0 0 22 0 0 26 0 39 36 3 5 0 0 0 0 0 0 0 0 33
 0 39 0 16 41 32 0 0 29 0 1 0 3 4 0 20 62 41 0 85 0 17 0 0 0 0 50 38 0 0 0 23 0 0 0 30 0 0 0 0 0 0 0 49 8 0 25 0 0 0 0 0 18 20 0 35 74 0 90 0 0 61 0 0 26 53 0 30 2 0 62 87 10 0 0 18 0 0 0 44 0 0 0 0 0 0 0 0 29 0 5 0 90 44 70 8 16 0 0 62 0 0 23 0 0 49 0 27 0 0 0 0 98 3 0 0 0 0 0 24 37 6 85 0 0 32 0 0 68 25 0 0 0 48 0 0 78 58 29 0 0 12 0 21 29 5 0 0 0 0
 58 0 0 10 36 0 25 13 0 2 0 24 85 0 13 39 28 0 49 44 0 10 0 41 0 10 27 0 40 78 0 0 0 0 0 7 0 0 0 13 15 0 8 81 0 0 70 0 0 44 66 41 0 0 0 29 68 0 67 0 0 46 19 59 12 0 56 0 15 0 45 4 17 0 0 11 28 46 0 0 70 0 0 0 44 0 22 32 0 52 0 0 48 49 0 0 0 3 0 37 15 10 4 0 0 34 0 63 0 13 0 3 55 30 0 0 0 45 15 62 20 7 0 22 0 0 0 5 68 86 0 0 0 0 0 52 0 4 0 58 23 76 31 33 0 0 26 0 55 14
 5 0 0 31 56 66 7 56 0 8 0 85 96 50 0 48 0 62 46 48 18 0 1 0 0 0 18 28 59 68 0 83 0 0 0 76 0 0 4 0 11 9 11 12 0 40 35 11 42 17 53 85 0 8 26 0 0 0 24 69 0 0 11 94 44 42 77 35 60 49 40 0 51 26 80 43 0 65 0 0 42 44 0 28 7 0 0 0 12 88 12 0 0 0 9 52 0 0 4 80 0 0 59 21 64 3 0 39 83 16 0 78 12 1 2 0 43 64 52 6 38 29 0 3 21 0 4 49 48 48 0 66 43 0 3 0 41 87 26 49 0 36 0 0 0 63 99 12 0 43
 5 67 25 0 69 0 46 58 23 0 6 0 0 7 11 1 14 3 25 52 0 0 4 4 12 46 0 0 0 0 17 22 0 50 0 56 20 52 0 1 10 0 85 81 0 0 29 61 43 39 36 35 0 62 41 4 47 0 13 15 66 0 44 0 78 0 0 0 49 0 22 0 56 76 15 0 18 0 0 23 37 18 0 0 24 44 88 0 36 17 59 0 73 12 0 57 23 72 75 56 46 0 0 4 0 71 70 20 34 67 53 39 0 1 26 50 0 48 72 0 10 14 73 15 0 63 53 16 34 56 0 0 0 51 40 35 56 83 68 71 0 0 28 0 0 46 0 0 63 64
 14 0 0 0 23 83 0 20 0 0 0 26 84 0 0 23 0 27 52 42 0 33 0 68 23 0 26 0 0 98 0 23 0 0 10 62 0 16 15 18 0 0 0 30 0 45 0 10 0 69 35 0 45 0 50 31 0 22 0 5 0 29 0 0 0 85 0 0 0 33 65 23 0 0 0 25 80 88 0 50 52 0 0 0 0 0 27 16 0 60 19 0 12 42 19 0 40 0 25 28 77 0 0 1 0 60 0 62 0 0 0 0 0 79 13 0 53 52 0 42 73 0 6 71 0 0 62 0 39 0 0 4 8 93 0 36 73 63 3 0 0 0 0 0 0 97 0 0 61 0
 54 0 0 38 0 31 23 40 0 0 6 52 88 10 0 63 31 14 51 0 0 91 0 84 0 0 89 0 25 12 0 51 0 39 30 0 0 0 0 18 0 0 97 12 0 0 48 96 39 0 24 28 0 0 62 85 25 0 89 0 20 0 0 0 50 0 0 61 0 9 0 16 86 49 0 0 91 0 1 25 28 52 5 0 38 0 64 0 57 38 0 62 9 0 37 15 0 38 0 0 34 30 0 0 90 14 33 2 0 17 0 0 79 16 0 0 40 18 0 0 25 0 0 25 0 0 24 14 53 78 0 53 0 24 0 74 87 73 0 0 0 31 0 0 0 0 31 5 35 0
 0 0 10 0 68 31 0 64 0 0 43 38 74 6 0 72 51 5 53 50 9 34 0 50 11 14 49 20 31 37 0 25 0 15 0 40 0 0 38 0 0 38 36 84 6 46 2 0 0 0 30 14 0 0 0 0 0 70 78 0 0 31 25 67 38 74 0 74 24 0 58 33 45 68 0 63 0 35 0 0 77 0 21 0 0 0 0 4 49 29 0 0 6 41 28 19 0 0 0 43 11 59 18 59 30 52 0 77 0 0 0 1 35 29 0 0 33 0 0 53 51 0 54 2 5 0 43 0 0 0 29 0 0 13 0 0 33 20 0 0 33 0 62 14 0 17 27 0 53 5
 49 0 0 16 0 37 0 0 0 0 0 0 0 0 0 27 0 70 0 69 0 85 7 0 28 0 0 0 26 1 0 17 0 31 5 36 0 0 0 18 0 0 0 0 0 0 35 4 0 0 8 0 0 0 22 24 66 23 0 0 0 0 0 0 29 10 0 0 70 0 0 8 25 0 0 0 13 0 2 0 0 0 19 3 0 1 0 0 0 0 0 0 9 0 0 25 0 0 0 0 0 0 23 0 0 2 0 0 0 0 0 0 0 33 4 0 1 22 18 20 0 0 58 4 0 0 0 0 46 32 0 0 23 0 1 0 0 9 0 0 0 0 0 0 0 0 0 0 4 0
 0 0 4 0 70 0 0 0 0 26 0 10 0 0 0 0 14 11 0 0 0 46 15 71 0 0 30 0 0 43 0 0 18 0 0 0 12 0 0 0 2 4 0 1 0 0 0 0 0 0 0 14 0 16 61 1 72 9 18 0 14 0 0 17 0 0 0 0 0 1 44 27 0 0 0 0 0 49 16 88 0 25 0 0 19 0 0 27 0 0 0 0 7 0 0 0 0 0 14 59 8 0 0 5 4 76 0 11 0 0 0 0 0 31 0 0 0 11 0 0 0 0 81 8 0 9 33 0 94 0 0 0 0 8 0 0 68 40 17 0 0 33 0 0 0 73 0 0 2 0
 79 0 0 37 52 24 0 6 2 0 0 0 0 0 14 44 5 41 0 69 0 0 0 21 0 0 3 0 0 0 0 0 0 0 0 21 0 0 0 78 0 0 0 24 27 0 0 0 7 0 71 0 7 0 91 0 0 0 0 0 0 27 18 8 33 82 0 13 59 0 58 36 0 0 8 0 74 29 0 84 50 0 0 0 0 0 0 0 71 0 0 0 7 25 0 0 29 0 4 83 0 0 0 0 0 0 0 26 0 0 0 10 22 10 0 0 0 50 7 0 0 5 0 0 0 0 52 0 0 67 0 21 0 68 9 0 28 36 0 16 0 0 0 0 1 73 0 0 0 4
 54 0 0 15 30 23 53 23 0 41 48 12 19 0 14 72 80 0 0 75 0 50 0 63 0 9 20 50 14 60 0 3 14 19 0 0 0 0 26 45 51 9 30 69 0 1 22 30 37 74 34 49 0 0 63 0 25 89 47 55 0 19 89 0 13 0 30 58 60 10 53 0 37 0 0 19 26 37 0 41 0 2 0 0 0 50 55 73 74 17 0 14 0 0 0 39 52 72 0 3 0 53 0 74 0 46 39 19 30 56 0 79 0 2 0 0 0 0 17 0 25 53 74 74 55 0 0 35 0 0 0 55 0 68 19 61 63 82 0 0 0 0 35 0 1 0 92 0 0 68
 61 0 0 9 0 68 0 22 0 0 60 44 0 0 0 79 58 8 22 0 0 37 0 33 0 30 69 34 16 87 0 0 1 0 0 16 0 0 3 0 16 9 28 0 0 0 0 0 6 67 54 0 49 0 5 58 93 4 83 0 0 50 0 53 12 13 0 78 20 36 0 22 0 85 21 0 21 8 0 40 41 8 8 14 46 0 13 13 26 74 0 0 4 41 33 11 0 40 13 58 0 71 0 7 0 0 18 74 0 11 0 0 97 5 0 0 13 36 75 68 56 0 61 0 0 0 0 0 9 5 0 0 0 0 0 52 0 0 0 0 34 60 0 0 0 0 0 0 80 26
 60 0 0 28 6 0 0 0 0 0 7 0 0 0 38 8 0 55 0 30 10 0 0 0 0 4 0 0 25 56 25 6 0 0 0 0 0 0 0 0 0 0 5 58 0 0 16 0 0 0 0 0 0 0 44 0 18 0 7 20 0 0 0 0 0 56 0 36 22 0 24 0 0 46 0 0 0 0 0 63 0 0 10 0 0 0 0 0 0 0 7 0 0 0 0 0 6 0 0 0 0 0 19 7 0 72 0 49 0 0 17 0 0 61 0 0 0 0 0 75 5 0 51 22 0 0 0 26 75 76 0 19 0 0 17 0 12 0 5 0 0 0 0 0 29 43 17 18 14 0
 87 0 0 0 0 23 0 0 26 0 0 0 47 34 0 19 45 69 77 0 0 41 24 0 11 13 0 30 0 56 0 0 0 0 0 1 0 0 19 0 0 0 9 83 24 0 0 0 0 0 24 0 22 0 0 0 8 0 48 0 0 71 5 0 0 23 7 0 35 0 80 26 0 9 22 0 0 24 0 0 0 0 0 0 0 26 0 22 7 0 25 0 16 0 12 0 69 0 0 59 25 0 0 0 23 10 5 4 0 0 0 0 14 48 0 32 2 0 14 33 10 0 56 0 0 6 0 0 51 49 0 32 0 26 0 0 43 48 0 0 2 14 0 0 0 2 0 0 0 27
 40 0 0 43 0 66 10 0 0 0 0 26 0 0 0 15 0 51 42 0 0 65 19 0 0 0 5 0 0 60 0 0 2 21 0 0 0 1 3 51 21 0 31 6 0 0 18 8 0 0 0 30 0 0 21 0 40 3 3 0 0 13 2 0 56 8 37 8 60 0 33 18 0 82 0 26 15 42 7 2 0 9 0 32 0 0 0 58 0 21 13 0 55 0 0 0 0 0 1 22 49 0 0 0 0 51 31 0 0 0 0 27 4 35 0 0 0 13 0 8 34 0 18 0 0 0 0 0 91 67 0 30 0 0 11 0 0 89 0 0 0 0 0 0 0 45 39 0 20 0
 49 0 0 6 68 72 0 15 0 0 62 41 33 10 0 28 24 63 25 0 1 1 0 2 0 0 0 60 18 0 0 5 0 0 0 25 0 13 0 0 0 56 25 0 0 16 0 0 16 0 19 31 25 4 9 55 18 1 0 2 0 76 27 44 80 15 0 0 0 40 50 86 54 41 0 59 19 78 0 56 0 9 0 0 24 0 0 0 27 21 0 0 30 73 28 0 57 76 0 25 65 36 70 0 0 0 0 78 0 24 0 0 82 18 0 0 2 38 0 3 0 7 0 4 0 0 34 0 74 32 0 5 0 32 0 25 28 62 0 0 0 2 97 0 0 0 0 14 32 0
 0 25 34 0 68 55 0 0 0 0 0 0 0 0 34 27 0 58 0 7 0 0 0 0 0 6 0 0 0 2 0 0 0 0 1 24 0 0 4 0 0 26 0 0 0 0 0 0 0 0 0 1 19 0 0 0 76 0 0 0 0 0 0 28 0 15 0 2 0 0 9 25 0 1 0 30 1 0 0 0 0 17 4 0 0 3 34 6 6 0 0 17 0 0 24 0 0 0 0 35 25 0 34 0 0 0 0 62 0 0 18 0 0 0 27 0 0 0 6 8 15 0 70 0 0 0 23 0 0 31 0 0 0 21 0 0 0 0 30 0 1 16 3 32 16 0 0 0 0 4
 71 0 0 25 0 7 0 0 0 21 39 74 0 0 0 34 32 39 5 27 0 90 24 88 0 0 0 0 0 52 0 0 0 0 0 72 0 22 6 40 11 0 70 90 18 0 28 0 0 0 0 27 24 0 12 0 20 0 49 0 9 0 0 36 50 0 0 31 64 78 21 37 0 37 0 0 0 42 0 37 53 0 0 0 23 0 9 50 11 13 0 0 33 30 64 0 42 0 0 41 16 13 0 0 0 40 24 0 0 0 0 0 28 97 0 0 46 82 0 22 0 0 27 0 0 0 3 12 0 56 0 0 0 38 30 0 3 0 0 0 0 17 0 32 0 0 0 0 0 0
 38 0 0 88 63 0 0 0 0 0 64 0 0 0 0 0 43 53 45 0 0 54 0 0 0 18 0 0 58 0 1 0 0 26 0 0 0 0 65 33 11 61 0 0 0 7 39 0 0 0 33 15 7 0 36 29 42 59 93 45 0 82 69 64 62 8 42 28 0 65 0 81 70 27 0 5 59 27 0 0 42 35 0 0 0 60 44 87 0 0 27 0 61 21 0 55 78 31 0 0 5 0 22 82 25 57 12 95 0 0 0 71 0 0 0 0 27 22 30 0 0 0 95 0 0 0 39 90 0 1 0 56 18 0 0 67 32 80 3 43 25 85 80 0 0 1 0 44 44 0
 4 0 0 21 11 0 0 0 0 0 0 33 0 0 0 0 0 10 0 0 0 0 0 0 25 0 0 0 0 0 7 0 0 0 15 0 23 0 0 0 0 0 0 18 0 0 0 0 0 0 0 0 0 0 26 0 0 25 0 0 16 0 8 0 0 8 0 0 20 0 0 7 18 0 0 0 0 0 0 0 0 0 0 0 0 20 0 9 0 0 0 0 27 0 0 0 0 0 9 0 0 12 0 16 0 0 0 0 10 7 32 0 0 0 0 0 0 0 0 0 0 0 42 0 7 0 21 0 5 0 0 0 0 0 0 0 0 0 0 0 0 0 0 0 17 0 0 0 0 8
 3 0 0 0 81 0 0 0 0 0 0 0 0 0 2 0 0 0 26 0 0 13 0 0 0 0 0 0 0 0 18 0 0 0 19 0 30 16 0 0 0 0 9 0 0 10 0 9 0 0 0 6 0 0 0 0 8 0 0 0 28 0 0 0 0 0 11 16 0 0 6 0 0 0 37 0 0 0 1 33 30 0 8 0 0 0 0 6 0 2 8 13 17 0 0 0 0 0 0 12 0 0 0 0 13 0 0 0 0 2 0 0 0 33 37 3 0 0 0 15 9 3 0 0 0 0 0 11 0 9 0 0 0 0 0 0 0 0 0 0 0 0 0 0 0 0 0 0 0 0
 95 0 0 81 0 0 0 1 0 15 33 73 73 0 0 9 26 67 62 56 0 54 0 39 0 0 62 0 0 56 0 0 0 0 0 78 0 2 14 0 0 0 40 30 0 0 0 7 0 0 4 8 34 0 78 0 0 0 76 0 0 68 0 0 0 68 0 35 8 0 19 0 0 31 10 15 0 19 21 0 9 0 35 7 15 0 0 34 9 65 0 0 80 29 65 0 70 0 0 0 37 0 0 0 0 62 0 0 0 4 0 0 68 8 31 0 48 64 79 30 49 0 55 0 21 0 80 0 67 4 0 0 0 63 0 1 87 12 0 0 0 0 1 0 0 60 0 0 0 0
 65 0 0 33 15 0 0 0 1 25 13 34 62 0 0 86 0 27 45 7 0 12 36 8 0 0 32 7 59 36 16 24 0 0 0 22 0 0 50 49 0 59 77 0 10 23 22 0 93 5 0 74 0 0 0 64 30 23 0 0 0 97 0 83 70 33 79 0 7 49 18 31 27 48 0 25 0 11 0 0 0 0 0 23 25 15 0 0 73 59 23 67 0 0 37 0 0 46 0 59 51 18 0 0 3 0 0 73 0 0 8 0 0 13 4 24 68 25 0 70 42 0 19 0 4 0 0 0 85 63 0 11 0 77 3 65 62 74 10 0 0 0 73 35 0 0 0 0 0 0
 0 0 0 88 25 0 0 0 0 0 34 0 75 5 0 0 0 4 36 6 39 16 0 47 0 27 12 0 0 42 0 19 0 0 0 0 0 0 21 58 0 22 79 0 0 84 0 0 0 0 2 8 79 0 91 0 32 0 10 16 0 35 1 0 9 0 0 21 61 0 9 12 0 0 31 0 13 98 0 24 9 5 0 0 0 12 0 57 0 46 0 0 0 33 56 38 70 51 0 0 15 2 13 0 24 0 0 76 0 12 0 0 10 83 0 0 15 0 0 54 11 0 0 53 0 0 56 0 0 0 0 0 0 0 0 11 50 51 7 0 0 9 2 0 0 44 0 0 0 0
 56 0 0 63 0 36 0 2 0 0 4 6 47 0 37 77 0 32 0 28 0 41 0 0 0 3 18 71 81 0 0 0 0 0 3 0 29 7 60 5 0 30 47 75 0 20 35 0 10 17 0 36 85 0 12 39 66 0 78 51 17 52 0 54 0 0 43 41 0 0 34 63 0 56 0 5 0 17 0 4 43 21 0 0 10 0 0 79 0 73 8 7 69 0 43 32 32 7 0 29 0 56 0 0 0 61 0 0 20 0 0 40 67 66 0 0 48 19 52 2 15 0 55 61 0 0 12 3 0 0 0 68 0 29 0 36 31 11 36 56 0 11 32 39 0 29 0 0 1 0
 0 0 0 36 0 0 0 0 0 0 0 0 0 0 0 0 0 22 0 0 0 0 0 0 0 32 10 0 0 0 0 0 4 0 0 24 0 34 0 0 0 5 0 0 32 0 0 10 0 0 0 0 0 0 0 0 21 2 0 0 33 0 3 0 0 3 11 0 0 0 0 18 0 0 0 0 29 14 0 0 0 0 0 0 0 0 0 0 0 15 0 3 0 0 0 9 2 0 0 53 0 0 14 15 0 0 0 19 0 0 0 0 0 0 1 0 0 0 0 0 0 0 79 0 0 8 0 12 0 64 1 0 0 0 0 0 0 0 0 0 19 0 0 0 0 0 0 0 15 0
 75 10 0 83 0 31 24 0 26 0 0 43 41 18 15 27 64 0 64 0 0 0 0 0 0 9 25 67 26 0 6 40 0 3 8 11 21 0 28 7 20 41 11 46 0 40 0 0 0 85 80 48 1 33 40 59 59 38 47 33 9 35 34 36 13 27 0 1 76 35 27 11 72 43 32 86 0 18 8 56 59 2 22 0 67 0 70 4 29 19 0 0 50 0 0 51 16 0 0 12 28 61 97 84 3 82 0 22 33 0 0 0 5 37 0 0 63 10 60 70 64 0 0 0 0 31 15 27 10 84 0 0 0 50 0 38 0 0 0 24 0 0 21 0 2 37 0 41 29 29
 0 0 0 32 17 0 0 0 0 36 0 31 0 0 0 0 25 59 0 0 0 22 0 0 0 0 8 0 8 0 0 0 0 25 3 0 0 0 0 0 0 0 0 0 0 0 16 18 0 0 0 0 0 0 9 0 0 0 0 0 0 0 0 0 0 0 16 0 33 0 0 0 0 0 1 1 0 0 0 7 0 0 0 0 0 0 0 24 0 0 0 0 0 0 3 0 0 3 0 4 25 11 0 0 33 0 0 0 0 0 0 11 38 0 0 0 10 0 0 22 0 2 9 0 0 0 0 0 6 18 0 0 5 0 0 0 0 0 21 0 0 0 0 5 0 17 0 21 0 0
 55 0 0 0 63 5 0 1 0 0 16 80 0 0 8 0 5 63 23 26 0 0 0 54 7 3 0 43 0 6 0 20 0 0 0 34 0 0 0 32 83 0 0 84 12 45 63 68 28 6 32 0 69 25 3 0 40 48 0 39 0 91 25 43 94 19 26 0 0 81 78 44 47 42 8 0 73 28 0 30 70 2 0 0 68 71 59 8 2 0 0 51 72 34 46 39 67 0 75 0 64 58 54 34 0 5 0 0 0 0 29 21 68 0 0 0 52 70 43 64 0 0 12 14 0 13 0 0 19 54 2 58 20 76 0 75 12 21 27 5 0 41 15 28 7 0 57 30 28 36
 0 0 0 3 12 0 0 81 0 0 54 66 40 0 0 56 0 0 25 0 0 0 0 87 0 19 27 0 39 10 38 48 0 0 34 24 0 0 73 32 3 47 21 50 0 16 33 0 69 37 42 0 56 60 56 37 63 56 0 52 31 18 69 94 9 2 0 20 56 29 24 9 40 0 68 34 46 86 0 0 58 0 0 0 0 0 77 49 86 39 0 0 4 40 20 0 41 67 57 0 0 0 17 0 44 21 25 89 11 0 0 0 50 9 0 0 70 52 0 7 57 0 64 16 29 10 69 44 79 61 0 2 0 0 0 0 0 0 22 58 0 0 9 0 28 22 0 49 48 0
 59 14 0 16 42 47 0 59 0 20 19 14 4 32 0 46 2 40 0 82 28 77 0 11 0 0 46 53 1 27 6 0 0 0 15 1 29 0 41 62 17 6 61 42 4 84 62 5 21 0 51 30 28 51 83 0 0 17 0 74 0 53 0 27 54 19 25 35 2 36 26 67 64 0 41 0 15 0 18 77 49 27 27 0 72 46 51 19 96 52 4 1 0 65 15 50 0 31 34 0 51 57 0 74 96 0 62 3 0 27 0 75 0 37 0 28 0 33 27 42 0 73 75 56 11 0 0 19 80 38 83 68 0 0 0 21 58 0 0 60 13 55 42 0 82 60 0 15 50 33
 0 0 0 37 9 15 0 18 0 0 0 0 0 0 0 41 20 29 7 57 0 65 0 92 0 0 0 72 28 78 0 0 0 0 0 0 0 0 73 82 0 40 11 0 0 37 60 25 17 36 8 61 65 0 43 37 0 67 36 36 0 30 23 11 62 61 0 0 51 29 23 1 20 13 4 4 46 48 0 0 18 0 0 0 13 8 0 63 84 0 0 17 15 9 0 67 62 49 0 26 77 6 47 65 0 75 6 0 0 21 0 0 14 43 0 0 11 26 46 63 16 0 38 49 0 0 0 0 0 44 0 21 0 62 12 71 59 28 0 56 0 25 70 25 0 2 0 0 0 0
 0 0 0 72 0 0 0 1 0 0 0 0 32 4 0 74 0 79 23 21 32 0 0 47 0 0 8 0 24 91 0 66 7 0 12 0 0 0 16 72 17 0 18 0 34 75 0 0 0 0 0 0 0 0 38 0 53 0 28 12 0 74 4 0 20 57 3 16 45 0 0 0 0 21 0 0 0 7 0 70 0 0 0 21 12 0 0 75 32 0 0 0 67 0 0 0 34 0 26 32 31 0 34 0 0 23 0 0 0 0 13 0 0 44 0 0 55 12 30 5 55 23 82 0 0 0 0 0 1 61 6 0 0 16 0 18 0 30 2 0 0 10 0 0 0 47 0 1 0 0
 22 3 0 50 19 61 0 0 0 0 0 0 0 0 0 57 0 4 0 0 0 0 0 0 0 39 0 0 2 0 0 0 0 0 0 78 0 0 13 21 0 0 0 0 0 0 0 0 12 7 0 5 10 0 9 0 58 0 0 0 0 0 0 0 7 71 0 2 5 0 12 20 0 11 0 0 0 0 0 7 0 0 0 0 0 0 0 0 0 0 0 0 0 0 0 0 44 0 29 2 0 0 0 0 0 45 0 63 0 0 0 0 0 0 0 0 0 0 1 0 0 0 10 20 0 0 0 0 0 5 28 0 8 0 0 30 0 0 1 0 0 0 0 10 0 0 0 0 27 0
 40 0 0 42 83 0 0 76 0 0 42 0 72 0 28 14 50 63 60 54 0 0 0 0 0 0 21 55 69 22 0 0 0 0 18 21 0 0 0 75 43 30 5 61 0 57 48 0 56 0 69 16 27 0 62 62 70 0 0 72 0 57 35 0 62 0 0 0 59 60 0 87 84 88 23 32 40 81 0 8 53 31 0 0 0 56 42 0 11 24 0 40 1 16 22 75 0 59 46 75 0 0 0 37 92 0 63 16 16 62 16 55 25 62 0 0 0 0 30 0 96 0 8 38 15 0 23 16 80 95 14 5 0 18 0 38 45 52 1 34 0 68 42 0 28 0 0 38 9 64
 0 0 12 53 13 78 47 73 9 0 48 45 47 52 0 89 49 5 11 98 74 36 8 0 0 60 33 0 85 29 0 0 0 36 65 10 0 70 0 0 88 59 28 51 0 90 3 0 65 0 4 33 55 0 46 0 22 7 80 84 8 34 0 17 75 85 0 45 59 0 79 40 20 67 0 59 3 55 53 35 30 34 55 0 13 4 65 63 19 43 10 64 99 0 71 41 90 45 5 87 0 45 0 69 0 49 9 0 29 25 0 47 4 59 0 0 58 68 45 37 33 66 0 40 0 78 67 0 0 51 58 0 47 0 0 13 46 0 51 5 80 41 6 40 62 4 0 76 12 0
 0 0 0 31 37 79 0 10 0 10 0 42 79 0 0 37 0 0 30 43 0 10 0 16 0 0 0 0 0 57 0 0 19 15 7 52 0 0 0 56 0 0 63 31 0 13 0 13 17 0 8 0 35 0 79 33 0 0 34 15 0 1 9 3 70 0 0 0 75 0 0 0 0 1 0 0 15 69 0 31 2 1 0 7 0 0 0 0 17 15 24 0 37 0 83 0 4 0 0 64 42 0 0 0 0 28 0 0 0 0 4 0 0 51 26 0 0 0 0 60 20 0 50 0 0 0 0 27 6 51 0 0 0 0 0 0 0 0 0 14 0 0 14 13 23 87 14 7 4 0
 16 0 0 0 8 0 3 0 38 18 0 92 42 0 0 39 19 27 34 0 0 68 0 66 34 0 37 0 0 22 20 37 0 0 20 0 26 0 58 0 0 0 78 0 11 44 22 24 25 0 40 0 53 0 18 0 0 0 19 0 0 69 0 0 51 28 0 0 10 0 0 54 0 15 0 0 37 46 0 20 45 0 0 0 0 0 5 0 0 0 30 0 0 81 0 0 71 0 0 25 6 0 0 4 0 38 0 35 0 0 0 0 0 19 5 0 24 0 61 0 3 18 0 4 0 0 76 0 17 12 0 0 11 16 0 16 15 59 0 0 15 7 0 14 0 0 0 0 12 0
 23 5 0 50 16 79 24 0 0 0 1 0 11 16 0 0 0 0 22 0 0 0 0 0 0 31 0 13 0 0 4 24 15 0 0 7 0 0 0 7 0 9 0 0 0 0 0 2 0 0 0 35 1 0 0 0 20 0 0 0 10 24 0 0 3 0 0 16 0 0 0 12 0 62 0 0 0 0 0 0 27 0 0 0 19 0 0 0 27 0 0 0 13 0 26 8 0 10 0 55 33 0 0 3 0 56 0 76 0 17 0 0 0 0 0 0 1 0 0 0 0 0 85 0 10 0 0 0 0 51 0 0 0 0 0 19 0 0 0 13 7 0 20 0 0 0 0 21 0 0
 36 0 3 47 0 35 17 0 0 0 8 0 0 0 6 18 0 21 0 0 0 29 16 0 0 0 0 0 12 38 25 2 0 0 5 69 24 0 0 16 0 13 14 16 0 14 0 12 0 0 22 0 0 0 0 0 1 0 0 0 0 0 36 3 56 0 11 0 0 0 0 0 7 31 0 2 32 37 0 25 0 0 0 16 0 12 0 0 3 8 7 0 0 0 0 0 0 0 0 3 0 0 0 0 0 36 0 0 0 0 0 0 0 10 34 0 0 10 71 0 0 0 65 28 0 0 5 9 15 0 0 0 12 0 0 0 0 0 9 0 0 0 0 0 0 0 0 0 0 0
 3 0 0 86 74 0 0 24 0 0 13 29 0 0 0 56 0 0 0 50 23 43 0 14 32 0 0 0 0 78 0 9 0 0 0 79 23 0 0 60 0 32 72 68 4 0 0 0 0 0 0 0 9 0 25 0 69 0 1 0 0 25 0 0 6 0 0 20 23 0 13 85 0 0 0 0 0 24 0 0 0 0 0 0 0 0 0 78 37 0 0 0 0 0 0 20 0 5 0 51 0 0 0 0 0 51 0 68 20 0 27 0 0 35 0 0 0 0 42 81 0 0 27 19 0 0 0 38 0 60 2 0 0 44 0 0 0 16 0 26 0 18 0 0 0 0 17 0 0 0
 40 32 0 12 40 55 0 0 17 18 35 48 42 0 0 46 21 75 0 93 0 0 0 53 0 0 0 25 63 52 0 42 7 24 0 60 16 0 0 26 0 14 64 30 0 11 46 62 16 14 2 0 71 53 31 0 82 0 47 0 0 0 13 0 49 50 45 21 39 0 0 25 25 12 0 1 0 14 0 69 0 0 0 0 67 65 51 35 60 0 0 58 28 32 48 0 59 15 31 36 0 61 39 46 75 27 43 0 18 23 0 17 0 8 53 0 3 0 46 74 30 0 99 29 33 24 85 81 95 7 0 21 0 44 0 0 51 59 0 66 0 0 20 0 0 36 60 15 36 58
 0 15 0 0 3 0 3 12 0 5 0 0 0 0 0 0 0 36 4 0 0 0 0 3 8 23 0 5 0 23 12 0 0 0 35 0 0 5 14 0 0 0 0 0 0 0 0 0 0 0 0 0 21 0 0 0 17 12 0 0 0 0 0 0 0 0 0 0 0 0 28 0 3 0 0 1 20 0 0 13 0 14 21 0 0 12 0 0 0 29 0 0 0 0 0 6 0 0 0 0 6 0 0 19 0 0 5 0 0 0 0 0 0 0 0 12 0 22 0 0 0 0 0 0 0 0 0 0 0 69 0 0 0 0 0 0 0 0 4 0 0 0 0 0 0 32 0 0 5 6
 29 0 0 35 14 22 0 0 0 0 88 38 27 37 0 8 1 75 63 49 0 95 0 0 0 0 0 0 0 80 0 17 0 0 0 3 0 7 0 62 28 8 53 11 0 0 0 17 0 0 93 0 51 0 0 0 31 0 80 0 9 58 0 0 7 0 0 73 60 17 32 18 0 45 0 5 0 0 0 0 44 0 0 0 0 0 0 0 0 2 0 15 0 1 58 0 3 44 31 13 51 59 7 0 0 10 26 40 0 0 0 0 33 0 0 0 2 0 62 0 0 0 23 0 0 0 29 0 91 4 4 0 0 9 0 39 89 0 0 0 0 0 0 0 0 67 0 0 6 0
 60 0 0 0 62 62 87 66 0 11 66 68 18 0 0 74 36 0 4 73 34 13 0 67 5 0 87 0 69 38 0 36 12 0 0 71 0 0 40 15 0 0 77 59 22 22 25 0 38 41 0 50 28 10 19 25 0 29 0 58 17 8 0 46 0 54 19 72 38 7 86 52 24 57 71 3 0 36 0 0 30 71 0 10 26 88 0 59 55 26 0 89 80 18 25 56 0 85 14 0 17 0 0 14 15 50 65 51 32 0 0 93 5 53 0 6 45 67 0 21 34 0 37 1 0 62 0 15 65 16 0 69 0 5 0 41 5 46 1 74 0 1 13 0 0 48 0 66 0 67
 0 0 0 7 32 26 0 0 5 0 14 73 12 0 0 36 71 4 4 0 0 81 0 30 0 8 62 0 15 0 0 61 0 31 0 55 0 15 63 18 15 0 6 0 34 59 78 3 38 12 19 20 16 6 0 0 85 0 82 42 15 0 17 46 70 82 47 43 87 0 0 52 35 59 0 0 79 70 0 69 0 37 9 0 79 67 61 37 0 45 17 97 0 0 26 67 11 65 47 25 43 90 13 3 52 0 0 16 0 0 31 94 32 4 6 0 7 4 50 1 23 0 34 72 0 0 0 0 70 0 0 79 15 2 0 67 29 75 0 0 0 50 51 11 1 4 0 25 47 0
 0 36 0 18 66 0 5 0 0 0 87 0 4 0 0 0 36 58 83 78 0 0 3 0 0 0 0 0 0 31 12 0 0 13 10 55 5 13 0 0 0 0 13 61 0 0 0 0 0 0 0 0 85 0 0 0 0 0 61 0 29 0 0 9 32 45 0 31 13 0 40 17 0 73 0 0 0 64 0 47 2 8 0 0 0 0 0 4 0 0 21 0 87 21 58 0 0 0 0 0 46 0 12 0 0 15 0 41 7 0 3 15 86 52 0 0 29 0 28 0 7 0 73 0 8 26 0 0 0 38 0 0 0 21 0 20 72 41 1 0 0 0 0 0 15 48 0 1 0 0
 5 3 0 60 0 62 0 75 0 12 97 62 5 18 0 26 62 70 69 0 0 0 27 39 24 12 35 32 6 50 38 21 0 0 32 24 0 0 14 0 3 0 26 18 0 40 0 0 29 0 0 42 75 0 71 0 0 0 29 30 0 71 60 53 55 0 0 48 33 55 21 9 43 79 10 15 32 0 37 0 34 0 0 0 17 0 72 55 92 23 0 88 0 15 56 32 51 0 0 52 0 7 78 37 0 0 0 91 10 0 0 28 15 40 0 12 0 17 87 0 0 0 81 16 0 25 0 0 0 57 0 49 0 41 0 0 0 32 0 45 0 19 15 0 0 0 21 41 61 0
 0 11 0 33 66 63 0 0 0 0 0 0 0 0 0 9 0 40 0 0 0 0 0 0 10 0 0 0 0 0 0 0 0 0 28 17 0 0 31 17 9 0 11 0 0 0 0 0 0 0 0 16 10 0 88 0 0 0 0 0 13 0 27 3 16 0 0 41 22 0 0 0 0 89 0 0 37 35 6 0 0 0 0 0 0 0 24 0 0 28 30 0 0 0 0 0 37 18 16 0 32 0 0 15 7 22 0 0 0 0 0 35 0 45 0 0 0 0 26 0 22 0 36 0 0 0 12 3 0 0 0 0 0 0 0 18 0 0 14 0 0 0 0 0 0 5 16 0 0 6
 0 0 0 4 0 0 0 0 0 0 0 0 0 0 18 0 0 0 0 0 29 0 0 0 0 0 0 0 0 0 0 0 0 0 0 0 0 0 0 0 12 0 0 0 0 0 0 11 0 0 0 0 38 0 0 0 0 0 0 0 0 0 0 24 0 2 0 17 35 21 7 39 0 0 0 3 32 0 0 10 0 0 0 0 15 0 14 0 2 0 6 0 0 0 0 0 0 0 0 2 0 0 0 6 4 0 0 0 0 0 0 0 0 0 0 0 0 0 0 23 0 0 0 0 0 1 0 0 1 0 0 18 0 0 0 29 0 0 27 12 0 0 0 0 0 6 0 16 0 2
 71 60 0 0 0 28 40 54 0 0 18 0 21 39 0 71 9 0 60 84 12 21 29 40 0 0 36 74 7 57 0 24 0 0 0 82 0 0 21 51 42 12 69 0 0 28 1 75 58 50 31 2 0 0 0 12 63 6 37 9 0 42 0 35 69 26 93 8 11 27 52 58 71 0 88 67 61 51 48 69 14 11 55 20 39 29 0 66 58 93 36 62 3 59 23 64 52 53 26 25 48 48 87 63 0 0 64 30 0 6 0 69 0 0 0 0 66 0 61 91 0 58 16 0 49 37 31 17 50 56 0 68 48 21 83 61 32 17 60 50 22 0 74 0 0 31 25 66 66 27
 92 0 0 0 52 3 0 0 0 0 9 39 0 0 39 0 0 43 72 50 0 52 0 37 0 0 18 27 86 58 4 7 12 0 21 63 1 0 86 69 0 44 65 66 0 93 63 16 0 39 44 43 8 0 55 57 1 0 11 5 0 50 13 34 0 82 60 81 13 0 15 72 66 18 0 47 51 31 0 15 41 72 0 15 0 0 28 46 46 0 0 0 0 0 0 0 14 54 0 23 53 52 0 7 0 87 18 59 0 0 0 0 29 62 0 16 33 49 71 24 0 0 20 84 0 0 37 0 28 0 0 0 25 53 0 0 0 0 0 0 0 0 29 0 0 53 0 0 0 0
 0 54 0 38 7 21 48 55 33 0 23 0 23 24 0 73 0 58 29 54 0 2 0 2 36 10 84 53 48 11 0 3 0 6 0 47 0 0 4 52 12 44 54 0 0 34 0 0 4 48 51 4 17 0 67 0 49 31 12 0 0 14 15 68 17 0 64 74 58 32 19 55 84 47 13 0 55 0 0 0 18 48 0 20 0 2 0 0 48 92 46 50 50 5 83 10 77 30 0 49 49 0 79 18 12 49 43 0 0 13 0 0 19 0 17 0 7 0 17 0 27 2 78 63 19 0 18 87 13 51 0 0 0 8 6 27 30 4 29 0 0 0 16 0 0 21 0 3 53 18
 32 0 0 8 0 55 5 16 0 0 0 89 0 0 10 50 8 66 0 93 0 0 15 0 0 0 0 0 0 0 0 22 0 0 0 13 7 2 0 0 18 29 4 14 22 0 0 0 19 0 35 0 0 22 59 4 0 0 85 0 0 0 0 0 0 60 0 0 94 0 13 36 0 76 0 0 10 9 0 30 0 12 18 0 0 0 0 11 0 0 0 1 2 0 2 0 0 0 4 47 45 0 0 32 0 49 0 58 0 12 6 0 0 50 0 10 14 0 16 1 0 0 64 0 0 0 0 0 1 63 0 0 0 0 0 0 0 19 0 31 8 0 26 0 5 0 21 4 7 0
 52 85 0 30 0 94 24 97 0 23 20 0 0 0 0 99 0 0 95 0 0 48 6 59 22 0 45 72 80 61 22 0 0 0 6 6 0 0 16 32 26 0 3 0 14 64 0 13 0 87 50 46 26 8 0 19 20 0 18 0 0 0 0 48 49 17 63 0 21 33 0 0 66 9 69 57 46 76 0 8 22 59 0 0 25 29 0 0 31 0 0 46 0 68 0 6 94 0 72 6 55 66 0 59 38 54 55 41 47 45 22 0 51 92 16 15 32 21 69 28 17 0 60 38 33 28 4 70 65 47 0 65 0 88 0 23 52 0 58 41 0 53 45 0 3 20 85 19 35 0
 38 0 0 0 14 5 0 0 0 0 0 0 0 0 0 0 0 39 45 21 0 17 0 36 14 0 0 0 18 66 0 63 0 5 35 17 0 0 8 25 0 0 0 64 0 18 0 0 0 0 30 33 86 0 0 0 26 0 25 0 0 87 0 35 0 10 0 22 79 29 7 47 11 60 0 0 0 44 0 0 5 0 11 0 0 0 31 53 91 26 0 0 73 62 1 0 86 47 0 96 13 0 0 0 0 95 0 4 0 6 0 0 0 0 0 0 38 0 0 51 22 0 39 0 0 0 0 10 0 0 0 27 0 83 0 0 0 51 0 0 38 0 0 0 0 85 8 0 0 0
 84 3 2 61 0 28 0 14 26 3 0 3 7 0 0 54 0 0 21 0 6 0 5 0 0 0 0 0 0 0 0 11 0 0 0 40 0 0 0 44 0 0 71 4 0 0 25 0 0 0 0 0 0 19 0 0 23 0 29 0 0 0 11 0 39 57 0 0 0 0 33 57 0 67 0 0 0 0 19 39 0 20 0 0 0 0 0 76 0 0 0 24 0 0 29 0 94 0 0 12 88 0 0 0 0 4 1 66 0 6 0 0 9 40 0 0 1 0 68 70 49 0 48 0 0 0 0 13 61 51 0 11 0 0 0 22 0 0 0 0 0 0 0 0 0 40 0 0 0 5
 0 5 0 62 0 0 6 0 0 0 0 19 38 1 0 0 0 75 86 27 0 55 0 74 0 0 25 25 0 41 0 14 0 0 0 7 0 3 0 13 0 0 35 82 0 0 0 0 0 0 0 0 0 0 69 0 23 0 48 0 0 0 0 0 7 20 0 71 5 0 0 0 0 56 0 0 0 46 0 0 0 0 0 0 0 0 0 0 0 0 0 12 63 0 0 0 16 3 0 12 27 0 0 0 0 22 32 7 0 30 14 0 0 78 0 19 8 0 92 68 0 0 62 0 0 0 0 0 65 51 0 1 0 0 8 0 0 0 0 0 0 0 0 0 0 2 0 38 0 0
 73 0 0 66 17 0 21 0 0 0 76 67 0 62 0 43 0 40 40 0 15 45 22 4 0 0 41 56 0 0 39 80 0 0 0 0 0 0 0 48 66 21 5 88 0 64 0 0 83 39 42 73 50 49 25 39 3 52 40 20 0 0 71 0 50 7 0 0 47 0 73 21 82 6 0 0 16 0 0 0 0 53 0 0 0 63 63 78 0 70 43 60 0 0 65 70 0 1 0 33 17 6 0 0 0 40 80 0 0 0 5 64 0 0 0 0 40 55 90 0 2 86 0 79 0 7 0 3 0 0 0 1 0 54 0 49 31 64 0 0 0 4 54 0 1 0 96 0 25 9
 0 0 0 0 59 0 0 91 14 31 93 0 62 0 0 40 34 81 8 0 0 57 0 79 0 0 15 34 31 0 24 53 0 0 0 83 0 0 17 24 0 58 47 25 0 5 0 24 52 10 10 76 0 0 21 64 0 64 38 0 0 51 13 31 0 79 0 1 28 27 87 0 0 4 0 43 7 26 0 0 78 0 0 0 66 9 15 35 71 0 4 74 60 39 87 10 39 9 0 33 22 92 29 21 0 30 0 23 0 0 0 0 9 16 0 0 0 32 0 88 0 0 8 61 0 3 78 0 48 0 0 2 7 0 0 35 36 27 0 0 0 0 32 0 15 85 0 0 80 0
 0 86 0 45 58 59 45 14 0 0 34 65 8 76 0 47 0 57 0 56 8 0 0 47 0 0 14 25 56 5 4 51 4 0 0 30 0 93 11 42 33 43 0 44 0 55 69 52 37 0 5 26 26 19 9 95 60 5 0 37 29 34 8 64 65 82 7 0 40 35 87 0 64 41 36 32 79 0 0 0 80 0 17 10 20 12 0 10 26 36 29 0 1 0 67 89 0 7 0 18 47 9 32 6 10 0 59 27 37 43 0 77 11 45 30 0 73 0 0 11 33 78 17 89 40 10 50 24 19 14 0 84 62 0 21 0 96 39 47 25 0 49 27 0 0 66 58 13 48 0
 60 17 3 0 74 11 0 0 0 0 11 72 88 0 25 0 0 3 0 45 0 43 0 63 0 0 0 34 0 0 0 62 0 0 0 0 5 0 38 43 0 0 4 9 0 80 0 0 20 40 0 0 25 10 82 0 62 15 66 0 0 42 0 12 83 35 0 0 0 0 14 7 20 21 0 0 0 0 0 66 0 0 0 4 36 0 7 7 0 5 6 0 71 0 59 0 0 0 0 45 89 91 0 0 0 73 30 74 0 0 0 0 0 9 0 0 15 0 11 46 0 30 0 7 0 0 23 0 8 59 33 1 23 28 0 93 81 0 0 18 0 0 0 0 12 0 0 0 0 0
 80 27 0 31 45 63 0 0 0 0 22 0 0 0 0 79 0 28 0 0 0 0 8 12 0 0 19 0 47 61 0 56 0 0 0 27 31 0 0 0 0 0 37 29 0 4 76 0 0 44 0 0 19 0 0 64 66 46 0 10 0 0 0 35 0 91 0 38 73 53 44 0 0 78 16 0 49 93 0 31 14 0 12 0 68 3 0 54 36 0 0 68 65 27 37 0 0 20 0 50 58 0 0 0 0 68 0 83 0 0 0 0 66 75 0 0 0 12 0 39 25 0 25 18 0 0 6 0 14 17 0 0 0 0 0 16 40 11 0 0 0 19 0 0 0 28 0 0 0 14
 0 42 0 0 2 21 26 51 0 23 30 7 25 65 0 4 6 88 55 9 0 34 0 0 81 0 81 65 46 61 32 0 0 0 61 0 67 22 0 0 56 64 81 9 0 46 29 0 16 77 0 55 0 14 6 0 65 0 0 0 0 0 49 0 44 31 24 74 13 26 5 46 0 88 26 15 12 0 14 95 0 0 57 38 26 28 0 24 82 2 77 3 51 14 79 88 0 0 5 53 30 5 0 5 0 44 57 0 0 6 5 0 62 0 43 0 0 0 20 36 60 6 11 22 39 0 65 46 3 29 60 51 41 21 54 70 72 8 5 32 4 71 28 0 51 35 31 31 0 0
 0 60 0 12 0 62 23 53 0 69 50 36 75 22 0 15 0 0 40 70 82 0 3 82 0 2 81 0 36 0 0 0 23 0 0 82 0 0 3 66 0 0 58 21 0 56 33 0 0 39 75 74 8 76 0 23 48 71 0 52 0 12 63 8 27 2 52 0 63 83 44 31 0 83 55 0 23 18 75 20 0 23 61 16 5 17 57 19 63 0 0 47 0 24 56 70 0 26 40 0 64 15 55 33 74 40 0 68 0 0 0 36 40 11 0 0 0 65 54 18 26 19 83 35 49 0 0 31 31 63 19 66 16 0 0 23 54 34 0 0 57 0 31 0 0 20 86 11 69 18
 7 0 0 0 79 38 0 0 0 22 0 17 0 0 0 7 18 63 10 71 0 68 20 0 0 8 0 0 0 55 0 0 0 0 0 86 0 0 0 44 0 0 0 84 0 0 5 0 0 0 0 0 0 0 37 25 0 0 34 0 0 0 0 0 27 19 0 64 2 27 0 4 0 18 0 0 23 0 0 18 0 2 0 0 0 21 0 34 0 0 2 8 0 0 0 31 64 1 0 2 67 0 0 0 0 18 0 0 4 0 0 0 0 75 20 0 0 14 70 13 2 0 0 0 0 0 0 36 0 0 0 0 0 34 0 0 0 0 13 0 0 20 0 0 0 0 0 0 0 0
 38 0 0 52 2 0 0 42 0 0 42 15 0 2 0 0 55 58 49 69 0 0 0 0 0 0 30 7 41 0 7 27 0 24 0 75 0 27 0 72 17 6 25 0 0 14 37 9 42 76 0 64 35 46 0 0 0 16 33 0 0 71 36 38 68 3 15 13 76 88 0 72 13 0 38 29 0 90 0 1 74 0 0 11 7 0 0 54 20 61 0 86 0 77 0 23 21 84 53 32 76 38 20 59 76 16 26 30 0 51 3 4 42 3 13 31 0 4 56 5 0 0 57 15 27 37 54 0 0 15 0 5 0 0 0 0 20 60 0 27 0 11 81 0 0 54 0 9 0 4
 0 0 0 0 77 11 0 39 0 0 86 27 0 0 0 0 0 22 62 0 0 21 0 5 10 0 52 42 75 65 0 0 14 0 0 4 0 14 0 0 7 87 51 0 0 8 37 0 29 22 44 66 19 0 45 0 1 28 10 63 0 55 24 0 7 0 58 6 17 67 0 47 6 0 26 0 16 0 0 6 34 79 0 31 14 0 13 76 1 83 11 33 0 21 6 0 36 59 0 71 42 26 15 54 8 59 0 0 0 0 0 78 0 19 0 0 0 73 0 43 10 0 53 74 0 0 0 0 94 0 0 36 0 0 0 18 0 0 28 15 0 59 22 0 0 47 0 0 30 0
 28 0 21 33 60 0 0 0 0 0 8 42 0 0 17 40 58 88 63 3 12 68 0 24 0 0 13 0 0 87 0 52 0 20 0 10 0 4 73 64 3 0 49 0 0 40 0 0 0 65 58 4 0 8 7 0 45 0 20 0 0 58 0 0 70 0 5 0 29 42 0 0 0 18 0 0 43 67 0 28 68 0 4 0 0 0 0 0 0 91 14 0 0 88 0 0 57 26 0 21 25 5 2 66 0 0 0 80 0 0 0 20 54 0 0 0 0 0 67 56 22 0 0 0 33 0 27 0 56 74 0 13 0 0 0 45 37 63 0 0 0 19 1 17 0 3 2 0 0 0
 11 0 0 47 0 33 20 12 0 0 55 41 38 0 0 77 0 69 94 26 0 34 0 11 0 0 33 40 61 20 0 28 6 0 0 63 24 0 39 0 23 23 5 0 0 52 32 0 28 19 91 0 73 0 20 0 0 0 7 51 31 62 46 28 44 4 0 78 0 0 39 14 28 0 0 53 49 0 5 0 54 0 0 0 86 14 0 61 74 0 0 0 45 0 31 14 0 25 11 0 61 21 88 10 5 60 0 58 0 26 0 0 13 2 0 28 72 43 1 33 38 0 0 64 0 19 12 34 0 0 0 0 0 21 11 28 0 47 0 64 29 64 0 0 0 84 0 41 29 0
