150
 0 0 11 0 0 0 0 37 6 0 30 30 41 58 14 18 43 0 0 76 44 17 0 0 0 0 0 0 0 0 8 18 0 0 0 31 17 0 0 0 42 9 11 0 0 0 44 0 0 85 0 6 0 55 0 0 0 75 8 71 0 0 0 50 29 0 4 0 0 0 21 0 0 6 0 69 0 9 0 6 0 0 0 4 6 16 15 0 33 54 0 36 39 0 52 28 64 0 0 0 0 0 0 74 28 11 35 25 8 0 0 0 72 19 11 0 14 0 0 0 0 0 0 0 0 0 0 7 73 0 48 11 59 0 47 24 0 0 0 51 0 40 56 28 0 85 0 0 8 0
 56 0 29 0 0 0 24 19 2 58 1 0 2 17 0 0 0 0 74 8 27 0 0 54 0 0 0 0 2 0 30 0 10 0 0 0 29 39 0 46 58 52 76 0 0 73 25 0 28 9 32 28 36 63 0 0 0 60 32 11 8 0 3 83 2 0 0 8 0 0 53 79 0 38 0 0 41 0 10 0 63 16 0 37 0 77 24 10 0 40 0 11 44 0 63 19 0 19 32 0 0 0 47 33 1 86 67 6 48 0 0 5 0 45 8 0 42 70 0 6 0 0 17 31 3 0 41 47 33 0 23 74 71 0 10 4 31 0 0 56 0 43 88 20 0 58 0 32 0 34
 0 0 0 0 6 6 1 49 12 7 0 0 0 0 0 48 0 0 0 0 0 0 0 0 0 0 0 0 0 26 0 0 0 0 0 0 0 0 0 12 35 0 0 0 0 7 10 0 5 69 0 0 0 23 0 0 0 0 0 0 0 0 3 0 45 9 0 0 0 29 0 0 0 0 39 0 8 0 0 2 0 17 14 51 2 0 0 0 0 0 0 4 0 0 33 2 0 0 0 0 0 0 0 18 0 52 0 22 16 0 0 0 0 0 0 6 4 5 30 10 0 0 0 39 0 0 78 0 0 0 0 28 0 7 0 0 0 0 0 41 0 0 71 0 16 0 21 21 0 0
 82 63 52 0 32 58 61 66 0 82 14 53 17 1 0 56 0 0 38 51 95 46 0 23 0 0 7 80 91 55 52 51 22 24 51 0 32 20 74 35 36 9 0 0 0 60 0 0 11 0 19 0 86 26 38 64 59 0 0 43 60 0 24 72 34 0 75 56 18 81 30 62 84 50 0 25 27 9 0 31 22 37 4 0 59 0 60 0 20 56 78 3 65 30 62 85 6 60 34 0 16 0 21 36 0 13 9 0 0 3 7 22 45 5 0 0 7 70 0 0 0 85 0 0 53 30 0 85 28 41 0 85 0 23 0 0 57 0 0 28 0 10 31 4 0 3 89 0 46 27
 13 26 0 0 0 0 49 0 17 12 61 0 89 0 26 0 0 18 61 66 0 8 14 36 43 0 0 72 77 0 0 0 0 0 78 9 0 54 0 6 61 50 11 68 11 0 25 0 70 7 51 46 0 18 51 0 3 0 0 28 0 0 0 99 21 0 0 10 0 0 7 0 29 23 0 0 0 0 0 28 0 0 0 18 52 0 71 33 0 55 17 0 3 13 0 38 0 0 40 0 13 0 19 44 90 67 3 0 44 0 67 58 64 0 33 0 0 0 21 62 0 33 28 23 52 0 15 57 89 52 4 0 47 88 0 0 0 0 0 53 30 71 26 24 31 21 96 0 66 0
 30 21 0 0 29 0 0 35 0 83 58 0 0 0 15 0 58 0 0 26 0 0 19 0 0 23 0 0 7 0 54 0 0 0 0 0 0 0 0 78 55 0 59 0 2 0 17 0 0 21 0 0 28 33 0 0 0 13 0 2 0 8 0 47 33 9 22 0 0 0 1 0 2 78 0 4 5 0 0 62 0 34 0 84 0 0 0 26 40 38 0 0 0 0 0 31 70 0 0 8 23 22 7 24 0 47 14 35 73 0 0 0 0 0 21 0 0 22 0 0 0 0 0 0 28 0 50 0 39 6 46 0 9 0 19 98 75 2 0 0 0 25 0 67 0 24 0 10 0 3
 33 0 0 0 0 20 0 76 0 32 28 49 45 76 36 38 14 0 73 0 64 16 0 97 19 0 37 0 0 0 39 47 33 0 0 0 11 0 0 28 31 67 0 0 2 50 14 8 0 21 62 8 9 42 0 0 0 58 0 65 0 0 56 26 0 27 0 0 41 6 21 42 0 70 0 58 4 66 0 7 70 43 25 0 0 45 35 40 54 0 84 40 0 0 0 71 67 0 0 17 0 0 80 0 44 37 45 0 0 0 31 22 72 53 2 0 0 4 38 30 0 0 0 9 24 0 60 37 41 61 17 0 0 58 65 29 3 10 60 14 0 5 0 10 0 78 61 0 14 42
 0 0 0 0 30 0 0 0 0 59 0 0 11 0 0 0 0 0 31 0 0 8 0 0 0 0 22 0 0 0 14 0 0 0 0 0 0 0 35 0 83 0 1 0 0 0 19 0 0 74 0 0 60 66 0 12 0 0 0 0 0 0 0 0 15 0 0 2 0 2 0 0 0 0 0 0 0 2 0 0 26 0 11 67 6 0 0 12 14 0 7 29 0 0 1 0 0 15 88 0 0 0 0 0 22 98 8 0 8 0 7 0 0 0 0 0 26 0 0 0 20 0 0 11 25 0 0 0 0 0 14 0 0 0 0 0 0 0 0 61 0 0 0 0 0 39 0 0 1 11
 0 0 0 30 0 26 90 8 0 20 0 77 0 88 0 27 9 0 0 81 66 51 0 78 84 0 14 58 94 92 0 23 0 27 95 54 57 95 76 41 0 0 10 18 53 10 0 3 24 39 0 55 14 57 0 6 0 57 0 40 80 0 63 65 22 5 0 18 14 48 0 80 13 7 60 0 6 0 14 0 0 37 29 0 0 0 44 53 85 69 66 7 11 14 61 81 0 71 28 10 15 0 3 58 51 51 8 0 30 0 5 51 22 0 0 0 0 11 0 0 0 56 0 0 14 19 0 29 0 41 41 72 0 87 0 0 41 0 64 54 0 40 10 72 18 32 0 0 68 32
 10 0 0 0 0 0 0 0 0 0 0 22 0 0 0 0 0 0 0 0 0 0 0 29 0 20 9 0 0 0 0 0 0 0 0 0 7 0 0 0 0 0 0 0 0 18 0 0 32 31 28 0 33 0 0 19 31 0 0 0 0 36 28 0 0 0 1 0 0 0 0 0 0 3 5 28 0 0 0 15 0 29 0 76 11 0 0 0 0 0 0 6 3 0 0 0 0 0 5 0 0 0 0 0 1 25 0 0 0 0 0 0 15 0 0 0 0 37 0 0 0 0 0 0 17 15 25 0 0 0 0 0 0 0 0 0 0 0 0 14 33 0 0 0 0 0 4 0 35 0
 0 0 33 0 0 0 0 45 0 24 0 17 18 0 0 61 10 0 0 0 0 0 0 0 0 20 24 33 35 0 60 0 0 0 0 24 0 4 0 0 34 17 0 0 0 0 0 0 0 56 24 20 97 58 16 0 0 0 0 0 20 0 14 0 84 0 0 0 95 0 0 17 0 61 0 60 0 0 0 0 5 0 8 0 0 9 0 0 0 0 0 0 0 10 34 0 0 0 70 0 0 0 0 92 0 0 24 0 1 0 0 0 0 0 13 0 0 29 0 0 17 0 0 11 0 0 0 0 0 0 0 20 8 26 0 33 0 0 13 88 0 83 10 0 0 0 0 0 0 11
 0 13 6 0 38 1 0 33 0 0 0 0 11 11 45 55 0 25 11 0 0 0 0 0 0 0 0 0 0 1 93 0 28 0 0 0 2 14 0 36 35 0 16 0 0 0 0 0 13 71 0 11 24 34 0 0 0 0 0 0 0 0 0 0 57 0 0 0 0 0 28 0 0 0 0 47 0 0 0 0 13 19 0 80 18 12 0 27 0 0 0 30 0 0 13 0 14 0 0 0 0 9 0 26 0 30 0 0 64 0 0 0 0 0 0 0 15 0 4 0 0 0 0 0 0 12 13 0 0 33 0 0 29 0 30 0 0 0 0 24 0 41 44 12 24 1 0 0 0 0
 0 0 57 0 0 40 0 0 32 4 0 0 0 35 0 12 70 31 0 40 0 0 8 0 0 0 0 0 0 0 38 0 0 0 5 0 16 0 0 28 44 50 0 0 0 75 0 0 0 0 9 0 74 27 4 0 0 0 0 61 0 36 0 0 39 0 0 8 73 7 0 13 0 0 0 43 0 33 0 0 0 0 0 27 9 0 0 0 0 27 4 22 5 0 21 91 45 0 32 50 6 0 0 53 67 0 19 13 2 0 0 7 90 24 0 0 0 70 0 35 0 0 31 0 0 0 29 0 0 51 79 0 13 1 32 17 5 54 0 31 2 60 69 0 0 0 0 0 0 0
 0 0 31 0 20 3 0 96 0 35 15 0 0 0 0 59 0 11 37 13 15 0 8 94 0 11 0 0 0 0 17 0 0 0 0 0 0 5 0 0 39 45 0 0 0 41 0 0 0 38 0 0 88 58 0 0 35 40 0 0 0 0 0 5 10 0 0 0 57 0 58 0 0 0 0 42 0 3 0 0 18 0 0 7 9 0 14 0 79 19 0 72 21 22 0 0 43 4 40 0 14 0 43 0 0 21 0 0 69 0 0 0 0 49 0 0 9 61 4 0 0 0 0 0 0 4 44 18 53 14 0 0 0 0 0 24 68 13 0 21 0 44 0 83 0 40 0 8 0 0
 0 24 23 35 0 0 0 12 27 23 9 0 10 23 0 0 0 0 0 0 0 0 0 0 0 0 2 0 0 0 78 16 0 1 0 0 36 18 0 0 0 0 0 0 0 0 0 0 10 29 0 29 0 0 0 0 0 0 3 0 27 0 0 0 0 0 13 0 0 0 0 10 0 0 0 0 0 0 6 11 0 0 25 24 0 0 30 0 0 0 0 90 0 1 0 0 0 0 88 0 0 11 0 0 0 0 0 0 0 0 0 0 22 23 0 0 0 0 0 0 8 0 0 0 0 0 0 33 0 0 0 0 0 0 25 0 0 0 0 0 0 0 5 0 0 15 28 0 0 0
 0 22 0 0 31 9 0 8 0 43 0 0 0 0 1 0 0 0 1 7 0 0 0 0 0 0 0 0 35 34 0 0 0 4 0 22 0 0 24 0 16 8 0 0 30 4 0 0 19 0 18 53 41 0 0 0 0 0 0 0 0 0 4 14 36 11 0 0 1 0 0 0 15 0 5 18 12 12 11 0 0 0 0 11 0 7 0 0 0 11 0 0 39 0 56 0 1 4 66 0 28 0 77 11 0 36 19 0 0 0 0 0 0 0 0 0 0 0 0 0 13 0 0 0 1 0 8 0 0 0 0 0 24 0 0 11 0 0 0 0 0 0 87 0 0 0 0 0 0 0
 0 16 6 32 14 0 0 8 0 44 0 90 0 13 42 52 0 0 0 5 32 0 26 47 0 0 0 0 9 15 53 13 0 0 0 0 0 0 0 0 73 11 59 9 20 0 0 0 0 64 0 21 73 63 0 28 0 14 0 0 33 0 0 0 36 20 0 31 17 0 0 11 0 0 0 80 19 13 0 60 0 24 0 73 0 0 0 0 51 33 0 0 28 0 33 0 32 0 0 17 0 0 21 44 75 1 0 34 0 0 0 24 0 0 0 0 0 8 0 0 0 0 0 0 0 0 96 0 48 24 6 0 60 0 27 88 47 0 0 78 0 0 47 0 0 71 0 8 0 29
 65 71 20 39 0 26 26 38 90 85 6 0 0 0 11 55 1 0 94 64 0 5 43 52 0 0 0 26 0 47 0 0 14 29 0 55 0 81 0 0 82 0 31 29 19 75 46 41 23 66 43 5 17 33 57 43 0 0 0 16 55 0 53 55 43 0 23 63 66 71 67 0 0 36 34 0 63 12 51 33 0 15 56 87 82 31 5 5 7 90 48 0 0 23 6 71 0 46 33 0 7 0 58 88 94 53 7 0 9 0 0 64 3 0 24 29 77 4 79 2 26 0 50 8 75 29 0 0 32 0 0 0 48 0 1 81 0 17 0 33 0 48 35 22 0 32 62 0 13 36
 0 0 16 0 0 53 0 0 32 22 40 0 58 0 73 0 87 0 0 0 43 0 0 47 0 0 1 7 23 0 71 68 0 2 0 3 0 0 0 0 26 29 0 2 0 63 50 0 0 20 51 86 36 0 0 13 0 46 0 20 0 0 0 78 68 0 8 0 41 23 25 7 0 64 0 41 0 0 6 43 16 0 0 55 0 0 0 15 0 65 0 69 62 0 0 0 74 0 27 42 0 0 0 42 0 49 0 24 0 0 11 4 7 39 0 25 14 18 36 0 0 0 0 0 0 0 17 57 82 0 59 53 43 32 0 24 0 0 0 36 0 86 21 5 0 1 56 0 0 0
 0 0 13 0 0 0 3 40 0 53 0 34 0 0 35 0 0 0 0 0 0 0 0 0 0 15 38 0 0 3 38 0 0 0 0 0 0 13 0 7 67 0 0 21 0 0 0 32 0 0 14 0 0 26 0 0 0 11 35 0 0 0 0 39 56 0 0 0 56 0 16 0 14 33 0 37 0 0 0 0 2 6 0 85 0 0 0 0 0 0 10 21 0 0 16 0 0 18 83 0 0 0 72 3 78 92 15 0 0 0 0 0 0 17 9 0 0 0 0 0 0 0 0 0 36 0 38 0 80 17 14 0 0 0 27 18 20 7 13 27 0 61 76 10 0 18 0 0 0 0
 0 0 81 0 12 7 0 61 0 35 70 9 2 0 1 87 0 26 0 41 0 32 22 73 0 13 0 0 11 0 49 0 25 0 0 0 4 6 29 0 0 0 0 0 0 0 0 0 0 20 0 15 13 24 0 35 0 11 33 0 0 0 17 0 14 0 5 0 55 0 0 0 22 0 0 33 0 0 0 0 0 0 0 13 0 38 0 26 19 0 0 80 0 0 86 0 11 15 62 0 0 0 48 0 10 0 0 0 86 3 0 20 0 0 0 0 11 0 0 1 0 0 0 0 0 0 35 0 44 0 0 0 66 0 0 0 3 0 33 45 7 4 62 0 4 29 38 0 2 6
 0 15 17 0 0 70 0 0 0 65 57 61 74 44 30 4 71 0 62 14 0 0 0 0 45 0 24 0 34 0 0 59 6 0 4 0 0 36 51 0 0 17 19 5 0 30 1 0 62 43 70 84 2 33 0 0 0 0 31 0 0 13 5 0 76 63 0 0 0 0 14 31 58 15 11 60 0 31 0 29 29 46 0 98 0 59 79 65 32 55 0 0 0 16 10 0 60 0 0 12 0 0 11 27 90 23 13 0 0 0 89 13 0 0 62 12 0 38 54 0 0 0 1 0 36 0 37 81 65 27 0 24 53 0 24 57 1 52 0 60 0 54 12 7 23 85 0 0 14 9
 12 1 33 26 0 0 0 18 22 8 8 4 0 0 51 86 0 0 56 7 0 86 0 0 33 0 2 51 0 1 31 16 23 39 39 2 11 0 11 0 0 89 37 0 71 54 0 22 13 7 0 44 4 0 58 26 34 8 0 34 44 0 0 65 0 59 27 0 54 23 19 56 0 46 0 0 0 0 4 16 12 38 22 22 13 69 62 73 15 0 45 48 67 0 44 32 2 16 25 54 0 0 39 51 20 0 50 0 0 0 63 84 21 52 12 23 0 52 57 43 0 38 3 0 55 73 13 40 69 1 34 52 53 22 80 7 0 45 0 69 10 59 75 0 0 54 75 0 76 7
 20 0 12 0 0 34 0 32 0 0 28 0 37 0 99 76 0 0 0 55 0 4 12 0 8 0 0 0 0 0 44 0 0 0 0 0 0 0 0 0 53 6 94 0 0 0 0 0 0 33 16 0 0 58 13 0 0 1 0 25 23 0 0 9 10 1 0 0 23 1 0 0 0 23 0 0 0 6 0 0 0 0 0 11 0 30 0 0 26 0 0 0 0 0 0 0 0 0 0 19 0 0 12 21 47 61 0 0 8 0 0 0 0 18 36 0 0 0 0 0 0 0 6 0 3 0 0 0 4 0 2 0 1 1 4 63 0 0 0 0 0 75 60 0 0 64 0 0 0 0
 18 73 10 21 0 2 0 20 0 9 27 30 32 22 21 48 36 5 14 37 16 0 0 0 0 21 0 0 8 0 0 0 0 0 0 28 74 39 23 86 74 0 29 0 0 49 0 2 40 0 0 0 0 68 0 0 0 31 0 87 0 6 30 53 0 0 2 21 35 0 0 56 0 0 13 1 82 14 0 28 0 6 0 51 0 0 0 0 0 0 57 45 0 19 0 8 70 0 65 69 0 0 0 48 71 6 0 0 29 31 0 14 6 79 0 0 75 0 0 47 0 0 0 0 0 0 20 0 0 30 0 77 27 21 0 50 64 57 39 81 0 0 0 48 0 26 42 0 0 69
 56 55 58 92 47 0 1 16 45 0 0 52 59 0 69 3 5 68 8 0 0 75 38 30 0 0 77 0 65 0 47 5 70 3 75 0 0 0 18 0 21 0 0 23 43 10 71 97 0 1 55 72 34 86 10 5 31 26 0 49 35 0 34 0 0 79 25 88 0 73 15 44 13 85 57 57 12 2 20 69 68 75 39 10 67 51 51 37 13 11 18 2 21 0 48 64 0 31 0 18 0 0 0 0 0 41 48 0 37 0 11 0 0 0 62 71 26 15 0 46 42 18 7 0 0 9 27 77 8 54 18 49 0 16 86 68 58 12 20 33 0 0 40 0 74 56 43 0 59 0
 2 2 79 0 17 15 0 0 0 0 0 38 38 54 0 14 52 0 0 0 29 0 0 49 18 0 0 0 0 0 61 0 0 0 0 3 7 56 0 65 58 15 71 0 0 38 0 0 0 44 0 49 80 65 17 0 0 18 2 0 1 0 0 64 74 0 30 1 0 0 36 47 0 13 4 18 0 2 0 0 89 5 0 0 0 0 58 47 17 16 0 2 0 36 7 60 28 20 0 0 0 0 54 0 1 52 45 0 0 7 0 0 52 0 9 2 0 49 0 0 0 0 0 0 0 0 76 0 21 43 0 40 0 17 0 42 54 18 30 37 16 51 59 18 0 37 0 0 0 0
 92 37 58 0 0 42 0 74 0 17 0 7 0 25 17 19 76 0 0 8 28 48 0 16 1 16 37 0 43 0 39 0 0 0 0 23 14 0 0 0 2 57 0 51 0 0 22 0 0 21 0 79 23 6 0 0 0 0 0 59 0 0 0 67 9 31 0 0 0 0 15 86 33 39 0 0 0 0 0 10 0 19 0 37 57 72 57 64 0 5 0 9 84 0 0 0 0 25 71 1 0 0 35 96 0 35 49 0 14 0 17 45 0 26 43 0 0 4 0 49 0 12 24 0 28 38 68 78 10 18 41 0 33 65 35 54 57 45 72 50 0 67 30 0 0 27 0 0 10 53
 52 0 8 0 0 0 3 7 0 18 0 22 2 38 42 0 0 32 0 10 0 0 26 73 0 0 34 0 0 1 57 0 0 0 0 0 68 71 0 19 0 0 0 7 0 67 46 21 0 48 88 48 80 12 14 0 7 61 22 0 0 0 69 56 49 25 0 0 7 0 48 0 0 17 0 61 8 38 0 21 0 42 0 51 17 0 53 46 36 87 50 22 22 38 16 66 0 0 6 11 33 6 37 56 48 78 12 0 74 0 0 2 0 51 0 0 97 52 0 67 0 0 12 0 47 0 0 40 67 29 41 30 66 48 0 0 37 30 31 66 18 42 0 75 21 47 0 24 0 72
 32 68 0 0 68 8 65 33 0 65 34 0 3 57 32 0 0 0 89 0 74 1 0 22 12 10 19 94 0 0 21 5 30 33 0 0 20 42 2 29 0 4 37 22 0 0 0 0 72 0 60 73 11 88 29 0 0 28 0 58 23 4 31 55 9 0 0 0 40 18 85 0 0 46 0 25 0 74 12 0 18 37 13 21 0 59 47 29 60 84 1 76 18 0 38 0 13 17 55 69 0 0 45 0 42 22 50 0 0 0 10 51 40 29 0 0 64 42 0 50 0 38 0 0 56 0 0 0 42 12 80 58 72 54 48 41 98 0 56 26 0 96 84 8 17 77 0 6 19 58
 0 0 25 0 1 0 0 0 38 7 0 0 0 0 0 12 0 19 0 0 0 2 0 0 23 0 0 0 0 0 0 0 0 0 10 0 0 0 0 0 33 0 0 0 0 0 4 0 0 59 22 0 66 0 0 39 0 9 0 0 0 0 0 0 32 21 0 0 38 0 0 0 0 0 18 0 0 0 0 0 0 9 0 13 0 0 20 0 0 0 0 58 27 0 0 0 0 0 44 0 0 0 0 0 0 0 0 0 15 0 0 4 0 0 4 0 0 0 0 27 25 0 17 35 24 0 0 0 0 0 0 0 0 0 0 13 0 0 0 43 0 0 0 0 0 0 0 0 0 0
 0 2 0 0 29 16 0 11 0 30 69 9 35 87 0 58 0 36 0 33 18 0 0 9 1 0 17 0 2 0 2 0 9 0 0 0 0 0 8 60 71 25 33 0 0 21 38 0 0 24 0 42 0 0 0 18 0 37 19 17 0 21 0 0 20 21 0 8 2 0 8 44 0 65 0 36 1 26 0 55 0 0 0 0 0 0 0 0 6 54 0 81 1 0 56 38 55 0 44 16 0 0 0 40 0 28 42 21 1 23 0 0 0 16 0 0 25 41 0 22 0 0 0 0 0 0 76 0 0 65 82 0 0 0 29 43 56 29 0 4 30 0 46 68 27 77 0 0 0 0
 41 0 82 0 3 20 0 41 49 34 63 0 62 22 30 93 29 0 40 24 0 0 0 31 34 0 85 60 79 0 33 0 0 51 17 69 8 0 50 50 57 0 0 36 0 30 0 32 0 5 0 16 1 96 54 72 2 0 0 0 23 4 40 88 0 62 0 69 19 40 39 19 0 19 0 47 54 0 75 39 0 0 13 0 5 0 6 0 0 1 9 44 6 9 76 76 54 0 89 19 18 0 3 0 55 0 0 0 60 36 4 56 36 39 44 62 16 90 0 61 13 0 35 48 66 55 7 66 2 4 36 0 72 45 44 3 12 58 20 61 0 41 61 49 9 71 12 0 41 0
 16 16 19 0 33 38 8 15 0 72 0 53 34 29 0 0 68 0 0 75 0 27 0 20 89 0 6 9 46 0 66 47 0 0 22 0 90 50 9 35 12 79 58 90 0 0 56 0 28 56 34 26 0 0 0 0 0 0 5 0 0 0 61 58 63 69 0 0 2 0 18 56 96 55 0 35 6 57 0 0 0 42 0 16 0 41 0 13 29 13 45 0 61 0 23 0 73 0 3 81 27 35 54 0 0 39 12 0 7 5 37 54 15 0 0 0 65 0 6 52 0 0 0 34 17 0 30 69 28 15 59 27 0 37 0 13 0 45 38 90 0 79 16 0 0 4 0 0 0 23
 88 64 51 0 0 13 6 20 0 54 27 73 0 1 68 68 30 38 30 70 45 0 0 12 8 0 46 31 29 23 0 50 0 0 0 0 69 15 13 39 44 14 12 0 0 65 0 0 0 0 7 0 56 36 0 0 0 15 0 79 3 0 52 68 7 59 0 20 0 5 23 23 35 25 11 35 24 0 0 34 0 42 0 53 16 32 90 79 0 49 39 33 5 0 34 0 22 0 26 6 0 0 8 58 85 43 58 0 42 0 0 35 37 35 0 0 32 21 16 61 24 48 8 0 57 2 35 0 39 96 39 43 64 0 0 41 13 5 28 31 0 0 6 40 30 77 35 28 0 89
 0 68 53 37 0 36 23 12 0 28 0 71 41 18 48 0 12 0 0 35 25 31 0 12 0 32 0 0 27 39 55 50 0 26 85 0 56 0 26 25 27 0 10 17 60 58 0 0 54 0 9 40 60 59 18 84 43 55 0 39 10 0 0 20 12 3 77 90 0 11 33 34 44 53 0 6 44 0 65 33 55 52 7 83 19 64 1 25 0 4 5 27 39 14 56 53 95 57 72 0 14 0 61 0 71 33 65 0 0 14 0 9 5 0 75 0 20 35 3 0 0 11 0 88 3 22 66 34 0 10 44 73 21 78 13 50 31 5 0 0 0 5 28 54 2 44 30 37 0 0
 0 0 6 0 6 12 0 18 0 0 40 0 0 74 0 74 43 13 78 30 0 34 0 60 0 10 0 0 0 0 59 13 0 0 0 0 0 0 0 13 31 7 0 0 0 20 77 30 0 53 58 0 33 35 0 0 0 36 0 75 33 0 0 52 0 36 0 0 84 1 95 61 0 76 8 1 0 0 0 21 47 5 0 25 0 60 12 13 32 0 69 35 23 0 10 0 18 0 53 33 9 0 67 18 28 73 28 0 24 0 0 28 5 87 16 0 0 33 31 0 0 0 0 0 0 0 30 0 89 53 0 20 74 62 39 70 69 11 0 77 0 19 57 36 0 0 81 0 0 85
 57 0 59 0 0 51 3 4 0 54 0 0 0 0 0 49 26 0 7 0 0 0 21 9 0 4 0 0 0 0 38 78 1 0 0 0 10 0 0 44 62 0 0 3 0 24 33 0 73 89 10 54 0 90 0 0 0 85 0 40 0 33 4 9 0 0 0 4 0 0 0 50 0 0 0 42 16 2 0 37 0 0 0 11 0 0 0 34 18 58 0 77 41 0 80 42 0 0 77 46 0 0 70 63 86 88 10 0 63 0 0 18 0 49 31 0 0 21 0 0 0 0 0 0 0 0 8 0 16 76 18 0 15 0 16 0 0 0 0 23 30 10 47 41 3 0 26 9 0 19
 48 37 23 0 10 88 70 0 0 17 76 4 0 18 89 0 78 7 51 45 0 0 0 27 0 0 43 5 7 0 40 0 0 0 0 0 19 82 0 0 36 13 0 0 0 75 57 0 2 27 60 48 93 49 0 0 0 19 32 0 28 0 71 28 16 11 0 0 17 29 17 65 0 30 0 72 0 0 0 2 0 29 0 87 5 42 52 0 44 31 31 0 35 0 24 0 59 0 25 54 1 0 0 0 0 27 21 0 21 0 0 11 0 50 96 13 0 18 0 29 0 59 0 0 0 0 21 0 44 67 43 0 5 0 0 0 66 0 64 0 0 28 73 0 0 0 35 0 0 4
 4 0 0 0 0 0 0 16 0 95 21 0 0 12 60 42 52 12 24 0 54 35 13 46 0 0 0 26 0 0 22 0 0 0 0 0 0 0 4 0 27 17 0 0 0 0 13 0 0 37 37 47 50 0 0 26 0 0 0 0 12 0 0 30 20 25 0 0 0 31 0 15 0 20 0 57 24 0 0 5 0 0 0 0 0 0 0 0 76 0 0 69 0 0 0 6 0 12 0 0 0 0 36 58 0 21 7 0 67 4 0 0 61 32 0 0 16 0 0 0 0 0 0 0 0 25 41 0 54 0 0 0 0 7 42 46 54 33 0 11 18 0 0 0 0 79 0 0 3 0
 0 0 0 0 0 0 0 0 9 25 0 0 0 0 3 0 0 0 0 0 33 4 2 0 0 0 0 0 9 3 0 0 0 0 0 0 0 0 0 0 0 0 0 16 0 0 0 0 21 77 0 0 0 0 5 0 21 0 18 0 0 0 0 0 0 0 0 0 0 0 0 0 0 4 0 0 0 0 12 0 10 0 0 62 0 8 15 0 0 0 0 0 0 0 0 0 0 15 80 0 0 6 0 8 0 0 0 11 18 0 0 0 0 0 0 0 9 0 0 0 0 11 0 0 19 30 3 0 6 0 0 35 0 0 13 0 12 1 0 0 0 21 0 0 0 6 0 0 0 0
 0 0 73 0 0 23 0 10 12 24 0 80 0 0 22 0 0 6 0 61 81 0 0 0 3 25 0 0 19 0 54 0 26 0 0 7 0 5 0 0 9 0 80 0 0 0 0 20 17 53 7 0 53 75 0 32 0 0 0 0 0 14 0 0 63 33 24 0 0 17 0 0 0 5 0 1 27 0 20 26 8 0 12 55 0 16 0 26 85 64 0 7 19 9 33 10 0 0 85 0 0 9 7 59 6 14 0 0 28 0 0 0 84 14 0 0 18 13 0 0 0 0 0 0 22 0 14 0 0 81 0 0 0 0 85 71 51 9 0 36 0 0 35 0 28 83 22 0 0 0
 0 0 78 0 0 0 14 0 0 37 49 0 11 8 58 67 0 0 1 30 10 0 0 0 0 7 0 3 35 0 14 0 17 0 0 0 1 6 8 12 20 0 0 0 0 0 0 0 17 23 0 86 0 55 0 0 1 0 0 0 0 0 0 0 5 0 3 0 77 0 5 0 0 12 7 21 0 7 0 0 0 0 0 0 24 0 0 0 70 0 0 42 0 0 0 0 0 0 26 27 2 0 83 0 19 82 0 0 9 0 0 32 0 60 0 11 0 0 0 0 6 0 0 0 0 10 0 0 0 0 0 0 0 0 0 0 0 0 0 0 0 14 21 0 15 0 9 0 0 0
 10 38 73 25 0 9 35 26 0 49 73 48 48 21 12 33 0 0 0 0 49 0 7 23 7 0 43 0 0 0 72 26 0 0 79 0 20 0 50 28 0 27 52 0 0 0 56 0 67 0 68 9 91 34 0 16 0 87 14 73 0 30 0 43 19 62 0 2 27 0 58 62 3 53 0 0 38 50 0 8 42 1 14 0 19 52 61 91 39 19 62 36 20 0 51 41 53 0 65 38 0 9 6 22 0 0 42 0 0 0 46 49 2 0 0 0 67 8 17 20 0 56 14 0 31 7 39 0 69 48 47 34 84 9 34 0 5 83 0 0 0 0 40 11 0 63 56 14 59 0
 81 69 58 10 0 0 0 41 0 78 38 70 22 51 31 0 0 0 69 19 48 3 0 30 47 0 15 21 85 72 13 3 16 28 29 0 22 22 87 67 57 12 2 27 0 0 94 26 39 42 85 62 0 32 65 63 16 82 0 69 33 0 0 77 69 0 68 0 30 0 0 98 11 0 0 3 14 45 0 62 70 18 9 0 25 53 50 14 0 59 41 61 22 0 0 7 12 25 55 74 37 22 0 26 39 1 89 0 15 37 35 44 0 40 57 0 57 94 0 0 15 18 9 0 0 14 70 0 97 0 0 48 89 1 3 0 0 40 0 0 0 0 46 77 20 50 41 0 18 0
 6 0 0 0 18 0 0 90 0 0 41 66 0 0 1 0 49 0 0 26 24 0 0 8 0 0 0 0 0 9 27 0 0 11 0 0 0 0 0 12 40 14 13 3 5 0 0 0 0 32 0 0 28 32 0 0 7 0 0 0 0 30 0 4 0 3 0 0 0 0 13 16 0 8 0 14 0 12 0 6 0 18 22 0 0 0 0 0 77 80 0 94 0 0 0 0 0 15 0 0 0 0 30 0 7 0 0 0 54 18 0 0 37 23 3 0 0 0 0 21 0 0 0 19 0 0 32 0 0 0 0 0 34 0 7 34 17 6 0 12 0 9 38 0 0 87 4 0 22 0
 0 0 0 7 0 0 0 0 7 43 20 42 25 64 52 62 5 0 0 41 25 0 6 76 12 0 31 0 0 5 0 0 36 0 38 36 0 0 0 0 46 66 41 0 0 5 0 0 0 28 0 0 63 10 0 0 0 5 7 30 0 10 14 20 20 0 2 26 65 0 76 0 0 0 0 58 0 0 0 46 26 0 14 0 0 0 37 0 0 7 0 38 0 13 0 0 58 0 30 56 16 0 8 22 13 29 21 27 7 0 11 0 0 87 0 15 0 0 0 0 0 28 0 27 0 0 0 10 40 0 0 0 35 0 0 40 36 9 29 49 0 3 55 4 0 99 10 0 0 0
 38 22 72 43 50 67 0 74 0 46 38 20 14 74 35 47 13 0 32 0 58 27 0 94 0 0 65 27 0 16 0 74 0 17 40 15 0 73 55 66 47 0 60 47 0 16 58 0 19 67 0 0 22 0 14 96 0 0 0 68 43 4 51 9 0 44 0 0 47 4 63 13 22 71 0 68 44 0 45 0 89 0 0 72 38 4 59 84 45 9 25 31 0 32 48 43 42 0 0 85 0 0 43 33 66 0 0 0 89 22 0 47 64 76 42 0 4 75 62 65 1 4 31 0 0 0 0 19 0 0 0 37 76 89 87 54 3 0 73 30 0 61 27 0 90 22 55 25 26 0
 3 0 0 0 0 33 1 7 0 0 67 0 88 1 0 0 35 0 8 62 48 0 0 5 0 16 0 13 10 0 33 6 20 0 11 0 4 0 0 50 0 0 0 0 0 80 47 0 0 57 0 0 21 58 0 0 0 20 8 15 0 0 12 18 0 0 0 0 0 0 14 30 15 7 24 83 0 3 0 0 0 0 0 65 0 0 0 50 62 56 35 41 0 0 28 0 0 0 54 40 0 0 61 53 89 53 55 0 31 0 0 0 0 0 8 0 0 0 18 0 14 0 0 0 9 0 72 0 0 72 20 1 0 0 19 0 1 67 0 0 6 50 70 0 0 81 0 0 7 0
 0 0 0 0 0 0 0 0 0 0 0 0 7 0 0 14 0 0 0 14 0 0 0 0 19 0 0 0 0 3 0 0 0 0 13 13 0 0 0 0 0 0 0 36 0 0 0 0 0 0 0 10 0 0 5 0 0 0 28 0 0 0 10 16 0 0 0 22 0 1 0 0 10 6 6 0 0 0 0 0 7 0 0 0 0 0 0 0 0 0 15 0 0 23 0 0 0 0 0 31 0 0 0 0 0 0 0 29 0 0 0 0 15 16 0 0 0 25 0 0 0 0 0 27 5 14 26 38 0 0 1 0 0 0 0 0 0 0 0 0 0 0 0 12 0 0 0 1 0 0
 44 0 56 0 0 56 0 77 27 0 0 53 0 26 27 0 29 0 0 0 68 0 1 0 10 0 4 16 0 0 0 22 20 0 0 0 0 0 0 0 1 0 59 0 0 40 0 30 36 48 0 21 21 16 0 22 0 0 0 95 0 0 0 68 18 10 0 0 0 0 37 0 0 0 0 57 32 22 0 56 70 47 0 36 0 0 0 7 15 54 0 0 74 19 54 15 44 0 29 0 0 0 0 61 47 0 31 0 42 1 0 91 21 15 0 0 0 0 2 0 0 0 23 0 0 0 0 3 60 89 0 21 73 0 0 78 57 0 76 19 0 8 54 64 0 44 40 0 0 4
 0 0 16 3 0 26 0 7 0 8 0 0 28 3 0 0 0 0 0 28 0 0 0 23 33 0 0 0 0 0 14 0 0 0 20 0 12 0 0 0 21 18 0 0 0 36 14 14 30 0 0 0 43 14 0 0 0 0 0 0 0 30 15 0 0 0 0 0 14 0 0 4 0 0 0 0 0 16 0 0 0 0 0 62 0 0 3 0 0 0 0 0 0 0 0 0 0 4 0 0 0 0 0 0 0 35 0 0 31 0 0 0 0 0 0 15 0 0 0 0 0 0 0 0 0 0 0 0 6 0 0 0 0 0 5 0 0 0 0 15 0 0 0 0 0 0 0 7 31 0
 29 0 17 0 4 0 0 0 0 0 0 0 0 0 4 0 0 0 0 0 0 0 0 5 38 0 0 0 0 0 0 1 0 29 0 0 0 2 0 0 80 0 10 0 3 0 0 0 0 39 0 0 0 2 0 0 9 0 0 0 0 0 2 0 0 0 0 19 0 0 0 29 0 0 0 0 0 0 0 0 0 0 0 42 0 0 0 0 14 0 0 0 11 16 0 0 0 0 63 0 0 0 0 0 0 0 22 0 30 0 18 0 4 0 0 0 0 0 0 2 0 0 0 0 0 0 0 0 0 11 22 0 0 20 0 0 12 11 10 81 0 0 0 21 0 0 0 3 26 0
 0 0 0 0 0 0 0 0 0 34 0 0 0 0 12 0 0 0 37 0 0 0 2 0 0 0 0 0 0 0 19 26 0 12 0 0 0 0 0 11 44 0 0 0 0 0 0 12 0 29 0 0 0 0 0 0 0 0 19 0 8 0 0 0 14 0 8 0 4 0 0 0 0 0 14 0 33 0 0 0 0 17 0 20 0 0 0 0 16 0 0 53 0 0 0 0 0 0 51 22 0 0 0 0 0 0 0 4 0 6 29 0 0 0 0 0 0 29 0 0 0 6 0 13 0 0 0 0 0 12 0 0 0 0 4 0 0 0 0 71 17 9 0 0 0 0 0 17 0 0
 35 26 32 0 0 47 97 17 10 73 0 47 0 90 34 23 92 0 27 68 69 49 0 0 18 0 0 35 0 0 51 17 0 64 44 0 54 12 55 43 0 20 59 82 0 88 43 0 28 0 37 50 10 41 0 31 0 97 0 65 0 0 19 92 26 61 0 0 63 0 58 59 74 0 0 27 69 13 0 6 15 30 0 34 75 33 69 74 21 0 52 10 33 0 33 0 0 0 0 68 0 17 82 77 39 0 15 0 0 0 0 61 6 0 56 0 1 8 0 18 3 3 0 0 0 0 8 0 89 33 33 0 76 0 28 0 64 56 2 0 0 5 11 79 0 0 0 0 30 65
 5 53 96 0 24 30 42 0 0 0 57 2 74 38 66 55 0 0 0 4 0 37 0 73 25 0 93 47 52 73 0 0 0 23 56 0 68 50 60 0 38 0 11 0 0 37 39 0 11 15 0 12 58 35 0 0 13 12 0 34 33 0 2 19 35 77 56 10 69 12 7 53 75 43 0 0 71 36 0 16 14 20 0 9 32 32 53 64 0 56 20 38 23 29 0 23 8 0 0 26 3 0 34 42 42 48 0 0 0 0 0 34 0 70 24 0 11 9 70 85 0 59 11 0 0 39 25 15 0 36 76 50 7 53 0 90 53 63 8 0 0 37 1 58 0 55 15 0 70 55
 18 54 0 0 0 76 3 70 9 0 9 43 67 0 29 69 40 20 69 32 20 59 0 8 56 0 31 54 0 51 1 16 0 20 18 0 27 78 59 65 0 16 0 14 0 0 79 9 24 64 20 85 0 30 34 0 0 24 0 30 0 0 0 0 16 69 46 84 83 29 65 30 0 23 0 18 42 0 0 79 76 33 0 46 7 0 14 9 76 72 26 0 29 37 5 0 0 32 0 0 0 10 42 30 0 52 53 13 63 0 54 24 77 63 80 0 53 42 91 51 0 56 3 0 0 0 40 54 0 7 0 5 58 68 55 88 0 0 0 31 2 0 58 36 35 39 48 0 59 45
 0 0 21 3 4 0 0 49 0 5 23 31 15 0 27 34 0 18 0 0 0 7 0 0 0 0 0 2 0 0 0 0 36 21 0 0 0 0 0 10 20 69 83 0 0 30 0 3 0 0 0 19 23 0 0 0 0 0 0 0 0 0 7 0 14 5 0 0 0 0 0 0 32 62 0 0 0 0 7 5 0 0 0 37 0 0 32 0 1 41 0 53 0 0 55 0 71 1 46 4 0 3 2 0 27 30 0 0 81 0 39 0 93 0 0 29 17 0 0 5 0 0 0 0 0 0 8 0 20 54 0 1 48 0 32 73 44 7 0 0 0 89 64 0 0 0 0 32 0 0
 0 0 38 47 52 35 65 39 17 62 65 86 40 86 0 36 27 23 12 0 0 0 43 49 43 27 0 28 0 14 30 0 31 0 16 24 42 15 0 49 0 19 50 0 45 59 0 19 0 0 36 85 46 0 11 68 7 32 0 11 22 5 9 0 0 32 0 68 5 50 88 55 22 8 29 31 0 36 64 5 0 17 0 28 0 62 36 46 77 36 42 52 0 69 42 42 0 17 67 86 0 0 0 0 5 9 44 0 44 0 52 74 19 14 0 33 52 81 65 57 11 51 49 76 12 0 39 0 22 67 0 27 76 49 0 49 71 20 0 54 56 2 36 24 44 96 0 22 0 0
 0 0 12 0 0 0 0 52 0 71 60 60 0 4 28 13 81 0 0 4 43 16 0 0 0 0 7 0 0 0 17 0 29 12 0 0 0 0 27 23 3 24 91 0 0 61 0 0 0 69 0 64 47 56 0 0 0 19 0 0 0 26 9 0 67 1 0 0 29 0 0 20 0 0 0 0 0 0 0 39 0 0 0 0 0 0 17 0 25 0 0 12 0 9 89 0 37 27 0 0 0 0 12 0 0 42 18 0 67 0 11 0 0 0 0 0 0 26 0 0 0 12 11 0 0 24 24 18 59 0 0 0 0 0 0 2 0 0 0 86 0 6 0 72 20 18 0 13 33 24
 68 0 41 0 60 23 27 69 0 26 0 59 39 13 0 65 0 0 1 29 27 83 0 0 15 0 0 72 47 0 71 11 0 38 0 0 0 15 0 0 59 22 7 17 0 69 45 0 12 19 14 5 16 0 71 0 6 13 0 50 0 0 0 1 44 23 0 0 24 0 20 74 0 67 0 0 53 51 25 0 27 0 0 91 0 56 88 35 67 0 81 15 31 0 53 0 0 0 0 0 0 11 56 0 0 67 44 0 21 0 18 86 1 52 34 0 31 19 0 0 18 0 0 30 85 21 82 26 0 2 97 49 37 57 22 45 1 25 0 7 8 27 84 64 29 28 0 0 52 0
 26 7 62 59 16 0 28 18 20 0 18 40 0 62 16 55 0 60 75 67 33 0 51 50 0 22 47 35 5 0 25 0 0 3 37 2 45 0 50 57 56 0 70 0 74 0 0 0 9 17 78 0 20 9 33 49 72 64 0 0 80 0 57 17 59 73 0 2 0 6 33 24 40 63 29 15 0 30 31 23 0 47 0 53 67 0 76 0 0 91 19 70 26 0 42 20 13 41 88 76 20 55 35 41 12 47 69 44 78 0 36 30 53 0 0 63 72 52 19 35 0 0 32 0 66 85 0 0 24 15 17 49 58 78 48 3 0 70 98 59 0 41 0 0 75 14 35 0 44 51
 28 0 0 0 32 45 0 56 0 0 0 20 4 17 44 0 23 0 67 58 0 0 15 91 0 0 39 39 0 0 56 43 0 0 0 32 52 0 0 78 61 0 43 34 3 23 0 0 0 0 41 0 0 78 0 0 17 0 0 0 0 0 0 70 80 0 0 0 28 0 0 57 0 0 31 64 7 42 0 58 0 0 0 54 7 37 0 44 0 0 0 82 28 0 30 57 0 0 0 17 0 0 0 38 43 64 0 0 23 0 0 0 46 0 0 0 0 0 46 13 19 0 0 0 16 0 51 20 71 0 0 23 34 32 13 83 24 2 15 38 19 0 0 0 0 0 0 29 0 63
 0 0 22 0 0 0 0 44 0 90 8 25 7 0 30 0 48 0 0 0 77 2 0 0 0 31 0 0 0 0 23 0 0 0 0 0 0 0 0 0 18 65 30 0 0 0 0 0 0 0 0 83 22 33 0 0 4 3 9 76 0 0 0 0 0 0 0 0 52 0 0 0 23 30 24 52 0 0 0 9 2 0 0 0 0 0 24 8 36 0 0 37 0 0 15 0 0 0 36 0 0 0 66 43 37 16 0 17 19 0 0 0 21 60 0 0 9 28 15 15 0 0 0 10 0 6 15 0 20 0 1 0 80 0 28 52 70 2 0 0 0 2 24 1 21 26 0 0 0 0
 0 0 0 0 0 0 3 0 0 78 0 0 0 0 62 0 0 0 0 0 0 0 1 0 34 18 0 0 0 0 0 0 0 0 0 0 5 9 0 0 39 0 0 0 0 13 0 31 28 21 0 50 58 0 0 0 0 0 0 0 0 0 0 13 0 0 0 0 0 8 0 0 29 0 0 0 0 0 0 0 0 6 0 18 0 0 0 9 0 0 0 16 0 10 0 0 0 0 73 0 19 4 0 0 0 11 0 0 0 0 0 0 16 0 0 0 0 0 6 0 0 15 0 0 0 0 0 28 18 0 0 0 0 0 0 11 13 0 0 0 0 0 67 0 0 23 29 17 0 0
 51 96 0 17 7 0 0 25 0 54 51 84 79 0 57 0 0 15 12 57 38 0 0 0 31 0 19 0 0 34 0 0 0 0 0 0 0 58 0 0 48 0 75 0 0 0 0 0 86 69 0 26 20 22 0 0 0 0 0 0 0 0 6 46 71 0 24 25 1 0 0 83 0 0 0 71 45 50 0 90 66 0 0 0 24 21 60 13 86 39 0 0 0 11 3 37 0 32 53 7 0 0 0 58 17 11 65 31 0 0 32 64 0 26 0 0 10 0 73 36 0 0 3 0 0 0 0 28 0 5 74 6 0 74 0 23 67 51 52 9 0 96 68 0 0 0 34 0 29 0
 0 44 60 0 56 0 39 67 2 0 32 3 13 57 0 91 90 0 0 34 0 45 0 61 0 0 0 17 58 4 58 34 0 51 1 0 22 70 7 57 49 0 0 70 0 37 0 24 3 64 9 73 83 0 3 0 0 48 22 29 11 21 58 27 3 0 0 0 52 46 0 33 76 54 0 45 0 78 0 15 0 47 0 0 0 48 42 0 11 22 0 34 75 0 48 61 0 16 50 12 0 13 0 55 0 27 42 0 82 0 15 64 62 4 0 0 0 30 51 81 38 0 0 0 20 0 29 21 0 20 54 23 8 74 31 0 61 85 32 0 13 81 3 72 7 22 65 0 0 3
 11 0 34 0 0 60 29 0 0 43 3 77 0 31 4 42 0 0 11 81 4 49 2 54 0 0 0 56 68 62 79 0 0 39 0 0 32 0 31 21 24 62 89 0 18 49 0 12 53 0 61 83 0 24 41 0 0 27 0 50 73 0 62 65 32 0 81 0 56 16 77 60 0 43 0 0 39 0 0 40 0 0 95 6 69 21 31 0 0 15 0 2 81 59 2 53 26 44 0 0 1 0 1 78 0 0 2 0 0 0 59 43 0 3 84 19 35 31 60 1 0 39 0 0 0 0 21 38 0 0 80 68 5 54 0 56 34 50 59 23 33 39 0 47 0 33 22 0 20 47
 24 0 30 0 5 13 0 36 0 15 0 45 0 0 26 0 0 0 0 0 0 10 0 0 0 0 4 31 0 0 0 0 0 0 16 18 0 30 0 19 9 20 0 0 0 18 0 0 3 53 12 0 60 0 0 0 0 3 0 0 0 17 0 0 93 0 0 0 0 0 0 10 6 0 0 19 0 0 0 4 0 0 0 27 0 0 0 0 80 0 0 51 2 0 70 0 0 0 31 0 0 39 2 0 0 19 0 11 9 2 7 0 0 0 0 0 0 0 0 5 0 22 0 28 0 0 4 0 0 0 25 0 0 0 0 0 0 0 0 8 0 66 2 0 0 0 0 0 0 0
 8 62 0 0 52 0 0 0 0 10 91 61 0 35 62 11 25 0 0 33 84 55 0 0 93 0 25 77 15 0 69 6 0 58 0 0 0 54 0 0 49 0 1 52 3 33 67 0 22 0 44 23 26 73 43 0 0 30 0 74 10 0 93 29 0 53 0 0 32 0 34 29 0 0 0 40 35 0 0 75 51 15 0 60 41 9 9 50 0 77 58 0 3 23 9 0 9 0 0 83 0 0 68 6 72 32 74 0 1 16 27 0 36 0 5 33 38 53 57 0 12 34 16 0 24 0 43 49 29 40 41 78 0 89 47 78 68 65 0 26 0 53 54 54 0 0 70 7 40 0
 0 0 25 0 0 0 0 43 17 66 39 0 12 0 28 4 60 0 0 0 42 0 0 53 9 0 0 0 0 0 65 0 0 0 0 0 0 17 0 29 20 60 0 0 4 0 0 0 0 60 0 15 87 58 0 0 0 9 0 49 0 0 23 28 53 24 0 0 93 0 0 0 0 10 3 24 0 0 0 25 0 0 0 53 0 0 0 0 56 14 0 45 18 24 22 20 37 6 75 0 0 0 49 6 21 81 0 0 41 17 0 0 75 0 0 0 0 0 0 0 0 0 16 0 1 0 0 0 16 61 0 0 14 0 48 31 62 42 0 62 0 0 0 9 0 0 8 0 8 20
 4 0 62 0 14 11 0 31 0 28 0 29 0 90 0 8 0 22 0 15 10 0 0 41 0 0 0 0 5 29 11 0 0 0 0 0 0 0 0 0 74 65 33 0 0 0 16 0 0 62 7 0 0 66 0 0 0 24 0 0 0 0 0 3 32 0 0 0 0 0 63 0 3 14 1 0 0 0 0 0 0 0 0 0 20 0 0 27 65 2 0 51 0 15 30 10 0 0 39 64 0 14 38 46 12 7 10 19 2 15 0 0 50 65 28 0 0 0 0 0 0 0 0 0 14 22 0 0 0 14 9 0 10 0 48 0 0 46 0 20 0 0 4 43 0 22 0 15 0 16
 92 51 59 0 0 0 15 34 0 33 50 21 27 51 20 0 32 2 71 0 0 0 26 38 72 0 82 0 26 6 0 73 30 0 0 0 39 15 0 69 30 4 99 0 0 28 35 0 0 0 28 21 58 50 0 0 27 0 0 28 25 0 34 0 0 38 0 33 0 14 33 0 0 81 0 0 53 60 0 0 1 83 0 0 0 6 77 0 13 74 39 49 27 0 0 0 5 0 15 7 0 14 0 19 87 60 78 26 67 0 58 90 70 74 80 0 0 0 32 17 14 15 0 5 68 0 4 23 0 42 8 39 0 46 65 2 37 36 26 37 1 61 25 68 34 65 0 1 0 0
 0 0 45 0 0 0 0 47 0 0 0 46 1 39 23 36 36 0 0 0 1 0 0 0 24 0 0 0 0 0 63 0 0 0 0 0 0 19 0 0 0 0 0 0 9 0 3 0 0 0 19 36 82 65 2 0 0 0 0 22 0 0 14 0 28 9 0 0 0 12 0 0 0 0 0 0 0 0 0 0 32 0 4 0 0 0 0 0 3 0 0 1 6 0 31 0 0 0 0 0 0 0 19 59 7 27 0 0 25 0 0 0 0 0 7 0 0 0 21 5 0 0 0 6 0 0 32 0 38 0 37 13 7 6 8 0 1 12 5 68 0 47 2 0 0 0 3 0 0 0
 0 59 0 73 53 56 30 78 0 0 75 6 36 62 7 0 10 0 15 74 13 0 55 57 0 0 0 58 44 12 0 45 33 16 0 21 0 65 71 57 21 14 0 14 3 25 21 31 0 0 82 48 54 0 68 63 25 54 0 83 21 0 0 0 43 41 91 55 58 16 0 0 94 1 0 22 54 88 0 45 29 6 11 52 34 75 53 29 22 67 49 0 20 44 7 65 0 0 0 68 0 0 19 17 0 0 14 0 56 0 60 67 0 5 0 0 78 0 43 68 4 0 19 0 18 60 29 0 0 99 48 22 24 0 51 25 0 24 85 43 0 0 12 45 0 47 48 0 41 93
 0 7 2 0 35 0 0 23 35 0 0 0 0 0 20 0 0 7 0 0 0 0 8 13 0 0 0 4 0 0 29 0 0 0 0 0 0 0 0 0 37 0 0 12 0 0 0 0 0 47 0 36 49 5 0 33 0 15 0 34 35 0 0 0 14 0 0 2 0 0 0 24 1 24 0 0 0 0 0 0 21 0 0 2 0 16 6 0 0 0 25 12 0 37 0 0 0 0 4 0 31 0 0 0 20 35 13 0 0 1 0 8 0 0 39 0 32 0 0 20 0 0 0 0 0 38 68 0 0 0 0 0 0 0 33 31 0 0 8 46 0 0 43 0 0 17 22 0 0 0
 51 0 0 0 13 0 0 66 0 74 98 49 38 7 62 0 0 0 9 15 61 2 12 76 0 0 84 0 0 10 12 0 0 0 0 0 16 0 9 0 18 0 88 0 0 9 1 0 88 17 0 0 19 0 0 0 0 63 38 84 0 14 0 41 47 0 21 0 60 0 24 12 0 34 0 20 0 3 0 0 0 25 0 34 3 64 0 0 71 0 49 65 0 0 18 0 0 0 0 17 0 0 49 0 72 0 18 10 29 0 0 37 70 0 0 0 62 30 30 25 0 4 0 0 7 0 0 73 36 0 66 40 20 0 0 51 68 34 0 63 0 0 27 22 27 88 0 13 0 0
 0 61 57 0 1 15 0 0 12 52 41 1 0 0 36 0 0 0 3 60 28 0 37 0 0 0 0 6 0 0 16 0 0 0 8 8 9 0 15 55 46 42 0 0 0 0 30 37 0 19 0 0 27 23 0 0 14 11 0 38 0 0 0 0 62 0 0 4 49 11 88 47 0 65 0 67 0 0 0 30 42 67 0 36 18 61 0 5 0 63 46 0 16 0 77 26 40 0 0 64 10 12 26 8 11 0 0 0 40 0 0 0 0 31 1 0 0 48 53 0 0 0 0 0 0 0 0 0 0 24 18 0 55 0 0 51 69 0 0 39 0 16 82 14 0 3 89 0 0 72
 6 0 83 41 74 95 37 1 0 2 58 9 70 54 0 0 23 0 0 30 60 63 0 55 95 0 34 61 19 0 22 23 0 43 79 0 6 49 50 42 0 0 27 65 7 86 2 0 22 45 17 22 26 82 39 71 58 0 0 87 0 0 17 7 46 17 12 3 70 55 10 1 54 86 11 79 3 45 0 0 86 66 10 67 66 29 73 14 0 80 0 37 71 40 56 0 77 43 26 17 0 0 66 0 1 62 24 0 52 0 79 31 19 55 9 46 25 97 47 0 16 42 0 21 69 0 37 62 20 0 35 57 8 0 0 40 33 45 0 0 35 0 0 18 13 38 90 0 0 0
 0 20 0 0 0 0 0 20 22 0 62 38 25 14 0 33 0 0 0 62 78 0 0 6 0 0 6 0 0 13 11 0 0 2 0 0 0 0 0 0 6 0 60 0 0 0 0 12 21 63 0 0 5 73 0 0 0 0 0 0 4 0 0 0 4 0 0 0 0 0 0 4 11 66 0 30 0 0 1 0 0 0 32 37 0 0 0 0 0 22 0 17 0 0 0 0 16 0 34 0 0 0 36 70 41 35 0 0 62 11 0 0 0 35 0 0 0 37 0 0 0 0 0 0 12 15 0 0 27 5 0 0 10 0 0 0 0 34 0 0 0 51 74 0 0 65 13 0 0 18
 2 0 62 0 6 76 0 0 12 10 0 0 62 0 27 24 4 9 0 0 16 0 0 49 23 0 0 1 28 0 68 88 4 10 2 0 0 63 23 66 0 0 4 0 0 44 0 0 76 0 0 41 14 80 0 0 0 52 23 56 0 8 8 0 58 0 23 0 22 0 5 49 0 0 0 0 4 0 0 66 0 40 21 10 0 28 0 51 68 91 0 75 0 0 46 41 96 0 0 6 0 0 84 18 42 0 0 0 0 0 16 80 21 54 0 0 0 63 33 0 0 0 0 0 0 4 46 0 45 31 0 53 39 29 57 45 25 75 79 0 0 20 51 56 0 97 26 0 0 0
 17 0 0 0 3 0 0 1 0 0 12 0 7 43 84 64 0 0 22 0 23 0 0 37 0 0 0 0 0 0 0 38 22 0 0 0 0 29 0 68 11 51 44 0 0 0 17 0 58 39 0 50 63 0 0 0 0 61 0 9 4 0 10 59 0 30 0 2 54 0 58 11 0 5 0 42 0 0 0 79 0 0 0 58 29 0 0 56 53 41 0 0 0 0 21 0 0 35 44 0 0 0 6 36 43 0 60 0 33 16 28 0 50 13 0 0 37 15 0 1 0 26 0 6 0 0 33 0 70 0 44 27 99 0 86 8 38 14 9 0 0 18 0 0 0 30 61 0 0 0
 49 18 0 0 84 58 0 0 0 58 0 2 40 61 0 15 32 0 36 29 70 56 0 9 12 0 25 60 73 0 35 38 0 39 42 0 30 21 19 51 53 0 53 0 0 0 0 23 38 26 52 13 63 61 7 54 31 3 23 16 29 5 23 52 51 89 13 0 93 87 34 10 38 0 0 69 59 26 0 0 0 60 0 54 0 40 61 28 15 17 30 79 83 51 20 67 0 22 23 58 0 0 0 39 75 52 61 28 28 0 60 48 40 47 0 0 0 0 0 86 8 27 0 0 27 0 68 0 18 0 0 26 73 77 0 0 0 81 17 0 14 31 86 0 0 0 17 0 46 0
 0 0 0 17 0 0 21 0 10 0 8 0 0 0 0 0 0 0 0 0 0 0 0 0 0 0 17 0 0 0 0 7 11 0 0 0 0 0 0 24 0 0 1 9 8 0 3 0 0 29 0 0 0 0 0 0 0 0 0 14 0 0 0 28 0 3 33 0 0 0 0 5 8 10 0 0 0 0 0 0 0 0 0 0 0 0 0 0 0 0 0 68 0 0 0 0 7 7 25 0 0 0 0 0 0 0 11 0 0 11 0 1 0 0 0 0 35 6 5 7 0 0 0 14 0 0 15 0 10 27 18 0 0 18 0 0 0 19 0 0 18 0 0 0 0 0 0 38 2 0
 0 59 0 0 0 17 1 0 10 0 73 0 0 0 54 67 37 0 55 79 37 12 0 2 32 0 48 0 0 18 65 79 0 8 0 0 38 8 0 26 16 37 0 0 0 64 31 0 42 34 50 13 53 47 0 0 0 75 8 86 0 0 0 60 43 0 14 0 66 0 4 0 52 58 0 49 0 0 0 11 8 0 4 40 0 0 24 38 13 0 42 0 29 0 46 0 8 0 2 88 3 0 0 31 6 40 58 0 70 7 0 8 0 1 33 0 39 92 65 29 22 24 37 22 54 9 64 0 0 64 23 0 67 81 20 58 96 86 34 0 0 8 87 23 0 41 1 0 0 52
 0 0 6 31 7 42 0 56 18 58 0 0 80 33 4 0 49 0 48 20 0 0 0 0 21 0 91 0 11 0 35 33 10 0 0 0 0 71 0 38 0 0 15 0 0 88 0 0 70 52 20 69 64 25 0 0 12 56 0 12 0 25 0 3 98 0 0 0 44 0 91 37 0 61 0 0 0 0 0 19 0 91 0 24 25 0 47 0 0 40 0 46 84 0 0 0 52 0 0 41 0 0 14 82 37 11 44 0 76 0 0 48 0 0 30 18 39 43 0 0 0 0 0 0 0 0 6 36 45 0 0 31 21 53 0 29 13 26 0 36 0 59 43 28 0 0 0 0 0 0
 0 0 84 0 0 51 0 98 0 70 43 35 57 0 0 69 38 0 3 11 64 0 0 54 32 0 0 0 0 0 0 21 0 18 0 0 0 30 0 95 0 52 17 0 0 61 0 0 9 13 25 0 7 22 0 0 0 0 0 0 0 0 18 0 9 0 0 0 0 0 25 37 0 26 0 0 4 31 0 7 10 8 0 80 0 0 0 54 14 76 0 49 44 29 66 58 0 0 15 0 0 0 66 2 17 71 25 0 58 8 20 0 17 52 31 0 0 44 0 0 0 0 0 0 7 22 0 0 39 13 0 0 1 0 16 0 87 0 0 70 0 5 36 28 20 65 82 17 21 0
 6 0 11 15 0 0 0 0 0 18 34 0 9 26 18 67 20 0 0 47 0 0 0 89 28 0 0 0 0 0 46 81 4 0 0 0 0 0 4 69 16 0 32 0 0 30 60 0 0 33 0 23 27 32 0 0 0 22 0 21 0 28 0 0 0 0 18 0 23 0 58 0 0 71 0 39 32 0 0 79 0 0 0 47 0 25 0 0 51 38 0 16 0 0 46 40 0 0 50 83 24 0 38 4 3 39 45 9 6 0 0 14 0 6 0 0 1 0 0 0 0 0 0 0 0 0 9 0 10 55 0 0 20 7 6 4 72 16 25 72 0 25 70 40 0 42 34 0 0 0
 0 18 55 0 23 0 0 0 0 10 27 62 24 0 46 40 0 0 15 35 0 0 0 0 11 0 0 8 0 0 13 0 30 0 4 31 0 0 0 0 68 0 0 0 19 0 5 0 0 7 0 35 0 0 0 17 0 0 0 0 0 7 1 0 20 0 0 39 0 17 0 0 0 0 0 4 0 26 6 22 0 0 0 1 0 38 0 0 0 38 0 20 0 0 4 0 0 17 44 0 0 0 61 34 0 73 23 0 21 0 8 3 7 6 1 0 0 13 0 0 0 0 16 0 12 31 39 0 0 15 0 15 0 5 0 0 28 11 0 24 0 4 28 0 0 13 0 0 0 0
 0 0 33 0 0 0 2 74 0 10 55 60 0 0 77 0 0 0 0 73 58 0 21 26 18 0 0 0 0 0 36 0 0 0 0 0 16 0 0 2 85 0 47 0 0 0 0 0 0 53 0 51 70 2 32 0 0 0 0 0 9 0 20 34 32 0 0 0 30 0 0 0 0 92 0 65 3 0 0 0 0 0 0 22 19 0 0 0 0 0 10 0 32 0 64 0 0 0 0 0 0 31 53 34 51 54 0 0 35 0 27 0 26 0 0 0 0 0 1 0 0 18 2 0 6 0 0 0 12 0 19 32 0 2 0 0 0 0 0 28 0 0 76 0 0 79 0 0 0 14
 44 39 54 0 0 34 0 0 0 16 66 38 0 0 0 54 69 0 5 0 9 25 0 15 0 0 4 22 0 0 89 46 0 0 0 0 0 9 0 41 1 56 23 0 0 60 38 0 0 0 98 34 7 76 0 0 0 70 0 8 0 0 6 33 10 3 10 5 44 0 61 75 0 79 0 0 0 0 0 27 21 17 0 45 0 7 48 26 64 0 0 32 0 0 39 0 75 16 57 40 0 15 71 16 0 45 81 0 6 7 34 0 0 0 0 0 24 0 25 20 0 0 0 0 19 0 90 53 0 32 26 2 0 0 56 72 1 89 57 59 0 26 34 36 0 60 1 0 0 0
 0 0 0 0 3 11 0 0 0 0 17 0 0 0 0 12 8 6 0 0 0 28 0 32 0 0 0 0 0 0 0 0 0 16 0 0 0 0 7 0 8 0 0 0 0 0 0 0 0 63 14 22 13 0 0 0 3 0 0 0 0 0 0 0 0 21 0 0 0 20 0 0 0 0 2 0 0 26 0 0 0 3 0 0 16 0 0 0 0 31 0 0 0 11 0 14 0 0 0 0 12 0 0 0 0 0 0 0 0 0 0 0 0 0 0 0 0 32 1 0 0 0 0 10 0 0 19 13 0 0 0 0 0 0 0 0 0 0 0 18 0 0 0 4 0 0 0 31 0 0
 0 0 0 0 0 66 11 92 0 0 3 33 0 0 94 0 0 8 0 18 55 3 0 12 31 0 0 0 0 0 0 0 0 0 0 0 0 0 0 68 2 0 47 0 0 42 11 26 2 11 0 87 0 32 0 0 0 68 4 9 0 0 0 41 55 23 0 0 0 0 0 61 0 0 0 20 11 0 0 78 18 23 0 25 0 0 0 15 0 0 16 97 0 0 71 40 12 0 12 12 8 0 6 22 39 0 21 0 69 0 0 0 29 63 0 0 0 0 31 0 0 0 14 1 9 0 81 0 52 40 32 1 58 0 47 0 26 65 0 44 0 29 0 90 0 0 0 0 0 7
 30 67 25 0 0 72 1 43 0 35 0 55 0 0 0 18 0 0 32 62 5 0 34 70 0 9 0 36 0 81 10 46 0 1 45 0 43 0 29 62 9 0 56 70 17 55 0 0 12 0 0 56 0 4 49 0 0 24 0 0 76 9 44 73 0 0 39 0 8 0 0 0 27 43 0 0 30 1 0 76 62 50 0 38 4 0 0 23 3 35 48 0 8 0 9 20 69 0 23 6 0 0 37 10 4 42 51 0 38 18 17 0 8 2 10 0 24 9 76 83 0 41 0 0 0 0 0 35 0 24 0 39 50 25 0 0 0 33 59 49 0 92 16 0 7 63 0 0 34 91
 0 0 0 0 30 1 22 0 0 81 0 0 0 2 43 0 0 0 19 0 0 0 0 1 4 0 0 0 0 0 61 0 0 0 0 0 0 0 0 13 25 0 5 0 13 2 32 0 0 0 0 73 10 44 0 6 0 0 0 0 0 0 0 0 74 0 0 0 0 0 0 0 11 0 0 33 0 0 0 11 0 0 0 54 0 27 0 0 0 0 0 67 0 0 0 0 0 0 7 0 0 0 68 0 0 0 0 0 21 0 0 0 0 0 4 0 0 0 12 0 0 0 0 0 0 0 28 0 36 0 0 0 0 22 0 0 0 0 10 58 0 0 36 1 4 0 0 0 0 0
 0 0 0 0 0 0 0 41 0 60 48 59 0 16 68 33 65 0 9 14 66 11 0 46 0 0 0 0 0 10 56 0 0 25 2 0 2 0 8 0 5 0 24 0 0 22 15 0 5 97 0 37 24 53 34 0 0 2 0 44 11 0 0 16 38 0 0 0 1 7 0 0 27 57 0 63 0 0 21 10 0 12 0 4 24 21 0 0 0 34 30 0 0 0 5 0 0 0 18 16 7 0 0 66 83 70 53 0 69 0 0 0 80 37 0 14 27 60 0 0 28 0 0 9 0 0 20 0 0 0 14 0 67 0 58 0 87 0 0 6 0 45 1 52 11 69 0 0 0 0
 0 21 48 0 22 0 0 80 2 39 43 0 0 0 50 0 0 33 0 43 0 0 0 93 0 4 0 2 3 0 39 0 0 0 0 0 0 7 0 26 47 0 77 0 0 15 0 0 32 56 0 65 18 45 23 0 15 0 0 0 5 0 36 29 74 5 8 0 30 0 0 37 0 6 12 67 11 0 0 0 0 2 24 0 0 0 2 10 46 66 0 37 0 0 50 3 0 0 28 0 0 0 66 26 0 0 0 0 34 0 24 6 1 39 39 0 0 0 0 0 10 25 0 0 0 0 69 0 98 53 27 8 38 0 12 55 49 0 0 0 0 83 0 59 0 33 0 0 3 0
 68 0 32 0 14 45 31 0 0 39 24 21 1 0 64 0 57 0 39 0 0 59 0 23 31 0 0 0 50 0 0 86 28 71 53 0 39 5 60 0 0 42 75 44 0 0 53 27 88 65 46 0 48 70 23 21 0 0 0 0 3 0 64 74 75 0 0 0 66 77 0 77 44 73 28 66 32 89 0 15 86 0 0 0 14 41 43 23 0 31 0 5 48 0 47 31 65 0 75 0 0 3 0 67 34 44 0 0 40 0 77 51 52 73 1 17 25 13 56 0 0 27 0 0 56 7 32 63 0 50 52 72 0 0 0 21 9 0 52 0 0 59 35 43 0 2 64 0 0 86
 23 0 2 0 0 18 27 0 0 0 0 22 0 0 0 0 12 0 0 0 0 5 0 6 0 7 1 0 0 0 0 0 0 0 0 0 0 0 0 39 0 0 0 0 0 19 0 38 0 12 0 25 0 0 0 13 10 0 0 14 31 0 16 0 0 0 0 18 0 15 0 0 0 24 11 0 14 6 0 0 13 0 0 0 0 1 0 0 0 3 0 0 0 0 0 0 0 0 0 5 3 0 0 0 0 0 0 0 0 0 0 2 0 0 5 0 0 0 0 3 0 0 20 35 39 28 0 0 0 0 35 0 0 0 0 37 17 0 0 0 0 0 0 0 0 0 0 0 0 0
 36 26 57 23 36 0 0 67 0 9 41 17 0 73 76 29 0 3 0 16 17 0 0 0 0 0 18 0 0 0 33 0 0 0 0 19 0 0 0 53 54 19 0 0 0 38 0 0 0 0 9 7 83 0 0 0 28 0 0 35 19 0 0 18 66 0 0 19 72 0 78 0 0 42 0 75 0 0 0 54 0 10 0 39 0 0 34 0 35 80 0 91 0 0 20 0 7 33 0 0 0 0 26 40 21 86 19 0 12 0 0 0 13 0 0 30 0 0 2 5 0 0 0 5 0 0 66 0 28 0 0 0 26 22 0 7 33 0 0 34 0 92 73 80 0 92 12 0 21 0
 61 64 39 0 0 0 61 45 0 78 40 41 0 0 61 0 54 0 82 56 32 47 54 55 39 8 48 56 0 74 18 60 0 0 3 0 0 79 0 3 49 22 0 58 0 59 0 60 65 0 37 40 26 34 57 0 40 63 13 83 58 0 42 30 0 61 2 0 79 73 6 12 22 43 85 0 12 0 5 75 9 11 39 20 0 18 23 0 93 26 79 0 0 59 58 0 24 69 0 24 0 8 41 59 44 84 53 58 19 0 49 10 9 8 0 0 20 0 57 7 0 72 47 87 17 0 44 42 57 0 44 46 34 7 3 15 39 43 15 24 9 42 15 14 63 65 30 0 11 0
 57 66 46 25 51 0 23 87 4 73 28 0 27 54 0 45 91 1 34 19 3 65 49 68 58 27 73 64 0 76 71 89 0 0 90 61 1 2 57 84 0 0 61 0 0 90 45 32 0 6 13 20 64 62 0 73 0 0 15 12 0 0 6 42 0 48 0 15 0 70 68 0 0 80 15 18 21 0 85 38 37 48 12 24 87 70 72 92 64 0 0 65 43 0 0 39 54 0 55 79 0 0 1 99 36 0 39 0 63 0 46 57 0 43 0 27 0 2 0 0 10 88 13 2 68 57 16 0 0 0 11 65 86 20 53 82 7 36 0 39 0 31 66 5 55 65 43 0 73 46
 39 0 26 0 0 0 0 58 0 40 4 0 20 0 22 0 0 0 19 0 0 0 0 0 4 9 0 0 0 0 67 2 0 0 0 0 0 0 11 0 45 0 0 0 6 0 0 0 0 21 8 23 57 43 0 0 0 0 1 0 0 0 7 0 17 31 10 0 0 0 0 0 21 0 0 21 0 0 0 0 0 0 5 55 2 0 0 0 0 0 0 15 0 0 0 11 0 17 19 0 0 0 0 25 0 0 28 30 11 0 0 0 0 4 37 0 0 0 0 0 0 15 0 7 0 8 7 0 0 30 0 0 0 26 0 0 0 0 0 0 0 0 12 0 0 0 0 5 15 0
 0 0 0 0 0 0 25 2 0 50 0 0 0 9 89 0 0 0 0 0 6 0 0 0 0 7 15 0 0 25 76 0 16 38 0 30 0 0 18 0 0 0 23 0 0 3 0 0 0 22 0 6 38 61 0 0 0 27 6 12 5 0 0 0 19 0 0 0 25 0 0 0 0 0 0 21 11 0 0 0 0 0 0 6 0 0 0 0 0 0 0 66 0 0 33 0 0 0 90 0 0 0 0 0 0 0 0 26 21 0 0 0 29 0 0 0 0 0 0 0 0 0 3 0 0 0 0 0 9 7 0 0 0 0 8 0 25 0 7 55 6 0 49 0 0 34 0 24 0 0
 0 0 1 17 0 13 0 0 0 0 34 43 0 7 64 84 0 0 25 0 0 0 0 0 0 31 0 31 0 0 59 21 0 24 0 0 0 0 24 31 11 0 0 3 0 0 0 0 0 26 0 63 53 43 0 0 5 0 0 18 8 0 0 0 24 0 20 9 38 0 0 0 0 0 4 0 0 0 0 0 0 0 0 7 0 0 0 0 0 0 5 14 0 0 30 0 37 0 18 0 0 0 35 23 0 49 0 21 59 0 0 0 0 0 9 0 4 0 0 0 0 0 0 0 30 0 0 0 12 0 0 0 0 14 0 0 33 0 0 84 0 50 17 0 0 0 0 0 0 0
 0 0 0 0 0 0 0 0 0 0 0 0 38 0 82 0 0 0 0 0 0 0 3 0 0 0 0 0 0 0 26 0 8 0 0 0 0 0 0 0 26 0 0 24 0 26 0 34 0 58 30 0 27 12 33 0 0 0 0 0 0 0 0 0 0 0 0 20 0 0 0 0 0 0 21 0 6 0 0 0 29 24 0 46 0 0 0 0 0 0 0 36 1 0 0 0 23 0 33 0 0 10 5 36 0 0 0 0 57 29 0 0 35 0 0 0 0 0 38 0 19 0 16 0 12 0 60 0 10 0 0 0 0 0 0 0 30 0 0 16 0 0 12 0 0 0 23 0 0 0
 0 0 35 0 0 0 0 0 0 30 0 59 0 47 32 0 58 0 18 0 48 0 0 44 13 0 0 0 0 0 22 0 6 0 0 0 0 0 0 0 33 71 13 0 0 62 0 28 0 16 0 43 0 75 0 11 0 54 0 0 0 0 6 2 87 0 0 0 72 0 88 0 0 78 0 0 0 26 0 59 27 0 0 0 0 0 0 0 0 78 0 17 0 0 57 0 18 21 53 0 0 0 0 12 58 56 0 0 0 19 0 0 10 8 15 0 0 0 0 17 3 1 17 0 3 0 39 0 35 11 0 0 0 0 64 0 80 0 0 0 0 8 70 68 0 30 2 0 8 32
 0 0 0 7 42 0 5 70 81 49 32 63 0 0 39 9 0 28 0 21 45 11 28 32 6 3 20 24 18 42 47 0 64 52 41 76 11 89 45 37 0 66 34 41 86 24 0 32 7 0 3 12 63 0 77 70 0 33 8 69 14 0 7 0 17 0 41 73 0 12 93 0 0 57 44 81 0 70 63 33 39 33 0 14 60 98 29 0 2 40 16 59 83 35 71 4 61 5 91 32 0 68 0 0 0 51 98 0 0 0 45 51 10 41 79 0 83 22 0 79 58 0 58 0 80 62 0 35 82 22 46 25 0 0 91 0 56 58 50 0 17 27 40 62 60 40 30 0 83 0
 0 0 0 34 0 0 2 0 0 68 0 0 0 0 76 12 12 0 14 12 0 1 26 0 0 0 12 0 0 12 0 0 0 0 0 20 0 0 0 0 0 0 0 28 0 0 0 0 0 44 0 0 0 10 6 11 0 0 0 0 0 0 0 0 60 11 0 39 0 0 0 0 0 0 0 17 0 0 0 0 30 0 0 40 0 0 0 0 0 0 0 76 0 0 0 0 0 0 26 0 0 0 0 0 0 0 37 4 0 0 0 0 6 0 0 0 0 36 0 0 0 0 0 2 0 0 0 0 0 0 2 29 0 0 16 0 0 0 0 72 0 0 0 0 0 0 0 6 8 0
 16 13 18 0 83 44 78 42 23 15 56 10 37 28 22 24 34 10 70 17 0 63 15 5 0 93 0 36 55 85 5 0 0 0 35 0 81 29 79 0 16 59 66 69 0 0 26 0 37 59 0 47 82 0 69 45 7 21 58 76 55 67 9 58 92 21 69 61 0 0 0 0 21 69 32 0 49 37 62 0 41 0 2 0 0 16 0 5 63 62 0 21 4 0 27 69 84 30 14 36 56 0 79 56 16 0 0 64 14 0 4 64 44 0 0 39 34 76 34 72 0 46 4 9 0 35 19 39 49 13 21 62 18 0 10 50 46 0 0 13 0 69 66 37 60 26 80 44 4 78
 76 20 34 0 0 5 0 0 0 31 78 27 22 28 63 86 62 12 0 39 54 0 0 34 79 0 26 0 11 0 42 48 0 0 29 17 48 46 35 32 50 55 72 0 0 73 0 33 61 77 54 24 0 0 18 0 0 0 0 0 0 0 58 82 9 0 0 0 0 0 52 53 0 87 0 38 91 36 0 51 0 0 0 11 13 19 0 6 0 0 0 63 34 0 32 79 0 0 1 71 0 0 12 4 20 39 31 0 76 0 0 37 0 0 0 35 0 98 51 0 0 7 0 0 0 0 84 0 25 10 0 1 21 0 61 0 0 54 0 51 0 59 83 24 0 12 0 16 11 83
 35 0 5 0 0 0 0 7 0 75 84 67 0 29 86 64 0 0 0 6 0 0 0 29 0 28 17 0 0 0 0 63 0 0 0 0 0 0 0 55 3 53 0 0 0 19 91 0 3 92 0 72 10 76 0 0 0 97 0 37 0 0 39 42 60 0 0 0 20 22 32 78 0 87 0 0 0 6 0 87 0 72 0 0 0 0 95 0 0 77 35 13 55 23 33 5 0 0 0 77 0 0 38 9 80 15 37 0 95 0 0 0 0 63 0 0 24 34 35 0 11 0 10 0 0 15 12 23 37 0 16 34 35 0 8 30 27 69 0 14 0 43 0 0 6 46 52 0 0 0
 0 6 21 0 0 6 0 68 0 0 24 81 0 22 0 15 5 0 0 45 17 13 0 6 0 0 0 24 7 0 80 9 0 0 0 0 0 5 10 0 15 0 54 0 11 0 12 0 8 0 0 26 0 90 0 26 0 0 0 11 0 0 0 0 0 2 0 3 26 0 0 0 0 24 25 50 0 23 0 11 0 0 0 11 14 4 0 5 0 0 26 28 0 0 38 0 0 0 70 0 0 3 65 0 82 0 0 0 0 0 19 2 0 28 0 0 13 0 0 3 0 0 0 0 0 12 12 0 20 0 0 0 0 0 64 0 54 0 0 0 0 0 0 18 0 33 10 0 0 0
 0 0 30 0 1 25 0 32 16 20 72 43 0 0 0 90 25 18 0 0 4 21 0 0 0 10 13 0 0 0 21 0 0 7 0 0 0 0 0 0 73 0 0 8 0 0 0 0 21 0 0 36 25 17 31 0 0 27 0 31 0 36 8 0 33 0 0 0 57 23 32 0 0 51 0 2 8 0 0 0 0 0 0 5 0 35 0 0 0 6 7 51 0 0 88 0 0 0 89 30 0 0 0 19 37 81 0 0 57 8 18 0 0 0 0 0 0 0 0 0 0 0 6 0 0 0 0 0 0 0 0 0 25 0 0 0 0 0 0 0 0 60 74 0 7 8 0 39 36 0
 0 0 1 14 0 0 0 8 33 28 0 71 26 56 59 0 10 0 72 0 12 0 0 0 53 0 0 0 58 23 0 22 0 12 36 0 0 0 0 24 55 58 27 19 0 0 19 0 0 27 44 47 46 52 0 0 0 31 11 52 0 25 7 68 2 46 2 0 62 0 75 0 0 0 5 0 2 0 0 41 65 2 3 17 0 0 0 50 0 63 25 14 61 0 0 65 0 0 0 60 0 32 0 30 0 1 0 0 20 25 21 8 15 55 0 0 20 57 0 0 0 28 0 0 58 4 58 0 8 65 61 84 16 15 59 0 68 57 0 0 0 22 0 2 0 0 89 13 52 62
 16 22 0 66 85 35 46 48 36 43 53 34 37 48 75 76 67 0 0 69 82 0 0 1 13 0 0 42 9 58 42 38 0 0 85 0 75 27 0 58 32 62 0 70 36 12 0 18 19 88 11 0 10 9 58 27 17 0 0 75 71 0 38 70 58 73 37 0 54 0 7 16 23 0 7 27 5 33 0 33 37 33 19 61 34 0 7 39 30 23 74 15 59 27 69 0 77 0 13 0 1 0 37 42 40 54 26 15 67 0 0 8 0 6 40 0 47 25 57 17 0 57 9 0 6 53 21 24 0 0 13 57 0 0 30 0 24 27 0 39 0 5 44 0 67 0 55 0 0 60
 0 0 0 0 11 82 4 0 39 0 26 0 46 0 40 95 49 0 0 49 0 2 8 50 0 0 71 17 0 0 64 0 0 0 0 0 2 32 25 0 0 0 2 0 0 84 0 0 60 61 22 78 41 2 0 0 0 0 0 5 0 0 16 0 28 0 11 0 57 0 86 54 19 40 0 0 0 36 0 24 53 0 12 0 0 0 8 0 68 67 0 56 4 0 2 0 63 0 21 50 0 27 22 42 0 23 11 0 64 0 38 0 0 13 0 0 0 42 67 0 0 0 0 0 11 31 65 42 49 55 40 4 0 0 12 69 6 21 0 94 7 27 70 34 21 59 25 0 0 0
 0 0 0 0 10 0 0 53 0 0 0 27 0 0 40 1 0 0 0 12 34 0 0 9 10 0 0 0 0 0 6 0 0 13 0 0 0 0 0 28 0 0 30 0 0 7 15 0 11 0 7 27 51 0 0 0 0 36 0 0 0 0 38 0 52 15 0 0 3 0 79 2 36 16 29 43 0 0 0 0 0 0 1 0 0 0 0 28 0 5 2 0 13 0 72 0 8 0 78 5 8 0 82 17 64 60 4 0 0 0 0 0 58 63 0 0 0 0 0 0 0 38 20 15 0 0 66 0 95 21 0 0 0 0 26 0 85 45 24 47 0 12 0 39 22 29 0 0 0 0
 6 6 0 27 0 28 0 9 1 41 41 0 18 0 26 26 31 0 0 2 87 0 0 26 38 6 1 0 33 27 26 2 12 0 0 0 0 32 0 30 26 6 20 0 31 44 48 0 0 9 0 61 33 59 10 0 0 67 0 86 37 0 0 0 0 0 0 0 23 0 41 77 0 0 0 23 0 0 0 39 0 37 38 0 0 12 68 2 19 0 0 0 0 0 0 75 6 0 71 0 0 18 7 38 42 0 50 1 71 0 0 0 0 33 8 0 0 25 0 5 13 0 0 17 0 0 0 0 0 31 56 39 30 0 28 0 27 0 77 92 0 23 0 51 0 0 52 0 0 0
 30 0 0 33 0 28 0 11 0 0 61 21 0 12 48 71 0 0 68 58 0 19 0 37 0 0 62 0 0 0 0 0 0 0 0 8 86 37 0 62 6 26 31 0 27 0 59 0 34 20 18 67 0 43 0 0 0 0 0 62 5 0 0 0 52 0 0 0 0 21 29 16 0 0 0 0 0 32 25 8 69 0 0 0 0 7 79 91 60 0 0 83 13 0 45 53 22 0 0 0 0 12 33 70 60 36 0 0 54 0 15 33 0 60 13 0 2 40 0 0 14 11 0 17 11 0 0 41 6 14 0 6 0 73 61 11 74 2 0 40 0 17 41 0 0 70 4 33 0 24
 38 28 59 77 66 19 48 0 15 23 0 12 55 56 0 0 6 0 63 39 36 12 85 46 52 0 1 28 35 79 0 65 0 68 0 37 7 54 26 41 14 19 0 26 0 67 38 0 0 26 26 70 7 21 0 49 44 61 0 32 0 9 0 30 14 15 0 65 61 0 22 61 0 77 0 32 30 98 0 39 26 79 0 79 0 7 38 20 58 52 53 25 50 50 65 0 0 17 3 31 10 0 27 16 10 0 0 0 78 6 42 0 9 29 43 52 57 38 0 0 0 21 0 0 53 0 54 23 12 53 41 56 0 35 0 53 0 65 5 29 0 16 0 36 48 4 11 0 22 76
 56 41 76 0 0 12 63 41 0 63 14 22 43 12 45 19 9 0 6 39 71 9 0 44 20 0 1 0 89 0 6 68 0 16 0 0 61 38 0 74 0 6 78 0 0 35 0 0 20 65 84 47 4 0 0 0 0 50 0 0 19 9 11 61 0 29 22 0 0 0 16 33 0 44 9 71 0 98 0 18 50 0 0 23 0 24 23 71 51 0 68 52 52 0 3 15 0 0 12 19 0 0 0 17 2 59 0 11 2 0 0 34 30 67 0 0 65 0 51 0 0 0 0 0 16 0 0 43 0 16 0 0 2 0 0 50 68 68 59 63 0 49 69 29 3 48 93 0 0 18
 29 0 60 68 0 39 98 10 18 16 34 70 0 49 63 6 8 0 64 61 37 0 0 0 69 0 22 0 0 50 0 29 0 24 0 1 20 24 20 57 17 68 35 0 0 36 6 0 38 91 0 55 60 22 22 0 0 50 0 0 52 0 87 68 56 0 72 64 45 0 0 37 31 57 0 4 19 73 29 44 25 29 56 16 0 19 18 86 0 0 9 34 0 14 56 6 78 0 0 60 0 0 40 0 9 0 0 0 13 0 34 0 24 0 64 0 47 0 52 22 0 7 0 0 0 14 75 0 11 5 33 42 76 86 50 60 87 50 67 0 0 50 58 40 0 41 0 0 0 48
 48 0 0 18 0 6 0 0 27 85 0 21 49 48 43 52 52 0 2 75 38 37 72 25 20 24 58 36 78 44 0 49 0 0 29 0 58 6 1 13 4 73 68 81 35 0 0 26 38 0 71 45 23 0 52 46 36 71 0 1 0 20 31 0 87 47 56 62 0 75 12 28 0 0 23 16 16 40 0 11 87 0 62 0 0 41 12 0 26 0 24 0 0 66 37 0 31 81 0 0 0 0 0 33 19 99 66 10 0 0 73 37 10 18 16 43 23 0 0 0 30 34 17 0 51 0 0 0 57 6 13 22 10 51 57 28 79 80 93 59 6 0 60 14 30 0 8 17 15 0
 4 0 8 0 0 0 0 0 0 0 69 48 37 79 43 0 28 0 53 0 34 0 0 0 4 1 13 0 0 0 0 29 0 0 0 0 76 50 13 48 0 0 25 0 1 42 74 35 0 0 46 50 3 50 17 30 1 65 0 43 0 0 0 37 62 22 0 15 26 0 0 0 0 15 0 1 0 16 0 0 38 32 0 46 0 6 0 47 0 0 0 75 0 16 71 9 48 0 0 14 0 0 46 57 0 0 0 0 44 33 3 26 7 47 0 0 0 68 78 0 0 0 21 0 0 14 58 0 44 0 79 0 0 0 57 52 12 22 23 44 0 47 58 0 0 17 0 0 0 16
 54 46 23 0 15 9 48 7 0 0 23 0 55 0 69 46 18 0 40 39 0 66 0 46 32 0 41 0 17 34 67 71 0 44 0 0 59 5 45 0 0 77 0 0 0 67 33 35 36 0 43 56 0 77 24 0 4 68 15 0 0 0 79 0 26 91 24 50 47 39 49 0 3 17 0 0 13 24 1 0 0 19 59 98 0 62 0 94 0 31 51 37 94 40 83 55 2 0 0 94 0 0 0 6 53 62 24 0 54 0 18 0 0 61 0 0 0 53 36 54 0 75 0 30 0 0 20 50 11 0 9 89 47 55 93 12 24 42 14 87 0 0 90 65 0 20 21 0 0 26
 11 0 0 27 0 0 0 12 35 0 15 0 0 0 52 0 0 3 0 0 0 0 0 24 0 0 0 0 18 28 81 0 0 0 0 0 0 0 0 0 0 0 4 0 0 0 8 5 0 0 23 13 19 85 0 0 0 0 0 0 0 23 0 0 59 16 0 0 0 0 21 21 0 0 0 0 30 21 0 20 0 0 0 0 0 0 29 0 0 12 0 0 0 18 0 0 0 0 73 0 0 0 0 29 15 0 0 21 0 0 0 0 0 16 0 0 0 0 7 21 0 24 0 24 0 0 0 24 0 0 8 0 0 0 13 0 11 0 22 66 35 27 60 0 0 0 0 0 0 3
 0 0 27 0 0 76 0 68 0 0 64 58 37 0 0 40 8 27 0 15 0 0 0 38 7 0 63 0 0 4 49 32 0 0 3 0 14 33 28 21 35 39 4 3 0 67 0 0 33 0 0 34 98 57 4 0 0 10 25 0 0 25 0 37 0 0 0 0 4 0 0 77 0 14 0 57 0 39 0 5 67 47 17 49 31 0 19 48 74 26 0 0 1 0 38 2 95 0 8 46 0 0 25 65 47 32 77 0 36 0 11 0 64 26 30 0 0 79 52 0 0 0 27 7 2 0 0 0 0 15 50 75 35 0 16 84 0 73 68 15 0 22 50 43 12 38 81 0 0 0
 0 0 61 0 0 0 0 4 13 31 62 80 18 0 10 45 0 0 0 0 0 0 0 0 13 0 0 0 0 0 30 0 0 0 0 2 0 0 0 0 0 23 55 0 0 0 0 32 27 34 0 0 13 7 0 8 5 0 0 0 6 0 0 0 0 20 10 33 65 0 0 4 21 0 22 8 0 0 0 0 0 0 0 0 16 0 0 0 24 0 3 28 0 7 0 26 0 0 29 0 0 1 57 0 0 0 0 0 8 0 0 0 0 7 0 3 0 0 4 0 0 10 0 0 0 0 21 16 0 29 0 3 0 0 0 0 0 0 0 0 0 0 25 0 17 0 0 0 0 0
 1 7 6 0 0 0 0 41 0 73 13 0 0 0 56 91 0 9 15 0 33 0 0 43 0 0 0 0 0 0 69 0 0 0 0 0 0 0 0 9 14 0 61 0 25 33 19 13 0 43 0 27 0 0 0 0 0 0 0 10 0 0 15 4 17 0 0 20 51 0 0 0 0 33 0 40 11 0 0 0 0 16 3 0 0 2 0 0 0 27 0 65 0 0 6 21 0 0 0 7 0 34 0 0 85 32 0 0 37 0 0 9 25 63 0 2 0 0 0 0 0 0 0 0 27 14 79 0 0 0 0 0 31 16 85 31 31 0 1 0 0 11 3 0 0 14 0 0 0 0
 0 0 47 9 0 0 0 0 0 55 70 50 0 81 54 59 0 1 0 0 28 39 0 0 6 0 27 0 0 0 13 0 0 0 0 0 26 0 0 40 62 44 74 0 13 84 52 0 0 0 37 14 0 38 0 0 3 37 24 84 0 0 9 0 43 0 0 0 0 0 27 0 0 0 0 13 0 0 0 19 2 0 11 0 0 20 38 1 16 0 0 64 0 28 61 0 0 0 0 11 0 0 16 55 70 27 13 0 0 0 3 0 43 43 0 0 0 28 0 12 0 22 0 0 0 0 0 0 52 18 0 0 88 26 51 66 2 0 0 35 14 54 77 0 0 73 18 0 0 0
 0 0 0 0 25 64 20 35 0 22 0 28 58 35 0 42 13 18 0 45 35 0 0 20 0 0 0 3 0 0 26 99 14 0 0 0 0 41 2 31 0 11 7 0 0 59 83 0 0 54 0 37 56 89 33 0 0 0 0 46 0 0 0 44 5 0 0 0 56 0 37 64 0 0 0 78 0 2 0 10 0 0 0 49 3 0 71 38 0 0 0 78 0 0 52 64 0 0 53 3 0 0 18 52 76 82 21 0 0 0 0 0 99 18 0 0 0 93 0 0 0 23 0 0 1 0 35 0 0 91 47 0 68 2 17 23 0 16 1 16 32 0 16 15 0 47 0 0 36 17
 0 0 56 9 0 0 15 0 4 11 0 0 0 0 46 0 0 0 0 48 0 0 0 0 0 2 8 0 0 0 10 18 0 21 0 0 0 0 0 1 14 31 79 0 0 0 0 0 3 48 0 13 77 2 0 0 0 0 0 12 0 0 0 0 48 19 0 0 70 0 0 0 24 0 0 38 0 0 0 0 0 0 0 3 0 0 0 0 60 13 1 24 0 0 73 0 0 21 52 0 0 0 55 14 91 66 5 21 6 0 0 0 36 0 0 24 25 10 0 2 6 0 0 0 25 0 48 0 54 0 0 0 0 0 0 13 0 0 0 71 0 0 18 0 25 37 0 20 0 0
 46 6 0 0 0 57 0 0 0 33 0 15 0 25 72 27 11 17 0 0 9 5 0 0 0 0 0 0 0 0 12 0 0 0 13 0 0 50 0 0 53 64 20 0 0 59 62 0 46 48 22 88 0 75 23 0 0 54 0 31 0 0 0 14 5 0 0 0 0 0 14 35 0 0 15 79 5 33 5 49 0 22 0 0 0 0 75 0 0 0 7 64 65 0 0 30 29 38 37 0 0 0 0 7 0 72 7 21 64 17 0 16 57 24 0 7 3 53 29 0 0 37 0 0 4 0 3 29 64 0 0 0 53 0 48 31 56 42 0 0 0 0 35 31 0 92 0 0 0 0
 0 0 34 18 8 0 0 19 29 68 52 0 0 33 0 30 0 0 4 0 31 0 0 0 0 0 23 0 24 0 9 0 0 33 3 0 0 0 2 0 0 0 49 0 0 0 13 0 0 20 4 0 60 0 0 4 0 0 13 4 0 0 0 0 83 23 0 21 35 0 0 0 0 0 0 0 3 0 12 71 0 0 1 28 0 23 0 0 36 49 0 12 0 0 51 0 0 19 79 5 0 0 4 0 14 44 0 0 0 0 0 0 0 85 0 0 0 0 0 0 15 14 0 0 0 0 0 0 9 0 0 0 27 0 0 54 0 0 11 82 0 57 58 0 0 26 9 0 0 22
 0 0 76 23 1 0 0 90 2 37 0 2 0 0 85 0 0 0 0 0 26 0 0 0 0 0 0 0 21 0 0 0 0 0 0 0 0 10 0 0 19 0 55 0 15 0 0 0 3 12 0 39 35 40 14 0 0 0 0 0 0 0 0 0 0 0 10 0 38 0 0 0 0 63 0 0 0 0 0 23 0 0 5 15 0 0 27 0 82 10 0 7 17 27 65 0 0 0 0 0 0 0 20 28 66 60 34 1 78 0 34 0 0 99 0 25 0 12 28 0 0 0 0 0 0 0 63 0 30 0 0 0 0 0 0 0 0 26 13 0 0 16 15 0 0 7 0 0 0 0
 12 0 17 0 24 0 0 38 0 30 9 85 0 0 18 47 0 11 35 0 0 0 31 10 0 0 0 0 0 0 72 0 0 0 0 0 0 0 0 0 0 0 27 0 0 0 0 0 0 0 0 33 0 51 0 0 8 0 0 20 0 33 0 0 0 0 0 0 82 0 0 16 0 0 39 85 0 0 0 20 0 0 13 50 0 0 0 0 0 4 0 74 0 32 53 0 0 0 0 0 0 0 50 0 0 0 0 0 29 0 4 0 0 40 0 0 0 0 0 0 0 0 0 0 0 0 0 17 21 0 0 11 17 0 0 40 0 0 0 0 0 35 71 0 0 5 0 24 0 0
 18 1 0 4 6 0 0 12 36 86 17 14 0 0 16 34 66 0 26 0 50 0 0 58 0 0 0 0 0 1 68 0 0 0 0 0 0 14 30 0 0 0 8 0 0 0 0 15 0 88 7 32 0 79 0 0 18 0 0 4 0 0 0 0 34 0 0 0 0 0 0 0 0 0 0 21 0 19 0 0 0 0 0 0 0 0 16 0 0 15 0 75 0 0 7 38 5 11 52 1 0 0 50 58 55 65 20 0 47 19 0 0 57 8 0 0 0 0 21 0 0 0 0 0 0 0 3 0 21 42 17 0 0 0 16 0 61 0 15 61 0 16 0 0 0 7 9 4 3 0
 97 2 51 10 8 22 0 14 0 47 0 58 10 32 85 74 89 28 33 0 0 35 17 80 0 0 0 0 0 0 92 65 0 0 0 1 20 55 0 38 60 14 53 20 36 35 0 0 28 18 0 21 0 35 0 0 0 47 13 15 7 0 0 85 45 0 0 0 57 5 29 49 0 0 0 0 33 24 15 7 0 0 0 1 0 9 6 0 22 75 0 87 56 0 0 82 37 0 70 95 0 0 40 0 64 58 25 0 79 24 30 12 55 69 14 7 7 0 0 13 0 0 0 0 0 0 0 0 86 0 90 0 16 16 0 0 49 0 0 47 0 83 0 59 25 0 13 0 0 0
 0 0 0 0 0 38 0 0 0 0 0 0 0 0 18 8 0 0 0 0 0 0 0 35 0 0 0 0 0 0 0 0 0 0 0 15 0 0 9 0 58 0 0 32 0 0 0 0 31 40 0 0 0 0 8 9 0 22 0 0 0 0 0 0 5 0 8 0 0 0 0 0 0 0 0 0 0 0 20 8 32 2 4 11 34 0 0 0 0 0 0 0 0 0 0 0 8 3 51 0 0 0 21 0 0 0 18 5 0 0 0 0 3 10 19 0 0 0 0 0 0 0 3 0 0 0 0 0 2 16 0 0 0 15 0 19 25 0 0 0 0 0 39 0 5 0 0 0 3 0
 56 66 62 34 0 70 34 1 16 0 17 35 0 28 56 92 45 8 92 26 0 2 0 23 85 45 0 35 0 60 50 0 44 64 47 34 50 0 5 0 52 49 41 26 61 5 14 37 0 28 19 60 65 0 46 43 0 1 0 46 0 25 0 64 41 22 0 0 0 33 11 53 0 22 62 69 37 10 0 37 83 60 0 0 50 58 65 53 85 36 23 30 7 79 37 65 26 39 76 66 0 39 5 0 6 53 28 0 92 0 2 30 1 3 54 91 0 10 59 49 56 38 71 0 32 47 0 56 45 3 0 0 14 3 14 80 16 22 10 85 0 47 62 29 5 74 0 0 65 7
 0 0 52 0 0 0 0 45 0 4 0 0 0 0 83 27 8 0 0 0 0 0 0 0 22 5 0 0 0 0 17 15 0 0 17 0 0 0 0 6 0 2 0 6 4 0 0 0 0 6 0 23 74 0 0 0 5 0 0 0 0 0 6 0 13 0 0 0 0 0 7 3 0 0 32 19 5 0 2 0 0 0 0 3 0 0 0 0 0 2 0 11 0 0 3 0 0 0 45 0 0 0 29 43 0 0 0 0 24 0 0 0 5 0 0 0 0 0 0 0 0 0 0 4 0 32 0 0 24 0 0 6 16 22 0 0 0 0 0 29 0 0 74 0 0 0 24 0 14 2
 0 0 0 0 0 39 3 34 0 75 0 0 0 28 0 0 0 0 0 0 0 0 0 0 31 0 0 0 17 0 0 0 0 0 0 0 0 0 0 8 67 0 0 0 0 0 0 0 0 67 0 30 58 72 0 0 0 0 0 1 0 9 11 0 0 0 0 10 0 0 1 0 0 0 0 0 0 0 7 0 0 11 0 51 0 0 0 0 0 0 0 28 8 0 0 0 8 0 59 0 0 0 0 0 0 0 0 0 32 0 0 0 9 0 15 0 0 11 0 0 1 0 0 0 0 0 0 0 0 0 0 0 0 0 0 0 0 19 29 0 0 0 0 0 2 0 0 0 0 0
 0 0 76 0 0 0 0 53 0 71 38 0 8 0 11 58 45 0 0 0 3 0 23 69 0 19 0 20 0 0 69 0 0 5 0 0 0 0 23 0 44 22 36 0 0 30 0 6 38 0 0 61 0 40 0 0 0 11 0 0 0 13 0 0 8 4 0 0 39 0 0 0 0 85 0 83 0 0 0 29 0 19 27 57 0 0 0 0 65 87 0 0 0 4 0 0 0 0 65 0 0 0 6 31 16 5 0 0 65 0 0 38 0 18 0 12 0 0 0 9 0 0 0 0 12 0 57 0 83 30 7 0 53 0 8 38 35 19 0 27 0 70 46 0 12 48 0 18 0 0
 88 86 0 41 0 56 39 61 0 24 83 0 10 35 39 44 49 13 48 85 0 0 23 51 58 0 22 55 0 0 58 0 0 74 0 0 21 0 16 36 4 0 0 54 0 63 47 0 26 10 45 66 52 89 67 51 0 49 0 0 0 0 14 0 89 37 0 27 35 67 8 13 0 14 45 54 0 27 0 24 17 59 69 53 0 13 0 50 29 28 39 21 57 0 0 0 21 7 60 77 0 0 96 32 4 3 95 0 69 0 67 0 3 0 37 0 0 0 3 2 0 0 65 0 24 59 42 0 0 55 31 14 0 6 0 0 0 43 0 0 0 24 0 0 0 77 31 0 0 46
 0 0 64 0 0 0 0 0 0 13 4 0 5 0 0 20 0 0 0 0 0 0 0 0 0 0 0 0 0 0 53 0 0 0 0 0 28 9 24 0 0 0 5 0 0 0 0 0 0 25 0 28 67 0 3 0 0 0 0 0 0 0 9 0 0 3 0 0 18 31 13 0 0 3 0 0 0 0 0 0 0 0 11 76 0 8 0 0 0 0 0 13 0 0 84 0 0 0 52 0 0 0 44 0 29 24 0 0 15 0 0 0 0 0 0 0 0 0 11 0 0 0 0 37 0 0 43 0 16 0 0 0 0 0 0 0 0 0 3 46 0 81 72 0 0 0 0 0 0 0
 62 22 0 0 0 81 0 51 11 0 59 22 61 23 0 23 48 0 0 58 0 11 0 32 0 0 28 7 21 6 39 14 0 0 0 0 0 0 0 95 93 0 0 0 0 0 0 0 22 45 0 30 5 8 4 0 0 26 12 7 2 0 28 56 0 0 0 0 71 0 0 72 17 0 0 0 4 0 0 0 0 0 0 26 0 36 0 0 48 52 0 45 35 11 19 18 33 0 21 0 0 0 28 68 38 0 0 0 41 0 12 0 0 76 0 0 0 28 0 0 0 0 37 0 8 0 44 0 12 48 0 14 89 23 0 62 15 0 0 49 20 0 64 48 0 33 0 4 0 24
 36 0 0 12 62 0 17 75 13 10 40 28 23 0 78 4 0 30 54 59 6 7 23 47 63 66 76 20 0 0 54 57 0 54 0 0 24 0 90 80 44 44 21 0 49 73 82 0 56 0 60 0 0 0 26 60 20 0 0 0 2 24 0 26 0 13 43 62 51 0 0 0 0 18 30 91 0 64 73 44 6 79 12 0 17 58 0 45 30 22 44 0 8 89 20 19 43 33 55 39 43 37 0 0 58 29 85 23 0 0 0 85 39 0 0 41 40 91 33 0 6 42 64 0 52 70 48 46 9 38 0 33 0 58 25 27 0 0 39 40 2 47 93 0 67 89 0 0 0 85
 0 46 36 0 0 0 0 0 0 0 20 82 77 37 70 58 69 0 71 17 0 0 0 15 57 0 5 0 29 0 88 5 0 1 20 16 6 62 16 0 8 75 71 0 0 0 10 0 0 95 28 0 0 21 0 0 0 50 3 0 0 0 19 29 76 0 7 0 52 0 0 35 0 19 0 58 26 76 10 61 70 22 0 0 24 50 0 0 17 69 23 68 63 0 0 21 0 3 63 0 0 0 0 74 87 37 0 0 0 0 0 62 17 0 0 38 72 44 45 29 0 10 8 0 8 14 1 42 24 74 39 0 20 11 67 56 34 0 53 0 0 0 28 72 3 75 28 20 0 48
 45 0 0 0 2 0 0 0 0 56 0 56 27 52 17 65 0 0 46 0 0 0 0 1 0 25 41 0 0 0 42 41 13 0 0 22 0 0 0 73 26 76 25 6 33 12 56 2 3 27 0 51 63 69 0 0 0 35 3 0 24 0 0 47 13 3 0 0 31 7 0 0 26 48 0 70 28 0 30 0 78 27 7 78 0 76 51 32 32 0 54 18 0 0 50 81 13 0 51 36 0 0 7 44 0 53 0 4 85 0 0 80 22 70 0 0 85 26 58 0 0 0 0 16 0 0 0 56 63 14 27 0 23 4 0 30 10 17 66 73 0 0 24 7 0 34 0 0 0 0
