100
 0 0 2 0 39 36 0 0 35 0 33 0 39 15 0 0 17 34 0 24 0 0 0 0 0 0 0 0 5 0 14 0 8 0 0 51 0 14 0 0 0 30 19 15 38 17 0 18 0 0 0 9 0 34 1 26 53 0 0 34 19 7 0 0 37 0 4 0 13 5 19 0 0 72 0 0 0 0 0 6 36 0 24 9 0 3 31 0 0 0 0 0 0 0 0 35 0 0 0 42
 61 0 0 4 0 0 51 45 0 61 0 0 23 0 0 0 0 46 0 86 0 37 31 0 0 0 0 49 38 55 0 15 0 7 0 68 16 32 65 69 0 7 0 0 0 0 86 51 43 0 78 8 0 86 0 63 41 11 0 0 28 39 77 37 0 61 0 0 0 5 40 0 61 29 0 56 30 17 0 0 20 18 0 20 0 10 91 0 38 0 2 0 0 70 53 47 80 0 0 0
 0 57 0 53 45 0 57 0 24 33 0 0 61 47 0 0 0 48 0 0 51 49 73 70 0 67 0 0 23 0 70 0 0 29 77 35 0 47 9 69 9 75 76 4 15 12 19 8 33 0 64 53 5 15 29 0 0 61 15 0 9 27 0 0 0 0 0 5 0 84 0 0 1 95 36 31 0 0 28 0 0 0 36 0 11 50 0 20 97 46 40 22 65 0 77 0 79 7 41 85
 27 0 0 0 9 0 0 10 0 0 0 0 4 17 0 0 0 6 0 0 0 37 0 15 0 5 0 0 0 22 0 0 0 33 0 5 0 0 35 12 0 0 7 12 0 0 33 0 18 0 0 0 0 0 16 0 0 18 12 0 21 22 0 30 0 0 0 0 23 0 0 0 0 10 0 0 0 4 0 0 0 0 0 0 28 10 9 0 0 0 23 0 0 14 0 0 0 0 0 11
 0 4 0 0 0 0 17 0 3 0 38 0 0 0 0 13 0 0 0 0 0 0 17 0 8 0 0 17 0 0 37 0 25 0 0 0 0 7 0 0 0 0 0 34 2 5 0 0 0 0 0 0 0 0 6 0 0 0 0 0 0 0 16 7 0 0 0 0 0 22 0 0 0 0 0 4 0 0 0 6 0 0 0 0 0 22 0 0 23 0 31 0 0 0 12 36 0 0 0 0
 0 16 0 7 31 0 16 29 30 3 0 0 10 0 0 0 0 71 0 0 5 0 0 0 0 0 0 6 3 5 0 0 15 0 0 0 0 7 27 0 9 0 16 29 0 5 7 0 15 0 0 16 24 0 0 0 0 0 7 0 0 0 0 0 0 0 12 0 25 0 0 0 6 0 10 0 0 0 25 0 0 0 36 0 0 0 0 0 36 17 0 3 7 0 14 0 0 0 0 88
 14 0 0 46 0 0 0 7 0 0 0 49 0 0 0 71 0 0 0 58 0 77 30 0 0 0 0 0 0 95 38 0 0 0 0 0 0 18 20 37 47 90 0 0 0 50 55 47 51 0 13 0 58 55 65 33 11 0 0 4 7 37 34 59 63 79 0 28 42 8 37 7 59 25 25 80 80 4 0 59 52 64 0 17 20 43 0 71 51 0 0 0 0 0 0 17 21 0 23 0
 60 0 37 0 62 0 0 0 9 0 79 0 9 0 0 82 8 0 0 76 0 47 0 25 0 0 74 0 0 24 36 67 0 0 0 63 0 0 29 0 0 0 70 58 5 8 0 0 0 77 80 0 26 27 0 1 27 56 6 0 0 44 0 19 62 0 35 8 64 0 41 0 95 40 0 84 0 49 0 0 0 0 7 0 0 0 0 15 30 0 0 12 1 17 24 0 0 55 0 20
 0 0 0 66 0 0 72 0 0 0 77 94 0 65 0 55 0 38 22 30 0 0 0 91 0 0 0 0 28 7 16 32 0 0 4 62 0 40 0 0 0 0 12 8 21 0 0 77 58 0 6 43 0 16 8 57 24 1 0 26 0 0 93 90 59 17 24 46 28 28 19 34 0 19 8 60 33 60 0 0 61 17 29 6 80 0 21 92 44 63 7 65 0 47 5 0 58 8 0 37
 0 0 0 10 0 0 25 70 15 0 8 38 3 0 13 32 0 0 45 77 0 61 13 0 0 0 5 0 50 0 0 63 0 0 32 17 0 35 0 88 0 0 0 30 12 17 57 65 0 63 13 76 0 24 33 0 0 4 0 32 0 49 49 1 31 76 68 0 0 21 18 0 0 0 32 5 45 0 0 3 50 60 0 6 0 32 53 4 0 87 34 11 13 0 0 0 70 72 56 0
 0 23 14 33 0 41 22 0 0 0 0 22 72 0 0 61 0 49 90 58 0 0 9 20 0 19 75 0 0 7 0 8 0 0 11 85 0 0 10 4 0 3 52 1 0 20 0 0 0 0 0 0 0 0 0 26 0 0 11 6 0 0 0 0 5 77 0 10 78 0 88 79 15 19 0 0 0 0 37 45 21 0 2 23 0 0 0 0 12 11 0 0 0 26 30 0 57 0 28 59
 81 23 24 54 1 75 0 4 0 0 0 0 0 0 13 43 0 24 0 0 0 10 0 0 8 0 0 12 0 5 0 0 0 0 8 40 0 0 0 0 0 2 0 68 25 0 0 26 0 0 3 0 0 20 27 0 48 0 35 34 0 0 0 0 0 0 0 11 80 0 0 0 27 0 0 0 0 0 0 93 29 0 0 0 0 0 10 0 0 0 0 0 0 0 0 0 0 0 0 0
 0 0 0 0 50 0 20 0 14 0 0 47 0 0 0 35 0 42 0 0 0 36 0 43 0 0 0 0 0 45 0 0 4 16 0 52 0 0 0 0 0 20 0 0 0 7 0 0 0 0 0 0 0 0 60 0 45 0 38 0 0 2 0 39 0 0 0 21 84 20 64 21 0 37 0 31 4 4 0 48 0 0 0 0 0 0 0 44 0 0 0 13 0 29 0 0 9 0 13 55
 0 20 0 0 48 0 11 49 0 28 33 28 59 0 15 86 0 68 55 0 0 55 0 27 0 0 84 18 0 72 0 73 5 26 0 0 0 0 43 22 50 0 34 90 0 0 95 64 24 0 0 1 0 42 0 11 90 18 7 25 11 0 54 77 18 0 76 6 48 44 50 0 12 75 45 0 0 0 0 58 8 96 0 0 0 36 0 62 0 0 88 60 18 0 57 40 0 0 36 0
 55 78 23 63 80 36 49 30 0 0 40 0 20 0 0 0 0 0 0 0 0 51 25 0 0 0 80 38 0 54 0 13 47 0 0 0 0 0 51 2 0 56 79 40 0 42 53 23 3 70 0 0 27 59 53 73 53 92 0 69 0 0 47 54 0 0 0 6 32 60 0 38 0 57 93 99 57 12 47 40 17 89 24 64 52 0 0 0 41 33 94 0 20 0 0 37 0 88 0 53
 57 12 26 62 0 4 0 0 0 0 0 0 0 0 5 0 18 0 0 0 0 0 30 0 0 0 1 30 0 0 0 0 0 0 0 0 0 0 0 61 0 0 0 0 0 0 0 7 0 0 0 0 0 0 37 0 74 15 6 0 16 0 0 0 51 27 0 74 15 0 0 20 0 21 0 29 0 0 0 0 0 39 0 0 0 0 0 39 0 38 11 0 0 11 0 0 62 0 0 76
 0 12 5 71 96 10 0 0 11 20 0 56 51 0 21 0 0 18 32 48 0 59 0 35 0 11 39 9 5 9 0 97 0 0 0 56 0 29 0 31 0 0 0 27 12 0 0 0 0 27 10 0 0 0 0 0 0 21 60 0 0 40 0 0 38 12 0 83 0 33 36 10 7 35 11 0 0 6 0 0 0 0 8 0 0 0 23 91 29 22 0 0 48 0 17 0 11 3 0 60
 0 0 0 0 7 0 28 6 0 10 0 0 0 0 4 6 0 0 38 0 0 0 0 0 15 0 0 0 21 6 0 22 36 0 0 0 0 0 0 0 17 22 3 12 0 11 2 26 20 0 0 20 0 0 0 0 29 38 0 0 0 0 0 20 0 0 18 0 0 0 0 0 0 0 0 0 0 0 0 0 0 20 0 0 11 0 0 0 14 18 37 0 0 1 0 20 0 0 0 0
 8 10 0 16 43 13 0 37 0 0 0 4 5 0 35 7 0 0 0 22 0 42 0 6 0 0 0 0 0 50 15 17 0 13 0 54 9 0 0 64 0 0 0 30 0 4 0 0 0 3 0 31 38 0 0 19 62 0 0 0 0 0 0 0 33 0 16 0 32 36 55 0 0 0 0 0 12 0 12 71 0 9 0 0 0 0 0 18 22 10 0 26 0 0 21 0 0 2 21 50
 0 0 33 29 0 58 0 0 0 0 0 39 13 12 0 20 0 93 0 0 20 0 20 13 0 0 10 0 0 0 0 13 32 0 0 80 0 0 0 65 29 35 0 0 16 4 0 0 0 0 0 16 13 0 8 0 0 33 3 0 18 8 29 0 36 71 0 6 0 23 0 1 0 17 0 0 0 0 3 0 0 0 1 0 5 24 11 0 0 0 26 0 0 0 0 8 0 31 0 14
 35 10 0 15 33 0 49 5 28 41 49 71 11 57 0 7 25 35 0 0 0 0 0 0 24 0 0 40 90 44 9 89 0 0 8 0 0 0 41 31 87 19 41 64 0 0 0 58 50 0 18 44 43 0 20 79 66 34 0 23 0 27 0 40 24 54 0 0 0 76 35 0 26 10 47 6 0 55 0 0 26 11 0 0 55 0 79 0 0 63 23 52 0 0 67 39 53 33 0 35
 59 0 0 0 18 14 0 0 34 0 0 0 0 0 0 22 0 0 0 69 0 0 0 0 0 0 5 24 0 63 0 26 0 0 0 26 0 17 0 43 0 0 7 68 0 0 0 0 34 0 0 0 0 0 29 32 27 0 46 26 0 0 0 0 54 73 14 76 39 0 11 0 0 11 0 3 17 9 0 47 0 0 0 12 0 0 0 0 0 0 15 15 0 0 0 14 0 18 10 12
 85 0 0 67 0 32 0 96 19 0 0 42 10 44 0 0 97 0 9 0 31 58 0 71 0 16 0 24 46 51 0 50 0 7 0 17 0 0 46 48 0 60 0 40 14 0 0 52 38 3 19 39 15 49 31 35 14 0 36 0 0 35 0 12 57 8 46 32 0 0 0 16 0 59 56 0 0 40 0 87 49 60 61 0 0 0 55 2 47 17 21 40 75 52 43 10 12 0 0 0
 6 28 0 0 66 66 14 0 0 31 0 0 0 0 11 6 0 11 0 0 1 49 0 0 0 0 0 0 4 58 0 0 0 0 0 0 0 0 0 0 0 0 0 0 0 0 0 16 22 0 0 0 0 25 67 0 0 8 84 0 0 0 0 0 15 18 0 76 83 0 19 60 0 0 0 0 8 2 0 51 0 10 0 13 9 12 0 4 0 0 0 0 0 0 0 31 63 0 0 17
 67 11 38 49 0 77 64 30 42 41 84 0 23 34 4 80 23 0 78 66 0 60 0 17 0 0 97 79 87 75 71 35 0 6 0 50 51 0 68 21 0 37 28 12 0 0 4 59 0 16 0 0 8 13 0 0 22 25 21 19 0 32 68 0 82 0 0 0 75 0 14 0 12 14 0 27 0 42 69 0 18 0 43 0 31 0 56 76 0 0 74 0 62 3 0 33 49 0 39 0
 68 34 0 0 49 58 55 40 62 94 0 83 20 90 36 0 0 30 54 48 73 29 0 20 0 0 14 0 0 35 75 3 8 29 57 36 82 7 6 0 0 36 34 25 0 80 85 10 71 0 69 36 40 41 16 29 45 0 54 0 0 0 61 69 0 28 0 10 59 12 15 0 86 65 0 17 39 29 42 89 15 43 49 22 0 37 7 73 48 0 91 87 24 0 46 3 65 18 14 15
 77 1 24 48 52 0 3 0 0 0 0 1 15 0 0 0 0 3 0 0 16 0 22 84 0 0 0 0 18 43 8 0 0 0 0 0 0 0 12 87 0 0 0 65 30 36 0 0 0 0 0 0 0 12 74 0 81 0 56 0 0 0 0 3 0 0 11 0 10 0 77 0 0 36 0 0 0 18 0 0 0 25 10 0 0 0 0 0 0 11 0 0 22 10 93 0 94 0 0 0
 75 0 8 21 0 0 28 29 23 2 41 0 48 0 0 0 0 67 48 0 0 0 0 0 0 0 59 0 89 23 17 16 0 32 7 0 0 0 77 52 0 43 47 46 30 0 0 0 16 32 0 0 94 0 69 12 71 56 80 0 0 21 29 1 97 1 25 77 34 43 28 3 0 92 0 0 0 23 6 34 0 0 2 0 21 0 0 38 0 33 0 46 0 3 0 0 18 2 0 0
 0 0 0 9 26 0 10 12 0 0 16 82 57 1 26 64 0 0 74 99 0 69 0 0 0 33 0 0 0 0 7 28 0 0 7 71 5 0 36 0 36 0 38 62 0 80 0 0 18 32 6 2 0 31 0 0 0 0 45 0 0 0 0 0 81 35 0 0 18 68 5 4 0 0 0 0 0 13 0 43 0 4 0 7 30 0 0 16 50 95 0 15 0 51 0 1 0 59 0 33
 15 0 0 0 36 0 0 0 0 33 0 0 0 0 0 31 0 0 0 40 0 0 0 0 0 0 0 0 22 0 0 0 0 0 0 59 0 0 0 87 20 2 0 0 0 0 0 19 0 0 2 0 0 4 79 0 80 0 0 0 0 0 0 0 0 42 30 10 47 0 0 0 0 47 10 0 10 0 0 9 35 38 0 0 0 11 0 0 30 0 0 0 0 0 0 0 0 5 0 56
 0 5 0 61 0 19 0 0 0 2 12 16 75 75 21 12 81 25 0 26 0 67 31 63 0 0 0 0 0 93 0 0 0 0 17 30 0 0 0 0 69 50 9 68 13 0 0 0 0 50 66 29 0 0 0 22 0 12 38 27 0 0 14 24 0 25 22 62 0 29 68 0 41 12 21 83 50 58 36 77 49 0 42 29 15 2 0 0 53 0 61 39 53 16 33 0 52 18 73 81
 17 0 0 32 60 30 17 0 0 0 0 60 77 0 0 11 0 0 0 0 0 0 0 19 0 0 3 0 0 60 13 0 0 14 0 43 17 0 0 53 0 0 8 0 0 21 0 3 2 0 15 0 0 32 0 0 71 0 39 16 0 0 13 0 27 0 0 0 41 0 0 35 0 25 0 0 0 84 8 0 0 0 0 0 0 25 0 50 16 0 0 0 18 0 83 0 0 0 0 7
 0 31 93 63 0 0 80 6 50 65 41 2 0 0 0 39 0 0 57 0 44 8 22 13 43 0 38 15 94 70 77 92 0 0 26 0 64 53 33 89 0 33 1 48 16 18 16 61 20 52 0 0 0 46 0 82 6 18 0 0 0 37 0 0 0 77 28 12 0 6 9 31 83 0 78 58 0 3 2 89 0 24 0 3 0 83 65 52 88 61 24 0 77 0 54 44 37 57 5 49
 15 0 0 0 18 19 69 48 77 48 60 4 0 0 29 25 31 63 0 56 37 1 0 14 0 0 44 0 26 23 47 0 28 0 65 82 72 38 19 0 9 16 87 59 13 54 0 26 43 0 14 12 0 7 58 9 45 22 69 2 44 5 0 0 0 0 6 0 49 57 9 10 0 30 54 24 0 0 27 0 56 7 61 0 6 0 0 8 12 41 87 0 0 0 0 22 0 60 17 0
 13 86 0 6 67 82 45 92 0 0 0 0 49 99 0 16 31 87 0 55 0 25 54 85 54 0 59 0 0 70 0 8 0 0 0 33 31 0 0 27 0 0 0 17 0 5 0 28 44 0 97 56 32 48 0 34 73 0 71 0 0 0 0 33 45 18 0 74 0 0 0 7 17 79 0 16 20 0 76 88 39 34 38 28 54 5 37 0 44 0 0 0 57 0 30 0 70 56 71 0
 0 0 0 0 39 32 2 0 0 0 0 0 0 35 1 16 0 5 0 0 24 0 0 6 0 0 8 0 0 0 0 0 0 0 0 0 0 10 0 0 0 0 3 8 0 0 19 0 0 0 0 0 3 0 35 0 0 26 0 6 29 0 0 0 0 2 0 14 0 0 0 0 23 0 20 0 0 0 0 0 17 0 17 0 0 0 0 0 0 0 0 9 0 0 18 0 0 0 0 4
 21 0 14 70 23 13 1 38 64 0 60 18 8 25 33 75 29 25 0 47 83 32 51 30 0 0 55 60 0 23 33 0 0 0 0 31 0 88 79 0 0 23 0 47 0 0 82 82 0 23 0 0 74 55 0 0 0 8 0 0 0 77 1 11 28 0 9 70 16 22 67 7 0 1 0 69 0 32 0 0 0 62 28 0 5 0 0 55 66 51 41 12 75 27 0 0 91 33 0 68
 0 0 0 36 0 0 0 53 0 0 56 64 52 0 0 93 0 58 19 79 38 0 13 0 28 0 46 37 19 29 29 64 0 0 10 0 0 0 0 3 43 0 0 30 0 56 0 0 54 2 36 56 0 78 18 0 15 90 0 53 31 72 53 0 78 19 0 74 19 40 0 0 5 0 14 63 96 35 0 7 33 0 0 0 33 51 20 31 73 0 96 0 82 3 0 0 56 0 0 0
 68 0 0 0 49 0 0 0 17 38 0 47 52 0 0 9 15 42 57 2 0 39 0 0 0 0 0 0 0 61 4 33 0 0 13 27 0 21 0 0 0 22 0 0 0 0 18 0 0 0 13 31 36 4 22 0 0 29 0 0 0 55 0 0 30 90 0 17 20 0 0 49 36 52 0 0 0 99 0 32 0 0 0 0 0 0 8 0 0 0 0 0 0 0 76 0 3 0 0 0
 9 0 0 0 47 10 0 0 0 0 0 6 14 0 0 0 0 20 0 0 0 0 0 11 0 20 0 0 0 0 9 0 0 34 0 54 16 0 1 0 0 0 0 0 21 0 0 0 0 0 15 0 33 0 0 0 0 0 0 0 0 19 0 4 0 0 0 0 0 32 0 0 0 0 0 0 22 0 0 0 0 0 25 0 0 0 1 0 0 0 0 0 27 0 0 0 0 0 0 12
 1 25 0 1 37 0 0 20 0 0 42 60 20 0 0 68 23 0 71 0 0 16 0 84 10 32 67 76 0 0 0 30 8 0 21 21 39 0 48 5 0 69 0 0 0 28 0 0 0 37 75 0 0 0 0 77 46 71 0 29 0 0 0 0 6 0 0 52 13 24 15 42 0 49 0 16 0 43 29 6 15 39 0 0 24 0 66 13 83 56 0 45 0 62 4 8 87 83 0 0
 0 0 0 55 40 44 0 0 6 4 0 0 0 1 0 43 5 0 70 0 0 14 0 82 0 0 90 0 62 0 0 25 0 0 22 37 0 4 0 16 0 0 3 77 0 29 69 32 0 30 49 0 97 0 0 39 15 18 91 13 0 36 0 53 55 0 2 49 0 87 0 0 63 57 12 22 0 44 0 33 0 0 0 15 0 9 0 19 11 64 0 99 8 83 31 30 87 53 0 7
 0 32 0 0 49 0 30 0 0 2 0 67 3 0 0 64 1 0 22 67 0 0 33 71 0 0 10 0 0 0 0 0 0 0 29 0 4 4 7 7 1 0 0 93 0 0 0 0 0 0 0 0 1 12 40 0 43 0 28 15 0 4 0 0 21 32 16 39 0 0 0 0 0 0 0 0 0 0 0 0 0 0 10 6 10 1 26 21 32 0 0 0 20 27 0 0 60 0 0 0
 0 3 0 0 0 0 1 0 0 0 0 0 14 0 0 54 0 0 0 66 0 0 0 25 0 0 0 0 0 2 0 26 0 0 0 0 0 0 0 84 13 0 0 0 17 3 0 34 12 0 22 0 0 0 25 0 9 0 69 0 0 0 0 0 60 7 14 0 88 0 0 6 20 23 27 16 0 22 0 0 0 4 18 0 0 0 9 0 4 20 23 1 1 0 0 8 73 0 20 0
 0 55 0 79 0 51 72 0 0 0 65 0 76 63 66 72 0 21 64 0 64 19 0 87 41 61 0 0 54 0 0 62 0 0 0 13 90 0 73 0 65 0 27 0 0 21 20 0 47 0 0 0 26 19 67 37 0 0 84 0 9 0 0 24 0 29 35 0 32 0 0 0 0 93 29 80 18 8 28 0 86 45 0 0 0 21 99 0 42 6 29 50 37 30 67 65 75 76 0 30
 0 4 0 34 0 0 0 0 25 0 0 19 0 0 0 0 9 0 0 0 5 22 7 3 17 0 0 21 0 31 11 0 0 0 0 30 2 0 0 13 0 0 19 0 0 0 9 0 11 0 0 0 0 0 0 0 36 16 33 0 0 21 0 38 0 0 0 0 0 0 22 0 0 0 0 0 0 0 0 0 0 13 0 0 34 0 0 83 0 0 0 21 6 0 21 13 0 0 0 65
 87 0 0 0 13 0 0 31 35 0 29 14 51 0 0 94 22 0 79 1 2 13 0 37 0 0 68 21 19 89 16 90 0 17 12 0 0 0 0 48 10 0 65 30 0 0 0 0 0 0 10 24 83 0 0 2 83 0 93 0 0 0 0 5 0 50 0 55 50 5 11 5 0 0 0 0 29 19 0 85 0 0 0 19 48 8 0 0 27 41 0 0 50 38 0 0 60 21 0 49
 0 0 0 68 74 65 0 81 0 0 0 0 46 0 0 0 54 0 25 43 0 14 0 0 0 0 77 40 57 0 32 0 0 0 0 60 0 0 2 39 18 0 0 0 37 36 18 0 21 0 0 0 0 0 45 28 0 26 21 0 0 0 0 0 0 65 74 0 0 67 10 48 0 63 0 0 61 54 0 0 54 68 0 0 89 0 52 16 5 71 0 0 52 0 55 22 37 0 0 19
 30 0 0 0 20 0 0 57 0 29 62 0 17 0 0 19 58 0 86 56 0 0 0 0 17 0 46 0 0 27 8 0 0 0 0 52 0 0 31 28 0 24 42 0 0 0 22 0 0 89 79 1 0 0 47 0 0 1 44 0 0 0 0 0 0 72 32 33 74 0 0 52 27 9 0 42 0 49 0 41 29 0 0 0 87 12 3 15 0 0 0 54 64 28 52 0 0 0 8 25
 80 6 1 0 14 35 15 0 10 0 58 0 80 17 0 34 0 19 0 28 1 60 0 88 0 21 64 0 0 34 0 59 0 37 19 69 0 0 68 97 0 0 0 96 29 37 0 39 0 0 56 0 56 31 21 6 89 0 0 0 0 0 0 59 0 0 0 14 13 12 46 52 0 92 0 0 52 0 26 45 52 0 0 0 27 0 0 0 17 0 0 0 0 0 0 0 0 0 1 83
 38 0 0 34 1 44 0 0 0 0 3 0 32 0 29 54 0 37 63 11 0 94 0 56 37 0 17 30 0 0 0 0 2 0 0 39 16 0 0 0 0 0 0 0 22 10 0 31 0 0 0 0 66 31 16 0 3 0 8 9 0 0 0 0 11 0 0 0 57 0 68 45 0 38 4 0 0 0 0 19 20 0 0 0 1 0 0 67 19 0 0 0 0 0 70 0 61 23 0 89
 0 0 0 92 77 0 23 0 0 0 27 17 33 0 0 93 40 0 0 0 0 50 0 62 2 0 0 6 0 40 0 17 27 0 0 86 8 0 0 74 25 57 45 4 26 0 0 32 0 52 56 0 0 0 0 49 32 62 77 28 0 1 30 55 0 0 88 65 75 37 80 0 39 0 0 61 0 49 0 69 0 0 0 0 55 0 0 35 55 5 0 0 0 0 0 17 0 0 15 50
 31 10 0 42 62 0 0 0 24 38 39 62 27 15 0 70 24 79 0 0 0 5 0 43 0 0 68 0 27 47 12 10 17 24 0 0 0 5 0 0 8 0 0 0 0 61 0 0 14 0 0 0 0 0 47 0 0 0 0 0 0 9 14 0 18 78 0 33 37 0 92 0 0 35 25 13 0 0 0 0 0 0 0 35 0 0 0 19 40 0 0 0 17 0 21 0 0 7 32 25
 0 0 0 76 65 93 0 0 0 0 9 0 72 0 0 72 40 64 27 72 21 89 0 0 0 0 0 24 0 0 21 0 0 0 0 9 0 0 0 82 93 49 0 73 0 17 0 29 0 0 0 51 58 0 68 29 30 8 48 0 0 0 11 40 29 45 84 69 31 0 15 5 71 43 0 0 65 67 16 21 0 81 0 0 53 0 82 0 0 0 13 0 45 39 0 41 70 15 99 39
 0 0 0 0 0 10 0 1 0 0 24 0 0 23 0 0 5 60 0 0 0 0 0 0 32 0 0 0 21 0 6 19 21 0 34 0 34 0 0 37 10 29 0 0 0 22 21 0 0 0 0 12 0 0 0 32 20 0 0 0 0 0 37 15 0 0 26 36 0 0 0 0 34 55 0 30 0 0 0 0 0 3 0 0 0 0 13 12 0 0 0 0 0 0 0 0 0 0 0 0
 0 0 23 51 32 25 0 0 0 21 0 41 50 0 0 36 61 32 0 42 0 0 0 40 26 0 54 0 63 38 0 87 0 0 0 0 36 23 65 74 0 0 36 30 0 11 0 0 38 0 57 0 21 0 0 0 16 0 0 0 0 66 4 67 79 31 0 8 0 0 0 0 27 0 30 0 0 0 0 0 0 0 0 0 0 24 0 67 0 7 3 5 43 82 13 8 0 79 31 0
 0 0 3 52 77 7 0 0 0 0 14 0 0 0 0 0 6 0 0 12 0 0 0 0 0 0 0 0 39 0 8 0 0 0 0 25 1 0 13 0 0 0 0 0 34 0 0 13 11 0 0 0 2 0 0 0 0 0 27 0 0 0 0 0 0 0 6 34 3 0 0 0 0 2 0 39 0 0 0 11 0 0 12 27 0 0 0 0 0 0 0 0 0 0 0 0 0 0 13 0
 53 0 0 0 16 39 13 0 0 0 59 0 0 0 0 0 0 0 21 0 0 7 15 0 0 29 19 0 0 57 0 3 0 0 13 0 0 0 0 20 0 0 76 0 27 0 34 0 0 43 15 0 50 0 61 11 0 0 76 0 0 94 0 66 0 0 66 44 29 77 21 49 0 98 18 24 31 0 14 50 0 0 0 0 0 0 0 0 59 0 23 0 0 38 35 0 6 68 0 45
 5 2 0 0 2 0 0 0 5 18 0 0 0 0 10 0 0 85 9 0 18 0 0 0 0 0 0 0 0 15 0 0 22 0 0 64 12 7 13 45 16 0 0 0 0 0 0 0 0 11 0 0 35 0 30 7 0 0 0 0 0 1 0 0 87 58 0 81 0 0 20 0 0 40 33 22 0 0 0 10 0 0 0 0 0 0 0 0 0 2 0 0 0 0 0 27 0 5 0 20
 0 26 7 25 15 0 0 93 0 0 0 0 3 0 0 80 84 96 23 37 0 0 9 71 0 14 51 0 0 28 0 0 36 0 25 0 5 0 36 41 0 0 0 34 32 13 88 15 11 69 0 0 59 16 19 59 0 34 0 0 0 29 36 0 46 0 88 0 20 0 88 0 30 62 0 63 72 0 0 8 0 0 0 19 24 0 0 0 70 45 0 34 0 53 0 17 44 0 0 0
 0 0 0 0 17 55 0 65 28 19 47 55 29 0 18 0 52 21 52 0 21 12 42 45 60 38 39 48 70 98 21 52 0 0 79 0 49 0 86 0 52 55 10 11 0 34 63 6 76 44 20 6 57 33 0 35 25 79 44 37 0 0 4 56 0 33 18 24 88 62 0 73 0 69 30 0 0 93 0 0 61 0 0 0 0 34 33 84 63 0 10 61 0 32 22 74 16 92 39 0
 0 0 0 0 46 14 0 0 6 0 67 85 0 0 34 61 0 34 63 0 0 86 0 58 0 3 3 0 0 24 30 11 0 0 10 4 0 0 0 0 21 0 0 38 6 0 0 18 11 6 39 0 0 11 0 0 33 0 0 0 1 0 0 33 0 21 22 28 59 0 0 55 4 99 13 0 0 0 0 17 0 8 9 0 15 0 0 19 49 0 0 0 24 0 20 0 87 0 0 0
 9 0 28 54 0 21 0 72 0 0 8 38 45 0 0 8 12 42 69 0 5 19 0 51 0 0 85 0 55 15 0 0 5 17 19 22 0 0 56 17 0 58 38 11 9 35 39 1 60 18 0 0 0 0 0 0 70 85 82 0 0 66 0 8 45 0 46 0 0 0 70 8 0 0 14 0 0 0 0 1 8 0 23 0 43 10 0 68 0 19 6 2 53 0 0 8 6 69 0 4
 72 0 10 0 0 54 0 0 0 0 54 31 0 0 0 0 29 0 19 88 0 54 0 49 0 0 0 0 6 67 0 32 11 14 0 58 0 37 19 0 19 0 47 58 0 0 0 30 31 0 6 0 56 0 0 0 54 0 6 24 0 0 0 0 29 67 1 28 15 14 44 47 0 50 0 0 56 65 0 27 0 7 0 14 0 33 0 0 5 0 0 0 71 0 79 0 38 46 0 37
 0 15 12 26 91 69 0 0 0 0 0 5 15 0 4 0 0 38 0 0 0 0 0 0 0 0 21 0 0 0 0 0 35 9 0 68 0 0 0 13 0 0 0 0 7 12 29 4 4 13 0 34 0 0 0 0 46 27 0 0 14 34 0 0 0 0 0 0 0 0 0 0 19 40 0 0 9 0 7 0 0 0 0 0 0 0 0 0 0 0 0 19 0 19 0 0 0 0 0 48
 63 0 24 15 28 0 0 0 0 0 0 0 0 2 14 0 0 88 3 0 0 0 0 0 3 0 7 0 0 0 0 29 0 21 0 0 18 0 0 29 0 0 0 0 0 16 0 0 0 0 7 14 0 0 6 0 45 16 0 25 0 0 32 0 3 0 19 36 0 4 0 0 0 66 19 0 0 0 0 0 3 2 0 0 0 0 0 0 0 0 17 37 12 14 0 0 0 0 0 70
 0 25 0 53 40 0 20 0 0 0 38 68 38 0 0 91 8 0 0 69 24 0 0 75 28 0 0 0 67 0 0 29 0 0 0 36 0 29 23 90 21 0 0 0 0 30 0 0 0 32 30 0 67 0 0 13 0 0 0 0 0 0 0 0 84 0 0 49 31 88 0 0 0 0 0 36 0 21 0 0 58 0 0 0 0 0 0 54 0 73 0 2 89 32 47 2 46 0 0 6
 44 19 0 83 70 64 0 0 0 5 0 0 0 0 0 0 0 43 13 0 0 0 0 0 5 0 29 0 28 0 0 1 0 5 0 0 0 0 0 39 0 0 0 0 13 27 0 32 0 0 6 0 0 0 0 0 0 0 0 20 0 0 38 0 58 0 0 0 0 0 0 19 25 47 6 0 0 0 0 16 0 0 0 0 0 0 0 0 0 0 11 0 0 12 5 0 1 0 0 37
 0 10 16 0 0 0 0 0 0 26 0 0 0 0 0 0 4 61 0 20 4 0 7 0 0 0 0 0 0 0 11 0 30 0 0 0 0 0 0 26 0 0 29 0 0 0 0 0 0 0 0 0 0 0 27 31 0 0 0 0 0 0 30 0 74 30 0 51 0 3 0 0 7 0 0 0 0 0 0 0 0 0 0 3 0 0 0 0 0 0 0 0 0 0 0 0 0 0 0 0
 0 0 0 58 0 16 0 12 0 0 87 18 0 0 0 40 0 85 0 0 0 37 2 97 25 0 31 0 0 0 0 29 0 0 21 40 0 0 59 0 0 0 32 98 20 72 0 0 13 0 78 0 62 2 5 0 74 0 44 1 0 76 23 0 10 0 0 60 0 0 83 69 0 6 0 0 61 44 0 0 0 0 0 0 0 0 0 84 50 0 3 0 0 0 72 0 65 31 0 65
 0 0 35 30 72 68 0 0 0 0 0 52 0 0 14 63 0 77 0 54 0 0 29 0 0 0 0 0 0 38 0 13 0 0 30 65 0 0 10 47 0 19 1 59 0 0 0 0 35 0 0 0 0 0 14 20 93 0 0 0 1 22 0 0 13 59 0 0 49 0 0 0 0 96 0 0 0 0 0 39 0 0 0 29 0 0 0 0 0 0 10 9 0 1 2 0 0 26 16 25
 36 21 19 43 73 34 0 9 0 11 0 20 0 18 0 0 0 9 1 0 17 27 0 0 6 27 19 0 0 4 16 0 0 0 0 23 0 8 0 34 0 2 6 0 7 0 0 0 0 0 0 20 23 0 47 8 50 0 26 6 0 0 0 0 19 17 10 0 15 0 53 0 0 46 0 27 0 0 0 19 7 8 0 2 0 0 0 63 0 0 0 0 0 31 0 0 0 0 0 0
 35 0 0 0 67 0 0 0 22 0 0 0 52 0 4 21 0 87 36 18 0 92 0 4 0 0 12 14 0 19 0 67 0 0 0 0 19 0 0 10 0 0 80 0 28 5 14 17 0 3 49 0 7 0 0 0 34 50 98 0 27 0 13 5 0 81 0 0 0 3 41 21 0 37 0 0 56 48 0 0 9 0 0 20 0 0 0 2 83 84 0 82 0 92 0 0 77 0 8 22
 0 0 0 0 39 59 0 0 0 31 0 24 0 0 0 0 0 44 3 0 0 0 0 37 0 0 0 0 20 0 0 0 29 0 0 0 0 11 0 14 0 0 12 0 0 36 3 0 0 0 0 7 0 0 0 26 0 0 0 0 0 0 15 0 0 0 0 0 25 0 0 0 0 0 0 0 0 37 0 10 0 7 0 6 12 0 21 19 32 0 0 9 0 0 0 0 0 0 0 7
 62 18 0 66 63 0 0 37 0 0 6 8 67 0 0 10 0 91 51 35 0 95 0 20 0 0 64 10 21 0 0 46 0 0 32 0 30 0 0 19 18 0 5 0 0 62 0 15 71 52 0 49 0 13 15 0 2 0 0 79 0 0 0 22 41 0 85 0 41 10 27 0 11 72 0 0 0 0 0 53 55 70 16 25 0 19 0 0 0 53 14 61 14 11 62 0 63 79 10 57
 57 0 0 0 0 32 0 0 0 0 22 20 0 2 0 0 8 10 89 40 0 0 34 67 0 0 80 0 88 71 0 28 0 0 0 87 0 0 17 19 0 0 59 0 0 9 52 15 0 76 60 0 0 8 0 62 0 0 0 0 18 7 25 26 19 47 0 55 0 48 43 0 64 55 10 0 94 58 9 40 0 0 0 14 6 0 0 0 0 29 0 0 13 43 50 33 45 0 0 0
 8 0 7 33 31 39 0 12 0 0 51 84 0 0 0 27 61 68 0 21 34 0 5 0 12 0 92 11 22 0 0 12 0 11 0 7 10 0 50 0 26 0 1 60 0 58 0 0 18 0 21 0 28 0 14 12 35 0 43 0 10 34 9 0 0 0 17 23 56 0 41 54 0 42 22 0 0 0 0 0 0 17 0 0 0 5 0 0 41 34 0 10 52 0 5 0 0 0 0 64
 77 0 8 0 48 15 0 0 0 3 38 26 0 0 0 8 0 15 24 2 0 0 0 0 0 0 0 0 0 2 0 0 0 13 0 51 0 0 0 83 0 0 89 0 0 0 0 0 0 18 39 0 6 0 8 12 88 21 59 6 0 29 24 0 39 86 0 43 90 0 45 60 0 0 38 0 13 0 0 0 0 0 0 0 24 0 5 0 0 2 0 0 74 0 0 0 63 0 39 22
 85 79 0 92 21 0 27 51 33 32 0 16 85 76 0 2 35 32 0 0 10 45 31 61 0 0 90 0 47 43 0 0 0 0 0 33 3 56 80 0 0 63 18 61 0 79 46 20 14 0 38 4 16 0 0 46 62 0 3 76 23 91 5 34 0 64 80 76 32 95 35 23 9 49 76 0 49 16 0 35 17 0 61 0 56 79 2 0 0 37 0 32 11 37 13 0 63 0 0 17
 0 33 15 18 0 8 0 18 0 0 0 0 0 0 0 36 31 29 0 19 8 0 0 0 28 0 29 0 0 0 0 36 0 2 0 54 20 0 0 0 0 0 5 26 23 37 0 18 0 0 0 0 35 0 64 2 0 0 0 0 28 0 0 0 0 22 14 0 53 9 0 0 0 0 0 0 8 16 0 0 1 0 0 0 0 0 0 5 0 0 14 0 0 0 0 0 79 0 0 0
 0 0 38 41 37 66 0 17 0 0 0 0 15 0 0 23 52 0 95 0 0 0 0 90 0 0 53 36 39 0 0 32 0 0 0 0 19 0 26 12 0 0 0 96 0 23 8 0 0 0 0 4 81 1 7 28 62 36 20 17 0 71 0 7 34 0 0 6 12 18 67 0 0 12 0 29 0 76 0 0 0 4 0 0 17 0 0 0 0 0 0 0 66 0 29 0 22 0 0 0
 20 0 13 63 16 74 0 28 0 0 72 72 58 0 0 0 33 0 0 0 0 68 0 0 35 0 0 34 0 0 0 3 0 0 0 73 0 4 80 17 0 20 22 0 0 0 12 0 15 54 85 7 73 0 0 18 48 87 17 35 15 0 64 0 50 0 33 5 48 41 55 0 78 0 0 14 0 25 0 39 0 0 0 0 45 0 7 0 5 30 0 84 0 51 37 0 54 0 0 0
 0 37 0 43 13 0 8 0 0 37 0 77 55 70 0 42 0 35 67 0 42 32 0 49 0 0 0 0 7 28 0 64 0 0 0 0 0 23 0 0 33 0 0 0 17 46 60 68 25 47 87 54 39 8 68 61 0 24 0 72 13 0 0 76 69 16 45 82 86 98 57 11 15 15 0 86 1 0 0 15 0 33 0 0 46 40 24 0 79 17 33 0 90 0 35 65 43 44 0 88
 0 0 73 1 0 0 0 85 0 0 0 33 55 43 0 39 65 29 42 47 14 0 1 0 44 0 30 13 0 40 0 8 0 85 0 72 78 20 20 67 40 0 0 58 17 72 0 67 13 0 48 3 0 77 34 83 0 24 0 0 40 51 30 0 98 65 81 20 0 33 0 0 0 0 0 0 46 37 14 20 79 19 31 0 26 83 17 0 21 35 61 0 77 49 0 0 0 0 63 23
 0 2 0 0 42 20 0 17 0 7 5 83 51 35 0 39 49 0 57 0 0 16 7 0 0 2 56 0 0 51 0 41 30 0 0 34 0 0 36 81 0 8 0 38 0 0 0 0 0 0 0 0 52 0 77 32 78 9 0 0 29 0 0 0 52 76 21 73 24 49 0 33 28 0 30 0 68 0 0 85 0 0 0 0 0 0 0 9 44 18 0 13 0 72 0 0 56 29 0 0
 0 0 0 0 0 49 0 32 32 0 42 71 58 0 0 8 83 25 28 0 5 11 16 0 1 0 38 81 10 0 0 0 0 11 0 9 13 0 56 23 52 0 0 19 0 0 0 23 0 76 0 4 31 1 92 0 72 7 0 78 0 34 0 0 1 51 22 67 21 66 23 67 72 15 0 51 0 28 0 4 0 88 0 0 70 0 67 80 0 11 0 0 0 23 66 0 8 31 0 2
 0 0 33 0 50 61 10 52 0 0 1 0 10 18 5 49 0 84 0 0 0 79 0 47 0 0 0 76 0 20 35 36 0 0 0 67 0 0 0 0 0 72 0 0 0 0 11 0 0 54 0 24 2 0 0 4 40 1 96 27 0 50 20 1 90 59 53 92 72 56 70 91 46 0 11 92 55 0 0 35 23 0 0 0 7 0 0 0 35 85 11 0 78 58 81 0 53 60 0 1
 46 0 0 78 27 18 0 0 0 0 22 31 0 0 29 0 0 40 0 64 17 0 0 0 0 0 33 0 0 32 35 0 0 0 13 8 0 0 2 75 0 0 0 57 11 0 10 0 0 22 0 0 0 8 0 0 56 14 46 0 0 0 0 11 70 10 0 68 48 0 13 0 0 0 3 1 11 0 1 0 0 4 33 35 0 0 23 0 0 0 3 0 26 0 0 37 48 4 0 60
 0 0 0 41 0 0 0 0 0 39 0 0 15 3 0 89 0 0 0 38 10 38 0 6 13 0 15 22 0 0 0 0 0 0 0 53 0 0 10 78 0 0 0 0 0 4 0 0 8 0 0 0 0 23 90 23 41 0 35 0 0 0 8 0 78 18 10 48 22 0 50 62 0 0 1 22 0 21 22 55 4 0 0 0 0 18 0 62 0 0 8 1 97 31 0 30 41 10 0 67
 32 38 0 70 34 0 9 20 0 0 0 20 40 20 0 0 0 0 0 30 0 22 0 29 25 17 0 0 0 1 0 47 0 0 0 7 0 11 82 53 0 0 39 0 0 55 0 0 8 20 45 0 94 0 51 0 44 0 0 0 18 72 0 0 70 51 0 34 15 18 91 49 0 75 0 0 0 0 0 51 0 0 0 0 0 0 0 43 7 0 38 0 70 12 31 0 32 0 0 34
 74 0 0 0 0 44 61 33 0 0 56 28 8 0 0 0 41 0 70 0 0 0 0 0 0 0 14 73 49 42 0 45 0 0 5 89 0 0 10 40 94 20 50 0 0 16 35 84 15 37 74 77 22 0 74 0 98 0 42 49 0 63 0 59 0 0 88 0 13 0 0 16 3 33 0 0 49 81 6 0 99 44 0 0 85 39 0 0 0 0 0 0 0 59 11 63 0 0 90 37
 28 34 0 88 75 0 30 0 0 0 59 13 0 0 0 76 11 70 0 49 0 0 0 16 7 0 46 0 0 39 0 14 1 12 19 0 0 1 71 4 0 0 40 0 0 0 0 32 0 38 61 22 60 18 22 0 87 21 40 0 0 22 0 25 0 0 0 3 58 55 0 65 0 0 0 17 0 12 0 5 35 0 7 34 0 33 25 0 0 77 1 0 0 11 0 9 0 20 0 46
 79 12 0 50 55 0 0 0 32 0 0 79 64 0 0 63 0 0 50 22 16 24 0 61 0 0 0 34 3 98 0 0 0 0 0 57 0 0 10 0 16 0 0 0 0 0 0 0 0 0 20 8 0 0 41 0 0 1 27 19 10 0 0 0 32 0 0 44 63 16 22 27 33 42 0 0 0 0 0 69 0 2 0 0 0 8 0 0 0 0 2 14 0 0 27 21 7 0 0 0
 37 0 1 0 38 58 9 0 0 33 0 0 0 13 24 0 62 0 75 1 26 28 0 77 0 15 0 0 0 0 0 62 6 22 8 29 0 0 23 78 0 0 0 6 0 0 0 2 0 15 0 0 0 0 41 0 34 0 54 0 0 46 3 10 0 0 0 0 81 0 0 0 0 17 0 0 5 45 0 68 2 0 0 0 0 0 0 53 0 0 0 0 73 0 78 0 9 0 0 71
 0 0 0 7 0 0 27 0 0 20 0 71 91 0 1 68 0 74 0 11 0 43 0 49 14 0 0 16 10 7 0 0 0 7 0 0 26 10 0 59 0 0 67 40 0 0 22 0 0 0 0 7 0 17 73 0 17 0 50 24 0 0 19 0 27 41 0 0 68 0 0 67 0 14 0 0 0 32 0 62 0 0 0 0 0 0 0 42 14 0 0 29 0 0 0 0 0 14 0 0
 0 0 0 51 0 27 0 5 0 3 48 34 31 0 0 10 1 0 0 0 0 0 0 0 0 0 72 50 0 47 13 47 0 0 8 20 33 0 71 32 0 0 49 0 0 0 56 0 10 63 7 0 7 0 6 0 35 43 0 0 0 46 0 7 39 55 0 0 9 90 85 0 24 33 28 0 30 46 0 38 58 59 0 4 58 0 26 0 0 55 0 0 0 60 85 0 61 30 0 0
 13 0 0 23 55 62 0 17 0 0 0 20 0 11 3 0 0 65 17 7 0 14 0 0 0 0 0 0 35 37 0 34 0 7 0 56 0 0 0 0 0 0 0 0 0 16 0 0 32 38 0 11 18 0 37 29 48 0 34 0 0 0 0 0 13 28 0 0 15 0 7 22 0 59 0 0 21 0 0 0 0 0 0 2 0 0 0 0 0 0 1 12 0 0 15 0 0 7 8 52
 30 32 0 49 19 0 15 0 0 0 51 41 16 0 0 64 0 6 0 0 0 0 37 74 21 0 37 0 0 0 0 15 0 0 0 2 0 32 41 29 0 0 87 21 0 83 0 14 39 30 0 13 0 0 0 0 61 0 0 19 0 18 0 0 25 35 7 33 78 0 0 0 29 70 0 8 17 24 0 68 0 13 0 25 0 0 0 0 0 67 28 0 54 48 0 0 0 0 26 0
 88 10 0 18 15 0 0 66 11 0 0 72 0 0 25 83 33 36 0 40 1 0 10 97 0 0 5 48 75 0 0 0 0 0 0 39 24 9 68 89 0 61 2 0 12 19 31 15 0 0 32 0 0 0 76 0 0 48 70 84 0 0 17 24 32 3 51 6 28 83 0 0 0 86 0 12 61 0 0 20 6 29 4 0 22 0 39 13 89 0 0 88 28 37 64 54 0 0 0 0
 0 0 0 0 59 0 39 0 0 15 0 14 0 5 0 0 0 32 0 0 0 0 14 0 0 0 13 31 0 0 0 0 0 39 1 0 0 1 27 0 33 0 15 28 0 0 0 0 0 0 0 0 0 0 2 12 22 0 0 15 13 0 0 0 0 0 0 0 23 0 0 0 0 0 0 13 0 0 0 6 6 0 0 0 37 0 0 0 0 0 0 0 9 0 17 29 0 1 11 0
