200
 0 19 0 0 30 15 0 0 0 26 0 0 67 0 0 21 32 0 71 0 87 0 16 89 0 3 41 0 7 0 0 0 53 0 0 26 0 0 67 70 0 0 0 62 93 11 63 12 12 69 16 0 0 19 19 59 0 7 18 0 0 93 0 0 22 0 13 5 0 67 19 75 3 0 0 0 25 0 21 6 50 0 12 19 0 52 48 0 43 0 48 12 7 59 33 7 56 11 75 0 11 67 0 9 0 0 18 2 68 0 10 36 0 0 93 0 0 73 21 0 0 20 0 0 0 39 27 18 22 27 56 56 0 52 84 6 81 46 47 0 70 24 0 31 0 22 61 40 0 0 29 0 64 29 0 0 36 36 0 0 12 39 32 70 0 0 14 50 36 0 86 26 14 0 0 28 0 0 11 0 18 0 60 83 0 0 11 73 0 16 0 0 0 56 19 0 4 8 48 74
 0 0 26 99 12 64 71 16 27 0 60 16 58 58 0 92 27 0 47 0 45 0 49 30 25 68 30 60 51 78 0 18 6 3 75 3 0 56 28 58 6 52 0 55 33 76 82 28 58 31 0 0 33 6 0 0 11 96 16 66 86 68 50 6 0 0 2 74 11 80 18 63 0 17 35 14 46 3 35 19 0 3 60 0 77 13 51 84 37 80 0 0 0 19 39 29 27 20 58 0 0 0 0 93 35 63 53 93 77 0 0 0 28 30 69 24 16 42 0 8 10 90 22 29 37 49 28 0 6 0 18 8 43 65 62 70 13 36 0 0 0 8 40 10 60 38 28 0 9 0 96 71 69 55 32 6 0 49 79 65 0 15 5 3 24 45 0 0 30 0 41 14 44 0 59 31 0 0 0 55 41 18 45 68 0 38 54 50 2 72 17 60 0 0 0 10 11 10 30 0
 22 0 0 0 19 0 74 80 25 51 0 0 41 0 0 0 88 85 0 75 25 5 70 0 65 63 85 0 0 0 54 41 0 59 33 31 9 32 91 0 21 51 0 0 56 21 66 40 83 50 0 71 40 36 2 0 0 6 29 59 3 0 0 0 52 69 72 0 0 0 69 40 52 55 0 0 26 22 0 51 30 81 10 0 0 55 0 0 0 0 74 0 56 62 50 0 22 60 0 9 0 90 11 58 0 52 9 17 23 0 0 87 6 59 0 14 36 56 53 0 46 0 25 48 55 61 0 19 36 85 42 55 25 62 64 0 0 31 51 0 0 61 81 0 11 56 0 55 8 0 51 72 64 62 45 25 39 0 0 53 0 5 7 72 6 19 33 0 0 27 55 60 0 0 4 51 41 66 0 0 0 23 52 0 10 0 0 6 0 27 52 87 3 0 0 0 22 0 33 15
 55 0 2 0 0 53 20 0 50 72 34 0 26 0 0 30 0 0 9 14 10 17 0 52 69 37 35 60 0 36 18 0 50 42 81 78 33 13 0 0 47 60 12 9 31 20 0 49 42 4 0 5 0 0 5 49 16 53 34 30 0 38 21 0 58 24 67 0 46 55 3 0 29 0 23 0 38 35 81 86 50 19 9 76 24 23 0 0 34 25 43 0 0 0 0 0 0 0 0 0 0 17 3 36 8 48 52 84 17 0 15 10 59 0 95 0 6 0 27 0 41 21 0 12 12 0 85 0 52 92 88 68 0 92 29 32 41 73 77 0 29 38 72 19 77 47 21 78 0 16 0 32 56 54 17 0 87 0 5 97 14 93 0 5 10 57 3 88 0 0 55 35 70 0 0 46 40 10 16 0 0 4 35 6 13 53 0 34 0 0 0 65 39 26 62 0 0 60 22 0
 0 0 0 5 0 0 0 9 17 2 0 5 0 0 10 0 26 2 19 13 0 0 0 0 0 9 16 0 0 47 0 0 0 0 0 0 0 28 0 0 27 0 0 0 0 20 0 0 12 0 0 0 0 0 18 0 0 36 0 0 0 0 0 26 0 12 0 0 0 80 9 0 0 0 0 0 0 0 1 26 0 3 0 0 0 19 0 0 6 0 0 0 0 20 0 32 7 16 0 0 16 0 0 0 0 0 0 0 0 0 0 0 0 0 0 21 0 0 0 0 0 30 0 16 0 0 0 0 0 0 0 0 0 0 19 0 0 21 0 0 0 0 0 16 15 0 0 32 0 35 0 2 0 0 7 0 0 0 24 0 2 0 70 0 0 0 29 0 0 0 0 30 0 0 0 51 0 0 0 4 0 0 0 0 11 0 0 0 7 0 9 22 0 0 28 0 0 0 14 0
 0 0 6 0 15 0 0 36 62 82 61 0 0 55 0 0 4 50 81 0 56 24 10 36 31 4 52 0 81 36 0 0 69 55 0 0 0 0 98 0 71 0 0 21 0 0 37 71 79 0 59 0 82 0 23 0 76 74 62 0 0 90 0 0 0 0 34 0 1 80 28 0 4 35 13 4 12 0 33 43 21 20 90 45 28 36 3 83 64 12 79 0 0 36 0 72 92 25 11 23 0 79 35 79 0 52 21 45 67 0 0 26 31 0 58 6 0 42 63 0 55 10 0 0 0 0 13 35 55 32 0 14 16 60 0 25 96 46 0 0 69 36 72 24 0 3 65 30 0 0 21 0 91 7 87 40 35 2 0 0 0 0 62 92 0 12 0 0 4 16 51 6 0 1 0 0 0 0 0 0 20 0 0 59 0 63 0 0 0 57 0 43 0 4 0 0 0 62 72 0
 22 0 0 0 24 1 0 38 0 0 0 0 0 40 0 0 28 0 0 0 23 36 14 29 89 7 14 4 0 1 0 0 10 9 0 0 0 0 35 80 0 18 0 0 9 0 0 60 17 0 39 0 50 0 7 47 30 7 0 0 0 0 0 24 64 18 0 0 92 0 7 0 24 21 0 0 3 0 0 10 17 5 11 11 62 0 79 3 0 9 69 23 60 27 61 0 0 50 0 0 0 0 43 70 15 0 0 79 0 0 0 1 0 0 0 47 0 0 36 0 50 86 52 0 0 87 0 0 87 73 16 32 2 9 55 28 0 87 8 0 29 0 52 1 1 34 2 2 0 21 50 63 20 92 0 32 45 69 0 0 0 0 25 9 0 3 5 0 42 0 0 66 0 0 16 0 0 0 15 0 0 0 30 60 0 0 0 0 0 0 30 14 0 70 27 0 15 61 0 23
 6 0 0 15 0 0 0 0 0 0 15 2 12 12 0 0 0 0 89 0 0 30 82 36 0 4 0 0 14 14 0 0 35 22 0 52 17 0 29 12 0 0 0 10 23 0 30 77 27 0 11 0 22 6 17 0 47 53 39 0 0 0 0 30 38 84 0 0 26 83 0 0 0 1 0 11 0 11 0 0 0 0 80 0 4 0 76 0 67 34 0 0 53 0 0 0 0 36 0 0 0 20 0 75 0 24 0 28 0 2 0 74 87 0 0 27 0 29 0 36 74 0 35 15 0 0 13 13 0 0 30 54 0 5 4 47 59 15 0 0 61 8 59 13 24 0 22 0 0 0 15 0 9 0 0 68 30 6 0 0 0 0 63 0 0 0 0 67 0 0 9 79 65 0 0 4 36 0 0 13 0 4 47 0 0 0 0 1 21 0 20 54 0 0 32 36 20 0 43 0
 0 0 0 0 0 0 43 40 0 0 28 0 0 42 0 25 6 0 71 14 21 35 55 8 42 0 27 0 0 13 35 0 63 0 0 0 0 5 0 7 0 0 6 0 17 7 26 0 46 24 45 0 0 0 41 22 13 63 17 0 0 0 0 0 74 43 16 0 48 0 1 0 43 0 0 0 0 0 8 3 34 27 42 0 31 10 0 0 0 31 4 0 92 2 0 0 0 0 0 0 0 94 53 0 0 17 0 73 0 0 0 84 76 13 0 0 20 49 4 0 47 0 0 0 0 0 6 83 43 36 86 71 6 56 39 12 33 44 89 0 0 97 78 43 0 0 0 0 1 0 0 0 19 82 10 81 0 0 0 0 0 0 79 86 23 8 23 20 29 0 0 58 0 1 0 0 15 26 0 10 0 0 51 60 21 28 0 4 0 64 47 57 0 96 19 0 3 0 73 1
 0 1 0 0 0 0 9 21 9 0 0 0 0 51 0 70 69 7 51 0 16 42 23 33 0 0 70 0 0 35 0 17 61 0 0 13 32 0 0 71 28 0 0 45 0 44 5 44 0 0 0 0 81 0 0 42 54 7 57 0 0 10 26 10 33 0 0 0 64 86 5 85 0 60 31 7 0 0 36 54 52 0 74 0 80 0 13 25 0 19 8 0 0 14 18 0 8 5 13 0 35 76 37 26 0 55 43 31 0 0 0 0 56 24 0 52 0 0 10 26 53 6 8 3 0 0 6 0 0 92 43 43 0 77 59 83 96 60 0 9 0 15 0 63 0 0 52 23 0 7 0 35 59 39 0 44 62 28 10 0 57 0 0 0 0 52 12 23 12 0 62 72 69 0 0 0 0 0 3 2 0 0 0 55 0 73 0 0 0 61 73 50 0 0 0 0 0 26 0 36
 0 0 3 0 73 0 19 0 0 2 0 0 10 0 0 40 15 16 9 0 1 87 88 0 10 0 8 0 0 68 0 4 0 0 0 32 6 0 0 0 10 0 0 0 0 0 24 26 45 0 0 0 77 0 0 35 37 0 0 0 0 0 24 0 31 24 0 1 81 66 0 0 6 0 0 0 0 12 0 53 59 0 32 16 0 0 0 0 37 0 0 0 49 0 62 0 0 7 9 0 0 42 14 0 0 83 0 0 0 0 0 60 0 0 0 0 6 72 34 0 21 0 8 0 0 0 0 80 45 0 6 58 0 0 54 0 48 83 0 10 45 0 9 23 21 0 0 5 0 0 0 18 0 56 0 0 0 6 0 0 0 0 67 0 0 0 0 0 0 10 0 83 46 0 0 85 0 0 0 0 0 0 30 0 0 0 0 27 15 0 20 0 0 0 32 0 1 0 0 0
 27 0 74 1 0 13 35 0 58 67 60 0 0 0 0 52 41 33 0 24 3 25 12 12 0 50 61 79 0 63 0 25 18 17 13 0 0 41 91 46 65 82 9 7 87 5 0 11 54 3 14 52 51 55 3 0 60 27 26 23 53 80 15 0 14 0 60 48 11 52 46 37 11 46 0 0 16 0 0 59 49 0 0 0 16 17 58 65 0 0 14 72 0 42 0 0 59 66 1 12 0 65 38 0 32 28 50 0 0 0 16 30 0 17 30 73 55 19 65 1 16 43 38 12 61 58 21 71 71 30 90 0 37 18 10 70 0 35 19 0 16 28 3 5 5 44 37 59 89 39 72 0 79 8 45 0 0 24 40 36 24 87 21 26 0 70 35 66 15 0 22 56 0 0 0 42 43 0 48 15 51 0 0 31 10 24 37 59 0 0 0 0 31 49 0 0 30 0 0 0
 0 0 0 0 49 14 68 0 69 70 0 16 0 78 0 40 0 14 0 0 27 69 0 0 67 0 26 13 0 0 0 10 68 0 0 2 0 12 9 34 72 0 0 55 0 86 0 38 82 0 84 0 38 0 66 57 24 92 1 0 0 32 0 0 9 0 0 5 0 31 29 70 33 15 0 0 28 93 0 46 0 0 10 47 52 45 35 16 10 0 0 0 39 26 12 0 0 36 70 0 10 7 1 82 0 60 8 0 12 0 0 7 54 0 49 45 11 52 0 0 51 0 22 0 0 62 0 0 34 0 54 35 7 58 0 37 45 57 49 0 16 11 77 0 0 70 63 0 1 0 0 0 0 1 1 47 30 13 0 0 23 0 0 45 22 31 60 0 0 0 78 0 81 0 30 59 0 3 0 14 0 13 31 83 4 0 0 0 0 0 16 39 0 44 0 12 0 0 75 0
 1 0 22 3 73 0 0 0 0 0 12 4 0 0 0 0 0 0 49 0 0 0 51 0 0 0 0 0 0 66 0 53 0 0 0 0 0 0 0 72 1 0 0 5 0 0 2 0 71 0 40 0 0 0 0 2 12 0 31 29 0 0 0 0 71 72 0 0 0 26 0 0 0 0 0 19 0 0 0 64 14 0 0 0 0 0 0 23 56 0 0 21 25 0 0 0 21 26 0 0 0 34 55 31 0 21 8 0 0 0 0 62 0 0 0 0 0 0 4 0 25 14 76 19 0 0 16 14 50 0 0 91 8 51 70 0 0 0 0 36 0 0 62 0 0 0 78 0 7 0 0 0 3 66 0 0 0 0 8 5 71 0 39 17 0 4 0 0 0 32 0 93 0 0 0 19 0 0 0 0 21 0 0 12 0 0 6 52 0 0 0 0 0 0 0 0 34 0 22 7
 33 83 43 6 0 67 41 20 37 77 19 12 12 54 0 57 0 0 26 0 41 0 29 25 51 75 0 73 68 88 0 77 0 0 76 0 10 0 21 62 72 0 81 32 0 36 0 24 47 53 56 2 76 44 70 53 42 0 93 29 35 10 42 0 0 0 77 6 68 20 56 52 18 5 52 9 0 3 43 62 95 75 0 0 0 38 0 6 0 0 35 93 23 12 28 33 59 0 44 53 37 8 14 10 42 33 0 28 0 0 0 0 0 0 79 49 32 37 75 0 11 65 28 85 75 14 69 81 87 36 60 60 60 38 46 80 0 57 0 0 31 14 26 0 70 73 28 5 3 63 30 70 17 75 24 0 55 21 10 0 19 60 0 95 66 46 65 79 0 0 0 36 0 0 93 28 0 64 2 64 78 19 0 11 0 71 89 36 0 0 0 37 44 64 0 0 0 42 0 64
 0 0 23 0 31 37 25 20 0 0 0 0 0 71 0 0 29 6 0 0 18 95 0 0 0 0 0 0 0 39 0 5 0 0 0 62 0 0 0 0 0 0 0 19 18 0 0 0 0 0 61 0 78 0 0 32 33 15 0 0 0 0 0 0 12 0 0 0 0 9 0 0 0 0 0 0 0 0 0 51 0 19 74 0 22 0 0 0 4 0 33 0 0 0 7 0 10 84 0 17 2 56 0 36 0 80 56 14 39 0 31 3 0 24 0 0 34 0 25 0 0 0 65 0 0 5 13 29 91 0 24 58 0 0 0 3 29 0 4 0 6 0 30 0 0 0 0 26 0 0 0 1 0 0 0 0 0 0 0 0 0 11 0 0 0 0 12 0 19 29 0 0 68 0 0 42 0 0 0 0 0 0 47 0 0 0 0 62 0 0 4 0 0 0 0 0 22 0 46 0
 0 0 0 5 0 0 0 0 0 0 0 0 28 17 24 0 0 0 0 0 0 0 20 18 0 0 0 0 0 0 0 4 0 0 22 0 8 7 0 0 0 0 0 0 30 33 0 0 0 17 16 0 0 0 0 64 16 3 0 15 27 33 11 0 0 0 0 0 19 81 0 0 0 0 0 0 5 0 1 0 2 35 38 0 6 0 0 0 0 0 0 0 15 0 0 0 0 30 0 0 0 0 0 0 0 0 0 12 0 0 0 83 13 0 0 0 0 0 10 0 9 2 8 17 0 0 0 0 0 0 0 23 0 0 0 26 0 0 22 0 0 39 0 0 0 0 0 0 17 0 0 12 0 22 0 0 11 0 0 0 51 0 3 0 0 0 12 0 9 17 0 11 0 0 18 70 0 0 0 0 0 0 0 0 33 23 0 0 0 0 0 0 0 4 0 0 0 0 0 0
 7 4 0 0 0 0 50 44 57 0 0 0 0 56 18 0 39 0 0 8 86 91 69 63 63 0 51 37 0 19 0 56 11 0 2 10 0 0 9 21 49 0 0 48 0 24 57 48 0 0 0 0 62 0 74 7 0 78 36 0 18 69 0 13 3 72 0 0 5 0 0 0 0 5 0 0 0 26 0 62 94 0 5 0 0 38 0 79 0 0 47 0 38 0 19 11 0 27 88 0 0 13 0 67 0 0 0 0 73 7 0 52 84 0 9 24 0 69 0 0 0 0 40 0 0 81 34 0 4 45 0 44 0 88 48 27 86 48 0 0 0 0 8 16 0 34 36 40 0 0 50 0 0 0 0 89 0 47 0 16 0 0 51 37 0 35 0 50 1 0 52 3 14 14 0 50 0 0 28 0 11 29 75 82 0 10 0 70 20 1 16 83 0 26 6 0 1 48 15 0
 0 0 7 0 0 0 14 0 0 0 0 28 2 0 0 20 27 3 0 0 0 58 0 9 0 0 0 0 0 7 0 41 0 0 0 0 0 6 0 55 0 34 0 32 0 0 0 20 0 0 0 0 0 0 39 57 18 11 0 0 0 0 0 0 2 0 0 0 0 0 0 0 0 0 0 0 0 0 0 23 0 25 0 0 0 22 0 0 0 0 0 0 33 0 4 0 0 0 0 0 0 0 0 0 0 0 0 0 0 0 20 12 54 0 0 0 0 0 0 14 2 21 0 12 0 0 0 0 0 0 39 0 0 0 65 0 0 0 0 0 0 0 0 6 15 33 5 0 6 0 3 1 0 0 0 0 0 16 0 0 44 0 0 0 7 0 27 0 0 1 0 0 4 0 0 0 0 0 0 0 0 0 0 0 0 36 0 3 0 5 0 0 0 0 0 0 0 0 0 0
 40 25 0 0 0 34 0 72 0 22 37 0 57 48 0 95 68 0 39 0 0 0 1 88 14 80 0 41 29 57 23 88 82 26 0 3 15 21 12 31 54 65 0 70 28 0 0 38 7 9 75 0 38 0 0 59 72 0 15 0 64 7 85 18 45 50 65 37 55 18 3 30 14 74 28 0 34 31 14 0 94 48 24 77 6 8 15 35 27 7 0 0 8 49 0 34 38 57 79 26 0 40 13 0 16 5 82 42 39 0 18 13 72 71 26 19 0 68 0 1 0 14 77 5 17 40 16 0 0 0 0 31 0 0 0 0 87 22 0 0 0 0 0 74 0 45 3 70 0 0 22 0 67 26 4 2 11 20 63 0 13 0 51 38 0 0 56 34 53 0 0 45 42 0 69 0 0 44 0 65 84 0 48 37 2 27 48 45 0 2 23 70 8 39 25 0 18 43 24 7
 0 0 0 0 27 0 0 8 0 0 0 0 0 48 0 0 55 0 85 16 0 88 19 51 0 0 72 0 39 38 23 41 42 0 0 0 0 0 0 26 98 0 0 58 16 34 73 76 74 0 39 6 0 0 68 0 12 48 0 34 13 39 0 0 0 45 0 0 25 0 64 38 53 0 0 23 0 12 0 55 71 32 99 0 0 28 13 0 0 41 64 0 30 0 0 21 0 76 50 0 0 0 52 83 0 5 59 46 0 19 0 36 29 0 0 0 0 7 19 0 3 0 23 9 0 26 0 62 0 14 86 7 0 77 29 91 0 22 70 0 47 24 35 5 0 45 10 30 0 0 12 0 0 81 0 29 0 9 0 0 5 0 13 15 0 0 15 0 0 24 0 8 75 8 0 42 1 5 0 0 15 0 0 0 20 0 0 0 0 0 74 32 0 0 0 0 23 63 0 76
 21 15 0 0 5 0 0 0 0 0 0 0 0 3 21 0 33 0 0 20 0 0 0 0 0 0 0 0 0 19 0 0 9 36 0 9 0 18 0 82 0 0 0 0 0 0 0 6 25 0 27 0 0 0 0 0 0 0 0 0 6 0 0 8 0 0 0 0 8 5 0 0 36 0 0 0 0 2 0 0 0 0 0 0 0 30 0 9 28 11 7 0 63 20 0 26 9 15 0 0 0 18 0 0 0 0 0 0 2 0 0 4 0 0 33 0 27 0 0 0 0 0 5 0 3 0 10 0 9 18 3 0 0 0 69 0 27 11 22 0 32 0 8 0 1 0 0 7 0 0 0 0 0 0 0 0 22 27 33 0 26 0 48 0 35 4 0 0 0 0 0 0 0 0 0 0 0 7 0 0 0 29 0 0 0 0 0 0 0 0 8 0 0 0 0 0 0 0 0 0
 0 0 0 0 4 0 0 0 0 0 0 0 18 0 0 24 0 0 6 0 0 66 0 0 0 0 4 0 0 49 0 65 0 0 0 67 0 0 0 53 0 0 0 0 0 36 20 29 0 0 21 0 0 0 0 72 0 31 0 5 4 0 0 0 0 26 0 0 35 58 7 0 0 0 0 0 0 0 0 0 0 16 0 0 32 0 0 0 0 0 21 0 16 10 90 0 0 0 29 0 10 0 0 28 0 53 59 0 0 0 0 53 52 0 27 0 0 0 0 25 0 0 6 0 0 0 0 2 0 9 0 0 19 20 64 0 29 0 0 29 0 0 0 0 0 8 0 0 6 0 0 1 2 0 0 0 0 0 0 0 33 0 56 8 0 0 0 0 0 0 0 62 0 0 11 63 34 0 15 0 30 0 17 6 7 0 0 0 0 0 0 2 0 2 0 0 0 0 44 0
 0 0 6 0 45 0 0 0 0 0 84 0 2 35 0 60 0 0 0 0 0 1 27 0 3 0 62 12 0 30 0 0 55 0 0 0 0 0 0 73 61 0 0 5 31 8 47 64 35 0 67 0 59 0 35 0 43 19 11 0 0 0 27 0 0 21 12 0 82 8 0 0 0 0 0 0 14 7 7 0 4 0 32 2 7 0 74 7 0 0 51 0 0 16 1 0 0 0 0 0 8 0 16 0 3 23 58 0 2 0 0 38 54 20 0 0 0 76 68 0 0 0 36 0 0 0 70 0 9 0 0 0 0 10 17 8 14 0 0 0 0 0 12 43 0 0 0 87 0 0 58 34 40 44 0 42 28 20 35 23 60 0 94 24 25 4 0 12 0 0 0 40 0 0 0 22 0 0 3 21 20 0 20 3 0 1 1 35 0 0 10 21 0 0 0 0 27 23 0 0
 19 0 0 0 72 0 0 0 0 27 0 1 0 70 0 43 24 0 44 0 5 51 19 0 0 0 0 25 0 82 0 0 0 0 0 65 0 0 0 34 0 0 0 0 0 0 0 0 2 0 53 0 0 0 0 48 8 44 0 0 0 0 0 0 82 13 0 36 0 0 0 0 2 17 0 0 22 0 0 0 93 11 1 0 0 0 0 0 52 11 61 0 0 27 33 0 0 76 0 0 15 23 12 0 0 0 27 51 0 9 0 53 54 3 0 0 0 16 11 0 54 0 51 0 0 0 23 79 80 0 16 9 13 7 10 0 8 30 78 0 64 10 43 10 0 18 20 0 0 0 24 38 66 45 0 0 14 0 0 0 0 0 0 0 0 12 5 77 0 0 0 0 55 0 0 91 26 27 0 0 0 32 59 0 0 13 28 58 0 0 20 17 26 0 0 0 0 26 0 0
 0 0 0 0 0 0 0 0 3 84 3 0 80 83 0 68 6 90 12 0 52 49 39 79 0 0 14 0 58 56 47 0 24 0 0 0 0 0 0 72 69 87 0 0 84 0 0 97 0 75 12 2 0 7 53 11 45 37 34 44 0 96 78 23 9 6 36 0 57 20 13 0 73 5 0 5 78 11 31 63 0 0 5 8 38 42 38 0 17 34 4 0 26 18 25 0 96 0 0 7 0 0 20 66 54 66 53 16 54 0 10 0 10 6 63 0 4 12 3 0 64 0 30 13 16 0 0 87 3 0 38 0 79 8 46 75 0 78 30 0 0 15 9 46 32 49 0 0 0 0 0 5 0 48 44 21 55 78 66 0 0 79 8 1 0 11 27 0 13 0 77 0 45 0 3 0 0 0 0 0 17 0 68 99 11 16 0 70 0 22 6 0 42 27 96 0 0 84 55 75
 0 0 0 0 0 0 0 15 0 0 0 0 0 38 16 7 24 0 50 24 0 27 0 0 23 0 0 0 0 37 0 55 0 12 0 26 0 0 0 16 0 32 5 72 0 5 19 26 23 0 16 26 0 0 0 0 0 0 0 0 0 11 0 0 0 3 0 1 61 68 0 0 0 0 0 0 0 12 12 22 0 0 65 0 0 0 73 0 12 66 13 28 32 0 73 0 0 72 0 0 0 0 0 45 0 42 7 0 0 0 0 61 0 9 0 0 0 15 0 7 54 0 26 0 0 9 0 46 0 0 0 0 0 0 0 0 42 38 0 0 77 0 73 10 0 0 15 0 0 0 0 61 18 0 0 0 0 0 0 3 21 0 31 6 7 8 0 72 0 4 0 22 0 7 0 39 3 23 0 0 1 12 48 0 10 0 0 0 0 0 0 4 0 0 0 0 0 0 38 0
 48 0 26 0 19 22 0 36 50 32 8 0 0 2 0 55 7 0 51 0 72 1 79 0 0 21 51 0 30 56 17 20 13 59 0 9 0 59 40 2 46 0 0 18 0 6 43 31 94 28 0 0 62 8 52 0 4 54 21 7 0 0 54 0 9 8 0 26 44 0 43 36 6 8 0 0 0 0 0 36 36 3 9 11 3 11 0 20 70 0 4 0 99 36 42 0 28 20 0 25 0 91 63 86 0 12 54 49 0 0 0 45 66 38 44 75 38 32 73 0 0 0 41 0 0 54 0 32 22 68 26 19 22 4 61 59 8 58 40 16 50 51 43 24 0 0 46 0 19 0 38 9 69 18 0 0 1 0 10 8 0 0 0 91 0 0 0 31 58 0 36 44 0 0 8 45 19 26 0 0 20 0 26 64 0 45 15 73 0 0 0 17 30 56 51 0 0 0 21 41
 0 0 4 26 96 0 63 0 42 26 23 12 13 70 0 15 57 11 94 0 0 24 7 8 38 0 26 0 0 2 0 11 41 2 21 10 0 0 0 0 52 0 2 12 0 0 0 0 0 82 62 0 0 38 12 68 0 54 46 0 0 49 0 0 28 0 0 0 22 44 7 41 59 6 0 0 0 27 0 0 0 0 68 0 0 84 75 0 41 0 4 0 50 2 63 29 5 28 7 0 0 41 14 0 0 0 0 6 0 0 0 0 0 0 11 36 0 19 0 9 61 89 93 0 0 41 0 0 53 23 8 0 18 7 46 0 47 48 6 0 0 53 46 54 17 21 51 0 0 0 30 0 0 0 0 62 40 0 0 0 0 13 55 0 13 0 63 60 62 13 59 17 79 16 16 19 0 29 0 0 0 0 0 0 0 44 11 0 9 0 18 85 4 19 0 0 23 0 0 10
 36 0 3 0 0 0 0 0 0 0 0 0 0 0 0 0 14 0 0 0 0 0 0 0 0 0 0 0 0 0 0 24 0 10 0 0 0 0 0 51 0 0 0 0 0 17 0 0 0 25 0 1 0 8 0 0 0 19 0 0 0 10 0 0 5 0 0 10 0 0 0 0 0 0 0 0 0 0 0 0 6 6 0 25 34 0 3 0 0 15 0 0 0 0 0 0 0 0 0 0 0 0 0 0 20 3 0 0 23 0 0 0 0 5 0 0 20 0 0 21 0 0 10 14 0 0 0 36 30 0 0 24 0 9 0 22 0 2 0 1 0 0 0 20 13 2 18 0 0 0 0 18 0 0 0 28 0 0 0 0 0 0 0 0 32 0 0 0 1 0 0 18 8 0 6 0 0 1 0 0 12 0 31 0 0 0 0 0 0 0 5 0 0 24 6 0 15 0 0 0
 2 25 0 0 61 45 85 84 0 43 33 25 59 4 2 80 57 14 16 0 0 75 20 57 42 0 27 0 78 42 0 71 56 1 0 58 0 0 0 38 81 0 0 19 37 7 0 0 0 0 18 26 0 0 20 63 0 4 17 21 0 8 1 0 0 24 0 4 10 31 0 4 51 0 0 0 27 39 6 24 0 0 28 47 34 0 61 3 44 40 21 12 50 0 36 2 8 9 41 2 30 33 27 13 1 28 28 16 85 0 18 27 0 0 0 63 0 62 38 0 40 0 0 0 0 47 4 10 7 35 26 0 0 1 79 0 21 17 28 0 69 0 0 11 0 20 27 24 8 0 30 58 0 76 79 30 0 23 18 0 71 0 0 2 2 1 11 61 0 0 73 0 95 0 0 9 0 3 0 0 0 18 0 86 0 0 0 64 0 0 0 94 38 86 32 0 0 9 51 12
 6 0 0 3 57 23 5 14 1 0 0 0 0 0 0 0 0 0 0 0 0 4 0 37 33 29 0 0 0 0 0 0 0 0 0 0 0 0 0 23 3 13 0 0 0 0 0 10 0 0 0 0 0 14 0 0 0 0 0 34 0 33 0 3 13 0 0 0 21 20 0 15 0 3 0 0 0 0 0 0 26 0 0 0 0 0 0 7 0 0 0 0 10 0 14 0 0 80 0 0 8 0 0 0 1 0 0 0 0 7 0 0 0 0 0 0 15 29 0 0 20 0 0 0 0 0 0 12 0 0 0 6 0 0 0 0 0 0 0 0 0 0 0 17 0 0 0 0 0 0 0 5 21 0 0 0 0 0 0 20 64 0 52 0 24 21 0 0 0 14 0 0 0 0 0 0 17 0 17 0 17 0 25 10 33 0 0 0 8 3 0 0 0 0 0 24 0 0 1 0
 0 0 6 0 23 0 0 0 0 0 17 0 0 68 32 45 53 0 86 0 0 0 19 0 3 0 34 0 0 28 0 3 0 0 27 4 12 0 0 0 0 18 0 0 0 3 57 37 61 0 39 0 71 0 55 0 0 0 0 0 20 8 0 0 66 0 0 0 89 0 0 0 0 0 0 0 0 0 0 25 38 9 33 0 0 0 38 12 62 51 53 0 46 0 7 29 0 27 0 2 0 68 33 21 0 56 73 12 17 17 0 0 16 14 0 0 12 0 0 1 0 0 77 0 0 0 2 0 0 0 0 0 0 72 0 77 18 0 0 0 0 19 63 0 0 0 74 55 0 0 49 84 0 0 0 0 85 0 3 0 45 0 7 19 0 0 0 68 34 0 0 97 49 0 0 70 0 0 0 0 38 0 46 0 0 16 2 0 0 0 0 0 0 6 0 0 0 0 11 0
 26 0 0 0 31 0 0 0 5 54 21 0 8 83 4 82 68 5 68 0 50 0 65 46 69 3 0 0 0 0 0 14 91 0 0 0 10 0 18 65 20 0 0 48 0 12 0 30 36 0 35 0 28 0 81 81 53 0 40 0 24 67 0 0 26 18 0 0 34 3 46 91 19 0 0 28 54 14 1 66 0 19 25 0 0 8 23 87 8 3 35 0 0 0 23 0 0 74 68 0 0 50 5 50 0 65 69 75 17 26 0 0 52 18 1 56 0 15 5 0 5 0 0 0 0 27 60 0 28 0 97 49 0 81 23 79 4 67 0 0 29 0 6 71 0 27 3 22 22 2 41 8 24 52 0 32 78 36 0 0 25 0 52 61 6 75 69 87 21 0 22 4 0 0 5 17 0 0 0 0 0 4 32 81 0 34 0 40 7 22 0 61 0 63 0 0 0 72 22 38
 2 0 0 0 10 60 4 0 72 65 14 0 44 63 0 71 0 0 37 38 51 14 38 57 8 1 53 11 0 46 23 13 0 1 0 95 0 48 85 0 78 26 0 64 0 47 0 55 31 15 72 0 54 14 51 52 8 44 0 0 0 0 0 0 0 0 19 0 72 44 7 42 0 0 10 0 50 10 0 36 11 0 25 57 40 17 0 22 0 37 9 0 0 22 0 0 0 0 0 0 5 23 0 0 0 0 5 0 0 0 0 23 18 37 0 0 0 60 72 0 48 19 0 0 0 72 0 0 42 38 0 45 0 14 86 0 0 34 5 0 54 91 14 62 5 57 0 20 7 0 69 56 87 25 47 63 0 0 22 0 42 33 0 0 0 64 7 18 10 0 40 20 88 0 79 6 0 3 0 0 0 0 0 61 0 47 0 60 13 73 51 0 0 16 0 0 4 44 12 51
 0 0 0 0 91 5 13 0 19 0 0 0 0 16 17 0 4 0 20 0 35 0 0 19 0 2 0 0 0 38 0 0 0 2 0 0 5 0 2 35 0 0 37 7 0 0 2 0 0 0 14 0 0 4 7 22 11 29 0 32 0 0 0 0 0 0 13 0 0 16 0 0 3 0 0 0 8 7 0 0 0 0 0 0 0 0 0 0 0 0 0 0 35 0 1 0 0 24 0 5 0 0 0 0 33 0 31 6 0 18 0 0 86 0 22 0 0 0 3 0 0 0 0 0 0 11 0 0 26 0 0 0 0 8 0 0 0 0 0 0 0 0 0 0 8 0 0 14 9 0 0 0 2 0 5 22 0 0 0 0 26 0 70 0 13 0 0 15 0 0 0 0 11 13 0 54 0 0 0 0 0 0 0 0 0 0 0 0 0 0 0 0 0 0 0 0 0 0 0 0
 43 73 0 0 73 64 59 0 51 0 0 90 56 40 0 23 0 0 79 0 17 18 68 9 7 53 21 3 58 0 37 75 0 0 39 0 0 73 0 0 27 45 26 10 70 0 98 94 99 0 3 25 33 69 40 53 0 8 83 4 50 29 76 35 9 36 22 0 11 70 85 66 42 95 72 0 0 33 87 0 50 53 29 0 13 0 22 0 40 0 5 0 0 47 22 0 38 58 0 32 0 45 97 33 44 61 14 88 16 35 0 0 17 2 0 91 37 6 27 63 10 62 77 39 37 0 14 9 58 50 2 24 0 74 0 49 19 0 8 0 0 42 20 20 30 0 5 0 15 0 40 27 41 0 0 4 13 0 18 0 53 91 13 96 12 22 53 70 44 0 32 65 13 6 25 0 92 0 74 12 35 63 0 51 0 20 25 38 0 49 59 0 57 89 76 27 58 0 0 0
 66 0 0 0 0 28 51 21 0 34 68 0 0 49 7 74 0 8 0 0 33 0 0 20 53 3 11 0 15 27 73 69 0 60 0 91 0 0 35 62 9 52 0 4 0 67 19 0 43 0 7 0 23 0 40 0 0 0 35 0 13 0 0 0 0 69 79 0 4 45 51 23 47 0 0 1 49 7 17 0 0 0 47 37 64 68 80 53 22 0 28 0 67 76 23 86 23 9 43 8 0 15 0 85 30 0 45 62 0 0 36 65 25 0 52 68 0 47 0 2 88 17 46 0 0 59 43 56 4 0 41 85 0 41 0 51 4 85 63 0 0 0 9 11 12 15 90 0 0 0 36 0 13 0 40 0 11 57 0 0 64 0 60 64 35 51 31 5 0 0 41 56 25 0 0 0 0 15 0 0 0 0 43 64 5 14 0 80 0 11 17 91 0 13 0 0 0 0 0 17
 0 0 0 7 42 0 0 0 70 15 42 0 0 22 0 56 46 0 28 0 0 29 63 9 35 18 44 0 7 62 10 37 80 0 0 0 19 0 0 14 0 0 0 45 0 5 56 25 0 2 51 1 19 0 32 0 0 78 31 0 0 3 0 0 0 0 0 0 0 59 0 64 0 23 0 0 0 81 4 37 0 27 0 74 98 0 47 0 0 94 0 0 66 6 3 0 0 0 0 0 0 0 38 0 6 40 10 12 5 0 0 54 53 19 18 21 17 0 0 0 44 48 0 0 0 33 52 36 47 35 81 31 0 0 25 89 24 0 0 0 84 26 87 9 0 41 52 0 0 39 18 0 47 80 42 59 21 28 0 0 66 0 0 0 0 74 0 20 26 0 29 3 64 0 0 21 0 0 0 0 0 0 67 26 0 65 0 0 0 0 0 25 21 64 77 0 0 0 52 51
 0 0 22 18 34 38 0 0 0 0 22 0 0 0 0 17 23 0 0 0 0 0 0 0 0 0 0 0 16 0 0 0 31 0 23 0 11 0 0 0 0 0 0 16 0 0 0 0 0 5 0 0 0 4 7 0 0 0 0 26 0 0 0 0 0 0 0 30 0 0 0 0 20 0 0 30 0 0 0 7 9 22 0 0 6 22 38 0 0 0 0 19 0 0 0 0 10 31 0 24 0 9 0 0 15 0 9 0 0 0 0 0 0 0 17 0 0 0 31 0 28 0 10 0 18 0 0 0 5 0 15 0 0 0 16 0 0 18 0 0 0 0 0 0 0 0 0 0 17 0 0 33 30 0 0 0 0 2 22 0 0 1 0 0 0 8 0 0 27 31 0 0 0 18 19 0 0 0 0 0 0 14 0 0 0 21 0 0 0 1 1 5 0 0 26 5 0 0 0 35
 0 0 0 0 0 0 27 27 20 0 0 0 0 0 0 35 65 0 41 0 0 9 46 0 49 0 95 0 0 50 0 0 0 0 0 17 0 0 5 57 0 0 0 0 27 0 17 0 0 0 42 0 73 8 42 55 10 0 0 14 10 25 0 25 0 35 0 0 28 15 0 34 0 0 0 21 0 35 0 0 0 16 0 0 0 0 0 0 0 41 0 0 87 5 60 0 0 64 0 0 0 0 21 0 8 35 34 53 0 19 0 39 10 0 0 0 0 16 50 0 0 10 0 0 0 6 0 31 0 0 81 71 0 69 0 41 0 0 72 0 79 17 9 91 0 31 9 54 0 0 48 17 44 0 0 76 2 0 4 0 30 0 68 0 36 0 0 2 0 0 0 0 79 8 0 40 0 0 0 0 0 0 0 0 0 0 0 0 0 0 15 84 0 0 13 16 0 0 55 0
 0 0 0 0 83 20 0 74 53 46 28 0 75 32 8 72 70 81 0 0 72 58 1 7 25 0 0 12 33 30 12 0 0 52 0 66 0 0 25 27 27 0 0 0 72 39 54 64 65 51 75 0 27 5 0 11 35 4 22 0 14 0 0 15 11 52 0 0 75 4 80 45 0 47 0 0 5 56 2 0 0 19 56 63 39 40 0 40 19 0 0 0 13 67 22 0 74 0 38 16 14 25 0 0 0 0 71 14 18 0 0 0 11 0 39 44 0 31 47 0 0 79 15 14 0 51 3 9 20 0 14 0 26 31 0 24 49 48 0 9 43 7 57 61 0 87 0 25 29 2 18 1 5 0 28 15 0 0 0 0 0 0 0 0 4 55 15 51 0 0 35 71 0 0 41 17 0 10 13 0 0 0 65 46 27 0 39 0 0 7 58 0 28 70 80 0 0 46 0 12
 64 12 68 0 40 56 35 3 0 61 74 0 20 77 0 54 0 49 40 37 79 77 29 25 66 27 0 32 0 83 49 1 84 11 12 0 0 86 46 13 15 13 0 0 12 12 86 60 33 46 0 5 11 94 0 31 69 0 33 0 6 5 0 27 93 31 0 50 37 17 31 0 23 8 64 0 55 66 25 52 0 46 14 1 69 60 21 11 17 32 0 0 13 30 34 3 84 39 0 0 0 21 0 79 13 12 42 74 51 22 1 50 25 0 13 0 0 0 46 0 43 64 74 26 8 52 32 0 55 65 0 8 3 54 3 51 11 0 68 5 62 32 5 44 72 31 43 15 57 19 19 11 0 0 82 11 51 0 16 0 66 0 0 0 0 58 0 48 46 0 57 0 0 0 30 80 32 0 0 46 0 0 57 20 43 0 56 68 0 49 6 55 0 0 0 0 2 14 89 30
 0 0 0 0 25 0 0 0 3 0 14 0 0 0 0 0 7 0 0 0 0 59 0 0 6 26 0 0 0 21 0 67 13 0 0 0 0 0 0 0 20 0 1 0 29 0 0 0 15 0 0 0 0 0 0 39 0 7 0 0 0 27 0 0 0 69 0 3 68 0 0 0 0 0 0 0 0 0 0 30 0 0 20 0 0 0 15 0 0 0 9 0 0 0 0 0 0 0 0 32 0 0 0 35 0 42 51 10 0 24 23 13 57 0 0 0 0 39 0 0 0 0 0 0 0 0 0 43 0 0 0 0 0 63 25 0 0 0 0 0 59 0 37 0 0 0 90 0 0 6 5 0 0 42 1 0 0 21 0 0 0 0 47 0 0 0 0 0 0 2 0 29 11 0 16 25 0 0 0 0 0 0 3 0 0 0 9 42 0 0 0 0 10 0 0 7 0 0 67 0
 0 0 0 0 14 4 0 0 0 68 1 0 58 64 11 0 0 66 25 0 0 53 69 0 11 0 10 8 17 58 0 47 53 34 32 2 0 19 45 15 0 0 0 0 0 39 7 21 64 0 52 0 91 0 50 0 0 8 0 4 0 0 0 0 0 0 14 0 15 45 41 26 11 10 11 0 28 23 0 26 27 2 48 48 33 43 7 10 26 72 80 0 0 6 24 47 42 47 51 0 0 0 6 84 7 8 61 44 67 0 1 6 73 0 1 0 0 15 0 0 0 0 55 0 0 11 0 67 46 51 10 36 10 66 41 14 0 20 11 0 0 11 0 13 0 62 43 22 20 0 18 56 3 0 73 82 0 54 8 0 75 0 2 0 0 0 1 0 0 0 26 34 18 0 0 92 0 0 0 19 0 0 41 0 0 4 9 4 18 43 70 61 0 84 0 0 19 46 36 0
 0 0 0 0 0 3 3 51 0 0 35 0 0 46 0 47 0 0 71 3 0 22 0 0 78 1 0 0 13 0 0 30 0 0 0 80 3 0 0 48 13 0 0 44 0 0 0 2 0 0 44 0 0 0 51 0 20 0 10 0 0 0 0 0 66 52 11 0 11 0 50 57 37 35 0 0 3 39 2 18 44 36 13 27 0 27 36 0 0 40 2 18 60 0 11 0 0 0 60 26 0 59 41 18 0 58 5 25 0 7 38 78 86 0 15 38 0 0 43 32 29 79 50 10 0 30 0 22 57 0 2 5 0 0 0 43 59 29 69 0 30 24 13 27 0 31 64 0 0 0 70 88 45 69 0 66 38 8 0 0 6 0 90 0 0 71 0 15 21 38 0 0 0 0 1 0 0 5 0 0 0 0 28 0 2 0 0 2 0 0 0 91 0 37 0 0 0 46 0 0
 0 0 0 8 89 0 0 0 0 0 0 25 24 0 28 25 39 0 72 9 0 1 0 0 3 1 0 0 5 69 10 22 0 5 5 0 0 0 0 71 0 0 0 2 0 16 0 0 0 34 90 0 0 0 0 0 0 9 0 0 0 0 0 0 2 0 0 0 0 73 0 0 1 13 0 0 0 26 0 56 0 28 0 0 24 0 0 0 0 0 0 0 0 0 67 0 12 46 0 0 37 0 0 0 0 21 0 15 0 29 0 33 50 21 0 27 0 0 0 0 20 0 0 0 15 0 0 0 0 0 0 29 0 0 16 0 15 0 18 0 0 2 7 0 0 0 0 0 0 0 5 0 0 0 0 19 0 0 0 34 0 0 7 19 0 0 0 15 0 0 0 0 0 0 28 59 0 0 0 0 0 0 0 0 0 0 0 0 16 0 0 0 19 0 0 0 0 31 0 0
 0 0 0 0 34 0 0 0 13 0 0 0 0 91 0 45 33 0 0 0 0 0 0 0 27 0 0 0 30 22 29 0 0 0 0 32 0 10 0 42 15 0 0 5 0 0 50 0 56 0 67 0 0 14 0 0 4 59 0 0 0 0 0 0 21 0 0 0 46 15 15 0 0 0 0 0 0 0 0 0 0 0 23 0 0 0 0 0 0 39 0 0 46 24 63 0 0 30 13 0 0 88 0 20 0 52 85 10 0 24 3 0 20 20 14 0 0 79 0 0 22 0 77 13 0 5 0 56 41 0 8 5 0 51 60 17 0 18 0 0 24 0 57 0 0 0 24 0 0 0 26 68 0 49 0 0 0 0 37 0 30 0 86 0 1 0 0 39 0 0 0 51 88 0 0 52 0 0 0 0 0 0 0 32 0 13 0 63 0 0 0 27 0 0 0 0 0 0 44 0
 0 0 0 0 0 0 0 0 0 22 0 0 0 0 0 14 77 8 47 0 0 0 41 0 0 13 0 0 8 3 17 52 0 0 0 30 0 0 28 11 6 0 0 0 0 3 57 0 0 0 0 0 0 0 0 38 0 42 1 0 0 0 6 0 13 50 18 0 14 30 0 0 0 0 0 0 0 0 19 0 0 0 30 0 0 0 0 0 0 0 0 0 52 1 0 0 0 19 32 19 7 0 0 15 0 0 17 4 0 2 1 26 38 0 0 0 32 0 0 2 0 0 0 0 0 0 10 6 0 0 0 0 0 49 5 0 0 0 0 0 40 0 16 22 31 3 0 0 0 0 0 83 0 61 0 0 8 0 8 0 11 0 14 0 18 0 13 0 0 7 0 0 0 0 0 0 0 0 1 0 0 0 0 0 0 0 13 18 0 0 27 0 0 7 0 0 0 0 54 7
 0 0 0 0 9 26 32 53 0 10 36 0 0 0 0 84 0 17 88 0 13 21 25 51 38 0 6 0 0 0 0 66 70 7 0 82 30 38 0 0 1 0 0 61 1 14 0 54 63 0 76 0 68 0 40 9 6 38 33 0 0 0 0 0 9 8 2 0 24 38 37 22 9 71 0 0 41 2 0 16 37 0 17 0 50 34 0 2 30 82 0 0 41 0 0 0 0 0 4 0 0 21 71 41 0 36 63 41 0 16 0 33 0 17 0 3 0 44 76 0 67 61 25 0 0 44 59 91 72 34 50 86 0 96 27 0 61 0 6 0 53 6 21 45 0 5 41 0 0 0 89 34 10 49 0 0 18 57 0 0 51 0 0 0 0 54 0 43 59 0 44 21 64 0 0 78 0 0 0 0 0 0 54 39 0 0 26 0 0 34 50 0 0 66 0 0 0 44 23 87
 0 5 8 0 5 0 0 0 0 36 7 0 0 0 0 0 0 7 82 0 0 0 0 0 0 0 0 0 0 41 0 63 0 0 0 0 0 0 0 2 0 0 1 20 0 0 0 0 27 0 0 0 0 0 10 66 0 0 0 0 0 21 0 0 0 21 4 15 68 0 21 0 0 0 15 30 1 31 0 0 9 0 0 6 0 0 0 0 0 0 0 37 57 0 0 0 0 2 21 0 0 0 0 0 11 0 0 0 0 0 20 46 63 14 5 0 14 0 0 0 0 0 7 0 0 0 0 0 0 2 0 22 0 0 61 0 0 28 0 0 0 0 0 0 0 0 0 3 0 0 0 11 8 30 13 0 0 28 0 0 55 0 86 11 0 0 0 0 0 0 0 0 0 0 0 0 11 0 0 0 0 0 0 0 5 20 5 0 34 0 18 0 0 0 0 0 0 3 12 5
 70 20 0 0 51 60 1 78 20 12 30 0 38 72 0 32 40 26 34 17 0 52 16 1 42 0 0 96 47 0 0 42 60 76 17 77 0 3 0 16 23 39 0 45 32 16 0 36 0 26 23 0 59 0 0 54 56 41 23 32 48 23 84 33 24 0 20 21 43 52 8 0 0 0 15 0 0 0 0 20 0 0 83 0 50 0 0 13 88 0 51 0 0 0 0 86 38 22 39 0 0 0 92 25 25 17 46 72 0 38 9 16 86 71 59 0 0 0 0 0 63 69 59 0 15 41 64 6 46 0 26 45 86 0 0 0 10 44 50 0 56 28 63 56 31 50 19 0 0 0 50 87 0 16 99 0 55 2 74 43 21 41 17 10 0 0 11 0 66 0 19 0 0 0 0 1 13 19 6 83 0 0 2 46 0 54 35 42 0 20 0 55 0 0 42 0 0 0 94 0
 0 0 0 13 68 0 0 0 25 0 0 0 0 56 0 0 82 0 6 0 20 44 86 0 38 4 24 0 2 18 0 69 0 0 0 5 0 0 0 85 0 0 0 38 0 18 3 35 46 0 60 0 0 0 0 6 0 29 0 0 3 0 0 0 0 47 0 0 30 31 0 0 0 0 0 0 0 0 0 51 45 0 26 0 4 0 0 0 0 9 30 0 23 0 0 0 0 42 0 0 0 0 39 75 5 34 65 0 0 0 12 3 21 0 0 25 0 0 25 0 7 16 37 0 0 19 38 61 75 0 0 69 0 24 0 0 53 15 0 0 27 8 0 0 0 23 0 0 0 0 35 51 0 15 18 0 0 0 0 0 10 19 0 0 0 0 0 16 0 0 0 68 0 0 8 87 0 0 0 32 0 0 23 0 0 0 0 53 4 0 5 0 0 0 0 0 21 0 53 0
 0 0 0 11 2 14 41 0 15 37 78 0 40 29 0 87 75 37 40 52 28 28 40 10 35 0 42 0 0 0 43 0 22 27 0 0 0 15 78 0 0 0 0 28 49 32 20 0 53 43 39 32 15 0 4 0 11 6 0 56 61 14 0 9 46 3 17 60 21 0 77 8 93 81 13 0 26 22 0 41 0 5 27 95 0 16 86 0 35 50 15 44 20 16 3 11 61 1 0 0 0 0 0 15 59 10 18 0 50 0 0 27 31 37 0 31 0 2 0 3 39 89 7 35 77 46 70 61 55 45 22 0 55 56 0 30 10 0 54 0 25 0 90 0 66 0 1 0 0 0 89 74 66 0 2 4 0 14 0 9 40 49 65 49 40 46 0 68 81 2 31 61 0 0 32 56 6 48 0 75 0 0 98 38 26 0 0 79 3 0 55 61 10 74 71 23 12 0 40 87
 0 18 0 0 0 0 0 0 0 3 83 0 0 87 0 6 54 0 0 15 0 52 29 0 26 0 2 0 0 41 0 3 0 0 0 0 0 0 0 0 0 8 6 6 0 0 32 39 41 0 0 5 23 0 0 67 17 0 0 0 0 0 0 32 0 0 13 0 0 0 0 0 0 0 0 15 0 0 0 8 48 0 0 0 0 0 0 0 29 25 42 35 25 0 0 0 0 83 0 9 0 0 62 62 0 39 0 0 0 0 0 0 11 0 0 0 11 13 53 0 0 0 45 0 0 0 19 38 16 0 34 82 6 3 30 0 0 62 0 0 56 24 27 0 0 0 55 0 8 0 1 84 0 84 0 35 0 0 0 5 0 0 11 0 0 0 0 52 7 0 14 5 34 0 0 61 0 9 0 6 1 0 0 0 0 1 25 46 0 0 13 2 0 0 0 0 0 0 0 33
 0 15 4 0 56 0 0 10 0 0 0 21 0 0 0 0 0 0 0 0 15 80 0 27 0 0 29 38 0 15 0 32 4 0 0 0 0 14 0 44 0 0 0 0 0 32 25 6 0 0 0 0 0 32 0 0 0 0 0 2 10 0 0 0 0 0 0 0 49 82 26 0 9 0 0 2 0 0 0 31 0 0 0 10 0 24 17 3 0 8 22 0 67 0 14 8 0 82 15 0 0 0 0 9 18 0 17 10 0 0 0 56 41 2 0 0 0 0 0 0 0 0 0 0 0 0 0 0 20 13 0 13 0 0 60 0 0 0 0 0 0 0 7 0 0 0 1 11 0 0 34 0 12 26 0 0 15 20 0 0 0 0 35 0 0 0 39 20 8 17 0 0 0 0 0 3 0 0 17 0 0 0 9 29 0 10 0 0 0 0 17 0 11 0 5 0 0 0 0 6
 3 0 20 0 73 0 0 0 0 0 0 0 0 0 0 0 0 24 0 0 0 29 37 0 0 0 22 0 0 70 13 36 0 0 0 0 1 11 2 32 0 0 0 2 12 0 3 0 40 0 65 0 23 0 0 53 0 39 0 0 6 0 0 0 44 35 0 0 23 92 0 0 0 4 0 0 0 0 25 18 34 0 0 26 0 0 0 0 56 0 41 0 17 12 65 0 0 8 0 15 0 64 0 17 9 56 0 0 35 0 1 17 22 0 0 0 0 0 74 0 12 16 42 0 12 29 0 0 54 0 0 51 9 53 26 0 70 0 12 0 75 0 0 0 16 0 31 0 0 0 0 6 0 26 0 17 0 0 0 0 67 0 0 0 3 0 0 0 0 0 0 43 0 0 0 0 0 25 28 0 3 27 48 0 26 0 0 0 18 23 5 0 0 10 0 26 25 0 45 0
 0 0 0 0 0 0 0 0 0 0 0 0 0 0 2 0 0 0 0 8 0 30 0 0 0 0 17 0 0 0 0 60 0 12 0 0 0 1 0 14 5 0 2 0 0 24 0 0 0 0 56 0 0 0 6 11 0 0 11 8 0 0 0 0 3 0 0 0 68 0 0 0 10 12 0 0 20 0 14 0 3 0 0 0 0 0 0 0 0 0 0 0 83 0 0 11 0 75 0 0 0 0 0 2 0 0 0 0 6 27 27 46 82 23 3 16 0 0 0 9 35 0 0 0 0 17 0 0 0 0 38 18 17 23 83 0 20 0 8 0 0 0 11 11 0 0 7 0 0 0 20 0 0 8 19 0 0 0 19 0 0 0 71 0 0 0 0 0 0 0 0 13 0 0 0 0 0 2 0 0 0 0 0 0 0 0 11 9 0 0 7 0 0 0 0 0 0 0 0 0
 0 0 0 0 71 0 0 0 0 0 30 0 0 0 0 10 39 0 54 0 49 19 2 0 7 0 59 0 0 51 0 70 47 0 11 52 0 0 0 57 79 0 0 66 28 0 29 42 0 0 52 0 68 1 71 27 79 0 0 0 0 6 0 0 85 57 0 0 21 23 52 37 77 0 0 16 20 0 0 56 54 13 68 0 10 32 0 0 60 0 61 6 76 32 0 0 3 0 59 0 0 70 59 11 0 64 29 56 0 0 0 29 0 2 0 82 0 47 0 0 0 21 0 19 31 0 34 42 34 68 47 0 20 11 0 1 99 16 0 0 0 0 42 24 0 60 71 4 0 14 48 6 55 1 0 67 59 22 0 0 45 0 24 0 0 15 51 60 0 17 0 59 56 0 0 9 1 8 0 0 0 0 0 10 0 0 16 56 0 0 0 21 0 31 0 0 0 35 40 81
 5 0 0 0 95 54 72 0 61 40 5 0 45 0 0 56 0 20 61 34 0 48 0 20 31 0 46 0 51 22 0 0 51 41 69 0 0 51 5 0 0 53 6 39 0 0 43 43 28 80 61 0 76 0 70 0 12 0 12 0 0 64 53 0 37 40 0 0 24 56 89 48 0 15 23 0 0 0 0 6 0 0 4 28 46 19 67 26 0 38 0 0 0 47 0 63 68 61 99 0 28 45 32 0 0 0 73 0 45 8 0 17 32 0 14 0 1 56 12 0 48 13 53 26 25 72 85 59 86 54 14 19 0 71 40 51 0 6 81 0 84 0 68 0 55 0 12 30 0 0 0 0 70 34 73 0 8 36 0 0 25 0 50 28 0 4 51 0 15 0 16 0 0 0 13 0 0 10 4 0 0 0 59 67 19 32 0 0 0 44 84 59 18 51 38 0 0 63 0 0
 47 0 0 2 47 76 57 8 28 34 86 0 12 57 0 95 0 0 0 0 0 0 0 77 33 23 78 2 34 67 61 20 0 0 65 5 0 0 14 27 0 0 0 0 83 54 20 57 11 23 0 0 0 0 0 0 0 5 13 33 0 12 41 0 67 20 50 1 94 0 10 24 0 0 2 32 11 67 43 17 0 0 20 76 80 67 16 22 24 58 7 0 73 63 0 33 40 11 43 0 0 32 5 34 0 30 0 0 51 0 10 29 56 0 15 19 0 0 42 6 20 8 16 6 0 62 0 45 24 0 54 98 13 47 25 25 5 25 55 6 53 88 54 43 2 20 56 42 32 0 18 11 0 47 9 56 11 35 0 6 50 35 6 21 11 29 40 0 8 0 84 16 0 0 10 39 0 0 0 0 0 0 4 63 0 14 0 84 0 0 0 39 19 0 38 29 0 79 97 63
 0 0 11 0 34 0 0 57 63 0 22 0 0 43 0 31 0 0 22 0 0 59 85 9 27 0 0 9 0 0 0 0 0 0 3 82 0 13 0 4 0 10 0 0 38 49 11 36 45 65 0 0 64 0 15 59 2 32 0 0 0 0 0 0 34 0 0 0 19 2 66 0 58 0 0 0 0 2 0 50 54 18 0 14 81 7 76 26 2 69 0 0 4 0 31 0 0 11 40 0 4 35 41 42 0 0 0 0 49 0 0 0 80 0 10 0 0 71 40 0 0 36 70 0 0 0 0 74 0 11 44 55 0 9 0 42 0 0 19 0 59 46 0 31 0 61 83 95 18 0 24 38 69 56 0 32 69 0 0 29 28 0 0 63 0 0 54 43 33 13 0 65 9 1 0 0 0 0 24 0 0 0 63 81 0 0 22 78 21 59 91 43 0 66 31 0 12 0 48 0
 8 0 21 0 62 39 3 16 26 0 0 0 46 1 0 62 0 28 0 0 40 85 50 0 31 0 38 0 7 69 0 38 46 82 76 73 0 82 23 54 26 6 20 61 28 52 57 10 0 62 27 0 49 0 22 51 17 21 0 0 0 34 0 0 0 4 0 19 65 0 0 59 56 17 18 0 42 35 0 0 7 33 51 74 0 9 9 81 0 0 47 0 13 7 55 0 0 46 62 0 0 39 5 1 1 24 35 79 59 0 0 8 0 0 20 23 0 58 4 1 74 25 49 3 0 55 47 34 0 0 50 39 11 83 0 20 11 26 32 0 78 38 18 20 34 12 37 0 0 26 22 72 0 0 0 25 27 56 38 0 11 0 5 1 0 0 63 0 74 0 0 58 11 0 65 25 0 76 0 0 29 18 12 80 10 19 0 40 0 0 10 0 0 50 0 0 0 62 62 91
 39 0 34 51 0 27 0 0 0 0 11 4 39 68 23 85 39 0 36 0 40 0 0 81 20 0 23 9 65 43 53 0 18 85 53 5 0 39 7 56 0 0 0 21 65 10 4 64 35 93 42 0 19 0 0 2 44 56 88 89 20 57 96 0 0 0 0 0 54 1 55 0 0 0 3 0 75 65 0 0 44 0 0 0 46 0 12 15 29 58 11 0 48 86 72 9 61 0 18 0 0 71 32 0 16 0 59 54 0 0 16 49 0 0 41 72 22 79 67 12 56 27 48 48 67 62 41 15 42 30 51 56 91 0 0 12 53 48 40 0 35 84 44 65 76 4 2 0 33 33 29 70 0 32 26 0 53 41 0 0 12 96 35 0 49 57 27 0 24 0 82 0 57 0 0 35 79 0 91 0 51 50 24 6 0 31 22 61 0 34 45 49 27 13 23 0 0 7 69 83
 0 27 0 0 35 9 0 0 0 0 0 0 0 0 11 0 55 0 0 0 29 68 70 7 0 0 9 0 0 0 18 0 0 0 18 0 0 38 8 55 9 0 0 16 1 0 0 0 0 0 40 0 14 0 1 46 0 0 0 0 0 0 20 34 0 92 10 0 0 23 0 0 0 0 5 0 13 6 0 31 3 0 0 0 0 2 0 0 0 0 0 0 38 0 83 0 0 72 0 0 0 2 0 0 0 88 49 0 0 0 0 22 60 0 7 0 38 0 52 19 0 0 0 0 8 0 9 2 0 11 38 0 0 0 64 0 0 0 0 0 0 0 2 0 0 0 0 0 0 0 0 24 0 29 0 0 21 1 0 0 95 0 52 0 0 7 0 0 24 0 0 64 0 7 0 55 0 0 0 0 0 0 0 0 32 0 0 0 0 25 0 0 0 0 0 21 0 0 64 1
 5 21 0 0 0 25 0 0 0 33 0 16 12 0 6 13 80 0 41 0 0 55 0 0 0 0 0 0 3 22 0 86 11 0 9 14 0 0 20 20 0 0 0 0 24 0 19 35 0 0 0 37 0 0 11 81 0 13 0 0 0 5 0 6 0 0 11 18 57 9 0 0 0 0 3 0 0 0 0 0 12 0 15 0 0 0 0 0 26 0 34 3 27 0 22 0 0 9 0 0 24 10 0 1 0 44 0 0 0 33 0 27 2 0 0 0 0 0 0 4 0 0 0 18 9 0 0 0 0 37 0 0 0 13 0 22 0 0 0 0 0 0 0 0 2 0 6 0 0 0 0 0 0 0 0 0 0 0 0 0 38 0 64 0 0 0 36 0 0 0 0 21 0 0 0 8 0 0 0 0 20 30 8 0 0 0 0 18 0 0 12 0 0 0 0 6 0 1 29 0
 0 0 0 0 67 0 50 2 0 51 72 0 67 26 0 21 33 70 8 0 24 72 33 0 39 0 0 28 31 24 26 77 37 46 0 0 0 0 24 36 22 20 23 52 0 0 15 7 0 0 0 0 33 0 0 75 8 38 71 21 0 53 9 17 0 0 0 0 82 15 0 78 3 0 0 0 70 24 0 73 17 0 6 0 72 0 0 0 0 33 0 0 8 10 0 0 0 0 55 29 0 75 0 0 0 0 26 0 52 11 0 67 0 0 58 51 0 59 0 0 96 94 35 0 0 27 0 42 3 0 80 35 0 23 42 0 6 20 87 0 95 39 21 16 0 29 4 0 25 8 33 0 63 21 3 0 9 0 6 0 0 20 11 33 29 13 0 57 36 0 73 13 14 0 0 0 0 0 0 7 0 0 52 74 0 26 0 0 0 58 44 44 0 97 0 0 0 0 31 63
 0 0 12 21 18 60 81 50 71 45 0 0 0 18 0 73 84 72 55 0 0 52 91 29 0 3 0 0 65 0 0 2 97 9 63 75 2 73 11 0 84 35 0 0 30 37 72 18 0 30 0 0 40 0 28 49 0 84 92 51 0 43 0 15 44 0 67 0 61 86 17 33 0 39 26 0 53 32 0 71 0 22 47 0 48 34 53 0 0 14 0 0 37 0 0 8 88 14 26 0 0 38 36 31 0 0 0 99 10 29 0 21 36 2 21 6 8 20 58 0 37 0 0 0 0 42 0 59 39 48 64 0 58 42 0 0 43 8 91 0 0 0 49 0 48 51 27 0 0 0 0 23 28 61 44 23 52 9 68 0 0 0 72 72 0 72 13 41 11 9 75 0 0 0 16 34 2 15 0 13 53 0 10 37 0 63 0 1 0 77 0 0 49 28 30 0 0 61 48 25
 10 0 25 0 26 0 0 0 0 0 0 0 6 31 0 25 0 0 3 0 0 0 0 0 22 0 0 0 0 64 0 0 0 0 0 18 0 0 7 47 0 0 0 0 0 0 17 0 0 0 0 0 0 0 1 0 0 0 0 0 0 0 0 0 3 0 0 0 0 17 0 19 0 0 23 27 17 0 0 0 0 0 0 19 0 4 0 0 0 0 0 0 0 0 0 12 0 0 0 23 37 0 0 0 0 0 3 0 0 12 0 0 34 0 0 0 0 0 0 0 0 0 0 0 0 11 11 0 0 0 0 8 30 37 0 5 2 0 7 0 18 0 21 0 0 0 0 10 0 0 0 0 0 25 17 0 8 0 0 0 0 0 54 0 0 0 0 16 0 15 0 0 0 0 0 7 12 18 0 0 0 0 0 0 34 0 0 3 0 0 0 0 0 0 0 5 0 0 0 9
 0 0 1 0 0 0 10 0 0 0 0 0 0 0 0 0 0 14 5 0 18 0 0 0 9 0 0 29 0 67 0 0 29 0 0 0 0 0 0 61 0 0 0 30 0 26 0 0 0 0 0 0 0 18 5 0 0 32 0 0 10 0 6 0 0 0 0 0 0 0 0 0 0 0 0 0 15 0 5 13 0 0 0 0 21 1 0 0 0 0 13 0 0 0 0 0 0 0 0 0 0 11 0 6 0 23 0 0 15 0 0 0 0 0 0 0 2 21 0 0 0 11 0 0 0 0 3 0 0 0 0 0 0 21 0 0 0 0 0 22 0 0 35 0 0 22 26 0 0 0 0 0 0 0 0 0 0 0 0 0 0 0 0 0 0 0 0 0 12 0 0 0 0 0 0 0 0 4 12 24 16 0 0 16 0 0 0 0 0 0 0 0 25 0 0 0 29 26 0 18
 0 0 0 0 0 0 0 64 0 0 0 0 0 78 0 18 43 3 3 0 0 83 0 29 57 0 66 0 0 61 1 63 62 0 0 18 0 0 0 61 65 0 0 22 0 0 27 0 81 0 0 0 41 0 29 0 77 50 0 0 0 0 15 0 21 35 1 0 25 55 0 74 64 59 0 0 0 0 14 17 55 0 0 0 0 0 18 0 8 0 0 0 42 0 73 0 0 76 0 0 14 22 21 69 0 65 14 53 0 0 0 40 21 10 0 0 0 60 64 0 32 12 23 0 0 0 0 1 55 64 99 29 0 4 48 28 21 71 0 0 20 9 84 59 6 43 13 79 0 0 49 0 64 83 21 70 0 87 6 0 35 2 60 0 6 10 0 0 0 0 0 67 63 0 0 8 6 7 0 19 0 0 23 0 0 8 0 9 0 31 0 26 0 9 0 0 0 36 41 0
 0 0 0 5 30 8 12 52 39 0 34 0 0 64 0 31 47 23 36 0 0 3 38 70 93 27 46 0 0 7 0 0 11 0 0 48 0 0 0 24 0 0 20 36 0 0 26 25 67 0 3 0 81 0 10 49 96 27 0 0 0 6 0 3 23 46 0 0 0 62 0 0 0 29 10 0 0 0 0 25 0 0 9 0 0 13 57 13 72 78 2 0 19 19 74 6 6 34 8 0 0 70 0 30 0 0 41 42 0 0 33 31 15 0 0 15 15 12 28 0 38 0 56 0 0 0 32 0 60 8 69 84 38 71 0 51 0 58 5 0 0 0 44 17 0 58 54 0 0 0 14 57 36 17 0 63 35 0 0 0 0 0 35 0 0 0 0 16 0 0 0 23 26 0 26 61 3 0 20 38 0 0 30 0 0 0 0 17 0 21 0 2 0 0 12 0 0 8 62 0
 0 25 0 0 9 0 0 43 0 12 0 0 0 62 0 18 73 25 19 0 0 0 91 54 0 0 39 0 0 6 0 82 29 0 17 0 0 0 17 0 12 2 0 67 0 0 0 50 43 0 17 35 10 0 22 0 48 0 0 7 12 0 0 24 63 1 0 3 96 19 0 52 0 0 0 16 0 0 0 73 82 0 44 0 0 0 1 0 59 74 36 0 56 18 69 0 0 50 0 12 0 0 12 0 0 7 0 50 0 0 0 36 54 11 0 0 0 49 41 0 0 0 46 0 0 0 0 53 0 9 0 22 0 0 58 4 48 29 25 22 0 0 30 66 34 17 43 0 14 0 9 18 38 7 23 96 27 42 0 0 53 0 88 0 0 0 0 32 17 0 0 0 18 0 16 40 16 0 0 0 0 0 15 0 13 0 0 21 0 0 0 33 0 0 0 0 21 0 49 0
 14 0 0 8 26 0 0 0 36 0 47 0 0 66 0 82 50 0 72 0 0 27 15 36 0 0 8 0 0 24 36 0 66 13 0 11 0 4 0 0 41 0 0 0 0 0 0 51 46 0 36 12 73 0 16 3 0 0 0 0 17 8 0 32 83 15 0 0 57 59 0 0 32 0 0 0 0 0 0 42 7 9 98 0 0 8 18 0 28 0 39 0 53 0 75 1 0 52 0 0 0 0 49 51 9 80 17 0 27 0 0 0 29 0 14 12 0 20 21 0 0 2 13 31 0 0 35 72 75 0 81 13 0 7 34 16 6 0 60 0 14 0 10 0 0 0 49 5 0 0 0 0 0 7 21 1 0 0 0 0 38 5 0 0 0 0 0 0 0 0 0 76 0 0 0 53 0 0 0 0 0 0 0 3 0 0 5 0 0 0 7 29 0 0 0 0 12 5 22 0
 4 0 0 0 33 0 49 76 40 0 88 14 41 59 0 24 31 80 18 0 38 29 21 11 24 1 12 9 9 61 74 17 34 2 0 29 0 26 58 33 44 72 0 70 0 0 69 98 70 5 0 0 75 0 11 84 20 26 23 0 0 75 0 0 0 0 45 0 0 24 45 0 35 70 0 1 77 80 51 0 0 0 0 2 32 34 23 0 0 50 36 0 0 21 72 30 0 2 31 0 0 56 30 24 59 3 2 0 87 0 0 0 34 0 25 8 22 88 0 0 34 35 64 16 0 45 0 0 81 0 69 3 35 8 14 0 61 0 20 0 0 0 0 0 18 23 47 50 0 0 0 0 69 13 69 14 39 0 85 0 25 0 29 89 37 78 0 0 0 0 19 70 75 5 40 0 0 0 31 0 57 0 2 0 0 0 4 60 0 38 77 38 73 88 36 0 23 0 0 29
 6 0 69 8 38 0 9 0 14 0 29 54 2 0 0 34 70 15 19 24 0 28 63 30 5 0 11 29 8 58 11 63 6 0 26 38 3 0 11 0 0 17 19 10 64 8 2 86 39 40 0 33 21 94 0 0 45 88 0 16 0 14 65 56 16 2 67 87 0 2 84 43 0 37 0 0 51 0 45 42 42 12 11 55 14 0 65 92 49 88 22 70 74 50 81 45 0 51 0 12 65 50 53 17 34 22 60 59 0 23 73 10 18 84 19 57 26 48 0 0 79 93 0 88 69 51 0 14 0 73 79 21 47 58 25 59 0 0 0 69 0 19 92 13 81 25 0 22 29 62 79 75 58 0 67 0 0 21 0 38 74 0 16 38 0 26 8 0 5 0 0 62 50 63 9 73 71 0 0 20 73 5 26 59 21 71 71 87 67 59 27 62 3 75 17 48 73 0 6 26
 0 0 0 0 16 0 0 42 1 3 30 0 0 47 13 96 0 4 8 0 93 12 20 0 0 0 40 8 30 16 0 78 1 0 0 0 36 0 8 11 79 0 0 83 0 0 71 43 65 0 0 18 70 0 67 36 74 0 0 29 0 18 0 0 0 0 0 0 0 0 8 5 29 95 0 0 0 0 2 12 75 0 89 7 76 23 77 37 0 10 0 0 12 22 39 0 0 35 5 0 0 22 41 29 0 86 0 29 15 0 0 0 4 14 0 6 10 57 0 0 72 81 68 0 0 26 0 73 0 76 80 68 0 10 15 0 69 24 0 0 13 91 75 45 0 71 64 8 0 0 3 0 67 0 33 0 4 42 0 0 0 0 56 0 3 11 52 0 14 0 8 6 66 0 0 31 0 0 0 0 0 0 0 0 0 47 0 72 0 48 93 73 0 0 0 0 13 4 0 27
 15 0 0 0 69 5 28 0 0 34 0 0 0 66 0 16 67 0 84 0 0 0 69 0 94 0 0 28 0 25 0 63 18 0 0 0 0 0 0 62 0 0 0 67 0 0 0 10 35 0 0 9 25 0 35 0 22 0 59 30 0 0 0 0 0 4 0 0 14 9 37 3 14 72 0 2 43 0 27 89 0 0 43 0 75 16 34 0 17 48 12 0 14 0 48 0 0 0 44 0 0 44 43 71 0 31 82 71 0 0 0 34 50 0 0 0 0 31 98 17 74 19 5 2 0 0 61 0 55 30 44 49 0 0 45 0 34 0 27 0 0 66 6 55 1 7 63 0 0 0 30 55 63 33 0 0 0 13 0 10 36 3 0 0 0 77 39 50 28 0 30 74 58 9 0 0 0 0 7 0 0 4 64 0 0 0 0 58 0 38 10 43 0 0 0 29 6 66 0 24
 0 0 8 0 0 0 32 27 0 0 44 13 51 67 0 41 0 54 61 0 44 39 0 0 60 0 0 14 47 0 0 36 0 0 4 31 0 0 0 88 0 0 0 38 98 0 23 73 0 54 32 1 58 1 46 63 0 0 41 31 0 53 39 14 93 11 2 65 40 0 0 10 18 36 0 0 0 0 0 0 18 0 37 0 0 36 15 81 2 73 47 0 75 13 30 9 88 0 36 0 0 25 0 37 28 63 51 30 0 0 34 10 54 0 0 0 0 68 0 0 74 31 5 0 4 43 0 28 0 0 52 0 78 0 0 21 42 51 20 0 53 37 60 52 26 18 0 67 0 0 80 8 81 23 83 70 58 3 52 0 14 37 60 0 0 8 29 16 0 0 19 0 34 0 68 15 0 0 0 0 36 0 0 43 6 8 0 17 10 0 3 50 36 40 0 0 0 0 0 35
 0 0 0 0 0 0 0 26 0 0 0 0 0 0 0 0 41 0 0 6 0 97 39 17 21 0 0 0 1 89 0 73 0 0 0 49 6 0 0 0 6 24 0 0 0 0 0 8 4 0 70 0 0 0 0 0 0 70 0 0 0 0 8 7 0 15 0 0 28 0 0 0 0 0 22 0 0 0 16 0 1 0 1 0 13 0 2 0 0 28 0 0 14 0 30 0 0 52 0 0 0 3 0 0 0 0 0 10 34 0 13 8 0 0 0 13 0 0 9 0 0 5 0 0 0 5 4 0 25 0 0 0 0 1 13 0 0 0 17 0 0 0 58 14 0 12 20 0 4 33 0 0 0 19 0 0 11 0 0 0 32 0 91 8 0 12 0 0 0 0 0 23 14 0 0 84 2 9 0 6 0 0 15 0 0 0 34 0 0 0 0 0 33 0 0 16 0 0 0 35
 0 22 0 0 22 0 0 0 0 0 0 0 6 0 0 7 0 0 30 0 0 34 69 0 0 30 10 0 20 0 25 0 0 24 0 19 0 25 24 0 35 30 39 18 0 0 67 4 68 0 0 2 0 11 0 74 0 0 0 9 7 0 0 0 0 0 0 11 18 76 0 7 0 0 27 0 0 16 0 0 0 15 11 0 0 0 0 0 0 64 90 6 37 0 86 0 0 43 0 0 17 0 49 44 0 45 48 0 23 0 0 0 47 0 0 0 0 2 28 0 0 26 60 0 3 0 0 94 25 0 0 0 20 21 72 0 0 0 0 0 68 0 60 0 3 0 41 0 1 0 0 0 0 63 0 0 0 0 0 0 0 16 90 0 0 34 0 0 7 5 13 38 0 0 14 0 0 13 0 0 4 0 69 0 15 0 0 39 8 0 0 3 0 0 4 0 0 11 78 9
 66 0 0 0 0 0 0 13 0 23 82 0 2 59 0 0 0 48 0 0 0 5 0 33 0 42 64 0 60 0 15 68 0 0 17 93 0 73 0 0 0 0 0 51 0 0 0 81 96 29 18 35 74 0 24 16 53 25 0 68 14 0 0 5 42 47 57 0 43 68 57 80 66 0 63 0 5 10 3 39 0 0 56 8 3 72 59 28 20 9 0 0 0 30 4 93 13 61 0 0 0 0 9 61 90 0 0 2 33 27 0 57 70 0 52 62 14 88 14 4 28 71 54 71 13 90 23 87 93 51 9 90 2 56 64 1 0 28 37 0 24 6 52 48 70 47 10 83 0 0 85 2 47 69 0 36 0 12 56 15 15 57 21 23 0 37 33 88 4 0 9 0 52 22 48 57 9 63 0 0 62 0 6 53 0 72 73 36 0 35 0 0 0 36 0 0 0 23 0 72
 0 0 0 0 58 0 0 0 0 0 0 7 0 64 27 0 0 0 64 0 0 36 94 0 0 0 0 0 0 8 0 60 0 0 0 78 0 0 23 41 11 0 0 0 0 0 28 0 0 0 28 0 0 0 11 28 15 32 0 0 0 4 0 38 23 0 0 0 17 72 13 0 0 0 20 0 0 0 0 0 0 0 0 0 27 0 0 7 67 52 0 0 35 0 25 12 0 0 0 17 0 0 45 23 25 0 11 0 0 8 0 0 51 0 0 0 0 10 23 4 0 11 6 0 0 0 8 0 34 27 0 84 13 0 5 0 0 0 0 0 93 19 46 34 0 11 36 4 15 0 0 52 0 87 0 0 38 0 0 0 46 0 49 0 0 0 0 16 0 0 31 0 0 0 0 0 28 0 9 3 0 0 25 0 0 5 0 38 0 0 14 1 19 0 0 39 0 0 14 10
 0 3 1 0 52 0 0 62 57 44 0 26 0 75 25 45 23 70 69 0 14 57 6 0 25 0 6 0 83 0 0 52 53 22 0 27 20 0 0 10 28 0 0 27 0 0 58 91 11 14 0 0 29 0 46 0 0 88 38 0 0 0 0 14 67 24 9 12 0 57 33 44 29 13 0 0 0 25 21 17 78 0 67 0 58 0 67 34 34 0 35 0 28 0 32 31 0 69 28 0 0 87 0 0 0 40 43 76 10 14 0 8 87 0 57 0 0 0 0 0 2 32 17 0 5 1 81 0 47 0 56 0 0 65 0 33 45 20 69 7 7 38 76 9 0 0 0 47 11 21 0 26 35 78 0 7 29 0 22 0 43 0 58 0 26 59 41 72 57 3 29 58 66 3 0 7 0 4 0 0 22 0 38 85 0 54 0 5 0 12 43 70 29 22 0 33 0 0 94 68
 17 0 4 0 7 0 0 0 0 0 51 0 0 51 2 0 0 34 27 0 29 41 0 0 63 0 15 0 22 0 0 28 3 8 0 55 0 0 0 0 11 0 0 22 0 21 0 86 22 0 56 0 0 9 0 69 16 67 0 0 0 0 4 0 32 30 0 0 22 0 71 20 54 58 0 0 0 0 21 0 81 0 0 0 0 16 5 30 62 0 0 0 0 0 0 0 11 0 5 0 0 40 6 48 16 31 42 43 0 0 11 38 79 0 0 7 0 28 14 0 67 0 50 0 0 54 23 49 5 34 68 56 0 0 8 59 0 45 47 0 7 0 67 70 15 13 4 17 0 20 44 58 67 67 0 56 77 57 0 0 32 0 54 0 0 54 1 0 81 33 0 32 0 0 0 0 0 29 0 33 0 0 9 0 10 0 0 0 0 0 10 86 0 77 0 0 0 0 81 55
 0 0 0 0 0 0 44 6 0 1 53 0 0 14 0 15 41 0 0 0 0 0 9 64 65 0 7 0 0 69 4 94 26 0 0 25 23 0 32 0 30 0 0 1 0 0 85 34 82 0 23 24 6 0 28 0 61 53 0 0 0 0 0 5 0 32 22 0 0 0 47 0 6 0 0 30 0 0 0 36 40 0 43 27 0 0 23 0 0 86 0 0 14 0 41 0 0 15 31 14 22 0 83 28 29 0 42 0 0 0 0 0 93 0 0 11 24 28 13 0 0 39 57 38 0 0 37 10 0 58 33 28 0 65 0 0 0 0 71 0 24 22 1 0 3 24 84 0 0 23 0 67 19 63 0 16 4 5 7 0 81 0 57 0 0 84 39 71 0 0 93 32 21 0 0 0 5 0 0 23 0 0 24 33 0 0 0 70 5 44 94 79 0 0 0 0 0 63 4 52
 0 0 7 2 27 0 0 0 22 0 62 0 0 16 17 36 52 18 47 0 0 68 22 0 0 0 0 19 0 0 0 23 0 0 26 62 0 0 0 0 36 1 0 0 0 0 73 76 3 29 71 3 42 0 22 0 13 25 20 0 0 0 0 0 36 61 5 0 33 83 0 0 0 0 0 0 0 0 0 0 16 0 59 0 0 0 0 17 3 37 0 38 0 0 69 0 0 0 36 0 0 0 0 22 33 0 0 0 11 0 0 66 7 0 1 7 0 3 0 0 0 0 79 27 0 0 4 0 33 0 0 64 16 83 0 0 51 51 0 0 9 0 0 18 0 0 32 10 20 0 0 65 16 0 11 39 0 0 0 29 14 0 58 0 0 0 0 34 24 0 12 20 39 1 35 36 0 4 0 0 11 15 34 22 5 7 0 54 26 0 0 0 0 11 0 7 0 8 30 0
 6 0 6 12 64 0 0 49 14 0 66 0 0 0 0 33 30 0 19 0 7 0 66 0 44 17 39 0 21 32 0 0 0 0 0 5 20 0 32 49 59 0 0 68 0 3 2 73 11 0 0 0 37 19 5 0 9 69 15 0 0 0 0 0 23 8 16 9 41 84 19 0 49 9 12 0 0 24 0 63 59 0 0 0 0 37 0 0 88 78 4 21 40 0 51 0 0 0 57 0 9 19 36 97 7 52 64 62 14 0 28 10 36 21 0 16 36 66 82 0 63 63 31 0 0 22 47 0 9 0 41 0 0 96 40 58 49 6 57 0 89 0 40 8 8 82 73 10 0 0 60 0 14 0 0 44 0 22 17 0 57 4 78 0 25 0 54 0 0 0 0 45 0 0 0 4 0 0 0 0 0 0 27 0 0 0 0 19 0 11 0 96 15 0 0 0 0 0 77 0
 0 0 13 0 0 0 0 0 23 1 0 12 0 0 16 0 57 8 22 0 8 0 24 2 0 0 0 0 0 7 0 7 0 0 33 38 0 0 33 54 15 0 0 63 0 9 48 18 76 0 9 0 37 0 0 53 0 6 0 13 0 0 19 0 70 0 30 6 69 23 0 0 0 0 3 0 8 0 0 46 57 0 0 0 0 4 0 0 0 62 68 7 0 20 79 26 8 90 0 0 0 0 32 42 0 94 0 0 32 0 0 15 55 0 0 0 0 0 0 0 0 0 41 0 0 0 0 11 0 0 10 0 0 24 40 0 0 10 13 0 0 0 54 0 0 0 0 0 0 0 0 38 0 0 0 0 3 0 0 0 0 0 87 17 0 0 0 0 9 0 0 33 0 0 0 0 0 13 0 0 7 0 24 0 0 1 0 0 0 5 14 0 0 16 0 0 0 0 15 0
 20 0 29 0 55 0 0 0 0 0 22 12 18 7 11 3 42 2 30 0 0 0 28 10 0 0 0 10 23 0 0 0 0 0 0 30 0 6 0 46 0 0 0 0 0 0 81 0 1 0 54 30 0 0 0 0 10 57 23 0 0 0 1 0 24 88 0 0 61 95 18 0 0 25 0 0 0 0 0 0 0 0 0 26 6 0 0 0 0 0 9 0 11 0 70 0 0 17 0 11 0 0 0 0 0 29 0 0 0 16 0 72 62 30 0 0 26 0 0 1 17 0 0 0 6 2 0 2 11 0 0 0 0 0 7 0 0 3 0 0 7 0 44 39 0 0 0 0 0 0 0 0 0 0 0 0 0 0 0 23 11 0 40 0 0 17 0 0 33 0 0 35 0 0 0 18 0 0 0 0 0 0 28 5 0 0 0 12 0 0 0 0 0 21 0 26 0 0 61 0
 0 32 0 0 39 0 0 0 0 0 11 0 16 7 0 0 80 0 50 20 0 0 0 0 0 0 0 0 0 14 0 72 0 0 0 46 0 0 10 12 2 9 23 0 0 0 56 16 32 19 78 0 0 0 0 0 0 35 0 0 0 9 0 0 44 0 11 29 31 0 28 0 0 0 0 0 1 0 0 83 0 20 16 0 16 11 25 0 0 0 0 34 24 26 0 0 0 0 0 11 0 13 34 37 35 38 0 0 0 0 0 70 1 0 0 27 0 0 0 0 0 2 18 7 0 0 0 28 0 0 0 0 0 61 52 11 0 10 0 0 44 4 71 0 0 34 54 32 0 24 0 25 0 0 0 0 11 0 0 0 55 0 41 0 12 27 0 0 0 10 10 17 0 32 0 18 0 0 1 3 0 7 15 0 0 0 0 0 0 8 0 0 17 0 0 0 0 0 40 0
 0 9 23 58 8 87 0 9 32 17 52 0 67 0 0 28 4 64 50 28 34 78 2 36 18 16 0 36 50 65 0 10 5 38 39 35 29 88 62 0 76 61 22 10 68 0 86 48 13 14 0 34 78 0 0 49 9 71 0 50 26 0 46 37 41 0 33 48 38 9 41 39 28 30 41 0 70 73 49 43 0 22 56 65 69 41 0 0 0 16 0 0 45 68 0 25 0 0 1 0 0 62 0 15 0 66 72 0 90 0 0 50 38 21 0 52 29 11 1 0 0 0 0 0 57 64 0 71 54 0 43 23 25 35 18 13 16 28 6 0 29 72 87 81 1 0 7 0 0 0 39 23 66 0 26 68 50 9 39 72 71 39 0 0 14 34 76 0 66 0 27 6 70 0 4 38 0 38 29 0 0 0 0 4 30 13 0 0 0 79 39 0 0 27 74 0 64 52 91 48
 0 2 0 9 54 13 0 0 0 0 0 7 0 0 0 8 0 0 0 0 0 0 0 18 14 0 0 0 0 84 0 0 0 24 6 0 20 0 0 51 0 0 0 8 2 0 1 0 0 0 0 2 0 0 0 0 0 0 0 17 0 0 0 0 0 0 0 0 58 33 0 0 0 0 9 0 0 0 0 0 0 9 0 0 7 0 16 0 6 0 0 0 0 0 0 16 0 0 0 0 0 0 12 0 28 0 0 0 0 0 0 74 18 0 0 0 6 0 12 0 0 0 0 27 0 0 2 0 0 0 0 35 0 0 74 9 22 0 0 0 0 13 0 0 0 0 0 0 0 0 0 8 31 0 0 0 0 0 0 2 48 11 37 25 0 0 31 0 0 5 0 0 0 0 0 11 0 0 23 0 0 0 36 0 1 0 0 0 4 5 0 25 0 0 0 0 0 0 5 0
 0 0 0 2 0 0 0 69 0 0 9 0 0 57 0 20 49 47 80 0 4 0 0 0 0 0 46 0 0 25 23 58 12 22 0 15 0 0 0 63 0 0 0 76 0 82 58 0 0 65 3 38 49 0 47 29 0 38 0 0 0 2 0 0 24 66 0 4 8 51 13 0 0 64 0 0 0 84 0 4 14 0 36 9 34 2 70 83 0 29 0 0 11 0 32 49 70 0 29 0 0 40 49 32 0 22 18 60 0 19 16 22 41 0 33 15 0 0 2 0 9 61 50 12 21 0 45 67 54 35 46 10 4 3 28 56 65 57 52 0 23 49 0 5 0 65 20 0 0 0 13 26 76 76 69 0 23 0 11 23 4 0 55 0 32 8 4 24 6 0 6 73 34 0 0 0 0 0 0 0 0 0 20 34 0 45 0 0 0 35 71 2 0 0 62 32 0 55 26 0
 0 0 0 1 11 22 0 10 24 0 0 10 0 22 0 0 82 0 0 12 32 0 0 0 0 0 0 0 0 30 0 0 0 0 6 0 0 0 0 35 0 0 0 6 0 0 0 0 3 2 48 0 22 0 0 0 0 53 3 18 9 0 0 0 0 0 6 4 29 44 0 0 0 0 0 0 0 0 0 0 0 0 0 0 16 0 0 0 0 0 19 0 52 0 0 0 0 39 0 0 0 0 0 0 0 0 0 0 0 0 0 71 0 0 3 0 0 0 30 7 10 0 0 0 0 0 0 20 0 0 0 0 0 0 0 35 0 0 0 4 0 0 9 27 0 0 27 0 0 0 0 0 0 6 0 0 0 0 4 0 0 0 93 0 0 0 0 0 0 0 0 0 0 0 0 63 15 0 38 0 0 39 25 8 0 0 0 0 2 0 0 0 27 0 0 0 0 0 4 6
 0 0 2 37 0 0 14 48 40 47 2 0 58 62 0 74 48 0 15 0 0 0 43 46 31 5 5 21 0 34 0 29 0 44 25 24 7 0 7 40 59 17 0 21 0 48 31 31 6 21 48 0 90 0 60 0 19 0 53 0 0 71 20 0 27 0 8 0 0 31 52 0 2 0 0 0 7 88 0 18 83 0 0 0 25 55 38 14 0 64 59 0 0 0 79 0 23 25 0 1 0 32 0 2 0 80 85 11 68 29 0 0 48 16 4 94 26 40 47 0 77 44 74 0 18 22 0 91 0 10 17 48 0 0 41 0 0 38 0 0 39 90 54 0 0 14 14 61 0 0 5 2 0 42 53 29 0 48 0 0 0 0 14 12 0 14 26 57 13 0 0 46 61 0 0 69 0 0 0 9 12 0 51 1 0 17 0 44 0 0 37 0 0 13 25 0 0 0 40 25
 0 0 0 4 0 0 5 54 41 0 28 0 19 0 0 0 15 84 73 0 39 0 57 51 96 0 25 0 0 66 0 6 73 30 2 11 0 0 70 0 52 0 0 33 0 23 0 25 32 54 30 0 16 0 81 12 69 69 0 0 0 31 34 0 38 50 0 0 59 25 0 0 54 38 6 3 3 76 0 69 84 0 28 37 0 20 51 6 0 52 53 17 26 0 23 0 0 69 30 0 0 16 72 15 0 29 0 1 0 25 0 51 78 0 3 16 0 13 44 0 79 0 92 0 0 15 64 82 89 35 16 74 0 35 0 68 0 63 90 28 0 0 0 2 0 23 32 0 0 21 57 41 26 58 48 51 62 37 0 0 0 0 0 42 0 36 32 0 14 0 0 0 0 0 28 0 0 0 0 0 32 0 61 61 0 0 23 43 0 52 0 53 0 48 44 0 32 0 60 72
 0 0 0 17 0 0 0 0 7 0 0 0 0 0 6 0 0 0 2 0 0 0 26 0 0 26 0 0 0 44 0 0 0 0 30 0 0 0 3 0 0 12 0 24 0 12 0 0 0 21 0 0 0 0 0 0 0 0 34 0 0 0 0 37 0 0 8 0 22 47 0 0 0 0 0 0 0 11 6 0 0 0 11 0 2 0 2 1 0 0 19 18 0 4 0 0 0 0 6 8 0 0 11 0 0 12 0 0 0 0 0 1 0 16 0 23 28 0 0 0 0 3 28 0 20 0 0 12 0 0 0 18 0 0 0 0 0 0 0 0 0 0 0 0 21 0 0 0 21 0 18 14 3 0 34 24 0 28 0 0 66 3 0 17 0 24 0 2 0 0 13 0 0 0 9 0 0 0 0 0 2 0 0 0 0 0 28 20 0 0 0 0 0 25 0 0 0 0 0 0
 0 0 18 23 45 0 33 27 20 0 0 0 0 42 0 70 32 0 19 0 0 95 0 39 77 0 11 1 0 61 0 13 31 0 24 8 0 0 19 35 22 0 7 79 0 0 46 0 0 0 0 0 7 24 47 0 79 53 0 0 0 0 0 0 35 20 0 0 35 8 55 0 67 24 0 4 0 0 0 40 51 8 59 0 0 0 0 0 22 45 20 0 10 0 34 18 0 0 0 0 0 8 0 0 0 87 66 47 0 0 0 63 3 0 0 0 0 12 64 0 38 0 39 0 0 0 77 74 66 31 0 28 0 53 0 0 0 92 26 24 57 0 0 0 14 21 6 4 0 0 7 2 0 31 6 63 31 35 0 0 18 0 0 0 0 0 15 2 0 0 0 29 47 0 0 72 0 0 0 28 0 0 0 14 0 0 0 32 0 0 0 0 4 13 0 8 26 11 33 0
 3 36 0 29 79 0 51 32 65 33 14 0 57 4 0 0 19 32 57 0 24 25 12 22 51 0 50 0 35 20 0 46 0 24 26 0 0 0 0 0 97 0 43 0 50 0 80 29 0 43 30 17 72 13 0 98 0 17 34 61 58 2 58 32 62 89 0 28 0 51 52 61 0 95 84 0 50 43 14 0 76 12 0 48 28 0 15 10 0 0 0 20 10 59 11 0 51 0 52 0 0 6 6 9 16 28 18 26 7 0 0 0 51 13 0 47 28 0 3 22 0 8 15 65 42 98 0 4 75 0 1 84 0 17 0 0 68 0 9 0 17 63 3 58 43 21 2 24 1 67 82 0 57 0 0 77 0 61 8 0 55 0 53 85 14 35 32 65 36 0 0 37 28 7 22 36 13 60 90 53 59 3 34 0 0 34 13 87 0 35 40 14 14 13 24 0 0 44 0 69
 0 88 78 35 0 16 38 39 73 0 63 10 0 18 0 0 15 45 8 60 7 5 0 0 0 74 20 4 31 58 0 0 23 26 0 15 88 14 8 85 6 0 40 47 59 18 0 46 0 1 73 12 60 4 11 41 70 61 66 0 77 0 38 16 62 0 7 39 0 27 0 54 4 88 16 0 50 70 3 76 0 2 41 83 52 0 26 0 71 79 58 31 7 94 38 47 1 84 48 89 0 43 24 79 0 41 0 66 97 51 26 0 57 82 39 70 20 0 29 24 0 56 0 62 63 0 66 0 8 73 0 38 81 0 0 9 0 0 31 48 0 38 28 45 0 0 48 49 50 0 79 0 38 6 24 0 73 22 61 8 81 0 36 10 50 20 0 40 33 0 51 0 9 73 0 0 71 0 0 25 45 71 32 19 23 46 25 0 41 11 7 0 15 63 0 21 43 57 5 15
 0 8 0 0 16 0 7 0 0 0 0 0 0 0 0 0 5 0 67 0 9 0 17 20 0 21 4 0 0 34 0 88 0 0 0 11 0 0 18 0 14 0 0 26 12 0 50 0 22 0 23 9 40 0 4 41 0 50 0 0 0 0 0 0 0 0 0 0 0 0 0 0 4 5 0 0 0 0 0 0 65 14 65 0 0 33 4 0 39 94 0 0 45 0 38 0 0 42 0 0 0 0 65 0 0 0 51 0 7 0 0 41 37 0 2 0 0 0 0 0 0 0 0 0 0 0 0 0 80 0 0 18 0 24 65 0 0 0 0 0 65 0 51 0 0 0 12 0 0 0 0 0 0 34 0 0 9 0 0 6 67 0 61 0 0 0 0 0 0 0 0 0 7 0 0 71 0 0 30 0 3 0 0 0 0 0 23 51 0 0 0 0 0 21 0 0 0 0 14 0
 4 0 0 0 18 0 0 30 0 0 0 0 0 0 0 1 32 8 56 0 0 30 47 0 0 0 1 0 0 73 0 51 0 0 26 38 0 6 0 7 0 15 2 31 0 0 12 0 21 0 12 0 0 8 0 9 23 63 0 0 0 0 0 0 43 62 20 0 8 63 0 18 0 0 0 0 0 0 0 53 0 0 0 39 0 0 18 0 0 40 0 9 0 0 44 0 0 0 19 0 0 0 0 0 0 21 55 0 0 0 3 31 4 0 8 0 0 15 15 0 0 20 0 0 0 21 0 0 0 5 0 0 0 0 50 0 0 0 0 11 5 3 4 0 0 0 16 0 0 0 0 50 0 0 0 31 0 0 0 0 8 0 0 0 2 0 0 0 0 0 0 41 0 0 0 42 0 0 0 0 19 0 48 0 0 4 0 56 0 31 0 0 0 3 30 19 0 0 37 0
 0 0 0 0 67 0 0 0 11 0 18 37 0 0 0 0 95 0 45 26 0 20 0 21 5 0 0 0 9 54 0 52 0 0 6 9 0 0 17 86 18 9 0 0 0 0 9 0 0 0 33 0 0 0 0 0 0 0 0 3 0 0 0 4 14 0 19 0 29 0 0 0 22 0 0 0 0 0 0 64 0 0 0 6 0 0 0 0 0 36 0 0 24 0 56 0 0 74 5 0 0 39 4 0 0 10 0 17 0 0 0 7 18 3 25 0 0 0 0 0 0 16 0 0 0 0 21 42 0 0 0 0 0 0 0 0 0 31 0 3 0 0 54 0 31 0 0 0 0 0 2 0 0 17 0 0 0 23 0 12 0 35 0 4 0 0 0 0 9 0 22 0 0 15 0 44 0 0 0 0 0 0 0 1 0 0 0 0 0 0 0 0 0 6 0 0 0 0 0 0
 1 0 25 0 29 86 0 4 35 61 11 0 70 19 0 38 32 17 46 0 61 52 49 0 3 0 58 35 87 0 0 0 63 57 45 0 0 0 0 0 0 72 0 51 0 26 76 6 80 15 0 0 0 0 76 0 0 25 16 79 23 9 0 0 75 73 90 15 56 8 89 73 52 0 0 0 40 30 0 10 47 0 0 72 0 0 0 0 53 35 0 8 0 24 16 62 50 53 6 0 24 68 35 4 0 47 0 0 35 0 0 61 37 0 8 35 0 16 16 0 0 43 52 9 0 34 13 0 18 64 0 0 31 63 0 74 88 0 58 0 0 43 53 23 1 44 41 9 0 15 0 20 38 0 68 2 0 44 75 0 0 0 52 37 0 0 39 74 6 0 59 0 68 0 0 40 18 97 0 0 70 0 35 0 0 11 0 0 0 42 42 29 65 62 15 0 0 57 55 0
 17 0 0 0 28 0 0 0 0 0 0 0 0 0 0 0 0 14 31 0 0 50 0 0 0 0 0 0 0 0 0 13 0 0 2 20 0 2 0 56 0 17 0 0 0 0 0 0 19 0 81 0 0 0 0 81 0 78 0 10 0 32 0 6 0 0 33 7 66 0 0 28 0 0 0 0 0 0 0 17 0 2 3 0 0 19 14 0 0 0 0 0 78 0 82 0 0 0 0 0 0 30 0 0 0 0 0 0 0 0 0 0 46 0 18 0 0 22 0 0 29 0 0 0 0 0 20 0 0 0 0 0 0 0 11 9 0 0 4 8 0 0 0 0 4 0 0 0 0 0 10 0 30 0 0 0 7 0 0 0 33 0 69 0 4 12 24 0 0 0 0 11 0 0 15 41 37 0 0 0 0 0 0 0 0 0 0 10 23 0 0 0 20 16 13 0 0 15 0 0
 0 0 0 0 12 0 22 0 1 0 17 0 0 0 1 0 64 34 41 0 0 37 0 0 0 0 0 0 7 79 0 99 0 0 0 0 0 0 0 0 0 0 0 0 0 0 7 0 0 0 25 0 0 0 17 0 11 5 0 0 38 0 0 0 0 82 0 13 0 26 0 0 10 0 0 0 1 0 0 31 0 20 0 0 0 0 9 0 5 38 12 0 60 0 50 0 26 73 0 0 14 0 0 75 9 48 0 0 0 0 0 0 25 0 0 0 0 7 13 9 0 0 0 9 0 0 1 10 0 0 0 0 0 0 57 4 18 0 0 0 0 0 0 0 0 0 88 17 0 13 0 9 12 0 0 8 0 0 0 0 66 0 57 0 0 17 0 23 0 0 16 0 17 0 0 14 38 0 15 0 0 0 0 35 28 7 0 0 0 0 0 0 0 0 0 20 0 0 87 0
 0 0 0 0 15 0 0 0 0 0 1 11 0 13 0 0 0 3 78 0 0 22 63 8 0 0 30 0 0 34 0 26 0 0 34 0 0 0 0 64 0 0 0 0 0 0 0 0 0 0 73 0 62 7 9 0 32 65 0 19 18 3 0 0 62 36 6 0 50 54 0 0 0 25 2 0 0 0 0 0 7 0 42 0 0 11 67 0 59 27 55 18 53 0 27 0 0 10 0 0 0 67 65 0 7 45 24 0 0 0 0 68 9 0 0 0 0 12 0 0 0 0 47 8 0 14 23 45 0 0 0 51 6 18 29 11 0 51 0 0 0 0 0 0 8 24 0 30 2 0 0 40 38 0 0 0 0 0 17 0 46 0 34 0 2 0 0 53 0 0 0 52 0 29 38 7 9 0 0 0 0 5 47 0 0 0 0 46 0 32 0 57 1 0 0 0 0 0 59 22
 0 0 0 0 2 0 28 12 55 54 51 14 0 2 23 0 35 0 55 0 48 0 87 0 11 0 11 8 7 0 0 3 0 0 16 44 0 1 0 13 41 0 0 95 0 89 45 22 47 43 49 16 4 0 57 62 0 0 21 0 0 0 0 17 26 26 0 0 78 0 56 77 32 0 0 23 0 0 0 0 0 0 12 0 87 53 0 0 0 42 41 0 48 9 61 0 10 35 0 0 0 0 58 43 0 0 64 0 0 0 0 75 16 0 0 76 0 0 0 26 0 44 13 0 0 0 17 52 33 25 0 61 0 40 10 88 0 38 84 0 2 57 45 60 0 0 4 74 0 0 0 36 22 72 0 0 78 0 0 0 0 0 58 42 24 9 75 0 80 0 0 6 20 0 0 91 0 0 0 25 0 0 24 0 38 29 38 6 8 45 27 55 8 77 0 16 15 68 49 28
 56 7 61 24 62 53 46 0 17 75 23 28 0 52 56 67 0 0 56 8 0 11 82 74 0 35 19 32 31 47 58 0 0 0 76 0 0 37 31 73 0 18 0 0 4 0 0 0 0 0 16 0 45 68 0 13 54 0 8 0 6 38 51 64 41 0 0 0 0 52 35 42 7 82 25 0 43 13 69 41 23 0 0 0 16 2 10 70 82 0 7 80 0 0 20 0 0 19 79 12 0 5 25 2 26 2 84 74 45 0 15 12 18 0 87 55 0 53 68 65 8 6 36 22 79 65 7 39 0 43 16 44 42 0 86 96 54 31 22 0 68 0 0 51 5 42 1 0 12 0 44 0 23 10 84 18 25 0 0 54 79 28 0 0 77 37 0 0 0 0 62 16 46 50 99 46 65 43 0 25 52 56 29 54 89 24 94 32 33 0 0 0 43 0 74 0 27 34 52 1
 0 65 47 0 98 95 71 74 70 42 39 0 31 54 55 0 41 44 0 0 37 32 10 69 25 0 24 66 43 4 0 44 6 41 15 78 38 0 0 92 53 40 0 0 0 0 44 0 0 15 0 0 0 1 41 39 0 0 31 12 0 26 7 0 52 62 4 78 57 9 43 0 0 8 29 0 23 35 0 0 9 44 29 0 0 10 33 0 74 51 69 48 43 0 52 19 74 16 9 34 0 0 0 2 8 16 17 32 32 0 0 76 0 0 39 0 45 0 0 64 7 69 64 31 62 8 12 60 45 16 0 47 78 55 0 55 7 0 31 0 0 34 0 97 78 0 35 49 70 0 67 21 83 0 0 63 0 75 0 0 85 0 0 5 21 17 5 98 0 0 0 0 11 1 9 0 52 64 7 0 16 80 0 46 88 13 55 63 14 19 13 27 0 0 81 10 70 77 0 0
 0 8 0 0 71 0 0 0 0 15 0 0 0 0 39 0 0 0 0 0 0 0 0 0 0 7 0 0 2 76 0 14 8 12 0 2 16 0 0 34 0 20 0 0 0 0 0 8 0 0 0 0 0 0 5 0 0 0 0 0 0 30 0 0 0 0 0 0 49 64 0 0 0 29 0 0 27 0 0 0 23 0 11 0 0 6 0 0 0 0 0 0 0 0 0 19 0 0 0 18 6 0 0 0 0 22 8 0 0 0 0 0 34 0 0 0 0 7 19 0 0 1 0 0 29 8 0 0 1 0 0 0 0 0 28 33 32 0 26 0 3 12 0 10 0 0 0 1 0 15 0 0 0 0 0 0 0 0 0 0 22 0 0 0 14 13 0 0 0 0 16 0 0 0 0 5 20 0 0 13 0 6 7 0 0 0 20 0 0 19 0 0 0 0 0 18 0 0 0 0
 15 0 0 0 18 0 26 0 0 0 37 30 0 2 15 1 0 0 0 0 0 2 0 0 0 0 18 0 33 21 9 17 0 0 0 0 0 0 0 7 0 0 0 0 0 0 0 0 0 35 0 0 0 0 0 0 0 0 10 0 0 0 38 12 0 0 7 0 0 50 0 0 0 0 0 0 0 0 0 0 0 0 0 0 0 0 0 0 0 0 0 0 0 0 22 0 0 84 0 0 0 0 0 0 0 0 0 0 0 0 3 0 0 0 0 0 0 0 0 0 0 0 0 0 0 0 21 7 15 0 0 12 0 0 0 0 0 0 0 0 7 0 0 0 0 0 0 0 17 16 0 0 0 0 0 25 0 0 4 0 0 0 0 0 0 31 4 0 0 0 11 0 0 0 0 0 0 0 0 0 0 0 0 0 0 0 4 0 0 0 21 0 0 0 0 0 0 0 5 0
 75 0 0 0 15 76 18 33 0 0 18 0 15 22 19 0 20 12 4 0 71 11 94 0 0 0 0 0 50 0 8 22 0 0 0 50 0 85 0 52 86 56 9 17 10 57 0 0 49 0 0 0 10 0 34 0 7 0 0 83 63 29 33 15 29 52 12 0 94 59 0 47 0 65 60 0 0 77 76 41 42 25 53 37 24 49 53 0 62 0 49 0 68 14 85 0 20 0 49 0 0 33 28 0 60 18 28 74 53 23 20 57 48 0 27 5 0 65 66 24 56 8 72 75 0 0 14 7 0 50 47 45 43 16 75 48 17 31 21 0 0 0 0 39 0 0 0 57 0 0 95 18 21 27 0 6 3 48 39 0 34 48 7 35 0 13 64 0 21 14 95 54 21 0 0 31 0 29 0 0 21 0 0 41 0 62 1 56 0 0 3 14 0 0 15 0 0 80 0 68
 0 0 8 0 2 0 72 28 38 37 0 0 0 46 0 5 44 0 57 0 63 0 0 49 61 0 51 0 0 1 0 81 76 0 0 0 7 0 0 0 12 0 0 42 0 0 6 0 29 37 0 0 15 13 29 3 2 0 14 0 0 0 0 0 0 12 0 0 0 15 59 75 67 0 0 0 27 79 28 85 73 0 32 0 12 46 0 45 50 15 60 2 40 0 0 0 0 38 34 5 0 0 0 0 0 0 39 1 77 0 0 73 75 0 0 56 0 38 0 0 9 0 48 0 0 71 4 70 16 2 33 0 0 30 7 43 0 0 9 0 0 24 6 21 0 38 50 28 32 0 0 2 0 57 0 86 40 80 0 0 0 0 36 0 0 0 0 78 44 0 45 0 0 0 0 19 0 0 0 0 0 0 6 38 0 0 0 86 0 56 80 0 0 48 0 38 0 39 35 6
 14 0 0 10 0 0 0 0 0 0 22 0 0 62 0 23 65 0 64 0 52 59 58 77 62 15 13 0 0 43 0 24 77 0 2 84 0 0 0 43 5 0 2 87 13 0 0 25 12 0 14 22 0 0 35 0 25 0 0 31 0 7 0 0 73 36 0 0 10 19 29 0 83 0 0 0 0 19 18 0 35 0 28 24 0 0 0 0 89 26 0 0 16 0 11 0 0 0 13 0 0 70 15 35 0 44 30 29 0 0 14 45 15 0 0 0 0 0 4 8 19 46 0 0 0 6 18 31 76 35 0 46 0 13 14 81 0 93 58 9 50 29 0 50 0 29 43 33 27 19 0 54 4 81 0 53 22 93 0 0 29 0 0 0 0 44 68 50 7 0 6 75 43 0 0 5 0 0 0 0 0 0 0 0 0 0 7 27 0 0 0 6 8 0 0 0 0 13 0 0
 57 0 0 0 22 5 95 52 0 48 0 0 0 42 0 0 42 94 43 0 69 0 26 17 22 0 5 0 45 0 58 0 0 50 0 10 0 67 0 24 53 35 76 82 47 31 63 64 0 87 0 4 20 44 0 13 13 32 73 0 47 44 51 0 0 45 21 0 0 0 16 0 37 0 0 0 0 70 26 54 48 0 28 13 23 0 49 0 73 0 44 0 0 9 48 0 56 0 25 0 0 3 43 39 14 22 75 26 42 5 0 51 67 95 34 74 0 50 0 0 15 52 0 35 0 0 82 40 66 42 10 25 0 0 0 0 0 33 80 0 0 5 38 0 33 58 0 0 14 13 35 23 3 38 15 48 74 30 63 0 25 69 61 0 0 0 72 66 0 0 11 0 69 0 38 53 0 0 48 27 53 9 17 78 81 50 36 94 0 32 17 0 9 0 18 0 76 51 22 0
 0 0 0 19 75 0 3 0 0 11 0 0 0 48 0 3 71 0 38 0 0 37 4 0 0 0 0 0 0 4 0 0 2 0 0 41 0 0 6 9 0 0 29 0 0 20 8 0 26 0 60 7 38 0 0 76 7 21 0 0 10 0 0 0 86 28 0 0 53 0 0 0 0 0 0 0 0 0 0 51 0 0 0 12 0 0 0 0 65 51 48 0 36 6 30 0 0 5 0 22 18 3 0 17 0 0 0 0 17 0 21 0 18 0 0 34 0 0 11 36 11 0 4 0 0 35 0 0 21 21 17 19 0 2 29 0 89 0 0 0 43 28 55 19 0 0 63 0 0 0 0 27 0 0 0 9 21 0 10 0 31 17 49 0 26 0 0 2 0 22 0 0 0 0 0 21 0 0 0 0 0 0 74 22 0 5 11 14 0 0 0 0 0 12 16 0 1 0 0 0
 0 9 0 0 75 0 0 12 0 0 0 0 9 0 0 0 0 25 38 37 0 40 21 0 0 0 6 0 11 41 0 0 5 0 0 0 0 16 6 0 0 0 0 27 1 0 48 19 16 0 46 0 0 19 0 41 0 35 18 0 0 0 0 0 0 19 17 0 46 28 0 0 0 0 38 8 2 0 19 0 0 0 0 7 0 0 10 0 3 19 32 0 0 0 0 0 0 6 0 0 0 25 0 82 0 8 0 15 7 0 1 0 45 0 4 0 15 0 0 0 0 0 0 0 0 14 0 33 0 0 0 0 0 0 0 0 0 36 0 0 34 0 26 0 0 0 58 0 0 0 0 0 0 0 0 22 0 0 0 0 87 21 41 14 0 22 0 0 9 0 0 0 33 0 0 84 0 0 0 35 22 0 53 33 27 0 0 1 0 0 1 0 0 30 0 0 6 11 19 0
 73 0 34 82 29 65 17 0 37 0 54 0 27 21 18 35 80 3 0 0 44 9 0 14 40 50 0 12 0 0 7 62 0 90 32 68 0 0 70 32 35 97 33 3 68 0 83 76 0 74 25 69 32 0 81 85 51 0 90 28 0 19 0 0 0 0 42 28 69 41 45 89 4 15 21 13 61 0 47 39 47 0 0 44 59 10 62 41 14 0 65 80 37 6 0 25 67 36 34 0 0 17 75 48 43 13 0 64 0 0 0 11 58 0 69 0 10 0 72 0 28 33 20 94 25 0 30 41 70 95 88 0 0 19 0 11 0 8 0 34 0 0 38 39 66 39 0 26 24 0 85 58 61 56 0 22 0 34 82 7 26 6 68 50 10 70 0 7 7 0 15 70 72 19 39 78 0 32 9 0 38 52 3 0 40 69 30 79 0 73 68 49 77 0 50 0 50 7 69 74
 0 0 0 0 11 0 0 0 0 0 0 0 0 0 0 2 0 24 0 24 0 48 66 28 0 0 0 19 0 11 0 0 24 0 0 91 0 0 0 0 17 27 0 31 4 0 0 0 79 0 43 0 0 0 64 37 0 0 24 0 0 8 0 0 69 34 0 0 71 21 0 0 32 17 0 0 0 0 0 44 52 0 21 0 0 16 10 0 40 0 62 16 91 0 0 0 0 67 0 17 10 64 14 75 25 0 53 67 6 0 0 29 50 0 0 0 0 0 13 0 0 5 52 0 0 0 12 16 6 0 0 0 0 68 75 0 0 97 0 0 0 0 0 0 16 0 0 34 0 37 74 0 18 24 0 0 0 25 0 0 56 0 34 7 0 0 26 39 0 0 0 0 36 0 0 53 0 0 0 5 0 0 27 0 0 2 0 6 11 0 0 27 0 0 0 0 0 0 77 0
 0 0 7 0 0 0 0 79 6 0 32 0 18 0 0 63 0 8 0 0 6 40 90 9 31 19 96 7 0 8 17 65 2 23 0 39 0 0 0 58 0 0 0 16 22 0 16 58 21 0 90 0 0 0 20 24 0 55 0 0 0 0 0 0 10 57 0 10 35 0 0 66 12 0 0 0 0 0 0 0 0 0 0 0 1 0 38 0 68 24 0 18 44 0 69 0 34 0 41 0 0 33 0 0 0 65 57 90 0 0 0 0 14 0 11 0 0 55 58 0 0 0 92 10 0 0 53 11 91 50 39 5 5 38 68 61 82 0 10 0 0 0 0 33 0 47 8 51 0 6 58 61 17 0 0 21 0 13 23 0 64 0 0 0 0 0 0 15 0 5 0 0 31 0 0 34 0 0 0 0 1 0 56 25 19 0 1 0 0 0 0 0 14 0 0 0 0 0 24 0
 16 0 0 0 17 7 0 0 9 0 0 0 0 0 0 0 0 0 59 0 0 0 0 0 0 0 0 0 0 0 25 2 0 1 18 0 0 0 0 0 33 0 0 22 0 0 69 0 13 0 0 0 0 0 0 41 0 31 9 0 0 0 0 0 42 21 0 4 60 82 0 0 0 0 0 0 0 0 0 18 0 0 0 0 0 0 0 0 0 22 0 6 73 0 79 0 0 0 0 0 0 20 26 25 0 48 22 0 0 0 0 56 25 0 0 2 2 0 45 0 0 0 0 15 0 7 18 0 0 23 18 0 0 15 43 0 38 0 0 0 0 0 16 0 32 5 75 0 5 0 0 0 0 57 0 25 0 0 0 0 2 0 74 0 0 0 16 0 0 0 0 52 0 0 6 0 8 6 0 0 0 0 18 10 0 0 0 0 0 0 0 0 0 5 0 0 20 0 27 5
 22 0 0 0 0 36 32 0 41 0 40 0 65 0 0 38 0 81 0 0 0 2 72 95 13 0 68 65 11 0 99 71 76 71 63 37 0 98 42 73 61 0 0 61 32 0 27 0 30 48 67 17 46 0 14 81 0 52 0 0 0 64 0 0 7 0 5 43 56 14 14 9 85 0 0 0 69 0 33 58 65 0 10 31 31 0 0 49 31 15 0 4 0 0 46 77 50 75 10 0 0 54 7 7 0 52 0 0 30 0 0 17 32 0 23 20 0 30 17 0 37 0 0 0 11 64 46 43 26 10 88 20 57 0 73 47 0 0 35 0 71 0 58 12 43 22 32 15 0 0 0 0 34 56 40 73 0 14 33 0 47 0 18 36 0 0 58 21 35 1 37 10 80 0 5 0 48 0 0 0 0 0 70 43 0 3 10 0 26 0 34 76 42 0 0 0 0 66 18 0
 43 0 0 0 60 14 50 6 10 63 68 0 59 11 0 4 45 76 13 0 3 0 49 18 35 0 78 1 46 78 69 67 63 46 58 49 0 19 58 0 38 32 0 4 3 46 0 68 51 17 44 0 74 0 82 86 0 16 0 0 15 25 0 0 0 0 9 13 42 21 0 49 50 97 2 0 86 83 0 30 0 0 5 0 17 60 15 56 5 0 0 0 46 0 68 0 28 0 89 0 0 50 8 36 17 73 0 37 30 0 0 0 64 0 11 27 0 79 57 0 13 50 22 0 0 7 0 22 86 39 75 62 87 65 0 11 63 41 18 11 0 0 19 0 43 78 40 0 0 0 0 0 63 0 47 0 46 46 3 6 53 0 14 28 0 40 75 63 62 8 48 0 0 0 63 36 0 50 0 0 53 0 47 60 0 58 0 76 0 2 0 25 13 20 0 0 0 34 56 69
 0 0 0 25 73 32 0 64 27 6 34 0 0 7 0 0 14 0 44 0 0 12 34 4 74 13 0 0 0 0 0 33 30 0 0 0 12 0 0 35 0 0 0 6 0 0 42 0 47 0 39 0 0 0 9 77 0 0 0 0 0 12 0 0 28 47 0 0 0 41 70 65 12 35 0 0 0 6 0 0 39 0 53 0 0 14 33 0 10 0 79 0 12 5 85 0 0 44 6 0 14 46 0 11 0 0 38 0 4 0 0 0 32 17 0 0 38 0 0 26 38 5 0 0 0 0 25 93 0 29 0 0 0 47 39 0 14 6 29 7 0 0 35 41 31 99 0 77 0 0 58 28 0 33 35 0 15 0 0 0 63 0 0 0 9 0 41 62 35 0 0 37 57 16 0 0 0 0 0 0 0 0 2 0 1 0 0 15 24 0 0 9 35 0 0 0 0 0 45 0
 0 0 1 0 0 0 7 0 0 0 30 0 16 0 0 0 34 0 62 0 4 0 48 0 0 19 61 38 36 24 0 64 0 0 14 11 0 0 0 22 44 0 0 48 10 10 4 14 0 0 52 0 0 0 0 19 55 57 0 0 6 19 0 0 0 71 24 7 0 0 4 0 25 0 19 7 12 0 1 0 76 0 0 0 0 0 0 0 28 59 13 3 0 0 78 0 0 62 0 3 0 60 84 0 0 0 0 0 0 0 0 53 0 0 0 0 0 64 52 0 0 0 0 0 27 0 0 0 0 0 0 0 20 67 44 61 32 73 0 0 12 0 15 29 0 0 59 23 0 0 12 67 31 37 0 15 39 0 0 0 19 11 1 0 0 0 0 22 0 0 0 84 78 0 0 35 1 0 0 0 0 28 47 1 0 0 0 34 0 0 6 0 0 0 1 0 0 0 0 0
 0 6 0 12 69 0 23 0 0 29 0 0 7 0 0 0 0 0 77 39 0 67 0 5 0 0 0 0 0 0 0 0 0 0 1 4 0 0 0 51 0 0 3 0 0 0 41 0 0 0 15 0 0 0 0 26 10 27 0 0 0 0 0 0 0 7 0 0 34 7 0 36 0 0 28 0 0 14 0 10 0 0 34 29 0 0 10 27 0 0 0 0 40 0 0 0 0 0 0 0 0 1 32 0 3 66 0 0 0 0 0 14 0 0 0 0 0 6 0 0 0 0 11 0 0 0 35 0 0 0 0 14 0 0 36 28 28 0 0 0 0 0 45 8 0 0 0 0 0 0 0 0 0 24 34 11 0 0 0 24 1 0 85 0 0 0 1 0 11 0 0 0 0 0 3 0 0 0 25 0 0 0 12 0 0 5 0 0 0 0 0 0 0 0 0 0 0 0 0 11
 0 0 0 0 28 0 0 18 0 2 0 0 0 0 0 0 84 0 90 32 22 0 42 0 0 0 12 0 0 0 0 44 28 0 0 0 0 0 0 0 10 0 0 10 0 0 6 0 74 0 5 0 0 0 0 0 0 22 0 0 0 0 4 0 49 26 0 0 3 33 0 0 17 0 0 4 13 0 5 0 0 0 0 0 0 0 0 0 25 0 94 0 54 0 13 11 0 21 0 0 0 0 15 15 0 19 19 3 0 9 0 0 0 10 0 0 0 0 8 0 0 0 53 0 0 23 24 46 0 0 0 0 0 26 81 18 0 0 0 5 4 0 80 2 8 0 26 0 0 4 15 19 0 85 0 0 15 0 0 0 18 0 58 0 0 0 0 0 0 0 0 13 0 0 11 32 0 0 0 0 0 0 63 0 0 5 0 60 0 0 9 0 0 0 0 0 0 14 0 0
 0 10 0 0 64 0 0 30 0 0 28 0 31 76 0 9 7 0 32 35 0 0 0 64 7 23 5 0 0 18 0 82 31 14 0 36 0 26 0 49 61 12 0 22 0 18 56 7 74 0 0 13 19 0 15 0 50 20 0 0 8 0 13 0 0 0 8 0 3 49 0 0 0 67 9 0 0 0 9 55 28 0 0 34 0 0 35 1 12 9 12 1 21 0 79 0 0 39 0 17 0 74 0 33 0 59 40 44 0 0 0 66 13 0 0 0 0 0 41 0 41 0 0 0 0 0 76 25 60 0 0 38 0 0 21 19 40 0 14 4 0 0 0 40 0 0 60 30 0 0 48 32 8 0 0 38 35 0 0 0 72 0 0 0 0 0 24 34 0 0 0 43 79 7 0 86 9 0 0 0 0 0 68 0 0 0 0 3 4 0 11 83 0 0 0 0 8 0 5 0
 0 0 0 0 42 3 0 0 0 0 0 0 0 16 0 0 56 17 0 4 0 0 0 11 0 0 15 0 0 78 0 32 18 0 1 30 0 0 0 0 0 0 26 81 0 0 72 0 56 0 20 0 5 0 0 7 35 0 0 0 0 0 0 0 0 28 0 0 61 2 0 0 14 0 0 0 0 0 0 19 2 0 10 0 0 0 4 0 0 30 25 0 2 0 87 0 0 68 8 0 0 34 64 45 25 71 38 0 34 0 2 48 0 0 0 16 0 0 48 0 9 0 0 0 0 18 7 55 25 4 0 0 0 60 41 16 0 0 0 27 53 0 58 0 0 0 0 0 12 22 0 90 0 94 0 0 0 0 3 0 2 0 38 0 15 0 0 0 28 0 0 60 0 0 0 0 0 11 0 5 0 4 5 12 0 0 31 40 11 0 0 1 0 0 0 0 0 0 19 0
 0 0 0 0 30 0 0 0 0 0 0 32 0 0 0 0 0 0 89 0 0 21 7 14 0 33 0 0 0 0 3 0 30 0 0 48 0 0 0 54 0 32 0 11 0 0 0 0 20 0 0 0 0 27 0 0 0 0 35 0 0 0 0 0 31 59 0 24 0 56 0 0 0 0 0 0 0 0 38 92 61 0 0 15 0 0 0 25 48 21 3 0 0 0 10 0 0 0 0 0 0 0 36 51 1 0 47 0 0 0 0 0 0 0 14 0 0 0 60 27 31 0 18 0 0 24 17 0 55 0 2 0 0 50 67 0 0 0 0 19 7 0 56 0 0 19 45 5 0 0 0 55 27 0 18 14 0 0 0 0 20 0 0 0 0 0 0 24 19 0 0 24 0 0 0 75 0 0 9 0 3 0 0 0 24 0 0 2 0 0 0 0 0 9 0 0 0 0 31 0
 30 0 0 5 3 0 0 20 0 59 15 0 0 0 0 22 52 85 57 22 19 60 0 65 0 0 13 0 0 56 83 42 59 58 58 1 0 75 52 3 3 0 0 9 0 52 61 55 15 29 83 0 59 0 0 14 0 0 0 68 0 68 0 0 48 46 69 0 0 22 66 0 63 71 0 0 24 10 0 15 0 0 0 60 23 98 0 34 0 0 44 0 46 0 55 12 59 17 38 11 0 30 27 43 0 38 14 0 15 0 0 26 79 0 33 23 15 54 63 15 75 0 45 0 0 52 0 21 1 26 56 60 0 19 18 0 0 37 55 0 60 66 0 0 0 39 22 60 0 5 0 0 3 68 27 45 0 0 0 0 56 0 44 16 0 35 40 17 65 0 72 31 66 0 83 31 84 0 16 0 0 0 21 43 0 0 28 29 0 15 67 11 0 5 77 0 0 39 93 78
 0 0 0 0 46 0 0 0 0 0 21 0 0 0 0 10 97 0 25 14 0 72 0 0 0 0 16 0 0 0 0 33 0 0 0 0 0 0 12 51 0 0 0 0 0 14 4 0 0 0 14 10 0 0 0 2 0 0 0 0 0 0 0 20 94 0 0 0 0 0 0 0 24 0 0 0 0 12 20 0 0 0 19 0 19 0 0 0 0 24 0 0 24 0 56 25 0 53 0 0 11 0 22 50 0 3 57 0 0 1 0 2 32 0 0 0 21 0 48 0 0 0 0 3 0 0 0 33 0 18 0 0 0 0 45 0 0 0 0 0 0 0 6 0 0 0 5 0 0 0 0 38 0 0 0 0 0 0 0 0 4 0 0 0 0 0 0 0 6 0 0 0 0 0 0 29 0 0 0 0 0 0 32 0 2 0 0 0 13 0 3 0 0 0 15 0 0 7 43 0
 0 0 0 0 0 9 0 0 0 0 0 0 18 0 0 7 1 0 0 5 0 0 0 0 0 0 8 0 0 30 0 20 27 0 0 41 14 36 0 0 3 23 0 0 0 15 0 0 0 0 0 33 13 38 0 0 0 0 2 0 0 16 1 23 0 11 0 9 48 14 0 11 0 0 0 0 0 0 11 0 0 0 0 22 0 4 37 0 0 0 0 0 0 0 15 0 15 93 18 31 4 0 0 6 24 0 0 0 0 0 13 0 67 0 0 0 16 0 39 21 0 0 0 0 7 0 0 0 0 0 0 0 0 0 0 16 0 0 0 0 0 0 0 0 0 0 0 15 33 0 0 0 0 0 0 25 37 32 22 26 0 0 64 9 36 0 0 0 8 0 0 0 0 0 0 23 0 0 0 16 25 0 20 0 0 0 0 0 0 0 1 0 28 0 0 0 0 5 15 0
 0 0 2 0 53 0 0 0 0 0 28 0 0 51 0 0 0 0 36 17 0 53 73 0 4 0 28 0 29 0 36 69 0 0 34 25 0 0 0 20 0 0 0 94 0 0 36 0 67 7 31 14 0 0 57 38 14 50 0 0 0 0 0 0 32 0 18 0 0 44 0 0 0 0 4 0 15 22 0 3 60 0 43 0 0 9 9 0 27 71 0 0 0 0 0 16 0 51 7 35 0 68 9 14 0 0 0 0 0 0 0 0 24 0 0 0 22 46 55 0 30 0 8 0 0 7 0 0 0 0 0 24 12 64 0 0 0 43 61 3 84 0 81 23 0 16 2 0 0 0 36 0 5 73 33 14 64 16 0 0 0 7 13 0 0 0 0 44 0 0 24 0 59 1 0 86 36 11 0 17 0 0 38 0 25 0 0 72 7 0 0 19 9 0 0 0 0 0 0 0
 0 0 8 0 16 0 35 0 0 0 0 15 0 27 7 0 24 0 57 0 20 0 0 0 0 2 0 0 0 17 0 6 0 0 20 18 0 0 0 12 12 0 0 45 13 0 0 8 62 0 41 0 0 0 2 54 0 0 0 14 0 16 0 0 51 47 0 0 0 3 0 36 0 0 0 25 0 0 0 13 65 0 0 0 7 31 0 0 55 3 94 0 0 0 26 3 24 35 23 0 6 2 14 0 0 8 0 8 18 0 0 0 74 0 36 28 17 0 7 16 0 0 0 6 0 0 0 0 62 0 12 16 15 15 42 8 0 0 0 0 73 0 32 0 0 0 41 0 30 8 0 9 0 0 0 0 27 0 14 0 0 0 78 29 0 0 0 0 0 0 0 0 0 9 0 12 0 0 0 0 0 0 62 0 18 0 0 0 0 15 0 28 0 0 0 0 5 12 0 0
 0 0 0 0 0 0 0 0 0 0 0 0 0 67 0 13 64 0 14 0 0 0 13 20 0 0 0 0 0 0 0 4 25 0 0 75 7 0 12 0 36 0 14 20 0 0 9 0 34 34 0 0 0 7 0 68 45 30 0 0 0 30 0 0 35 22 0 0 49 77 0 0 0 1 17 10 0 23 0 37 24 0 39 0 0 13 0 0 0 0 0 0 65 0 10 0 0 6 0 2 0 69 3 0 7 0 24 0 0 0 7 71 12 0 12 0 0 12 0 0 0 37 44 27 0 0 0 48 50 22 83 51 0 40 37 0 0 0 0 0 0 39 0 0 2 0 67 0 0 18 0 0 0 30 0 0 0 0 0 0 61 0 70 0 0 0 0 27 0 0 0 26 34 0 37 0 32 15 39 0 0 0 0 38 0 0 0 66 0 12 0 0 24 0 29 12 0 0 6 28
 0 21 0 0 83 1 0 16 0 22 13 0 0 41 5 0 0 20 69 1 0 0 68 4 0 0 56 0 0 6 0 29 31 19 0 37 0 0 16 94 0 10 0 14 0 0 0 61 86 0 57 0 49 0 45 26 0 0 11 0 0 0 0 0 60 66 0 0 0 6 5 0 0 0 0 21 8 0 0 0 72 0 50 0 0 0 18 0 0 10 53 0 12 0 27 22 0 73 0 0 0 9 39 32 0 0 39 49 0 0 0 0 22 0 0 0 0 50 0 30 33 0 56 0 0 0 16 24 72 0 55 26 0 19 7 0 39 29 0 0 44 0 17 0 0 0 0 0 0 18 63 29 34 35 0 5 3 0 0 0 0 0 24 4 0 21 0 57 0 0 17 0 67 0 0 7 0 0 0 15 0 0 22 0 0 0 0 42 0 0 0 30 13 0 0 0 3 0 38 0
 51 37 1 72 17 77 38 61 36 0 0 14 43 0 0 67 46 39 63 13 80 36 0 21 43 37 87 0 50 0 2 54 19 47 60 65 26 16 36 8 17 0 0 20 25 9 64 13 20 55 14 32 48 10 22 92 91 24 65 73 0 18 13 78 20 25 37 60 12 0 3 66 0 65 77 0 38 2 91 21 14 78 88 0 57 45 64 2 1 69 55 83 2 1 0 9 0 26 0 0 0 6 0 0 14 0 14 33 57 0 4 90 2 0 73 0 45 83 26 0 21 34 68 0 0 0 23 69 0 0 0 0 8 40 36 0 17 18 34 0 0 11 0 48 0 39 30 31 84 7 0 8 67 13 21 85 69 33 43 18 65 69 0 0 69 0 59 79 10 0 14 5 24 55 59 0 95 36 0 4 36 9 17 29 0 47 0 0 0 10 54 30 1 91 30 67 38 87 24 41
 0 20 13 0 32 0 0 0 17 19 0 0 0 0 0 0 13 29 16 18 0 0 65 27 0 32 0 0 23 9 0 65 13 0 0 36 12 2 0 70 0 0 0 0 1 0 76 0 0 0 7 0 0 0 0 4 0 36 27 0 0 0 0 0 77 74 0 27 0 71 0 31 0 0 25 3 0 7 0 18 0 0 0 0 0 0 0 0 4 0 0 0 36 0 49 0 19 70 0 0 23 0 0 10 10 67 61 2 0 0 10 0 0 19 13 0 30 0 0 5 32 36 39 0 0 30 0 0 0 1 0 0 0 28 34 0 0 12 0 17 0 35 16 7 0 0 30 0 0 0 0 50 0 26 0 0 0 0 0 0 39 0 85 5 8 0 3 31 0 0 0 72 0 0 0 0 0 20 23 7 0 0 0 0 0 25 0 48 18 13 18 0 0 0 26 0 0 0 0 0
 0 0 0 0 22 0 36 0 0 0 8 0 0 4 0 42 0 18 0 0 0 68 55 0 0 0 22 0 0 12 1 75 0 10 0 58 0 1 0 56 0 0 0 44 0 0 0 15 76 0 20 0 0 4 0 41 33 22 69 18 0 0 0 0 44 48 0 16 25 84 0 37 77 83 0 0 0 0 0 40 53 0 0 0 65 0 7 21 54 44 0 0 0 0 44 0 6 28 15 0 0 86 0 16 0 4 43 69 0 15 0 0 31 14 0 0 0 0 59 3 96 37 9 3 21 80 73 78 46 14 21 47 0 16 8 72 53 0 34 0 0 0 36 0 4 14 0 71 0 0 17 0 13 20 27 0 22 3 0 0 63 8 50 0 0 76 0 32 58 28 0 0 69 34 0 88 0 0 0 0 0 0 0 65 5 0 0 86 0 0 69 25 25 18 0 0 39 0 16 34
 12 0 0 0 58 0 0 0 0 12 0 0 0 0 0 0 45 0 37 17 0 0 3 0 0 0 0 0 0 59 4 53 0 0 0 41 0 0 0 44 0 0 0 0 8 0 0 0 0 0 44 0 39 0 0 0 21 0 0 0 0 1 0 0 0 30 0 0 0 0 0 0 0 0 37 0 0 0 0 0 0 0 0 0 0 0 36 0 0 0 0 0 2 27 0 0 2 57 2 0 0 0 0 0 0 16 12 11 0 39 38 39 2 5 0 5 0 0 0 0 24 18 0 0 0 0 0 0 0 1 0 0 3 0 62 0 0 3 0 6 0 0 0 0 0 0 0 0 0 0 0 0 0 21 0 0 9 0 38 0 30 0 2 0 0 0 0 0 0 0 0 0 30 33 0 89 0 0 0 0 0 0 6 0 0 19 0 0 0 0 0 0 4 0 0 0 25 0 0 0
 0 0 1 0 0 0 0 0 0 0 0 0 7 1 34 71 48 0 0 0 0 15 59 0 0 0 0 0 0 0 0 0 6 0 0 75 0 0 0 59 0 0 0 17 0 0 0 72 0 0 5 0 0 25 53 60 30 0 0 17 0 0 0 0 17 40 0 0 76 75 0 0 0 3 10 0 0 0 0 0 4 0 0 0 0 30 0 0 0 0 31 0 77 0 0 10 0 29 21 0 0 20 52 56 0 5 61 85 0 0 0 0 49 0 0 0 16 0 91 0 35 0 82 0 6 0 0 0 0 0 60 73 16 69 50 0 48 58 33 0 0 1 20 0 20 0 0 0 5 3 0 82 44 0 0 0 35 0 0 0 6 0 67 30 0 0 0 54 0 0 0 0 0 1 0 34 0 0 0 0 0 0 0 0 37 0 30 0 16 0 14 0 0 0 0 0 7 0 43 19
 4 0 0 0 0 59 0 0 53 56 0 0 6 18 0 44 2 65 0 7 34 0 27 46 75 0 36 12 0 0 70 77 60 14 0 0 0 0 32 42 84 39 0 4 33 30 39 50 0 17 16 0 27 0 7 6 0 60 52 0 0 49 0 0 43 0 62 0 56 59 0 46 0 7 0 0 3 0 0 46 0 0 19 9 0 0 37 0 58 80 54 0 39 31 26 62 53 0 0 0 20 23 33 0 0 0 6 0 14 0 0 18 38 6 53 0 0 83 11 0 0 0 0 0 0 0 29 31 0 71 35 11 15 6 93 43 28 0 21 39 64 0 14 0 0 89 0 73 0 0 0 49 36 46 43 48 0 0 0 0 2 0 29 0 33 91 68 82 0 0 71 0 72 25 46 65 43 39 0 0 0 0 27 55 0 38 0 2 0 86 9 8 12 0 0 0 0 75 20 61
 0 0 0 0 33 0 0 97 2 10 38 0 0 51 0 0 82 0 0 0 0 33 0 88 0 0 56 12 0 0 0 18 46 0 0 40 20 0 0 79 0 0 0 27 0 0 35 3 0 0 58 0 0 28 28 6 15 65 0 4 0 0 0 0 18 62 0 0 38 0 0 0 0 20 0 0 0 0 0 0 85 0 0 5 0 0 39 0 56 11 0 3 23 0 49 0 0 33 0 0 10 57 85 17 0 39 52 0 24 0 32 48 35 0 0 0 0 2 35 0 43 0 0 0 0 0 48 86 42 20 5 0 0 25 25 0 80 31 74 0 61 0 64 26 0 0 57 1 0 0 9 0 34 41 8 66 7 0 7 0 66 0 0 20 0 0 0 0 0 0 0 60 23 34 0 0 0 23 0 0 0 0 74 0 16 8 0 35 0 0 0 0 8 0 0 0 0 0 0 0
 0 0 17 0 65 0 0 0 37 0 5 0 0 0 0 3 22 0 0 0 0 38 21 36 0 32 0 0 0 0 0 20 0 0 18 54 0 0 0 73 0 19 0 0 0 0 35 0 8 0 0 0 26 0 0 0 0 0 0 0 0 0 0 0 11 0 0 0 19 0 0 0 0 0 0 1 0 0 30 0 0 0 0 31 0 0 0 0 13 8 0 0 57 0 0 0 0 0 0 0 0 0 0 9 0 9 0 0 0 0 0 84 98 17 0 0 18 0 0 11 8 0 0 0 0 7 0 0 0 0 12 0 0 0 84 0 0 0 30 0 0 19 8 29 3 0 0 0 0 0 0 0 29 1 0 14 0 0 14 0 0 0 15 0 32 5 0 0 0 0 0 0 0 0 0 24 25 0 0 0 0 0 0 0 0 0 0 0 19 0 0 16 0 26 0 0 0 0 0 19
 0 7 0 0 0 0 0 1 39 0 0 0 17 84 0 0 46 0 87 0 0 0 74 0 26 21 37 4 22 58 0 5 0 0 0 0 27 2 0 57 0 0 0 17 0 19 29 30 77 19 0 22 76 13 65 0 44 4 0 0 0 0 10 8 61 48 37 37 0 96 0 0 2 0 0 0 0 1 0 71 15 0 0 0 0 8 0 0 15 22 0 11 2 21 5 0 14 61 0 0 0 35 22 4 0 75 0 0 0 16 0 0 18 0 0 0 0 24 33 0 0 0 49 0 16 0 0 15 76 0 12 0 0 48 0 68 6 60 40 0 48 0 58 30 0 0 11 0 5 34 68 58 0 76 0 4 24 0 0 0 96 17 28 0 37 0 0 36 0 0 27 59 83 0 0 0 0 0 0 27 17 34 71 0 0 25 0 0 0 0 0 63 0 0 0 0 0 0 83 33
 32 0 0 66 36 83 60 13 0 86 24 0 0 0 0 51 0 55 0 33 22 33 0 77 39 45 6 0 83 31 0 35 58 0 0 0 0 77 73 0 67 0 0 81 0 0 13 6 40 62 63 45 32 16 0 57 11 20 4 18 0 0 62 0 4 36 0 26 21 47 24 50 0 5 44 0 62 20 9 0 0 41 0 0 66 52 0 8 95 52 40 65 54 58 69 25 58 0 27 0 0 73 63 63 71 67 27 0 18 0 0 33 0 76 0 0 0 71 46 0 49 38 0 39 16 31 76 33 7 56 0 27 45 32 0 72 0 63 12 0 47 88 87 0 21 21 16 0 0 57 78 67 27 0 63 56 3 92 13 10 0 31 74 44 0 59 39 70 0 0 3 8 19 0 65 0 69 0 0 18 35 46 0 71 49 0 50 0 0 12 8 0 3 11 42 0 48 0 34 0
 64 41 4 0 0 15 0 29 35 0 60 0 53 44 0 50 45 73 36 29 24 70 13 25 31 61 15 16 59 78 18 1 21 0 68 28 3 33 0 29 48 0 0 0 85 58 68 27 23 49 51 54 4 98 3 13 33 28 0 25 36 44 0 0 90 42 0 69 56 7 0 45 7 55 8 0 17 28 46 0 73 51 43 0 0 0 78 70 54 8 0 8 35 8 18 1 0 50 94 0 35 12 43 62 0 80 0 61 19 37 23 0 0 53 24 0 0 51 32 27 0 0 15 85 48 5 73 32 0 33 0 34 0 6 17 28 0 0 0 0 73 27 23 0 36 0 52 0 0 0 46 45 0 34 14 23 0 59 0 59 41 29 53 69 0 74 34 22 16 11 29 36 0 0 3 88 67 0 0 0 49 35 25 73 9 61 62 80 0 0 0 34 26 58 0 0 71 0 43 10
 0 0 0 13 34 0 0 0 20 8 20 0 18 67 0 15 73 0 0 0 0 60 65 0 0 1 22 0 0 3 0 46 0 0 0 2 0 0 0 48 0 0 0 0 0 0 0 0 39 0 12 0 0 0 0 0 74 0 0 8 0 0 0 0 71 10 0 5 89 2 0 0 0 30 35 0 0 0 0 2 52 0 4 21 0 30 21 0 18 70 6 0 81 0 74 0 0 0 0 0 0 12 32 0 32 0 25 16 6 0 0 52 3 0 9 11 0 8 3 0 0 0 13 1 3 0 0 8 0 0 96 33 3 93 60 0 20 28 0 8 99 0 96 2 11 0 50 0 0 0 0 54 0 19 8 0 0 0 0 0 32 0 13 0 0 0 0 19 0 0 0 45 0 0 1 36 0 37 24 0 0 0 36 0 0 19 0 53 25 0 0 2 0 0 0 0 0 0 72 0
 10 0 0 0 0 17 0 19 31 0 0 5 10 11 0 0 0 3 0 21 6 20 0 0 0 0 0 0 15 0 0 0 0 0 0 14 0 16 4 0 0 0 0 18 0 0 24 0 0 0 0 0 0 0 0 50 0 38 0 16 0 0 0 0 0 51 13 0 39 22 1 0 0 11 0 0 17 0 0 47 11 0 0 0 0 0 0 1 0 0 0 0 0 0 7 0 0 0 0 19 5 14 0 40 0 30 0 0 0 14 0 30 13 0 0 0 0 0 95 0 36 0 1 18 9 0 0 67 0 0 0 0 3 0 62 16 0 36 0 0 0 3 69 0 0 19 64 0 0 0 0 0 0 30 0 0 0 0 0 0 67 6 0 0 0 0 0 0 0 12 0 0 0 0 9 0 0 0 0 0 0 0 30 0 0 0 0 0 0 0 0 0 0 0 14 0 0 0 72 0
 0 0 0 0 16 0 0 0 0 0 73 0 13 0 0 12 20 12 13 0 0 71 0 0 0 5 0 0 13 57 20 0 4 0 0 0 0 0 0 0 0 0 14 82 0 0 10 62 31 0 0 9 43 0 14 0 38 1 0 0 18 0 0 27 22 69 0 0 74 33 0 0 0 20 0 0 0 0 0 59 13 0 76 0 0 0 0 0 8 36 10 0 0 0 47 20 0 0 3 0 0 25 88 48 0 0 0 0 0 0 0 13 12 0 22 0 0 88 43 0 0 0 49 0 0 15 0 44 54 0 42 0 0 37 81 0 59 61 0 0 60 0 31 0 0 0 0 1 0 30 42 57 0 79 0 0 0 7 23 0 45 0 4 0 0 0 0 73 16 15 0 0 49 0 32 46 0 0 0 0 0 12 25 2 0 10 6 0 18 0 5 0 0 26 10 0 0 13 26 15
 0 0 0 0 16 0 0 8 0 0 0 0 0 0 0 18 0 37 78 0 0 16 91 0 0 0 8 0 14 48 0 19 21 0 0 70 21 11 0 46 14 24 6 0 27 0 43 0 0 0 0 0 0 23 0 0 0 0 0 0 0 0 19 0 0 37 0 0 0 49 0 0 0 0 0 28 27 0 0 0 0 0 0 0 0 0 33 23 2 10 39 32 5 0 0 0 0 48 0 30 0 0 29 0 31 57 36 0 0 0 4 90 34 0 0 0 0 38 42 0 0 27 0 0 36 0 0 0 0 9 0 35 0 15 17 0 24 0 0 0 0 0 0 0 0 0 0 0 1 0 0 0 0 0 0 0 0 0 0 10 0 0 74 0 8 0 0 3 26 0 0 17 0 0 0 43 0 4 0 0 27 0 21 0 0 0 29 11 26 0 0 0 29 0 0 0 0 0 7 4
 4 0 0 0 0 0 59 80 0 59 27 0 0 20 0 20 35 26 19 0 43 39 81 52 26 0 35 24 0 63 0 39 9 24 0 0 2 0 0 18 33 0 0 0 0 77 59 57 69 59 0 0 0 0 19 8 14 0 17 0 0 34 35 0 34 28 0 0 0 0 0 37 0 0 0 0 0 53 0 16 93 4 64 5 59 7 0 90 34 63 4 0 11 0 4 0 0 0 0 14 0 21 99 88 0 40 54 43 53 0 24 1 45 3 61 45 0 32 74 7 10 79 46 0 0 0 81 0 20 55 79 0 0 8 2 0 84 52 61 0 85 0 41 1 0 0 13 19 0 0 0 31 67 31 0 97 6 0 0 10 31 0 54 0 8 37 70 21 55 0 71 75 0 0 0 54 0 20 0 0 15 0 77 0 0 70 0 32 0 11 55 40 0 38 0 0 11 17 74 51
 5 0 0 12 50 0 0 0 0 0 32 21 0 53 33 67 31 0 37 0 0 61 6 0 73 0 79 15 0 0 0 17 65 0 0 0 0 0 0 17 0 0 0 64 0 0 0 27 26 7 20 15 7 0 0 53 0 44 0 1 0 0 0 2 14 66 0 0 78 24 0 0 0 0 0 23 14 12 0 59 44 0 25 0 0 0 0 0 22 59 60 0 13 15 93 0 0 0 0 0 18 53 0 5 0 0 0 65 0 0 0 11 0 0 0 0 0 0 0 0 44 0 0 0 18 7 0 0 48 0 31 0 0 63 0 0 14 58 0 0 81 1 41 28 0 0 0 0 0 0 61 27 23 36 0 0 31 0 0 0 29 0 12 0 0 0 0 28 0 0 0 63 66 0 0 33 0 0 25 0 0 0 0 0 0 0 34 0 0 26 0 40 0 21 0 0 3 0 0 0
 0 0 0 0 39 0 0 0 2 0 0 25 0 22 0 26 0 36 45 0 13 0 38 0 0 0 76 0 0 57 37 8 0 0 7 45 0 0 0 43 0 10 0 5 19 0 53 25 0 0 22 0 67 13 85 0 52 0 0 0 0 0 0 0 0 38 0 0 0 32 18 0 0 0 0 14 0 10 0 0 9 4 0 0 0 0 44 7 0 72 0 0 22 0 88 27 0 60 0 0 0 0 4 59 5 0 71 65 0 0 6 60 59 0 0 0 0 0 0 0 38 4 15 27 0 0 0 45 0 0 48 51 3 75 0 0 0 76 0 0 50 0 0 0 26 0 85 0 0 33 89 12 26 34 0 0 0 7 24 0 33 6 41 31 29 0 0 64 0 21 0 87 80 0 0 32 25 0 20 0 0 0 29 0 0 0 12 0 0 0 4 55 0 0 0 19 8 2 0 0
 0 0 13 10 45 0 0 0 5 0 0 0 0 35 0 67 85 0 0 0 0 0 58 0 69 0 46 0 13 3 0 36 53 0 16 67 5 0 0 0 18 14 8 0 0 0 50 84 85 0 0 0 34 0 70 0 0 62 0 0 0 0 0 0 0 23 30 0 76 10 0 37 0 62 8 0 0 0 0 50 44 0 87 20 0 0 50 0 4 11 66 0 43 22 75 0 0 0 0 0 0 79 9 0 0 13 0 7 29 5 0 83 62 0 0 0 0 66 0 0 0 0 22 0 0 6 26 39 6 69 8 49 15 37 0 0 15 0 69 0 55 0 57 39 31 22 56 77 0 0 78 3 0 7 10 55 0 0 0 33 49 0 56 8 0 0 0 77 5 0 0 33 52 0 11 28 0 0 0 18 9 0 83 0 0 0 0 0 0 0 5 0 0 0 0 0 0 32 56 0
 66 0 23 0 0 51 36 3 14 0 22 0 21 0 0 19 27 11 43 0 31 0 0 0 76 0 27 0 14 18 0 22 0 55 0 88 0 37 44 0 0 25 0 53 0 31 83 0 0 35 52 0 6 7 23 48 14 0 45 83 22 63 0 7 7 66 0 0 12 13 0 12 47 22 0 17 47 0 0 48 11 0 43 0 63 0 72 0 2 69 7 0 25 0 0 55 72 15 50 0 0 67 78 12 0 9 7 0 34 16 2 2 0 0 74 76 0 0 48 0 34 0 64 0 0 12 28 76 86 53 0 33 5 39 0 54 0 16 50 0 8 31 0 3 61 0 0 53 0 5 82 37 0 5 48 51 0 88 0 0 49 0 8 41 0 15 27 21 0 0 0 46 58 0 26 56 0 40 0 0 0 0 43 28 0 65 1 82 0 5 76 0 12 0 3 20 0 0 59 0
 70 0 0 0 80 50 1 60 56 15 40 0 38 0 22 56 78 0 67 1 0 53 66 0 33 3 0 0 47 63 69 0 50 51 2 14 16 78 29 0 60 35 26 57 47 44 0 20 24 42 18 0 78 0 0 72 45 34 50 0 0 0 60 30 59 47 72 57 41 50 54 7 82 93 5 0 34 0 33 22 7 0 83 45 23 44 0 43 87 0 3 0 0 0 32 3 25 16 78 1 0 0 6 0 1 6 62 58 94 0 15 66 1 28 78 42 10 42 62 0 21 77 14 84 0 40 27 0 42 31 61 65 74 8 0 66 25 45 5 0 35 85 35 70 29 2 4 52 0 0 55 21 88 0 0 57 22 0 59 0 54 2 0 50 0 0 0 0 0 0 19 79 32 13 0 16 0 72 0 0 9 0 0 0 0 87 9 54 7 59 0 23 18 32 0 0 0 31 59 3
 0 19 9 0 0 12 10 24 7 0 14 0 0 0 0 39 0 0 0 0 0 0 0 0 20 3 0 5 6 64 0 0 0 0 0 0 0 0 0 13 0 6 0 11 0 0 8 0 0 0 0 0 0 0 31 16 0 2 0 0 0 0 0 0 0 0 23 1 10 64 0 24 0 0 0 0 6 0 0 0 23 0 0 0 0 0 0 0 11 0 0 0 0 0 13 37 7 0 0 0 0 0 0 36 6 0 0 0 34 0 0 0 1 0 9 0 0 0 0 0 0 0 0 0 0 0 0 0 0 0 0 0 0 0 3 24 32 0 0 0 0 0 0 0 0 0 29 0 10 0 0 0 0 14 0 0 0 0 0 0 0 0 0 0 0 0 0 1 0 0 0 0 0 27 21 27 0 0 0 0 24 0 0 23 10 0 0 0 0 12 0 14 0 32 15 1 0 19 0 0
 0 0 0 0 86 5 14 33 64 37 62 0 41 63 0 0 67 13 66 31 43 67 62 10 85 0 23 17 0 49 14 64 43 28 0 32 0 90 22 0 85 17 5 34 62 73 32 37 61 48 83 0 0 0 66 71 81 39 51 28 0 43 79 0 1 55 0 87 25 50 0 40 5 0 11 34 72 0 0 87 0 0 86 62 62 47 55 0 10 30 25 0 0 18 60 45 34 0 89 28 10 59 0 0 77 14 73 9 58 0 24 34 1 0 27 60 0 0 0 0 71 63 40 13 39 4 0 18 28 20 18 99 36 87 0 0 19 0 58 0 14 0 74 64 56 79 50 0 0 0 32 0 65 25 83 9 0 10 49 0 17 0 0 34 0 0 92 0 0 0 13 14 23 17 0 0 0 44 2 0 0 0 1 40 0 0 0 16 0 66 0 49 33 66 79 21 20 0 25 0
 0 0 0 16 0 0 0 0 0 16 0 0 9 0 0 12 0 0 25 0 0 0 0 0 29 0 0 27 0 89 31 0 0 0 7 0 0 0 0 33 0 9 0 0 0 0 0 0 0 0 0 0 5 0 0 0 5 0 0 0 0 11 0 0 0 0 0 0 0 26 0 0 0 6 0 0 0 19 0 0 0 0 0 0 0 0 0 0 0 0 0 9 0 0 0 0 6 8 1 0 0 0 39 11 0 0 0 0 0 4 4 2 10 0 0 26 0 0 0 0 0 35 0 0 0 33 0 0 0 3 0 1 0 16 0 0 0 0 0 35 0 0 0 0 0 32 0 0 0 0 0 3 0 0 0 0 0 0 0 1 3 0 0 30 3 0 0 0 0 0 6 0 0 0 0 0 0 21 0 0 0 18 0 0 7 0 0 3 0 0 0 0 0 0 0 0 0 0 0 0
 0 0 0 0 12 0 0 5 0 34 41 0 0 0 0 63 45 0 43 0 0 25 0 0 78 0 0 0 0 19 0 83 0 0 16 10 0 0 31 29 16 4 17 27 10 4 0 9 41 18 0 0 20 0 23 53 9 11 98 0 0 0 0 0 38 35 0 0 48 35 14 36 33 40 0 0 28 9 16 0 33 0 90 15 21 20 3 59 0 8 4 4 0 13 11 0 0 0 20 0 0 40 36 0 0 87 70 61 0 37 0 16 20 0 8 28 35 49 0 0 0 64 47 0 0 21 34 37 44 34 20 63 0 95 0 67 0 76 0 35 0 60 57 0 0 0 13 0 0 0 24 9 73 32 6 32 0 0 0 0 55 0 0 0 0 91 67 0 52 0 13 18 69 0 26 0 1 0 0 0 0 0 0 47 0 0 0 57 30 37 0 29 0 22 0 0 0 75 0 18
 6 0 0 0 51 30 8 54 0 21 65 17 0 21 0 26 41 58 0 48 49 0 27 0 63 46 0 41 0 0 0 0 36 0 75 0 0 0 0 16 0 0 18 77 1 41 35 0 0 78 23 41 60 0 66 28 0 15 65 31 0 1 79 0 29 35 0 0 18 32 0 72 51 19 0 18 0 80 10 13 1 41 51 0 30 87 51 0 36 34 0 0 77 0 48 12 11 1 26 0 0 73 0 38 73 0 61 0 0 0 0 0 63 43 98 84 5 0 70 0 6 63 61 23 23 0 54 26 4 72 0 36 21 80 0 56 33 0 0 0 0 23 40 9 0 7 0 0 9 13 55 25 96 0 0 65 0 13 61 50 0 6 0 14 0 6 0 0 27 8 36 61 32 34 0 0 1 16 19 44 21 0 39 13 19 0 30 0 0 0 12 14 53 11 0 0 0 67 0 64
 6 0 0 0 56 0 0 44 0 0 29 0 0 0 0 70 55 0 30 23 7 0 48 0 0 0 0 23 6 10 0 0 66 0 0 64 0 0 0 0 8 0 0 20 8 0 70 9 43 0 6 20 43 0 37 6 55 17 0 0 0 39 24 0 0 19 0 0 67 74 0 0 17 60 0 0 0 0 0 0 0 0 58 0 0 0 54 4 64 0 0 0 21 0 8 0 0 0 43 0 0 35 2 46 5 0 0 55 0 0 0 0 0 0 8 0 27 74 0 0 48 36 8 4 0 10 64 93 45 74 39 92 0 47 0 42 27 24 0 18 15 0 65 14 0 99 0 55 0 0 45 5 36 57 0 41 71 27 0 24 60 21 56 0 0 0 59 0 0 0 0 82 34 2 16 0 0 0 0 0 21 1 7 0 0 28 0 31 15 0 34 90 0 0 0 0 19 0 39 35
 0 24 0 0 0 0 0 41 0 0 23 0 0 21 0 0 0 7 0 0 0 21 65 29 0 0 0 36 0 43 0 32 29 0 0 19 0 0 5 25 69 0 3 62 0 21 58 8 0 6 63 0 67 2 79 0 56 65 0 0 0 0 0 0 65 0 3 0 18 55 15 55 51 47 25 0 0 0 0 57 20 0 60 0 0 0 24 0 58 17 22 0 0 0 0 0 0 12 0 0 31 44 80 44 0 0 61 49 0 15 0 12 0 0 32 0 0 6 71 0 0 23 0 0 0 0 26 0 19 0 30 53 0 68 61 34 60 13 9 0 0 34 3 47 0 77 10 25 0 0 55 17 28 11 0 76 13 28 0 18 44 0 42 0 20 0 0 63 0 16 7 78 86 0 0 81 0 0 0 11 0 0 71 0 0 0 0 57 0 0 0 8 0 2 0 0 0 0 37 0
 0 9 27 0 18 8 7 0 0 0 9 0 0 10 0 48 4 0 28 0 13 21 31 0 0 30 0 0 0 12 0 53 0 0 0 0 0 0 0 45 0 0 0 22 19 0 0 0 53 0 77 10 0 0 0 0 82 53 0 15 21 0 20 9 1 27 0 0 0 35 28 0 0 26 5 18 19 0 0 21 55 0 0 0 4 0 0 3 10 19 51 0 82 0 28 0 36 0 0 0 0 87 45 0 0 18 0 0 29 0 0 57 80 13 0 0 0 0 13 0 0 0 0 0 0 0 0 16 67 0 78 0 0 69 29 0 36 0 0 0 0 0 0 0 0 0 24 0 0 0 0 35 0 0 0 0 0 0 0 21 0 2 4 35 0 29 0 0 26 0 0 0 67 0 22 25 0 0 0 24 0 0 45 0 0 0 0 48 11 12 28 0 0 18 0 0 0 0 31 0
 0 0 34 0 79 0 0 22 0 0 44 0 5 9 5 0 0 0 19 0 28 64 6 61 52 0 46 0 0 0 1 49 0 0 0 53 0 23 0 0 67 0 0 41 35 0 25 55 63 0 77 0 60 0 0 0 45 9 61 0 0 0 0 0 0 49 0 0 1 0 12 34 0 35 6 0 0 0 17 47 0 0 40 0 0 4 0 52 0 0 19 0 66 0 34 0 0 53 27 0 0 78 12 0 0 38 0 67 0 25 23 0 29 0 0 0 0 32 0 0 67 77 11 0 0 0 23 0 11 5 0 0 0 0 0 33 42 78 39 0 62 0 76 51 13 33 43 18 20 0 41 8 0 0 0 88 32 0 31 15 33 21 9 0 0 1 22 0 0 0 0 25 13 0 0 0 0 0 0 0 18 0 0 94 8 0 0 0 0 0 7 92 0 66 0 7 0 0 52 44
 6 68 0 74 73 0 23 75 4 50 0 68 92 0 38 0 0 63 0 58 0 91 18 82 63 32 0 36 0 97 30 0 56 69 51 16 34 23 17 0 47 58 57 0 3 0 3 40 0 24 34 17 23 0 56 0 66 4 0 11 0 0 35 67 72 30 34 0 0 9 0 13 13 18 61 4 52 65 34 0 0 28 31 0 0 18 42 62 67 52 0 71 0 58 6 66 35 42 32 63 29 49 77 65 57 72 45 58 72 28 11 29 51 0 14 3 25 0 59 93 7 0 45 0 0 58 62 2 26 24 62 0 1 13 9 85 92 21 1 6 36 0 39 71 0 13 59 16 58 0 49 0 0 3 78 23 0 69 10 54 65 69 70 60 0 82 0 32 72 0 3 40 54 55 15 0 7 74 24 24 25 63 16 50 0 0 53 0 0 84 42 61 61 23 37 24 49 8 0 42
 0 0 0 0 1 0 23 0 0 0 60 0 0 59 2 35 40 0 68 9 71 88 40 12 44 0 54 0 0 19 0 4 41 0 0 23 0 0 0 66 70 0 0 82 0 86 26 50 50 0 40 0 62 0 0 49 31 27 73 0 0 28 21 0 62 50 0 0 27 64 56 35 60 58 0 13 0 0 0 10 0 0 0 0 26 0 0 56 66 78 0 0 25 0 10 4 10 0 34 22 0 0 65 0 0 88 0 61 27 0 34 0 0 0 0 0 0 46 57 0 39 0 60 0 0 42 38 31 22 46 30 77 0 66 67 0 17 33 0 0 4 23 19 13 0 68 7 0 0 0 67 6 30 58 0 28 52 2 12 0 61 0 0 0 0 74 0 73 5 0 0 62 33 0 0 60 37 0 0 0 0 0 0 52 0 29 0 55 0 74 15 11 27 49 0 0 14 0 18 70
 0 0 0 0 0 0 0 0 0 0 0 0 22 0 0 33 0 0 11 0 0 1 0 0 12 35 0 0 0 0 33 38 0 0 0 37 0 0 0 47 27 0 25 0 0 2 22 0 21 0 22 0 0 0 0 72 0 0 0 0 0 0 0 4 0 0 0 9 13 31 0 0 19 0 0 0 0 0 22 0 0 8 23 0 0 0 0 0 0 0 0 0 20 0 36 0 8 70 0 0 2 0 0 21 27 0 53 0 0 0 16 50 50 0 1 0 8 26 6 0 19 11 0 0 16 0 0 60 0 0 0 0 0 0 52 10 9 0 13 0 0 4 54 26 0 0 38 0 0 0 0 23 2 0 0 0 0 0 0 0 27 0 7 0 0 0 0 6 0 0 0 0 25 0 0 22 0 0 0 27 0 0 0 0 23 0 0 0 0 0 27 0 0 0 0 0 0 0 0 0
 0 0 8 0 38 0 25 0 1 0 0 10 0 71 2 0 56 0 0 0 0 15 14 1 0 0 13 23 0 0 0 12 0 8 0 0 0 0 0 68 0 11 22 0 0 1 68 0 81 0 56 2 33 30 0 36 22 26 0 34 10 0 0 0 49 4 0 13 49 49 0 0 0 0 0 0 0 0 0 0 46 0 4 0 5 0 0 33 20 69 34 0 20 0 12 0 1 67 0 0 0 0 59 59 0 39 0 6 0 0 0 57 64 0 1 0 0 1 0 0 0 0 19 0 4 0 0 62 22 0 2 49 0 39 34 0 67 0 0 0 44 0 0 8 0 0 19 0 0 24 11 73 0 68 6 0 0 0 0 0 43 0 17 0 0 0 0 0 0 0 0 0 0 0 0 0 0 0 0 23 0 0 65 0 0 0 0 68 0 0 0 0 0 7 0 0 18 8 65 0
 42 77 16 49 48 0 83 1 0 0 83 8 40 8 21 92 5 0 16 14 0 26 61 49 76 33 0 3 0 47 5 38 71 56 85 0 0 14 43 0 0 10 32 64 4 85 21 40 22 39 83 12 47 65 84 39 15 41 27 63 44 0 27 23 0 16 2 20 32 51 43 44 65 37 0 0 22 0 86 81 71 0 62 0 73 0 0 45 32 87 0 55 0 70 70 60 12 26 59 0 0 37 83 0 77 45 36 0 91 0 0 32 89 0 10 79 27 59 72 0 55 14 61 58 61 0 64 40 35 0 23 32 39 35 22 0 0 18 2 0 0 0 0 0 0 0 80 78 71 11 80 3 4 42 0 50 21 71 3 0 0 0 57 80 0 0 51 18 70 0 40 35 6 0 0 0 25 40 31 66 0 9 0 50 0 70 47 56 0 13 18 62 56 10 70 0 31 73 24 13
 3 0 0 28 90 17 0 30 85 87 81 0 0 55 0 21 0 84 44 0 63 48 0 94 42 0 55 0 0 0 30 24 45 0 0 23 0 12 42 0 9 0 0 0 48 0 0 4 33 79 95 14 0 0 14 14 80 32 33 0 0 1 0 8 87 53 20 0 12 56 15 0 0 9 0 0 68 27 0 31 0 0 4 57 75 11 0 9 29 48 54 0 5 5 41 40 0 0 37 0 18 25 34 39 33 0 33 0 65 0 0 24 76 23 21 13 0 38 28 0 14 18 0 0 0 34 61 0 0 41 0 53 0 37 14 64 54 0 8 0 0 5 44 90 0 57 59 33 0 0 0 0 0 33 66 37 91 0 0 7 0 8 42 0 0 0 39 0 42 0 9 49 72 17 0 64 0 11 0 22 0 0 0 0 0 28 0 0 0 25 52 1 0 18 0 37 0 58 31 18
 0 0 0 0 0 0 16 0 14 7 0 0 0 0 0 0 0 0 13 6 0 13 0 0 0 8 0 0 0 74 0 2 0 0 0 0 34 23 0 34 0 0 0 0 0 5 0 0 38 0 27 0 0 0 0 0 21 13 0 3 0 9 0 0 0 0 24 0 0 0 0 0 0 0 0 0 0 4 0 0 2 0 30 0 0 4 0 0 1 0 0 0 0 17 0 0 17 30 0 0 20 0 0 0 0 0 0 0 0 0 6 0 14 0 0 0 0 0 0 0 0 0 26 30 0 4 0 9 0 0 16 0 0 0 0 0 0 18 0 33 11 0 0 0 0 17 0 19 16 0 0 6 0 0 0 0 0 0 0 0 0 11 45 1 0 15 0 0 8 34 0 0 15 0 0 0 0 0 0 0 2 11 0 0 10 34 0 0 0 6 0 0 10 10 0 0 0 0 0 0
 55 11 0 0 9 63 25 0 0 24 7 0 44 64 0 50 52 23 34 8 0 30 0 20 0 26 0 0 42 5 62 0 72 48 9 25 0 69 72 46 56 39 0 86 18 68 34 56 0 29 0 0 49 0 88 0 55 66 0 17 7 62 9 0 60 7 6 0 0 0 0 0 0 7 2 0 3 79 26 0 0 0 0 53 75 0 31 6 27 61 68 12 30 72 0 11 60 40 26 0 0 2 29 28 0 0 0 0 7 0 0 0 33 26 19 66 24 21 32 6 51 10 0 0 3 46 0 10 29 0 47 49 0 29 33 0 61 0 50 0 9 52 43 41 0 21 0 49 0 0 23 32 51 52 28 39 0 64 0 38 53 0 1 0 0 44 73 47 62 0 0 59 8 0 82 6 0 0 1 0 0 0 94 7 0 37 0 17 0 0 22 0 0 69 0 0 16 80 21 0
 10 10 0 0 56 10 33 28 0 45 80 31 0 34 0 23 29 34 52 0 0 0 77 16 0 6 0 0 0 0 0 13 29 31 0 87 32 0 20 12 0 0 18 55 74 0 12 74 72 82 28 0 87 0 0 40 0 0 0 0 12 59 0 32 54 49 5 0 0 0 0 23 92 0 13 16 3 68 25 0 0 0 23 0 0 18 0 50 0 11 39 0 2 56 23 68 75 52 0 0 1 81 40 60 0 61 54 33 98 0 0 53 47 0 83 6 38 47 27 0 61 49 0 11 0 64 29 18 1 46 0 62 3 11 70 0 20 0 24 0 0 71 75 9 0 0 55 45 11 0 0 64 73 0 0 26 26 52 0 0 13 0 0 65 0 22 63 54 14 0 12 91 16 0 0 74 9 0 0 0 0 0 86 10 4 82 35 0 0 0 22 9 0 10 0 0 0 19 43 49
 0 25 22 0 27 59 0 35 28 0 0 0 70 41 0 54 19 0 73 18 23 3 0 0 21 49 12 53 71 13 82 0 39 47 20 23 0 15 8 26 59 0 8 32 62 59 2 13 0 65 34 0 51 25 38 0 0 55 58 0 2 0 21 0 59 0 29 15 4 0 59 0 3 35 0 21 92 0 69 38 45 87 0 5 51 29 11 69 55 35 0 0 0 45 0 6 22 5 48 0 5 0 59 36 0 31 0 13 9 10 0 85 7 36 13 52 0 27 30 0 46 77 32 77 26 44 37 0 49 69 34 0 0 28 29 42 23 0 27 13 0 29 85 27 30 5 79 50 7 24 0 87 29 0 80 0 0 22 45 8 85 0 76 44 0 26 7 77 36 0 58 76 57 0 79 9 0 89 0 0 17 0 27 58 0 0 53 58 0 79 7 49 44 0 81 0 0 0 86 19
 41 0 13 12 0 18 6 0 0 0 70 0 0 39 0 0 7 1 1 0 53 40 48 0 80 83 32 8 64 14 9 18 69 28 0 4 0 92 11 65 38 31 0 63 0 66 48 57 6 30 62 0 0 0 0 42 51 22 82 40 26 25 74 29 94 74 0 0 76 0 0 0 91 21 10 0 30 32 10 0 26 43 0 42 0 0 6 24 57 39 0 0 36 28 17 0 11 73 0 0 0 3 42 61 40 18 25 66 0 0 32 0 41 77 74 54 0 38 0 23 0 50 13 43 46 17 41 26 64 74 0 72 75 7 0 0 42 52 0 0 0 40 39 29 50 19 4 0 0 10 57 30 63 51 95 70 12 0 69 40 47 62 45 55 0 6 0 0 39 0 28 0 0 0 0 64 50 70 30 0 9 37 44 69 0 91 0 0 0 4 0 50 3 0 7 0 0 14 49 1
 0 0 12 24 29 0 65 30 5 20 48 0 59 0 0 61 13 0 30 0 0 0 0 0 42 0 0 0 40 0 40 0 0 46 74 31 0 0 30 11 38 62 18 33 36 25 84 3 32 96 79 36 56 4 0 11 0 0 36 19 20 29 0 0 4 0 47 0 5 0 0 35 36 49 0 0 0 72 0 11 0 0 1 0 27 42 0 80 0 2 27 8 38 26 52 0 0 0 75 0 0 0 0 20 0 28 81 19 65 0 0 1 61 0 21 62 0 36 0 0 6 0 71 30 0 57 62 30 37 11 56 0 57 3 0 4 23 28 3 0 0 0 15 37 64 81 54 0 0 0 7 59 0 0 0 26 19 0 74 0 0 2 61 75 0 0 61 28 0 0 15 50 29 37 71 0 65 17 0 0 0 0 45 0 0 53 0 26 15 59 10 9 43 23 59 0 0 0 65 6
 17 0 0 0 13 75 33 0 46 53 71 23 0 68 0 39 60 0 6 72 4 0 47 29 0 18 0 72 32 89 0 63 50 0 7 24 0 48 15 0 41 52 5 54 23 21 33 83 14 51 41 50 32 64 31 33 0 37 65 12 67 34 0 0 24 0 43 52 10 58 12 85 61 34 13 0 0 0 52 39 94 7 52 22 18 0 0 81 28 4 0 14 69 5 0 68 81 68 66 0 0 73 52 0 22 52 43 0 82 0 0 0 16 63 51 22 0 60 65 0 0 19 90 29 3 89 0 26 42 61 0 65 47 61 18 51 44 19 9 0 0 81 8 50 27 42 47 0 0 0 14 86 0 13 76 63 41 65 18 26 35 61 0 66 26 0 69 48 69 0 2 46 55 0 0 0 69 36 2 0 1 0 0 73 1 68 72 25 4 15 25 57 8 53 0 0 66 0 15 0
 0 0 0 0 49 0 0 0 0 5 0 1 0 8 0 0 63 0 46 0 15 15 0 0 0 0 0 0 8 0 3 0 0 0 5 39 0 0 0 40 1 0 0 0 0 0 32 6 13 0 40 0 0 0 15 0 0 64 10 0 0 0 0 0 2 0 0 0 20 58 0 0 0 1 0 0 8 0 12 0 0 0 0 0 0 0 0 0 0 0 0 3 0 0 0 0 0 54 0 0 0 6 0 92 0 72 0 0 0 0 8 0 29 11 0 19 0 0 0 0 0 0 0 0 0 0 0 0 0 0 0 18 0 0 0 0 0 24 0 0 14 4 0 6 0 0 16 0 5 0 0 0 0 0 0 37 0 0 0 0 74 0 37 13 0 0 0 0 27 0 19 57 0 0 18 23 0 0 0 0 0 24 0 0 0 0 0 0 36 14 30 0 0 0 0 0 0 0 0 0
 0 0 5 0 11 0 0 18 0 0 62 0 0 0 0 16 33 0 95 0 54 77 0 0 58 0 1 0 1 39 0 0 98 0 0 20 0 0 0 78 18 0 0 44 8 11 89 0 58 0 22 0 10 0 80 0 15 30 0 0 0 0 0 0 58 31 0 0 75 0 5 23 0 0 11 0 1 32 0 50 67 0 22 0 0 0 0 69 47 0 28 0 43 0 0 0 0 50 0 18 0 55 26 0 0 21 0 70 15 0 0 55 44 0 0 12 0 0 0 23 3 0 0 0 0 57 0 47 63 8 0 1 0 29 12 62 9 0 54 0 21 0 44 82 0 38 61 52 0 0 34 45 0 93 0 56 80 27 0 25 0 0 16 0 0 31 19 78 0 0 0 0 56 0 11 67 0 0 0 0 17 0 14 0 0 21 7 17 2 0 0 15 0 74 0 0 0 30 37 59
 79 11 0 0 0 3 74 78 0 44 56 0 0 44 6 41 0 56 74 0 0 67 0 3 9 0 0 63 67 52 47 0 36 8 60 25 24 0 21 25 59 0 0 0 78 0 62 38 63 93 0 3 18 0 86 13 0 18 13 0 2 51 0 31 0 39 86 70 0 68 58 45 0 6 66 0 33 54 0 55 0 34 47 28 0 57 0 62 6 44 92 0 0 1 54 11 51 60 67 5 0 68 0 0 52 29 0 75 0 0 0 57 25 0 61 24 0 82 0 0 20 0 77 37 49 0 56 39 51 67 13 0 67 0 47 0 0 0 37 2 58 0 12 0 12 0 2 62 0 0 18 61 42 27 1 7 31 49 8 46 0 0 0 25 0 51 31 9 0 0 73 0 52 7 39 0 15 0 20 43 45 0 55 11 0 52 7 0 0 0 58 0 76 0 0 0 0 0 7 9
 5 0 4 0 18 0 50 29 0 0 23 0 27 36 0 60 0 0 0 0 33 34 54 0 0 0 74 0 0 8 4 88 0 0 0 92 0 0 0 0 69 23 5 33 0 39 2 0 61 18 0 0 48 18 0 0 21 28 15 0 0 24 0 0 50 12 0 0 9 37 0 61 52 16 0 0 0 1 0 56 60 0 0 0 6 23 0 27 0 27 25 0 22 0 33 0 22 55 80 0 0 43 0 26 0 13 0 81 0 0 0 68 34 0 9 83 0 0 34 0 0 28 20 0 0 36 40 0 0 17 1 37 11 4 20 29 27 31 40 0 0 60 0 86 0 0 60 0 3 0 0 98 0 1 0 19 37 40 0 0 23 25 59 8 2 0 40 46 67 30 0 56 42 0 0 0 0 0 16 0 0 0 29 0 0 0 0 17 0 58 0 0 0 0 0 0 0 25 12 46
 0 0 8 25 3 61 1 5 66 13 20 0 78 0 0 22 39 92 13 0 38 42 3 0 0 24 40 0 0 65 16 16 0 15 26 58 0 66 20 19 60 0 0 0 0 81 43 64 0 0 0 0 44 17 0 94 9 0 0 46 4 0 50 0 9 50 60 37 24 84 43 34 50 0 0 0 17 46 14 0 90 0 37 46 41 61 28 11 47 71 25 26 65 57 12 56 0 0 34 0 0 0 2 70 65 55 51 91 0 0 0 0 0 0 33 0 0 0 33 0 28 0 59 0 17 0 61 1 55 23 0 64 0 64 51 18 6 20 1 11 49 61 29 0 33 40 21 59 0 0 26 47 0 0 17 0 0 46 0 0 9 31 66 70 0 61 29 31 77 0 22 64 16 0 82 66 12 0 0 14 75 0 19 0 0 25 0 13 17 23 0 20 75 15 54 0 39 0 58 54
 0 0 0 0 63 30 1 0 0 11 0 0 12 0 0 0 10 0 0 0 14 2 30 0 0 0 31 0 9 3 0 49 2 0 0 10 0 0 8 42 12 8 0 0 0 0 36 0 0 9 62 0 0 0 0 38 9 0 0 9 0 0 0 0 7 0 13 0 0 51 0 0 0 34 0 0 0 0 0 23 0 0 0 0 7 0 0 0 12 0 19 36 37 25 62 0 0 0 0 0 13 0 0 77 25 0 22 0 0 0 0 38 98 0 0 0 0 0 0 0 0 25 0 34 0 0 0 80 0 0 0 0 0 34 51 0 6 0 0 13 0 0 0 29 0 0 15 28 30 0 0 43 32 0 0 23 20 1 0 0 34 0 0 0 8 0 0 0 2 11 0 3 0 0 20 45 0 11 0 26 0 0 14 0 15 0 0 0 0 0 11 0 14 0 0 0 29 0 71 36
 38 0 22 31 0 76 88 0 43 22 0 99 14 29 39 55 17 0 92 24 49 4 20 11 30 46 3 14 0 99 70 0 36 0 0 63 34 18 98 57 58 70 82 65 0 26 0 9 8 16 0 4 0 0 13 74 0 56 14 66 62 0 88 89 21 69 18 21 72 49 27 57 39 7 32 0 90 13 0 42 0 21 69 23 9 0 0 6 27 45 16 65 0 79 0 80 42 52 11 30 0 27 35 45 40 0 44 24 0 0 0 31 43 62 43 68 69 25 10 7 0 95 72 0 52 0 78 62 22 0 0 39 44 0 28 0 28 5 59 23 0 25 1 0 68 1 0 50 82 14 0 0 0 0 0 48 31 62 2 0 38 43 0 0 2 0 0 0 50 5 16 47 2 91 44 23 36 52 26 86 0 0 0 0 59 99 0 91 0 49 56 36 47 0 0 19 48 24 0 0
 0 0 0 0 90 0 17 82 0 0 6 34 0 10 19 66 13 0 0 0 3 53 45 13 29 0 64 1 1 30 22 0 9 0 0 1 0 0 30 0 72 0 0 74 0 49 55 79 17 0 60 0 56 20 23 64 0 43 44 0 32 0 22 0 0 30 0 0 55 37 0 0 74 64 0 0 0 0 18 85 51 0 3 0 13 0 3 0 0 4 0 0 0 0 43 0 0 25 1 0 0 50 0 76 0 57 54 0 0 18 0 0 17 12 0 89 0 61 48 0 63 43 36 30 0 7 16 73 28 15 44 63 0 33 4 74 0 0 54 0 0 37 74 30 0 70 94 45 0 17 52 21 10 67 0 0 64 37 0 0 0 0 36 0 2 68 35 0 45 0 0 45 17 0 0 0 0 0 0 0 0 0 0 0 31 0 0 39 0 0 0 64 0 62 0 0 0 16 66 67
 17 0 0 5 0 9 0 0 0 0 0 25 0 82 12 0 33 0 12 0 0 0 48 0 0 0 86 8 0 0 0 1 12 17 0 10 0 0 3 0 0 0 0 13 0 0 39 20 0 0 0 19 0 0 0 0 0 0 32 0 19 0 0 0 16 0 0 7 27 53 16 43 74 0 0 0 0 0 0 31 42 0 0 0 0 0 23 6 0 85 30 0 23 0 67 0 20 42 31 0 0 39 52 42 0 7 59 59 0 0 0 18 0 0 0 7 0 46 0 0 8 47 44 0 31 26 0 13 0 0 64 56 0 0 0 15 28 72 18 0 0 0 90 0 0 6 20 75 0 7 25 19 0 58 0 53 0 0 0 0 52 11 2 3 0 0 93 0 0 0 0 0 20 0 0 14 0 0 0 36 0 0 0 34 0 3 9 0 0 0 0 78 0 0 0 0 0 0 51 0
 18 0 0 0 0 0 0 0 0 0 63 5 0 68 0 88 68 0 54 0 0 30 0 0 0 0 0 0 0 0 0 35 15 0 25 30 14 0 0 0 0 28 0 30 0 0 8 0 49 1 79 0 4 0 0 34 5 55 0 0 0 0 24 0 1 39 0 21 35 7 0 0 0 0 0 0 0 0 0 24 0 11 0 0 0 0 46 0 22 3 8 19 0 0 18 2 0 2 1 0 20 16 18 9 0 0 41 0 0 11 0 64 22 0 0 0 32 61 10 0 0 3 20 0 0 0 0 16 57 0 0 31 0 69 30 0 0 17 0 0 49 0 22 24 0 6 0 0 7 0 0 16 38 45 0 0 0 9 26 0 0 0 29 0 0 0 0 11 0 0 0 61 23 0 0 5 12 0 0 0 0 0 75 0 28 22 0 12 0 0 0 0 3 0 0 0 0 0 39 18
 5 0 0 0 63 15 99 1 15 61 9 0 85 56 0 11 59 9 40 0 14 53 2 48 0 0 44 0 0 88 0 53 28 35 90 39 0 96 0 82 42 0 0 0 17 68 0 50 21 17 17 10 40 0 32 0 66 67 35 0 0 72 68 0 28 79 56 0 18 0 55 41 68 50 0 0 18 17 0 0 23 29 0 0 19 3 15 0 49 22 0 35 72 60 0 55 73 69 0 0 0 51 17 56 0 0 39 0 0 0 13 13 70 0 67 0 0 28 20 0 28 0 68 0 0 0 25 43 71 50 53 36 6 3 0 0 32 0 0 0 30 0 0 0 0 0 50 27 0 0 38 29 1 0 52 42 39 22 0 0 86 0 73 1 0 20 60 8 18 0 0 74 48 0 15 0 40 64 0 0 0 0 85 11 0 0 0 0 0 74 50 0 0 23 30 0 0 0 71 63
 0 4 39 0 5 0 0 9 0 35 28 0 0 6 0 56 0 0 5 0 74 66 0 92 47 0 38 0 0 0 0 8 0 0 0 13 0 0 0 3 52 0 15 80 0 0 76 53 0 0 90 11 11 0 65 26 0 64 0 0 30 0 0 0 77 39 0 0 5 45 0 76 18 62 0 0 14 8 0 1 53 0 36 0 0 7 0 53 0 0 53 0 1 39 0 0 0 0 0 0 0 0 0 0 0 0 50 46 0 36 5 22 6 30 0 0 8 0 0 3 48 5 0 6 0 24 96 78 49 1 9 0 0 11 34 49 48 15 77 0 23 0 8 5 35 78 0 44 0 0 36 24 0 54 0 0 71 7 13 0 0 0 1 0 0 1 0 0 0 0 0 22 0 0 0 0 0 0 0 23 0 0 26 0 2 3 0 66 16 0 40 64 0 0 0 0 22 19 0 86
 0 5 24 0 0 4 0 0 0 86 0 15 21 67 11 2 8 0 91 0 6 3 53 71 5 0 70 0 5 0 0 22 18 25 7 50 0 33 0 0 0 0 6 65 14 20 15 63 49 46 10 0 36 0 5 0 6 39 66 0 0 0 20 0 39 85 23 0 38 67 83 0 80 38 0 0 61 5 36 11 0 13 76 15 28 5 63 64 6 23 42 0 64 0 4 0 0 44 0 0 2 53 0 76 0 0 64 11 11 0 0 83 87 0 31 27 0 0 0 0 51 2 74 27 13 60 0 31 47 1 22 77 0 0 51 10 10 0 57 0 0 62 21 78 5 84 45 45 0 2 29 0 0 1 15 77 54 13 0 14 0 0 31 58 2 57 39 43 52 0 50 2 28 0 18 26 22 21 0 0 0 0 20 41 25 3 0 34 2 62 32 86 0 53 0 0 0 61 0 27
 62 0 6 8 84 21 50 0 8 5 8 46 0 61 1 60 42 18 6 0 18 43 15 42 12 3 84 22 58 21 66 0 47 73 58 66 0 67 46 0 0 33 20 0 69 46 17 55 73 24 89 26 38 0 48 33 0 22 69 18 0 84 34 53 0 0 21 80 0 36 49 55 19 58 94 0 0 0 7 0 29 53 0 0 15 28 0 42 76 0 56 75 62 0 36 19 2 9 0 7 0 17 0 18 67 18 0 14 0 26 0 0 79 31 0 9 55 39 16 40 27 19 27 60 63 23 23 16 8 52 49 38 7 35 34 93 12 0 57 0 79 70 31 82 79 11 26 69 21 39 48 66 47 28 51 65 0 80 0 67 0 0 81 55 49 53 23 52 0 0 30 51 42 10 0 51 67 81 91 71 14 83 19 42 44 11 55 42 0 87 8 56 49 27 56 0 0 0 63 0
 0 0 0 0 67 51 0 0 0 47 0 0 57 0 2 0 68 0 40 0 0 23 14 0 25 15 36 13 0 0 51 20 26 54 0 26 0 25 49 42 96 41 0 61 0 77 16 44 19 34 25 6 0 0 73 4 0 47 69 61 3 0 3 1 8 48 0 13 31 0 64 2 0 0 0 0 0 0 35 11 40 19 20 50 10 46 22 29 6 17 86 0 93 60 32 51 0 12 0 16 0 42 89 36 27 32 73 23 0 0 0 55 28 72 1 40 0 0 0 0 73 41 0 37 21 0 94 42 22 0 2 59 43 2 26 15 0 25 0 0 55 0 0 0 78 70 12 12 0 0 32 9 24 36 0 0 0 55 64 30 85 0 55 16 19 0 86 56 16 0 0 34 0 0 5 11 0 7 7 25 60 0 74 64 84 21 0 0 0 77 80 34 19 0 58 0 0 31 58 31
 0 0 2 0 11 0 0 16 9 0 24 10 13 66 0 20 26 0 91 0 0 17 76 0 0 0 93 6 7 36 0 45 61 0 0 55 0 12 7 6 61 0 0 57 0 0 0 0 38 0 0 18 46 0 68 36 21 53 0 0 0 4 0 0 29 0 4 0 60 0 0 0 56 0 9 4 0 0 7 10 0 0 61 1 15 0 0 28 39 19 56 0 4 0 1 3 11 60 0 0 0 61 60 16 0 0 50 81 0 0 0 55 85 0 0 0 0 68 0 0 60 59 3 0 0 42 5 14 0 50 25 0 0 0 0 21 0 67 15 0 6 7 23 39 0 20 23 63 16 5 28 33 0 73 0 37 0 0 10 0 0 8 10 0 0 32 59 79 6 0 0 1 0 0 0 52 0 0 32 0 12 10 30 0 5 0 38 27 0 0 33 49 5 0 0 1 0 0 15 0
 0 0 0 0 0 0 23 0 0 21 5 6 0 0 1 0 2 0 40 0 10 92 0 3 0 0 0 0 12 34 0 0 0 0 0 47 12 2 0 55 0 0 0 0 0 24 29 0 0 0 0 0 0 0 5 66 0 68 0 14 0 0 0 0 0 0 0 0 43 11 0 0 0 0 17 0 31 4 5 55 0 25 0 0 0 0 0 0 0 0 0 0 0 0 0 0 0 73 0 2 0 0 0 16 0 35 0 0 0 0 2 57 0 16 0 4 0 7 0 0 0 0 0 0 0 0 4 29 28 0 0 0 0 0 0 22 13 0 0 0 19 0 27 0 0 25 9 0 0 0 0 0 0 0 0 0 25 0 0 0 68 0 50 6 10 0 0 0 0 6 0 28 0 0 0 47 0 0 0 0 0 0 30 0 0 0 0 0 0 0 0 0 0 20 2 0 0 0 0 0
 0 11 0 11 48 37 0 0 0 0 32 3 7 0 0 70 17 7 13 0 0 54 79 61 26 0 10 0 0 27 0 73 55 0 0 69 0 0 0 0 12 0 0 11 22 25 79 39 0 0 0 22 52 0 0 0 30 66 0 0 0 3 0 0 0 11 0 0 0 0 96 39 11 9 0 0 0 0 0 0 0 0 0 0 0 0 64 3 25 0 72 0 60 14 0 0 0 25 32 0 0 35 75 24 20 30 66 0 0 0 24 35 34 0 0 13 22 65 2 0 34 63 0 0 0 52 74 0 81 4 27 44 0 53 52 63 36 0 72 0 20 0 42 0 0 41 0 0 33 0 16 42 0 0 0 54 19 77 29 0 9 6 47 0 0 0 5 14 0 0 0 27 82 0 0 30 0 0 0 0 0 0 36 0 0 0 0 0 0 0 12 0 0 0 0 13 0 84 36 0
