200
 0 0 65 8 0 0 0 14 0 72 79 0 66 1 0 24 87 0 11 0 0 0 0 0 0 0 0 0 0 0 69 74 0 0 0 0 0 12 0 0 0 14 44 0 0 36 3 10 33 9 0 9 23 0 0 0 0 83 0 3 0 2 0 34 64 0 0 0 24 0 0 0 0 66 0 0 0 0 0 29 0 0 0 56 5 0 0 13 28 11 0 0 33 30 0 34 20 0 77 86 0 11 0 0 0 47 38 0 70 24 0 0 55 15 0 0 0 17 5 0 0 0 6 0 0 20 57 0 37 78 42 0 0 0 63 10 35 33 32 0 0 0 13 59 0 6 0 0 0 0 0 0 25 16 69 16 0 28 0 26 31 0 0 66 0 74 10 0 0 52 3 0 21 76 0 74 2 0 0 50 0 0 0 33 35 0 2 0 0 0 0 14 21 47 26 1 8 0 63 59
 45 0 78 0 0 1 0 78 36 26 83 11 63 55 68 4 55 20 72 13 22 0 0 9 0 0 39 0 0 0 2 70 0 0 0 0 85 0 0 43 59 30 47 0 0 21 0 0 28 33 0 14 0 9 0 0 0 36 0 66 12 0 0 68 0 31 0 0 49 0 34 50 0 0 0 1 0 10 0 48 47 12 0 0 17 0 24 3 81 48 0 34 7 0 44 80 68 0 68 55 0 0 61 25 13 18 31 0 57 2 0 27 26 23 0 14 16 32 52 63 2 0 27 0 0 0 14 0 42 0 4 71 72 47 32 24 64 1 48 54 0 30 50 51 0 44 69 0 0 54 29 0 5 63 0 27 66 64 2 0 48 0 64 2 0 32 58 34 0 19 27 0 0 52 35 42 0 0 6 68 0 0 0 13 28 0 16 51 0 12 0 0 61 39 8 47 26 78 0 0
 0 0 0 0 0 0 0 0 0 62 0 26 0 0 69 7 29 0 0 0 0 0 0 0 16 0 0 0 0 0 17 0 1 0 0 0 0 0 0 0 89 0 0 0 0 0 0 0 0 27 0 0 1 23 0 0 0 0 0 0 0 0 0 0 0 0 5 0 0 0 2 0 0 0 0 71 0 16 0 0 0 0 0 34 5 0 1 25 18 0 0 51 0 0 54 0 0 0 6 0 18 0 0 74 0 12 0 0 46 0 0 0 0 2 11 0 0 4 0 0 10 0 0 0 0 0 0 0 0 0 0 0 0 0 0 0 0 0 0 31 0 15 27 0 0 0 9 0 4 0 0 0 0 0 0 0 0 0 0 83 30 0 32 27 9 0 2 0 0 0 0 0 0 69 49 0 0 21 0 47 0 0 0 1 0 12 0 0 0 0 0 0 55 84 0 0 37 2 0 21
 0 16 66 0 50 67 85 0 0 17 4 43 0 3 13 67 80 0 15 0 18 79 0 20 35 0 4 31 55 43 71 31 0 26 12 0 67 34 26 41 0 57 25 65 0 57 46 22 0 61 31 46 25 35 0 78 0 56 0 50 59 0 54 77 0 52 37 10 64 0 6 55 38 17 0 0 60 49 0 32 7 0 0 46 43 53 0 41 19 1 15 33 76 63 37 47 5 29 68 0 0 0 25 70 35 27 17 0 39 0 0 0 0 0 0 0 16 61 0 24 0 0 0 0 33 0 55 53 41 45 15 7 38 49 34 5 7 15 73 83 0 3 69 74 0 37 62 11 0 78 23 69 32 31 3 40 36 56 15 2 0 5 0 0 0 33 19 0 0 0 79 28 0 83 3 37 4 28 2 8 47 0 27 24 0 0 30 72 47 44 5 0 20 0 33 10 0 16 43 63
 5 28 47 0 0 0 75 91 15 50 3 17 10 0 38 29 0 0 59 48 40 61 12 8 0 0 64 0 0 0 0 0 0 51 59 0 0 27 66 23 40 76 34 52 0 83 19 0 12 23 46 77 62 1 76 0 0 50 0 64 0 0 36 38 88 44 0 0 6 0 0 3 86 30 0 0 70 0 0 52 48 18 0 9 51 12 33 74 68 0 33 87 18 0 0 0 76 0 79 59 0 0 56 12 17 24 41 0 0 0 5 46 6 45 0 0 14 13 7 14 0 45 0 29 68 0 74 36 27 89 4 45 9 31 60 23 71 41 22 15 0 56 73 25 0 51 46 33 26 23 21 35 0 21 0 32 0 0 0 31 48 19 39 36 0 0 80 0 0 78 0 26 0 0 74 31 0 0 43 0 60 0 0 29 0 7 0 20 13 0 33 4 10 19 0 38 45 0 0 0
 22 0 40 0 20 0 17 16 0 53 0 19 0 56 21 20 0 0 0 24 60 2 0 0 0 0 0 0 35 0 62 48 7 33 0 0 0 0 0 16 74 68 51 0 11 0 30 0 4 80 0 1 59 0 0 0 0 53 5 91 0 15 0 63 48 0 0 0 0 0 21 80 0 69 0 14 0 0 26 41 0 0 0 0 0 0 0 0 4 30 0 29 11 14 19 0 16 0 0 13 0 0 0 48 57 0 16 0 30 0 15 19 0 0 0 0 0 44 0 0 0 0 0 0 0 0 65 0 0 61 40 0 0 0 44 6 41 58 0 8 0 0 0 69 0 0 0 0 0 11 2 0 91 0 6 0 0 61 0 10 51 0 22 25 0 19 12 14 0 5 0 0 0 51 1 6 0 0 17 14 0 4 18 0 0 8 68 23 0 0 0 0 25 58 74 94 86 0 25 52
 4 37 45 0 0 0 0 27 0 39 57 43 30 55 0 78 49 0 37 0 53 0 17 0 9 0 78 0 16 0 50 63 0 0 0 0 14 7 3 28 26 16 7 6 13 67 20 0 0 30 72 8 25 0 0 0 0 73 0 46 0 6 11 70 50 0 0 0 43 20 12 0 0 45 0 6 8 0 1 40 64 36 17 6 0 2 6 52 0 36 93 55 0 0 4 3 17 0 0 31 11 0 17 80 32 17 57 0 0 0 19 51 63 0 15 0 57 13 62 0 0 0 0 25 44 0 0 65 0 63 59 1 2 0 32 65 28 75 18 28 2 50 0 87 0 57 5 0 16 13 65 0 49 34 1 0 0 1 13 14 56 0 21 75 0 9 8 57 0 39 21 1 0 32 0 51 0 0 0 72 90 0 0 29 0 73 27 44 11 0 0 0 25 79 54 1 61 7 75 23
 0 0 12 6 0 0 0 0 0 22 0 0 0 0 48 0 0 1 0 0 0 0 0 0 0 0 0 14 12 7 29 0 0 0 0 0 0 1 0 0 35 0 14 10 18 0 0 0 0 0 0 0 0 0 0 0 0 0 0 0 2 0 0 0 41 22 17 0 0 0 21 0 0 19 0 10 22 0 19 0 0 22 0 56 0 0 0 0 0 0 0 0 0 0 0 0 0 0 9 0 0 0 0 0 0 0 1 0 27 0 10 0 0 0 0 0 0 0 3 0 0 0 0 0 0 18 45 0 0 0 0 0 0 0 0 0 0 0 0 43 0 0 6 0 0 0 0 0 0 16 0 0 0 0 0 0 0 0 29 23 0 0 11 6 0 0 7 22 0 0 0 0 0 60 0 0 28 0 0 30 0 4 37 0 0 0 89 10 0 0 0 0 33 33 0 0 0 21 0 0
 17 0 29 4 0 0 13 12 0 54 58 1 0 7 30 20 67 0 41 19 33 28 42 39 34 0 38 28 2 12 42 74 0 45 77 31 11 9 8 59 0 61 17 5 23 58 55 0 12 31 19 68 0 0 37 46 0 0 0 43 0 0 2 44 32 69 40 0 76 0 1 13 0 56 22 0 52 74 0 2 15 42 81 18 41 6 0 78 75 16 39 3 17 76 14 45 37 68 12 30 0 29 83 28 75 0 42 0 43 0 33 26 0 38 48 11 52 7 60 9 0 53 84 61 0 78 59 53 75 61 65 0 0 29 53 0 54 44 67 86 0 1 86 63 0 43 76 0 70 59 11 63 27 0 5 0 0 4 0 40 21 45 56 24 0 74 12 0 0 0 0 60 0 31 89 28 38 64 39 61 41 0 31 1 23 0 0 11 24 0 59 0 0 80 62 0 0 14 61 86
 0 0 0 0 0 0 0 0 0 0 0 0 0 5 0 0 0 27 0 0 0 0 2 13 0 0 0 24 0 0 0 9 0 0 0 0 0 0 0 0 88 0 13 0 0 0 0 0 0 33 0 0 20 0 31 13 32 5 0 0 0 0 0 0 0 22 0 19 0 0 0 0 2 0 0 0 9 31 0 0 0 0 0 25 0 0 0 0 16 0 0 63 0 0 0 0 0 0 87 0 17 0 28 0 0 0 0 0 0 0 0 0 0 0 27 0 0 0 0 0 0 0 0 0 0 0 13 7 0 32 0 0 0 0 18 0 0 0 0 0 0 0 0 0 0 0 0 0 0 2 0 0 42 0 24 0 0 0 26 0 0 0 0 0 20 0 0 0 0 0 0 0 0 0 0 3 0 0 0 0 15 0 0 0 0 19 0 0 0 7 6 24 27 1 0 1 0 0 0 72
 0 0 1 0 0 21 0 38 0 67 0 57 0 0 11 0 0 0 0 0 0 0 0 0 0 0 4 0 0 0 0 0 0 0 0 0 0 19 30 1 48 0 0 1 0 1 0 0 0 0 0 0 0 52 0 0 1 0 0 0 0 0 0 0 36 0 0 0 19 0 0 0 19 37 0 12 0 0 0 31 0 0 0 0 17 8 13 0 3 0 0 95 0 27 7 0 0 0 0 29 0 0 15 28 0 2 0 0 2 18 0 0 7 0 8 0 0 19 0 0 2 0 0 0 0 0 64 0 3 0 0 0 0 0 0 10 0 0 0 9 0 4 41 0 0 0 0 0 0 3 15 0 0 0 0 0 0 0 0 59 7 0 12 0 0 86 32 0 0 47 0 0 0 4 53 0 0 0 0 30 0 5 3 0 0 0 0 0 0 0 0 7 80 29 24 12 0 0 0 19
 14 0 0 0 0 0 0 47 0 75 0 0 0 1 58 45 0 11 0 0 28 0 0 0 0 0 0 0 0 0 87 0 0 0 0 0 0 0 0 0 9 0 29 0 0 0 0 0 16 3 0 53 45 20 18 0 0 0 0 0 0 0 0 0 0 8 0 0 0 0 0 0 3 25 0 42 0 0 0 0 0 0 5 48 0 0 0 0 30 0 0 0 0 0 84 0 0 11 1 0 0 0 11 26 0 24 0 0 28 0 0 0 0 0 0 0 26 27 11 0 0 0 0 0 0 31 65 0 22 0 0 0 0 0 15 0 0 0 0 60 0 2 62 8 0 0 0 2 0 12 0 0 0 0 0 0 8 0 0 44 39 12 0 31 0 26 0 0 27 14 0 0 0 0 58 15 7 0 0 15 0 0 0 2 0 0 66 0 0 0 0 0 14 0 5 0 66 59 21 0
 0 0 57 19 0 43 0 23 8 14 19 28 0 0 51 0 36 0 0 0 34 0 28 0 0 0 1 0 0 0 41 21 0 0 0 0 9 0 0 4 19 35 62 0 0 0 3 0 0 64 0 56 0 42 0 0 0 83 0 94 0 16 0 50 31 0 0 0 19 33 36 55 0 0 7 74 0 0 0 0 10 0 0 66 0 14 0 0 15 0 0 58 0 0 29 0 29 0 8 76 11 0 24 35 0 86 63 0 65 0 0 0 76 47 0 0 0 36 9 0 0 0 9 5 0 0 35 0 65 0 63 0 0 0 68 70 31 14 13 28 0 0 73 24 21 23 7 0 0 0 49 0 31 0 15 23 16 0 0 22 93 28 0 0 0 22 21 0 0 46 24 0 0 59 30 35 0 9 0 0 0 0 0 0 0 0 8 0 0 0 2 0 0 7 81 56 0 51 9 57
 0 0 32 0 12 0 0 28 0 0 63 0 2 0 61 45 28 14 0 51 56 0 0 76 0 0 0 0 15 0 45 0 0 0 0 0 31 14 0 2 57 6 0 0 0 17 0 21 0 12 0 24 54 0 0 0 12 77 10 0 0 0 0 43 85 0 0 0 60 0 0 0 0 6 13 10 0 4 0 47 0 1 0 7 0 0 0 0 81 38 6 0 0 0 0 0 62 0 89 0 0 3 0 58 8 4 0 0 1 0 0 16 16 62 14 0 11 71 0 0 0 8 0 0 0 0 24 0 51 0 34 0 0 0 13 17 34 38 0 10 10 40 0 8 30 51 16 21 20 0 0 0 90 0 56 0 0 34 0 0 32 10 0 0 0 30 61 13 0 62 0 0 0 33 24 0 0 4 0 47 0 34 5 0 0 26 91 73 0 0 0 0 82 0 50 61 12 25 0 39
 3 0 0 0 0 0 26 0 0 20 0 0 0 0 0 33 0 0 0 0 0 0 6 0 0 0 0 0 0 18 19 0 0 0 20 0 0 0 0 0 73 0 10 0 3 0 6 0 0 54 0 36 25 17 0 0 0 0 0 0 0 7 10 0 6 0 0 0 9 0 0 27 0 0 0 0 0 0 0 0 13 0 0 80 13 34 15 0 9 0 0 0 0 0 0 0 0 0 15 7 0 0 0 0 0 0 0 0 0 0 0 0 0 0 0 0 0 0 0 0 15 0 0 0 4 0 0 0 0 0 0 0 0 0 12 0 0 18 0 0 0 0 74 0 0 0 0 0 0 5 0 0 25 0 0 15 0 0 0 61 0 0 0 0 0 72 0 0 0 0 0 16 0 60 0 0 0 0 0 26 0 0 18 0 0 13 41 0 0 0 0 6 50 55 0 0 0 39 0 5
 0 0 0 0 0 0 0 77 0 34 10 0 30 0 0 0 0 13 0 15 25 0 0 0 18 0 0 0 0 2 7 0 0 0 0 11 38 0 3 0 52 0 9 0 0 0 0 0 0 53 0 52 26 0 0 0 28 0 0 16 0 0 0 0 79 0 0 0 0 10 0 0 0 17 0 0 0 0 0 0 15 0 0 44 0 10 0 0 0 0 4 16 12 0 88 0 0 0 0 0 4 0 56 13 0 31 0 0 28 0 0 19 0 1 13 0 0 7 4 0 0 1 0 0 0 0 62 15 1 0 0 0 0 0 0 0 10 22 0 65 3 0 1 9 0 0 0 19 0 0 0 0 0 0 0 0 0 0 0 33 47 11 0 0 0 0 0 0 0 62 6 0 0 59 0 0 0 0 3 13 0 0 0 0 0 0 18 26 0 0 0 0 83 34 0 0 49 67 0 85
 0 0 0 0 13 5 0 41 0 20 53 91 0 0 23 33 0 0 14 48 63 0 0 53 0 0 5 0 0 0 61 0 0 8 0 0 0 0 0 15 53 0 80 0 0 0 3 0 0 40 0 0 0 30 0 0 0 0 0 0 0 12 0 1 52 0 0 0 65 0 0 0 0 58 0 61 0 0 0 22 0 0 0 58 0 0 0 33 44 13 0 7 24 0 22 0 0 0 33 0 18 0 44 33 3 43 26 23 3 0 0 0 10 0 0 0 0 0 19 0 0 0 11 7 0 0 82 0 36 0 0 0 27 0 0 39 0 0 0 76 0 0 25 0 0 6 0 0 0 0 0 0 45 0 0 0 0 0 14 13 58 0 0 0 7 76 12 0 0 0 0 0 0 10 1 0 0 0 10 42 14 0 0 74 0 0 14 0 23 6 0 0 28 83 0 17 52 75 0 55
 70 0 6 60 50 28 0 0 26 0 51 0 55 0 77 0 24 0 8 65 52 0 48 15 47 0 20 51 39 18 66 78 49 0 50 50 38 44 74 32 0 30 0 2 0 18 36 57 0 39 75 67 64 28 24 6 60 28 20 60 0 0 9 0 12 18 38 35 60 0 47 0 0 53 64 28 90 41 0 52 0 0 86 6 23 52 28 48 5 65 0 60 77 52 22 12 59 72 1 0 0 13 64 36 15 43 0 0 48 0 0 73 1 0 24 0 3 0 0 0 0 29 25 0 0 70 68 79 67 45 57 47 0 0 14 9 40 80 45 42 0 66 9 23 5 0 52 0 53 60 35 48 68 36 0 90 0 15 0 77 36 14 3 33 55 28 36 37 0 23 78 26 0 59 0 77 47 50 36 96 85 4 57 74 10 54 54 30 7 0 85 60 0 28 36 77 18 87 50 92
 0 0 36 0 0 68 0 11 0 22 33 33 31 45 9 60 0 0 0 0 0 0 0 65 0 0 27 0 0 0 24 11 23 0 0 2 26 71 0 8 82 69 26 0 0 27 45 0 56 2 49 0 59 16 0 0 0 3 0 35 0 0 17 57 63 0 0 0 11 0 68 0 0 47 15 10 0 0 5 3 8 66 0 82 0 0 57 45 0 52 0 0 70 0 56 83 87 0 0 42 0 0 40 26 65 5 6 0 48 25 6 0 1 0 0 0 6 64 59 0 0 0 7 0 0 0 0 6 52 0 28 5 16 0 33 0 53 0 0 76 0 46 0 29 0 37 75 0 0 0 31 0 0 21 0 80 73 0 0 0 31 0 1 50 0 50 38 0 0 36 59 11 17 54 28 0 0 0 8 61 0 0 0 0 0 0 54 55 0 0 5 0 43 41 0 34 38 21 12 0
 5 0 15 30 0 0 10 30 0 58 54 69 16 0 80 0 0 0 13 0 0 0 22 0 0 0 0 0 0 0 0 0 0 9 0 0 0 0 0 0 46 0 23 0 0 0 0 0 0 90 0 46 42 63 0 0 0 0 0 0 14 30 0 0 20 0 0 0 54 0 0 0 0 0 0 0 0 0 27 0 0 6 0 33 0 0 0 0 94 0 0 0 12 0 0 14 0 0 29 17 0 3 28 25 74 12 10 0 43 0 0 0 0 62 0 0 0 0 0 0 0 0 0 21 0 0 4 0 46 0 0 0 0 0 0 73 0 10 0 38 0 6 52 0 0 60 0 0 0 0 0 3 63 0 0 0 0 66 26 91 50 0 0 1 0 30 0 0 0 18 0 0 0 18 56 8 22 0 0 0 0 0 26 0 0 0 15 0 2 0 9 0 81 0 0 27 61 0 0 54
 9 0 47 0 0 0 0 3 0 16 76 0 0 0 44 0 0 0 6 65 0 0 0 51 0 0 0 0 0 24 57 0 1 0 15 0 0 0 0 0 0 0 0 28 0 16 0 0 0 0 0 66 39 91 0 0 0 0 0 31 0 9 0 35 56 21 0 0 51 0 0 0 0 67 0 44 3 7 0 0 0 0 0 45 0 0 0 24 0 2 0 62 0 0 72 0 0 0 42 34 0 22 1 32 0 23 0 0 62 0 0 0 0 2 1 0 15 34 0 0 0 25 0 0 0 0 31 0 79 0 0 0 0 0 0 5 6 0 0 49 0 45 25 8 0 26 23 0 0 17 0 0 48 0 31 0 10 63 0 0 28 0 0 0 0 4 0 0 6 0 0 0 0 2 26 11 0 0 0 21 6 0 0 94 0 17 4 64 21 3 0 0 76 66 0 28 21 76 2 45
 40 41 35 0 0 0 73 62 0 34 51 95 18 20 46 39 28 16 71 59 2 0 0 45 46 0 0 0 46 0 5 0 0 0 57 0 7 19 17 39 29 62 0 0 0 62 0 0 0 84 36 87 55 0 28 0 0 19 0 70 0 0 39 67 39 9 9 0 23 32 24 26 76 25 0 8 44 0 0 52 40 2 0 0 0 0 62 1 14 60 42 0 0 0 49 14 40 0 42 63 29 0 42 2 0 57 55 0 85 0 25 91 64 46 27 19 54 0 31 42 33 24 0 0 80 0 8 41 0 0 81 77 89 17 18 57 0 75 42 32 0 70 0 85 2 52 70 0 61 68 48 80 34 27 33 72 55 46 0 35 60 0 20 63 0 80 71 0 0 51 40 0 0 61 0 33 0 0 0 79 16 0 7 47 0 3 31 0 0 0 0 0 12 1 44 78 80 9 12 44
 25 2 14 69 0 69 0 1 0 0 26 9 0 39 0 28 94 0 47 0 14 80 0 72 28 0 58 39 5 0 0 67 0 63 0 0 34 20 0 0 0 37 5 79 26 32 8 0 69 44 54 5 34 32 22 0 0 80 0 16 6 0 51 0 55 66 63 46 34 8 0 21 86 18 0 47 1 8 14 42 63 0 19 0 51 0 17 54 62 20 43 0 0 0 7 48 55 12 9 57 0 0 43 60 5 37 18 0 0 0 44 10 67 0 17 0 2 50 28 53 0 76 0 0 45 80 34 47 78 0 0 14 41 68 21 0 39 79 58 3 1 19 10 0 0 35 13 0 12 64 74 10 0 4 52 74 0 1 22 94 64 28 35 58 0 0 63 0 0 36 62 33 0 3 20 43 80 16 0 17 33 0 37 22 63 0 56 0 23 36 9 1 7 16 17 79 0 59 55 13
 3 0 1 0 0 9 20 31 0 0 67 74 22 0 70 65 0 0 0 29 0 0 0 0 29 4 22 0 0 0 15 0 19 0 9 0 0 0 0 0 44 0 57 0 14 0 0 0 0 23 0 0 70 0 0 0 0 0 0 0 1 0 0 0 42 0 0 0 61 0 0 0 12 0 10 43 0 0 0 0 0 0 0 6 2 0 0 0 36 0 0 35 0 0 15 0 0 0 0 0 0 0 54 25 68 2 0 0 53 0 0 0 0 39 3 0 0 3 0 0 0 10 0 0 0 0 5 24 1 0 0 0 0 0 0 7 0 0 27 0 0 91 52 4 0 0 0 0 0 0 0 0 62 28 0 0 0 11 0 15 69 0 0 0 0 0 0 0 0 17 0 0 0 60 1 0 0 0 6 55 0 1 1 0 0 5 63 31 12 0 0 0 39 75 0 0 0 42 0 8
 36 21 0 0 34 56 0 72 0 45 47 6 14 80 18 0 29 0 7 44 23 0 0 0 0 0 1 0 0 11 55 73 0 0 0 0 0 41 0 4 0 28 0 0 0 3 4 0 43 77 46 74 16 11 4 0 0 78 0 76 0 0 0 0 0 5 0 0 35 7 25 4 0 52 0 0 74 0 0 0 25 36 24 17 0 0 0 55 0 67 68 0 27 15 92 11 57 0 0 71 22 0 28 0 0 25 0 14 21 1 0 0 0 73 34 7 17 6 0 28 0 0 0 0 53 0 7 0 1 38 58 85 0 32 47 45 6 13 33 32 0 89 10 60 0 45 48 0 0 59 0 0 74 56 0 0 13 46 0 0 7 0 0 74 19 34 89 0 0 15 0 0 16 38 11 24 0 0 0 57 43 0 0 15 0 15 33 0 0 0 0 0 0 0 39 13 47 0 84 22
 38 35 35 21 38 88 19 53 53 35 10 16 51 73 10 33 28 67 69 93 70 48 78 0 57 0 0 0 63 5 66 39 51 2 0 0 52 41 6 78 63 71 62 89 0 46 54 0 7 0 0 0 54 7 0 16 0 85 0 73 31 0 2 25 0 90 66 81 2 32 30 82 64 0 22 0 5 44 0 29 6 0 61 30 54 52 33 23 98 60 71 0 55 0 68 0 75 11 25 43 3 34 0 0 58 0 0 0 10 0 21 91 37 0 8 69 0 8 72 25 0 2 0 0 55 56 6 20 31 59 66 85 53 20 42 23 80 28 42 58 0 54 3 85 52 0 30 0 46 78 54 13 75 38 21 43 8 46 0 78 51 91 29 10 53 0 7 5 0 31 0 19 45 0 29 71 16 0 49 35 21 72 2 25 61 45 52 18 57 0 64 12 35 31 93 42 65 48 55 55
 12 0 93 0 0 19 0 50 0 41 0 39 0 1 54 66 0 0 0 28 72 7 0 0 0 37 0 0 0 0 46 83 0 0 0 0 0 60 0 52 1 59 15 0 0 0 54 12 33 18 35 0 59 0 0 13 0 72 0 0 0 2 0 71 37 22 0 0 82 0 72 16 0 48 16 0 0 0 17 18 41 28 0 35 0 0 89 0 78 10 5 18 11 0 53 68 0 0 56 52 0 12 51 70 2 3 0 5 23 0 0 30 10 7 0 0 0 0 73 0 0 13 0 0 0 0 82 0 2 62 61 2 57 29 43 35 83 0 33 66 19 0 1 37 18 7 82 7 25 0 47 19 9 0 44 57 36 8 0 52 5 0 0 23 0 10 0 6 0 0 3 0 0 46 46 61 0 0 0 10 0 0 0 60 0 0 38 0 0 1 0 0 0 0 0 38 35 45 0 93
 41 17 36 0 13 8 52 0 0 0 2 24 58 50 24 25 52 0 26 49 50 93 0 32 0 26 38 0 0 0 58 2 0 66 55 0 0 35 4 38 44 39 53 7 15 70 91 0 0 23 94 33 49 0 12 0 0 49 0 58 0 14 46 52 32 89 13 0 93 0 0 62 52 66 0 2 0 27 18 2 3 26 20 51 81 45 0 0 57 73 0 64 63 0 0 24 0 0 1 0 0 0 57 39 94 3 5 0 19 0 76 34 0 19 38 0 48 43 38 79 0 59 0 0 12 0 73 18 0 84 89 0 75 0 48 8 29 0 0 11 25 30 0 0 0 12 51 0 42 63 80 48 40 66 29 58 0 69 0 0 40 13 60 82 0 24 57 25 0 2 0 16 0 0 54 20 0 0 15 34 12 4 9 45 17 46 26 19 16 4 0 0 35 50 2 0 44 26 0 33
 54 68 41 0 2 0 0 0 0 53 23 61 34 0 50 26 81 0 2 64 60 0 0 10 8 0 7 0 0 0 35 25 15 0 0 0 52 83 0 0 77 4 40 0 0 62 43 0 7 22 72 73 5 50 0 15 1 0 12 23 3 0 0 64 14 89 0 12 0 0 0 28 0 62 22 65 67 1 0 19 14 18 0 0 0 5 85 0 0 6 84 66 0 0 8 76 2 0 54 35 0 0 41 41 22 2 39 18 14 0 90 32 0 30 0 17 82 18 0 68 1 0 0 3 31 0 0 0 0 0 11 6 0 22 83 19 65 57 54 81 27 22 0 18 0 0 62 0 55 57 50 0 62 8 76 55 0 0 0 3 0 0 79 12 29 0 52 0 15 37 58 0 0 45 28 77 0 12 0 44 0 0 0 25 0 0 66 0 0 11 0 0 65 25 0 83 0 26 40 66
 16 7 58 0 53 58 26 0 0 8 12 18 3 58 0 0 88 0 13 43 0 38 1 56 0 0 25 61 50 0 20 11 0 89 71 0 49 2 0 59 0 0 0 50 0 28 65 0 9 82 0 0 40 61 64 0 21 10 19 30 0 0 0 0 19 43 0 28 72 20 86 52 33 51 0 0 14 0 0 20 24 0 0 83 54 1 12 37 73 0 51 74 0 0 47 77 16 0 54 95 0 0 69 58 38 65 10 0 0 0 55 32 38 16 29 0 75 0 0 15 0 83 6 20 0 0 11 18 54 11 66 35 39 54 53 1 35 16 56 27 0 64 67 0 0 0 10 0 18 51 42 0 16 0 32 73 20 42 25 13 42 28 29 0 0 0 39 24 0 6 36 35 4 19 73 52 0 0 92 37 16 0 59 81 0 0 10 26 53 0 46 0 55 64 16 72 59 45 29 20
 0 0 0 0 0 0 0 0 0 3 25 0 0 0 0 0 0 0 0 2 0 0 15 0 0 0 0 0 0 0 0 0 0 0 0 0 0 0 0 0 24 0 0 27 0 0 0 0 0 96 25 38 58 65 0 0 0 5 0 0 0 10 0 0 0 0 0 0 16 0 0 0 0 10 0 0 6 0 0 0 0 0 0 65 0 0 0 11 0 0 0 22 0 0 0 0 0 10 71 0 0 0 0 0 7 0 0 0 21 0 9 6 0 0 0 0 0 0 8 4 0 0 0 0 0 0 8 0 32 0 0 28 0 7 0 3 15 1 0 35 13 0 27 0 0 21 0 0 14 0 0 0 13 0 0 0 0 0 9 65 0 0 0 6 23 15 0 0 0 0 0 0 13 62 0 0 0 0 22 0 0 0 0 0 0 0 0 0 0 30 0 0 37 66 0 0 0 46 0 19
 0 0 23 0 5 0 0 52 0 0 75 65 0 79 68 11 17 0 0 51 27 6 0 54 0 0 0 0 0 0 53 0 16 0 0 0 14 7 0 0 41 47 49 0 0 0 13 0 0 0 0 34 0 3 0 0 0 19 0 12 0 0 0 49 38 0 28 0 0 0 50 38 0 17 0 14 0 0 0 4 0 0 0 56 0 0 0 10 0 44 0 81 0 0 35 12 45 0 50 0 0 0 10 61 74 54 80 0 67 2 0 0 21 0 23 0 0 0 0 0 0 0 0 0 0 0 5 0 51 2 67 0 59 11 64 0 74 69 32 96 0 80 80 1 0 22 0 0 0 0 50 0 63 0 37 0 0 8 0 16 31 4 0 53 0 89 11 0 0 51 32 0 0 83 0 7 0 0 0 65 0 0 0 80 0 0 50 0 0 0 32 0 0 0 54 0 75 14 10 75
 6 63 0 10 10 0 0 77 48 32 43 29 64 23 51 8 73 0 0 3 0 66 49 0 56 0 68 62 0 1 54 0 0 15 58 0 6 62 0 31 30 0 43 0 0 25 25 0 75 0 77 38 39 67 56 17 30 7 0 61 6 0 31 79 53 3 0 0 56 12 22 91 20 0 0 86 96 30 19 26 23 69 61 29 38 79 47 0 12 0 0 15 3 74 29 51 12 58 4 6 10 10 0 44 57 10 71 0 0 3 9 71 0 6 66 16 32 45 0 28 0 0 0 35 70 27 16 70 68 9 30 21 53 17 0 2 0 63 49 0 0 70 66 68 16 0 0 0 57 0 10 0 16 0 31 56 6 71 0 89 0 0 4 81 0 0 0 0 2 0 44 10 14 0 51 60 6 0 19 37 91 0 42 0 3 50 0 0 32 24 62 6 1 7 77 50 0 73 0 4
 7 66 39 0 0 0 15 64 0 79 85 85 35 96 21 70 0 9 59 0 9 54 0 11 6 0 7 0 11 0 59 90 0 0 0 0 65 0 24 33 56 9 72 41 0 0 80 13 0 23 48 52 0 32 0 0 0 68 0 0 0 0 2 25 38 54 0 0 29 5 35 72 0 0 23 44 43 0 21 55 36 0 0 0 11 0 59 60 7 85 42 77 16 0 36 47 64 0 41 1 0 0 28 40 16 82 62 11 44 0 6 43 0 0 0 0 91 63 64 65 0 40 0 0 61 0 0 21 0 0 0 96 78 40 91 0 0 16 63 0 0 0 69 0 0 55 20 0 42 28 41 1 88 22 0 63 55 31 0 89 0 4 42 37 0 4 32 0 0 49 27 8 0 9 93 36 0 7 77 22 8 4 61 53 0 45 67 41 81 0 0 0 34 8 54 44 0 0 52 59
 66 74 74 0 0 14 64 84 0 19 75 40 21 78 0 74 28 0 40 49 0 0 10 0 23 7 46 0 39 0 82 47 0 5 0 0 28 37 0 0 41 11 0 0 0 75 7 0 0 28 0 29 10 0 0 0 3 12 0 13 0 0 9 39 48 25 0 0 66 0 0 28 1 12 0 57 0 53 0 0 0 65 0 10 0 7 34 19 33 65 66 40 57 6 0 3 1 19 0 21 0 0 0 48 54 71 8 0 0 0 0 62 0 77 68 0 0 75 0 7 0 19 39 0 46 0 0 0 34 39 78 39 4 17 72 26 46 19 60 66 0 0 30 0 0 0 35 0 7 53 58 0 17 70 22 81 36 0 0 5 4 0 44 0 19 0 0 53 0 76 0 0 0 47 2 58 0 0 0 28 60 0 0 65 0 78 80 20 0 0 14 0 45 8 67 25 41 12 38 0
 36 38 57 29 86 74 37 4 0 8 66 33 44 23 96 0 71 0 0 57 45 47 29 28 58 8 1 45 20 17 30 52 19 10 58 0 90 16 91 68 34 44 0 5 91 13 39 0 30 76 37 84 67 0 46 53 12 76 0 0 6 0 54 2 32 0 54 41 11 0 0 74 58 71 56 11 20 39 0 0 52 0 69 0 67 75 49 0 6 0 8 65 56 7 44 54 31 0 0 43 0 0 79 75 76 0 78 0 0 0 16 7 36 53 0 0 64 54 21 0 0 40 71 0 64 37 59 0 5 1 66 52 59 60 7 10 87 19 79 34 0 0 32 12 36 36 68 30 0 62 18 65 39 21 17 17 8 38 0 20 40 3 41 27 0 0 26 0 0 0 0 0 0 0 56 23 53 69 2 29 14 0 0 0 18 20 50 0 3 15 0 87 0 0 0 97 57 18 45 8
 10 0 9 0 25 46 0 68 0 5 30 61 0 0 50 0 19 0 0 41 30 0 0 74 10 0 41 28 0 0 8 0 0 0 0 0 0 0 0 55 51 3 73 0 0 32 0 0 53 47 51 74 5 62 0 12 0 8 0 29 0 0 0 48 91 6 0 0 0 5 73 44 0 0 0 40 24 2 0 44 87 40 0 21 0 74 17 58 60 19 4 3 0 0 1 99 85 0 47 0 0 0 0 66 0 0 5 0 6 0 0 64 39 33 0 0 0 34 9 0 0 0 0 0 0 0 0 1 19 46 0 0 13 44 80 66 43 0 0 0 31 73 64 41 0 17 19 0 0 56 0 0 71 0 4 0 42 50 0 10 0 0 27 22 26 7 0 26 0 64 49 0 0 23 0 29 0 0 0 0 65 0 0 8 0 0 0 14 7 0 0 17 53 28 0 64 0 7 10 24
 0 19 53 0 0 49 0 0 0 6 0 82 47 0 39 30 53 0 0 47 16 0 0 70 0 0 0 0 0 0 20 0 0 4 0 0 21 0 0 44 0 78 0 20 0 19 43 5 28 64 0 53 0 22 0 0 0 53 6 20 0 11 9 51 46 0 0 0 0 0 31 49 0 35 0 0 0 0 0 35 0 0 32 15 21 0 0 92 0 44 0 23 66 0 53 53 48 0 51 0 0 0 0 27 54 20 22 21 30 0 27 0 37 11 0 0 0 0 0 0 0 0 0 0 0 0 0 0 19 8 0 24 9 0 15 10 7 0 9 0 0 38 2 72 0 46 0 0 0 0 35 0 59 0 54 0 12 55 0 27 59 0 0 15 0 16 83 0 0 32 42 0 0 0 38 0 8 0 0 53 0 0 0 44 0 0 17 12 0 0 36 0 23 1 26 38 8 49 48 24
 5 41 42 0 0 4 0 15 0 44 0 7 20 89 11 0 50 0 39 31 26 0 3 36 4 0 27 0 45 9 26 44 23 0 0 0 41 4 0 11 70 82 0 25 0 0 71 0 34 0 5 30 7 7 2 0 0 0 0 60 0 0 47 60 35 61 0 0 2 0 8 0 0 0 7 25 51 0 0 17 24 42 0 51 24 46 77 77 19 0 28 0 57 0 20 0 4 0 62 64 0 0 10 43 10 40 9 0 4 0 70 50 9 13 51 0 0 0 26 42 0 1 0 0 2 0 33 28 55 0 84 54 0 17 75 5 51 11 22 60 0 45 0 34 0 3 52 0 22 77 2 0 44 83 57 0 56 0 0 46 55 0 0 15 0 25 19 77 0 25 62 8 0 69 0 62 0 0 0 0 0 0 0 64 0 35 72 2 12 0 0 0 0 77 55 15 0 0 10 3
 1 0 10 0 0 0 0 24 0 83 0 46 0 0 8 65 0 0 0 1 2 0 9 7 0 0 0 0 17 0 21 4 0 0 20 0 0 0 0 0 29 91 20 0 7 44 0 0 17 14 0 25 8 0 0 0 0 33 0 0 10 0 0 0 38 0 30 0 19 0 0 0 0 7 0 60 0 9 0 7 0 0 0 29 0 0 0 0 31 48 0 65 0 0 97 0 50 0 44 0 0 0 13 0 49 21 24 0 75 0 0 0 59 1 0 0 0 5 0 0 9 0 0 14 22 14 0 0 48 64 5 0 66 0 13 40 66 27 0 4 0 42 0 32 0 5 0 25 13 23 1 0 24 0 1 3 0 43 0 60 9 11 0 0 0 45 0 0 0 6 0 0 0 80 0 0 0 0 9 0 0 0 0 0 4 0 35 35 9 0 7 0 0 44 2 0 7 41 0 37
 23 0 0 13 0 0 0 0 2 0 0 0 0 0 0 0 0 17 0 0 2 0 2 0 20 0 0 0 0 5 0 0 0 0 0 0 0 21 0 0 0 0 10 0 0 23 0 0 0 0 0 0 0 0 0 0 0 0 0 0 0 0 0 0 31 0 0 25 0 0 21 0 0 0 0 27 5 0 0 0 0 0 0 22 0 0 0 0 0 0 0 2 17 0 0 0 14 0 84 13 0 0 0 0 0 0 0 0 11 0 0 0 0 0 0 0 0 5 0 0 0 0 0 0 0 0 0 0 0 0 0 0 0 0 18 8 5 0 0 0 16 0 0 0 0 25 0 0 0 0 0 0 89 0 8 0 0 0 31 0 0 11 0 0 0 29 0 0 0 0 17 0 0 29 0 13 0 0 0 0 0 0 0 0 0 0 24 0 0 0 0 0 58 0 16 0 0 21 0 66
 0 0 52 0 0 0 0 61 0 77 51 68 0 0 34 60 56 0 0 28 29 0 0 44 0 0 0 0 0 10 50 0 4 0 0 0 0 0 0 0 73 0 54 0 0 65 0 0 0 27 0 0 1 51 0 0 0 0 0 6 4 0 0 0 0 0 0 0 63 0 0 0 0 0 0 48 17 25 0 0 0 0 4 58 0 0 0 0 31 95 0 66 2 0 17 0 55 0 0 0 0 0 0 41 54 17 0 0 81 0 0 24 46 6 0 0 0 0 0 0 0 1 0 0 0 30 53 0 70 65 0 0 78 0 71 41 0 42 0 2 7 0 55 0 0 49 4 0 0 0 0 0 36 0 53 0 0 5 0 41 11 0 0 0 27 13 0 0 0 57 0 0 0 53 73 0 0 1 9 32 0 0 2 41 0 0 40 0 0 0 0 0 6 19 0 43 64 23 0 77
 0 0 92 0 0 0 0 0 0 0 44 0 0 5 0 0 0 31 0 0 10 3 0 0 4 0 0 0 0 8 67 0 0 0 32 6 0 15 13 0 0 0 0 0 0 0 0 0 0 68 0 54 57 10 0 0 0 0 21 0 0 2 0 25 42 0 0 0 1 0 0 0 0 22 0 51 22 0 0 0 3 0 0 71 33 0 0 0 56 29 0 84 2 0 29 10 0 0 29 0 23 0 33 0 11 32 25 20 0 1 0 0 18 7 0 0 0 0 0 0 0 0 0 9 0 0 51 0 0 0 0 0 0 0 0 0 0 0 4 17 0 0 57 0 15 23 12 0 0 0 0 8 70 0 16 0 0 11 0 58 0 0 0 0 0 23 0 24 0 54 0 0 0 68 67 0 0 0 4 60 23 0 5 0 0 0 15 0 0 4 0 0 3 0 0 0 0 64 0 0
 30 87 60 0 0 20 0 0 0 26 0 16 56 5 80 28 13 0 9 13 0 36 0 60 25 0 19 0 49 0 0 6 8 0 73 0 43 0 0 68 26 41 4 0 0 78 49 8 37 53 50 76 87 39 0 0 0 0 0 90 0 18 2 72 0 1 0 0 82 0 30 69 0 84 0 55 25 72 0 0 0 90 0 46 29 13 33 4 0 7 81 0 0 0 23 0 13 0 44 7 0 0 17 50 39 53 67 22 26 0 74 1 28 40 35 0 3 26 64 62 0 39 0 0 0 0 58 39 22 47 0 5 52 0 0 0 0 32 14 41 0 37 4 30 0 49 16 0 0 0 47 60 36 17 0 0 0 14 0 6 0 0 75 38 19 0 24 47 0 19 41 0 0 51 0 44 0 0 15 3 35 9 50 30 0 35 49 76 0 0 30 0 73 4 55 25 75 62 27 49
 59 54 45 10 61 0 0 0 0 36 7 45 48 1 0 3 60 17 4 45 70 49 0 0 46 5 56 0 17 15 79 16 11 1 56 0 15 76 17 0 52 13 79 36 0 0 13 0 51 22 60 10 0 77 93 65 32 34 0 0 0 0 15 0 16 0 0 31 3 0 5 5 0 48 0 67 95 20 0 68 41 11 0 21 50 65 8 21 3 35 6 26 50 56 34 0 81 20 51 0 0 10 6 73 0 3 25 0 32 8 40 0 0 0 39 0 63 29 23 0 0 46 0 0 1 0 4 0 63 48 55 35 0 17 49 39 0 41 0 11 0 33 70 76 0 0 0 0 35 15 41 7 48 63 26 43 36 38 0 0 50 67 0 69 0 66 64 81 0 5 31 0 0 88 62 30 16 19 7 14 0 0 3 0 0 53 24 96 40 19 67 87 69 0 60 41 65 28 40 0
 0 0 30 0 0 34 0 24 0 32 0 2 13 0 9 80 7 0 0 4 0 0 0 61 0 0 1 0 0 0 2 23 0 22 0 0 0 0 38 0 0 0 29 0 28 0 0 0 0 85 0 39 84 14 0 0 0 0 0 0 0 0 0 0 30 0 0 29 0 0 0 18 0 25 0 15 0 0 0 14 0 0 0 61 0 0 0 0 41 0 0 78 9 0 25 8 0 0 72 0 0 0 79 66 54 50 0 0 60 0 0 0 49 59 0 0 0 0 0 8 0 0 0 0 0 6 90 0 63 11 0 0 72 0 33 43 54 8 0 10 0 0 80 0 2 43 1 0 13 0 0 0 0 0 0 0 0 70 0 89 55 26 0 7 0 16 0 0 0 17 0 0 0 57 60 20 0 18 0 2 2 0 0 62 0 0 57 41 0 17 0 0 10 92 66 67 6 19 0 56
 0 36 39 0 0 0 0 27 0 28 52 46 0 48 0 58 0 0 0 30 32 10 0 48 0 0 0 0 0 0 45 0 0 0 0 0 7 0 0 56 9 42 25 0 0 89 0 0 0 4 0 63 77 11 0 0 0 19 0 91 0 2 8 5 57 0 0 0 45 15 66 0 0 44 0 38 10 0 5 53 0 0 0 38 0 0 0 0 69 20 0 29 3 15 11 0 38 0 9 13 0 0 11 0 0 48 28 0 0 0 0 0 38 26 0 21 0 0 0 2 20 21 0 0 0 23 0 0 0 0 0 0 44 0 64 81 45 27 0 53 0 29 36 73 11 52 0 4 0 0 27 0 49 0 0 0 0 0 0 26 68 0 0 29 0 57 7 0 0 16 29 0 20 49 47 0 0 0 0 0 0 27 0 26 0 2 89 0 32 0 0 0 63 0 0 24 2 44 0 14
 0 79 63 0 31 64 25 59 38 0 29 11 58 0 12 0 1 0 52 54 59 1 76 35 40 22 0 7 88 11 41 59 52 0 21 55 12 0 52 66 34 44 73 0 52 12 67 0 56 27 0 32 49 31 62 0 0 4 0 0 14 0 21 16 0 63 11 19 13 65 42 0 33 65 0 51 0 80 42 28 0 53 26 52 23 0 50 22 45 56 7 36 0 61 29 10 1 63 27 36 0 22 30 10 47 55 29 0 20 0 1 68 51 28 23 48 68 0 35 0 0 68 89 0 0 74 44 3 26 61 74 82 61 63 32 30 52 13 52 21 0 0 0 57 38 13 3 0 34 24 0 0 4 0 36 66 0 47 0 33 50 30 0 0 47 16 22 0 0 16 19 0 2 32 32 0 94 3 0 0 23 20 20 36 32 29 5 0 19 33 7 34 61 0 55 79 0 22 36 27
 0 0 31 20 0 0 16 69 0 29 53 0 57 36 73 52 59 10 0 6 86 16 0 72 0 0 0 7 0 0 65 23 0 13 7 0 0 0 0 0 25 24 10 0 0 56 54 0 0 27 0 34 0 0 0 0 0 58 0 0 0 0 0 21 45 0 0 2 0 0 65 14 0 8 0 49 0 0 0 78 0 31 0 34 0 10 0 33 25 22 0 0 0 0 3 59 21 0 66 53 0 8 65 78 0 0 45 18 77 0 0 29 72 71 0 0 0 22 0 0 0 12 0 0 0 4 17 0 3 0 37 0 0 0 45 47 30 74 0 0 0 10 61 33 0 43 0 0 0 0 68 0 0 11 19 3 0 40 0 47 51 0 0 83 0 17 13 0 0 24 2 11 0 31 35 0 0 0 0 56 3 0 0 39 0 0 77 89 0 0 0 0 86 1 19 22 0 57 32 62
 0 0 0 0 0 0 0 6 0 0 5 0 0 0 0 0 0 0 0 0 2 0 0 0 0 3 0 0 0 0 0 14 11 0 0 0 0 0 3 0 1 0 0 0 0 0 0 0 0 0 0 0 8 0 0 0 25 9 0 0 0 1 0 0 0 7 0 2 3 0 0 0 0 0 17 0 0 0 0 7 0 0 0 0 0 0 0 0 0 0 7 0 0 31 0 0 0 0 0 0 0 0 1 0 0 0 0 0 0 0 13 0 0 0 0 0 0 0 0 0 0 0 0 0 0 0 0 0 0 0 0 0 0 0 0 0 0 3 0 0 0 0 0 0 0 0 0 35 0 0 0 30 0 0 0 0 0 14 0 0 0 0 27 5 0 0 0 0 0 0 0 16 0 28 0 0 2 0 0 0 16 0 0 0 0 0 20 23 0 15 0 0 0 0 0 0 17 0 0 0
 10 5 56 0 0 75 0 13 0 66 53 85 44 59 6 12 38 0 0 38 4 0 0 69 0 12 0 0 0 5 0 51 0 0 9 0 0 63 0 66 16 72 73 0 0 15 15 14 87 32 0 73 14 57 0 0 0 4 0 37 0 0 0 0 94 0 0 0 0 0 0 57 0 0 26 0 0 0 0 30 80 0 0 9 0 0 85 49 45 65 0 67 0 0 33 0 92 0 66 7 22 0 53 0 0 39 33 0 54 31 0 0 0 44 0 0 0 77 77 9 10 0 11 0 0 0 7 0 17 27 83 65 74 0 58 48 0 67 64 65 0 43 33 11 0 0 29 0 0 0 0 0 15 12 60 64 33 72 14 29 88 0 0 1 3 12 80 0 0 0 1 0 3 6 61 4 28 0 0 0 0 0 0 44 0 0 0 50 0 0 0 0 41 55 0 0 18 80 0 58
 0 0 3 0 0 0 0 10 0 10 7 0 0 0 0 0 5 0 19 0 0 0 0 35 0 29 23 0 0 21 0 0 0 0 0 0 0 0 0 0 27 26 0 0 0 0 0 0 0 13 0 0 13 0 19 0 0 0 0 0 4 0 0 0 0 0 0 0 0 0 0 0 0 0 1 0 0 13 0 16 7 0 0 0 0 0 0 0 0 0 25 0 0 0 0 0 18 0 0 0 0 0 0 0 0 16 0 0 0 0 0 0 0 1 22 23 0 0 0 0 0 0 0 0 0 23 0 12 0 0 0 4 0 0 0 0 0 0 0 8 0 0 0 0 0 0 0 0 0 0 19 0 58 0 0 0 0 0 0 60 0 0 0 0 0 92 0 4 8 0 0 0 32 0 3 0 0 0 0 0 0 0 0 0 0 11 15 0 0 5 0 0 21 1 0 0 22 77 0 0
 0 1 0 0 0 0 0 18 2 0 0 0 11 0 0 0 2 0 0 0 0 0 0 0 0 0 0 0 0 0 0 8 0 3 0 0 0 8 0 0 3 0 0 0 2 0 0 0 5 0 0 0 0 0 0 0 0 0 11 0 11 0 0 0 13 0 22 0 0 3 0 29 12 0 0 0 0 12 5 0 33 0 6 0 0 0 0 0 0 22 0 42 0 0 16 0 0 0 4 0 0 0 0 0 0 0 0 0 4 30 0 0 0 0 0 0 0 0 0 20 0 0 0 0 0 0 16 0 0 6 20 0 0 0 29 0 0 0 0 4 0 0 0 0 0 0 0 0 0 12 0 0 9 0 0 0 0 0 0 18 0 0 2 0 0 83 0 0 0 0 0 10 10 0 0 0 0 0 0 0 0 0 5 0 18 0 0 5 30 0 0 30 48 11 0 0 14 58 0 44
 28 0 0 0 0 23 15 16 23 3 0 0 0 0 0 29 0 0 0 0 0 6 0 13 0 0 16 19 0 0 0 0 0 0 5 18 0 0 0 4 53 0 0 0 0 0 0 0 26 27 0 45 35 0 14 0 0 0 0 0 0 0 0 0 0 0 0 0 3 0 0 19 2 0 0 0 0 0 0 0 7 1 0 7 0 0 0 0 0 0 12 0 1 0 0 0 0 0 36 0 0 0 0 0 0 0 0 0 8 21 0 0 0 0 0 0 0 0 0 0 0 0 0 0 3 0 0 9 0 0 0 0 0 0 0 0 0 0 0 35 0 2 0 0 0 0 27 15 0 0 0 8 71 0 0 0 0 0 0 38 0 0 0 0 0 46 0 0 19 0 0 1 0 88 0 0 0 0 3 0 0 15 0 0 0 0 0 0 0 23 0 0 18 88 0 0 0 27 0 9
 42 49 39 30 0 57 58 13 0 0 49 0 41 53 31 34 42 0 9 28 39 0 0 59 0 15 40 0 1 0 38 64 0 64 79 0 64 74 0 0 38 46 57 1 0 56 31 0 56 40 46 0 66 0 0 14 0 70 0 38 0 0 76 0 13 41 0 25 33 0 64 0 0 52 0 75 71 57 0 16 55 15 0 50 75 0 73 0 65 0 3 68 0 0 0 12 0 0 7 20 0 0 13 71 0 0 11 0 38 0 75 45 0 0 0 0 35 0 30 90 0 24 6 0 36 0 0 38 33 55 88 38 38 0 29 32 0 41 0 53 0 42 22 69 0 56 76 0 50 89 9 49 43 1 66 36 78 0 0 0 42 0 15 19 0 0 37 39 0 19 0 37 0 0 61 14 0 11 74 0 66 0 45 20 0 0 37 58 0 0 0 0 55 9 0 8 34 0 0 0
 36 36 14 0 65 47 25 71 0 0 64 69 78 49 1 56 63 0 1 3 67 61 0 42 15 0 0 46 0 4 46 39 0 85 62 0 0 16 60 7 80 63 10 45 0 48 24 3 79 10 55 18 6 15 0 0 0 28 0 38 3 5 12 88 0 79 75 0 27 52 33 12 6 21 0 0 40 30 0 39 64 66 0 92 4 43 48 0 30 0 29 39 0 0 39 92 11 0 68 0 0 0 0 0 35 13 74 0 46 0 0 57 75 0 34 0 34 6 13 83 0 19 0 0 0 0 51 19 31 68 37 5 60 30 71 36 97 0 0 72 0 55 61 0 0 0 54 0 0 0 59 69 0 27 51 35 0 42 0 52 0 0 4 67 0 34 42 0 5 10 13 2 0 16 58 0 20 0 50 45 0 7 70 10 0 0 75 13 5 3 58 75 4 24 0 0 15 48 42 63
 31 29 89 0 64 37 62 33 6 0 0 36 45 0 25 0 71 0 29 27 42 53 9 61 12 8 40 73 0 0 53 56 0 30 0 0 62 19 12 62 36 50 79 85 0 66 12 17 70 0 74 33 53 1 40 59 0 12 0 51 0 0 0 27 0 4 27 0 0 57 32 0 23 28 0 1 1 4 0 59 49 65 42 0 0 88 56 0 4 79 57 48 22 40 76 34 51 30 58 0 0 1 79 50 0 18 6 0 38 0 12 25 38 55 0 0 5 0 33 52 13 47 0 17 88 0 79 14 82 88 51 26 1 93 0 37 30 44 77 0 0 0 9 65 0 0 23 0 36 36 11 0 0 25 53 94 0 57 0 0 0 4 93 53 0 5 0 0 15 42 5 0 0 0 10 0 8 25 57 42 9 3 47 0 0 55 0 24 89 20 8 21 70 48 22 0 68 30 49 43
 0 0 53 0 0 0 0 52 26 0 37 36 0 0 4 34 67 0 0 5 74 0 0 21 0 0 0 0 6 0 0 0 0 0 0 0 0 0 17 0 7 38 23 7 0 11 0 0 0 0 0 51 5 49 0 0 0 0 0 0 0 0 0 0 70 0 6 0 3 0 0 0 0 3 10 81 0 0 0 7 0 0 0 53 0 0 0 0 26 16 0 0 0 0 0 4 17 29 88 25 0 3 19 14 65 51 0 0 65 26 0 0 15 38 19 0 0 24 0 0 0 0 0 19 0 0 7 0 75 0 0 15 0 0 75 70 0 66 0 0 0 19 42 68 10 7 0 0 0 0 9 0 18 0 18 0 24 0 0 42 49 0 0 0 11 42 0 1 0 17 0 0 0 36 43 0 0 3 0 4 3 0 0 48 0 0 51 0 0 0 0 0 47 73 49 19 33 66 0 60
 41 3 61 45 3 0 55 3 56 29 77 40 44 0 55 77 61 0 0 13 69 21 72 73 10 74 6 20 0 0 21 40 86 39 30 6 53 0 10 3 55 77 0 17 41 46 82 20 24 34 46 42 0 40 10 26 84 28 0 44 72 11 70 0 0 64 29 0 0 0 80 36 94 73 76 10 4 46 0 66 21 4 2 0 4 57 31 25 0 41 3 50 52 19 39 33 37 62 10 1 0 70 37 43 54 4 66 33 41 16 51 8 0 91 75 68 0 43 7 0 39 25 41 13 0 43 0 0 15 0 3 0 14 39 53 96 0 40 7 52 0 0 15 60 0 52 50 46 67 4 67 0 43 63 0 17 18 4 67 7 47 17 0 15 0 0 72 21 50 20 48 35 0 66 40 37 0 42 69 21 0 8 10 0 47 81 72 77 4 1 0 0 29 28 0 75 65 86 0 94
 0 0 93 0 0 0 0 16 0 27 24 44 0 4 0 0 53 0 0 35 0 0 0 30 0 0 11 0 0 0 28 0 0 10 0 10 0 0 0 54 38 0 79 0 5 67 0 7 23 68 0 28 29 32 0 0 0 3 0 0 20 0 26 0 59 13 0 0 17 0 0 24 0 47 0 14 24 0 0 55 23 0 0 84 8 0 26 19 0 1 0 64 0 0 8 0 41 0 20 0 9 0 20 11 59 89 0 11 8 0 0 0 31 38 0 0 0 0 0 0 16 0 0 0 0 0 23 0 11 59 4 0 29 0 87 12 18 0 0 38 0 0 49 16 0 53 0 0 0 18 0 0 12 0 46 34 0 0 35 0 0 5 18 0 0 12 0 0 0 27 0 4 0 3 98 15 0 0 8 0 0 2 0 49 0 33 6 32 0 17 0 3 68 22 0 33 11 34 0 31
 66 0 62 0 22 24 41 0 4 66 66 28 91 65 55 63 26 29 67 0 40 84 0 0 43 0 34 31 0 55 34 37 0 28 65 0 40 26 95 0 8 0 15 21 17 39 44 0 43 78 86 0 0 4 7 0 6 21 0 0 0 0 65 53 43 39 0 0 12 70 0 23 0 42 0 10 17 15 0 21 50 28 0 0 0 31 73 49 11 81 33 27 8 0 3 55 0 0 9 37 0 0 0 0 82 56 67 0 67 0 19 15 35 0 46 12 16 17 81 17 0 0 0 0 50 0 45 41 0 2 63 0 32 10 2 19 18 35 37 0 0 67 36 80 4 70 73 0 19 0 66 64 55 17 46 9 32 35 6 35 22 34 53 11 0 62 61 61 17 23 0 42 0 33 31 37 70 0 2 59 33 0 56 45 30 36 18 14 0 0 4 38 55 36 0 44 36 7 44 31
 0 91 12 9 24 0 0 45 60 1 10 77 0 6 0 86 0 26 20 0 0 69 36 49 51 2 0 0 50 3 0 82 44 20 16 16 18 0 62 75 61 13 0 0 61 34 0 66 40 0 6 63 31 13 73 0 42 32 0 40 32 0 39 20 0 59 27 89 10 0 0 57 0 11 26 43 60 77 95 0 11 66 64 5 34 67 46 0 0 24 7 0 64 55 47 0 79 37 0 15 65 48 90 53 17 0 21 82 44 0 0 68 8 39 0 42 14 73 50 9 70 0 0 1 15 50 23 26 41 69 47 27 36 48 19 74 0 64 94 0 17 69 20 70 31 9 48 18 40 30 13 0 52 5 2 0 0 39 19 34 72 3 34 6 58 95 26 78 4 2 61 76 78 26 78 31 6 24 0 0 0 0 11 88 37 5 15 76 57 30 91 19 69 93 15 0 0 50 74 1
 33 53 47 0 0 85 0 23 0 19 16 17 18 12 0 1 12 0 0 9 77 0 0 62 39 0 19 0 10 23 27 61 0 0 0 0 46 0 0 54 31 84 58 0 0 30 0 0 19 18 43 91 58 44 0 0 29 24 0 0 0 0 0 18 0 0 0 26 56 2 68 54 0 52 0 30 58 10 0 51 71 40 0 41 21 0 4 4 63 0 55 31 0 0 0 0 67 0 71 56 0 0 58 8 0 22 56 0 62 9 0 51 79 1 0 0 38 33 53 91 0 0 24 0 42 0 0 53 19 15 9 35 28 48 22 23 79 20 73 40 0 41 0 47 0 18 58 0 0 0 47 0 40 50 6 39 57 13 0 41 15 0 0 6 0 5 93 19 0 22 67 0 0 0 0 0 28 3 0 0 76 24 0 0 0 0 0 8 0 0 4 0 0 0 35 10 0 45 52 48
 0 0 86 0 0 0 0 73 0 82 81 24 0 0 88 31 0 17 0 65 0 0 6 83 25 0 0 0 0 18 40 0 0 0 0 0 0 0 0 61 19 47 0 0 5 8 0 0 0 18 35 73 33 65 4 0 0 76 3 34 0 0 0 0 35 4 29 0 24 0 0 0 0 70 3 24 0 0 0 0 14 0 0 56 0 0 3 0 29 39 0 57 0 0 24 10 0 0 45 0 0 39 0 31 0 80 0 11 12 0 0 1 59 62 0 0 4 0 0 0 0 12 0 0 0 28 66 0 0 44 0 0 52 0 68 9 42 56 0 59 6 70 0 83 29 59 27 0 0 0 26 0 65 0 61 0 0 0 0 65 26 1 0 0 0 0 64 0 0 50 0 0 0 75 8 0 0 32 0 15 0 3 0 38 0 0 67 83 0 0 25 0 30 57 91 0 56 0 2 12
 0 0 10 3 0 0 0 0 0 51 0 1 0 0 0 0 0 0 0 0 0 0 0 0 4 12 0 0 0 0 2 0 0 0 0 0 0 0 0 0 0 9 0 1 0 0 0 12 0 70 0 14 0 14 0 0 8 0 21 0 0 11 6 0 0 0 0 0 0 0 17 0 0 0 0 0 0 0 4 0 0 0 22 16 7 0 0 0 0 7 0 52 0 0 0 0 0 0 74 0 0 7 0 0 8 0 0 0 0 0 0 0 0 0 0 0 0 0 0 0 0 0 0 0 0 0 0 0 0 7 0 0 0 0 6 0 0 0 0 27 0 0 51 0 25 0 0 0 0 0 0 0 87 0 24 0 23 0 24 0 0 0 0 0 0 0 0 0 0 32 0 0 0 55 21 0 0 0 0 37 35 0 13 23 1 0 7 0 24 0 0 0 0 39 0 0 0 0 0 54
 20 0 45 0 0 62 60 0 0 0 51 0 43 66 56 43 53 0 43 19 0 0 0 55 0 0 0 0 0 0 50 56 0 0 0 17 0 93 0 8 45 6 58 0 25 62 63 0 88 0 76 33 28 42 0 0 0 44 0 0 0 0 50 0 77 0 0 18 59 0 0 0 0 0 0 27 50 0 0 68 49 45 23 64 0 8 80 64 15 40 84 19 62 0 0 41 47 0 11 36 0 0 32 0 0 52 71 0 20 9 87 47 42 37 20 0 60 61 0 62 0 0 0 0 70 0 79 36 71 11 12 50 47 5 0 45 22 30 57 19 0 0 19 0 0 33 30 0 31 0 51 2 81 46 63 66 0 16 0 39 77 16 32 58 0 82 53 7 0 13 39 0 0 88 27 60 0 0 0 49 0 0 0 15 0 36 96 22 0 8 6 0 10 53 0 43 9 57 36 91
 36 19 0 0 38 46 22 0 0 20 64 48 1 65 92 42 3 0 21 70 38 0 0 33 59 0 78 0 11 19 53 0 23 36 4 0 46 61 43 0 21 60 64 42 11 89 0 0 94 67 49 53 0 0 16 0 0 0 0 7 0 0 63 0 88 1 0 11 8 22 25 64 18 52 0 45 0 2 0 68 44 16 0 31 5 9 0 56 87 33 44 74 50 0 26 55 52 0 18 16 5 10 0 55 33 39 11 0 70 0 37 0 64 20 27 0 46 30 45 9 0 6 0 0 0 0 10 16 0 43 78 17 23 62 44 49 15 0 45 31 29 13 17 0 0 60 55 0 10 20 62 14 50 45 0 73 0 2 0 25 0 16 64 73 14 27 0 78 6 26 84 3 0 71 24 0 5 0 69 47 0 0 71 15 0 69 0 56 25 7 0 27 0 27 46 52 19 70 28 20
 71 42 57 0 61 31 78 11 23 0 20 46 15 51 60 14 88 0 4 5 0 75 0 20 50 0 76 71 0 0 64 22 7 65 86 0 13 23 1 44 0 41 44 19 0 0 57 0 0 0 91 29 45 45 0 39 27 22 17 29 6 0 0 61 35 0 0 0 0 3 0 76 0 0 0 28 21 0 0 75 0 55 7 41 49 45 15 0 39 9 21 23 33 19 32 43 61 39 0 60 0 0 79 25 51 70 0 0 24 0 25 3 38 6 80 0 36 24 69 58 0 74 0 0 38 0 26 21 0 17 33 17 25 7 0 34 0 0 35 39 0 65 2 38 6 6 61 16 23 8 94 32 49 0 72 21 15 7 0 37 9 0 23 19 0 4 25 66 0 75 26 0 23 57 0 0 0 0 8 58 49 0 0 0 0 0 73 0 50 0 78 8 4 11 25 5 0 20 0 10
 0 0 47 0 0 12 0 60 0 60 0 1 0 0 0 55 0 0 0 0 0 0 0 0 0 0 0 0 11 0 0 14 0 0 0 0 19 4 0 0 80 0 0 0 0 1 0 0 3 0 38 24 12 0 0 0 14 0 13 0 0 0 0 0 85 0 0 11 0 0 31 0 7 0 0 76 0 0 4 0 17 0 0 30 6 1 0 0 2 0 0 50 0 0 32 0 0 0 0 0 0 0 6 5 0 0 29 0 49 0 0 0 0 0 0 0 0 0 0 16 0 0 5 13 0 0 71 0 0 0 0 0 10 0 0 0 0 0 7 0 0 0 0 0 0 0 0 0 0 0 0 0 5 0 0 18 0 0 0 26 8 0 0 0 0 69 0 0 0 12 0 0 0 0 65 0 19 0 0 0 0 0 8 0 0 0 37 0 0 0 0 0 72 45 0 0 8 43 0 0
 8 11 59 0 12 75 0 58 0 92 49 85 0 13 48 0 34 5 26 1 52 0 0 71 0 0 2 68 35 0 86 66 0 0 76 3 0 36 52 53 51 74 73 98 2 41 0 0 80 45 21 28 0 91 45 0 0 4 10 28 0 27 0 37 11 6 0 0 14 0 24 55 83 48 0 57 8 0 0 4 0 0 0 11 49 0 33 0 19 67 0 43 0 11 0 37 64 0 69 22 0 0 19 59 21 32 0 0 46 0 2 30 64 37 42 0 70 53 43 20 0 69 0 0 60 0 75 51 19 71 0 50 53 7 4 0 64 5 47 35 1 44 4 47 0 1 62 0 25 68 4 54 27 59 57 38 0 56 22 58 89 10 53 35 0 0 0 57 0 70 19 99 19 0 0 22 0 0 62 0 0 0 0 65 0 35 61 43 38 0 0 0 47 0 18 0 66 11 82 0
 6 0 0 0 16 0 0 0 0 64 12 49 0 18 26 43 2 0 0 17 29 0 0 74 0 0 0 6 19 0 63 0 0 0 35 0 0 0 0 2 0 90 35 0 0 51 0 0 0 33 14 62 28 45 0 0 0 74 0 38 19 8 0 17 0 27 0 3 0 0 0 5 0 42 0 0 0 0 0 45 0 7 13 69 0 0 0 0 16 27 0 55 0 0 0 8 26 0 49 0 0 0 66 71 14 67 0 0 27 0 0 0 58 8 25 0 0 4 22 0 4 0 0 30 0 0 31 0 78 40 0 0 78 0 0 52 5 0 16 41 4 49 21 47 0 76 9 0 0 0 7 0 61 0 30 0 0 37 33 37 2 0 0 0 3 69 0 25 0 0 0 0 0 54 25 0 0 0 0 21 0 0 0 29 12 0 21 64 5 0 0 0 83 25 78 31 1 64 0 57
 0 0 42 0 0 0 0 35 0 48 74 45 0 20 0 72 7 23 3 58 59 0 0 16 0 0 0 0 0 0 29 0 0 0 0 0 0 0 28 78 26 68 63 0 0 0 58 32 0 82 0 28 0 0 1 0 6 59 0 0 0 0 0 44 69 9 0 0 21 0 0 0 0 13 2 59 0 0 0 0 0 0 0 0 0 0 22 0 0 63 0 60 5 0 24 26 74 0 0 81 14 0 18 0 10 45 0 8 47 0 0 0 60 51 0 0 0 3 0 0 0 0 6 0 0 0 0 0 25 11 24 0 16 0 27 0 25 0 0 51 0 17 0 9 0 33 0 4 0 0 56 0 59 15 52 0 0 68 0 90 7 0 0 59 27 0 34 0 0 65 0 0 0 52 0 3 0 0 0 21 0 0 0 35 0 0 0 0 0 0 0 0 4 0 13 0 0 83 59 52
 3 67 15 0 0 18 20 2 0 0 0 0 46 67 9 46 78 17 58 28 1 0 0 0 25 0 63 0 3 0 80 80 0 3 0 0 5 24 28 31 38 61 4 4 1 20 11 0 1 40 40 58 0 0 17 0 0 58 0 20 5 27 86 25 69 27 0 13 0 0 81 72 0 6 31 27 56 32 0 0 20 86 0 40 0 72 0 7 22 4 36 5 38 0 2 43 12 0 3 0 0 5 55 71 86 41 7 0 0 0 77 59 56 77 65 2 0 58 0 3 0 2 0 0 57 0 0 41 20 14 19 10 18 0 13 12 12 28 37 13 0 70 71 56 0 43 58 29 7 0 0 0 5 53 49 9 0 68 0 29 13 2 3 83 0 33 82 1 0 40 1 0 0 5 9 58 0 0 0 73 18 8 10 0 0 22 55 66 0 0 0 0 41 0 1 5 0 10 2 0
 0 34 23 0 0 0 0 0 0 61 0 0 1 0 52 0 0 0 0 2 0 0 0 4 0 18 0 0 0 0 0 0 1 21 0 0 4 0 17 0 37 18 0 0 0 0 0 0 0 37 11 55 49 61 0 0 0 0 0 0 0 0 0 0 61 0 0 1 12 0 0 0 0 0 0 46 0 0 0 0 0 0 0 11 0 0 0 0 0 17 0 27 0 0 24 0 0 0 0 0 0 0 18 0 0 18 0 0 66 11 0 0 0 0 0 0 0 0 0 0 0 0 0 0 0 0 51 0 0 0 0 0 5 4 0 0 35 0 0 68 12 49 57 0 0 0 0 0 0 37 0 0 41 0 0 0 0 0 0 0 47 0 0 0 0 6 0 0 0 1 0 10 0 41 0 0 32 0 16 82 3 0 0 0 0 34 44 14 0 0 0 0 55 31 0 0 0 22 0 35
 56 23 13 38 36 60 14 21 0 13 1 46 0 0 2 42 54 0 0 95 86 83 30 0 0 0 0 35 0 54 54 50 10 0 47 0 53 41 0 32 5 30 67 40 65 63 55 7 40 0 0 0 71 50 58 4 49 0 0 87 64 0 36 0 5 1 29 47 34 22 78 0 0 53 0 68 18 0 0 12 0 79 0 67 17 1 29 13 74 0 24 22 85 0 13 0 8 89 1 39 0 19 0 0 0 0 84 4 0 0 23 0 0 38 0 35 77 77 37 0 0 59 0 0 30 57 66 12 3 0 38 1 44 22 0 9 0 23 12 38 0 75 23 68 0 44 22 0 22 28 42 68 0 77 73 19 0 60 0 89 87 61 0 0 0 58 26 7 9 70 15 45 29 91 58 0 0 15 16 3 19 0 14 87 0 33 0 5 83 68 63 48 22 0 53 72 54 6 75 31
 17 0 0 10 2 0 0 0 1 61 0 0 0 0 53 0 0 0 0 37 0 0 0 0 15 10 1 0 0 30 22 0 0 0 0 0 0 8 0 0 0 0 0 0 0 0 0 0 0 11 9 44 23 47 0 9 0 0 0 0 0 0 0 0 43 0 0 0 0 0 28 0 0 0 0 0 0 0 0 0 0 0 0 0 20 0 15 0 0 0 0 8 0 0 47 0 0 0 0 0 0 0 53 0 0 44 0 0 0 0 0 0 0 0 0 0 12 0 0 0 0 8 0 0 0 0 0 0 0 29 0 0 0 0 0 0 0 0 0 0 10 0 29 9 0 0 0 9 0 0 0 19 19 0 28 0 0 6 0 26 42 0 0 0 0 0 0 0 0 16 0 0 0 44 24 0 0 30 8 67 0 0 0 0 0 11 55 0 0 0 6 0 33 22 3 0 20 73 4 30
 60 10 24 0 0 22 0 0 0 0 62 10 58 63 10 92 41 0 1 92 0 0 0 18 0 0 4 9 0 0 0 12 0 0 12 0 0 11 0 38 0 0 0 0 0 72 0 4 93 51 37 9 23 23 0 0 0 52 0 0 0 0 0 71 35 0 25 0 9 0 59 4 0 60 0 62 0 0 0 0 13 34 0 24 0 63 71 30 47 34 30 49 1 24 25 71 0 0 23 63 0 0 37 0 20 71 0 0 59 0 6 56 0 85 0 0 0 51 40 5 0 0 0 0 5 0 43 58 15 42 71 60 57 63 73 69 58 29 0 36 0 23 54 16 30 0 51 0 0 0 51 0 64 83 53 90 1 0 0 42 0 5 8 4 0 67 0 14 13 25 0 0 0 10 82 29 19 0 0 32 0 0 0 29 0 0 80 51 0 0 0 12 0 0 74 44 38 60 14 46
 69 0 0 0 13 9 14 61 0 0 59 81 60 0 60 26 26 0 52 24 0 5 0 32 73 0 79 0 0 17 54 41 0 29 0 0 0 21 23 0 42 0 41 0 0 84 46 0 55 58 48 0 0 29 0 0 0 47 0 6 0 0 0 20 26 3 0 9 19 24 25 64 0 38 23 52 48 0 29 0 13 36 0 7 0 26 0 73 55 36 44 2 22 7 75 28 23 0 56 12 0 2 32 58 12 0 60 1 0 0 0 28 55 19 0 0 17 75 4 65 0 0 4 36 35 0 17 83 78 50 17 87 0 34 66 27 27 50 0 92 0 51 23 70 0 0 48 0 0 36 62 0 84 7 60 54 7 17 4 65 0 0 0 0 0 76 5 15 0 6 29 0 0 47 34 85 0 0 0 86 0 0 0 24 0 0 36 23 0 0 0 0 0 61 44 25 54 13 64 58
 28 93 30 50 58 0 0 0 14 56 52 73 49 74 12 9 4 0 0 0 74 41 0 75 55 13 0 0 44 42 41 51 0 0 73 2 55 51 33 74 8 26 24 43 46 56 0 0 41 45 25 60 0 19 58 32 25 45 10 82 13 0 32 87 0 83 62 79 0 69 54 78 20 34 58 22 8 0 0 62 8 46 6 0 9 75 51 0 13 37 0 80 0 66 67 24 43 0 39 37 0 0 42 61 73 62 84 22 10 0 67 8 0 76 4 0 0 65 0 38 0 85 0 0 37 83 60 19 47 50 5 40 65 36 92 55 0 41 90 4 0 15 14 46 29 70 28 0 16 22 31 0 53 10 68 23 45 2 0 79 0 54 27 58 0 34 0 63 0 36 75 0 0 31 21 27 0 51 8 0 26 0 17 39 12 0 40 42 0 21 28 0 15 91 78 56 59 61 6 52
 0 0 56 0 0 0 0 13 0 40 0 33 12 0 35 46 0 0 0 13 74 0 0 60 22 0 0 0 0 0 55 0 0 0 12 1 0 0 0 0 29 3 66 8 0 0 0 0 0 0 0 0 59 44 0 0 0 0 0 0 0 17 0 4 42 0 0 0 31 0 0 11 26 52 0 48 15 29 0 0 0 0 0 0 0 0 8 0 61 0 0 32 0 0 0 0 0 0 0 0 0 0 18 0 61 54 0 33 5 0 0 0 0 14 0 0 0 0 18 0 19 0 12 17 0 0 15 6 39 0 0 0 25 2 0 0 4 0 0 19 0 29 66 0 0 9 23 0 0 0 0 0 56 0 71 0 0 42 0 0 15 0 0 0 0 47 0 0 0 63 0 0 21 5 83 5 16 0 0 75 0 0 14 62 15 0 41 68 0 0 0 0 82 43 0 0 19 11 0 0
 89 0 59 0 0 48 0 7 0 10 52 10 0 73 0 0 24 24 0 67 46 0 0 7 0 0 0 0 0 0 29 49 0 0 11 0 0 33 0 3 35 39 0 29 0 75 61 15 35 13 0 0 0 0 0 0 0 50 0 0 0 0 0 0 48 0 0 10 0 0 73 39 0 77 10 1 0 0 0 72 0 17 0 47 0 0 0 49 4 0 4 46 0 0 29 33 12 1 0 4 6 0 50 9 65 56 46 0 81 0 0 28 68 0 0 0 3 0 41 0 15 0 0 0 0 0 23 0 7 58 35 0 11 0 72 22 6 38 0 45 0 28 19 66 0 1 81 0 0 0 0 0 11 25 78 30 72 75 7 0 0 0 0 9 0 61 58 0 7 1 46 0 0 0 19 0 0 7 0 47 0 0 0 57 0 0 71 75 12 0 11 0 25 19 1 38 0 7 70 55
 23 0 50 7 0 35 0 0 0 56 16 15 44 0 42 71 20 13 0 0 6 0 24 7 0 8 0 0 0 20 75 64 0 7 0 15 0 64 0 49 1 7 70 0 0 85 5 0 0 78 23 77 30 0 0 0 0 50 0 16 0 0 0 72 61 0 0 0 61 24 0 50 0 49 0 40 0 0 0 60 0 0 17 75 3 0 56 62 63 37 22 57 35 13 0 26 23 0 17 0 0 0 67 3 79 80 77 0 12 0 0 14 52 53 0 0 3 92 33 5 0 0 0 0 0 0 20 0 0 58 2 0 26 6 43 53 85 37 0 2 39 0 53 3 0 0 63 0 0 23 47 0 19 9 45 59 0 0 20 0 65 0 2 65 0 64 66 0 0 67 80 0 0 64 55 0 29 0 1 38 0 0 0 31 0 0 30 63 0 4 0 0 0 19 0 26 15 21 58 0
 43 7 65 9 63 60 0 19 0 60 53 0 57 9 28 59 24 0 59 23 20 30 0 88 0 0 40 0 1 56 9 78 0 51 51 0 24 0 21 21 70 0 31 49 13 67 12 0 12 2 19 34 0 88 33 44 0 28 0 79 51 0 54 59 0 0 74 0 25 63 0 39 35 29 30 20 5 30 0 6 0 0 0 0 65 23 12 32 22 16 24 88 19 0 14 70 3 86 1 68 0 0 23 39 0 68 0 9 69 13 86 9 96 75 62 0 67 16 62 57 0 0 0 7 0 0 65 97 23 12 68 18 30 26 6 34 0 31 0 57 0 0 48 0 0 92 72 0 59 44 15 0 73 32 8 23 68 79 0 46 65 30 39 60 17 46 92 20 0 0 23 55 0 41 7 47 10 0 0 4 0 0 55 35 4 13 53 30 60 0 37 88 68 9 33 51 0 95 33 67
 0 5 0 0 0 4 0 0 0 0 22 0 0 0 0 0 0 0 0 0 0 1 10 0 0 0 0 0 31 0 0 0 0 30 0 1 0 0 0 0 0 0 0 0 0 0 0 0 0 52 0 6 6 0 0 0 5 0 12 0 11 0 0 0 0 0 0 0 0 0 0 1 0 0 0 16 0 0 24 14 0 0 16 0 0 0 0 0 28 0 0 23 0 1 0 0 0 0 35 0 0 0 0 3 0 0 0 0 4 0 0 25 0 0 0 0 23 0 0 0 0 0 0 0 0 0 24 0 0 0 27 0 0 0 0 7 0 0 0 0 0 10 0 0 0 0 0 0 21 0 0 6 33 0 3 0 0 0 0 50 0 23 0 34 0 0 0 0 0 16 0 0 0 71 0 8 0 0 6 0 0 0 0 0 14 16 0 0 0 0 0 0 49 0 0 0 0 4 0 0
 0 0 0 0 0 46 33 47 0 39 0 50 57 11 0 36 53 0 31 40 34 66 0 0 31 0 57 0 11 0 33 68 0 0 65 0 57 0 0 59 9 52 0 0 0 68 4 0 28 10 28 48 17 30 0 0 6 82 0 0 1 0 0 69 0 24 0 0 0 0 62 20 54 22 0 0 14 56 0 12 41 0 0 34 0 40 2 70 10 0 72 77 5 0 9 0 75 0 0 0 0 0 8 13 79 66 15 0 0 0 0 30 33 0 28 0 29 11 0 35 0 16 0 3 0 0 53 0 0 10 75 41 67 1 59 72 0 0 83 24 3 25 38 11 0 93 41 0 89 0 62 9 0 23 33 12 59 0 0 6 2 20 45 72 0 57 68 8 0 0 74 0 1 6 16 55 0 7 0 41 0 0 0 28 0 61 44 0 1 0 0 0 7 54 76 68 66 58 0 52
 89 22 16 0 0 42 0 7 0 53 0 53 0 47 0 0 60 0 52 40 50 5 4 54 28 0 7 0 0 0 33 65 0 12 0 0 0 47 0 35 44 3 4 0 0 42 23 8 0 85 17 65 56 37 7 0 0 45 0 70 0 0 12 50 59 0 0 0 0 27 16 64 0 25 0 63 0 0 0 68 66 8 0 2 0 0 67 0 22 56 4 36 35 0 69 79 20 0 24 45 0 0 4 0 50 23 71 0 40 0 8 60 24 0 28 0 12 32 33 10 0 0 0 0 0 0 41 0 68 55 0 60 24 5 3 0 16 51 0 24 0 57 43 7 0 0 28 0 0 0 0 6 31 0 40 19 0 37 0 34 6 0 0 17 0 29 15 0 0 24 73 0 0 6 37 1 0 15 0 0 0 0 0 43 0 0 16 34 0 0 18 10 38 1 11 16 46 57 0 29
 18 0 0 12 0 52 0 34 6 8 0 16 6 4 0 76 49 0 0 2 5 0 0 94 21 0 0 21 0 0 77 17 0 0 0 0 0 12 0 54 8 24 65 0 0 49 92 0 76 51 0 1 1 0 0 0 0 17 0 0 0 0 0 0 72 0 2 0 13 0 84 0 30 1 0 0 0 0 0 0 32 0 0 67 0 0 0 79 58 63 0 0 16 0 0 0 71 0 83 45 0 0 71 77 0 3 48 0 12 0 0 29 77 57 0 0 0 74 0 0 0 0 0 0 0 0 86 0 12 60 65 0 38 0 18 43 49 27 0 19 0 7 1 15 38 56 56 0 0 0 51 0 8 0 2 45 0 0 0 48 24 0 0 6 0 43 0 0 0 66 25 0 0 30 57 31 0 0 0 4 0 0 0 38 0 0 45 32 23 0 0 0 3 18 16 73 0 21 66 74
 0 0 0 0 0 70 0 84 0 53 48 75 34 13 18 35 0 0 0 91 0 0 0 54 0 0 12 10 2 0 0 0 2 0 0 21 0 0 0 10 30 31 62 0 0 72 32 0 0 21 0 40 54 6 5 6 13 17 0 0 0 19 0 77 87 0 0 35 25 18 27 45 0 70 0 79 0 0 7 70 0 0 0 5 0 1 0 0 7 14 0 42 15 0 74 0 83 0 48 38 7 0 64 0 75 44 60 28 0 0 9 9 38 9 0 0 0 66 0 0 0 0 5 0 0 0 28 0 86 0 40 0 0 0 82 53 2 94 17 0 0 58 0 17 0 40 0 11 0 18 24 0 67 0 13 0 0 19 0 69 79 16 0 0 0 0 64 0 0 0 70 0 0 37 64 33 19 0 0 14 0 0 0 0 0 0 0 39 0 29 0 0 76 54 0 43 41 27 50 34
 0 0 0 0 0 0 0 32 0 0 0 0 0 0 0 43 0 0 8 0 17 0 0 0 34 0 0 0 11 0 52 9 0 0 0 0 0 11 0 0 53 0 0 1 0 0 0 0 0 0 0 38 71 38 0 0 0 0 12 18 0 35 0 0 53 0 0 0 0 0 0 7 0 4 0 66 0 0 0 0 0 0 0 0 0 0 0 0 0 0 0 38 0 0 24 0 0 0 81 0 22 9 72 14 21 53 13 15 0 0 1 0 0 0 0 0 0 0 0 0 29 0 0 0 0 0 35 0 3 0 0 16 0 0 0 13 0 26 0 16 24 57 9 7 0 0 11 0 0 0 0 0 91 0 8 0 8 0 4 45 24 0 0 0 0 76 0 30 0 26 0 0 0 86 52 0 29 0 0 0 13 0 0 0 0 0 6 28 0 0 0 0 0 37 0 0 33 32 18 14
 0 0 35 0 4 0 0 11 0 36 14 18 25 0 84 66 0 0 0 21 0 0 0 94 0 0 0 0 0 3 22 0 13 0 0 15 0 0 17 0 66 0 0 0 0 9 0 0 0 86 0 32 0 53 23 0 0 0 0 0 0 0 14 0 0 0 0 0 5 0 0 0 0 0 15 45 0 0 0 15 23 0 0 9 3 0 0 0 45 0 0 85 11 0 51 0 0 8 26 0 0 0 0 82 77 0 16 0 0 0 0 0 0 31 5 0 0 11 0 0 0 0 0 0 1 0 62 38 0 0 23 0 37 3 0 82 0 0 3 50 0 38 81 0 21 47 0 0 0 13 0 0 59 0 72 0 0 35 0 30 24 0 0 8 0 0 0 0 0 1 11 0 0 59 0 0 0 0 0 67 0 0 0 47 0 0 0 79 9 0 0 0 0 85 0 0 17 31 0 23
 36 4 52 0 0 59 0 42 0 72 7 22 72 0 89 0 9 5 88 39 18 0 0 36 0 0 0 10 0 0 81 31 25 0 0 0 0 17 0 54 32 33 17 0 0 29 30 0 81 0 49 0 40 0 0 0 0 31 0 19 0 0 0 35 66 0 0 0 68 22 19 33 0 55 0 32 0 0 17 95 0 0 0 42 0 0 35 82 24 77 0 75 0 0 0 0 34 0 54 48 0 0 64 0 60 17 46 0 15 19 9 0 19 74 13 25 15 60 0 0 9 0 0 0 0 0 0 0 20 6 48 74 23 0 7 38 46 49 0 9 0 77 16 21 0 45 4 0 0 0 57 0 45 91 17 30 57 5 0 0 0 0 0 0 12 13 9 0 0 51 50 0 0 65 44 58 0 0 0 0 0 0 0 58 0 0 20 69 0 17 0 11 34 56 4 40 9 82 42 75
 8 0 0 0 0 0 0 33 0 0 0 17 0 15 2 0 0 0 1 19 0 13 32 0 20 7 0 0 0 0 0 0 0 0 0 0 0 0 27 0 0 0 0 1 0 0 0 0 14 80 0 11 0 24 0 0 0 6 0 0 0 18 0 0 0 0 0 0 0 0 0 0 0 0 0 0 0 0 0 0 0 0 0 0 0 0 19 0 0 0 0 0 9 0 0 0 28 0 0 0 0 20 8 2 0 22 0 0 29 0 0 0 0 0 0 0 0 0 0 0 0 0 0 0 0 0 0 0 0 0 0 0 0 6 2 0 0 0 0 31 0 0 16 0 11 0 0 34 0 30 0 0 59 0 0 0 0 0 15 18 0 0 0 0 22 6 0 0 15 8 11 7 0 0 0 0 0 5 0 0 16 0 0 0 0 0 0 19 0 6 0 0 0 80 0 10 0 0 9 4
 0 0 26 0 0 0 7 33 0 57 53 31 13 47 27 0 0 0 0 0 94 24 0 63 0 0 0 0 5 15 56 32 0 0 0 0 20 0 0 6 0 0 0 21 0 0 0 0 23 24 13 54 11 0 18 4 0 80 0 71 0 0 34 9 6 0 0 0 12 1 22 0 0 49 0 72 0 0 2 47 8 0 0 41 0 0 0 0 98 0 8 0 0 0 8 43 48 4 67 83 0 1 32 78 27 6 21 26 15 0 0 0 97 20 0 34 5 32 0 0 0 0 0 0 0 0 57 0 14 0 66 0 68 0 71 84 0 92 0 65 26 55 41 82 0 44 25 0 5 14 85 0 58 0 5 70 0 0 0 14 13 0 0 97 0 57 14 0 0 68 71 0 0 0 10 50 0 0 17 0 7 0 0 5 0 37 0 90 0 0 0 0 0 79 34 39 54 0 24 40
 0 62 70 0 64 0 67 28 0 73 0 4 61 91 12 3 0 0 50 18 14 33 8 10 0 9 24 33 5 58 1 13 0 33 0 0 29 56 44 48 48 52 68 40 0 34 0 0 13 0 26 54 62 23 42 73 0 2 0 14 36 0 2 4 69 9 81 0 64 0 30 42 6 49 16 55 0 0 0 54 3 0 3 0 31 1 55 35 5 74 26 12 56 0 0 59 13 0 18 67 0 0 0 0 10 38 72 3 23 0 91 23 44 53 0 0 8 49 60 33 0 16 0 0 18 0 71 61 0 23 61 0 5 24 19 62 65 38 0 18 0 29 52 77 0 0 24 0 0 10 0 55 40 22 52 0 79 66 0 40 56 34 62 0 0 0 15 61 0 19 61 30 0 0 41 62 2 0 33 5 24 0 0 0 0 21 35 28 40 0 7 7 45 1 34 15 0 26 10 0
 2 0 0 0 16 0 0 14 0 50 0 0 0 2 78 0 0 0 0 8 0 0 0 0 0 0 0 3 0 0 31 0 0 0 14 0 0 0 0 0 68 0 0 0 0 0 0 0 0 3 0 90 0 47 30 0 0 21 0 0 0 0 8 0 11 14 0 0 0 3 19 0 0 0 0 0 0 0 0 21 0 2 0 81 0 0 18 0 0 0 1 30 0 17 0 0 0 7 61 0 10 14 0 0 0 0 23 0 65 0 6 9 4 0 0 0 0 0 0 0 0 7 0 1 0 0 43 0 0 0 0 0 0 12 0 0 29 0 0 14 0 0 0 0 0 0 0 0 0 21 0 0 65 0 0 0 0 0 0 25 25 4 19 30 0 2 0 0 0 24 0 0 0 27 0 0 0 0 0 0 0 9 0 0 4 0 47 0 0 0 0 0 45 16 0 0 73 33 0 0
 0 0 43 0 24 15 0 64 0 36 54 19 12 23 0 18 30 0 0 0 57 0 0 37 0 19 0 0 0 0 75 0 0 0 0 0 0 0 14 7 46 33 0 20 20 0 66 0 0 29 14 20 79 72 0 0 0 0 0 66 0 2 12 0 61 0 0 0 40 0 0 0 0 62 7 93 0 0 0 65 0 0 0 38 4 0 3 6 45 49 9 69 0 0 24 0 16 18 54 27 0 0 0 6 69 42 46 13 13 0 3 0 58 94 0 19 0 19 25 0 0 15 0 0 9 7 27 24 59 59 33 0 40 0 71 54 36 0 4 41 0 18 95 7 0 43 0 0 0 15 24 0 10 0 1 0 0 34 0 0 0 0 0 32 0 18 99 19 0 31 54 0 0 28 4 3 0 0 0 51 0 0 0 50 0 0 0 3 0 0 0 0 55 39 22 36 89 86 0 11
 0 0 17 0 0 0 0 50 0 40 67 35 0 0 82 5 87 0 0 25 36 0 0 19 0 0 30 9 0 0 26 0 0 0 0 0 0 0 0 0 0 0 22 0 0 77 0 0 0 61 0 0 57 78 0 0 0 0 0 0 16 0 0 15 41 0 0 0 0 0 0 0 0 23 0 7 13 0 0 4 0 0 0 76 0 0 0 0 46 56 0 0 0 0 4 0 0 0 0 14 14 0 52 16 79 97 0 0 26 0 0 9 0 57 0 0 9 0 0 0 2 0 0 1 0 20 57 0 0 54 0 0 37 0 0 70 87 0 0 0 0 0 71 87 0 0 3 0 0 0 0 0 38 0 6 0 13 71 0 0 86 33 0 0 0 43 0 0 14 21 0 0 0 78 0 2 0 0 0 26 0 0 0 57 0 0 68 57 0 0 0 0 44 0 57 19 75 56 0 40
 51 2 45 0 21 74 14 30 0 73 52 0 6 21 34 31 3 0 39 21 70 3 0 28 30 0 12 45 23 66 0 66 0 49 0 18 2 23 57 4 39 49 21 64 0 94 14 0 74 25 36 82 29 49 28 68 0 0 0 33 56 0 34 21 65 6 62 0 54 32 87 59 23 36 0 65 26 46 18 50 0 15 0 27 62 39 29 22 20 0 11 6 0 2 0 0 74 0 71 0 25 0 55 22 46 10 85 0 0 0 62 32 40 51 60 0 0 51 0 41 0 76 0 0 68 0 13 40 72 29 0 0 23 58 37 33 23 55 63 8 7 58 52 51 0 11 3 0 69 96 5 75 0 41 80 0 52 74 0 0 0 53 61 7 0 81 43 20 3 60 0 16 2 48 14 0 23 0 60 0 19 0 60 58 0 16 21 48 0 12 0 0 42 79 84 6 57 67 34 34
 0 0 0 0 0 39 20 0 0 0 26 0 0 0 0 30 0 0 17 0 0 0 0 11 31 0 0 0 0 0 0 0 0 0 6 4 0 0 0 0 0 1 0 0 0 0 0 0 0 57 0 4 0 0 0 0 0 0 0 0 0 27 0 0 0 0 0 10 2 0 0 22 0 18 0 0 0 0 0 4 13 0 0 0 21 0 0 0 0 0 0 82 0 0 0 0 15 0 0 0 0 0 0 16 0 0 29 0 7 0 32 0 0 0 0 0 5 0 0 0 23 0 0 0 0 0 0 0 0 0 0 0 18 0 0 0 0 12 3 0 0 0 0 0 0 0 0 0 0 0 0 0 10 2 0 0 0 0 11 0 0 0 0 0 14 0 7 0 0 0 6 0 0 0 20 0 0 0 0 0 11 0 0 0 0 0 0 0 15 0 0 4 0 35 0 0 0 0 0 0
 0 0 47 10 0 0 0 22 0 70 0 72 0 0 0 78 52 2 0 0 0 0 0 47 0 0 0 4 0 0 23 1 0 0 0 0 13 19 0 64 0 52 9 0 8 55 0 0 0 41 0 0 12 38 0 19 30 0 0 0 0 0 0 64 47 0 0 0 18 0 38 0 16 16 0 47 0 0 0 10 0 8 0 88 18 0 0 0 70 56 0 32 0 0 52 0 0 4 26 0 0 18 53 0 19 45 0 13 11 0 0 0 33 89 0 0 26 0 0 0 24 5 0 6 0 0 0 31 18 52 0 0 46 0 58 65 53 24 0 32 0 61 73 0 0 63 0 0 0 0 4 4 73 0 38 0 0 86 6 4 69 27 0 0 31 5 14 0 0 2 0 0 0 22 73 29 11 0 0 14 0 7 13 65 0 0 43 7 0 14 0 4 22 44 11 76 24 0 0 7
 23 33 0 13 54 11 0 36 24 0 16 9 0 87 53 0 0 66 52 90 73 0 68 53 0 0 29 50 69 97 29 66 0 52 25 28 48 72 78 37 22 51 0 56 0 63 1 95 42 8 0 9 11 0 73 49 78 63 2 0 22 0 79 40 59 8 0 13 75 57 26 0 53 25 60 36 52 31 7 80 0 26 12 20 1 45 58 0 0 52 56 49 3 12 0 91 0 0 9 41 0 72 84 22 45 0 73 15 75 0 33 0 0 0 0 85 59 0 60 17 82 21 71 0 11 0 18 32 15 3 44 0 43 81 4 0 45 0 82 17 0 16 34 32 80 0 29 23 59 46 28 0 0 16 38 43 0 49 14 8 12 48 68 63 53 20 62 39 0 16 51 49 0 13 48 0 16 59 29 44 0 16 7 68 42 11 74 84 52 64 21 33 0 21 0 43 4 21 0 57
 0 8 27 42 47 66 82 97 0 35 52 57 23 0 85 66 93 0 67 0 0 46 25 17 51 0 0 78 71 2 5 40 0 19 33 72 27 47 5 26 5 60 60 69 0 38 31 0 0 39 61 13 61 60 58 77 0 0 0 10 75 0 63 0 0 51 0 46 27 77 53 39 0 25 0 17 3 0 3 1 79 10 59 30 76 72 15 51 0 78 68 0 0 77 0 5 92 59 3 0 0 0 0 5 0 41 35 0 0 0 0 30 0 53 93 67 70 0 14 34 0 14 49 17 78 71 74 0 0 55 51 49 0 69 5 67 1 0 79 72 0 25 47 30 14 16 64 0 18 78 14 12 90 28 52 82 57 48 0 0 91 50 73 0 46 7 37 0 0 0 77 14 0 0 0 0 90 80 32 40 22 0 0 56 68 20 27 18 0 87 10 0 7 10 56 44 15 0 47 23
 5 0 23 0 0 19 0 53 0 0 0 0 0 14 87 0 0 0 0 0 0 0 0 0 0 14 0 0 0 0 47 0 10 0 1 0 27 2 0 0 51 10 0 0 0 0 0 0 0 0 0 17 80 2 0 9 0 0 0 0 18 0 0 19 11 0 0 0 0 0 0 0 0 0 6 0 0 0 0 0 0 0 0 98 0 0 0 0 0 3 0 0 0 4 16 23 0 0 64 0 0 16 0 18 0 73 0 0 12 0 0 9 5 0 0 0 0 28 0 0 0 0 0 0 0 0 60 0 0 0 0 0 19 0 0 0 0 0 0 52 0 0 44 0 0 0 14 0 0 0 0 0 0 0 0 0 0 0 0 0 0 0 0 0 0 30 0 0 0 18 0 0 1 10 0 23 0 0 0 9 0 0 0 0 0 0 17 0 0 0 0 0 20 38 0 1 0 74 6 62
 17 0 0 0 0 0 0 26 0 30 0 0 0 0 45 0 0 0 0 0 0 0 0 0 17 2 0 0 0 0 28 0 0 0 0 0 0 0 0 26 35 0 5 0 0 0 23 0 0 40 3 73 8 38 0 35 0 0 0 0 14 0 0 0 7 19 0 0 0 0 0 3 0 9 1 7 9 0 0 9 0 0 0 0 0 8 0 5 0 0 4 0 0 2 27 0 0 0 0 4 0 0 0 0 14 42 0 7 0 8 1 25 0 0 0 20 0 10 0 0 0 0 0 0 1 0 0 0 35 1 0 0 13 0 0 16 0 0 6 24 0 16 0 0 0 0 0 0 0 0 0 0 57 0 12 1 0 19 25 33 0 0 24 0 0 50 0 0 0 0 1 0 0 0 0 0 2 0 0 46 0 0 0 11 0 0 74 0 0 0 0 34 1 0 0 0 15 29 0 48
 3 0 63 0 0 0 0 16 0 6 15 45 15 0 43 88 0 0 0 0 18 10 0 0 2 0 0 0 0 0 0 0 0 0 0 0 13 0 0 0 52 0 0 0 4 0 37 0 23 39 4 41 10 35 11 0 4 0 0 0 0 0 11 2 0 9 0 0 25 0 0 0 0 12 5 14 0 0 0 0 0 0 5 1 0 0 12 0 0 0 0 56 0 0 50 0 0 0 28 0 0 7 61 0 0 55 26 0 27 0 0 0 0 0 0 34 33 0 8 22 0 0 33 0 0 0 0 0 0 0 0 0 3 0 0 0 0 0 29 25 0 10 42 0 0 0 0 22 0 23 17 0 0 0 0 0 0 0 0 28 47 0 0 0 36 67 0 0 0 54 1 0 11 54 13 0 0 0 31 58 0 0 0 0 10 24 0 0 0 0 0 0 5 13 1 0 59 87 6 64
 0 0 0 0 0 1 0 29 23 43 0 0 0 0 27 0 0 0 0 0 0 0 0 0 0 5 0 0 0 0 64 0 0 0 0 18 18 0 0 0 88 0 0 0 0 0 0 0 3 56 0 0 70 8 1 0 0 0 0 0 0 25 0 0 17 0 0 0 5 0 0 0 0 0 9 0 0 25 0 0 0 0 0 6 0 0 0 0 0 7 0 0 0 0 0 0 0 0 32 0 19 0 0 0 0 0 0 4 59 0 0 0 0 0 0 5 0 0 0 0 0 0 0 5 2 15 57 0 0 0 0 0 0 22 0 1 0 0 34 6 0 0 0 3 0 0 0 0 0 0 0 0 10 0 0 0 0 19 0 0 0 0 0 0 4 61 19 0 0 0 0 4 0 11 0 0 9 0 0 0 0 0 0 0 0 0 45 0 0 0 0 16 12 7 0 0 0 82 0 68
 0 0 73 0 0 0 0 0 0 8 57 27 0 9 99 98 0 38 0 0 63 0 0 52 17 1 3 0 0 0 1 0 0 0 0 0 0 0 0 0 29 48 0 0 0 82 0 0 0 56 0 55 63 12 0 0 0 10 0 24 0 0 0 22 12 0 0 24 0 14 35 2 0 19 0 58 13 0 0 1 0 0 17 38 0 0 0 0 0 0 0 31 0 0 0 0 67 0 0 67 0 0 48 37 0 41 0 0 13 0 0 0 32 34 0 0 10 0 0 0 0 0 0 16 0 0 0 0 0 55 11 0 37 0 89 54 25 0 0 6 0 25 0 27 0 37 0 0 0 0 0 0 12 0 66 0 9 5 0 0 33 0 0 0 0 0 0 0 0 0 17 0 9 38 0 0 0 0 0 42 0 0 0 73 0 0 0 85 27 0 0 0 0 74 87 18 53 46 0 50
 50 47 57 76 72 2 50 71 26 16 11 5 9 7 76 75 0 50 71 50 2 8 28 9 0 14 0 64 0 74 88 90 65 0 47 17 75 0 52 46 36 8 0 0 27 66 60 35 0 73 3 61 33 10 53 70 12 56 0 0 4 0 56 0 78 47 77 52 50 73 72 0 43 73 0 83 10 0 0 0 34 51 0 72 32 45 0 0 0 44 10 85 0 0 49 0 30 26 34 0 0 2 48 0 10 0 24 0 85 0 0 76 5 45 46 57 4 10 52 46 44 54 86 16 61 46 0 36 88 36 24 61 0 0 0 15 66 82 0 45 0 54 30 67 22 0 50 0 10 0 27 0 37 47 43 59 0 46 0 19 33 47 1 0 38 53 10 0 0 43 27 46 8 37 40 30 67 61 70 32 97 8 48 43 2 47 28 79 51 39 53 73 48 55 13 49 3 55 24 10
 0 0 0 0 7 0 1 0 0 50 0 0 0 0 49 0 0 0 0 0 0 0 26 0 0 0 0 0 0 9 0 0 10 0 14 4 0 0 0 0 0 0 39 0 0 0 16 0 0 7 0 12 0 0 0 0 0 0 0 0 0 0 0 0 5 0 0 0 0 0 0 0 10 0 35 4 0 22 0 0 0 0 0 0 20 0 0 17 31 23 0 0 0 0 0 0 0 7 0 0 0 21 0 1 0 0 0 0 0 0 10 0 15 0 0 0 6 0 6 18 0 3 0 21 0 0 45 1 0 0 21 0 25 17 0 0 0 5 1 24 0 2 26 0 0 0 0 7 0 0 12 0 0 0 0 0 0 0 3 0 21 0 0 0 0 0 0 0 0 0 0 1 0 13 0 0 0 0 17 10 0 0 15 0 0 8 0 16 17 0 29 0 72 58 0 15 0 66 2 52
 0 0 92 18 64 65 27 14 4 4 0 5 14 27 28 30 14 77 0 54 21 75 29 32 0 38 28 60 67 54 13 0 0 28 23 52 11 6 46 7 49 4 0 43 0 77 86 6 12 64 0 61 0 0 38 11 8 0 0 53 16 47 0 54 69 0 47 54 27 58 52 19 79 0 13 8 38 75 68 15 64 47 0 4 55 7 46 18 49 33 0 4 0 89 28 63 85 27 22 28 66 38 48 0 22 57 93 8 79 0 2 9 57 6 46 0 0 79 58 75 0 10 35 34 78 0 53 59 0 30 40 10 19 19 12 0 0 37 12 0 17 66 78 18 0 48 0 53 5 0 74 28 10 35 0 0 45 30 48 0 18 51 61 40 0 0 43 0 0 8 0 51 23 76 0 35 42 81 0 53 0 83 64 48 66 37 34 71 7 0 50 66 11 0 70 12 14 0 22 54
 57 37 11 30 0 0 0 0 0 58 64 86 29 25 11 46 14 0 0 3 53 0 0 69 31 0 25 0 0 0 0 13 0 0 14 0 20 0 0 0 65 1 50 0 0 17 52 0 36 0 47 69 78 30 0 11 0 87 0 34 0 3 91 38 27 0 0 0 56 0 43 23 0 38 0 54 0 35 0 85 76 64 0 35 19 0 45 0 0 0 0 47 33 0 0 0 39 0 0 34 0 22 76 0 4 23 47 9 0 0 0 18 52 14 14 0 0 0 98 18 0 0 0 0 86 0 65 60 24 59 0 0 40 53 30 39 51 0 0 66 26 61 40 40 0 36 58 0 0 35 0 13 0 31 12 49 0 62 0 21 0 0 1 61 0 0 6 24 0 40 0 33 0 45 0 40 0 0 0 6 61 0 0 11 0 54 3 10 0 0 0 0 0 8 14 37 75 12 39 21
 21 0 32 6 0 0 0 40 0 45 59 5 21 0 36 0 2 0 21 51 60 0 0 29 13 0 0 0 0 0 0 49 0 0 0 0 0 11 0 45 55 0 56 0 2 67 4 0 0 64 19 35 51 7 0 0 0 52 0 41 0 0 0 0 44 0 2 0 46 0 2 67 0 56 21 51 0 0 0 58 0 0 0 0 0 0 0 0 80 78 2 19 76 0 0 71 0 0 49 11 7 0 0 0 50 5 4 0 73 0 0 0 47 43 0 0 0 69 31 0 23 15 0 0 0 0 28 0 74 70 4 0 45 0 32 59 15 79 48 0 0 68 66 37 0 57 83 0 0 0 9 31 47 0 32 0 0 19 0 78 10 0 6 44 5 45 6 25 11 0 64 0 0 0 37 72 0 17 0 57 0 0 0 56 16 0 30 0 0 0 14 0 79 30 0 33 50 47 39 0
 0 0 25 13 0 9 0 35 4 44 0 19 0 0 58 14 0 0 0 64 56 0 0 58 3 0 0 9 28 0 0 0 22 10 3 0 0 0 0 0 44 0 0 0 4 0 0 0 0 25 23 34 53 12 13 0 0 0 16 0 0 0 0 0 49 0 0 0 19 0 0 0 0 58 13 14 14 0 6 27 0 0 0 29 0 0 0 0 68 81 0 25 0 0 0 0 18 0 58 0 10 21 0 42 39 4 0 0 0 0 0 0 0 32 0 0 0 0 0 16 32 0 0 0 0 0 22 11 0 1 5 28 44 0 40 37 0 0 0 13 0 0 0 0 0 0 0 0 0 0 0 0 34 0 57 8 0 3 0 64 51 0 14 0 0 26 0 0 0 0 0 0 16 13 53 0 0 0 0 40 0 0 27 0 0 0 84 49 0 0 33 0 0 22 22 36 69 75 0 60
 0 0 0 4 0 6 10 37 0 32 93 26 0 0 3 0 21 11 14 0 0 0 12 0 0 2 0 0 0 0 19 4 0 13 0 0 0 0 0 0 53 0 0 0 22 0 0 0 0 20 0 0 14 41 16 18 0 0 0 0 28 0 0 0 22 0 0 0 54 0 0 0 0 14 0 35 0 0 0 0 5 0 0 16 13 14 0 0 9 0 0 77 0 0 39 0 0 0 20 0 8 0 24 75 2 54 0 0 55 0 0 0 0 0 0 0 0 0 0 0 0 0 0 0 0 0 62 0 21 0 0 0 4 9 0 0 11 0 0 15 0 8 26 1 0 0 0 12 15 0 0 0 78 0 28 0 0 0 0 44 32 0 0 0 0 60 0 0 0 0 0 24 10 0 71 0 0 0 0 21 0 0 21 0 2 0 15 0 0 0 0 2 16 0 22 12 13 0 0 16
 68 1 0 10 16 15 0 61 0 0 0 57 34 0 73 0 27 0 8 22 0 0 0 0 0 0 95 0 1 0 81 0 0 11 0 1 0 5 0 78 17 5 29 0 0 3 42 0 33 72 60 0 15 61 21 0 8 0 0 46 0 11 41 6 31 0 0 0 15 0 0 12 0 7 33 21 35 32 0 77 78 4 0 23 0 0 29 9 6 0 0 26 20 3 59 68 31 0 35 26 4 0 56 26 39 8 12 0 23 0 0 23 5 44 0 3 71 44 39 16 0 0 33 0 68 10 9 0 25 45 55 26 0 0 63 54 23 0 0 68 0 20 22 52 0 13 52 0 71 49 17 0 60 96 24 63 16 0 0 76 28 0 35 61 0 12 72 85 0 40 26 0 0 10 7 0 0 0 22 74 61 5 0 10 0 26 0 25 0 0 0 0 3 0 0 41 23 25 49 0
 64 0 25 32 52 8 34 41 0 51 57 22 60 11 22 71 3 14 59 36 56 0 5 46 0 0 5 67 0 18 69 16 0 12 22 9 26 49 59 69 45 59 57 79 58 87 0 0 46 61 7 0 7 54 60 53 71 1 0 85 0 0 72 29 18 5 17 40 85 15 73 81 0 64 0 21 74 14 2 56 53 10 77 4 33 38 92 14 44 35 0 51 0 38 48 0 8 24 21 56 0 0 43 0 0 0 49 0 40 27 10 39 24 27 0 0 47 0 0 0 34 54 1 0 35 0 21 14 46 17 0 0 26 52 11 86 0 42 56 59 0 42 0 29 65 0 66 0 57 0 54 12 34 18 39 52 0 34 0 84 0 54 69 0 0 56 0 23 0 24 11 13 0 37 50 15 23 7 9 71 49 0 39 52 72 18 1 0 7 77 16 0 0 0 7 0 68 29 53 27
 41 0 12 0 0 67 0 17 0 21 11 0 4 0 80 62 26 0 0 3 0 0 0 66 0 9 24 0 0 0 30 68 0 0 17 0 10 65 0 15 38 65 29 0 0 75 24 0 12 5 59 80 91 19 0 0 0 16 19 55 0 0 0 0 14 0 0 0 43 0 65 52 4 40 0 0 8 0 33 6 0 0 0 0 0 0 68 0 48 27 0 75 0 0 50 55 0 6 0 0 0 0 78 18 0 49 0 0 0 16 11 72 27 28 0 0 0 76 78 0 0 0 0 14 0 0 0 88 39 51 22 0 72 0 0 28 37 28 39 91 0 68 38 40 0 19 22 29 0 0 0 22 20 14 0 50 20 50 0 63 0 0 26 20 25 8 81 30 0 50 54 1 0 0 98 90 0 0 11 9 0 22 0 7 35 0 30 89 0 0 0 0 61 0 0 0 15 44 0 9
 0 0 0 0 0 0 0 68 0 59 0 0 0 0 61 0 87 5 0 13 0 7 0 0 0 0 3 0 0 6 75 5 0 0 0 0 0 15 6 0 0 22 25 0 0 64 30 13 0 22 0 6 42 5 1 0 16 0 0 2 0 0 0 86 15 0 0 0 25 0 0 0 0 75 0 46 0 0 0 53 11 0 0 79 0 0 0 0 51 0 0 59 0 0 26 0 24 0 35 31 19 18 0 0 45 11 19 0 20 0 0 0 54 30 0 17 0 0 0 0 0 0 0 0 35 13 0 0 48 40 9 0 9 0 47 38 13 10 0 0 0 68 39 70 0 25 0 0 0 0 6 0 0 0 33 0 0 0 0 0 55 0 0 0 0 56 73 0 0 27 0 0 0 62 0 0 4 0 0 51 0 4 0 16 0 0 38 40 0 0 0 0 3 46 43 65 69 0 13 50
 0 0 73 12 0 48 0 0 0 59 16 0 0 5 12 0 0 10 0 3 91 0 0 67 12 0 0 0 8 33 0 57 32 0 22 0 0 21 0 16 5 0 17 0 0 76 15 0 9 9 0 21 23 14 0 0 0 43 0 31 0 0 0 44 8 12 0 0 19 0 0 21 5 19 0 27 0 0 1 0 0 0 0 22 1 0 75 66 56 37 13 78 13 0 10 0 44 3 59 4 0 0 68 21 0 57 29 0 0 0 0 0 21 26 0 18 0 37 0 10 0 0 0 0 0 3 58 0 0 58 0 23 54 0 84 76 13 4 13 8 0 0 70 0 0 49 50 0 0 0 0 0 87 0 56 51 72 66 0 72 7 8 13 0 0 0 0 0 1 68 16 0 0 49 45 37 0 0 0 72 0 29 0 23 6 0 13 6 0 16 0 0 0 0 0 59 52 45 80 56
 92 0 2 0 0 12 4 49 0 45 9 54 42 39 83 81 78 28 19 0 61 0 0 54 0 0 16 0 0 0 0 40 0 0 0 0 37 0 0 27 2 51 42 0 12 0 0 30 77 17 0 6 0 48 0 0 0 19 8 36 0 0 0 14 36 0 0 0 0 0 65 33 0 36 0 6 0 0 0 12 5 0 0 68 0 0 18 47 13 45 52 44 8 0 54 47 27 0 30 50 0 0 37 32 0 58 58 0 0 0 0 62 0 32 0 0 39 9 0 0 0 0 0 0 0 0 9 60 31 68 0 0 94 0 82 76 88 0 95 21 0 66 53 0 0 86 50 0 0 0 0 0 10 91 17 47 89 71 0 17 4 37 19 7 0 0 86 33 0 0 0 0 0 6 62 18 0 0 0 19 15 5 0 67 19 73 33 0 22 0 8 0 0 48 0 40 61 23 57 60
 22 0 0 27 47 46 57 83 72 6 0 4 2 61 0 26 71 10 10 56 20 0 39 9 73 5 1 59 0 54 51 1 32 37 18 32 75 0 46 0 26 66 76 32 67 25 0 5 5 68 0 83 4 29 43 47 0 18 0 0 24 0 2 32 24 49 38 56 57 3 0 34 2 14 34 50 63 26 65 0 0 69 36 10 73 14 61 48 0 62 0 36 16 12 68 64 0 61 0 0 0 7 74 60 11 50 63 0 24 26 61 0 0 19 35 0 16 13 80 29 0 9 0 88 0 0 58 36 0 90 0 42 1 50 35 54 66 44 14 91 0 47 53 72 45 27 10 15 66 58 55 86 82 6 87 0 56 30 0 15 8 17 85 18 67 48 16 50 0 0 0 54 0 57 9 49 75 0 32 5 0 0 8 78 42 67 25 4 55 0 28 0 63 0 15 62 0 48 41 65
 43 48 34 5 0 1 58 61 0 45 73 61 42 0 94 0 63 0 7 7 0 0 0 0 6 0 0 0 51 0 31 68 3 0 0 0 0 12 0 51 42 0 33 0 0 0 0 0 0 67 31 41 25 28 0 0 0 34 0 33 2 0 38 0 51 0 0 0 49 0 0 62 0 77 0 0 31 14 0 13 42 77 6 38 0 71 15 58 48 87 44 50 48 0 0 0 99 0 76 0 0 0 79 3 9 35 38 0 0 0 44 0 9 52 47 0 32 52 10 42 0 0 0 0 40 0 46 71 41 0 64 5 39 8 57 58 0 27 63 61 0 0 0 68 0 23 1 0 0 26 28 8 0 7 83 41 0 24 0 60 52 0 39 9 0 22 60 57 0 0 56 15 0 67 51 1 0 0 0 9 38 0 0 0 0 0 0 76 26 0 0 0 53 5 0 0 23 46 36 44
 0 0 10 97 21 47 41 61 0 41 33 17 0 42 47 81 0 0 0 72 8 24 35 64 65 16 87 22 27 0 87 68 15 35 0 0 43 70 73 38 23 59 62 43 9 77 77 0 16 82 0 80 79 33 0 86 17 43 0 62 15 4 0 13 17 49 35 34 0 59 75 0 36 61 78 36 13 0 12 0 8 12 68 19 70 8 62 0 45 4 53 22 72 41 2 47 76 40 1 4 0 0 95 57 0 88 30 0 15 0 64 63 51 0 0 0 68 41 1 40 7 53 0 0 12 57 58 0 20 0 50 52 0 18 48 0 6 52 81 17 0 15 0 62 0 53 84 0 0 7 0 23 13 54 0 12 0 17 0 4 0 0 16 13 0 84 56 35 0 0 0 47 0 40 0 58 59 16 58 19 31 0 33 80 45 69 3 21 83 0 1 0 6 17 39 71 42 0 0 7
 6 32 39 47 0 48 0 4 0 45 43 46 0 39 24 47 0 7 45 0 73 13 23 20 13 19 24 60 0 0 24 65 0 12 91 21 24 12 30 0 63 1 0 41 68 32 18 13 24 10 33 52 28 19 28 61 0 0 0 52 56 0 70 47 45 70 70 49 0 20 0 15 32 77 15 55 95 0 22 0 36 1 0 85 0 62 2 55 21 74 89 30 57 31 0 45 0 37 54 0 1 0 62 93 30 0 0 0 0 0 12 14 35 46 75 3 0 49 22 50 0 46 21 0 63 33 11 43 0 31 20 46 0 6 65 0 0 0 43 3 0 86 13 0 36 25 79 0 0 74 45 0 56 36 0 38 17 10 0 54 0 47 8 74 12 74 0 21 31 83 0 42 2 14 54 54 66 22 76 83 21 0 64 86 82 25 0 0 3 53 29 50 0 20 83 27 63 71 62 50
 51 9 8 0 0 8 0 5 1 34 19 52 29 69 0 4 20 10 41 19 13 0 0 51 0 0 30 0 0 9 83 71 0 0 0 0 55 21 0 0 50 27 20 18 0 83 21 3 16 2 13 19 20 0 0 11 0 58 5 36 0 0 0 62 33 0 11 0 41 0 59 9 0 41 0 46 0 0 0 37 35 63 7 49 16 78 46 6 56 0 14 0 9 0 35 0 13 0 44 33 0 0 57 0 47 0 28 0 57 0 0 71 8 42 0 0 24 0 34 29 10 0 0 0 0 0 35 25 74 0 11 60 0 0 72 7 1 66 15 4 0 55 78 67 0 66 3 0 0 91 67 0 0 74 0 48 49 5 0 17 74 0 46 55 19 1 80 0 0 0 13 27 0 33 54 7 3 5 0 55 60 21 0 60 22 78 0 8 0 0 0 29 3 70 21 30 27 86 34 74
 0 32 57 1 87 65 74 0 0 31 64 0 75 1 7 18 11 0 20 59 19 17 0 73 67 0 28 26 27 42 18 58 0 81 68 0 59 53 60 0 25 0 38 65 1 0 0 0 0 73 64 0 57 17 68 11 64 57 0 67 13 0 42 0 20 45 36 61 61 15 13 6 51 85 0 79 60 24 0 56 6 14 1 45 50 43 5 49 14 25 42 77 47 74 27 0 0 45 18 41 11 0 13 60 68 0 49 0 75 19 53 85 47 57 0 1 24 0 0 82 9 10 0 0 67 0 12 10 0 0 87 0 0 59 12 29 70 25 89 23 0 35 0 4 0 71 81 25 0 69 75 34 49 39 0 87 0 67 0 5 7 18 36 0 0 66 74 79 0 68 81 79 0 0 71 4 0 63 0 0 45 0 0 13 0 50 0 0 69 23 19 29 0 78 2 42 50 30 22 44
 0 0 1 0 0 0 19 0 0 0 0 0 0 0 81 0 0 0 5 0 0 0 0 0 0 0 0 0 11 0 0 0 0 16 19 0 4 6 0 8 30 0 0 0 0 0 7 0 0 78 0 23 0 23 15 0 0 0 3 0 0 0 8 0 1 0 0 0 0 0 0 1 10 0 0 0 0 0 0 0 0 0 0 0 0 0 0 0 0 0 1 11 0 0 0 0 0 0 9 4 0 0 0 17 2 0 30 4 0 0 0 0 0 0 0 0 4 2 0 0 0 0 0 0 0 0 0 0 0 0 0 0 14 0 0 5 0 0 0 36 0 8 21 0 0 0 0 0 0 0 0 0 58 0 0 0 0 19 18 0 0 22 0 0 0 22 0 0 4 0 0 0 0 0 0 0 12 0 0 44 0 0 0 0 23 0 82 0 8 0 10 0 0 0 0 0 24 41 0 37
 84 17 25 0 0 16 0 6 0 0 38 18 66 24 36 0 57 0 0 77 48 0 0 0 13 0 58 0 15 0 14 18 0 0 12 4 0 11 0 65 3 33 42 0 12 69 6 0 18 57 4 0 38 0 0 0 0 45 3 28 0 0 0 12 25 0 0 0 21 0 52 27 0 71 0 2 0 0 0 0 56 0 0 28 4 29 23 65 9 0 24 21 70 0 5 0 57 0 14 0 0 19 5 57 71 17 68 0 0 0 0 86 0 73 33 0 0 59 65 0 0 0 2 0 0 0 41 0 43 28 0 75 42 0 52 0 0 15 60 9 9 33 44 0 0 85 84 0 0 0 73 17 69 0 51 92 46 73 0 72 0 0 13 18 2 27 0 0 0 0 20 0 0 38 0 18 0 0 0 0 32 0 0 32 0 18 13 42 0 4 0 0 9 38 35 14 61 0 42 17
 0 0 26 0 0 27 8 19 0 82 0 0 0 0 31 0 0 0 0 0 0 9 0 0 0 0 0 8 0 0 0 0 0 16 0 0 0 0 0 0 50 0 10 0 0 0 17 0 0 25 0 8 70 89 0 0 0 0 0 0 12 0 0 2 53 0 15 26 5 0 0 0 0 62 0 29 0 0 0 0 0 2 0 54 23 0 0 0 0 14 0 70 0 23 37 0 15 0 60 0 0 17 63 0 48 51 20 0 7 8 0 0 6 0 0 0 0 0 13 0 4 0 0 7 0 1 53 0 0 0 21 0 0 0 14 0 0 28 0 53 0 11 15 2 0 1 0 16 8 0 0 16 0 0 0 2 0 56 0 0 48 0 2 0 0 73 1 0 0 9 0 0 0 52 35 0 0 15 0 72 0 0 0 0 0 0 0 0 0 0 0 0 6 64 0 0 67 28 0 65
 0 4 57 0 0 0 0 17 0 0 42 77 24 9 58 14 41 0 0 3 29 18 18 23 0 0 0 0 12 0 74 0 0 22 0 0 0 0 13 0 47 0 10 0 0 0 3 0 3 47 0 49 0 0 0 0 0 5 13 0 0 0 0 0 0 0 0 0 39 0 0 0 0 24 24 0 0 0 0 25 0 0 0 3 0 0 0 9 79 60 0 13 12 0 60 0 0 0 75 0 0 0 32 0 40 24 0 0 53 0 0 0 0 39 0 0 0 0 0 0 0 5 3 0 17 18 7 0 46 0 0 0 45 0 70 5 63 0 0 49 0 17 21 40 0 70 0 0 0 0 0 6 73 0 0 25 0 0 0 76 37 0 11 0 0 0 0 0 16 60 0 7 0 62 71 0 0 0 0 33 0 0 0 42 0 13 66 23 13 0 36 0 0 0 68 28 0 0 0 63
 0 0 80 0 0 0 0 59 0 3 0 43 0 0 24 68 9 0 0 45 7 0 5 84 0 0 0 0 0 0 7 0 0 20 0 0 2 6 0 0 48 53 49 2 0 88 3 0 0 5 0 4 0 55 0 0 0 21 0 0 0 0 0 39 31 0 0 0 61 8 63 0 0 27 0 26 0 0 0 23 0 0 0 0 0 26 0 0 43 0 0 69 0 0 58 0 34 16 44 26 0 0 65 86 49 65 0 0 0 0 11 0 0 62 0 25 0 0 1 12 7 0 0 0 0 0 25 0 0 38 0 0 50 0 10 6 85 0 0 28 0 38 0 0 0 49 0 0 0 0 14 0 8 0 21 0 0 52 0 6 16 0 0 86 0 0 75 0 0 14 49 0 0 32 37 26 0 0 0 52 0 21 0 15 0 0 25 2 0 0 0 0 37 0 7 31 0 93 0 39
 5 0 18 0 0 30 0 13 11 11 53 8 58 7 29 16 52 0 0 31 33 0 0 57 0 0 0 1 0 0 0 2 0 0 0 0 21 0 0 32 52 85 39 0 0 81 46 0 24 60 0 0 5 11 0 0 0 0 16 83 39 0 0 5 1 0 0 0 49 0 58 64 0 64 0 18 0 0 0 3 6 29 0 46 0 0 40 19 0 31 0 12 38 7 0 37 41 8 26 43 4 0 68 27 63 71 51 0 9 0 30 61 0 17 0 4 5 70 0 14 0 0 0 0 0 7 70 0 1 44 30 0 60 0 1 9 13 0 20 0 0 73 0 65 0 1 43 0 17 0 52 10 64 11 0 40 0 6 0 32 13 0 12 35 0 12 3 0 0 75 22 0 0 75 64 54 13 0 0 31 0 0 0 50 0 0 73 63 0 0 0 0 0 5 96 92 36 27 86 0
 25 0 6 0 0 9 0 18 8 30 20 43 6 18 54 34 0 33 0 14 12 0 0 1 11 0 0 0 2 0 90 0 0 0 0 0 0 0 35 0 55 0 41 0 30 0 0 0 16 2 0 58 28 23 0 0 0 3 0 0 0 0 0 0 69 0 0 0 0 0 0 0 0 0 0 4 0 2 0 0 0 0 0 49 0 0 0 27 32 0 0 11 0 0 65 0 0 0 0 0 0 18 0 0 0 67 0 3 0 0 0 0 0 0 12 0 0 0 0 0 0 0 11 12 17 17 0 0 24 0 0 0 0 0 0 0 0 0 0 63 3 0 0 19 0 8 0 0 0 0 0 0 21 6 14 0 0 21 0 25 54 1 0 0 21 51 0 0 0 0 1 0 0 60 53 0 0 0 0 33 0 0 0 0 0 0 0 0 16 0 27 0 0 18 0 0 5 28 0 75
 7 0 63 0 0 15 3 10 0 29 66 88 29 14 2 14 80 28 80 3 26 0 0 50 0 0 0 5 0 0 0 0 0 0 0 0 0 67 0 5 26 52 21 22 0 69 77 0 39 45 68 17 59 23 7 0 0 14 0 3 0 0 0 3 40 0 0 0 6 0 64 79 1 0 0 18 0 0 0 0 34 0 0 80 0 0 19 30 17 0 3 0 62 0 0 40 3 0 24 12 0 0 32 25 76 0 92 1 0 0 0 77 55 0 6 0 53 25 44 3 0 0 0 0 1 0 76 14 37 3 70 47 89 0 47 41 69 10 34 50 30 0 24 12 0 0 10 0 0 0 39 0 22 86 25 9 7 61 22 6 97 0 0 49 2 32 75 0 0 19 6 0 0 62 44 0 2 0 5 0 0 0 0 44 0 0 0 13 0 0 0 0 96 39 10 0 29 42 85 0
 0 0 33 0 0 0 0 62 0 0 3 0 0 0 0 22 17 0 0 76 61 0 0 80 0 0 0 0 0 0 50 0 14 0 0 0 0 0 0 0 0 0 51 1 0 0 0 0 0 36 0 49 0 43 0 0 32 0 0 0 0 0 0 0 0 0 0 18 5 0 29 0 0 72 26 35 0 0 0 74 0 0 0 59 0 0 0 0 93 37 0 0 0 0 43 0 13 0 28 0 0 0 74 62 64 18 0 21 37 0 0 0 0 72 0 0 27 0 0 0 0 0 0 0 0 0 4 0 0 0 0 0 77 0 0 29 0 0 0 7 0 43 9 0 0 0 0 0 0 0 0 0 71 0 0 0 32 7 0 32 80 0 21 0 7 86 31 3 0 26 0 0 0 94 56 0 0 10 0 55 0 10 0 0 0 16 18 0 0 0 0 0 33 79 18 7 2 48 0 33
 0 0 1 0 0 0 0 32 32 0 0 65 0 0 60 67 0 0 9 0 0 0 19 0 0 0 0 0 0 0 0 0 0 4 0 0 0 0 0 0 0 0 21 0 0 0 0 0 0 38 0 52 35 62 0 0 0 0 0 0 0 0 0 0 38 0 0 0 41 20 0 4 0 34 0 13 0 0 0 16 0 0 0 0 0 2 0 0 0 0 0 88 0 0 45 0 0 0 27 0 13 0 24 0 14 0 0 0 0 8 0 0 0 69 0 0 0 0 0 0 0 0 20 17 0 0 0 24 34 0 0 0 10 0 0 0 28 6 2 60 0 72 66 11 0 33 0 0 0 0 0 10 0 0 5 0 0 0 0 91 18 0 0 0 19 84 0 15 13 38 0 0 0 0 49 9 0 0 20 4 0 0 0 0 0 0 38 21 0 0 0 9 23 21 0 0 26 74 0 17
 0 0 75 0 0 0 0 33 0 96 44 26 0 0 45 0 9 0 0 41 0 13 0 2 0 0 0 0 0 0 0 0 33 4 0 0 0 0 0 0 0 0 36 9 9 0 0 0 0 8 21 94 35 47 12 0 0 4 24 0 0 9 0 0 8 0 0 0 60 0 0 0 0 0 15 58 0 0 1 0 0 0 15 48 2 0 0 0 59 54 0 11 9 0 0 0 0 0 71 0 0 0 70 7 12 52 0 0 69 5 0 0 16 0 0 23 0 0 0 0 0 1 0 6 0 0 79 14 27 0 0 0 21 0 8 0 0 37 0 77 0 71 15 0 0 21 3 0 0 7 0 19 5 0 62 0 0 0 0 50 0 20 0 0 0 80 0 21 0 0 0 0 0 19 33 0 0 0 0 9 0 0 0 6 0 0 25 0 0 0 21 0 0 40 0 0 72 25 0 38
 0 0 22 0 0 0 0 34 0 51 62 13 0 0 0 0 34 0 13 0 29 0 0 46 0 0 23 6 0 0 0 0 0 0 0 0 12 21 0 0 22 0 1 0 0 0 0 0 0 0 0 1 37 58 0 17 0 0 0 0 0 0 0 0 56 0 17 1 12 0 3 19 0 18 0 73 0 0 0 66 0 0 0 30 0 0 0 0 0 36 0 48 0 0 44 3 10 0 0 0 8 10 46 45 45 90 10 0 0 0 21 0 88 36 11 0 0 0 0 14 0 0 0 17 0 0 26 0 0 23 16 29 36 0 82 0 0 0 0 0 0 4 0 32 22 0 0 0 0 4 0 0 79 0 45 0 0 0 0 3 58 0 0 0 0 44 0 0 0 24 0 0 0 33 7 0 0 27 0 0 0 32 0 39 0 0 0 65 16 0 0 0 73 53 0 0 33 8 15 46
 0 0 22 0 0 80 0 92 0 10 16 46 0 57 23 24 4 0 7 32 45 0 0 0 0 0 0 26 0 0 88 0 0 0 0 0 25 0 0 17 58 66 0 0 13 30 82 0 45 12 0 35 71 29 7 17 0 12 0 80 0 0 0 8 47 0 0 0 0 0 0 44 0 32 0 40 36 24 0 72 3 2 10 74 0 26 15 0 2 0 30 58 19 8 38 0 40 0 0 45 0 0 38 0 0 0 19 18 0 0 4 0 47 44 10 0 0 36 0 0 0 0 0 0 0 0 63 0 41 51 43 0 30 0 91 0 20 58 0 51 0 17 0 18 0 66 29 0 12 9 27 0 0 0 0 7 20 40 0 56 66 0 0 62 0 73 0 0 0 40 53 0 0 0 80 6 0 17 0 46 14 4 0 51 0 0 89 43 0 0 12 21 0 47 28 0 29 57 86 2
 0 0 0 0 0 0 0 0 0 24 0 0 0 0 10 0 0 0 0 0 0 0 0 26 0 0 0 0 0 0 0 0 25 25 0 0 11 16 0 0 31 0 0 0 0 0 0 0 6 22 0 0 0 0 0 0 16 3 0 0 11 7 0 0 0 0 0 0 10 0 0 0 0 0 0 6 0 0 0 0 0 0 0 76 0 0 0 0 0 0 0 0 0 0 0 0 27 0 25 0 0 0 0 0 0 0 0 0 0 23 0 14 0 0 0 0 0 14 0 0 0 0 0 0 0 0 0 0 0 0 0 2 0 0 0 0 0 22 0 0 0 0 0 0 0 0 0 0 16 0 0 0 37 29 0 0 0 0 0 70 0 0 15 0 0 0 0 0 0 0 0 0 12 60 0 0 0 0 0 0 0 0 0 0 0 0 0 0 0 7 0 0 46 69 0 0 0 46 0 17
 27 32 71 27 11 60 0 27 96 2 11 87 33 0 23 0 44 36 62 25 60 26 0 42 32 46 0 0 0 17 0 53 32 14 34 17 0 34 50 16 0 0 81 31 13 38 22 11 37 49 44 37 8 45 34 10 31 64 5 64 11 0 49 0 34 11 0 71 67 0 0 22 16 0 49 0 64 42 33 5 71 0 3 74 0 34 41 50 0 41 35 20 0 15 66 47 2 0 0 73 7 0 23 73 48 47 21 58 73 0 0 2 32 58 41 35 69 70 2 43 80 70 79 35 87 42 13 0 17 90 27 89 0 0 76 61 46 59 46 7 0 7 66 0 45 96 61 9 38 11 38 57 49 17 30 23 4 17 13 37 0 22 14 0 32 20 10 71 53 1 33 31 0 44 32 52 61 78 66 0 43 6 30 37 79 89 70 1 13 6 1 73 6 77 0 62 74 32 0 42
 5 0 0 0 0 3 0 24 0 5 0 0 26 0 57 37 11 0 0 0 0 0 0 0 0 0 3 0 0 0 35 0 0 1 24 0 0 0 0 0 49 8 9 0 0 24 0 8 0 96 0 39 20 0 0 0 2 0 0 0 0 0 0 0 11 24 0 0 0 0 0 0 0 0 0 53 0 0 0 0 0 28 13 0 0 0 0 0 0 0 0 88 0 0 78 0 17 0 76 0 0 0 31 0 0 66 0 0 0 0 0 0 12 0 0 0 0 0 3 0 0 18 0 0 0 0 0 0 0 0 0 0 3 33 0 0 0 0 0 72 0 0 86 0 0 0 0 0 0 0 0 27 2 0 0 0 0 0 0 0 0 0 0 0 0 0 0 0 18 68 0 0 0 76 0 0 0 0 0 14 6 25 27 15 27 0 63 0 0 0 7 0 0 52 7 0 26 13 0 0
 0 0 0 0 0 29 24 0 0 63 0 0 0 9 0 0 0 0 5 0 0 10 0 0 0 0 0 14 1 0 0 0 0 0 0 0 0 0 4 15 11 0 0 0 0 0 0 5 0 84 0 74 7 64 0 0 0 0 0 0 0 0 11 3 0 0 0 0 5 0 0 16 0 0 0 0 0 0 0 0 0 0 0 25 0 0 0 0 0 0 0 0 0 0 35 0 0 0 52 0 0 0 0 25 0 6 1 0 0 0 0 0 10 0 0 5 0 0 0 0 0 13 6 0 0 1 0 0 0 0 17 14 8 0 0 0 0 5 19 37 0 0 0 0 0 7 0 0 0 0 0 21 74 0 0 0 31 0 0 25 5 0 0 0 0 26 0 0 0 1 12 0 30 0 0 0 0 0 0 0 0 0 0 0 11 0 0 0 0 0 0 0 0 0 0 0 0 35 26 20
 0 0 4 0 0 0 0 79 0 82 26 0 0 0 52 0 75 0 0 53 0 0 23 0 0 0 0 24 0 19 32 0 0 17 2 0 0 0 0 0 14 13 13 0 0 67 0 0 0 4 0 41 18 44 0 26 0 0 0 0 0 0 0 0 40 2 5 0 32 0 0 0 0 23 0 0 0 0 0 1 0 0 9 3 0 0 0 0 0 51 0 59 0 0 47 0 0 0 68 1 0 0 9 74 78 0 0 0 33 0 0 0 51 0 0 0 0 0 17 29 0 0 0 0 0 0 62 23 0 0 27 0 0 0 36 0 53 0 0 20 11 50 76 0 0 46 0 0 0 0 0 0 0 0 6 0 0 38 0 67 0 0 0 0 17 16 0 15 0 37 0 0 0 1 0 0 0 0 0 0 3 0 0 37 0 0 0 49 0 0 2 36 72 36 0 19 29 0 25 36
 67 28 18 64 60 42 32 83 13 69 49 64 0 0 33 63 69 0 39 54 6 0 1 32 68 0 0 88 68 17 54 76 0 32 31 0 80 6 74 51 31 61 0 44 4 0 0 0 46 30 32 1 47 17 27 61 23 0 20 57 0 0 45 0 0 70 18 0 50 68 32 35 11 31 15 46 0 25 0 10 14 74 74 33 8 10 0 72 5 0 87 0 23 62 66 62 36 0 63 70 0 0 28 63 78 11 23 0 19 4 45 44 54 28 46 0 18 71 30 17 0 85 87 0 37 79 7 36 42 25 58 54 29 80 25 60 7 0 59 27 0 36 2 58 0 51 21 0 69 0 85 88 0 70 36 9 33 35 17 10 57 56 2 10 7 0 64 16 0 12 77 0 0 17 0 74 22 40 24 58 34 0 20 7 49 20 51 80 60 72 38 39 26 33 23 56 69 59 71 52
 0 0 48 0 0 15 0 6 0 39 43 40 0 0 23 50 0 3 0 0 0 0 0 19 0 28 0 0 8 17 0 0 2 0 32 0 0 0 0 0 0 0 0 0 15 0 0 0 0 16 25 98 59 26 0 20 4 0 0 0 0 0 0 0 39 0 0 0 18 0 0 0 0 54 0 25 14 3 0 0 0 25 0 11 0 6 0 0 34 0 0 4 0 13 47 0 11 0 29 0 34 0 70 54 10 44 0 5 43 0 0 0 21 85 0 2 0 0 0 0 0 0 0 0 0 0 52 0 0 0 0 0 0 9 0 0 0 25 0 24 0 63 0 0 0 0 23 0 24 0 0 0 7 0 19 0 0 45 22 86 59 0 0 8 0 0 0 0 0 0 0 0 0 21 2 0 0 0 0 51 0 0 0 0 0 9 22 0 20 0 0 0 68 0 23 0 0 0 0 0
 7 0 0 0 0 6 0 81 0 88 70 40 0 0 64 29 66 0 0 56 0 0 0 16 0 0 0 0 0 0 22 58 1 0 0 0 0 36 0 4 51 0 0 0 2 0 9 0 20 50 0 61 69 0 0 0 0 34 0 27 0 0 0 0 53 0 0 0 2 0 0 38 0 74 0 27 0 0 0 0 0 0 0 23 0 0 0 55 0 15 0 70 0 0 77 88 0 0 0 13 0 0 0 28 60 33 93 0 44 2 0 0 79 31 0 0 0 81 0 0 0 0 0 0 0 0 76 0 94 27 53 0 21 0 84 87 0 43 0 5 0 20 65 76 0 0 0 0 0 0 0 0 60 17 24 48 3 0 0 79 0 0 0 27 0 0 29 0 22 11 33 6 0 16 76 20 0 0 0 79 0 0 0 0 0 0 56 4 0 0 0 0 83 23 0 73 49 89 59 60
 74 63 72 0 0 60 62 20 60 69 6 0 60 0 8 0 0 3 2 9 74 20 47 22 36 31 0 19 24 35 54 26 50 22 78 0 41 25 53 0 54 73 37 73 39 42 0 25 10 0 34 9 51 0 23 70 85 64 0 5 70 0 20 37 20 51 22 0 49 31 39 0 0 56 64 0 54 76 66 55 21 31 81 30 84 31 3 0 31 8 1 0 15 68 41 6 19 5 33 24 0 49 30 77 0 90 4 38 0 0 94 46 5 0 6 60 0 80 21 61 0 28 45 38 72 0 19 44 0 65 21 53 56 42 1 7 26 40 25 44 0 3 37 31 44 35 3 0 17 21 4 0 0 0 54 67 1 38 63 0 37 8 19 0 0 33 34 0 0 67 0 61 24 0 0 54 19 0 0 5 62 54 59 51 46 68 3 56 56 93 0 2 55 37 46 11 71 65 53 41
 64 67 0 0 0 22 0 74 0 13 35 27 41 0 19 82 49 0 61 44 72 0 0 34 54 0 0 0 0 0 0 2 0 0 0 5 5 35 0 0 44 15 14 2 0 0 64 0 83 13 51 29 26 39 0 37 0 4 0 2 0 0 36 17 65 0 0 0 21 0 53 57 0 45 0 46 20 5 0 17 37 2 0 0 0 67 15 0 39 29 87 12 0 2 37 3 15 0 38 48 0 0 22 56 60 13 26 0 46 0 15 41 50 0 0 0 23 45 50 11 0 4 27 8 83 5 8 16 0 59 56 0 7 54 83 23 54 79 0 0 0 25 80 27 0 0 79 0 0 78 84 0 53 69 0 27 62 18 17 0 51 0 83 48 0 0 16 14 0 0 0 0 0 32 0 59 0 0 0 58 55 0 0 24 0 0 11 76 0 0 0 0 12 54 34 46 0 23 71 63
 9 0 18 0 0 0 0 0 0 0 0 0 25 3 0 18 62 0 24 23 0 0 0 10 0 0 26 0 0 0 81 42 9 0 0 0 0 79 0 0 3 2 82 0 0 38 42 0 54 60 34 38 0 44 0 23 0 56 0 0 11 0 15 12 26 15 0 0 7 0 70 64 11 0 0 64 36 0 0 28 29 0 0 41 14 4 3 0 4 0 47 0 0 0 0 0 7 0 36 59 0 0 70 30 0 4 54 10 61 31 0 61 19 55 0 19 31 18 65 11 0 0 0 0 0 0 39 21 44 45 69 25 54 5 7 51 0 0 0 33 0 6 56 42 27 3 61 0 0 0 0 0 3 22 31 14 56 0 0 20 46 0 0 78 35 50 16 57 0 11 0 0 0 19 0 58 0 0 0 78 0 0 0 27 0 0 16 53 0 0 0 0 59 54 27 40 33 0 86 58
 5 0 64 0 0 0 0 43 0 8 0 32 0 74 84 17 56 0 0 8 63 0 0 22 25 0 0 0 0 0 3 0 0 0 0 0 14 0 0 0 40 7 60 0 0 54 0 21 0 58 10 0 19 49 0 0 0 0 0 17 0 0 0 0 14 0 0 0 67 0 0 0 23 44 0 1 0 0 0 1 14 0 0 92 0 17 0 0 40 62 0 48 0 13 13 0 10 0 74 0 0 0 41 5 0 65 21 0 0 0 6 0 87 47 0 0 18 0 24 4 0 0 21 0 0 0 68 0 29 37 0 0 28 0 29 48 30 19 0 48 0 75 51 15 0 50 3 0 0 27 0 0 28 0 0 0 0 39 0 28 26 0 0 0 0 0 70 0 0 74 41 31 0 68 37 13 0 18 0 66 7 14 32 64 0 0 38 40 0 0 0 0 48 11 50 67 0 71 12 46
 55 35 30 0 0 88 3 62 0 89 6 32 35 69 6 28 9 0 67 0 29 0 0 73 56 0 0 0 23 7 58 4 10 0 48 0 62 13 79 36 48 52 0 0 0 83 28 24 54 0 24 66 71 0 0 0 5 79 2 56 0 16 65 68 34 0 0 0 26 0 77 7 65 59 0 0 14 33 27 59 12 65 13 0 0 0 47 60 39 22 18 25 31 0 23 21 22 0 28 0 2 0 68 64 29 56 19 5 11 0 0 0 54 29 94 0 0 54 74 84 0 0 0 9 85 0 59 0 0 0 31 0 78 53 16 0 0 3 92 87 0 0 0 13 0 55 21 13 31 26 45 0 60 54 49 65 40 63 0 55 45 0 52 40 6 58 25 70 2 14 0 0 0 58 75 27 16 0 0 0 12 16 6 43 0 60 47 46 28 0 0 2 21 0 42 85 62 55 3 51
 0 0 5 0 23 0 0 2 0 0 16 2 0 0 0 13 0 0 13 0 0 0 6 0 0 0 0 0 0 0 0 0 0 0 0 0 0 0 0 0 0 0 0 0 0 4 0 0 6 18 0 0 0 0 0 2 14 0 0 0 0 0 0 0 0 0 0 0 0 0 0 0 0 0 8 0 0 0 0 0 0 0 0 0 15 0 0 0 0 0 0 0 0 0 0 0 0 12 0 0 1 0 2 0 9 0 0 0 8 0 17 0 0 0 0 0 0 30 0 0 0 20 0 0 3 0 0 0 13 0 0 0 0 0 0 8 0 0 1 0 0 0 0 5 7 0 0 9 0 0 0 0 0 0 25 0 0 0 0 0 0 0 0 2 0 0 0 0 14 0 0 0 0 0 0 0 0 27 0 0 0 3 34 0 0 0 19 0 0 0 0 0 0 19 0 0 0 0 0 8
 0 0 66 0 0 18 0 60 23 87 5 32 66 59 11 3 20 0 0 21 27 0 0 0 0 0 52 0 0 16 24 56 8 0 0 0 7 22 0 61 67 62 2 0 0 44 12 14 0 82 0 22 31 63 0 0 0 70 0 27 0 0 0 58 63 0 0 6 44 0 0 0 0 17 0 57 0 0 0 20 0 0 0 23 0 28 31 32 19 19 0 64 56 0 15 13 8 0 0 2 0 0 11 14 32 10 36 0 56 0 0 41 44 0 0 0 0 73 16 0 0 0 0 0 0 0 51 19 15 32 6 0 0 0 20 46 40 14 30 0 0 25 48 30 0 25 0 2 0 0 4 0 36 0 50 0 68 0 0 0 0 17 0 44 0 56 89 0 0 0 0 5 0 20 64 69 0 0 0 60 22 0 2 0 0 0 0 72 0 0 0 7 50 0 50 33 75 82 68 0
 0 8 54 0 10 0 0 46 0 0 64 59 0 0 49 6 1 12 8 37 0 0 0 31 5 0 0 0 0 0 16 0 0 20 0 0 0 0 0 0 0 0 0 3 0 24 6 0 0 33 0 68 28 24 0 0 0 0 2 0 0 0 0 0 0 0 18 0 14 0 0 0 0 45 0 0 0 0 0 0 0 0 0 0 0 0 0 0 0 0 0 22 0 0 12 0 0 0 68 0 0 0 7 0 27 80 0 0 53 2 0 0 0 0 0 0 7 0 0 0 0 0 4 13 6 28 21 0 79 8 0 1 0 0 6 0 0 0 7 54 0 15 21 0 0 0 0 0 22 0 2 0 0 0 0 0 14 58 39 0 7 0 0 18 0 28 0 0 0 30 7 0 0 64 75 0 13 0 0 50 0 0 0 0 0 15 9 0 0 23 14 0 73 0 0 10 20 24 0 76
 0 0 45 0 0 59 6 83 1 52 54 32 0 50 0 51 48 0 0 35 10 0 0 12 9 0 0 0 0 0 61 46 0 0 0 0 17 3 7 0 33 0 10 25 0 49 3 0 0 41 0 49 23 72 0 0 0 82 0 0 0 11 0 53 60 0 0 0 0 0 44 1 0 96 0 50 0 0 0 84 0 0 0 33 0 0 0 19 25 16 0 77 0 1 58 42 61 20 59 28 0 0 35 0 34 59 52 0 40 23 0 9 0 31 0 0 0 34 0 0 28 0 0 0 0 0 28 0 0 0 31 0 25 0 22 50 71 9 0 41 0 66 74 4 0 44 0 0 0 0 50 0 66 3 21 0 0 8 0 20 75 0 0 32 0 0 24 0 0 59 59 0 0 15 0 36 0 0 0 27 0 0 0 22 0 0 83 25 0 4 0 0 0 27 87 0 49 54 0 46
 0 0 46 0 3 24 3 44 3 47 28 0 0 47 3 7 71 15 0 7 0 0 1 75 0 0 0 13 1 0 29 53 0 0 0 0 0 0 0 73 32 45 30 20 0 6 12 19 71 27 0 40 41 8 0 7 11 0 0 63 0 0 0 0 0 1 8 0 54 22 1 64 9 16 0 28 0 0 0 68 0 27 0 22 0 20 20 56 0 64 0 54 21 0 46 26 0 0 66 1 33 0 12 3 21 8 0 13 66 0 25 22 31 45 0 26 0 6 0 0 0 18 22 0 0 9 70 0 43 23 36 8 27 0 0 16 71 60 0 97 0 20 0 19 0 16 0 0 0 0 48 0 71 0 0 31 0 0 0 37 45 11 0 0 0 0 46 0 0 47 32 0 12 33 0 68 0 0 0 6 25 0 0 33 0 0 26 68 20 8 0 0 93 63 60 0 11 69 0 0
 0 0 43 0 18 0 0 18 0 47 58 47 5 0 18 41 32 0 22 0 0 0 0 0 0 0 0 0 18 0 6 0 0 0 0 0 0 0 28 0 63 0 0 0 0 0 21 0 0 0 0 13 6 0 5 0 0 10 0 18 0 0 0 5 39 0 0 0 68 0 0 0 0 24 0 0 18 0 0 0 0 5 0 50 21 0 2 0 27 0 0 93 11 0 63 0 0 0 19 0 0 0 25 0 51 0 0 0 36 0 0 0 0 87 21 0 0 23 0 0 0 0 0 0 0 0 0 0 0 4 0 0 0 0 0 2 4 27 0 11 0 7 64 0 0 0 22 0 0 12 0 0 38 4 0 0 1 0 0 0 62 29 0 0 0 47 0 0 0 10 0 0 0 51 46 0 0 21 0 42 4 0 0 0 0 0 0 0 0 0 0 0 66 51 0 32 10 42 0 24
 21 0 70 0 52 5 0 0 62 0 30 60 59 49 19 58 0 26 16 0 93 47 0 68 32 38 10 35 8 0 0 67 22 39 57 87 24 27 44 61 0 77 25 63 21 4 2 38 25 32 0 26 11 25 76 51 52 61 0 0 0 0 0 34 0 65 36 94 51 0 0 44 23 54 25 85 25 0 14 39 0 0 46 15 30 52 41 48 0 43 57 0 29 24 12 75 41 66 0 0 0 59 18 0 21 67 85 49 0 0 5 48 6 62 53 65 2 54 46 67 29 58 3 57 59 38 0 21 1 77 46 90 27 0 64 66 9 54 8 9 0 16 35 78 0 0 40 0 0 40 93 24 8 45 0 39 8 23 0 0 61 0 57 49 35 0 45 46 0 10 75 66 40 0 96 59 18 25 29 50 59 87 34 0 0 22 44 69 73 0 50 14 6 0 59 84 7 0 0 27
 0 16 0 0 0 0 0 0 0 6 0 0 0 7 0 0 0 0 22 0 0 0 0 0 10 0 0 5 0 0 0 0 0 0 0 0 0 0 0 0 0 0 0 0 4 0 0 0 0 53 0 0 0 0 13 0 11 0 0 3 0 0 0 0 6 0 0 0 0 0 0 0 0 4 0 0 0 0 0 10 24 11 0 0 0 0 0 0 0 0 26 0 0 0 0 8 11 7 10 0 0 18 26 0 0 3 4 0 32 5 0 0 0 0 0 0 0 7 0 0 0 0 0 0 0 0 18 0 5 0 0 0 0 0 0 0 0 0 0 0 0 17 0 0 0 0 0 12 0 0 0 0 5 0 27 0 0 1 11 0 0 0 0 0 0 0 0 0 19 1 0 0 0 0 0 6 0 3 0 0 0 0 0 0 0 0 0 0 0 0 0 0 0 0 0 0 0 0 0 19
 0 0 0 18 0 0 0 47 0 50 0 0 0 0 26 0 0 0 0 0 0 0 0 0 0 0 0 0 16 0 81 0 18 2 0 0 18 0 0 0 68 0 5 3 0 0 0 0 0 46 0 15 38 21 0 38 26 0 0 7 0 0 0 0 24 0 10 0 0 0 0 0 0 0 0 0 6 7 4 0 19 0 0 28 0 0 0 0 0 0 8 72 0 0 0 15 0 9 24 0 0 0 61 64 0 54 0 0 0 0 8 0 0 0 0 11 7 0 0 0 0 0 1 21 0 0 56 7 0 0 0 0 0 0 0 0 5 0 0 65 10 23 0 28 0 0 11 0 0 0 0 0 0 1 0 0 0 0 0 77 0 0 0 0 0 72 0 0 0 0 0 0 8 0 6 30 0 0 0 24 0 29 0 0 11 32 0 0 0 0 0 0 48 38 0 0 72 51 23 0
 7 0 13 0 0 1 12 74 0 65 36 0 0 0 39 0 51 0 59 15 80 62 0 23 9 0 25 0 19 0 51 0 13 0 11 0 95 71 29 0 0 53 18 68 0 0 86 0 44 40 0 69 8 10 29 18 0 2 0 0 0 0 73 0 2 0 0 14 15 0 12 5 0 92 0 10 0 23 0 4 41 16 0 0 0 51 78 0 86 63 45 57 31 0 0 13 0 0 41 0 0 0 83 76 77 43 53 0 26 0 52 70 83 50 44 0 19 24 0 0 0 69 5 0 19 0 0 56 8 5 78 65 0 66 16 76 0 35 50 11 0 41 1 7 0 40 16 0 67 63 81 8 53 0 8 44 0 0 11 27 61 0 61 25 4 0 0 0 0 21 18 44 1 59 58 0 0 0 0 2 0 6 82 0 0 43 71 8 0 0 2 0 0 58 87 15 54 46 78 66
 91 0 0 20 0 0 0 0 0 81 0 59 85 8 3 73 69 0 0 59 37 0 0 74 5 0 25 0 0 0 52 15 0 0 0 0 0 18 7 55 28 75 14 0 30 37 4 15 21 0 18 45 0 8 0 0 0 8 21 0 0 0 16 6 12 0 0 0 2 0 80 1 0 92 12 3 0 32 0 85 90 0 0 54 0 7 29 20 68 26 62 77 41 0 0 31 35 0 43 38 0 0 21 0 34 1 4 0 26 0 0 0 0 55 0 0 0 28 0 0 0 0 0 0 0 0 51 0 0 0 30 0 5 52 0 69 17 31 85 0 0 90 18 60 0 39 53 0 0 23 12 0 10 72 32 38 8 68 0 1 81 0 0 0 0 41 0 69 14 36 0 4 0 38 58 37 0 0 25 8 0 0 3 18 0 23 60 23 0 0 0 0 58 64 51 46 55 82 0 34
 0 0 0 28 0 0 0 0 0 31 6 0 0 59 70 47 56 0 0 0 25 0 0 39 0 0 0 0 0 14 0 0 0 0 23 0 0 0 0 32 63 70 26 0 0 0 0 8 0 0 0 7 56 2 0 0 0 28 0 65 0 0 0 2 6 0 0 0 14 0 49 0 0 4 16 39 0 17 0 29 0 0 0 0 0 0 0 12 22 0 5 7 0 3 0 0 7 0 17 0 0 0 9 21 37 23 18 14 34 0 0 0 15 56 0 20 0 64 8 0 0 0 0 0 0 19 88 0 85 8 0 0 64 0 63 7 44 37 0 35 8 83 23 29 0 0 0 0 0 0 4 0 0 0 0 0 37 43 0 33 71 0 3 0 0 13 10 0 0 55 45 0 0 0 66 7 0 0 32 72 0 0 0 37 4 0 17 3 17 0 0 0 0 68 0 12 0 76 48 67
 80 56 0 60 27 58 22 31 37 0 19 8 62 1 16 6 0 0 11 36 52 6 21 89 0 0 78 18 0 17 0 31 24 22 0 40 0 38 30 44 48 0 77 0 18 32 74 0 10 18 0 6 25 29 49 9 18 0 27 17 14 0 25 56 16 85 0 2 8 60 0 0 21 60 9 3 51 53 81 82 35 26 0 57 37 62 63 35 66 59 0 0 41 54 55 56 26 37 0 0 0 0 84 15 0 0 8 0 3 5 14 0 0 74 8 22 0 58 19 61 0 69 8 0 0 70 56 0 48 26 75 37 0 0 0 0 76 39 22 2 0 4 26 0 0 24 65 10 83 0 12 0 14 11 67 19 49 64 0 29 22 0 40 41 0 0 1 31 0 21 83 72 0 55 52 53 85 55 0 0 59 0 61 0 29 50 54 17 52 0 47 46 73 43 16 31 56 0 0 91
 0 0 15 0 12 0 0 3 0 8 0 0 0 0 0 34 0 0 0 0 0 0 16 3 0 29 0 0 3 20 0 0 28 0 9 0 0 0 0 0 0 0 0 7 0 0 0 0 0 31 0 0 0 0 22 0 0 0 19 0 0 0 0 17 10 0 0 0 0 10 0 15 0 0 0 2 0 0 0 0 0 0 0 0 0 0 0 6 0 11 0 0 0 17 0 0 0 0 44 0 0 0 0 0 0 0 6 0 18 17 24 0 0 0 0 0 0 0 13 22 0 0 0 0 0 0 0 0 0 28 4 0 0 0 0 0 0 0 0 2 0 1 0 0 14 7 12 0 25 0 25 0 22 0 0 3 17 0 10 38 0 6 0 0 23 0 0 0 23 0 0 0 0 90 0 2 0 8 0 0 0 0 0 13 0 0 0 0 8 0 22 11 30 33 0 22 0 65 2 0
 0 0 0 0 0 0 0 0 0 63 0 81 0 0 87 34 0 0 0 29 28 0 0 8 0 0 8 0 0 0 23 0 14 0 15 0 4 0 0 34 53 36 68 0 0 36 0 0 0 51 0 53 19 46 0 0 6 53 0 15 0 0 0 0 74 0 19 0 4 12 4 0 0 50 0 0 18 0 20 33 0 0 0 42 0 0 23 0 47 63 0 86 0 0 50 0 12 0 0 0 0 0 20 47 69 0 27 0 85 0 0 0 18 28 0 31 0 0 6 0 0 0 0 1 0 0 65 10 0 5 0 0 75 0 0 54 53 3 0 22 0 46 30 12 0 35 0 0 0 0 0 0 75 0 12 0 0 33 0 62 63 24 0 0 0 52 0 0 14 0 0 0 0 19 65 0 10 0 0 50 0 0 0 37 0 3 0 0 0 0 0 0 0 73 12 57 46 4 0 24
 57 0 77 8 22 0 0 0 1 44 38 51 64 0 60 17 11 0 17 75 52 7 14 34 3 0 0 0 0 0 79 83 7 4 0 23 0 50 0 6 5 43 0 0 0 27 29 5 59 61 72 0 15 64 0 17 12 0 0 17 0 0 0 49 22 0 0 0 19 0 0 57 0 5 0 96 0 0 0 45 43 48 0 60 0 25 46 34 0 28 8 28 16 0 3 0 41 0 66 21 0 4 54 63 59 53 54 9 67 20 0 0 63 22 0 0 0 39 62 0 0 0 0 0 2 0 78 34 44 25 81 68 51 84 0 0 0 34 11 20 0 12 0 0 0 13 32 13 0 0 77 0 64 71 45 59 46 41 0 58 86 14 0 15 0 34 8 0 7 68 32 0 0 25 0 40 17 0 0 0 32 0 0 48 0 0 17 0 0 0 0 0 53 4 0 65 60 21 53 0
 68 11 14 65 66 55 52 63 51 33 67 0 85 6 69 83 43 67 23 51 0 27 14 24 66 39 35 4 0 33 7 18 0 17 0 48 71 25 56 7 23 14 19 87 21 5 25 13 52 73 47 0 44 0 16 0 0 68 0 18 0 0 90 84 10 34 0 12 37 38 82 39 45 10 0 66 0 70 18 71 0 44 24 57 88 35 55 38 60 39 60 0 15 86 62 5 0 0 70 7 90 1 41 35 18 63 18 33 32 38 25 0 14 28 17 25 27 62 0 20 76 52 10 0 8 38 0 38 35 0 5 48 70 6 75 0 15 25 51 22 0 0 61 7 38 84 0 57 79 80 36 0 0 57 79 45 52 41 15 0 54 34 0 0 12 0 0 0 0 57 39 73 0 2 0 54 22 0 8 85 14 0 79 28 0 12 30 60 49 75 3 55 0 46 89 23 10 28 60 40
 0 0 11 19 0 0 0 17 11 0 0 0 0 0 71 0 9 0 0 0 5 0 0 0 0 0 23 0 0 0 46 0 0 0 0 19 0 0 0 0 31 0 0 0 0 0 0 0 0 57 1 16 68 53 0 0 0 0 0 0 0 0 0 0 0 0 0 0 0 0 19 0 0 0 0 0 0 0 0 0 0 0 21 0 33 0 0 10 0 0 0 0 0 0 0 0 0 0 36 0 0 3 0 42 0 8 3 0 11 0 0 14 26 28 0 0 0 0 0 16 1 21 16 0 6 0 27 7 0 0 0 0 19 0 0 0 10 0 0 43 0 0 0 0 0 8 0 0 16 0 0 0 78 38 0 0 0 0 0 0 23 0 0 0 0 7 13 0 0 0 0 0 0 1 69 0 0 0 0 81 0 0 0 31 0 0 0 14 0 0 0 0 33 28 0 12 65 15 0 54
 0 0 13 0 0 24 0 29 20 43 37 69 0 48 80 0 25 0 0 58 24 0 0 35 4 5 0 7 0 0 48 0 0 0 5 9 0 0 0 64 0 58 3 0 0 74 0 0 0 78 0 54 34 63 28 0 0 70 0 43 9 0 0 39 7 0 0 0 8 0 44 39 0 21 0 37 0 0 0 93 0 0 0 41 0 0 0 0 39 0 0 0 0 0 45 0 22 11 0 33 0 0 6 0 0 49 0 0 43 0 31 0 41 72 0 0 0 31 0 5 10 0 17 15 0 0 20 0 72 66 0 0 0 0 27 9 93 68 0 30 0 1 0 10 0 77 0 4 5 8 0 4 33 6 0 0 0 54 0 76 33 0 22 0 0 31 77 0 0 77 0 0 0 64 0 24 0 0 0 11 0 0 0 62 17 0 45 0 16 0 24 27 49 0 4 10 70 72 0 33
 1 86 18 0 0 34 0 53 0 26 33 6 32 9 0 56 46 0 0 2 9 6 0 40 61 0 41 0 32 0 29 32 0 0 34 1 73 26 0 81 15 70 23 20 4 77 66 0 0 0 40 30 0 0 0 0 31 37 0 0 0 0 10 98 50 3 0 13 75 0 5 78 42 0 0 2 12 11 12 57 10 15 0 31 60 29 36 62 22 59 25 0 19 0 5 26 21 0 8 12 0 0 71 61 32 0 59 0 0 0 0 90 66 0 83 0 0 25 91 37 0 0 0 0 0 0 47 58 40 0 49 16 40 43 51 62 19 70 20 5 0 41 10 48 24 42 0 0 37 62 0 60 41 0 23 68 60 56 0 94 36 0 0 46 0 85 38 86 0 78 34 0 0 49 83 10 0 0 0 51 18 0 84 0 0 38 75 40 0 0 0 5 79 24 20 71 0 0 0 0
 0 4 42 70 59 25 60 39 77 57 41 78 37 30 43 34 30 16 0 92 14 13 44 57 0 0 35 29 2 0 0 25 0 54 34 67 58 36 55 53 84 23 29 81 47 62 0 0 30 6 0 0 0 26 50 60 12 78 30 22 0 0 71 33 25 20 20 0 17 0 27 54 64 47 0 23 42 5 47 0 26 55 60 62 0 21 49 29 18 36 51 22 49 1 0 89 53 0 52 45 18 4 0 91 0 8 0 0 22 0 44 38 0 0 39 5 5 11 12 56 70 10 14 0 40 37 16 92 13 75 6 89 21 53 64 62 29 12 78 0 38 20 0 31 74 49 32 0 85 9 62 9 53 60 19 14 0 93 0 1 0 0 6 70 16 13 25 79 20 59 55 50 0 0 0 91 0 42 0 74 19 87 69 0 84 69 34 21 1 19 7 0 0 79 6 77 7 45 11 0
 0 0 0 0 9 0 0 0 0 18 0 13 0 0 0 0 0 0 0 0 0 0 0 0 0 12 0 5 0 0 0 0 10 0 0 18 0 3 0 0 0 0 0 0 0 0 0 0 0 0 0 3 1 0 3 0 21 0 0 0 0 0 4 0 0 0 0 0 6 10 0 0 0 0 0 0 0 0 0 0 17 0 0 0 0 0 0 0 0 0 0 6 2 1 0 0 0 0 57 0 0 14 0 6 0 0 0 0 0 0 0 8 0 4 0 0 3 0 0 0 0 0 0 0 0 22 4 0 0 0 0 0 0 0 0 18 0 0 27 0 0 0 33 0 0 0 0 7 0 0 0 0 77 0 0 0 0 0 18 4 9 0 0 7 0 0 0 0 0 0 0 0 23 0 0 0 0 0 0 0 0 24 0 0 1 0 0 0 0 0 0 0 0 67 21 0 0 0 0 17
 28 0 0 0 0 0 7 45 0 50 0 0 0 0 4 18 0 30 0 0 0 1 0 0 0 0 0 0 0 0 17 0 0 0 0 0 3 0 23 7 79 0 0 34 0 0 0 0 0 25 0 0 11 70 0 0 0 0 0 0 0 0 0 0 0 0 0 0 0 5 0 2 0 16 0 0 0 0 0 0 0 0 0 83 0 0 0 0 0 13 0 70 0 0 11 0 15 0 0 0 0 11 68 30 0 26 8 0 9 5 13 0 0 0 0 0 0 1 0 0 0 0 4 0 0 0 8 11 0 0 0 0 0 0 0 0 0 0 0 58 0 10 10 14 0 0 0 19 14 1 0 0 58 0 0 34 12 0 0 17 0 0 0 0 0 4 0 5 26 0 7 0 20 10 0 0 0 0 5 21 0 0 0 4 0 0 61 0 0 4 0 27 20 70 0 23 0 0 0 37
 0 0 43 0 0 0 0 54 0 0 61 0 0 1 20 31 16 0 14 0 0 0 0 51 0 0 0 0 0 0 65 0 0 0 0 0 0 22 0 47 0 53 3 0 0 0 13 25 15 82 0 39 39 31 0 37 21 51 0 0 0 0 16 59 72 0 24 7 38 0 8 0 0 72 27 0 0 0 0 0 2 6 0 0 0 0 0 0 58 3 0 60 0 0 10 0 0 12 72 0 15 38 0 24 14 63 12 0 27 0 0 0 79 54 2 0 0 27 0 0 0 0 0 0 0 0 47 0 20 53 0 0 61 28 36 0 31 13 0 71 0 4 39 71 0 30 0 0 0 0 0 0 26 0 34 0 0 19 0 0 0 37 0 0 0 0 54 0 0 17 0 0 0 64 81 0 0 0 0 9 0 0 0 48 0 0 72 12 0 30 0 2 2 0 39 22 56 21 0 65
 0 56 8 0 18 6 69 0 0 63 41 0 13 9 33 1 53 0 51 0 47 47 0 18 49 0 0 24 11 53 60 87 0 35 73 0 14 0 43 22 25 84 24 4 0 31 43 0 35 0 0 32 59 74 27 0 0 3 24 28 0 0 0 46 9 76 0 10 0 33 35 17 92 0 10 11 0 49 24 0 30 0 0 32 19 34 56 0 0 54 80 25 28 0 15 29 78 0 27 0 0 0 23 0 30 0 45 0 81 0 81 0 48 22 86 0 19 0 29 75 0 5 0 0 0 5 0 42 48 72 14 0 7 0 40 25 27 73 63 68 0 67 30 67 0 62 12 0 14 10 53 0 70 9 0 29 30 35 0 25 43 21 22 7 0 68 0 0 0 76 9 65 17 79 33 81 0 12 21 83 3 0 0 0 16 25 7 41 27 0 39 75 42 55 67 51 47 0 29 0
 7 52 0 0 68 69 12 60 0 33 17 9 0 0 13 12 57 0 61 21 60 19 0 23 74 13 41 48 0 42 71 71 34 0 75 0 50 40 15 26 45 0 43 68 0 0 57 0 65 74 87 57 14 94 0 43 0 0 0 65 54 0 0 0 60 80 3 2 72 3 2 25 8 0 0 0 59 40 0 30 0 91 27 92 0 0 62 21 45 15 15 0 69 25 23 80 11 3 47 39 0 0 60 41 73 52 19 0 42 0 60 0 49 79 4 0 20 8 43 1 16 44 0 0 0 0 44 13 0 56 63 54 9 6 0 33 63 0 0 37 0 9 5 64 0 57 82 4 51 3 0 71 0 32 21 38 35 0 0 0 28 33 32 39 0 0 41 3 11 89 43 26 0 59 25 34 0 0 41 0 0 0 30 0 0 0 30 0 90 19 50 68 0 34 0 64 13 60 40 3
 70 0 33 0 0 0 34 65 0 51 18 20 34 42 49 0 0 0 0 37 41 14 30 0 15 0 4 0 48 0 0 65 0 0 0 0 13 59 94 0 79 0 0 0 0 44 19 1 11 47 21 21 3 0 0 0 0 63 0 0 0 10 52 44 62 42 0 0 39 0 88 53 89 0 0 0 96 53 0 10 14 0 25 0 64 55 14 57 17 14 35 18 0 0 62 15 0 0 24 27 0 0 17 2 0 25 77 0 0 7 37 92 30 0 0 0 0 19 57 26 0 23 0 0 68 5 37 47 17 16 5 7 7 0 8 0 22 38 11 43 0 37 21 48 0 77 32 1 49 85 65 31 40 69 27 64 38 56 0 6 28 6 0 0 5 80 27 29 0 30 53 7 18 24 0 58 0 0 0 18 41 0 41 65 0 0 19 28 42 0 0 0 51 69 8 17 7 61 20 11
 0 0 0 0 5 0 0 0 0 57 0 0 17 0 0 0 0 0 0 2 0 0 0 0 0 0 0 0 0 0 54 0 0 0 0 0 4 0 11 1 14 0 0 0 0 0 2 10 0 39 27 18 2 19 2 0 0 0 0 15 0 10 25 0 0 0 0 0 8 4 0 0 0 0 0 0 0 0 0 0 0 0 0 45 0 0 0 0 5 0 20 11 11 0 4 0 0 2 24 0 0 0 0 0 0 21 0 0 0 0 0 0 0 0 0 0 0 0 0 0 0 0 0 0 0 3 0 4 0 0 0 0 0 25 0 0 0 11 0 70 2 0 17 20 0 0 0 0 0 0 0 4 76 0 0 0 0 0 0 50 0 0 0 0 19 77 0 4 0 0 0 0 0 61 0 0 0 7 0 0 0 0 0 0 0 0 37 5 0 0 0 0 71 37 0 0 0 0 11 81
 33 17 55 0 0 82 0 36 0 0 53 14 94 19 37 52 0 0 31 58 0 0 0 57 0 0 42 0 37 0 54 72 0 0 0 0 0 74 9 61 60 81 0 0 24 0 28 0 0 0 35 20 79 50 0 17 0 0 16 3 0 8 0 49 0 6 1 0 23 2 58 16 0 0 0 18 54 11 0 53 2 64 15 38 19 55 33 70 0 57 6 0 0 0 6 67 69 0 0 35 5 0 71 32 3 7 92 0 62 3 0 38 79 18 0 0 20 62 46 0 16 0 0 0 0 0 49 0 62 58 41 48 34 19 32 42 49 70 0 84 0 0 82 0 0 5 50 0 0 58 0 0 40 0 70 83 0 0 0 24 75 7 12 25 0 27 22 0 0 62 76 0 0 10 60 51 0 3 0 28 0 0 0 26 0 0 13 0 0 15 16 0 18 1 50 9 42 55 59 60
 4 81 7 4 21 0 9 0 23 11 0 60 68 0 55 64 42 0 76 29 12 45 65 0 72 0 37 0 3 31 33 60 47 0 64 50 47 55 95 65 43 3 45 0 50 3 0 0 60 51 28 22 40 0 37 0 0 24 0 0 56 1 0 0 33 28 54 27 54 10 38 47 0 85 29 7 63 55 6 24 82 26 43 34 41 46 25 31 12 56 75 28 33 26 0 4 72 32 69 0 0 9 5 24 72 50 5 0 3 0 36 50 1 21 0 29 0 0 0 0 10 14 69 8 0 31 14 38 49 83 0 35 0 54 0 58 47 0 0 39 0 0 75 55 46 90 36 0 38 25 0 0 0 43 23 7 85 65 0 30 0 0 31 52 14 5 20 24 6 55 73 2 0 0 81 9 92 68 0 12 71 0 89 6 25 66 44 10 0 92 0 50 69 8 0 16 29 59 29 11
 60 65 27 0 14 0 58 0 0 79 0 10 67 0 0 52 69 0 36 0 63 0 0 0 67 0 62 0 37 0 62 5 0 0 7 21 19 17 25 70 60 0 0 0 0 40 40 0 25 40 55 15 0 95 0 0 0 21 0 92 0 0 93 29 0 45 0 3 0 5 95 82 0 29 0 49 83 79 0 0 22 7 0 49 18 15 10 53 49 59 39 89 11 9 57 20 21 0 78 0 0 5 67 10 82 23 10 0 0 0 10 70 0 0 20 0 11 51 21 53 0 76 0 0 19 3 38 40 69 25 10 49 4 63 7 26 11 13 79 53 0 0 59 73 0 52 37 0 94 15 0 0 0 0 60 14 76 15 0 70 23 0 0 17 0 17 59 6 0 71 56 0 0 17 32 77 28 0 0 24 23 0 0 24 0 56 10 0 0 0 0 0 0 0 24 56 41 35 35 47
 0 0 0 0 0 23 0 28 0 67 45 0 11 18 76 7 0 0 21 35 0 0 0 22 0 0 0 0 0 0 4 0 3 0 0 15 0 0 0 7 82 0 58 0 30 0 0 0 0 2 0 37 67 28 0 0 17 0 11 0 0 0 21 0 0 0 0 0 29 0 0 0 12 25 0 57 0 0 0 0 0 0 0 0 0 0 0 7 1 0 0 92 0 18 11 0 0 0 60 0 0 0 39 0 28 22 0 0 25 0 0 0 28 31 0 0 0 0 0 0 0 28 0 0 0 0 14 0 45 0 0 0 35 0 26 50 0 0 0 65 0 0 15 0 0 26 23 0 0 0 0 0 6 0 19 0 0 16 26 48 51 17 0 0 22 0 0 0 0 0 0 6 20 67 0 0 16 2 0 34 0 0 0 0 0 11 0 50 0 17 0 0 0 17 0 1 69 69 0 68
 0 0 47 65 88 61 66 17 0 50 17 59 30 29 14 8 74 0 36 33 24 85 0 13 69 0 27 0 44 48 9 4 0 84 78 0 12 44 44 0 64 11 47 52 18 49 3 0 73 77 30 36 0 66 35 35 64 60 0 40 0 0 60 79 0 32 34 87 41 2 0 70 38 6 29 6 66 59 0 0 13 45 0 0 6 21 21 18 13 57 49 48 66 69 0 6 17 47 43 68 0 0 62 63 0 34 53 0 53 0 1 0 32 0 62 0 0 32 0 0 0 14 0 0 0 45 0 0 57 16 44 40 0 88 30 18 65 9 45 15 0 0 0 65 0 91 75 0 47 59 15 8 37 26 28 15 81 43 28 75 0 13 5 0 0 52 62 36 20 72 0 18 0 0 71 58 0 55 57 1 67 0 4 53 0 0 41 0 59 61 0 71 0 67 70 60 94 0 35 86
 17 12 0 30 0 0 0 78 1 0 38 85 40 0 0 29 63 0 82 53 0 0 25 0 0 0 20 0 9 23 7 71 0 0 0 0 21 76 0 72 3 39 3 0 0 25 0 0 27 42 34 0 70 92 18 31 0 49 0 0 0 0 17 39 37 0 0 15 20 0 86 62 0 0 0 0 1 14 9 15 69 70 0 0 0 58 51 37 7 53 63 67 0 0 68 16 45 0 75 48 0 0 50 15 0 56 29 0 0 0 0 65 66 60 0 0 63 37 27 0 0 22 0 0 0 0 78 0 58 0 51 73 41 51 0 15 4 34 52 95 0 52 43 10 0 0 81 0 0 23 54 0 30 1 0 41 61 20 0 4 0 0 0 21 0 32 0 22 0 65 29 0 0 70 8 67 0 12 12 27 8 0 0 0 20 0 18 52 0 0 0 0 16 39 51 4 51 68 42 51
 0 0 26 0 8 0 0 0 3 29 16 0 0 0 0 0 0 0 0 0 0 0 0 0 0 0 0 0 0 0 10 0 1 0 0 0 26 0 0 0 0 0 0 0 0 0 0 0 0 0 3 0 52 77 0 0 3 0 0 0 0 0 8 0 0 0 14 0 0 0 0 2 0 0 6 0 0 0 0 0 0 0 0 68 0 0 0 3 0 31 0 31 31 0 0 19 0 0 22 0 0 0 0 0 0 0 22 0 13 0 0 0 0 0 18 0 0 0 0 0 0 22 0 8 1 18 0 0 28 0 0 0 3 4 0 0 0 33 0 81 0 0 17 15 0 0 0 0 0 0 0 0 0 5 0 0 0 10 0 37 7 0 0 0 0 55 0 0 0 18 0 0 0 26 0 0 0 0 0 0 0 0 0 6 0 0 0 0 0 9 0 8 68 76 7 7 0 63 0 0
 31 0 28 0 0 0 0 0 0 35 3 12 4 0 45 0 32 0 0 90 0 38 1 0 28 0 1 0 13 0 37 12 10 0 0 7 0 0 0 0 15 14 34 0 0 0 18 12 0 0 0 20 0 31 0 0 0 8 0 0 0 0 0 0 4 0 0 4 78 0 0 10 0 0 0 20 0 0 0 0 0 0 0 8 9 0 0 0 0 0 0 0 0 0 4 0 0 0 29 0 0 0 58 30 41 65 0 0 0 0 0 13 0 50 0 5 0 0 0 18 0 0 0 12 0 2 16 0 36 0 0 0 35 0 2 0 8 0 0 33 0 15 64 0 0 29 0 0 0 0 0 0 22 0 64 0 0 52 0 17 24 0 0 0 0 21 22 24 0 0 21 0 0 28 9 0 0 14 0 0 6 0 27 0 6 0 24 0 0 31 0 0 46 34 0 0 0 67 23 19
 16 43 28 0 0 9 0 47 0 65 16 83 65 46 14 2 0 0 63 0 0 59 0 0 27 0 26 0 16 0 3 65 0 0 25 0 0 35 0 0 22 61 22 60 0 16 0 0 77 21 14 58 0 17 12 0 0 23 0 29 1 0 24 60 0 9 0 0 23 0 0 33 60 67 0 21 78 82 3 59 0 33 0 46 0 18 0 40 35 0 53 6 4 0 63 51 20 7 0 61 0 15 24 44 81 31 0 0 0 0 33 18 14 82 25 0 15 67 52 0 0 0 0 0 79 0 0 1 64 0 30 38 0 73 9 84 62 0 43 12 0 77 93 32 0 0 38 0 5 6 42 0 10 30 31 4 0 13 0 29 45 13 35 0 0 0 59 71 0 88 0 85 0 42 73 58 0 0 0 28 18 20 41 54 0 51 49 66 0 0 2 0 0 0 24 45 28 36 0 7
 37 0 44 0 16 28 41 5 5 0 25 15 45 17 38 46 0 8 78 77 0 35 0 30 31 10 0 0 0 43 0 15 0 3 61 0 24 4 21 70 35 14 0 56 0 0 80 0 27 0 50 0 55 0 67 0 0 47 0 0 24 0 15 61 11 0 0 53 2 22 31 74 54 56 0 28 14 46 0 16 59 0 21 75 55 10 38 0 21 39 0 0 3 31 65 53 39 0 20 0 0 0 25 33 6 8 63 0 14 2 18 9 39 79 31 0 2 65 0 18 13 58 1 0 0 0 39 0 37 49 31 26 36 61 74 6 12 7 47 0 0 79 10 35 0 12 65 0 66 31 22 18 72 38 0 0 0 51 6 28 65 85 12 81 27 52 13 87 0 69 47 30 0 54 0 0 15 0 43 38 0 0 10 0 0 58 0 0 58 0 66 12 0 61 67 27 0 0 18 51
 85 76 4 0 0 51 43 50 0 0 63 42 0 12 87 31 53 0 0 0 82 12 0 23 13 0 76 77 17 0 68 0 0 67 0 31 3 0 61 0 59 1 18 0 0 54 25 0 56 68 61 61 11 12 58 0 0 26 20 37 0 0 0 0 31 0 9 0 78 19 18 43 49 83 0 0 60 9 0 2 0 12 0 10 79 0 40 14 81 21 66 94 20 0 12 31 34 1 35 64 0 0 60 54 45 77 56 0 0 0 47 0 0 78 14 0 24 43 19 0 0 17 0 0 58 0 0 22 49 0 86 71 0 21 85 72 0 4 0 47 0 0 3 0 0 22 28 6 42 59 63 44 22 23 0 68 17 15 0 25 58 0 33 65 0 0 56 68 0 42 0 4 0 15 91 70 0 0 21 40 0 9 10 29 22 19 10 54 0 0 0 0 72 29 5 1 0 33 0 74
 0 38 8 32 0 42 73 92 13 0 0 3 33 15 0 28 66 0 61 5 52 64 0 39 87 0 8 39 31 12 13 84 0 66 77 0 0 43 27 34 55 19 36 19 0 66 29 0 77 85 7 2 0 34 75 0 0 50 4 0 0 0 27 33 56 39 0 0 60 28 17 35 61 20 0 48 0 66 25 51 47 72 0 7 10 0 63 75 53 72 0 32 13 0 5 71 35 13 0 0 0 26 17 0 29 0 18 0 84 0 40 3 84 0 58 6 46 74 50 34 11 43 20 0 0 0 20 37 40 54 10 35 22 4 12 0 42 40 0 4 0 64 11 0 0 28 55 0 21 74 16 0 73 0 70 55 21 1 0 62 12 6 9 37 0 0 19 68 0 5 0 0 0 58 0 0 0 0 67 4 59 0 10 37 0 44 0 23 11 0 54 0 56 0 0 27 48 26 45 80
 0 0 0 0 0 0 0 0 33 0 0 0 24 0 0 0 0 5 0 0 0 0 0 0 13 0 28 0 0 0 0 25 0 0 0 34 0 0 13 27 0 0 0 0 0 0 0 0 0 76 0 0 0 0 0 0 0 0 0 0 0 0 2 0 29 0 25 0 0 0 0 0 0 0 0 0 21 0 0 0 0 2 0 0 0 0 0 0 29 9 0 57 11 0 0 0 0 0 21 0 9 0 0 0 0 0 15 0 0 0 2 0 10 0 0 0 0 0 8 10 0 0 0 5 0 7 3 0 0 23 0 12 2 0 0 0 36 0 13 0 0 16 11 0 0 0 0 0 0 0 0 0 33 0 0 15 0 0 0 63 0 24 0 19 0 0 10 0 2 0 0 0 6 18 0 0 0 11 0 0 0 0 24 0 29 0 0 0 0 29 0 0 0 67 22 0 15 0 0 0
 0 0 0 10 0 0 0 0 0 0 0 18 0 10 0 0 0 0 0 8 0 0 0 0 27 0 30 0 0 0 0 12 0 0 0 21 0 0 0 0 5 0 14 0 3 0 4 31 0 58 0 0 0 0 0 0 0 0 0 0 0 0 0 0 0 0 0 0 0 4 0 8 32 0 2 0 4 0 0 0 0 0 0 5 0 0 0 0 0 0 0 0 0 0 0 0 2 0 0 0 0 0 0 22 0 0 0 0 0 12 0 0 0 15 19 25 32 0 3 0 18 0 0 0 0 0 11 0 0 4 15 0 0 0 0 0 0 0 0 0 0 0 15 0 0 1 0 0 0 0 0 3 0 0 25 0 0 0 39 29 0 0 0 0 0 0 0 0 0 0 1 0 0 0 0 14 0 0 0 0 0 0 3 0 0 0 0 0 5 0 0 9 0 0 0 0 0 4 16 0
 0 0 86 0 1 0 0 7 0 66 0 0 0 0 10 66 23 0 18 61 68 0 0 65 0 0 28 0 16 0 58 0 0 0 0 10 28 0 0 0 0 9 68 0 0 0 18 0 0 33 21 14 50 78 3 10 0 0 11 31 7 0 0 0 59 1 0 0 67 0 0 0 0 41 0 0 0 0 0 39 0 4 0 37 0 0 0 15 40 54 0 59 0 0 38 0 0 0 8 0 6 0 32 84 0 57 0 0 66 0 0 5 0 0 33 0 13 0 4 5 0 17 0 0 0 0 56 0 78 0 0 0 46 0 0 84 50 1 0 45 0 0 47 25 0 0 9 0 0 0 0 0 37 0 69 0 0 35 0 74 69 0 0 17 0 27 0 18 0 53 0 0 0 0 18 0 0 11 0 90 0 0 0 19 0 0 0 51 0 0 0 1 0 94 0 65 0 57 0 0
 0 0 35 0 0 0 0 46 9 0 0 31 0 0 45 16 0 0 0 0 0 0 0 49 0 0 0 4 0 0 11 21 0 0 0 0 0 0 0 4 43 0 19 0 0 0 0 0 0 18 16 50 26 26 0 29 8 0 0 0 0 16 0 28 52 0 0 0 61 14 0 8 0 22 0 75 0 0 0 74 0 0 0 42 0 0 0 0 25 61 0 0 0 0 21 0 0 0 58 0 0 0 0 48 24 72 0 0 0 0 0 0 0 0 0 22 8 0 0 0 0 3 0 0 0 0 94 0 19 0 0 0 61 0 0 23 28 21 21 72 0 24 49 0 0 77 0 0 0 0 0 0 18 0 0 15 22 0 0 64 34 0 0 0 0 0 0 0 0 0 0 0 0 23 0 0 0 0 0 13 0 0 0 0 0 0 0 48 0 0 0 0 21 29 0 0 0 45 17 28
 0 0 0 5 0 0 0 8 14 66 7 0 17 0 57 0 0 0 0 0 0 0 33 1 0 0 0 0 5 0 4 0 7 28 0 0 20 0 28 0 81 0 4 0 0 0 0 11 9 0 0 0 0 59 0 0 0 0 0 0 0 17 22 0 55 0 0 9 0 0 0 26 29 1 0 0 0 0 0 0 29 0 10 50 0 0 9 0 0 0 0 88 0 15 0 0 0 0 14 0 0 0 20 0 0 12 0 0 50 0 0 0 0 0 0 0 0 0 0 0 24 0 0 0 0 0 0 0 0 7 31 0 0 0 0 0 0 0 0 31 0 0 11 0 0 6 0 0 9 0 9 0 11 0 0 0 0 0 0 60 0 0 0 25 0 13 0 0 0 0 0 0 0 74 39 0 0 0 0 33 0 0 0 0 0 0 47 7 0 19 22 0 0 1 3 14 0 70 0 18
 22 0 0 0 24 25 0 0 0 15 9 0 0 0 0 0 0 0 0 12 0 0 0 0 0 0 0 0 0 0 0 0 0 8 0 0 0 0 26 0 0 0 0 0 0 0 0 0 0 54 0 0 0 0 14 0 0 0 0 0 0 0 0 6 18 0 0 0 0 0 0 0 0 0 0 0 0 0 0 0 0 0 0 0 0 0 0 0 0 0 0 11 18 0 0 0 0 0 18 12 0 2 0 0 0 0 0 0 0 15 0 0 0 20 0 0 0 19 0 0 0 0 1 0 0 0 0 6 0 2 0 0 0 0 0 0 0 0 0 0 0 0 0 8 0 27 0 0 0 22 0 0 74 0 0 0 0 0 2 13 0 0 0 0 25 0 0 0 0 0 0 6 0 24 3 0 30 0 0 0 0 0 0 0 14 0 0 0 0 19 0 0 8 0 0 0 0 0 0 30
 0 13 18 0 24 0 0 7 0 43 62 0 0 28 17 59 5 0 0 55 0 0 0 21 0 0 14 28 0 0 62 0 1 0 0 0 0 0 0 80 57 6 48 0 0 75 11 0 0 20 19 20 38 66 2 0 0 29 0 8 0 0 0 0 52 0 0 14 21 0 22 0 0 11 0 0 0 0 0 67 0 0 0 20 14 11 0 0 0 16 0 0 0 0 27 14 16 0 72 26 22 0 0 28 0 52 77 0 0 0 0 0 36 36 0 0 0 0 0 0 0 0 27 0 0 0 86 0 14 13 4 0 62 0 69 7 7 0 0 42 8 62 0 0 0 34 0 0 0 0 0 0 56 0 46 0 6 24 26 3 0 0 4 0 15 0 46 0 0 37 20 17 0 18 45 46 0 0 0 0 0 0 0 49 0 0 61 0 30 0 0 0 68 0 38 0 29 7 0 0
 0 25 0 0 9 0 0 16 0 0 0 25 0 0 0 0 0 0 10 0 0 0 0 0 0 0 0 0 0 0 0 0 0 0 9 0 0 0 0 0 0 0 20 0 1 0 0 0 0 56 0 1 0 0 7 0 0 0 0 0 0 0 0 0 0 0 0 0 24 5 0 0 1 0 0 0 0 0 0 3 0 21 0 85 0 0 0 0 0 0 0 0 0 19 5 0 0 0 12 0 0 0 0 0 0 0 0 0 0 0 0 16 0 0 0 0 0 0 0 0 0 0 0 0 0 0 0 0 0 0 0 26 0 14 0 0 0 0 0 0 0 7 0 0 0 13 0 0 0 0 0 0 0 13 0 0 0 0 0 0 27 0 0 0 0 25 0 28 0 0 0 8 2 0 0 0 17 0 0 0 0 0 0 0 0 0 2 0 0 0 0 0 55 22 7 0 0 0 26 0
