200
 0 0 0 79 69 68 0 0 5 0 0 0 0 3 10 6 0 41 0 3 0 0 0 0 0 0 25 0 0 0 0 0 0 0 0 0 0 21 0 0 0 0 0 0 0 0 0 23 0 0 0 0 0 0 5 0 29 0 0 0 0 0 0 0 0 0 0 0 0 0 0 0 0 0 0 0 0 0 0 0 0 0 0 0 0 0 0 21 0 0 0 0 0 12 0 0 0 0 0 55 57 0 0 8 0 0 0 74 0 0 0 0 0 0 19 11 0 0 62 0 0 0 36 0 0 0 0 0 28 0 0 0 0 0 0 0 0 0 0 0 0 0 0 0 0 0 0 0 0 0 7 0 0 46 16 0 9 0 0 0 1 0 58 0 0 0 0 0 0 0 0 0 0 0 0 0 0 0 81 0 0 0 0 0 0 0 16 0 0 0 0 59 0 0 0 10 0 0 0 0
 14 0 0 3 24 0 83 61 0 6 18 0 10 49 9 61 59 0 0 85 0 31 0 8 0 17 12 3 79 9 0 0 2 0 1 0 0 28 97 24 34 41 57 0 3 0 74 5 55 33 53 39 83 36 40 60 0 30 31 80 6 2 4 36 35 67 78 41 62 78 60 52 50 0 54 0 0 25 0 45 33 35 0 0 2 49 63 38 0 45 55 17 48 78 0 0 23 0 6 6 0 0 2 62 20 51 52 43 32 49 0 11 53 33 27 0 1 44 25 24 77 37 40 0 24 72 50 74 79 23 0 60 0 44 0 69 23 0 61 52 0 26 0 0 0 9 9 80 49 37 0 19 0 56 9 40 14 50 0 34 0 16 18 63 71 2 19 65 0 62 5 17 7 64 3 27 23 3 36 40 0 3 81 65 20 55 78 4 0 82 56 8 0 39 1 4 48 40 0 34
 6 3 0 40 80 27 61 2 16 3 0 65 41 0 0 21 47 45 60 69 21 71 62 19 59 20 62 9 50 44 93 70 13 26 64 12 0 49 40 2 33 58 0 60 0 88 9 16 62 0 69 0 0 10 46 65 15 11 31 61 0 0 37 0 74 90 41 29 35 36 9 0 60 30 0 65 88 27 19 50 5 46 21 0 62 23 43 0 0 52 7 0 24 11 0 61 56 7 0 70 17 19 75 22 26 90 0 28 67 27 1 68 1 7 16 1 19 64 65 46 47 16 54 0 0 28 0 21 70 14 4 64 0 39 64 8 29 0 11 0 0 52 68 11 35 76 72 0 43 62 56 47 43 54 70 12 78 30 41 67 23 5 0 0 0 23 77 0 64 15 56 81 24 75 14 20 1 35 28 12 71 86 0 68 28 35 24 57 38 97 0 0 0 0 41 12 38 0 41 48
 0 0 0 0 85 8 0 0 0 0 0 0 0 0 0 18 0 8 0 0 0 0 0 0 0 0 0 0 0 0 0 0 0 0 0 0 0 0 0 0 0 0 0 0 0 3 0 19 0 0 0 0 5 0 0 0 0 9 20 0 0 0 14 6 0 0 0 0 0 0 0 0 13 0 0 12 0 0 0 21 0 0 0 0 4 0 0 0 0 0 0 4 0 2 0 0 0 10 0 0 0 36 29 0 0 0 0 0 0 0 0 0 0 0 9 8 0 0 2 0 0 0 61 9 0 0 0 0 0 0 0 10 0 0 0 0 0 39 11 0 5 4 0 0 0 0 14 0 0 11 0 0 0 2 0 0 7 0 0 0 0 0 0 4 0 0 0 0 16 0 0 0 0 11 3 0 20 1 63 0 0 0 0 0 32 0 6 0 0 0 0 20 0 0 3 0 0 0 0 0
 0 0 0 0 0 0 0 0 0 0 0 0 7 0 0 0 0 0 0 0 24 0 0 0 0 0 0 32 0 0 0 0 0 9 13 0 0 0 0 0 0 0 1 0 3 0 2 0 0 0 0 0 0 0 0 0 0 0 0 0 0 0 0 0 6 0 0 0 0 0 0 0 0 0 0 0 0 18 0 6 0 0 0 0 21 4 0 35 0 13 0 0 0 13 0 4 0 0 0 0 0 0 0 0 0 0 0 0 8 9 0 0 15 0 0 0 0 7 0 0 18 0 0 0 0 0 0 0 2 0 0 18 0 0 17 0 0 0 0 11 0 0 0 0 0 0 0 34 0 23 0 0 0 19 0 7 0 0 23 0 0 0 0 0 0 0 0 0 0 0 0 0 0 0 0 0 0 0 0 0 0 31 0 0 0 0 0 0 0 0 0 0 0 0 0 0 0 0 0 0
 0 15 0 0 53 0 0 32 0 5 0 0 0 0 3 0 0 33 0 10 0 7 22 0 0 0 1 0 0 0 0 0 0 0 4 0 0 0 0 0 13 0 0 0 0 0 0 0 0 0 8 0 0 0 0 0 0 0 0 21 15 0 0 0 0 0 8 0 0 0 0 0 0 0 0 0 0 12 0 0 0 0 1 0 4 0 0 0 0 0 0 0 0 0 4 0 0 0 0 66 28 0 0 0 0 34 0 23 3 0 0 0 9 0 0 0 0 0 0 0 0 6 0 0 0 0 10 0 0 37 0 0 0 0 2 17 2 0 0 0 0 9 0 21 0 0 0 0 0 0 0 0 0 52 15 0 0 21 0 9 0 0 0 0 0 0 0 0 0 0 0 0 2 0 0 0 0 0 6 0 0 0 0 0 0 14 0 14 0 0 0 7 25 0 6 0 0 0 6 7
 82 0 0 66 18 66 0 60 0 0 21 0 0 0 0 43 0 0 31 44 0 0 0 0 0 9 0 0 48 34 0 11 0 20 0 32 0 0 76 5 49 0 13 46 0 0 3 52 69 32 45 53 0 35 52 56 0 40 84 14 0 49 44 0 72 0 44 78 76 58 23 56 0 31 27 16 50 45 0 0 16 13 0 0 0 4 52 13 50 12 0 62 0 87 55 49 0 49 18 17 11 19 72 39 35 0 42 73 3 8 0 0 55 74 41 0 0 0 68 42 19 0 30 10 0 35 38 65 52 34 0 0 0 43 0 68 63 7 0 54 0 57 3 0 0 61 23 10 69 0 0 20 0 12 30 7 25 42 14 0 63 7 85 55 57 0 10 1 56 49 0 0 13 32 60 3 0 0 16 0 0 65 0 60 3 83 90 46 0 41 30 0 0 0 0 82 0 4 35 23
 66 0 0 25 62 0 0 0 0 0 30 0 16 0 0 2 0 19 62 0 0 32 0 0 0 1 0 0 43 54 0 0 12 0 0 32 18 0 9 26 0 52 0 38 0 66 15 0 0 0 30 0 57 0 54 69 22 13 84 0 0 4 0 68 26 0 0 0 62 29 35 3 34 0 1 12 0 82 0 0 2 0 0 0 0 0 0 0 17 0 0 7 26 7 82 0 0 61 0 0 21 47 0 0 19 22 0 2 0 0 0 2 54 20 0 0 0 64 56 27 0 0 93 0 0 0 84 0 0 42 18 0 0 0 0 47 47 60 0 0 0 13 0 0 0 7 0 2 70 19 72 0 0 0 0 32 0 0 53 0 0 0 56 0 0 67 34 0 24 19 68 0 0 10 7 54 0 0 66 9 0 9 0 62 31 57 0 0 0 45 0 18 0 0 0 56 0 0 36 0
 0 47 0 44 60 2 46 8 0 75 46 52 37 22 4 0 12 16 1 39 23 57 0 38 35 0 0 10 77 0 26 27 0 0 0 65 0 34 70 0 4 0 24 80 28 0 0 3 18 41 80 0 18 11 90 53 43 0 2 63 0 28 17 47 72 47 17 21 81 55 64 18 0 0 37 29 0 37 28 0 52 26 76 1 0 15 12 18 51 72 82 0 0 43 11 85 20 19 67 45 58 51 0 78 87 8 34 61 60 0 0 62 45 58 0 0 64 15 1 76 11 18 62 12 56 18 0 55 42 0 13 0 32 0 62 7 16 24 6 0 15 0 57 0 0 0 36 41 29 14 10 12 7 56 91 0 48 44 0 0 0 38 27 50 73 25 57 14 60 5 2 53 20 20 18 62 0 0 13 37 15 8 2 53 13 85 55 29 13 12 10 78 9 52 54 69 22 0 2 34
 15 0 0 0 43 0 46 48 0 0 11 28 0 0 0 74 25 14 63 29 0 2 0 55 0 0 3 6 0 37 0 19 0 0 0 0 0 30 72 0 6 0 58 0 0 32 1 27 83 65 25 14 0 0 15 7 8 48 20 0 0 30 0 78 44 43 81 4 0 0 29 0 61 64 46 69 28 26 0 50 0 32 1 0 26 53 63 50 0 0 0 39 0 9 72 3 1 0 67 52 21 62 73 0 0 0 92 1 5 27 0 56 49 5 30 0 37 41 40 0 43 0 43 5 0 21 8 49 69 79 0 0 0 47 0 43 97 9 0 66 0 0 89 0 0 0 1 11 0 3 0 50 0 0 21 90 44 23 7 0 67 67 27 0 66 57 45 59 12 63 49 0 0 0 65 5 0 7 79 0 0 9 0 58 0 45 74 24 5 13 13 52 0 0 0 88 0 22 63 0
 1 0 4 38 57 28 0 0 0 0 0 11 0 0 0 48 0 91 11 75 0 6 20 39 0 0 82 0 2 0 0 8 0 0 0 13 0 0 0 57 18 0 53 77 24 60 0 0 0 11 0 0 7 0 0 0 0 26 28 0 0 0 0 0 0 65 0 92 0 0 56 12 0 55 20 0 0 22 0 30 0 11 0 0 0 0 12 34 61 0 0 0 16 0 59 19 34 0 0 55 24 19 0 21 18 31 0 30 0 0 0 0 0 82 0 0 0 15 9 55 74 0 0 7 0 0 0 0 0 0 0 26 0 48 0 0 43 11 4 0 0 0 0 0 0 0 0 0 0 0 0 0 0 37 71 12 57 0 3 0 0 0 79 78 31 22 0 91 0 42 0 18 0 22 28 77 12 9 64 0 2 20 0 0 0 85 0 0 0 19 15 20 10 0 0 0 0 0 0 23
 52 6 0 33 17 37 9 27 0 0 0 0 0 29 0 66 0 0 0 79 5 0 0 0 23 8 0 0 0 0 0 0 0 0 0 67 0 0 0 17 0 0 0 38 0 0 0 0 22 0 0 0 0 0 7 0 35 0 66 20 27 0 0 0 44 0 0 67 0 0 5 0 0 67 0 0 0 0 0 46 0 0 4 0 0 0 0 0 15 0 0 0 0 0 0 0 0 25 0 60 14 6 0 0 5 69 0 0 0 0 0 0 0 0 0 0 0 0 63 10 4 0 36 0 12 0 0 0 0 24 0 0 0 23 0 3 0 0 3 0 7 0 0 0 0 15 3 0 0 18 32 11 0 0 0 0 0 0 38 1 0 0 49 69 29 0 31 0 29 0 0 0 0 0 7 11 2 0 16 0 0 0 0 0 0 0 0 0 0 0 0 0 0 0 0 0 7 77 0 0
 37 0 0 45 0 40 31 0 0 4 0 69 0 0 0 21 1 85 70 28 0 0 0 28 0 6 10 0 0 5 0 0 0 0 4 86 0 0 0 72 11 0 17 1 0 0 0 1 0 0 0 0 0 0 21 0 0 0 55 0 0 0 0 0 58 42 0 17 41 0 18 87 0 53 1 0 0 0 20 0 13 0 0 27 0 5 0 42 0 0 0 0 0 0 0 0 40 6 0 11 0 0 0 0 0 25 0 81 0 0 0 0 0 19 0 0 0 0 30 4 0 24 27 0 22 0 2 4 43 8 7 20 0 56 0 20 0 0 4 0 0 0 0 0 9 38 0 16 4 2 0 0 0 0 6 5 0 0 79 0 0 0 54 0 9 52 82 30 0 8 0 4 0 0 0 57 0 0 55 6 0 0 0 0 16 0 0 0 0 0 0 0 0 0 13 0 0 77 0 0
 0 0 6 30 52 34 28 1 0 39 6 0 22 0 21 0 91 83 17 86 0 68 0 68 0 0 32 31 0 47 0 24 7 0 0 44 0 0 14 57 0 61 60 38 21 41 0 70 11 31 26 0 25 24 0 17 69 42 61 42 0 3 60 52 59 57 34 0 0 63 33 31 56 23 68 57 12 59 0 25 33 57 0 0 0 18 11 46 30 30 37 0 47 51 2 17 28 49 48 6 45 69 54 24 30 54 35 34 70 59 17 77 53 30 19 0 59 62 28 30 47 0 0 0 0 23 68 34 12 38 0 0 0 79 5 50 1 0 0 53 0 39 38 0 0 43 0 45 0 18 51 0 0 34 64 16 0 31 0 0 0 53 15 23 28 0 9 67 49 75 3 0 0 0 59 0 3 0 0 0 9 60 57 11 50 44 54 0 7 43 38 12 0 0 0 51 0 29 15 0
 0 0 69 1 14 0 5 80 0 37 63 33 34 0 0 6 54 46 13 31 35 25 44 0 0 0 64 56 48 38 46 13 49 21 2 30 14 43 61 35 29 19 29 0 0 55 0 17 60 0 0 0 0 76 4 44 51 77 9 93 64 33 59 85 44 8 37 60 39 47 69 19 19 63 0 45 58 0 50 5 18 0 0 53 54 45 54 68 85 69 39 22 58 10 16 69 34 17 66 20 23 40 72 17 0 0 71 0 78 43 0 49 39 3 71 70 76 72 0 0 0 6 4 0 75 51 17 31 16 0 26 61 32 58 58 25 15 31 10 6 0 0 63 42 0 43 54 49 55 17 12 0 72 24 0 30 46 81 50 0 0 49 8 78 32 47 0 4 23 45 0 0 0 0 10 39 0 0 3 24 66 0 38 11 2 23 53 0 55 5 72 43 0 30 95 39 0 0 56 81
 0 0 0 0 46 70 0 0 15 0 0 0 0 10 0 0 0 32 0 0 0 0 15 0 0 22 18 5 0 0 0 0 0 0 0 59 0 7 0 0 0 0 0 15 0 0 0 6 0 0 0 13 0 0 66 0 46 0 0 0 0 0 0 0 0 0 0 57 0 0 37 0 0 12 0 21 0 0 0 0 34 2 0 0 0 7 16 0 0 0 2 0 0 0 0 0 7 0 0 51 20 0 17 0 0 18 0 13 5 12 0 0 0 0 14 3 0 0 80 52 0 14 46 0 0 0 0 0 6 28 0 0 0 0 0 0 0 0 0 0 0 0 0 2 0 0 0 0 0 0 0 4 0 2 34 0 0 0 63 16 0 0 45 81 0 4 21 0 0 0 4 0 0 0 0 68 0 0 83 0 0 0 0 0 9 20 0 0 4 0 0 9 0 0 0 0 0 0 36 0
 64 0 0 48 48 43 22 5 0 0 86 85 0 0 0 65 0 28 69 0 8 29 0 5 0 7 15 0 0 39 17 37 0 0 7 14 2 34 28 33 2 0 15 76 8 49 0 30 0 0 0 0 0 3 7 12 0 0 64 0 0 11 6 3 3 0 0 44 0 0 70 61 12 7 16 0 0 65 0 0 0 0 0 0 0 19 0 0 7 0 0 0 15 0 10 0 28 0 0 35 25 12 38 0 0 0 0 2 0 0 0 0 11 22 0 19 19 24 27 0 43 0 45 0 10 10 0 22 0 23 0 0 0 42 0 3 56 0 0 0 0 0 0 0 0 59 0 10 0 0 13 2 0 24 37 52 80 0 97 0 0 0 7 70 49 4 17 0 0 54 30 69 0 0 35 71 0 0 0 1 0 0 0 0 0 0 0 0 0 0 0 63 4 0 0 5 0 46 0 0
 0 28 0 0 88 0 4 0 0 0 0 2 0 0 0 0 0 0 0 0 0 0 0 0 0 26 0 0 0 0 0 0 0 0 0 0 0 0 0 1 0 0 0 0 1 0 0 0 0 0 0 0 0 0 0 0 0 0 13 0 0 0 0 0 0 0 21 0 0 0 0 0 0 23 0 11 0 0 0 7 0 0 13 0 0 0 0 0 0 0 0 0 19 0 0 27 0 5 18 17 14 0 0 0 0 0 0 9 0 0 0 5 0 0 0 0 0 5 0 0 0 0 0 0 0 11 0 0 1 74 0 0 0 5 0 0 37 0 0 0 0 0 0 0 0 0 0 0 0 0 0 0 0 22 20 0 0 0 0 0 0 0 3 0 22 0 0 0 0 0 0 0 0 0 0 0 0 3 46 0 0 0 0 0 0 0 0 0 0 2 0 2 0 0 0 0 4 0 0 20
 90 8 0 14 7 48 0 0 0 0 0 28 0 0 0 6 0 34 0 21 0 0 0 20 0 0 8 0 0 48 0 0 14 0 0 6 26 0 0 0 0 0 44 11 0 0 20 0 0 0 0 0 0 0 56 0 47 0 2 0 0 0 0 0 16 25 3 44 0 9 25 70 0 0 0 0 0 0 0 32 0 0 0 17 0 0 0 44 0 0 9 0 0 12 0 0 80 0 0 94 36 0 0 0 0 41 0 18 0 0 0 7 6 6 0 0 15 0 12 56 0 0 0 0 0 0 25 0 0 0 12 0 0 62 0 6 0 0 0 0 0 0 0 0 0 86 0 0 8 0 0 0 0 0 4 0 34 0 60 0 2 0 46 77 0 66 0 22 5 4 11 0 0 0 22 0 0 0 52 8 0 0 10 0 0 36 2 0 0 0 0 36 0 0 0 0 0 68 0 0
 0 0 0 23 39 0 0 25 0 0 0 0 0 0 0 35 3 62 0 0 0 0 0 0 0 0 0 0 0 0 0 0 0 0 0 15 0 0 0 0 0 0 0 0 0 0 3 0 25 0 0 0 0 0 0 10 80 0 0 0 0 0 16 0 60 13 0 19 43 0 0 0 0 73 0 0 7 7 0 23 0 0 0 0 0 0 0 0 0 0 0 0 22 0 33 0 22 4 0 29 23 0 0 0 0 24 0 66 0 11 0 0 0 85 0 0 0 0 10 0 0 0 14 0 1 0 0 0 60 54 0 0 0 0 0 0 30 0 0 0 0 19 0 0 0 0 0 22 0 31 13 0 0 11 87 0 0 0 85 0 0 0 53 32 0 50 21 0 0 6 0 0 0 0 0 43 0 0 0 0 22 13 0 25 30 0 0 0 0 0 0 79 0 0 0 0 0 63 0 18
 15 62 0 53 0 42 70 78 0 76 17 0 23 73 0 6 0 5 1 10 0 36 0 41 0 0 36 74 27 0 0 0 0 0 0 0 0 20 34 0 56 12 68 19 0 0 0 27 0 45 27 0 14 17 0 38 22 0 74 73 0 1 62 0 50 53 64 62 59 37 47 58 0 0 44 0 22 71 0 44 60 89 0 27 45 20 24 70 29 37 25 16 81 0 14 14 52 21 0 6 0 85 35 0 34 25 51 88 34 83 25 8 29 42 55 0 2 0 37 0 7 65 17 33 0 46 75 16 0 55 0 19 7 21 0 43 56 45 48 25 0 49 41 0 0 34 66 23 36 5 74 0 0 5 0 24 31 18 66 0 7 65 4 0 91 0 68 60 0 32 49 0 0 42 56 53 0 0 12 68 0 73 52 0 0 26 13 0 82 0 10 0 29 36 18 18 0 29 19 0
 25 0 0 31 69 0 9 0 0 0 0 45 12 0 0 61 0 34 27 46 0 0 0 0 14 30 0 0 0 0 3 0 0 0 0 25 0 24 37 12 0 0 0 75 11 0 0 0 0 0 0 0 0 23 0 0 3 0 79 0 0 0 0 0 3 63 0 58 0 17 0 0 12 33 0 0 0 0 0 5 0 0 0 9 0 0 0 0 0 0 0 0 8 0 0 0 0 0 0 0 38 8 0 6 0 40 0 58 0 0 0 0 0 25 21 0 0 0 12 20 0 0 67 0 0 21 16 0 48 59 0 5 0 0 0 0 0 0 0 0 6 0 0 0 0 0 4 0 0 0 0 6 0 75 27 0 0 0 68 0 0 0 0 83 5 63 3 32 0 0 0 0 0 0 0 26 0 0 20 0 0 14 37 0 0 0 0 0 8 0 0 36 0 0 0 0 0 10 0 0
 70 74 0 53 16 0 61 68 65 66 0 35 49 12 0 0 93 35 33 26 19 14 0 30 0 0 0 1 29 64 66 75 0 0 0 61 0 45 0 14 42 98 24 31 0 0 56 39 32 12 0 17 33 38 0 85 7 29 54 76 0 0 43 6 62 23 8 0 37 79 0 46 49 51 33 14 49 46 39 68 7 32 14 0 0 74 41 34 64 2 82 79 9 74 15 63 22 4 28 0 33 4 30 0 0 0 0 59 62 0 0 0 0 14 68 0 67 0 9 63 34 59 44 32 44 26 14 4 0 24 4 3 0 38 6 39 0 0 0 51 0 2 10 3 27 37 42 55 0 71 66 54 56 21 70 96 15 15 3 0 20 74 0 26 71 0 71 17 74 74 67 17 15 0 70 64 0 0 69 76 0 0 50 0 0 85 2 85 27 31 56 5 0 55 38 59 20 0 52 81
 3 0 0 45 62 69 2 1 0 0 0 41 0 0 9 4 0 29 0 18 0 23 0 0 0 0 0 9 0 92 20 0 20 0 0 47 0 0 0 1 0 0 0 42 0 0 0 0 0 0 16 0 21 0 46 0 34 0 63 0 2 2 0 0 25 0 0 14 39 0 0 59 8 27 0 17 0 0 0 27 0 0 0 0 0 11 0 27 0 0 0 0 0 0 0 14 10 2 0 0 0 0 0 18 0 2 0 1 0 0 0 17 10 22 0 19 0 0 0 29 0 0 0 1 0 0 0 16 22 0 0 0 22 52 11 14 0 0 0 0 0 0 0 0 0 0 4 10 0 0 0 0 0 39 33 0 0 0 56 0 0 0 0 0 0 43 74 0 0 0 0 0 22 0 21 11 0 20 8 0 0 0 8 0 0 0 0 0 0 8 0 0 4 0 0 0 0 3 0 0
 4 25 0 55 75 83 27 63 0 44 21 0 66 4 11 58 49 73 26 47 61 0 58 37 0 0 79 0 86 27 14 47 1 0 0 45 62 72 28 16 44 0 31 64 0 27 0 74 52 35 58 57 0 3 64 21 14 89 16 12 22 0 0 14 22 73 32 71 60 0 48 26 86 17 53 0 0 55 52 48 39 0 8 26 14 56 36 49 56 0 0 34 0 0 66 0 53 51 3 40 44 12 15 1 0 0 58 65 11 25 30 54 34 61 32 3 22 51 48 39 23 77 37 3 18 1 0 9 6 38 32 24 87 70 61 58 0 60 0 1 36 69 22 0 0 42 0 0 44 88 0 60 63 7 25 77 0 5 72 0 5 0 19 69 19 23 0 30 71 78 36 30 0 0 89 50 24 53 0 49 0 56 6 61 74 59 49 58 55 91 28 0 7 0 0 0 31 51 16 39
 72 0 0 8 42 19 0 0 2 40 22 0 0 14 5 0 0 0 48 16 53 0 49 72 60 0 61 70 12 74 20 33 9 0 64 13 70 0 73 22 35 0 51 36 0 44 18 54 66 28 0 64 56 82 55 20 4 81 91 66 0 87 3 18 67 32 19 19 36 52 19 40 0 59 51 15 39 46 6 74 31 50 2 0 12 72 78 76 0 0 98 2 62 0 0 11 0 61 0 43 6 0 21 9 0 13 53 13 55 44 0 45 22 46 0 0 43 64 0 76 59 43 19 13 26 3 65 44 48 0 24 3 17 65 23 56 0 0 28 57 66 6 17 50 14 0 0 38 53 67 0 33 15 0 28 32 29 60 83 2 24 43 47 23 21 76 59 59 68 30 31 16 12 0 1 19 8 79 0 0 19 57 94 59 32 42 35 22 0 0 52 12 95 87 79 61 32 73 64 30
 0 0 0 66 67 0 15 13 10 0 0 70 0 0 0 0 0 18 0 73 0 39 14 29 0 0 0 0 0 28 0 10 0 0 0 4 0 0 20 0 22 0 0 40 0 0 0 0 0 0 0 0 0 0 30 0 0 17 49 0 0 0 0 0 93 0 0 61 3 0 73 28 0 61 0 12 12 25 0 20 0 0 0 0 0 0 0 0 0 0 0 0 53 0 0 0 37 0 0 0 30 0 26 0 0 2 0 67 0 0 6 25 0 0 0 0 0 0 0 91 97 0 0 0 0 0 0 0 0 6 0 25 0 30 0 0 29 14 0 0 2 0 0 0 0 69 0 0 0 0 0 0 0 14 62 0 28 0 63 0 0 0 61 0 44 63 76 67 0 0 0 0 16 0 0 48 0 0 69 0 0 0 9 0 0 58 15 0 23 0 0 24 0 0 0 0 0 4 0 18
 69 0 0 29 0 19 9 64 0 0 21 32 18 0 0 0 30 29 0 56 0 15 0 0 4 0 1 0 0 50 0 2 0 0 0 0 0 0 2 41 5 17 0 1 1 12 60 0 41 44 63 56 67 0 0 0 70 53 42 0 0 61 0 65 76 4 3 1 84 37 0 2 10 0 0 21 3 36 33 66 57 0 0 0 0 0 0 42 51 28 0 7 26 72 37 0 45 0 12 13 67 34 0 3 0 13 4 23 3 0 2 0 70 90 0 18 65 24 73 59 68 0 0 0 0 10 0 0 15 21 0 0 13 59 0 0 55 10 0 0 0 11 89 0 0 0 0 0 40 0 0 0 0 33 0 21 0 0 60 0 63 38 0 0 36 0 21 31 0 34 0 67 0 47 0 43 0 0 0 0 11 0 46 0 3 65 0 10 0 4 0 11 0 0 0 8 0 44 66 0
 11 0 0 35 33 67 0 0 0 1 0 53 67 16 0 15 43 40 0 16 0 56 0 54 0 0 21 21 0 87 0 64 0 0 0 37 0 0 24 0 0 0 54 0 0 13 0 15 0 43 39 10 0 0 24 20 53 0 3 2 0 0 0 23 17 0 0 79 56 51 70 37 0 14 0 0 31 2 0 0 81 6 0 0 1 0 0 5 0 17 0 0 69 43 60 0 51 26 11 66 0 9 5 98 3 55 0 52 0 0 35 0 24 51 0 0 29 0 0 0 47 0 9 0 0 0 0 0 28 27 4 0 0 49 0 16 81 49 0 0 0 0 8 0 0 55 0 0 66 10 0 0 0 5 29 30 52 0 69 0 12 0 56 0 12 5 0 41 8 18 0 70 0 56 0 73 0 0 56 0 24 20 56 0 22 0 0 0 4 42 0 47 0 0 0 0 0 28 0 0
 57 0 0 13 67 48 0 0 10 0 8 28 0 0 0 32 0 8 0 55 5 3 0 0 0 0 0 0 0 0 0 0 0 22 0 45 0 0 0 32 0 0 19 20 0 0 21 0 0 0 0 0 0 0 14 0 8 0 49 0 0 0 0 0 53 51 0 85 71 0 0 0 0 26 13 0 0 0 13 20 0 0 0 0 0 0 0 0 0 16 0 0 0 18 0 0 12 0 0 0 0 0 0 0 0 26 0 0 25 0 13 0 12 0 0 0 0 0 0 35 0 0 28 0 0 0 0 0 24 0 0 3 15 0 0 0 0 0 0 0 0 24 16 2 0 0 0 0 0 0 0 20 0 0 56 0 0 0 34 0 0 29 52 0 0 69 62 0 0 0 0 0 0 0 0 0 0 0 21 0 7 0 0 0 0 0 0 0 0 0 0 88 0 0 0 3 0 2 0 0
 19 62 0 3 8 63 10 0 0 90 49 65 73 10 0 44 0 17 84 57 60 0 0 0 0 0 82 69 47 54 0 22 20 14 20 0 0 0 87 0 0 3 0 52 7 22 0 27 64 28 0 38 60 83 79 12 26 61 0 0 3 4 36 25 24 0 51 74 40 63 10 0 0 0 46 5 80 18 2 75 0 4 11 0 79 13 11 0 28 30 55 33 91 84 55 59 15 0 0 15 52 10 75 77 48 0 3 1 36 67 0 29 43 26 17 0 15 76 0 0 60 0 60 71 63 27 6 91 68 83 7 70 0 0 82 34 48 0 27 50 64 18 36 0 12 0 89 18 81 0 17 73 80 43 51 22 93 9 28 0 29 59 0 51 82 65 57 60 66 9 75 49 56 73 55 1 0 0 0 0 12 0 0 14 44 38 56 0 0 0 19 38 75 74 40 0 9 46 0 82
 3 16 0 12 60 12 0 3 0 0 0 9 91 0 0 8 0 21 63 66 8 60 0 56 0 0 0 0 0 61 0 0 0 0 0 36 11 0 0 0 0 0 3 80 0 0 0 0 0 0 7 8 19 0 74 0 40 0 46 0 0 32 0 0 62 74 6 11 5 0 42 47 0 69 1 3 0 7 0 0 0 0 0 15 0 0 0 75 61 0 0 0 55 0 37 0 69 0 0 0 52 0 0 0 0 52 30 0 0 0 0 0 0 0 0 0 88 0 39 0 17 20 74 0 5 0 0 0 43 0 0 33 0 0 0 13 53 16 1 0 0 19 0 0 0 93 0 0 0 0 10 0 6 70 70 0 84 12 33 0 0 0 39 61 0 45 32 52 3 17 0 0 8 0 23 11 0 14 69 0 0 0 12 5 0 98 0 0 0 6 0 69 0 0 0 0 0 48 0 0
 49 0 0 59 85 72 47 0 57 18 24 38 46 0 0 3 72 83 0 37 62 18 16 0 0 0 47 53 11 85 0 14 0 40 32 81 29 32 55 14 81 37 59 42 0 3 57 0 76 50 30 4 51 17 35 9 5 76 0 12 54 81 89 71 51 59 17 9 72 64 47 12 16 65 83 25 0 44 56 71 48 0 70 31 60 42 41 34 0 19 53 0 35 12 65 66 52 37 22 29 0 0 18 33 0 81 28 53 14 17 23 2 0 53 15 36 4 50 0 55 67 53 71 27 41 0 67 0 39 0 0 16 12 0 85 7 13 24 20 41 82 20 37 40 31 15 53 77 71 4 74 37 47 0 54 35 81 0 37 43 63 25 42 80 4 19 9 0 4 0 16 30 54 19 0 74 0 34 0 0 28 0 59 41 13 0 58 55 10 2 18 18 44 50 5 24 20 0 24 0
 6 1 0 35 0 79 0 78 60 63 1 24 63 14 0 85 45 23 16 73 71 80 41 63 21 49 32 23 81 0 0 43 0 0 31 71 68 40 0 45 44 0 47 50 0 47 9 58 17 66 24 24 53 63 5 18 0 20 42 6 3 78 77 48 31 69 0 15 40 29 47 79 46 12 19 0 57 9 40 0 63 69 15 27 61 0 60 46 18 46 38 32 8 54 51 0 69 0 4 8 9 71 58 7 14 0 0 23 55 20 5 0 42 24 0 20 63 39 57 19 0 0 64 70 20 9 0 55 3 37 19 0 37 43 0 81 11 70 72 0 74 6 19 0 40 51 56 72 73 52 8 93 51 71 31 2 58 61 9 46 4 16 32 59 26 58 18 8 54 32 0 20 24 63 8 0 0 61 46 34 59 39 69 0 79 0 0 14 28 79 84 0 0 71 16 14 0 60 23 92
 71 0 0 18 0 0 15 0 46 73 52 79 0 47 0 11 0 46 70 9 9 25 57 22 5 0 52 3 43 55 0 58 0 0 0 63 64 93 0 10 25 8 48 0 8 0 0 18 57 15 60 56 51 43 0 43 10 0 48 0 0 44 30 0 27 87 62 88 4 40 45 19 51 53 57 0 24 65 68 15 0 87 0 0 65 53 59 62 57 22 0 0 78 0 0 10 49 70 0 22 44 0 0 56 0 0 0 11 59 5 1 3 42 48 77 0 60 52 32 56 35 75 57 8 14 0 0 58 49 83 37 32 88 21 25 8 57 86 26 19 67 69 0 0 0 87 38 19 38 23 54 40 49 30 87 33 26 12 67 0 46 57 26 0 15 66 0 0 56 38 44 72 15 27 0 50 0 21 50 0 73 18 0 32 89 0 74 0 20 58 75 67 61 0 12 68 59 39 0 26
 8 14 0 11 42 66 0 0 0 6 0 0 0 0 0 0 0 24 0 0 29 0 0 0 0 0 0 3 0 0 29 0 0 0 0 0 0 0 0 0 0 0 27 16 8 0 0 0 0 6 0 0 0 0 0 0 0 0 0 0 0 0 0 0 0 0 0 2 0 0 0 2 0 0 0 0 0 0 0 0 13 0 0 26 0 0 0 0 0 0 0 0 0 0 16 0 0 0 0 0 0 0 0 0 0 0 0 17 0 0 0 6 0 0 0 0 0 8 0 0 0 0 54 0 0 0 0 0 0 92 0 0 0 0 0 0 0 23 0 16 0 0 0 0 0 0 27 0 0 0 0 0 7 58 0 11 0 0 0 0 0 0 0 0 0 7 0 8 0 0 0 0 21 0 12 0 0 0 54 9 0 0 17 0 0 0 29 0 0 1 0 51 0 0 0 0 11 6 0 0
 17 67 26 79 19 57 71 0 65 50 15 37 12 81 0 29 0 11 0 58 74 57 55 60 0 0 78 55 29 61 47 0 0 0 0 2 0 2 69 0 48 82 0 79 0 0 91 27 62 0 52 78 79 58 0 19 21 0 0 0 0 16 0 73 57 11 0 33 30 57 37 54 69 93 82 3 27 41 8 16 0 15 74 0 38 4 0 19 0 38 70 0 0 25 62 2 0 56 3 0 55 0 77 18 69 48 0 57 0 23 0 51 0 56 23 0 67 44 26 48 69 87 52 25 66 6 30 8 97 11 68 67 0 6 0 73 14 15 29 22 63 0 38 0 8 60 76 61 0 33 87 50 0 20 63 11 0 41 1 9 10 56 38 0 26 51 38 0 55 45 42 36 21 32 16 2 0 0 0 25 48 0 39 37 0 66 64 0 45 70 32 6 7 41 29 37 0 48 33 73
 0 0 0 2 71 20 40 5 0 0 47 23 64 41 0 0 0 1 2 77 0 0 0 62 0 8 41 13 26 8 8 94 0 0 0 40 0 0 0 0 0 54 28 0 36 47 59 0 13 0 0 3 38 81 0 56 32 31 49 28 0 0 10 0 0 64 66 70 26 0 30 22 30 5 41 82 62 0 0 48 16 0 22 0 69 40 0 71 66 0 42 66 43 0 17 43 28 44 58 51 30 54 7 41 21 10 87 13 0 90 0 61 0 0 0 0 45 26 51 78 0 31 44 76 74 71 18 52 46 0 0 47 45 43 37 53 13 76 29 46 0 45 0 19 0 6 37 12 15 8 0 49 55 0 65 5 69 61 82 0 21 0 76 75 28 2 30 10 41 23 93 35 12 34 71 30 0 5 21 18 32 20 0 2 0 26 13 52 68 32 0 73 13 0 8 33 66 0 36 0
 27 0 0 14 55 45 0 0 0 0 84 59 0 0 0 58 0 54 80 44 0 0 2 4 0 0 0 0 0 62 0 24 0 4 23 55 0 8 0 69 0 0 21 15 0 0 0 0 0 0 0 0 35 0 24 0 30 15 35 28 0 82 0 0 0 45 0 0 58 0 2 42 20 0 0 0 0 41 0 91 0 23 0 13 0 0 0 36 55 0 0 0 61 5 8 0 1 0 0 82 63 0 0 0 8 17 31 41 0 0 0 0 65 39 0 0 22 0 45 29 25 7 0 0 0 0 9 0 0 32 0 28 1 7 0 22 81 4 0 2 0 7 0 0 33 13 9 33 0 0 0 0 0 16 21 4 62 0 88 9 0 0 31 71 39 3 69 6 0 54 0 2 10 7 37 9 0 21 0 0 12 0 0 0 0 0 6 0 16 0 0 32 18 0 30 0 3 72 0 0
 46 0 0 1 38 66 0 0 11 1 0 0 0 0 0 0 0 0 12 15 0 0 0 0 0 0 26 0 28 0 34 16 0 0 0 66 13 24 0 0 0 11 0 17 0 0 0 0 0 0 0 0 0 13 0 0 49 0 0 0 0 0 0 0 3 0 0 15 0 0 0 0 0 0 25 0 0 0 0 0 0 0 0 0 0 0 0 26 0 0 0 0 3 14 22 0 0 0 0 0 11 0 0 20 0 74 10 87 0 0 0 0 0 0 0 0 0 0 72 19 0 0 35 0 0 0 0 0 4 57 0 6 0 0 0 0 0 0 9 4 0 0 0 0 0 0 10 0 0 9 0 0 0 12 3 0 0 0 18 0 0 0 16 0 0 0 19 17 0 12 0 0 0 0 0 0 0 0 78 0 0 12 0 13 19 0 0 0 0 0 10 30 0 0 0 0 0 0 0 0
 56 0 0 24 22 0 0 49 0 0 0 56 0 0 0 58 0 34 10 41 0 61 0 18 0 0 0 0 47 28 7 22 0 0 0 44 0 11 26 13 0 29 66 42 0 55 63 37 46 9 48 41 59 0 41 30 75 44 0 16 0 60 5 0 11 29 55 61 10 31 1 66 25 49 0 28 37 61 0 4 29 31 0 14 80 0 93 0 16 4 0 10 64 79 0 0 22 82 0 38 12 80 8 7 25 26 0 50 0 4 19 30 62 59 0 0 0 13 38 80 26 0 1 0 0 16 28 0 42 75 18 13 0 55 0 58 80 77 25 93 0 3 90 0 0 0 0 0 0 0 35 0 0 79 1 49 0 13 93 0 13 59 2 17 55 50 36 32 0 0 62 77 30 52 39 70 0 0 44 0 0 49 36 74 53 17 62 0 0 0 0 0 0 15 29 10 62 65 19 0
 72 0 0 33 37 83 7 0 31 10 48 59 26 0 0 26 60 77 8 61 0 3 0 42 7 29 25 0 41 78 0 44 0 11 0 52 0 0 60 0 0 0 12 33 0 8 76 7 0 55 11 0 89 18 23 21 17 34 0 0 0 0 35 76 86 0 45 7 42 72 55 0 51 48 0 0 70 54 0 87 8 0 0 30 46 2 0 0 37 44 0 44 5 67 57 0 19 7 27 85 43 13 18 66 0 48 0 0 0 0 0 23 0 11 0 0 58 67 0 0 4 0 55 36 0 16 91 0 24 66 0 0 0 40 0 40 0 9 0 0 0 0 19 20 0 21 14 0 16 0 0 0 18 24 0 0 0 0 23 0 0 26 18 44 40 50 45 0 0 37 54 56 0 0 12 21 7 0 12 0 0 5 26 30 32 5 0 0 0 62 0 23 0 0 0 74 0 15 75 0
 42 0 0 31 0 22 0 17 0 0 0 95 0 0 0 68 0 53 0 30 0 38 0 54 0 0 16 12 0 0 11 0 0 0 0 0 19 0 0 45 0 0 0 60 0 0 0 0 0 19 0 0 0 21 66 0 0 0 17 0 0 0 0 0 15 13 0 8 43 0 51 0 0 77 0 0 22 0 0 26 2 2 0 0 14 0 0 0 0 29 0 0 0 0 0 0 0 0 0 5 32 0 0 0 0 86 0 21 33 21 0 0 0 42 0 0 0 11 17 39 0 0 7 0 0 2 0 0 0 1 0 0 0 22 0 0 0 0 0 0 0 0 4 0 0 25 0 10 0 0 0 0 0 28 28 0 0 0 63 0 0 0 0 64 0 0 36 0 0 9 0 0 0 17 14 76 30 0 23 0 0 0 0 0 0 43 0 0 8 0 0 76 6 0 0 0 0 0 0 0
 63 16 0 45 28 27 0 0 0 30 0 0 0 0 21 0 0 6 0 38 0 0 0 0 0 0 0 0 13 0 0 0 0 0 7 0 0 20 0 0 0 0 0 0 2 0 0 0 32 0 12 0 3 0 25 0 88 0 35 0 0 8 3 0 57 0 0 0 0 0 0 0 13 34 0 0 0 0 0 3 0 0 0 0 9 0 0 4 0 16 7 0 0 0 0 0 37 11 0 29 60 32 0 16 0 70 0 21 0 0 0 4 0 53 0 0 0 0 5 81 0 34 18 0 0 10 0 37 69 36 0 0 21 0 0 15 0 0 0 20 0 0 0 2 1 0 0 0 0 0 0 0 0 7 0 0 0 2 20 0 0 0 25 80 0 0 0 0 0 0 0 0 0 0 0 0 8 0 55 0 0 0 0 0 0 0 0 0 0 0 0 44 0 0 0 0 0 12 0 16
 3 0 9 70 0 10 29 36 0 33 0 52 2 0 54 87 0 0 42 46 72 0 0 7 6 60 25 0 11 8 0 15 41 12 0 0 71 0 45 17 92 43 75 0 0 2 5 9 0 0 59 65 72 0 32 22 11 39 0 2 0 69 72 33 48 54 73 33 10 68 36 7 60 0 3 29 31 0 49 51 42 0 82 0 80 0 0 29 46 0 21 28 32 34 36 17 20 57 12 12 48 81 0 24 25 6 84 69 15 0 2 0 0 76 39 35 26 36 0 36 0 21 25 0 0 54 55 64 3 2 63 68 9 9 50 25 0 84 30 10 0 28 77 38 58 16 87 2 0 49 32 12 90 31 14 49 0 4 78 46 80 6 10 83 82 42 0 5 77 54 0 12 27 48 9 16 0 60 50 45 68 0 49 77 33 85 32 4 17 0 9 31 34 0 1 84 65 70 12 7
 6 0 0 0 67 12 30 0 20 0 0 73 31 0 0 3 0 49 43 6 2 39 16 26 0 0 28 0 0 29 0 19 0 0 9 57 3 0 3 33 0 0 21 17 0 0 0 0 29 21 0 6 0 0 61 0 11 34 54 0 0 0 0 0 0 47 0 0 67 14 4 59 0 96 0 0 0 24 0 35 7 0 0 0 2 0 0 28 0 0 0 13 16 0 75 0 55 0 0 0 13 13 0 0 9 0 0 0 0 0 16 0 0 9 0 9 0 0 71 74 37 0 0 0 0 0 0 0 2 2 0 0 0 28 0 0 25 21 0 0 0 0 0 0 0 21 3 14 10 0 0 0 7 19 21 10 0 0 0 0 0 32 0 73 0 0 12 0 0 0 0 0 0 0 86 84 4 0 55 0 0 17 0 0 11 40 0 0 0 0 0 70 0 0 0 0 0 17 0 0
 65 0 0 31 0 66 0 0 16 0 85 24 48 14 22 49 37 37 0 0 20 12 0 66 4 0 72 0 91 0 15 56 0 0 11 28 0 0 62 35 0 0 9 27 0 31 0 0 20 79 0 0 69 0 73 0 0 1 17 0 0 0 0 39 24 19 19 35 0 57 48 17 0 39 0 0 2 2 0 14 0 0 0 0 72 15 0 36 31 90 0 0 60 0 14 0 0 41 0 0 1 57 0 45 0 76 0 0 0 0 18 0 21 71 12 0 21 9 20 0 58 0 0 34 0 0 22 0 1 24 0 0 1 18 16 13 17 0 14 0 0 7 0 10 0 37 12 0 47 0 8 0 0 78 79 53 0 21 15 0 2 0 55 10 54 0 0 58 0 30 68 0 0 0 0 9 0 0 72 0 22 24 77 69 0 0 2 0 0 73 9 28 9 0 0 0 0 30 0 0
 0 0 0 0 27 68 0 69 0 0 52 15 0 0 0 0 0 37 34 34 0 26 0 50 0 0 17 51 0 3 0 60 6 0 0 34 0 15 0 19 0 0 42 37 0 93 45 0 34 66 73 0 43 14 81 0 60 0 62 0 0 40 2 0 0 60 0 0 11 39 40 46 19 35 0 55 31 46 2 86 48 32 0 0 67 0 0 34 37 0 0 66 3 52 65 54 54 2 0 74 0 60 6 37 67 65 57 0 0 0 0 38 29 82 0 0 82 46 75 1 0 0 0 0 18 6 0 1 0 0 0 41 0 83 0 67 0 46 0 54 0 8 8 0 0 0 0 54 8 0 36 0 0 51 46 72 0 0 21 0 58 0 40 80 48 40 13 32 0 45 24 43 21 14 0 8 0 0 41 0 0 0 41 0 44 47 71 0 0 4 19 53 6 28 1 37 0 46 56 0
 21 0 0 16 54 33 0 65 0 0 69 0 69 0 0 15 10 24 62 0 16 8 0 80 0 0 40 0 66 7 0 35 0 0 0 13 0 0 14 3 0 53 62 0 2 0 0 0 0 0 5 0 41 0 16 77 18 55 38 0 0 0 0 44 64 65 39 2 64 0 0 32 0 0 0 60 49 51 23 3 0 0 0 4 0 36 27 19 90 18 0 69 62 0 43 22 65 5 27 0 67 0 0 63 0 92 0 2 0 0 0 0 24 0 0 0 61 79 71 3 22 5 46 30 0 0 46 0 52 65 0 0 30 63 0 18 56 17 0 0 0 0 5 0 0 2 0 0 94 1 33 21 0 19 0 0 7 0 70 0 0 26 0 3 0 29 0 31 0 25 0 13 0 44 4 27 0 0 0 0 0 0 49 14 73 17 11 0 16 73 0 66 0 1 6 0 10 54 57 0
 2 0 36 3 45 45 0 3 0 0 0 39 11 0 9 74 49 48 18 25 0 16 0 53 0 0 58 0 0 25 0 70 0 0 0 0 16 4 19 6 0 0 0 3 19 0 0 0 6 0 0 0 48 6 34 0 20 0 0 0 0 22 0 7 0 29 23 0 53 74 17 67 0 0 13 0 70 0 0 10 23 0 0 0 0 0 0 39 13 0 0 0 0 0 0 0 40 64 0 34 5 0 0 14 0 0 0 26 3 0 0 0 58 19 18 0 0 0 0 75 78 0 38 77 3 0 6 0 86 0 0 0 0 58 0 0 0 41 0 10 0 0 0 0 0 48 0 0 0 18 64 6 7 60 86 59 49 14 36 0 0 38 46 55 55 39 15 23 8 55 0 49 0 25 73 0 0 2 43 0 0 0 5 0 0 62 0 0 0 33 0 33 0 0 0 26 3 43 0 0
 50 0 0 27 41 0 0 0 0 0 75 72 65 0 18 38 30 62 55 80 0 0 17 0 0 22 42 0 0 24 13 0 0 0 0 71 0 16 14 31 0 0 54 0 0 66 1 0 0 13 0 0 69 0 18 0 0 0 14 23 0 51 0 7 6 21 3 82 12 0 85 0 0 14 0 0 0 76 0 40 21 2 7 23 0 0 6 13 17 0 0 0 0 31 36 0 0 14 0 15 93 0 0 0 0 90 0 10 0 0 31 0 29 0 0 0 0 0 61 56 15 0 26 0 0 0 47 0 70 65 0 0 14 62 0 0 5 31 0 0 10 0 0 0 0 1 0 0 0 0 0 11 0 57 0 0 52 0 54 0 19 12 54 35 54 35 25 28 0 0 0 7 0 0 23 39 0 0 0 0 0 0 0 0 0 42 0 0 36 52 0 75 0 0 0 20 0 49 0 0
 3 0 1 65 38 18 0 27 8 0 65 93 15 0 0 0 19 73 5 61 20 12 0 5 0 0 70 0 0 72 0 0 0 0 0 30 0 0 33 51 0 22 49 37 0 0 78 3 7 86 73 0 46 0 36 21 76 34 67 0 0 44 22 46 37 43 23 14 0 49 33 55 0 12 0 89 63 0 0 70 7 0 20 0 12 0 0 37 69 64 0 16 36 64 66 23 49 17 0 70 29 26 0 0 0 43 0 35 0 0 0 13 27 19 0 0 73 29 0 17 28 0 28 22 0 0 0 2 94 53 0 20 0 0 0 70 57 70 0 0 0 79 0 0 0 0 12 9 36 0 0 0 6 0 60 0 55 20 0 0 0 50 37 77 47 0 0 0 0 65 14 64 0 58 81 11 0 0 1 0 0 15 0 9 51 16 53 0 0 1 0 57 0 0 0 69 0 65 0 21
 7 0 19 0 64 0 10 0 0 1 0 90 52 0 12 10 17 74 20 44 0 9 0 0 7 0 36 0 5 39 0 0 0 0 0 69 0 0 0 47 0 0 48 0 0 15 0 0 0 0 0 0 0 5 59 0 0 0 0 0 18 15 23 0 92 91 0 53 45 0 67 33 0 0 11 0 0 14 0 21 10 0 0 0 23 21 33 0 95 0 12 0 13 0 0 0 10 0 0 64 87 7 0 0 0 81 0 0 0 6 0 0 3 0 0 0 0 0 76 0 63 21 45 0 0 0 0 14 60 64 0 26 0 10 9 0 43 4 15 0 0 0 0 0 0 0 0 0 9 0 9 0 0 32 63 0 9 30 12 0 0 0 72 51 53 16 36 42 13 38 0 0 0 0 22 0 0 0 1 0 0 0 0 3 0 12 0 1 0 52 0 48 0 0 0 0 0 0 30 0
 47 0 0 42 47 24 0 68 0 11 6 11 67 0 0 2 0 59 31 33 0 0 0 61 0 0 19 3 55 14 0 3 0 0 0 43 0 0 64 0 60 0 0 80 3 66 60 0 41 0 35 18 0 0 0 28 17 0 67 0 12 0 12 61 75 76 11 0 96 4 45 0 57 0 0 11 62 90 0 0 10 38 0 0 8 0 0 38 66 1 0 35 44 4 68 0 0 56 21 29 9 39 40 15 0 51 44 20 0 0 0 87 0 2 10 0 80 9 0 13 44 0 0 16 0 22 17 0 36 4 0 59 0 54 0 10 56 0 0 39 0 21 8 0 8 10 0 96 42 9 0 21 0 65 58 25 25 0 0 0 47 67 10 5 40 29 2 24 39 42 52 18 0 55 31 32 0 0 24 0 0 0 17 19 10 1 52 18 0 10 0 0 0 0 0 14 0 34 36 0
 0 0 0 25 14 87 0 0 0 0 13 0 0 23 0 0 0 48 0 1 2 5 21 0 0 0 0 17 0 0 0 0 0 0 38 53 8 17 0 20 0 0 0 0 0 0 0 0 0 0 0 0 0 7 0 0 53 0 0 0 0 0 0 0 28 0 0 54 0 0 0 0 0 38 0 0 0 0 14 0 0 0 3 0 0 0 0 0 7 0 5 22 7 0 23 25 0 0 0 6 16 0 0 0 0 75 0 64 0 0 23 0 0 0 0 0 0 0 3 0 0 0 0 0 0 0 29 0 0 42 0 17 0 0 9 0 0 0 4 0 0 0 19 0 0 0 0 34 0 0 0 0 0 1 0 0 0 0 30 0 0 0 0 60 0 0 39 22 2 0 0 0 0 0 9 30 5 0 12 9 0 0 0 0 0 0 13 0 8 0 0 43 0 0 0 0 0 0 26 0
 22 0 0 21 51 61 0 0 0 0 35 39 60 0 0 37 0 7 28 0 0 31 0 18 0 0 34 1 0 25 0 39 0 0 0 40 0 0 4 43 0 0 0 60 0 32 66 2 0 46 21 0 62 0 72 0 20 0 10 0 0 79 0 3 62 28 5 10 21 83 8 65 0 95 0 0 0 50 0 37 10 9 0 0 57 0 0 49 17 0 9 18 0 0 43 0 20 64 0 44 0 82 0 8 25 0 0 0 0 12 0 0 70 54 0 0 85 14 63 66 35 0 0 68 0 0 26 9 0 37 4 0 0 0 8 29 19 78 0 0 0 0 22 0 0 24 0 0 58 0 96 0 0 38 0 66 0 0 60 0 12 0 70 0 86 60 42 19 0 44 0 11 3 4 18 0 0 0 79 0 0 0 31 7 0 64 8 0 1 44 0 52 0 0 0 61 0 85 0 0
 0 21 0 24 53 6 1 0 0 0 17 0 19 0 0 0 24 26 0 0 0 0 0 0 0 0 20 0 0 0 0 0 0 3 0 3 0 0 0 0 0 0 1 0 0 0 14 0 0 0 22 0 1 0 0 0 0 19 0 13 0 11 0 0 0 0 0 0 29 0 0 0 0 0 0 0 0 12 0 8 0 0 0 21 0 0 0 0 0 0 0 0 0 0 0 0 0 0 0 0 56 1 24 0 0 1 0 14 0 0 0 0 0 24 9 0 0 0 0 0 0 0 54 0 0 0 0 9 8 48 0 0 1 0 0 0 0 18 0 0 0 0 0 0 0 14 0 0 0 0 0 0 0 36 16 0 0 3 0 0 0 19 0 0 4 4 12 0 0 0 0 0 29 0 0 0 0 0 0 0 0 0 0 0 0 0 0 0 0 0 0 15 0 21 0 0 0 0 13 0
 58 0 0 0 53 10 0 0 3 0 0 43 69 0 0 48 25 91 57 79 11 9 0 5 0 0 0 0 13 77 0 53 0 0 6 42 0 0 0 0 0 0 70 54 0 0 0 35 0 37 37 0 66 0 52 65 0 0 60 0 0 19 0 53 34 48 23 20 35 63 59 29 0 46 0 0 36 0 0 56 59 0 0 0 0 12 13 21 0 42 0 44 3 8 39 0 6 0 0 0 46 25 0 41 0 35 13 28 0 0 0 0 52 87 0 0 25 43 8 36 4 0 0 7 0 0 34 0 27 49 0 0 0 25 4 69 0 52 0 0 25 34 0 0 17 24 0 0 22 0 0 0 0 16 75 57 14 0 0 0 0 55 24 9 0 32 71 23 0 0 0 14 0 0 93 90 0 0 58 1 0 7 48 0 0 54 19 0 0 16 0 0 12 0 0 0 0 0 86 8
 11 0 0 0 25 58 0 0 0 0 0 0 0 0 0 65 0 0 0 11 0 0 0 0 0 0 0 0 0 0 7 0 0 0 0 87 19 0 0 59 27 13 0 0 16 0 0 0 0 3 0 0 17 0 61 0 46 0 0 0 0 0 0 0 0 45 3 46 10 0 0 0 0 10 0 9 0 0 0 0 0 0 0 0 0 0 16 0 0 0 10 0 1 0 17 0 16 0 0 21 31 0 2 0 0 58 0 32 0 0 0 0 0 75 0 0 18 0 52 3 0 0 42 0 11 0 0 0 85 23 0 0 0 0 0 0 0 0 11 0 0 20 0 0 0 2 0 0 0 0 0 0 0 25 43 0 0 0 0 0 0 0 15 35 0 0 7 0 0 17 0 0 0 0 0 9 0 16 36 0 2 0 0 0 0 0 0 0 0 0 0 0 0 24 0 0 0 0 0 0
 7 0 0 54 38 0 0 66 0 2 29 0 20 0 0 56 91 39 45 23 0 44 0 71 0 0 73 26 0 36 4 15 0 0 13 26 6 0 0 56 0 11 65 0 0 62 44 9 8 65 0 56 39 19 80 6 0 33 94 0 0 0 39 72 35 60 0 29 51 44 0 45 96 60 0 3 54 70 0 47 46 53 13 0 28 0 0 0 23 0 0 0 12 66 54 5 79 60 0 47 0 0 17 0 0 85 0 51 0 0 0 0 52 3 0 5 0 75 0 41 57 11 67 33 0 16 18 0 2 39 0 43 0 25 0 16 0 13 0 22 0 65 35 0 15 28 0 0 70 0 32 0 0 33 3 78 58 0 37 0 8 0 82 43 11 14 0 2 0 0 42 43 0 0 4 33 0 0 11 0 0 51 30 85 20 85 17 15 0 74 0 67 0 0 14 19 12 46 10 0
 87 0 23 31 36 0 0 87 22 32 42 0 61 3 0 1 46 59 80 9 63 14 54 0 0 35 79 67 13 70 0 63 0 0 25 71 33 45 41 76 19 41 33 72 29 87 2 45 43 88 47 80 0 0 46 94 62 3 44 97 0 0 59 1 27 6 0 0 9 32 68 0 0 60 74 21 52 40 32 0 37 0 0 0 82 10 0 30 0 36 56 0 55 50 87 80 51 39 4 89 31 0 38 45 0 55 19 47 78 56 0 0 0 38 0 0 0 29 83 0 0 6 35 34 0 0 14 15 62 47 0 0 54 85 53 64 59 8 72 75 0 55 40 12 38 19 13 52 33 0 20 23 51 91 41 30 60 83 59 33 48 78 0 24 84 53 68 54 10 77 54 0 17 64 30 0 0 61 36 0 54 38 58 87 38 72 50 0 13 42 0 34 29 28 61 37 46 0 37 22
 41 0 13 61 2 21 0 0 0 0 14 66 89 0 0 14 0 17 71 25 0 75 4 0 8 0 42 0 4 8 0 0 0 0 0 68 0 25 0 84 0 30 28 0 0 35 5 0 13 0 0 0 0 12 25 0 0 0 25 17 22 0 0 0 56 0 0 62 16 0 72 63 8 1 0 0 0 0 17 58 0 27 0 0 0 15 3 27 36 0 0 2 40 0 0 0 69 0 0 54 74 0 0 0 0 42 0 1 0 0 0 1 0 61 0 0 65 0 54 0 72 14 46 0 0 0 0 0 0 10 0 0 0 56 0 0 52 40 2 0 0 0 0 6 0 58 0 0 0 0 0 0 0 52 84 47 27 0 0 0 12 0 0 25 88 23 0 17 0 87 0 12 0 0 0 55 0 0 37 0 0 15 0 0 0 79 0 0 0 51 2 5 10 0 0 0 0 46 6 0
 71 0 0 0 60 17 0 31 0 19 8 8 48 0 0 36 0 86 13 0 0 8 0 27 16 0 8 30 5 9 0 74 0 0 0 17 20 0 85 80 0 0 53 0 0 39 19 0 15 31 12 0 0 0 80 53 45 41 85 0 0 7 0 56 27 81 38 39 23 26 49 4 50 0 0 55 22 11 20 5 47 0 8 35 32 0 0 8 0 7 0 49 9 0 0 0 0 3 0 21 3 35 0 0 27 86 0 15 0 0 0 0 57 42 0 0 0 62 0 41 0 0 70 15 0 0 4 0 18 67 0 0 21 0 0 58 47 0 0 16 0 0 0 0 11 35 0 0 53 15 51 0 0 77 37 22 21 0 15 29 48 19 74 24 34 86 60 45 0 63 69 2 9 62 25 58 0 0 0 0 24 0 40 46 46 45 75 0 0 51 0 32 0 0 0 70 0 82 8 0
 8 0 13 0 41 34 5 0 0 0 34 26 3 0 0 7 0 6 11 4 10 19 0 83 0 0 50 0 0 13 0 50 0 0 8 46 0 9 88 4 28 0 94 5 0 7 0 1 0 0 0 0 0 0 49 0 9 0 63 0 0 17 0 0 53 48 24 83 90 0 71 62 0 54 0 0 61 23 10 6 76 0 6 4 0 0 0 61 62 51 0 0 81 0 94 0 62 60 5 54 28 12 0 66 0 60 0 62 0 9 0 0 2 10 0 0 0 29 93 3 0 0 43 84 0 0 4 12 23 43 0 0 0 0 0 0 28 61 12 0 0 0 0 0 0 75 0 0 0 0 52 0 0 51 1 46 0 0 50 0 0 7 0 25 0 61 81 29 0 0 6 0 0 52 0 4 0 0 4 0 0 0 43 25 8 21 0 34 0 30 0 0 0 0 0 13 0 26 0 16
 19 0 0 16 0 86 0 0 0 0 24 0 0 0 0 27 0 35 0 0 0 0 0 0 0 0 0 0 0 0 0 0 0 0 0 43 0 8 2 0 0 0 0 0 0 33 0 13 0 0 0 0 0 0 0 0 64 0 8 0 0 0 0 0 0 0 0 0 0 0 33 0 7 25 0 0 0 0 0 0 12 0 0 0 7 0 0 0 0 0 0 0 0 0 6 0 0 0 0 23 18 7 0 0 0 0 0 9 0 0 0 0 0 22 0 0 0 0 43 6 0 0 35 20 0 0 0 0 0 0 0 0 0 0 0 0 0 5 2 0 0 0 0 0 0 0 0 0 0 0 27 0 1 44 0 0 0 0 45 0 8 9 24 1 11 8 0 25 0 9 0 0 0 0 5 0 0 0 0 0 6 0 0 8 0 0 0 0 0 0 0 32 0 0 0 0 0 0 0 0
 3 0 0 34 74 46 31 9 0 0 0 9 0 0 0 8 4 36 0 0 0 0 0 38 0 0 0 0 23 0 19 0 0 0 0 85 0 0 0 23 0 22 0 16 0 0 0 0 0 0 0 0 0 0 33 0 16 0 0 0 0 4 0 0 11 0 0 39 0 0 0 0 0 6 0 0 0 0 0 0 0 1 0 0 0 0 0 0 0 0 0 0 0 0 0 0 0 0 0 41 64 0 0 0 0 72 0 7 0 0 0 11 0 0 15 0 2 0 1 44 0 0 15 0 0 0 28 0 0 0 0 0 2 0 0 0 27 0 0 0 1 0 12 0 0 0 0 0 0 0 0 0 0 71 90 0 0 0 15 0 24 0 83 44 7 0 62 0 0 0 0 0 0 0 16 35 0 0 41 13 0 0 0 0 0 0 23 0 0 0 30 17 8 0 12 0 0 4 0 1
 1 0 0 12 61 0 0 11 0 0 57 64 66 0 0 51 63 0 0 83 0 33 0 12 0 0 69 0 0 27 0 0 0 18 0 69 7 0 1 65 0 0 52 64 0 50 0 5 0 0 0 0 0 0 39 0 12 0 0 0 27 74 0 0 35 11 0 57 0 35 60 0 2 1 0 0 45 3 0 79 0 0 0 24 66 36 0 69 32 73 0 0 12 58 10 0 2 32 0 10 1 0 0 0 0 0 0 37 0 0 0 4 60 48 0 0 36 64 0 3 0 0 87 12 0 0 53 0 55 11 0 0 0 0 0 38 2 13 0 0 0 0 0 1 0 0 0 0 0 30 15 22 0 81 9 70 65 0 12 0 0 77 38 31 57 53 92 9 0 34 40 48 0 0 58 67 0 0 61 0 0 0 57 78 0 22 0 5 0 7 0 40 17 0 0 36 0 40 0 3
 83 0 0 83 16 18 0 8 0 0 0 0 0 7 0 0 0 55 0 0 0 0 4 0 0 0 0 0 0 0 0 0 0 0 0 0 0 0 11 0 0 0 0 6 0 3 0 1 0 21 0 0 0 13 0 0 7 0 0 0 9 0 0 0 86 0 0 0 0 15 0 0 0 75 0 2 0 7 0 0 0 0 0 19 0 0 0 0 0 0 0 0 0 0 0 12 8 0 0 52 5 0 0 0 11 32 13 80 0 0 0 21 7 0 5 23 0 33 19 0 0 25 67 6 0 13 0 8 0 38 0 0 15 4 0 0 4 0 0 0 0 0 0 0 0 0 0 0 0 0 0 32 0 0 0 0 0 28 44 0 0 0 70 21 0 0 24 0 0 32 36 0 0 23 0 0 0 0 68 15 23 0 0 0 0 0 0 0 4 0 0 85 1 0 7 0 0 2 0 2
 19 0 0 68 35 20 0 0 0 3 4 21 0 13 0 8 8 13 16 0 0 2 0 0 0 0 0 0 0 0 0 0 0 0 0 76 0 0 0 22 0 0 0 36 0 0 24 0 0 0 0 6 0 0 34 0 0 0 0 0 0 0 0 0 8 12 10 6 0 0 0 0 0 38 0 0 0 0 0 0 0 0 0 0 0 0 0 0 12 0 19 0 0 0 0 15 55 0 0 69 48 0 18 11 0 20 0 16 16 10 30 0 3 0 0 21 0 0 76 27 0 1 23 0 0 23 0 0 30 82 0 0 0 0 2 0 0 0 0 0 0 0 8 0 22 0 0 1 2 0 0 0 20 3 26 26 0 0 6 0 0 0 0 59 0 11 61 0 4 3 0 0 0 0 8 19 0 27 3 0 20 0 0 5 0 3 0 0 0 5 22 0 0 0 26 0 8 0 0 26
 45 0 0 50 61 1 0 0 0 5 57 32 33 0 0 67 2 69 0 45 0 0 0 68 21 0 14 0 0 20 0 90 0 0 0 16 0 11 59 8 0 0 46 26 0 0 0 0 24 0 82 0 46 0 29 0 21 0 64 0 0 45 0 18 81 5 0 0 14 0 4 16 0 65 0 0 8 59 0 31 22 0 0 0 0 0 0 0 11 36 0 0 38 51 87 0 14 0 0 9 74 0 0 0 0 42 22 61 0 0 0 1 66 12 0 0 0 7 2 45 66 0 49 14 0 0 41 0 52 21 0 9 11 51 0 0 14 23 0 2 0 0 0 0 0 0 29 3 0 31 0 0 0 0 57 46 21 0 92 0 0 0 67 9 48 0 57 22 0 36 1 31 0 12 0 24 0 0 52 0 22 0 51 0 0 50 0 0 0 0 13 72 0 0 0 46 13 56 0 0
 44 0 0 64 54 32 0 0 0 0 0 0 0 0 0 0 0 71 0 7 0 10 13 9 0 0 0 2 0 83 0 0 0 0 0 43 0 0 0 58 0 0 0 71 0 0 0 0 7 0 0 0 0 0 24 0 7 0 62 32 0 0 0 0 0 26 0 87 41 0 0 9 0 49 0 0 0 19 0 47 6 0 0 0 0 0 0 29 0 0 0 28 7 0 0 0 23 0 0 45 59 0 35 0 18 22 7 45 0 0 0 0 0 0 0 0 0 0 61 53 0 0 55 0 0 0 0 0 36 26 0 0 0 20 0 0 0 0 0 0 0 0 0 0 23 49 0 0 0 0 0 0 0 52 71 0 0 17 83 0 0 16 15 67 0 40 6 0 0 0 0 9 0 0 0 0 32 0 35 0 5 0 0 0 0 0 0 0 21 0 9 0 0 0 0 0 17 16 0 0
 0 0 3 31 74 42 0 0 0 10 0 41 0 0 0 20 0 8 0 65 0 37 0 0 0 0 0 0 0 75 2 0 0 0 0 0 0 0 0 85 0 29 5 74 0 0 0 0 0 0 31 0 0 0 26 0 60 0 46 0 10 0 0 0 34 43 29 2 23 0 0 0 0 32 0 0 0 2 0 41 0 0 0 0 0 0 0 73 0 0 0 0 0 0 0 0 15 0 0 0 0 0 0 0 0 79 0 21 0 0 28 0 0 0 11 0 0 0 0 30 0 0 5 4 0 0 0 0 35 0 0 0 0 50 0 6 13 0 0 0 13 0 0 0 0 0 0 0 0 0 0 4 0 66 44 0 0 0 68 0 9 0 18 57 0 41 85 30 0 0 0 0 0 0 1 43 0 0 51 4 0 0 6 0 0 0 0 0 0 0 0 80 0 0 0 0 17 7 12 19
 71 0 0 0 46 1 9 0 10 0 90 48 35 0 0 4 0 3 76 72 26 0 0 0 0 28 60 0 3 1 4 5 0 0 0 54 0 0 0 24 0 0 58 0 0 47 43 0 12 2 90 14 6 0 90 98 41 59 33 0 35 0 0 58 0 26 0 47 67 50 38 37 0 19 0 0 77 19 0 42 0 0 2 7 64 0 4 0 4 0 22 23 11 31 0 0 0 40 0 43 0 25 0 5 0 51 0 0 0 0 0 0 64 0 15 0 20 27 74 0 19 0 60 0 0 0 92 0 0 0 0 0 0 44 8 84 7 37 0 0 0 0 0 0 0 69 0 0 14 0 14 0 0 6 44 37 59 35 3 0 0 78 0 24 48 0 0 64 0 0 61 23 0 63 17 0 0 0 91 0 0 0 8 16 0 0 50 0 0 57 0 82 0 0 0 0 0 16 0 0
 3 11 0 74 40 45 0 5 3 0 0 0 0 0 0 0 0 0 26 0 14 0 0 0 0 0 0 24 0 0 21 0 0 0 0 19 0 0 10 29 0 0 0 0 15 0 0 0 0 12 0 0 14 14 0 0 42 0 0 0 0 0 21 0 0 0 0 0 0 0 0 0 0 0 0 21 0 34 0 0 0 0 0 0 15 0 0 0 0 0 0 0 0 0 0 0 0 0 0 49 0 4 0 0 0 0 3 26 12 0 0 18 0 29 0 0 5 0 0 0 0 0 40 0 28 0 0 0 0 40 0 0 0 0 8 3 0 0 0 0 5 0 0 0 0 0 10 0 0 0 1 0 0 0 0 0 0 0 28 0 0 2 38 0 0 0 5 0 19 0 0 0 0 0 0 0 0 0 0 0 0 0 0 0 0 0 0 0 0 21 0 0 6 0 0 0 0 0 0 18
 50 0 2 80 35 10 0 0 0 0 0 41 0 0 12 32 0 13 12 30 0 62 0 74 0 0 18 33 63 0 0 0 0 0 0 12 0 0 27 0 18 20 60 4 0 12 14 34 7 0 91 69 0 81 7 66 42 54 8 10 0 21 41 4 56 42 19 59 44 4 19 5 48 37 0 0 55 57 0 38 1 49 0 0 2 0 0 75 0 0 0 45 0 33 36 3 48 0 0 15 79 56 26 17 39 38 74 9 0 16 0 59 25 17 22 0 0 65 61 0 84 0 36 68 0 5 35 31 54 5 30 0 0 79 0 84 0 58 0 25 0 0 76 0 0 55 12 31 24 35 12 71 0 30 83 0 32 69 0 0 9 44 79 31 75 29 30 17 3 46 0 82 0 3 60 52 22 7 0 12 0 0 0 34 78 0 74 44 0 59 0 0 0 0 0 38 24 0 23 0
 22 26 0 0 54 31 0 0 0 0 3 16 24 0 0 0 85 0 73 43 5 49 0 0 13 0 0 0 11 96 0 0 0 17 31 30 0 0 15 80 0 60 11 33 0 65 35 0 0 50 55 0 88 0 32 50 75 76 0 0 0 61 0 24 65 78 10 0 47 15 57 70 70 0 5 0 59 73 0 0 2 0 0 9 59 0 0 58 63 65 0 0 10 62 16 0 60 0 0 10 63 25 0 0 0 66 0 14 0 0 0 0 6 59 4 0 25 40 88 0 1 0 0 60 0 0 21 0 0 86 0 0 0 0 0 26 0 78 0 22 0 6 0 12 0 78 0 0 62 0 22 0 0 60 9 0 20 0 92 13 19 25 40 35 10 20 61 36 0 51 54 0 0 56 40 97 10 0 26 0 24 0 77 0 75 0 51 1 0 61 0 42 0 6 0 72 0 57 70 0
 50 18 0 72 21 13 0 32 28 0 35 1 42 0 0 37 43 0 40 0 0 24 0 59 30 0 0 0 0 32 0 30 9 0 0 25 0 0 75 79 0 0 0 19 0 49 0 0 0 0 81 0 29 0 46 19 8 0 22 0 0 86 0 0 49 35 0 80 61 0 28 50 0 19 0 0 0 7 0 13 0 0 0 0 0 33 0 30 3 0 28 0 22 61 32 0 82 18 0 94 63 0 0 11 0 2 0 75 0 0 0 0 16 0 1 0 49 0 20 45 0 0 44 0 0 0 66 0 3 0 0 9 0 9 0 10 9 64 0 0 8 0 15 3 0 33 0 0 0 0 0 0 0 39 47 71 15 0 77 0 0 0 18 29 9 20 60 90 0 27 0 5 0 37 19 24 0 0 7 0 0 0 0 0 0 2 0 0 0 52 0 84 0 0 17 0 0 76 0 0
 29 0 0 0 0 0 0 0 0 0 0 4 0 0 12 0 0 44 22 0 0 23 0 56 0 0 0 0 0 66 0 0 0 0 0 43 0 12 0 11 0 0 49 82 17 0 0 0 0 25 0 2 0 0 55 0 0 11 62 0 0 6 0 0 30 41 0 0 55 0 0 0 0 0 0 0 0 0 0 2 6 0 0 24 0 0 0 77 0 0 0 0 70 20 0 0 31 0 0 0 57 0 3 0 0 41 0 49 0 0 0 2 0 66 0 0 0 0 60 63 20 11 1 0 0 0 0 0 79 42 0 0 0 24 12 0 0 0 0 0 0 0 0 0 1 32 0 0 0 0 0 0 0 4 0 0 0 0 28 0 0 0 45 53 0 36 32 58 23 0 0 0 3 15 39 0 0 0 7 0 0 0 0 0 0 48 0 3 0 0 0 41 0 0 0 2 0 37 0 0
 27 6 0 37 68 80 62 67 0 5 76 22 0 4 0 65 14 65 14 31 10 57 0 40 0 0 22 0 34 0 0 51 0 0 0 22 0 29 14 50 10 24 34 79 0 26 11 0 0 62 65 52 8 52 0 38 26 17 48 83 0 0 0 0 14 63 78 50 18 50 16 2 51 39 64 29 40 44 0 11 63 70 48 0 0 9 82 12 70 83 26 54 0 19 48 17 51 51 16 25 0 53 29 0 30 64 56 59 76 36 8 49 0 57 19 0 46 45 64 0 53 12 86 79 32 0 76 30 0 18 0 71 64 3 5 32 63 67 60 16 60 91 58 0 0 38 37 62 0 0 17 25 65 18 66 0 0 45 10 0 8 0 20 2 0 23 35 41 86 41 49 25 48 30 11 0 0 0 46 50 44 0 23 6 31 65 43 54 64 28 20 44 0 25 0 3 44 0 31 0
 57 0 0 0 0 85 1 30 7 0 0 0 0 0 0 74 3 0 0 0 0 0 0 0 0 0 0 0 8 0 0 0 0 10 0 47 0 0 0 25 0 0 0 0 0 0 0 0 0 0 0 0 0 25 41 0 0 0 10 0 14 0 0 0 34 33 0 38 46 0 0 0 0 16 0 7 0 0 0 0 17 0 0 0 0 0 0 0 0 0 0 0 0 0 20 0 2 0 0 0 59 4 0 0 0 24 0 28 0 26 0 0 0 6 29 0 0 0 0 63 0 0 28 0 0 0 0 0 0 1 0 0 0 0 0 0 0 0 0 0 25 0 0 0 0 0 13 0 0 0 0 0 1 46 0 0 4 0 76 0 0 0 38 0 0 0 18 0 0 0 0 0 0 0 30 40 0 0 36 0 0 0 0 0 0 0 0 0 0 0 0 26 0 0 0 0 0 54 0 0
 8 0 0 59 68 60 0 0 0 13 2 81 0 0 0 0 19 4 67 57 0 11 0 8 0 0 8 0 0 13 10 55 0 0 28 0 4 0 74 49 0 0 0 28 0 0 26 0 20 0 0 0 0 0 81 0 39 0 83 0 0 13 0 0 0 77 22 54 42 0 0 11 5 37 0 0 48 0 0 0 0 0 0 19 0 0 0 2 47 0 0 0 34 52 38 0 52 0 0 8 79 0 25 0 0 42 0 0 3 0 1 0 70 0 0 0 44 0 7 56 41 0 83 0 0 0 0 0 0 17 0 0 0 20 0 0 30 28 0 0 26 0 0 0 0 60 0 0 15 0 0 5 0 24 67 71 30 0 0 0 0 0 25 9 70 73 40 0 0 0 0 54 0 0 19 83 0 0 61 1 19 0 0 0 0 18 0 0 0 31 0 0 9 0 0 0 13 81 0 36
 59 0 0 74 5 52 0 43 0 0 0 22 65 0 14 0 35 2 52 10 0 59 0 68 2 0 60 31 0 51 0 21 31 0 0 25 0 7 0 16 0 71 0 53 2 77 69 0 63 40 0 51 37 0 41 0 64 15 85 0 7 0 7 80 26 0 26 28 52 26 1 40 36 30 0 10 26 0 0 81 29 0 37 0 6 0 6 19 24 6 0 49 67 15 0 0 37 18 0 9 0 14 0 62 0 46 0 0 0 0 0 0 7 53 0 0 39 49 0 39 46 0 0 0 0 0 65 0 39 44 0 0 0 0 0 70 59 49 0 7 0 69 32 0 0 98 0 20 83 2 20 0 0 4 0 31 47 0 13 0 34 81 35 65 73 7 0 43 29 25 53 7 0 27 42 0 0 0 6 0 0 27 37 72 29 0 68 30 26 60 14 20 0 0 0 33 64 18 16 0
 44 32 0 47 15 0 11 54 0 0 48 0 90 93 9 79 71 0 71 13 26 16 0 74 0 0 43 44 87 59 0 70 0 0 29 75 0 0 34 37 13 65 72 37 0 50 49 32 76 65 0 0 33 59 0 15 32 35 29 0 8 41 0 0 31 31 65 63 33 76 58 76 0 34 38 42 1 36 0 28 15 0 0 0 0 0 29 47 79 0 60 46 0 76 20 54 23 39 92 71 18 38 10 0 47 38 52 66 70 0 0 56 8 84 72 0 45 0 0 22 21 15 18 0 44 7 31 35 0 0 0 32 37 71 1 24 0 68 60 69 0 66 0 0 0 50 49 55 17 0 43 0 53 45 87 62 3 52 23 0 37 3 3 58 66 0 32 24 89 36 67 74 0 68 34 49 0 0 0 12 7 56 59 93 74 12 10 4 75 35 70 45 30 12 0 60 0 25 21 6
 10 85 6 52 13 97 72 32 0 27 56 51 0 85 0 55 7 7 0 48 0 0 58 24 0 78 67 33 59 46 60 0 0 0 45 0 70 9 0 27 0 0 42 31 23 67 53 33 0 15 0 10 64 43 62 90 0 51 30 20 14 68 0 0 33 56 0 0 93 80 15 64 0 1 80 0 68 0 35 79 0 28 9 0 0 18 5 22 80 15 12 53 49 77 47 53 68 0 76 86 4 8 6 30 29 68 0 0 75 33 34 57 0 23 90 56 41 58 0 46 0 11 23 26 0 0 0 2 18 35 0 26 46 37 25 58 61 0 68 65 30 40 19 56 69 24 0 87 52 46 10 81 30 0 35 70 0 4 45 0 22 0 2 84 45 16 0 2 56 92 1 34 80 29 87 59 0 4 66 63 64 0 69 70 65 64 59 51 38 0 70 14 41 0 23 76 67 0 2 66
 30 0 0 0 0 0 12 23 15 0 29 34 51 19 0 59 13 65 50 14 0 14 13 57 0 0 15 8 0 72 0 63 0 0 0 8 0 0 56 39 0 0 0 0 0 0 0 0 12 61 50 0 0 0 68 0 27 29 62 0 0 9 0 2 0 39 0 24 35 19 60 45 0 0 0 0 32 67 4 58 23 0 39 9 0 0 0 25 69 0 0 0 46 34 69 0 0 53 0 1 90 41 0 50 0 95 0 21 0 27 8 0 1 24 0 0 0 66 21 15 64 0 5 25 0 12 62 0 11 37 0 2 0 88 0 34 13 30 3 0 0 0 0 0 0 0 0 16 6 0 27 0 0 40 12 37 22 27 5 0 0 0 0 39 0 0 17 1 9 86 0 71 0 58 0 10 9 10 46 0 0 0 21 0 0 0 0 0 0 48 6 29 0 0 12 36 15 78 0 8
 3 0 0 47 0 6 0 12 0 0 44 57 0 0 0 0 0 46 2 53 0 71 0 0 0 0 59 77 80 9 0 52 0 28 0 42 0 0 65 0 72 0 27 47 13 34 0 36 0 22 55 11 0 6 74 51 37 0 67 80 0 0 50 64 18 3 0 57 56 26 61 63 61 28 20 48 0 43 0 56 84 27 15 0 8 0 56 56 0 63 0 80 35 0 15 45 29 7 0 24 59 68 53 0 19 25 48 31 3 0 0 42 90 62 0 0 0 0 26 28 89 0 63 75 0 0 0 6 29 89 0 0 0 50 0 34 13 85 0 0 0 59 8 0 0 67 0 40 3 2 80 0 0 5 0 59 43 0 25 9 19 20 86 66 26 12 18 45 6 41 15 0 0 59 25 69 0 14 49 0 0 78 30 0 39 68 11 35 0 32 22 39 0 11 0 11 23 1 75 0
 87 0 0 42 11 40 0 62 0 0 0 39 67 0 0 0 99 27 80 29 0 71 0 35 0 0 20 40 29 74 0 27 0 0 0 39 9 3 42 71 0 86 2 1 6 36 52 12 0 35 0 14 0 1 46 64 42 0 0 60 2 0 12 38 74 78 15 0 49 30 75 42 0 49 3 86 58 34 0 13 42 0 0 0 10 0 0 34 64 0 0 36 6 12 54 35 9 14 0 1 92 0 41 0 63 64 22 47 0 0 0 77 74 6 14 0 40 52 15 0 42 26 0 88 0 0 41 0 62 0 0 51 0 47 0 47 68 47 0 30 0 39 24 17 0 36 0 6 56 15 0 0 0 24 24 0 62 0 65 0 0 25 45 45 68 33 18 40 14 59 66 88 0 89 18 0 0 0 37 2 0 55 1 33 14 33 58 35 0 0 0 89 0 0 0 11 0 56 0 0
 0 0 1 69 0 86 0 30 0 0 0 71 0 0 0 28 13 5 0 66 0 25 0 0 0 0 10 0 0 38 11 0 0 0 0 35 0 0 0 0 15 17 22 0 0 0 0 0 0 0 0 0 11 0 47 0 63 0 7 1 0 0 0 0 59 53 0 42 29 0 0 0 0 57 0 0 0 0 0 23 0 0 0 0 0 0 0 0 0 0 0 10 0 0 0 0 48 5 0 43 20 0 0 0 0 0 0 11 34 0 22 0 3 39 0 0 0 0 67 9 0 0 0 0 0 4 0 0 29 12 0 0 29 0 24 0 0 7 0 0 0 0 0 0 0 0 0 0 0 0 1 0 0 29 51 1 0 0 0 0 11 0 0 60 0 65 73 30 0 0 0 0 23 31 0 53 0 0 78 0 0 0 0 0 0 30 0 0 0 0 0 20 22 24 0 0 0 0 0 0
 58 0 3 24 7 2 0 0 0 18 0 0 35 0 0 4 0 61 3 50 0 70 0 7 0 3 66 0 14 53 0 0 1 0 0 35 9 0 0 62 0 0 90 24 0 28 0 0 0 0 0 0 0 0 0 0 42 27 24 0 5 0 18 0 38 77 0 21 0 0 13 26 0 61 15 0 0 45 0 67 0 0 0 0 0 5 0 71 0 0 0 0 0 1 18 0 85 0 0 60 68 0 22 0 0 14 0 0 0 0 0 0 0 71 0 0 21 10 38 0 32 0 20 0 15 0 0 0 15 0 0 0 0 54 0 0 38 15 0 0 0 0 0 0 0 8 0 0 0 0 0 0 0 74 32 36 0 0 71 0 26 0 39 81 4 0 1 0 0 0 0 0 0 0 0 31 0 16 43 0 0 0 0 0 0 35 0 5 0 0 0 0 0 0 0 0 15 82 0 0
 24 0 0 21 0 7 0 7 0 1 46 76 16 0 0 11 47 28 62 27 0 44 0 64 26 0 43 0 0 0 0 34 0 0 0 9 0 17 33 52 0 0 0 0 16 54 0 7 0 14 22 0 24 0 70 25 28 0 7 16 0 15 0 0 70 19 0 61 3 0 14 58 18 18 23 0 40 35 0 23 74 0 15 0 2 0 2 34 57 0 0 0 0 66 60 0 30 0 0 1 0 0 0 0 0 20 18 17 0 0 0 0 81 42 0 0 31 0 34 52 58 0 3 0 0 0 47 0 43 53 0 0 0 37 0 0 94 48 3 0 0 0 0 16 3 40 0 0 0 0 0 0 0 37 63 24 0 0 47 0 3 13 64 48 67 41 13 5 0 14 0 0 0 79 30 73 0 0 42 0 0 35 20 9 0 18 0 0 0 21 0 86 0 0 0 24 0 17 0 0
 48 0 0 30 13 49 12 38 0 71 73 32 37 0 0 0 14 54 0 38 0 20 0 6 1 0 81 47 24 5 0 31 0 0 2 37 0 0 29 61 21 12 88 0 0 40 22 9 65 20 7 25 0 20 0 0 68 16 0 51 0 14 3 33 81 45 37 29 0 26 57 65 0 44 49 22 0 21 0 82 75 5 0 0 67 48 70 85 41 56 0 0 0 15 10 58 64 0 0 44 11 2 56 66 75 0 31 39 0 23 0 45 0 45 72 0 54 75 19 81 59 63 13 15 58 29 9 7 66 61 28 0 0 0 0 44 0 0 0 0 0 0 24 0 0 0 53 84 67 17 3 38 0 38 20 5 35 54 37 0 53 54 28 78 11 0 39 67 0 55 20 2 30 43 7 9 10 25 2 5 0 11 0 56 75 25 38 68 0 30 25 66 0 0 0 23 11 1 24 0
 9 0 12 0 34 40 0 0 21 0 8 4 30 18 0 88 49 44 17 56 0 34 0 31 0 0 7 0 44 72 0 71 14 0 3 49 33 0 29 74 0 0 16 86 0 0 25 0 0 56 35 0 8 0 0 0 19 0 58 23 4 0 0 7 15 51 32 92 23 41 0 59 0 30 0 7 65 10 0 35 31 0 0 0 52 0 0 0 67 81 9 0 0 28 55 0 64 31 0 77 5 11 0 25 0 22 0 95 0 0 0 0 12 0 0 0 25 21 0 0 56 14 51 0 0 0 46 0 29 0 0 0 0 56 0 52 36 46 0 0 0 25 0 5 6 0 0 0 45 0 44 0 0 0 45 66 77 0 40 0 0 0 55 35 0 27 0 32 0 23 35 80 0 62 22 45 0 0 42 0 0 0 59 53 0 29 13 0 13 0 0 46 0 20 9 0 34 0 41 0
 30 0 0 75 57 37 11 0 10 3 0 33 87 0 0 2 0 0 31 0 0 0 0 65 24 0 0 0 0 56 0 0 0 0 0 12 16 0 0 0 0 0 77 34 0 0 0 0 0 4 6 0 0 0 0 0 56 0 0 0 0 0 0 0 54 22 0 46 59 0 0 6 0 69 1 0 0 0 2 65 0 0 10 0 0 0 0 21 2 18 3 29 0 0 0 0 53 10 0 37 1 0 13 0 9 0 0 75 0 0 0 0 0 0 0 0 0 0 57 6 0 0 0 0 0 0 5 0 0 4 0 27 0 22 0 0 0 0 0 0 0 0 15 0 0 33 0 0 0 0 5 21 0 68 71 12 36 0 54 8 0 0 66 61 0 0 0 20 0 0 25 5 0 0 0 35 0 0 33 0 7 0 0 0 0 73 0 0 0 0 0 22 0 0 0 0 0 53 0 0
 0 0 0 0 0 73 0 0 0 0 59 5 54 0 0 43 42 49 0 61 12 21 0 26 24 17 44 0 0 0 0 47 0 0 10 50 0 15 0 0 0 0 23 45 0 17 4 0 9 26 0 0 53 0 52 4 11 0 22 0 0 22 7 17 22 75 0 37 47 0 89 71 0 58 0 0 0 0 0 10 0 0 0 0 0 9 0 3 0 0 0 0 14 0 39 0 65 0 0 66 13 0 0 0 0 74 0 41 0 0 28 0 71 47 0 28 29 0 41 9 0 0 44 0 0 19 54 9 11 54 0 0 0 66 0 0 2 28 0 0 0 11 0 18 0 36 0 0 27 0 0 27 0 56 5 72 37 13 23 0 0 0 4 9 0 69 0 3 0 29 6 66 0 55 66 71 26 0 66 0 0 0 0 0 0 0 0 0 0 28 1 38 0 0 4 0 0 50 11 0
 19 0 5 77 1 0 0 0 0 0 0 38 5 0 0 58 0 43 66 0 0 40 0 49 0 18 6 0 0 67 0 0 0 0 5 0 0 0 0 0 9 0 72 33 0 0 0 0 0 6 0 0 10 0 0 0 32 0 0 0 0 6 3 0 0 19 0 64 43 0 39 14 7 60 0 0 0 66 0 0 0 1 0 0 0 0 0 65 0 0 0 0 93 0 0 0 42 0 0 25 8 0 0 0 0 0 0 13 11 0 8 0 32 0 0 0 0 1 51 6 10 0 57 0 0 0 0 13 9 75 0 0 6 0 30 0 20 31 0 0 23 0 0 0 28 37 0 0 15 0 0 0 0 1 66 0 86 0 23 0 18 7 80 5 0 0 27 21 11 0 0 0 0 0 72 45 0 0 83 0 0 0 0 0 0 44 9 0 0 0 0 0 0 0 0 0 0 1 0 0
 42 7 0 78 0 86 0 50 0 0 0 0 43 0 0 10 69 0 69 67 0 96 0 0 13 0 43 19 57 88 0 5 0 8 0 2 0 0 2 4 4 25 50 62 0 58 7 0 0 3 39 0 11 7 0 90 46 64 48 0 0 56 14 18 9 93 36 0 0 19 17 63 69 1 0 49 39 51 0 80 58 43 0 0 34 0 0 59 3 51 0 77 80 18 12 0 32 53 0 0 55 54 58 0 0 2 0 0 0 1 0 0 29 0 0 0 25 10 0 47 0 0 0 0 0 0 59 0 16 78 21 0 0 17 9 0 0 30 27 47 3 13 68 0 0 58 0 33 67 0 53 0 0 41 0 20 3 0 68 0 79 61 33 22 68 0 47 15 0 62 20 3 0 16 77 71 0 1 31 21 0 0 7 4 53 75 21 0 0 40 0 45 0 0 0 71 63 25 5 0
 21 0 0 55 67 25 12 3 0 0 0 14 0 0 0 0 0 49 0 0 0 11 0 0 0 11 0 0 0 0 0 0 0 0 0 6 20 0 0 29 0 0 27 0 0 0 24 0 0 0 0 0 0 20 23 0 40 0 0 0 0 0 6 0 18 10 0 0 0 0 0 0 10 48 0 0 0 0 0 0 0 0 0 0 7 0 0 0 0 0 0 0 0 0 0 0 0 0 0 37 42 0 0 0 11 3 16 0 0 0 0 0 0 0 7 0 2 0 23 3 3 0 0 30 0 9 0 31 0 54 0 0 0 0 0 0 0 2 0 0 0 37 0 0 0 0 0 0 0 0 0 0 0 28 26 0 0 0 54 15 0 0 72 36 0 0 34 0 0 0 0 0 0 0 4 18 0 0 45 0 14 0 0 0 0 20 0 0 31 0 0 15 0 0 0 0 1 0 2 31
 85 1 0 0 11 43 0 0 0 22 48 0 0 0 0 68 30 0 41 0 0 67 0 0 0 0 71 11 0 39 3 42 0 20 0 87 0 0 10 70 0 0 41 0 0 63 0 0 0 0 0 0 42 0 73 0 63 0 75 0 0 8 0 0 44 42 0 46 53 30 16 57 0 15 25 6 0 19 0 63 12 0 0 11 0 0 0 0 85 37 13 0 0 78 41 0 65 0 15 0 68 67 0 0 24 71 30 29 0 0 0 0 0 80 0 0 60 55 27 50 21 0 29 8 0 0 57 9 0 0 2 0 0 0 11 11 12 0 0 0 0 0 0 0 0 19 0 0 0 0 10 0 0 0 49 58 25 0 0 0 0 2 94 21 1 67 0 0 2 27 0 36 13 78 71 12 7 0 77 0 0 0 1 0 0 76 0 15 0 0 0 65 0 0 0 47 0 75 0 0
 51 0 9 40 19 87 0 20 0 0 49 96 61 0 0 41 65 0 28 35 1 32 0 26 0 1 36 0 0 35 2 52 0 0 12 46 0 0 75 11 46 0 67 18 0 74 25 24 0 70 4 79 24 0 43 66 1 12 41 60 0 27 20 0 49 89 54 53 55 69 79 24 3 71 9 68 72 13 0 7 75 71 0 0 28 45 62 39 22 30 22 70 56 39 69 27 77 0 0 0 73 6 52 5 20 61 20 27 0 0 0 5 3 4 0 0 26 64 54 0 6 0 0 48 0 0 8 37 3 44 0 26 0 21 0 2 47 0 0 0 0 49 7 0 0 39 0 77 55 0 21 32 2 37 0 47 46 0 47 3 4 12 4 0 21 79 0 93 0 0 44 0 0 0 0 79 0 0 10 0 9 67 66 14 0 41 87 0 0 56 0 31 3 0 0 27 11 27 54 0
 0 0 0 34 54 0 0 23 0 0 0 0 0 0 0 0 0 0 0 0 0 1 9 13 0 0 13 0 0 24 0 1 0 0 0 15 13 0 0 18 0 0 0 0 0 0 22 0 7 0 0 0 0 0 0 0 20 10 0 0 0 0 0 0 0 0 0 0 0 0 0 23 0 0 0 0 0 5 0 19 0 0 0 0 0 0 0 0 0 0 0 0 0 0 0 3 0 30 7 0 48 0 0 0 0 0 13 0 22 7 0 0 0 0 0 16 0 0 0 0 0 24 18 0 0 13 0 24 25 0 35 0 8 0 0 11 14 0 0 0 35 0 0 0 4 0 10 0 0 0 0 9 0 0 0 0 33 0 0 0 0 0 0 0 0 7 0 0 0 6 0 0 0 0 0 0 14 0 0 0 0 0 0 14 20 0 0 0 0 0 0 83 21 0 0 0 0 0 10 0
 0 7 0 12 80 0 0 0 0 0 0 0 7 0 0 0 0 0 0 0 2 0 0 1 0 0 0 0 29 3 0 0 7 0 0 4 0 0 0 0 0 0 0 0 0 0 0 20 0 0 0 0 0 0 0 12 0 0 0 9 0 0 0 0 0 0 0 0 0 0 0 6 18 2 0 0 0 0 18 0 0 36 0 0 0 0 0 0 0 11 0 0 0 0 0 0 0 0 0 0 0 0 0 30 0 0 0 0 0 0 27 3 0 18 0 0 0 0 14 0 9 0 0 0 0 0 0 0 6 17 23 0 0 0 0 0 0 0 0 0 0 0 0 0 0 0 0 0 0 0 0 0 0 65 0 0 0 0 0 0 0 10 0 0 0 0 0 0 0 0 0 15 0 10 0 6 0 0 0 0 0 10 0 0 0 0 0 0 0 4 0 0 3 0 22 0 0 0 0 0
 53 9 0 0 68 4 0 0 0 0 0 0 1 0 0 87 0 46 44 36 0 0 0 10 0 1 69 0 0 20 0 16 21 0 8 52 6 0 6 79 0 0 31 0 0 0 0 0 15 14 60 0 0 0 3 0 0 0 56 22 8 43 0 0 0 43 27 48 21 65 85 43 0 0 0 0 29 10 0 0 40 0 0 0 0 0 18 5 35 11 0 0 25 5 6 0 0 0 0 50 27 0 0 0 0 3 0 53 0 0 0 11 0 70 0 0 3 42 78 58 7 0 54 0 0 0 96 0 16 53 0 0 0 0 0 0 57 26 0 0 1 0 29 0 0 59 0 0 0 22 0 0 0 18 12 38 46 0 19 0 0 12 0 12 38 42 66 65 0 15 0 0 0 31 43 10 0 0 81 8 0 0 71 8 0 7 0 0 9 0 5 48 32 0 0 0 0 48 0 0
 25 0 0 0 23 93 0 36 9 0 38 32 29 0 0 0 0 46 50 83 0 39 0 34 0 0 0 87 0 67 0 8 0 0 6 54 0 0 8 45 0 0 64 62 17 1 60 0 72 55 40 36 3 0 63 4 0 18 0 0 0 33 43 20 67 33 36 91 0 56 0 51 83 10 0 2 64 0 0 30 0 1 0 0 13 0 0 79 0 11 0 72 0 75 15 0 19 80 0 41 87 56 0 67 0 21 0 23 0 6 0 0 10 43 0 37 0 33 0 4 92 0 28 34 0 0 45 0 40 59 0 0 0 72 35 0 73 62 0 0 0 0 95 2 0 53 0 0 0 0 26 0 0 29 0 71 0 0 14 0 8 77 84 0 32 0 91 37 4 43 72 44 0 30 40 23 0 0 0 0 0 0 10 32 0 6 63 0 0 15 2 30 0 0 17 43 51 36 35 0
 0 0 0 56 53 70 0 0 0 15 0 76 12 0 0 39 58 62 21 32 15 0 8 0 0 0 5 0 0 3 0 14 0 0 0 47 0 0 22 0 0 0 97 0 0 49 0 0 0 0 23 31 11 0 22 0 13 0 41 21 0 54 14 0 32 82 18 60 0 19 0 13 0 45 0 10 0 57 2 48 39 0 17 0 0 14 10 71 34 58 0 0 74 19 11 12 23 41 0 1 0 31 0 0 2 1 0 7 0 0 4 0 60 45 0 0 50 67 0 63 0 4 15 6 0 0 57 18 36 53 0 0 0 32 0 0 52 3 0 0 29 0 0 0 19 44 0 0 0 0 0 0 0 84 0 63 45 0 18 0 0 0 61 16 0 0 47 2 0 64 0 43 0 0 77 72 0 0 5 7 16 25 39 0 0 92 0 0 33 71 0 76 0 0 0 25 0 16 8 0
 25 0 0 48 53 54 0 0 0 8 0 0 47 0 26 67 71 29 50 4 0 9 27 35 15 0 93 82 0 80 0 50 13 0 10 52 0 0 0 11 0 47 89 62 0 0 3 0 2 71 4 75 21 2 44 0 71 39 90 28 14 21 0 64 3 14 62 0 12 43 0 9 26 49 0 47 21 8 0 0 60 51 0 0 47 0 0 17 56 3 0 56 0 5 53 43 0 0 0 35 8 74 55 0 0 5 8 0 0 0 0 0 45 9 0 0 0 1 78 60 31 0 60 29 0 0 65 0 57 33 3 0 29 9 5 51 73 3 0 9 0 98 88 0 0 30 0 0 0 0 55 0 0 62 50 14 0 0 48 22 52 45 39 0 68 11 51 30 0 68 41 0 0 71 0 59 2 0 0 5 0 51 23 50 54 26 66 69 0 49 14 60 14 0 0 87 9 52 29 0
 20 0 0 37 17 0 28 0 0 30 0 0 0 0 20 0 14 23 0 0 0 0 4 0 13 0 0 0 0 0 31 0 0 3 15 2 0 0 0 0 0 0 0 0 0 34 0 0 0 12 0 0 0 0 0 5 0 0 0 0 0 0 0 0 12 0 11 0 0 0 0 0 0 45 0 0 0 0 0 0 0 0 0 0 0 0 0 14 0 0 3 0 8 0 23 0 0 0 0 75 57 0 0 0 0 0 0 42 0 0 25 0 12 3 0 0 0 0 0 0 0 0 9 0 0 24 0 9 0 0 0 36 0 0 0 0 16 0 0 0 6 0 0 17 0 5 0 0 0 0 0 0 0 0 13 0 14 0 23 0 0 1 0 0 0 0 0 0 0 11 0 3 0 0 6 0 0 0 31 0 0 3 0 0 0 0 0 0 0 14 0 67 0 0 22 0 0 19 0 0
 26 0 4 29 58 31 0 4 0 0 84 7 55 0 0 37 46 33 2 20 0 83 3 69 0 0 52 0 52 2 0 0 0 17 23 57 16 0 0 0 66 51 88 22 0 30 93 0 35 17 52 46 5 0 81 8 55 0 43 5 0 31 15 17 65 88 65 0 63 0 0 62 22 0 0 79 12 48 0 32 19 45 0 33 89 0 0 0 31 0 0 86 86 58 55 2 0 0 0 0 42 16 9 17 0 42 0 0 0 0 0 19 69 21 0 0 55 80 68 13 0 16 9 20 0 16 22 0 56 0 0 48 0 44 0 36 17 56 0 8 0 45 22 0 0 0 0 14 0 0 35 8 0 36 18 61 66 0 10 0 78 36 39 53 69 0 55 29 1 5 20 0 0 2 0 33 0 0 57 0 11 55 39 72 37 45 18 0 0 31 0 33 0 0 0 24 31 18 1 18
 0 0 0 34 36 0 0 0 0 0 0 23 0 0 2 0 0 0 0 0 0 0 0 0 0 0 0 0 0 15 0 18 0 0 0 0 0 0 0 0 0 5 0 0 0 6 3 2 0 0 0 0 15 0 0 33 0 0 0 0 0 0 0 0 0 0 0 0 0 0 0 0 10 0 0 0 0 0 0 0 4 9 0 24 0 0 0 0 17 0 0 0 0 0 0 27 8 0 0 27 46 0 0 0 19 0 20 0 15 11 9 0 0 0 0 6 0 1 0 0 0 15 53 0 0 0 0 0 0 0 0 9 0 0 12 0 0 0 0 3 0 0 0 0 0 0 0 0 0 0 18 0 12 0 0 6 4 0 0 0 0 0 0 0 0 0 0 0 33 0 0 0 0 0 0 0 0 0 0 18 0 0 0 1 0 0 0 0 0 29 0 15 0 0 0 0 0 0 0 0
 67 0 0 31 0 0 0 56 0 0 6 50 51 0 0 0 13 28 8 49 0 31 0 12 0 0 36 0 39 0 0 61 0 0 0 59 6 13 85 65 6 25 0 25 0 1 62 25 37 0 46 60 22 23 80 4 75 84 7 24 0 17 76 25 40 60 64 61 0 28 49 44 79 0 52 0 79 15 0 26 0 42 0 0 57 0 9 0 55 89 8 80 38 52 0 33 2 32 5 0 57 27 62 26 11 62 23 0 0 69 0 43 33 0 67 0 20 58 65 63 0 0 88 0 0 14 49 0 41 15 0 33 0 27 0 89 29 77 3 82 31 11 7 30 0 22 12 0 58 29 45 6 4 32 11 17 58 0 1 0 45 0 0 40 61 14 88 59 30 74 54 0 0 23 43 29 0 0 33 0 0 19 11 21 38 43 26 45 0 22 53 17 0 0 0 44 28 0 12 0
 14 0 0 42 0 26 0 63 11 0 13 34 77 0 0 0 17 64 35 0 0 11 4 1 0 0 11 65 65 3 0 86 0 0 0 45 0 0 49 30 0 2 0 8 12 60 58 56 8 26 68 58 0 6 78 0 0 51 66 35 0 78 3 0 38 84 65 64 0 45 65 1 55 86 0 27 66 42 0 0 2 32 24 0 0 62 47 79 43 45 0 69 40 15 51 0 52 70 2 0 46 74 0 51 21 57 48 0 0 0 0 19 9 12 0 0 45 30 76 0 24 0 80 15 0 81 18 39 0 64 0 31 0 51 0 11 36 54 0 62 0 27 41 0 0 46 0 0 0 0 62 64 0 43 62 58 0 69 18 0 77 13 35 97 88 0 49 54 0 0 17 47 0 26 44 0 0 0 0 10 10 11 35 26 46 23 0 64 0 66 92 33 0 0 0 0 46 6 6 0
 20 28 0 48 77 72 34 57 62 9 61 37 17 0 9 76 11 39 59 46 0 32 16 24 0 8 0 0 0 0 27 10 0 0 0 11 18 54 73 7 0 68 19 31 0 0 0 30 61 36 0 39 11 58 0 56 24 3 17 76 0 69 6 63 54 75 55 22 0 32 54 0 59 23 28 53 72 73 0 47 0 85 10 0 0 65 54 0 66 87 20 6 55 0 0 52 6 21 50 25 0 37 0 0 28 0 39 0 58 40 0 0 0 64 91 0 26 66 0 33 0 40 23 44 30 0 0 71 9 34 65 60 61 17 73 82 0 49 79 26 0 78 35 4 35 38 82 27 58 15 0 45 70 51 18 37 79 32 12 37 3 84 0 55 84 9 50 25 16 20 65 55 25 65 0 53 0 0 22 41 10 39 43 0 73 22 31 63 25 0 59 41 53 0 52 38 27 0 3 58
 1 0 0 39 27 18 7 0 0 0 27 58 67 0 0 46 21 0 0 18 0 47 6 0 0 0 0 30 55 8 0 62 0 12 0 0 0 0 7 17 0 0 78 0 21 84 57 0 25 42 60 0 68 0 35 43 7 55 6 65 9 0 64 4 2 0 0 0 75 0 55 60 76 0 0 52 72 0 0 48 5 13 0 0 50 0 0 49 61 81 0 12 18 2 71 18 12 48 0 50 0 0 65 52 4 84 0 66 0 0 4 0 0 95 0 0 0 0 63 53 68 17 36 45 11 0 16 0 25 44 0 6 0 20 0 20 72 45 0 27 27 36 0 0 13 0 0 0 8 0 49 0 0 82 0 9 1 34 9 0 5 15 38 93 66 23 27 74 0 66 81 42 0 17 46 67 0 0 50 0 0 72 2 0 87 54 23 78 0 0 0 0 17 0 0 0 42 10 25 0
 32 0 0 69 0 0 0 0 0 0 47 18 49 0 0 79 0 85 0 42 0 62 1 0 0 0 4 0 0 0 0 48 6 0 0 69 20 10 0 32 0 8 11 61 21 81 0 0 0 0 0 0 0 25 35 0 15 0 88 0 0 11 0 0 51 3 0 0 0 0 7 85 0 21 0 0 0 34 23 50 0 0 0 31 0 0 0 0 47 0 21 0 40 0 0 0 6 13 0 48 32 0 0 0 0 0 0 60 0 0 31 10 0 19 2 0 57 0 4 0 0 0 24 0 0 0 0 0 3 0 22 21 0 0 0 0 42 50 0 0 0 0 0 30 21 70 0 0 0 0 0 0 0 77 26 96 22 5 64 0 0 0 22 70 26 0 41 35 0 61 0 0 9 0 55 11 0 2 17 0 0 0 0 13 0 75 0 0 0 75 6 69 0 0 0 0 0 62 0 0
 43 0 0 83 42 47 0 0 0 0 0 36 0 0 0 49 0 5 0 0 0 0 0 0 0 0 5 0 0 31 0 9 0 0 0 45 0 9 0 25 0 0 0 0 0 0 0 0 16 0 26 0 19 0 36 0 0 0 0 0 0 0 0 0 0 7 0 23 56 0 11 5 2 0 0 0 24 0 0 0 8 0 0 0 0 0 0 0 0 0 0 12 6 0 20 3 18 0 0 19 0 0 0 0 0 0 0 35 22 0 0 0 0 0 14 0 0 27 60 61 0 0 54 0 0 0 0 0 0 0 0 33 0 0 0 0 0 0 0 0 0 0 0 0 0 0 0 0 1 3 0 11 0 23 34 0 36 0 6 0 18 0 35 40 0 25 61 0 4 0 0 33 0 4 0 0 0 0 0 0 0 0 6 0 3 0 0 0 0 0 0 0 0 0 0 0 0 0 0 0
 0 0 0 0 66 78 0 43 2 0 96 49 58 0 0 0 56 1 34 42 0 0 0 57 0 22 86 24 39 51 0 1 0 7 0 28 0 4 23 81 41 58 7 7 0 83 0 20 66 0 32 16 49 0 0 41 0 73 42 37 22 87 40 41 19 0 22 0 59 37 34 0 0 67 0 0 0 34 0 0 85 15 0 0 79 11 0 27 41 65 0 14 96 66 75 53 0 87 48 30 7 17 54 33 71 29 91 61 0 32 0 9 0 0 0 0 17 14 27 56 21 0 66 82 12 62 25 26 83 46 33 85 0 0 0 0 47 1 0 0 0 55 33 0 0 59 14 84 0 70 15 43 0 0 38 16 47 37 36 25 85 34 13 0 0 0 19 43 41 16 72 58 0 0 0 61 0 0 44 0 8 22 45 11 15 16 41 0 27 32 54 1 0 0 0 89 39 51 68 10
 0 4 0 0 11 44 5 34 2 31 38 31 57 16 0 0 0 14 88 1 39 11 9 0 0 8 12 0 63 28 78 9 0 0 9 2 92 52 26 1 16 32 9 4 0 0 57 36 43 4 14 82 58 27 15 40 0 53 86 0 37 34 68 74 14 81 36 0 0 15 62 39 60 70 81 57 53 52 0 51 50 13 86 0 73 58 69 17 32 2 89 79 20 0 57 8 74 51 22 0 59 24 0 24 5 63 49 0 14 71 5 23 66 32 15 0 49 26 9 77 27 55 21 63 37 0 30 0 0 15 59 35 45 50 43 66 48 1 7 30 49 48 38 28 0 69 72 0 26 73 3 68 0 73 0 83 54 57 0 0 40 15 64 0 65 28 62 33 0 56 5 43 19 43 2 85 0 51 0 40 0 5 0 39 40 0 56 0 15 49 64 64 28 36 0 10 37 58 0 9
 31 0 0 61 8 33 15 11 0 0 15 50 71 0 0 34 0 11 0 28 0 73 0 14 0 0 42 0 0 20 0 0 0 0 0 49 0 0 0 43 1 0 62 66 0 31 0 0 0 7 21 0 77 0 86 0 46 0 0 9 7 0 1 0 35 0 0 51 19 18 63 64 0 0 2 0 0 4 0 31 0 0 0 0 9 14 0 54 0 0 0 0 38 0 48 0 0 0 0 67 54 0 10 0 1 33 0 79 0 0 0 3 0 52 0 0 0 0 25 4 29 0 69 0 0 0 0 0 0 0 0 0 0 66 0 0 0 0 0 0 0 0 0 0 0 38 0 0 0 0 0 0 0 57 31 38 20 0 49 0 0 1 43 0 3 13 7 25 0 71 0 23 0 2 80 38 0 2 59 0 16 15 0 29 0 0 0 0 0 38 0 48 9 0 0 0 0 0 0 0
 62 0 0 4 0 69 20 0 0 0 0 18 71 0 0 8 0 0 46 46 18 18 25 29 0 0 16 0 32 35 0 58 0 0 0 0 0 0 18 38 0 0 0 84 0 68 0 0 0 16 64 0 30 0 10 0 18 0 44 0 0 19 0 0 1 17 0 0 1 0 40 7 0 68 0 0 6 66 0 46 36 0 16 0 0 8 0 48 0 5 0 0 17 56 0 0 70 0 0 52 65 0 0 0 0 19 0 0 0 0 0 2 3 0 0 0 39 0 56 14 17 0 4 0 4 0 49 15 53 46 0 0 0 13 14 15 68 51 0 0 0 0 17 0 0 35 0 0 0 0 0 0 0 74 72 77 6 0 37 0 0 0 11 22 25 37 23 12 0 35 19 47 0 16 0 0 9 0 39 0 0 0 0 0 0 41 31 0 0 67 0 22 0 0 0 45 0 11 0 0
 0 0 0 0 0 2 0 0 0 0 0 0 0 0 17 0 0 63 0 0 0 0 0 18 0 3 5 0 18 4 6 0 5 0 0 35 0 0 0 0 0 11 0 0 9 0 0 0 0 0 0 14 0 0 0 0 63 0 0 5 0 0 8 0 0 0 2 0 0 0 0 3 0 10 0 0 0 0 0 11 0 23 5 13 0 0 0 0 0 0 0 5 0 0 0 17 0 0 0 24 0 0 1 9 0 0 0 23 0 0 11 0 0 0 0 0 0 0 0 0 9 16 0 0 0 0 0 0 0 55 16 0 18 0 0 0 0 17 0 0 0 0 0 0 0 6 0 0 0 0 0 18 0 31 14 0 0 0 16 10 0 23 60 0 0 0 0 0 0 0 0 37 0 0 0 0 0 0 58 0 0 20 3 7 0 0 0 0 1 0 0 26 0 0 0 0 0 0 0 5
 24 0 0 50 5 33 0 0 0 8 0 0 0 0 21 0 14 38 0 22 28 0 0 0 0 0 0 0 24 0 4 5 0 0 0 40 0 0 0 0 0 7 0 0 0 0 29 0 0 0 0 0 18 0 14 0 44 0 0 0 6 24 0 0 0 0 0 55 0 0 0 0 31 7 12 20 0 0 30 0 0 0 0 0 0 0 6 0 4 0 0 18 0 0 0 0 0 0 12 5 20 0 0 0 0 16 0 63 0 7 0 0 0 0 0 0 0 0 3 0 0 0 20 0 0 0 0 0 0 5 0 0 0 8 0 9 0 0 0 0 0 0 0 0 0 14 0 11 0 0 0 0 0 27 0 0 0 0 0 0 0 0 32 0 33 0 4 0 0 0 0 0 0 0 3 3 0 0 37 0 0 0 0 9 0 0 0 0 0 0 18 57 0 0 0 0 0 0 0 9
 6 0 0 10 0 37 0 17 0 0 0 0 69 0 36 26 0 21 73 22 0 78 0 29 0 0 0 0 0 64 0 0 0 3 0 47 0 0 0 75 0 0 38 25 22 0 0 7 0 0 0 0 0 0 39 0 77 0 40 0 3 0 24 5 22 30 8 71 51 0 33 3 0 66 0 0 8 0 0 78 0 0 0 8 0 0 0 59 0 0 0 0 12 1 0 8 0 0 0 38 0 0 0 14 0 76 0 59 8 0 16 0 1 83 0 0 0 0 0 41 0 0 29 0 0 0 0 0 70 43 0 0 0 64 0 0 2 0 11 0 0 10 0 0 0 36 0 0 0 7 20 12 0 38 42 0 62 0 8 0 0 0 12 54 7 79 25 0 13 0 0 0 0 0 8 3 0 0 0 11 5 0 0 0 0 7 13 0 13 0 0 79 0 0 0 0 0 56 0 0
 60 0 0 32 11 0 20 9 0 58 4 2 0 25 0 0 44 37 27 28 0 41 0 31 0 0 32 13 40 32 1 0 0 13 0 78 0 0 0 70 65 0 81 0 0 11 1 5 0 63 4 83 0 81 56 23 60 25 8 0 0 0 28 68 18 63 28 0 0 39 44 92 72 5 33 5 18 0 0 19 68 86 0 0 8 40 0 84 10 23 0 0 1 15 0 66 12 85 16 0 8 64 17 0 36 45 0 0 37 40 0 0 33 26 25 0 72 56 0 30 73 0 60 0 5 6 0 56 58 84 0 2 0 0 0 75 36 0 0 14 0 0 0 2 0 59 0 68 2 4 57 50 0 14 55 39 75 19 63 0 0 40 52 57 57 4 81 60 0 81 0 48 0 0 1 14 0 0 18 0 0 72 27 0 19 78 2 23 0 50 2 21 0 5 7 76 2 82 29 0
 0 0 0 0 42 2 0 0 0 0 10 0 0 13 0 0 0 8 14 0 0 0 0 14 0 0 10 1 0 0 0 0 0 0 0 0 0 0 4 0 0 0 0 0 0 7 15 17 0 0 0 0 0 24 14 30 0 3 0 0 0 0 0 0 0 0 0 0 0 0 0 0 0 0 0 10 0 0 0 0 0 16 0 0 0 0 25 15 0 0 0 0 29 0 0 15 7 0 20 0 23 0 0 0 0 0 0 0 0 0 0 0 0 0 0 0 0 0 4 0 0 0 0 0 0 13 0 0 22 54 0 27 2 0 11 0 0 0 0 0 0 0 0 0 0 0 0 28 0 3 0 0 0 1 0 0 4 0 0 0 0 0 0 16 0 0 0 0 0 0 33 0 0 0 0 0 0 6 58 0 0 0 9 20 0 0 0 4 0 0 0 18 15 0 0 0 0 0 0 0
 2 6 27 0 41 29 0 15 0 0 0 14 12 24 22 20 72 26 35 67 0 37 0 0 0 0 20 15 6 26 0 22 0 0 0 4 0 0 67 25 2 0 41 32 0 36 0 7 0 0 30 0 31 0 18 0 84 0 29 0 0 47 0 0 0 48 0 0 56 0 47 0 9 60 0 0 58 53 0 55 27 16 4 0 0 0 0 13 43 70 0 29 51 33 20 3 0 0 0 18 30 0 0 0 0 12 0 46 16 0 0 0 80 12 0 0 26 44 31 33 69 19 55 0 5 0 36 0 72 96 0 0 0 67 0 0 16 72 0 4 0 0 0 0 0 32 0 0 0 8 0 0 0 61 0 0 0 0 12 0 0 0 39 38 0 0 31 19 0 4 0 19 31 47 35 0 0 0 14 0 0 0 82 0 0 1 5 0 0 0 3 51 0 16 0 73 0 12 0 0
 41 0 0 43 22 60 85 51 0 77 49 0 0 6 0 0 0 32 29 0 4 3 0 12 0 0 24 5 53 51 0 0 0 0 0 22 0 0 4 66 4 92 82 28 4 12 76 0 70 0 43 36 65 28 63 79 31 3 0 33 28 26 71 97 48 43 92 11 68 54 20 61 76 0 54 55 52 46 0 17 86 7 0 36 6 23 23 50 0 22 0 16 74 76 47 61 20 44 70 37 47 17 37 62 48 55 13 29 3 14 0 0 43 26 0 0 36 0 0 41 2 0 40 0 0 85 0 0 84 64 0 0 0 28 18 59 58 0 0 93 0 8 59 24 0 30 1 36 0 77 0 57 0 14 36 33 30 21 17 0 38 0 59 1 0 35 85 35 70 50 44 0 0 3 0 68 0 6 39 0 0 0 24 35 33 10 23 1 0 70 70 58 0 0 17 10 26 26 39 0
 46 0 0 8 30 25 0 93 0 0 15 76 60 0 0 22 0 0 22 26 0 0 0 36 0 0 42 0 17 79 0 61 12 0 2 10 0 0 13 17 0 0 0 0 0 20 21 0 92 74 7 10 43 0 27 48 35 49 22 0 12 67 84 25 45 13 50 0 0 15 72 46 49 82 0 7 6 39 18 34 16 17 0 0 0 14 26 0 67 65 0 66 50 0 8 9 0 3 25 0 22 33 10 65 28 0 0 11 0 0 36 6 35 59 0 9 65 57 37 44 69 0 0 24 0 0 7 0 0 26 0 39 0 68 6 88 46 13 0 49 0 16 19 7 0 42 0 49 3 70 46 25 0 50 11 91 0 0 17 0 69 26 92 57 44 34 0 0 0 9 38 61 0 64 48 72 0 0 14 0 0 59 85 60 0 37 22 46 0 68 0 24 0 0 1 0 15 0 60 0
 62 0 0 77 33 0 0 0 0 0 68 23 0 0 0 18 64 54 0 88 0 0 0 22 7 0 29 15 2 35 0 17 0 35 1 36 0 0 0 94 0 0 81 77 0 48 0 0 0 0 0 25 41 0 0 0 60 0 8 0 0 47 0 0 57 0 0 78 14 0 16 68 0 9 0 0 0 9 0 79 19 0 0 34 0 4 0 18 58 0 0 0 0 0 6 0 50 0 0 44 56 0 0 0 0 52 0 48 0 0 25 0 68 52 0 0 82 0 20 49 45 3 11 0 5 0 0 0 40 66 0 11 0 33 0 24 24 0 0 9 0 0 0 0 0 53 0 0 0 19 0 0 0 33 2 9 56 0 93 0 0 9 86 59 57 54 27 22 0 33 0 26 0 18 43 46 0 10 43 0 0 12 0 0 2 10 0 0 0 87 0 51 0 0 0 0 0 83 0 0
 46 0 0 34 62 11 0 12 0 0 65 56 0 0 0 37 0 65 77 58 0 55 0 0 0 0 26 41 40 30 0 47 27 0 0 63 0 0 58 58 59 74 0 0 0 25 48 0 3 20 21 0 0 30 72 0 0 46 68 9 0 35 15 0 40 59 81 0 11 22 43 4 76 71 0 81 31 25 0 9 33 41 0 0 60 0 48 76 58 40 0 59 19 0 0 50 0 0 0 0 12 39 50 0 37 0 17 49 26 0 0 13 40 24 0 28 58 0 18 18 43 0 83 54 33 0 42 0 0 4 0 0 1 2 0 55 20 0 0 0 0 0 77 0 0 43 0 85 70 0 44 0 6 0 7 49 24 1 0 0 51 43 0 18 35 33 45 16 0 73 0 91 0 0 59 0 0 0 0 0 0 4 32 26 81 0 0 62 0 64 0 0 0 0 0 59 89 12 52 0
 0 0 0 84 0 5 0 22 0 0 5 34 0 0 0 0 17 0 13 0 17 0 12 0 0 0 2 0 0 0 0 0 0 0 0 60 0 0 1 0 0 0 16 0 0 0 0 13 0 0 0 0 0 0 42 7 0 0 0 0 0 20 0 0 1 0 0 11 0 0 0 0 21 28 0 5 0 0 9 12 4 0 3 0 0 0 0 0 0 0 0 0 2 0 0 0 34 17 0 0 0 0 0 0 0 1 0 21 0 25 0 0 0 22 0 25 7 0 41 36 0 0 0 0 0 19 0 7 0 22 0 0 0 0 12 1 0 0 0 0 0 0 16 0 0 0 0 0 0 0 21 0 0 15 31 0 7 0 21 0 16 0 24 36 0 39 64 0 19 0 0 0 0 0 7 50 0 0 0 0 0 0 0 0 6 0 0 0 10 0 0 44 0 0 8 0 0 12 0 0
 32 0 0 18 5 0 0 0 20 0 4 0 0 0 15 0 0 0 3 0 0 0 0 4 0 14 0 0 0 17 0 2 14 0 0 0 0 18 0 0 0 0 0 0 0 0 0 2 0 16 0 0 0 0 0 0 0 0 0 0 0 0 0 0 18 1 0 0 0 0 0 5 11 0 0 0 33 0 0 0 0 0 11 0 0 0 8 0 0 0 0 0 0 0 0 0 0 8 0 7 0 0 0 0 0 15 4 33 0 0 0 0 2 10 0 0 13 0 0 0 0 0 0 0 0 0 0 0 0 0 0 0 0 30 0 0 0 13 0 0 0 0 0 0 0 18 16 8 0 0 0 0 0 0 7 0 0 0 0 0 23 13 0 0 0 0 0 14 0 8 11 25 17 0 0 13 0 0 0 0 0 0 0 0 0 4 1 0 0 0 0 63 3 0 0 0 6 0 0 18
 47 10 0 46 29 89 58 0 0 71 3 56 0 3 0 42 37 21 0 24 48 44 0 40 0 0 19 10 0 75 0 38 17 0 0 35 0 1 52 15 0 44 15 0 0 75 39 54 71 47 40 7 29 14 28 0 0 49 16 41 22 37 4 55 82 12 65 14 20 49 17 65 86 23 0 66 23 33 92 69 47 11 51 14 41 61 3 3 4 76 0 11 0 8 16 0 58 0 37 0 0 47 15 47 0 49 16 37 43 17 0 24 0 19 0 0 15 8 0 57 33 19 22 19 71 13 4 21 60 83 0 47 0 67 79 0 17 92 14 51 72 62 34 0 0 0 39 45 24 20 72 5 22 54 19 0 17 0 0 0 0 0 70 8 39 38 11 30 26 14 22 22 23 0 2 69 3 0 0 18 8 35 75 27 68 16 81 35 10 66 76 23 28 0 75 69 28 17 28 34
 4 0 0 0 0 57 11 90 29 21 0 44 0 20 0 77 94 4 6 33 0 0 0 67 0 0 0 20 18 0 0 0 0 4 0 75 0 0 0 0 0 46 46 49 0 85 71 0 79 32 78 0 0 0 0 4 36 19 74 0 12 51 66 54 1 25 92 60 24 0 6 88 30 46 3 41 0 19 0 61 68 45 0 0 0 36 0 23 21 41 10 73 0 19 44 23 9 40 0 22 70 63 74 20 13 0 0 0 0 0 0 0 0 0 0 0 71 51 22 27 67 0 0 20 13 0 0 1 53 45 0 0 13 52 0 0 38 0 0 0 0 0 65 19 0 23 0 0 0 0 9 0 0 0 40 47 16 0 54 0 0 20 64 20 29 63 66 22 16 60 23 15 0 71 51 22 4 0 0 0 0 16 56 53 89 76 69 40 0 3 0 47 0 0 0 58 15 66 51 0
 10 26 0 12 48 15 68 2 0 49 17 67 75 24 0 4 91 58 24 70 0 28 31 0 0 0 20 0 1 0 29 84 0 0 0 71 17 0 0 85 26 53 62 0 0 44 0 12 0 8 0 63 55 8 1 84 0 0 7 5 0 14 0 17 44 0 85 0 22 0 82 2 75 19 36 55 28 11 0 59 53 12 0 0 24 69 53 0 65 14 69 48 3 73 0 64 44 48 40 0 0 77 33 72 0 57 44 92 28 47 0 61 41 39 80 0 4 34 0 64 14 68 0 72 73 50 61 0 16 26 3 0 0 0 0 67 22 0 7 53 9 47 0 0 0 0 23 1 25 47 13 0 8 31 89 0 79 0 26 4 42 0 9 43 38 63 15 28 52 9 0 64 0 20 0 0 15 0 23 0 54 10 59 37 58 0 0 0 0 23 60 70 43 14 0 0 4 98 0 0
 74 0 0 21 15 44 0 36 14 0 0 0 0 0 0 20 0 0 0 2 0 16 0 0 0 0 0 0 0 4 28 27 13 0 0 53 0 0 0 28 0 0 0 60 0 0 0 0 0 0 0 7 0 0 58 15 25 0 25 0 0 0 2 10 3 4 2 0 44 0 0 0 0 43 0 28 0 0 0 68 0 18 0 0 0 0 0 17 0 0 13 0 0 0 19 0 58 8 0 67 29 16 0 0 0 75 0 9 0 0 0 0 34 47 14 0 0 0 23 0 0 22 72 0 0 0 0 0 40 0 0 0 6 0 0 0 0 0 0 0 0 0 0 0 14 0 32 0 25 0 0 0 0 6 68 0 0 0 0 18 0 0 22 63 0 58 48 8 8 0 0 0 0 0 0 42 23 0 23 18 0 0 0 22 0 0 0 0 0 0 0 52 0 0 10 0 0 0 0 3
 49 72 0 54 0 0 14 67 0 35 90 38 43 0 0 40 24 71 47 17 72 41 0 0 0 0 52 45 10 52 0 78 0 24 0 1 6 0 14 7 34 26 22 43 0 12 0 60 20 65 41 78 0 74 0 0 5 0 3 23 0 60 63 48 14 28 0 27 0 4 64 53 0 0 16 44 52 0 0 45 78 59 0 0 76 65 65 0 26 88 68 47 68 33 0 0 16 0 18 26 13 4 0 25 0 37 8 0 10 3 0 1 61 60 13 0 71 0 7 23 9 84 0 55 0 0 72 24 0 38 0 16 0 59 0 71 0 38 29 87 2 12 86 0 0 82 0 0 3 32 26 39 13 35 32 0 5 38 78 0 5 69 34 63 0 72 7 11 0 12 0 66 0 11 0 50 24 0 49 66 49 47 1 60 0 47 36 30 32 0 15 0 52 30 0 66 65 66 65 0
 22 0 0 74 17 0 0 0 0 0 18 0 0 0 0 64 0 13 0 23 0 20 0 0 0 0 23 16 0 26 0 0 0 0 0 10 0 0 0 57 0 0 86 0 0 65 0 0 0 1 76 0 22 0 47 0 30 0 91 0 0 13 0 13 77 7 0 69 60 74 43 0 0 0 0 0 0 40 0 91 25 0 0 0 0 0 0 50 21 17 0 0 70 41 65 24 55 0 0 0 40 81 0 29 0 74 0 21 0 0 0 0 84 90 15 0 34 0 70 0 60 0 59 23 0 0 0 0 0 46 0 9 0 69 0 0 54 0 0 0 0 0 0 0 0 56 27 5 0 3 12 0 0 9 0 64 10 5 61 0 24 0 26 0 74 69 0 65 0 59 0 67 0 72 45 5 0 9 71 0 5 0 69 0 0 9 0 0 0 0 0 0 0 0 0 61 0 55 0 0
 73 0 0 43 59 0 0 0 0 0 0 13 54 0 0 37 0 0 10 0 0 31 2 13 2 15 0 0 0 25 0 0 0 0 0 67 0 0 0 93 0 16 73 2 12 0 0 19 0 21 0 0 0 0 1 0 48 1 45 38 0 0 0 0 52 0 0 0 25 0 9 0 0 49 14 12 0 62 0 74 0 0 21 0 0 0 0 49 0 0 15 0 27 0 0 3 44 0 0 0 5 0 0 0 0 0 0 61 0 0 27 0 0 0 0 0 28 0 5 49 0 0 7 0 0 0 0 0 37 15 0 0 0 8 7 0 0 18 0 0 0 1 0 0 0 10 5 0 0 0 3 0 26 33 48 13 0 0 66 0 0 0 0 47 14 0 8 36 0 0 0 18 0 0 0 43 6 0 0 0 15 0 0 8 0 0 0 0 0 0 0 48 0 6 0 0 7 66 0 0
 37 3 1 0 67 48 0 0 0 0 0 23 33 15 0 72 8 61 13 68 0 16 17 54 0 20 0 0 0 46 4 0 0 0 0 0 0 0 0 60 0 0 59 67 0 0 8 0 0 0 0 0 0 2 58 0 0 0 62 0 0 0 1 0 0 14 0 43 29 0 58 66 0 4 0 0 0 45 0 16 0 0 0 29 0 0 0 0 0 0 30 0 31 0 0 0 0 1 1 36 58 0 0 0 0 12 0 58 0 0 0 0 0 74 0 0 11 0 0 47 37 5 12 0 20 0 21 8 3 0 0 7 30 0 0 14 0 0 0 3 0 0 0 0 10 53 0 0 0 0 0 0 11 0 82 7 0 6 57 0 0 0 63 32 1 58 33 67 0 0 27 0 0 0 65 43 0 0 67 0 0 0 0 0 0 27 0 0 32 30 16 46 0 27 0 0 0 54 0 0
 60 0 0 0 27 3 88 24 0 53 0 0 0 42 0 21 85 62 57 53 0 5 19 69 9 0 26 7 28 20 0 0 0 0 0 72 0 0 90 0 0 52 76 76 0 55 0 56 22 33 98 9 0 26 0 32 9 21 0 87 0 0 51 0 0 1 17 22 37 24 34 18 41 47 8 32 35 19 0 10 7 21 0 0 0 37 44 76 36 0 75 56 56 6 32 0 31 15 0 94 26 14 73 68 81 73 58 65 0 32 0 19 59 43 42 0 92 4 23 60 0 55 5 83 50 88 38 46 67 84 0 57 0 77 0 19 28 29 0 34 16 6 3 0 0 0 66 0 26 74 46 54 0 78 60 0 68 7 50 0 0 10 21 65 42 42 56 55 0 63 51 87 22 75 34 65 0 0 40 0 13 37 79 50 0 66 14 0 0 63 5 89 12 51 0 54 66 46 0 0
 24 0 26 62 0 13 0 68 2 0 50 46 40 0 0 1 9 9 71 25 0 26 0 61 0 0 22 26 56 65 0 16 0 17 0 0 0 0 0 0 0 11 39 0 0 38 66 0 12 0 60 10 23 0 30 7 48 23 20 0 0 35 0 78 69 41 22 59 27 0 2 13 47 79 0 0 29 62 0 11 13 0 0 0 85 32 0 49 57 82 3 59 72 54 15 0 9 25 10 73 18 4 8 24 0 76 0 0 0 0 0 0 29 21 7 0 23 59 39 54 51 0 19 0 0 0 0 13 56 73 0 2 0 16 0 11 32 0 0 0 0 69 90 0 0 62 0 14 69 0 16 0 1 0 6 21 25 0 60 0 19 30 0 51 11 63 54 35 0 74 42 25 0 61 53 33 0 0 0 0 0 5 75 23 0 17 24 0 19 0 29 62 0 27 0 34 17 92 59 0
 67 57 24 0 62 65 32 60 0 25 32 0 47 15 8 22 59 33 21 18 16 0 20 32 0 0 0 58 78 42 0 61 0 0 0 0 0 35 2 22 30 62 29 27 4 0 47 54 14 6 0 16 51 41 15 34 46 0 13 4 10 67 58 54 41 0 68 71 76 51 7 0 53 0 18 55 0 71 0 0 0 86 50 0 58 30 48 9 43 16 45 2 40 43 0 0 93 67 28 0 11 0 56 0 48 0 61 25 0 83 6 0 11 51 38 0 64 66 49 55 46 77 8 2 32 1 30 79 59 71 0 92 0 45 0 37 22 81 0 16 0 71 26 0 0 68 31 0 60 50 42 53 10 5 54 6 37 0 56 4 5 10 57 24 78 0 31 0 35 11 16 56 25 89 60 26 0 0 30 28 65 3 18 88 44 10 0 54 0 39 34 0 0 8 23 31 0 0 35 9
 19 0 0 0 8 0 0 0 6 11 6 67 38 0 29 85 30 19 52 0 0 52 0 47 0 0 29 0 57 0 0 0 0 0 0 53 7 0 0 0 0 16 18 42 0 95 0 0 1 22 37 0 74 0 46 33 63 0 0 0 0 29 11 66 18 71 2 59 90 51 38 23 6 6 11 0 30 35 0 75 81 0 0 0 20 0 0 5 17 72 25 0 51 0 27 0 0 14 0 25 54 50 0 11 0 1 0 36 0 0 0 0 10 61 0 0 69 79 42 13 0 4 38 13 0 0 20 17 22 7 0 22 0 45 0 56 0 77 0 0 0 0 28 0 0 79 0 0 66 0 10 0 0 2 0 37 0 0 19 22 0 2 0 41 0 2 34 79 0 3 0 53 0 29 60 9 27 0 0 0 0 0 0 56 0 0 0 0 0 81 0 71 0 0 0 46 0 75 0 0
 9 15 0 59 12 53 0 31 0 0 44 18 19 0 0 52 57 61 24 58 0 55 0 37 0 0 10 0 0 0 0 6 0 0 8 15 0 5 60 75 0 0 0 54 0 2 7 0 0 4 12 7 38 0 0 0 11 79 9 0 0 5 18 90 41 0 24 14 0 63 33 81 13 79 0 38 0 39 0 13 7 0 15 0 56 0 0 64 54 58 0 56 0 67 19 0 43 36 0 65 66 0 0 3 0 76 0 14 0 0 0 13 48 4 0 0 36 0 21 21 24 33 17 17 0 0 9 0 0 27 0 0 6 74 0 45 45 13 0 0 0 0 0 0 3 54 0 0 0 0 33 0 0 40 32 37 12 10 58 0 49 39 17 7 55 0 47 9 0 0 0 12 0 52 54 31 0 0 68 9 6 0 45 0 10 75 30 13 0 68 6 48 6 0 21 0 0 16 52 0
 15 30 0 42 17 0 19 33 86 0 74 33 56 40 0 0 17 62 28 80 11 73 0 65 17 0 45 16 41 0 29 67 0 12 2 18 65 0 32 32 0 0 54 0 0 33 0 37 8 63 31 10 29 3 22 33 56 67 8 1 0 0 33 43 8 76 0 32 8 11 36 75 60 61 44 0 0 10 5 5 61 2 32 0 11 30 0 23 20 0 19 0 62 0 5 68 71 42 16 7 54 70 0 72 35 0 35 71 0 64 0 4 0 10 61 0 12 6 68 42 24 0 38 38 0 0 8 13 63 26 50 0 29 45 23 64 8 45 43 12 80 48 68 0 62 63 57 60 43 0 26 6 8 27 2 15 69 40 8 0 0 33 0 0 0 0 23 16 26 25 74 28 52 46 74 16 0 17 45 0 0 0 55 9 45 0 32 7 0 62 42 52 0 35 66 0 22 0 0 1
 69 53 0 8 8 92 38 24 9 34 18 37 0 19 10 50 66 80 7 86 57 15 0 23 15 0 32 3 72 21 0 37 0 0 6 58 0 56 0 0 18 37 23 0 0 2 16 72 60 18 70 40 22 0 33 93 53 0 48 0 0 60 0 57 6 27 58 51 0 13 0 4 78 74 66 82 46 0 34 55 52 39 43 0 20 26 22 74 16 0 68 0 54 28 0 27 37 88 52 0 5 32 84 0 5 14 1 66 91 3 0 0 0 31 27 28 1 39 48 18 46 56 89 54 80 39 81 39 23 13 52 41 18 0 38 34 30 0 48 41 58 76 0 0 0 23 15 0 0 91 4 71 0 65 0 0 66 37 38 0 0 35 28 44 85 8 46 0 41 66 64 29 40 46 37 0 0 8 40 76 55 58 25 68 38 68 47 6 76 0 47 0 5 19 58 0 35 51 57 0
 52 0 0 28 49 64 0 0 20 0 23 0 0 0 0 45 0 25 0 24 0 79 0 8 0 35 0 7 0 7 19 0 0 0 0 54 0 0 0 10 21 0 0 4 0 0 0 27 0 0 0 23 11 0 45 0 0 0 0 0 0 0 0 0 30 52 10 48 81 29 0 15 0 56 0 0 0 0 0 32 0 0 0 0 5 0 0 33 0 0 0 4 0 0 0 0 8 0 0 63 25 0 0 0 0 0 23 36 0 0 0 17 0 44 0 0 0 0 0 0 0 0 61 0 0 0 0 0 14 0 8 0 3 13 0 0 0 0 24 0 0 0 0 0 0 0 0 0 24 0 21 0 0 52 13 0 0 16 40 0 0 0 71 27 16 12 53 0 7 0 0 0 0 0 0 7 0 0 53 0 0 0 0 0 0 2 19 0 0 0 0 18 0 0 0 0 5 49 0 0
 19 0 0 0 11 87 0 11 0 0 1 0 14 19 0 48 18 9 49 28 0 0 0 0 27 0 58 1 52 31 0 29 0 0 0 0 0 0 0 0 59 0 38 56 0 0 0 20 35 29 3 0 31 41 3 37 23 25 6 67 0 34 53 46 68 27 19 72 40 0 36 40 63 0 0 14 39 51 0 0 73 26 0 1 67 24 4 9 86 14 0 7 2 18 27 18 70 35 29 0 58 53 94 39 6 89 32 48 0 76 0 74 8 73 0 0 10 27 25 62 12 17 74 75 0 2 14 52 67 0 0 15 0 0 8 0 0 6 0 92 0 76 18 0 0 22 0 0 63 23 34 0 0 65 46 30 41 0 20 0 58 70 25 10 35 59 26 85 13 70 36 0 0 8 0 0 0 0 57 0 0 42 53 0 51 53 70 0 0 84 64 1 15 0 0 30 0 39 0 0
 69 0 13 44 0 15 0 0 0 0 26 45 0 0 0 14 0 80 11 0 0 78 0 0 8 0 50 41 3 37 0 10 0 0 0 36 0 0 0 35 9 82 0 65 0 0 62 0 89 44 32 0 66 0 0 44 62 32 31 70 0 15 5 12 65 35 43 76 0 0 15 36 48 39 0 28 15 44 0 34 66 0 0 0 0 0 0 58 0 69 0 8 7 31 41 0 7 62 0 12 3 63 41 66 37 67 0 40 34 0 0 64 62 73 0 15 78 24 56 0 75 0 0 27 0 0 2 0 14 0 0 7 0 71 18 0 12 52 2 0 3 49 11 0 5 80 22 0 4 0 61 0 27 47 40 0 13 0 26 0 75 0 0 10 33 33 28 65 0 39 0 36 8 58 0 14 6 28 0 0 0 0 36 69 52 45 28 0 0 74 0 52 29 0 0 0 52 0 7 0
 57 0 0 33 55 41 0 0 0 13 32 59 0 16 0 58 41 5 0 17 0 65 22 59 0 0 53 0 0 46 0 49 0 0 0 50 7 0 16 40 23 0 65 8 10 0 0 0 0 0 5 0 0 0 69 0 16 0 59 0 0 22 0 55 1 78 21 27 0 34 65 88 0 56 0 0 66 51 12 45 0 0 0 0 0 0 0 31 37 88 0 0 52 0 0 0 22 17 0 46 29 60 9 12 11 46 7 34 0 19 0 0 28 0 8 0 38 15 56 41 34 0 19 81 7 0 8 0 38 17 0 16 0 0 0 2 74 72 0 0 0 0 18 0 5 0 0 0 0 16 61 2 0 0 68 3 49 0 21 0 0 0 18 19 33 71 82 52 0 0 21 10 0 6 56 9 24 0 62 0 0 0 93 0 0 18 0 0 22 48 0 35 0 0 26 25 0 20 0 0
 43 0 0 0 0 25 8 0 0 0 37 0 0 0 0 40 41 9 45 0 0 66 0 73 0 0 0 58 0 3 15 48 0 0 0 61 0 0 70 0 40 44 84 38 0 85 0 35 0 0 68 28 53 0 69 39 5 27 21 17 6 64 0 20 35 85 0 54 14 0 41 83 47 28 0 53 69 61 22 71 72 0 9 0 38 0 0 8 47 28 0 41 6 77 56 70 61 45 31 49 18 0 54 48 59 7 10 46 0 1 0 15 59 0 0 0 20 21 20 35 0 0 0 0 0 0 0 15 75 38 0 57 0 28 0 0 51 79 0 88 0 69 52 9 0 33 0 56 0 0 11 0 0 20 37 29 16 0 5 0 18 41 5 0 3 51 97 18 0 0 2 60 0 63 36 25 0 0 46 0 0 5 64 18 61 0 48 30 0 0 0 32 0 0 0 0 7 0 39 0
 0 4 0 6 85 29 13 0 0 21 74 0 82 0 0 16 0 33 18 0 0 40 0 70 17 3 33 19 15 12 0 0 0 0 0 12 0 14 55 39 0 29 74 14 0 23 0 0 0 0 12 0 0 10 45 0 45 12 13 0 0 31 0 0 0 32 0 19 38 70 8 2 0 0 0 0 44 31 0 17 61 0 0 0 0 0 18 0 47 76 0 0 0 41 52 0 50 0 0 5 9 4 0 57 0 20 0 0 0 0 2 0 63 5 0 0 53 62 36 0 0 0 6 25 9 0 23 0 0 27 0 0 0 47 0 0 0 34 0 0 0 0 0 0 0 0 0 0 0 0 0 0 0 0 27 0 1 0 70 0 0 0 21 57 0 33 10 34 0 52 0 0 0 0 70 3 0 0 12 0 20 0 0 0 15 34 0 0 0 71 0 0 0 0 0 40 0 49 0 1
 36 0 0 39 81 0 0 52 0 0 16 0 42 12 23 0 0 59 72 34 6 0 0 6 0 0 70 72 29 0 0 37 0 0 0 23 0 0 19 56 49 12 49 41 0 21 84 3 0 0 0 93 65 0 2 12 21 41 44 53 0 28 60 70 5 25 0 0 56 70 59 0 24 61 0 15 62 81 0 29 0 55 13 0 21 20 74 5 36 28 0 26 0 0 24 40 50 20 0 0 0 56 24 58 25 35 0 52 0 0 0 23 9 0 0 0 76 4 0 42 0 0 33 23 0 0 20 33 50 77 0 28 10 4 0 74 36 25 0 0 0 47 15 0 0 29 19 50 0 87 44 0 0 18 0 89 81 0 62 0 24 3 0 33 86 58 35 58 0 81 3 0 15 12 13 0 32 0 33 7 0 0 70 41 9 67 10 50 0 27 0 65 18 0 0 46 77 28 35 15
 34 55 0 86 43 51 12 50 0 29 40 22 60 52 0 29 47 84 14 7 5 45 0 25 0 0 34 89 28 21 0 0 0 0 0 0 3 0 90 25 6 0 26 5 0 0 62 84 79 0 8 0 19 82 18 74 17 39 56 72 0 80 54 36 0 11 64 27 0 55 34 8 64 34 45 31 54 63 0 0 25 10 0 0 13 22 47 75 47 59 43 61 12 18 59 30 4 13 0 51 58 80 42 15 70 1 57 0 0 25 0 50 15 16 96 2 35 42 17 68 34 9 76 45 9 78 61 0 40 16 0 31 0 11 0 29 0 0 19 0 0 45 18 0 7 38 16 0 71 11 11 8 0 59 46 26 62 39 39 0 3 89 10 0 11 51 0 26 17 40 43 7 7 38 64 59 0 0 30 50 9 59 9 0 9 0 0 8 46 51 22 0 15 44 0 56 77 62 0 29
 0 0 0 0 0 0 0 8 0 32 0 8 1 0 0 0 0 0 26 0 0 0 0 0 0 23 0 0 0 11 0 0 31 0 0 0 0 19 0 0 0 0 0 0 0 0 0 0 0 0 0 8 0 0 0 0 0 0 0 0 0 0 0 0 0 0 0 2 0 7 0 0 0 11 0 0 0 0 0 0 0 0 0 11 0 0 0 0 0 0 0 9 0 0 0 0 0 4 0 5 0 0 0 0 0 11 0 2 0 0 0 0 0 0 29 0 0 0 0 0 0 0 0 0 0 0 0 20 0 7 0 25 0 0 0 0 0 5 0 12 0 0 0 0 0 0 0 0 20 0 18 0 0 0 0 0 24 0 0 0 0 22 0 2 0 0 0 0 0 0 1 18 0 0 0 2 0 0 0 0 35 0 0 0 0 12 0 0 0 0 0 0 14 24 0 0 0 0 0 0
 0 0 0 38 17 0 0 2 0 0 0 6 0 0 16 0 0 0 0 0 3 0 0 0 0 0 0 13 0 0 0 0 0 0 0 33 0 0 0 0 0 0 0 0 0 0 0 0 9 0 27 0 0 0 65 10 0 0 0 0 0 0 0 0 42 0 0 22 0 0 0 0 0 6 0 0 0 14 0 17 0 12 0 0 0 25 0 0 0 0 0 0 0 0 0 0 0 0 6 3 0 0 22 18 0 0 0 14 0 0 0 16 0 0 0 9 0 0 0 0 0 0 42 15 0 0 0 0 0 0 0 0 0 0 0 12 0 0 0 0 0 6 0 0 1 0 0 0 0 0 0 11 0 41 0 0 0 0 35 0 1 0 0 39 0 2 18 0 0 0 0 0 0 0 0 43 0 0 84 0 0 0 0 0 25 0 0 10 0 6 0 18 0 0 0 7 0 0 0 0
 87 0 0 71 0 62 0 0 4 0 0 0 0 0 0 3 0 11 4 4 0 34 0 45 0 0 19 0 0 45 0 24 0 0 0 0 0 0 0 61 0 1 60 10 0 0 0 0 0 0 14 24 26 0 59 0 10 0 7 0 0 0 0 0 4 21 0 18 0 0 25 22 0 75 0 17 0 52 12 83 0 0 0 0 0 0 0 0 0 0 0 0 0 0 28 0 80 0 0 36 29 0 0 0 0 68 0 0 0 0 0 0 0 54 0 0 0 0 42 60 19 0 65 20 0 0 0 0 14 49 22 0 4 93 7 0 0 0 25 0 0 0 0 0 3 30 0 37 0 0 11 0 0 40 90 0 28 0 43 0 0 0 59 0 76 53 38 51 4 19 0 0 0 5 61 17 0 0 49 0 0 12 0 0 0 65 0 0 0 13 0 6 13 0 31 0 0 4 0 23
 0 0 0 0 13 75 0 35 0 0 0 39 8 8 0 61 0 4 0 78 0 23 0 77 1 0 0 8 0 31 0 0 0 0 0 5 4 0 0 67 26 35 1 36 3 29 13 11 0 0 0 0 0 0 24 20 33 0 13 0 0 0 0 22 72 3 0 55 74 0 34 32 0 25 0 0 0 8 7 0 0 0 0 16 0 0 0 41 3 10 0 0 0 0 0 0 89 0 0 0 21 0 18 0 2 0 0 0 0 36 0 0 0 0 0 0 0 0 4 15 0 0 0 10 0 2 0 0 0 9 0 0 0 55 0 0 1 23 0 0 0 2 0 0 0 13 0 0 0 0 0 0 0 0 8 0 0 24 38 0 0 0 20 61 0 36 0 56 0 29 28 0 0 0 6 23 10 0 0 0 0 0 0 16 0 68 0 0 0 0 0 23 0 6 0 15 14 0 13 1
 0 0 0 84 80 0 0 48 0 0 38 74 79 0 0 70 9 30 25 91 0 20 0 0 0 0 16 51 28 76 0 0 3 0 0 12 0 0 40 70 0 17 19 0 0 20 0 40 35 0 76 0 0 20 88 54 0 42 33 93 0 51 41 56 50 86 73 0 13 52 0 56 0 15 0 67 31 97 0 53 6 28 0 0 0 75 21 10 20 8 0 80 68 0 24 23 8 31 36 51 39 66 50 57 60 72 67 78 29 0 0 0 0 56 0 0 12 40 38 12 33 0 65 29 0 37 61 0 55 54 10 91 14 84 0 0 8 0 0 92 3 46 0 0 0 0 1 5 67 3 35 36 0 32 58 45 0 0 0 8 80 43 0 14 0 0 35 75 6 27 37 75 18 56 63 66 0 0 0 0 11 31 41 70 8 57 0 4 0 24 0 41 0 0 0 0 50 31 25 0
 38 4 0 36 0 15 0 0 8 0 0 0 0 24 0 0 0 42 0 0 0 0 0 0 0 0 0 0 0 0 0 0 0 0 0 11 0 0 0 0 0 0 0 0 0 24 0 0 0 0 0 15 0 8 0 0 71 16 0 0 0 13 0 0 0 0 0 0 0 0 0 0 0 0 1 0 0 0 0 0 0 0 0 0 0 0 0 23 0 0 0 0 0 0 0 0 0 14 0 67 7 0 0 0 0 0 0 26 0 0 0 0 0 0 0 20 0 0 0 18 0 0 16 0 0 0 0 13 0 72 2 0 0 5 0 0 0 0 0 0 0 0 0 0 0 0 0 0 0 0 0 0 0 46 0 0 0 13 0 0 0 0 0 0 0 0 15 5 0 30 0 0 0 0 0 0 0 0 53 0 0 0 0 0 0 0 0 0 25 2 0 97 0 0 0 0 0 0 0 0
 44 0 0 11 6 0 16 64 46 51 63 0 28 4 13 0 50 73 26 34 68 1 5 61 93 0 70 55 15 50 12 80 0 0 29 72 0 55 0 13 52 28 53 49 0 47 0 74 50 87 70 33 70 51 85 16 5 43 75 53 0 95 0 40 50 26 53 35 32 67 21 21 46 47 55 0 33 61 19 19 33 85 68 11 38 0 67 0 52 15 65 27 0 13 89 63 0 5 0 49 32 43 12 32 0 42 68 23 41 2 0 3 51 45 0 8 70 51 0 38 57 41 23 37 29 9 85 9 5 45 25 61 0 0 19 14 24 0 32 80 0 0 61 4 16 86 44 50 43 10 62 88 16 12 60 5 36 0 36 0 0 0 81 50 0 0 0 0 4 0 11 27 73 68 0 62 0 38 74 0 60 17 52 0 12 0 27 30 15 0 26 0 67 61 0 25 9 0 0 6
 0 4 0 63 60 15 0 74 25 0 40 26 26 6 16 0 51 73 0 28 0 10 0 88 0 0 73 0 0 57 0 19 0 0 0 4 0 0 49 76 0 67 51 63 0 18 0 0 88 61 0 22 49 0 20 0 74 9 62 0 0 0 0 85 0 0 57 76 17 10 14 0 19 1 0 0 61 50 0 47 22 0 0 0 60 0 1 0 0 0 0 36 32 40 0 0 9 4 0 61 94 26 0 33 0 36 0 54 0 0 0 0 62 0 0 0 14 56 60 93 1 17 62 65 0 0 70 0 0 0 27 0 0 67 0 0 85 8 32 0 0 59 0 32 6 33 0 0 37 0 57 0 0 10 0 72 19 0 86 3 0 74 4 32 9 26 0 70 0 9 0 60 0 53 0 15 0 0 45 0 0 0 0 25 62 98 27 16 0 55 0 25 1 0 0 26 10 23 0 0
 46 0 0 76 31 35 0 19 0 0 34 41 4 0 0 9 51 61 7 78 0 36 0 36 16 0 51 0 42 0 0 8 0 0 0 11 0 23 5 77 0 0 7 47 0 0 66 5 0 0 0 0 52 0 43 43 0 0 12 14 0 83 0 0 0 53 0 73 10 23 0 21 0 0 0 0 24 16 16 43 5 0 0 1 12 0 0 56 54 0 0 1 64 89 0 0 54 0 0 43 0 0 0 36 0 0 0 28 12 0 0 0 6 20 0 0 0 22 0 82 33 0 35 38 19 0 0 0 23 0 5 0 32 56 0 40 2 49 0 0 0 0 0 0 0 75 0 29 3 0 50 0 0 0 66 38 9 0 57 13 0 0 44 0 11 60 13 27 20 30 0 4 0 40 65 84 0 0 89 0 1 0 0 3 0 74 0 0 24 83 0 78 0 0 0 14 0 11 29 0
 0 0 26 12 1 60 0 0 0 0 0 0 0 0 0 0 0 0 0 0 0 12 11 20 0 0 0 20 0 0 9 0 0 0 0 33 0 0 0 0 0 0 5 0 0 5 0 0 4 0 0 0 0 0 10 0 28 0 0 0 16 7 0 1 0 0 0 0 9 0 0 0 22 0 0 0 0 0 0 0 0 0 0 0 28 0 0 3 0 0 0 0 0 0 0 0 0 0 0 63 55 12 0 0 0 56 0 31 14 0 7 0 0 0 0 0 0 0 0 0 0 0 26 0 0 0 0 20 0 33 0 0 0 0 0 0 17 0 0 3 0 15 0 2 0 0 0 16 0 0 0 16 0 5 6 0 0 12 30 0 0 0 0 0 0 0 0 0 0 0 0 0 0 8 0 0 1 0 53 0 0 0 0 0 0 0 0 0 0 0 0 0 0 0 0 18 0 0 0 0
 6 0 0 0 15 11 0 36 0 15 0 0 1 0 0 0 0 46 0 0 9 0 0 13 0 0 21 21 23 7 0 0 0 0 6 57 21 0 0 35 0 0 0 0 0 0 0 0 0 0 0 0 0 0 0 31 7 0 0 0 0 0 0 0 0 0 0 0 0 0 0 0 0 49 0 0 0 0 0 12 0 0 0 0 0 0 0 0 0 0 0 0 0 0 0 0 0 0 4 42 34 0 27 0 0 11 0 50 0 0 0 0 0 0 25 10 13 0 41 59 0 0 0 0 0 0 0 0 0 42 0 0 0 0 0 3 0 0 0 0 0 0 0 10 0 0 0 0 0 18 0 0 9 0 0 26 0 0 36 0 0 20 13 0 0 9 0 0 0 0 0 0 0 0 0 19 0 0 40 0 0 0 7 0 0 0 3 0 0 0 4 20 0 0 0 0 0 0 14 0
 58 0 11 82 0 47 0 18 0 0 0 0 0 0 0 22 0 0 8 47 0 0 0 17 0 0 0 0 0 42 0 12 0 0 0 61 0 0 0 35 0 0 14 38 0 16 0 0 10 0 0 0 0 0 63 0 0 2 2 0 0 0 0 3 0 0 0 31 20 0 60 55 0 21 0 0 0 7 13 60 0 0 0 0 1 0 0 57 0 0 0 2 76 19 4 0 49 0 0 33 47 0 0 3 0 39 0 12 0 0 0 0 0 22 12 0 0 0 57 0 0 0 52 16 2 0 0 0 57 63 0 0 0 33 3 0 0 0 0 0 0 0 0 13 0 0 0 0 0 0 22 0 0 86 47 0 25 3 42 32 0 0 32 42 0 22 61 57 0 0 0 23 9 0 69 66 0 5 55 0 8 13 0 2 0 79 6 0 0 0 0 0 34 0 0 0 0 58 0 10
 32 0 0 76 30 56 7 0 0 0 0 5 0 22 0 0 0 37 0 0 5 0 21 0 0 0 0 25 0 0 0 0 0 0 0 0 0 0 0 78 0 0 14 5 0 9 12 0 0 0 0 27 0 0 28 0 0 0 0 0 0 0 0 0 0 34 0 25 0 5 0 0 1 10 0 0 0 0 0 4 0 0 0 0 5 0 0 0 26 0 3 0 9 0 8 9 61 0 0 0 38 0 24 13 0 65 10 35 0 9 0 0 25 0 11 0 0 0 12 23 0 0 57 16 0 0 0 0 0 64 0 0 0 0 0 0 2 0 0 0 25 0 16 25 0 0 0 0 0 0 0 0 0 3 0 0 0 11 5 11 0 0 47 0 0 0 25 0 0 0 25 21 0 0 0 9 7 0 14 11 0 0 0 0 0 0 0 0 0 22 0 37 5 0 0 0 0 40 0 0
 61 0 0 64 25 36 0 0 0 0 12 0 0 0 26 0 0 4 2 0 0 0 0 0 35 0 0 0 18 0 0 0 0 0 23 10 0 0 0 0 0 0 0 11 19 0 8 0 4 0 0 13 0 0 0 0 0 0 0 29 0 1 0 0 84 0 0 0 0 0 0 0 9 0 0 0 0 0 0 0 0 14 0 10 0 0 0 0 0 0 0 19 11 5 0 0 0 3 6 36 50 0 0 0 0 6 0 45 0 0 0 0 0 0 0 0 0 0 12 0 0 0 41 0 0 9 0 0 0 7 0 0 0 0 0 13 0 0 0 0 0 0 0 0 0 0 0 0 0 0 0 0 12 12 0 0 25 0 0 16 12 0 29 16 0 0 0 0 0 0 0 0 0 0 23 0 0 0 0 0 0 0 0 10 14 0 0 4 0 16 0 55 3 0 0 0 17 0 0 0
 50 0 10 28 76 22 0 3 0 0 0 68 0 0 0 32 4 50 0 42 0 0 0 18 0 0 0 0 0 32 0 0 2 0 16 0 16 0 0 0 0 22 38 39 0 11 0 0 0 0 0 12 0 0 0 0 26 0 43 0 0 0 0 0 0 16 0 86 0 0 16 0 0 85 0 0 0 0 0 73 14 0 0 0 0 0 0 0 0 0 0 0 0 0 0 0 36 12 0 28 23 0 0 0 0 40 0 20 0 0 0 0 0 57 0 0 0 0 42 47 14 0 2 0 0 11 0 0 17 0 0 0 0 0 0 0 0 0 0 0 4 0 0 0 8 22 0 0 0 0 0 0 0 74 36 0 0 0 0 1 0 0 17 5 0 74 25 0 9 0 0 0 0 0 0 10 0 0 10 0 0 4 0 0 0 48 5 27 0 0 0 83 2 0 26 0 0 57 0 0
 11 22 0 0 6 13 0 0 0 0 14 0 12 0 0 36 63 31 0 7 20 62 0 90 0 0 33 41 0 29 0 0 0 0 0 86 0 0 79 36 29 26 49 68 0 7 41 44 65 0 66 12 0 0 0 81 51 0 58 9 0 83 71 9 42 77 11 11 0 58 5 8 8 0 0 66 53 0 0 39 9 0 0 0 0 0 0 34 2 41 18 34 14 15 0 29 10 0 41 71 15 60 0 13 51 39 0 0 0 9 0 18 83 0 0 5 76 30 54 55 0 6 53 59 0 80 18 0 0 69 0 0 0 0 21 92 28 50 16 34 0 7 45 0 0 0 0 69 17 1 42 3 0 86 37 0 58 0 63 0 76 0 64 31 51 93 18 0 0 7 2 82 0 26 7 41 0 0 79 0 0 26 50 0 11 34 64 32 26 7 0 54 0 0 0 0 50 9 20 0
 32 0 0 54 8 75 0 0 0 0 0 64 0 0 0 38 0 30 0 0 0 79 0 66 0 0 55 0 0 67 0 0 11 0 0 36 0 0 0 0 31 0 0 22 0 39 0 0 0 0 15 0 0 0 37 0 64 0 0 25 0 0 0 3 0 6 0 0 0 0 25 15 7 33 0 0 0 60 0 51 17 0 0 0 0 0 0 23 52 0 0 0 41 0 17 0 38 0 23 0 12 0 0 0 0 0 0 2 0 10 0 0 0 17 0 0 0 0 6 47 38 0 70 0 0 0 0 0 89 0 0 0 0 27 0 0 19 0 0 0 0 0 9 0 0 59 0 0 0 3 0 0 0 5 34 0 0 0 0 26 0 0 11 60 4 58 49 17 0 0 0 0 0 0 62 50 0 23 24 0 11 0 0 2 0 4 0 0 0 13 0 46 0 0 0 0 0 64 0 0
 10 0 0 52 65 5 17 0 0 0 63 35 24 0 24 0 0 86 0 56 0 45 0 55 0 0 28 13 72 73 0 77 0 9 0 74 0 0 29 57 0 0 30 4 21 59 0 0 13 47 8 0 61 0 32 15 32 1 22 0 0 37 0 0 80 59 0 0 77 0 56 48 0 65 21 0 23 83 0 95 1 0 0 0 40 0 0 67 59 46 0 0 0 0 40 0 5 70 0 66 89 35 0 30 0 61 0 38 0 0 0 0 68 23 0 0 66 0 90 33 27 10 0 65 0 0 32 9 62 0 0 0 26 41 9 39 42 0 0 0 0 69 37 0 0 72 0 5 0 0 70 0 0 0 1 19 0 0 55 0 6 6 11 40 6 0 27 13 0 0 0 40 0 8 24 0 0 0 69 0 0 0 71 71 0 8 0 0 0 72 20 63 0 0 0 74 0 42 0 0
 48 0 0 79 45 68 30 0 0 18 0 3 0 27 2 38 0 14 76 53 20 3 0 6 0 0 69 0 0 52 0 11 0 0 0 73 0 0 0 50 0 0 27 67 0 85 3 0 0 0 0 0 47 0 52 0 64 0 14 0 17 0 0 1 76 45 0 37 96 0 0 10 0 88 0 2 0 55 0 16 0 0 0 0 0 3 0 15 36 16 0 0 0 0 40 0 30 0 8 88 0 31 0 0 18 0 8 51 21 0 0 0 1 0 0 0 0 0 0 68 46 0 12 0 25 0 0 0 37 0 0 0 0 19 0 0 0 73 0 0 0 0 0 0 0 94 1 0 0 0 22 2 0 0 20 58 21 0 14 0 0 0 39 6 0 0 89 65 0 57 0 0 0 0 5 1 0 0 49 0 0 0 0 0 0 0 0 0 0 77 0 14 0 0 0 0 7 59 0 0
 4 0 0 28 54 0 0 60 0 5 20 76 31 1 24 79 31 30 10 50 51 1 0 0 5 0 0 8 49 76 0 0 0 0 0 0 0 0 0 2 0 37 23 44 0 19 32 0 47 24 59 34 10 7 59 0 0 16 13 75 0 1 0 70 23 79 30 45 45 17 38 0 32 39 60 11 54 0 0 12 61 8 11 0 37 64 87 0 38 49 0 18 90 2 63 38 29 0 68 49 67 20 26 6 19 59 16 10 35 43 0 58 0 46 54 0 61 31 15 38 59 34 7 0 10 51 78 12 14 0 0 29 1 48 36 69 40 75 0 84 0 48 37 0 0 45 70 0 53 28 57 0 0 39 46 37 44 0 4 0 61 88 66 45 0 57 13 29 18 10 32 56 0 64 44 0 0 0 33 42 12 3 93 0 82 41 58 0 45 18 6 45 50 64 0 38 43 25 74 0
 84 0 0 0 5 84 0 0 0 19 0 14 0 29 12 49 60 18 42 74 0 8 7 8 27 7 20 0 0 19 0 34 0 0 0 64 0 0 0 78 0 9 0 35 0 80 5 0 0 0 10 0 61 0 50 0 70 5 29 21 0 16 0 0 15 77 2 0 23 0 46 14 0 94 0 0 0 0 0 82 11 0 0 0 0 0 0 0 20 0 0 0 49 0 40 0 58 0 11 41 0 0 0 18 0 59 0 72 0 0 0 0 45 0 31 0 0 0 54 70 33 10 8 0 0 0 0 14 39 31 4 0 0 30 0 0 82 90 0 0 0 0 0 0 0 70 0 0 0 0 15 0 0 43 63 0 61 0 36 0 0 0 0 14 59 39 8 74 0 7 0 2 0 0 76 0 0 14 78 0 11 0 0 0 0 4 0 0 0 0 32 19 6 0 0 0 0 0 0 0
 11 0 0 0 51 8 0 0 0 0 0 0 78 0 0 35 0 23 0 60 0 20 0 0 0 0 0 16 33 46 0 0 35 0 5 0 0 0 0 79 0 0 0 25 0 0 10 31 0 0 0 0 0 0 0 0 33 0 12 0 0 0 0 4 0 0 0 9 0 30 81 0 0 87 0 0 0 0 0 0 0 0 0 0 4 0 0 55 12 0 0 0 9 0 0 0 0 0 30 97 31 0 0 0 9 0 16 4 0 0 9 0 0 48 9 0 0 7 27 0 0 0 9 0 2 0 0 0 0 32 0 0 18 41 11 0 13 0 0 0 0 0 0 0 0 39 23 6 0 0 0 0 0 5 34 0 0 0 67 33 0 0 27 54 0 81 0 45 0 0 0 0 0 0 0 50 0 0 41 0 4 0 0 0 0 0 0 0 25 0 0 66 0 0 0 0 0 14 0 0
 45 0 0 47 47 30 0 0 0 0 0 0 0 5 0 0 0 46 2 0 0 0 0 0 0 0 0 0 0 0 0 0 0 10 0 67 0 0 0 62 0 0 0 17 0 0 0 0 0 6 0 0 7 0 0 25 24 0 0 0 18 0 0 0 78 0 0 72 0 0 21 0 5 49 0 0 0 16 14 0 0 12 0 0 0 0 14 0 0 0 0 0 0 0 0 0 0 0 0 23 0 0 0 0 0 93 0 68 0 22 0 0 0 6 0 0 0 15 38 0 0 0 52 2 0 0 0 8 0 0 0 0 21 0 0 0 0 0 0 0 0 0 0 0 2 0 23 0 0 0 0 4 0 0 0 0 0 0 20 0 0 0 66 0 0 0 3 0 0 0 2 0 24 4 0 0 0 0 56 18 28 0 0 0 0 0 11 0 0 0 0 55 0 0 0 0 0 10 0 0
 54 0 0 0 39 47 47 40 26 64 0 0 74 0 26 75 14 20 14 30 80 32 50 20 0 0 5 18 64 10 85 75 1 29 23 11 49 5 22 14 56 0 0 0 7 0 40 32 26 55 29 70 41 51 0 73 36 22 83 47 40 22 70 19 61 24 12 60 14 70 0 44 4 64 0 0 20 40 3 40 88 24 34 49 0 27 54 24 21 46 0 60 7 0 9 66 17 0 61 0 29 43 36 27 0 59 62 27 61 89 55 21 60 54 69 30 35 0 88 62 3 46 30 58 81 14 18 8 74 30 0 0 0 0 0 60 0 38 64 54 28 0 71 73 58 33 16 0 0 37 61 0 39 60 83 49 0 56 16 57 61 32 0 38 12 0 50 8 52 49 73 67 77 27 91 61 0 1 54 62 0 16 6 13 14 0 17 0 50 0 5 47 64 47 59 14 69 0 52 34
 82 0 0 0 3 96 45 62 52 0 0 18 59 31 8 70 62 0 72 21 21 36 3 0 0 0 51 34 22 85 57 0 0 0 0 20 5 0 0 47 45 34 40 12 0 38 61 11 29 0 38 50 76 21 46 8 21 36 0 51 0 9 8 28 49 41 31 4 0 37 15 22 14 77 0 32 8 75 83 43 9 65 73 0 0 0 23 59 0 34 0 4 5 94 58 0 19 60 41 55 76 74 47 30 32 3 9 56 30 83 22 44 0 35 30 0 0 38 21 78 11 17 0 51 0 89 0 33 82 21 70 23 1 52 29 0 38 4 21 37 43 9 8 0 0 32 18 0 25 56 24 65 82 8 48 2 40 10 58 0 3 2 15 3 0 77 39 41 2 0 88 47 58 0 61 59 0 0 37 0 74 49 13 68 15 28 80 1 26 45 19 47 70 52 20 56 92 53 27 34
 0 0 0 0 41 0 0 0 0 0 0 0 0 0 0 0 15 0 0 1 0 0 0 0 12 7 0 15 0 0 28 0 12 0 0 0 11 0 14 0 0 0 0 0 0 0 0 0 23 0 13 0 0 0 0 0 7 0 0 0 0 0 27 0 4 0 0 0 0 0 0 0 0 9 12 0 0 0 0 0 0 0 28 0 0 0 0 0 0 0 0 0 0 0 0 0 0 0 0 27 48 0 26 0 3 0 0 9 0 15 0 0 0 4 0 11 0 0 0 0 19 0 0 0 0 0 0 11 14 53 1 16 0 0 0 0 7 0 0 5 0 2 0 0 0 0 0 19 0 0 0 0 0 51 0 0 9 6 0 0 0 0 0 0 0 0 8 0 0 0 0 0 0 0 0 0 0 0 0 0 0 0 0 0 13 0 0 0 0 0 0 67 0 0 0 0 3 4 0 32
 53 0 0 40 50 35 80 0 0 2 65 32 0 10 0 14 0 58 0 46 0 0 0 52 0 17 66 5 19 38 1 2 5 0 24 0 0 0 39 47 28 90 45 78 0 15 59 4 67 21 58 53 36 39 0 2 33 0 11 10 32 80 35 7 64 0 61 0 38 58 64 0 34 32 0 63 8 52 0 33 0 29 0 0 63 44 0 45 4 54 0 64 82 52 62 0 6 8 3 19 62 0 66 0 0 14 81 0 20 0 0 44 9 29 31 0 8 86 62 0 0 10 29 6 9 60 4 63 62 3 0 0 9 0 0 86 9 27 14 37 0 10 0 9 0 15 20 71 93 49 11 0 0 27 39 62 27 16 41 16 1 35 76 74 30 0 36 54 0 70 43 2 0 44 83 0 0 8 53 0 17 14 34 59 17 71 50 6 0 59 47 0 0 0 0 63 19 51 0 1
 18 61 0 37 83 44 50 50 0 20 0 39 35 0 0 22 22 32 32 0 64 26 23 17 21 0 5 0 0 0 0 25 0 0 0 37 0 0 0 29 12 44 70 44 0 72 0 80 10 46 46 55 55 8 79 8 58 40 0 11 0 28 0 1 0 17 22 0 0 0 0 4 47 32 53 0 18 62 0 48 0 79 0 0 15 59 24 31 80 15 42 0 0 42 46 19 0 21 0 85 26 54 0 0 48 61 0 48 64 0 0 8 16 60 0 4 0 68 50 59 0 21 62 4 29 55 25 90 58 2 0 18 0 49 0 0 0 8 0 53 0 5 0 15 0 5 60 41 6 60 0 26 0 0 60 10 21 0 67 0 21 0 8 80 0 24 20 26 45 0 10 46 0 0 0 0 3 0 62 0 0 29 11 31 69 31 0 10 53 52 12 78 83 52 0 54 87 0 34 0
 79 0 0 6 0 35 0 0 0 0 0 24 35 0 21 24 45 74 71 0 0 0 14 26 0 0 70 22 0 2 6 2 15 0 0 16 29 0 53 0 0 0 20 54 25 0 0 22 28 51 49 0 9 0 21 0 55 0 75 0 0 0 58 38 54 51 91 48 76 52 43 22 0 28 4 10 51 78 17 58 30 0 0 6 39 0 0 43 18 0 0 3 49 41 45 37 4 30 0 26 0 39 49 0 0 0 0 49 0 0 0 0 20 61 0 0 0 26 0 34 36 0 79 37 13 0 0 0 37 32 0 0 0 82 0 69 43 16 0 0 0 32 17 20 0 31 0 4 5 0 51 17 0 16 71 0 19 0 41 0 52 33 28 48 0 62 77 0 0 46 26 2 0 15 1 11 0 0 22 0 0 0 75 28 62 63 0 37 0 29 0 17 12 28 0 0 4 0 0 0
 90 0 3 65 60 64 18 0 0 25 31 38 70 0 0 14 29 64 0 86 0 0 0 0 0 0 0 0 0 62 6 0 0 0 20 0 0 24 73 42 0 0 30 37 0 78 0 0 0 0 16 13 19 0 11 0 50 0 68 0 0 44 0 0 50 74 0 86 74 0 36 0 0 76 18 0 5 27 0 36 76 0 0 0 0 0 0 21 48 0 7 0 64 32 66 0 18 0 0 31 21 0 0 0 0 80 0 41 0 0 0 0 59 0 0 22 64 10 0 50 1 0 0 0 0 0 54 0 68 51 0 0 0 25 0 0 11 6 0 0 0 34 0 0 0 15 0 0 0 0 5 0 0 27 75 19 53 0 40 0 3 12 92 0 34 56 18 0 0 9 0 59 0 29 20 16 0 0 2 0 0 0 0 5 0 28 6 0 0 34 0 73 8 0 0 10 0 0 0 0
 46 0 0 0 41 11 0 0 0 0 5 23 64 0 0 7 22 36 1 0 8 30 36 18 0 0 72 6 66 33 0 0 0 21 0 22 0 0 25 0 0 0 66 41 0 71 0 6 0 14 90 0 0 0 19 0 33 13 39 0 0 82 0 0 0 61 0 42 0 56 54 8 0 19 0 10 27 18 0 81 6 0 0 0 39 27 0 29 27 0 0 0 10 55 94 0 30 0 0 0 56 0 0 53 0 53 0 0 0 0 0 35 0 72 0 0 0 56 0 0 59 0 0 30 0 0 0 0 44 11 0 0 0 0 0 26 0 15 0 0 0 0 11 0 0 66 2 0 72 0 33 0 23 38 38 77 0 0 53 9 0 0 16 52 0 23 0 23 7 0 0 9 16 11 41 81 0 0 19 0 0 0 0 0 0 34 2 0 0 35 0 0 0 0 0 0 13 10 0 0
 6 0 0 0 10 58 0 0 0 12 12 34 0 0 0 0 14 54 75 0 9 70 0 22 0 0 19 0 0 21 0 26 0 0 0 55 0 13 22 0 0 0 44 65 0 0 24 0 0 40 17 0 9 0 46 13 55 32 13 0 0 2 0 0 15 24 1 62 70 49 35 64 16 72 0 0 3 37 0 52 2 0 0 0 48 0 0 92 22 33 0 3 53 64 3 0 65 70 14 0 5 27 0 2 0 62 0 28 0 0 0 0 8 0 0 0 63 50 62 46 25 0 17 50 0 4 0 0 0 61 0 0 0 90 13 52 31 77 4 22 0 17 0 0 0 90 0 0 0 0 0 0 0 74 0 46 63 0 55 0 0 58 1 47 67 18 0 4 0 71 7 35 0 30 67 44 0 0 0 0 0 0 89 92 0 67 74 0 0 0 0 52 0 0 0 86 0 1 4 0
 9 0 0 61 5 0 0 0 0 0 0 45 27 0 0 0 11 54 0 28 0 49 0 55 0 0 0 0 12 35 0 0 10 10 6 24 0 0 26 30 0 0 0 61 0 0 1 0 0 0 0 0 0 0 51 0 64 0 88 0 0 0 0 0 80 2 0 44 0 0 15 22 4 27 1 4 0 0 0 17 0 16 0 0 12 0 0 0 0 0 0 0 0 6 0 0 0 0 0 29 40 0 0 0 0 1 0 38 0 0 0 0 0 15 0 9 34 0 12 31 0 0 50 0 0 0 0 6 13 0 0 0 3 59 0 0 9 0 0 0 0 18 0 10 0 0 0 0 0 1 0 0 7 0 32 0 0 0 62 4 0 0 45 90 0 33 16 0 0 0 0 9 0 0 1 35 21 0 46 0 0 0 0 0 0 0 0 0 0 0 2 9 0 0 0 0 0 66 0 0
 0 0 0 0 2 33 0 29 0 0 9 63 53 0 0 46 55 13 0 80 0 25 0 92 0 0 0 6 23 15 0 9 0 13 0 0 0 0 0 54 0 25 71 35 0 81 0 0 0 16 85 0 75 0 0 0 21 0 0 0 0 6 0 29 9 0 38 34 16 46 63 76 0 71 0 0 66 20 0 22 31 0 0 0 15 0 0 36 16 8 0 0 33 43 0 0 24 71 0 45 24 52 0 46 0 40 0 57 0 24 0 0 87 38 0 0 64 0 34 30 0 0 57 0 0 0 16 26 42 0 0 0 11 36 0 56 36 7 0 0 1 49 0 0 0 0 0 0 57 0 25 0 22 17 21 50 11 4 52 0 0 48 42 0 0 19 35 0 0 81 7 54 0 20 54 0 0 0 66 0 1 16 0 0 0 5 0 0 0 73 0 69 0 0 21 50 6 37 5 0
 57 0 0 3 16 0 0 66 0 0 1 33 73 15 11 7 15 35 5 59 16 32 0 22 0 0 23 0 29 27 1 57 0 0 30 68 27 0 64 44 1 36 59 23 0 8 81 17 31 62 12 72 0 0 68 41 44 47 58 0 8 49 62 0 19 0 0 71 64 45 57 69 17 53 0 0 6 0 0 18 18 0 0 0 53 0 0 3 0 44 0 16 57 56 40 22 39 0 33 34 25 80 46 26 0 25 0 18 0 0 0 0 55 14 3 12 29 85 16 17 2 0 0 63 0 0 7 0 8 29 0 0 12 29 0 17 46 0 3 25 0 55 0 0 0 16 14 20 80 0 51 0 0 2 0 53 21 0 15 0 0 67 58 36 78 87 0 0 0 13 25 58 3 48 10 19 0 0 29 0 0 0 14 43 29 14 27 0 0 50 0 25 0 0 9 66 60 78 81 0
 29 10 0 42 55 37 7 71 0 0 60 2 45 0 0 0 14 6 53 69 0 0 0 58 0 18 0 49 0 44 5 40 0 0 0 37 0 0 0 86 51 72 0 58 0 12 30 61 0 38 0 50 58 21 0 0 19 82 28 16 0 57 5 56 54 38 11 0 77 44 0 6 38 13 11 12 15 7 0 48 62 0 0 0 33 54 37 26 73 27 73 0 32 51 47 57 0 64 67 52 67 0 37 0 7 23 46 40 91 37 0 32 75 81 0 0 50 69 0 48 0 12 13 5 8 28 56 29 0 14 0 0 5 11 0 53 62 0 4 0 16 29 41 4 0 39 46 73 0 63 11 4 0 67 28 66 0 94 0 0 74 0 61 13 38 29 77 76 0 36 12 81 0 88 0 21 0 0 5 14 0 83 51 0 28 52 25 43 0 0 44 27 0 7 0 59 10 70 0 0
 40 0 0 20 42 56 0 0 0 0 0 14 22 0 0 63 16 0 50 13 22 2 0 0 0 4 47 0 0 4 6 0 0 0 0 0 0 0 6 31 38 0 20 27 4 26 0 0 0 0 0 0 0 0 31 0 68 0 0 0 0 0 0 0 93 29 0 13 0 7 55 3 0 0 0 0 0 36 0 22 0 0 0 8 0 0 27 93 2 0 0 3 64 0 71 0 52 4 0 86 0 21 0 0 0 0 0 0 0 0 0 3 0 86 0 0 0 0 80 15 23 0 45 21 0 0 0 0 1 40 0 0 0 80 28 5 46 0 0 12 0 0 0 0 21 22 0 0 0 0 0 0 0 23 0 0 13 0 0 7 0 0 25 40 73 0 0 7 0 0 0 0 0 21 83 55 0 0 7 0 0 0 0 0 12 60 0 0 8 0 0 0 5 0 0 15 15 63 0 14
 6 0 7 12 18 52 0 36 0 0 0 58 46 0 0 54 18 15 52 85 0 60 0 0 0 0 54 55 93 77 0 8 0 0 0 43 0 3 6 0 53 30 56 33 0 47 0 0 63 63 59 58 86 22 16 42 7 84 5 26 8 0 11 16 0 0 51 1 0 0 0 89 43 84 84 43 9 3 0 47 30 0 0 0 0 0 61 47 16 41 0 4 97 0 51 91 8 9 33 78 24 0 0 0 0 24 72 82 0 0 0 3 0 65 0 0 19 85 6 0 87 0 24 0 0 13 58 58 5 37 0 65 0 46 0 14 7 0 0 0 0 37 0 0 0 1 0 53 61 63 86 17 0 88 43 6 61 10 51 0 65 13 64 0 45 55 37 31 79 37 0 91 0 0 65 4 0 0 58 0 0 60 20 7 2 0 55 51 0 33 0 67 31 0 3 39 0 54 0 13
 0 0 25 0 33 0 0 0 0 0 0 31 21 0 0 0 0 0 0 0 31 0 0 2 4 0 0 0 0 0 0 0 0 30 0 0 0 0 0 0 6 0 0 0 0 0 0 0 0 0 0 0 0 3 0 0 0 21 7 0 0 0 0 13 0 0 0 0 28 0 9 0 0 9 32 0 0 0 0 0 11 0 0 0 0 0 0 0 6 0 0 0 0 0 22 0 0 0 0 0 62 0 0 0 0 0 0 0 0 0 0 13 0 27 0 0 0 0 0 0 0 0 0 0 0 0 0 33 0 0 0 0 0 0 23 29 0 0 0 0 16 0 0 0 6 0 0 0 0 0 36 0 29 46 0 0 0 0 0 31 0 0 8 0 0 0 0 0 0 0 0 0 0 0 0 0 0 0 0 20 0 0 0 7 0 0 0 0 0 20 0 0 0 0 0 0 0 0 0 0
 14 53 13 24 69 0 24 39 0 25 0 41 22 37 18 57 0 15 37 59 0 34 24 0 0 0 61 9 40 68 0 16 0 9 0 67 0 0 0 63 40 56 0 15 0 7 0 0 12 61 46 63 85 21 54 6 12 0 17 26 0 0 3 27 32 0 0 0 35 26 21 16 44 0 53 10 34 19 12 71 0 69 0 0 35 64 41 0 1 43 11 80 38 46 42 36 67 70 0 0 0 0 66 56 0 84 65 41 43 44 0 0 43 13 24 0 0 85 38 82 2 61 0 12 12 29 18 19 64 0 0 55 0 62 0 88 15 9 0 49 13 25 0 12 0 45 0 0 53 44 61 0 0 0 19 0 4 88 81 0 0 22 58 57 0 0 0 0 66 49 76 53 0 0 60 28 0 0 46 22 0 0 0 59 65 71 35 43 87 0 0 95 0 55 7 0 59 46 7 22
 59 0 30 10 33 31 36 54 0 24 63 51 34 18 0 54 63 54 50 12 0 47 0 35 7 0 29 51 84 73 0 15 0 0 11 4 0 30 11 56 0 74 74 45 32 31 66 0 0 68 54 91 54 87 83 34 0 55 0 79 0 27 79 53 4 17 27 55 43 70 15 24 18 23 68 0 44 10 0 20 64 72 0 5 47 0 45 0 58 37 32 0 17 52 45 43 25 78 77 56 73 66 40 7 39 12 42 26 65 15 14 15 44 43 22 0 17 52 74 84 20 0 47 0 83 38 40 35 11 54 14 48 0 28 0 93 0 0 0 0 0 3 38 0 0 31 21 21 37 16 8 45 0 0 29 40 0 86 31 0 28 40 28 83 18 59 49 92 56 66 82 28 0 44 44 93 0 0 64 14 0 0 36 81 40 30 0 72 0 2 76 16 0 0 0 17 50 4 0 0
 8 0 0 0 76 0 70 34 0 69 34 12 0 4 0 48 51 55 8 44 0 40 0 88 5 0 23 75 78 29 0 20 0 0 0 66 0 0 0 32 0 67 53 42 0 78 16 0 0 14 65 9 38 64 14 2 89 69 56 0 0 37 6 15 30 0 75 0 0 31 36 22 4 58 12 28 0 49 9 95 24 26 64 0 0 32 17 41 31 42 40 0 77 0 20 46 7 68 15 48 0 78 0 5 60 0 81 78 43 19 0 29 63 73 43 9 39 81 33 19 83 0 37 67 0 0 58 27 0 11 0 1 8 0 43 61 40 26 3 13 0 69 0 0 0 4 35 71 0 22 64 30 29 84 72 0 50 49 32 22 0 18 54 3 23 23 10 0 61 52 54 59 28 28 49 51 0 0 43 39 40 3 12 55 18 4 0 0 14 31 0 74 0 40 0 0 20 0 12 0
 0 0 0 81 30 7 0 0 0 0 63 65 61 0 0 1 0 65 10 43 0 78 0 51 27 0 42 0 4 0 12 39 0 0 0 43 0 0 24 68 0 0 53 58 0 54 11 0 11 0 0 0 20 0 15 0 19 1 81 0 0 3 0 0 12 75 0 96 56 0 58 21 8 88 0 0 51 0 0 62 1 0 0 0 0 0 0 12 73 0 0 4 24 14 56 0 59 0 0 12 22 11 0 0 0 45 0 62 0 16 0 21 5 20 0 0 53 0 25 14 78 0 92 0 0 3 58 0 5 20 0 0 6 28 0 0 7 17 0 0 0 0 6 2 27 54 0 12 0 1 0 0 0 87 0 56 0 4 61 0 0 0 0 19 48 53 83 70 24 9 0 9 0 71 39 17 0 0 63 0 0 28 0 0 0 12 0 0 0 0 0 25 11 0 15 0 0 23 0 0
 37 0 0 22 18 16 10 73 0 5 46 0 83 7 19 0 4 0 12 21 8 42 0 68 0 0 5 41 50 34 0 59 0 2 0 0 3 0 0 28 0 26 27 31 0 12 14 4 0 0 42 39 24 6 14 75 37 62 51 0 0 65 10 31 33 22 13 41 0 0 0 0 66 19 0 37 23 39 0 36 0 0 34 0 0 0 1 44 0 3 0 0 81 12 38 0 0 92 0 65 89 54 0 2 0 27 0 47 0 0 0 0 14 39 0 0 42 42 1 28 44 0 32 10 0 0 24 0 2 0 0 0 0 13 0 36 0 34 0 0 28 16 20 0 0 0 26 0 55 0 26 0 0 55 72 42 0 0 28 0 0 65 3 14 30 2 0 4 0 21 54 0 0 57 36 9 0 0 0 0 0 0 37 0 44 35 0 0 0 0 22 6 0 0 0 50 0 13 0 23
 35 0 20 49 0 41 0 0 7 0 4 0 0 0 26 71 0 85 0 0 0 0 8 0 0 0 0 0 0 0 0 0 5 0 0 0 0 1 0 27 0 0 9 0 0 0 0 0 0 0 0 0 0 0 65 0 19 17 4 0 19 0 0 0 10 0 0 0 55 0 0 0 0 63 16 0 0 0 0 0 0 0 0 1 0 0 0 6 0 0 0 18 0 0 0 0 54 0 0 40 77 0 0 0 0 0 0 28 17 0 26 0 0 48 0 0 22 0 41 56 0 0 56 0 0 8 0 0 0 21 0 0 0 24 0 0 0 0 0 0 20 0 0 1 0 0 0 15 0 7 0 0 0 62 82 0 19 0 15 8 0 0 10 28 0 0 95 0 0 0 0 0 0 5 0 0 4 0 0 0 19 18 6 0 0 0 0 0 0 0 0 11 0 0 6 0 0 0 0 0
 39 34 0 79 73 0 0 0 0 0 53 66 74 0 0 0 86 44 48 2 0 76 0 71 0 0 54 0 70 90 36 14 0 0 2 53 0 0 30 39 0 0 17 31 0 28 37 0 0 72 3 8 0 0 0 31 0 0 28 0 0 0 0 82 47 11 3 3 77 13 69 0 23 25 0 0 59 9 0 6 36 0 0 0 49 0 13 53 12 36 0 0 80 0 47 0 0 72 0 0 10 78 0 0 0 55 0 9 0 0 0 0 71 43 0 7 5 32 61 16 36 0 24 75 0 0 79 0 20 72 0 0 9 47 0 50 62 52 10 0 0 67 0 14 0 95 2 0 26 0 7 0 4 42 56 75 0 0 58 25 7 0 49 0 54 80 72 63 0 50 28 78 0 72 10 28 0 0 50 19 0 2 43 39 0 8 0 0 24 83 0 49 0 15 0 58 21 64 0 0
 16 0 0 39 26 0 0 69 0 73 0 1 61 47 0 68 10 0 38 0 22 32 0 0 0 0 0 7 29 6 0 80 1 0 0 60 0 33 60 16 23 11 16 0 0 87 41 81 92 64 69 0 70 45 54 14 55 0 18 39 0 50 61 0 52 0 0 0 0 20 36 0 0 0 73 20 59 53 6 62 0 1 0 0 0 2 75 0 37 23 51 7 64 26 10 72 0 10 22 12 61 34 34 5 46 94 0 14 35 29 0 4 31 37 0 0 13 24 0 0 79 56 34 64 11 55 74 9 84 0 0 64 7 0 55 69 69 49 34 43 0 50 30 0 3 29 28 15 31 27 0 0 0 64 55 0 0 6 24 0 1 41 16 5 0 3 7 54 71 27 6 29 77 52 9 51 0 0 0 0 13 47 45 65 54 64 66 43 30 0 0 62 0 36 31 75 0 62 30 0
