100
 55 6 0 0 0 3 28 9 0 0 1 6 47 0 7 21 0 0 9 0 0 0 0 0 0 64 8 0 0 13 48 0 0 15 0 38 79 0 69 44 36 1 0 36 25 11 0 22 55 0 0 0 0 33 0 8 0 0 30 6 32 82 66 0 0 44 61 0 0 3 23 0 0 0 0 0 9 41 0 0 12 0 39 0 0 0 0 12 1 23 0 21 37 0 0 0 0 27 17 77
 0 76 2 3 0 0 0 0 8 76 21 10 0 31 0 0 0 40 0 42 0 75 14 58 15 0 0 17 0 40 0 3 0 0 0 0 54 0 0 0 0 0 0 39 0 0 0 49 0 0 30 0 0 0 0 0 0 0 0 0 29 0 0 88 29 72 12 13 22 0 0 0 58 15 46 48 6 44 0 46 0 19 0 25 0 0 0 0 3 93 0 16 0 0 0 10 0 0 0 0
 10 0 71 8 79 5 4 4 58 0 48 0 0 0 24 0 19 20 35 0 0 0 0 0 25 53 71 0 47 0 0 37 0 0 0 5 0 65 35 67 30 0 74 0 32 26 47 0 55 31 0 23 0 60 28 0 0 0 9 0 0 48 0 0 0 10 0 0 39 14 38 22 0 0 4 0 21 5 63 1 0 54 0 30 0 27 0 36 0 47 21 80 67 27 8 0 3 0 28 76
 21 0 0 42 28 12 53 71 9 50 62 23 0 2 0 17 0 31 0 0 1 0 66 0 7 75 4 73 0 81 0 48 15 0 13 4 0 0 0 0 0 31 0 0 0 56 28 0 49 21 0 0 0 70 18 33 78 47 7 0 14 0 0 28 0 0 45 37 30 25 44 10 63 63 26 11 0 0 10 1 46 4 86 4 37 0 0 54 0 30 38 0 0 0 5 0 0 44 0 2
 13 29 0 0 60 78 0 37 40 28 0 75 39 24 0 0 22 0 0 0 0 0 15 14 0 0 0 1 59 0 28 0 0 0 0 76 0 0 31 38 0 0 20 5 17 0 0 10 61 0 0 13 9 87 49 2 0 93 22 8 0 20 31 0 0 18 55 0 0 65 0 0 0 0 15 28 16 1 7 57 55 0 0 47 21 0 0 45 0 7 0 0 10 0 0 0 11 12 0 26
 0 27 0 0 0 45 28 29 0 0 49 29 5 14 0 1 48 54 77 0 36 39 0 0 50 0 0 0 49 80 12 0 0 47 39 71 33 2 2 0 20 29 8 0 0 60 0 0 3 5 32 22 41 0 9 37 54 0 0 21 74 0 4 0 0 4 0 0 0 27 6 30 32 20 26 0 0 0 59 0 13 0 0 0 4 0 0 0 21 0 0 78 10 0 0 16 7 0 9 0
 0 9 0 0 32 0 0 12 0 0 0 44 0 0 63 11 40 6 0 0 4 1 0 0 0 0 54 10 3 1 0 16 62 44 0 6 0 0 15 0 12 47 0 17 0 52 28 0 0 0 6 44 40 33 54 13 0 4 0 5 33 88 0 0 0 0 5 68 9 0 16 0 43 0 8 11 40 0 0 66 0 16 0 0 24 0 18 45 0 28 45 20 20 0 57 69 0 50 0 0
 0 10 0 0 0 0 0 43 10 0 7 0 0 0 50 0 11 40 17 55 0 0 41 0 0 0 16 0 39 34 0 0 0 1 0 60 0 0 6 59 0 0 0 0 0 0 69 0 0 0 52 2 0 5 3 11 0 0 0 0 76 0 0 18 0 0 0 0 17 0 87 54 21 42 30 70 0 54 0 0 0 16 37 33 71 22 62 0 28 0 4 0 0 0 75 0 13 10 0 0
 95 0 0 0 0 56 25 0 39 0 0 24 21 0 0 0 0 0 0 62 42 29 9 0 76 0 41 11 18 35 0 0 0 1 76 65 0 17 0 19 8 0 19 0 31 0 60 0 0 0 0 45 35 0 0 0 0 46 47 22 0 0 0 0 3 0 0 0 5 0 24 0 12 0 10 0 0 0 0 11 83 0 60 0 0 17 23 38 53 0 15 4 48 15 4 0 0 31 18 0
 35 0 46 0 0 15 57 11 14 23 0 0 24 6 0 26 0 15 0 44 50 59 0 5 0 10 0 0 0 0 0 0 53 28 0 1 0 66 19 6 61 0 21 0 37 53 72 55 6 45 0 0 95 2 0 0 1 15 6 0 29 61 0 0 26 0 0 84 38 0 0 0 3 63 8 65 51 0 0 0 0 0 0 0 19 0 77 0 0 0 82 13 7 0 25 0 34 0 32 0
 0 0 0 0 36 0 3 0 6 55 47 60 54 0 4 36 9 0 0 37 0 0 52 0 22 0 0 0 0 0 0 35 0 0 0 13 0 0 0 0 1 0 0 0 0 0 57 36 4 80 0 0 0 21 8 27 0 0 0 70 45 79 0 0 0 0 62 0 38 0 0 0 11 31 3 0 35 57 0 0 9 0 4 50 0 14 0 0 2 0 0 73 0 0 49 0 24 0 22 40
 0 0 32 0 0 0 0 2 0 32 0 90 25 4 63 0 0 4 0 27 0 0 31 0 34 76 0 0 0 0 8 9 0 74 10 9 0 0 10 0 0 40 0 83 0 0 0 0 31 0 0 54 0 0 1 39 0 16 0 28 29 24 13 0 87 3 73 2 38 0 0 49 0 17 0 0 0 0 0 36 1 43 0 36 67 69 19 0 27 0 0 0 17 0 9 0 0 0 0 0
 0 63 32 28 0 0 18 6 0 0 0 0 7 0 6 0 0 23 0 39 69 1 0 0 0 12 0 39 17 0 0 1 0 28 33 41 0 76 77 0 1 0 10 9 0 0 0 23 0 10 0 0 0 0 29 5 0 10 0 12 0 0 76 0 29 0 80 2 0 44 0 0 2 12 1 0 22 30 0 0 0 35 35 13 28 39 76 0 48 0 2 0 33 0 0 0 30 0 43 55
 16 0 54 0 0 0 2 4 25 0 5 0 11 30 41 35 44 0 0 35 0 30 0 0 70 8 0 37 0 0 0 73 0 0 0 0 33 32 68 0 0 28 8 0 0 0 0 44 31 9 0 2 0 0 36 34 5 32 0 5 0 0 0 27 12 0 77 29 0 0 36 0 0 6 0 0 0 0 30 0 11 4 30 18 22 6 47 32 12 93 0 64 56 0 0 0 21 2 28 36
 0 7 0 18 26 87 0 0 31 32 0 0 0 0 45 24 0 2 0 51 0 13 22 0 0 13 0 0 20 0 0 0 20 0 0 56 20 65 0 0 25 0 0 0 28 28 0 0 0 0 0 0 0 64 0 0 48 15 41 0 12 0 0 14 0 0 26 36 31 0 0 25 33 63 65 0 21 0 22 0 0 0 0 0 0 0 0 0 0 85 0 8 51 4 0 0 22 0 0 0
 0 27 65 0 10 0 0 59 59 0 0 34 3 0 0 18 7 13 0 61 38 0 12 0 3 0 57 9 0 16 0 0 0 10 0 0 0 36 23 0 26 21 0 0 17 0 0 35 4 34 0 0 0 21 24 21 0 0 0 0 0 40 52 0 0 11 64 23 3 6 0 0 20 0 11 1 0 41 0 0 0 0 40 26 54 0 0 1 0 0 10 0 35 83 0 24 0 42 36 8
 32 92 0 2 0 0 0 0 11 5 0 21 22 0 14 0 90 0 0 17 0 15 26 0 23 13 4 21 30 43 21 39 2 0 27 0 64 11 0 0 0 63 13 0 0 0 0 0 0 0 0 0 0 6 27 62 0 0 0 0 46 0 10 7 0 15 0 0 0 4 5 13 20 0 0 0 0 27 0 0 0 48 25 75 0 52 0 0 0 21 43 0 11 0 0 8 0 5 0 39
 44 0 0 0 21 0 0 0 53 0 65 0 0 45 0 0 14 22 41 11 0 0 0 7 0 66 40 61 0 0 9 0 18 0 18 69 53 61 0 1 0 6 0 58 0 0 0 0 0 0 65 0 19 0 15 0 0 0 0 38 4 5 0 74 0 0 0 22 0 0 2 15 16 28 0 15 0 11 0 0 9 0 13 23 0 0 55 17 0 71 0 0 38 0 27 0 10 10 0 47
 0 28 0 15 55 0 11 0 5 28 47 4 15 81 21 19 26 0 6 1 87 16 2 0 0 0 0 23 0 12 0 0 0 57 28 12 59 0 35 51 41 9 51 0 34 15 0 81 0 1 24 0 40 0 78 0 0 0 0 0 49 21 0 37 0 45 14 0 0 41 0 0 0 0 0 0 0 0 38 48 50 13 73 27 0 0 0 18 0 46 29 34 0 54 73 47 1 0 0 0
 11 0 50 30 10 66 29 0 0 0 0 0 0 0 0 0 0 0 0 35 53 16 0 23 0 0 0 0 5 0 0 0 0 0 0 0 43 2 0 21 0 5 0 0 0 0 7 12 0 23 68 34 0 0 52 0 0 0 38 38 47 0 0 0 0 17 0 38 0 0 59 72 24 18 0 0 0 0 0 31 0 0 0 16 1 57 0 0 0 64 43 22 1 0 0 12 50 16 0 33
 19 15 15 0 10 0 0 16 0 0 18 54 0 36 76 0 14 69 0 0 64 0 11 0 17 0 0 0 0 0 0 0 0 20 67 41 0 0 23 7 13 45 0 44 76 0 15 0 45 16 40 49 0 10 21 0 43 0 33 36 0 0 44 0 0 0 6 0 0 47 0 30 72 0 0 0 0 0 0 24 0 72 0 0 44 28 49 0 40 45 16 0 63 0 50 8 0 0 6 0
 3 0 58 56 46 0 0 0 0 0 3 14 0 0 0 69 0 8 0 0 7 62 0 0 0 64 0 0 61 70 0 34 0 0 23 30 0 18 0 0 18 11 0 0 9 0 0 43 62 0 0 0 0 0 0 0 71 15 41 19 0 0 1 0 12 0 0 11 0 12 62 0 0 56 0 3 20 0 0 0 0 0 49 0 0 67 23 0 0 33 11 0 2 6 0 9 41 41 93 0
 32 0 0 0 0 34 24 0 0 31 0 0 43 0 0 0 0 72 0 14 0 65 35 61 9 0 0 7 0 13 61 33 0 0 0 0 34 8 0 33 0 0 46 12 14 0 52 0 12 37 0 11 55 0 23 0 0 34 0 0 28 0 0 67 27 0 0 16 29 50 0 0 0 35 5 20 79 15 61 17 17 0 0 0 36 0 0 0 14 18 36 0 46 0 0 0 42 28 0 0
 28 0 6 6 0 65 59 48 51 0 1 76 62 41 59 34 0 0 6 0 38 14 0 91 0 0 10 0 0 0 17 0 0 52 11 0 0 0 0 0 22 0 27 16 0 0 0 16 0 67 0 0 24 0 50 19 44 18 0 0 0 56 4 54 0 0 40 11 0 7 7 0 0 21 53 18 0 17 0 22 0 0 0 0 0 34 45 24 2 1 42 0 12 20 1 0 68 5 0 19
 14 0 0 0 44 0 31 36 0 67 0 0 4 0 25 0 0 83 36 62 0 52 0 13 40 0 0 0 0 4 0 38 0 68 38 77 0 0 0 0 0 0 0 0 70 0 0 0 0 0 0 0 0 62 0 35 0 0 0 0 23 0 71 70 0 0 37 33 46 0 0 50 0 0 0 51 0 90 0 25 0 70 0 19 0 46 0 24 48 0 7 0 4 0 0 4 24 26 0 0
 0 5 0 0 49 5 4 38 63 0 20 0 0 0 0 21 0 0 20 34 26 0 30 9 52 1 12 0 0 45 0 20 37 0 48 0 3 0 0 0 19 25 0 0 60 0 30 41 14 34 7 68 0 11 64 0 0 55 0 0 9 0 0 0 0 47 0 0 0 14 38 0 20 40 0 51 20 25 0 0 0 0 19 0 0 14 0 68 0 48 31 73 23 0 0 0 0 43 0 73
 0 38 0 0 65 70 0 0 0 83 0 70 78 32 12 0 0 0 18 52 52 54 61 0 45 0 53 0 0 46 51 30 78 0 0 0 37 38 0 0 0 0 14 0 33 12 0 0 0 0 67 2 40 0 45 0 26 0 0 85 14 36 48 0 13 41 63 0 0 0 0 0 0 67 82 31 82 13 12 53 0 0 54 0 34 0 18 14 0 0 29 21 82 0 35 60 0 0 0 0
 73 0 21 0 0 27 0 49 0 30 45 93 0 0 4 0 0 0 0 14 20 70 0 16 28 21 15 85 15 0 0 0 40 0 24 29 34 0 18 56 0 0 10 0 45 59 21 52 0 0 24 25 0 0 0 0 0 23 30 0 20 0 0 14 0 0 3 0 32 0 62 21 3 3 0 0 47 0 0 0 0 0 0 0 0 0 0 4 3 0 0 0 15 12 0 38 0 0 0 0
 21 46 0 19 0 0 0 0 0 38 40 24 0 37 0 41 0 16 12 0 67 0 0 4 61 1 11 0 52 0 0 82 0 0 0 0 38 33 0 0 1 64 0 0 0 0 0 0 0 0 0 0 34 0 44 60 0 30 0 25 0 59 5 0 0 0 0 8 30 0 0 0 0 68 0 0 3 23 8 86 48 0 0 12 0 65 0 0 20 77 14 55 10 39 0 0 81 26 0 15
 0 0 7 0 72 0 0 0 0 29 2 27 11 0 42 0 0 29 0 93 12 0 0 5 0 0 0 14 56 89 0 40 68 45 23 0 29 0 90 0 34 77 0 95 25 38 67 0 25 0 27 48 0 3 0 0 19 41 0 8 0 0 0 0 0 0 0 15 4 73 85 0 73 13 0 0 49 0 11 0 0 0 21 89 0 47 46 0 8 0 0 0 0 0 36 0 0 53 45 26
 0 29 0 53 0 0 5 14 41 78 6 0 28 8 59 19 0 0 80 41 82 30 0 0 44 13 0 43 49 1 45 34 56 17 0 26 43 0 11 0 0 12 3 0 88 0 57 39 0 0 0 2 39 14 0 43 10 0 36 18 0 0 0 61 0 10 55 5 0 0 55 48 0 0 0 0 5 0 26 0 30 3 44 35 0 0 0 25 0 45 0 0 11 55 77 30 0 68 23 0
 4 0 0 0 5 42 0 8 60 41 0 0 0 0 29 23 0 38 52 37 10 0 0 67 0 0 0 48 0 0 0 33 0 73 1 36 21 0 0 67 19 0 0 2 3 0 2 41 0 0 40 33 43 0 69 13 0 0 35 2 1 0 0 93 0 0 1 0 51 0 0 0 0 27 52 31 7 0 0 16 63 0 0 15 87 18 56 6 43 0 0 63 0 0 15 0 26 0 0 50
 22 67 27 0 77 27 0 18 52 0 33 65 7 18 0 86 0 0 54 2 55 6 7 4 62 0 0 0 41 0 0 84 76 3 0 9 0 0 48 0 53 37 16 56 14 15 25 4 0 0 0 5 60 70 0 75 84 0 0 0 76 32 0 39 0 0 0 8 13 0 0 0 0 0 0 42 0 0 0 47 25 0 0 7 0 0 0 29 0 0 11 48 0 0 0 0 89 0 0 41
 0 8 44 4 14 0 0 0 0 0 43 0 0 37 19 0 42 38 0 49 0 51 15 0 0 51 53 3 30 0 0 0 0 21 0 13 0 30 61 0 0 72 49 0 70 0 0 22 53 0 0 26 12 0 0 7 77 0 0 0 0 0 86 0 0 28 0 0 17 0 27 0 0 40 0 0 0 0 0 0 60 23 42 30 54 0 0 0 25 0 0 21 0 0 0 8 40 12 0 0
 6 30 3 0 4 0 49 38 0 59 13 0 0 67 41 47 0 0 0 2 0 0 29 0 0 0 47 0 22 0 34 0 30 12 74 0 74 0 0 0 0 0 0 12 3 0 0 50 0 31 55 0 0 0 35 0 17 58 0 0 81 0 0 0 0 14 0 14 11 0 29 52 0 0 58 0 0 10 0 12 8 44 21 0 0 11 90 5 0 27 0 0 0 15 85 0 18 0 0 0
 0 28 0 0 0 0 0 0 0 0 0 0 0 59 0 7 13 0 0 29 0 0 1 18 0 7 76 0 2 5 0 0 0 0 3 28 75 7 12 0 45 0 0 20 4 26 0 0 4 7 9 0 10 14 0 13 85 13 25 0 19 0 62 56 0 0 0 8 61 0 0 0 27 54 21 0 0 27 50 6 0 5 0 14 12 32 42 31 4 0 0 64 49 0 0 0 11 27 71 0
 0 0 22 74 7 0 21 42 29 62 25 56 81 0 0 33 0 0 0 0 39 67 0 10 98 0 0 0 0 0 0 0 40 87 0 0 89 0 11 35 0 69 52 18 0 20 12 37 3 0 73 0 2 0 0 0 0 3 35 0 64 0 0 82 12 0 10 21 0 23 0 0 17 0 0 0 41 18 0 0 0 10 0 82 16 21 37 38 0 0 0 5 0 46 0 0 52 32 57 70
 16 56 0 78 84 0 61 41 0 0 76 50 0 0 0 0 0 0 56 0 20 0 0 6 56 20 0 67 0 31 18 1 15 0 11 0 59 70 0 24 83 51 55 0 0 0 76 6 16 0 15 0 55 19 10 0 0 0 32 14 0 0 61 25 55 34 0 41 84 37 30 35 40 0 0 0 0 68 0 0 3 0 0 0 0 0 24 39 35 0 0 0 0 6 13 32 0 30 0 17
 0 16 0 19 0 0 0 0 6 0 18 0 0 0 26 0 0 11 0 40 0 12 43 43 2 42 60 0 15 0 0 15 0 0 36 0 0 69 33 20 57 4 14 0 58 0 0 1 0 0 53 8 11 0 45 0 0 3 0 0 0 0 0 46 0 64 4 0 0 37 0 0 34 0 0 44 0 4 34 35 0 0 0 0 6 23 43 73 21 62 0 0 0 66 0 0 0 36 0 5
 0 17 0 36 0 9 61 0 0 0 36 59 7 48 13 9 18 0 0 0 0 6 0 13 11 12 19 0 17 40 29 0 15 15 86 46 0 0 0 60 0 0 0 0 4 0 46 27 23 8 0 0 0 0 62 41 0 0 36 0 0 37 5 27 0 0 36 12 86 0 46 0 0 34 0 0 80 0 2 46 0 17 24 39 44 5 51 0 37 0 0 8 0 44 0 0 67 0 0 0
 0 6 0 28 27 0 0 39 0 0 0 7 0 41 0 0 10 83 0 47 0 0 61 0 5 0 48 76 0 0 36 0 0 10 10 0 77 0 0 19 75 0 29 0 33 90 0 57 11 28 0 0 54 14 80 60 0 40 0 0 0 0 10 0 27 35 0 22 0 19 16 0 0 0 0 0 0 0 0 0 0 67 19 0 61 59 51 8 22 31 0 5 32 0 49 4 40 0 86 0
 0 39 17 0 6 0 0 11 78 8 31 0 18 0 20 0 0 0 0 0 0 0 7 33 74 0 25 7 0 0 0 38 0 0 74 75 0 0 0 35 28 72 6 17 0 0 19 77 56 55 0 0 34 0 21 0 1 48 80 31 62 22 7 57 51 40 28 0 0 0 57 0 0 0 0 7 0 0 0 1 0 1 61 30 0 1 13 0 29 0 0 27 0 31 56 0 0 66 37 11
 31 37 0 29 0 0 15 1 0 0 65 27 0 0 33 54 0 33 0 11 60 32 0 0 32 6 0 0 12 45 0 32 0 0 83 32 0 0 0 29 0 0 34 0 39 0 35 61 9 0 17 0 22 12 0 0 4 0 0 0 26 19 0 5 0 12 0 0 0 88 0 9 0 0 0 0 0 30 36 0 36 8 0 47 0 30 0 0 0 0 0 65 34 0 98 0 11 49 0 52
 0 0 11 1 0 22 0 5 10 6 57 0 0 29 39 20 6 0 69 56 0 30 0 0 57 72 11 7 9 0 81 0 0 8 0 0 0 15 84 2 69 0 21 35 32 64 4 42 5 0 0 50 7 0 0 5 0 0 0 38 0 78 69 0 28 0 5 0 0 0 0 0 0 19 65 0 0 86 0 27 72 55 0 63 0 0 19 81 0 0 0 0 0 0 0 1 0 86 40 7
 0 0 0 39 0 11 7 9 0 0 42 16 85 25 0 0 40 79 0 45 0 0 0 33 0 0 0 0 43 0 0 0 0 0 0 0 79 24 0 0 0 37 0 0 66 0 0 40 66 0 67 65 37 40 0 13 0 60 0 0 0 0 0 69 29 0 0 0 0 6 0 11 0 0 3 0 60 0 14 52 0 69 38 86 23 0 25 24 0 5 0 0 0 30 8 0 0 50 23 0
 0 18 0 0 13 0 0 28 11 0 27 69 34 36 0 42 40 64 0 40 3 10 35 22 53 14 0 0 23 0 65 23 0 11 11 0 0 75 68 41 0 79 48 0 6 70 16 1 31 0 13 0 5 51 0 0 0 50 67 0 0 52 0 0 0 65 19 0 0 12 0 19 0 0 0 18 28 46 0 23 8 42 1 0 0 26 13 0 0 0 0 19 0 71 0 0 0 0 0 2
 52 5 0 0 14 8 0 0 0 0 0 38 24 37 29 49 32 7 14 0 0 3 0 62 21 0 20 0 0 0 0 0 0 24 44 26 0 0 59 0 47 0 0 0 27 0 100 33 11 0 5 4 0 33 29 1 66 0 0 4 0 32 0 17 0 0 0 0 0 0 40 35 0 15 44 0 29 0 1 65 45 0 17 77 64 0 32 0 0 0 0 0 26 34 36 0 3 0 59 64
 0 0 87 22 0 33 88 25 28 0 0 8 0 0 9 0 66 42 0 0 70 0 32 0 6 0 14 0 6 65 0 0 0 0 0 0 0 0 0 0 0 0 0 0 0 0 0 40 29 0 69 90 3 18 8 0 0 0 24 56 0 0 0 13 55 0 0 0 24 0 65 61 44 38 29 9 34 0 0 0 0 0 0 0 0 64 88 0 54 0 20 56 0 30 0 40 54 0 44 49
 0 65 0 0 0 0 1 64 26 0 0 0 7 0 45 0 9 6 64 69 0 0 0 40 11 0 72 7 57 0 31 54 27 0 9 0 0 0 26 0 0 0 0 0 0 0 0 0 85 0 11 0 0 0 0 15 28 6 0 0 81 0 0 0 40 0 43 0 0 59 17 0 23 0 31 16 90 0 0 0 87 0 84 48 44 0 15 10 95 4 0 0 0 0 0 29 18 96 0 0
 66 70 0 0 11 0 2 0 49 0 0 68 0 0 66 0 8 46 0 0 0 50 0 0 0 0 63 15 46 11 26 24 28 42 0 0 5 47 10 0 0 0 41 94 14 14 19 72 13 87 27 30 74 0 48 19 0 0 0 0 5 0 65 0 36 0 0 0 0 27 0 0 0 45 27 0 0 36 0 8 48 3 0 3 8 0 0 0 0 0 0 36 0 0 10 0 0 0 0 19
 18 0 8 73 26 0 0 0 38 19 24 11 44 59 35 60 32 0 0 0 0 30 34 79 39 0 0 0 7 0 37 0 15 30 0 0 0 0 0 26 36 0 0 45 0 0 0 0 0 0 36 0 29 0 0 16 36 3 0 26 0 27 0 25 59 33 0 0 48 3 0 0 0 0 0 12 76 0 10 0 0 7 51 0 75 0 0 0 10 52 38 0 0 75 0 0 13 0 6 57
 44 13 0 96 0 0 0 0 0 4 19 0 10 0 16 43 9 43 80 0 0 33 0 15 32 0 0 0 21 0 0 0 0 0 40 24 45 63 0 1 1 39 91 0 0 18 0 0 6 0 12 71 65 33 21 16 48 75 0 0 18 0 0 0 0 42 37 0 1 26 24 94 0 0 61 0 0 0 0 96 0 0 50 0 0 0 0 5 0 19 0 0 21 16 17 47 0 47 53 0
 5 26 72 89 0 0 0 45 0 0 5 12 82 43 8 56 52 0 0 40 1 6 0 0 29 1 0 33 0 2 0 0 0 0 36 0 0 0 0 9 0 0 0 0 0 0 13 0 9 0 0 0 11 0 0 0 0 1 24 0 33 0 0 1 0 57 0 67 0 51 76 63 63 65 1 46 37 0 18 0 60 86 0 0 5 0 17 39 0 87 0 0 6 0 0 0 3 8 60 0
 0 23 0 0 0 42 0 0 2 0 0 15 5 56 0 0 0 20 46 12 0 17 47 5 0 0 10 62 25 0 0 58 0 6 14 0 31 0 32 55 0 59 0 44 0 0 0 0 50 12 67 0 11 41 0 0 34 46 24 12 0 27 0 0 6 11 0 0 0 0 0 0 0 38 0 14 34 37 0 73 0 38 0 0 77 64 44 2 0 2 0 4 0 63 62 0 66 0 19 0
 44 9 0 0 0 0 0 0 2 57 0 0 0 0 18 0 0 0 0 0 0 13 0 0 88 0 0 0 0 99 90 0 25 61 0 15 15 0 0 0 0 0 22 23 22 5 0 0 34 0 84 0 6 48 2 25 0 17 1 0 38 47 77 0 49 32 82 0 24 35 43 46 0 76 86 0 73 0 0 26 0 0 0 0 0 0 0 0 0 0 84 0 0 0 90 3 0 38 0 14
 0 81 23 0 0 0 0 0 74 22 0 0 0 0 26 0 0 23 9 100 30 6 43 0 0 12 3 7 0 33 0 0 0 0 13 0 51 27 30 0 0 15 58 0 0 22 0 29 0 0 0 0 15 17 0 63 6 21 0 0 0 0 9 23 71 26 0 0 30 0 68 0 77 0 13 0 0 0 0 0 40 0 24 0 30 66 67 3 17 0 8 0 0 2 30 0 0 0 0 0
 78 9 14 0 27 0 6 61 6 0 86 2 74 0 0 20 14 25 33 40 0 0 59 0 5 49 0 24 2 0 0 30 0 0 0 0 37 21 44 55 4 0 0 18 24 59 0 10 0 33 0 0 25 0 5 0 67 0 25 93 93 0 0 0 35 0 0 10 89 0 44 1 0 29 0 21 10 0 0 1 62 15 0 15 0 66 20 44 0 0 63 33 0 0 44 16 0 33 0 0
 68 67 16 0 0 68 0 19 0 0 6 0 0 0 0 20 55 13 6 69 49 0 0 0 26 0 19 0 0 0 11 36 67 33 0 0 0 58 0 56 0 0 9 24 0 0 2 81 0 16 0 0 0 0 0 0 64 55 29 0 0 79 10 70 14 0 17 0 0 0 16 0 0 29 0 0 18 0 2 82 38 0 1 69 0 1 0 9 0 0 0 0 0 40 19 0 49 0 23 0
 0 50 0 0 0 51 14 12 0 0 4 17 6 93 0 84 83 33 27 0 0 0 7 45 8 50 96 0 10 72 0 0 55 41 7 0 0 0 27 0 8 0 5 32 15 0 41 0 64 0 3 38 0 0 0 24 0 0 64 51 26 0 68 0 0 5 50 9 32 16 66 28 0 27 8 0 65 0 0 44 38 0 3 7 0 0 48 0 0 0 3 5 7 1 0 0 75 33 36 0
 0 9 47 49 0 0 0 49 0 48 0 0 0 0 5 56 53 0 10 0 0 0 0 7 53 17 0 1 0 0 0 0 43 21 46 45 43 0 25 71 17 0 8 0 81 17 0 0 52 47 0 58 47 0 7 11 0 13 0 48 0 0 0 0 17 11 0 73 0 59 51 34 0 14 30 58 0 0 0 52 0 39 43 13 4 5 0 46 14 0 0 0 48 1 0 0 54 57 0 0
 0 0 41 0 43 0 0 0 62 0 0 0 75 22 0 0 0 0 0 0 39 11 0 58 0 0 0 0 43 43 36 0 0 11 0 0 0 12 21 54 17 0 0 2 6 40 42 7 0 0 17 0 0 9 0 3 0 31 0 49 23 0 0 0 0 32 88 59 13 0 11 17 0 0 0 0 46 0 5 18 6 18 0 9 19 86 0 0 93 22 0 17 8 44 38 0 0 12 12 0
 0 8 0 25 0 24 0 15 3 0 0 0 15 40 53 0 30 0 0 38 84 20 13 0 38 48 0 4 0 46 21 4 0 14 14 4 3 18 24 0 6 0 0 0 9 0 0 39 26 61 0 30 26 0 0 79 45 0 21 53 29 1 0 0 26 0 23 3 9 63 44 0 61 60 0 4 0 0 0 0 54 22 5 25 0 13 55 0 38 0 3 17 0 67 8 0 0 0 0 0
 0 72 18 16 0 0 11 52 1 36 63 0 0 5 4 0 0 81 83 31 0 0 34 0 0 18 0 73 0 5 60 32 3 0 32 0 40 0 7 0 0 0 7 0 29 69 14 73 1 0 20 67 22 27 0 0 43 0 0 21 43 62 52 34 0 69 47 0 0 0 60 0 0 0 0 16 0 21 0 52 0 13 6 49 0 35 3 0 1 78 0 0 59 60 0 0 0 0 14 5
 36 0 21 0 20 14 38 0 25 2 67 21 19 0 0 50 0 0 0 16 42 32 0 0 0 56 0 0 69 66 0 0 0 30 64 0 0 0 0 0 6 0 0 22 0 33 0 0 28 6 0 4 0 19 33 0 11 0 34 5 48 19 0 76 0 0 13 0 4 35 21 8 0 0 0 0 43 0 0 0 0 23 0 0 0 0 23 62 0 0 0 1 55 3 0 74 0 90 0 14
 23 0 17 4 7 66 14 95 0 0 19 0 0 0 3 1 46 36 48 27 36 0 0 21 3 40 0 37 48 17 15 1 19 22 3 24 0 0 24 37 0 0 3 0 0 7 6 0 0 0 0 2 5 0 0 0 0 0 37 0 16 0 60 49 42 22 44 47 1 0 20 19 0 0 0 32 0 19 38 5 20 0 0 43 43 86 0 45 21 0 22 0 0 0 15 14 53 45 52 0
 0 0 0 21 0 0 53 23 77 71 48 0 33 0 53 0 0 55 0 0 34 13 31 24 43 0 0 46 0 66 0 12 35 0 0 72 14 0 0 38 0 0 0 19 81 0 71 36 10 11 0 0 0 0 0 0 2 30 0 0 0 10 0 14 0 15 0 0 0 43 0 6 69 19 0 0 0 0 50 16 24 0 0 94 0 21 74 0 0 0 67 17 67 0 0 10 0 0 0 0
 0 0 30 0 0 6 0 54 60 63 0 0 0 0 0 0 22 17 0 41 0 25 88 0 0 58 0 0 29 14 0 0 47 0 60 59 0 62 0 0 48 0 31 0 5 0 89 81 0 5 38 0 3 29 0 27 14 0 0 12 0 0 0 0 0 0 90 69 53 31 54 53 77 0 40 0 0 45 4 0 0 59 38 10 8 0 0 0 0 0 40 10 7 0 0 58 23 15 17 0
 30 0 3 0 28 47 0 20 37 0 78 0 0 0 0 0 30 0 20 0 56 0 0 0 0 37 37 28 0 0 0 49 0 14 0 0 0 0 29 0 0 9 50 26 10 11 43 32 14 32 5 83 0 3 26 12 0 16 0 0 0 0 41 82 0 15 0 70 0 0 77 23 0 66 0 13 0 19 15 0 0 0 0 0 0 31 15 45 0 0 0 0 15 17 24 0 0 76 0 2
 63 0 0 0 29 3 0 0 0 0 0 0 37 3 0 0 61 17 23 56 51 2 0 61 0 25 60 0 0 0 32 0 0 0 0 0 10 0 18 0 27 51 15 76 83 88 9 0 2 20 0 0 9 21 0 0 0 0 0 1 0 0 26 0 0 60 0 24 28 0 1 0 0 0 0 17 0 19 0 45 0 62 28 21 24 0 0 0 50 22 0 44 39 0 0 0 0 0 0 0
 0 16 0 0 0 0 11 11 29 67 9 39 0 11 26 0 0 76 0 23 0 0 0 0 18 0 36 9 19 0 21 28 87 38 21 73 0 0 0 28 0 7 0 69 0 0 54 25 0 0 0 0 0 20 0 26 9 65 0 0 43 0 0 0 9 0 0 33 32 60 0 0 38 0 0 0 0 0 0 41 20 0 41 0 4 0 52 0 59 17 37 0 0 0 0 0 0 0 0 25
 0 12 0 0 43 0 0 0 0 27 36 27 14 0 60 43 0 0 15 0 39 0 15 0 15 0 29 0 47 0 0 77 28 0 0 5 38 0 9 0 0 0 75 38 19 54 0 0 0 13 10 0 0 48 0 0 0 0 0 0 0 0 0 0 0 86 0 0 0 13 31 11 45 0 0 42 10 0 0 54 0 0 0 0 0 1 28 4 10 0 0 95 0 31 0 0 18 0 9 0
 6 100 0 0 4 0 73 0 85 44 19 0 65 22 0 24 0 0 50 0 0 78 70 23 0 65 87 0 22 10 0 31 64 54 0 85 66 0 42 29 5 44 0 74 0 0 0 0 26 25 17 0 0 49 0 81 0 45 0 0 0 45 5 0 0 0 0 0 36 15 0 56 71 0 0 33 0 34 5 0 29 13 13 8 0 9 0 6 56 0 0 0 0 19 0 29 71 22 35 8
 77 0 5 0 24 0 0 0 0 0 0 42 0 46 0 0 0 0 15 0 0 43 28 3 22 0 3 0 34 0 12 1 47 38 1 0 0 0 0 16 64 13 37 4 9 1 27 0 0 32 39 27 0 31 54 0 81 46 12 0 44 0 50 69 39 0 0 21 9 0 0 0 49 9 0 0 11 0 5 0 40 0 0 39 0 0 0 59 0 0 79 0 0 0 0 0 5 74 40 11
 54 0 28 0 6 0 79 0 68 0 0 0 0 0 0 15 85 0 72 0 25 0 0 0 19 0 0 0 0 0 0 0 6 0 2 0 57 63 59 0 15 27 17 0 25 15 0 0 52 0 41 13 0 0 0 74 0 0 0 0 33 0 2 2 36 0 58 0 12 62 36 31 0 43 0 67 15 13 0 1 3 32 0 15 6 0 47 0 40 0 33 0 0 0 5 60 5 79 0 0
 28 0 0 0 0 0 0 0 0 0 0 47 0 46 0 0 42 54 5 3 11 1 0 0 15 32 0 43 22 31 91 0 22 14 0 0 8 11 53 35 3 23 16 0 0 10 0 0 0 0 85 0 0 30 0 0 58 6 0 0 7 6 14 72 21 65 0 67 57 91 7 4 10 18 17 0 0 33 31 53 0 97 0 67 26 12 57 0 53 31 24 30 14 33 78 49 68 0 1 32
 49 0 17 0 0 6 0 0 43 0 29 55 78 36 87 0 10 0 1 23 15 0 0 0 0 0 0 20 16 0 72 0 0 17 62 52 58 22 0 35 22 0 68 61 55 0 19 0 0 24 0 7 0 0 62 28 0 64 43 0 62 0 0 39 0 9 43 0 0 54 0 0 27 0 21 66 0 67 0 28 0 0 3 26 0 1 0 8 0 49 0 0 6 11 0 4 43 0 43 29
 0 0 0 59 0 57 0 37 0 0 0 61 0 30 0 10 18 51 19 8 5 0 0 16 35 0 0 0 0 0 0 0 7 2 2 19 0 7 75 0 38 42 12 37 0 0 0 0 0 73 0 20 0 0 0 22 0 0 0 39 0 3 54 0 23 58 9 47 21 1 0 4 0 0 61 53 61 0 66 0 0 0 0 15 0 0 0 8 9 27 0 37 45 0 0 0 66 0 0 0
 0 0 0 87 0 55 4 0 15 23 0 31 0 49 55 0 0 0 3 21 91 45 0 0 0 0 0 8 0 38 24 54 62 34 0 0 0 0 0 29 31 19 0 0 6 0 7 69 52 0 16 13 85 0 33 77 10 21 16 19 89 66 0 49 0 40 0 0 0 69 5 0 9 0 0 0 12 57 0 0 22 0 41 22 0 0 54 0 0 0 33 38 0 0 0 0 50 59 81 29
 7 97 0 0 0 0 7 5 6 28 51 1 6 0 0 3 3 30 0 0 76 27 0 44 39 10 0 69 0 0 0 33 67 85 6 0 9 78 0 0 79 9 0 50 0 14 0 7 15 73 0 41 0 20 8 32 32 0 72 36 0 15 6 10 0 0 0 0 82 14 54 0 0 95 0 58 0 68 55 0 9 9 0 0 33 46 22 15 0 0 0 0 0 0 23 30 74 7 40 0
 56 0 0 0 0 15 0 20 0 0 75 0 14 9 21 38 9 47 0 0 0 13 0 0 0 75 0 5 0 10 9 0 0 4 0 0 34 23 0 0 23 0 3 0 0 0 0 14 32 0 41 0 43 0 0 78 0 0 0 0 0 38 0 36 0 0 17 84 0 0 0 57 35 0 0 0 57 39 26 34 0 0 0 81 46 5 4 0 0 0 0 69 0 0 15 46 68 3 5 32
 0 11 39 0 0 0 55 2 0 15 0 0 12 0 28 60 54 0 0 3 13 32 0 21 58 1 2 11 0 34 0 0 0 0 0 69 35 0 10 6 6 7 0 0 18 0 0 6 0 0 11 4 0 33 63 0 0 0 0 20 0 0 28 14 0 0 17 12 35 0 12 0 0 0 2 3 45 0 0 61 95 0 0 0 48 0 0 13 2 12 44 70 8 0 0 22 43 0 0 0
 84 0 0 0 27 55 0 0 37 7 25 0 0 0 66 8 0 23 0 81 0 76 51 48 0 19 75 22 9 11 0 87 44 0 0 0 0 45 15 0 0 0 0 0 0 0 16 50 18 0 0 29 0 0 43 75 0 9 79 0 0 0 0 0 52 24 0 7 0 46 33 0 28 0 0 57 79 35 0 23 46 92 0 0 25 0 0 2 4 0 0 20 0 0 0 0 30 9 6 0
 0 65 19 0 29 14 69 0 0 3 0 18 0 0 58 0 0 0 0 10 70 0 75 19 31 0 0 33 51 0 0 5 6 0 0 33 19 55 41 0 0 0 34 65 0 0 0 53 0 66 0 0 88 60 14 0 58 0 0 0 52 0 0 16 24 30 0 6 0 0 14 0 24 12 28 0 18 0 58 15 31 4 6 7 16 27 0 64 0 34 73 0 0 39 88 0 90 69 48 57
 57 0 0 0 0 22 50 0 47 54 0 0 0 0 12 0 0 0 0 0 7 16 9 4 0 56 33 14 0 0 0 0 0 0 41 0 0 45 35 0 5 0 0 0 0 10 0 3 0 0 17 87 4 15 45 37 0 0 0 0 0 0 0 24 0 0 0 32 0 39 52 0 0 0 0 0 0 0 39 0 65 54 0 64 0 0 42 0 41 30 0 32 0 0 0 0 7 0 2 28
 15 20 35 0 0 0 0 0 8 0 26 0 0 0 13 0 67 70 29 0 0 34 0 25 0 93 0 7 17 43 35 0 7 0 32 0 0 54 0 0 0 24 24 2 0 46 0 23 0 0 0 27 0 0 39 0 37 51 9 0 0 40 4 11 0 34 0 18 0 0 19 49 23 0 0 3 70 28 0 0 0 0 0 29 29 0 86 7 0 0 38 0 0 0 4 0 66 0 82 0
 16 35 0 9 1 12 60 0 0 19 0 0 0 0 49 30 0 60 26 0 0 0 2 0 0 0 73 41 0 0 47 0 3 9 0 0 0 91 0 0 0 0 0 52 20 0 4 0 70 9 5 5 2 0 10 0 0 0 23 0 0 0 0 56 0 0 30 0 4 17 0 0 50 50 0 0 20 2 0 0 14 76 0 82 22 55 54 0 2 0 59 0 0 33 2 0 0 0 0 38
 19 63 44 22 15 89 0 0 0 0 5 0 0 0 33 35 34 0 18 29 0 0 9 0 8 2 0 37 5 0 7 0 18 81 0 0 0 0 0 0 0 0 17 0 0 0 0 0 0 41 39 3 0 0 87 0 0 33 0 26 0 0 0 0 57 0 22 0 53 0 0 1 17 0 0 51 5 0 0 0 1 3 6 0 0 0 95 0 0 0 0 0 11 0 47 80 17 6 0 0
 0 25 0 0 0 73 0 14 0 10 24 60 57 0 27 0 68 0 0 2 38 5 96 0 0 0 0 0 7 60 0 0 0 14 0 0 0 0 0 75 0 68 53 0 0 4 6 18 0 4 40 0 0 0 97 0 0 0 46 0 34 17 36 0 0 80 1 0 69 5 0 0 0 45 7 0 0 35 0 88 0 0 0 74 0 35 42 92 0 0 42 32 0 0 0 91 32 32 0 21
 0 0 49 16 62 0 9 0 0 17 0 0 0 0 54 87 15 64 16 75 0 1 0 0 0 49 78 0 0 0 11 0 37 0 24 0 47 0 0 0 0 0 9 31 37 16 81 0 0 35 0 4 42 17 26 0 24 94 61 0 0 0 0 14 0 59 30 27 0 0 0 0 9 0 0 23 0 56 8 41 0 0 10 0 16 0 40 25 68 0 0 88 0 29 0 0 9 30 16 36
 0 0 0 0 0 7 0 21 76 9 3 14 55 0 0 51 0 0 0 0 0 0 0 0 4 0 17 6 0 35 0 98 44 69 0 21 60 65 0 75 0 7 24 2 0 7 20 10 0 53 0 0 0 0 32 21 5 32 12 8 0 8 0 9 10 2 8 46 0 0 23 37 29 61 0 0 0 65 40 11 0 13 0 0 43 23 13 47 13 48 0 0 0 0 45 0 0 0 0 0
 12 74 0 0 10 54 0 0 0 0 30 70 0 34 11 0 0 22 0 0 0 0 0 0 0 0 0 55 0 12 3 27 0 42 4 35 62 25 10 96 36 29 28 28 5 7 6 0 26 60 0 3 40 38 0 0 0 19 0 24 77 0 89 9 0 0 0 20 49 0 8 25 0 0 0 47 36 0 21 45 0 15 0 28 0 0 49 0 14 62 91 0 18 0 32 69 0 0 0 40
 0 0 0 46 15 0 0 30 0 0 0 4 39 0 0 39 16 28 0 0 56 30 77 60 35 0 0 44 0 8 20 0 0 0 61 0 0 17 39 0 0 0 0 67 18 0 53 0 19 0 12 4 22 0 19 23 0 14 0 48 0 0 25 0 7 0 0 48 0 15 0 12 41 20 0 82 0 0 30 0 0 0 39 0 43 19 17 0 0 0 12 40 13 0 0 0 0 0 45 0
 0 38 0 70 0 0 0 55 0 0 70 0 0 0 0 0 0 0 44 0 0 0 0 0 0 0 0 0 0 61 0 73 48 78 71 0 58 27 5 14 0 56 0 41 33 8 0 7 27 46 68 0 0 19 46 29 7 76 0 0 0 60 0 0 84 0 0 0 0 0 38 47 4 36 0 0 0 17 24 18 0 67 5 37 32 79 0 29 19 2 0 0 27 0 60 0 0 35 2 0
 59 9 0 30 1 21 57 36 0 90 31 65 92 26 0 0 12 64 0 19 36 0 65 0 43 76 4 0 0 43 0 46 59 5 0 12 0 0 0 0 75 0 51 8 0 0 0 0 7 15 0 0 34 0 81 0 25 0 0 0 0 0 0 0 60 34 93 0 27 13 0 0 5 13 0 0 51 49 7 44 25 22 0 24 17 0 27 58 0 11 13 17 9 3 16 90 57 48 3 33
 33 8 0 0 44 39 0 0 0 0 0 0 3 2 15 18 38 0 0 27 0 25 5 0 5 13 0 51 44 0 0 0 14 28 0 15 2 0 75 33 0 0 0 27 0 7 0 27 42 0 0 0 19 0 0 0 0 0 51 21 0 0 24 83 0 16 4 0 1 31 33 0 53 0 0 15 22 28 0 0 12 67 0 3 0 0 0 32 32 0 0 44 0 0 69 42 58 0 44 34
 18 0 2 22 17 0 0 30 51 71 55 6 3 39 35 0 0 42 0 0 0 0 88 13 0 17 0 0 18 23 0 4 71 0 30 0 18 0 4 82 0 6 51 0 89 23 17 0 0 49 13 0 13 32 0 26 0 28 74 48 16 32 42 0 0 0 0 2 15 37 9 0 79 0 0 0 68 21 0 0 0 6 61 8 19 23 0 0 61 72 0 5 4 0 0 16 0 64 42 64
 10 65 0 80 0 0 46 0 77 0 0 44 0 0 0 18 23 0 0 0 48 0 0 0 0 33 33 60 0 82 45 0 0 0 0 0 0 39 21 0 0 9 0 38 66 51 0 0 0 26 0 71 0 0 51 4 15 0 0 0 67 67 32 4 0 57 0 49 41 3 0 0 0 0 0 0 0 0 0 0 0 0 0 0 0 32 0 0 0 35 81 10 45 0 0 13 81 0 66 0
 0 13 53 0 0 74 0 0 0 14 32 14 27 0 14 0 0 0 17 0 42 0 0 0 0 0 24 25 0 0 0 0 21 0 46 0 0 0 0 72 20 0 0 0 0 21 10 62 0 37 84 0 0 9 0 30 0 19 0 0 0 70 36 0 0 56 0 0 6 4 35 0 0 0 22 0 5 0 0 0 63 0 0 10 11 31 0 0 0 33 9 3 0 0 21 0 17 100 42 0
 0 15 0 79 1 0 71 14 0 0 0 74 0 0 68 0 11 27 15 73 0 0 2 48 10 38 11 71 23 0 0 37 8 32 47 0 0 77 47 84 0 0 2 0 0 8 0 0 43 25 0 0 0 0 3 91 23 0 0 14 0 32 0 54 0 5 0 1 84 1 0 0 0 76 0 0 33 0 0 0 43 0 0 0 0 20 51 52 0 24 77 0 0 0 0 0 0 0 64 0
 0 11 0 0 0 49 31 51 0 53 0 27 0 0 35 0 0 0 26 0 22 63 78 0 50 0 53 48 0 0 18 0 0 31 26 17 0 0 0 10 32 0 0 0 35 0 0 0 36 0 0 12 8 22 0 68 21 17 50 7 45 20 0 0 11 48 12 0 13 0 9 0 0 68 0 0 30 0 49 0 66 27 0 0 10 0 2 0 0 52 0 68 54 0 0 0 60 84 4 82
