
440 127 78 364 261 280 229 330 420 362 453 156 26 440 426 428 33 407 75 320 457 6 157 170 439 347 332 464 154 211 
169 80 275 116 81 272 247 293 231 149 194 410 393 168 211 394 150 165 228 278 32 328 98 11 104 297 295 436 112 263 
128 122 41 179 311 122 68 328 54 319 473 210 37 197 47 340 188 26 440 265 89 42 389 321 182 328 313 93 463 266 
214 109 410 422 155 58 466 20 202 367 48 56 276 13 164 60 323 211 197 368 202 358 266 9 194 49 419 259 240 335 
27 57 336 129 350 457 186 422 133 441 22 335 75 317 436 105 282 155 274 59 150 148 291 456 370 99 133 159 201 361 
349 80 329 220 19 453 172 331 256 351 154 152 139 106 123 309 281 125 135 176 278 448 305 348 213 156 99 36 32 65 
122 424 43 304 318 39 231 417 31 143 231 137 85 2 59 268 276 476 60 458 65 16 42 465 74 0 243 70 15 82 
275 441 235 125 121 445 192 362 414 33 336 268 81 449 163 184 126 290 250 116 101 220 308 287 283 362 290 225 391 390 
456 399 277 109 65 147 213 414 467 194 246 468 473 327 305 40 168 218 441 66 290 221 96 390 55 462 96 463 30 149 
160 79 133 269 203 466 269 379 290 182 144 335 276 143 74 307 41 89 331 456 173 151 129 112 288 151 212 430 229 6 
160 337 17 74 19 108 414 336 164 351 374 136 372 468 245 165 267 394 379 219 405 428 332 230 424 421 333 102 5 105 
386 84 310 386 280 349 369 410 142 417 26 458 400 100 239 454 103 452 117 301 24 380 405 250 429 470 414 119 468 252 
402 444 121 383 41 322 64 203 436 8 477 247 91 291 263 347 290 107 158 466 445 159 170 145 211 209 52 236 100 70 
167 59 301 291 394 97 206 117 198 412 476 100 382 277 378 157 94 378 85 195 81 43 89 205 410 248 38 211 349 275 
378 295 187 68 338 173 102 23 10 386 97 64 401 103 77 428 352 62 473 424 91 100 235 405 409 473 209 53 361 347 
108 368 407 19 449 302 103 164 220 378 246 365 109 103 104 271 388 228 221 338 469 65 325 260 164 116 449 98 42 244 
469 231 404 159 290 311 471 77 459 449 306 378 422 300 478 286 185 93 255 96 397 132 44 23 438 361 31 386 57 330 
418 143 228 211 83 213 347 187 11 67 60 358 222 142 160 152 140 37 479 134 96 321 349 393 221 167 453 35 457 18 
237 228 83 101 364 123 167 200 47 289 14 99 439 30 468 142 97 256 391 83 139 222 112 397 161 242 302 151 339 100 
344 164 46 476 65 376 241 323 257 206 354 377 413 349 374 408 293 90 302 345 305 305 440 241 275 110 223 259 258 287 
151 401 436 254 67 213 183 335 57 3 89 319 154 265 336 354 116 276 18 359 477 343 178 270 339 88 407 271 255 433 
132 57 125 303 303 269 95 404 314 45 39 235 237 179 236 298 236 110 58 170 350 265 34 47 351 70 472 45 143 255 
419 231 165 394 468 131 117 370 178 251 142 224 110 217 38 235 224 112 99 270 421 130 135 372 453 288 417 457 396 390 
432 129 107 280 7 196 41 130 330 352 213 180 360 389 305 275 279 447 132 408 342 178 0 373 403 297 40 88 472 120 
152 129 242 364 220 439 96 138 420 456 17 54 150 124 112 222 477 293 291 21 94 85 458 255 366 391 38 13 313 260 
474 208 302 416 288 456 266 344 200 303 177 401 82 191 381 409 137 151 298 401 300 478 145 400 368 264 474 165 354 104 
172 208 62 177 152 102 281 219 281 313 434 7 346 96 88 457 177 21 371 59 235 41 449 440 65 430 402 398 353 212 
469 185 50 232 42 15 92 70 48 197 225 252 278 92 20 169 256 407 379 478 292 182 359 428 21 318 143 393 33 196 
295 84 330 212 389 57 282 365 363 20 26 187 453 186 312 374 133 45 385 409 163 282 61 354 458 399 228 425 31 302 
102 477 222 40 455 401 391 441 251 19 294 418 193 19 157 105 130 349 95 96 148 123 449 458 341 392 391 173 49 96 
105 432 72 466 296 107 285 239 153 461 457 181 299 282 56 396 22 462 16 41 373 432 297 50 85 177 412 417 29 165 
240 320 231 227 305 450 35 435 138 302 290 327 293 32 374 272 55 457 232 274 281 306 206 284 23 61 95 284 252 301 
472 244 4 131 149 399 102 434 88 122 357 60 122 167 401 68 465 287 215 331 365 411 252 380 210 352 210 102 14 274 
225 261 141 194 384 126 49 143 422 21 77 100 353 232 350 376 276 107 126 276 308 44 336 204 55 39 139 350 71 450 
24 415 179 33 293 328 382 470 159 185 378 40 67 360 148 310 189 82 203 357 417 24 181 425 428 203 224 33 44 101 
341 100 113 413 421 309 152 375 141 17 8 114 475 465 81 451 386 77 294 108 210 40 192 109 461 9 327 359 294 338 
143 304 431 71 228 294 452 219 396 199 171 298 172 53 239 50 276 188 0 393 33 213 428 436 414 386 153 337 30 392 
54 354 30 13 69 93 246 474 163 185 391 276 181 385 313 162 464 200 141 285 114 206 94 417 477 177 157 70 462 448 
232 400 383 390 97 267 298 473 95 313 478 336 405 409 297 467 139 69 431 72 75 32 430 440 146 258 143 320 190 345 
306 157 262 29 224 192 408 95 373 65 413 389 372 111 287 354 81 263 261 44 64 371 372 248 228 257 141 440 113 423 
434 441 415 249 449 401 85 193 388 11 22 475 193 408 250 373 411 17 147 78 290 11 392 106 37 216 68 349 421 64 
75 377 247 227 262 299 35 70 338 368 262 172 426 121 104 201 35 344 292 212 297 102 59 477 14 314 243 172 163 291 
24 22 282 175 216 206 35 58 150 358 142 7 172 19 450 139 284 331 20 69 403 306 355 154 381 467 415 151 84 469 
49 263 478 287 67 121 258 308 220 106 310 139 314 72 410 381 140 260 294 190 158 271 90 38 100 438 117 381 258 432 
61 246 140 471 249 388 326 430 20 418 286 352 118 392 29 331 223 237 143 398 385 130 456 284 167 103 180 198 245 252 
162 181 253 81 229 271 79 29 224 189 248 70 109 316 470 244 300 362 345 95 434 256 160 141 468 6 287 365 107 411 
238 384 424 149 399 119 338 128 282 432 215 264 449 457 189 413 449 254 377 190 426 22 56 307 245 19 240 234 248 312 
426 289 123 420 70 19 479 377 17 371 383 392 56 215 54 95 240 423 7 82 451 213 104 337 97 321 10 345 430 365 
344 57 3 362 464 382 126 447 301 200 464 48 168 419 341 429 185 96 399 56 433 439 417 348 13 252 218 92 327 90 
134 402 339 388 126 326 53 38 361 36 362 414 449 317 473 349 269 402 71 27 22 300 226 17 26 152 429 459 418 309 
66 149 409 474 356 152 407 269 251 206 260 308 159 402 31 108 248 154 435 266 291 17 452 412 251 264 149 159 57 358 
168 387 121 40 309 334 241 59 231 211 203 429 280 116 91 95 98 48 305 23 446 315 455 130 362 472 337 371 468 331 
131 274 130 128 425 374 403 97 354 70 462 373 1 426 81 46 262 23 241 389 352 408 164 246 53 113 346 40 26 298 
118 220 327 71 302 240 160 223 281 441 385 262 54 125 156 223 219 3 266 380 158 205 402 84 150 375 273 403 156 294 
245 164 57 447 114 8 250 274 178 308 13 411 181 61 81 258 364 324 339 409 41 79 23 388 359 254 11 202 123 191 
460 414 339 181 119 365 127 280 200 191 180 473 48 396 109 403 312 280 234 335 235 298 283 263 91 426 476 86 92 374 
110 65 390 106 49 9 161 142 330 6 419 93 60 19 10 405 276 41 150 65 387 327 475 271 95 201 114 349 363 168 
69 205 329 132 118 253 221 439 476 433 269 78 5 22 5 128 165 260 15 472 160 33 298 5 127 76 96 198 33 160 
373 81 360 404 92 185 378 128 90 243 281 300 152 141 6 13 117 463 201 218 467 216 398 163 76 408 450 338 37 360 
61 155 88 128 403 40 316 190 142 444 60 213 193 157 365 40 255 362 211 184 18 410 142 463 132 440 211 35 32 333 
369 447 1 228 476 431 348 369 79 116 465 348 294 370 396 170 394 11 80 336 107 164 2 367 158 408 77 110 161 201 
97 198 394 40 389 352 88 81 4 43 24 176 360 332 164 329 289 424 367 301 316 69 261 214 327 305 339 146 219 69 
242 309 205 329 134 264 20 233 31 273 24 292 85 359 211 258 303 413 301 434 307 406 397 179 418 327 65 96 299 335 
29 176 441 229 261 404 121 466 17 455 4 106 273 316 38 456 281 370 260 72 272 153 463 273 404 404 157 296 176 52 
98 176 176 154 123 35 16 15 302 410 221 337 134 417 388 177 19 111 410 268 430 183 426 316 45 342 376 471 429 43 
430 307 380 280 258 317 200 318 153 3 252 41 274 62 343 322 231 286 216 285 140 120 32 6 46 399 111 314 308 365 
36 203 261 202 128 67 339 135 292 383 434 472 259 107 462 239 307 336 210 97 143 114 192 400 33 461 317 221 68 73 
162 224 171 299 321 364 122 397 118 431 310 367 189 49 260 183 41 428 138 172 26 260 221 75 249 458 147 154 69 297 
370 392 126 19 208 362 440 297 395 364 354 139 84 248 96 214 115 165 170 92 67 382 63 461 464 165 392 268 177 52 
238 299 425 14 419 218 443 107 322 213 141 4 148 343 8 19 62 263 220 241 231 72 395 222 34 295 179 138 295 389 
450 404 231 355 51 92 247 435 291 245 450 369 57 151 448 438 451 315 383 133 170 248 145 42 381 365 1 370 230 452 
0 131 113 371 448 162 306 416 460 312 253 25 102 21 268 454 306 315 243 400 321 11 390 428 279 72 261 72 20 385 
208 303 116 343 428 369 344 48 325 162 376 222 268 185 57 38 74 193 419 39 408 287 68 340 379 385 463 398 441 225 
111 404 96 220 365 321 384 94 191 455 41 160 45 195 115 220 205 348 471 262 56 430 258 81 134 351 375 461 158 287 
120 425 305 91 208 183 65 278 73 66 10 459 419 442 247 191 279 97 426 291 41 57 339 467 39 310 332 174 341 223 
67 178 315 193 141 113 250 244 423 177 125 83 175 289 235 428 109 189 206 41 2 120 157 459 89 463 369 365 64 365 
240 96 140 421 242 137 228 189 198 339 212 70 172 342 251 25 369 0 23 64 63 178 105 351 86 117 9 452 84 4 
344 373 441 173 172 82 218 204 74 217 364 3 323 171 432 312 2 276 218 7 285 401 228 306 83 321 460 330 411 321 
330 275 213 47 389 59 431 342 310 213 405 26 52 469 183 334 44 105 154 70 164 456 144 305 474 115 399 43 422 405 
13 272 268 118 338 52 171 260 443 322 423 139 260 222 415 372 477 21 37 476 273 340 211 77 200 263 135 95 389 152 
390 291 228 210 210 92 458 397 117 297 15 418 61 123 386 176 19 319 453 37 253 259 95 392 142 3 298 170 233 130 
50 10 14 302 155 416 213 30 80 446 108 307 442 147 310 445 14 455 389 332 232 58 49 20 267 46 38 336 44 12 
125 225 352 422 275 403 312 178 285 201 180 302 442 312 87 51 454 29 411 277 224 23 267 52 61 119 357 4 164 278 
60 131 319 75 15 62 55 115 245 436 10 284 254 251 391 79 401 151 472 125 214 306 346 237 198 252 445 18 394 441 
33 474 78 70 354 72 287 416 175 276 52 247 54 413 124 181 416 408 6 283 441 70 1 26 356 389 306 393 379 325 
190 116 372 76 415 319 129 206 439 167 436 382 270 382 463 67 273 111 461 436 447 369 93 419 120 11 425 430 34 232 
431 332 285 83 242 294 354 311 187 433 307 304 210 424 5 412 413 144 296 321 196 419 186 304 80 353 31 386 89 115 
445 122 0 432 476 271 426 233 134 451 167 230 231 319 53 116 219 411 82 235 270 150 299 100 150 322 102 395 4 98 
435 173 430 139 356 281 13 429 128 283 28 335 321 424 318 449 295 368 400 87 459 219 402 166 366 454 357 274 448 443 
112 87 407 346 172 234 62 74 237 406 292 41 260 296 294 78 50 4 304 64 257 363 451 267 134 260 188 17 408 447 
74 343 144 106 446 347 267 0 87 412 245 259 437 138 14 440 375 130 294 67 434 55 284 338 209 393 469 44 62 295 
277 451 279 154 418 104 227 450 25 313 446 151 32 39 384 217 116 153 95 99 409 460 110 108 344 425 71 184 158 153 
210 86 260 373 448 338 96 370 449 31 116 192 145 111 441 221 257 164 246 257 320 21 177 97 175 392 462 279 410 381 
98 63 362 279 8 465 328 396 368 53 415 459 364 11 379 448 148 106 205 216 302 111 373 223 59 466 251 416 181 145 
200 84 252 162 8 202 288 134 285 72 109 106 266 256 333 400 2 35 199 220 137 172 25 29 234 225 69 171 98 4 
305 45 28 425 316 38 393 90 384 286 339 289 359 263 466 429 18 384 248 392 138 272 106 372 341 244 331 161 21 62 
424 100 123 316 158 213 464 450 231 17 164 354 427 329 68 285 1 96 279 84 422 224 16 109 138 203 100 299 317 450 
192 259 49 321 319 285 37 424 85 248 192 440 28 27 19 58 199 158 221 393 174 15 377 421 52 395 90 346 14 77 
46 219 265 98 142 414 312 288 258 44 279 472 461 185 344 421 127 376 84 60 437 457 285 150 468 107 389 441 364 471 
4 153 273 233 446 387 374 401 287 382 415 34 4 155 301 272 174 434 341 355 470 211 404 140 197 194 159 446 30 9 
15 431 376 412 464 46 453 106 428 333 142 210 356 320 393 300 214 132 380 142 357 279 30 357 340 283 165 147 392 17 
457 177 406 222 147 299 279 45 448 344 52 129 183 405 440 25 37 308 424 260 67 184 103 474 289 264 470 238 140 341 
216 96 434 255 5 184 98 385 183 294 342 338 65 30 262 269 166 42 284 291 197 158 200 2 265 423 433 28 59 413 
62 257 42 434 372 64 265 366 105 90 183 117 11 323 414 216 31 27 135 390 155 404 65 442 476 359 179 448 327 461 
191 123 309 115 472 92 95 402 220 203 238 142 22 247 420 145 196 258 208 370 276 21 195 78 20 241 279 170 195 292 
8 410 449 60 145 420 77 260 376 95 151 75 124 471 110 155 471 245 27 223 1 317 179 30 156 15 370 459 205 229 
328 300 437 305 423 427 17 319 78 134 278 178 444 69 132 271 464 310 230 365 398 432 431 316 377 317 413 27 330 434 
263 401 382 98 184 405 395 419 424 201 101 166 342 60 190 73 135 356 253 33 183 305 447 123 177 335 150 12 158 32 
397 178 231 248 323 405 56 32 280 226 13 282 424 51 91 57 281 346 367 165 287 282 118 452 427 109 282 317 337 339 
380 114 302 444 242 320 210 438 87 202 433 276 391 128 92 462 331 139 415 17 327 361 139 40 284 371 371 460 53 392 
60 388 358 163 141 23 79 9 53 267 221 283 130 226 168 368 47 51 469 208 476 223 107 348 365 79 105 390 470 470 
71 0 157 420 178 263 238 148 375 430 358 224 341 255 447 232 345 266 197 140 445 456 155 52 36 186 121 365 285 109 
1 29 47 136 306 45 324 457 3 293 376 281 408 449 116 104 96 391 399 225 105 263 12 138 344 98 473 135 465 384 
471 241 357 141 153 386 117 82 378 84 262 3 376 403 446 101 202 408 316 429 235 272 223 60 140 93 89 18 115 273 
62 320 53 179 243 139 434 320 407 29 17 437 19 145 135 4 193 361 262 469 30 158 261 242 207 56 316 185 72 13 
427 89 238 469 458 84 83 381 318 222 273 228 111 473 414 357 235 49 123 207 27 251 221 322 391 12 139 374 103 431 
336 429 164 233 240 24 291 187 270 322 305 53 194 427 9 332 24 250 82 456 260 428 409 359 48 444 395 288 285 167 
396 143 58 414 326 1 354 447 401 177 126 156 121 104 53 23 80 111 231 226 86 13 464 93 384 18 297 424 276 1 
284 292 154 315 112 111 196 413 17 353 447 332 428 412 237 357 93 225 398 455 24 33 474 226 239 176 40 407 104 250 
141 288 67 75 318 205 211 255 392 315 8 325 429 19 99 281 285 29 470 133 443 94 9 63 81 366 300 137 470 37 
335 185 385 114 56 263 336 238 127 142 51 25 226 61 122 459 350 348 355 325 29 188 216 150 309 466 265 406 366 274 
4 207 131 43 42 130 387 249 363 178 125 278 227 79 260 223 379 199 260 116 258 98 77 390 278 346 114 216 275 324 
362 470 329 129 422 106 274 74 145 45 62 400 112 66 51 245 457 276 298 129 442 146 230 119 343 430 41 339 474 320 
331 75 285 443 101 357 179 407 62 277 63 157 271 37 277 256 369 27 345 224 29 71 188 429 130 14 153 25 46 220 
415 163 362 348 178 297 381 105 345 332 459 413 81 67 58 395 446 197 222 183 224 127 148 56 226 107 5 461 185 262 
81 27 57 383 257 195 211 96 7 455 309 154 12 99 170 267 97 416 449 324 69 330 209 174 330 48 29 369 243 296 
315 3 276 351 141 37 212 400 350 445 278 61 316 300 425 126 195 241 97 174 261 95 249 330 237 409 2 103 283 178 
257 37 107 203 372 261 208 441 170 111 71 212 100 381 109 337 248 352 26 147 110 9 210 244 254 236 422 342 386 101 
116 105 422 316 438 119 432 382 469 105 371 134 443 91 156 259 182 160 208 133 311 361 179 54 283 115 449 207 95 319 
128 202 26 212 351 471 8 109 223 317 298 466 163 141 378 33 115 333 399 440 410 271 19 289 471 248 33 384 432 475 
415 56 404 429 201 51 446 447 433 216 91 333 175 265 40 198 385 346 128 273 93 183 307 187 336 390 203 142 429 8 
324 290 423 303 287 203 341 372 200 211 182 276 314 399 323 229 340 445 321 21 256 1 104 297 267 0 293 130 347 237 
144 425 228 430 449 241 370 282 61 389 187 25 202 218 449 464 22 470 144 402 57 127 96 88 213 243 237 393 233 252 
18 323 380 27 296 308 11 157 27 155 49 211 50 422 28 311 265 166 391 384 453 423 390 235 405 8 37 373 437 157 
33 115 24 128 54 356 303 279 15 96 227 419 256 338 176 126 258 75 141 49 1 190 335 82 357 21 36 78 431 166 
306 0 273 68 99 67 93 7 77 422 137 61 162 76 72 263 335 165 275 412 446 355 10 226 151 69 468 108 234 263 
5 384 154 47 287 147 254 333 152 121 270 471 236 413 170 91 392 90 102 389 343 99 323 207 179 353 95 10 254 46 
370 315 66 335 313 367 428 156 374 11 347 407 272 140 62 293 457 249 207 17 222 53 292 263 258 343 33 69 249 415 
445 472 66 123 37 242 180 127 131 269 144 234 25 417 257 399 283 59 368 205 114 374 126 165 175 295 436 94 207 23 
323 450 211 307 101 435 8 244 175 112 293 96 388 88 201 44 326 209 232 317 380 217 191 244 385 99 346 104 3 293 
268 355 56 21 101 90 208 148 26 181 436 233 319 471 310 164 457 211 39 145 156 387 286 381 65 254 380 39 438 133 
469 48 117 260 227 447 131 111 212 83 16 440 353 239 209 78 360 423 154 266 172 380 65 374 437 99 52 117 360 230 
136 348 376 0 313 67 469 99 245 208 270 380 343 86 298 378 394 269 453 131 330 220 51 56 406 72 157 401 96 347 
207 141 231 312 292 103 191 243 68 20 214 79 44 422 150 420 62 233 291 408 182 286 368 81 195 120 302 461 399 423 
107 259 435 322 12 319 178 164 307 314 61 94 282 238 109 239 306 254 184 3 459 418 293 235 154 411 443 339 330 289 
128 286 28 127 438 100 189 426 459 355 305 332 48 263 150 336 218 280 40 174 313 362 35 50 396 234 99 186 7 389 
365 138 304 447 462 155 298 63 79 443 31 458 78 66 39 257 253 263 360 128 267 37 214 154 409 33 283 201 105 45 
301 71 100 124 440 300 58 103 177 177 297 176 228 58 368 351 186 196 278 234 260 456 39 463 431 283 441 203 470 361 
29 450 192 71 448 92 23 8 396 128 76 83 16 271 333 379 71 77 341 375 20 39 461 417 269 35 455 235 8 378 
80 100 81 269 344 193 433 259 275 253 118 176 180 219 402 390 294 309 451 267 20 28 427 424 140 15 377 129 132 257 
202 239 309 337 171 429 222 347 118 117 439 319 314 147 68 461 0 457 35 368 48 261 138 368 389 342 456 68 108 416 
241 95 40 235 143 43 31 77 297 268 385 274 238 145 329 173 103 433 418 433 191 466 373 62 172 146 10 147 216 236 
132 194 262 110 307 93 339 162 195 259 81 448 420 355 268 26 362 208 273 126 92 341 447 248 417 286 47 210 383 41 
129 144 227 347 334 28 317 390 340 107 404 156 333 440 146 73 38 185 124 379 468 6 139 69 457 88 424 452 425 241 
210 185 309 269 265 451 417 341 89 53 8 189 387 336 453 307 104 265 168 355 393 317 128 208 68 126 161 222 251 188 
404 1 399 315 33 340 20 301 295 329 142 333 56 339 55 435 286 167 92 200 304 378 256 3 92 230 10 347 0 194 
219 198 5 274 250 77 28 381 253 381 208 343 268 293 157 191 458 249 116 343 14 36 465 107 419 232 347 289 174 268 
198 19 245 408 283 196 62 320 437 11 129 24 345 114 422 383 73 62 24 231 315 204 12 200 225 264 344 213 326 226 
148 275 285 415 145 446 178 233 152 364 25 168 307 23 121 465 256 292 237 151 152 376 94 74 326 267 98 53 305 218 
77 380 149 356 187 223 345 93 387 170 367 192 116 175 69 333 306 153 279 147 247 139 185 124 271 7 139 115 313 100 
1 69 260 339 422 50 148 281 318 464 121 59 345 455 74 78 121 1 353 62 135 190 419 138 232 156 435 100 265 229 
265 28 253 277 369 450 54 173 452 470 419 265 25 272 20 345 170 157 380 419 192 112 440 49 323 220 272 212 137 320 
353 382 290 32 445 114 404 145 427 415 48 440 197 159 170 396 464 286 13 254 419 292 194 146 256 64 110 164 330 100 
380 462 450 183 201 341 226 421 244 184 139 369 40 198 327 425 444 311 93 9 303 113 368 416 154 320 441 301 133 433 
436 403 141 129 432 455 410 78 140 319 90 274 268 335 399 42 134 306 308 47 337 212 318 208 96 82 241 32 225 237 
446 78 401 192 339 33 221 398 38 38 83 15 279 387 204 120 233 388 227 54 91 120 304 389 103 157 245 15 205 324 
394 273 357 133 44 206 450 109 227 470 6 162 285 412 62 3 285 129 132 285 239 400 141 274 137 370 156 13 60 307 
87 464 7 56 215 388 60 383 248 289 79 2 386 227 130 316 465 423 350 176 332 50 453 163 202 431 410 359 110 376 
190 137 311 248 286 443 162 43 44 212 245 205 194 403 106 192 75 71 444 434 268 210 358 447 415 283 174 154 320 365 
470 285 306 351 408 333 243 419 23 108 219 426 17 324 129 124 420 33 426 424 66 362 39 294 432 28 246 11 437 3 
162 218 271 404 60 372 469 47 380 470 350 416 189 72 278 40 267 156 39 319 412 8 234 387 449 417 463 109 34 353 
241 43 449 416 356 443 123 19 137 403 261 424 339 286 381 159 416 309 383 76 47 412 334 336 138 7 304 12 433 98 
18 340 352 325 390 267 3 2 33 335 131 418 26 442 279 302 140 133 372 468 469 70 222 376 136 90 134 75 167 90 
6 68 160 249 154 146 159 396 127 462 159 277 146 13 215 104 173 58 333 35 138 189 302 35 244 211 243 401 28 400 
203 383 46 110 307 359 440 194 424 361 225 429 115 267 115 22 73 353 37 372 8 231 456 251 454 454 57 98 383 361 
350 170 112 326 322 117 243 434 350 234 344 130 219 293 290 33 117 58 282 30 155 170 338 119 244 315 451 248 431 408 
198 381 192 468 209 137 450 379 104 238 335 262 192 112 337 60 204 159 403 310 124 420 419 396 148 443 115 360 110 203 
357 253 136 21 326 464 80 113 203 229 219 131 200 182 223 41 302 21 407 461 43 212 234 436 319 162 199 83 9 165 
321 85 211 306 286 427 120 266 288 41 468 

