example for betther bound than LP
7  5 10  4 10  1  5 10  4 10 10  6  5  7  3  6  3  9 10 10  8  2  2 11  7 10  4  6  1  7 
 5 10  9  9  2  3 11  6  5  6  3  5  1  1  8  1  5  8  1  2  2  8  8  6  3  8  6 11  8 10 
 1  7  5 10  9 10  4  2  6  7  6  9  9  6 11  8  9  7  3 11  6  3 11  5  6  2  7  4  2  6 
11  1  8  7 11  9  6 11 10  1  5  2  2  5  9  5  2  2  9  8  4  9 10  7 11  7  5  7  7  9 
 9  3  7  3  6  4 10  4  9  8 11  3  7 11  7  4 11  4  4  3  1  1  5  1  9  3  9  5  6  5 
 3  2  4  2  8  2  2  7  3  9  9  7  4  8 10  3 10  5 11  7  7  5  1  2  5  9  2  1  9  4 
10  8  3  5  3 11  8  8  7  3  4 11  3  4  2  7  6 11  6  4  5 10  7  4 10  6  8  9  4  8 
 2  9  1  1  1  7  7  9  8  5  7  1  6  2  5 10  4  6  8  5  3 11  4 10  1 11 10  3 11  1 
 6  6  6 11  7  5  9  3 11  4  1  8  8  9  6  2  7  3  5  9 10  7  3  3  2  1  1 10 10  3 
 8  4  2  6  4  8  1  1  2 11  8 10 11  3  4  9  8  1  2  6  9  6  6  9  8  5 11  2  3  2 
 4 11 11  8  5  6  3  5  1  2  2  4 10 10  1 11  1 10  7  1 11  4  9  8  4  4  3  8  5 11
